50 1.0
1 4 50 3 1 2 7 0
1 7 8 17 4 5 13 38 43 11 15 35 42 19 14 1 40 20 44 10 16 12 41 21 32 28 18 24 23 48 50 29 36 2 9 30 6 45 39 46 25 37 22 47 34 26 49 3 27 31 33 0
1 7 32 36 4 18 16 44 12 5 35 26 37 2 33 24 29 38 39 42 19 11 31 8 30 34 6 13 14 22 49 28 25 9 1 23 3 43 27 47 15 46 17 48 20 40 50 10 45 21 41 0
1 15 19 50 8 2 1 9 14 4 12 3 6 11 10 13 5 7 0
1 16 40 25 6 20 2 30 22 23 13 12 28 4 44 1 42 35 49 27 15 5 10 33 8 19 24 50 37 14 48 7 36 3 45 9 18 38 29 39 17 43 11 46 31 32 47 21 26 34 41 0
1 17 37 38 10 8 11 42 9 25 16 24 28 3 39 7 36 33 30 14 23 6 13 22 20 15 50 49 26 41 45 35 1 5 2 19 43 27 12 34 4 18 31 40 29 44 21 32 0
1 18 43 15 4 13 9 19 24 30 32 5 36 7 27 1 20 35 49 23 40 29 10 21 8 26 37 48 47 17 41 50 22 2 6 11 3 45 44 34 33 28 16 46 14 25 42 12 38 31 39 0
1 24 29 25 2 35 38 16 33 36 11 39 9 3 14 1 37 34 10 50 27 5 8 12 21 30 41 15 48 23 22 26 4 31 46 43 17 19 32 0
1 25 14 15 1 6 12 38 39 21 40 45 10 3 41 16 22 8 11 18 17 47 49 46 50 23 2 5 7 20 43 48 37 42 9 44 4 19 13 0
1 28 27 50 13 3 2 37 39 6 35 20 43 1 46 7 31 36 17 26 15 23 4 18 34 21 30 29 10 32 40 12 25 5 42 14 22 38 11 45 16 33 8 44 9 47 48 24 41 19 49 0
1 28 30 32 7 18 11 24 34 16 31 25 49 13 44 19 1 12 50 43 37 14 5 41 23 17 20 21 6 26 45 2 40 36 27 39 10 22 8 48 3 33 29 4 35 38 46 15 42 9 47 0
1 29 30 21 8 3 5 45 49 6 34 15 20 10 2 12 1 47 50 24 23 35 13 38 41 27 39 11 43 16 46 31 26 18 7 14 33 22 19 48 9 36 25 32 28 17 44 37 40 4 42 0
1 31 27 9 4 11 12 35 50 15 23 16 3 18 1 20 19 33 10 5 30 24 32 22 14 8 6 2 7 34 25 17 49 21 26 13 28 29 0
1 34 44 11 21 20 3 31 23 2 33 8 46 4 16 18 17 37 45 36 28 35 14 29 15 27 13 7 12 39 41 22 32 1 6 9 30 24 26 48 5 49 19 50 38 43 42 10 40 25 47 0
1 35 34 17 5 8 1 47 14 12 36 2 38 3 42 24 27 33 43 44 46 13 29 26 21 31 28 23 22 37 48 15 6 25 40 4 20 50 11 39 9 32 16 49 10 30 45 7 19 41 0
1 35 41 14 3 12 8 22 21 26 34 25 45 10 11 9 4 37 47 30 42 18 1 31 2 38 24 49 50 27 43 29 5 15 6 19 7 48 28 46 16 36 20 39 32 23 44 13 40 17 33 0
1 35 44 20 5 11 12 48 30 13 23 3 39 1 31 2 4 34 47 33 38 6 17 8 29 27 32 10 50 26 42 40 28 9 16 19 7 37 22 43 14 15 25 49 24 36 45 18 41 21 46 0
1 37 14 38 10 7 11 44 43 12 24 28 27 3 25 4 19 39 50 29 18 1 6 13 22 21 20 30 47 36 49 31 23 5 8 2 15 35 26 40 33 32 16 45 17 46 48 9 41 34 42 0
1 37 45 41 3 9 8 42 17 11 23 21 38 6 2 12 1 35 34 22 30 26 7 18 5 32 33 13 19 27 48 44 25 49 4 24 15 29 16 40 39 31 50 28 14 47 46 10 36 20 43 0
1 39 31 44 4 14 3 36 34 5 33 41 37 16 7 12 1 38 43 21 32 22 18 29 6 23 25 13 27 11 49 9 10 50 24 48 8 28 2 30 17 40 42 46 15 26 47 20 45 19 35 0
1 41 12 13 2 7 3 33 28 6 36 27 42 34 11 26 1 25 39 18 45 21 4 38 30 16 23 50 47 31 49 43 9 29 19 40 17 46 8 37 14 22 35 44 32 10 48 5 20 24 15 0
1 41 45 24 3 11 2 29 13 10 47 9 25 22 7 12 1 26 46 21 49 27 5 20 16 32 43 28 15 30 38 14 4 34 17 48 23 18 6 44 19 42 50 33 37 39 40 35 31 8 36 0
1 41 47 43 4 12 1 34 39 10 9 38 3 19 13 2 24 44 16 45 17 6 26 11 28 32 46 5 7 23 50 22 20 49 15 40 18 48 0
1 43 31 25 16 8 5 35 13 24 44 12 30 1 46 9 20 34 27 42 37 17 3 14 26 45 38 18 11 36 49 2 19 4 28 15 21 48 6 40 7 41 23 47 29 39 50 22 33 10 32 0
1 43 38 35 18 5 1 44 15 24 40 22 30 4 39 7 28 37 36 31 23 12 10 19 14 32 29 25 9 27 49 3 2 8 34 11 17 41 13 46 6 42 20 45 16 48 50 26 33 21 47 0
1 43 44 15 1 3 7 22 26 28 38 31 50 6 23 18 8 39 49 20 40 17 21 46 19 29 41 27 10 12 48 4 32 2 11 37 9 14 25 42 5 33 13 36 24 34 47 45 30 16 35 0
1 43 50 24 15 4 3 12 23 8 46 31 10 7 17 6 35 45 36 44 19 14 22 33 41 20 40 13 11 48 5 9 29 32 34 16 38 1 47 21 27 25 49 26 18 28 37 42 2 39 0
1 44 46 5 33 39 12 21 42 45 1 18 3 20 35 49 4 13 47 40 48 19 50 2 34 0
1 46 45 21 3 2 12 22 15 25 49 17 41 18 4 20 1 28 40 27 43 10 5 26 14 42 37 35 29 7 44 16 8 38 36 50 13 19 6 48 23 39 31 30 24 9 47 34 33 11 32 0
1 47 44 39 2 28 7 12 4 16 38 18 37 31 13 21 1 34 40 35 25 3 8 10 20 36 33 29 27 45 5 6 50 32 49 9 11 17 42 23 24 43 15 19 30 46 26 41 14 22 0
1 47 46 16 6 7 2 44 27 25 50 13 48 17 18 23 1 38 49 33 45 22 10 30 31 39 24 20 21 11 43 8 3 19 29 26 9 40 12 34 15 28 36 37 32 5 42 14 41 4 35 0
1 48 2 5 45 49 37 1 47 43 41 40 36 38 44 50 4 42 46 6 3 39 0
1 48 43 4 5 3 47 20 31 50 7 2 1 37 35 12 32 40 15 22 26 23 45 49 6 34 38 18 19 0
1 49 2 5 6 1 7 3 50 8 4 0
1 49 45 33 5 3 1 13 12 6 30 16 29 20 34 14 2 36 47 11 41 38 7 25 4 31 43 23 22 8 48 18 27 35 21 50 32 28 19 24 9 46 15 17 39 44 42 26 40 10 37 0
1 49 48 22 2 17 8 38 9 36 44 18 37 3 11 7 1 35 31 30 45 40 4 19 25 46 27 26 32 16 29 12 6 10 20 24 13 50 5 41 15 33 28 34 23 42 39 21 47 14 43 0
1 49 50 25 7 5 28 32 20 16 39 4 42 22 1 21 2 13 30 36 15 47 19 24 10 33 38 11 9 48 43 6 23 26 17 12 18 14 3 40 31 29 37 44 35 45 41 34 27 8 46 0
5 50 0
12 50 1 0
1 50 1 2 0
1 50 1 2 3 0
1 50 1 9 2 7 4 3 18 8 0
1 50 1 10 6 5 3 2 0
1 50 2 4 1 13 3 0
1 50 2 7 30 1 3 5 4 6 0
1 50 3 1 5 6 4 2 0
1 50 3 1 9 10 4 2 5 0
1 50 3 2 1 0
1 50 3 2 6 5 4 1 0
2 50 3 4 1 2 0
1 50 3 29 19 1 30 4 35 27 9 2 0
1 50 4 1 7 11 10 2 6 3 8 9 0
1 50 4 5 1 2 0
1 50 5 49 1 2 46 6 25 7 47 14 10 16 3 4 45 12 0
1 50 6 11 8 7 10 18 15 3 1 19 4 12 17 14 9 13 5 16 2 0
1 50 7 3 6 10 9 19 2 17 8 1 11 14 20 13 15 4 18 5 16 12 0
1 50 7 31 32 25 26 40 17 2 6 48 12 5 19 23 8 21 16 20 41 38 44 3 13 14 15 24 28 11 36 0
1 50 8 6 11 12 7 49 13 16 4 10 48 9 5 17 1 3 20 18 15 2 14 19 35 0
1 50 9 2 7 3 5 6 1 4 8 49 48 0
1 50 11 2 4 3 12 5 14 1 23 6 20 19 16 24 21 9 10 0
1 50 11 9 13 3 15 6 1 5 7 12 2 14 4 8 10 0
1 50 18 16 11 3 8 34 13 24 7 22 2 1 17 32 30 19 29 10 31 23 28 14 49 33 27 35 5 12 4 26 45 15 9 6 0
1 50 26 13 9 6 30 15 17 36 27 28 1 32 4 31 34 24 20 12 18 38 33 7 10 5 14 3 29 2 16 41 19 37 21 22 43 8 23 25 0
1 50 26 27 2 10 4 30 11 23 14 15 20 6 3 17 25 12 5 16 18 9 19 24 29 13 22 28 1 8 49 7 21 0
1 50 46 25 8 7 22 41 15 40 23 16 13 10 4 1 5 3 26 27 28 35 6 43 24 44 42 38 31 39 47 2 29 20 34 0
1 50 49 4 24 10 21 7 19 35 5 20 1 45 6 8 3 48 23 14 26 9 18 11 43 44 46 22 16 25 47 30 2 0
0
1.0
2.0
3.0
4.0
5.0
6.0
7.0
8.0
9.0
10.0
11.0
12.0
13.0
14.0
15.0
16.0
17.0
18.0
19.0
20.0
21.0
22.0
23.0
24.0
25.0
26.0
27.0
28.0
29.0
30.0
31.0
32.0
33.0
34.0
35.0
36.0
37.0
38.0
39.0
40.0
41.0
42.0
43.0
44.0
45.0
46.0
47.0
48.0
49.0
50.0
