61 1.0
1 7 61 9 8 2 6 10 5 1 4 3 12 0
1 13 29 26 1 55 54 3 60 57 40 33 20 32 9 12 16 35 47 7 37 28 58 50 49 10 36 44 21 23 8 22 2 25 11 43 53 19 5 15 39 14 4 6 31 45 56 34 30 51 61 59 52 48 41 17 27 46 24 42 18 38 0
1 15 8 5 7 6 11 10 2 9 14 1 4 3 12 13 0
1 17 24 22 5 61 53 7 42 38 47 34 20 21 4 18 26 37 40 9 45 31 57 59 60 8 28 48 14 19 11 1 3 25 6 54 49 23 2 41 39 16 12 10 30 56 46 32 35 44 55 51 58 52 43 13 15 50 36 29 27 33 0
1 21 20 16 4 47 19 6 57 35 53 32 18 48 7 23 24 30 40 8 28 22 59 55 43 3 50 49 13 26 10 29 2 33 12 46 37 15 1 38 52 25 11 5 14 34 42 54 36 45 44 60 58 61 39 17 9 51 31 27 56 41 0
1 21 35 19 15 60 34 9 53 37 14 26 16 31 30 28 45 50 43 5 59 25 46 40 1 12 39 54 17 20 6 24 2 55 29 10 13 42 3 22 38 47 4 8 27 49 57 23 33 32 51 52 18 56 41 36 7 48 44 11 58 61 0
1 23 33 14 6 60 32 4 30 35 52 29 18 19 11 16 20 44 49 10 48 22 58 55 56 9 27 40 7 25 8 24 2 17 12 39 38 46 1 34 59 21 5 3 31 41 50 36 28 53 47 51 57 61 45 15 13 54 43 42 26 37 0
1 24 30 9 5 49 22 7 53 52 56 27 14 50 1 19 23 28 35 4 46 20 54 42 31 61 25 48 12 26 6 39 2 33 17 41 40 21 10 55 44 29 11 8 18 15 34 45 32 57 60 37 59 58 36 13 3 38 47 16 51 43 0
1 25 22 20 7 59 48 4 50 45 49 37 19 36 9 17 33 34 56 6 53 16 61 52 51 10 23 43 12 35 8 30 2 26 44 58 40 1 31 42 11 3 39 27 60 47 29 57 38 46 55 54 21 14 13 41 24 18 28 32 0
1 25 23 26 2 61 27 4 51 54 35 14 31 8 15 18 43 42 7 33 22 55 38 53 9 24 40 11 21 10 29 3 19 12 45 39 16 1 36 47 20 5 6 34 49 52 44 37 58 46 57 59 56 50 17 13 48 41 32 28 30 0
1 25 29 14 3 52 24 6 45 54 33 40 15 26 9 16 22 44 46 12 57 19 60 43 50 7 23 48 10 21 8 28 2 32 11 34 58 20 1 53 39 18 5 4 27 49 56 36 38 59 55 47 51 61 42 17 13 37 31 30 41 35 0
1 26 34 18 4 29 30 5 50 33 58 25 16 19 11 21 48 47 41 8 38 20 60 55 56 7 27 42 10 31 9 17 2 39 12 28 57 32 1 23 49 13 6 3 15 61 35 45 54 24 36 44 52 53 59 14 22 51 40 43 46 37 0
1 27 17 22 5 59 34 4 52 43 57 46 18 25 8 14 20 39 38 10 31 15 61 47 55 7 37 44 11 32 6 21 2 16 12 40 51 24 1 33 41 23 9 3 42 58 50 28 36 49 48 56 53 60 35 13 19 54 29 26 30 45 0
1 27 19 23 2 61 1 40 14 30 8 15 45 36 4 37 18 46 6 38 11 17 7 16 5 29 12 34 24 3 32 22 9 13 20 28 39 25 35 21 10 31 33 26 0
1 27 29 12 5 60 40 4 59 44 56 33 18 24 7 11 17 25 46 8 41 21 52 58 57 9 26 38 16 28 10 23 2 20 15 47 39 22 1 48 54 19 6 3 45 53 50 36 30 49 31 51 55 61 34 13 14 43 37 35 42 32 0
1 28 11 34 1 51 55 23 46 50 56 27 15 30 9 14 20 18 43 3 41 16 52 53 49 10 24 47 42 13 33 5 37 8 25 31 17 4 29 22 35 12 6 26 19 44 48 57 38 58 45 54 39 61 7 2 59 21 60 36 40 0
1 29 26 14 5 52 36 4 61 44 60 37 18 25 10 15 28 39 42 9 48 17 55 49 51 6 40 43 7 20 11 23 2 27 12 41 58 19 1 24 46 21 8 3 31 47 45 33 38 54 22 56 59 57 50 16 13 53 32 30 34 35 0
1 29 31 20 3 53 26 6 32 36 56 27 15 16 9 22 42 34 37 11 40 14 58 50 51 10 41 57 4 23 8 43 2 30 18 35 61 25 1 19 39 21 7 5 24 59 47 45 52 46 54 48 55 60 38 12 13 49 33 28 17 44 0
1 30 25 14 5 59 46 2 37 60 48 44 13 16 11 24 31 32 50 8 35 20 56 52 57 7 33 36 10 27 9 17 4 29 12 43 49 22 1 23 39 15 6 3 21 41 53 34 51 58 42 54 55 61 45 18 19 47 28 38 26 40 0
1 31 25 9 6 36 34 5 58 46 51 30 16 28 11 17 22 50 41 8 52 23 54 45 61 13 33 39 12 15 10 27 1 19 18 42 59 7 4 29 40 24 2 3 26 60 43 47 37 35 32 55 57 44 56 14 20 53 48 21 38 49 0
1 31 28 11 6 59 51 5 39 46 47 25 16 20 9 18 21 35 43 13 50 23 44 55 57 3 26 49 12 30 8 19 2 37 10 36 53 17 1 27 41 15 7 4 22 34 61 42 32 56 58 38 60 52 40 14 24 54 33 45 29 48 0
1 31 43 17 2 60 26 3 40 51 44 29 14 18 11 36 37 30 53 9 21 13 57 55 54 6 32 41 16 35 7 33 1 20 10 61 45 25 8 24 42 23 5 4 39 19 38 34 58 46 56 50 47 59 48 15 12 52 22 27 28 49 0
1 33 15 18 3 58 27 4 57 51 61 26 17 19 9 23 28 30 41 11 45 14 54 52 60 10 35 42 5 32 7 22 2 24 12 40 55 20 1 31 48 16 6 8 34 38 46 25 59 50 36 43 56 53 47 13 21 44 29 37 39 49 0
1 33 17 18 4 57 43 6 56 50 46 31 15 51 11 16 30 38 29 10 25 34 61 47 52 8 35 36 14 26 9 19 1 21 7 45 55 22 2 44 48 37 5 3 24 54 41 49 40 58 20 23 53 59 42 12 60 39 27 28 32 0
1 33 22 9 11 61 40 6 46 60 54 35 27 43 12 31 23 32 50 8 20 18 58 57 59 13 21 53 4 34 7 29 2 30 14 44 45 28 1 48 36 10 5 3 47 42 24 39 49 52 37 55 51 41 25 15 16 56 26 38 19 17 0
1 33 26 12 5 61 45 6 42 51 46 20 15 22 8 14 29 38 48 10 49 18 53 44 57 9 25 37 11 35 7 23 2 31 13 43 55 17 1 28 41 21 4 3 27 50 52 40 30 59 34 47 54 58 19 16 56 36 32 24 39 0
1 34 18 6 51 48 4 53 14 13 25 8 7 10 9 2 12 42 1 11 3 5 0
1 34 30 15 5 58 41 4 48 60 46 29 18 23 12 20 26 38 47 6 49 17 59 52 53 8 31 44 10 24 7 22 2 21 11 42 55 19 1 27 40 13 9 3 28 39 43 37 32 61 50 51 56 57 54 14 16 45 33 35 25 36 0
1 34 52 11 4 59 25 10 61 55 51 36 29 33 7 15 18 56 43 8 39 26 49 54 47 9 37 38 12 22 5 21 2 35 13 45 57 16 1 19 60 20 6 3 28 58 31 50 53 27 40 42 48 30 32 14 17 46 24 44 23 41 0
1 35 19 13 8 59 40 6 23 58 55 37 33 34 14 16 12 38 46 1 21 29 48 42 53 5 28 54 15 25 10 18 3 9 43 52 24 4 61 45 20 11 7 51 41 44 36 56 50 31 57 60 39 22 2 47 26 32 30 49 0
1 35 32 9 4 61 27 8 48 47 50 21 23 36 26 16 18 46 42 7 29 33 51 52 58 11 14 38 12 25 6 30 2 28 13 31 53 15 1 37 43 24 3 5 19 41 55 34 39 45 60 57 56 22 17 10 54 49 20 40 44 0
1 36 23 17 6 61 57 3 41 59 40 25 13 16 14 27 34 32 8 44 22 50 55 58 10 43 9 38 7 15 5 26 11 45 49 18 1 20 12 2 4 19 54 47 28 29 60 52 48 24 21 46 31 30 0
1 36 30 5 47 42 3 55 60 59 28 49 8 11 14 35 44 7 53 26 57 33 61 6 17 2 10 20 48 58 54 4 21 38 46 40 52 50 56 45 9 16 15 51 0
1 37 20 61 5 41 46 6 35 54 39 16 22 11 14 28 33 44 10 48 13 38 53 43 7 26 58 9 50 8 19 2 23 12 31 51 21 1 42 47 18 4 3 36 45 29 34 25 49 30 56 55 59 52 15 17 57 32 24 40 27 0
1 37 22 18 3 59 27 6 57 56 51 38 17 32 10 13 24 28 43 8 35 21 61 36 55 9 29 46 11 20 7 19 2 25 12 42 31 26 1 49 33 14 4 5 45 54 39 53 48 58 47 52 50 60 34 15 16 44 23 41 40 30 0
1 37 24 23 6 61 55 4 42 59 40 22 14 19 13 30 34 33 41 9 44 21 51 56 58 8 43 35 5 39 7 16 10 26 12 45 49 20 1 17 38 11 2 3 18 54 47 27 28 60 36 52 48 53 57 25 15 46 31 50 29 32 0
1 38 17 20 6 61 53 4 39 59 43 32 14 22 12 25 31 30 41 10 42 19 57 54 55 8 40 36 7 34 18 2 24 11 45 52 23 1 44 37 15 5 3 21 49 46 27 26 60 58 48 51 56 50 16 13 47 29 33 28 35 0
1 38 24 12 5 60 41 6 46 53 47 33 16 22 7 14 27 35 40 9 36 23 56 57 58 8 32 49 11 19 10 26 3 25 13 45 43 18 1 28 37 17 2 4 20 55 50 29 34 59 51 52 44 61 54 21 15 48 31 39 30 42 0
1 38 25 8 6 61 34 5 35 58 47 36 15 41 11 7 27 39 46 12 33 17 55 52 56 10 50 14 20 9 2 26 16 48 45 21 1 43 40 19 4 3 44 57 22 42 59 51 49 60 54 13 18 53 37 24 23 0
1 39 17 11 4 53 25 5 56 45 57 34 16 32 9 10 20 50 47 13 37 22 61 40 59 6 41 36 14 30 7 23 1 28 12 33 55 19 3 18 46 31 8 2 24 52 38 29 48 51 60 43 58 54 49 15 21 44 35 26 42 27 0
1 39 19 15 6 60 51 5 45 52 48 33 17 23 10 22 25 26 40 11 41 18 57 58 56 7 42 29 9 27 8 31 1 16 13 49 50 20 2 38 43 21 4 3 32 37 44 34 36 59 54 53 55 61 46 14 12 47 24 30 28 35 0
1 39 19 15 7 61 50 3 47 59 42 27 16 23 12 25 31 33 35 10 43 21 49 54 57 9 41 32 11 40 8 18 6 22 14 48 51 20 2 26 38 17 5 4 24 53 46 36 28 60 37 58 52 55 56 13 1 45 34 44 29 30 0
1 39 20 12 4 50 40 6 53 61 33 27 10 31 15 18 29 26 55 11 59 17 46 60 58 8 52 37 9 35 7 24 2 28 16 30 43 14 1 23 44 21 3 5 34 38 36 22 42 57 25 54 51 56 47 19 13 45 41 49 32 48 0
1 39 23 15 6 61 35 3 46 59 44 27 13 18 11 24 34 36 45 10 43 14 52 55 57 7 48 40 9 37 8 21 2 25 12 29 50 20 1 22 32 17 5 4 19 53 42 31 30 60 38 56 51 58 54 26 16 47 28 49 41 33 0
1 40 19 12 5 60 47 4 52 49 48 27 16 18 11 17 26 32 39 9 41 21 59 51 50 10 42 35 8 25 7 31 2 22 13 54 43 23 1 37 46 15 6 3 30 57 44 34 24 58 53 56 55 61 45 14 20 38 29 36 28 33 0
1 40 23 14 6 61 49 8 46 59 41 36 20 26 11 15 34 35 43 10 50 19 54 53 56 7 44 38 5 29 9 31 2 24 18 47 51 16 1 32 33 17 4 3 28 37 39 25 45 58 55 48 42 60 57 13 12 52 21 30 22 27 0
1 41 14 19 4 60 21 5 53 46 58 35 17 27 8 16 34 22 45 9 39 37 51 57 59 10 49 50 11 29 7 18 1 26 12 38 48 20 2 31 28 25 6 3 32 55 52 43 33 36 61 47 56 54 42 15 13 44 40 23 24 30 0
1 41 26 19 6 61 53 3 38 58 42 30 16 40 11 12 22 33 36 7 39 20 57 54 56 8 29 34 14 32 9 21 2 25 17 43 49 15 1 45 37 18 5 4 24 50 47 23 31 59 44 52 51 60 55 13 10 46 28 48 27 35 0
1 41 29 16 3 61 28 4 55 27 48 23 26 31 8 20 14 46 34 7 40 25 59 57 58 10 35 42 11 24 5 22 2 17 15 47 44 19 1 36 45 18 9 6 32 21 54 50 30 39 56 52 53 60 43 12 13 49 33 37 51 38 0
1 42 21 17 6 59 32 3 49 61 45 29 16 31 11 14 26 46 40 10 38 18 50 48 56 12 47 35 7 27 9 28 2 30 8 41 39 25 1 57 43 13 5 4 34 53 36 22 23 60 51 54 37 52 55 19 15 58 20 24 33 44 0
1 42 23 16 5 48 46 4 61 45 60 34 17 29 9 15 22 31 40 10 43 18 56 51 54 6 27 41 7 28 8 24 2 21 12 36 50 19 1 26 57 20 11 3 33 49 38 35 47 52 44 53 59 55 37 13 14 58 30 25 39 32 0
1 43 25 19 7 61 34 5 38 56 53 27 21 30 10 23 26 36 39 11 44 22 54 9 32 31 13 35 8 41 2 24 14 46 58 18 1 17 47 16 3 4 20 49 48 29 33 60 57 50 52 51 55 12 15 37 28 42 40 45 0
1 44 20 17 6 61 41 5 58 59 46 32 16 38 9 18 21 30 48 7 40 23 57 52 53 8 31 39 10 28 11 24 2 22 12 47 45 15 1 37 34 14 3 4 33 55 51 29 27 60 42 49 56 54 43 19 13 50 35 36 26 25 0
1 44 23 19 4 61 42 6 40 59 39 26 14 16 12 24 35 34 43 10 45 22 52 57 58 7 41 36 9 32 18 2 27 11 46 49 20 1 25 38 15 5 3 17 55 47 28 29 60 37 54 50 53 56 21 13 48 31 51 30 33 0
1 45 19 50 17 43 25 8 61 47 57 37 22 36 6 14 4 52 28 1 23 13 56 41 42 12 40 60 20 32 9 16 3 27 15 21 59 10 5 34 55 26 11 2 24 35 29 38 44 46 33 51 53 48 54 18 7 58 31 49 39 30 0
1 45 24 22 5 61 33 4 31 59 51 34 17 42 10 19 26 36 29 11 30 14 54 56 58 7 28 27 9 25 8 35 2 23 12 41 52 18 1 21 43 15 3 6 20 50 48 39 32 60 47 49 53 55 57 16 13 44 40 46 38 37 0
1 47 20 17 3 56 38 9 57 60 55 31 13 22 10 15 34 33 50 6 30 19 52 48 49 8 36 45 12 29 7 25 2 23 14 46 42 21 1 28 39 18 5 4 24 41 53 35 26 51 43 59 61 58 44 16 11 54 37 40 32 27 0
1 47 29 15 3 61 57 4 50 33 42 28 16 19 11 26 24 34 49 10 36 20 55 58 59 8 40 43 7 32 9 18 2 21 12 44 45 22 1 31 38 13 6 5 23 56 48 27 35 60 37 52 53 51 39 14 17 46 30 54 25 41 0
1 48 25 15 6 61 57 7 45 51 28 13 24 14 20 34 41 35 5 40 22 53 58 10 31 36 8 9 18 2 29 11 39 55 17 1 21 44 12 4 3 23 49 54 50 60 32 38 56 59 52 19 16 37 27 26 33 0
1 48 30 20 3 61 57 4 42 56 53 45 14 29 11 16 12 38 33 5 32 22 55 46 47 7 23 41 9 19 8 21 2 31 15 50 49 18 1 43 34 17 6 10 52 26 28 35 37 58 51 54 59 60 39 25 13 44 27 24 36 40 0
1 49 25 22 5 58 41 8 45 55 56 27 18 19 7 31 15 36 42 2 44 23 60 47 48 4 17 43 3 26 6 16 9 34 13 52 39 24 1 29 53 14 12 11 21 28 33 35 50 59 61 54 57 46 40 20 10 51 30 32 37 38 0
1 50 20 12 5 61 52 6 47 59 39 28 13 32 10 18 22 33 49 11 38 17 56 57 58 8 27 41 9 21 7 43 2 25 14 54 55 24 1 31 40 19 4 3 48 51 36 44 35 60 34 42 53 45 23 15 16 46 30 26 29 37 0
1 51 50 11 5 61 55 52 59 19 16 21 10 27 29 31 7 57 58 8 32 33 13 26 23 2 53 1 30 14 3 34 25 49 60 36 56 15 35 54 0
1 52 18 16 5 61 30 6 54 48 55 41 39 38 14 17 23 44 33 8 26 46 47 35 32 12 21 25 7 42 13 22 4 19 9 37 58 40 1 57 31 15 2 3 29 34 11 45 51 59 56 53 60 43 10 24 50 49 36 20 27 0
1 52 21 13 6 58 47 5 56 60 59 44 14 23 11 16 34 31 38 7 35 20 53 48 50 10 37 36 9 33 8 24 2 22 15 51 39 19 1 41 30 18 4 3 32 45 43 28 25 55 46 57 42 61 49 17 12 54 29 40 27 26 0
1 52 22 58 56 36 59 53 25 50 51 42 16 49 7 8 26 38 31 5 21 39 37 43 19 9 28 30 40 11 6 12 2 14 10 15 47 45 1 54 41 44 4 3 13 29 20 48 57 24 61 27 60 17 35 32 55 33 46 34 18 0
1 53 16 32 7 57 52 9 58 40 45 15 35 8 17 29 49 41 4 28 23 44 26 30 11 36 56 10 25 12 19 1 20 22 34 46 38 2 27 39 37 5 6 18 61 55 21 42 59 43 54 47 60 48 13 3 50 33 14 24 31 0
1 54 6 43 5 61 59 53 28 42 58 7 2 56 1 3 4 57 60 55 0
1 54 17 15 4 61 48 5 41 57 60 16 13 24 7 19 28 39 36 9 32 20 58 53 40 8 47 42 11 29 10 22 2 26 12 50 59 18 1 55 43 25 6 3 38 46 30 21 45 56 35 52 49 34 51 23 14 37 44 33 27 31 0
1 55 17 44 4 60 46 5 52 58 56 28 21 27 6 11 22 26 35 10 48 16 54 38 51 9 37 39 13 20 7 33 2 24 15 45 40 8 1 34 36 19 12 3 53 50 42 30 29 59 61 49 43 57 47 18 14 41 31 23 32 25 0
1 56 30 61 2 39 46 12 42 49 59 27 17 28 9 13 16 43 32 8 29 24 57 54 40 6 31 38 3 19 7 15 5 21 4 36 50 22 1 23 47 41 20 10 14 51 35 37 25 53 60 52 58 44 45 11 18 55 34 48 26 33 0
1 59 58 60 5 57 2 12 10 47 7 8 11 6 9 1 4 3 61 0
1 60 3 1 61 2 0
1 60 17 7 61 5 13 26 11 14 8 9 6 20 10 2 12 1 36 18 4 3 15 16 0
6 61 0
8 61 1 0
1 61 2 1 0
1 61 2 1 3 0
1 61 2 6 7 8 10 12 9 1 14 5 13 4 3 11 0
1 61 3 2 4 1 0
1 61 3 4 1 2 0
1 61 3 9 6 8 7 2 1 4 0
2 61 4 2 1 5 3 0
1 61 4 2 3 1 0
1 61 4 3 15 8 16 11 18 7 13 17 6 1 10 19 2 12 9 5 14 20 0
1 61 5 4 2 3 6 1 0
1 61 5 7 9 8 6 2 1 3 4 10 0
1 61 6 4 2 1 3 5 0
1 61 6 4 9 7 10 8 2 1 3 5 0
1 61 6 8 7 9 2 11 17 1 4 3 60 0
1 61 7 4 6 8 2 1 5 3 9 0
1 61 8 3 9 11 5 7 1 12 4 6 2 10 0
1 61 8 5 10 7 6 9 2 1 4 3 0
1 61 9 8 13 4 12 10 15 6 7 3 2 11 17 1 16 5 14 0
1 61 11 4 5 10 8 12 9 6 1 3 2 7 0
1 61 12 5 13 6 3 16 1 2 10 4 18 8 17 14 15 7 11 19 0
1 61 15 4 6 16 17 10 11 21 8 7 9 2 12 19 1 20 13 3 5 18 14 0
1 61 15 5 6 12 11 16 10 8 9 7 2 13 14 1 3 4 18 17 0
1 61 15 6 5 20 9 16 10 17 8 12 7 2 11 18 1 19 4 3 13 14 0
1 61 18 5 3 19 11 15 17 10 8 9 6 2 13 1 14 7 4 16 12 0
1 61 18 15 5 4 13 12 17 7 9 10 8 2 11 19 1 14 6 3 20 16 0
1 61 20 6 4 13 12 10 9 7 8 3 11 17 1 18 14 2 5 15 16 19 0
1 61 20 21 5 6 27 23 13 18 11 10 26 9 7 22 8 19 2 12 17 1 15 14 4 3 16 28 24 25 29 0
1 61 23 17 3 31 40 12 5 4 7 27 0
0
1.0
2.0
3.0
4.0
5.0
6.0
7.0
8.0
9.0
10.0
11.0
12.0
13.0
14.0
15.0
16.0
17.0
18.0
19.0
20.0
21.0
22.0
23.0
24.0
25.0
26.0
27.0
28.0
29.0
30.0
31.0
32.0
33.0
34.0
35.0
36.0
37.0
38.0
39.0
40.0
41.0
42.0
43.0
44.0
45.0
46.0
47.0
48.0
49.0
50.0
51.0
52.0
53.0
54.0
55.0
56.0
57.0
58.0
59.0
60.0
61.0
