28 1.0
1 1 0
1 1 5 21 20 2 3 13 19 0
1 1 6 21 24 20 13 5 0
1 1 13 2 19 20 0
1 1 20 19 21 3 13 2 5 0
1 2 5 6 17 20 19 4 8 7 3 0
1 2 6 0
1 2 19 6 27 21 8 16 0
1 2 20 6 19 13 0
1 2 26 20 6 23 25 24 19 9 14 27 12 21 11 13 0
1 2 28 6 17 19 21 20 13 22 3 5 15 8 0
1 3 21 14 27 17 8 2 1 20 10 7 12 13 19 28 22 23 4 16 5 18 15 0
1 4 10 2 6 9 26 18 23 7 19 14 25 17 22 16 3 12 21 13 28 27 20 5 8 15 11 0
1 4 15 1 11 12 10 19 20 21 13 14 2 16 27 17 18 28 26 5 8 22 23 7 3 0
1 4 15 6 8 3 13 2 21 19 5 22 20 18 28 7 17 0
1 4 21 9 22 5 17 13 10 2 12 18 19 6 16 24 7 3 28 0
1 5 3 6 2 17 19 20 13 22 21 15 28 8 0
1 5 3 6 2 20 19 13 21 0
1 5 6 3 2 20 21 13 19 0
1 5 6 15 2 19 13 21 20 17 0
1 5 8 12 25 18 20 2 17 28 11 26 15 19 23 10 27 24 6 14 7 13 4 22 3 16 0
1 5 13 6 21 19 20 8 3 15 17 2 0
1 5 13 11 25 12 8 20 7 17 2 6 24 19 21 22 10 28 23 14 26 9 3 4 18 27 16 15 0
1 5 13 17 6 8 18 19 28 20 16 1 22 2 21 4 7 3 15 0
1 5 15 6 3 2 13 17 20 19 11 21 8 0
1 5 19 23 9 15 17 2 12 20 27 1 7 13 26 28 21 11 10 6 4 8 25 0
1 5 20 6 9 8 15 2 19 1 7 18 13 21 22 24 3 4 28 16 17 0
1 5 21 1 7 17 19 13 20 2 22 3 28 8 18 15 0
1 5 22 4 26 8 13 21 24 19 18 14 12 28 2 15 25 20 27 16 10 6 11 17 23 7 3 0
1 5 26 11 6 18 2 27 17 16 20 21 9 19 12 15 25 7 13 10 0
16 6 0
1 6 1 13 2 0
19 6 2 0
1 6 2 4 0
1 6 2 5 19 13 20 21 0
1 6 2 13 0
1 6 2 13 3 18 0
1 6 2 13 19 0
1 6 2 13 19 20 0
1 6 2 15 13 3 5 19 17 27 28 21 14 20 0
1 6 2 15 21 13 22 19 0
1 6 2 19 15 13 8 22 11 0
1 6 2 24 0
1 6 5 19 2 21 13 20 0
1 6 10 2 18 17 26 0
1 6 10 22 27 26 14 2 15 16 12 25 9 8 24 18 23 7 28 11 0
1 6 12 18 7 2 14 27 16 28 10 4 8 22 0
2 6 13 2 0
1 6 13 21 2 8 3 17 0
1 6 17 28 15 19 2 3 20 5 13 21 8 0
1 6 19 2 13 0
1 6 19 13 2 0
1 6 19 14 3 13 10 7 16 8 12 20 22 18 27 5 28 2 21 15 17 4 0
1 6 19 20 2 5 13 3 21 0
1 6 19 24 2 20 0
2 6 20 13 19 2 0
1 6 21 8 10 3 12 2 25 13 16 7 15 28 20 5 11 19 4 14 24 22 26 9 17 18 27 23 0
1 6 21 20 2 8 13 17 3 19 15 5 0
1 6 26 2 9 23 24 25 27 11 0
1 6 26 2 20 19 24 3 0
1 6 28 2 5 3 20 22 18 15 19 7 8 17 13 21 0
1 6 28 3 7 20 8 21 5 13 19 0
1 7 18 22 24 16 23 2 15 17 19 5 26 4 13 8 21 11 14 6 10 25 20 28 12 3 9 27 0
1 8 2 1 17 20 21 3 13 15 19 5 0
1 8 15 14 1 7 18 3 21 28 2 22 17 4 13 16 23 5 12 19 20 10 27 0
1 8 20 5 6 18 16 15 17 22 19 12 21 2 23 11 7 13 4 28 10 0
1 8 20 6 24 17 22 2 18 19 28 26 11 9 13 7 16 15 10 25 27 4 14 3 23 12 5 0
1 8 27 25 23 5 28 13 4 6 19 24 2 21 11 14 17 26 0
1 9 22 20 6 23 24 8 15 2 1 18 3 13 19 27 5 0
1 10 16 3 6 12 25 18 20 7 2 28 24 5 4 27 17 26 22 15 19 23 13 21 9 8 14 11 0
1 10 21 6 16 13 28 2 7 12 8 27 3 9 4 11 0
1 10 28 24 9 6 11 18 3 4 19 26 27 14 2 25 16 13 0
1 11 4 12 6 9 26 15 22 28 2 7 23 5 17 13 18 25 16 20 14 3 19 21 24 10 8 27 0
1 11 24 2 14 6 23 7 3 12 4 16 8 13 18 25 22 10 20 21 28 26 5 15 19 17 27 0
1 11 26 1 24 9 14 23 13 21 2 20 19 6 12 0
1 12 5 6 8 28 13 22 2 27 24 16 19 10 18 17 25 11 15 3 0
1 12 28 6 5 13 24 21 25 2 15 17 22 3 19 20 8 9 0
1 13 3 6 15 20 2 8 0
1 13 3 6 15 28 2 20 10 21 19 8 17 0
1 13 5 6 18 2 8 20 21 19 17 15 7 3 28 22 0
1 13 6 2 0
1 13 6 20 19 2 17 0
1 13 19 1 5 17 2 3 20 21 15 8 0
1 13 19 10 1 5 20 2 17 3 21 22 0
1 13 20 6 25 19 5 2 28 15 26 12 17 24 10 14 23 8 27 9 21 0
1 13 21 9 7 3 5 19 4 8 22 12 24 28 2 16 14 17 18 10 23 6 27 25 26 11 20 0
1 13 22 16 12 5 21 20 4 14 10 2 17 28 7 8 18 15 3 0
1 13 24 6 2 19 21 5 17 20 0
1 14 16 27 10 6 25 4 5 23 13 8 12 19 11 20 9 22 2 7 24 28 21 26 0
1 15 3 8 12 9 25 21 19 7 2 14 6 24 5 20 28 4 22 10 26 11 13 16 23 18 17 27 0
1 15 5 6 12 23 11 21 19 13 2 16 26 28 24 17 0
1 15 5 8 21 13 1 3 2 20 17 19 0
1 15 7 1 26 16 20 13 10 19 8 0
1 15 8 1 14 28 22 2 16 17 20 13 3 21 4 12 10 19 5 18 27 7 0
1 15 8 11 6 19 3 21 14 13 18 12 10 24 2 7 26 20 28 25 4 9 22 27 17 23 16 5 0
1 15 8 18 22 2 5 28 20 19 13 21 17 3 0
1 15 13 8 6 7 17 21 14 3 12 25 24 10 19 2 18 4 9 23 26 11 16 27 20 28 5 22 0
1 15 17 23 7 8 5 13 27 21 22 25 19 2 20 24 16 18 10 26 12 6 4 9 3 14 11 28 0
1 15 20 4 14 16 6 5 26 2 22 23 11 28 13 19 25 7 10 24 9 17 18 12 8 27 21 3 0
1 15 20 6 22 19 2 13 9 14 0
1 16 7 9 22 5 8 2 23 19 17 25 18 28 20 27 4 13 24 26 11 12 15 3 10 14 21 0
1 16 14 5 7 27 2 25 8 26 4 9 19 13 10 6 22 11 20 18 3 24 28 12 23 21 15 17 0
1 16 18 13 24 14 4 28 10 7 19 6 12 17 22 5 2 23 25 26 3 9 20 15 27 21 8 11 0
1 16 22 19 23 25 27 17 13 12 20 18 6 11 8 28 2 24 26 4 10 15 3 5 9 21 7 14 0
1 16 27 9 26 23 10 21 15 3 2 22 6 13 4 18 12 7 19 8 24 20 28 11 25 17 14 0
1 17 3 18 6 16 27 21 15 12 2 8 5 13 14 28 7 4 20 23 22 10 0
1 17 5 6 14 13 9 2 7 27 24 15 25 18 21 22 4 20 19 3 23 28 0
1 17 5 6 27 21 19 2 26 3 4 8 23 12 13 9 7 28 16 24 10 25 18 22 20 14 11 15 0
1 17 13 6 2 21 20 15 5 3 19 8 0
1 17 18 11 6 7 22 2 14 3 19 23 25 26 13 4 5 15 28 27 9 10 21 16 20 24 12 8 0
1 17 20 11 6 15 7 5 24 21 13 4 26 3 10 19 12 23 22 28 2 8 16 27 14 18 0
1 17 20 11 24 8 3 2 14 22 15 26 9 16 13 19 4 5 27 6 23 7 18 12 21 25 10 28 0
1 17 22 1 18 8 3 13 11 19 2 21 23 16 26 20 10 14 7 27 12 0
1 17 28 27 4 7 8 2 13 16 10 9 20 19 15 12 23 26 22 3 14 5 0
1 18 3 26 27 22 2 8 6 4 20 23 17 15 19 21 7 11 13 14 9 0
1 18 14 25 6 15 2 9 8 28 19 13 22 27 24 0
1 18 17 22 6 12 1 5 15 8 2 9 3 19 20 24 13 21 4 28 7 0
1 18 19 14 6 22 28 2 16 20 21 7 13 5 8 12 10 27 23 15 17 4 3 0
1 18 21 6 22 28 13 3 2 19 20 15 17 8 5 7 0
1 18 22 28 20 9 15 2 16 21 19 14 5 13 25 10 7 27 12 3 24 23 8 6 4 17 0
1 18 23 1 21 8 16 22 19 2 13 15 26 14 11 20 0
1 19 3 6 8 18 2 4 5 20 13 21 7 17 15 28 22 0
1 19 3 6 15 5 2 20 13 8 17 21 0
1 19 5 1 28 8 13 4 20 2 21 22 3 7 15 18 17 0
1 19 5 6 3 17 2 20 22 24 9 13 18 4 8 7 15 21 0
1 19 5 16 1 3 21 2 14 20 28 10 18 15 7 22 4 17 8 0
1 19 6 2 3 20 13 21 17 5 0
1 19 6 2 13 5 0
1 19 6 21 5 13 2 0
1 19 7 2 27 21 5 13 8 20 10 15 16 18 12 25 17 28 22 14 26 23 4 11 3 0
1 19 17 13 14 21 4 2 15 10 22 11 9 5 3 26 28 7 6 25 27 16 12 23 18 24 8 0
1 19 17 18 3 21 5 2 14 20 4 26 24 10 13 22 25 8 7 11 27 6 23 9 28 16 12 15 0
1 19 20 6 3 15 2 21 13 8 17 22 28 18 5 0
1 19 20 6 3 21 13 2 5 0
1 19 20 6 15 3 13 21 28 2 18 7 5 4 12 22 16 8 10 17 0
1 19 20 6 15 17 2 21 13 3 8 5 0
1 19 20 6 17 21 13 28 2 15 22 8 5 3 0
1 19 20 16 23 5 15 2 28 21 27 8 3 13 18 17 22 14 7 4 10 12 0
1 19 20 25 6 27 23 2 14 3 17 24 16 8 13 5 26 10 28 12 18 9 21 11 4 7 22 15 0
1 19 20 25 28 2 3 9 13 8 24 6 5 15 0
1 19 21 1 2 13 20 5 0
1 19 21 6 5 2 15 20 8 17 3 0
1 19 21 6 17 2 27 20 13 5 15 0
1 19 21 22 23 3 18 13 1 5 8 14 2 20 12 10 28 7 15 17 0
1 19 21 27 6 7 17 2 20 16 18 13 25 8 26 24 23 4 11 10 15 0
1 19 28 7 27 3 2 21 11 20 16 12 10 18 13 15 5 23 8 17 14 4 22 0
1 19 28 24 22 15 13 21 8 6 18 5 7 0
1 20 1 7 2 19 13 8 18 0
1 20 5 6 22 8 2 21 19 13 3 7 28 18 15 17 0
1 20 5 14 24 8 17 13 25 21 27 9 6 28 19 16 18 15 11 26 23 4 22 7 2 12 10 3 0
1 20 6 21 16 22 13 2 28 0
1 20 7 11 6 18 12 13 21 19 24 9 14 10 2 4 17 8 25 15 23 16 5 28 22 26 3 27 0
1 20 8 9 14 2 18 19 17 3 21 22 26 5 13 15 6 7 11 12 23 24 10 27 16 25 4 28 0
1 20 12 18 14 17 21 19 13 27 10 15 2 3 8 22 28 0
1 20 14 25 15 8 2 19 1 6 13 24 27 3 26 9 7 12 10 0
1 20 19 7 6 8 3 2 12 15 4 5 13 28 18 16 22 24 14 17 0
1 20 19 21 9 11 15 2 10 5 7 6 28 22 13 26 23 17 8 27 18 24 3 12 16 4 25 14 0
1 20 21 11 26 3 22 8 4 28 19 10 1 2 15 23 14 9 12 13 25 5 17 18 27 16 7 0
1 20 21 25 11 15 19 13 18 9 1 4 2 3 7 8 22 16 28 6 17 26 24 5 0
1 21 2 6 22 3 20 5 28 19 13 15 26 8 17 0
1 21 3 27 17 2 8 1 22 0
1 21 5 6 3 17 2 19 13 15 8 20 0
1 21 5 27 26 15 3 8 17 13 24 1 19 10 16 9 2 20 22 11 14 0
1 21 6 3 13 19 20 5 2 0
1 21 6 19 5 2 13 20 0
1 21 8 10 26 17 5 13 22 19 18 25 6 20 2 28 23 3 7 11 16 14 4 12 15 9 27 24 0
1 21 13 17 6 20 19 5 2 0
1 21 15 6 17 22 4 5 13 19 2 28 7 20 18 8 23 3 0
1 21 17 14 26 20 28 2 16 19 4 9 6 8 13 18 12 5 7 27 24 10 22 23 15 11 25 3 0
1 21 18 8 11 22 10 13 20 14 2 1 27 7 25 5 19 4 0
1 21 18 24 25 15 22 3 12 5 4 27 13 2 28 10 11 19 17 26 6 16 23 7 8 9 14 20 0
1 21 20 1 3 15 2 12 19 7 27 16 10 13 8 18 28 4 22 5 14 17 0
1 21 20 11 6 17 5 2 9 19 22 1 13 3 15 0
1 21 25 27 10 12 6 19 3 28 24 9 26 13 17 4 5 8 23 18 11 7 2 20 15 14 16 22 0
1 21 28 1 18 8 13 4 19 3 7 20 2 10 22 12 16 17 15 14 5 0
1 22 6 25 2 7 18 24 0
1 22 7 1 14 20 19 27 3 5 15 17 28 13 26 2 12 0
1 22 8 15 6 18 3 17 2 28 5 4 21 19 13 0
1 22 15 24 11 8 17 20 14 5 18 26 13 2 21 7 23 10 25 16 19 6 27 4 28 9 12 3 0
1 22 21 7 23 3 15 2 27 13 20 14 16 28 19 11 9 8 18 10 6 24 25 26 5 4 12 17 0
1 23 11 22 3 26 27 6 19 24 17 15 7 4 25 12 21 14 8 5 18 16 13 20 2 28 10 9 0
1 23 25 21 24 14 5 10 8 17 22 15 7 9 28 27 3 16 0
1 24 6 0
1 24 26 17 19 11 9 6 12 25 20 21 28 23 2 18 10 27 3 15 8 22 16 13 4 5 7 14 0
1 25 6 9 2 13 0
1 26 9 1 27 18 12 11 4 25 10 0
1 26 9 5 17 27 25 24 18 23 16 15 8 13 6 2 7 12 3 10 20 19 4 28 14 21 22 11 0
1 26 13 4 14 7 11 2 23 25 12 27 16 6 24 9 18 10 0
1 26 14 2 24 6 23 4 22 11 15 7 13 16 8 9 10 19 20 0
1 26 21 28 6 24 11 4 22 12 13 10 23 14 15 8 19 9 7 27 17 3 2 20 5 16 18 25 0
1 27 11 28 4 25 23 12 21 24 2 10 17 3 14 7 20 9 15 13 22 19 5 26 8 16 6 0
1 27 14 21 9 24 23 16 19 10 2 15 25 3 12 7 5 26 22 17 13 18 20 8 6 28 4 11 0
1 27 21 10 6 13 2 12 3 8 22 4 17 0
1 28 3 6 4 22 2 1 19 15 8 24 7 21 0
1 28 3 24 6 22 26 18 4 14 13 10 1 17 27 7 25 21 20 2 15 8 11 0
1 28 5 6 20 17 2 19 13 21 3 0
1 28 7 1 6 4 17 21 22 20 15 2 8 5 18 13 19 0
1 28 7 24 6 15 21 22 12 17 3 5 4 8 20 19 2 13 26 0
1 28 8 1 25 16 26 15 7 27 2 21 13 18 4 23 19 22 3 20 5 11 17 14 0
1 28 15 7 25 27 23 2 12 13 20 26 22 18 4 17 6 9 3 5 8 10 16 0
1 28 19 4 7 16 17 1 22 2 15 8 18 3 0
1 28 20 17 6 14 7 19 3 21 12 5 13 22 4 15 2 10 18 16 8 0
0
Skipped
1
7
15
6
27
14
10
25
17
22
18
2
19
9
16
8
13
3
4
5
12
21
26
24
23
20
11
