32 1.0
1 1 26 24 25 19 28 8 7 27 2 23 11 6 9 10 12 21 31 17 22 13 30 5 14 3 20 16 32 15 0
1 1 32 0
1 2 32 4 5 1 3 0
1 3 4 31 10 5 15 12 28 18 25 6 24 17 29 22 30 11 26 23 14 1 2 20 7 27 16 9 13 19 21 32 8 0
1 3 9 32 10 11 7 4 8 6 2 12 1 5 0
1 3 32 8 2 7 6 4 5 18 10 9 1 0
1 4 15 17 12 1 30 32 7 19 6 18 13 23 26 9 21 29 20 27 22 11 2 31 25 24 14 5 16 10 8 3 28 0
1 4 32 6 13 18 11 16 15 31 5 10 3 1 7 14 2 17 12 8 9 0
1 5 2 1 3 4 6 0
1 6 3 18 13 4 12 14 9 15 2 1 17 5 10 16 11 7 8 0
1 6 9 30 19 24 25 1 28 20 13 4 16 17 23 15 3 21 14 11 12 10 18 29 27 8 32 26 5 31 2 7 22 0
1 15 30 26 8 25 13 12 23 24 29 27 18 17 21 3 1 7 2 16 10 20 4 28 22 11 19 32 9 6 5 31 14 0
1 16 14 11 13 3 12 18 8 5 20 30 31 2 22 24 4 32 10 15 19 17 7 21 29 25 26 23 9 27 6 1 28 0
1 17 18 4 9 11 6 12 5 14 1 7 32 3 8 20 16 15 13 19 10 2 0
1 20 5 13 15 19 23 6 14 28 8 21 26 4 29 12 17 10 11 30 25 22 3 18 27 24 31 32 9 1 16 2 7 0
1 23 7 8 5 3 28 31 2 16 14 4 22 6 10 30 29 26 32 17 12 9 18 27 21 24 11 15 13 19 20 1 0
1 25 4 27 17 18 10 2 15 13 32 29 23 9 21 12 5 24 26 14 8 20 22 30 3 31 7 6 19 16 1 11 28 0
1 27 11 16 15 25 24 21 7 20 30 13 19 23 9 26 5 10 12 6 18 31 3 29 4 28 1 17 2 22 14 32 8 0
1 27 23 14 9 21 24 12 1 17 31 28 10 29 32 11 5 18 16 4 15 25 22 30 13 8 3 6 20 26 7 2 19 0
1 31 8 7 12 18 29 4 5 6 16 30 28 1 24 14 2 25 17 10 23 3 26 32 27 19 11 15 9 13 0
1 32 1 3 2 0
1 32 1 3 9 12 14 5 4 7 10 6 11 15 8 2 13 0
1 32 1 12 6 8 3 2 13 4 10 5 11 9 7 0
1 32 2 29 18 10 23 20 12 21 25 26 19 5 7 4 9 15 24 11 6 30 28 31 22 27 14 3 8 17 1 16 13 0
1 32 6 2 5 7 3 9 8 4 10 0
1 32 6 5 1 11 4 3 10 7 8 2 0
1 32 6 14 9 2 7 8 1 12 3 11 4 5 13 0
1 32 7 3 1 8 6 9 4 2 5 10 0
1 32 7 3 6 1 14 4 8 9 15 13 2 5 12 11 10 0
1 32 7 4 6 10 3 11 9 12 8 2 5 1 0
1 32 8 6 3 7 4 1 2 5 14 10 11 16 9 12 0
1 32 11 1 2 8 4 7 6 9 10 3 5 0
1 32 12 3 8 22 14 17 1 4 9 20 21 24 23 16 18 2 19 13 6 10 11 5 15 7 0
0
1.0
2.0
3.0
4.0
5.0
6.0
7.0
8.0
9.0
10.0
11.0
12.0
13.0
14.0
15.0
16.0
17.0
18.0
19.0
20.0
21.0
22.0
23.0
24.0
25.0
26.0
27.0
28.0
29.0
30.0
31.0
32.0
