voterId,rank1,rank2,rank3,rank4,rank5,rank6,rank7,rank8,rank9,rank10,numSeats,numCands
0,Seonad Mairi HOY (Grn),skipped,skipped,skipped,skipped,skipped,skipped,skipped,skipped,skipped,,10
1,Seonad Mairi HOY (Grn),skipped,skipped,skipped,skipped,skipped,skipped,skipped,skipped,skipped,,10
2,Seonad Mairi HOY (Grn),skipped,skipped,skipped,skipped,skipped,skipped,skipped,skipped,skipped,,10
3,Seonad Mairi HOY (Grn),skipped,skipped,skipped,skipped,skipped,skipped,skipped,skipped,skipped,,10
4,Seonad Mairi HOY (Grn),skipped,skipped,skipped,skipped,skipped,skipped,skipped,skipped,skipped,,10
5,Seonad Mairi HOY (Grn),skipped,skipped,skipped,skipped,skipped,skipped,skipped,skipped,skipped,,10
6,Seonad Mairi HOY (Grn),skipped,skipped,skipped,skipped,skipped,skipped,skipped,skipped,skipped,,10
7,Seonad Mairi HOY (Grn),skipped,skipped,skipped,skipped,skipped,skipped,skipped,skipped,skipped,,10
8,Seonad Mairi HOY (Grn),skipped,skipped,skipped,skipped,skipped,skipped,skipped,skipped,skipped,,10
9,Seonad Mairi HOY (Grn),skipped,skipped,skipped,skipped,skipped,skipped,skipped,skipped,skipped,,10
10,Seonad Mairi HOY (Grn),skipped,skipped,skipped,skipped,skipped,skipped,skipped,skipped,skipped,,10
11,Seonad Mairi HOY (Grn),skipped,skipped,skipped,skipped,skipped,skipped,skipped,skipped,skipped,,10
12,Seonad Mairi HOY (Grn),skipped,skipped,skipped,skipped,skipped,skipped,skipped,skipped,skipped,,10
13,Seonad Mairi HOY (Grn),skipped,skipped,skipped,skipped,skipped,skipped,skipped,skipped,skipped,,10
14,Seonad Mairi HOY (Grn),skipped,skipped,skipped,skipped,skipped,skipped,skipped,skipped,skipped,,10
15,Seonad Mairi HOY (Grn),skipped,skipped,skipped,skipped,skipped,skipped,skipped,skipped,skipped,,10
16,Seonad Mairi HOY (Grn),skipped,skipped,skipped,skipped,skipped,skipped,skipped,skipped,skipped,,10
17,Seonad Mairi HOY (Grn),skipped,skipped,skipped,skipped,skipped,skipped,skipped,skipped,skipped,,10
18,Seonad Mairi HOY (Grn),skipped,skipped,skipped,skipped,skipped,skipped,skipped,skipped,skipped,,10
19,Seonad Mairi HOY (Grn),skipped,skipped,skipped,skipped,skipped,skipped,skipped,skipped,skipped,,10
20,Seonad Mairi HOY (Grn),skipped,skipped,skipped,skipped,skipped,skipped,skipped,skipped,skipped,,10
21,Seonad Mairi HOY (Grn),skipped,skipped,skipped,skipped,skipped,skipped,skipped,skipped,skipped,,10
22,Seonad Mairi HOY (Grn),skipped,skipped,skipped,skipped,skipped,skipped,skipped,skipped,skipped,,10
23,Seonad Mairi HOY (Grn),skipped,skipped,skipped,skipped,skipped,skipped,skipped,skipped,skipped,,10
24,Seonad Mairi HOY (Grn),skipped,skipped,skipped,skipped,skipped,skipped,skipped,skipped,skipped,,10
25,Seonad Mairi HOY (Grn),skipped,skipped,skipped,skipped,skipped,skipped,skipped,skipped,skipped,,10
26,Seonad Mairi HOY (Grn),skipped,skipped,skipped,skipped,skipped,skipped,skipped,skipped,skipped,,10
27,Seonad Mairi HOY (Grn),skipped,skipped,skipped,skipped,skipped,skipped,skipped,skipped,skipped,,10
28,Seonad Mairi HOY (Grn),skipped,skipped,skipped,skipped,skipped,skipped,skipped,skipped,skipped,,10
29,Seonad Mairi HOY (Grn),skipped,skipped,skipped,skipped,skipped,skipped,skipped,skipped,skipped,,10
30,Seonad Mairi HOY (Grn),skipped,skipped,skipped,skipped,skipped,skipped,skipped,skipped,skipped,,10
31,Seonad Mairi HOY (Grn),Fiona E HIGGINS Glasgow (Lab),skipped,skipped,skipped,skipped,skipped,skipped,skipped,skipped,,10
32,Seonad Mairi HOY (Grn),Fiona E HIGGINS Glasgow (Lab),skipped,skipped,skipped,skipped,skipped,skipped,skipped,skipped,,10
33,Seonad Mairi HOY (Grn),Fiona E HIGGINS Glasgow (Lab),skipped,skipped,skipped,skipped,skipped,skipped,skipped,skipped,,10
34,Seonad Mairi HOY (Grn),Fiona E HIGGINS Glasgow (Lab),skipped,skipped,skipped,skipped,skipped,skipped,skipped,skipped,,10
35,Seonad Mairi HOY (Grn),Fiona E HIGGINS Glasgow (Lab),skipped,skipped,skipped,skipped,skipped,skipped,skipped,skipped,,10
36,Seonad Mairi HOY (Grn),Fiona E HIGGINS Glasgow (Lab),skipped,skipped,skipped,skipped,skipped,skipped,skipped,skipped,,10
37,Seonad Mairi HOY (Grn),Fiona E HIGGINS Glasgow (Lab),skipped,skipped,skipped,skipped,skipped,skipped,skipped,skipped,,10
38,Seonad Mairi HOY (Grn),Fiona E HIGGINS Glasgow (Lab),Martin Lawson OLU-OSAGIE (Alba),Robert JH MOONEY Glasgow (Lab),Sandra WATSON (SNP),Maria WELLS (Con),Scott SIMPSON (LD),skipped,skipped,skipped,,10
39,Seonad Mairi HOY (Grn),Fiona E HIGGINS Glasgow (Lab),Scott SIMPSON (LD),skipped,skipped,skipped,skipped,skipped,skipped,skipped,,10
40,Seonad Mairi HOY (Grn),Fiona E HIGGINS Glasgow (Lab),Brian LAND (Ind),skipped,skipped,skipped,skipped,skipped,skipped,skipped,,10
41,Seonad Mairi HOY (Grn),Fiona E HIGGINS Glasgow (Lab),Brian LAND (Ind),skipped,skipped,skipped,skipped,skipped,skipped,skipped,,10
42,Seonad Mairi HOY (Grn),Fiona E HIGGINS Glasgow (Lab),Brian LAND (Ind),skipped,skipped,skipped,skipped,skipped,skipped,skipped,,10
43,Seonad Mairi HOY (Grn),Fiona E HIGGINS Glasgow (Lab),Allan GOW (SNP),skipped,skipped,skipped,skipped,skipped,skipped,skipped,,10
44,Seonad Mairi HOY (Grn),Fiona E HIGGINS Glasgow (Lab),Allan GOW (SNP),skipped,skipped,skipped,skipped,skipped,skipped,skipped,,10
45,Seonad Mairi HOY (Grn),Fiona E HIGGINS Glasgow (Lab),Allan GOW (SNP),Robert JH MOONEY Glasgow (Lab),Jacqueline MCLAREN (SNP),Sandra WATSON (SNP),skipped,skipped,skipped,skipped,,10
46,Seonad Mairi HOY (Grn),Fiona E HIGGINS Glasgow (Lab),Allan GOW (SNP),Robert JH MOONEY Glasgow (Lab),Jacqueline MCLAREN (SNP),Sandra WATSON (SNP),skipped,skipped,skipped,skipped,,10
47,Seonad Mairi HOY (Grn),Fiona E HIGGINS Glasgow (Lab),Allan GOW (SNP),Sandra WATSON (SNP),Jacqueline MCLAREN (SNP),Robert JH MOONEY Glasgow (Lab),Scott SIMPSON (LD),skipped,skipped,skipped,,10
48,Seonad Mairi HOY (Grn),Fiona E HIGGINS Glasgow (Lab),Jacqueline MCLAREN (SNP),Robert JH MOONEY Glasgow (Lab),Sandra WATSON (SNP),skipped,skipped,skipped,skipped,skipped,,10
49,Seonad Mairi HOY (Grn),Fiona E HIGGINS Glasgow (Lab),Robert JH MOONEY Glasgow (Lab),skipped,skipped,skipped,skipped,skipped,skipped,skipped,,10
50,Seonad Mairi HOY (Grn),Fiona E HIGGINS Glasgow (Lab),Robert JH MOONEY Glasgow (Lab),skipped,skipped,skipped,skipped,skipped,skipped,skipped,,10
51,Seonad Mairi HOY (Grn),Fiona E HIGGINS Glasgow (Lab),Robert JH MOONEY Glasgow (Lab),skipped,skipped,skipped,skipped,skipped,skipped,skipped,,10
52,Seonad Mairi HOY (Grn),Fiona E HIGGINS Glasgow (Lab),Robert JH MOONEY Glasgow (Lab),skipped,skipped,skipped,skipped,skipped,skipped,skipped,,10
53,Seonad Mairi HOY (Grn),Fiona E HIGGINS Glasgow (Lab),Robert JH MOONEY Glasgow (Lab),skipped,skipped,skipped,skipped,skipped,skipped,skipped,,10
54,Seonad Mairi HOY (Grn),Fiona E HIGGINS Glasgow (Lab),Robert JH MOONEY Glasgow (Lab),skipped,skipped,skipped,skipped,skipped,skipped,skipped,,10
55,Seonad Mairi HOY (Grn),Fiona E HIGGINS Glasgow (Lab),Robert JH MOONEY Glasgow (Lab),skipped,skipped,skipped,skipped,skipped,skipped,skipped,,10
56,Seonad Mairi HOY (Grn),Fiona E HIGGINS Glasgow (Lab),Robert JH MOONEY Glasgow (Lab),skipped,skipped,skipped,skipped,skipped,skipped,skipped,,10
57,Seonad Mairi HOY (Grn),Fiona E HIGGINS Glasgow (Lab),Robert JH MOONEY Glasgow (Lab),Scott SIMPSON (LD),skipped,skipped,skipped,skipped,skipped,skipped,,10
58,Seonad Mairi HOY (Grn),Fiona E HIGGINS Glasgow (Lab),Robert JH MOONEY Glasgow (Lab),Brian LAND (Ind),Allan GOW (SNP),Sandra WATSON (SNP),Scott SIMPSON (LD),skipped,skipped,skipped,,10
59,Seonad Mairi HOY (Grn),Fiona E HIGGINS Glasgow (Lab),Robert JH MOONEY Glasgow (Lab),Allan GOW (SNP),skipped,skipped,skipped,skipped,skipped,skipped,,10
60,Seonad Mairi HOY (Grn),Fiona E HIGGINS Glasgow (Lab),Robert JH MOONEY Glasgow (Lab),Allan GOW (SNP),skipped,skipped,skipped,skipped,skipped,skipped,,10
61,Seonad Mairi HOY (Grn),Fiona E HIGGINS Glasgow (Lab),Robert JH MOONEY Glasgow (Lab),Allan GOW (SNP),Jacqueline MCLAREN (SNP),Sandra WATSON (SNP),Scott SIMPSON (LD),skipped,skipped,skipped,,10
62,Seonad Mairi HOY (Grn),Fiona E HIGGINS Glasgow (Lab),Robert JH MOONEY Glasgow (Lab),Jacqueline MCLAREN (SNP),skipped,skipped,skipped,skipped,skipped,skipped,,10
63,Seonad Mairi HOY (Grn),Fiona E HIGGINS Glasgow (Lab),Robert JH MOONEY Glasgow (Lab),Jacqueline MCLAREN (SNP),skipped,skipped,skipped,skipped,skipped,skipped,,10
64,Seonad Mairi HOY (Grn),Fiona E HIGGINS Glasgow (Lab),Robert JH MOONEY Glasgow (Lab),Jacqueline MCLAREN (SNP),Allan GOW (SNP),skipped,skipped,skipped,skipped,skipped,,10
65,Seonad Mairi HOY (Grn),Fiona E HIGGINS Glasgow (Lab),Robert JH MOONEY Glasgow (Lab),Jacqueline MCLAREN (SNP),Allan GOW (SNP),Sandra WATSON (SNP),Scott SIMPSON (LD),skipped,skipped,skipped,,10
66,Seonad Mairi HOY (Grn),Fiona E HIGGINS Glasgow (Lab),Robert JH MOONEY Glasgow (Lab),Jacqueline MCLAREN (SNP),Sandra WATSON (SNP),Allan GOW (SNP),Brian LAND (Ind),skipped,skipped,skipped,,10
67,Seonad Mairi HOY (Grn),Fiona E HIGGINS Glasgow (Lab),Robert JH MOONEY Glasgow (Lab),Sandra WATSON (SNP),Jacqueline MCLAREN (SNP),Allan GOW (SNP),skipped,skipped,skipped,skipped,,10
68,Seonad Mairi HOY (Grn),Fiona E HIGGINS Glasgow (Lab),Robert JH MOONEY Glasgow (Lab),Sandra WATSON (SNP),Jacqueline MCLAREN (SNP),Allan GOW (SNP),Scott SIMPSON (LD),skipped,skipped,skipped,,10
69,Seonad Mairi HOY (Grn),Fiona E HIGGINS Glasgow (Lab),Sandra WATSON (SNP),skipped,skipped,skipped,skipped,skipped,skipped,skipped,,10
70,Seonad Mairi HOY (Grn),Fiona E HIGGINS Glasgow (Lab),Sandra WATSON (SNP),Brian LAND (Ind),Robert JH MOONEY Glasgow (Lab),Jacqueline MCLAREN (SNP),Scott SIMPSON (LD),skipped,skipped,skipped,,10
71,Seonad Mairi HOY (Grn),Fiona E HIGGINS Glasgow (Lab),Sandra WATSON (SNP),Allan GOW (SNP),Jacqueline MCLAREN (SNP),Robert JH MOONEY Glasgow (Lab),Scott SIMPSON (LD),skipped,skipped,skipped,,10
72,Seonad Mairi HOY (Grn),Fiona E HIGGINS Glasgow (Lab),Sandra WATSON (SNP),Jacqueline MCLAREN (SNP),Robert JH MOONEY Glasgow (Lab),Allan GOW (SNP),Brian LAND (Ind),skipped,skipped,skipped,,10
73,Seonad Mairi HOY (Grn),Martin Lawson OLU-OSAGIE (Alba),Scott SIMPSON (LD),skipped,skipped,skipped,skipped,skipped,skipped,skipped,,10
74,Seonad Mairi HOY (Grn),Martin Lawson OLU-OSAGIE (Alba),Brian LAND (Ind),Scott SIMPSON (LD),Fiona E HIGGINS Glasgow (Lab),Robert JH MOONEY Glasgow (Lab),skipped,skipped,skipped,skipped,,10
75,Seonad Mairi HOY (Grn),Martin Lawson OLU-OSAGIE (Alba),Brian LAND (Ind),Jacqueline MCLAREN (SNP),Sandra WATSON (SNP),Allan GOW (SNP),skipped,skipped,skipped,skipped,,10
76,Seonad Mairi HOY (Grn),Martin Lawson OLU-OSAGIE (Alba),Allan GOW (SNP),Jacqueline MCLAREN (SNP),Sandra WATSON (SNP),Brian LAND (Ind),skipped,skipped,skipped,skipped,,10
77,Seonad Mairi HOY (Grn),Martin Lawson OLU-OSAGIE (Alba),Allan GOW (SNP),Sandra WATSON (SNP),Jacqueline MCLAREN (SNP),Brian LAND (Ind),skipped,skipped,skipped,skipped,,10
78,Seonad Mairi HOY (Grn),Martin Lawson OLU-OSAGIE (Alba),Robert JH MOONEY Glasgow (Lab),Allan GOW (SNP),Sandra WATSON (SNP),Fiona E HIGGINS Glasgow (Lab),Jacqueline MCLAREN (SNP),skipped,skipped,skipped,,10
79,Seonad Mairi HOY (Grn),Scott SIMPSON (LD),skipped,skipped,skipped,skipped,skipped,skipped,skipped,skipped,,10
80,Seonad Mairi HOY (Grn),Scott SIMPSON (LD),skipped,skipped,skipped,skipped,skipped,skipped,skipped,skipped,,10
81,Seonad Mairi HOY (Grn),Scott SIMPSON (LD),Fiona E HIGGINS Glasgow (Lab),skipped,skipped,skipped,skipped,skipped,skipped,skipped,,10
82,Seonad Mairi HOY (Grn),Scott SIMPSON (LD),Fiona E HIGGINS Glasgow (Lab),skipped,skipped,skipped,skipped,skipped,skipped,skipped,,10
83,Seonad Mairi HOY (Grn),Scott SIMPSON (LD),Martin Lawson OLU-OSAGIE (Alba),Allan GOW (SNP),Sandra WATSON (SNP),Jacqueline MCLAREN (SNP),Fiona E HIGGINS Glasgow (Lab),skipped,skipped,skipped,,10
84,Seonad Mairi HOY (Grn),Scott SIMPSON (LD),Brian LAND (Ind),skipped,skipped,skipped,skipped,skipped,skipped,skipped,,10
85,Seonad Mairi HOY (Grn),Scott SIMPSON (LD),Brian LAND (Ind),skipped,skipped,skipped,skipped,skipped,skipped,skipped,,10
86,Seonad Mairi HOY (Grn),Scott SIMPSON (LD),Maria WELLS (Con),skipped,skipped,skipped,skipped,skipped,skipped,skipped,,10
87,Seonad Mairi HOY (Grn),Scott SIMPSON (LD),Allan GOW (SNP),Jacqueline MCLAREN (SNP),Sandra WATSON (SNP),Robert JH MOONEY Glasgow (Lab),skipped,skipped,skipped,skipped,,10
88,Seonad Mairi HOY (Grn),Scott SIMPSON (LD),Jacqueline MCLAREN (SNP),skipped,skipped,skipped,skipped,skipped,skipped,skipped,,10
89,Seonad Mairi HOY (Grn),Scott SIMPSON (LD),Jacqueline MCLAREN (SNP),skipped,skipped,skipped,skipped,skipped,skipped,skipped,,10
90,Seonad Mairi HOY (Grn),Scott SIMPSON (LD),Robert JH MOONEY Glasgow (Lab),skipped,skipped,skipped,skipped,skipped,skipped,skipped,,10
91,Seonad Mairi HOY (Grn),Scott SIMPSON (LD),Sandra WATSON (SNP),skipped,skipped,skipped,skipped,skipped,skipped,skipped,,10
92,Seonad Mairi HOY (Grn),Brian LAND (Ind),skipped,skipped,skipped,skipped,skipped,skipped,skipped,skipped,,10
93,Seonad Mairi HOY (Grn),Brian LAND (Ind),skipped,skipped,skipped,skipped,skipped,skipped,skipped,skipped,,10
94,Seonad Mairi HOY (Grn),Brian LAND (Ind),skipped,skipped,skipped,skipped,skipped,skipped,skipped,skipped,,10
95,Seonad Mairi HOY (Grn),Brian LAND (Ind),skipped,skipped,skipped,skipped,skipped,skipped,skipped,skipped,,10
96,Seonad Mairi HOY (Grn),Brian LAND (Ind),skipped,skipped,skipped,skipped,skipped,skipped,skipped,skipped,,10
97,Seonad Mairi HOY (Grn),Brian LAND (Ind),skipped,skipped,skipped,skipped,skipped,skipped,skipped,skipped,,10
98,Seonad Mairi HOY (Grn),Brian LAND (Ind),skipped,skipped,skipped,skipped,skipped,skipped,skipped,skipped,,10
99,Seonad Mairi HOY (Grn),Brian LAND (Ind),Fiona E HIGGINS Glasgow (Lab),Robert JH MOONEY Glasgow (Lab),skipped,skipped,skipped,skipped,skipped,skipped,,10
100,Seonad Mairi HOY (Grn),Brian LAND (Ind),Martin Lawson OLU-OSAGIE (Alba),skipped,skipped,skipped,skipped,skipped,skipped,skipped,,10
101,Seonad Mairi HOY (Grn),Brian LAND (Ind),Martin Lawson OLU-OSAGIE (Alba),Scott SIMPSON (LD),Maria WELLS (Con),Sandra WATSON (SNP),Robert JH MOONEY Glasgow (Lab),skipped,skipped,skipped,,10
102,Seonad Mairi HOY (Grn),Brian LAND (Ind),Scott SIMPSON (LD),skipped,skipped,skipped,skipped,skipped,skipped,skipped,,10
103,Seonad Mairi HOY (Grn),Brian LAND (Ind),Scott SIMPSON (LD),skipped,skipped,skipped,skipped,skipped,skipped,skipped,,10
104,Seonad Mairi HOY (Grn),Brian LAND (Ind),Scott SIMPSON (LD),Martin Lawson OLU-OSAGIE (Alba),Robert JH MOONEY Glasgow (Lab),Maria WELLS (Con),Fiona E HIGGINS Glasgow (Lab),skipped,skipped,skipped,,10
105,Seonad Mairi HOY (Grn),Brian LAND (Ind),Allan GOW (SNP),skipped,skipped,skipped,skipped,skipped,skipped,skipped,,10
106,Seonad Mairi HOY (Grn),Brian LAND (Ind),Allan GOW (SNP),Jacqueline MCLAREN (SNP),Martin Lawson OLU-OSAGIE (Alba),Sandra WATSON (SNP),Scott SIMPSON (LD),skipped,skipped,skipped,,10
107,Seonad Mairi HOY (Grn),Brian LAND (Ind),Allan GOW (SNP),Jacqueline MCLAREN (SNP),Sandra WATSON (SNP),Fiona E HIGGINS Glasgow (Lab),skipped,skipped,skipped,skipped,,10
108,Seonad Mairi HOY (Grn),Brian LAND (Ind),Allan GOW (SNP),Sandra WATSON (SNP),Scott SIMPSON (LD),Robert JH MOONEY Glasgow (Lab),Fiona E HIGGINS Glasgow (Lab),skipped,skipped,skipped,,10
109,Seonad Mairi HOY (Grn),Brian LAND (Ind),Allan GOW (SNP),Sandra WATSON (SNP),Jacqueline MCLAREN (SNP),skipped,skipped,skipped,skipped,skipped,,10
110,Seonad Mairi HOY (Grn),Brian LAND (Ind),Allan GOW (SNP),Sandra WATSON (SNP),Jacqueline MCLAREN (SNP),skipped,skipped,skipped,skipped,skipped,,10
111,Seonad Mairi HOY (Grn),Brian LAND (Ind),Allan GOW (SNP),Sandra WATSON (SNP),Jacqueline MCLAREN (SNP),skipped,skipped,skipped,skipped,skipped,,10
112,Seonad Mairi HOY (Grn),Brian LAND (Ind),Jacqueline MCLAREN (SNP),skipped,skipped,skipped,skipped,skipped,skipped,skipped,,10
113,Seonad Mairi HOY (Grn),Brian LAND (Ind),Jacqueline MCLAREN (SNP),Allan GOW (SNP),Fiona E HIGGINS Glasgow (Lab),Robert JH MOONEY Glasgow (Lab),Sandra WATSON (SNP),skipped,skipped,skipped,,10
114,Seonad Mairi HOY (Grn),Brian LAND (Ind),Jacqueline MCLAREN (SNP),Sandra WATSON (SNP),Fiona E HIGGINS Glasgow (Lab),Allan GOW (SNP),skipped,skipped,skipped,skipped,,10
115,Seonad Mairi HOY (Grn),Brian LAND (Ind),Jacqueline MCLAREN (SNP),Sandra WATSON (SNP),Fiona E HIGGINS Glasgow (Lab),Allan GOW (SNP),Robert JH MOONEY Glasgow (Lab),skipped,skipped,skipped,,10
116,Seonad Mairi HOY (Grn),Brian LAND (Ind),Sandra WATSON (SNP),Jacqueline MCLAREN (SNP),Allan GOW (SNP),skipped,skipped,skipped,skipped,skipped,,10
117,Seonad Mairi HOY (Grn),Brian LAND (Ind),Sandra WATSON (SNP),Jacqueline MCLAREN (SNP),Allan GOW (SNP),Robert JH MOONEY Glasgow (Lab),skipped,skipped,skipped,skipped,,10
118,Seonad Mairi HOY (Grn),Maria WELLS (Con),Martin Lawson OLU-OSAGIE (Alba),Scott SIMPSON (LD),skipped,skipped,skipped,skipped,skipped,skipped,,10
119,Seonad Mairi HOY (Grn),Maria WELLS (Con),Martin Lawson OLU-OSAGIE (Alba),Scott SIMPSON (LD),skipped,skipped,skipped,skipped,skipped,skipped,,10
120,Seonad Mairi HOY (Grn),Maria WELLS (Con),Scott SIMPSON (LD),Fiona E HIGGINS Glasgow (Lab),Robert JH MOONEY Glasgow (Lab),Brian LAND (Ind),Sandra WATSON (SNP),skipped,skipped,skipped,,10
121,Seonad Mairi HOY (Grn),Maria WELLS (Con),Brian LAND (Ind),Scott SIMPSON (LD),Fiona E HIGGINS Glasgow (Lab),Robert JH MOONEY Glasgow (Lab),Jacqueline MCLAREN (SNP),skipped,skipped,skipped,,10
122,Seonad Mairi HOY (Grn),Allan GOW (SNP),skipped,skipped,skipped,skipped,skipped,skipped,skipped,skipped,,10
123,Seonad Mairi HOY (Grn),Allan GOW (SNP),skipped,skipped,skipped,skipped,skipped,skipped,skipped,skipped,,10
124,Seonad Mairi HOY (Grn),Allan GOW (SNP),skipped,skipped,skipped,skipped,skipped,skipped,skipped,skipped,,10
125,Seonad Mairi HOY (Grn),Allan GOW (SNP),Fiona E HIGGINS Glasgow (Lab),skipped,skipped,skipped,skipped,skipped,skipped,skipped,,10
126,Seonad Mairi HOY (Grn),Allan GOW (SNP),Fiona E HIGGINS Glasgow (Lab),skipped,skipped,skipped,skipped,skipped,skipped,skipped,,10
127,Seonad Mairi HOY (Grn),Allan GOW (SNP),Fiona E HIGGINS Glasgow (Lab),skipped,skipped,skipped,skipped,skipped,skipped,skipped,,10
128,Seonad Mairi HOY (Grn),Allan GOW (SNP),Fiona E HIGGINS Glasgow (Lab),skipped,skipped,skipped,skipped,skipped,skipped,skipped,,10
129,Seonad Mairi HOY (Grn),Allan GOW (SNP),Fiona E HIGGINS Glasgow (Lab),skipped,skipped,skipped,skipped,skipped,skipped,skipped,,10
130,Seonad Mairi HOY (Grn),Allan GOW (SNP),Fiona E HIGGINS Glasgow (Lab),skipped,skipped,skipped,skipped,skipped,skipped,skipped,,10
131,Seonad Mairi HOY (Grn),Allan GOW (SNP),Fiona E HIGGINS Glasgow (Lab),skipped,skipped,skipped,skipped,skipped,skipped,skipped,,10
132,Seonad Mairi HOY (Grn),Allan GOW (SNP),Fiona E HIGGINS Glasgow (Lab),skipped,skipped,skipped,skipped,skipped,skipped,skipped,,10
133,Seonad Mairi HOY (Grn),Allan GOW (SNP),Fiona E HIGGINS Glasgow (Lab),skipped,skipped,skipped,skipped,skipped,skipped,skipped,,10
134,Seonad Mairi HOY (Grn),Allan GOW (SNP),Fiona E HIGGINS Glasgow (Lab),skipped,skipped,skipped,skipped,skipped,skipped,skipped,,10
135,Seonad Mairi HOY (Grn),Allan GOW (SNP),Fiona E HIGGINS Glasgow (Lab),skipped,skipped,skipped,skipped,skipped,skipped,skipped,,10
136,Seonad Mairi HOY (Grn),Allan GOW (SNP),Fiona E HIGGINS Glasgow (Lab),Jacqueline MCLAREN (SNP),Robert JH MOONEY Glasgow (Lab),Sandra WATSON (SNP),Scott SIMPSON (LD),skipped,skipped,skipped,,10
137,Seonad Mairi HOY (Grn),Allan GOW (SNP),Fiona E HIGGINS Glasgow (Lab),Robert JH MOONEY Glasgow (Lab),Jacqueline MCLAREN (SNP),Sandra WATSON (SNP),Scott SIMPSON (LD),skipped,skipped,skipped,,10
138,Seonad Mairi HOY (Grn),Allan GOW (SNP),Fiona E HIGGINS Glasgow (Lab),Sandra WATSON (SNP),Jacqueline MCLAREN (SNP),skipped,skipped,skipped,skipped,skipped,,10
139,Seonad Mairi HOY (Grn),Allan GOW (SNP),Scott SIMPSON (LD),skipped,skipped,skipped,skipped,skipped,skipped,skipped,,10
140,Seonad Mairi HOY (Grn),Allan GOW (SNP),Scott SIMPSON (LD),skipped,skipped,skipped,skipped,skipped,skipped,skipped,,10
141,Seonad Mairi HOY (Grn),Allan GOW (SNP),Scott SIMPSON (LD),Maria WELLS (Con),skipped,skipped,skipped,skipped,skipped,skipped,,10
142,Seonad Mairi HOY (Grn),Allan GOW (SNP),Scott SIMPSON (LD),Jacqueline MCLAREN (SNP),Sandra WATSON (SNP),Robert JH MOONEY Glasgow (Lab),Fiona E HIGGINS Glasgow (Lab),skipped,skipped,skipped,,10
143,Seonad Mairi HOY (Grn),Allan GOW (SNP),Brian LAND (Ind),skipped,skipped,skipped,skipped,skipped,skipped,skipped,,10
144,Seonad Mairi HOY (Grn),Allan GOW (SNP),Brian LAND (Ind),skipped,skipped,skipped,skipped,skipped,skipped,skipped,,10
145,Seonad Mairi HOY (Grn),Allan GOW (SNP),Brian LAND (Ind),skipped,skipped,skipped,skipped,skipped,skipped,skipped,,10
146,Seonad Mairi HOY (Grn),Allan GOW (SNP),Brian LAND (Ind),skipped,skipped,skipped,skipped,skipped,skipped,skipped,,10
147,Seonad Mairi HOY (Grn),Allan GOW (SNP),Jacqueline MCLAREN (SNP),skipped,skipped,skipped,skipped,skipped,skipped,skipped,,10
148,Seonad Mairi HOY (Grn),Allan GOW (SNP),Jacqueline MCLAREN (SNP),skipped,skipped,skipped,skipped,skipped,skipped,skipped,,10
149,Seonad Mairi HOY (Grn),Allan GOW (SNP),Jacqueline MCLAREN (SNP),skipped,skipped,skipped,skipped,skipped,skipped,skipped,,10
150,Seonad Mairi HOY (Grn),Allan GOW (SNP),Jacqueline MCLAREN (SNP),skipped,skipped,skipped,skipped,skipped,skipped,skipped,,10
151,Seonad Mairi HOY (Grn),Allan GOW (SNP),Jacqueline MCLAREN (SNP),skipped,skipped,skipped,skipped,skipped,skipped,skipped,,10
152,Seonad Mairi HOY (Grn),Allan GOW (SNP),Jacqueline MCLAREN (SNP),skipped,skipped,skipped,skipped,skipped,skipped,skipped,,10
153,Seonad Mairi HOY (Grn),Allan GOW (SNP),Jacqueline MCLAREN (SNP),skipped,skipped,skipped,skipped,skipped,skipped,skipped,,10
154,Seonad Mairi HOY (Grn),Allan GOW (SNP),Jacqueline MCLAREN (SNP),Fiona E HIGGINS Glasgow (Lab),Robert JH MOONEY Glasgow (Lab),Sandra WATSON (SNP),Scott SIMPSON (LD),skipped,skipped,skipped,,10
155,Seonad Mairi HOY (Grn),Allan GOW (SNP),Jacqueline MCLAREN (SNP),Fiona E HIGGINS Glasgow (Lab),Sandra WATSON (SNP),Martin Lawson OLU-OSAGIE (Alba),Robert JH MOONEY Glasgow (Lab),skipped,skipped,skipped,,10
156,Seonad Mairi HOY (Grn),Allan GOW (SNP),Jacqueline MCLAREN (SNP),Martin Lawson OLU-OSAGIE (Alba),skipped,skipped,skipped,skipped,skipped,skipped,,10
157,Seonad Mairi HOY (Grn),Allan GOW (SNP),Jacqueline MCLAREN (SNP),Brian LAND (Ind),Sandra WATSON (SNP),skipped,skipped,skipped,skipped,skipped,,10
158,Seonad Mairi HOY (Grn),Allan GOW (SNP),Jacqueline MCLAREN (SNP),Brian LAND (Ind),Sandra WATSON (SNP),skipped,skipped,skipped,skipped,skipped,,10
159,Seonad Mairi HOY (Grn),Allan GOW (SNP),Jacqueline MCLAREN (SNP),Sandra WATSON (SNP),skipped,skipped,skipped,skipped,skipped,skipped,,10
160,Seonad Mairi HOY (Grn),Allan GOW (SNP),Jacqueline MCLAREN (SNP),Sandra WATSON (SNP),skipped,skipped,skipped,skipped,skipped,skipped,,10
161,Seonad Mairi HOY (Grn),Allan GOW (SNP),Jacqueline MCLAREN (SNP),Sandra WATSON (SNP),skipped,skipped,skipped,skipped,skipped,skipped,,10
162,Seonad Mairi HOY (Grn),Allan GOW (SNP),Jacqueline MCLAREN (SNP),Sandra WATSON (SNP),skipped,skipped,skipped,skipped,skipped,skipped,,10
163,Seonad Mairi HOY (Grn),Allan GOW (SNP),Jacqueline MCLAREN (SNP),Sandra WATSON (SNP),skipped,skipped,skipped,skipped,skipped,skipped,,10
164,Seonad Mairi HOY (Grn),Allan GOW (SNP),Jacqueline MCLAREN (SNP),Sandra WATSON (SNP),skipped,skipped,skipped,skipped,skipped,skipped,,10
165,Seonad Mairi HOY (Grn),Allan GOW (SNP),Jacqueline MCLAREN (SNP),Sandra WATSON (SNP),skipped,skipped,skipped,skipped,skipped,skipped,,10
166,Seonad Mairi HOY (Grn),Allan GOW (SNP),Jacqueline MCLAREN (SNP),Sandra WATSON (SNP),skipped,skipped,skipped,skipped,skipped,skipped,,10
167,Seonad Mairi HOY (Grn),Allan GOW (SNP),Jacqueline MCLAREN (SNP),Sandra WATSON (SNP),skipped,skipped,skipped,skipped,skipped,skipped,,10
168,Seonad Mairi HOY (Grn),Allan GOW (SNP),Jacqueline MCLAREN (SNP),Sandra WATSON (SNP),skipped,skipped,skipped,skipped,skipped,skipped,,10
169,Seonad Mairi HOY (Grn),Allan GOW (SNP),Jacqueline MCLAREN (SNP),Sandra WATSON (SNP),skipped,skipped,skipped,skipped,skipped,skipped,,10
170,Seonad Mairi HOY (Grn),Allan GOW (SNP),Jacqueline MCLAREN (SNP),Sandra WATSON (SNP),skipped,skipped,skipped,skipped,skipped,skipped,,10
171,Seonad Mairi HOY (Grn),Allan GOW (SNP),Jacqueline MCLAREN (SNP),Sandra WATSON (SNP),skipped,skipped,skipped,skipped,skipped,skipped,,10
172,Seonad Mairi HOY (Grn),Allan GOW (SNP),Jacqueline MCLAREN (SNP),Sandra WATSON (SNP),skipped,skipped,skipped,skipped,skipped,skipped,,10
173,Seonad Mairi HOY (Grn),Allan GOW (SNP),Jacqueline MCLAREN (SNP),Sandra WATSON (SNP),skipped,skipped,skipped,skipped,skipped,skipped,,10
174,Seonad Mairi HOY (Grn),Allan GOW (SNP),Jacqueline MCLAREN (SNP),Sandra WATSON (SNP),skipped,skipped,skipped,skipped,skipped,skipped,,10
175,Seonad Mairi HOY (Grn),Allan GOW (SNP),Jacqueline MCLAREN (SNP),Sandra WATSON (SNP),Fiona E HIGGINS Glasgow (Lab),skipped,skipped,skipped,skipped,skipped,,10
176,Seonad Mairi HOY (Grn),Allan GOW (SNP),Jacqueline MCLAREN (SNP),Sandra WATSON (SNP),Fiona E HIGGINS Glasgow (Lab),Scott SIMPSON (LD),Robert JH MOONEY Glasgow (Lab),skipped,skipped,skipped,,10
177,Seonad Mairi HOY (Grn),Allan GOW (SNP),Jacqueline MCLAREN (SNP),Sandra WATSON (SNP),Fiona E HIGGINS Glasgow (Lab),Robert JH MOONEY Glasgow (Lab),skipped,skipped,skipped,skipped,,10
178,Seonad Mairi HOY (Grn),Allan GOW (SNP),Jacqueline MCLAREN (SNP),Sandra WATSON (SNP),Fiona E HIGGINS Glasgow (Lab),Robert JH MOONEY Glasgow (Lab),skipped,skipped,skipped,skipped,,10
179,Seonad Mairi HOY (Grn),Allan GOW (SNP),Jacqueline MCLAREN (SNP),Sandra WATSON (SNP),Fiona E HIGGINS Glasgow (Lab),Robert JH MOONEY Glasgow (Lab),skipped,skipped,skipped,skipped,,10
180,Seonad Mairi HOY (Grn),Allan GOW (SNP),Jacqueline MCLAREN (SNP),Sandra WATSON (SNP),Fiona E HIGGINS Glasgow (Lab),Robert JH MOONEY Glasgow (Lab),skipped,skipped,skipped,skipped,,10
181,Seonad Mairi HOY (Grn),Allan GOW (SNP),Jacqueline MCLAREN (SNP),Sandra WATSON (SNP),Fiona E HIGGINS Glasgow (Lab),Robert JH MOONEY Glasgow (Lab),skipped,skipped,skipped,skipped,,10
182,Seonad Mairi HOY (Grn),Allan GOW (SNP),Jacqueline MCLAREN (SNP),Sandra WATSON (SNP),Fiona E HIGGINS Glasgow (Lab),Robert JH MOONEY Glasgow (Lab),Scott SIMPSON (LD),skipped,skipped,skipped,,10
183,Seonad Mairi HOY (Grn),Allan GOW (SNP),Jacqueline MCLAREN (SNP),Sandra WATSON (SNP),Fiona E HIGGINS Glasgow (Lab),Robert JH MOONEY Glasgow (Lab),Scott SIMPSON (LD),skipped,skipped,skipped,,10
184,Seonad Mairi HOY (Grn),Allan GOW (SNP),Jacqueline MCLAREN (SNP),Sandra WATSON (SNP),Fiona E HIGGINS Glasgow (Lab),Robert JH MOONEY Glasgow (Lab),Brian LAND (Ind),skipped,skipped,skipped,,10
185,Seonad Mairi HOY (Grn),Allan GOW (SNP),Jacqueline MCLAREN (SNP),Sandra WATSON (SNP),Martin Lawson OLU-OSAGIE (Alba),Brian LAND (Ind),skipped,skipped,skipped,skipped,,10
186,Seonad Mairi HOY (Grn),Allan GOW (SNP),Jacqueline MCLAREN (SNP),Sandra WATSON (SNP),Martin Lawson OLU-OSAGIE (Alba),Brian LAND (Ind),Scott SIMPSON (LD),skipped,skipped,skipped,,10
187,Seonad Mairi HOY (Grn),Allan GOW (SNP),Jacqueline MCLAREN (SNP),Sandra WATSON (SNP),Scott SIMPSON (LD),skipped,skipped,skipped,skipped,skipped,,10
188,Seonad Mairi HOY (Grn),Allan GOW (SNP),Jacqueline MCLAREN (SNP),Sandra WATSON (SNP),Scott SIMPSON (LD),Fiona E HIGGINS Glasgow (Lab),Brian LAND (Ind),skipped,skipped,skipped,,10
189,Seonad Mairi HOY (Grn),Allan GOW (SNP),Jacqueline MCLAREN (SNP),Sandra WATSON (SNP),Scott SIMPSON (LD),Fiona E HIGGINS Glasgow (Lab),Robert JH MOONEY Glasgow (Lab),skipped,skipped,skipped,,10
190,Seonad Mairi HOY (Grn),Allan GOW (SNP),Jacqueline MCLAREN (SNP),Sandra WATSON (SNP),Scott SIMPSON (LD),Maria WELLS (Con),Robert JH MOONEY Glasgow (Lab),skipped,skipped,skipped,,10
191,Seonad Mairi HOY (Grn),Allan GOW (SNP),Jacqueline MCLAREN (SNP),Sandra WATSON (SNP),Scott SIMPSON (LD),Robert JH MOONEY Glasgow (Lab),Fiona E HIGGINS Glasgow (Lab),skipped,skipped,skipped,,10
192,Seonad Mairi HOY (Grn),Allan GOW (SNP),Jacqueline MCLAREN (SNP),Sandra WATSON (SNP),Scott SIMPSON (LD),Robert JH MOONEY Glasgow (Lab),Fiona E HIGGINS Glasgow (Lab),skipped,skipped,skipped,,10
193,Seonad Mairi HOY (Grn),Allan GOW (SNP),Jacqueline MCLAREN (SNP),Sandra WATSON (SNP),Brian LAND (Ind),skipped,skipped,skipped,skipped,skipped,,10
194,Seonad Mairi HOY (Grn),Allan GOW (SNP),Jacqueline MCLAREN (SNP),Sandra WATSON (SNP),Brian LAND (Ind),Fiona E HIGGINS Glasgow (Lab),Robert JH MOONEY Glasgow (Lab),skipped,skipped,skipped,,10
195,Seonad Mairi HOY (Grn),Allan GOW (SNP),Jacqueline MCLAREN (SNP),Sandra WATSON (SNP),Brian LAND (Ind),Martin Lawson OLU-OSAGIE (Alba),Fiona E HIGGINS Glasgow (Lab),skipped,skipped,skipped,,10
196,Seonad Mairi HOY (Grn),Allan GOW (SNP),Jacqueline MCLAREN (SNP),Sandra WATSON (SNP),Brian LAND (Ind),Martin Lawson OLU-OSAGIE (Alba),Robert JH MOONEY Glasgow (Lab),skipped,skipped,skipped,,10
197,Seonad Mairi HOY (Grn),Allan GOW (SNP),Jacqueline MCLAREN (SNP),Sandra WATSON (SNP),Brian LAND (Ind),Robert JH MOONEY Glasgow (Lab),Fiona E HIGGINS Glasgow (Lab),skipped,skipped,skipped,,10
198,Seonad Mairi HOY (Grn),Allan GOW (SNP),Jacqueline MCLAREN (SNP),Sandra WATSON (SNP),Robert JH MOONEY Glasgow (Lab),Fiona E HIGGINS Glasgow (Lab),skipped,skipped,skipped,skipped,,10
199,Seonad Mairi HOY (Grn),Allan GOW (SNP),Jacqueline MCLAREN (SNP),Sandra WATSON (SNP),Robert JH MOONEY Glasgow (Lab),Fiona E HIGGINS Glasgow (Lab),skipped,skipped,skipped,skipped,,10
200,Seonad Mairi HOY (Grn),Allan GOW (SNP),Jacqueline MCLAREN (SNP),Sandra WATSON (SNP),Robert JH MOONEY Glasgow (Lab),Fiona E HIGGINS Glasgow (Lab),skipped,skipped,skipped,skipped,,10
201,Seonad Mairi HOY (Grn),Allan GOW (SNP),Jacqueline MCLAREN (SNP),Sandra WATSON (SNP),Robert JH MOONEY Glasgow (Lab),Fiona E HIGGINS Glasgow (Lab),Brian LAND (Ind),skipped,skipped,skipped,,10
202,Seonad Mairi HOY (Grn),Allan GOW (SNP),Sandra WATSON (SNP),skipped,skipped,skipped,skipped,skipped,skipped,skipped,,10
203,Seonad Mairi HOY (Grn),Allan GOW (SNP),Sandra WATSON (SNP),skipped,skipped,skipped,skipped,skipped,skipped,skipped,,10
204,Seonad Mairi HOY (Grn),Allan GOW (SNP),Sandra WATSON (SNP),skipped,skipped,skipped,skipped,skipped,skipped,skipped,,10
205,Seonad Mairi HOY (Grn),Allan GOW (SNP),Sandra WATSON (SNP),skipped,skipped,skipped,skipped,skipped,skipped,skipped,,10
206,Seonad Mairi HOY (Grn),Allan GOW (SNP),Sandra WATSON (SNP),Scott SIMPSON (LD),Jacqueline MCLAREN (SNP),Brian LAND (Ind),Martin Lawson OLU-OSAGIE (Alba),skipped,skipped,skipped,,10
207,Seonad Mairi HOY (Grn),Allan GOW (SNP),Sandra WATSON (SNP),Jacqueline MCLAREN (SNP),skipped,skipped,skipped,skipped,skipped,skipped,,10
208,Seonad Mairi HOY (Grn),Allan GOW (SNP),Sandra WATSON (SNP),Jacqueline MCLAREN (SNP),skipped,skipped,skipped,skipped,skipped,skipped,,10
209,Seonad Mairi HOY (Grn),Jacqueline MCLAREN (SNP),Fiona E HIGGINS Glasgow (Lab),skipped,skipped,skipped,skipped,skipped,skipped,skipped,,10
210,Seonad Mairi HOY (Grn),Jacqueline MCLAREN (SNP),Fiona E HIGGINS Glasgow (Lab),skipped,skipped,skipped,skipped,skipped,skipped,skipped,,10
211,Seonad Mairi HOY (Grn),Jacqueline MCLAREN (SNP),Fiona E HIGGINS Glasgow (Lab),skipped,skipped,skipped,skipped,skipped,skipped,skipped,,10
212,Seonad Mairi HOY (Grn),Jacqueline MCLAREN (SNP),Fiona E HIGGINS Glasgow (Lab),skipped,skipped,skipped,skipped,skipped,skipped,skipped,,10
213,Seonad Mairi HOY (Grn),Jacqueline MCLAREN (SNP),Fiona E HIGGINS Glasgow (Lab),Allan GOW (SNP),Robert JH MOONEY Glasgow (Lab),Sandra WATSON (SNP),skipped,skipped,skipped,skipped,,10
214,Seonad Mairi HOY (Grn),Jacqueline MCLAREN (SNP),Fiona E HIGGINS Glasgow (Lab),Sandra WATSON (SNP),skipped,skipped,skipped,skipped,skipped,skipped,,10
215,Seonad Mairi HOY (Grn),Jacqueline MCLAREN (SNP),Fiona E HIGGINS Glasgow (Lab),Sandra WATSON (SNP),Scott SIMPSON (LD),Robert JH MOONEY Glasgow (Lab),Allan GOW (SNP),skipped,skipped,skipped,,10
216,Seonad Mairi HOY (Grn),Jacqueline MCLAREN (SNP),Fiona E HIGGINS Glasgow (Lab),Sandra WATSON (SNP),Allan GOW (SNP),Robert JH MOONEY Glasgow (Lab),Scott SIMPSON (LD),skipped,skipped,skipped,,10
217,Seonad Mairi HOY (Grn),Jacqueline MCLAREN (SNP),Martin Lawson OLU-OSAGIE (Alba),skipped,skipped,skipped,skipped,skipped,skipped,skipped,,10
218,Seonad Mairi HOY (Grn),Jacqueline MCLAREN (SNP),Scott SIMPSON (LD),skipped,skipped,skipped,skipped,skipped,skipped,skipped,,10
219,Seonad Mairi HOY (Grn),Jacqueline MCLAREN (SNP),Brian LAND (Ind),Allan GOW (SNP),Sandra WATSON (SNP),skipped,skipped,skipped,skipped,skipped,,10
220,Seonad Mairi HOY (Grn),Jacqueline MCLAREN (SNP),Brian LAND (Ind),Sandra WATSON (SNP),Allan GOW (SNP),Fiona E HIGGINS Glasgow (Lab),Robert JH MOONEY Glasgow (Lab),skipped,skipped,skipped,,10
221,Seonad Mairi HOY (Grn),Jacqueline MCLAREN (SNP),Allan GOW (SNP),skipped,skipped,skipped,skipped,skipped,skipped,skipped,,10
222,Seonad Mairi HOY (Grn),Jacqueline MCLAREN (SNP),Allan GOW (SNP),skipped,skipped,skipped,skipped,skipped,skipped,skipped,,10
223,Seonad Mairi HOY (Grn),Jacqueline MCLAREN (SNP),Allan GOW (SNP),skipped,skipped,skipped,skipped,skipped,skipped,skipped,,10
224,Seonad Mairi HOY (Grn),Jacqueline MCLAREN (SNP),Allan GOW (SNP),Scott SIMPSON (LD),Sandra WATSON (SNP),Martin Lawson OLU-OSAGIE (Alba),Fiona E HIGGINS Glasgow (Lab),skipped,skipped,skipped,,10
225,Seonad Mairi HOY (Grn),Jacqueline MCLAREN (SNP),Allan GOW (SNP),Brian LAND (Ind),skipped,skipped,skipped,skipped,skipped,skipped,,10
226,Seonad Mairi HOY (Grn),Jacqueline MCLAREN (SNP),Allan GOW (SNP),Sandra WATSON (SNP),skipped,skipped,skipped,skipped,skipped,skipped,,10
227,Seonad Mairi HOY (Grn),Jacqueline MCLAREN (SNP),Allan GOW (SNP),Sandra WATSON (SNP),skipped,skipped,skipped,skipped,skipped,skipped,,10
228,Seonad Mairi HOY (Grn),Jacqueline MCLAREN (SNP),Allan GOW (SNP),Sandra WATSON (SNP),skipped,skipped,skipped,skipped,skipped,skipped,,10
229,Seonad Mairi HOY (Grn),Jacqueline MCLAREN (SNP),Allan GOW (SNP),Sandra WATSON (SNP),skipped,skipped,skipped,skipped,skipped,skipped,,10
230,Seonad Mairi HOY (Grn),Jacqueline MCLAREN (SNP),Allan GOW (SNP),Sandra WATSON (SNP),skipped,skipped,skipped,skipped,skipped,skipped,,10
231,Seonad Mairi HOY (Grn),Jacqueline MCLAREN (SNP),Allan GOW (SNP),Sandra WATSON (SNP),skipped,skipped,skipped,skipped,skipped,skipped,,10
232,Seonad Mairi HOY (Grn),Jacqueline MCLAREN (SNP),Allan GOW (SNP),Sandra WATSON (SNP),skipped,skipped,skipped,skipped,skipped,skipped,,10
233,Seonad Mairi HOY (Grn),Jacqueline MCLAREN (SNP),Allan GOW (SNP),Sandra WATSON (SNP),Fiona E HIGGINS Glasgow (Lab),Robert JH MOONEY Glasgow (Lab),skipped,skipped,skipped,skipped,,10
234,Seonad Mairi HOY (Grn),Jacqueline MCLAREN (SNP),Allan GOW (SNP),Sandra WATSON (SNP),Fiona E HIGGINS Glasgow (Lab),Robert JH MOONEY Glasgow (Lab),Scott SIMPSON (LD),skipped,skipped,skipped,,10
235,Seonad Mairi HOY (Grn),Jacqueline MCLAREN (SNP),Allan GOW (SNP),Sandra WATSON (SNP),Martin Lawson OLU-OSAGIE (Alba),Brian LAND (Ind),Robert JH MOONEY Glasgow (Lab),skipped,skipped,skipped,,10
236,Seonad Mairi HOY (Grn),Jacqueline MCLAREN (SNP),Allan GOW (SNP),Sandra WATSON (SNP),Brian LAND (Ind),Fiona E HIGGINS Glasgow (Lab),Robert JH MOONEY Glasgow (Lab),skipped,skipped,skipped,,10
237,Seonad Mairi HOY (Grn),Jacqueline MCLAREN (SNP),Robert JH MOONEY Glasgow (Lab),skipped,skipped,skipped,skipped,skipped,skipped,skipped,,10
238,Seonad Mairi HOY (Grn),Jacqueline MCLAREN (SNP),Robert JH MOONEY Glasgow (Lab),skipped,skipped,skipped,skipped,skipped,skipped,skipped,,10
239,Seonad Mairi HOY (Grn),Jacqueline MCLAREN (SNP),Robert JH MOONEY Glasgow (Lab),skipped,skipped,skipped,skipped,skipped,skipped,skipped,,10
240,Seonad Mairi HOY (Grn),Jacqueline MCLAREN (SNP),Sandra WATSON (SNP),skipped,skipped,skipped,skipped,skipped,skipped,skipped,,10
241,Seonad Mairi HOY (Grn),Jacqueline MCLAREN (SNP),Sandra WATSON (SNP),skipped,skipped,skipped,skipped,skipped,skipped,skipped,,10
242,Seonad Mairi HOY (Grn),Jacqueline MCLAREN (SNP),Sandra WATSON (SNP),skipped,skipped,skipped,skipped,skipped,skipped,skipped,,10
243,Seonad Mairi HOY (Grn),Jacqueline MCLAREN (SNP),Sandra WATSON (SNP),skipped,skipped,skipped,skipped,skipped,skipped,skipped,,10
244,Seonad Mairi HOY (Grn),Jacqueline MCLAREN (SNP),Sandra WATSON (SNP),skipped,skipped,skipped,skipped,skipped,skipped,skipped,,10
245,Seonad Mairi HOY (Grn),Jacqueline MCLAREN (SNP),Sandra WATSON (SNP),skipped,skipped,skipped,skipped,skipped,skipped,skipped,,10
246,Seonad Mairi HOY (Grn),Jacqueline MCLAREN (SNP),Sandra WATSON (SNP),skipped,skipped,skipped,skipped,skipped,skipped,skipped,,10
247,Seonad Mairi HOY (Grn),Jacqueline MCLAREN (SNP),Sandra WATSON (SNP),skipped,skipped,skipped,skipped,skipped,skipped,skipped,,10
248,Seonad Mairi HOY (Grn),Jacqueline MCLAREN (SNP),Sandra WATSON (SNP),skipped,skipped,skipped,skipped,skipped,skipped,skipped,,10
249,Seonad Mairi HOY (Grn),Jacqueline MCLAREN (SNP),Sandra WATSON (SNP),skipped,skipped,skipped,skipped,skipped,skipped,skipped,,10
250,Seonad Mairi HOY (Grn),Jacqueline MCLAREN (SNP),Sandra WATSON (SNP),skipped,skipped,skipped,skipped,skipped,skipped,skipped,,10
251,Seonad Mairi HOY (Grn),Jacqueline MCLAREN (SNP),Sandra WATSON (SNP),skipped,skipped,skipped,skipped,skipped,skipped,skipped,,10
252,Seonad Mairi HOY (Grn),Jacqueline MCLAREN (SNP),Sandra WATSON (SNP),skipped,skipped,skipped,skipped,skipped,skipped,skipped,,10
253,Seonad Mairi HOY (Grn),Jacqueline MCLAREN (SNP),Sandra WATSON (SNP),Brian LAND (Ind),skipped,skipped,skipped,skipped,skipped,skipped,,10
254,Seonad Mairi HOY (Grn),Jacqueline MCLAREN (SNP),Sandra WATSON (SNP),Brian LAND (Ind),Allan GOW (SNP),Robert JH MOONEY Glasgow (Lab),Fiona E HIGGINS Glasgow (Lab),skipped,skipped,skipped,,10
255,Seonad Mairi HOY (Grn),Jacqueline MCLAREN (SNP),Sandra WATSON (SNP),Allan GOW (SNP),skipped,skipped,skipped,skipped,skipped,skipped,,10
256,Seonad Mairi HOY (Grn),Jacqueline MCLAREN (SNP),Sandra WATSON (SNP),Allan GOW (SNP),skipped,skipped,skipped,skipped,skipped,skipped,,10
257,Seonad Mairi HOY (Grn),Jacqueline MCLAREN (SNP),Sandra WATSON (SNP),Allan GOW (SNP),skipped,skipped,skipped,skipped,skipped,skipped,,10
258,Seonad Mairi HOY (Grn),Jacqueline MCLAREN (SNP),Sandra WATSON (SNP),Allan GOW (SNP),skipped,skipped,skipped,skipped,skipped,skipped,,10
259,Seonad Mairi HOY (Grn),Jacqueline MCLAREN (SNP),Sandra WATSON (SNP),Allan GOW (SNP),skipped,skipped,skipped,skipped,skipped,skipped,,10
260,Seonad Mairi HOY (Grn),Jacqueline MCLAREN (SNP),Sandra WATSON (SNP),Allan GOW (SNP),skipped,skipped,skipped,skipped,skipped,skipped,,10
261,Seonad Mairi HOY (Grn),Jacqueline MCLAREN (SNP),Sandra WATSON (SNP),Allan GOW (SNP),skipped,skipped,skipped,skipped,skipped,skipped,,10
262,Seonad Mairi HOY (Grn),Jacqueline MCLAREN (SNP),Sandra WATSON (SNP),Allan GOW (SNP),skipped,skipped,skipped,skipped,skipped,skipped,,10
263,Seonad Mairi HOY (Grn),Jacqueline MCLAREN (SNP),Sandra WATSON (SNP),Allan GOW (SNP),skipped,skipped,skipped,skipped,skipped,skipped,,10
264,Seonad Mairi HOY (Grn),Jacqueline MCLAREN (SNP),Sandra WATSON (SNP),Allan GOW (SNP),Fiona E HIGGINS Glasgow (Lab),Scott SIMPSON (LD),Maria WELLS (Con),skipped,skipped,skipped,,10
265,Seonad Mairi HOY (Grn),Jacqueline MCLAREN (SNP),Sandra WATSON (SNP),Allan GOW (SNP),Fiona E HIGGINS Glasgow (Lab),Robert JH MOONEY Glasgow (Lab),skipped,skipped,skipped,skipped,,10
266,Seonad Mairi HOY (Grn),Jacqueline MCLAREN (SNP),Sandra WATSON (SNP),Allan GOW (SNP),Fiona E HIGGINS Glasgow (Lab),Robert JH MOONEY Glasgow (Lab),skipped,skipped,skipped,skipped,,10
267,Seonad Mairi HOY (Grn),Jacqueline MCLAREN (SNP),Sandra WATSON (SNP),Allan GOW (SNP),Fiona E HIGGINS Glasgow (Lab),Robert JH MOONEY Glasgow (Lab),skipped,skipped,skipped,skipped,,10
268,Seonad Mairi HOY (Grn),Jacqueline MCLAREN (SNP),Sandra WATSON (SNP),Allan GOW (SNP),Fiona E HIGGINS Glasgow (Lab),Robert JH MOONEY Glasgow (Lab),skipped,skipped,skipped,skipped,,10
269,Seonad Mairi HOY (Grn),Jacqueline MCLAREN (SNP),Sandra WATSON (SNP),Allan GOW (SNP),Fiona E HIGGINS Glasgow (Lab),Robert JH MOONEY Glasgow (Lab),skipped,skipped,skipped,skipped,,10
270,Seonad Mairi HOY (Grn),Jacqueline MCLAREN (SNP),Sandra WATSON (SNP),Allan GOW (SNP),Fiona E HIGGINS Glasgow (Lab),Robert JH MOONEY Glasgow (Lab),skipped,skipped,skipped,skipped,,10
271,Seonad Mairi HOY (Grn),Jacqueline MCLAREN (SNP),Sandra WATSON (SNP),Allan GOW (SNP),Fiona E HIGGINS Glasgow (Lab),Robert JH MOONEY Glasgow (Lab),Scott SIMPSON (LD),skipped,skipped,skipped,,10
272,Seonad Mairi HOY (Grn),Jacqueline MCLAREN (SNP),Sandra WATSON (SNP),Allan GOW (SNP),Fiona E HIGGINS Glasgow (Lab),Robert JH MOONEY Glasgow (Lab),Scott SIMPSON (LD),skipped,skipped,skipped,,10
273,Seonad Mairi HOY (Grn),Jacqueline MCLAREN (SNP),Sandra WATSON (SNP),Allan GOW (SNP),Fiona E HIGGINS Glasgow (Lab),Robert JH MOONEY Glasgow (Lab),Scott SIMPSON (LD),skipped,skipped,skipped,,10
274,Seonad Mairi HOY (Grn),Jacqueline MCLAREN (SNP),Sandra WATSON (SNP),Allan GOW (SNP),Martin Lawson OLU-OSAGIE (Alba),skipped,skipped,skipped,skipped,skipped,,10
275,Seonad Mairi HOY (Grn),Jacqueline MCLAREN (SNP),Sandra WATSON (SNP),Allan GOW (SNP),Scott SIMPSON (LD),Fiona E HIGGINS Glasgow (Lab),Robert JH MOONEY Glasgow (Lab),skipped,skipped,skipped,,10
276,Seonad Mairi HOY (Grn),Jacqueline MCLAREN (SNP),Sandra WATSON (SNP),Allan GOW (SNP),Brian LAND (Ind),Martin Lawson OLU-OSAGIE (Alba),Scott SIMPSON (LD),skipped,skipped,skipped,,10
277,Seonad Mairi HOY (Grn),Robert JH MOONEY Glasgow (Lab),Fiona E HIGGINS Glasgow (Lab),skipped,skipped,skipped,skipped,skipped,skipped,skipped,,10
278,Seonad Mairi HOY (Grn),Robert JH MOONEY Glasgow (Lab),Fiona E HIGGINS Glasgow (Lab),skipped,skipped,skipped,skipped,skipped,skipped,skipped,,10
279,Seonad Mairi HOY (Grn),Robert JH MOONEY Glasgow (Lab),Fiona E HIGGINS Glasgow (Lab),skipped,skipped,skipped,skipped,skipped,skipped,skipped,,10
280,Seonad Mairi HOY (Grn),Robert JH MOONEY Glasgow (Lab),Fiona E HIGGINS Glasgow (Lab),skipped,skipped,skipped,skipped,skipped,skipped,skipped,,10
281,Seonad Mairi HOY (Grn),Robert JH MOONEY Glasgow (Lab),Fiona E HIGGINS Glasgow (Lab),Allan GOW (SNP),Jacqueline MCLAREN (SNP),Sandra WATSON (SNP),skipped,skipped,skipped,skipped,,10
282,Seonad Mairi HOY (Grn),Robert JH MOONEY Glasgow (Lab),Martin Lawson OLU-OSAGIE (Alba),Scott SIMPSON (LD),Sandra WATSON (SNP),Jacqueline MCLAREN (SNP),Brian LAND (Ind),skipped,skipped,skipped,,10
283,Seonad Mairi HOY (Grn),Robert JH MOONEY Glasgow (Lab),Scott SIMPSON (LD),Jacqueline MCLAREN (SNP),skipped,skipped,skipped,skipped,skipped,skipped,,10
284,Seonad Mairi HOY (Grn),Robert JH MOONEY Glasgow (Lab),Maria WELLS (Con),skipped,skipped,skipped,skipped,skipped,skipped,skipped,,10
285,Seonad Mairi HOY (Grn),Robert JH MOONEY Glasgow (Lab),Jacqueline MCLAREN (SNP),Brian LAND (Ind),Fiona E HIGGINS Glasgow (Lab),Allan GOW (SNP),Sandra WATSON (SNP),skipped,skipped,skipped,,10
286,Seonad Mairi HOY (Grn),Robert JH MOONEY Glasgow (Lab),Jacqueline MCLAREN (SNP),Allan GOW (SNP),skipped,skipped,skipped,skipped,skipped,skipped,,10
287,Seonad Mairi HOY (Grn),Robert JH MOONEY Glasgow (Lab),Sandra WATSON (SNP),skipped,skipped,skipped,skipped,skipped,skipped,skipped,,10
288,Seonad Mairi HOY (Grn),Sandra WATSON (SNP),Fiona E HIGGINS Glasgow (Lab),skipped,skipped,skipped,skipped,skipped,skipped,skipped,,10
289,Seonad Mairi HOY (Grn),Sandra WATSON (SNP),Fiona E HIGGINS Glasgow (Lab),skipped,skipped,skipped,skipped,skipped,skipped,skipped,,10
290,Seonad Mairi HOY (Grn),Sandra WATSON (SNP),Fiona E HIGGINS Glasgow (Lab),Allan GOW (SNP),Jacqueline MCLAREN (SNP),skipped,skipped,skipped,skipped,skipped,,10
291,Seonad Mairi HOY (Grn),Sandra WATSON (SNP),Allan GOW (SNP),skipped,skipped,skipped,skipped,skipped,skipped,skipped,,10
292,Seonad Mairi HOY (Grn),Sandra WATSON (SNP),Allan GOW (SNP),skipped,skipped,skipped,skipped,skipped,skipped,skipped,,10
293,Seonad Mairi HOY (Grn),Sandra WATSON (SNP),Allan GOW (SNP),Jacqueline MCLAREN (SNP),skipped,skipped,skipped,skipped,skipped,skipped,,10
294,Seonad Mairi HOY (Grn),Sandra WATSON (SNP),Allan GOW (SNP),Jacqueline MCLAREN (SNP),skipped,skipped,skipped,skipped,skipped,skipped,,10
295,Seonad Mairi HOY (Grn),Sandra WATSON (SNP),Allan GOW (SNP),Jacqueline MCLAREN (SNP),Fiona E HIGGINS Glasgow (Lab),skipped,skipped,skipped,skipped,skipped,,10
296,Seonad Mairi HOY (Grn),Sandra WATSON (SNP),Allan GOW (SNP),Jacqueline MCLAREN (SNP),Fiona E HIGGINS Glasgow (Lab),Robert JH MOONEY Glasgow (Lab),Scott SIMPSON (LD),skipped,skipped,skipped,,10
297,Seonad Mairi HOY (Grn),Sandra WATSON (SNP),Allan GOW (SNP),Jacqueline MCLAREN (SNP),Martin Lawson OLU-OSAGIE (Alba),Fiona E HIGGINS Glasgow (Lab),Robert JH MOONEY Glasgow (Lab),skipped,skipped,skipped,,10
298,Seonad Mairi HOY (Grn),Sandra WATSON (SNP),Allan GOW (SNP),Jacqueline MCLAREN (SNP),Scott SIMPSON (LD),Brian LAND (Ind),Fiona E HIGGINS Glasgow (Lab),skipped,skipped,skipped,,10
299,Seonad Mairi HOY (Grn),Sandra WATSON (SNP),Allan GOW (SNP),Jacqueline MCLAREN (SNP),Brian LAND (Ind),skipped,skipped,skipped,skipped,skipped,,10
300,Seonad Mairi HOY (Grn),Sandra WATSON (SNP),Allan GOW (SNP),Jacqueline MCLAREN (SNP),Robert JH MOONEY Glasgow (Lab),Scott SIMPSON (LD),Fiona E HIGGINS Glasgow (Lab),skipped,skipped,skipped,,10
301,Seonad Mairi HOY (Grn),Sandra WATSON (SNP),Allan GOW (SNP),Robert JH MOONEY Glasgow (Lab),skipped,skipped,skipped,skipped,skipped,skipped,,10
302,Seonad Mairi HOY (Grn),Sandra WATSON (SNP),Jacqueline MCLAREN (SNP),skipped,skipped,skipped,skipped,skipped,skipped,skipped,,10
303,Seonad Mairi HOY (Grn),Sandra WATSON (SNP),Jacqueline MCLAREN (SNP),skipped,skipped,skipped,skipped,skipped,skipped,skipped,,10
304,Seonad Mairi HOY (Grn),Sandra WATSON (SNP),Jacqueline MCLAREN (SNP),skipped,skipped,skipped,skipped,skipped,skipped,skipped,,10
305,Seonad Mairi HOY (Grn),Sandra WATSON (SNP),Jacqueline MCLAREN (SNP),skipped,skipped,skipped,skipped,skipped,skipped,skipped,,10
306,Seonad Mairi HOY (Grn),Sandra WATSON (SNP),Jacqueline MCLAREN (SNP),skipped,skipped,skipped,skipped,skipped,skipped,skipped,,10
307,Seonad Mairi HOY (Grn),Sandra WATSON (SNP),Jacqueline MCLAREN (SNP),Fiona E HIGGINS Glasgow (Lab),skipped,skipped,skipped,skipped,skipped,skipped,,10
308,Seonad Mairi HOY (Grn),Sandra WATSON (SNP),Jacqueline MCLAREN (SNP),Fiona E HIGGINS Glasgow (Lab),Robert JH MOONEY Glasgow (Lab),Allan GOW (SNP),Scott SIMPSON (LD),skipped,skipped,skipped,,10
309,Seonad Mairi HOY (Grn),Sandra WATSON (SNP),Jacqueline MCLAREN (SNP),Allan GOW (SNP),skipped,skipped,skipped,skipped,skipped,skipped,,10
310,Seonad Mairi HOY (Grn),Sandra WATSON (SNP),Jacqueline MCLAREN (SNP),Allan GOW (SNP),skipped,skipped,skipped,skipped,skipped,skipped,,10
311,Seonad Mairi HOY (Grn),Sandra WATSON (SNP),Jacqueline MCLAREN (SNP),Allan GOW (SNP),skipped,skipped,skipped,skipped,skipped,skipped,,10
312,Seonad Mairi HOY (Grn),Sandra WATSON (SNP),Jacqueline MCLAREN (SNP),Allan GOW (SNP),Fiona E HIGGINS Glasgow (Lab),Robert JH MOONEY Glasgow (Lab),Scott SIMPSON (LD),skipped,skipped,skipped,,10
313,Seonad Mairi HOY (Grn),Sandra WATSON (SNP),Jacqueline MCLAREN (SNP),Allan GOW (SNP),Fiona E HIGGINS Glasgow (Lab),Robert JH MOONEY Glasgow (Lab),Scott SIMPSON (LD),skipped,skipped,skipped,,10
314,Seonad Mairi HOY (Grn),Sandra WATSON (SNP),Jacqueline MCLAREN (SNP),Allan GOW (SNP),Martin Lawson OLU-OSAGIE (Alba),Brian LAND (Ind),skipped,skipped,skipped,skipped,,10
315,Seonad Mairi HOY (Grn),Sandra WATSON (SNP),Jacqueline MCLAREN (SNP),Allan GOW (SNP),Scott SIMPSON (LD),Brian LAND (Ind),skipped,skipped,skipped,skipped,,10
316,Seonad Mairi HOY (Grn),Sandra WATSON (SNP),Jacqueline MCLAREN (SNP),Allan GOW (SNP),Brian LAND (Ind),Martin Lawson OLU-OSAGIE (Alba),skipped,skipped,skipped,skipped,,10
317,Seonad Mairi HOY (Grn),Sandra WATSON (SNP),Jacqueline MCLAREN (SNP),Allan GOW (SNP),Brian LAND (Ind),Scott SIMPSON (LD),Robert JH MOONEY Glasgow (Lab),skipped,skipped,skipped,,10
318,Seonad Mairi HOY (Grn),Sandra WATSON (SNP),Jacqueline MCLAREN (SNP),Allan GOW (SNP),Brian LAND (Ind),Robert JH MOONEY Glasgow (Lab),Fiona E HIGGINS Glasgow (Lab),skipped,skipped,skipped,,10
319,Seonad Mairi HOY (Grn),Sandra WATSON (SNP),Jacqueline MCLAREN (SNP),Allan GOW (SNP),Brian LAND (Ind),Robert JH MOONEY Glasgow (Lab),Fiona E HIGGINS Glasgow (Lab),skipped,skipped,skipped,,10
320,Seonad Mairi HOY (Grn),Sandra WATSON (SNP),Jacqueline MCLAREN (SNP),Allan GOW (SNP),Robert JH MOONEY Glasgow (Lab),Fiona E HIGGINS Glasgow (Lab),skipped,skipped,skipped,skipped,,10
321,Seonad Mairi HOY (Grn),Sandra WATSON (SNP),Robert JH MOONEY Glasgow (Lab),Allan GOW (SNP),Fiona E HIGGINS Glasgow (Lab),Jacqueline MCLAREN (SNP),Scott SIMPSON (LD),skipped,skipped,skipped,,10
322,Fiona E HIGGINS Glasgow (Lab),skipped,skipped,skipped,skipped,skipped,skipped,skipped,skipped,skipped,,10
323,Fiona E HIGGINS Glasgow (Lab),skipped,skipped,skipped,skipped,skipped,skipped,skipped,skipped,skipped,,10
324,Fiona E HIGGINS Glasgow (Lab),skipped,skipped,skipped,skipped,skipped,skipped,skipped,skipped,skipped,,10
325,Fiona E HIGGINS Glasgow (Lab),skipped,skipped,skipped,skipped,skipped,skipped,skipped,skipped,skipped,,10
326,Fiona E HIGGINS Glasgow (Lab),skipped,skipped,skipped,skipped,skipped,skipped,skipped,skipped,skipped,,10
327,Fiona E HIGGINS Glasgow (Lab),skipped,skipped,skipped,skipped,skipped,skipped,skipped,skipped,skipped,,10
328,Fiona E HIGGINS Glasgow (Lab),skipped,skipped,skipped,skipped,skipped,skipped,skipped,skipped,skipped,,10
329,Fiona E HIGGINS Glasgow (Lab),skipped,skipped,skipped,skipped,skipped,skipped,skipped,skipped,skipped,,10
330,Fiona E HIGGINS Glasgow (Lab),skipped,skipped,skipped,skipped,skipped,skipped,skipped,skipped,skipped,,10
331,Fiona E HIGGINS Glasgow (Lab),skipped,skipped,skipped,skipped,skipped,skipped,skipped,skipped,skipped,,10
332,Fiona E HIGGINS Glasgow (Lab),skipped,skipped,skipped,skipped,skipped,skipped,skipped,skipped,skipped,,10
333,Fiona E HIGGINS Glasgow (Lab),skipped,skipped,skipped,skipped,skipped,skipped,skipped,skipped,skipped,,10
334,Fiona E HIGGINS Glasgow (Lab),skipped,skipped,skipped,skipped,skipped,skipped,skipped,skipped,skipped,,10
335,Fiona E HIGGINS Glasgow (Lab),skipped,skipped,skipped,skipped,skipped,skipped,skipped,skipped,skipped,,10
336,Fiona E HIGGINS Glasgow (Lab),skipped,skipped,skipped,skipped,skipped,skipped,skipped,skipped,skipped,,10
337,Fiona E HIGGINS Glasgow (Lab),skipped,skipped,skipped,skipped,skipped,skipped,skipped,skipped,skipped,,10
338,Fiona E HIGGINS Glasgow (Lab),skipped,skipped,skipped,skipped,skipped,skipped,skipped,skipped,skipped,,10
339,Fiona E HIGGINS Glasgow (Lab),skipped,skipped,skipped,skipped,skipped,skipped,skipped,skipped,skipped,,10
340,Fiona E HIGGINS Glasgow (Lab),skipped,skipped,skipped,skipped,skipped,skipped,skipped,skipped,skipped,,10
341,Fiona E HIGGINS Glasgow (Lab),skipped,skipped,skipped,skipped,skipped,skipped,skipped,skipped,skipped,,10
342,Fiona E HIGGINS Glasgow (Lab),skipped,skipped,skipped,skipped,skipped,skipped,skipped,skipped,skipped,,10
343,Fiona E HIGGINS Glasgow (Lab),skipped,skipped,skipped,skipped,skipped,skipped,skipped,skipped,skipped,,10
344,Fiona E HIGGINS Glasgow (Lab),skipped,skipped,skipped,skipped,skipped,skipped,skipped,skipped,skipped,,10
345,Fiona E HIGGINS Glasgow (Lab),skipped,skipped,skipped,skipped,skipped,skipped,skipped,skipped,skipped,,10
346,Fiona E HIGGINS Glasgow (Lab),skipped,skipped,skipped,skipped,skipped,skipped,skipped,skipped,skipped,,10
347,Fiona E HIGGINS Glasgow (Lab),skipped,skipped,skipped,skipped,skipped,skipped,skipped,skipped,skipped,,10
348,Fiona E HIGGINS Glasgow (Lab),skipped,skipped,skipped,skipped,skipped,skipped,skipped,skipped,skipped,,10
349,Fiona E HIGGINS Glasgow (Lab),skipped,skipped,skipped,skipped,skipped,skipped,skipped,skipped,skipped,,10
350,Fiona E HIGGINS Glasgow (Lab),skipped,skipped,skipped,skipped,skipped,skipped,skipped,skipped,skipped,,10
351,Fiona E HIGGINS Glasgow (Lab),skipped,skipped,skipped,skipped,skipped,skipped,skipped,skipped,skipped,,10
352,Fiona E HIGGINS Glasgow (Lab),skipped,skipped,skipped,skipped,skipped,skipped,skipped,skipped,skipped,,10
353,Fiona E HIGGINS Glasgow (Lab),skipped,skipped,skipped,skipped,skipped,skipped,skipped,skipped,skipped,,10
354,Fiona E HIGGINS Glasgow (Lab),skipped,skipped,skipped,skipped,skipped,skipped,skipped,skipped,skipped,,10
355,Fiona E HIGGINS Glasgow (Lab),skipped,skipped,skipped,skipped,skipped,skipped,skipped,skipped,skipped,,10
356,Fiona E HIGGINS Glasgow (Lab),skipped,skipped,skipped,skipped,skipped,skipped,skipped,skipped,skipped,,10
357,Fiona E HIGGINS Glasgow (Lab),skipped,skipped,skipped,skipped,skipped,skipped,skipped,skipped,skipped,,10
358,Fiona E HIGGINS Glasgow (Lab),skipped,skipped,skipped,skipped,skipped,skipped,skipped,skipped,skipped,,10
359,Fiona E HIGGINS Glasgow (Lab),skipped,skipped,skipped,skipped,skipped,skipped,skipped,skipped,skipped,,10
360,Fiona E HIGGINS Glasgow (Lab),skipped,skipped,skipped,skipped,skipped,skipped,skipped,skipped,skipped,,10
361,Fiona E HIGGINS Glasgow (Lab),skipped,skipped,skipped,skipped,skipped,skipped,skipped,skipped,skipped,,10
362,Fiona E HIGGINS Glasgow (Lab),skipped,skipped,skipped,skipped,skipped,skipped,skipped,skipped,skipped,,10
363,Fiona E HIGGINS Glasgow (Lab),skipped,skipped,skipped,skipped,skipped,skipped,skipped,skipped,skipped,,10
364,Fiona E HIGGINS Glasgow (Lab),skipped,skipped,skipped,skipped,skipped,skipped,skipped,skipped,skipped,,10
365,Fiona E HIGGINS Glasgow (Lab),skipped,skipped,skipped,skipped,skipped,skipped,skipped,skipped,skipped,,10
366,Fiona E HIGGINS Glasgow (Lab),skipped,skipped,skipped,skipped,skipped,skipped,skipped,skipped,skipped,,10
367,Fiona E HIGGINS Glasgow (Lab),skipped,skipped,skipped,skipped,skipped,skipped,skipped,skipped,skipped,,10
368,Fiona E HIGGINS Glasgow (Lab),skipped,skipped,skipped,skipped,skipped,skipped,skipped,skipped,skipped,,10
369,Fiona E HIGGINS Glasgow (Lab),skipped,skipped,skipped,skipped,skipped,skipped,skipped,skipped,skipped,,10
370,Fiona E HIGGINS Glasgow (Lab),skipped,skipped,skipped,skipped,skipped,skipped,skipped,skipped,skipped,,10
371,Fiona E HIGGINS Glasgow (Lab),skipped,skipped,skipped,skipped,skipped,skipped,skipped,skipped,skipped,,10
372,Fiona E HIGGINS Glasgow (Lab),skipped,skipped,skipped,skipped,skipped,skipped,skipped,skipped,skipped,,10
373,Fiona E HIGGINS Glasgow (Lab),skipped,skipped,skipped,skipped,skipped,skipped,skipped,skipped,skipped,,10
374,Fiona E HIGGINS Glasgow (Lab),skipped,skipped,skipped,skipped,skipped,skipped,skipped,skipped,skipped,,10
375,Fiona E HIGGINS Glasgow (Lab),skipped,skipped,skipped,skipped,skipped,skipped,skipped,skipped,skipped,,10
376,Fiona E HIGGINS Glasgow (Lab),skipped,skipped,skipped,skipped,skipped,skipped,skipped,skipped,skipped,,10
377,Fiona E HIGGINS Glasgow (Lab),skipped,skipped,skipped,skipped,skipped,skipped,skipped,skipped,skipped,,10
378,Fiona E HIGGINS Glasgow (Lab),skipped,skipped,skipped,skipped,skipped,skipped,skipped,skipped,skipped,,10
379,Fiona E HIGGINS Glasgow (Lab),skipped,skipped,skipped,skipped,skipped,skipped,skipped,skipped,skipped,,10
380,Fiona E HIGGINS Glasgow (Lab),skipped,skipped,skipped,skipped,skipped,skipped,skipped,skipped,skipped,,10
381,Fiona E HIGGINS Glasgow (Lab),skipped,skipped,skipped,skipped,skipped,skipped,skipped,skipped,skipped,,10
382,Fiona E HIGGINS Glasgow (Lab),skipped,skipped,skipped,skipped,skipped,skipped,skipped,skipped,skipped,,10
383,Fiona E HIGGINS Glasgow (Lab),skipped,skipped,skipped,skipped,skipped,skipped,skipped,skipped,skipped,,10
384,Fiona E HIGGINS Glasgow (Lab),skipped,skipped,skipped,skipped,skipped,skipped,skipped,skipped,skipped,,10
385,Fiona E HIGGINS Glasgow (Lab),skipped,skipped,skipped,skipped,skipped,skipped,skipped,skipped,skipped,,10
386,Fiona E HIGGINS Glasgow (Lab),skipped,skipped,skipped,skipped,skipped,skipped,skipped,skipped,skipped,,10
387,Fiona E HIGGINS Glasgow (Lab),skipped,skipped,skipped,skipped,skipped,skipped,skipped,skipped,skipped,,10
388,Fiona E HIGGINS Glasgow (Lab),skipped,skipped,skipped,skipped,skipped,skipped,skipped,skipped,skipped,,10
389,Fiona E HIGGINS Glasgow (Lab),skipped,skipped,skipped,skipped,skipped,skipped,skipped,skipped,skipped,,10
390,Fiona E HIGGINS Glasgow (Lab),skipped,skipped,skipped,skipped,skipped,skipped,skipped,skipped,skipped,,10
391,Fiona E HIGGINS Glasgow (Lab),skipped,skipped,skipped,skipped,skipped,skipped,skipped,skipped,skipped,,10
392,Fiona E HIGGINS Glasgow (Lab),skipped,skipped,skipped,skipped,skipped,skipped,skipped,skipped,skipped,,10
393,Fiona E HIGGINS Glasgow (Lab),skipped,skipped,skipped,skipped,skipped,skipped,skipped,skipped,skipped,,10
394,Fiona E HIGGINS Glasgow (Lab),skipped,skipped,skipped,skipped,skipped,skipped,skipped,skipped,skipped,,10
395,Fiona E HIGGINS Glasgow (Lab),skipped,skipped,skipped,skipped,skipped,skipped,skipped,skipped,skipped,,10
396,Fiona E HIGGINS Glasgow (Lab),skipped,skipped,skipped,skipped,skipped,skipped,skipped,skipped,skipped,,10
397,Fiona E HIGGINS Glasgow (Lab),skipped,skipped,skipped,skipped,skipped,skipped,skipped,skipped,skipped,,10
398,Fiona E HIGGINS Glasgow (Lab),skipped,skipped,skipped,skipped,skipped,skipped,skipped,skipped,skipped,,10
399,Fiona E HIGGINS Glasgow (Lab),skipped,skipped,skipped,skipped,skipped,skipped,skipped,skipped,skipped,,10
400,Fiona E HIGGINS Glasgow (Lab),skipped,skipped,skipped,skipped,skipped,skipped,skipped,skipped,skipped,,10
401,Fiona E HIGGINS Glasgow (Lab),skipped,skipped,skipped,skipped,skipped,skipped,skipped,skipped,skipped,,10
402,Fiona E HIGGINS Glasgow (Lab),skipped,skipped,skipped,skipped,skipped,skipped,skipped,skipped,skipped,,10
403,Fiona E HIGGINS Glasgow (Lab),skipped,skipped,skipped,skipped,skipped,skipped,skipped,skipped,skipped,,10
404,Fiona E HIGGINS Glasgow (Lab),skipped,skipped,skipped,skipped,skipped,skipped,skipped,skipped,skipped,,10
405,Fiona E HIGGINS Glasgow (Lab),skipped,skipped,skipped,skipped,skipped,skipped,skipped,skipped,skipped,,10
406,Fiona E HIGGINS Glasgow (Lab),skipped,skipped,skipped,skipped,skipped,skipped,skipped,skipped,skipped,,10
407,Fiona E HIGGINS Glasgow (Lab),skipped,skipped,skipped,skipped,skipped,skipped,skipped,skipped,skipped,,10
408,Fiona E HIGGINS Glasgow (Lab),skipped,skipped,skipped,skipped,skipped,skipped,skipped,skipped,skipped,,10
409,Fiona E HIGGINS Glasgow (Lab),skipped,skipped,skipped,skipped,skipped,skipped,skipped,skipped,skipped,,10
410,Fiona E HIGGINS Glasgow (Lab),skipped,skipped,skipped,skipped,skipped,skipped,skipped,skipped,skipped,,10
411,Fiona E HIGGINS Glasgow (Lab),skipped,skipped,skipped,skipped,skipped,skipped,skipped,skipped,skipped,,10
412,Fiona E HIGGINS Glasgow (Lab),skipped,skipped,skipped,skipped,skipped,skipped,skipped,skipped,skipped,,10
413,Fiona E HIGGINS Glasgow (Lab),skipped,skipped,skipped,skipped,skipped,skipped,skipped,skipped,skipped,,10
414,Fiona E HIGGINS Glasgow (Lab),skipped,skipped,skipped,skipped,skipped,skipped,skipped,skipped,skipped,,10
415,Fiona E HIGGINS Glasgow (Lab),skipped,skipped,skipped,skipped,skipped,skipped,skipped,skipped,skipped,,10
416,Fiona E HIGGINS Glasgow (Lab),Seonad Mairi HOY (Grn),skipped,skipped,skipped,skipped,skipped,skipped,skipped,skipped,,10
417,Fiona E HIGGINS Glasgow (Lab),Seonad Mairi HOY (Grn),skipped,skipped,skipped,skipped,skipped,skipped,skipped,skipped,,10
418,Fiona E HIGGINS Glasgow (Lab),Seonad Mairi HOY (Grn),skipped,skipped,skipped,skipped,skipped,skipped,skipped,skipped,,10
419,Fiona E HIGGINS Glasgow (Lab),Seonad Mairi HOY (Grn),Scott SIMPSON (LD),skipped,skipped,skipped,skipped,skipped,skipped,skipped,,10
420,Fiona E HIGGINS Glasgow (Lab),Seonad Mairi HOY (Grn),Scott SIMPSON (LD),skipped,skipped,skipped,skipped,skipped,skipped,skipped,,10
421,Fiona E HIGGINS Glasgow (Lab),Seonad Mairi HOY (Grn),Scott SIMPSON (LD),skipped,skipped,skipped,skipped,skipped,skipped,skipped,,10
422,Fiona E HIGGINS Glasgow (Lab),Seonad Mairi HOY (Grn),Brian LAND (Ind),skipped,skipped,skipped,skipped,skipped,skipped,skipped,,10
423,Fiona E HIGGINS Glasgow (Lab),Seonad Mairi HOY (Grn),Brian LAND (Ind),Allan GOW (SNP),skipped,skipped,skipped,skipped,skipped,skipped,,10
424,Fiona E HIGGINS Glasgow (Lab),Seonad Mairi HOY (Grn),Brian LAND (Ind),Robert JH MOONEY Glasgow (Lab),skipped,skipped,skipped,skipped,skipped,skipped,,10
425,Fiona E HIGGINS Glasgow (Lab),Seonad Mairi HOY (Grn),Brian LAND (Ind),Robert JH MOONEY Glasgow (Lab),Scott SIMPSON (LD),Martin Lawson OLU-OSAGIE (Alba),skipped,skipped,skipped,skipped,,10
426,Fiona E HIGGINS Glasgow (Lab),Seonad Mairi HOY (Grn),Maria WELLS (Con),skipped,skipped,skipped,skipped,skipped,skipped,skipped,,10
427,Fiona E HIGGINS Glasgow (Lab),Seonad Mairi HOY (Grn),Allan GOW (SNP),skipped,skipped,skipped,skipped,skipped,skipped,skipped,,10
428,Fiona E HIGGINS Glasgow (Lab),Seonad Mairi HOY (Grn),Allan GOW (SNP),skipped,skipped,skipped,skipped,skipped,skipped,skipped,,10
429,Fiona E HIGGINS Glasgow (Lab),Seonad Mairi HOY (Grn),Allan GOW (SNP),Jacqueline MCLAREN (SNP),Robert JH MOONEY Glasgow (Lab),Sandra WATSON (SNP),Brian LAND (Ind),skipped,skipped,skipped,,10
430,Fiona E HIGGINS Glasgow (Lab),Seonad Mairi HOY (Grn),Jacqueline MCLAREN (SNP),skipped,skipped,skipped,skipped,skipped,skipped,skipped,,10
431,Fiona E HIGGINS Glasgow (Lab),Seonad Mairi HOY (Grn),Robert JH MOONEY Glasgow (Lab),skipped,skipped,skipped,skipped,skipped,skipped,skipped,,10
432,Fiona E HIGGINS Glasgow (Lab),Seonad Mairi HOY (Grn),Robert JH MOONEY Glasgow (Lab),skipped,skipped,skipped,skipped,skipped,skipped,skipped,,10
433,Fiona E HIGGINS Glasgow (Lab),Seonad Mairi HOY (Grn),Robert JH MOONEY Glasgow (Lab),skipped,skipped,skipped,skipped,skipped,skipped,skipped,,10
434,Fiona E HIGGINS Glasgow (Lab),Seonad Mairi HOY (Grn),Robert JH MOONEY Glasgow (Lab),skipped,skipped,skipped,skipped,skipped,skipped,skipped,,10
435,Fiona E HIGGINS Glasgow (Lab),Seonad Mairi HOY (Grn),Robert JH MOONEY Glasgow (Lab),skipped,skipped,skipped,skipped,skipped,skipped,skipped,,10
436,Fiona E HIGGINS Glasgow (Lab),Seonad Mairi HOY (Grn),Robert JH MOONEY Glasgow (Lab),skipped,skipped,skipped,skipped,skipped,skipped,skipped,,10
437,Fiona E HIGGINS Glasgow (Lab),Seonad Mairi HOY (Grn),Robert JH MOONEY Glasgow (Lab),skipped,skipped,skipped,skipped,skipped,skipped,skipped,,10
438,Fiona E HIGGINS Glasgow (Lab),Seonad Mairi HOY (Grn),Robert JH MOONEY Glasgow (Lab),skipped,skipped,skipped,skipped,skipped,skipped,skipped,,10
439,Fiona E HIGGINS Glasgow (Lab),Seonad Mairi HOY (Grn),Robert JH MOONEY Glasgow (Lab),skipped,skipped,skipped,skipped,skipped,skipped,skipped,,10
440,Fiona E HIGGINS Glasgow (Lab),Seonad Mairi HOY (Grn),Robert JH MOONEY Glasgow (Lab),skipped,skipped,skipped,skipped,skipped,skipped,skipped,,10
441,Fiona E HIGGINS Glasgow (Lab),Seonad Mairi HOY (Grn),Robert JH MOONEY Glasgow (Lab),skipped,skipped,skipped,skipped,skipped,skipped,skipped,,10
442,Fiona E HIGGINS Glasgow (Lab),Seonad Mairi HOY (Grn),Robert JH MOONEY Glasgow (Lab),skipped,skipped,skipped,skipped,skipped,skipped,skipped,,10
443,Fiona E HIGGINS Glasgow (Lab),Seonad Mairi HOY (Grn),Robert JH MOONEY Glasgow (Lab),skipped,skipped,skipped,skipped,skipped,skipped,skipped,,10
444,Fiona E HIGGINS Glasgow (Lab),Seonad Mairi HOY (Grn),Robert JH MOONEY Glasgow (Lab),skipped,skipped,skipped,skipped,skipped,skipped,skipped,,10
445,Fiona E HIGGINS Glasgow (Lab),Seonad Mairi HOY (Grn),Robert JH MOONEY Glasgow (Lab),Scott SIMPSON (LD),Jacqueline MCLAREN (SNP),Sandra WATSON (SNP),Allan GOW (SNP),skipped,skipped,skipped,,10
446,Fiona E HIGGINS Glasgow (Lab),Seonad Mairi HOY (Grn),Robert JH MOONEY Glasgow (Lab),Brian LAND (Ind),skipped,skipped,skipped,skipped,skipped,skipped,,10
447,Fiona E HIGGINS Glasgow (Lab),Seonad Mairi HOY (Grn),Robert JH MOONEY Glasgow (Lab),Allan GOW (SNP),Sandra WATSON (SNP),Jacqueline MCLAREN (SNP),skipped,skipped,skipped,skipped,,10
448,Fiona E HIGGINS Glasgow (Lab),Seonad Mairi HOY (Grn),Robert JH MOONEY Glasgow (Lab),Jacqueline MCLAREN (SNP),skipped,skipped,skipped,skipped,skipped,skipped,,10
449,Fiona E HIGGINS Glasgow (Lab),Seonad Mairi HOY (Grn),Robert JH MOONEY Glasgow (Lab),Sandra WATSON (SNP),Scott SIMPSON (LD),Allan GOW (SNP),Jacqueline MCLAREN (SNP),skipped,skipped,skipped,,10
450,Fiona E HIGGINS Glasgow (Lab),Martin Lawson OLU-OSAGIE (Alba),skipped,skipped,skipped,skipped,skipped,skipped,skipped,skipped,,10
451,Fiona E HIGGINS Glasgow (Lab),Martin Lawson OLU-OSAGIE (Alba),Seonad Mairi HOY (Grn),skipped,skipped,skipped,skipped,skipped,skipped,skipped,,10
452,Fiona E HIGGINS Glasgow (Lab),Martin Lawson OLU-OSAGIE (Alba),Brian LAND (Ind),skipped,skipped,skipped,skipped,skipped,skipped,skipped,,10
453,Fiona E HIGGINS Glasgow (Lab),Martin Lawson OLU-OSAGIE (Alba),Jacqueline MCLAREN (SNP),skipped,skipped,skipped,skipped,skipped,skipped,skipped,,10
454,Fiona E HIGGINS Glasgow (Lab),Martin Lawson OLU-OSAGIE (Alba),Robert JH MOONEY Glasgow (Lab),skipped,skipped,skipped,skipped,skipped,skipped,skipped,,10
455,Fiona E HIGGINS Glasgow (Lab),Martin Lawson OLU-OSAGIE (Alba),Robert JH MOONEY Glasgow (Lab),skipped,skipped,skipped,skipped,skipped,skipped,skipped,,10
456,Fiona E HIGGINS Glasgow (Lab),Martin Lawson OLU-OSAGIE (Alba),Sandra WATSON (SNP),skipped,skipped,skipped,skipped,skipped,skipped,skipped,,10
457,Fiona E HIGGINS Glasgow (Lab),Scott SIMPSON (LD),skipped,skipped,skipped,skipped,skipped,skipped,skipped,skipped,,10
458,Fiona E HIGGINS Glasgow (Lab),Scott SIMPSON (LD),skipped,skipped,skipped,skipped,skipped,skipped,skipped,skipped,,10
459,Fiona E HIGGINS Glasgow (Lab),Scott SIMPSON (LD),skipped,skipped,skipped,skipped,skipped,skipped,skipped,skipped,,10
460,Fiona E HIGGINS Glasgow (Lab),Scott SIMPSON (LD),Seonad Mairi HOY (Grn),skipped,skipped,skipped,skipped,skipped,skipped,skipped,,10
461,Fiona E HIGGINS Glasgow (Lab),Scott SIMPSON (LD),Seonad Mairi HOY (Grn),skipped,skipped,skipped,skipped,skipped,skipped,skipped,,10
462,Fiona E HIGGINS Glasgow (Lab),Scott SIMPSON (LD),Seonad Mairi HOY (Grn),Sandra WATSON (SNP),skipped,skipped,skipped,skipped,skipped,skipped,,10
463,Fiona E HIGGINS Glasgow (Lab),Scott SIMPSON (LD),Martin Lawson OLU-OSAGIE (Alba),skipped,skipped,skipped,skipped,skipped,skipped,skipped,,10
464,Fiona E HIGGINS Glasgow (Lab),Scott SIMPSON (LD),Martin Lawson OLU-OSAGIE (Alba),Brian LAND (Ind),skipped,skipped,skipped,skipped,skipped,skipped,,10
465,Fiona E HIGGINS Glasgow (Lab),Scott SIMPSON (LD),Maria WELLS (Con),skipped,skipped,skipped,skipped,skipped,skipped,skipped,,10
466,Fiona E HIGGINS Glasgow (Lab),Scott SIMPSON (LD),Maria WELLS (Con),skipped,skipped,skipped,skipped,skipped,skipped,skipped,,10
467,Fiona E HIGGINS Glasgow (Lab),Scott SIMPSON (LD),Maria WELLS (Con),skipped,skipped,skipped,skipped,skipped,skipped,skipped,,10
468,Fiona E HIGGINS Glasgow (Lab),Scott SIMPSON (LD),Maria WELLS (Con),skipped,skipped,skipped,skipped,skipped,skipped,skipped,,10
469,Fiona E HIGGINS Glasgow (Lab),Scott SIMPSON (LD),Maria WELLS (Con),Brian LAND (Ind),skipped,skipped,skipped,skipped,skipped,skipped,,10
470,Fiona E HIGGINS Glasgow (Lab),Scott SIMPSON (LD),Maria WELLS (Con),Jacqueline MCLAREN (SNP),skipped,skipped,skipped,skipped,skipped,skipped,,10
471,Fiona E HIGGINS Glasgow (Lab),Scott SIMPSON (LD),Maria WELLS (Con),Robert JH MOONEY Glasgow (Lab),skipped,skipped,skipped,skipped,skipped,skipped,,10
472,Fiona E HIGGINS Glasgow (Lab),Scott SIMPSON (LD),Allan GOW (SNP),skipped,skipped,skipped,skipped,skipped,skipped,skipped,,10
473,Fiona E HIGGINS Glasgow (Lab),Scott SIMPSON (LD),Allan GOW (SNP),Seonad Mairi HOY (Grn),skipped,skipped,skipped,skipped,skipped,skipped,,10
474,Fiona E HIGGINS Glasgow (Lab),Scott SIMPSON (LD),Robert JH MOONEY Glasgow (Lab),skipped,skipped,skipped,skipped,skipped,skipped,skipped,,10
475,Fiona E HIGGINS Glasgow (Lab),Scott SIMPSON (LD),Robert JH MOONEY Glasgow (Lab),skipped,skipped,skipped,skipped,skipped,skipped,skipped,,10
476,Fiona E HIGGINS Glasgow (Lab),Scott SIMPSON (LD),Robert JH MOONEY Glasgow (Lab),skipped,skipped,skipped,skipped,skipped,skipped,skipped,,10
477,Fiona E HIGGINS Glasgow (Lab),Scott SIMPSON (LD),Robert JH MOONEY Glasgow (Lab),skipped,skipped,skipped,skipped,skipped,skipped,skipped,,10
478,Fiona E HIGGINS Glasgow (Lab),Scott SIMPSON (LD),Robert JH MOONEY Glasgow (Lab),skipped,skipped,skipped,skipped,skipped,skipped,skipped,,10
479,Fiona E HIGGINS Glasgow (Lab),Scott SIMPSON (LD),Robert JH MOONEY Glasgow (Lab),skipped,skipped,skipped,skipped,skipped,skipped,skipped,,10
480,Fiona E HIGGINS Glasgow (Lab),Scott SIMPSON (LD),Robert JH MOONEY Glasgow (Lab),skipped,skipped,skipped,skipped,skipped,skipped,skipped,,10
481,Fiona E HIGGINS Glasgow (Lab),Scott SIMPSON (LD),Robert JH MOONEY Glasgow (Lab),Seonad Mairi HOY (Grn),skipped,skipped,skipped,skipped,skipped,skipped,,10
482,Fiona E HIGGINS Glasgow (Lab),Scott SIMPSON (LD),Robert JH MOONEY Glasgow (Lab),Seonad Mairi HOY (Grn),Maria WELLS (Con),Sandra WATSON (SNP),Martin Lawson OLU-OSAGIE (Alba),skipped,skipped,skipped,,10
483,Fiona E HIGGINS Glasgow (Lab),Scott SIMPSON (LD),Robert JH MOONEY Glasgow (Lab),Brian LAND (Ind),skipped,skipped,skipped,skipped,skipped,skipped,,10
484,Fiona E HIGGINS Glasgow (Lab),Scott SIMPSON (LD),Robert JH MOONEY Glasgow (Lab),Allan GOW (SNP),Jacqueline MCLAREN (SNP),Sandra WATSON (SNP),Martin Lawson OLU-OSAGIE (Alba),skipped,skipped,skipped,,10
485,Fiona E HIGGINS Glasgow (Lab),Scott SIMPSON (LD),Sandra WATSON (SNP),skipped,skipped,skipped,skipped,skipped,skipped,skipped,,10
486,Fiona E HIGGINS Glasgow (Lab),Brian LAND (Ind),skipped,skipped,skipped,skipped,skipped,skipped,skipped,skipped,,10
487,Fiona E HIGGINS Glasgow (Lab),Brian LAND (Ind),skipped,skipped,skipped,skipped,skipped,skipped,skipped,skipped,,10
488,Fiona E HIGGINS Glasgow (Lab),Brian LAND (Ind),skipped,skipped,skipped,skipped,skipped,skipped,skipped,skipped,,10
489,Fiona E HIGGINS Glasgow (Lab),Brian LAND (Ind),skipped,skipped,skipped,skipped,skipped,skipped,skipped,skipped,,10
490,Fiona E HIGGINS Glasgow (Lab),Brian LAND (Ind),skipped,skipped,skipped,skipped,skipped,skipped,skipped,skipped,,10
491,Fiona E HIGGINS Glasgow (Lab),Brian LAND (Ind),skipped,skipped,skipped,skipped,skipped,skipped,skipped,skipped,,10
492,Fiona E HIGGINS Glasgow (Lab),Brian LAND (Ind),skipped,skipped,skipped,skipped,skipped,skipped,skipped,skipped,,10
493,Fiona E HIGGINS Glasgow (Lab),Brian LAND (Ind),skipped,skipped,skipped,skipped,skipped,skipped,skipped,skipped,,10
494,Fiona E HIGGINS Glasgow (Lab),Brian LAND (Ind),Seonad Mairi HOY (Grn),skipped,skipped,skipped,skipped,skipped,skipped,skipped,,10
495,Fiona E HIGGINS Glasgow (Lab),Brian LAND (Ind),Seonad Mairi HOY (Grn),Robert JH MOONEY Glasgow (Lab),skipped,skipped,skipped,skipped,skipped,skipped,,10
496,Fiona E HIGGINS Glasgow (Lab),Brian LAND (Ind),Seonad Mairi HOY (Grn),Robert JH MOONEY Glasgow (Lab),Scott SIMPSON (LD),Jacqueline MCLAREN (SNP),Sandra WATSON (SNP),skipped,skipped,skipped,,10
497,Fiona E HIGGINS Glasgow (Lab),Brian LAND (Ind),Scott SIMPSON (LD),skipped,skipped,skipped,skipped,skipped,skipped,skipped,,10
498,Fiona E HIGGINS Glasgow (Lab),Brian LAND (Ind),Scott SIMPSON (LD),skipped,skipped,skipped,skipped,skipped,skipped,skipped,,10
499,Fiona E HIGGINS Glasgow (Lab),Brian LAND (Ind),Scott SIMPSON (LD),Robert JH MOONEY Glasgow (Lab),Maria WELLS (Con),Seonad Mairi HOY (Grn),skipped,skipped,skipped,skipped,,10
500,Fiona E HIGGINS Glasgow (Lab),Brian LAND (Ind),Maria WELLS (Con),skipped,skipped,skipped,skipped,skipped,skipped,skipped,,10
501,Fiona E HIGGINS Glasgow (Lab),Brian LAND (Ind),Maria WELLS (Con),skipped,skipped,skipped,skipped,skipped,skipped,skipped,,10
502,Fiona E HIGGINS Glasgow (Lab),Brian LAND (Ind),Maria WELLS (Con),skipped,skipped,skipped,skipped,skipped,skipped,skipped,,10
503,Fiona E HIGGINS Glasgow (Lab),Brian LAND (Ind),Maria WELLS (Con),skipped,skipped,skipped,skipped,skipped,skipped,skipped,,10
504,Fiona E HIGGINS Glasgow (Lab),Brian LAND (Ind),Allan GOW (SNP),skipped,skipped,skipped,skipped,skipped,skipped,skipped,,10
505,Fiona E HIGGINS Glasgow (Lab),Brian LAND (Ind),Jacqueline MCLAREN (SNP),skipped,skipped,skipped,skipped,skipped,skipped,skipped,,10
506,Fiona E HIGGINS Glasgow (Lab),Brian LAND (Ind),Jacqueline MCLAREN (SNP),Allan GOW (SNP),skipped,skipped,skipped,skipped,skipped,skipped,,10
507,Fiona E HIGGINS Glasgow (Lab),Brian LAND (Ind),Robert JH MOONEY Glasgow (Lab),skipped,skipped,skipped,skipped,skipped,skipped,skipped,,10
508,Fiona E HIGGINS Glasgow (Lab),Brian LAND (Ind),Robert JH MOONEY Glasgow (Lab),skipped,skipped,skipped,skipped,skipped,skipped,skipped,,10
509,Fiona E HIGGINS Glasgow (Lab),Brian LAND (Ind),Robert JH MOONEY Glasgow (Lab),skipped,skipped,skipped,skipped,skipped,skipped,skipped,,10
510,Fiona E HIGGINS Glasgow (Lab),Brian LAND (Ind),Robert JH MOONEY Glasgow (Lab),skipped,skipped,skipped,skipped,skipped,skipped,skipped,,10
511,Fiona E HIGGINS Glasgow (Lab),Brian LAND (Ind),Robert JH MOONEY Glasgow (Lab),skipped,skipped,skipped,skipped,skipped,skipped,skipped,,10
512,Fiona E HIGGINS Glasgow (Lab),Brian LAND (Ind),Robert JH MOONEY Glasgow (Lab),skipped,skipped,skipped,skipped,skipped,skipped,skipped,,10
513,Fiona E HIGGINS Glasgow (Lab),Brian LAND (Ind),Robert JH MOONEY Glasgow (Lab),skipped,skipped,skipped,skipped,skipped,skipped,skipped,,10
514,Fiona E HIGGINS Glasgow (Lab),Brian LAND (Ind),Robert JH MOONEY Glasgow (Lab),skipped,skipped,skipped,skipped,skipped,skipped,skipped,,10
515,Fiona E HIGGINS Glasgow (Lab),Brian LAND (Ind),Robert JH MOONEY Glasgow (Lab),skipped,skipped,skipped,skipped,skipped,skipped,skipped,,10
516,Fiona E HIGGINS Glasgow (Lab),Brian LAND (Ind),Robert JH MOONEY Glasgow (Lab),skipped,skipped,skipped,skipped,skipped,skipped,skipped,,10
517,Fiona E HIGGINS Glasgow (Lab),Brian LAND (Ind),Robert JH MOONEY Glasgow (Lab),skipped,skipped,skipped,skipped,skipped,skipped,skipped,,10
518,Fiona E HIGGINS Glasgow (Lab),Brian LAND (Ind),Robert JH MOONEY Glasgow (Lab),skipped,skipped,skipped,skipped,skipped,skipped,skipped,,10
519,Fiona E HIGGINS Glasgow (Lab),Brian LAND (Ind),Robert JH MOONEY Glasgow (Lab),skipped,skipped,skipped,skipped,skipped,skipped,skipped,,10
520,Fiona E HIGGINS Glasgow (Lab),Brian LAND (Ind),Robert JH MOONEY Glasgow (Lab),skipped,skipped,skipped,skipped,skipped,skipped,skipped,,10
521,Fiona E HIGGINS Glasgow (Lab),Brian LAND (Ind),Robert JH MOONEY Glasgow (Lab),skipped,skipped,skipped,skipped,skipped,skipped,skipped,,10
522,Fiona E HIGGINS Glasgow (Lab),Brian LAND (Ind),Robert JH MOONEY Glasgow (Lab),skipped,skipped,skipped,skipped,skipped,skipped,skipped,,10
523,Fiona E HIGGINS Glasgow (Lab),Brian LAND (Ind),Robert JH MOONEY Glasgow (Lab),skipped,skipped,skipped,skipped,skipped,skipped,skipped,,10
524,Fiona E HIGGINS Glasgow (Lab),Brian LAND (Ind),Robert JH MOONEY Glasgow (Lab),skipped,skipped,skipped,skipped,skipped,skipped,skipped,,10
525,Fiona E HIGGINS Glasgow (Lab),Brian LAND (Ind),Robert JH MOONEY Glasgow (Lab),skipped,skipped,skipped,skipped,skipped,skipped,skipped,,10
526,Fiona E HIGGINS Glasgow (Lab),Brian LAND (Ind),Robert JH MOONEY Glasgow (Lab),skipped,skipped,skipped,skipped,skipped,skipped,skipped,,10
527,Fiona E HIGGINS Glasgow (Lab),Brian LAND (Ind),Robert JH MOONEY Glasgow (Lab),skipped,skipped,skipped,skipped,skipped,skipped,skipped,,10
528,Fiona E HIGGINS Glasgow (Lab),Brian LAND (Ind),Robert JH MOONEY Glasgow (Lab),skipped,skipped,skipped,skipped,skipped,skipped,skipped,,10
529,Fiona E HIGGINS Glasgow (Lab),Brian LAND (Ind),Robert JH MOONEY Glasgow (Lab),skipped,skipped,skipped,skipped,skipped,skipped,skipped,,10
530,Fiona E HIGGINS Glasgow (Lab),Brian LAND (Ind),Robert JH MOONEY Glasgow (Lab),skipped,skipped,skipped,skipped,skipped,skipped,skipped,,10
531,Fiona E HIGGINS Glasgow (Lab),Brian LAND (Ind),Robert JH MOONEY Glasgow (Lab),skipped,skipped,skipped,skipped,skipped,skipped,skipped,,10
532,Fiona E HIGGINS Glasgow (Lab),Brian LAND (Ind),Robert JH MOONEY Glasgow (Lab),skipped,skipped,skipped,skipped,skipped,skipped,skipped,,10
533,Fiona E HIGGINS Glasgow (Lab),Brian LAND (Ind),Robert JH MOONEY Glasgow (Lab),skipped,skipped,skipped,skipped,skipped,skipped,skipped,,10
534,Fiona E HIGGINS Glasgow (Lab),Brian LAND (Ind),Robert JH MOONEY Glasgow (Lab),skipped,skipped,skipped,skipped,skipped,skipped,skipped,,10
535,Fiona E HIGGINS Glasgow (Lab),Brian LAND (Ind),Robert JH MOONEY Glasgow (Lab),skipped,skipped,skipped,skipped,skipped,skipped,skipped,,10
536,Fiona E HIGGINS Glasgow (Lab),Brian LAND (Ind),Robert JH MOONEY Glasgow (Lab),skipped,skipped,skipped,skipped,skipped,skipped,skipped,,10
537,Fiona E HIGGINS Glasgow (Lab),Brian LAND (Ind),Robert JH MOONEY Glasgow (Lab),skipped,skipped,skipped,skipped,skipped,skipped,skipped,,10
538,Fiona E HIGGINS Glasgow (Lab),Brian LAND (Ind),Robert JH MOONEY Glasgow (Lab),Seonad Mairi HOY (Grn),skipped,skipped,skipped,skipped,skipped,skipped,,10
539,Fiona E HIGGINS Glasgow (Lab),Brian LAND (Ind),Robert JH MOONEY Glasgow (Lab),Seonad Mairi HOY (Grn),skipped,skipped,skipped,skipped,skipped,skipped,,10
540,Fiona E HIGGINS Glasgow (Lab),Brian LAND (Ind),Robert JH MOONEY Glasgow (Lab),Seonad Mairi HOY (Grn),skipped,skipped,skipped,skipped,skipped,skipped,,10
541,Fiona E HIGGINS Glasgow (Lab),Brian LAND (Ind),Robert JH MOONEY Glasgow (Lab),Seonad Mairi HOY (Grn),Jacqueline MCLAREN (SNP),Allan GOW (SNP),Sandra WATSON (SNP),skipped,skipped,skipped,,10
542,Fiona E HIGGINS Glasgow (Lab),Brian LAND (Ind),Robert JH MOONEY Glasgow (Lab),Martin Lawson OLU-OSAGIE (Alba),Seonad Mairi HOY (Grn),Scott SIMPSON (LD),Maria WELLS (Con),skipped,skipped,skipped,,10
543,Fiona E HIGGINS Glasgow (Lab),Brian LAND (Ind),Robert JH MOONEY Glasgow (Lab),Scott SIMPSON (LD),skipped,skipped,skipped,skipped,skipped,skipped,,10
544,Fiona E HIGGINS Glasgow (Lab),Brian LAND (Ind),Robert JH MOONEY Glasgow (Lab),Scott SIMPSON (LD),skipped,skipped,skipped,skipped,skipped,skipped,,10
545,Fiona E HIGGINS Glasgow (Lab),Brian LAND (Ind),Robert JH MOONEY Glasgow (Lab),Scott SIMPSON (LD),skipped,skipped,skipped,skipped,skipped,skipped,,10
546,Fiona E HIGGINS Glasgow (Lab),Brian LAND (Ind),Robert JH MOONEY Glasgow (Lab),Scott SIMPSON (LD),Maria WELLS (Con),Martin Lawson OLU-OSAGIE (Alba),skipped,skipped,skipped,skipped,,10
547,Fiona E HIGGINS Glasgow (Lab),Brian LAND (Ind),Robert JH MOONEY Glasgow (Lab),Scott SIMPSON (LD),Maria WELLS (Con),Martin Lawson OLU-OSAGIE (Alba),Sandra WATSON (SNP),skipped,skipped,skipped,,10
548,Fiona E HIGGINS Glasgow (Lab),Brian LAND (Ind),Robert JH MOONEY Glasgow (Lab),Maria WELLS (Con),Scott SIMPSON (LD),skipped,skipped,skipped,skipped,skipped,,10
549,Fiona E HIGGINS Glasgow (Lab),Brian LAND (Ind),Robert JH MOONEY Glasgow (Lab),Jacqueline MCLAREN (SNP),Scott SIMPSON (LD),skipped,skipped,skipped,skipped,skipped,,10
550,Fiona E HIGGINS Glasgow (Lab),Brian LAND (Ind),Sandra WATSON (SNP),skipped,skipped,skipped,skipped,skipped,skipped,skipped,,10
551,Fiona E HIGGINS Glasgow (Lab),Maria WELLS (Con),skipped,skipped,skipped,skipped,skipped,skipped,skipped,skipped,,10
552,Fiona E HIGGINS Glasgow (Lab),Maria WELLS (Con),skipped,skipped,skipped,skipped,skipped,skipped,skipped,skipped,,10
553,Fiona E HIGGINS Glasgow (Lab),Maria WELLS (Con),skipped,skipped,skipped,skipped,skipped,skipped,skipped,skipped,,10
554,Fiona E HIGGINS Glasgow (Lab),Maria WELLS (Con),skipped,skipped,skipped,skipped,skipped,skipped,skipped,skipped,,10
555,Fiona E HIGGINS Glasgow (Lab),Maria WELLS (Con),Scott SIMPSON (LD),skipped,skipped,skipped,skipped,skipped,skipped,skipped,,10
556,Fiona E HIGGINS Glasgow (Lab),Maria WELLS (Con),Scott SIMPSON (LD),skipped,skipped,skipped,skipped,skipped,skipped,skipped,,10
557,Fiona E HIGGINS Glasgow (Lab),Maria WELLS (Con),Scott SIMPSON (LD),skipped,skipped,skipped,skipped,skipped,skipped,skipped,,10
558,Fiona E HIGGINS Glasgow (Lab),Maria WELLS (Con),Scott SIMPSON (LD),skipped,skipped,skipped,skipped,skipped,skipped,skipped,,10
559,Fiona E HIGGINS Glasgow (Lab),Maria WELLS (Con),Scott SIMPSON (LD),skipped,skipped,skipped,skipped,skipped,skipped,skipped,,10
560,Fiona E HIGGINS Glasgow (Lab),Maria WELLS (Con),Scott SIMPSON (LD),Robert JH MOONEY Glasgow (Lab),skipped,skipped,skipped,skipped,skipped,skipped,,10
561,Fiona E HIGGINS Glasgow (Lab),Maria WELLS (Con),Scott SIMPSON (LD),Robert JH MOONEY Glasgow (Lab),skipped,skipped,skipped,skipped,skipped,skipped,,10
562,Fiona E HIGGINS Glasgow (Lab),Maria WELLS (Con),Brian LAND (Ind),skipped,skipped,skipped,skipped,skipped,skipped,skipped,,10
563,Fiona E HIGGINS Glasgow (Lab),Maria WELLS (Con),Brian LAND (Ind),skipped,skipped,skipped,skipped,skipped,skipped,skipped,,10
564,Fiona E HIGGINS Glasgow (Lab),Maria WELLS (Con),Robert JH MOONEY Glasgow (Lab),skipped,skipped,skipped,skipped,skipped,skipped,skipped,,10
565,Fiona E HIGGINS Glasgow (Lab),Maria WELLS (Con),Robert JH MOONEY Glasgow (Lab),skipped,skipped,skipped,skipped,skipped,skipped,skipped,,10
566,Fiona E HIGGINS Glasgow (Lab),Maria WELLS (Con),Robert JH MOONEY Glasgow (Lab),skipped,skipped,skipped,skipped,skipped,skipped,skipped,,10
567,Fiona E HIGGINS Glasgow (Lab),Maria WELLS (Con),Robert JH MOONEY Glasgow (Lab),skipped,skipped,skipped,skipped,skipped,skipped,skipped,,10
568,Fiona E HIGGINS Glasgow (Lab),Maria WELLS (Con),Robert JH MOONEY Glasgow (Lab),skipped,skipped,skipped,skipped,skipped,skipped,skipped,,10
569,Fiona E HIGGINS Glasgow (Lab),Maria WELLS (Con),Robert JH MOONEY Glasgow (Lab),skipped,skipped,skipped,skipped,skipped,skipped,skipped,,10
570,Fiona E HIGGINS Glasgow (Lab),Maria WELLS (Con),Robert JH MOONEY Glasgow (Lab),skipped,skipped,skipped,skipped,skipped,skipped,skipped,,10
571,Fiona E HIGGINS Glasgow (Lab),Maria WELLS (Con),Robert JH MOONEY Glasgow (Lab),skipped,skipped,skipped,skipped,skipped,skipped,skipped,,10
572,Fiona E HIGGINS Glasgow (Lab),Maria WELLS (Con),Robert JH MOONEY Glasgow (Lab),skipped,skipped,skipped,skipped,skipped,skipped,skipped,,10
573,Fiona E HIGGINS Glasgow (Lab),Maria WELLS (Con),Robert JH MOONEY Glasgow (Lab),skipped,skipped,skipped,skipped,skipped,skipped,skipped,,10
574,Fiona E HIGGINS Glasgow (Lab),Maria WELLS (Con),Robert JH MOONEY Glasgow (Lab),skipped,skipped,skipped,skipped,skipped,skipped,skipped,,10
575,Fiona E HIGGINS Glasgow (Lab),Maria WELLS (Con),Robert JH MOONEY Glasgow (Lab),Scott SIMPSON (LD),skipped,skipped,skipped,skipped,skipped,skipped,,10
576,Fiona E HIGGINS Glasgow (Lab),Maria WELLS (Con),Robert JH MOONEY Glasgow (Lab),Scott SIMPSON (LD),skipped,skipped,skipped,skipped,skipped,skipped,,10
577,Fiona E HIGGINS Glasgow (Lab),Maria WELLS (Con),Robert JH MOONEY Glasgow (Lab),Scott SIMPSON (LD),skipped,skipped,skipped,skipped,skipped,skipped,,10
578,Fiona E HIGGINS Glasgow (Lab),Maria WELLS (Con),Robert JH MOONEY Glasgow (Lab),Scott SIMPSON (LD),skipped,skipped,skipped,skipped,skipped,skipped,,10
579,Fiona E HIGGINS Glasgow (Lab),Maria WELLS (Con),Robert JH MOONEY Glasgow (Lab),Scott SIMPSON (LD),Brian LAND (Ind),skipped,skipped,skipped,skipped,skipped,,10
580,Fiona E HIGGINS Glasgow (Lab),Maria WELLS (Con),Robert JH MOONEY Glasgow (Lab),Brian LAND (Ind),skipped,skipped,skipped,skipped,skipped,skipped,,10
581,Fiona E HIGGINS Glasgow (Lab),Maria WELLS (Con),Robert JH MOONEY Glasgow (Lab),Brian LAND (Ind),skipped,skipped,skipped,skipped,skipped,skipped,,10
582,Fiona E HIGGINS Glasgow (Lab),Maria WELLS (Con),Robert JH MOONEY Glasgow (Lab),Brian LAND (Ind),Scott SIMPSON (LD),skipped,skipped,skipped,skipped,skipped,,10
583,Fiona E HIGGINS Glasgow (Lab),Allan GOW (SNP),skipped,skipped,skipped,skipped,skipped,skipped,skipped,skipped,,10
584,Fiona E HIGGINS Glasgow (Lab),Allan GOW (SNP),skipped,skipped,skipped,skipped,skipped,skipped,skipped,skipped,,10
585,Fiona E HIGGINS Glasgow (Lab),Allan GOW (SNP),skipped,skipped,skipped,skipped,skipped,skipped,skipped,skipped,,10
586,Fiona E HIGGINS Glasgow (Lab),Allan GOW (SNP),skipped,skipped,skipped,skipped,skipped,skipped,skipped,skipped,,10
587,Fiona E HIGGINS Glasgow (Lab),Allan GOW (SNP),skipped,skipped,skipped,skipped,skipped,skipped,skipped,skipped,,10
588,Fiona E HIGGINS Glasgow (Lab),Allan GOW (SNP),skipped,skipped,skipped,skipped,skipped,skipped,skipped,skipped,,10
589,Fiona E HIGGINS Glasgow (Lab),Allan GOW (SNP),skipped,skipped,skipped,skipped,skipped,skipped,skipped,skipped,,10
590,Fiona E HIGGINS Glasgow (Lab),Allan GOW (SNP),skipped,skipped,skipped,skipped,skipped,skipped,skipped,skipped,,10
591,Fiona E HIGGINS Glasgow (Lab),Allan GOW (SNP),skipped,skipped,skipped,skipped,skipped,skipped,skipped,skipped,,10
592,Fiona E HIGGINS Glasgow (Lab),Allan GOW (SNP),skipped,skipped,skipped,skipped,skipped,skipped,skipped,skipped,,10
593,Fiona E HIGGINS Glasgow (Lab),Allan GOW (SNP),Seonad Mairi HOY (Grn),skipped,skipped,skipped,skipped,skipped,skipped,skipped,,10
594,Fiona E HIGGINS Glasgow (Lab),Allan GOW (SNP),Seonad Mairi HOY (Grn),skipped,skipped,skipped,skipped,skipped,skipped,skipped,,10
595,Fiona E HIGGINS Glasgow (Lab),Allan GOW (SNP),Seonad Mairi HOY (Grn),skipped,skipped,skipped,skipped,skipped,skipped,skipped,,10
596,Fiona E HIGGINS Glasgow (Lab),Allan GOW (SNP),Seonad Mairi HOY (Grn),skipped,skipped,skipped,skipped,skipped,skipped,skipped,,10
597,Fiona E HIGGINS Glasgow (Lab),Allan GOW (SNP),Seonad Mairi HOY (Grn),skipped,skipped,skipped,skipped,skipped,skipped,skipped,,10
598,Fiona E HIGGINS Glasgow (Lab),Allan GOW (SNP),Seonad Mairi HOY (Grn),skipped,skipped,skipped,skipped,skipped,skipped,skipped,,10
599,Fiona E HIGGINS Glasgow (Lab),Allan GOW (SNP),Seonad Mairi HOY (Grn),Brian LAND (Ind),Robert JH MOONEY Glasgow (Lab),Martin Lawson OLU-OSAGIE (Alba),skipped,skipped,skipped,skipped,,10
600,Fiona E HIGGINS Glasgow (Lab),Allan GOW (SNP),Seonad Mairi HOY (Grn),Jacqueline MCLAREN (SNP),Brian LAND (Ind),Robert JH MOONEY Glasgow (Lab),Martin Lawson OLU-OSAGIE (Alba),skipped,skipped,skipped,,10
601,Fiona E HIGGINS Glasgow (Lab),Allan GOW (SNP),Seonad Mairi HOY (Grn),Jacqueline MCLAREN (SNP),Brian LAND (Ind),Robert JH MOONEY Glasgow (Lab),Scott SIMPSON (LD),skipped,skipped,skipped,,10
602,Fiona E HIGGINS Glasgow (Lab),Allan GOW (SNP),Seonad Mairi HOY (Grn),Robert JH MOONEY Glasgow (Lab),skipped,skipped,skipped,skipped,skipped,skipped,,10
603,Fiona E HIGGINS Glasgow (Lab),Allan GOW (SNP),Seonad Mairi HOY (Grn),Robert JH MOONEY Glasgow (Lab),skipped,skipped,skipped,skipped,skipped,skipped,,10
604,Fiona E HIGGINS Glasgow (Lab),Allan GOW (SNP),Seonad Mairi HOY (Grn),Robert JH MOONEY Glasgow (Lab),skipped,skipped,skipped,skipped,skipped,skipped,,10
605,Fiona E HIGGINS Glasgow (Lab),Allan GOW (SNP),Scott SIMPSON (LD),skipped,skipped,skipped,skipped,skipped,skipped,skipped,,10
606,Fiona E HIGGINS Glasgow (Lab),Allan GOW (SNP),Scott SIMPSON (LD),Robert JH MOONEY Glasgow (Lab),skipped,skipped,skipped,skipped,skipped,skipped,,10
607,Fiona E HIGGINS Glasgow (Lab),Allan GOW (SNP),Brian LAND (Ind),skipped,skipped,skipped,skipped,skipped,skipped,skipped,,10
608,Fiona E HIGGINS Glasgow (Lab),Allan GOW (SNP),Brian LAND (Ind),skipped,skipped,skipped,skipped,skipped,skipped,skipped,,10
609,Fiona E HIGGINS Glasgow (Lab),Allan GOW (SNP),Brian LAND (Ind),skipped,skipped,skipped,skipped,skipped,skipped,skipped,,10
610,Fiona E HIGGINS Glasgow (Lab),Allan GOW (SNP),Brian LAND (Ind),skipped,skipped,skipped,skipped,skipped,skipped,skipped,,10
611,Fiona E HIGGINS Glasgow (Lab),Allan GOW (SNP),Brian LAND (Ind),Jacqueline MCLAREN (SNP),skipped,skipped,skipped,skipped,skipped,skipped,,10
612,Fiona E HIGGINS Glasgow (Lab),Allan GOW (SNP),Brian LAND (Ind),Jacqueline MCLAREN (SNP),Sandra WATSON (SNP),Robert JH MOONEY Glasgow (Lab),skipped,skipped,skipped,skipped,,10
613,Fiona E HIGGINS Glasgow (Lab),Allan GOW (SNP),Brian LAND (Ind),Robert JH MOONEY Glasgow (Lab),Jacqueline MCLAREN (SNP),Sandra WATSON (SNP),Seonad Mairi HOY (Grn),skipped,skipped,skipped,,10
614,Fiona E HIGGINS Glasgow (Lab),Allan GOW (SNP),Jacqueline MCLAREN (SNP),skipped,skipped,skipped,skipped,skipped,skipped,skipped,,10
615,Fiona E HIGGINS Glasgow (Lab),Allan GOW (SNP),Jacqueline MCLAREN (SNP),skipped,skipped,skipped,skipped,skipped,skipped,skipped,,10
616,Fiona E HIGGINS Glasgow (Lab),Allan GOW (SNP),Jacqueline MCLAREN (SNP),skipped,skipped,skipped,skipped,skipped,skipped,skipped,,10
617,Fiona E HIGGINS Glasgow (Lab),Allan GOW (SNP),Jacqueline MCLAREN (SNP),skipped,skipped,skipped,skipped,skipped,skipped,skipped,,10
618,Fiona E HIGGINS Glasgow (Lab),Allan GOW (SNP),Jacqueline MCLAREN (SNP),skipped,skipped,skipped,skipped,skipped,skipped,skipped,,10
619,Fiona E HIGGINS Glasgow (Lab),Allan GOW (SNP),Jacqueline MCLAREN (SNP),skipped,skipped,skipped,skipped,skipped,skipped,skipped,,10
620,Fiona E HIGGINS Glasgow (Lab),Allan GOW (SNP),Jacqueline MCLAREN (SNP),skipped,skipped,skipped,skipped,skipped,skipped,skipped,,10
621,Fiona E HIGGINS Glasgow (Lab),Allan GOW (SNP),Jacqueline MCLAREN (SNP),skipped,skipped,skipped,skipped,skipped,skipped,skipped,,10
622,Fiona E HIGGINS Glasgow (Lab),Allan GOW (SNP),Jacqueline MCLAREN (SNP),Seonad Mairi HOY (Grn),skipped,skipped,skipped,skipped,skipped,skipped,,10
623,Fiona E HIGGINS Glasgow (Lab),Allan GOW (SNP),Jacqueline MCLAREN (SNP),Robert JH MOONEY Glasgow (Lab),skipped,skipped,skipped,skipped,skipped,skipped,,10
624,Fiona E HIGGINS Glasgow (Lab),Allan GOW (SNP),Jacqueline MCLAREN (SNP),Robert JH MOONEY Glasgow (Lab),skipped,skipped,skipped,skipped,skipped,skipped,,10
625,Fiona E HIGGINS Glasgow (Lab),Allan GOW (SNP),Jacqueline MCLAREN (SNP),Sandra WATSON (SNP),Seonad Mairi HOY (Grn),Robert JH MOONEY Glasgow (Lab),skipped,skipped,skipped,skipped,,10
626,Fiona E HIGGINS Glasgow (Lab),Allan GOW (SNP),Robert JH MOONEY Glasgow (Lab),skipped,skipped,skipped,skipped,skipped,skipped,skipped,,10
627,Fiona E HIGGINS Glasgow (Lab),Allan GOW (SNP),Robert JH MOONEY Glasgow (Lab),skipped,skipped,skipped,skipped,skipped,skipped,skipped,,10
628,Fiona E HIGGINS Glasgow (Lab),Allan GOW (SNP),Robert JH MOONEY Glasgow (Lab),skipped,skipped,skipped,skipped,skipped,skipped,skipped,,10
629,Fiona E HIGGINS Glasgow (Lab),Allan GOW (SNP),Robert JH MOONEY Glasgow (Lab),skipped,skipped,skipped,skipped,skipped,skipped,skipped,,10
630,Fiona E HIGGINS Glasgow (Lab),Allan GOW (SNP),Robert JH MOONEY Glasgow (Lab),skipped,skipped,skipped,skipped,skipped,skipped,skipped,,10
631,Fiona E HIGGINS Glasgow (Lab),Allan GOW (SNP),Robert JH MOONEY Glasgow (Lab),skipped,skipped,skipped,skipped,skipped,skipped,skipped,,10
632,Fiona E HIGGINS Glasgow (Lab),Allan GOW (SNP),Robert JH MOONEY Glasgow (Lab),skipped,skipped,skipped,skipped,skipped,skipped,skipped,,10
633,Fiona E HIGGINS Glasgow (Lab),Allan GOW (SNP),Robert JH MOONEY Glasgow (Lab),skipped,skipped,skipped,skipped,skipped,skipped,skipped,,10
634,Fiona E HIGGINS Glasgow (Lab),Allan GOW (SNP),Robert JH MOONEY Glasgow (Lab),skipped,skipped,skipped,skipped,skipped,skipped,skipped,,10
635,Fiona E HIGGINS Glasgow (Lab),Allan GOW (SNP),Robert JH MOONEY Glasgow (Lab),skipped,skipped,skipped,skipped,skipped,skipped,skipped,,10
636,Fiona E HIGGINS Glasgow (Lab),Allan GOW (SNP),Robert JH MOONEY Glasgow (Lab),Seonad Mairi HOY (Grn),skipped,skipped,skipped,skipped,skipped,skipped,,10
637,Fiona E HIGGINS Glasgow (Lab),Allan GOW (SNP),Robert JH MOONEY Glasgow (Lab),Seonad Mairi HOY (Grn),skipped,skipped,skipped,skipped,skipped,skipped,,10
638,Fiona E HIGGINS Glasgow (Lab),Allan GOW (SNP),Robert JH MOONEY Glasgow (Lab),Scott SIMPSON (LD),Seonad Mairi HOY (Grn),Brian LAND (Ind),Jacqueline MCLAREN (SNP),skipped,skipped,skipped,,10
639,Fiona E HIGGINS Glasgow (Lab),Allan GOW (SNP),Robert JH MOONEY Glasgow (Lab),Scott SIMPSON (LD),Sandra WATSON (SNP),Maria WELLS (Con),Jacqueline MCLAREN (SNP),skipped,skipped,skipped,,10
640,Fiona E HIGGINS Glasgow (Lab),Allan GOW (SNP),Robert JH MOONEY Glasgow (Lab),Brian LAND (Ind),Sandra WATSON (SNP),Jacqueline MCLAREN (SNP),Martin Lawson OLU-OSAGIE (Alba),skipped,skipped,skipped,,10
641,Fiona E HIGGINS Glasgow (Lab),Allan GOW (SNP),Robert JH MOONEY Glasgow (Lab),Jacqueline MCLAREN (SNP),skipped,skipped,skipped,skipped,skipped,skipped,,10
642,Fiona E HIGGINS Glasgow (Lab),Allan GOW (SNP),Robert JH MOONEY Glasgow (Lab),Jacqueline MCLAREN (SNP),skipped,skipped,skipped,skipped,skipped,skipped,,10
643,Fiona E HIGGINS Glasgow (Lab),Allan GOW (SNP),Robert JH MOONEY Glasgow (Lab),Jacqueline MCLAREN (SNP),skipped,skipped,skipped,skipped,skipped,skipped,,10
644,Fiona E HIGGINS Glasgow (Lab),Allan GOW (SNP),Robert JH MOONEY Glasgow (Lab),Jacqueline MCLAREN (SNP),skipped,skipped,skipped,skipped,skipped,skipped,,10
645,Fiona E HIGGINS Glasgow (Lab),Allan GOW (SNP),Robert JH MOONEY Glasgow (Lab),Jacqueline MCLAREN (SNP),skipped,skipped,skipped,skipped,skipped,skipped,,10
646,Fiona E HIGGINS Glasgow (Lab),Allan GOW (SNP),Robert JH MOONEY Glasgow (Lab),Jacqueline MCLAREN (SNP),skipped,skipped,skipped,skipped,skipped,skipped,,10
647,Fiona E HIGGINS Glasgow (Lab),Allan GOW (SNP),Robert JH MOONEY Glasgow (Lab),Jacqueline MCLAREN (SNP),Sandra WATSON (SNP),Seonad Mairi HOY (Grn),Brian LAND (Ind),skipped,skipped,skipped,,10
648,Fiona E HIGGINS Glasgow (Lab),Allan GOW (SNP),Robert JH MOONEY Glasgow (Lab),Jacqueline MCLAREN (SNP),Sandra WATSON (SNP),Scott SIMPSON (LD),Seonad Mairi HOY (Grn),skipped,skipped,skipped,,10
649,Fiona E HIGGINS Glasgow (Lab),Allan GOW (SNP),Robert JH MOONEY Glasgow (Lab),Sandra WATSON (SNP),skipped,skipped,skipped,skipped,skipped,skipped,,10
650,Fiona E HIGGINS Glasgow (Lab),Allan GOW (SNP),Robert JH MOONEY Glasgow (Lab),Sandra WATSON (SNP),skipped,skipped,skipped,skipped,skipped,skipped,,10
651,Fiona E HIGGINS Glasgow (Lab),Allan GOW (SNP),Robert JH MOONEY Glasgow (Lab),Sandra WATSON (SNP),Jacqueline MCLAREN (SNP),Seonad Mairi HOY (Grn),Brian LAND (Ind),skipped,skipped,skipped,,10
652,Fiona E HIGGINS Glasgow (Lab),Allan GOW (SNP),Sandra WATSON (SNP),skipped,skipped,skipped,skipped,skipped,skipped,skipped,,10
653,Fiona E HIGGINS Glasgow (Lab),Allan GOW (SNP),Sandra WATSON (SNP),skipped,skipped,skipped,skipped,skipped,skipped,skipped,,10
654,Fiona E HIGGINS Glasgow (Lab),Jacqueline MCLAREN (SNP),skipped,skipped,skipped,skipped,skipped,skipped,skipped,skipped,,10
655,Fiona E HIGGINS Glasgow (Lab),Jacqueline MCLAREN (SNP),skipped,skipped,skipped,skipped,skipped,skipped,skipped,skipped,,10
656,Fiona E HIGGINS Glasgow (Lab),Jacqueline MCLAREN (SNP),skipped,skipped,skipped,skipped,skipped,skipped,skipped,skipped,,10
657,Fiona E HIGGINS Glasgow (Lab),Jacqueline MCLAREN (SNP),skipped,skipped,skipped,skipped,skipped,skipped,skipped,skipped,,10
658,Fiona E HIGGINS Glasgow (Lab),Jacqueline MCLAREN (SNP),skipped,skipped,skipped,skipped,skipped,skipped,skipped,skipped,,10
659,Fiona E HIGGINS Glasgow (Lab),Jacqueline MCLAREN (SNP),Martin Lawson OLU-OSAGIE (Alba),Scott SIMPSON (LD),skipped,skipped,skipped,skipped,skipped,skipped,,10
660,Fiona E HIGGINS Glasgow (Lab),Jacqueline MCLAREN (SNP),Scott SIMPSON (LD),skipped,skipped,skipped,skipped,skipped,skipped,skipped,,10
661,Fiona E HIGGINS Glasgow (Lab),Jacqueline MCLAREN (SNP),Scott SIMPSON (LD),skipped,skipped,skipped,skipped,skipped,skipped,skipped,,10
662,Fiona E HIGGINS Glasgow (Lab),Jacqueline MCLAREN (SNP),Scott SIMPSON (LD),skipped,skipped,skipped,skipped,skipped,skipped,skipped,,10
663,Fiona E HIGGINS Glasgow (Lab),Jacqueline MCLAREN (SNP),Scott SIMPSON (LD),Sandra WATSON (SNP),Robert JH MOONEY Glasgow (Lab),Seonad Mairi HOY (Grn),Allan GOW (SNP),skipped,skipped,skipped,,10
664,Fiona E HIGGINS Glasgow (Lab),Jacqueline MCLAREN (SNP),Brian LAND (Ind),skipped,skipped,skipped,skipped,skipped,skipped,skipped,,10
665,Fiona E HIGGINS Glasgow (Lab),Jacqueline MCLAREN (SNP),Allan GOW (SNP),skipped,skipped,skipped,skipped,skipped,skipped,skipped,,10
666,Fiona E HIGGINS Glasgow (Lab),Jacqueline MCLAREN (SNP),Allan GOW (SNP),Robert JH MOONEY Glasgow (Lab),skipped,skipped,skipped,skipped,skipped,skipped,,10
667,Fiona E HIGGINS Glasgow (Lab),Jacqueline MCLAREN (SNP),Allan GOW (SNP),Robert JH MOONEY Glasgow (Lab),Seonad Mairi HOY (Grn),Scott SIMPSON (LD),skipped,skipped,skipped,skipped,,10
668,Fiona E HIGGINS Glasgow (Lab),Jacqueline MCLAREN (SNP),Robert JH MOONEY Glasgow (Lab),skipped,skipped,skipped,skipped,skipped,skipped,skipped,,10
669,Fiona E HIGGINS Glasgow (Lab),Jacqueline MCLAREN (SNP),Robert JH MOONEY Glasgow (Lab),skipped,skipped,skipped,skipped,skipped,skipped,skipped,,10
670,Fiona E HIGGINS Glasgow (Lab),Jacqueline MCLAREN (SNP),Robert JH MOONEY Glasgow (Lab),skipped,skipped,skipped,skipped,skipped,skipped,skipped,,10
671,Fiona E HIGGINS Glasgow (Lab),Jacqueline MCLAREN (SNP),Robert JH MOONEY Glasgow (Lab),skipped,skipped,skipped,skipped,skipped,skipped,skipped,,10
672,Fiona E HIGGINS Glasgow (Lab),Jacqueline MCLAREN (SNP),Robert JH MOONEY Glasgow (Lab),skipped,skipped,skipped,skipped,skipped,skipped,skipped,,10
673,Fiona E HIGGINS Glasgow (Lab),Jacqueline MCLAREN (SNP),Robert JH MOONEY Glasgow (Lab),skipped,skipped,skipped,skipped,skipped,skipped,skipped,,10
674,Fiona E HIGGINS Glasgow (Lab),Jacqueline MCLAREN (SNP),Robert JH MOONEY Glasgow (Lab),skipped,skipped,skipped,skipped,skipped,skipped,skipped,,10
675,Fiona E HIGGINS Glasgow (Lab),Jacqueline MCLAREN (SNP),Robert JH MOONEY Glasgow (Lab),skipped,skipped,skipped,skipped,skipped,skipped,skipped,,10
676,Fiona E HIGGINS Glasgow (Lab),Jacqueline MCLAREN (SNP),Robert JH MOONEY Glasgow (Lab),skipped,skipped,skipped,skipped,skipped,skipped,skipped,,10
677,Fiona E HIGGINS Glasgow (Lab),Jacqueline MCLAREN (SNP),Robert JH MOONEY Glasgow (Lab),Martin Lawson OLU-OSAGIE (Alba),Seonad Mairi HOY (Grn),Brian LAND (Ind),Scott SIMPSON (LD),skipped,skipped,skipped,,10
678,Fiona E HIGGINS Glasgow (Lab),Jacqueline MCLAREN (SNP),Robert JH MOONEY Glasgow (Lab),Allan GOW (SNP),Seonad Mairi HOY (Grn),skipped,skipped,skipped,skipped,skipped,,10
679,Fiona E HIGGINS Glasgow (Lab),Jacqueline MCLAREN (SNP),Robert JH MOONEY Glasgow (Lab),Sandra WATSON (SNP),skipped,skipped,skipped,skipped,skipped,skipped,,10
680,Fiona E HIGGINS Glasgow (Lab),Jacqueline MCLAREN (SNP),Robert JH MOONEY Glasgow (Lab),Sandra WATSON (SNP),Scott SIMPSON (LD),skipped,skipped,skipped,skipped,skipped,,10
681,Fiona E HIGGINS Glasgow (Lab),Jacqueline MCLAREN (SNP),Robert JH MOONEY Glasgow (Lab),Sandra WATSON (SNP),Allan GOW (SNP),Seonad Mairi HOY (Grn),Scott SIMPSON (LD),skipped,skipped,skipped,,10
682,Fiona E HIGGINS Glasgow (Lab),Jacqueline MCLAREN (SNP),Robert JH MOONEY Glasgow (Lab),Sandra WATSON (SNP),Allan GOW (SNP),Martin Lawson OLU-OSAGIE (Alba),skipped,skipped,skipped,skipped,,10
683,Fiona E HIGGINS Glasgow (Lab),Jacqueline MCLAREN (SNP),Sandra WATSON (SNP),skipped,skipped,skipped,skipped,skipped,skipped,skipped,,10
684,Fiona E HIGGINS Glasgow (Lab),Jacqueline MCLAREN (SNP),Sandra WATSON (SNP),Seonad Mairi HOY (Grn),Robert JH MOONEY Glasgow (Lab),skipped,skipped,skipped,skipped,skipped,,10
685,Fiona E HIGGINS Glasgow (Lab),Jacqueline MCLAREN (SNP),Sandra WATSON (SNP),Allan GOW (SNP),Robert JH MOONEY Glasgow (Lab),skipped,skipped,skipped,skipped,skipped,,10
686,Fiona E HIGGINS Glasgow (Lab),Robert JH MOONEY Glasgow (Lab),skipped,skipped,skipped,skipped,skipped,skipped,skipped,skipped,,10
687,Fiona E HIGGINS Glasgow (Lab),Robert JH MOONEY Glasgow (Lab),skipped,skipped,skipped,skipped,skipped,skipped,skipped,skipped,,10
688,Fiona E HIGGINS Glasgow (Lab),Robert JH MOONEY Glasgow (Lab),skipped,skipped,skipped,skipped,skipped,skipped,skipped,skipped,,10
689,Fiona E HIGGINS Glasgow (Lab),Robert JH MOONEY Glasgow (Lab),skipped,skipped,skipped,skipped,skipped,skipped,skipped,skipped,,10
690,Fiona E HIGGINS Glasgow (Lab),Robert JH MOONEY Glasgow (Lab),skipped,skipped,skipped,skipped,skipped,skipped,skipped,skipped,,10
691,Fiona E HIGGINS Glasgow (Lab),Robert JH MOONEY Glasgow (Lab),skipped,skipped,skipped,skipped,skipped,skipped,skipped,skipped,,10
692,Fiona E HIGGINS Glasgow (Lab),Robert JH MOONEY Glasgow (Lab),skipped,skipped,skipped,skipped,skipped,skipped,skipped,skipped,,10
693,Fiona E HIGGINS Glasgow (Lab),Robert JH MOONEY Glasgow (Lab),skipped,skipped,skipped,skipped,skipped,skipped,skipped,skipped,,10
694,Fiona E HIGGINS Glasgow (Lab),Robert JH MOONEY Glasgow (Lab),skipped,skipped,skipped,skipped,skipped,skipped,skipped,skipped,,10
695,Fiona E HIGGINS Glasgow (Lab),Robert JH MOONEY Glasgow (Lab),skipped,skipped,skipped,skipped,skipped,skipped,skipped,skipped,,10
696,Fiona E HIGGINS Glasgow (Lab),Robert JH MOONEY Glasgow (Lab),skipped,skipped,skipped,skipped,skipped,skipped,skipped,skipped,,10
697,Fiona E HIGGINS Glasgow (Lab),Robert JH MOONEY Glasgow (Lab),skipped,skipped,skipped,skipped,skipped,skipped,skipped,skipped,,10
698,Fiona E HIGGINS Glasgow (Lab),Robert JH MOONEY Glasgow (Lab),skipped,skipped,skipped,skipped,skipped,skipped,skipped,skipped,,10
699,Fiona E HIGGINS Glasgow (Lab),Robert JH MOONEY Glasgow (Lab),skipped,skipped,skipped,skipped,skipped,skipped,skipped,skipped,,10
700,Fiona E HIGGINS Glasgow (Lab),Robert JH MOONEY Glasgow (Lab),skipped,skipped,skipped,skipped,skipped,skipped,skipped,skipped,,10
701,Fiona E HIGGINS Glasgow (Lab),Robert JH MOONEY Glasgow (Lab),skipped,skipped,skipped,skipped,skipped,skipped,skipped,skipped,,10
702,Fiona E HIGGINS Glasgow (Lab),Robert JH MOONEY Glasgow (Lab),skipped,skipped,skipped,skipped,skipped,skipped,skipped,skipped,,10
703,Fiona E HIGGINS Glasgow (Lab),Robert JH MOONEY Glasgow (Lab),skipped,skipped,skipped,skipped,skipped,skipped,skipped,skipped,,10
704,Fiona E HIGGINS Glasgow (Lab),Robert JH MOONEY Glasgow (Lab),skipped,skipped,skipped,skipped,skipped,skipped,skipped,skipped,,10
705,Fiona E HIGGINS Glasgow (Lab),Robert JH MOONEY Glasgow (Lab),skipped,skipped,skipped,skipped,skipped,skipped,skipped,skipped,,10
706,Fiona E HIGGINS Glasgow (Lab),Robert JH MOONEY Glasgow (Lab),skipped,skipped,skipped,skipped,skipped,skipped,skipped,skipped,,10
707,Fiona E HIGGINS Glasgow (Lab),Robert JH MOONEY Glasgow (Lab),skipped,skipped,skipped,skipped,skipped,skipped,skipped,skipped,,10
708,Fiona E HIGGINS Glasgow (Lab),Robert JH MOONEY Glasgow (Lab),skipped,skipped,skipped,skipped,skipped,skipped,skipped,skipped,,10
709,Fiona E HIGGINS Glasgow (Lab),Robert JH MOONEY Glasgow (Lab),skipped,skipped,skipped,skipped,skipped,skipped,skipped,skipped,,10
710,Fiona E HIGGINS Glasgow (Lab),Robert JH MOONEY Glasgow (Lab),skipped,skipped,skipped,skipped,skipped,skipped,skipped,skipped,,10
711,Fiona E HIGGINS Glasgow (Lab),Robert JH MOONEY Glasgow (Lab),skipped,skipped,skipped,skipped,skipped,skipped,skipped,skipped,,10
712,Fiona E HIGGINS Glasgow (Lab),Robert JH MOONEY Glasgow (Lab),skipped,skipped,skipped,skipped,skipped,skipped,skipped,skipped,,10
713,Fiona E HIGGINS Glasgow (Lab),Robert JH MOONEY Glasgow (Lab),skipped,skipped,skipped,skipped,skipped,skipped,skipped,skipped,,10
714,Fiona E HIGGINS Glasgow (Lab),Robert JH MOONEY Glasgow (Lab),skipped,skipped,skipped,skipped,skipped,skipped,skipped,skipped,,10
715,Fiona E HIGGINS Glasgow (Lab),Robert JH MOONEY Glasgow (Lab),skipped,skipped,skipped,skipped,skipped,skipped,skipped,skipped,,10
716,Fiona E HIGGINS Glasgow (Lab),Robert JH MOONEY Glasgow (Lab),skipped,skipped,skipped,skipped,skipped,skipped,skipped,skipped,,10
717,Fiona E HIGGINS Glasgow (Lab),Robert JH MOONEY Glasgow (Lab),skipped,skipped,skipped,skipped,skipped,skipped,skipped,skipped,,10
718,Fiona E HIGGINS Glasgow (Lab),Robert JH MOONEY Glasgow (Lab),skipped,skipped,skipped,skipped,skipped,skipped,skipped,skipped,,10
719,Fiona E HIGGINS Glasgow (Lab),Robert JH MOONEY Glasgow (Lab),skipped,skipped,skipped,skipped,skipped,skipped,skipped,skipped,,10
720,Fiona E HIGGINS Glasgow (Lab),Robert JH MOONEY Glasgow (Lab),skipped,skipped,skipped,skipped,skipped,skipped,skipped,skipped,,10
721,Fiona E HIGGINS Glasgow (Lab),Robert JH MOONEY Glasgow (Lab),skipped,skipped,skipped,skipped,skipped,skipped,skipped,skipped,,10
722,Fiona E HIGGINS Glasgow (Lab),Robert JH MOONEY Glasgow (Lab),skipped,skipped,skipped,skipped,skipped,skipped,skipped,skipped,,10
723,Fiona E HIGGINS Glasgow (Lab),Robert JH MOONEY Glasgow (Lab),skipped,skipped,skipped,skipped,skipped,skipped,skipped,skipped,,10
724,Fiona E HIGGINS Glasgow (Lab),Robert JH MOONEY Glasgow (Lab),skipped,skipped,skipped,skipped,skipped,skipped,skipped,skipped,,10
725,Fiona E HIGGINS Glasgow (Lab),Robert JH MOONEY Glasgow (Lab),skipped,skipped,skipped,skipped,skipped,skipped,skipped,skipped,,10
726,Fiona E HIGGINS Glasgow (Lab),Robert JH MOONEY Glasgow (Lab),skipped,skipped,skipped,skipped,skipped,skipped,skipped,skipped,,10
727,Fiona E HIGGINS Glasgow (Lab),Robert JH MOONEY Glasgow (Lab),skipped,skipped,skipped,skipped,skipped,skipped,skipped,skipped,,10
728,Fiona E HIGGINS Glasgow (Lab),Robert JH MOONEY Glasgow (Lab),skipped,skipped,skipped,skipped,skipped,skipped,skipped,skipped,,10
729,Fiona E HIGGINS Glasgow (Lab),Robert JH MOONEY Glasgow (Lab),skipped,skipped,skipped,skipped,skipped,skipped,skipped,skipped,,10
730,Fiona E HIGGINS Glasgow (Lab),Robert JH MOONEY Glasgow (Lab),skipped,skipped,skipped,skipped,skipped,skipped,skipped,skipped,,10
731,Fiona E HIGGINS Glasgow (Lab),Robert JH MOONEY Glasgow (Lab),skipped,skipped,skipped,skipped,skipped,skipped,skipped,skipped,,10
732,Fiona E HIGGINS Glasgow (Lab),Robert JH MOONEY Glasgow (Lab),skipped,skipped,skipped,skipped,skipped,skipped,skipped,skipped,,10
733,Fiona E HIGGINS Glasgow (Lab),Robert JH MOONEY Glasgow (Lab),skipped,skipped,skipped,skipped,skipped,skipped,skipped,skipped,,10
734,Fiona E HIGGINS Glasgow (Lab),Robert JH MOONEY Glasgow (Lab),skipped,skipped,skipped,skipped,skipped,skipped,skipped,skipped,,10
735,Fiona E HIGGINS Glasgow (Lab),Robert JH MOONEY Glasgow (Lab),skipped,skipped,skipped,skipped,skipped,skipped,skipped,skipped,,10
736,Fiona E HIGGINS Glasgow (Lab),Robert JH MOONEY Glasgow (Lab),skipped,skipped,skipped,skipped,skipped,skipped,skipped,skipped,,10
737,Fiona E HIGGINS Glasgow (Lab),Robert JH MOONEY Glasgow (Lab),skipped,skipped,skipped,skipped,skipped,skipped,skipped,skipped,,10
738,Fiona E HIGGINS Glasgow (Lab),Robert JH MOONEY Glasgow (Lab),skipped,skipped,skipped,skipped,skipped,skipped,skipped,skipped,,10
739,Fiona E HIGGINS Glasgow (Lab),Robert JH MOONEY Glasgow (Lab),skipped,skipped,skipped,skipped,skipped,skipped,skipped,skipped,,10
740,Fiona E HIGGINS Glasgow (Lab),Robert JH MOONEY Glasgow (Lab),skipped,skipped,skipped,skipped,skipped,skipped,skipped,skipped,,10
741,Fiona E HIGGINS Glasgow (Lab),Robert JH MOONEY Glasgow (Lab),skipped,skipped,skipped,skipped,skipped,skipped,skipped,skipped,,10
742,Fiona E HIGGINS Glasgow (Lab),Robert JH MOONEY Glasgow (Lab),skipped,skipped,skipped,skipped,skipped,skipped,skipped,skipped,,10
743,Fiona E HIGGINS Glasgow (Lab),Robert JH MOONEY Glasgow (Lab),skipped,skipped,skipped,skipped,skipped,skipped,skipped,skipped,,10
744,Fiona E HIGGINS Glasgow (Lab),Robert JH MOONEY Glasgow (Lab),skipped,skipped,skipped,skipped,skipped,skipped,skipped,skipped,,10
745,Fiona E HIGGINS Glasgow (Lab),Robert JH MOONEY Glasgow (Lab),skipped,skipped,skipped,skipped,skipped,skipped,skipped,skipped,,10
746,Fiona E HIGGINS Glasgow (Lab),Robert JH MOONEY Glasgow (Lab),skipped,skipped,skipped,skipped,skipped,skipped,skipped,skipped,,10
747,Fiona E HIGGINS Glasgow (Lab),Robert JH MOONEY Glasgow (Lab),skipped,skipped,skipped,skipped,skipped,skipped,skipped,skipped,,10
748,Fiona E HIGGINS Glasgow (Lab),Robert JH MOONEY Glasgow (Lab),skipped,skipped,skipped,skipped,skipped,skipped,skipped,skipped,,10
749,Fiona E HIGGINS Glasgow (Lab),Robert JH MOONEY Glasgow (Lab),skipped,skipped,skipped,skipped,skipped,skipped,skipped,skipped,,10
750,Fiona E HIGGINS Glasgow (Lab),Robert JH MOONEY Glasgow (Lab),skipped,skipped,skipped,skipped,skipped,skipped,skipped,skipped,,10
751,Fiona E HIGGINS Glasgow (Lab),Robert JH MOONEY Glasgow (Lab),skipped,skipped,skipped,skipped,skipped,skipped,skipped,skipped,,10
752,Fiona E HIGGINS Glasgow (Lab),Robert JH MOONEY Glasgow (Lab),skipped,skipped,skipped,skipped,skipped,skipped,skipped,skipped,,10
753,Fiona E HIGGINS Glasgow (Lab),Robert JH MOONEY Glasgow (Lab),skipped,skipped,skipped,skipped,skipped,skipped,skipped,skipped,,10
754,Fiona E HIGGINS Glasgow (Lab),Robert JH MOONEY Glasgow (Lab),skipped,skipped,skipped,skipped,skipped,skipped,skipped,skipped,,10
755,Fiona E HIGGINS Glasgow (Lab),Robert JH MOONEY Glasgow (Lab),skipped,skipped,skipped,skipped,skipped,skipped,skipped,skipped,,10
756,Fiona E HIGGINS Glasgow (Lab),Robert JH MOONEY Glasgow (Lab),skipped,skipped,skipped,skipped,skipped,skipped,skipped,skipped,,10
757,Fiona E HIGGINS Glasgow (Lab),Robert JH MOONEY Glasgow (Lab),skipped,skipped,skipped,skipped,skipped,skipped,skipped,skipped,,10
758,Fiona E HIGGINS Glasgow (Lab),Robert JH MOONEY Glasgow (Lab),skipped,skipped,skipped,skipped,skipped,skipped,skipped,skipped,,10
759,Fiona E HIGGINS Glasgow (Lab),Robert JH MOONEY Glasgow (Lab),skipped,skipped,skipped,skipped,skipped,skipped,skipped,skipped,,10
760,Fiona E HIGGINS Glasgow (Lab),Robert JH MOONEY Glasgow (Lab),skipped,skipped,skipped,skipped,skipped,skipped,skipped,skipped,,10
761,Fiona E HIGGINS Glasgow (Lab),Robert JH MOONEY Glasgow (Lab),skipped,skipped,skipped,skipped,skipped,skipped,skipped,skipped,,10
762,Fiona E HIGGINS Glasgow (Lab),Robert JH MOONEY Glasgow (Lab),skipped,skipped,skipped,skipped,skipped,skipped,skipped,skipped,,10
763,Fiona E HIGGINS Glasgow (Lab),Robert JH MOONEY Glasgow (Lab),skipped,skipped,skipped,skipped,skipped,skipped,skipped,skipped,,10
764,Fiona E HIGGINS Glasgow (Lab),Robert JH MOONEY Glasgow (Lab),skipped,skipped,skipped,skipped,skipped,skipped,skipped,skipped,,10
765,Fiona E HIGGINS Glasgow (Lab),Robert JH MOONEY Glasgow (Lab),skipped,skipped,skipped,skipped,skipped,skipped,skipped,skipped,,10
766,Fiona E HIGGINS Glasgow (Lab),Robert JH MOONEY Glasgow (Lab),skipped,skipped,skipped,skipped,skipped,skipped,skipped,skipped,,10
767,Fiona E HIGGINS Glasgow (Lab),Robert JH MOONEY Glasgow (Lab),skipped,skipped,skipped,skipped,skipped,skipped,skipped,skipped,,10
768,Fiona E HIGGINS Glasgow (Lab),Robert JH MOONEY Glasgow (Lab),skipped,skipped,skipped,skipped,skipped,skipped,skipped,skipped,,10
769,Fiona E HIGGINS Glasgow (Lab),Robert JH MOONEY Glasgow (Lab),skipped,skipped,skipped,skipped,skipped,skipped,skipped,skipped,,10
770,Fiona E HIGGINS Glasgow (Lab),Robert JH MOONEY Glasgow (Lab),skipped,skipped,skipped,skipped,skipped,skipped,skipped,skipped,,10
771,Fiona E HIGGINS Glasgow (Lab),Robert JH MOONEY Glasgow (Lab),skipped,skipped,skipped,skipped,skipped,skipped,skipped,skipped,,10
772,Fiona E HIGGINS Glasgow (Lab),Robert JH MOONEY Glasgow (Lab),skipped,skipped,skipped,skipped,skipped,skipped,skipped,skipped,,10
773,Fiona E HIGGINS Glasgow (Lab),Robert JH MOONEY Glasgow (Lab),skipped,skipped,skipped,skipped,skipped,skipped,skipped,skipped,,10
774,Fiona E HIGGINS Glasgow (Lab),Robert JH MOONEY Glasgow (Lab),skipped,skipped,skipped,skipped,skipped,skipped,skipped,skipped,,10
775,Fiona E HIGGINS Glasgow (Lab),Robert JH MOONEY Glasgow (Lab),skipped,skipped,skipped,skipped,skipped,skipped,skipped,skipped,,10
776,Fiona E HIGGINS Glasgow (Lab),Robert JH MOONEY Glasgow (Lab),skipped,skipped,skipped,skipped,skipped,skipped,skipped,skipped,,10
777,Fiona E HIGGINS Glasgow (Lab),Robert JH MOONEY Glasgow (Lab),skipped,skipped,skipped,skipped,skipped,skipped,skipped,skipped,,10
778,Fiona E HIGGINS Glasgow (Lab),Robert JH MOONEY Glasgow (Lab),skipped,skipped,skipped,skipped,skipped,skipped,skipped,skipped,,10
779,Fiona E HIGGINS Glasgow (Lab),Robert JH MOONEY Glasgow (Lab),skipped,skipped,skipped,skipped,skipped,skipped,skipped,skipped,,10
780,Fiona E HIGGINS Glasgow (Lab),Robert JH MOONEY Glasgow (Lab),skipped,skipped,skipped,skipped,skipped,skipped,skipped,skipped,,10
781,Fiona E HIGGINS Glasgow (Lab),Robert JH MOONEY Glasgow (Lab),skipped,skipped,skipped,skipped,skipped,skipped,skipped,skipped,,10
782,Fiona E HIGGINS Glasgow (Lab),Robert JH MOONEY Glasgow (Lab),skipped,skipped,skipped,skipped,skipped,skipped,skipped,skipped,,10
783,Fiona E HIGGINS Glasgow (Lab),Robert JH MOONEY Glasgow (Lab),skipped,skipped,skipped,skipped,skipped,skipped,skipped,skipped,,10
784,Fiona E HIGGINS Glasgow (Lab),Robert JH MOONEY Glasgow (Lab),skipped,skipped,skipped,skipped,skipped,skipped,skipped,skipped,,10
785,Fiona E HIGGINS Glasgow (Lab),Robert JH MOONEY Glasgow (Lab),skipped,skipped,skipped,skipped,skipped,skipped,skipped,skipped,,10
786,Fiona E HIGGINS Glasgow (Lab),Robert JH MOONEY Glasgow (Lab),skipped,skipped,skipped,skipped,skipped,skipped,skipped,skipped,,10
787,Fiona E HIGGINS Glasgow (Lab),Robert JH MOONEY Glasgow (Lab),skipped,skipped,skipped,skipped,skipped,skipped,skipped,skipped,,10
788,Fiona E HIGGINS Glasgow (Lab),Robert JH MOONEY Glasgow (Lab),skipped,skipped,skipped,skipped,skipped,skipped,skipped,skipped,,10
789,Fiona E HIGGINS Glasgow (Lab),Robert JH MOONEY Glasgow (Lab),skipped,skipped,skipped,skipped,skipped,skipped,skipped,skipped,,10
790,Fiona E HIGGINS Glasgow (Lab),Robert JH MOONEY Glasgow (Lab),skipped,skipped,skipped,skipped,skipped,skipped,skipped,skipped,,10
791,Fiona E HIGGINS Glasgow (Lab),Robert JH MOONEY Glasgow (Lab),skipped,skipped,skipped,skipped,skipped,skipped,skipped,skipped,,10
792,Fiona E HIGGINS Glasgow (Lab),Robert JH MOONEY Glasgow (Lab),skipped,skipped,skipped,skipped,skipped,skipped,skipped,skipped,,10
793,Fiona E HIGGINS Glasgow (Lab),Robert JH MOONEY Glasgow (Lab),skipped,skipped,skipped,skipped,skipped,skipped,skipped,skipped,,10
794,Fiona E HIGGINS Glasgow (Lab),Robert JH MOONEY Glasgow (Lab),skipped,skipped,skipped,skipped,skipped,skipped,skipped,skipped,,10
795,Fiona E HIGGINS Glasgow (Lab),Robert JH MOONEY Glasgow (Lab),skipped,skipped,skipped,skipped,skipped,skipped,skipped,skipped,,10
796,Fiona E HIGGINS Glasgow (Lab),Robert JH MOONEY Glasgow (Lab),skipped,skipped,skipped,skipped,skipped,skipped,skipped,skipped,,10
797,Fiona E HIGGINS Glasgow (Lab),Robert JH MOONEY Glasgow (Lab),skipped,skipped,skipped,skipped,skipped,skipped,skipped,skipped,,10
798,Fiona E HIGGINS Glasgow (Lab),Robert JH MOONEY Glasgow (Lab),skipped,skipped,skipped,skipped,skipped,skipped,skipped,skipped,,10
799,Fiona E HIGGINS Glasgow (Lab),Robert JH MOONEY Glasgow (Lab),skipped,skipped,skipped,skipped,skipped,skipped,skipped,skipped,,10
800,Fiona E HIGGINS Glasgow (Lab),Robert JH MOONEY Glasgow (Lab),skipped,skipped,skipped,skipped,skipped,skipped,skipped,skipped,,10
801,Fiona E HIGGINS Glasgow (Lab),Robert JH MOONEY Glasgow (Lab),skipped,skipped,skipped,skipped,skipped,skipped,skipped,skipped,,10
802,Fiona E HIGGINS Glasgow (Lab),Robert JH MOONEY Glasgow (Lab),skipped,skipped,skipped,skipped,skipped,skipped,skipped,skipped,,10
803,Fiona E HIGGINS Glasgow (Lab),Robert JH MOONEY Glasgow (Lab),skipped,skipped,skipped,skipped,skipped,skipped,skipped,skipped,,10
804,Fiona E HIGGINS Glasgow (Lab),Robert JH MOONEY Glasgow (Lab),skipped,skipped,skipped,skipped,skipped,skipped,skipped,skipped,,10
805,Fiona E HIGGINS Glasgow (Lab),Robert JH MOONEY Glasgow (Lab),skipped,skipped,skipped,skipped,skipped,skipped,skipped,skipped,,10
806,Fiona E HIGGINS Glasgow (Lab),Robert JH MOONEY Glasgow (Lab),skipped,skipped,skipped,skipped,skipped,skipped,skipped,skipped,,10
807,Fiona E HIGGINS Glasgow (Lab),Robert JH MOONEY Glasgow (Lab),skipped,skipped,skipped,skipped,skipped,skipped,skipped,skipped,,10
808,Fiona E HIGGINS Glasgow (Lab),Robert JH MOONEY Glasgow (Lab),skipped,skipped,skipped,skipped,skipped,skipped,skipped,skipped,,10
809,Fiona E HIGGINS Glasgow (Lab),Robert JH MOONEY Glasgow (Lab),skipped,skipped,skipped,skipped,skipped,skipped,skipped,skipped,,10
810,Fiona E HIGGINS Glasgow (Lab),Robert JH MOONEY Glasgow (Lab),skipped,skipped,skipped,skipped,skipped,skipped,skipped,skipped,,10
811,Fiona E HIGGINS Glasgow (Lab),Robert JH MOONEY Glasgow (Lab),skipped,skipped,skipped,skipped,skipped,skipped,skipped,skipped,,10
812,Fiona E HIGGINS Glasgow (Lab),Robert JH MOONEY Glasgow (Lab),skipped,skipped,skipped,skipped,skipped,skipped,skipped,skipped,,10
813,Fiona E HIGGINS Glasgow (Lab),Robert JH MOONEY Glasgow (Lab),skipped,skipped,skipped,skipped,skipped,skipped,skipped,skipped,,10
814,Fiona E HIGGINS Glasgow (Lab),Robert JH MOONEY Glasgow (Lab),skipped,skipped,skipped,skipped,skipped,skipped,skipped,skipped,,10
815,Fiona E HIGGINS Glasgow (Lab),Robert JH MOONEY Glasgow (Lab),skipped,skipped,skipped,skipped,skipped,skipped,skipped,skipped,,10
816,Fiona E HIGGINS Glasgow (Lab),Robert JH MOONEY Glasgow (Lab),skipped,skipped,skipped,skipped,skipped,skipped,skipped,skipped,,10
817,Fiona E HIGGINS Glasgow (Lab),Robert JH MOONEY Glasgow (Lab),skipped,skipped,skipped,skipped,skipped,skipped,skipped,skipped,,10
818,Fiona E HIGGINS Glasgow (Lab),Robert JH MOONEY Glasgow (Lab),skipped,skipped,skipped,skipped,skipped,skipped,skipped,skipped,,10
819,Fiona E HIGGINS Glasgow (Lab),Robert JH MOONEY Glasgow (Lab),skipped,skipped,skipped,skipped,skipped,skipped,skipped,skipped,,10
820,Fiona E HIGGINS Glasgow (Lab),Robert JH MOONEY Glasgow (Lab),skipped,skipped,skipped,skipped,skipped,skipped,skipped,skipped,,10
821,Fiona E HIGGINS Glasgow (Lab),Robert JH MOONEY Glasgow (Lab),skipped,skipped,skipped,skipped,skipped,skipped,skipped,skipped,,10
822,Fiona E HIGGINS Glasgow (Lab),Robert JH MOONEY Glasgow (Lab),skipped,skipped,skipped,skipped,skipped,skipped,skipped,skipped,,10
823,Fiona E HIGGINS Glasgow (Lab),Robert JH MOONEY Glasgow (Lab),skipped,skipped,skipped,skipped,skipped,skipped,skipped,skipped,,10
824,Fiona E HIGGINS Glasgow (Lab),Robert JH MOONEY Glasgow (Lab),skipped,skipped,skipped,skipped,skipped,skipped,skipped,skipped,,10
825,Fiona E HIGGINS Glasgow (Lab),Robert JH MOONEY Glasgow (Lab),skipped,skipped,skipped,skipped,skipped,skipped,skipped,skipped,,10
826,Fiona E HIGGINS Glasgow (Lab),Robert JH MOONEY Glasgow (Lab),skipped,skipped,skipped,skipped,skipped,skipped,skipped,skipped,,10
827,Fiona E HIGGINS Glasgow (Lab),Robert JH MOONEY Glasgow (Lab),skipped,skipped,skipped,skipped,skipped,skipped,skipped,skipped,,10
828,Fiona E HIGGINS Glasgow (Lab),Robert JH MOONEY Glasgow (Lab),skipped,skipped,skipped,skipped,skipped,skipped,skipped,skipped,,10
829,Fiona E HIGGINS Glasgow (Lab),Robert JH MOONEY Glasgow (Lab),skipped,skipped,skipped,skipped,skipped,skipped,skipped,skipped,,10
830,Fiona E HIGGINS Glasgow (Lab),Robert JH MOONEY Glasgow (Lab),skipped,skipped,skipped,skipped,skipped,skipped,skipped,skipped,,10
831,Fiona E HIGGINS Glasgow (Lab),Robert JH MOONEY Glasgow (Lab),skipped,skipped,skipped,skipped,skipped,skipped,skipped,skipped,,10
832,Fiona E HIGGINS Glasgow (Lab),Robert JH MOONEY Glasgow (Lab),skipped,skipped,skipped,skipped,skipped,skipped,skipped,skipped,,10
833,Fiona E HIGGINS Glasgow (Lab),Robert JH MOONEY Glasgow (Lab),skipped,skipped,skipped,skipped,skipped,skipped,skipped,skipped,,10
834,Fiona E HIGGINS Glasgow (Lab),Robert JH MOONEY Glasgow (Lab),skipped,skipped,skipped,skipped,skipped,skipped,skipped,skipped,,10
835,Fiona E HIGGINS Glasgow (Lab),Robert JH MOONEY Glasgow (Lab),skipped,skipped,skipped,skipped,skipped,skipped,skipped,skipped,,10
836,Fiona E HIGGINS Glasgow (Lab),Robert JH MOONEY Glasgow (Lab),skipped,skipped,skipped,skipped,skipped,skipped,skipped,skipped,,10
837,Fiona E HIGGINS Glasgow (Lab),Robert JH MOONEY Glasgow (Lab),skipped,skipped,skipped,skipped,skipped,skipped,skipped,skipped,,10
838,Fiona E HIGGINS Glasgow (Lab),Robert JH MOONEY Glasgow (Lab),skipped,skipped,skipped,skipped,skipped,skipped,skipped,skipped,,10
839,Fiona E HIGGINS Glasgow (Lab),Robert JH MOONEY Glasgow (Lab),skipped,skipped,skipped,skipped,skipped,skipped,skipped,skipped,,10
840,Fiona E HIGGINS Glasgow (Lab),Robert JH MOONEY Glasgow (Lab),skipped,skipped,skipped,skipped,skipped,skipped,skipped,skipped,,10
841,Fiona E HIGGINS Glasgow (Lab),Robert JH MOONEY Glasgow (Lab),skipped,skipped,skipped,skipped,skipped,skipped,skipped,skipped,,10
842,Fiona E HIGGINS Glasgow (Lab),Robert JH MOONEY Glasgow (Lab),skipped,skipped,skipped,skipped,skipped,skipped,skipped,skipped,,10
843,Fiona E HIGGINS Glasgow (Lab),Robert JH MOONEY Glasgow (Lab),skipped,skipped,skipped,skipped,skipped,skipped,skipped,skipped,,10
844,Fiona E HIGGINS Glasgow (Lab),Robert JH MOONEY Glasgow (Lab),skipped,skipped,skipped,skipped,skipped,skipped,skipped,skipped,,10
845,Fiona E HIGGINS Glasgow (Lab),Robert JH MOONEY Glasgow (Lab),skipped,skipped,skipped,skipped,skipped,skipped,skipped,skipped,,10
846,Fiona E HIGGINS Glasgow (Lab),Robert JH MOONEY Glasgow (Lab),skipped,skipped,skipped,skipped,skipped,skipped,skipped,skipped,,10
847,Fiona E HIGGINS Glasgow (Lab),Robert JH MOONEY Glasgow (Lab),skipped,skipped,skipped,skipped,skipped,skipped,skipped,skipped,,10
848,Fiona E HIGGINS Glasgow (Lab),Robert JH MOONEY Glasgow (Lab),skipped,skipped,skipped,skipped,skipped,skipped,skipped,skipped,,10
849,Fiona E HIGGINS Glasgow (Lab),Robert JH MOONEY Glasgow (Lab),skipped,skipped,skipped,skipped,skipped,skipped,skipped,skipped,,10
850,Fiona E HIGGINS Glasgow (Lab),Robert JH MOONEY Glasgow (Lab),skipped,skipped,skipped,skipped,skipped,skipped,skipped,skipped,,10
851,Fiona E HIGGINS Glasgow (Lab),Robert JH MOONEY Glasgow (Lab),skipped,skipped,skipped,skipped,skipped,skipped,skipped,skipped,,10
852,Fiona E HIGGINS Glasgow (Lab),Robert JH MOONEY Glasgow (Lab),skipped,skipped,skipped,skipped,skipped,skipped,skipped,skipped,,10
853,Fiona E HIGGINS Glasgow (Lab),Robert JH MOONEY Glasgow (Lab),skipped,skipped,skipped,skipped,skipped,skipped,skipped,skipped,,10
854,Fiona E HIGGINS Glasgow (Lab),Robert JH MOONEY Glasgow (Lab),skipped,skipped,skipped,skipped,skipped,skipped,skipped,skipped,,10
855,Fiona E HIGGINS Glasgow (Lab),Robert JH MOONEY Glasgow (Lab),skipped,skipped,skipped,skipped,skipped,skipped,skipped,skipped,,10
856,Fiona E HIGGINS Glasgow (Lab),Robert JH MOONEY Glasgow (Lab),skipped,skipped,skipped,skipped,skipped,skipped,skipped,skipped,,10
857,Fiona E HIGGINS Glasgow (Lab),Robert JH MOONEY Glasgow (Lab),skipped,skipped,skipped,skipped,skipped,skipped,skipped,skipped,,10
858,Fiona E HIGGINS Glasgow (Lab),Robert JH MOONEY Glasgow (Lab),skipped,skipped,skipped,skipped,skipped,skipped,skipped,skipped,,10
859,Fiona E HIGGINS Glasgow (Lab),Robert JH MOONEY Glasgow (Lab),skipped,skipped,skipped,skipped,skipped,skipped,skipped,skipped,,10
860,Fiona E HIGGINS Glasgow (Lab),Robert JH MOONEY Glasgow (Lab),skipped,skipped,skipped,skipped,skipped,skipped,skipped,skipped,,10
861,Fiona E HIGGINS Glasgow (Lab),Robert JH MOONEY Glasgow (Lab),skipped,skipped,skipped,skipped,skipped,skipped,skipped,skipped,,10
862,Fiona E HIGGINS Glasgow (Lab),Robert JH MOONEY Glasgow (Lab),skipped,skipped,skipped,skipped,skipped,skipped,skipped,skipped,,10
863,Fiona E HIGGINS Glasgow (Lab),Robert JH MOONEY Glasgow (Lab),skipped,skipped,skipped,skipped,skipped,skipped,skipped,skipped,,10
864,Fiona E HIGGINS Glasgow (Lab),Robert JH MOONEY Glasgow (Lab),skipped,skipped,skipped,skipped,skipped,skipped,skipped,skipped,,10
865,Fiona E HIGGINS Glasgow (Lab),Robert JH MOONEY Glasgow (Lab),skipped,skipped,skipped,skipped,skipped,skipped,skipped,skipped,,10
866,Fiona E HIGGINS Glasgow (Lab),Robert JH MOONEY Glasgow (Lab),skipped,skipped,skipped,skipped,skipped,skipped,skipped,skipped,,10
867,Fiona E HIGGINS Glasgow (Lab),Robert JH MOONEY Glasgow (Lab),skipped,skipped,skipped,skipped,skipped,skipped,skipped,skipped,,10
868,Fiona E HIGGINS Glasgow (Lab),Robert JH MOONEY Glasgow (Lab),skipped,skipped,skipped,skipped,skipped,skipped,skipped,skipped,,10
869,Fiona E HIGGINS Glasgow (Lab),Robert JH MOONEY Glasgow (Lab),skipped,skipped,skipped,skipped,skipped,skipped,skipped,skipped,,10
870,Fiona E HIGGINS Glasgow (Lab),Robert JH MOONEY Glasgow (Lab),skipped,skipped,skipped,skipped,skipped,skipped,skipped,skipped,,10
871,Fiona E HIGGINS Glasgow (Lab),Robert JH MOONEY Glasgow (Lab),skipped,skipped,skipped,skipped,skipped,skipped,skipped,skipped,,10
872,Fiona E HIGGINS Glasgow (Lab),Robert JH MOONEY Glasgow (Lab),skipped,skipped,skipped,skipped,skipped,skipped,skipped,skipped,,10
873,Fiona E HIGGINS Glasgow (Lab),Robert JH MOONEY Glasgow (Lab),skipped,skipped,skipped,skipped,skipped,skipped,skipped,skipped,,10
874,Fiona E HIGGINS Glasgow (Lab),Robert JH MOONEY Glasgow (Lab),skipped,skipped,skipped,skipped,skipped,skipped,skipped,skipped,,10
875,Fiona E HIGGINS Glasgow (Lab),Robert JH MOONEY Glasgow (Lab),skipped,skipped,skipped,skipped,skipped,skipped,skipped,skipped,,10
876,Fiona E HIGGINS Glasgow (Lab),Robert JH MOONEY Glasgow (Lab),skipped,skipped,skipped,skipped,skipped,skipped,skipped,skipped,,10
877,Fiona E HIGGINS Glasgow (Lab),Robert JH MOONEY Glasgow (Lab),skipped,skipped,skipped,skipped,skipped,skipped,skipped,skipped,,10
878,Fiona E HIGGINS Glasgow (Lab),Robert JH MOONEY Glasgow (Lab),skipped,skipped,skipped,skipped,skipped,skipped,skipped,skipped,,10
879,Fiona E HIGGINS Glasgow (Lab),Robert JH MOONEY Glasgow (Lab),skipped,skipped,skipped,skipped,skipped,skipped,skipped,skipped,,10
880,Fiona E HIGGINS Glasgow (Lab),Robert JH MOONEY Glasgow (Lab),skipped,skipped,skipped,skipped,skipped,skipped,skipped,skipped,,10
881,Fiona E HIGGINS Glasgow (Lab),Robert JH MOONEY Glasgow (Lab),skipped,skipped,skipped,skipped,skipped,skipped,skipped,skipped,,10
882,Fiona E HIGGINS Glasgow (Lab),Robert JH MOONEY Glasgow (Lab),skipped,skipped,skipped,skipped,skipped,skipped,skipped,skipped,,10
883,Fiona E HIGGINS Glasgow (Lab),Robert JH MOONEY Glasgow (Lab),skipped,skipped,skipped,skipped,skipped,skipped,skipped,skipped,,10
884,Fiona E HIGGINS Glasgow (Lab),Robert JH MOONEY Glasgow (Lab),skipped,skipped,skipped,skipped,skipped,skipped,skipped,skipped,,10
885,Fiona E HIGGINS Glasgow (Lab),Robert JH MOONEY Glasgow (Lab),skipped,skipped,skipped,skipped,skipped,skipped,skipped,skipped,,10
886,Fiona E HIGGINS Glasgow (Lab),Robert JH MOONEY Glasgow (Lab),skipped,skipped,skipped,skipped,skipped,skipped,skipped,skipped,,10
887,Fiona E HIGGINS Glasgow (Lab),Robert JH MOONEY Glasgow (Lab),skipped,skipped,skipped,skipped,skipped,skipped,skipped,skipped,,10
888,Fiona E HIGGINS Glasgow (Lab),Robert JH MOONEY Glasgow (Lab),skipped,skipped,skipped,skipped,skipped,skipped,skipped,skipped,,10
889,Fiona E HIGGINS Glasgow (Lab),Robert JH MOONEY Glasgow (Lab),skipped,skipped,skipped,skipped,skipped,skipped,skipped,skipped,,10
890,Fiona E HIGGINS Glasgow (Lab),Robert JH MOONEY Glasgow (Lab),skipped,skipped,skipped,skipped,skipped,skipped,skipped,skipped,,10
891,Fiona E HIGGINS Glasgow (Lab),Robert JH MOONEY Glasgow (Lab),skipped,skipped,skipped,skipped,skipped,skipped,skipped,skipped,,10
892,Fiona E HIGGINS Glasgow (Lab),Robert JH MOONEY Glasgow (Lab),skipped,skipped,skipped,skipped,skipped,skipped,skipped,skipped,,10
893,Fiona E HIGGINS Glasgow (Lab),Robert JH MOONEY Glasgow (Lab),skipped,skipped,skipped,skipped,skipped,skipped,skipped,skipped,,10
894,Fiona E HIGGINS Glasgow (Lab),Robert JH MOONEY Glasgow (Lab),skipped,skipped,skipped,skipped,skipped,skipped,skipped,skipped,,10
895,Fiona E HIGGINS Glasgow (Lab),Robert JH MOONEY Glasgow (Lab),skipped,skipped,skipped,skipped,skipped,skipped,skipped,skipped,,10
896,Fiona E HIGGINS Glasgow (Lab),Robert JH MOONEY Glasgow (Lab),skipped,skipped,skipped,skipped,skipped,skipped,skipped,skipped,,10
897,Fiona E HIGGINS Glasgow (Lab),Robert JH MOONEY Glasgow (Lab),skipped,skipped,skipped,skipped,skipped,skipped,skipped,skipped,,10
898,Fiona E HIGGINS Glasgow (Lab),Robert JH MOONEY Glasgow (Lab),skipped,skipped,skipped,skipped,skipped,skipped,skipped,skipped,,10
899,Fiona E HIGGINS Glasgow (Lab),Robert JH MOONEY Glasgow (Lab),skipped,skipped,skipped,skipped,skipped,skipped,skipped,skipped,,10
900,Fiona E HIGGINS Glasgow (Lab),Robert JH MOONEY Glasgow (Lab),skipped,skipped,skipped,skipped,skipped,skipped,skipped,skipped,,10
901,Fiona E HIGGINS Glasgow (Lab),Robert JH MOONEY Glasgow (Lab),skipped,skipped,skipped,skipped,skipped,skipped,skipped,skipped,,10
902,Fiona E HIGGINS Glasgow (Lab),Robert JH MOONEY Glasgow (Lab),skipped,skipped,skipped,skipped,skipped,skipped,skipped,skipped,,10
903,Fiona E HIGGINS Glasgow (Lab),Robert JH MOONEY Glasgow (Lab),skipped,skipped,skipped,skipped,skipped,skipped,skipped,skipped,,10
904,Fiona E HIGGINS Glasgow (Lab),Robert JH MOONEY Glasgow (Lab),skipped,skipped,skipped,skipped,skipped,skipped,skipped,skipped,,10
905,Fiona E HIGGINS Glasgow (Lab),Robert JH MOONEY Glasgow (Lab),skipped,skipped,skipped,skipped,skipped,skipped,skipped,skipped,,10
906,Fiona E HIGGINS Glasgow (Lab),Robert JH MOONEY Glasgow (Lab),skipped,skipped,skipped,skipped,skipped,skipped,skipped,skipped,,10
907,Fiona E HIGGINS Glasgow (Lab),Robert JH MOONEY Glasgow (Lab),skipped,skipped,skipped,skipped,skipped,skipped,skipped,skipped,,10
908,Fiona E HIGGINS Glasgow (Lab),Robert JH MOONEY Glasgow (Lab),skipped,skipped,skipped,skipped,skipped,skipped,skipped,skipped,,10
909,Fiona E HIGGINS Glasgow (Lab),Robert JH MOONEY Glasgow (Lab),skipped,skipped,skipped,skipped,skipped,skipped,skipped,skipped,,10
910,Fiona E HIGGINS Glasgow (Lab),Robert JH MOONEY Glasgow (Lab),skipped,skipped,skipped,skipped,skipped,skipped,skipped,skipped,,10
911,Fiona E HIGGINS Glasgow (Lab),Robert JH MOONEY Glasgow (Lab),skipped,skipped,skipped,skipped,skipped,skipped,skipped,skipped,,10
912,Fiona E HIGGINS Glasgow (Lab),Robert JH MOONEY Glasgow (Lab),skipped,skipped,skipped,skipped,skipped,skipped,skipped,skipped,,10
913,Fiona E HIGGINS Glasgow (Lab),Robert JH MOONEY Glasgow (Lab),skipped,skipped,skipped,skipped,skipped,skipped,skipped,skipped,,10
914,Fiona E HIGGINS Glasgow (Lab),Robert JH MOONEY Glasgow (Lab),skipped,skipped,skipped,skipped,skipped,skipped,skipped,skipped,,10
915,Fiona E HIGGINS Glasgow (Lab),Robert JH MOONEY Glasgow (Lab),skipped,skipped,skipped,skipped,skipped,skipped,skipped,skipped,,10
916,Fiona E HIGGINS Glasgow (Lab),Robert JH MOONEY Glasgow (Lab),skipped,skipped,skipped,skipped,skipped,skipped,skipped,skipped,,10
917,Fiona E HIGGINS Glasgow (Lab),Robert JH MOONEY Glasgow (Lab),skipped,skipped,skipped,skipped,skipped,skipped,skipped,skipped,,10
918,Fiona E HIGGINS Glasgow (Lab),Robert JH MOONEY Glasgow (Lab),skipped,skipped,skipped,skipped,skipped,skipped,skipped,skipped,,10
919,Fiona E HIGGINS Glasgow (Lab),Robert JH MOONEY Glasgow (Lab),skipped,skipped,skipped,skipped,skipped,skipped,skipped,skipped,,10
920,Fiona E HIGGINS Glasgow (Lab),Robert JH MOONEY Glasgow (Lab),skipped,skipped,skipped,skipped,skipped,skipped,skipped,skipped,,10
921,Fiona E HIGGINS Glasgow (Lab),Robert JH MOONEY Glasgow (Lab),skipped,skipped,skipped,skipped,skipped,skipped,skipped,skipped,,10
922,Fiona E HIGGINS Glasgow (Lab),Robert JH MOONEY Glasgow (Lab),skipped,skipped,skipped,skipped,skipped,skipped,skipped,skipped,,10
923,Fiona E HIGGINS Glasgow (Lab),Robert JH MOONEY Glasgow (Lab),skipped,skipped,skipped,skipped,skipped,skipped,skipped,skipped,,10
924,Fiona E HIGGINS Glasgow (Lab),Robert JH MOONEY Glasgow (Lab),skipped,skipped,skipped,skipped,skipped,skipped,skipped,skipped,,10
925,Fiona E HIGGINS Glasgow (Lab),Robert JH MOONEY Glasgow (Lab),skipped,skipped,skipped,skipped,skipped,skipped,skipped,skipped,,10
926,Fiona E HIGGINS Glasgow (Lab),Robert JH MOONEY Glasgow (Lab),skipped,skipped,skipped,skipped,skipped,skipped,skipped,skipped,,10
927,Fiona E HIGGINS Glasgow (Lab),Robert JH MOONEY Glasgow (Lab),skipped,skipped,skipped,skipped,skipped,skipped,skipped,skipped,,10
928,Fiona E HIGGINS Glasgow (Lab),Robert JH MOONEY Glasgow (Lab),skipped,skipped,skipped,skipped,skipped,skipped,skipped,skipped,,10
929,Fiona E HIGGINS Glasgow (Lab),Robert JH MOONEY Glasgow (Lab),skipped,skipped,skipped,skipped,skipped,skipped,skipped,skipped,,10
930,Fiona E HIGGINS Glasgow (Lab),Robert JH MOONEY Glasgow (Lab),skipped,skipped,skipped,skipped,skipped,skipped,skipped,skipped,,10
931,Fiona E HIGGINS Glasgow (Lab),Robert JH MOONEY Glasgow (Lab),skipped,skipped,skipped,skipped,skipped,skipped,skipped,skipped,,10
932,Fiona E HIGGINS Glasgow (Lab),Robert JH MOONEY Glasgow (Lab),skipped,skipped,skipped,skipped,skipped,skipped,skipped,skipped,,10
933,Fiona E HIGGINS Glasgow (Lab),Robert JH MOONEY Glasgow (Lab),skipped,skipped,skipped,skipped,skipped,skipped,skipped,skipped,,10
934,Fiona E HIGGINS Glasgow (Lab),Robert JH MOONEY Glasgow (Lab),skipped,skipped,skipped,skipped,skipped,skipped,skipped,skipped,,10
935,Fiona E HIGGINS Glasgow (Lab),Robert JH MOONEY Glasgow (Lab),skipped,skipped,skipped,skipped,skipped,skipped,skipped,skipped,,10
936,Fiona E HIGGINS Glasgow (Lab),Robert JH MOONEY Glasgow (Lab),skipped,skipped,skipped,skipped,skipped,skipped,skipped,skipped,,10
937,Fiona E HIGGINS Glasgow (Lab),Robert JH MOONEY Glasgow (Lab),skipped,skipped,skipped,skipped,skipped,skipped,skipped,skipped,,10
938,Fiona E HIGGINS Glasgow (Lab),Robert JH MOONEY Glasgow (Lab),skipped,skipped,skipped,skipped,skipped,skipped,skipped,skipped,,10
939,Fiona E HIGGINS Glasgow (Lab),Robert JH MOONEY Glasgow (Lab),skipped,skipped,skipped,skipped,skipped,skipped,skipped,skipped,,10
940,Fiona E HIGGINS Glasgow (Lab),Robert JH MOONEY Glasgow (Lab),skipped,skipped,skipped,skipped,skipped,skipped,skipped,skipped,,10
941,Fiona E HIGGINS Glasgow (Lab),Robert JH MOONEY Glasgow (Lab),skipped,skipped,skipped,skipped,skipped,skipped,skipped,skipped,,10
942,Fiona E HIGGINS Glasgow (Lab),Robert JH MOONEY Glasgow (Lab),skipped,skipped,skipped,skipped,skipped,skipped,skipped,skipped,,10
943,Fiona E HIGGINS Glasgow (Lab),Robert JH MOONEY Glasgow (Lab),skipped,skipped,skipped,skipped,skipped,skipped,skipped,skipped,,10
944,Fiona E HIGGINS Glasgow (Lab),Robert JH MOONEY Glasgow (Lab),skipped,skipped,skipped,skipped,skipped,skipped,skipped,skipped,,10
945,Fiona E HIGGINS Glasgow (Lab),Robert JH MOONEY Glasgow (Lab),skipped,skipped,skipped,skipped,skipped,skipped,skipped,skipped,,10
946,Fiona E HIGGINS Glasgow (Lab),Robert JH MOONEY Glasgow (Lab),skipped,skipped,skipped,skipped,skipped,skipped,skipped,skipped,,10
947,Fiona E HIGGINS Glasgow (Lab),Robert JH MOONEY Glasgow (Lab),skipped,skipped,skipped,skipped,skipped,skipped,skipped,skipped,,10
948,Fiona E HIGGINS Glasgow (Lab),Robert JH MOONEY Glasgow (Lab),skipped,skipped,skipped,skipped,skipped,skipped,skipped,skipped,,10
949,Fiona E HIGGINS Glasgow (Lab),Robert JH MOONEY Glasgow (Lab),skipped,skipped,skipped,skipped,skipped,skipped,skipped,skipped,,10
950,Fiona E HIGGINS Glasgow (Lab),Robert JH MOONEY Glasgow (Lab),skipped,skipped,skipped,skipped,skipped,skipped,skipped,skipped,,10
951,Fiona E HIGGINS Glasgow (Lab),Robert JH MOONEY Glasgow (Lab),skipped,skipped,skipped,skipped,skipped,skipped,skipped,skipped,,10
952,Fiona E HIGGINS Glasgow (Lab),Robert JH MOONEY Glasgow (Lab),skipped,skipped,skipped,skipped,skipped,skipped,skipped,skipped,,10
953,Fiona E HIGGINS Glasgow (Lab),Robert JH MOONEY Glasgow (Lab),skipped,skipped,skipped,skipped,skipped,skipped,skipped,skipped,,10
954,Fiona E HIGGINS Glasgow (Lab),Robert JH MOONEY Glasgow (Lab),skipped,skipped,skipped,skipped,skipped,skipped,skipped,skipped,,10
955,Fiona E HIGGINS Glasgow (Lab),Robert JH MOONEY Glasgow (Lab),skipped,skipped,skipped,skipped,skipped,skipped,skipped,skipped,,10
956,Fiona E HIGGINS Glasgow (Lab),Robert JH MOONEY Glasgow (Lab),skipped,skipped,skipped,skipped,skipped,skipped,skipped,skipped,,10
957,Fiona E HIGGINS Glasgow (Lab),Robert JH MOONEY Glasgow (Lab),skipped,skipped,skipped,skipped,skipped,skipped,skipped,skipped,,10
958,Fiona E HIGGINS Glasgow (Lab),Robert JH MOONEY Glasgow (Lab),skipped,skipped,skipped,skipped,skipped,skipped,skipped,skipped,,10
959,Fiona E HIGGINS Glasgow (Lab),Robert JH MOONEY Glasgow (Lab),skipped,skipped,skipped,skipped,skipped,skipped,skipped,skipped,,10
960,Fiona E HIGGINS Glasgow (Lab),Robert JH MOONEY Glasgow (Lab),skipped,skipped,skipped,skipped,skipped,skipped,skipped,skipped,,10
961,Fiona E HIGGINS Glasgow (Lab),Robert JH MOONEY Glasgow (Lab),skipped,skipped,skipped,skipped,skipped,skipped,skipped,skipped,,10
962,Fiona E HIGGINS Glasgow (Lab),Robert JH MOONEY Glasgow (Lab),skipped,skipped,skipped,skipped,skipped,skipped,skipped,skipped,,10
963,Fiona E HIGGINS Glasgow (Lab),Robert JH MOONEY Glasgow (Lab),skipped,skipped,skipped,skipped,skipped,skipped,skipped,skipped,,10
964,Fiona E HIGGINS Glasgow (Lab),Robert JH MOONEY Glasgow (Lab),skipped,skipped,skipped,skipped,skipped,skipped,skipped,skipped,,10
965,Fiona E HIGGINS Glasgow (Lab),Robert JH MOONEY Glasgow (Lab),skipped,skipped,skipped,skipped,skipped,skipped,skipped,skipped,,10
966,Fiona E HIGGINS Glasgow (Lab),Robert JH MOONEY Glasgow (Lab),skipped,skipped,skipped,skipped,skipped,skipped,skipped,skipped,,10
967,Fiona E HIGGINS Glasgow (Lab),Robert JH MOONEY Glasgow (Lab),skipped,skipped,skipped,skipped,skipped,skipped,skipped,skipped,,10
968,Fiona E HIGGINS Glasgow (Lab),Robert JH MOONEY Glasgow (Lab),skipped,skipped,skipped,skipped,skipped,skipped,skipped,skipped,,10
969,Fiona E HIGGINS Glasgow (Lab),Robert JH MOONEY Glasgow (Lab),skipped,skipped,skipped,skipped,skipped,skipped,skipped,skipped,,10
970,Fiona E HIGGINS Glasgow (Lab),Robert JH MOONEY Glasgow (Lab),skipped,skipped,skipped,skipped,skipped,skipped,skipped,skipped,,10
971,Fiona E HIGGINS Glasgow (Lab),Robert JH MOONEY Glasgow (Lab),skipped,skipped,skipped,skipped,skipped,skipped,skipped,skipped,,10
972,Fiona E HIGGINS Glasgow (Lab),Robert JH MOONEY Glasgow (Lab),skipped,skipped,skipped,skipped,skipped,skipped,skipped,skipped,,10
973,Fiona E HIGGINS Glasgow (Lab),Robert JH MOONEY Glasgow (Lab),skipped,skipped,skipped,skipped,skipped,skipped,skipped,skipped,,10
974,Fiona E HIGGINS Glasgow (Lab),Robert JH MOONEY Glasgow (Lab),skipped,skipped,skipped,skipped,skipped,skipped,skipped,skipped,,10
975,Fiona E HIGGINS Glasgow (Lab),Robert JH MOONEY Glasgow (Lab),skipped,skipped,skipped,skipped,skipped,skipped,skipped,skipped,,10
976,Fiona E HIGGINS Glasgow (Lab),Robert JH MOONEY Glasgow (Lab),skipped,skipped,skipped,skipped,skipped,skipped,skipped,skipped,,10
977,Fiona E HIGGINS Glasgow (Lab),Robert JH MOONEY Glasgow (Lab),skipped,skipped,skipped,skipped,skipped,skipped,skipped,skipped,,10
978,Fiona E HIGGINS Glasgow (Lab),Robert JH MOONEY Glasgow (Lab),skipped,skipped,skipped,skipped,skipped,skipped,skipped,skipped,,10
979,Fiona E HIGGINS Glasgow (Lab),Robert JH MOONEY Glasgow (Lab),skipped,skipped,skipped,skipped,skipped,skipped,skipped,skipped,,10
980,Fiona E HIGGINS Glasgow (Lab),Robert JH MOONEY Glasgow (Lab),skipped,skipped,skipped,skipped,skipped,skipped,skipped,skipped,,10
981,Fiona E HIGGINS Glasgow (Lab),Robert JH MOONEY Glasgow (Lab),skipped,skipped,skipped,skipped,skipped,skipped,skipped,skipped,,10
982,Fiona E HIGGINS Glasgow (Lab),Robert JH MOONEY Glasgow (Lab),skipped,skipped,skipped,skipped,skipped,skipped,skipped,skipped,,10
983,Fiona E HIGGINS Glasgow (Lab),Robert JH MOONEY Glasgow (Lab),skipped,skipped,skipped,skipped,skipped,skipped,skipped,skipped,,10
984,Fiona E HIGGINS Glasgow (Lab),Robert JH MOONEY Glasgow (Lab),skipped,skipped,skipped,skipped,skipped,skipped,skipped,skipped,,10
985,Fiona E HIGGINS Glasgow (Lab),Robert JH MOONEY Glasgow (Lab),skipped,skipped,skipped,skipped,skipped,skipped,skipped,skipped,,10
986,Fiona E HIGGINS Glasgow (Lab),Robert JH MOONEY Glasgow (Lab),skipped,skipped,skipped,skipped,skipped,skipped,skipped,skipped,,10
987,Fiona E HIGGINS Glasgow (Lab),Robert JH MOONEY Glasgow (Lab),skipped,skipped,skipped,skipped,skipped,skipped,skipped,skipped,,10
988,Fiona E HIGGINS Glasgow (Lab),Robert JH MOONEY Glasgow (Lab),skipped,skipped,skipped,skipped,skipped,skipped,skipped,skipped,,10
989,Fiona E HIGGINS Glasgow (Lab),Robert JH MOONEY Glasgow (Lab),skipped,skipped,skipped,skipped,skipped,skipped,skipped,skipped,,10
990,Fiona E HIGGINS Glasgow (Lab),Robert JH MOONEY Glasgow (Lab),skipped,skipped,skipped,skipped,skipped,skipped,skipped,skipped,,10
991,Fiona E HIGGINS Glasgow (Lab),Robert JH MOONEY Glasgow (Lab),skipped,skipped,skipped,skipped,skipped,skipped,skipped,skipped,,10
992,Fiona E HIGGINS Glasgow (Lab),Robert JH MOONEY Glasgow (Lab),skipped,skipped,skipped,skipped,skipped,skipped,skipped,skipped,,10
993,Fiona E HIGGINS Glasgow (Lab),Robert JH MOONEY Glasgow (Lab),skipped,skipped,skipped,skipped,skipped,skipped,skipped,skipped,,10
994,Fiona E HIGGINS Glasgow (Lab),Robert JH MOONEY Glasgow (Lab),skipped,skipped,skipped,skipped,skipped,skipped,skipped,skipped,,10
995,Fiona E HIGGINS Glasgow (Lab),Robert JH MOONEY Glasgow (Lab),skipped,skipped,skipped,skipped,skipped,skipped,skipped,skipped,,10
996,Fiona E HIGGINS Glasgow (Lab),Robert JH MOONEY Glasgow (Lab),skipped,skipped,skipped,skipped,skipped,skipped,skipped,skipped,,10
997,Fiona E HIGGINS Glasgow (Lab),Robert JH MOONEY Glasgow (Lab),skipped,skipped,skipped,skipped,skipped,skipped,skipped,skipped,,10
998,Fiona E HIGGINS Glasgow (Lab),Robert JH MOONEY Glasgow (Lab),skipped,skipped,skipped,skipped,skipped,skipped,skipped,skipped,,10
999,Fiona E HIGGINS Glasgow (Lab),Robert JH MOONEY Glasgow (Lab),skipped,skipped,skipped,skipped,skipped,skipped,skipped,skipped,,10
1000,Fiona E HIGGINS Glasgow (Lab),Robert JH MOONEY Glasgow (Lab),skipped,skipped,skipped,skipped,skipped,skipped,skipped,skipped,,10
1001,Fiona E HIGGINS Glasgow (Lab),Robert JH MOONEY Glasgow (Lab),skipped,skipped,skipped,skipped,skipped,skipped,skipped,skipped,,10
1002,Fiona E HIGGINS Glasgow (Lab),Robert JH MOONEY Glasgow (Lab),skipped,skipped,skipped,skipped,skipped,skipped,skipped,skipped,,10
1003,Fiona E HIGGINS Glasgow (Lab),Robert JH MOONEY Glasgow (Lab),skipped,skipped,skipped,skipped,skipped,skipped,skipped,skipped,,10
1004,Fiona E HIGGINS Glasgow (Lab),Robert JH MOONEY Glasgow (Lab),skipped,skipped,skipped,skipped,skipped,skipped,skipped,skipped,,10
1005,Fiona E HIGGINS Glasgow (Lab),Robert JH MOONEY Glasgow (Lab),skipped,skipped,skipped,skipped,skipped,skipped,skipped,skipped,,10
1006,Fiona E HIGGINS Glasgow (Lab),Robert JH MOONEY Glasgow (Lab),skipped,skipped,skipped,skipped,skipped,skipped,skipped,skipped,,10
1007,Fiona E HIGGINS Glasgow (Lab),Robert JH MOONEY Glasgow (Lab),skipped,skipped,skipped,skipped,skipped,skipped,skipped,skipped,,10
1008,Fiona E HIGGINS Glasgow (Lab),Robert JH MOONEY Glasgow (Lab),skipped,skipped,skipped,skipped,skipped,skipped,skipped,skipped,,10
1009,Fiona E HIGGINS Glasgow (Lab),Robert JH MOONEY Glasgow (Lab),skipped,skipped,skipped,skipped,skipped,skipped,skipped,skipped,,10
1010,Fiona E HIGGINS Glasgow (Lab),Robert JH MOONEY Glasgow (Lab),skipped,skipped,skipped,skipped,skipped,skipped,skipped,skipped,,10
1011,Fiona E HIGGINS Glasgow (Lab),Robert JH MOONEY Glasgow (Lab),skipped,skipped,skipped,skipped,skipped,skipped,skipped,skipped,,10
1012,Fiona E HIGGINS Glasgow (Lab),Robert JH MOONEY Glasgow (Lab),skipped,skipped,skipped,skipped,skipped,skipped,skipped,skipped,,10
1013,Fiona E HIGGINS Glasgow (Lab),Robert JH MOONEY Glasgow (Lab),skipped,skipped,skipped,skipped,skipped,skipped,skipped,skipped,,10
1014,Fiona E HIGGINS Glasgow (Lab),Robert JH MOONEY Glasgow (Lab),skipped,skipped,skipped,skipped,skipped,skipped,skipped,skipped,,10
1015,Fiona E HIGGINS Glasgow (Lab),Robert JH MOONEY Glasgow (Lab),skipped,skipped,skipped,skipped,skipped,skipped,skipped,skipped,,10
1016,Fiona E HIGGINS Glasgow (Lab),Robert JH MOONEY Glasgow (Lab),skipped,skipped,skipped,skipped,skipped,skipped,skipped,skipped,,10
1017,Fiona E HIGGINS Glasgow (Lab),Robert JH MOONEY Glasgow (Lab),skipped,skipped,skipped,skipped,skipped,skipped,skipped,skipped,,10
1018,Fiona E HIGGINS Glasgow (Lab),Robert JH MOONEY Glasgow (Lab),skipped,skipped,skipped,skipped,skipped,skipped,skipped,skipped,,10
1019,Fiona E HIGGINS Glasgow (Lab),Robert JH MOONEY Glasgow (Lab),skipped,skipped,skipped,skipped,skipped,skipped,skipped,skipped,,10
1020,Fiona E HIGGINS Glasgow (Lab),Robert JH MOONEY Glasgow (Lab),skipped,skipped,skipped,skipped,skipped,skipped,skipped,skipped,,10
1021,Fiona E HIGGINS Glasgow (Lab),Robert JH MOONEY Glasgow (Lab),skipped,skipped,skipped,skipped,skipped,skipped,skipped,skipped,,10
1022,Fiona E HIGGINS Glasgow (Lab),Robert JH MOONEY Glasgow (Lab),skipped,skipped,skipped,skipped,skipped,skipped,skipped,skipped,,10
1023,Fiona E HIGGINS Glasgow (Lab),Robert JH MOONEY Glasgow (Lab),skipped,skipped,skipped,skipped,skipped,skipped,skipped,skipped,,10
1024,Fiona E HIGGINS Glasgow (Lab),Robert JH MOONEY Glasgow (Lab),skipped,skipped,skipped,skipped,skipped,skipped,skipped,skipped,,10
1025,Fiona E HIGGINS Glasgow (Lab),Robert JH MOONEY Glasgow (Lab),skipped,skipped,skipped,skipped,skipped,skipped,skipped,skipped,,10
1026,Fiona E HIGGINS Glasgow (Lab),Robert JH MOONEY Glasgow (Lab),skipped,skipped,skipped,skipped,skipped,skipped,skipped,skipped,,10
1027,Fiona E HIGGINS Glasgow (Lab),Robert JH MOONEY Glasgow (Lab),skipped,skipped,skipped,skipped,skipped,skipped,skipped,skipped,,10
1028,Fiona E HIGGINS Glasgow (Lab),Robert JH MOONEY Glasgow (Lab),skipped,skipped,skipped,skipped,skipped,skipped,skipped,skipped,,10
1029,Fiona E HIGGINS Glasgow (Lab),Robert JH MOONEY Glasgow (Lab),skipped,skipped,skipped,skipped,skipped,skipped,skipped,skipped,,10
1030,Fiona E HIGGINS Glasgow (Lab),Robert JH MOONEY Glasgow (Lab),skipped,skipped,skipped,skipped,skipped,skipped,skipped,skipped,,10
1031,Fiona E HIGGINS Glasgow (Lab),Robert JH MOONEY Glasgow (Lab),skipped,skipped,skipped,skipped,skipped,skipped,skipped,skipped,,10
1032,Fiona E HIGGINS Glasgow (Lab),Robert JH MOONEY Glasgow (Lab),skipped,skipped,skipped,skipped,skipped,skipped,skipped,skipped,,10
1033,Fiona E HIGGINS Glasgow (Lab),Robert JH MOONEY Glasgow (Lab),skipped,skipped,skipped,skipped,skipped,skipped,skipped,skipped,,10
1034,Fiona E HIGGINS Glasgow (Lab),Robert JH MOONEY Glasgow (Lab),skipped,skipped,skipped,skipped,skipped,skipped,skipped,skipped,,10
1035,Fiona E HIGGINS Glasgow (Lab),Robert JH MOONEY Glasgow (Lab),skipped,skipped,skipped,skipped,skipped,skipped,skipped,skipped,,10
1036,Fiona E HIGGINS Glasgow (Lab),Robert JH MOONEY Glasgow (Lab),skipped,skipped,skipped,skipped,skipped,skipped,skipped,skipped,,10
1037,Fiona E HIGGINS Glasgow (Lab),Robert JH MOONEY Glasgow (Lab),skipped,skipped,skipped,skipped,skipped,skipped,skipped,skipped,,10
1038,Fiona E HIGGINS Glasgow (Lab),Robert JH MOONEY Glasgow (Lab),skipped,skipped,skipped,skipped,skipped,skipped,skipped,skipped,,10
1039,Fiona E HIGGINS Glasgow (Lab),Robert JH MOONEY Glasgow (Lab),skipped,skipped,skipped,skipped,skipped,skipped,skipped,skipped,,10
1040,Fiona E HIGGINS Glasgow (Lab),Robert JH MOONEY Glasgow (Lab),skipped,skipped,skipped,skipped,skipped,skipped,skipped,skipped,,10
1041,Fiona E HIGGINS Glasgow (Lab),Robert JH MOONEY Glasgow (Lab),skipped,skipped,skipped,skipped,skipped,skipped,skipped,skipped,,10
1042,Fiona E HIGGINS Glasgow (Lab),Robert JH MOONEY Glasgow (Lab),skipped,skipped,skipped,skipped,skipped,skipped,skipped,skipped,,10
1043,Fiona E HIGGINS Glasgow (Lab),Robert JH MOONEY Glasgow (Lab),skipped,skipped,skipped,skipped,skipped,skipped,skipped,skipped,,10
1044,Fiona E HIGGINS Glasgow (Lab),Robert JH MOONEY Glasgow (Lab),skipped,skipped,skipped,skipped,skipped,skipped,skipped,skipped,,10
1045,Fiona E HIGGINS Glasgow (Lab),Robert JH MOONEY Glasgow (Lab),skipped,skipped,skipped,skipped,skipped,skipped,skipped,skipped,,10
1046,Fiona E HIGGINS Glasgow (Lab),Robert JH MOONEY Glasgow (Lab),skipped,skipped,skipped,skipped,skipped,skipped,skipped,skipped,,10
1047,Fiona E HIGGINS Glasgow (Lab),Robert JH MOONEY Glasgow (Lab),skipped,skipped,skipped,skipped,skipped,skipped,skipped,skipped,,10
1048,Fiona E HIGGINS Glasgow (Lab),Robert JH MOONEY Glasgow (Lab),skipped,skipped,skipped,skipped,skipped,skipped,skipped,skipped,,10
1049,Fiona E HIGGINS Glasgow (Lab),Robert JH MOONEY Glasgow (Lab),skipped,skipped,skipped,skipped,skipped,skipped,skipped,skipped,,10
1050,Fiona E HIGGINS Glasgow (Lab),Robert JH MOONEY Glasgow (Lab),skipped,skipped,skipped,skipped,skipped,skipped,skipped,skipped,,10
1051,Fiona E HIGGINS Glasgow (Lab),Robert JH MOONEY Glasgow (Lab),skipped,skipped,skipped,skipped,skipped,skipped,skipped,skipped,,10
1052,Fiona E HIGGINS Glasgow (Lab),Robert JH MOONEY Glasgow (Lab),skipped,skipped,skipped,skipped,skipped,skipped,skipped,skipped,,10
1053,Fiona E HIGGINS Glasgow (Lab),Robert JH MOONEY Glasgow (Lab),skipped,skipped,skipped,skipped,skipped,skipped,skipped,skipped,,10
1054,Fiona E HIGGINS Glasgow (Lab),Robert JH MOONEY Glasgow (Lab),skipped,skipped,skipped,skipped,skipped,skipped,skipped,skipped,,10
1055,Fiona E HIGGINS Glasgow (Lab),Robert JH MOONEY Glasgow (Lab),skipped,skipped,skipped,skipped,skipped,skipped,skipped,skipped,,10
1056,Fiona E HIGGINS Glasgow (Lab),Robert JH MOONEY Glasgow (Lab),skipped,skipped,skipped,skipped,skipped,skipped,skipped,skipped,,10
1057,Fiona E HIGGINS Glasgow (Lab),Robert JH MOONEY Glasgow (Lab),skipped,skipped,skipped,skipped,skipped,skipped,skipped,skipped,,10
1058,Fiona E HIGGINS Glasgow (Lab),Robert JH MOONEY Glasgow (Lab),skipped,skipped,skipped,skipped,skipped,skipped,skipped,skipped,,10
1059,Fiona E HIGGINS Glasgow (Lab),Robert JH MOONEY Glasgow (Lab),skipped,skipped,skipped,skipped,skipped,skipped,skipped,skipped,,10
1060,Fiona E HIGGINS Glasgow (Lab),Robert JH MOONEY Glasgow (Lab),skipped,skipped,skipped,skipped,skipped,skipped,skipped,skipped,,10
1061,Fiona E HIGGINS Glasgow (Lab),Robert JH MOONEY Glasgow (Lab),skipped,skipped,skipped,skipped,skipped,skipped,skipped,skipped,,10
1062,Fiona E HIGGINS Glasgow (Lab),Robert JH MOONEY Glasgow (Lab),skipped,skipped,skipped,skipped,skipped,skipped,skipped,skipped,,10
1063,Fiona E HIGGINS Glasgow (Lab),Robert JH MOONEY Glasgow (Lab),skipped,skipped,skipped,skipped,skipped,skipped,skipped,skipped,,10
1064,Fiona E HIGGINS Glasgow (Lab),Robert JH MOONEY Glasgow (Lab),skipped,skipped,skipped,skipped,skipped,skipped,skipped,skipped,,10
1065,Fiona E HIGGINS Glasgow (Lab),Robert JH MOONEY Glasgow (Lab),skipped,skipped,skipped,skipped,skipped,skipped,skipped,skipped,,10
1066,Fiona E HIGGINS Glasgow (Lab),Robert JH MOONEY Glasgow (Lab),skipped,skipped,skipped,skipped,skipped,skipped,skipped,skipped,,10
1067,Fiona E HIGGINS Glasgow (Lab),Robert JH MOONEY Glasgow (Lab),skipped,skipped,skipped,skipped,skipped,skipped,skipped,skipped,,10
1068,Fiona E HIGGINS Glasgow (Lab),Robert JH MOONEY Glasgow (Lab),skipped,skipped,skipped,skipped,skipped,skipped,skipped,skipped,,10
1069,Fiona E HIGGINS Glasgow (Lab),Robert JH MOONEY Glasgow (Lab),skipped,skipped,skipped,skipped,skipped,skipped,skipped,skipped,,10
1070,Fiona E HIGGINS Glasgow (Lab),Robert JH MOONEY Glasgow (Lab),skipped,skipped,skipped,skipped,skipped,skipped,skipped,skipped,,10
1071,Fiona E HIGGINS Glasgow (Lab),Robert JH MOONEY Glasgow (Lab),skipped,skipped,skipped,skipped,skipped,skipped,skipped,skipped,,10
1072,Fiona E HIGGINS Glasgow (Lab),Robert JH MOONEY Glasgow (Lab),skipped,skipped,skipped,skipped,skipped,skipped,skipped,skipped,,10
1073,Fiona E HIGGINS Glasgow (Lab),Robert JH MOONEY Glasgow (Lab),skipped,skipped,skipped,skipped,skipped,skipped,skipped,skipped,,10
1074,Fiona E HIGGINS Glasgow (Lab),Robert JH MOONEY Glasgow (Lab),skipped,skipped,skipped,skipped,skipped,skipped,skipped,skipped,,10
1075,Fiona E HIGGINS Glasgow (Lab),Robert JH MOONEY Glasgow (Lab),skipped,skipped,skipped,skipped,skipped,skipped,skipped,skipped,,10
1076,Fiona E HIGGINS Glasgow (Lab),Robert JH MOONEY Glasgow (Lab),skipped,skipped,skipped,skipped,skipped,skipped,skipped,skipped,,10
1077,Fiona E HIGGINS Glasgow (Lab),Robert JH MOONEY Glasgow (Lab),skipped,skipped,skipped,skipped,skipped,skipped,skipped,skipped,,10
1078,Fiona E HIGGINS Glasgow (Lab),Robert JH MOONEY Glasgow (Lab),skipped,skipped,skipped,skipped,skipped,skipped,skipped,skipped,,10
1079,Fiona E HIGGINS Glasgow (Lab),Robert JH MOONEY Glasgow (Lab),skipped,skipped,skipped,skipped,skipped,skipped,skipped,skipped,,10
1080,Fiona E HIGGINS Glasgow (Lab),Robert JH MOONEY Glasgow (Lab),skipped,skipped,skipped,skipped,skipped,skipped,skipped,skipped,,10
1081,Fiona E HIGGINS Glasgow (Lab),Robert JH MOONEY Glasgow (Lab),skipped,skipped,skipped,skipped,skipped,skipped,skipped,skipped,,10
1082,Fiona E HIGGINS Glasgow (Lab),Robert JH MOONEY Glasgow (Lab),skipped,skipped,skipped,skipped,skipped,skipped,skipped,skipped,,10
1083,Fiona E HIGGINS Glasgow (Lab),Robert JH MOONEY Glasgow (Lab),skipped,skipped,skipped,skipped,skipped,skipped,skipped,skipped,,10
1084,Fiona E HIGGINS Glasgow (Lab),Robert JH MOONEY Glasgow (Lab),skipped,skipped,skipped,skipped,skipped,skipped,skipped,skipped,,10
1085,Fiona E HIGGINS Glasgow (Lab),Robert JH MOONEY Glasgow (Lab),skipped,skipped,skipped,skipped,skipped,skipped,skipped,skipped,,10
1086,Fiona E HIGGINS Glasgow (Lab),Robert JH MOONEY Glasgow (Lab),skipped,skipped,skipped,skipped,skipped,skipped,skipped,skipped,,10
1087,Fiona E HIGGINS Glasgow (Lab),Robert JH MOONEY Glasgow (Lab),skipped,skipped,skipped,skipped,skipped,skipped,skipped,skipped,,10
1088,Fiona E HIGGINS Glasgow (Lab),Robert JH MOONEY Glasgow (Lab),skipped,skipped,skipped,skipped,skipped,skipped,skipped,skipped,,10
1089,Fiona E HIGGINS Glasgow (Lab),Robert JH MOONEY Glasgow (Lab),skipped,skipped,skipped,skipped,skipped,skipped,skipped,skipped,,10
1090,Fiona E HIGGINS Glasgow (Lab),Robert JH MOONEY Glasgow (Lab),skipped,skipped,skipped,skipped,skipped,skipped,skipped,skipped,,10
1091,Fiona E HIGGINS Glasgow (Lab),Robert JH MOONEY Glasgow (Lab),skipped,skipped,skipped,skipped,skipped,skipped,skipped,skipped,,10
1092,Fiona E HIGGINS Glasgow (Lab),Robert JH MOONEY Glasgow (Lab),skipped,skipped,skipped,skipped,skipped,skipped,skipped,skipped,,10
1093,Fiona E HIGGINS Glasgow (Lab),Robert JH MOONEY Glasgow (Lab),skipped,skipped,skipped,skipped,skipped,skipped,skipped,skipped,,10
1094,Fiona E HIGGINS Glasgow (Lab),Robert JH MOONEY Glasgow (Lab),skipped,skipped,skipped,skipped,skipped,skipped,skipped,skipped,,10
1095,Fiona E HIGGINS Glasgow (Lab),Robert JH MOONEY Glasgow (Lab),skipped,skipped,skipped,skipped,skipped,skipped,skipped,skipped,,10
1096,Fiona E HIGGINS Glasgow (Lab),Robert JH MOONEY Glasgow (Lab),skipped,skipped,skipped,skipped,skipped,skipped,skipped,skipped,,10
1097,Fiona E HIGGINS Glasgow (Lab),Robert JH MOONEY Glasgow (Lab),skipped,skipped,skipped,skipped,skipped,skipped,skipped,skipped,,10
1098,Fiona E HIGGINS Glasgow (Lab),Robert JH MOONEY Glasgow (Lab),skipped,skipped,skipped,skipped,skipped,skipped,skipped,skipped,,10
1099,Fiona E HIGGINS Glasgow (Lab),Robert JH MOONEY Glasgow (Lab),skipped,skipped,skipped,skipped,skipped,skipped,skipped,skipped,,10
1100,Fiona E HIGGINS Glasgow (Lab),Robert JH MOONEY Glasgow (Lab),skipped,skipped,skipped,skipped,skipped,skipped,skipped,skipped,,10
1101,Fiona E HIGGINS Glasgow (Lab),Robert JH MOONEY Glasgow (Lab),skipped,skipped,skipped,skipped,skipped,skipped,skipped,skipped,,10
1102,Fiona E HIGGINS Glasgow (Lab),Robert JH MOONEY Glasgow (Lab),skipped,skipped,skipped,skipped,skipped,skipped,skipped,skipped,,10
1103,Fiona E HIGGINS Glasgow (Lab),Robert JH MOONEY Glasgow (Lab),skipped,skipped,skipped,skipped,skipped,skipped,skipped,skipped,,10
1104,Fiona E HIGGINS Glasgow (Lab),Robert JH MOONEY Glasgow (Lab),skipped,skipped,skipped,skipped,skipped,skipped,skipped,skipped,,10
1105,Fiona E HIGGINS Glasgow (Lab),Robert JH MOONEY Glasgow (Lab),skipped,skipped,skipped,skipped,skipped,skipped,skipped,skipped,,10
1106,Fiona E HIGGINS Glasgow (Lab),Robert JH MOONEY Glasgow (Lab),skipped,skipped,skipped,skipped,skipped,skipped,skipped,skipped,,10
1107,Fiona E HIGGINS Glasgow (Lab),Robert JH MOONEY Glasgow (Lab),skipped,skipped,skipped,skipped,skipped,skipped,skipped,skipped,,10
1108,Fiona E HIGGINS Glasgow (Lab),Robert JH MOONEY Glasgow (Lab),skipped,skipped,skipped,skipped,skipped,skipped,skipped,skipped,,10
1109,Fiona E HIGGINS Glasgow (Lab),Robert JH MOONEY Glasgow (Lab),skipped,skipped,skipped,skipped,skipped,skipped,skipped,skipped,,10
1110,Fiona E HIGGINS Glasgow (Lab),Robert JH MOONEY Glasgow (Lab),skipped,skipped,skipped,skipped,skipped,skipped,skipped,skipped,,10
1111,Fiona E HIGGINS Glasgow (Lab),Robert JH MOONEY Glasgow (Lab),skipped,skipped,skipped,skipped,skipped,skipped,skipped,skipped,,10
1112,Fiona E HIGGINS Glasgow (Lab),Robert JH MOONEY Glasgow (Lab),skipped,skipped,skipped,skipped,skipped,skipped,skipped,skipped,,10
1113,Fiona E HIGGINS Glasgow (Lab),Robert JH MOONEY Glasgow (Lab),skipped,skipped,skipped,skipped,skipped,skipped,skipped,skipped,,10
1114,Fiona E HIGGINS Glasgow (Lab),Robert JH MOONEY Glasgow (Lab),skipped,skipped,skipped,skipped,skipped,skipped,skipped,skipped,,10
1115,Fiona E HIGGINS Glasgow (Lab),Robert JH MOONEY Glasgow (Lab),skipped,skipped,skipped,skipped,skipped,skipped,skipped,skipped,,10
1116,Fiona E HIGGINS Glasgow (Lab),Robert JH MOONEY Glasgow (Lab),skipped,skipped,skipped,skipped,skipped,skipped,skipped,skipped,,10
1117,Fiona E HIGGINS Glasgow (Lab),Robert JH MOONEY Glasgow (Lab),skipped,skipped,skipped,skipped,skipped,skipped,skipped,skipped,,10
1118,Fiona E HIGGINS Glasgow (Lab),Robert JH MOONEY Glasgow (Lab),skipped,skipped,skipped,skipped,skipped,skipped,skipped,skipped,,10
1119,Fiona E HIGGINS Glasgow (Lab),Robert JH MOONEY Glasgow (Lab),skipped,skipped,skipped,skipped,skipped,skipped,skipped,skipped,,10
1120,Fiona E HIGGINS Glasgow (Lab),Robert JH MOONEY Glasgow (Lab),skipped,skipped,skipped,skipped,skipped,skipped,skipped,skipped,,10
1121,Fiona E HIGGINS Glasgow (Lab),Robert JH MOONEY Glasgow (Lab),Seonad Mairi HOY (Grn),skipped,skipped,skipped,skipped,skipped,skipped,skipped,,10
1122,Fiona E HIGGINS Glasgow (Lab),Robert JH MOONEY Glasgow (Lab),Seonad Mairi HOY (Grn),skipped,skipped,skipped,skipped,skipped,skipped,skipped,,10
1123,Fiona E HIGGINS Glasgow (Lab),Robert JH MOONEY Glasgow (Lab),Seonad Mairi HOY (Grn),skipped,skipped,skipped,skipped,skipped,skipped,skipped,,10
1124,Fiona E HIGGINS Glasgow (Lab),Robert JH MOONEY Glasgow (Lab),Seonad Mairi HOY (Grn),skipped,skipped,skipped,skipped,skipped,skipped,skipped,,10
1125,Fiona E HIGGINS Glasgow (Lab),Robert JH MOONEY Glasgow (Lab),Seonad Mairi HOY (Grn),skipped,skipped,skipped,skipped,skipped,skipped,skipped,,10
1126,Fiona E HIGGINS Glasgow (Lab),Robert JH MOONEY Glasgow (Lab),Seonad Mairi HOY (Grn),skipped,skipped,skipped,skipped,skipped,skipped,skipped,,10
1127,Fiona E HIGGINS Glasgow (Lab),Robert JH MOONEY Glasgow (Lab),Seonad Mairi HOY (Grn),skipped,skipped,skipped,skipped,skipped,skipped,skipped,,10
1128,Fiona E HIGGINS Glasgow (Lab),Robert JH MOONEY Glasgow (Lab),Seonad Mairi HOY (Grn),skipped,skipped,skipped,skipped,skipped,skipped,skipped,,10
1129,Fiona E HIGGINS Glasgow (Lab),Robert JH MOONEY Glasgow (Lab),Seonad Mairi HOY (Grn),skipped,skipped,skipped,skipped,skipped,skipped,skipped,,10
1130,Fiona E HIGGINS Glasgow (Lab),Robert JH MOONEY Glasgow (Lab),Seonad Mairi HOY (Grn),skipped,skipped,skipped,skipped,skipped,skipped,skipped,,10
1131,Fiona E HIGGINS Glasgow (Lab),Robert JH MOONEY Glasgow (Lab),Seonad Mairi HOY (Grn),skipped,skipped,skipped,skipped,skipped,skipped,skipped,,10
1132,Fiona E HIGGINS Glasgow (Lab),Robert JH MOONEY Glasgow (Lab),Seonad Mairi HOY (Grn),skipped,skipped,skipped,skipped,skipped,skipped,skipped,,10
1133,Fiona E HIGGINS Glasgow (Lab),Robert JH MOONEY Glasgow (Lab),Seonad Mairi HOY (Grn),skipped,skipped,skipped,skipped,skipped,skipped,skipped,,10
1134,Fiona E HIGGINS Glasgow (Lab),Robert JH MOONEY Glasgow (Lab),Seonad Mairi HOY (Grn),skipped,skipped,skipped,skipped,skipped,skipped,skipped,,10
1135,Fiona E HIGGINS Glasgow (Lab),Robert JH MOONEY Glasgow (Lab),Seonad Mairi HOY (Grn),skipped,skipped,skipped,skipped,skipped,skipped,skipped,,10
1136,Fiona E HIGGINS Glasgow (Lab),Robert JH MOONEY Glasgow (Lab),Seonad Mairi HOY (Grn),skipped,skipped,skipped,skipped,skipped,skipped,skipped,,10
1137,Fiona E HIGGINS Glasgow (Lab),Robert JH MOONEY Glasgow (Lab),Seonad Mairi HOY (Grn),skipped,skipped,skipped,skipped,skipped,skipped,skipped,,10
1138,Fiona E HIGGINS Glasgow (Lab),Robert JH MOONEY Glasgow (Lab),Seonad Mairi HOY (Grn),skipped,skipped,skipped,skipped,skipped,skipped,skipped,,10
1139,Fiona E HIGGINS Glasgow (Lab),Robert JH MOONEY Glasgow (Lab),Seonad Mairi HOY (Grn),skipped,skipped,skipped,skipped,skipped,skipped,skipped,,10
1140,Fiona E HIGGINS Glasgow (Lab),Robert JH MOONEY Glasgow (Lab),Seonad Mairi HOY (Grn),skipped,skipped,skipped,skipped,skipped,skipped,skipped,,10
1141,Fiona E HIGGINS Glasgow (Lab),Robert JH MOONEY Glasgow (Lab),Seonad Mairi HOY (Grn),skipped,skipped,skipped,skipped,skipped,skipped,skipped,,10
1142,Fiona E HIGGINS Glasgow (Lab),Robert JH MOONEY Glasgow (Lab),Seonad Mairi HOY (Grn),skipped,skipped,skipped,skipped,skipped,skipped,skipped,,10
1143,Fiona E HIGGINS Glasgow (Lab),Robert JH MOONEY Glasgow (Lab),Seonad Mairi HOY (Grn),skipped,skipped,skipped,skipped,skipped,skipped,skipped,,10
1144,Fiona E HIGGINS Glasgow (Lab),Robert JH MOONEY Glasgow (Lab),Seonad Mairi HOY (Grn),skipped,skipped,skipped,skipped,skipped,skipped,skipped,,10
1145,Fiona E HIGGINS Glasgow (Lab),Robert JH MOONEY Glasgow (Lab),Seonad Mairi HOY (Grn),skipped,skipped,skipped,skipped,skipped,skipped,skipped,,10
1146,Fiona E HIGGINS Glasgow (Lab),Robert JH MOONEY Glasgow (Lab),Seonad Mairi HOY (Grn),skipped,skipped,skipped,skipped,skipped,skipped,skipped,,10
1147,Fiona E HIGGINS Glasgow (Lab),Robert JH MOONEY Glasgow (Lab),Seonad Mairi HOY (Grn),skipped,skipped,skipped,skipped,skipped,skipped,skipped,,10
1148,Fiona E HIGGINS Glasgow (Lab),Robert JH MOONEY Glasgow (Lab),Seonad Mairi HOY (Grn),skipped,skipped,skipped,skipped,skipped,skipped,skipped,,10
1149,Fiona E HIGGINS Glasgow (Lab),Robert JH MOONEY Glasgow (Lab),Seonad Mairi HOY (Grn),skipped,skipped,skipped,skipped,skipped,skipped,skipped,,10
1150,Fiona E HIGGINS Glasgow (Lab),Robert JH MOONEY Glasgow (Lab),Seonad Mairi HOY (Grn),skipped,skipped,skipped,skipped,skipped,skipped,skipped,,10
1151,Fiona E HIGGINS Glasgow (Lab),Robert JH MOONEY Glasgow (Lab),Seonad Mairi HOY (Grn),skipped,skipped,skipped,skipped,skipped,skipped,skipped,,10
1152,Fiona E HIGGINS Glasgow (Lab),Robert JH MOONEY Glasgow (Lab),Seonad Mairi HOY (Grn),skipped,skipped,skipped,skipped,skipped,skipped,skipped,,10
1153,Fiona E HIGGINS Glasgow (Lab),Robert JH MOONEY Glasgow (Lab),Seonad Mairi HOY (Grn),skipped,skipped,skipped,skipped,skipped,skipped,skipped,,10
1154,Fiona E HIGGINS Glasgow (Lab),Robert JH MOONEY Glasgow (Lab),Seonad Mairi HOY (Grn),skipped,skipped,skipped,skipped,skipped,skipped,skipped,,10
1155,Fiona E HIGGINS Glasgow (Lab),Robert JH MOONEY Glasgow (Lab),Seonad Mairi HOY (Grn),skipped,skipped,skipped,skipped,skipped,skipped,skipped,,10
1156,Fiona E HIGGINS Glasgow (Lab),Robert JH MOONEY Glasgow (Lab),Seonad Mairi HOY (Grn),skipped,skipped,skipped,skipped,skipped,skipped,skipped,,10
1157,Fiona E HIGGINS Glasgow (Lab),Robert JH MOONEY Glasgow (Lab),Seonad Mairi HOY (Grn),skipped,skipped,skipped,skipped,skipped,skipped,skipped,,10
1158,Fiona E HIGGINS Glasgow (Lab),Robert JH MOONEY Glasgow (Lab),Seonad Mairi HOY (Grn),skipped,skipped,skipped,skipped,skipped,skipped,skipped,,10
1159,Fiona E HIGGINS Glasgow (Lab),Robert JH MOONEY Glasgow (Lab),Seonad Mairi HOY (Grn),skipped,skipped,skipped,skipped,skipped,skipped,skipped,,10
1160,Fiona E HIGGINS Glasgow (Lab),Robert JH MOONEY Glasgow (Lab),Seonad Mairi HOY (Grn),skipped,skipped,skipped,skipped,skipped,skipped,skipped,,10
1161,Fiona E HIGGINS Glasgow (Lab),Robert JH MOONEY Glasgow (Lab),Seonad Mairi HOY (Grn),skipped,skipped,skipped,skipped,skipped,skipped,skipped,,10
1162,Fiona E HIGGINS Glasgow (Lab),Robert JH MOONEY Glasgow (Lab),Seonad Mairi HOY (Grn),skipped,skipped,skipped,skipped,skipped,skipped,skipped,,10
1163,Fiona E HIGGINS Glasgow (Lab),Robert JH MOONEY Glasgow (Lab),Seonad Mairi HOY (Grn),skipped,skipped,skipped,skipped,skipped,skipped,skipped,,10
1164,Fiona E HIGGINS Glasgow (Lab),Robert JH MOONEY Glasgow (Lab),Seonad Mairi HOY (Grn),skipped,skipped,skipped,skipped,skipped,skipped,skipped,,10
1165,Fiona E HIGGINS Glasgow (Lab),Robert JH MOONEY Glasgow (Lab),Seonad Mairi HOY (Grn),skipped,skipped,skipped,skipped,skipped,skipped,skipped,,10
1166,Fiona E HIGGINS Glasgow (Lab),Robert JH MOONEY Glasgow (Lab),Seonad Mairi HOY (Grn),skipped,skipped,skipped,skipped,skipped,skipped,skipped,,10
1167,Fiona E HIGGINS Glasgow (Lab),Robert JH MOONEY Glasgow (Lab),Seonad Mairi HOY (Grn),skipped,skipped,skipped,skipped,skipped,skipped,skipped,,10
1168,Fiona E HIGGINS Glasgow (Lab),Robert JH MOONEY Glasgow (Lab),Seonad Mairi HOY (Grn),skipped,skipped,skipped,skipped,skipped,skipped,skipped,,10
1169,Fiona E HIGGINS Glasgow (Lab),Robert JH MOONEY Glasgow (Lab),Seonad Mairi HOY (Grn),Martin Lawson OLU-OSAGIE (Alba),skipped,skipped,skipped,skipped,skipped,skipped,,10
1170,Fiona E HIGGINS Glasgow (Lab),Robert JH MOONEY Glasgow (Lab),Seonad Mairi HOY (Grn),Martin Lawson OLU-OSAGIE (Alba),Scott SIMPSON (LD),Maria WELLS (Con),Sandra WATSON (SNP),skipped,skipped,skipped,,10
1171,Fiona E HIGGINS Glasgow (Lab),Robert JH MOONEY Glasgow (Lab),Seonad Mairi HOY (Grn),Martin Lawson OLU-OSAGIE (Alba),Scott SIMPSON (LD),Sandra WATSON (SNP),Jacqueline MCLAREN (SNP),skipped,skipped,skipped,,10
1172,Fiona E HIGGINS Glasgow (Lab),Robert JH MOONEY Glasgow (Lab),Seonad Mairi HOY (Grn),Scott SIMPSON (LD),skipped,skipped,skipped,skipped,skipped,skipped,,10
1173,Fiona E HIGGINS Glasgow (Lab),Robert JH MOONEY Glasgow (Lab),Seonad Mairi HOY (Grn),Scott SIMPSON (LD),skipped,skipped,skipped,skipped,skipped,skipped,,10
1174,Fiona E HIGGINS Glasgow (Lab),Robert JH MOONEY Glasgow (Lab),Seonad Mairi HOY (Grn),Scott SIMPSON (LD),skipped,skipped,skipped,skipped,skipped,skipped,,10
1175,Fiona E HIGGINS Glasgow (Lab),Robert JH MOONEY Glasgow (Lab),Seonad Mairi HOY (Grn),Scott SIMPSON (LD),skipped,skipped,skipped,skipped,skipped,skipped,,10
1176,Fiona E HIGGINS Glasgow (Lab),Robert JH MOONEY Glasgow (Lab),Seonad Mairi HOY (Grn),Scott SIMPSON (LD),Maria WELLS (Con),Brian LAND (Ind),Martin Lawson OLU-OSAGIE (Alba),skipped,skipped,skipped,,10
1177,Fiona E HIGGINS Glasgow (Lab),Robert JH MOONEY Glasgow (Lab),Seonad Mairi HOY (Grn),Scott SIMPSON (LD),Maria WELLS (Con),Brian LAND (Ind),Allan GOW (SNP),skipped,skipped,skipped,,10
1178,Fiona E HIGGINS Glasgow (Lab),Robert JH MOONEY Glasgow (Lab),Seonad Mairi HOY (Grn),Scott SIMPSON (LD),Allan GOW (SNP),Jacqueline MCLAREN (SNP),Sandra WATSON (SNP),skipped,skipped,skipped,,10
1179,Fiona E HIGGINS Glasgow (Lab),Robert JH MOONEY Glasgow (Lab),Seonad Mairi HOY (Grn),Brian LAND (Ind),skipped,skipped,skipped,skipped,skipped,skipped,,10
1180,Fiona E HIGGINS Glasgow (Lab),Robert JH MOONEY Glasgow (Lab),Seonad Mairi HOY (Grn),Brian LAND (Ind),skipped,skipped,skipped,skipped,skipped,skipped,,10
1181,Fiona E HIGGINS Glasgow (Lab),Robert JH MOONEY Glasgow (Lab),Seonad Mairi HOY (Grn),Brian LAND (Ind),skipped,skipped,skipped,skipped,skipped,skipped,,10
1182,Fiona E HIGGINS Glasgow (Lab),Robert JH MOONEY Glasgow (Lab),Seonad Mairi HOY (Grn),Brian LAND (Ind),Scott SIMPSON (LD),skipped,skipped,skipped,skipped,skipped,,10
1183,Fiona E HIGGINS Glasgow (Lab),Robert JH MOONEY Glasgow (Lab),Seonad Mairi HOY (Grn),Brian LAND (Ind),Scott SIMPSON (LD),Maria WELLS (Con),Allan GOW (SNP),skipped,skipped,skipped,,10
1184,Fiona E HIGGINS Glasgow (Lab),Robert JH MOONEY Glasgow (Lab),Seonad Mairi HOY (Grn),Brian LAND (Ind),Scott SIMPSON (LD),Sandra WATSON (SNP),Allan GOW (SNP),skipped,skipped,skipped,,10
1185,Fiona E HIGGINS Glasgow (Lab),Robert JH MOONEY Glasgow (Lab),Seonad Mairi HOY (Grn),Brian LAND (Ind),Allan GOW (SNP),Jacqueline MCLAREN (SNP),Sandra WATSON (SNP),skipped,skipped,skipped,,10
1186,Fiona E HIGGINS Glasgow (Lab),Robert JH MOONEY Glasgow (Lab),Seonad Mairi HOY (Grn),Brian LAND (Ind),Jacqueline MCLAREN (SNP),Allan GOW (SNP),Scott SIMPSON (LD),skipped,skipped,skipped,,10
1187,Fiona E HIGGINS Glasgow (Lab),Robert JH MOONEY Glasgow (Lab),Seonad Mairi HOY (Grn),Maria WELLS (Con),skipped,skipped,skipped,skipped,skipped,skipped,,10
1188,Fiona E HIGGINS Glasgow (Lab),Robert JH MOONEY Glasgow (Lab),Seonad Mairi HOY (Grn),Maria WELLS (Con),skipped,skipped,skipped,skipped,skipped,skipped,,10
1189,Fiona E HIGGINS Glasgow (Lab),Robert JH MOONEY Glasgow (Lab),Seonad Mairi HOY (Grn),Maria WELLS (Con),Allan GOW (SNP),Brian LAND (Ind),Jacqueline MCLAREN (SNP),skipped,skipped,skipped,,10
1190,Fiona E HIGGINS Glasgow (Lab),Robert JH MOONEY Glasgow (Lab),Seonad Mairi HOY (Grn),Allan GOW (SNP),skipped,skipped,skipped,skipped,skipped,skipped,,10
1191,Fiona E HIGGINS Glasgow (Lab),Robert JH MOONEY Glasgow (Lab),Seonad Mairi HOY (Grn),Allan GOW (SNP),skipped,skipped,skipped,skipped,skipped,skipped,,10
1192,Fiona E HIGGINS Glasgow (Lab),Robert JH MOONEY Glasgow (Lab),Seonad Mairi HOY (Grn),Allan GOW (SNP),Jacqueline MCLAREN (SNP),Sandra WATSON (SNP),skipped,skipped,skipped,skipped,,10
1193,Fiona E HIGGINS Glasgow (Lab),Robert JH MOONEY Glasgow (Lab),Seonad Mairi HOY (Grn),Allan GOW (SNP),Sandra WATSON (SNP),skipped,skipped,skipped,skipped,skipped,,10
1194,Fiona E HIGGINS Glasgow (Lab),Robert JH MOONEY Glasgow (Lab),Seonad Mairi HOY (Grn),Jacqueline MCLAREN (SNP),Allan GOW (SNP),Sandra WATSON (SNP),skipped,skipped,skipped,skipped,,10
1195,Fiona E HIGGINS Glasgow (Lab),Robert JH MOONEY Glasgow (Lab),Seonad Mairi HOY (Grn),Jacqueline MCLAREN (SNP),Allan GOW (SNP),Sandra WATSON (SNP),Scott SIMPSON (LD),skipped,skipped,skipped,,10
1196,Fiona E HIGGINS Glasgow (Lab),Robert JH MOONEY Glasgow (Lab),Seonad Mairi HOY (Grn),Jacqueline MCLAREN (SNP),Sandra WATSON (SNP),Allan GOW (SNP),skipped,skipped,skipped,skipped,,10
1197,Fiona E HIGGINS Glasgow (Lab),Robert JH MOONEY Glasgow (Lab),Seonad Mairi HOY (Grn),Sandra WATSON (SNP),skipped,skipped,skipped,skipped,skipped,skipped,,10
1198,Fiona E HIGGINS Glasgow (Lab),Robert JH MOONEY Glasgow (Lab),Seonad Mairi HOY (Grn),Sandra WATSON (SNP),skipped,skipped,skipped,skipped,skipped,skipped,,10
1199,Fiona E HIGGINS Glasgow (Lab),Robert JH MOONEY Glasgow (Lab),Seonad Mairi HOY (Grn),Sandra WATSON (SNP),Allan GOW (SNP),skipped,skipped,skipped,skipped,skipped,,10
1200,Fiona E HIGGINS Glasgow (Lab),Robert JH MOONEY Glasgow (Lab),Seonad Mairi HOY (Grn),Sandra WATSON (SNP),Allan GOW (SNP),skipped,skipped,skipped,skipped,skipped,,10
1201,Fiona E HIGGINS Glasgow (Lab),Robert JH MOONEY Glasgow (Lab),Seonad Mairi HOY (Grn),Sandra WATSON (SNP),Jacqueline MCLAREN (SNP),Scott SIMPSON (LD),Allan GOW (SNP),skipped,skipped,skipped,,10
1202,Fiona E HIGGINS Glasgow (Lab),Robert JH MOONEY Glasgow (Lab),Martin Lawson OLU-OSAGIE (Alba),skipped,skipped,skipped,skipped,skipped,skipped,skipped,,10
1203,Fiona E HIGGINS Glasgow (Lab),Robert JH MOONEY Glasgow (Lab),Martin Lawson OLU-OSAGIE (Alba),skipped,skipped,skipped,skipped,skipped,skipped,skipped,,10
1204,Fiona E HIGGINS Glasgow (Lab),Robert JH MOONEY Glasgow (Lab),Martin Lawson OLU-OSAGIE (Alba),skipped,skipped,skipped,skipped,skipped,skipped,skipped,,10
1205,Fiona E HIGGINS Glasgow (Lab),Robert JH MOONEY Glasgow (Lab),Martin Lawson OLU-OSAGIE (Alba),skipped,skipped,skipped,skipped,skipped,skipped,skipped,,10
1206,Fiona E HIGGINS Glasgow (Lab),Robert JH MOONEY Glasgow (Lab),Martin Lawson OLU-OSAGIE (Alba),skipped,skipped,skipped,skipped,skipped,skipped,skipped,,10
1207,Fiona E HIGGINS Glasgow (Lab),Robert JH MOONEY Glasgow (Lab),Martin Lawson OLU-OSAGIE (Alba),skipped,skipped,skipped,skipped,skipped,skipped,skipped,,10
1208,Fiona E HIGGINS Glasgow (Lab),Robert JH MOONEY Glasgow (Lab),Martin Lawson OLU-OSAGIE (Alba),skipped,skipped,skipped,skipped,skipped,skipped,skipped,,10
1209,Fiona E HIGGINS Glasgow (Lab),Robert JH MOONEY Glasgow (Lab),Martin Lawson OLU-OSAGIE (Alba),skipped,skipped,skipped,skipped,skipped,skipped,skipped,,10
1210,Fiona E HIGGINS Glasgow (Lab),Robert JH MOONEY Glasgow (Lab),Martin Lawson OLU-OSAGIE (Alba),skipped,skipped,skipped,skipped,skipped,skipped,skipped,,10
1211,Fiona E HIGGINS Glasgow (Lab),Robert JH MOONEY Glasgow (Lab),Martin Lawson OLU-OSAGIE (Alba),skipped,skipped,skipped,skipped,skipped,skipped,skipped,,10
1212,Fiona E HIGGINS Glasgow (Lab),Robert JH MOONEY Glasgow (Lab),Martin Lawson OLU-OSAGIE (Alba),skipped,skipped,skipped,skipped,skipped,skipped,skipped,,10
1213,Fiona E HIGGINS Glasgow (Lab),Robert JH MOONEY Glasgow (Lab),Martin Lawson OLU-OSAGIE (Alba),skipped,skipped,skipped,skipped,skipped,skipped,skipped,,10
1214,Fiona E HIGGINS Glasgow (Lab),Robert JH MOONEY Glasgow (Lab),Martin Lawson OLU-OSAGIE (Alba),Seonad Mairi HOY (Grn),Allan GOW (SNP),Jacqueline MCLAREN (SNP),Sandra WATSON (SNP),skipped,skipped,skipped,,10
1215,Fiona E HIGGINS Glasgow (Lab),Robert JH MOONEY Glasgow (Lab),Martin Lawson OLU-OSAGIE (Alba),Brian LAND (Ind),Seonad Mairi HOY (Grn),Scott SIMPSON (LD),Maria WELLS (Con),skipped,skipped,skipped,,10
1216,Fiona E HIGGINS Glasgow (Lab),Robert JH MOONEY Glasgow (Lab),Martin Lawson OLU-OSAGIE (Alba),Maria WELLS (Con),skipped,skipped,skipped,skipped,skipped,skipped,,10
1217,Fiona E HIGGINS Glasgow (Lab),Robert JH MOONEY Glasgow (Lab),Martin Lawson OLU-OSAGIE (Alba),Jacqueline MCLAREN (SNP),Allan GOW (SNP),skipped,skipped,skipped,skipped,skipped,,10
1218,Fiona E HIGGINS Glasgow (Lab),Robert JH MOONEY Glasgow (Lab),Scott SIMPSON (LD),skipped,skipped,skipped,skipped,skipped,skipped,skipped,,10
1219,Fiona E HIGGINS Glasgow (Lab),Robert JH MOONEY Glasgow (Lab),Scott SIMPSON (LD),skipped,skipped,skipped,skipped,skipped,skipped,skipped,,10
1220,Fiona E HIGGINS Glasgow (Lab),Robert JH MOONEY Glasgow (Lab),Scott SIMPSON (LD),skipped,skipped,skipped,skipped,skipped,skipped,skipped,,10
1221,Fiona E HIGGINS Glasgow (Lab),Robert JH MOONEY Glasgow (Lab),Scott SIMPSON (LD),skipped,skipped,skipped,skipped,skipped,skipped,skipped,,10
1222,Fiona E HIGGINS Glasgow (Lab),Robert JH MOONEY Glasgow (Lab),Scott SIMPSON (LD),skipped,skipped,skipped,skipped,skipped,skipped,skipped,,10
1223,Fiona E HIGGINS Glasgow (Lab),Robert JH MOONEY Glasgow (Lab),Scott SIMPSON (LD),skipped,skipped,skipped,skipped,skipped,skipped,skipped,,10
1224,Fiona E HIGGINS Glasgow (Lab),Robert JH MOONEY Glasgow (Lab),Scott SIMPSON (LD),skipped,skipped,skipped,skipped,skipped,skipped,skipped,,10
1225,Fiona E HIGGINS Glasgow (Lab),Robert JH MOONEY Glasgow (Lab),Scott SIMPSON (LD),skipped,skipped,skipped,skipped,skipped,skipped,skipped,,10
1226,Fiona E HIGGINS Glasgow (Lab),Robert JH MOONEY Glasgow (Lab),Scott SIMPSON (LD),skipped,skipped,skipped,skipped,skipped,skipped,skipped,,10
1227,Fiona E HIGGINS Glasgow (Lab),Robert JH MOONEY Glasgow (Lab),Scott SIMPSON (LD),skipped,skipped,skipped,skipped,skipped,skipped,skipped,,10
1228,Fiona E HIGGINS Glasgow (Lab),Robert JH MOONEY Glasgow (Lab),Scott SIMPSON (LD),skipped,skipped,skipped,skipped,skipped,skipped,skipped,,10
1229,Fiona E HIGGINS Glasgow (Lab),Robert JH MOONEY Glasgow (Lab),Scott SIMPSON (LD),skipped,skipped,skipped,skipped,skipped,skipped,skipped,,10
1230,Fiona E HIGGINS Glasgow (Lab),Robert JH MOONEY Glasgow (Lab),Scott SIMPSON (LD),skipped,skipped,skipped,skipped,skipped,skipped,skipped,,10
1231,Fiona E HIGGINS Glasgow (Lab),Robert JH MOONEY Glasgow (Lab),Scott SIMPSON (LD),skipped,skipped,skipped,skipped,skipped,skipped,skipped,,10
1232,Fiona E HIGGINS Glasgow (Lab),Robert JH MOONEY Glasgow (Lab),Scott SIMPSON (LD),skipped,skipped,skipped,skipped,skipped,skipped,skipped,,10
1233,Fiona E HIGGINS Glasgow (Lab),Robert JH MOONEY Glasgow (Lab),Scott SIMPSON (LD),skipped,skipped,skipped,skipped,skipped,skipped,skipped,,10
1234,Fiona E HIGGINS Glasgow (Lab),Robert JH MOONEY Glasgow (Lab),Scott SIMPSON (LD),skipped,skipped,skipped,skipped,skipped,skipped,skipped,,10
1235,Fiona E HIGGINS Glasgow (Lab),Robert JH MOONEY Glasgow (Lab),Scott SIMPSON (LD),skipped,skipped,skipped,skipped,skipped,skipped,skipped,,10
1236,Fiona E HIGGINS Glasgow (Lab),Robert JH MOONEY Glasgow (Lab),Scott SIMPSON (LD),skipped,skipped,skipped,skipped,skipped,skipped,skipped,,10
1237,Fiona E HIGGINS Glasgow (Lab),Robert JH MOONEY Glasgow (Lab),Scott SIMPSON (LD),skipped,skipped,skipped,skipped,skipped,skipped,skipped,,10
1238,Fiona E HIGGINS Glasgow (Lab),Robert JH MOONEY Glasgow (Lab),Scott SIMPSON (LD),skipped,skipped,skipped,skipped,skipped,skipped,skipped,,10
1239,Fiona E HIGGINS Glasgow (Lab),Robert JH MOONEY Glasgow (Lab),Scott SIMPSON (LD),skipped,skipped,skipped,skipped,skipped,skipped,skipped,,10
1240,Fiona E HIGGINS Glasgow (Lab),Robert JH MOONEY Glasgow (Lab),Scott SIMPSON (LD),skipped,skipped,skipped,skipped,skipped,skipped,skipped,,10
1241,Fiona E HIGGINS Glasgow (Lab),Robert JH MOONEY Glasgow (Lab),Scott SIMPSON (LD),skipped,skipped,skipped,skipped,skipped,skipped,skipped,,10
1242,Fiona E HIGGINS Glasgow (Lab),Robert JH MOONEY Glasgow (Lab),Scott SIMPSON (LD),skipped,skipped,skipped,skipped,skipped,skipped,skipped,,10
1243,Fiona E HIGGINS Glasgow (Lab),Robert JH MOONEY Glasgow (Lab),Scott SIMPSON (LD),skipped,skipped,skipped,skipped,skipped,skipped,skipped,,10
1244,Fiona E HIGGINS Glasgow (Lab),Robert JH MOONEY Glasgow (Lab),Scott SIMPSON (LD),skipped,skipped,skipped,skipped,skipped,skipped,skipped,,10
1245,Fiona E HIGGINS Glasgow (Lab),Robert JH MOONEY Glasgow (Lab),Scott SIMPSON (LD),skipped,skipped,skipped,skipped,skipped,skipped,skipped,,10
1246,Fiona E HIGGINS Glasgow (Lab),Robert JH MOONEY Glasgow (Lab),Scott SIMPSON (LD),skipped,skipped,skipped,skipped,skipped,skipped,skipped,,10
1247,Fiona E HIGGINS Glasgow (Lab),Robert JH MOONEY Glasgow (Lab),Scott SIMPSON (LD),skipped,skipped,skipped,skipped,skipped,skipped,skipped,,10
1248,Fiona E HIGGINS Glasgow (Lab),Robert JH MOONEY Glasgow (Lab),Scott SIMPSON (LD),skipped,skipped,skipped,skipped,skipped,skipped,skipped,,10
1249,Fiona E HIGGINS Glasgow (Lab),Robert JH MOONEY Glasgow (Lab),Scott SIMPSON (LD),skipped,skipped,skipped,skipped,skipped,skipped,skipped,,10
1250,Fiona E HIGGINS Glasgow (Lab),Robert JH MOONEY Glasgow (Lab),Scott SIMPSON (LD),skipped,skipped,skipped,skipped,skipped,skipped,skipped,,10
1251,Fiona E HIGGINS Glasgow (Lab),Robert JH MOONEY Glasgow (Lab),Scott SIMPSON (LD),skipped,skipped,skipped,skipped,skipped,skipped,skipped,,10
1252,Fiona E HIGGINS Glasgow (Lab),Robert JH MOONEY Glasgow (Lab),Scott SIMPSON (LD),skipped,skipped,skipped,skipped,skipped,skipped,skipped,,10
1253,Fiona E HIGGINS Glasgow (Lab),Robert JH MOONEY Glasgow (Lab),Scott SIMPSON (LD),skipped,skipped,skipped,skipped,skipped,skipped,skipped,,10
1254,Fiona E HIGGINS Glasgow (Lab),Robert JH MOONEY Glasgow (Lab),Scott SIMPSON (LD),skipped,skipped,skipped,skipped,skipped,skipped,skipped,,10
1255,Fiona E HIGGINS Glasgow (Lab),Robert JH MOONEY Glasgow (Lab),Scott SIMPSON (LD),skipped,skipped,skipped,skipped,skipped,skipped,skipped,,10
1256,Fiona E HIGGINS Glasgow (Lab),Robert JH MOONEY Glasgow (Lab),Scott SIMPSON (LD),skipped,skipped,skipped,skipped,skipped,skipped,skipped,,10
1257,Fiona E HIGGINS Glasgow (Lab),Robert JH MOONEY Glasgow (Lab),Scott SIMPSON (LD),skipped,skipped,skipped,skipped,skipped,skipped,skipped,,10
1258,Fiona E HIGGINS Glasgow (Lab),Robert JH MOONEY Glasgow (Lab),Scott SIMPSON (LD),skipped,skipped,skipped,skipped,skipped,skipped,skipped,,10
1259,Fiona E HIGGINS Glasgow (Lab),Robert JH MOONEY Glasgow (Lab),Scott SIMPSON (LD),skipped,skipped,skipped,skipped,skipped,skipped,skipped,,10
1260,Fiona E HIGGINS Glasgow (Lab),Robert JH MOONEY Glasgow (Lab),Scott SIMPSON (LD),skipped,skipped,skipped,skipped,skipped,skipped,skipped,,10
1261,Fiona E HIGGINS Glasgow (Lab),Robert JH MOONEY Glasgow (Lab),Scott SIMPSON (LD),skipped,skipped,skipped,skipped,skipped,skipped,skipped,,10
1262,Fiona E HIGGINS Glasgow (Lab),Robert JH MOONEY Glasgow (Lab),Scott SIMPSON (LD),skipped,skipped,skipped,skipped,skipped,skipped,skipped,,10
1263,Fiona E HIGGINS Glasgow (Lab),Robert JH MOONEY Glasgow (Lab),Scott SIMPSON (LD),skipped,skipped,skipped,skipped,skipped,skipped,skipped,,10
1264,Fiona E HIGGINS Glasgow (Lab),Robert JH MOONEY Glasgow (Lab),Scott SIMPSON (LD),skipped,skipped,skipped,skipped,skipped,skipped,skipped,,10
1265,Fiona E HIGGINS Glasgow (Lab),Robert JH MOONEY Glasgow (Lab),Scott SIMPSON (LD),skipped,skipped,skipped,skipped,skipped,skipped,skipped,,10
1266,Fiona E HIGGINS Glasgow (Lab),Robert JH MOONEY Glasgow (Lab),Scott SIMPSON (LD),skipped,skipped,skipped,skipped,skipped,skipped,skipped,,10
1267,Fiona E HIGGINS Glasgow (Lab),Robert JH MOONEY Glasgow (Lab),Scott SIMPSON (LD),skipped,skipped,skipped,skipped,skipped,skipped,skipped,,10
1268,Fiona E HIGGINS Glasgow (Lab),Robert JH MOONEY Glasgow (Lab),Scott SIMPSON (LD),skipped,skipped,skipped,skipped,skipped,skipped,skipped,,10
1269,Fiona E HIGGINS Glasgow (Lab),Robert JH MOONEY Glasgow (Lab),Scott SIMPSON (LD),skipped,skipped,skipped,skipped,skipped,skipped,skipped,,10
1270,Fiona E HIGGINS Glasgow (Lab),Robert JH MOONEY Glasgow (Lab),Scott SIMPSON (LD),skipped,skipped,skipped,skipped,skipped,skipped,skipped,,10
1271,Fiona E HIGGINS Glasgow (Lab),Robert JH MOONEY Glasgow (Lab),Scott SIMPSON (LD),skipped,skipped,skipped,skipped,skipped,skipped,skipped,,10
1272,Fiona E HIGGINS Glasgow (Lab),Robert JH MOONEY Glasgow (Lab),Scott SIMPSON (LD),skipped,skipped,skipped,skipped,skipped,skipped,skipped,,10
1273,Fiona E HIGGINS Glasgow (Lab),Robert JH MOONEY Glasgow (Lab),Scott SIMPSON (LD),skipped,skipped,skipped,skipped,skipped,skipped,skipped,,10
1274,Fiona E HIGGINS Glasgow (Lab),Robert JH MOONEY Glasgow (Lab),Scott SIMPSON (LD),skipped,skipped,skipped,skipped,skipped,skipped,skipped,,10
1275,Fiona E HIGGINS Glasgow (Lab),Robert JH MOONEY Glasgow (Lab),Scott SIMPSON (LD),skipped,skipped,skipped,skipped,skipped,skipped,skipped,,10
1276,Fiona E HIGGINS Glasgow (Lab),Robert JH MOONEY Glasgow (Lab),Scott SIMPSON (LD),skipped,skipped,skipped,skipped,skipped,skipped,skipped,,10
1277,Fiona E HIGGINS Glasgow (Lab),Robert JH MOONEY Glasgow (Lab),Scott SIMPSON (LD),skipped,skipped,skipped,skipped,skipped,skipped,skipped,,10
1278,Fiona E HIGGINS Glasgow (Lab),Robert JH MOONEY Glasgow (Lab),Scott SIMPSON (LD),skipped,skipped,skipped,skipped,skipped,skipped,skipped,,10
1279,Fiona E HIGGINS Glasgow (Lab),Robert JH MOONEY Glasgow (Lab),Scott SIMPSON (LD),skipped,skipped,skipped,skipped,skipped,skipped,skipped,,10
1280,Fiona E HIGGINS Glasgow (Lab),Robert JH MOONEY Glasgow (Lab),Scott SIMPSON (LD),skipped,skipped,skipped,skipped,skipped,skipped,skipped,,10
1281,Fiona E HIGGINS Glasgow (Lab),Robert JH MOONEY Glasgow (Lab),Scott SIMPSON (LD),skipped,skipped,skipped,skipped,skipped,skipped,skipped,,10
1282,Fiona E HIGGINS Glasgow (Lab),Robert JH MOONEY Glasgow (Lab),Scott SIMPSON (LD),skipped,skipped,skipped,skipped,skipped,skipped,skipped,,10
1283,Fiona E HIGGINS Glasgow (Lab),Robert JH MOONEY Glasgow (Lab),Scott SIMPSON (LD),skipped,skipped,skipped,skipped,skipped,skipped,skipped,,10
1284,Fiona E HIGGINS Glasgow (Lab),Robert JH MOONEY Glasgow (Lab),Scott SIMPSON (LD),skipped,skipped,skipped,skipped,skipped,skipped,skipped,,10
1285,Fiona E HIGGINS Glasgow (Lab),Robert JH MOONEY Glasgow (Lab),Scott SIMPSON (LD),skipped,skipped,skipped,skipped,skipped,skipped,skipped,,10
1286,Fiona E HIGGINS Glasgow (Lab),Robert JH MOONEY Glasgow (Lab),Scott SIMPSON (LD),skipped,skipped,skipped,skipped,skipped,skipped,skipped,,10
1287,Fiona E HIGGINS Glasgow (Lab),Robert JH MOONEY Glasgow (Lab),Scott SIMPSON (LD),skipped,skipped,skipped,skipped,skipped,skipped,skipped,,10
1288,Fiona E HIGGINS Glasgow (Lab),Robert JH MOONEY Glasgow (Lab),Scott SIMPSON (LD),skipped,skipped,skipped,skipped,skipped,skipped,skipped,,10
1289,Fiona E HIGGINS Glasgow (Lab),Robert JH MOONEY Glasgow (Lab),Scott SIMPSON (LD),skipped,skipped,skipped,skipped,skipped,skipped,skipped,,10
1290,Fiona E HIGGINS Glasgow (Lab),Robert JH MOONEY Glasgow (Lab),Scott SIMPSON (LD),skipped,skipped,skipped,skipped,skipped,skipped,skipped,,10
1291,Fiona E HIGGINS Glasgow (Lab),Robert JH MOONEY Glasgow (Lab),Scott SIMPSON (LD),skipped,skipped,skipped,skipped,skipped,skipped,skipped,,10
1292,Fiona E HIGGINS Glasgow (Lab),Robert JH MOONEY Glasgow (Lab),Scott SIMPSON (LD),skipped,skipped,skipped,skipped,skipped,skipped,skipped,,10
1293,Fiona E HIGGINS Glasgow (Lab),Robert JH MOONEY Glasgow (Lab),Scott SIMPSON (LD),skipped,skipped,skipped,skipped,skipped,skipped,skipped,,10
1294,Fiona E HIGGINS Glasgow (Lab),Robert JH MOONEY Glasgow (Lab),Scott SIMPSON (LD),Seonad Mairi HOY (Grn),skipped,skipped,skipped,skipped,skipped,skipped,,10
1295,Fiona E HIGGINS Glasgow (Lab),Robert JH MOONEY Glasgow (Lab),Scott SIMPSON (LD),Seonad Mairi HOY (Grn),skipped,skipped,skipped,skipped,skipped,skipped,,10
1296,Fiona E HIGGINS Glasgow (Lab),Robert JH MOONEY Glasgow (Lab),Scott SIMPSON (LD),Seonad Mairi HOY (Grn),skipped,skipped,skipped,skipped,skipped,skipped,,10
1297,Fiona E HIGGINS Glasgow (Lab),Robert JH MOONEY Glasgow (Lab),Scott SIMPSON (LD),Seonad Mairi HOY (Grn),skipped,skipped,skipped,skipped,skipped,skipped,,10
1298,Fiona E HIGGINS Glasgow (Lab),Robert JH MOONEY Glasgow (Lab),Scott SIMPSON (LD),Seonad Mairi HOY (Grn),skipped,skipped,skipped,skipped,skipped,skipped,,10
1299,Fiona E HIGGINS Glasgow (Lab),Robert JH MOONEY Glasgow (Lab),Scott SIMPSON (LD),Seonad Mairi HOY (Grn),skipped,skipped,skipped,skipped,skipped,skipped,,10
1300,Fiona E HIGGINS Glasgow (Lab),Robert JH MOONEY Glasgow (Lab),Scott SIMPSON (LD),Seonad Mairi HOY (Grn),skipped,skipped,skipped,skipped,skipped,skipped,,10
1301,Fiona E HIGGINS Glasgow (Lab),Robert JH MOONEY Glasgow (Lab),Scott SIMPSON (LD),Seonad Mairi HOY (Grn),Martin Lawson OLU-OSAGIE (Alba),Sandra WATSON (SNP),Allan GOW (SNP),skipped,skipped,skipped,,10
1302,Fiona E HIGGINS Glasgow (Lab),Robert JH MOONEY Glasgow (Lab),Scott SIMPSON (LD),Seonad Mairi HOY (Grn),Brian LAND (Ind),Maria WELLS (Con),Martin Lawson OLU-OSAGIE (Alba),skipped,skipped,skipped,,10
1303,Fiona E HIGGINS Glasgow (Lab),Robert JH MOONEY Glasgow (Lab),Scott SIMPSON (LD),Seonad Mairi HOY (Grn),Brian LAND (Ind),Allan GOW (SNP),Sandra WATSON (SNP),skipped,skipped,skipped,,10
1304,Fiona E HIGGINS Glasgow (Lab),Robert JH MOONEY Glasgow (Lab),Scott SIMPSON (LD),Seonad Mairi HOY (Grn),Maria WELLS (Con),skipped,skipped,skipped,skipped,skipped,,10
1305,Fiona E HIGGINS Glasgow (Lab),Robert JH MOONEY Glasgow (Lab),Scott SIMPSON (LD),Seonad Mairi HOY (Grn),Allan GOW (SNP),Jacqueline MCLAREN (SNP),skipped,skipped,skipped,skipped,,10
1306,Fiona E HIGGINS Glasgow (Lab),Robert JH MOONEY Glasgow (Lab),Scott SIMPSON (LD),Seonad Mairi HOY (Grn),Jacqueline MCLAREN (SNP),Martin Lawson OLU-OSAGIE (Alba),Brian LAND (Ind),skipped,skipped,skipped,,10
1307,Fiona E HIGGINS Glasgow (Lab),Robert JH MOONEY Glasgow (Lab),Scott SIMPSON (LD),Seonad Mairi HOY (Grn),Jacqueline MCLAREN (SNP),Sandra WATSON (SNP),Allan GOW (SNP),skipped,skipped,skipped,,10
1308,Fiona E HIGGINS Glasgow (Lab),Robert JH MOONEY Glasgow (Lab),Scott SIMPSON (LD),Martin Lawson OLU-OSAGIE (Alba),Brian LAND (Ind),Maria WELLS (Con),Sandra WATSON (SNP),skipped,skipped,skipped,,10
1309,Fiona E HIGGINS Glasgow (Lab),Robert JH MOONEY Glasgow (Lab),Scott SIMPSON (LD),Brian LAND (Ind),skipped,skipped,skipped,skipped,skipped,skipped,,10
1310,Fiona E HIGGINS Glasgow (Lab),Robert JH MOONEY Glasgow (Lab),Scott SIMPSON (LD),Brian LAND (Ind),skipped,skipped,skipped,skipped,skipped,skipped,,10
1311,Fiona E HIGGINS Glasgow (Lab),Robert JH MOONEY Glasgow (Lab),Scott SIMPSON (LD),Brian LAND (Ind),skipped,skipped,skipped,skipped,skipped,skipped,,10
1312,Fiona E HIGGINS Glasgow (Lab),Robert JH MOONEY Glasgow (Lab),Scott SIMPSON (LD),Brian LAND (Ind),skipped,skipped,skipped,skipped,skipped,skipped,,10
1313,Fiona E HIGGINS Glasgow (Lab),Robert JH MOONEY Glasgow (Lab),Scott SIMPSON (LD),Brian LAND (Ind),skipped,skipped,skipped,skipped,skipped,skipped,,10
1314,Fiona E HIGGINS Glasgow (Lab),Robert JH MOONEY Glasgow (Lab),Scott SIMPSON (LD),Brian LAND (Ind),Seonad Mairi HOY (Grn),Martin Lawson OLU-OSAGIE (Alba),Maria WELLS (Con),skipped,skipped,skipped,,10
1315,Fiona E HIGGINS Glasgow (Lab),Robert JH MOONEY Glasgow (Lab),Scott SIMPSON (LD),Brian LAND (Ind),Sandra WATSON (SNP),Seonad Mairi HOY (Grn),Allan GOW (SNP),skipped,skipped,skipped,,10
1316,Fiona E HIGGINS Glasgow (Lab),Robert JH MOONEY Glasgow (Lab),Scott SIMPSON (LD),Maria WELLS (Con),skipped,skipped,skipped,skipped,skipped,skipped,,10
1317,Fiona E HIGGINS Glasgow (Lab),Robert JH MOONEY Glasgow (Lab),Scott SIMPSON (LD),Maria WELLS (Con),skipped,skipped,skipped,skipped,skipped,skipped,,10
1318,Fiona E HIGGINS Glasgow (Lab),Robert JH MOONEY Glasgow (Lab),Scott SIMPSON (LD),Maria WELLS (Con),skipped,skipped,skipped,skipped,skipped,skipped,,10
1319,Fiona E HIGGINS Glasgow (Lab),Robert JH MOONEY Glasgow (Lab),Scott SIMPSON (LD),Maria WELLS (Con),skipped,skipped,skipped,skipped,skipped,skipped,,10
1320,Fiona E HIGGINS Glasgow (Lab),Robert JH MOONEY Glasgow (Lab),Scott SIMPSON (LD),Maria WELLS (Con),skipped,skipped,skipped,skipped,skipped,skipped,,10
1321,Fiona E HIGGINS Glasgow (Lab),Robert JH MOONEY Glasgow (Lab),Scott SIMPSON (LD),Maria WELLS (Con),skipped,skipped,skipped,skipped,skipped,skipped,,10
1322,Fiona E HIGGINS Glasgow (Lab),Robert JH MOONEY Glasgow (Lab),Scott SIMPSON (LD),Maria WELLS (Con),skipped,skipped,skipped,skipped,skipped,skipped,,10
1323,Fiona E HIGGINS Glasgow (Lab),Robert JH MOONEY Glasgow (Lab),Scott SIMPSON (LD),Maria WELLS (Con),skipped,skipped,skipped,skipped,skipped,skipped,,10
1324,Fiona E HIGGINS Glasgow (Lab),Robert JH MOONEY Glasgow (Lab),Scott SIMPSON (LD),Maria WELLS (Con),skipped,skipped,skipped,skipped,skipped,skipped,,10
1325,Fiona E HIGGINS Glasgow (Lab),Robert JH MOONEY Glasgow (Lab),Scott SIMPSON (LD),Maria WELLS (Con),skipped,skipped,skipped,skipped,skipped,skipped,,10
1326,Fiona E HIGGINS Glasgow (Lab),Robert JH MOONEY Glasgow (Lab),Scott SIMPSON (LD),Maria WELLS (Con),skipped,skipped,skipped,skipped,skipped,skipped,,10
1327,Fiona E HIGGINS Glasgow (Lab),Robert JH MOONEY Glasgow (Lab),Scott SIMPSON (LD),Maria WELLS (Con),skipped,skipped,skipped,skipped,skipped,skipped,,10
1328,Fiona E HIGGINS Glasgow (Lab),Robert JH MOONEY Glasgow (Lab),Scott SIMPSON (LD),Maria WELLS (Con),skipped,skipped,skipped,skipped,skipped,skipped,,10
1329,Fiona E HIGGINS Glasgow (Lab),Robert JH MOONEY Glasgow (Lab),Scott SIMPSON (LD),Maria WELLS (Con),skipped,skipped,skipped,skipped,skipped,skipped,,10
1330,Fiona E HIGGINS Glasgow (Lab),Robert JH MOONEY Glasgow (Lab),Scott SIMPSON (LD),Maria WELLS (Con),Seonad Mairi HOY (Grn),skipped,skipped,skipped,skipped,skipped,,10
1331,Fiona E HIGGINS Glasgow (Lab),Robert JH MOONEY Glasgow (Lab),Scott SIMPSON (LD),Maria WELLS (Con),Seonad Mairi HOY (Grn),Brian LAND (Ind),Martin Lawson OLU-OSAGIE (Alba),skipped,skipped,skipped,,10
1332,Fiona E HIGGINS Glasgow (Lab),Robert JH MOONEY Glasgow (Lab),Scott SIMPSON (LD),Maria WELLS (Con),Seonad Mairi HOY (Grn),Brian LAND (Ind),Allan GOW (SNP),skipped,skipped,skipped,,10
1333,Fiona E HIGGINS Glasgow (Lab),Robert JH MOONEY Glasgow (Lab),Scott SIMPSON (LD),Maria WELLS (Con),Seonad Mairi HOY (Grn),Allan GOW (SNP),Jacqueline MCLAREN (SNP),skipped,skipped,skipped,,10
1334,Fiona E HIGGINS Glasgow (Lab),Robert JH MOONEY Glasgow (Lab),Scott SIMPSON (LD),Maria WELLS (Con),Brian LAND (Ind),skipped,skipped,skipped,skipped,skipped,,10
1335,Fiona E HIGGINS Glasgow (Lab),Robert JH MOONEY Glasgow (Lab),Scott SIMPSON (LD),Maria WELLS (Con),Brian LAND (Ind),skipped,skipped,skipped,skipped,skipped,,10
1336,Fiona E HIGGINS Glasgow (Lab),Robert JH MOONEY Glasgow (Lab),Scott SIMPSON (LD),Maria WELLS (Con),Brian LAND (Ind),skipped,skipped,skipped,skipped,skipped,,10
1337,Fiona E HIGGINS Glasgow (Lab),Robert JH MOONEY Glasgow (Lab),Scott SIMPSON (LD),Maria WELLS (Con),Brian LAND (Ind),skipped,skipped,skipped,skipped,skipped,,10
1338,Fiona E HIGGINS Glasgow (Lab),Robert JH MOONEY Glasgow (Lab),Scott SIMPSON (LD),Maria WELLS (Con),Brian LAND (Ind),Seonad Mairi HOY (Grn),Martin Lawson OLU-OSAGIE (Alba),skipped,skipped,skipped,,10
1339,Fiona E HIGGINS Glasgow (Lab),Robert JH MOONEY Glasgow (Lab),Scott SIMPSON (LD),Allan GOW (SNP),skipped,skipped,skipped,skipped,skipped,skipped,,10
1340,Fiona E HIGGINS Glasgow (Lab),Robert JH MOONEY Glasgow (Lab),Scott SIMPSON (LD),Allan GOW (SNP),skipped,skipped,skipped,skipped,skipped,skipped,,10
1341,Fiona E HIGGINS Glasgow (Lab),Robert JH MOONEY Glasgow (Lab),Scott SIMPSON (LD),Allan GOW (SNP),Brian LAND (Ind),Maria WELLS (Con),skipped,skipped,skipped,skipped,,10
1342,Fiona E HIGGINS Glasgow (Lab),Robert JH MOONEY Glasgow (Lab),Scott SIMPSON (LD),Allan GOW (SNP),Jacqueline MCLAREN (SNP),Sandra WATSON (SNP),Maria WELLS (Con),skipped,skipped,skipped,,10
1343,Fiona E HIGGINS Glasgow (Lab),Robert JH MOONEY Glasgow (Lab),Scott SIMPSON (LD),Jacqueline MCLAREN (SNP),skipped,skipped,skipped,skipped,skipped,skipped,,10
1344,Fiona E HIGGINS Glasgow (Lab),Robert JH MOONEY Glasgow (Lab),Scott SIMPSON (LD),Sandra WATSON (SNP),Allan GOW (SNP),skipped,skipped,skipped,skipped,skipped,,10
1345,Fiona E HIGGINS Glasgow (Lab),Robert JH MOONEY Glasgow (Lab),Brian LAND (Ind),skipped,skipped,skipped,skipped,skipped,skipped,skipped,,10
1346,Fiona E HIGGINS Glasgow (Lab),Robert JH MOONEY Glasgow (Lab),Brian LAND (Ind),skipped,skipped,skipped,skipped,skipped,skipped,skipped,,10
1347,Fiona E HIGGINS Glasgow (Lab),Robert JH MOONEY Glasgow (Lab),Brian LAND (Ind),skipped,skipped,skipped,skipped,skipped,skipped,skipped,,10
1348,Fiona E HIGGINS Glasgow (Lab),Robert JH MOONEY Glasgow (Lab),Brian LAND (Ind),skipped,skipped,skipped,skipped,skipped,skipped,skipped,,10
1349,Fiona E HIGGINS Glasgow (Lab),Robert JH MOONEY Glasgow (Lab),Brian LAND (Ind),skipped,skipped,skipped,skipped,skipped,skipped,skipped,,10
1350,Fiona E HIGGINS Glasgow (Lab),Robert JH MOONEY Glasgow (Lab),Brian LAND (Ind),skipped,skipped,skipped,skipped,skipped,skipped,skipped,,10
1351,Fiona E HIGGINS Glasgow (Lab),Robert JH MOONEY Glasgow (Lab),Brian LAND (Ind),skipped,skipped,skipped,skipped,skipped,skipped,skipped,,10
1352,Fiona E HIGGINS Glasgow (Lab),Robert JH MOONEY Glasgow (Lab),Brian LAND (Ind),skipped,skipped,skipped,skipped,skipped,skipped,skipped,,10
1353,Fiona E HIGGINS Glasgow (Lab),Robert JH MOONEY Glasgow (Lab),Brian LAND (Ind),skipped,skipped,skipped,skipped,skipped,skipped,skipped,,10
1354,Fiona E HIGGINS Glasgow (Lab),Robert JH MOONEY Glasgow (Lab),Brian LAND (Ind),skipped,skipped,skipped,skipped,skipped,skipped,skipped,,10
1355,Fiona E HIGGINS Glasgow (Lab),Robert JH MOONEY Glasgow (Lab),Brian LAND (Ind),skipped,skipped,skipped,skipped,skipped,skipped,skipped,,10
1356,Fiona E HIGGINS Glasgow (Lab),Robert JH MOONEY Glasgow (Lab),Brian LAND (Ind),skipped,skipped,skipped,skipped,skipped,skipped,skipped,,10
1357,Fiona E HIGGINS Glasgow (Lab),Robert JH MOONEY Glasgow (Lab),Brian LAND (Ind),skipped,skipped,skipped,skipped,skipped,skipped,skipped,,10
1358,Fiona E HIGGINS Glasgow (Lab),Robert JH MOONEY Glasgow (Lab),Brian LAND (Ind),skipped,skipped,skipped,skipped,skipped,skipped,skipped,,10
1359,Fiona E HIGGINS Glasgow (Lab),Robert JH MOONEY Glasgow (Lab),Brian LAND (Ind),skipped,skipped,skipped,skipped,skipped,skipped,skipped,,10
1360,Fiona E HIGGINS Glasgow (Lab),Robert JH MOONEY Glasgow (Lab),Brian LAND (Ind),skipped,skipped,skipped,skipped,skipped,skipped,skipped,,10
1361,Fiona E HIGGINS Glasgow (Lab),Robert JH MOONEY Glasgow (Lab),Brian LAND (Ind),skipped,skipped,skipped,skipped,skipped,skipped,skipped,,10
1362,Fiona E HIGGINS Glasgow (Lab),Robert JH MOONEY Glasgow (Lab),Brian LAND (Ind),skipped,skipped,skipped,skipped,skipped,skipped,skipped,,10
1363,Fiona E HIGGINS Glasgow (Lab),Robert JH MOONEY Glasgow (Lab),Brian LAND (Ind),skipped,skipped,skipped,skipped,skipped,skipped,skipped,,10
1364,Fiona E HIGGINS Glasgow (Lab),Robert JH MOONEY Glasgow (Lab),Brian LAND (Ind),skipped,skipped,skipped,skipped,skipped,skipped,skipped,,10
1365,Fiona E HIGGINS Glasgow (Lab),Robert JH MOONEY Glasgow (Lab),Brian LAND (Ind),skipped,skipped,skipped,skipped,skipped,skipped,skipped,,10
1366,Fiona E HIGGINS Glasgow (Lab),Robert JH MOONEY Glasgow (Lab),Brian LAND (Ind),skipped,skipped,skipped,skipped,skipped,skipped,skipped,,10
1367,Fiona E HIGGINS Glasgow (Lab),Robert JH MOONEY Glasgow (Lab),Brian LAND (Ind),skipped,skipped,skipped,skipped,skipped,skipped,skipped,,10
1368,Fiona E HIGGINS Glasgow (Lab),Robert JH MOONEY Glasgow (Lab),Brian LAND (Ind),skipped,skipped,skipped,skipped,skipped,skipped,skipped,,10
1369,Fiona E HIGGINS Glasgow (Lab),Robert JH MOONEY Glasgow (Lab),Brian LAND (Ind),skipped,skipped,skipped,skipped,skipped,skipped,skipped,,10
1370,Fiona E HIGGINS Glasgow (Lab),Robert JH MOONEY Glasgow (Lab),Brian LAND (Ind),skipped,skipped,skipped,skipped,skipped,skipped,skipped,,10
1371,Fiona E HIGGINS Glasgow (Lab),Robert JH MOONEY Glasgow (Lab),Brian LAND (Ind),skipped,skipped,skipped,skipped,skipped,skipped,skipped,,10
1372,Fiona E HIGGINS Glasgow (Lab),Robert JH MOONEY Glasgow (Lab),Brian LAND (Ind),skipped,skipped,skipped,skipped,skipped,skipped,skipped,,10
1373,Fiona E HIGGINS Glasgow (Lab),Robert JH MOONEY Glasgow (Lab),Brian LAND (Ind),skipped,skipped,skipped,skipped,skipped,skipped,skipped,,10
1374,Fiona E HIGGINS Glasgow (Lab),Robert JH MOONEY Glasgow (Lab),Brian LAND (Ind),skipped,skipped,skipped,skipped,skipped,skipped,skipped,,10
1375,Fiona E HIGGINS Glasgow (Lab),Robert JH MOONEY Glasgow (Lab),Brian LAND (Ind),skipped,skipped,skipped,skipped,skipped,skipped,skipped,,10
1376,Fiona E HIGGINS Glasgow (Lab),Robert JH MOONEY Glasgow (Lab),Brian LAND (Ind),skipped,skipped,skipped,skipped,skipped,skipped,skipped,,10
1377,Fiona E HIGGINS Glasgow (Lab),Robert JH MOONEY Glasgow (Lab),Brian LAND (Ind),skipped,skipped,skipped,skipped,skipped,skipped,skipped,,10
1378,Fiona E HIGGINS Glasgow (Lab),Robert JH MOONEY Glasgow (Lab),Brian LAND (Ind),skipped,skipped,skipped,skipped,skipped,skipped,skipped,,10
1379,Fiona E HIGGINS Glasgow (Lab),Robert JH MOONEY Glasgow (Lab),Brian LAND (Ind),skipped,skipped,skipped,skipped,skipped,skipped,skipped,,10
1380,Fiona E HIGGINS Glasgow (Lab),Robert JH MOONEY Glasgow (Lab),Brian LAND (Ind),skipped,skipped,skipped,skipped,skipped,skipped,skipped,,10
1381,Fiona E HIGGINS Glasgow (Lab),Robert JH MOONEY Glasgow (Lab),Brian LAND (Ind),skipped,skipped,skipped,skipped,skipped,skipped,skipped,,10
1382,Fiona E HIGGINS Glasgow (Lab),Robert JH MOONEY Glasgow (Lab),Brian LAND (Ind),skipped,skipped,skipped,skipped,skipped,skipped,skipped,,10
1383,Fiona E HIGGINS Glasgow (Lab),Robert JH MOONEY Glasgow (Lab),Brian LAND (Ind),skipped,skipped,skipped,skipped,skipped,skipped,skipped,,10
1384,Fiona E HIGGINS Glasgow (Lab),Robert JH MOONEY Glasgow (Lab),Brian LAND (Ind),skipped,skipped,skipped,skipped,skipped,skipped,skipped,,10
1385,Fiona E HIGGINS Glasgow (Lab),Robert JH MOONEY Glasgow (Lab),Brian LAND (Ind),skipped,skipped,skipped,skipped,skipped,skipped,skipped,,10
1386,Fiona E HIGGINS Glasgow (Lab),Robert JH MOONEY Glasgow (Lab),Brian LAND (Ind),skipped,skipped,skipped,skipped,skipped,skipped,skipped,,10
1387,Fiona E HIGGINS Glasgow (Lab),Robert JH MOONEY Glasgow (Lab),Brian LAND (Ind),skipped,skipped,skipped,skipped,skipped,skipped,skipped,,10
1388,Fiona E HIGGINS Glasgow (Lab),Robert JH MOONEY Glasgow (Lab),Brian LAND (Ind),skipped,skipped,skipped,skipped,skipped,skipped,skipped,,10
1389,Fiona E HIGGINS Glasgow (Lab),Robert JH MOONEY Glasgow (Lab),Brian LAND (Ind),skipped,skipped,skipped,skipped,skipped,skipped,skipped,,10
1390,Fiona E HIGGINS Glasgow (Lab),Robert JH MOONEY Glasgow (Lab),Brian LAND (Ind),skipped,skipped,skipped,skipped,skipped,skipped,skipped,,10
1391,Fiona E HIGGINS Glasgow (Lab),Robert JH MOONEY Glasgow (Lab),Brian LAND (Ind),skipped,skipped,skipped,skipped,skipped,skipped,skipped,,10
1392,Fiona E HIGGINS Glasgow (Lab),Robert JH MOONEY Glasgow (Lab),Brian LAND (Ind),skipped,skipped,skipped,skipped,skipped,skipped,skipped,,10
1393,Fiona E HIGGINS Glasgow (Lab),Robert JH MOONEY Glasgow (Lab),Brian LAND (Ind),skipped,skipped,skipped,skipped,skipped,skipped,skipped,,10
1394,Fiona E HIGGINS Glasgow (Lab),Robert JH MOONEY Glasgow (Lab),Brian LAND (Ind),skipped,skipped,skipped,skipped,skipped,skipped,skipped,,10
1395,Fiona E HIGGINS Glasgow (Lab),Robert JH MOONEY Glasgow (Lab),Brian LAND (Ind),skipped,skipped,skipped,skipped,skipped,skipped,skipped,,10
1396,Fiona E HIGGINS Glasgow (Lab),Robert JH MOONEY Glasgow (Lab),Brian LAND (Ind),skipped,skipped,skipped,skipped,skipped,skipped,skipped,,10
1397,Fiona E HIGGINS Glasgow (Lab),Robert JH MOONEY Glasgow (Lab),Brian LAND (Ind),skipped,skipped,skipped,skipped,skipped,skipped,skipped,,10
1398,Fiona E HIGGINS Glasgow (Lab),Robert JH MOONEY Glasgow (Lab),Brian LAND (Ind),skipped,skipped,skipped,skipped,skipped,skipped,skipped,,10
1399,Fiona E HIGGINS Glasgow (Lab),Robert JH MOONEY Glasgow (Lab),Brian LAND (Ind),skipped,skipped,skipped,skipped,skipped,skipped,skipped,,10
1400,Fiona E HIGGINS Glasgow (Lab),Robert JH MOONEY Glasgow (Lab),Brian LAND (Ind),skipped,skipped,skipped,skipped,skipped,skipped,skipped,,10
1401,Fiona E HIGGINS Glasgow (Lab),Robert JH MOONEY Glasgow (Lab),Brian LAND (Ind),skipped,skipped,skipped,skipped,skipped,skipped,skipped,,10
1402,Fiona E HIGGINS Glasgow (Lab),Robert JH MOONEY Glasgow (Lab),Brian LAND (Ind),skipped,skipped,skipped,skipped,skipped,skipped,skipped,,10
1403,Fiona E HIGGINS Glasgow (Lab),Robert JH MOONEY Glasgow (Lab),Brian LAND (Ind),skipped,skipped,skipped,skipped,skipped,skipped,skipped,,10
1404,Fiona E HIGGINS Glasgow (Lab),Robert JH MOONEY Glasgow (Lab),Brian LAND (Ind),skipped,skipped,skipped,skipped,skipped,skipped,skipped,,10
1405,Fiona E HIGGINS Glasgow (Lab),Robert JH MOONEY Glasgow (Lab),Brian LAND (Ind),skipped,skipped,skipped,skipped,skipped,skipped,skipped,,10
1406,Fiona E HIGGINS Glasgow (Lab),Robert JH MOONEY Glasgow (Lab),Brian LAND (Ind),skipped,skipped,skipped,skipped,skipped,skipped,skipped,,10
1407,Fiona E HIGGINS Glasgow (Lab),Robert JH MOONEY Glasgow (Lab),Brian LAND (Ind),skipped,skipped,skipped,skipped,skipped,skipped,skipped,,10
1408,Fiona E HIGGINS Glasgow (Lab),Robert JH MOONEY Glasgow (Lab),Brian LAND (Ind),skipped,skipped,skipped,skipped,skipped,skipped,skipped,,10
1409,Fiona E HIGGINS Glasgow (Lab),Robert JH MOONEY Glasgow (Lab),Brian LAND (Ind),Seonad Mairi HOY (Grn),skipped,skipped,skipped,skipped,skipped,skipped,,10
1410,Fiona E HIGGINS Glasgow (Lab),Robert JH MOONEY Glasgow (Lab),Brian LAND (Ind),Seonad Mairi HOY (Grn),skipped,skipped,skipped,skipped,skipped,skipped,,10
1411,Fiona E HIGGINS Glasgow (Lab),Robert JH MOONEY Glasgow (Lab),Brian LAND (Ind),Seonad Mairi HOY (Grn),skipped,skipped,skipped,skipped,skipped,skipped,,10
1412,Fiona E HIGGINS Glasgow (Lab),Robert JH MOONEY Glasgow (Lab),Brian LAND (Ind),Seonad Mairi HOY (Grn),skipped,skipped,skipped,skipped,skipped,skipped,,10
1413,Fiona E HIGGINS Glasgow (Lab),Robert JH MOONEY Glasgow (Lab),Brian LAND (Ind),Seonad Mairi HOY (Grn),Scott SIMPSON (LD),skipped,skipped,skipped,skipped,skipped,,10
1414,Fiona E HIGGINS Glasgow (Lab),Robert JH MOONEY Glasgow (Lab),Brian LAND (Ind),Seonad Mairi HOY (Grn),Scott SIMPSON (LD),skipped,skipped,skipped,skipped,skipped,,10
1415,Fiona E HIGGINS Glasgow (Lab),Robert JH MOONEY Glasgow (Lab),Brian LAND (Ind),Seonad Mairi HOY (Grn),Scott SIMPSON (LD),Allan GOW (SNP),Jacqueline MCLAREN (SNP),skipped,skipped,skipped,,10
1416,Fiona E HIGGINS Glasgow (Lab),Robert JH MOONEY Glasgow (Lab),Brian LAND (Ind),Seonad Mairi HOY (Grn),Allan GOW (SNP),Jacqueline MCLAREN (SNP),Scott SIMPSON (LD),skipped,skipped,skipped,,10
1417,Fiona E HIGGINS Glasgow (Lab),Robert JH MOONEY Glasgow (Lab),Brian LAND (Ind),Martin Lawson OLU-OSAGIE (Alba),skipped,skipped,skipped,skipped,skipped,skipped,,10
1418,Fiona E HIGGINS Glasgow (Lab),Robert JH MOONEY Glasgow (Lab),Brian LAND (Ind),Martin Lawson OLU-OSAGIE (Alba),Scott SIMPSON (LD),Sandra WATSON (SNP),Maria WELLS (Con),skipped,skipped,skipped,,10
1419,Fiona E HIGGINS Glasgow (Lab),Robert JH MOONEY Glasgow (Lab),Brian LAND (Ind),Scott SIMPSON (LD),skipped,skipped,skipped,skipped,skipped,skipped,,10
1420,Fiona E HIGGINS Glasgow (Lab),Robert JH MOONEY Glasgow (Lab),Brian LAND (Ind),Scott SIMPSON (LD),skipped,skipped,skipped,skipped,skipped,skipped,,10
1421,Fiona E HIGGINS Glasgow (Lab),Robert JH MOONEY Glasgow (Lab),Brian LAND (Ind),Scott SIMPSON (LD),skipped,skipped,skipped,skipped,skipped,skipped,,10
1422,Fiona E HIGGINS Glasgow (Lab),Robert JH MOONEY Glasgow (Lab),Brian LAND (Ind),Scott SIMPSON (LD),skipped,skipped,skipped,skipped,skipped,skipped,,10
1423,Fiona E HIGGINS Glasgow (Lab),Robert JH MOONEY Glasgow (Lab),Brian LAND (Ind),Scott SIMPSON (LD),Martin Lawson OLU-OSAGIE (Alba),Seonad Mairi HOY (Grn),Maria WELLS (Con),skipped,skipped,skipped,,10
1424,Fiona E HIGGINS Glasgow (Lab),Robert JH MOONEY Glasgow (Lab),Brian LAND (Ind),Maria WELLS (Con),skipped,skipped,skipped,skipped,skipped,skipped,,10
1425,Fiona E HIGGINS Glasgow (Lab),Robert JH MOONEY Glasgow (Lab),Brian LAND (Ind),Maria WELLS (Con),skipped,skipped,skipped,skipped,skipped,skipped,,10
1426,Fiona E HIGGINS Glasgow (Lab),Robert JH MOONEY Glasgow (Lab),Brian LAND (Ind),Maria WELLS (Con),Scott SIMPSON (LD),Martin Lawson OLU-OSAGIE (Alba),Seonad Mairi HOY (Grn),skipped,skipped,skipped,,10
1427,Fiona E HIGGINS Glasgow (Lab),Robert JH MOONEY Glasgow (Lab),Brian LAND (Ind),Maria WELLS (Con),Scott SIMPSON (LD),Martin Lawson OLU-OSAGIE (Alba),Sandra WATSON (SNP),skipped,skipped,skipped,,10
1428,Fiona E HIGGINS Glasgow (Lab),Robert JH MOONEY Glasgow (Lab),Brian LAND (Ind),Allan GOW (SNP),Jacqueline MCLAREN (SNP),Sandra WATSON (SNP),skipped,skipped,skipped,skipped,,10
1429,Fiona E HIGGINS Glasgow (Lab),Robert JH MOONEY Glasgow (Lab),Brian LAND (Ind),Allan GOW (SNP),Jacqueline MCLAREN (SNP),Sandra WATSON (SNP),Seonad Mairi HOY (Grn),skipped,skipped,skipped,,10
1430,Fiona E HIGGINS Glasgow (Lab),Robert JH MOONEY Glasgow (Lab),Brian LAND (Ind),Jacqueline MCLAREN (SNP),skipped,skipped,skipped,skipped,skipped,skipped,,10
1431,Fiona E HIGGINS Glasgow (Lab),Robert JH MOONEY Glasgow (Lab),Brian LAND (Ind),Jacqueline MCLAREN (SNP),Seonad Mairi HOY (Grn),Allan GOW (SNP),skipped,skipped,skipped,skipped,,10
1432,Fiona E HIGGINS Glasgow (Lab),Robert JH MOONEY Glasgow (Lab),Maria WELLS (Con),skipped,skipped,skipped,skipped,skipped,skipped,skipped,,10
1433,Fiona E HIGGINS Glasgow (Lab),Robert JH MOONEY Glasgow (Lab),Maria WELLS (Con),skipped,skipped,skipped,skipped,skipped,skipped,skipped,,10
1434,Fiona E HIGGINS Glasgow (Lab),Robert JH MOONEY Glasgow (Lab),Maria WELLS (Con),skipped,skipped,skipped,skipped,skipped,skipped,skipped,,10
1435,Fiona E HIGGINS Glasgow (Lab),Robert JH MOONEY Glasgow (Lab),Maria WELLS (Con),skipped,skipped,skipped,skipped,skipped,skipped,skipped,,10
1436,Fiona E HIGGINS Glasgow (Lab),Robert JH MOONEY Glasgow (Lab),Maria WELLS (Con),skipped,skipped,skipped,skipped,skipped,skipped,skipped,,10
1437,Fiona E HIGGINS Glasgow (Lab),Robert JH MOONEY Glasgow (Lab),Maria WELLS (Con),skipped,skipped,skipped,skipped,skipped,skipped,skipped,,10
1438,Fiona E HIGGINS Glasgow (Lab),Robert JH MOONEY Glasgow (Lab),Maria WELLS (Con),skipped,skipped,skipped,skipped,skipped,skipped,skipped,,10
1439,Fiona E HIGGINS Glasgow (Lab),Robert JH MOONEY Glasgow (Lab),Maria WELLS (Con),skipped,skipped,skipped,skipped,skipped,skipped,skipped,,10
1440,Fiona E HIGGINS Glasgow (Lab),Robert JH MOONEY Glasgow (Lab),Maria WELLS (Con),skipped,skipped,skipped,skipped,skipped,skipped,skipped,,10
1441,Fiona E HIGGINS Glasgow (Lab),Robert JH MOONEY Glasgow (Lab),Maria WELLS (Con),skipped,skipped,skipped,skipped,skipped,skipped,skipped,,10
1442,Fiona E HIGGINS Glasgow (Lab),Robert JH MOONEY Glasgow (Lab),Maria WELLS (Con),skipped,skipped,skipped,skipped,skipped,skipped,skipped,,10
1443,Fiona E HIGGINS Glasgow (Lab),Robert JH MOONEY Glasgow (Lab),Maria WELLS (Con),skipped,skipped,skipped,skipped,skipped,skipped,skipped,,10
1444,Fiona E HIGGINS Glasgow (Lab),Robert JH MOONEY Glasgow (Lab),Maria WELLS (Con),skipped,skipped,skipped,skipped,skipped,skipped,skipped,,10
1445,Fiona E HIGGINS Glasgow (Lab),Robert JH MOONEY Glasgow (Lab),Maria WELLS (Con),skipped,skipped,skipped,skipped,skipped,skipped,skipped,,10
1446,Fiona E HIGGINS Glasgow (Lab),Robert JH MOONEY Glasgow (Lab),Maria WELLS (Con),skipped,skipped,skipped,skipped,skipped,skipped,skipped,,10
1447,Fiona E HIGGINS Glasgow (Lab),Robert JH MOONEY Glasgow (Lab),Maria WELLS (Con),skipped,skipped,skipped,skipped,skipped,skipped,skipped,,10
1448,Fiona E HIGGINS Glasgow (Lab),Robert JH MOONEY Glasgow (Lab),Maria WELLS (Con),skipped,skipped,skipped,skipped,skipped,skipped,skipped,,10
1449,Fiona E HIGGINS Glasgow (Lab),Robert JH MOONEY Glasgow (Lab),Maria WELLS (Con),skipped,skipped,skipped,skipped,skipped,skipped,skipped,,10
1450,Fiona E HIGGINS Glasgow (Lab),Robert JH MOONEY Glasgow (Lab),Maria WELLS (Con),skipped,skipped,skipped,skipped,skipped,skipped,skipped,,10
1451,Fiona E HIGGINS Glasgow (Lab),Robert JH MOONEY Glasgow (Lab),Maria WELLS (Con),skipped,skipped,skipped,skipped,skipped,skipped,skipped,,10
1452,Fiona E HIGGINS Glasgow (Lab),Robert JH MOONEY Glasgow (Lab),Maria WELLS (Con),skipped,skipped,skipped,skipped,skipped,skipped,skipped,,10
1453,Fiona E HIGGINS Glasgow (Lab),Robert JH MOONEY Glasgow (Lab),Maria WELLS (Con),skipped,skipped,skipped,skipped,skipped,skipped,skipped,,10
1454,Fiona E HIGGINS Glasgow (Lab),Robert JH MOONEY Glasgow (Lab),Maria WELLS (Con),skipped,skipped,skipped,skipped,skipped,skipped,skipped,,10
1455,Fiona E HIGGINS Glasgow (Lab),Robert JH MOONEY Glasgow (Lab),Maria WELLS (Con),skipped,skipped,skipped,skipped,skipped,skipped,skipped,,10
1456,Fiona E HIGGINS Glasgow (Lab),Robert JH MOONEY Glasgow (Lab),Maria WELLS (Con),skipped,skipped,skipped,skipped,skipped,skipped,skipped,,10
1457,Fiona E HIGGINS Glasgow (Lab),Robert JH MOONEY Glasgow (Lab),Maria WELLS (Con),skipped,skipped,skipped,skipped,skipped,skipped,skipped,,10
1458,Fiona E HIGGINS Glasgow (Lab),Robert JH MOONEY Glasgow (Lab),Maria WELLS (Con),skipped,skipped,skipped,skipped,skipped,skipped,skipped,,10
1459,Fiona E HIGGINS Glasgow (Lab),Robert JH MOONEY Glasgow (Lab),Maria WELLS (Con),skipped,skipped,skipped,skipped,skipped,skipped,skipped,,10
1460,Fiona E HIGGINS Glasgow (Lab),Robert JH MOONEY Glasgow (Lab),Maria WELLS (Con),skipped,skipped,skipped,skipped,skipped,skipped,skipped,,10
1461,Fiona E HIGGINS Glasgow (Lab),Robert JH MOONEY Glasgow (Lab),Maria WELLS (Con),skipped,skipped,skipped,skipped,skipped,skipped,skipped,,10
1462,Fiona E HIGGINS Glasgow (Lab),Robert JH MOONEY Glasgow (Lab),Maria WELLS (Con),skipped,skipped,skipped,skipped,skipped,skipped,skipped,,10
1463,Fiona E HIGGINS Glasgow (Lab),Robert JH MOONEY Glasgow (Lab),Maria WELLS (Con),skipped,skipped,skipped,skipped,skipped,skipped,skipped,,10
1464,Fiona E HIGGINS Glasgow (Lab),Robert JH MOONEY Glasgow (Lab),Maria WELLS (Con),skipped,skipped,skipped,skipped,skipped,skipped,skipped,,10
1465,Fiona E HIGGINS Glasgow (Lab),Robert JH MOONEY Glasgow (Lab),Maria WELLS (Con),skipped,skipped,skipped,skipped,skipped,skipped,skipped,,10
1466,Fiona E HIGGINS Glasgow (Lab),Robert JH MOONEY Glasgow (Lab),Maria WELLS (Con),skipped,skipped,skipped,skipped,skipped,skipped,skipped,,10
1467,Fiona E HIGGINS Glasgow (Lab),Robert JH MOONEY Glasgow (Lab),Maria WELLS (Con),skipped,skipped,skipped,skipped,skipped,skipped,skipped,,10
1468,Fiona E HIGGINS Glasgow (Lab),Robert JH MOONEY Glasgow (Lab),Maria WELLS (Con),skipped,skipped,skipped,skipped,skipped,skipped,skipped,,10
1469,Fiona E HIGGINS Glasgow (Lab),Robert JH MOONEY Glasgow (Lab),Maria WELLS (Con),skipped,skipped,skipped,skipped,skipped,skipped,skipped,,10
1470,Fiona E HIGGINS Glasgow (Lab),Robert JH MOONEY Glasgow (Lab),Maria WELLS (Con),skipped,skipped,skipped,skipped,skipped,skipped,skipped,,10
1471,Fiona E HIGGINS Glasgow (Lab),Robert JH MOONEY Glasgow (Lab),Maria WELLS (Con),skipped,skipped,skipped,skipped,skipped,skipped,skipped,,10
1472,Fiona E HIGGINS Glasgow (Lab),Robert JH MOONEY Glasgow (Lab),Maria WELLS (Con),skipped,skipped,skipped,skipped,skipped,skipped,skipped,,10
1473,Fiona E HIGGINS Glasgow (Lab),Robert JH MOONEY Glasgow (Lab),Maria WELLS (Con),skipped,skipped,skipped,skipped,skipped,skipped,skipped,,10
1474,Fiona E HIGGINS Glasgow (Lab),Robert JH MOONEY Glasgow (Lab),Maria WELLS (Con),skipped,skipped,skipped,skipped,skipped,skipped,skipped,,10
1475,Fiona E HIGGINS Glasgow (Lab),Robert JH MOONEY Glasgow (Lab),Maria WELLS (Con),skipped,skipped,skipped,skipped,skipped,skipped,skipped,,10
1476,Fiona E HIGGINS Glasgow (Lab),Robert JH MOONEY Glasgow (Lab),Maria WELLS (Con),skipped,skipped,skipped,skipped,skipped,skipped,skipped,,10
1477,Fiona E HIGGINS Glasgow (Lab),Robert JH MOONEY Glasgow (Lab),Maria WELLS (Con),skipped,skipped,skipped,skipped,skipped,skipped,skipped,,10
1478,Fiona E HIGGINS Glasgow (Lab),Robert JH MOONEY Glasgow (Lab),Maria WELLS (Con),skipped,skipped,skipped,skipped,skipped,skipped,skipped,,10
1479,Fiona E HIGGINS Glasgow (Lab),Robert JH MOONEY Glasgow (Lab),Maria WELLS (Con),skipped,skipped,skipped,skipped,skipped,skipped,skipped,,10
1480,Fiona E HIGGINS Glasgow (Lab),Robert JH MOONEY Glasgow (Lab),Maria WELLS (Con),skipped,skipped,skipped,skipped,skipped,skipped,skipped,,10
1481,Fiona E HIGGINS Glasgow (Lab),Robert JH MOONEY Glasgow (Lab),Maria WELLS (Con),skipped,skipped,skipped,skipped,skipped,skipped,skipped,,10
1482,Fiona E HIGGINS Glasgow (Lab),Robert JH MOONEY Glasgow (Lab),Maria WELLS (Con),skipped,skipped,skipped,skipped,skipped,skipped,skipped,,10
1483,Fiona E HIGGINS Glasgow (Lab),Robert JH MOONEY Glasgow (Lab),Maria WELLS (Con),skipped,skipped,skipped,skipped,skipped,skipped,skipped,,10
1484,Fiona E HIGGINS Glasgow (Lab),Robert JH MOONEY Glasgow (Lab),Maria WELLS (Con),skipped,skipped,skipped,skipped,skipped,skipped,skipped,,10
1485,Fiona E HIGGINS Glasgow (Lab),Robert JH MOONEY Glasgow (Lab),Maria WELLS (Con),skipped,skipped,skipped,skipped,skipped,skipped,skipped,,10
1486,Fiona E HIGGINS Glasgow (Lab),Robert JH MOONEY Glasgow (Lab),Maria WELLS (Con),skipped,skipped,skipped,skipped,skipped,skipped,skipped,,10
1487,Fiona E HIGGINS Glasgow (Lab),Robert JH MOONEY Glasgow (Lab),Maria WELLS (Con),skipped,skipped,skipped,skipped,skipped,skipped,skipped,,10
1488,Fiona E HIGGINS Glasgow (Lab),Robert JH MOONEY Glasgow (Lab),Maria WELLS (Con),skipped,skipped,skipped,skipped,skipped,skipped,skipped,,10
1489,Fiona E HIGGINS Glasgow (Lab),Robert JH MOONEY Glasgow (Lab),Maria WELLS (Con),skipped,skipped,skipped,skipped,skipped,skipped,skipped,,10
1490,Fiona E HIGGINS Glasgow (Lab),Robert JH MOONEY Glasgow (Lab),Maria WELLS (Con),skipped,skipped,skipped,skipped,skipped,skipped,skipped,,10
1491,Fiona E HIGGINS Glasgow (Lab),Robert JH MOONEY Glasgow (Lab),Maria WELLS (Con),skipped,skipped,skipped,skipped,skipped,skipped,skipped,,10
1492,Fiona E HIGGINS Glasgow (Lab),Robert JH MOONEY Glasgow (Lab),Maria WELLS (Con),skipped,skipped,skipped,skipped,skipped,skipped,skipped,,10
1493,Fiona E HIGGINS Glasgow (Lab),Robert JH MOONEY Glasgow (Lab),Maria WELLS (Con),skipped,skipped,skipped,skipped,skipped,skipped,skipped,,10
1494,Fiona E HIGGINS Glasgow (Lab),Robert JH MOONEY Glasgow (Lab),Maria WELLS (Con),skipped,skipped,skipped,skipped,skipped,skipped,skipped,,10
1495,Fiona E HIGGINS Glasgow (Lab),Robert JH MOONEY Glasgow (Lab),Maria WELLS (Con),skipped,skipped,skipped,skipped,skipped,skipped,skipped,,10
1496,Fiona E HIGGINS Glasgow (Lab),Robert JH MOONEY Glasgow (Lab),Maria WELLS (Con),skipped,skipped,skipped,skipped,skipped,skipped,skipped,,10
1497,Fiona E HIGGINS Glasgow (Lab),Robert JH MOONEY Glasgow (Lab),Maria WELLS (Con),skipped,skipped,skipped,skipped,skipped,skipped,skipped,,10
1498,Fiona E HIGGINS Glasgow (Lab),Robert JH MOONEY Glasgow (Lab),Maria WELLS (Con),skipped,skipped,skipped,skipped,skipped,skipped,skipped,,10
1499,Fiona E HIGGINS Glasgow (Lab),Robert JH MOONEY Glasgow (Lab),Maria WELLS (Con),skipped,skipped,skipped,skipped,skipped,skipped,skipped,,10
1500,Fiona E HIGGINS Glasgow (Lab),Robert JH MOONEY Glasgow (Lab),Maria WELLS (Con),skipped,skipped,skipped,skipped,skipped,skipped,skipped,,10
1501,Fiona E HIGGINS Glasgow (Lab),Robert JH MOONEY Glasgow (Lab),Maria WELLS (Con),skipped,skipped,skipped,skipped,skipped,skipped,skipped,,10
1502,Fiona E HIGGINS Glasgow (Lab),Robert JH MOONEY Glasgow (Lab),Maria WELLS (Con),skipped,skipped,skipped,skipped,skipped,skipped,skipped,,10
1503,Fiona E HIGGINS Glasgow (Lab),Robert JH MOONEY Glasgow (Lab),Maria WELLS (Con),skipped,skipped,skipped,skipped,skipped,skipped,skipped,,10
1504,Fiona E HIGGINS Glasgow (Lab),Robert JH MOONEY Glasgow (Lab),Maria WELLS (Con),skipped,skipped,skipped,skipped,skipped,skipped,skipped,,10
1505,Fiona E HIGGINS Glasgow (Lab),Robert JH MOONEY Glasgow (Lab),Maria WELLS (Con),skipped,skipped,skipped,skipped,skipped,skipped,skipped,,10
1506,Fiona E HIGGINS Glasgow (Lab),Robert JH MOONEY Glasgow (Lab),Maria WELLS (Con),skipped,skipped,skipped,skipped,skipped,skipped,skipped,,10
1507,Fiona E HIGGINS Glasgow (Lab),Robert JH MOONEY Glasgow (Lab),Maria WELLS (Con),skipped,skipped,skipped,skipped,skipped,skipped,skipped,,10
1508,Fiona E HIGGINS Glasgow (Lab),Robert JH MOONEY Glasgow (Lab),Maria WELLS (Con),skipped,skipped,skipped,skipped,skipped,skipped,skipped,,10
1509,Fiona E HIGGINS Glasgow (Lab),Robert JH MOONEY Glasgow (Lab),Maria WELLS (Con),skipped,skipped,skipped,skipped,skipped,skipped,skipped,,10
1510,Fiona E HIGGINS Glasgow (Lab),Robert JH MOONEY Glasgow (Lab),Maria WELLS (Con),skipped,skipped,skipped,skipped,skipped,skipped,skipped,,10
1511,Fiona E HIGGINS Glasgow (Lab),Robert JH MOONEY Glasgow (Lab),Maria WELLS (Con),skipped,skipped,skipped,skipped,skipped,skipped,skipped,,10
1512,Fiona E HIGGINS Glasgow (Lab),Robert JH MOONEY Glasgow (Lab),Maria WELLS (Con),skipped,skipped,skipped,skipped,skipped,skipped,skipped,,10
1513,Fiona E HIGGINS Glasgow (Lab),Robert JH MOONEY Glasgow (Lab),Maria WELLS (Con),skipped,skipped,skipped,skipped,skipped,skipped,skipped,,10
1514,Fiona E HIGGINS Glasgow (Lab),Robert JH MOONEY Glasgow (Lab),Maria WELLS (Con),skipped,skipped,skipped,skipped,skipped,skipped,skipped,,10
1515,Fiona E HIGGINS Glasgow (Lab),Robert JH MOONEY Glasgow (Lab),Maria WELLS (Con),skipped,skipped,skipped,skipped,skipped,skipped,skipped,,10
1516,Fiona E HIGGINS Glasgow (Lab),Robert JH MOONEY Glasgow (Lab),Maria WELLS (Con),skipped,skipped,skipped,skipped,skipped,skipped,skipped,,10
1517,Fiona E HIGGINS Glasgow (Lab),Robert JH MOONEY Glasgow (Lab),Maria WELLS (Con),skipped,skipped,skipped,skipped,skipped,skipped,skipped,,10
1518,Fiona E HIGGINS Glasgow (Lab),Robert JH MOONEY Glasgow (Lab),Maria WELLS (Con),skipped,skipped,skipped,skipped,skipped,skipped,skipped,,10
1519,Fiona E HIGGINS Glasgow (Lab),Robert JH MOONEY Glasgow (Lab),Maria WELLS (Con),Seonad Mairi HOY (Grn),skipped,skipped,skipped,skipped,skipped,skipped,,10
1520,Fiona E HIGGINS Glasgow (Lab),Robert JH MOONEY Glasgow (Lab),Maria WELLS (Con),Seonad Mairi HOY (Grn),Martin Lawson OLU-OSAGIE (Alba),Scott SIMPSON (LD),Brian LAND (Ind),skipped,skipped,skipped,,10
1521,Fiona E HIGGINS Glasgow (Lab),Robert JH MOONEY Glasgow (Lab),Maria WELLS (Con),Martin Lawson OLU-OSAGIE (Alba),skipped,skipped,skipped,skipped,skipped,skipped,,10
1522,Fiona E HIGGINS Glasgow (Lab),Robert JH MOONEY Glasgow (Lab),Maria WELLS (Con),Scott SIMPSON (LD),skipped,skipped,skipped,skipped,skipped,skipped,,10
1523,Fiona E HIGGINS Glasgow (Lab),Robert JH MOONEY Glasgow (Lab),Maria WELLS (Con),Scott SIMPSON (LD),skipped,skipped,skipped,skipped,skipped,skipped,,10
1524,Fiona E HIGGINS Glasgow (Lab),Robert JH MOONEY Glasgow (Lab),Maria WELLS (Con),Scott SIMPSON (LD),skipped,skipped,skipped,skipped,skipped,skipped,,10
1525,Fiona E HIGGINS Glasgow (Lab),Robert JH MOONEY Glasgow (Lab),Maria WELLS (Con),Scott SIMPSON (LD),skipped,skipped,skipped,skipped,skipped,skipped,,10
1526,Fiona E HIGGINS Glasgow (Lab),Robert JH MOONEY Glasgow (Lab),Maria WELLS (Con),Scott SIMPSON (LD),skipped,skipped,skipped,skipped,skipped,skipped,,10
1527,Fiona E HIGGINS Glasgow (Lab),Robert JH MOONEY Glasgow (Lab),Maria WELLS (Con),Scott SIMPSON (LD),skipped,skipped,skipped,skipped,skipped,skipped,,10
1528,Fiona E HIGGINS Glasgow (Lab),Robert JH MOONEY Glasgow (Lab),Maria WELLS (Con),Scott SIMPSON (LD),skipped,skipped,skipped,skipped,skipped,skipped,,10
1529,Fiona E HIGGINS Glasgow (Lab),Robert JH MOONEY Glasgow (Lab),Maria WELLS (Con),Scott SIMPSON (LD),skipped,skipped,skipped,skipped,skipped,skipped,,10
1530,Fiona E HIGGINS Glasgow (Lab),Robert JH MOONEY Glasgow (Lab),Maria WELLS (Con),Scott SIMPSON (LD),skipped,skipped,skipped,skipped,skipped,skipped,,10
1531,Fiona E HIGGINS Glasgow (Lab),Robert JH MOONEY Glasgow (Lab),Maria WELLS (Con),Scott SIMPSON (LD),skipped,skipped,skipped,skipped,skipped,skipped,,10
1532,Fiona E HIGGINS Glasgow (Lab),Robert JH MOONEY Glasgow (Lab),Maria WELLS (Con),Scott SIMPSON (LD),skipped,skipped,skipped,skipped,skipped,skipped,,10
1533,Fiona E HIGGINS Glasgow (Lab),Robert JH MOONEY Glasgow (Lab),Maria WELLS (Con),Scott SIMPSON (LD),skipped,skipped,skipped,skipped,skipped,skipped,,10
1534,Fiona E HIGGINS Glasgow (Lab),Robert JH MOONEY Glasgow (Lab),Maria WELLS (Con),Scott SIMPSON (LD),skipped,skipped,skipped,skipped,skipped,skipped,,10
1535,Fiona E HIGGINS Glasgow (Lab),Robert JH MOONEY Glasgow (Lab),Maria WELLS (Con),Scott SIMPSON (LD),skipped,skipped,skipped,skipped,skipped,skipped,,10
1536,Fiona E HIGGINS Glasgow (Lab),Robert JH MOONEY Glasgow (Lab),Maria WELLS (Con),Scott SIMPSON (LD),skipped,skipped,skipped,skipped,skipped,skipped,,10
1537,Fiona E HIGGINS Glasgow (Lab),Robert JH MOONEY Glasgow (Lab),Maria WELLS (Con),Scott SIMPSON (LD),skipped,skipped,skipped,skipped,skipped,skipped,,10
1538,Fiona E HIGGINS Glasgow (Lab),Robert JH MOONEY Glasgow (Lab),Maria WELLS (Con),Scott SIMPSON (LD),Seonad Mairi HOY (Grn),skipped,skipped,skipped,skipped,skipped,,10
1539,Fiona E HIGGINS Glasgow (Lab),Robert JH MOONEY Glasgow (Lab),Maria WELLS (Con),Scott SIMPSON (LD),Seonad Mairi HOY (Grn),Allan GOW (SNP),Sandra WATSON (SNP),skipped,skipped,skipped,,10
1540,Fiona E HIGGINS Glasgow (Lab),Robert JH MOONEY Glasgow (Lab),Maria WELLS (Con),Scott SIMPSON (LD),Martin Lawson OLU-OSAGIE (Alba),Seonad Mairi HOY (Grn),skipped,skipped,skipped,skipped,,10
1541,Fiona E HIGGINS Glasgow (Lab),Robert JH MOONEY Glasgow (Lab),Maria WELLS (Con),Scott SIMPSON (LD),Martin Lawson OLU-OSAGIE (Alba),Brian LAND (Ind),skipped,skipped,skipped,skipped,,10
1542,Fiona E HIGGINS Glasgow (Lab),Robert JH MOONEY Glasgow (Lab),Maria WELLS (Con),Scott SIMPSON (LD),Brian LAND (Ind),Seonad Mairi HOY (Grn),Martin Lawson OLU-OSAGIE (Alba),skipped,skipped,skipped,,10
1543,Fiona E HIGGINS Glasgow (Lab),Robert JH MOONEY Glasgow (Lab),Maria WELLS (Con),Brian LAND (Ind),skipped,skipped,skipped,skipped,skipped,skipped,,10
1544,Fiona E HIGGINS Glasgow (Lab),Robert JH MOONEY Glasgow (Lab),Maria WELLS (Con),Brian LAND (Ind),skipped,skipped,skipped,skipped,skipped,skipped,,10
1545,Fiona E HIGGINS Glasgow (Lab),Robert JH MOONEY Glasgow (Lab),Maria WELLS (Con),Brian LAND (Ind),skipped,skipped,skipped,skipped,skipped,skipped,,10
1546,Fiona E HIGGINS Glasgow (Lab),Robert JH MOONEY Glasgow (Lab),Maria WELLS (Con),Brian LAND (Ind),skipped,skipped,skipped,skipped,skipped,skipped,,10
1547,Fiona E HIGGINS Glasgow (Lab),Robert JH MOONEY Glasgow (Lab),Maria WELLS (Con),Brian LAND (Ind),skipped,skipped,skipped,skipped,skipped,skipped,,10
1548,Fiona E HIGGINS Glasgow (Lab),Robert JH MOONEY Glasgow (Lab),Maria WELLS (Con),Brian LAND (Ind),skipped,skipped,skipped,skipped,skipped,skipped,,10
1549,Fiona E HIGGINS Glasgow (Lab),Robert JH MOONEY Glasgow (Lab),Maria WELLS (Con),Brian LAND (Ind),skipped,skipped,skipped,skipped,skipped,skipped,,10
1550,Fiona E HIGGINS Glasgow (Lab),Robert JH MOONEY Glasgow (Lab),Maria WELLS (Con),Brian LAND (Ind),skipped,skipped,skipped,skipped,skipped,skipped,,10
1551,Fiona E HIGGINS Glasgow (Lab),Robert JH MOONEY Glasgow (Lab),Maria WELLS (Con),Brian LAND (Ind),Martin Lawson OLU-OSAGIE (Alba),Scott SIMPSON (LD),skipped,skipped,skipped,skipped,,10
1552,Fiona E HIGGINS Glasgow (Lab),Robert JH MOONEY Glasgow (Lab),Maria WELLS (Con),Brian LAND (Ind),Scott SIMPSON (LD),skipped,skipped,skipped,skipped,skipped,,10
1553,Fiona E HIGGINS Glasgow (Lab),Robert JH MOONEY Glasgow (Lab),Maria WELLS (Con),Brian LAND (Ind),Scott SIMPSON (LD),skipped,skipped,skipped,skipped,skipped,,10
1554,Fiona E HIGGINS Glasgow (Lab),Robert JH MOONEY Glasgow (Lab),Maria WELLS (Con),Brian LAND (Ind),Scott SIMPSON (LD),Seonad Mairi HOY (Grn),Martin Lawson OLU-OSAGIE (Alba),skipped,skipped,skipped,,10
1555,Fiona E HIGGINS Glasgow (Lab),Robert JH MOONEY Glasgow (Lab),Maria WELLS (Con),Brian LAND (Ind),Scott SIMPSON (LD),Martin Lawson OLU-OSAGIE (Alba),Seonad Mairi HOY (Grn),skipped,skipped,skipped,,10
1556,Fiona E HIGGINS Glasgow (Lab),Robert JH MOONEY Glasgow (Lab),Maria WELLS (Con),Sandra WATSON (SNP),Scott SIMPSON (LD),skipped,skipped,skipped,skipped,skipped,,10
1557,Fiona E HIGGINS Glasgow (Lab),Robert JH MOONEY Glasgow (Lab),Maria WELLS (Con),Sandra WATSON (SNP),Scott SIMPSON (LD),Martin Lawson OLU-OSAGIE (Alba),Jacqueline MCLAREN (SNP),skipped,skipped,skipped,,10
1558,Fiona E HIGGINS Glasgow (Lab),Robert JH MOONEY Glasgow (Lab),Allan GOW (SNP),skipped,skipped,skipped,skipped,skipped,skipped,skipped,,10
1559,Fiona E HIGGINS Glasgow (Lab),Robert JH MOONEY Glasgow (Lab),Allan GOW (SNP),skipped,skipped,skipped,skipped,skipped,skipped,skipped,,10
1560,Fiona E HIGGINS Glasgow (Lab),Robert JH MOONEY Glasgow (Lab),Allan GOW (SNP),skipped,skipped,skipped,skipped,skipped,skipped,skipped,,10
1561,Fiona E HIGGINS Glasgow (Lab),Robert JH MOONEY Glasgow (Lab),Allan GOW (SNP),skipped,skipped,skipped,skipped,skipped,skipped,skipped,,10
1562,Fiona E HIGGINS Glasgow (Lab),Robert JH MOONEY Glasgow (Lab),Allan GOW (SNP),skipped,skipped,skipped,skipped,skipped,skipped,skipped,,10
1563,Fiona E HIGGINS Glasgow (Lab),Robert JH MOONEY Glasgow (Lab),Allan GOW (SNP),skipped,skipped,skipped,skipped,skipped,skipped,skipped,,10
1564,Fiona E HIGGINS Glasgow (Lab),Robert JH MOONEY Glasgow (Lab),Allan GOW (SNP),skipped,skipped,skipped,skipped,skipped,skipped,skipped,,10
1565,Fiona E HIGGINS Glasgow (Lab),Robert JH MOONEY Glasgow (Lab),Allan GOW (SNP),skipped,skipped,skipped,skipped,skipped,skipped,skipped,,10
1566,Fiona E HIGGINS Glasgow (Lab),Robert JH MOONEY Glasgow (Lab),Allan GOW (SNP),skipped,skipped,skipped,skipped,skipped,skipped,skipped,,10
1567,Fiona E HIGGINS Glasgow (Lab),Robert JH MOONEY Glasgow (Lab),Allan GOW (SNP),skipped,skipped,skipped,skipped,skipped,skipped,skipped,,10
1568,Fiona E HIGGINS Glasgow (Lab),Robert JH MOONEY Glasgow (Lab),Allan GOW (SNP),skipped,skipped,skipped,skipped,skipped,skipped,skipped,,10
1569,Fiona E HIGGINS Glasgow (Lab),Robert JH MOONEY Glasgow (Lab),Allan GOW (SNP),skipped,skipped,skipped,skipped,skipped,skipped,skipped,,10
1570,Fiona E HIGGINS Glasgow (Lab),Robert JH MOONEY Glasgow (Lab),Allan GOW (SNP),skipped,skipped,skipped,skipped,skipped,skipped,skipped,,10
1571,Fiona E HIGGINS Glasgow (Lab),Robert JH MOONEY Glasgow (Lab),Allan GOW (SNP),skipped,skipped,skipped,skipped,skipped,skipped,skipped,,10
1572,Fiona E HIGGINS Glasgow (Lab),Robert JH MOONEY Glasgow (Lab),Allan GOW (SNP),skipped,skipped,skipped,skipped,skipped,skipped,skipped,,10
1573,Fiona E HIGGINS Glasgow (Lab),Robert JH MOONEY Glasgow (Lab),Allan GOW (SNP),skipped,skipped,skipped,skipped,skipped,skipped,skipped,,10
1574,Fiona E HIGGINS Glasgow (Lab),Robert JH MOONEY Glasgow (Lab),Allan GOW (SNP),skipped,skipped,skipped,skipped,skipped,skipped,skipped,,10
1575,Fiona E HIGGINS Glasgow (Lab),Robert JH MOONEY Glasgow (Lab),Allan GOW (SNP),skipped,skipped,skipped,skipped,skipped,skipped,skipped,,10
1576,Fiona E HIGGINS Glasgow (Lab),Robert JH MOONEY Glasgow (Lab),Allan GOW (SNP),skipped,skipped,skipped,skipped,skipped,skipped,skipped,,10
1577,Fiona E HIGGINS Glasgow (Lab),Robert JH MOONEY Glasgow (Lab),Allan GOW (SNP),skipped,skipped,skipped,skipped,skipped,skipped,skipped,,10
1578,Fiona E HIGGINS Glasgow (Lab),Robert JH MOONEY Glasgow (Lab),Allan GOW (SNP),Seonad Mairi HOY (Grn),Martin Lawson OLU-OSAGIE (Alba),Brian LAND (Ind),Jacqueline MCLAREN (SNP),skipped,skipped,skipped,,10
1579,Fiona E HIGGINS Glasgow (Lab),Robert JH MOONEY Glasgow (Lab),Allan GOW (SNP),Seonad Mairi HOY (Grn),Jacqueline MCLAREN (SNP),Martin Lawson OLU-OSAGIE (Alba),Scott SIMPSON (LD),skipped,skipped,skipped,,10
1580,Fiona E HIGGINS Glasgow (Lab),Robert JH MOONEY Glasgow (Lab),Allan GOW (SNP),Seonad Mairi HOY (Grn),Jacqueline MCLAREN (SNP),Martin Lawson OLU-OSAGIE (Alba),Sandra WATSON (SNP),skipped,skipped,skipped,,10
1581,Fiona E HIGGINS Glasgow (Lab),Robert JH MOONEY Glasgow (Lab),Allan GOW (SNP),Seonad Mairi HOY (Grn),Jacqueline MCLAREN (SNP),Sandra WATSON (SNP),Scott SIMPSON (LD),skipped,skipped,skipped,,10
1582,Fiona E HIGGINS Glasgow (Lab),Robert JH MOONEY Glasgow (Lab),Allan GOW (SNP),Scott SIMPSON (LD),skipped,skipped,skipped,skipped,skipped,skipped,,10
1583,Fiona E HIGGINS Glasgow (Lab),Robert JH MOONEY Glasgow (Lab),Allan GOW (SNP),Scott SIMPSON (LD),Seonad Mairi HOY (Grn),Brian LAND (Ind),Jacqueline MCLAREN (SNP),skipped,skipped,skipped,,10
1584,Fiona E HIGGINS Glasgow (Lab),Robert JH MOONEY Glasgow (Lab),Allan GOW (SNP),Scott SIMPSON (LD),Sandra WATSON (SNP),Jacqueline MCLAREN (SNP),skipped,skipped,skipped,skipped,,10
1585,Fiona E HIGGINS Glasgow (Lab),Robert JH MOONEY Glasgow (Lab),Allan GOW (SNP),Jacqueline MCLAREN (SNP),skipped,skipped,skipped,skipped,skipped,skipped,,10
1586,Fiona E HIGGINS Glasgow (Lab),Robert JH MOONEY Glasgow (Lab),Allan GOW (SNP),Jacqueline MCLAREN (SNP),skipped,skipped,skipped,skipped,skipped,skipped,,10
1587,Fiona E HIGGINS Glasgow (Lab),Robert JH MOONEY Glasgow (Lab),Allan GOW (SNP),Jacqueline MCLAREN (SNP),skipped,skipped,skipped,skipped,skipped,skipped,,10
1588,Fiona E HIGGINS Glasgow (Lab),Robert JH MOONEY Glasgow (Lab),Allan GOW (SNP),Jacqueline MCLAREN (SNP),skipped,skipped,skipped,skipped,skipped,skipped,,10
1589,Fiona E HIGGINS Glasgow (Lab),Robert JH MOONEY Glasgow (Lab),Allan GOW (SNP),Jacqueline MCLAREN (SNP),skipped,skipped,skipped,skipped,skipped,skipped,,10
1590,Fiona E HIGGINS Glasgow (Lab),Robert JH MOONEY Glasgow (Lab),Allan GOW (SNP),Jacqueline MCLAREN (SNP),skipped,skipped,skipped,skipped,skipped,skipped,,10
1591,Fiona E HIGGINS Glasgow (Lab),Robert JH MOONEY Glasgow (Lab),Allan GOW (SNP),Jacqueline MCLAREN (SNP),skipped,skipped,skipped,skipped,skipped,skipped,,10
1592,Fiona E HIGGINS Glasgow (Lab),Robert JH MOONEY Glasgow (Lab),Allan GOW (SNP),Jacqueline MCLAREN (SNP),Seonad Mairi HOY (Grn),Brian LAND (Ind),skipped,skipped,skipped,skipped,,10
1593,Fiona E HIGGINS Glasgow (Lab),Robert JH MOONEY Glasgow (Lab),Allan GOW (SNP),Jacqueline MCLAREN (SNP),Seonad Mairi HOY (Grn),Sandra WATSON (SNP),Scott SIMPSON (LD),skipped,skipped,skipped,,10
1594,Fiona E HIGGINS Glasgow (Lab),Robert JH MOONEY Glasgow (Lab),Allan GOW (SNP),Jacqueline MCLAREN (SNP),Martin Lawson OLU-OSAGIE (Alba),Sandra WATSON (SNP),Scott SIMPSON (LD),skipped,skipped,skipped,,10
1595,Fiona E HIGGINS Glasgow (Lab),Robert JH MOONEY Glasgow (Lab),Allan GOW (SNP),Jacqueline MCLAREN (SNP),Sandra WATSON (SNP),skipped,skipped,skipped,skipped,skipped,,10
1596,Fiona E HIGGINS Glasgow (Lab),Robert JH MOONEY Glasgow (Lab),Allan GOW (SNP),Jacqueline MCLAREN (SNP),Sandra WATSON (SNP),skipped,skipped,skipped,skipped,skipped,,10
1597,Fiona E HIGGINS Glasgow (Lab),Robert JH MOONEY Glasgow (Lab),Allan GOW (SNP),Jacqueline MCLAREN (SNP),Sandra WATSON (SNP),skipped,skipped,skipped,skipped,skipped,,10
1598,Fiona E HIGGINS Glasgow (Lab),Robert JH MOONEY Glasgow (Lab),Allan GOW (SNP),Jacqueline MCLAREN (SNP),Sandra WATSON (SNP),skipped,skipped,skipped,skipped,skipped,,10
1599,Fiona E HIGGINS Glasgow (Lab),Robert JH MOONEY Glasgow (Lab),Allan GOW (SNP),Jacqueline MCLAREN (SNP),Sandra WATSON (SNP),skipped,skipped,skipped,skipped,skipped,,10
1600,Fiona E HIGGINS Glasgow (Lab),Robert JH MOONEY Glasgow (Lab),Allan GOW (SNP),Jacqueline MCLAREN (SNP),Sandra WATSON (SNP),Seonad Mairi HOY (Grn),skipped,skipped,skipped,skipped,,10
1601,Fiona E HIGGINS Glasgow (Lab),Robert JH MOONEY Glasgow (Lab),Allan GOW (SNP),Jacqueline MCLAREN (SNP),Sandra WATSON (SNP),Martin Lawson OLU-OSAGIE (Alba),skipped,skipped,skipped,skipped,,10
1602,Fiona E HIGGINS Glasgow (Lab),Robert JH MOONEY Glasgow (Lab),Allan GOW (SNP),Jacqueline MCLAREN (SNP),Sandra WATSON (SNP),Scott SIMPSON (LD),Seonad Mairi HOY (Grn),skipped,skipped,skipped,,10
1603,Fiona E HIGGINS Glasgow (Lab),Robert JH MOONEY Glasgow (Lab),Allan GOW (SNP),Jacqueline MCLAREN (SNP),Sandra WATSON (SNP),Scott SIMPSON (LD),Martin Lawson OLU-OSAGIE (Alba),skipped,skipped,skipped,,10
1604,Fiona E HIGGINS Glasgow (Lab),Robert JH MOONEY Glasgow (Lab),Allan GOW (SNP),Jacqueline MCLAREN (SNP),Sandra WATSON (SNP),Scott SIMPSON (LD),Brian LAND (Ind),skipped,skipped,skipped,,10
1605,Fiona E HIGGINS Glasgow (Lab),Robert JH MOONEY Glasgow (Lab),Allan GOW (SNP),Jacqueline MCLAREN (SNP),Sandra WATSON (SNP),Scott SIMPSON (LD),Brian LAND (Ind),skipped,skipped,skipped,,10
1606,Fiona E HIGGINS Glasgow (Lab),Robert JH MOONEY Glasgow (Lab),Allan GOW (SNP),Jacqueline MCLAREN (SNP),Sandra WATSON (SNP),Brian LAND (Ind),skipped,skipped,skipped,skipped,,10
1607,Fiona E HIGGINS Glasgow (Lab),Robert JH MOONEY Glasgow (Lab),Allan GOW (SNP),Jacqueline MCLAREN (SNP),Sandra WATSON (SNP),Maria WELLS (Con),Scott SIMPSON (LD),skipped,skipped,skipped,,10
1608,Fiona E HIGGINS Glasgow (Lab),Robert JH MOONEY Glasgow (Lab),Allan GOW (SNP),Sandra WATSON (SNP),skipped,skipped,skipped,skipped,skipped,skipped,,10
1609,Fiona E HIGGINS Glasgow (Lab),Robert JH MOONEY Glasgow (Lab),Allan GOW (SNP),Sandra WATSON (SNP),skipped,skipped,skipped,skipped,skipped,skipped,,10
1610,Fiona E HIGGINS Glasgow (Lab),Robert JH MOONEY Glasgow (Lab),Allan GOW (SNP),Sandra WATSON (SNP),skipped,skipped,skipped,skipped,skipped,skipped,,10
1611,Fiona E HIGGINS Glasgow (Lab),Robert JH MOONEY Glasgow (Lab),Allan GOW (SNP),Sandra WATSON (SNP),skipped,skipped,skipped,skipped,skipped,skipped,,10
1612,Fiona E HIGGINS Glasgow (Lab),Robert JH MOONEY Glasgow (Lab),Allan GOW (SNP),Sandra WATSON (SNP),Seonad Mairi HOY (Grn),Jacqueline MCLAREN (SNP),Scott SIMPSON (LD),skipped,skipped,skipped,,10
1613,Fiona E HIGGINS Glasgow (Lab),Robert JH MOONEY Glasgow (Lab),Allan GOW (SNP),Sandra WATSON (SNP),Jacqueline MCLAREN (SNP),Seonad Mairi HOY (Grn),skipped,skipped,skipped,skipped,,10
1614,Fiona E HIGGINS Glasgow (Lab),Robert JH MOONEY Glasgow (Lab),Jacqueline MCLAREN (SNP),skipped,skipped,skipped,skipped,skipped,skipped,skipped,,10
1615,Fiona E HIGGINS Glasgow (Lab),Robert JH MOONEY Glasgow (Lab),Jacqueline MCLAREN (SNP),skipped,skipped,skipped,skipped,skipped,skipped,skipped,,10
1616,Fiona E HIGGINS Glasgow (Lab),Robert JH MOONEY Glasgow (Lab),Jacqueline MCLAREN (SNP),skipped,skipped,skipped,skipped,skipped,skipped,skipped,,10
1617,Fiona E HIGGINS Glasgow (Lab),Robert JH MOONEY Glasgow (Lab),Jacqueline MCLAREN (SNP),skipped,skipped,skipped,skipped,skipped,skipped,skipped,,10
1618,Fiona E HIGGINS Glasgow (Lab),Robert JH MOONEY Glasgow (Lab),Jacqueline MCLAREN (SNP),skipped,skipped,skipped,skipped,skipped,skipped,skipped,,10
1619,Fiona E HIGGINS Glasgow (Lab),Robert JH MOONEY Glasgow (Lab),Jacqueline MCLAREN (SNP),skipped,skipped,skipped,skipped,skipped,skipped,skipped,,10
1620,Fiona E HIGGINS Glasgow (Lab),Robert JH MOONEY Glasgow (Lab),Jacqueline MCLAREN (SNP),skipped,skipped,skipped,skipped,skipped,skipped,skipped,,10
1621,Fiona E HIGGINS Glasgow (Lab),Robert JH MOONEY Glasgow (Lab),Jacqueline MCLAREN (SNP),skipped,skipped,skipped,skipped,skipped,skipped,skipped,,10
1622,Fiona E HIGGINS Glasgow (Lab),Robert JH MOONEY Glasgow (Lab),Jacqueline MCLAREN (SNP),skipped,skipped,skipped,skipped,skipped,skipped,skipped,,10
1623,Fiona E HIGGINS Glasgow (Lab),Robert JH MOONEY Glasgow (Lab),Jacqueline MCLAREN (SNP),skipped,skipped,skipped,skipped,skipped,skipped,skipped,,10
1624,Fiona E HIGGINS Glasgow (Lab),Robert JH MOONEY Glasgow (Lab),Jacqueline MCLAREN (SNP),skipped,skipped,skipped,skipped,skipped,skipped,skipped,,10
1625,Fiona E HIGGINS Glasgow (Lab),Robert JH MOONEY Glasgow (Lab),Jacqueline MCLAREN (SNP),skipped,skipped,skipped,skipped,skipped,skipped,skipped,,10
1626,Fiona E HIGGINS Glasgow (Lab),Robert JH MOONEY Glasgow (Lab),Jacqueline MCLAREN (SNP),skipped,skipped,skipped,skipped,skipped,skipped,skipped,,10
1627,Fiona E HIGGINS Glasgow (Lab),Robert JH MOONEY Glasgow (Lab),Jacqueline MCLAREN (SNP),skipped,skipped,skipped,skipped,skipped,skipped,skipped,,10
1628,Fiona E HIGGINS Glasgow (Lab),Robert JH MOONEY Glasgow (Lab),Jacqueline MCLAREN (SNP),skipped,skipped,skipped,skipped,skipped,skipped,skipped,,10
1629,Fiona E HIGGINS Glasgow (Lab),Robert JH MOONEY Glasgow (Lab),Jacqueline MCLAREN (SNP),skipped,skipped,skipped,skipped,skipped,skipped,skipped,,10
1630,Fiona E HIGGINS Glasgow (Lab),Robert JH MOONEY Glasgow (Lab),Jacqueline MCLAREN (SNP),skipped,skipped,skipped,skipped,skipped,skipped,skipped,,10
1631,Fiona E HIGGINS Glasgow (Lab),Robert JH MOONEY Glasgow (Lab),Jacqueline MCLAREN (SNP),skipped,skipped,skipped,skipped,skipped,skipped,skipped,,10
1632,Fiona E HIGGINS Glasgow (Lab),Robert JH MOONEY Glasgow (Lab),Jacqueline MCLAREN (SNP),Seonad Mairi HOY (Grn),skipped,skipped,skipped,skipped,skipped,skipped,,10
1633,Fiona E HIGGINS Glasgow (Lab),Robert JH MOONEY Glasgow (Lab),Jacqueline MCLAREN (SNP),Seonad Mairi HOY (Grn),Allan GOW (SNP),Sandra WATSON (SNP),Maria WELLS (Con),skipped,skipped,skipped,,10
1634,Fiona E HIGGINS Glasgow (Lab),Robert JH MOONEY Glasgow (Lab),Jacqueline MCLAREN (SNP),Scott SIMPSON (LD),skipped,skipped,skipped,skipped,skipped,skipped,,10
1635,Fiona E HIGGINS Glasgow (Lab),Robert JH MOONEY Glasgow (Lab),Jacqueline MCLAREN (SNP),Brian LAND (Ind),Allan GOW (SNP),skipped,skipped,skipped,skipped,skipped,,10
1636,Fiona E HIGGINS Glasgow (Lab),Robert JH MOONEY Glasgow (Lab),Jacqueline MCLAREN (SNP),Allan GOW (SNP),skipped,skipped,skipped,skipped,skipped,skipped,,10
1637,Fiona E HIGGINS Glasgow (Lab),Robert JH MOONEY Glasgow (Lab),Jacqueline MCLAREN (SNP),Allan GOW (SNP),skipped,skipped,skipped,skipped,skipped,skipped,,10
1638,Fiona E HIGGINS Glasgow (Lab),Robert JH MOONEY Glasgow (Lab),Jacqueline MCLAREN (SNP),Allan GOW (SNP),Seonad Mairi HOY (Grn),Brian LAND (Ind),Martin Lawson OLU-OSAGIE (Alba),skipped,skipped,skipped,,10
1639,Fiona E HIGGINS Glasgow (Lab),Robert JH MOONEY Glasgow (Lab),Jacqueline MCLAREN (SNP),Allan GOW (SNP),Sandra WATSON (SNP),Scott SIMPSON (LD),Seonad Mairi HOY (Grn),skipped,skipped,skipped,,10
1640,Fiona E HIGGINS Glasgow (Lab),Robert JH MOONEY Glasgow (Lab),Jacqueline MCLAREN (SNP),Sandra WATSON (SNP),skipped,skipped,skipped,skipped,skipped,skipped,,10
1641,Fiona E HIGGINS Glasgow (Lab),Robert JH MOONEY Glasgow (Lab),Jacqueline MCLAREN (SNP),Sandra WATSON (SNP),skipped,skipped,skipped,skipped,skipped,skipped,,10
1642,Fiona E HIGGINS Glasgow (Lab),Robert JH MOONEY Glasgow (Lab),Jacqueline MCLAREN (SNP),Sandra WATSON (SNP),skipped,skipped,skipped,skipped,skipped,skipped,,10
1643,Fiona E HIGGINS Glasgow (Lab),Robert JH MOONEY Glasgow (Lab),Jacqueline MCLAREN (SNP),Sandra WATSON (SNP),skipped,skipped,skipped,skipped,skipped,skipped,,10
1644,Fiona E HIGGINS Glasgow (Lab),Robert JH MOONEY Glasgow (Lab),Jacqueline MCLAREN (SNP),Sandra WATSON (SNP),skipped,skipped,skipped,skipped,skipped,skipped,,10
1645,Fiona E HIGGINS Glasgow (Lab),Robert JH MOONEY Glasgow (Lab),Jacqueline MCLAREN (SNP),Sandra WATSON (SNP),skipped,skipped,skipped,skipped,skipped,skipped,,10
1646,Fiona E HIGGINS Glasgow (Lab),Robert JH MOONEY Glasgow (Lab),Jacqueline MCLAREN (SNP),Sandra WATSON (SNP),Allan GOW (SNP),skipped,skipped,skipped,skipped,skipped,,10
1647,Fiona E HIGGINS Glasgow (Lab),Robert JH MOONEY Glasgow (Lab),Sandra WATSON (SNP),skipped,skipped,skipped,skipped,skipped,skipped,skipped,,10
1648,Fiona E HIGGINS Glasgow (Lab),Robert JH MOONEY Glasgow (Lab),Sandra WATSON (SNP),skipped,skipped,skipped,skipped,skipped,skipped,skipped,,10
1649,Fiona E HIGGINS Glasgow (Lab),Robert JH MOONEY Glasgow (Lab),Sandra WATSON (SNP),skipped,skipped,skipped,skipped,skipped,skipped,skipped,,10
1650,Fiona E HIGGINS Glasgow (Lab),Robert JH MOONEY Glasgow (Lab),Sandra WATSON (SNP),skipped,skipped,skipped,skipped,skipped,skipped,skipped,,10
1651,Fiona E HIGGINS Glasgow (Lab),Robert JH MOONEY Glasgow (Lab),Sandra WATSON (SNP),skipped,skipped,skipped,skipped,skipped,skipped,skipped,,10
1652,Fiona E HIGGINS Glasgow (Lab),Robert JH MOONEY Glasgow (Lab),Sandra WATSON (SNP),skipped,skipped,skipped,skipped,skipped,skipped,skipped,,10
1653,Fiona E HIGGINS Glasgow (Lab),Robert JH MOONEY Glasgow (Lab),Sandra WATSON (SNP),skipped,skipped,skipped,skipped,skipped,skipped,skipped,,10
1654,Fiona E HIGGINS Glasgow (Lab),Robert JH MOONEY Glasgow (Lab),Sandra WATSON (SNP),skipped,skipped,skipped,skipped,skipped,skipped,skipped,,10
1655,Fiona E HIGGINS Glasgow (Lab),Robert JH MOONEY Glasgow (Lab),Sandra WATSON (SNP),skipped,skipped,skipped,skipped,skipped,skipped,skipped,,10
1656,Fiona E HIGGINS Glasgow (Lab),Robert JH MOONEY Glasgow (Lab),Sandra WATSON (SNP),skipped,skipped,skipped,skipped,skipped,skipped,skipped,,10
1657,Fiona E HIGGINS Glasgow (Lab),Robert JH MOONEY Glasgow (Lab),Sandra WATSON (SNP),skipped,skipped,skipped,skipped,skipped,skipped,skipped,,10
1658,Fiona E HIGGINS Glasgow (Lab),Robert JH MOONEY Glasgow (Lab),Sandra WATSON (SNP),skipped,skipped,skipped,skipped,skipped,skipped,skipped,,10
1659,Fiona E HIGGINS Glasgow (Lab),Robert JH MOONEY Glasgow (Lab),Sandra WATSON (SNP),skipped,skipped,skipped,skipped,skipped,skipped,skipped,,10
1660,Fiona E HIGGINS Glasgow (Lab),Robert JH MOONEY Glasgow (Lab),Sandra WATSON (SNP),skipped,skipped,skipped,skipped,skipped,skipped,skipped,,10
1661,Fiona E HIGGINS Glasgow (Lab),Robert JH MOONEY Glasgow (Lab),Sandra WATSON (SNP),skipped,skipped,skipped,skipped,skipped,skipped,skipped,,10
1662,Fiona E HIGGINS Glasgow (Lab),Robert JH MOONEY Glasgow (Lab),Sandra WATSON (SNP),skipped,skipped,skipped,skipped,skipped,skipped,skipped,,10
1663,Fiona E HIGGINS Glasgow (Lab),Robert JH MOONEY Glasgow (Lab),Sandra WATSON (SNP),skipped,skipped,skipped,skipped,skipped,skipped,skipped,,10
1664,Fiona E HIGGINS Glasgow (Lab),Robert JH MOONEY Glasgow (Lab),Sandra WATSON (SNP),Martin Lawson OLU-OSAGIE (Alba),skipped,skipped,skipped,skipped,skipped,skipped,,10
1665,Fiona E HIGGINS Glasgow (Lab),Robert JH MOONEY Glasgow (Lab),Sandra WATSON (SNP),Scott SIMPSON (LD),skipped,skipped,skipped,skipped,skipped,skipped,,10
1666,Fiona E HIGGINS Glasgow (Lab),Robert JH MOONEY Glasgow (Lab),Sandra WATSON (SNP),Scott SIMPSON (LD),skipped,skipped,skipped,skipped,skipped,skipped,,10
1667,Fiona E HIGGINS Glasgow (Lab),Robert JH MOONEY Glasgow (Lab),Sandra WATSON (SNP),Scott SIMPSON (LD),Jacqueline MCLAREN (SNP),skipped,skipped,skipped,skipped,skipped,,10
1668,Fiona E HIGGINS Glasgow (Lab),Robert JH MOONEY Glasgow (Lab),Sandra WATSON (SNP),Allan GOW (SNP),skipped,skipped,skipped,skipped,skipped,skipped,,10
1669,Fiona E HIGGINS Glasgow (Lab),Robert JH MOONEY Glasgow (Lab),Sandra WATSON (SNP),Allan GOW (SNP),skipped,skipped,skipped,skipped,skipped,skipped,,10
1670,Fiona E HIGGINS Glasgow (Lab),Robert JH MOONEY Glasgow (Lab),Sandra WATSON (SNP),Allan GOW (SNP),skipped,skipped,skipped,skipped,skipped,skipped,,10
1671,Fiona E HIGGINS Glasgow (Lab),Robert JH MOONEY Glasgow (Lab),Sandra WATSON (SNP),Allan GOW (SNP),Seonad Mairi HOY (Grn),Jacqueline MCLAREN (SNP),Scott SIMPSON (LD),skipped,skipped,skipped,,10
1672,Fiona E HIGGINS Glasgow (Lab),Robert JH MOONEY Glasgow (Lab),Sandra WATSON (SNP),Allan GOW (SNP),Seonad Mairi HOY (Grn),Jacqueline MCLAREN (SNP),Brian LAND (Ind),skipped,skipped,skipped,,10
1673,Fiona E HIGGINS Glasgow (Lab),Robert JH MOONEY Glasgow (Lab),Sandra WATSON (SNP),Allan GOW (SNP),Martin Lawson OLU-OSAGIE (Alba),Brian LAND (Ind),Seonad Mairi HOY (Grn),skipped,skipped,skipped,,10
1674,Fiona E HIGGINS Glasgow (Lab),Robert JH MOONEY Glasgow (Lab),Sandra WATSON (SNP),Allan GOW (SNP),Jacqueline MCLAREN (SNP),Maria WELLS (Con),Scott SIMPSON (LD),skipped,skipped,skipped,,10
1675,Fiona E HIGGINS Glasgow (Lab),Robert JH MOONEY Glasgow (Lab),Sandra WATSON (SNP),Jacqueline MCLAREN (SNP),skipped,skipped,skipped,skipped,skipped,skipped,,10
1676,Fiona E HIGGINS Glasgow (Lab),Robert JH MOONEY Glasgow (Lab),Sandra WATSON (SNP),Jacqueline MCLAREN (SNP),skipped,skipped,skipped,skipped,skipped,skipped,,10
1677,Fiona E HIGGINS Glasgow (Lab),Robert JH MOONEY Glasgow (Lab),Sandra WATSON (SNP),Jacqueline MCLAREN (SNP),skipped,skipped,skipped,skipped,skipped,skipped,,10
1678,Fiona E HIGGINS Glasgow (Lab),Robert JH MOONEY Glasgow (Lab),Sandra WATSON (SNP),Jacqueline MCLAREN (SNP),Allan GOW (SNP),skipped,skipped,skipped,skipped,skipped,,10
1679,Fiona E HIGGINS Glasgow (Lab),Robert JH MOONEY Glasgow (Lab),Sandra WATSON (SNP),Jacqueline MCLAREN (SNP),Allan GOW (SNP),skipped,skipped,skipped,skipped,skipped,,10
1680,Fiona E HIGGINS Glasgow (Lab),Sandra WATSON (SNP),Seonad Mairi HOY (Grn),skipped,skipped,skipped,skipped,skipped,skipped,skipped,,10
1681,Fiona E HIGGINS Glasgow (Lab),Sandra WATSON (SNP),Jacqueline MCLAREN (SNP),skipped,skipped,skipped,skipped,skipped,skipped,skipped,,10
1682,Fiona E HIGGINS Glasgow (Lab),Sandra WATSON (SNP),Jacqueline MCLAREN (SNP),Brian LAND (Ind),Robert JH MOONEY Glasgow (Lab),Allan GOW (SNP),Martin Lawson OLU-OSAGIE (Alba),skipped,skipped,skipped,,10
1683,Fiona E HIGGINS Glasgow (Lab),Sandra WATSON (SNP),Robert JH MOONEY Glasgow (Lab),skipped,skipped,skipped,skipped,skipped,skipped,skipped,,10
1684,Fiona E HIGGINS Glasgow (Lab),Sandra WATSON (SNP),Robert JH MOONEY Glasgow (Lab),Jacqueline MCLAREN (SNP),Allan GOW (SNP),Scott SIMPSON (LD),skipped,skipped,skipped,skipped,,10
1685,Martin Lawson OLU-OSAGIE (Alba),skipped,skipped,skipped,skipped,skipped,skipped,skipped,skipped,skipped,,10
1686,Martin Lawson OLU-OSAGIE (Alba),skipped,skipped,skipped,skipped,skipped,skipped,skipped,skipped,skipped,,10
1687,Martin Lawson OLU-OSAGIE (Alba),skipped,skipped,skipped,skipped,skipped,skipped,skipped,skipped,skipped,,10
1688,Martin Lawson OLU-OSAGIE (Alba),skipped,skipped,skipped,skipped,skipped,skipped,skipped,skipped,skipped,,10
1689,Martin Lawson OLU-OSAGIE (Alba),skipped,skipped,skipped,skipped,skipped,skipped,skipped,skipped,skipped,,10
1690,Martin Lawson OLU-OSAGIE (Alba),skipped,skipped,skipped,skipped,skipped,skipped,skipped,skipped,skipped,,10
1691,Martin Lawson OLU-OSAGIE (Alba),skipped,skipped,skipped,skipped,skipped,skipped,skipped,skipped,skipped,,10
1692,Martin Lawson OLU-OSAGIE (Alba),skipped,skipped,skipped,skipped,skipped,skipped,skipped,skipped,skipped,,10
1693,Martin Lawson OLU-OSAGIE (Alba),skipped,skipped,skipped,skipped,skipped,skipped,skipped,skipped,skipped,,10
1694,Martin Lawson OLU-OSAGIE (Alba),skipped,skipped,skipped,skipped,skipped,skipped,skipped,skipped,skipped,,10
1695,Martin Lawson OLU-OSAGIE (Alba),skipped,skipped,skipped,skipped,skipped,skipped,skipped,skipped,skipped,,10
1696,Martin Lawson OLU-OSAGIE (Alba),skipped,skipped,skipped,skipped,skipped,skipped,skipped,skipped,skipped,,10
1697,Martin Lawson OLU-OSAGIE (Alba),skipped,skipped,skipped,skipped,skipped,skipped,skipped,skipped,skipped,,10
1698,Martin Lawson OLU-OSAGIE (Alba),skipped,skipped,skipped,skipped,skipped,skipped,skipped,skipped,skipped,,10
1699,Martin Lawson OLU-OSAGIE (Alba),skipped,skipped,skipped,skipped,skipped,skipped,skipped,skipped,skipped,,10
1700,Martin Lawson OLU-OSAGIE (Alba),skipped,skipped,skipped,skipped,skipped,skipped,skipped,skipped,skipped,,10
1701,Martin Lawson OLU-OSAGIE (Alba),skipped,skipped,skipped,skipped,skipped,skipped,skipped,skipped,skipped,,10
1702,Martin Lawson OLU-OSAGIE (Alba),skipped,skipped,skipped,skipped,skipped,skipped,skipped,skipped,skipped,,10
1703,Martin Lawson OLU-OSAGIE (Alba),skipped,skipped,skipped,skipped,skipped,skipped,skipped,skipped,skipped,,10
1704,Martin Lawson OLU-OSAGIE (Alba),skipped,skipped,skipped,skipped,skipped,skipped,skipped,skipped,skipped,,10
1705,Martin Lawson OLU-OSAGIE (Alba),Seonad Mairi HOY (Grn),skipped,skipped,skipped,skipped,skipped,skipped,skipped,skipped,,10
1706,Martin Lawson OLU-OSAGIE (Alba),Seonad Mairi HOY (Grn),skipped,skipped,skipped,skipped,skipped,skipped,skipped,skipped,,10
1707,Martin Lawson OLU-OSAGIE (Alba),Seonad Mairi HOY (Grn),skipped,skipped,skipped,skipped,skipped,skipped,skipped,skipped,,10
1708,Martin Lawson OLU-OSAGIE (Alba),Seonad Mairi HOY (Grn),Fiona E HIGGINS Glasgow (Lab),skipped,skipped,skipped,skipped,skipped,skipped,skipped,,10
1709,Martin Lawson OLU-OSAGIE (Alba),Seonad Mairi HOY (Grn),Fiona E HIGGINS Glasgow (Lab),Maria WELLS (Con),Sandra WATSON (SNP),skipped,skipped,skipped,skipped,skipped,,10
1710,Martin Lawson OLU-OSAGIE (Alba),Seonad Mairi HOY (Grn),Maria WELLS (Con),skipped,skipped,skipped,skipped,skipped,skipped,skipped,,10
1711,Martin Lawson OLU-OSAGIE (Alba),Seonad Mairi HOY (Grn),Allan GOW (SNP),Jacqueline MCLAREN (SNP),Sandra WATSON (SNP),skipped,skipped,skipped,skipped,skipped,,10
1712,Martin Lawson OLU-OSAGIE (Alba),Seonad Mairi HOY (Grn),Sandra WATSON (SNP),Jacqueline MCLAREN (SNP),Robert JH MOONEY Glasgow (Lab),Fiona E HIGGINS Glasgow (Lab),skipped,skipped,skipped,skipped,,10
1713,Martin Lawson OLU-OSAGIE (Alba),Fiona E HIGGINS Glasgow (Lab),skipped,skipped,skipped,skipped,skipped,skipped,skipped,skipped,,10
1714,Martin Lawson OLU-OSAGIE (Alba),Fiona E HIGGINS Glasgow (Lab),Allan GOW (SNP),Robert JH MOONEY Glasgow (Lab),Jacqueline MCLAREN (SNP),Seonad Mairi HOY (Grn),Scott SIMPSON (LD),skipped,skipped,skipped,,10
1715,Martin Lawson OLU-OSAGIE (Alba),Fiona E HIGGINS Glasgow (Lab),Robert JH MOONEY Glasgow (Lab),skipped,skipped,skipped,skipped,skipped,skipped,skipped,,10
1716,Martin Lawson OLU-OSAGIE (Alba),Fiona E HIGGINS Glasgow (Lab),Robert JH MOONEY Glasgow (Lab),skipped,skipped,skipped,skipped,skipped,skipped,skipped,,10
1717,Martin Lawson OLU-OSAGIE (Alba),Fiona E HIGGINS Glasgow (Lab),Robert JH MOONEY Glasgow (Lab),skipped,skipped,skipped,skipped,skipped,skipped,skipped,,10
1718,Martin Lawson OLU-OSAGIE (Alba),Fiona E HIGGINS Glasgow (Lab),Robert JH MOONEY Glasgow (Lab),skipped,skipped,skipped,skipped,skipped,skipped,skipped,,10
1719,Martin Lawson OLU-OSAGIE (Alba),Fiona E HIGGINS Glasgow (Lab),Robert JH MOONEY Glasgow (Lab),Brian LAND (Ind),Seonad Mairi HOY (Grn),Scott SIMPSON (LD),Allan GOW (SNP),skipped,skipped,skipped,,10
1720,Martin Lawson OLU-OSAGIE (Alba),Fiona E HIGGINS Glasgow (Lab),Robert JH MOONEY Glasgow (Lab),Jacqueline MCLAREN (SNP),Allan GOW (SNP),Sandra WATSON (SNP),skipped,skipped,skipped,skipped,,10
1721,Martin Lawson OLU-OSAGIE (Alba),Scott SIMPSON (LD),Maria WELLS (Con),skipped,skipped,skipped,skipped,skipped,skipped,skipped,,10
1722,Martin Lawson OLU-OSAGIE (Alba),Scott SIMPSON (LD),Robert JH MOONEY Glasgow (Lab),Seonad Mairi HOY (Grn),Fiona E HIGGINS Glasgow (Lab),skipped,skipped,skipped,skipped,skipped,,10
1723,Martin Lawson OLU-OSAGIE (Alba),Brian LAND (Ind),skipped,skipped,skipped,skipped,skipped,skipped,skipped,skipped,,10
1724,Martin Lawson OLU-OSAGIE (Alba),Brian LAND (Ind),skipped,skipped,skipped,skipped,skipped,skipped,skipped,skipped,,10
1725,Martin Lawson OLU-OSAGIE (Alba),Brian LAND (Ind),skipped,skipped,skipped,skipped,skipped,skipped,skipped,skipped,,10
1726,Martin Lawson OLU-OSAGIE (Alba),Brian LAND (Ind),skipped,skipped,skipped,skipped,skipped,skipped,skipped,skipped,,10
1727,Martin Lawson OLU-OSAGIE (Alba),Brian LAND (Ind),skipped,skipped,skipped,skipped,skipped,skipped,skipped,skipped,,10
1728,Martin Lawson OLU-OSAGIE (Alba),Brian LAND (Ind),skipped,skipped,skipped,skipped,skipped,skipped,skipped,skipped,,10
1729,Martin Lawson OLU-OSAGIE (Alba),Brian LAND (Ind),skipped,skipped,skipped,skipped,skipped,skipped,skipped,skipped,,10
1730,Martin Lawson OLU-OSAGIE (Alba),Brian LAND (Ind),Seonad Mairi HOY (Grn),Allan GOW (SNP),Jacqueline MCLAREN (SNP),Sandra WATSON (SNP),Fiona E HIGGINS Glasgow (Lab),skipped,skipped,skipped,,10
1731,Martin Lawson OLU-OSAGIE (Alba),Brian LAND (Ind),Fiona E HIGGINS Glasgow (Lab),Robert JH MOONEY Glasgow (Lab),Scott SIMPSON (LD),Sandra WATSON (SNP),Maria WELLS (Con),skipped,skipped,skipped,,10
1732,Martin Lawson OLU-OSAGIE (Alba),Brian LAND (Ind),Scott SIMPSON (LD),skipped,skipped,skipped,skipped,skipped,skipped,skipped,,10
1733,Martin Lawson OLU-OSAGIE (Alba),Brian LAND (Ind),Maria WELLS (Con),skipped,skipped,skipped,skipped,skipped,skipped,skipped,,10
1734,Martin Lawson OLU-OSAGIE (Alba),Brian LAND (Ind),Maria WELLS (Con),skipped,skipped,skipped,skipped,skipped,skipped,skipped,,10
1735,Martin Lawson OLU-OSAGIE (Alba),Brian LAND (Ind),Allan GOW (SNP),Seonad Mairi HOY (Grn),Sandra WATSON (SNP),Jacqueline MCLAREN (SNP),Scott SIMPSON (LD),skipped,skipped,skipped,,10
1736,Martin Lawson OLU-OSAGIE (Alba),Maria WELLS (Con),Fiona E HIGGINS Glasgow (Lab),skipped,skipped,skipped,skipped,skipped,skipped,skipped,,10
1737,Martin Lawson OLU-OSAGIE (Alba),Maria WELLS (Con),Scott SIMPSON (LD),Seonad Mairi HOY (Grn),Jacqueline MCLAREN (SNP),Sandra WATSON (SNP),Allan GOW (SNP),skipped,skipped,skipped,,10
1738,Martin Lawson OLU-OSAGIE (Alba),Maria WELLS (Con),Brian LAND (Ind),skipped,skipped,skipped,skipped,skipped,skipped,skipped,,10
1739,Martin Lawson OLU-OSAGIE (Alba),Maria WELLS (Con),Allan GOW (SNP),Jacqueline MCLAREN (SNP),skipped,skipped,skipped,skipped,skipped,skipped,,10
1740,Martin Lawson OLU-OSAGIE (Alba),Allan GOW (SNP),skipped,skipped,skipped,skipped,skipped,skipped,skipped,skipped,,10
1741,Martin Lawson OLU-OSAGIE (Alba),Allan GOW (SNP),Seonad Mairi HOY (Grn),Jacqueline MCLAREN (SNP),Sandra WATSON (SNP),skipped,skipped,skipped,skipped,skipped,,10
1742,Martin Lawson OLU-OSAGIE (Alba),Allan GOW (SNP),Fiona E HIGGINS Glasgow (Lab),skipped,skipped,skipped,skipped,skipped,skipped,skipped,,10
1743,Martin Lawson OLU-OSAGIE (Alba),Allan GOW (SNP),Jacqueline MCLAREN (SNP),skipped,skipped,skipped,skipped,skipped,skipped,skipped,,10
1744,Martin Lawson OLU-OSAGIE (Alba),Allan GOW (SNP),Jacqueline MCLAREN (SNP),Sandra WATSON (SNP),skipped,skipped,skipped,skipped,skipped,skipped,,10
1745,Martin Lawson OLU-OSAGIE (Alba),Allan GOW (SNP),Jacqueline MCLAREN (SNP),Sandra WATSON (SNP),skipped,skipped,skipped,skipped,skipped,skipped,,10
1746,Martin Lawson OLU-OSAGIE (Alba),Allan GOW (SNP),Jacqueline MCLAREN (SNP),Sandra WATSON (SNP),skipped,skipped,skipped,skipped,skipped,skipped,,10
1747,Martin Lawson OLU-OSAGIE (Alba),Allan GOW (SNP),Jacqueline MCLAREN (SNP),Sandra WATSON (SNP),skipped,skipped,skipped,skipped,skipped,skipped,,10
1748,Martin Lawson OLU-OSAGIE (Alba),Allan GOW (SNP),Jacqueline MCLAREN (SNP),Sandra WATSON (SNP),Seonad Mairi HOY (Grn),Fiona E HIGGINS Glasgow (Lab),Robert JH MOONEY Glasgow (Lab),skipped,skipped,skipped,,10
1749,Martin Lawson OLU-OSAGIE (Alba),Allan GOW (SNP),Jacqueline MCLAREN (SNP),Sandra WATSON (SNP),Scott SIMPSON (LD),Seonad Mairi HOY (Grn),Fiona E HIGGINS Glasgow (Lab),skipped,skipped,skipped,,10
1750,Martin Lawson OLU-OSAGIE (Alba),Allan GOW (SNP),Sandra WATSON (SNP),skipped,skipped,skipped,skipped,skipped,skipped,skipped,,10
1751,Martin Lawson OLU-OSAGIE (Alba),Allan GOW (SNP),Sandra WATSON (SNP),skipped,skipped,skipped,skipped,skipped,skipped,skipped,,10
1752,Martin Lawson OLU-OSAGIE (Alba),Allan GOW (SNP),Sandra WATSON (SNP),Fiona E HIGGINS Glasgow (Lab),Scott SIMPSON (LD),skipped,skipped,skipped,skipped,skipped,,10
1753,Martin Lawson OLU-OSAGIE (Alba),Allan GOW (SNP),Sandra WATSON (SNP),Fiona E HIGGINS Glasgow (Lab),Jacqueline MCLAREN (SNP),Seonad Mairi HOY (Grn),Robert JH MOONEY Glasgow (Lab),skipped,skipped,skipped,,10
1754,Martin Lawson OLU-OSAGIE (Alba),Allan GOW (SNP),Sandra WATSON (SNP),Jacqueline MCLAREN (SNP),Fiona E HIGGINS Glasgow (Lab),Robert JH MOONEY Glasgow (Lab),Brian LAND (Ind),skipped,skipped,skipped,,10
1755,Martin Lawson OLU-OSAGIE (Alba),Allan GOW (SNP),Sandra WATSON (SNP),Jacqueline MCLAREN (SNP),Fiona E HIGGINS Glasgow (Lab),Robert JH MOONEY Glasgow (Lab),Brian LAND (Ind),skipped,skipped,skipped,,10
1756,Martin Lawson OLU-OSAGIE (Alba),Jacqueline MCLAREN (SNP),Seonad Mairi HOY (Grn),skipped,skipped,skipped,skipped,skipped,skipped,skipped,,10
1757,Martin Lawson OLU-OSAGIE (Alba),Jacqueline MCLAREN (SNP),Seonad Mairi HOY (Grn),Allan GOW (SNP),skipped,skipped,skipped,skipped,skipped,skipped,,10
1758,Martin Lawson OLU-OSAGIE (Alba),Jacqueline MCLAREN (SNP),Fiona E HIGGINS Glasgow (Lab),skipped,skipped,skipped,skipped,skipped,skipped,skipped,,10
1759,Martin Lawson OLU-OSAGIE (Alba),Jacqueline MCLAREN (SNP),Allan GOW (SNP),skipped,skipped,skipped,skipped,skipped,skipped,skipped,,10
1760,Martin Lawson OLU-OSAGIE (Alba),Jacqueline MCLAREN (SNP),Allan GOW (SNP),Fiona E HIGGINS Glasgow (Lab),Robert JH MOONEY Glasgow (Lab),skipped,skipped,skipped,skipped,skipped,,10
1761,Martin Lawson OLU-OSAGIE (Alba),Jacqueline MCLAREN (SNP),Allan GOW (SNP),Sandra WATSON (SNP),Seonad Mairi HOY (Grn),Brian LAND (Ind),Scott SIMPSON (LD),skipped,skipped,skipped,,10
1762,Martin Lawson OLU-OSAGIE (Alba),Jacqueline MCLAREN (SNP),Robert JH MOONEY Glasgow (Lab),skipped,skipped,skipped,skipped,skipped,skipped,skipped,,10
1763,Martin Lawson OLU-OSAGIE (Alba),Jacqueline MCLAREN (SNP),Robert JH MOONEY Glasgow (Lab),Allan GOW (SNP),Fiona E HIGGINS Glasgow (Lab),Seonad Mairi HOY (Grn),Scott SIMPSON (LD),skipped,skipped,skipped,,10
1764,Martin Lawson OLU-OSAGIE (Alba),Jacqueline MCLAREN (SNP),Sandra WATSON (SNP),Allan GOW (SNP),Seonad Mairi HOY (Grn),skipped,skipped,skipped,skipped,skipped,,10
1765,Martin Lawson OLU-OSAGIE (Alba),Jacqueline MCLAREN (SNP),Sandra WATSON (SNP),Allan GOW (SNP),Seonad Mairi HOY (Grn),Brian LAND (Ind),Scott SIMPSON (LD),skipped,skipped,skipped,,10
1766,Martin Lawson OLU-OSAGIE (Alba),Robert JH MOONEY Glasgow (Lab),Fiona E HIGGINS Glasgow (Lab),skipped,skipped,skipped,skipped,skipped,skipped,skipped,,10
1767,Martin Lawson OLU-OSAGIE (Alba),Robert JH MOONEY Glasgow (Lab),Fiona E HIGGINS Glasgow (Lab),skipped,skipped,skipped,skipped,skipped,skipped,skipped,,10
1768,Martin Lawson OLU-OSAGIE (Alba),Robert JH MOONEY Glasgow (Lab),Fiona E HIGGINS Glasgow (Lab),skipped,skipped,skipped,skipped,skipped,skipped,skipped,,10
1769,Martin Lawson OLU-OSAGIE (Alba),Robert JH MOONEY Glasgow (Lab),Fiona E HIGGINS Glasgow (Lab),skipped,skipped,skipped,skipped,skipped,skipped,skipped,,10
1770,Martin Lawson OLU-OSAGIE (Alba),Robert JH MOONEY Glasgow (Lab),Fiona E HIGGINS Glasgow (Lab),Allan GOW (SNP),Jacqueline MCLAREN (SNP),skipped,skipped,skipped,skipped,skipped,,10
1771,Martin Lawson OLU-OSAGIE (Alba),Robert JH MOONEY Glasgow (Lab),Fiona E HIGGINS Glasgow (Lab),Jacqueline MCLAREN (SNP),Seonad Mairi HOY (Grn),Brian LAND (Ind),Scott SIMPSON (LD),skipped,skipped,skipped,,10
1772,Martin Lawson OLU-OSAGIE (Alba),Robert JH MOONEY Glasgow (Lab),Maria WELLS (Con),Allan GOW (SNP),Brian LAND (Ind),Seonad Mairi HOY (Grn),Fiona E HIGGINS Glasgow (Lab),skipped,skipped,skipped,,10
1773,Martin Lawson OLU-OSAGIE (Alba),Robert JH MOONEY Glasgow (Lab),Allan GOW (SNP),skipped,skipped,skipped,skipped,skipped,skipped,skipped,,10
1774,Martin Lawson OLU-OSAGIE (Alba),Robert JH MOONEY Glasgow (Lab),Sandra WATSON (SNP),Allan GOW (SNP),Brian LAND (Ind),Seonad Mairi HOY (Grn),Fiona E HIGGINS Glasgow (Lab),skipped,skipped,skipped,,10
1775,Martin Lawson OLU-OSAGIE (Alba),Sandra WATSON (SNP),Seonad Mairi HOY (Grn),Jacqueline MCLAREN (SNP),skipped,skipped,skipped,skipped,skipped,skipped,,10
1776,Martin Lawson OLU-OSAGIE (Alba),Sandra WATSON (SNP),Fiona E HIGGINS Glasgow (Lab),skipped,skipped,skipped,skipped,skipped,skipped,skipped,,10
1777,Martin Lawson OLU-OSAGIE (Alba),Sandra WATSON (SNP),Allan GOW (SNP),Jacqueline MCLAREN (SNP),Seonad Mairi HOY (Grn),skipped,skipped,skipped,skipped,skipped,,10
1778,Martin Lawson OLU-OSAGIE (Alba),Sandra WATSON (SNP),Allan GOW (SNP),Jacqueline MCLAREN (SNP),Scott SIMPSON (LD),Brian LAND (Ind),Fiona E HIGGINS Glasgow (Lab),skipped,skipped,skipped,,10
1779,Martin Lawson OLU-OSAGIE (Alba),Sandra WATSON (SNP),Jacqueline MCLAREN (SNP),skipped,skipped,skipped,skipped,skipped,skipped,skipped,,10
1780,Martin Lawson OLU-OSAGIE (Alba),Sandra WATSON (SNP),Jacqueline MCLAREN (SNP),Allan GOW (SNP),Brian LAND (Ind),Scott SIMPSON (LD),Maria WELLS (Con),skipped,skipped,skipped,,10
1781,Scott SIMPSON (LD),skipped,skipped,skipped,skipped,skipped,skipped,skipped,skipped,skipped,,10
1782,Scott SIMPSON (LD),skipped,skipped,skipped,skipped,skipped,skipped,skipped,skipped,skipped,,10
1783,Scott SIMPSON (LD),skipped,skipped,skipped,skipped,skipped,skipped,skipped,skipped,skipped,,10
1784,Scott SIMPSON (LD),skipped,skipped,skipped,skipped,skipped,skipped,skipped,skipped,skipped,,10
1785,Scott SIMPSON (LD),skipped,skipped,skipped,skipped,skipped,skipped,skipped,skipped,skipped,,10
1786,Scott SIMPSON (LD),skipped,skipped,skipped,skipped,skipped,skipped,skipped,skipped,skipped,,10
1787,Scott SIMPSON (LD),skipped,skipped,skipped,skipped,skipped,skipped,skipped,skipped,skipped,,10
1788,Scott SIMPSON (LD),Seonad Mairi HOY (Grn),skipped,skipped,skipped,skipped,skipped,skipped,skipped,skipped,,10
1789,Scott SIMPSON (LD),Seonad Mairi HOY (Grn),skipped,skipped,skipped,skipped,skipped,skipped,skipped,skipped,,10
1790,Scott SIMPSON (LD),Seonad Mairi HOY (Grn),Fiona E HIGGINS Glasgow (Lab),skipped,skipped,skipped,skipped,skipped,skipped,skipped,,10
1791,Scott SIMPSON (LD),Seonad Mairi HOY (Grn),Fiona E HIGGINS Glasgow (Lab),skipped,skipped,skipped,skipped,skipped,skipped,skipped,,10
1792,Scott SIMPSON (LD),Seonad Mairi HOY (Grn),Martin Lawson OLU-OSAGIE (Alba),skipped,skipped,skipped,skipped,skipped,skipped,skipped,,10
1793,Scott SIMPSON (LD),Seonad Mairi HOY (Grn),Brian LAND (Ind),skipped,skipped,skipped,skipped,skipped,skipped,skipped,,10
1794,Scott SIMPSON (LD),Seonad Mairi HOY (Grn),Maria WELLS (Con),skipped,skipped,skipped,skipped,skipped,skipped,skipped,,10
1795,Scott SIMPSON (LD),Seonad Mairi HOY (Grn),Maria WELLS (Con),skipped,skipped,skipped,skipped,skipped,skipped,skipped,,10
1796,Scott SIMPSON (LD),Seonad Mairi HOY (Grn),Allan GOW (SNP),skipped,skipped,skipped,skipped,skipped,skipped,skipped,,10
1797,Scott SIMPSON (LD),Seonad Mairi HOY (Grn),Jacqueline MCLAREN (SNP),Sandra WATSON (SNP),skipped,skipped,skipped,skipped,skipped,skipped,,10
1798,Scott SIMPSON (LD),Seonad Mairi HOY (Grn),Robert JH MOONEY Glasgow (Lab),skipped,skipped,skipped,skipped,skipped,skipped,skipped,,10
1799,Scott SIMPSON (LD),Seonad Mairi HOY (Grn),Robert JH MOONEY Glasgow (Lab),skipped,skipped,skipped,skipped,skipped,skipped,skipped,,10
1800,Scott SIMPSON (LD),Fiona E HIGGINS Glasgow (Lab),skipped,skipped,skipped,skipped,skipped,skipped,skipped,skipped,,10
1801,Scott SIMPSON (LD),Fiona E HIGGINS Glasgow (Lab),Seonad Mairi HOY (Grn),skipped,skipped,skipped,skipped,skipped,skipped,skipped,,10
1802,Scott SIMPSON (LD),Fiona E HIGGINS Glasgow (Lab),Brian LAND (Ind),skipped,skipped,skipped,skipped,skipped,skipped,skipped,,10
1803,Scott SIMPSON (LD),Fiona E HIGGINS Glasgow (Lab),Brian LAND (Ind),skipped,skipped,skipped,skipped,skipped,skipped,skipped,,10
1804,Scott SIMPSON (LD),Fiona E HIGGINS Glasgow (Lab),Robert JH MOONEY Glasgow (Lab),skipped,skipped,skipped,skipped,skipped,skipped,skipped,,10
1805,Scott SIMPSON (LD),Fiona E HIGGINS Glasgow (Lab),Robert JH MOONEY Glasgow (Lab),skipped,skipped,skipped,skipped,skipped,skipped,skipped,,10
1806,Scott SIMPSON (LD),Fiona E HIGGINS Glasgow (Lab),Robert JH MOONEY Glasgow (Lab),skipped,skipped,skipped,skipped,skipped,skipped,skipped,,10
1807,Scott SIMPSON (LD),Fiona E HIGGINS Glasgow (Lab),Robert JH MOONEY Glasgow (Lab),skipped,skipped,skipped,skipped,skipped,skipped,skipped,,10
1808,Scott SIMPSON (LD),Fiona E HIGGINS Glasgow (Lab),Robert JH MOONEY Glasgow (Lab),skipped,skipped,skipped,skipped,skipped,skipped,skipped,,10
1809,Scott SIMPSON (LD),Fiona E HIGGINS Glasgow (Lab),Robert JH MOONEY Glasgow (Lab),Seonad Mairi HOY (Grn),skipped,skipped,skipped,skipped,skipped,skipped,,10
1810,Scott SIMPSON (LD),Fiona E HIGGINS Glasgow (Lab),Robert JH MOONEY Glasgow (Lab),Seonad Mairi HOY (Grn),Maria WELLS (Con),Martin Lawson OLU-OSAGIE (Alba),Brian LAND (Ind),skipped,skipped,skipped,,10
1811,Scott SIMPSON (LD),Fiona E HIGGINS Glasgow (Lab),Robert JH MOONEY Glasgow (Lab),Brian LAND (Ind),skipped,skipped,skipped,skipped,skipped,skipped,,10
1812,Scott SIMPSON (LD),Fiona E HIGGINS Glasgow (Lab),Robert JH MOONEY Glasgow (Lab),Maria WELLS (Con),Sandra WATSON (SNP),Allan GOW (SNP),Seonad Mairi HOY (Grn),skipped,skipped,skipped,,10
1813,Scott SIMPSON (LD),Martin Lawson OLU-OSAGIE (Alba),skipped,skipped,skipped,skipped,skipped,skipped,skipped,skipped,,10
1814,Scott SIMPSON (LD),Martin Lawson OLU-OSAGIE (Alba),Seonad Mairi HOY (Grn),skipped,skipped,skipped,skipped,skipped,skipped,skipped,,10
1815,Scott SIMPSON (LD),Brian LAND (Ind),skipped,skipped,skipped,skipped,skipped,skipped,skipped,skipped,,10
1816,Scott SIMPSON (LD),Brian LAND (Ind),skipped,skipped,skipped,skipped,skipped,skipped,skipped,skipped,,10
1817,Scott SIMPSON (LD),Brian LAND (Ind),skipped,skipped,skipped,skipped,skipped,skipped,skipped,skipped,,10
1818,Scott SIMPSON (LD),Brian LAND (Ind),skipped,skipped,skipped,skipped,skipped,skipped,skipped,skipped,,10
1819,Scott SIMPSON (LD),Brian LAND (Ind),Maria WELLS (Con),Fiona E HIGGINS Glasgow (Lab),Robert JH MOONEY Glasgow (Lab),Seonad Mairi HOY (Grn),skipped,skipped,skipped,skipped,,10
1820,Scott SIMPSON (LD),Brian LAND (Ind),Robert JH MOONEY Glasgow (Lab),Fiona E HIGGINS Glasgow (Lab),skipped,skipped,skipped,skipped,skipped,skipped,,10
1821,Scott SIMPSON (LD),Brian LAND (Ind),Sandra WATSON (SNP),Jacqueline MCLAREN (SNP),Allan GOW (SNP),Fiona E HIGGINS Glasgow (Lab),Robert JH MOONEY Glasgow (Lab),skipped,skipped,skipped,,10
1822,Scott SIMPSON (LD),Maria WELLS (Con),skipped,skipped,skipped,skipped,skipped,skipped,skipped,skipped,,10
1823,Scott SIMPSON (LD),Maria WELLS (Con),skipped,skipped,skipped,skipped,skipped,skipped,skipped,skipped,,10
1824,Scott SIMPSON (LD),Maria WELLS (Con),Fiona E HIGGINS Glasgow (Lab),Robert JH MOONEY Glasgow (Lab),skipped,skipped,skipped,skipped,skipped,skipped,,10
1825,Scott SIMPSON (LD),Maria WELLS (Con),Martin Lawson OLU-OSAGIE (Alba),skipped,skipped,skipped,skipped,skipped,skipped,skipped,,10
1826,Scott SIMPSON (LD),Maria WELLS (Con),Brian LAND (Ind),Robert JH MOONEY Glasgow (Lab),Fiona E HIGGINS Glasgow (Lab),skipped,skipped,skipped,skipped,skipped,,10
1827,Scott SIMPSON (LD),Maria WELLS (Con),Robert JH MOONEY Glasgow (Lab),skipped,skipped,skipped,skipped,skipped,skipped,skipped,,10
1828,Scott SIMPSON (LD),Maria WELLS (Con),Robert JH MOONEY Glasgow (Lab),Fiona E HIGGINS Glasgow (Lab),skipped,skipped,skipped,skipped,skipped,skipped,,10
1829,Scott SIMPSON (LD),Maria WELLS (Con),Robert JH MOONEY Glasgow (Lab),Fiona E HIGGINS Glasgow (Lab),skipped,skipped,skipped,skipped,skipped,skipped,,10
1830,Scott SIMPSON (LD),Maria WELLS (Con),Robert JH MOONEY Glasgow (Lab),Fiona E HIGGINS Glasgow (Lab),skipped,skipped,skipped,skipped,skipped,skipped,,10
1831,Scott SIMPSON (LD),Maria WELLS (Con),Sandra WATSON (SNP),skipped,skipped,skipped,skipped,skipped,skipped,skipped,,10
1832,Scott SIMPSON (LD),Allan GOW (SNP),Seonad Mairi HOY (Grn),skipped,skipped,skipped,skipped,skipped,skipped,skipped,,10
1833,Scott SIMPSON (LD),Allan GOW (SNP),Seonad Mairi HOY (Grn),Maria WELLS (Con),skipped,skipped,skipped,skipped,skipped,skipped,,10
1834,Scott SIMPSON (LD),Allan GOW (SNP),Jacqueline MCLAREN (SNP),Fiona E HIGGINS Glasgow (Lab),Seonad Mairi HOY (Grn),Sandra WATSON (SNP),Maria WELLS (Con),skipped,skipped,skipped,,10
1835,Scott SIMPSON (LD),Jacqueline MCLAREN (SNP),skipped,skipped,skipped,skipped,skipped,skipped,skipped,skipped,,10
1836,Scott SIMPSON (LD),Jacqueline MCLAREN (SNP),Robert JH MOONEY Glasgow (Lab),Fiona E HIGGINS Glasgow (Lab),Seonad Mairi HOY (Grn),skipped,skipped,skipped,skipped,skipped,,10
1837,Scott SIMPSON (LD),Robert JH MOONEY Glasgow (Lab),Fiona E HIGGINS Glasgow (Lab),skipped,skipped,skipped,skipped,skipped,skipped,skipped,,10
1838,Scott SIMPSON (LD),Robert JH MOONEY Glasgow (Lab),Fiona E HIGGINS Glasgow (Lab),skipped,skipped,skipped,skipped,skipped,skipped,skipped,,10
1839,Scott SIMPSON (LD),Robert JH MOONEY Glasgow (Lab),Fiona E HIGGINS Glasgow (Lab),skipped,skipped,skipped,skipped,skipped,skipped,skipped,,10
1840,Scott SIMPSON (LD),Robert JH MOONEY Glasgow (Lab),Fiona E HIGGINS Glasgow (Lab),Seonad Mairi HOY (Grn),Brian LAND (Ind),skipped,skipped,skipped,skipped,skipped,,10
1841,Scott SIMPSON (LD),Robert JH MOONEY Glasgow (Lab),Fiona E HIGGINS Glasgow (Lab),Brian LAND (Ind),Allan GOW (SNP),Jacqueline MCLAREN (SNP),Sandra WATSON (SNP),skipped,skipped,skipped,,10
1842,Scott SIMPSON (LD),Robert JH MOONEY Glasgow (Lab),Brian LAND (Ind),Fiona E HIGGINS Glasgow (Lab),skipped,skipped,skipped,skipped,skipped,skipped,,10
1843,Scott SIMPSON (LD),Robert JH MOONEY Glasgow (Lab),Maria WELLS (Con),skipped,skipped,skipped,skipped,skipped,skipped,skipped,,10
1844,Scott SIMPSON (LD),Robert JH MOONEY Glasgow (Lab),Maria WELLS (Con),Brian LAND (Ind),skipped,skipped,skipped,skipped,skipped,skipped,,10
1845,Scott SIMPSON (LD),Robert JH MOONEY Glasgow (Lab),Allan GOW (SNP),skipped,skipped,skipped,skipped,skipped,skipped,skipped,,10
1846,Scott SIMPSON (LD),Sandra WATSON (SNP),Allan GOW (SNP),skipped,skipped,skipped,skipped,skipped,skipped,skipped,,10
1847,Scott SIMPSON (LD),Sandra WATSON (SNP),Allan GOW (SNP),Fiona E HIGGINS Glasgow (Lab),Jacqueline MCLAREN (SNP),Robert JH MOONEY Glasgow (Lab),Seonad Mairi HOY (Grn),skipped,skipped,skipped,,10
1848,Scott SIMPSON (LD),Sandra WATSON (SNP),Robert JH MOONEY Glasgow (Lab),skipped,skipped,skipped,skipped,skipped,skipped,skipped,,10
1849,Brian LAND (Ind),skipped,skipped,skipped,skipped,skipped,skipped,skipped,skipped,skipped,,10
1850,Brian LAND (Ind),skipped,skipped,skipped,skipped,skipped,skipped,skipped,skipped,skipped,,10
1851,Brian LAND (Ind),skipped,skipped,skipped,skipped,skipped,skipped,skipped,skipped,skipped,,10
1852,Brian LAND (Ind),skipped,skipped,skipped,skipped,skipped,skipped,skipped,skipped,skipped,,10
1853,Brian LAND (Ind),skipped,skipped,skipped,skipped,skipped,skipped,skipped,skipped,skipped,,10
1854,Brian LAND (Ind),skipped,skipped,skipped,skipped,skipped,skipped,skipped,skipped,skipped,,10
1855,Brian LAND (Ind),skipped,skipped,skipped,skipped,skipped,skipped,skipped,skipped,skipped,,10
1856,Brian LAND (Ind),skipped,skipped,skipped,skipped,skipped,skipped,skipped,skipped,skipped,,10
1857,Brian LAND (Ind),skipped,skipped,skipped,skipped,skipped,skipped,skipped,skipped,skipped,,10
1858,Brian LAND (Ind),skipped,skipped,skipped,skipped,skipped,skipped,skipped,skipped,skipped,,10
1859,Brian LAND (Ind),skipped,skipped,skipped,skipped,skipped,skipped,skipped,skipped,skipped,,10
1860,Brian LAND (Ind),skipped,skipped,skipped,skipped,skipped,skipped,skipped,skipped,skipped,,10
1861,Brian LAND (Ind),skipped,skipped,skipped,skipped,skipped,skipped,skipped,skipped,skipped,,10
1862,Brian LAND (Ind),skipped,skipped,skipped,skipped,skipped,skipped,skipped,skipped,skipped,,10
1863,Brian LAND (Ind),skipped,skipped,skipped,skipped,skipped,skipped,skipped,skipped,skipped,,10
1864,Brian LAND (Ind),skipped,skipped,skipped,skipped,skipped,skipped,skipped,skipped,skipped,,10
1865,Brian LAND (Ind),skipped,skipped,skipped,skipped,skipped,skipped,skipped,skipped,skipped,,10
1866,Brian LAND (Ind),skipped,skipped,skipped,skipped,skipped,skipped,skipped,skipped,skipped,,10
1867,Brian LAND (Ind),skipped,skipped,skipped,skipped,skipped,skipped,skipped,skipped,skipped,,10
1868,Brian LAND (Ind),skipped,skipped,skipped,skipped,skipped,skipped,skipped,skipped,skipped,,10
1869,Brian LAND (Ind),skipped,skipped,skipped,skipped,skipped,skipped,skipped,skipped,skipped,,10
1870,Brian LAND (Ind),skipped,skipped,skipped,skipped,skipped,skipped,skipped,skipped,skipped,,10
1871,Brian LAND (Ind),skipped,skipped,skipped,skipped,skipped,skipped,skipped,skipped,skipped,,10
1872,Brian LAND (Ind),skipped,skipped,skipped,skipped,skipped,skipped,skipped,skipped,skipped,,10
1873,Brian LAND (Ind),skipped,skipped,skipped,skipped,skipped,skipped,skipped,skipped,skipped,,10
1874,Brian LAND (Ind),skipped,skipped,skipped,skipped,skipped,skipped,skipped,skipped,skipped,,10
1875,Brian LAND (Ind),skipped,skipped,skipped,skipped,skipped,skipped,skipped,skipped,skipped,,10
1876,Brian LAND (Ind),skipped,skipped,skipped,skipped,skipped,skipped,skipped,skipped,skipped,,10
1877,Brian LAND (Ind),skipped,skipped,skipped,skipped,skipped,skipped,skipped,skipped,skipped,,10
1878,Brian LAND (Ind),skipped,skipped,skipped,skipped,skipped,skipped,skipped,skipped,skipped,,10
1879,Brian LAND (Ind),skipped,skipped,skipped,skipped,skipped,skipped,skipped,skipped,skipped,,10
1880,Brian LAND (Ind),skipped,skipped,skipped,skipped,skipped,skipped,skipped,skipped,skipped,,10
1881,Brian LAND (Ind),skipped,skipped,skipped,skipped,skipped,skipped,skipped,skipped,skipped,,10
1882,Brian LAND (Ind),skipped,skipped,skipped,skipped,skipped,skipped,skipped,skipped,skipped,,10
1883,Brian LAND (Ind),skipped,skipped,skipped,skipped,skipped,skipped,skipped,skipped,skipped,,10
1884,Brian LAND (Ind),skipped,skipped,skipped,skipped,skipped,skipped,skipped,skipped,skipped,,10
1885,Brian LAND (Ind),skipped,skipped,skipped,skipped,skipped,skipped,skipped,skipped,skipped,,10
1886,Brian LAND (Ind),skipped,skipped,skipped,skipped,skipped,skipped,skipped,skipped,skipped,,10
1887,Brian LAND (Ind),skipped,skipped,skipped,skipped,skipped,skipped,skipped,skipped,skipped,,10
1888,Brian LAND (Ind),skipped,skipped,skipped,skipped,skipped,skipped,skipped,skipped,skipped,,10
1889,Brian LAND (Ind),skipped,skipped,skipped,skipped,skipped,skipped,skipped,skipped,skipped,,10
1890,Brian LAND (Ind),skipped,skipped,skipped,skipped,skipped,skipped,skipped,skipped,skipped,,10
1891,Brian LAND (Ind),skipped,skipped,skipped,skipped,skipped,skipped,skipped,skipped,skipped,,10
1892,Brian LAND (Ind),skipped,skipped,skipped,skipped,skipped,skipped,skipped,skipped,skipped,,10
1893,Brian LAND (Ind),skipped,skipped,skipped,skipped,skipped,skipped,skipped,skipped,skipped,,10
1894,Brian LAND (Ind),skipped,skipped,skipped,skipped,skipped,skipped,skipped,skipped,skipped,,10
1895,Brian LAND (Ind),skipped,skipped,skipped,skipped,skipped,skipped,skipped,skipped,skipped,,10
1896,Brian LAND (Ind),skipped,skipped,skipped,skipped,skipped,skipped,skipped,skipped,skipped,,10
1897,Brian LAND (Ind),skipped,skipped,skipped,skipped,skipped,skipped,skipped,skipped,skipped,,10
1898,Brian LAND (Ind),skipped,skipped,skipped,skipped,skipped,skipped,skipped,skipped,skipped,,10
1899,Brian LAND (Ind),skipped,skipped,skipped,skipped,skipped,skipped,skipped,skipped,skipped,,10
1900,Brian LAND (Ind),skipped,skipped,skipped,skipped,skipped,skipped,skipped,skipped,skipped,,10
1901,Brian LAND (Ind),skipped,skipped,skipped,skipped,skipped,skipped,skipped,skipped,skipped,,10
1902,Brian LAND (Ind),skipped,skipped,skipped,skipped,skipped,skipped,skipped,skipped,skipped,,10
1903,Brian LAND (Ind),skipped,skipped,skipped,skipped,skipped,skipped,skipped,skipped,skipped,,10
1904,Brian LAND (Ind),skipped,skipped,skipped,skipped,skipped,skipped,skipped,skipped,skipped,,10
1905,Brian LAND (Ind),skipped,skipped,skipped,skipped,skipped,skipped,skipped,skipped,skipped,,10
1906,Brian LAND (Ind),skipped,skipped,skipped,skipped,skipped,skipped,skipped,skipped,skipped,,10
1907,Brian LAND (Ind),skipped,skipped,skipped,skipped,skipped,skipped,skipped,skipped,skipped,,10
1908,Brian LAND (Ind),skipped,skipped,skipped,skipped,skipped,skipped,skipped,skipped,skipped,,10
1909,Brian LAND (Ind),skipped,skipped,skipped,skipped,skipped,skipped,skipped,skipped,skipped,,10
1910,Brian LAND (Ind),skipped,skipped,skipped,skipped,skipped,skipped,skipped,skipped,skipped,,10
1911,Brian LAND (Ind),skipped,skipped,skipped,skipped,skipped,skipped,skipped,skipped,skipped,,10
1912,Brian LAND (Ind),skipped,skipped,skipped,skipped,skipped,skipped,skipped,skipped,skipped,,10
1913,Brian LAND (Ind),skipped,skipped,skipped,skipped,skipped,skipped,skipped,skipped,skipped,,10
1914,Brian LAND (Ind),skipped,skipped,skipped,skipped,skipped,skipped,skipped,skipped,skipped,,10
1915,Brian LAND (Ind),skipped,skipped,skipped,skipped,skipped,skipped,skipped,skipped,skipped,,10
1916,Brian LAND (Ind),skipped,skipped,skipped,skipped,skipped,skipped,skipped,skipped,skipped,,10
1917,Brian LAND (Ind),skipped,skipped,skipped,skipped,skipped,skipped,skipped,skipped,skipped,,10
1918,Brian LAND (Ind),skipped,skipped,skipped,skipped,skipped,skipped,skipped,skipped,skipped,,10
1919,Brian LAND (Ind),skipped,skipped,skipped,skipped,skipped,skipped,skipped,skipped,skipped,,10
1920,Brian LAND (Ind),skipped,skipped,skipped,skipped,skipped,skipped,skipped,skipped,skipped,,10
1921,Brian LAND (Ind),skipped,skipped,skipped,skipped,skipped,skipped,skipped,skipped,skipped,,10
1922,Brian LAND (Ind),skipped,skipped,skipped,skipped,skipped,skipped,skipped,skipped,skipped,,10
1923,Brian LAND (Ind),skipped,skipped,skipped,skipped,skipped,skipped,skipped,skipped,skipped,,10
1924,Brian LAND (Ind),skipped,skipped,skipped,skipped,skipped,skipped,skipped,skipped,skipped,,10
1925,Brian LAND (Ind),skipped,skipped,skipped,skipped,skipped,skipped,skipped,skipped,skipped,,10
1926,Brian LAND (Ind),skipped,skipped,skipped,skipped,skipped,skipped,skipped,skipped,skipped,,10
1927,Brian LAND (Ind),skipped,skipped,skipped,skipped,skipped,skipped,skipped,skipped,skipped,,10
1928,Brian LAND (Ind),skipped,skipped,skipped,skipped,skipped,skipped,skipped,skipped,skipped,,10
1929,Brian LAND (Ind),skipped,skipped,skipped,skipped,skipped,skipped,skipped,skipped,skipped,,10
1930,Brian LAND (Ind),skipped,skipped,skipped,skipped,skipped,skipped,skipped,skipped,skipped,,10
1931,Brian LAND (Ind),skipped,skipped,skipped,skipped,skipped,skipped,skipped,skipped,skipped,,10
1932,Brian LAND (Ind),skipped,skipped,skipped,skipped,skipped,skipped,skipped,skipped,skipped,,10
1933,Brian LAND (Ind),skipped,skipped,skipped,skipped,skipped,skipped,skipped,skipped,skipped,,10
1934,Brian LAND (Ind),skipped,skipped,skipped,skipped,skipped,skipped,skipped,skipped,skipped,,10
1935,Brian LAND (Ind),skipped,skipped,skipped,skipped,skipped,skipped,skipped,skipped,skipped,,10
1936,Brian LAND (Ind),skipped,skipped,skipped,skipped,skipped,skipped,skipped,skipped,skipped,,10
1937,Brian LAND (Ind),skipped,skipped,skipped,skipped,skipped,skipped,skipped,skipped,skipped,,10
1938,Brian LAND (Ind),skipped,skipped,skipped,skipped,skipped,skipped,skipped,skipped,skipped,,10
1939,Brian LAND (Ind),skipped,skipped,skipped,skipped,skipped,skipped,skipped,skipped,skipped,,10
1940,Brian LAND (Ind),skipped,skipped,skipped,skipped,skipped,skipped,skipped,skipped,skipped,,10
1941,Brian LAND (Ind),skipped,skipped,skipped,skipped,skipped,skipped,skipped,skipped,skipped,,10
1942,Brian LAND (Ind),skipped,skipped,skipped,skipped,skipped,skipped,skipped,skipped,skipped,,10
1943,Brian LAND (Ind),skipped,skipped,skipped,skipped,skipped,skipped,skipped,skipped,skipped,,10
1944,Brian LAND (Ind),skipped,skipped,skipped,skipped,skipped,skipped,skipped,skipped,skipped,,10
1945,Brian LAND (Ind),skipped,skipped,skipped,skipped,skipped,skipped,skipped,skipped,skipped,,10
1946,Brian LAND (Ind),skipped,skipped,skipped,skipped,skipped,skipped,skipped,skipped,skipped,,10
1947,Brian LAND (Ind),skipped,skipped,skipped,skipped,skipped,skipped,skipped,skipped,skipped,,10
1948,Brian LAND (Ind),skipped,skipped,skipped,skipped,skipped,skipped,skipped,skipped,skipped,,10
1949,Brian LAND (Ind),skipped,skipped,skipped,skipped,skipped,skipped,skipped,skipped,skipped,,10
1950,Brian LAND (Ind),skipped,skipped,skipped,skipped,skipped,skipped,skipped,skipped,skipped,,10
1951,Brian LAND (Ind),skipped,skipped,skipped,skipped,skipped,skipped,skipped,skipped,skipped,,10
1952,Brian LAND (Ind),skipped,skipped,skipped,skipped,skipped,skipped,skipped,skipped,skipped,,10
1953,Brian LAND (Ind),skipped,skipped,skipped,skipped,skipped,skipped,skipped,skipped,skipped,,10
1954,Brian LAND (Ind),skipped,skipped,skipped,skipped,skipped,skipped,skipped,skipped,skipped,,10
1955,Brian LAND (Ind),skipped,skipped,skipped,skipped,skipped,skipped,skipped,skipped,skipped,,10
1956,Brian LAND (Ind),skipped,skipped,skipped,skipped,skipped,skipped,skipped,skipped,skipped,,10
1957,Brian LAND (Ind),skipped,skipped,skipped,skipped,skipped,skipped,skipped,skipped,skipped,,10
1958,Brian LAND (Ind),skipped,skipped,skipped,skipped,skipped,skipped,skipped,skipped,skipped,,10
1959,Brian LAND (Ind),skipped,skipped,skipped,skipped,skipped,skipped,skipped,skipped,skipped,,10
1960,Brian LAND (Ind),skipped,skipped,skipped,skipped,skipped,skipped,skipped,skipped,skipped,,10
1961,Brian LAND (Ind),skipped,skipped,skipped,skipped,skipped,skipped,skipped,skipped,skipped,,10
1962,Brian LAND (Ind),skipped,skipped,skipped,skipped,skipped,skipped,skipped,skipped,skipped,,10
1963,Brian LAND (Ind),skipped,skipped,skipped,skipped,skipped,skipped,skipped,skipped,skipped,,10
1964,Brian LAND (Ind),skipped,skipped,skipped,skipped,skipped,skipped,skipped,skipped,skipped,,10
1965,Brian LAND (Ind),skipped,skipped,skipped,skipped,skipped,skipped,skipped,skipped,skipped,,10
1966,Brian LAND (Ind),skipped,skipped,skipped,skipped,skipped,skipped,skipped,skipped,skipped,,10
1967,Brian LAND (Ind),skipped,skipped,skipped,skipped,skipped,skipped,skipped,skipped,skipped,,10
1968,Brian LAND (Ind),skipped,skipped,skipped,skipped,skipped,skipped,skipped,skipped,skipped,,10
1969,Brian LAND (Ind),skipped,skipped,skipped,skipped,skipped,skipped,skipped,skipped,skipped,,10
1970,Brian LAND (Ind),skipped,skipped,skipped,skipped,skipped,skipped,skipped,skipped,skipped,,10
1971,Brian LAND (Ind),skipped,skipped,skipped,skipped,skipped,skipped,skipped,skipped,skipped,,10
1972,Brian LAND (Ind),skipped,skipped,skipped,skipped,skipped,skipped,skipped,skipped,skipped,,10
1973,Brian LAND (Ind),skipped,skipped,skipped,skipped,skipped,skipped,skipped,skipped,skipped,,10
1974,Brian LAND (Ind),skipped,skipped,skipped,skipped,skipped,skipped,skipped,skipped,skipped,,10
1975,Brian LAND (Ind),skipped,skipped,skipped,skipped,skipped,skipped,skipped,skipped,skipped,,10
1976,Brian LAND (Ind),skipped,skipped,skipped,skipped,skipped,skipped,skipped,skipped,skipped,,10
1977,Brian LAND (Ind),skipped,skipped,skipped,skipped,skipped,skipped,skipped,skipped,skipped,,10
1978,Brian LAND (Ind),skipped,skipped,skipped,skipped,skipped,skipped,skipped,skipped,skipped,,10
1979,Brian LAND (Ind),skipped,skipped,skipped,skipped,skipped,skipped,skipped,skipped,skipped,,10
1980,Brian LAND (Ind),skipped,skipped,skipped,skipped,skipped,skipped,skipped,skipped,skipped,,10
1981,Brian LAND (Ind),skipped,skipped,skipped,skipped,skipped,skipped,skipped,skipped,skipped,,10
1982,Brian LAND (Ind),skipped,skipped,skipped,skipped,skipped,skipped,skipped,skipped,skipped,,10
1983,Brian LAND (Ind),skipped,skipped,skipped,skipped,skipped,skipped,skipped,skipped,skipped,,10
1984,Brian LAND (Ind),skipped,skipped,skipped,skipped,skipped,skipped,skipped,skipped,skipped,,10
1985,Brian LAND (Ind),skipped,skipped,skipped,skipped,skipped,skipped,skipped,skipped,skipped,,10
1986,Brian LAND (Ind),skipped,skipped,skipped,skipped,skipped,skipped,skipped,skipped,skipped,,10
1987,Brian LAND (Ind),skipped,skipped,skipped,skipped,skipped,skipped,skipped,skipped,skipped,,10
1988,Brian LAND (Ind),skipped,skipped,skipped,skipped,skipped,skipped,skipped,skipped,skipped,,10
1989,Brian LAND (Ind),skipped,skipped,skipped,skipped,skipped,skipped,skipped,skipped,skipped,,10
1990,Brian LAND (Ind),skipped,skipped,skipped,skipped,skipped,skipped,skipped,skipped,skipped,,10
1991,Brian LAND (Ind),skipped,skipped,skipped,skipped,skipped,skipped,skipped,skipped,skipped,,10
1992,Brian LAND (Ind),skipped,skipped,skipped,skipped,skipped,skipped,skipped,skipped,skipped,,10
1993,Brian LAND (Ind),skipped,skipped,skipped,skipped,skipped,skipped,skipped,skipped,skipped,,10
1994,Brian LAND (Ind),skipped,skipped,skipped,skipped,skipped,skipped,skipped,skipped,skipped,,10
1995,Brian LAND (Ind),skipped,skipped,skipped,skipped,skipped,skipped,skipped,skipped,skipped,,10
1996,Brian LAND (Ind),skipped,skipped,skipped,skipped,skipped,skipped,skipped,skipped,skipped,,10
1997,Brian LAND (Ind),skipped,skipped,skipped,skipped,skipped,skipped,skipped,skipped,skipped,,10
1998,Brian LAND (Ind),skipped,skipped,skipped,skipped,skipped,skipped,skipped,skipped,skipped,,10
1999,Brian LAND (Ind),skipped,skipped,skipped,skipped,skipped,skipped,skipped,skipped,skipped,,10
2000,Brian LAND (Ind),skipped,skipped,skipped,skipped,skipped,skipped,skipped,skipped,skipped,,10
2001,Brian LAND (Ind),skipped,skipped,skipped,skipped,skipped,skipped,skipped,skipped,skipped,,10
2002,Brian LAND (Ind),skipped,skipped,skipped,skipped,skipped,skipped,skipped,skipped,skipped,,10
2003,Brian LAND (Ind),skipped,skipped,skipped,skipped,skipped,skipped,skipped,skipped,skipped,,10
2004,Brian LAND (Ind),skipped,skipped,skipped,skipped,skipped,skipped,skipped,skipped,skipped,,10
2005,Brian LAND (Ind),Seonad Mairi HOY (Grn),skipped,skipped,skipped,skipped,skipped,skipped,skipped,skipped,,10
2006,Brian LAND (Ind),Seonad Mairi HOY (Grn),skipped,skipped,skipped,skipped,skipped,skipped,skipped,skipped,,10
2007,Brian LAND (Ind),Seonad Mairi HOY (Grn),skipped,skipped,skipped,skipped,skipped,skipped,skipped,skipped,,10
2008,Brian LAND (Ind),Seonad Mairi HOY (Grn),skipped,skipped,skipped,skipped,skipped,skipped,skipped,skipped,,10
2009,Brian LAND (Ind),Seonad Mairi HOY (Grn),skipped,skipped,skipped,skipped,skipped,skipped,skipped,skipped,,10
2010,Brian LAND (Ind),Seonad Mairi HOY (Grn),skipped,skipped,skipped,skipped,skipped,skipped,skipped,skipped,,10
2011,Brian LAND (Ind),Seonad Mairi HOY (Grn),Fiona E HIGGINS Glasgow (Lab),skipped,skipped,skipped,skipped,skipped,skipped,skipped,,10
2012,Brian LAND (Ind),Seonad Mairi HOY (Grn),Fiona E HIGGINS Glasgow (Lab),Allan GOW (SNP),skipped,skipped,skipped,skipped,skipped,skipped,,10
2013,Brian LAND (Ind),Seonad Mairi HOY (Grn),Fiona E HIGGINS Glasgow (Lab),Allan GOW (SNP),skipped,skipped,skipped,skipped,skipped,skipped,,10
2014,Brian LAND (Ind),Seonad Mairi HOY (Grn),Fiona E HIGGINS Glasgow (Lab),Allan GOW (SNP),skipped,skipped,skipped,skipped,skipped,skipped,,10
2015,Brian LAND (Ind),Seonad Mairi HOY (Grn),Fiona E HIGGINS Glasgow (Lab),Allan GOW (SNP),Robert JH MOONEY Glasgow (Lab),Jacqueline MCLAREN (SNP),Martin Lawson OLU-OSAGIE (Alba),skipped,skipped,skipped,,10
2016,Brian LAND (Ind),Seonad Mairi HOY (Grn),Martin Lawson OLU-OSAGIE (Alba),skipped,skipped,skipped,skipped,skipped,skipped,skipped,,10
2017,Brian LAND (Ind),Seonad Mairi HOY (Grn),Martin Lawson OLU-OSAGIE (Alba),Scott SIMPSON (LD),skipped,skipped,skipped,skipped,skipped,skipped,,10
2018,Brian LAND (Ind),Seonad Mairi HOY (Grn),Martin Lawson OLU-OSAGIE (Alba),Allan GOW (SNP),Fiona E HIGGINS Glasgow (Lab),Jacqueline MCLAREN (SNP),Robert JH MOONEY Glasgow (Lab),skipped,skipped,skipped,,10
2019,Brian LAND (Ind),Seonad Mairi HOY (Grn),Martin Lawson OLU-OSAGIE (Alba),Sandra WATSON (SNP),Allan GOW (SNP),skipped,skipped,skipped,skipped,skipped,,10
2020,Brian LAND (Ind),Seonad Mairi HOY (Grn),Scott SIMPSON (LD),skipped,skipped,skipped,skipped,skipped,skipped,skipped,,10
2021,Brian LAND (Ind),Seonad Mairi HOY (Grn),Scott SIMPSON (LD),skipped,skipped,skipped,skipped,skipped,skipped,skipped,,10
2022,Brian LAND (Ind),Seonad Mairi HOY (Grn),Scott SIMPSON (LD),Maria WELLS (Con),skipped,skipped,skipped,skipped,skipped,skipped,,10
2023,Brian LAND (Ind),Seonad Mairi HOY (Grn),Allan GOW (SNP),skipped,skipped,skipped,skipped,skipped,skipped,skipped,,10
2024,Brian LAND (Ind),Seonad Mairi HOY (Grn),Allan GOW (SNP),skipped,skipped,skipped,skipped,skipped,skipped,skipped,,10
2025,Brian LAND (Ind),Seonad Mairi HOY (Grn),Allan GOW (SNP),skipped,skipped,skipped,skipped,skipped,skipped,skipped,,10
2026,Brian LAND (Ind),Seonad Mairi HOY (Grn),Allan GOW (SNP),skipped,skipped,skipped,skipped,skipped,skipped,skipped,,10
2027,Brian LAND (Ind),Seonad Mairi HOY (Grn),Allan GOW (SNP),skipped,skipped,skipped,skipped,skipped,skipped,skipped,,10
2028,Brian LAND (Ind),Seonad Mairi HOY (Grn),Allan GOW (SNP),skipped,skipped,skipped,skipped,skipped,skipped,skipped,,10
2029,Brian LAND (Ind),Seonad Mairi HOY (Grn),Allan GOW (SNP),Fiona E HIGGINS Glasgow (Lab),skipped,skipped,skipped,skipped,skipped,skipped,,10
2030,Brian LAND (Ind),Seonad Mairi HOY (Grn),Allan GOW (SNP),Fiona E HIGGINS Glasgow (Lab),skipped,skipped,skipped,skipped,skipped,skipped,,10
2031,Brian LAND (Ind),Seonad Mairi HOY (Grn),Allan GOW (SNP),Martin Lawson OLU-OSAGIE (Alba),Sandra WATSON (SNP),skipped,skipped,skipped,skipped,skipped,,10
2032,Brian LAND (Ind),Seonad Mairi HOY (Grn),Allan GOW (SNP),Jacqueline MCLAREN (SNP),Robert JH MOONEY Glasgow (Lab),skipped,skipped,skipped,skipped,skipped,,10
2033,Brian LAND (Ind),Seonad Mairi HOY (Grn),Allan GOW (SNP),Jacqueline MCLAREN (SNP),Sandra WATSON (SNP),skipped,skipped,skipped,skipped,skipped,,10
2034,Brian LAND (Ind),Seonad Mairi HOY (Grn),Allan GOW (SNP),Jacqueline MCLAREN (SNP),Sandra WATSON (SNP),Martin Lawson OLU-OSAGIE (Alba),Fiona E HIGGINS Glasgow (Lab),skipped,skipped,skipped,,10
2035,Brian LAND (Ind),Seonad Mairi HOY (Grn),Allan GOW (SNP),Jacqueline MCLAREN (SNP),Sandra WATSON (SNP),Martin Lawson OLU-OSAGIE (Alba),Scott SIMPSON (LD),skipped,skipped,skipped,,10
2036,Brian LAND (Ind),Seonad Mairi HOY (Grn),Allan GOW (SNP),Jacqueline MCLAREN (SNP),Sandra WATSON (SNP),Scott SIMPSON (LD),skipped,skipped,skipped,skipped,,10
2037,Brian LAND (Ind),Seonad Mairi HOY (Grn),Allan GOW (SNP),Jacqueline MCLAREN (SNP),Sandra WATSON (SNP),Robert JH MOONEY Glasgow (Lab),skipped,skipped,skipped,skipped,,10
2038,Brian LAND (Ind),Seonad Mairi HOY (Grn),Allan GOW (SNP),Sandra WATSON (SNP),Jacqueline MCLAREN (SNP),Martin Lawson OLU-OSAGIE (Alba),Scott SIMPSON (LD),skipped,skipped,skipped,,10
2039,Brian LAND (Ind),Seonad Mairi HOY (Grn),Jacqueline MCLAREN (SNP),skipped,skipped,skipped,skipped,skipped,skipped,skipped,,10
2040,Brian LAND (Ind),Seonad Mairi HOY (Grn),Jacqueline MCLAREN (SNP),skipped,skipped,skipped,skipped,skipped,skipped,skipped,,10
2041,Brian LAND (Ind),Seonad Mairi HOY (Grn),Jacqueline MCLAREN (SNP),skipped,skipped,skipped,skipped,skipped,skipped,skipped,,10
2042,Brian LAND (Ind),Seonad Mairi HOY (Grn),Jacqueline MCLAREN (SNP),skipped,skipped,skipped,skipped,skipped,skipped,skipped,,10
2043,Brian LAND (Ind),Seonad Mairi HOY (Grn),Jacqueline MCLAREN (SNP),skipped,skipped,skipped,skipped,skipped,skipped,skipped,,10
2044,Brian LAND (Ind),Seonad Mairi HOY (Grn),Jacqueline MCLAREN (SNP),Allan GOW (SNP),Sandra WATSON (SNP),Fiona E HIGGINS Glasgow (Lab),Robert JH MOONEY Glasgow (Lab),skipped,skipped,skipped,,10
2045,Brian LAND (Ind),Seonad Mairi HOY (Grn),Jacqueline MCLAREN (SNP),Allan GOW (SNP),Sandra WATSON (SNP),Scott SIMPSON (LD),Fiona E HIGGINS Glasgow (Lab),skipped,skipped,skipped,,10
2046,Brian LAND (Ind),Seonad Mairi HOY (Grn),Jacqueline MCLAREN (SNP),Allan GOW (SNP),Sandra WATSON (SNP),Robert JH MOONEY Glasgow (Lab),Fiona E HIGGINS Glasgow (Lab),skipped,skipped,skipped,,10
2047,Brian LAND (Ind),Seonad Mairi HOY (Grn),Jacqueline MCLAREN (SNP),Sandra WATSON (SNP),Allan GOW (SNP),Fiona E HIGGINS Glasgow (Lab),Robert JH MOONEY Glasgow (Lab),skipped,skipped,skipped,,10
2048,Brian LAND (Ind),Seonad Mairi HOY (Grn),Jacqueline MCLAREN (SNP),Sandra WATSON (SNP),Allan GOW (SNP),Fiona E HIGGINS Glasgow (Lab),Robert JH MOONEY Glasgow (Lab),skipped,skipped,skipped,,10
2049,Brian LAND (Ind),Seonad Mairi HOY (Grn),Robert JH MOONEY Glasgow (Lab),skipped,skipped,skipped,skipped,skipped,skipped,skipped,,10
2050,Brian LAND (Ind),Seonad Mairi HOY (Grn),Robert JH MOONEY Glasgow (Lab),skipped,skipped,skipped,skipped,skipped,skipped,skipped,,10
2051,Brian LAND (Ind),Seonad Mairi HOY (Grn),Robert JH MOONEY Glasgow (Lab),skipped,skipped,skipped,skipped,skipped,skipped,skipped,,10
2052,Brian LAND (Ind),Seonad Mairi HOY (Grn),Robert JH MOONEY Glasgow (Lab),Fiona E HIGGINS Glasgow (Lab),Sandra WATSON (SNP),Martin Lawson OLU-OSAGIE (Alba),Allan GOW (SNP),skipped,skipped,skipped,,10
2053,Brian LAND (Ind),Seonad Mairi HOY (Grn),Sandra WATSON (SNP),skipped,skipped,skipped,skipped,skipped,skipped,skipped,,10
2054,Brian LAND (Ind),Seonad Mairi HOY (Grn),Sandra WATSON (SNP),Fiona E HIGGINS Glasgow (Lab),skipped,skipped,skipped,skipped,skipped,skipped,,10
2055,Brian LAND (Ind),Seonad Mairi HOY (Grn),Sandra WATSON (SNP),Allan GOW (SNP),Scott SIMPSON (LD),skipped,skipped,skipped,skipped,skipped,,10
2056,Brian LAND (Ind),Seonad Mairi HOY (Grn),Sandra WATSON (SNP),Jacqueline MCLAREN (SNP),Allan GOW (SNP),Fiona E HIGGINS Glasgow (Lab),Scott SIMPSON (LD),skipped,skipped,skipped,,10
2057,Brian LAND (Ind),Seonad Mairi HOY (Grn),Sandra WATSON (SNP),Jacqueline MCLAREN (SNP),Allan GOW (SNP),Martin Lawson OLU-OSAGIE (Alba),Fiona E HIGGINS Glasgow (Lab),skipped,skipped,skipped,,10
2058,Brian LAND (Ind),Seonad Mairi HOY (Grn),Sandra WATSON (SNP),Robert JH MOONEY Glasgow (Lab),Fiona E HIGGINS Glasgow (Lab),Allan GOW (SNP),Jacqueline MCLAREN (SNP),skipped,skipped,skipped,,10
2059,Brian LAND (Ind),Fiona E HIGGINS Glasgow (Lab),skipped,skipped,skipped,skipped,skipped,skipped,skipped,skipped,,10
2060,Brian LAND (Ind),Fiona E HIGGINS Glasgow (Lab),skipped,skipped,skipped,skipped,skipped,skipped,skipped,skipped,,10
2061,Brian LAND (Ind),Fiona E HIGGINS Glasgow (Lab),skipped,skipped,skipped,skipped,skipped,skipped,skipped,skipped,,10
2062,Brian LAND (Ind),Fiona E HIGGINS Glasgow (Lab),skipped,skipped,skipped,skipped,skipped,skipped,skipped,skipped,,10
2063,Brian LAND (Ind),Fiona E HIGGINS Glasgow (Lab),skipped,skipped,skipped,skipped,skipped,skipped,skipped,skipped,,10
2064,Brian LAND (Ind),Fiona E HIGGINS Glasgow (Lab),skipped,skipped,skipped,skipped,skipped,skipped,skipped,skipped,,10
2065,Brian LAND (Ind),Fiona E HIGGINS Glasgow (Lab),skipped,skipped,skipped,skipped,skipped,skipped,skipped,skipped,,10
2066,Brian LAND (Ind),Fiona E HIGGINS Glasgow (Lab),skipped,skipped,skipped,skipped,skipped,skipped,skipped,skipped,,10
2067,Brian LAND (Ind),Fiona E HIGGINS Glasgow (Lab),skipped,skipped,skipped,skipped,skipped,skipped,skipped,skipped,,10
2068,Brian LAND (Ind),Fiona E HIGGINS Glasgow (Lab),skipped,skipped,skipped,skipped,skipped,skipped,skipped,skipped,,10
2069,Brian LAND (Ind),Fiona E HIGGINS Glasgow (Lab),skipped,skipped,skipped,skipped,skipped,skipped,skipped,skipped,,10
2070,Brian LAND (Ind),Fiona E HIGGINS Glasgow (Lab),skipped,skipped,skipped,skipped,skipped,skipped,skipped,skipped,,10
2071,Brian LAND (Ind),Fiona E HIGGINS Glasgow (Lab),skipped,skipped,skipped,skipped,skipped,skipped,skipped,skipped,,10
2072,Brian LAND (Ind),Fiona E HIGGINS Glasgow (Lab),skipped,skipped,skipped,skipped,skipped,skipped,skipped,skipped,,10
2073,Brian LAND (Ind),Fiona E HIGGINS Glasgow (Lab),skipped,skipped,skipped,skipped,skipped,skipped,skipped,skipped,,10
2074,Brian LAND (Ind),Fiona E HIGGINS Glasgow (Lab),skipped,skipped,skipped,skipped,skipped,skipped,skipped,skipped,,10
2075,Brian LAND (Ind),Fiona E HIGGINS Glasgow (Lab),skipped,skipped,skipped,skipped,skipped,skipped,skipped,skipped,,10
2076,Brian LAND (Ind),Fiona E HIGGINS Glasgow (Lab),skipped,skipped,skipped,skipped,skipped,skipped,skipped,skipped,,10
2077,Brian LAND (Ind),Fiona E HIGGINS Glasgow (Lab),skipped,skipped,skipped,skipped,skipped,skipped,skipped,skipped,,10
2078,Brian LAND (Ind),Fiona E HIGGINS Glasgow (Lab),skipped,skipped,skipped,skipped,skipped,skipped,skipped,skipped,,10
2079,Brian LAND (Ind),Fiona E HIGGINS Glasgow (Lab),skipped,skipped,skipped,skipped,skipped,skipped,skipped,skipped,,10
2080,Brian LAND (Ind),Fiona E HIGGINS Glasgow (Lab),skipped,skipped,skipped,skipped,skipped,skipped,skipped,skipped,,10
2081,Brian LAND (Ind),Fiona E HIGGINS Glasgow (Lab),Seonad Mairi HOY (Grn),skipped,skipped,skipped,skipped,skipped,skipped,skipped,,10
2082,Brian LAND (Ind),Fiona E HIGGINS Glasgow (Lab),Seonad Mairi HOY (Grn),skipped,skipped,skipped,skipped,skipped,skipped,skipped,,10
2083,Brian LAND (Ind),Fiona E HIGGINS Glasgow (Lab),Seonad Mairi HOY (Grn),skipped,skipped,skipped,skipped,skipped,skipped,skipped,,10
2084,Brian LAND (Ind),Fiona E HIGGINS Glasgow (Lab),Seonad Mairi HOY (Grn),Robert JH MOONEY Glasgow (Lab),skipped,skipped,skipped,skipped,skipped,skipped,,10
2085,Brian LAND (Ind),Fiona E HIGGINS Glasgow (Lab),Seonad Mairi HOY (Grn),Robert JH MOONEY Glasgow (Lab),Scott SIMPSON (LD),skipped,skipped,skipped,skipped,skipped,,10
2086,Brian LAND (Ind),Fiona E HIGGINS Glasgow (Lab),Martin Lawson OLU-OSAGIE (Alba),Scott SIMPSON (LD),skipped,skipped,skipped,skipped,skipped,skipped,,10
2087,Brian LAND (Ind),Fiona E HIGGINS Glasgow (Lab),Maria WELLS (Con),skipped,skipped,skipped,skipped,skipped,skipped,skipped,,10
2088,Brian LAND (Ind),Fiona E HIGGINS Glasgow (Lab),Maria WELLS (Con),Jacqueline MCLAREN (SNP),skipped,skipped,skipped,skipped,skipped,skipped,,10
2089,Brian LAND (Ind),Fiona E HIGGINS Glasgow (Lab),Allan GOW (SNP),skipped,skipped,skipped,skipped,skipped,skipped,skipped,,10
2090,Brian LAND (Ind),Fiona E HIGGINS Glasgow (Lab),Allan GOW (SNP),skipped,skipped,skipped,skipped,skipped,skipped,skipped,,10
2091,Brian LAND (Ind),Fiona E HIGGINS Glasgow (Lab),Allan GOW (SNP),skipped,skipped,skipped,skipped,skipped,skipped,skipped,,10
2092,Brian LAND (Ind),Fiona E HIGGINS Glasgow (Lab),Allan GOW (SNP),skipped,skipped,skipped,skipped,skipped,skipped,skipped,,10
2093,Brian LAND (Ind),Fiona E HIGGINS Glasgow (Lab),Allan GOW (SNP),skipped,skipped,skipped,skipped,skipped,skipped,skipped,,10
2094,Brian LAND (Ind),Fiona E HIGGINS Glasgow (Lab),Allan GOW (SNP),skipped,skipped,skipped,skipped,skipped,skipped,skipped,,10
2095,Brian LAND (Ind),Fiona E HIGGINS Glasgow (Lab),Allan GOW (SNP),skipped,skipped,skipped,skipped,skipped,skipped,skipped,,10
2096,Brian LAND (Ind),Fiona E HIGGINS Glasgow (Lab),Allan GOW (SNP),Jacqueline MCLAREN (SNP),Robert JH MOONEY Glasgow (Lab),skipped,skipped,skipped,skipped,skipped,,10
2097,Brian LAND (Ind),Fiona E HIGGINS Glasgow (Lab),Allan GOW (SNP),Jacqueline MCLAREN (SNP),Robert JH MOONEY Glasgow (Lab),Seonad Mairi HOY (Grn),Sandra WATSON (SNP),skipped,skipped,skipped,,10
2098,Brian LAND (Ind),Fiona E HIGGINS Glasgow (Lab),Allan GOW (SNP),Jacqueline MCLAREN (SNP),Robert JH MOONEY Glasgow (Lab),Sandra WATSON (SNP),skipped,skipped,skipped,skipped,,10
2099,Brian LAND (Ind),Fiona E HIGGINS Glasgow (Lab),Allan GOW (SNP),Jacqueline MCLAREN (SNP),Robert JH MOONEY Glasgow (Lab),Sandra WATSON (SNP),skipped,skipped,skipped,skipped,,10
2100,Brian LAND (Ind),Fiona E HIGGINS Glasgow (Lab),Allan GOW (SNP),Robert JH MOONEY Glasgow (Lab),skipped,skipped,skipped,skipped,skipped,skipped,,10
2101,Brian LAND (Ind),Fiona E HIGGINS Glasgow (Lab),Robert JH MOONEY Glasgow (Lab),skipped,skipped,skipped,skipped,skipped,skipped,skipped,,10
2102,Brian LAND (Ind),Fiona E HIGGINS Glasgow (Lab),Robert JH MOONEY Glasgow (Lab),skipped,skipped,skipped,skipped,skipped,skipped,skipped,,10
2103,Brian LAND (Ind),Fiona E HIGGINS Glasgow (Lab),Robert JH MOONEY Glasgow (Lab),skipped,skipped,skipped,skipped,skipped,skipped,skipped,,10
2104,Brian LAND (Ind),Fiona E HIGGINS Glasgow (Lab),Robert JH MOONEY Glasgow (Lab),skipped,skipped,skipped,skipped,skipped,skipped,skipped,,10
2105,Brian LAND (Ind),Fiona E HIGGINS Glasgow (Lab),Robert JH MOONEY Glasgow (Lab),skipped,skipped,skipped,skipped,skipped,skipped,skipped,,10
2106,Brian LAND (Ind),Fiona E HIGGINS Glasgow (Lab),Robert JH MOONEY Glasgow (Lab),skipped,skipped,skipped,skipped,skipped,skipped,skipped,,10
2107,Brian LAND (Ind),Fiona E HIGGINS Glasgow (Lab),Robert JH MOONEY Glasgow (Lab),skipped,skipped,skipped,skipped,skipped,skipped,skipped,,10
2108,Brian LAND (Ind),Fiona E HIGGINS Glasgow (Lab),Robert JH MOONEY Glasgow (Lab),skipped,skipped,skipped,skipped,skipped,skipped,skipped,,10
2109,Brian LAND (Ind),Fiona E HIGGINS Glasgow (Lab),Robert JH MOONEY Glasgow (Lab),skipped,skipped,skipped,skipped,skipped,skipped,skipped,,10
2110,Brian LAND (Ind),Fiona E HIGGINS Glasgow (Lab),Robert JH MOONEY Glasgow (Lab),skipped,skipped,skipped,skipped,skipped,skipped,skipped,,10
2111,Brian LAND (Ind),Fiona E HIGGINS Glasgow (Lab),Robert JH MOONEY Glasgow (Lab),skipped,skipped,skipped,skipped,skipped,skipped,skipped,,10
2112,Brian LAND (Ind),Fiona E HIGGINS Glasgow (Lab),Robert JH MOONEY Glasgow (Lab),skipped,skipped,skipped,skipped,skipped,skipped,skipped,,10
2113,Brian LAND (Ind),Fiona E HIGGINS Glasgow (Lab),Robert JH MOONEY Glasgow (Lab),skipped,skipped,skipped,skipped,skipped,skipped,skipped,,10
2114,Brian LAND (Ind),Fiona E HIGGINS Glasgow (Lab),Robert JH MOONEY Glasgow (Lab),skipped,skipped,skipped,skipped,skipped,skipped,skipped,,10
2115,Brian LAND (Ind),Fiona E HIGGINS Glasgow (Lab),Robert JH MOONEY Glasgow (Lab),skipped,skipped,skipped,skipped,skipped,skipped,skipped,,10
2116,Brian LAND (Ind),Fiona E HIGGINS Glasgow (Lab),Robert JH MOONEY Glasgow (Lab),skipped,skipped,skipped,skipped,skipped,skipped,skipped,,10
2117,Brian LAND (Ind),Fiona E HIGGINS Glasgow (Lab),Robert JH MOONEY Glasgow (Lab),skipped,skipped,skipped,skipped,skipped,skipped,skipped,,10
2118,Brian LAND (Ind),Fiona E HIGGINS Glasgow (Lab),Robert JH MOONEY Glasgow (Lab),skipped,skipped,skipped,skipped,skipped,skipped,skipped,,10
2119,Brian LAND (Ind),Fiona E HIGGINS Glasgow (Lab),Robert JH MOONEY Glasgow (Lab),skipped,skipped,skipped,skipped,skipped,skipped,skipped,,10
2120,Brian LAND (Ind),Fiona E HIGGINS Glasgow (Lab),Robert JH MOONEY Glasgow (Lab),skipped,skipped,skipped,skipped,skipped,skipped,skipped,,10
2121,Brian LAND (Ind),Fiona E HIGGINS Glasgow (Lab),Robert JH MOONEY Glasgow (Lab),skipped,skipped,skipped,skipped,skipped,skipped,skipped,,10
2122,Brian LAND (Ind),Fiona E HIGGINS Glasgow (Lab),Robert JH MOONEY Glasgow (Lab),skipped,skipped,skipped,skipped,skipped,skipped,skipped,,10
2123,Brian LAND (Ind),Fiona E HIGGINS Glasgow (Lab),Robert JH MOONEY Glasgow (Lab),skipped,skipped,skipped,skipped,skipped,skipped,skipped,,10
2124,Brian LAND (Ind),Fiona E HIGGINS Glasgow (Lab),Robert JH MOONEY Glasgow (Lab),skipped,skipped,skipped,skipped,skipped,skipped,skipped,,10
2125,Brian LAND (Ind),Fiona E HIGGINS Glasgow (Lab),Robert JH MOONEY Glasgow (Lab),skipped,skipped,skipped,skipped,skipped,skipped,skipped,,10
2126,Brian LAND (Ind),Fiona E HIGGINS Glasgow (Lab),Robert JH MOONEY Glasgow (Lab),skipped,skipped,skipped,skipped,skipped,skipped,skipped,,10
2127,Brian LAND (Ind),Fiona E HIGGINS Glasgow (Lab),Robert JH MOONEY Glasgow (Lab),skipped,skipped,skipped,skipped,skipped,skipped,skipped,,10
2128,Brian LAND (Ind),Fiona E HIGGINS Glasgow (Lab),Robert JH MOONEY Glasgow (Lab),skipped,skipped,skipped,skipped,skipped,skipped,skipped,,10
2129,Brian LAND (Ind),Fiona E HIGGINS Glasgow (Lab),Robert JH MOONEY Glasgow (Lab),skipped,skipped,skipped,skipped,skipped,skipped,skipped,,10
2130,Brian LAND (Ind),Fiona E HIGGINS Glasgow (Lab),Robert JH MOONEY Glasgow (Lab),skipped,skipped,skipped,skipped,skipped,skipped,skipped,,10
2131,Brian LAND (Ind),Fiona E HIGGINS Glasgow (Lab),Robert JH MOONEY Glasgow (Lab),skipped,skipped,skipped,skipped,skipped,skipped,skipped,,10
2132,Brian LAND (Ind),Fiona E HIGGINS Glasgow (Lab),Robert JH MOONEY Glasgow (Lab),skipped,skipped,skipped,skipped,skipped,skipped,skipped,,10
2133,Brian LAND (Ind),Fiona E HIGGINS Glasgow (Lab),Robert JH MOONEY Glasgow (Lab),skipped,skipped,skipped,skipped,skipped,skipped,skipped,,10
2134,Brian LAND (Ind),Fiona E HIGGINS Glasgow (Lab),Robert JH MOONEY Glasgow (Lab),skipped,skipped,skipped,skipped,skipped,skipped,skipped,,10
2135,Brian LAND (Ind),Fiona E HIGGINS Glasgow (Lab),Robert JH MOONEY Glasgow (Lab),skipped,skipped,skipped,skipped,skipped,skipped,skipped,,10
2136,Brian LAND (Ind),Fiona E HIGGINS Glasgow (Lab),Robert JH MOONEY Glasgow (Lab),skipped,skipped,skipped,skipped,skipped,skipped,skipped,,10
2137,Brian LAND (Ind),Fiona E HIGGINS Glasgow (Lab),Robert JH MOONEY Glasgow (Lab),skipped,skipped,skipped,skipped,skipped,skipped,skipped,,10
2138,Brian LAND (Ind),Fiona E HIGGINS Glasgow (Lab),Robert JH MOONEY Glasgow (Lab),skipped,skipped,skipped,skipped,skipped,skipped,skipped,,10
2139,Brian LAND (Ind),Fiona E HIGGINS Glasgow (Lab),Robert JH MOONEY Glasgow (Lab),skipped,skipped,skipped,skipped,skipped,skipped,skipped,,10
2140,Brian LAND (Ind),Fiona E HIGGINS Glasgow (Lab),Robert JH MOONEY Glasgow (Lab),skipped,skipped,skipped,skipped,skipped,skipped,skipped,,10
2141,Brian LAND (Ind),Fiona E HIGGINS Glasgow (Lab),Robert JH MOONEY Glasgow (Lab),skipped,skipped,skipped,skipped,skipped,skipped,skipped,,10
2142,Brian LAND (Ind),Fiona E HIGGINS Glasgow (Lab),Robert JH MOONEY Glasgow (Lab),skipped,skipped,skipped,skipped,skipped,skipped,skipped,,10
2143,Brian LAND (Ind),Fiona E HIGGINS Glasgow (Lab),Robert JH MOONEY Glasgow (Lab),skipped,skipped,skipped,skipped,skipped,skipped,skipped,,10
2144,Brian LAND (Ind),Fiona E HIGGINS Glasgow (Lab),Robert JH MOONEY Glasgow (Lab),skipped,skipped,skipped,skipped,skipped,skipped,skipped,,10
2145,Brian LAND (Ind),Fiona E HIGGINS Glasgow (Lab),Robert JH MOONEY Glasgow (Lab),skipped,skipped,skipped,skipped,skipped,skipped,skipped,,10
2146,Brian LAND (Ind),Fiona E HIGGINS Glasgow (Lab),Robert JH MOONEY Glasgow (Lab),skipped,skipped,skipped,skipped,skipped,skipped,skipped,,10
2147,Brian LAND (Ind),Fiona E HIGGINS Glasgow (Lab),Robert JH MOONEY Glasgow (Lab),skipped,skipped,skipped,skipped,skipped,skipped,skipped,,10
2148,Brian LAND (Ind),Fiona E HIGGINS Glasgow (Lab),Robert JH MOONEY Glasgow (Lab),skipped,skipped,skipped,skipped,skipped,skipped,skipped,,10
2149,Brian LAND (Ind),Fiona E HIGGINS Glasgow (Lab),Robert JH MOONEY Glasgow (Lab),skipped,skipped,skipped,skipped,skipped,skipped,skipped,,10
2150,Brian LAND (Ind),Fiona E HIGGINS Glasgow (Lab),Robert JH MOONEY Glasgow (Lab),skipped,skipped,skipped,skipped,skipped,skipped,skipped,,10
2151,Brian LAND (Ind),Fiona E HIGGINS Glasgow (Lab),Robert JH MOONEY Glasgow (Lab),skipped,skipped,skipped,skipped,skipped,skipped,skipped,,10
2152,Brian LAND (Ind),Fiona E HIGGINS Glasgow (Lab),Robert JH MOONEY Glasgow (Lab),skipped,skipped,skipped,skipped,skipped,skipped,skipped,,10
2153,Brian LAND (Ind),Fiona E HIGGINS Glasgow (Lab),Robert JH MOONEY Glasgow (Lab),skipped,skipped,skipped,skipped,skipped,skipped,skipped,,10
2154,Brian LAND (Ind),Fiona E HIGGINS Glasgow (Lab),Robert JH MOONEY Glasgow (Lab),skipped,skipped,skipped,skipped,skipped,skipped,skipped,,10
2155,Brian LAND (Ind),Fiona E HIGGINS Glasgow (Lab),Robert JH MOONEY Glasgow (Lab),skipped,skipped,skipped,skipped,skipped,skipped,skipped,,10
2156,Brian LAND (Ind),Fiona E HIGGINS Glasgow (Lab),Robert JH MOONEY Glasgow (Lab),skipped,skipped,skipped,skipped,skipped,skipped,skipped,,10
2157,Brian LAND (Ind),Fiona E HIGGINS Glasgow (Lab),Robert JH MOONEY Glasgow (Lab),skipped,skipped,skipped,skipped,skipped,skipped,skipped,,10
2158,Brian LAND (Ind),Fiona E HIGGINS Glasgow (Lab),Robert JH MOONEY Glasgow (Lab),skipped,skipped,skipped,skipped,skipped,skipped,skipped,,10
2159,Brian LAND (Ind),Fiona E HIGGINS Glasgow (Lab),Robert JH MOONEY Glasgow (Lab),skipped,skipped,skipped,skipped,skipped,skipped,skipped,,10
2160,Brian LAND (Ind),Fiona E HIGGINS Glasgow (Lab),Robert JH MOONEY Glasgow (Lab),skipped,skipped,skipped,skipped,skipped,skipped,skipped,,10
2161,Brian LAND (Ind),Fiona E HIGGINS Glasgow (Lab),Robert JH MOONEY Glasgow (Lab),skipped,skipped,skipped,skipped,skipped,skipped,skipped,,10
2162,Brian LAND (Ind),Fiona E HIGGINS Glasgow (Lab),Robert JH MOONEY Glasgow (Lab),skipped,skipped,skipped,skipped,skipped,skipped,skipped,,10
2163,Brian LAND (Ind),Fiona E HIGGINS Glasgow (Lab),Robert JH MOONEY Glasgow (Lab),skipped,skipped,skipped,skipped,skipped,skipped,skipped,,10
2164,Brian LAND (Ind),Fiona E HIGGINS Glasgow (Lab),Robert JH MOONEY Glasgow (Lab),skipped,skipped,skipped,skipped,skipped,skipped,skipped,,10
2165,Brian LAND (Ind),Fiona E HIGGINS Glasgow (Lab),Robert JH MOONEY Glasgow (Lab),skipped,skipped,skipped,skipped,skipped,skipped,skipped,,10
2166,Brian LAND (Ind),Fiona E HIGGINS Glasgow (Lab),Robert JH MOONEY Glasgow (Lab),Seonad Mairi HOY (Grn),skipped,skipped,skipped,skipped,skipped,skipped,,10
2167,Brian LAND (Ind),Fiona E HIGGINS Glasgow (Lab),Robert JH MOONEY Glasgow (Lab),Scott SIMPSON (LD),skipped,skipped,skipped,skipped,skipped,skipped,,10
2168,Brian LAND (Ind),Fiona E HIGGINS Glasgow (Lab),Robert JH MOONEY Glasgow (Lab),Scott SIMPSON (LD),Seonad Mairi HOY (Grn),skipped,skipped,skipped,skipped,skipped,,10
2169,Brian LAND (Ind),Fiona E HIGGINS Glasgow (Lab),Robert JH MOONEY Glasgow (Lab),Scott SIMPSON (LD),Maria WELLS (Con),Seonad Mairi HOY (Grn),Allan GOW (SNP),skipped,skipped,skipped,,10
2170,Brian LAND (Ind),Fiona E HIGGINS Glasgow (Lab),Robert JH MOONEY Glasgow (Lab),Scott SIMPSON (LD),Allan GOW (SNP),skipped,skipped,skipped,skipped,skipped,,10
2171,Brian LAND (Ind),Fiona E HIGGINS Glasgow (Lab),Robert JH MOONEY Glasgow (Lab),Scott SIMPSON (LD),Allan GOW (SNP),Maria WELLS (Con),Sandra WATSON (SNP),skipped,skipped,skipped,,10
2172,Brian LAND (Ind),Fiona E HIGGINS Glasgow (Lab),Robert JH MOONEY Glasgow (Lab),Maria WELLS (Con),skipped,skipped,skipped,skipped,skipped,skipped,,10
2173,Brian LAND (Ind),Fiona E HIGGINS Glasgow (Lab),Robert JH MOONEY Glasgow (Lab),Maria WELLS (Con),Scott SIMPSON (LD),skipped,skipped,skipped,skipped,skipped,,10
2174,Brian LAND (Ind),Fiona E HIGGINS Glasgow (Lab),Robert JH MOONEY Glasgow (Lab),Allan GOW (SNP),skipped,skipped,skipped,skipped,skipped,skipped,,10
2175,Brian LAND (Ind),Fiona E HIGGINS Glasgow (Lab),Robert JH MOONEY Glasgow (Lab),Allan GOW (SNP),skipped,skipped,skipped,skipped,skipped,skipped,,10
2176,Brian LAND (Ind),Fiona E HIGGINS Glasgow (Lab),Robert JH MOONEY Glasgow (Lab),Allan GOW (SNP),Seonad Mairi HOY (Grn),Jacqueline MCLAREN (SNP),Martin Lawson OLU-OSAGIE (Alba),skipped,skipped,skipped,,10
2177,Brian LAND (Ind),Fiona E HIGGINS Glasgow (Lab),Robert JH MOONEY Glasgow (Lab),Allan GOW (SNP),Jacqueline MCLAREN (SNP),Martin Lawson OLU-OSAGIE (Alba),Sandra WATSON (SNP),skipped,skipped,skipped,,10
2178,Brian LAND (Ind),Fiona E HIGGINS Glasgow (Lab),Robert JH MOONEY Glasgow (Lab),Allan GOW (SNP),Jacqueline MCLAREN (SNP),Sandra WATSON (SNP),Seonad Mairi HOY (Grn),skipped,skipped,skipped,,10
2179,Brian LAND (Ind),Fiona E HIGGINS Glasgow (Lab),Robert JH MOONEY Glasgow (Lab),Allan GOW (SNP),Jacqueline MCLAREN (SNP),Sandra WATSON (SNP),Scott SIMPSON (LD),skipped,skipped,skipped,,10
2180,Brian LAND (Ind),Fiona E HIGGINS Glasgow (Lab),Robert JH MOONEY Glasgow (Lab),Jacqueline MCLAREN (SNP),skipped,skipped,skipped,skipped,skipped,skipped,,10
2181,Brian LAND (Ind),Fiona E HIGGINS Glasgow (Lab),Robert JH MOONEY Glasgow (Lab),Sandra WATSON (SNP),skipped,skipped,skipped,skipped,skipped,skipped,,10
2182,Brian LAND (Ind),Fiona E HIGGINS Glasgow (Lab),Robert JH MOONEY Glasgow (Lab),Sandra WATSON (SNP),skipped,skipped,skipped,skipped,skipped,skipped,,10
2183,Brian LAND (Ind),Fiona E HIGGINS Glasgow (Lab),Sandra WATSON (SNP),skipped,skipped,skipped,skipped,skipped,skipped,skipped,,10
2184,Brian LAND (Ind),Fiona E HIGGINS Glasgow (Lab),Sandra WATSON (SNP),skipped,skipped,skipped,skipped,skipped,skipped,skipped,,10
2185,Brian LAND (Ind),Fiona E HIGGINS Glasgow (Lab),Sandra WATSON (SNP),skipped,skipped,skipped,skipped,skipped,skipped,skipped,,10
2186,Brian LAND (Ind),Martin Lawson OLU-OSAGIE (Alba),skipped,skipped,skipped,skipped,skipped,skipped,skipped,skipped,,10
2187,Brian LAND (Ind),Martin Lawson OLU-OSAGIE (Alba),skipped,skipped,skipped,skipped,skipped,skipped,skipped,skipped,,10
2188,Brian LAND (Ind),Martin Lawson OLU-OSAGIE (Alba),skipped,skipped,skipped,skipped,skipped,skipped,skipped,skipped,,10
2189,Brian LAND (Ind),Martin Lawson OLU-OSAGIE (Alba),skipped,skipped,skipped,skipped,skipped,skipped,skipped,skipped,,10
2190,Brian LAND (Ind),Martin Lawson OLU-OSAGIE (Alba),skipped,skipped,skipped,skipped,skipped,skipped,skipped,skipped,,10
2191,Brian LAND (Ind),Martin Lawson OLU-OSAGIE (Alba),skipped,skipped,skipped,skipped,skipped,skipped,skipped,skipped,,10
2192,Brian LAND (Ind),Martin Lawson OLU-OSAGIE (Alba),Seonad Mairi HOY (Grn),skipped,skipped,skipped,skipped,skipped,skipped,skipped,,10
2193,Brian LAND (Ind),Martin Lawson OLU-OSAGIE (Alba),Seonad Mairi HOY (Grn),Allan GOW (SNP),skipped,skipped,skipped,skipped,skipped,skipped,,10
2194,Brian LAND (Ind),Martin Lawson OLU-OSAGIE (Alba),Seonad Mairi HOY (Grn),Robert JH MOONEY Glasgow (Lab),skipped,skipped,skipped,skipped,skipped,skipped,,10
2195,Brian LAND (Ind),Martin Lawson OLU-OSAGIE (Alba),Seonad Mairi HOY (Grn),Robert JH MOONEY Glasgow (Lab),skipped,skipped,skipped,skipped,skipped,skipped,,10
2196,Brian LAND (Ind),Martin Lawson OLU-OSAGIE (Alba),Fiona E HIGGINS Glasgow (Lab),skipped,skipped,skipped,skipped,skipped,skipped,skipped,,10
2197,Brian LAND (Ind),Martin Lawson OLU-OSAGIE (Alba),Fiona E HIGGINS Glasgow (Lab),skipped,skipped,skipped,skipped,skipped,skipped,skipped,,10
2198,Brian LAND (Ind),Martin Lawson OLU-OSAGIE (Alba),Fiona E HIGGINS Glasgow (Lab),Scott SIMPSON (LD),Maria WELLS (Con),Robert JH MOONEY Glasgow (Lab),Sandra WATSON (SNP),skipped,skipped,skipped,,10
2199,Brian LAND (Ind),Martin Lawson OLU-OSAGIE (Alba),Fiona E HIGGINS Glasgow (Lab),Robert JH MOONEY Glasgow (Lab),Allan GOW (SNP),Sandra WATSON (SNP),Seonad Mairi HOY (Grn),skipped,skipped,skipped,,10
2200,Brian LAND (Ind),Martin Lawson OLU-OSAGIE (Alba),Scott SIMPSON (LD),Maria WELLS (Con),Fiona E HIGGINS Glasgow (Lab),Allan GOW (SNP),Seonad Mairi HOY (Grn),skipped,skipped,skipped,,10
2201,Brian LAND (Ind),Martin Lawson OLU-OSAGIE (Alba),Maria WELLS (Con),skipped,skipped,skipped,skipped,skipped,skipped,skipped,,10
2202,Brian LAND (Ind),Martin Lawson OLU-OSAGIE (Alba),Maria WELLS (Con),skipped,skipped,skipped,skipped,skipped,skipped,skipped,,10
2203,Brian LAND (Ind),Martin Lawson OLU-OSAGIE (Alba),Allan GOW (SNP),skipped,skipped,skipped,skipped,skipped,skipped,skipped,,10
2204,Brian LAND (Ind),Martin Lawson OLU-OSAGIE (Alba),Allan GOW (SNP),skipped,skipped,skipped,skipped,skipped,skipped,skipped,,10
2205,Brian LAND (Ind),Martin Lawson OLU-OSAGIE (Alba),Allan GOW (SNP),Jacqueline MCLAREN (SNP),Sandra WATSON (SNP),skipped,skipped,skipped,skipped,skipped,,10
2206,Brian LAND (Ind),Martin Lawson OLU-OSAGIE (Alba),Jacqueline MCLAREN (SNP),skipped,skipped,skipped,skipped,skipped,skipped,skipped,,10
2207,Brian LAND (Ind),Martin Lawson OLU-OSAGIE (Alba),Jacqueline MCLAREN (SNP),Allan GOW (SNP),Fiona E HIGGINS Glasgow (Lab),Seonad Mairi HOY (Grn),Robert JH MOONEY Glasgow (Lab),skipped,skipped,skipped,,10
2208,Brian LAND (Ind),Martin Lawson OLU-OSAGIE (Alba),Jacqueline MCLAREN (SNP),Allan GOW (SNP),Sandra WATSON (SNP),skipped,skipped,skipped,skipped,skipped,,10
2209,Brian LAND (Ind),Martin Lawson OLU-OSAGIE (Alba),Robert JH MOONEY Glasgow (Lab),skipped,skipped,skipped,skipped,skipped,skipped,skipped,,10
2210,Brian LAND (Ind),Martin Lawson OLU-OSAGIE (Alba),Robert JH MOONEY Glasgow (Lab),Fiona E HIGGINS Glasgow (Lab),Seonad Mairi HOY (Grn),Scott SIMPSON (LD),skipped,skipped,skipped,skipped,,10
2211,Brian LAND (Ind),Scott SIMPSON (LD),skipped,skipped,skipped,skipped,skipped,skipped,skipped,skipped,,10
2212,Brian LAND (Ind),Scott SIMPSON (LD),Seonad Mairi HOY (Grn),Maria WELLS (Con),skipped,skipped,skipped,skipped,skipped,skipped,,10
2213,Brian LAND (Ind),Scott SIMPSON (LD),Fiona E HIGGINS Glasgow (Lab),Seonad Mairi HOY (Grn),skipped,skipped,skipped,skipped,skipped,skipped,,10
2214,Brian LAND (Ind),Scott SIMPSON (LD),Fiona E HIGGINS Glasgow (Lab),Seonad Mairi HOY (Grn),Robert JH MOONEY Glasgow (Lab),skipped,skipped,skipped,skipped,skipped,,10
2215,Brian LAND (Ind),Scott SIMPSON (LD),Fiona E HIGGINS Glasgow (Lab),Robert JH MOONEY Glasgow (Lab),skipped,skipped,skipped,skipped,skipped,skipped,,10
2216,Brian LAND (Ind),Scott SIMPSON (LD),Martin Lawson OLU-OSAGIE (Alba),skipped,skipped,skipped,skipped,skipped,skipped,skipped,,10
2217,Brian LAND (Ind),Scott SIMPSON (LD),Maria WELLS (Con),Seonad Mairi HOY (Grn),skipped,skipped,skipped,skipped,skipped,skipped,,10
2218,Brian LAND (Ind),Scott SIMPSON (LD),Maria WELLS (Con),Fiona E HIGGINS Glasgow (Lab),skipped,skipped,skipped,skipped,skipped,skipped,,10
2219,Brian LAND (Ind),Scott SIMPSON (LD),Allan GOW (SNP),Robert JH MOONEY Glasgow (Lab),Jacqueline MCLAREN (SNP),Sandra WATSON (SNP),Fiona E HIGGINS Glasgow (Lab),skipped,skipped,skipped,,10
2220,Brian LAND (Ind),Scott SIMPSON (LD),Robert JH MOONEY Glasgow (Lab),skipped,skipped,skipped,skipped,skipped,skipped,skipped,,10
2221,Brian LAND (Ind),Scott SIMPSON (LD),Robert JH MOONEY Glasgow (Lab),Fiona E HIGGINS Glasgow (Lab),Seonad Mairi HOY (Grn),skipped,skipped,skipped,skipped,skipped,,10
2222,Brian LAND (Ind),Maria WELLS (Con),skipped,skipped,skipped,skipped,skipped,skipped,skipped,skipped,,10
2223,Brian LAND (Ind),Maria WELLS (Con),skipped,skipped,skipped,skipped,skipped,skipped,skipped,skipped,,10
2224,Brian LAND (Ind),Maria WELLS (Con),skipped,skipped,skipped,skipped,skipped,skipped,skipped,skipped,,10
2225,Brian LAND (Ind),Maria WELLS (Con),skipped,skipped,skipped,skipped,skipped,skipped,skipped,skipped,,10
2226,Brian LAND (Ind),Maria WELLS (Con),skipped,skipped,skipped,skipped,skipped,skipped,skipped,skipped,,10
2227,Brian LAND (Ind),Maria WELLS (Con),skipped,skipped,skipped,skipped,skipped,skipped,skipped,skipped,,10
2228,Brian LAND (Ind),Maria WELLS (Con),skipped,skipped,skipped,skipped,skipped,skipped,skipped,skipped,,10
2229,Brian LAND (Ind),Maria WELLS (Con),skipped,skipped,skipped,skipped,skipped,skipped,skipped,skipped,,10
2230,Brian LAND (Ind),Maria WELLS (Con),skipped,skipped,skipped,skipped,skipped,skipped,skipped,skipped,,10
2231,Brian LAND (Ind),Maria WELLS (Con),skipped,skipped,skipped,skipped,skipped,skipped,skipped,skipped,,10
2232,Brian LAND (Ind),Maria WELLS (Con),skipped,skipped,skipped,skipped,skipped,skipped,skipped,skipped,,10
2233,Brian LAND (Ind),Maria WELLS (Con),Fiona E HIGGINS Glasgow (Lab),Robert JH MOONEY Glasgow (Lab),skipped,skipped,skipped,skipped,skipped,skipped,,10
2234,Brian LAND (Ind),Maria WELLS (Con),Fiona E HIGGINS Glasgow (Lab),Robert JH MOONEY Glasgow (Lab),skipped,skipped,skipped,skipped,skipped,skipped,,10
2235,Brian LAND (Ind),Maria WELLS (Con),Fiona E HIGGINS Glasgow (Lab),Robert JH MOONEY Glasgow (Lab),skipped,skipped,skipped,skipped,skipped,skipped,,10
2236,Brian LAND (Ind),Maria WELLS (Con),Fiona E HIGGINS Glasgow (Lab),Robert JH MOONEY Glasgow (Lab),skipped,skipped,skipped,skipped,skipped,skipped,,10
2237,Brian LAND (Ind),Maria WELLS (Con),Fiona E HIGGINS Glasgow (Lab),Robert JH MOONEY Glasgow (Lab),skipped,skipped,skipped,skipped,skipped,skipped,,10
2238,Brian LAND (Ind),Maria WELLS (Con),Fiona E HIGGINS Glasgow (Lab),Robert JH MOONEY Glasgow (Lab),Scott SIMPSON (LD),skipped,skipped,skipped,skipped,skipped,,10
2239,Brian LAND (Ind),Maria WELLS (Con),Fiona E HIGGINS Glasgow (Lab),Robert JH MOONEY Glasgow (Lab),Scott SIMPSON (LD),skipped,skipped,skipped,skipped,skipped,,10
2240,Brian LAND (Ind),Maria WELLS (Con),Fiona E HIGGINS Glasgow (Lab),Robert JH MOONEY Glasgow (Lab),Scott SIMPSON (LD),Martin Lawson OLU-OSAGIE (Alba),Seonad Mairi HOY (Grn),skipped,skipped,skipped,,10
2241,Brian LAND (Ind),Maria WELLS (Con),Fiona E HIGGINS Glasgow (Lab),Sandra WATSON (SNP),Robert JH MOONEY Glasgow (Lab),Seonad Mairi HOY (Grn),skipped,skipped,skipped,skipped,,10
2242,Brian LAND (Ind),Maria WELLS (Con),Martin Lawson OLU-OSAGIE (Alba),Scott SIMPSON (LD),skipped,skipped,skipped,skipped,skipped,skipped,,10
2243,Brian LAND (Ind),Maria WELLS (Con),Scott SIMPSON (LD),skipped,skipped,skipped,skipped,skipped,skipped,skipped,,10
2244,Brian LAND (Ind),Maria WELLS (Con),Scott SIMPSON (LD),skipped,skipped,skipped,skipped,skipped,skipped,skipped,,10
2245,Brian LAND (Ind),Maria WELLS (Con),Scott SIMPSON (LD),skipped,skipped,skipped,skipped,skipped,skipped,skipped,,10
2246,Brian LAND (Ind),Maria WELLS (Con),Scott SIMPSON (LD),Fiona E HIGGINS Glasgow (Lab),skipped,skipped,skipped,skipped,skipped,skipped,,10
2247,Brian LAND (Ind),Maria WELLS (Con),Scott SIMPSON (LD),Robert JH MOONEY Glasgow (Lab),skipped,skipped,skipped,skipped,skipped,skipped,,10
2248,Brian LAND (Ind),Maria WELLS (Con),Allan GOW (SNP),Jacqueline MCLAREN (SNP),Sandra WATSON (SNP),Scott SIMPSON (LD),Martin Lawson OLU-OSAGIE (Alba),skipped,skipped,skipped,,10
2249,Brian LAND (Ind),Maria WELLS (Con),Allan GOW (SNP),Sandra WATSON (SNP),Scott SIMPSON (LD),Fiona E HIGGINS Glasgow (Lab),Seonad Mairi HOY (Grn),skipped,skipped,skipped,,10
2250,Brian LAND (Ind),Maria WELLS (Con),Robert JH MOONEY Glasgow (Lab),skipped,skipped,skipped,skipped,skipped,skipped,skipped,,10
2251,Brian LAND (Ind),Maria WELLS (Con),Robert JH MOONEY Glasgow (Lab),skipped,skipped,skipped,skipped,skipped,skipped,skipped,,10
2252,Brian LAND (Ind),Maria WELLS (Con),Robert JH MOONEY Glasgow (Lab),skipped,skipped,skipped,skipped,skipped,skipped,skipped,,10
2253,Brian LAND (Ind),Maria WELLS (Con),Robert JH MOONEY Glasgow (Lab),skipped,skipped,skipped,skipped,skipped,skipped,skipped,,10
2254,Brian LAND (Ind),Maria WELLS (Con),Robert JH MOONEY Glasgow (Lab),Fiona E HIGGINS Glasgow (Lab),Scott SIMPSON (LD),Martin Lawson OLU-OSAGIE (Alba),Seonad Mairi HOY (Grn),skipped,skipped,skipped,,10
2255,Brian LAND (Ind),Allan GOW (SNP),skipped,skipped,skipped,skipped,skipped,skipped,skipped,skipped,,10
2256,Brian LAND (Ind),Allan GOW (SNP),skipped,skipped,skipped,skipped,skipped,skipped,skipped,skipped,,10
2257,Brian LAND (Ind),Allan GOW (SNP),skipped,skipped,skipped,skipped,skipped,skipped,skipped,skipped,,10
2258,Brian LAND (Ind),Allan GOW (SNP),skipped,skipped,skipped,skipped,skipped,skipped,skipped,skipped,,10
2259,Brian LAND (Ind),Allan GOW (SNP),skipped,skipped,skipped,skipped,skipped,skipped,skipped,skipped,,10
2260,Brian LAND (Ind),Allan GOW (SNP),skipped,skipped,skipped,skipped,skipped,skipped,skipped,skipped,,10
2261,Brian LAND (Ind),Allan GOW (SNP),skipped,skipped,skipped,skipped,skipped,skipped,skipped,skipped,,10
2262,Brian LAND (Ind),Allan GOW (SNP),skipped,skipped,skipped,skipped,skipped,skipped,skipped,skipped,,10
2263,Brian LAND (Ind),Allan GOW (SNP),skipped,skipped,skipped,skipped,skipped,skipped,skipped,skipped,,10
2264,Brian LAND (Ind),Allan GOW (SNP),skipped,skipped,skipped,skipped,skipped,skipped,skipped,skipped,,10
2265,Brian LAND (Ind),Allan GOW (SNP),skipped,skipped,skipped,skipped,skipped,skipped,skipped,skipped,,10
2266,Brian LAND (Ind),Allan GOW (SNP),skipped,skipped,skipped,skipped,skipped,skipped,skipped,skipped,,10
2267,Brian LAND (Ind),Allan GOW (SNP),skipped,skipped,skipped,skipped,skipped,skipped,skipped,skipped,,10
2268,Brian LAND (Ind),Allan GOW (SNP),skipped,skipped,skipped,skipped,skipped,skipped,skipped,skipped,,10
2269,Brian LAND (Ind),Allan GOW (SNP),skipped,skipped,skipped,skipped,skipped,skipped,skipped,skipped,,10
2270,Brian LAND (Ind),Allan GOW (SNP),skipped,skipped,skipped,skipped,skipped,skipped,skipped,skipped,,10
2271,Brian LAND (Ind),Allan GOW (SNP),skipped,skipped,skipped,skipped,skipped,skipped,skipped,skipped,,10
2272,Brian LAND (Ind),Allan GOW (SNP),skipped,skipped,skipped,skipped,skipped,skipped,skipped,skipped,,10
2273,Brian LAND (Ind),Allan GOW (SNP),Seonad Mairi HOY (Grn),skipped,skipped,skipped,skipped,skipped,skipped,skipped,,10
2274,Brian LAND (Ind),Allan GOW (SNP),Seonad Mairi HOY (Grn),skipped,skipped,skipped,skipped,skipped,skipped,skipped,,10
2275,Brian LAND (Ind),Allan GOW (SNP),Seonad Mairi HOY (Grn),Fiona E HIGGINS Glasgow (Lab),skipped,skipped,skipped,skipped,skipped,skipped,,10
2276,Brian LAND (Ind),Allan GOW (SNP),Seonad Mairi HOY (Grn),Jacqueline MCLAREN (SNP),Sandra WATSON (SNP),skipped,skipped,skipped,skipped,skipped,,10
2277,Brian LAND (Ind),Allan GOW (SNP),Seonad Mairi HOY (Grn),Jacqueline MCLAREN (SNP),Sandra WATSON (SNP),Martin Lawson OLU-OSAGIE (Alba),skipped,skipped,skipped,skipped,,10
2278,Brian LAND (Ind),Allan GOW (SNP),Seonad Mairi HOY (Grn),Jacqueline MCLAREN (SNP),Sandra WATSON (SNP),Martin Lawson OLU-OSAGIE (Alba),Fiona E HIGGINS Glasgow (Lab),skipped,skipped,skipped,,10
2279,Brian LAND (Ind),Allan GOW (SNP),Seonad Mairi HOY (Grn),Jacqueline MCLAREN (SNP),Sandra WATSON (SNP),Martin Lawson OLU-OSAGIE (Alba),Scott SIMPSON (LD),skipped,skipped,skipped,,10
2280,Brian LAND (Ind),Allan GOW (SNP),Seonad Mairi HOY (Grn),Sandra WATSON (SNP),skipped,skipped,skipped,skipped,skipped,skipped,,10
2281,Brian LAND (Ind),Allan GOW (SNP),Fiona E HIGGINS Glasgow (Lab),skipped,skipped,skipped,skipped,skipped,skipped,skipped,,10
2282,Brian LAND (Ind),Allan GOW (SNP),Fiona E HIGGINS Glasgow (Lab),skipped,skipped,skipped,skipped,skipped,skipped,skipped,,10
2283,Brian LAND (Ind),Allan GOW (SNP),Fiona E HIGGINS Glasgow (Lab),Seonad Mairi HOY (Grn),skipped,skipped,skipped,skipped,skipped,skipped,,10
2284,Brian LAND (Ind),Allan GOW (SNP),Fiona E HIGGINS Glasgow (Lab),Seonad Mairi HOY (Grn),skipped,skipped,skipped,skipped,skipped,skipped,,10
2285,Brian LAND (Ind),Allan GOW (SNP),Fiona E HIGGINS Glasgow (Lab),Seonad Mairi HOY (Grn),Jacqueline MCLAREN (SNP),Robert JH MOONEY Glasgow (Lab),Martin Lawson OLU-OSAGIE (Alba),skipped,skipped,skipped,,10
2286,Brian LAND (Ind),Allan GOW (SNP),Fiona E HIGGINS Glasgow (Lab),Seonad Mairi HOY (Grn),Jacqueline MCLAREN (SNP),Robert JH MOONEY Glasgow (Lab),Martin Lawson OLU-OSAGIE (Alba),skipped,skipped,skipped,,10
2287,Brian LAND (Ind),Allan GOW (SNP),Fiona E HIGGINS Glasgow (Lab),Seonad Mairi HOY (Grn),Jacqueline MCLAREN (SNP),Robert JH MOONEY Glasgow (Lab),Sandra WATSON (SNP),skipped,skipped,skipped,,10
2288,Brian LAND (Ind),Allan GOW (SNP),Fiona E HIGGINS Glasgow (Lab),Jacqueline MCLAREN (SNP),skipped,skipped,skipped,skipped,skipped,skipped,,10
2289,Brian LAND (Ind),Allan GOW (SNP),Fiona E HIGGINS Glasgow (Lab),Jacqueline MCLAREN (SNP),skipped,skipped,skipped,skipped,skipped,skipped,,10
2290,Brian LAND (Ind),Allan GOW (SNP),Fiona E HIGGINS Glasgow (Lab),Jacqueline MCLAREN (SNP),Robert JH MOONEY Glasgow (Lab),Sandra WATSON (SNP),skipped,skipped,skipped,skipped,,10
2291,Brian LAND (Ind),Allan GOW (SNP),Fiona E HIGGINS Glasgow (Lab),Jacqueline MCLAREN (SNP),Robert JH MOONEY Glasgow (Lab),Sandra WATSON (SNP),Seonad Mairi HOY (Grn),skipped,skipped,skipped,,10
2292,Brian LAND (Ind),Allan GOW (SNP),Fiona E HIGGINS Glasgow (Lab),Jacqueline MCLAREN (SNP),Sandra WATSON (SNP),Martin Lawson OLU-OSAGIE (Alba),Robert JH MOONEY Glasgow (Lab),skipped,skipped,skipped,,10
2293,Brian LAND (Ind),Allan GOW (SNP),Fiona E HIGGINS Glasgow (Lab),Robert JH MOONEY Glasgow (Lab),Jacqueline MCLAREN (SNP),Seonad Mairi HOY (Grn),Sandra WATSON (SNP),skipped,skipped,skipped,,10
2294,Brian LAND (Ind),Allan GOW (SNP),Martin Lawson OLU-OSAGIE (Alba),skipped,skipped,skipped,skipped,skipped,skipped,skipped,,10
2295,Brian LAND (Ind),Allan GOW (SNP),Martin Lawson OLU-OSAGIE (Alba),skipped,skipped,skipped,skipped,skipped,skipped,skipped,,10
2296,Brian LAND (Ind),Allan GOW (SNP),Martin Lawson OLU-OSAGIE (Alba),Sandra WATSON (SNP),skipped,skipped,skipped,skipped,skipped,skipped,,10
2297,Brian LAND (Ind),Allan GOW (SNP),Scott SIMPSON (LD),Jacqueline MCLAREN (SNP),Sandra WATSON (SNP),Seonad Mairi HOY (Grn),Martin Lawson OLU-OSAGIE (Alba),skipped,skipped,skipped,,10
2298,Brian LAND (Ind),Allan GOW (SNP),Jacqueline MCLAREN (SNP),skipped,skipped,skipped,skipped,skipped,skipped,skipped,,10
2299,Brian LAND (Ind),Allan GOW (SNP),Jacqueline MCLAREN (SNP),skipped,skipped,skipped,skipped,skipped,skipped,skipped,,10
2300,Brian LAND (Ind),Allan GOW (SNP),Jacqueline MCLAREN (SNP),skipped,skipped,skipped,skipped,skipped,skipped,skipped,,10
2301,Brian LAND (Ind),Allan GOW (SNP),Jacqueline MCLAREN (SNP),skipped,skipped,skipped,skipped,skipped,skipped,skipped,,10
2302,Brian LAND (Ind),Allan GOW (SNP),Jacqueline MCLAREN (SNP),skipped,skipped,skipped,skipped,skipped,skipped,skipped,,10
2303,Brian LAND (Ind),Allan GOW (SNP),Jacqueline MCLAREN (SNP),skipped,skipped,skipped,skipped,skipped,skipped,skipped,,10
2304,Brian LAND (Ind),Allan GOW (SNP),Jacqueline MCLAREN (SNP),skipped,skipped,skipped,skipped,skipped,skipped,skipped,,10
2305,Brian LAND (Ind),Allan GOW (SNP),Jacqueline MCLAREN (SNP),skipped,skipped,skipped,skipped,skipped,skipped,skipped,,10
2306,Brian LAND (Ind),Allan GOW (SNP),Jacqueline MCLAREN (SNP),skipped,skipped,skipped,skipped,skipped,skipped,skipped,,10
2307,Brian LAND (Ind),Allan GOW (SNP),Jacqueline MCLAREN (SNP),skipped,skipped,skipped,skipped,skipped,skipped,skipped,,10
2308,Brian LAND (Ind),Allan GOW (SNP),Jacqueline MCLAREN (SNP),skipped,skipped,skipped,skipped,skipped,skipped,skipped,,10
2309,Brian LAND (Ind),Allan GOW (SNP),Jacqueline MCLAREN (SNP),skipped,skipped,skipped,skipped,skipped,skipped,skipped,,10
2310,Brian LAND (Ind),Allan GOW (SNP),Jacqueline MCLAREN (SNP),skipped,skipped,skipped,skipped,skipped,skipped,skipped,,10
2311,Brian LAND (Ind),Allan GOW (SNP),Jacqueline MCLAREN (SNP),skipped,skipped,skipped,skipped,skipped,skipped,skipped,,10
2312,Brian LAND (Ind),Allan GOW (SNP),Jacqueline MCLAREN (SNP),skipped,skipped,skipped,skipped,skipped,skipped,skipped,,10
2313,Brian LAND (Ind),Allan GOW (SNP),Jacqueline MCLAREN (SNP),skipped,skipped,skipped,skipped,skipped,skipped,skipped,,10
2314,Brian LAND (Ind),Allan GOW (SNP),Jacqueline MCLAREN (SNP),skipped,skipped,skipped,skipped,skipped,skipped,skipped,,10
2315,Brian LAND (Ind),Allan GOW (SNP),Jacqueline MCLAREN (SNP),skipped,skipped,skipped,skipped,skipped,skipped,skipped,,10
2316,Brian LAND (Ind),Allan GOW (SNP),Jacqueline MCLAREN (SNP),skipped,skipped,skipped,skipped,skipped,skipped,skipped,,10
2317,Brian LAND (Ind),Allan GOW (SNP),Jacqueline MCLAREN (SNP),skipped,skipped,skipped,skipped,skipped,skipped,skipped,,10
2318,Brian LAND (Ind),Allan GOW (SNP),Jacqueline MCLAREN (SNP),skipped,skipped,skipped,skipped,skipped,skipped,skipped,,10
2319,Brian LAND (Ind),Allan GOW (SNP),Jacqueline MCLAREN (SNP),skipped,skipped,skipped,skipped,skipped,skipped,skipped,,10
2320,Brian LAND (Ind),Allan GOW (SNP),Jacqueline MCLAREN (SNP),skipped,skipped,skipped,skipped,skipped,skipped,skipped,,10
2321,Brian LAND (Ind),Allan GOW (SNP),Jacqueline MCLAREN (SNP),skipped,skipped,skipped,skipped,skipped,skipped,skipped,,10
2322,Brian LAND (Ind),Allan GOW (SNP),Jacqueline MCLAREN (SNP),skipped,skipped,skipped,skipped,skipped,skipped,skipped,,10
2323,Brian LAND (Ind),Allan GOW (SNP),Jacqueline MCLAREN (SNP),Fiona E HIGGINS Glasgow (Lab),skipped,skipped,skipped,skipped,skipped,skipped,,10
2324,Brian LAND (Ind),Allan GOW (SNP),Jacqueline MCLAREN (SNP),Fiona E HIGGINS Glasgow (Lab),Robert JH MOONEY Glasgow (Lab),skipped,skipped,skipped,skipped,skipped,,10
2325,Brian LAND (Ind),Allan GOW (SNP),Jacqueline MCLAREN (SNP),Martin Lawson OLU-OSAGIE (Alba),Sandra WATSON (SNP),skipped,skipped,skipped,skipped,skipped,,10
2326,Brian LAND (Ind),Allan GOW (SNP),Jacqueline MCLAREN (SNP),Martin Lawson OLU-OSAGIE (Alba),Sandra WATSON (SNP),skipped,skipped,skipped,skipped,skipped,,10
2327,Brian LAND (Ind),Allan GOW (SNP),Jacqueline MCLAREN (SNP),Martin Lawson OLU-OSAGIE (Alba),Sandra WATSON (SNP),Seonad Mairi HOY (Grn),skipped,skipped,skipped,skipped,,10
2328,Brian LAND (Ind),Allan GOW (SNP),Jacqueline MCLAREN (SNP),Sandra WATSON (SNP),skipped,skipped,skipped,skipped,skipped,skipped,,10
2329,Brian LAND (Ind),Allan GOW (SNP),Jacqueline MCLAREN (SNP),Sandra WATSON (SNP),skipped,skipped,skipped,skipped,skipped,skipped,,10
2330,Brian LAND (Ind),Allan GOW (SNP),Jacqueline MCLAREN (SNP),Sandra WATSON (SNP),skipped,skipped,skipped,skipped,skipped,skipped,,10
2331,Brian LAND (Ind),Allan GOW (SNP),Jacqueline MCLAREN (SNP),Sandra WATSON (SNP),skipped,skipped,skipped,skipped,skipped,skipped,,10
2332,Brian LAND (Ind),Allan GOW (SNP),Jacqueline MCLAREN (SNP),Sandra WATSON (SNP),skipped,skipped,skipped,skipped,skipped,skipped,,10
2333,Brian LAND (Ind),Allan GOW (SNP),Jacqueline MCLAREN (SNP),Sandra WATSON (SNP),skipped,skipped,skipped,skipped,skipped,skipped,,10
2334,Brian LAND (Ind),Allan GOW (SNP),Jacqueline MCLAREN (SNP),Sandra WATSON (SNP),skipped,skipped,skipped,skipped,skipped,skipped,,10
2335,Brian LAND (Ind),Allan GOW (SNP),Jacqueline MCLAREN (SNP),Sandra WATSON (SNP),skipped,skipped,skipped,skipped,skipped,skipped,,10
2336,Brian LAND (Ind),Allan GOW (SNP),Jacqueline MCLAREN (SNP),Sandra WATSON (SNP),skipped,skipped,skipped,skipped,skipped,skipped,,10
2337,Brian LAND (Ind),Allan GOW (SNP),Jacqueline MCLAREN (SNP),Sandra WATSON (SNP),skipped,skipped,skipped,skipped,skipped,skipped,,10
2338,Brian LAND (Ind),Allan GOW (SNP),Jacqueline MCLAREN (SNP),Sandra WATSON (SNP),skipped,skipped,skipped,skipped,skipped,skipped,,10
2339,Brian LAND (Ind),Allan GOW (SNP),Jacqueline MCLAREN (SNP),Sandra WATSON (SNP),skipped,skipped,skipped,skipped,skipped,skipped,,10
2340,Brian LAND (Ind),Allan GOW (SNP),Jacqueline MCLAREN (SNP),Sandra WATSON (SNP),skipped,skipped,skipped,skipped,skipped,skipped,,10
2341,Brian LAND (Ind),Allan GOW (SNP),Jacqueline MCLAREN (SNP),Sandra WATSON (SNP),skipped,skipped,skipped,skipped,skipped,skipped,,10
2342,Brian LAND (Ind),Allan GOW (SNP),Jacqueline MCLAREN (SNP),Sandra WATSON (SNP),Seonad Mairi HOY (Grn),skipped,skipped,skipped,skipped,skipped,,10
2343,Brian LAND (Ind),Allan GOW (SNP),Jacqueline MCLAREN (SNP),Sandra WATSON (SNP),Seonad Mairi HOY (Grn),skipped,skipped,skipped,skipped,skipped,,10
2344,Brian LAND (Ind),Allan GOW (SNP),Jacqueline MCLAREN (SNP),Sandra WATSON (SNP),Seonad Mairi HOY (Grn),Martin Lawson OLU-OSAGIE (Alba),Fiona E HIGGINS Glasgow (Lab),skipped,skipped,skipped,,10
2345,Brian LAND (Ind),Allan GOW (SNP),Jacqueline MCLAREN (SNP),Sandra WATSON (SNP),Fiona E HIGGINS Glasgow (Lab),skipped,skipped,skipped,skipped,skipped,,10
2346,Brian LAND (Ind),Allan GOW (SNP),Jacqueline MCLAREN (SNP),Sandra WATSON (SNP),Fiona E HIGGINS Glasgow (Lab),Seonad Mairi HOY (Grn),Robert JH MOONEY Glasgow (Lab),skipped,skipped,skipped,,10
2347,Brian LAND (Ind),Allan GOW (SNP),Jacqueline MCLAREN (SNP),Sandra WATSON (SNP),Martin Lawson OLU-OSAGIE (Alba),skipped,skipped,skipped,skipped,skipped,,10
2348,Brian LAND (Ind),Allan GOW (SNP),Jacqueline MCLAREN (SNP),Sandra WATSON (SNP),Martin Lawson OLU-OSAGIE (Alba),skipped,skipped,skipped,skipped,skipped,,10
2349,Brian LAND (Ind),Allan GOW (SNP),Jacqueline MCLAREN (SNP),Sandra WATSON (SNP),Scott SIMPSON (LD),Fiona E HIGGINS Glasgow (Lab),Seonad Mairi HOY (Grn),skipped,skipped,skipped,,10
2350,Brian LAND (Ind),Allan GOW (SNP),Jacqueline MCLAREN (SNP),Sandra WATSON (SNP),Maria WELLS (Con),skipped,skipped,skipped,skipped,skipped,,10
2351,Brian LAND (Ind),Allan GOW (SNP),Jacqueline MCLAREN (SNP),Sandra WATSON (SNP),Maria WELLS (Con),Scott SIMPSON (LD),Martin Lawson OLU-OSAGIE (Alba),skipped,skipped,skipped,,10
2352,Brian LAND (Ind),Allan GOW (SNP),Robert JH MOONEY Glasgow (Lab),skipped,skipped,skipped,skipped,skipped,skipped,skipped,,10
2353,Brian LAND (Ind),Allan GOW (SNP),Robert JH MOONEY Glasgow (Lab),skipped,skipped,skipped,skipped,skipped,skipped,skipped,,10
2354,Brian LAND (Ind),Allan GOW (SNP),Robert JH MOONEY Glasgow (Lab),skipped,skipped,skipped,skipped,skipped,skipped,skipped,,10
2355,Brian LAND (Ind),Allan GOW (SNP),Robert JH MOONEY Glasgow (Lab),skipped,skipped,skipped,skipped,skipped,skipped,skipped,,10
2356,Brian LAND (Ind),Allan GOW (SNP),Robert JH MOONEY Glasgow (Lab),Jacqueline MCLAREN (SNP),skipped,skipped,skipped,skipped,skipped,skipped,,10
2357,Brian LAND (Ind),Allan GOW (SNP),Robert JH MOONEY Glasgow (Lab),Sandra WATSON (SNP),skipped,skipped,skipped,skipped,skipped,skipped,,10
2358,Brian LAND (Ind),Allan GOW (SNP),Sandra WATSON (SNP),skipped,skipped,skipped,skipped,skipped,skipped,skipped,,10
2359,Brian LAND (Ind),Allan GOW (SNP),Sandra WATSON (SNP),skipped,skipped,skipped,skipped,skipped,skipped,skipped,,10
2360,Brian LAND (Ind),Allan GOW (SNP),Sandra WATSON (SNP),skipped,skipped,skipped,skipped,skipped,skipped,skipped,,10
2361,Brian LAND (Ind),Allan GOW (SNP),Sandra WATSON (SNP),skipped,skipped,skipped,skipped,skipped,skipped,skipped,,10
2362,Brian LAND (Ind),Allan GOW (SNP),Sandra WATSON (SNP),skipped,skipped,skipped,skipped,skipped,skipped,skipped,,10
2363,Brian LAND (Ind),Allan GOW (SNP),Sandra WATSON (SNP),skipped,skipped,skipped,skipped,skipped,skipped,skipped,,10
2364,Brian LAND (Ind),Allan GOW (SNP),Sandra WATSON (SNP),skipped,skipped,skipped,skipped,skipped,skipped,skipped,,10
2365,Brian LAND (Ind),Allan GOW (SNP),Sandra WATSON (SNP),skipped,skipped,skipped,skipped,skipped,skipped,skipped,,10
2366,Brian LAND (Ind),Allan GOW (SNP),Sandra WATSON (SNP),skipped,skipped,skipped,skipped,skipped,skipped,skipped,,10
2367,Brian LAND (Ind),Allan GOW (SNP),Sandra WATSON (SNP),skipped,skipped,skipped,skipped,skipped,skipped,skipped,,10
2368,Brian LAND (Ind),Allan GOW (SNP),Sandra WATSON (SNP),skipped,skipped,skipped,skipped,skipped,skipped,skipped,,10
2369,Brian LAND (Ind),Allan GOW (SNP),Sandra WATSON (SNP),skipped,skipped,skipped,skipped,skipped,skipped,skipped,,10
2370,Brian LAND (Ind),Allan GOW (SNP),Sandra WATSON (SNP),skipped,skipped,skipped,skipped,skipped,skipped,skipped,,10
2371,Brian LAND (Ind),Allan GOW (SNP),Sandra WATSON (SNP),skipped,skipped,skipped,skipped,skipped,skipped,skipped,,10
2372,Brian LAND (Ind),Allan GOW (SNP),Sandra WATSON (SNP),Seonad Mairi HOY (Grn),skipped,skipped,skipped,skipped,skipped,skipped,,10
2373,Brian LAND (Ind),Allan GOW (SNP),Sandra WATSON (SNP),Seonad Mairi HOY (Grn),Martin Lawson OLU-OSAGIE (Alba),skipped,skipped,skipped,skipped,skipped,,10
2374,Brian LAND (Ind),Allan GOW (SNP),Sandra WATSON (SNP),Seonad Mairi HOY (Grn),Martin Lawson OLU-OSAGIE (Alba),skipped,skipped,skipped,skipped,skipped,,10
2375,Brian LAND (Ind),Allan GOW (SNP),Sandra WATSON (SNP),Fiona E HIGGINS Glasgow (Lab),Jacqueline MCLAREN (SNP),Robert JH MOONEY Glasgow (Lab),Scott SIMPSON (LD),skipped,skipped,skipped,,10
2376,Brian LAND (Ind),Allan GOW (SNP),Sandra WATSON (SNP),Fiona E HIGGINS Glasgow (Lab),Robert JH MOONEY Glasgow (Lab),Maria WELLS (Con),Scott SIMPSON (LD),skipped,skipped,skipped,,10
2377,Brian LAND (Ind),Allan GOW (SNP),Sandra WATSON (SNP),Fiona E HIGGINS Glasgow (Lab),Robert JH MOONEY Glasgow (Lab),Jacqueline MCLAREN (SNP),skipped,skipped,skipped,skipped,,10
2378,Brian LAND (Ind),Allan GOW (SNP),Sandra WATSON (SNP),Martin Lawson OLU-OSAGIE (Alba),skipped,skipped,skipped,skipped,skipped,skipped,,10
2379,Brian LAND (Ind),Allan GOW (SNP),Sandra WATSON (SNP),Jacqueline MCLAREN (SNP),skipped,skipped,skipped,skipped,skipped,skipped,,10
2380,Brian LAND (Ind),Allan GOW (SNP),Sandra WATSON (SNP),Jacqueline MCLAREN (SNP),skipped,skipped,skipped,skipped,skipped,skipped,,10
2381,Brian LAND (Ind),Allan GOW (SNP),Sandra WATSON (SNP),Jacqueline MCLAREN (SNP),skipped,skipped,skipped,skipped,skipped,skipped,,10
2382,Brian LAND (Ind),Allan GOW (SNP),Sandra WATSON (SNP),Jacqueline MCLAREN (SNP),skipped,skipped,skipped,skipped,skipped,skipped,,10
2383,Brian LAND (Ind),Allan GOW (SNP),Sandra WATSON (SNP),Jacqueline MCLAREN (SNP),Seonad Mairi HOY (Grn),Martin Lawson OLU-OSAGIE (Alba),skipped,skipped,skipped,skipped,,10
2384,Brian LAND (Ind),Allan GOW (SNP),Sandra WATSON (SNP),Jacqueline MCLAREN (SNP),Martin Lawson OLU-OSAGIE (Alba),skipped,skipped,skipped,skipped,skipped,,10
2385,Brian LAND (Ind),Allan GOW (SNP),Sandra WATSON (SNP),Jacqueline MCLAREN (SNP),Martin Lawson OLU-OSAGIE (Alba),Seonad Mairi HOY (Grn),skipped,skipped,skipped,skipped,,10
2386,Brian LAND (Ind),Allan GOW (SNP),Sandra WATSON (SNP),Jacqueline MCLAREN (SNP),Robert JH MOONEY Glasgow (Lab),Fiona E HIGGINS Glasgow (Lab),skipped,skipped,skipped,skipped,,10
2387,Brian LAND (Ind),Allan GOW (SNP),Sandra WATSON (SNP),Robert JH MOONEY Glasgow (Lab),Fiona E HIGGINS Glasgow (Lab),Seonad Mairi HOY (Grn),skipped,skipped,skipped,skipped,,10
2388,Brian LAND (Ind),Allan GOW (SNP),Sandra WATSON (SNP),Robert JH MOONEY Glasgow (Lab),Jacqueline MCLAREN (SNP),Fiona E HIGGINS Glasgow (Lab),skipped,skipped,skipped,skipped,,10
2389,Brian LAND (Ind),Jacqueline MCLAREN (SNP),skipped,skipped,skipped,skipped,skipped,skipped,skipped,skipped,,10
2390,Brian LAND (Ind),Jacqueline MCLAREN (SNP),skipped,skipped,skipped,skipped,skipped,skipped,skipped,skipped,,10
2391,Brian LAND (Ind),Jacqueline MCLAREN (SNP),skipped,skipped,skipped,skipped,skipped,skipped,skipped,skipped,,10
2392,Brian LAND (Ind),Jacqueline MCLAREN (SNP),skipped,skipped,skipped,skipped,skipped,skipped,skipped,skipped,,10
2393,Brian LAND (Ind),Jacqueline MCLAREN (SNP),skipped,skipped,skipped,skipped,skipped,skipped,skipped,skipped,,10
2394,Brian LAND (Ind),Jacqueline MCLAREN (SNP),skipped,skipped,skipped,skipped,skipped,skipped,skipped,skipped,,10
2395,Brian LAND (Ind),Jacqueline MCLAREN (SNP),skipped,skipped,skipped,skipped,skipped,skipped,skipped,skipped,,10
2396,Brian LAND (Ind),Jacqueline MCLAREN (SNP),Seonad Mairi HOY (Grn),Allan GOW (SNP),Sandra WATSON (SNP),Fiona E HIGGINS Glasgow (Lab),Robert JH MOONEY Glasgow (Lab),skipped,skipped,skipped,,10
2397,Brian LAND (Ind),Jacqueline MCLAREN (SNP),Seonad Mairi HOY (Grn),Sandra WATSON (SNP),Allan GOW (SNP),skipped,skipped,skipped,skipped,skipped,,10
2398,Brian LAND (Ind),Jacqueline MCLAREN (SNP),Fiona E HIGGINS Glasgow (Lab),Allan GOW (SNP),Robert JH MOONEY Glasgow (Lab),Sandra WATSON (SNP),Scott SIMPSON (LD),skipped,skipped,skipped,,10
2399,Brian LAND (Ind),Jacqueline MCLAREN (SNP),Martin Lawson OLU-OSAGIE (Alba),skipped,skipped,skipped,skipped,skipped,skipped,skipped,,10
2400,Brian LAND (Ind),Jacqueline MCLAREN (SNP),Allan GOW (SNP),skipped,skipped,skipped,skipped,skipped,skipped,skipped,,10
2401,Brian LAND (Ind),Jacqueline MCLAREN (SNP),Allan GOW (SNP),skipped,skipped,skipped,skipped,skipped,skipped,skipped,,10
2402,Brian LAND (Ind),Jacqueline MCLAREN (SNP),Allan GOW (SNP),skipped,skipped,skipped,skipped,skipped,skipped,skipped,,10
2403,Brian LAND (Ind),Jacqueline MCLAREN (SNP),Allan GOW (SNP),skipped,skipped,skipped,skipped,skipped,skipped,skipped,,10
2404,Brian LAND (Ind),Jacqueline MCLAREN (SNP),Allan GOW (SNP),skipped,skipped,skipped,skipped,skipped,skipped,skipped,,10
2405,Brian LAND (Ind),Jacqueline MCLAREN (SNP),Allan GOW (SNP),skipped,skipped,skipped,skipped,skipped,skipped,skipped,,10
2406,Brian LAND (Ind),Jacqueline MCLAREN (SNP),Allan GOW (SNP),skipped,skipped,skipped,skipped,skipped,skipped,skipped,,10
2407,Brian LAND (Ind),Jacqueline MCLAREN (SNP),Allan GOW (SNP),skipped,skipped,skipped,skipped,skipped,skipped,skipped,,10
2408,Brian LAND (Ind),Jacqueline MCLAREN (SNP),Allan GOW (SNP),skipped,skipped,skipped,skipped,skipped,skipped,skipped,,10
2409,Brian LAND (Ind),Jacqueline MCLAREN (SNP),Allan GOW (SNP),skipped,skipped,skipped,skipped,skipped,skipped,skipped,,10
2410,Brian LAND (Ind),Jacqueline MCLAREN (SNP),Allan GOW (SNP),skipped,skipped,skipped,skipped,skipped,skipped,skipped,,10
2411,Brian LAND (Ind),Jacqueline MCLAREN (SNP),Allan GOW (SNP),skipped,skipped,skipped,skipped,skipped,skipped,skipped,,10
2412,Brian LAND (Ind),Jacqueline MCLAREN (SNP),Allan GOW (SNP),skipped,skipped,skipped,skipped,skipped,skipped,skipped,,10
2413,Brian LAND (Ind),Jacqueline MCLAREN (SNP),Allan GOW (SNP),skipped,skipped,skipped,skipped,skipped,skipped,skipped,,10
2414,Brian LAND (Ind),Jacqueline MCLAREN (SNP),Allan GOW (SNP),skipped,skipped,skipped,skipped,skipped,skipped,skipped,,10
2415,Brian LAND (Ind),Jacqueline MCLAREN (SNP),Allan GOW (SNP),skipped,skipped,skipped,skipped,skipped,skipped,skipped,,10
2416,Brian LAND (Ind),Jacqueline MCLAREN (SNP),Allan GOW (SNP),skipped,skipped,skipped,skipped,skipped,skipped,skipped,,10
2417,Brian LAND (Ind),Jacqueline MCLAREN (SNP),Allan GOW (SNP),skipped,skipped,skipped,skipped,skipped,skipped,skipped,,10
2418,Brian LAND (Ind),Jacqueline MCLAREN (SNP),Allan GOW (SNP),skipped,skipped,skipped,skipped,skipped,skipped,skipped,,10
2419,Brian LAND (Ind),Jacqueline MCLAREN (SNP),Allan GOW (SNP),skipped,skipped,skipped,skipped,skipped,skipped,skipped,,10
2420,Brian LAND (Ind),Jacqueline MCLAREN (SNP),Allan GOW (SNP),Seonad Mairi HOY (Grn),Sandra WATSON (SNP),skipped,skipped,skipped,skipped,skipped,,10
2421,Brian LAND (Ind),Jacqueline MCLAREN (SNP),Allan GOW (SNP),Fiona E HIGGINS Glasgow (Lab),Robert JH MOONEY Glasgow (Lab),skipped,skipped,skipped,skipped,skipped,,10
2422,Brian LAND (Ind),Jacqueline MCLAREN (SNP),Allan GOW (SNP),Robert JH MOONEY Glasgow (Lab),skipped,skipped,skipped,skipped,skipped,skipped,,10
2423,Brian LAND (Ind),Jacqueline MCLAREN (SNP),Allan GOW (SNP),Sandra WATSON (SNP),skipped,skipped,skipped,skipped,skipped,skipped,,10
2424,Brian LAND (Ind),Jacqueline MCLAREN (SNP),Allan GOW (SNP),Sandra WATSON (SNP),skipped,skipped,skipped,skipped,skipped,skipped,,10
2425,Brian LAND (Ind),Jacqueline MCLAREN (SNP),Allan GOW (SNP),Sandra WATSON (SNP),skipped,skipped,skipped,skipped,skipped,skipped,,10
2426,Brian LAND (Ind),Jacqueline MCLAREN (SNP),Allan GOW (SNP),Sandra WATSON (SNP),skipped,skipped,skipped,skipped,skipped,skipped,,10
2427,Brian LAND (Ind),Jacqueline MCLAREN (SNP),Allan GOW (SNP),Sandra WATSON (SNP),skipped,skipped,skipped,skipped,skipped,skipped,,10
2428,Brian LAND (Ind),Jacqueline MCLAREN (SNP),Allan GOW (SNP),Sandra WATSON (SNP),skipped,skipped,skipped,skipped,skipped,skipped,,10
2429,Brian LAND (Ind),Jacqueline MCLAREN (SNP),Allan GOW (SNP),Sandra WATSON (SNP),skipped,skipped,skipped,skipped,skipped,skipped,,10
2430,Brian LAND (Ind),Jacqueline MCLAREN (SNP),Allan GOW (SNP),Sandra WATSON (SNP),skipped,skipped,skipped,skipped,skipped,skipped,,10
2431,Brian LAND (Ind),Jacqueline MCLAREN (SNP),Allan GOW (SNP),Sandra WATSON (SNP),skipped,skipped,skipped,skipped,skipped,skipped,,10
2432,Brian LAND (Ind),Jacqueline MCLAREN (SNP),Allan GOW (SNP),Sandra WATSON (SNP),skipped,skipped,skipped,skipped,skipped,skipped,,10
2433,Brian LAND (Ind),Jacqueline MCLAREN (SNP),Allan GOW (SNP),Sandra WATSON (SNP),skipped,skipped,skipped,skipped,skipped,skipped,,10
2434,Brian LAND (Ind),Jacqueline MCLAREN (SNP),Allan GOW (SNP),Sandra WATSON (SNP),Seonad Mairi HOY (Grn),skipped,skipped,skipped,skipped,skipped,,10
2435,Brian LAND (Ind),Jacqueline MCLAREN (SNP),Allan GOW (SNP),Sandra WATSON (SNP),Seonad Mairi HOY (Grn),skipped,skipped,skipped,skipped,skipped,,10
2436,Brian LAND (Ind),Jacqueline MCLAREN (SNP),Allan GOW (SNP),Sandra WATSON (SNP),Seonad Mairi HOY (Grn),Fiona E HIGGINS Glasgow (Lab),Robert JH MOONEY Glasgow (Lab),skipped,skipped,skipped,,10
2437,Brian LAND (Ind),Jacqueline MCLAREN (SNP),Allan GOW (SNP),Sandra WATSON (SNP),Seonad Mairi HOY (Grn),Martin Lawson OLU-OSAGIE (Alba),skipped,skipped,skipped,skipped,,10
2438,Brian LAND (Ind),Jacqueline MCLAREN (SNP),Allan GOW (SNP),Sandra WATSON (SNP),Seonad Mairi HOY (Grn),Robert JH MOONEY Glasgow (Lab),Fiona E HIGGINS Glasgow (Lab),skipped,skipped,skipped,,10
2439,Brian LAND (Ind),Jacqueline MCLAREN (SNP),Allan GOW (SNP),Sandra WATSON (SNP),Fiona E HIGGINS Glasgow (Lab),Robert JH MOONEY Glasgow (Lab),Seonad Mairi HOY (Grn),skipped,skipped,skipped,,10
2440,Brian LAND (Ind),Jacqueline MCLAREN (SNP),Allan GOW (SNP),Sandra WATSON (SNP),Fiona E HIGGINS Glasgow (Lab),Robert JH MOONEY Glasgow (Lab),Scott SIMPSON (LD),skipped,skipped,skipped,,10
2441,Brian LAND (Ind),Jacqueline MCLAREN (SNP),Allan GOW (SNP),Sandra WATSON (SNP),Martin Lawson OLU-OSAGIE (Alba),skipped,skipped,skipped,skipped,skipped,,10
2442,Brian LAND (Ind),Jacqueline MCLAREN (SNP),Allan GOW (SNP),Sandra WATSON (SNP),Martin Lawson OLU-OSAGIE (Alba),Seonad Mairi HOY (Grn),skipped,skipped,skipped,skipped,,10
2443,Brian LAND (Ind),Jacqueline MCLAREN (SNP),Robert JH MOONEY Glasgow (Lab),skipped,skipped,skipped,skipped,skipped,skipped,skipped,,10
2444,Brian LAND (Ind),Jacqueline MCLAREN (SNP),Robert JH MOONEY Glasgow (Lab),skipped,skipped,skipped,skipped,skipped,skipped,skipped,,10
2445,Brian LAND (Ind),Jacqueline MCLAREN (SNP),Robert JH MOONEY Glasgow (Lab),Allan GOW (SNP),Fiona E HIGGINS Glasgow (Lab),skipped,skipped,skipped,skipped,skipped,,10
2446,Brian LAND (Ind),Jacqueline MCLAREN (SNP),Sandra WATSON (SNP),skipped,skipped,skipped,skipped,skipped,skipped,skipped,,10
2447,Brian LAND (Ind),Jacqueline MCLAREN (SNP),Sandra WATSON (SNP),skipped,skipped,skipped,skipped,skipped,skipped,skipped,,10
2448,Brian LAND (Ind),Jacqueline MCLAREN (SNP),Sandra WATSON (SNP),skipped,skipped,skipped,skipped,skipped,skipped,skipped,,10
2449,Brian LAND (Ind),Jacqueline MCLAREN (SNP),Sandra WATSON (SNP),skipped,skipped,skipped,skipped,skipped,skipped,skipped,,10
2450,Brian LAND (Ind),Jacqueline MCLAREN (SNP),Sandra WATSON (SNP),skipped,skipped,skipped,skipped,skipped,skipped,skipped,,10
2451,Brian LAND (Ind),Jacqueline MCLAREN (SNP),Sandra WATSON (SNP),Fiona E HIGGINS Glasgow (Lab),Martin Lawson OLU-OSAGIE (Alba),Allan GOW (SNP),Seonad Mairi HOY (Grn),skipped,skipped,skipped,,10
2452,Brian LAND (Ind),Jacqueline MCLAREN (SNP),Sandra WATSON (SNP),Scott SIMPSON (LD),skipped,skipped,skipped,skipped,skipped,skipped,,10
2453,Brian LAND (Ind),Jacqueline MCLAREN (SNP),Sandra WATSON (SNP),Allan GOW (SNP),skipped,skipped,skipped,skipped,skipped,skipped,,10
2454,Brian LAND (Ind),Jacqueline MCLAREN (SNP),Sandra WATSON (SNP),Allan GOW (SNP),skipped,skipped,skipped,skipped,skipped,skipped,,10
2455,Brian LAND (Ind),Jacqueline MCLAREN (SNP),Sandra WATSON (SNP),Allan GOW (SNP),skipped,skipped,skipped,skipped,skipped,skipped,,10
2456,Brian LAND (Ind),Jacqueline MCLAREN (SNP),Sandra WATSON (SNP),Allan GOW (SNP),skipped,skipped,skipped,skipped,skipped,skipped,,10
2457,Brian LAND (Ind),Jacqueline MCLAREN (SNP),Sandra WATSON (SNP),Allan GOW (SNP),Seonad Mairi HOY (Grn),skipped,skipped,skipped,skipped,skipped,,10
2458,Brian LAND (Ind),Jacqueline MCLAREN (SNP),Sandra WATSON (SNP),Allan GOW (SNP),Seonad Mairi HOY (Grn),Martin Lawson OLU-OSAGIE (Alba),skipped,skipped,skipped,skipped,,10
2459,Brian LAND (Ind),Jacqueline MCLAREN (SNP),Sandra WATSON (SNP),Allan GOW (SNP),Seonad Mairi HOY (Grn),Robert JH MOONEY Glasgow (Lab),Fiona E HIGGINS Glasgow (Lab),skipped,skipped,skipped,,10
2460,Brian LAND (Ind),Jacqueline MCLAREN (SNP),Sandra WATSON (SNP),Allan GOW (SNP),Fiona E HIGGINS Glasgow (Lab),Robert JH MOONEY Glasgow (Lab),skipped,skipped,skipped,skipped,,10
2461,Brian LAND (Ind),Jacqueline MCLAREN (SNP),Sandra WATSON (SNP),Allan GOW (SNP),Robert JH MOONEY Glasgow (Lab),Martin Lawson OLU-OSAGIE (Alba),Fiona E HIGGINS Glasgow (Lab),skipped,skipped,skipped,,10
2462,Brian LAND (Ind),Robert JH MOONEY Glasgow (Lab),skipped,skipped,skipped,skipped,skipped,skipped,skipped,skipped,,10
2463,Brian LAND (Ind),Robert JH MOONEY Glasgow (Lab),skipped,skipped,skipped,skipped,skipped,skipped,skipped,skipped,,10
2464,Brian LAND (Ind),Robert JH MOONEY Glasgow (Lab),skipped,skipped,skipped,skipped,skipped,skipped,skipped,skipped,,10
2465,Brian LAND (Ind),Robert JH MOONEY Glasgow (Lab),skipped,skipped,skipped,skipped,skipped,skipped,skipped,skipped,,10
2466,Brian LAND (Ind),Robert JH MOONEY Glasgow (Lab),skipped,skipped,skipped,skipped,skipped,skipped,skipped,skipped,,10
2467,Brian LAND (Ind),Robert JH MOONEY Glasgow (Lab),skipped,skipped,skipped,skipped,skipped,skipped,skipped,skipped,,10
2468,Brian LAND (Ind),Robert JH MOONEY Glasgow (Lab),skipped,skipped,skipped,skipped,skipped,skipped,skipped,skipped,,10
2469,Brian LAND (Ind),Robert JH MOONEY Glasgow (Lab),skipped,skipped,skipped,skipped,skipped,skipped,skipped,skipped,,10
2470,Brian LAND (Ind),Robert JH MOONEY Glasgow (Lab),skipped,skipped,skipped,skipped,skipped,skipped,skipped,skipped,,10
2471,Brian LAND (Ind),Robert JH MOONEY Glasgow (Lab),skipped,skipped,skipped,skipped,skipped,skipped,skipped,skipped,,10
2472,Brian LAND (Ind),Robert JH MOONEY Glasgow (Lab),skipped,skipped,skipped,skipped,skipped,skipped,skipped,skipped,,10
2473,Brian LAND (Ind),Robert JH MOONEY Glasgow (Lab),skipped,skipped,skipped,skipped,skipped,skipped,skipped,skipped,,10
2474,Brian LAND (Ind),Robert JH MOONEY Glasgow (Lab),skipped,skipped,skipped,skipped,skipped,skipped,skipped,skipped,,10
2475,Brian LAND (Ind),Robert JH MOONEY Glasgow (Lab),skipped,skipped,skipped,skipped,skipped,skipped,skipped,skipped,,10
2476,Brian LAND (Ind),Robert JH MOONEY Glasgow (Lab),skipped,skipped,skipped,skipped,skipped,skipped,skipped,skipped,,10
2477,Brian LAND (Ind),Robert JH MOONEY Glasgow (Lab),skipped,skipped,skipped,skipped,skipped,skipped,skipped,skipped,,10
2478,Brian LAND (Ind),Robert JH MOONEY Glasgow (Lab),skipped,skipped,skipped,skipped,skipped,skipped,skipped,skipped,,10
2479,Brian LAND (Ind),Robert JH MOONEY Glasgow (Lab),skipped,skipped,skipped,skipped,skipped,skipped,skipped,skipped,,10
2480,Brian LAND (Ind),Robert JH MOONEY Glasgow (Lab),skipped,skipped,skipped,skipped,skipped,skipped,skipped,skipped,,10
2481,Brian LAND (Ind),Robert JH MOONEY Glasgow (Lab),skipped,skipped,skipped,skipped,skipped,skipped,skipped,skipped,,10
2482,Brian LAND (Ind),Robert JH MOONEY Glasgow (Lab),Seonad Mairi HOY (Grn),skipped,skipped,skipped,skipped,skipped,skipped,skipped,,10
2483,Brian LAND (Ind),Robert JH MOONEY Glasgow (Lab),Seonad Mairi HOY (Grn),skipped,skipped,skipped,skipped,skipped,skipped,skipped,,10
2484,Brian LAND (Ind),Robert JH MOONEY Glasgow (Lab),Seonad Mairi HOY (Grn),skipped,skipped,skipped,skipped,skipped,skipped,skipped,,10
2485,Brian LAND (Ind),Robert JH MOONEY Glasgow (Lab),Seonad Mairi HOY (Grn),skipped,skipped,skipped,skipped,skipped,skipped,skipped,,10
2486,Brian LAND (Ind),Robert JH MOONEY Glasgow (Lab),Seonad Mairi HOY (Grn),skipped,skipped,skipped,skipped,skipped,skipped,skipped,,10
2487,Brian LAND (Ind),Robert JH MOONEY Glasgow (Lab),Seonad Mairi HOY (Grn),Fiona E HIGGINS Glasgow (Lab),skipped,skipped,skipped,skipped,skipped,skipped,,10
2488,Brian LAND (Ind),Robert JH MOONEY Glasgow (Lab),Seonad Mairi HOY (Grn),Fiona E HIGGINS Glasgow (Lab),skipped,skipped,skipped,skipped,skipped,skipped,,10
2489,Brian LAND (Ind),Robert JH MOONEY Glasgow (Lab),Seonad Mairi HOY (Grn),Fiona E HIGGINS Glasgow (Lab),Martin Lawson OLU-OSAGIE (Alba),Sandra WATSON (SNP),skipped,skipped,skipped,skipped,,10
2490,Brian LAND (Ind),Robert JH MOONEY Glasgow (Lab),Seonad Mairi HOY (Grn),Sandra WATSON (SNP),skipped,skipped,skipped,skipped,skipped,skipped,,10
2491,Brian LAND (Ind),Robert JH MOONEY Glasgow (Lab),Fiona E HIGGINS Glasgow (Lab),skipped,skipped,skipped,skipped,skipped,skipped,skipped,,10
2492,Brian LAND (Ind),Robert JH MOONEY Glasgow (Lab),Fiona E HIGGINS Glasgow (Lab),skipped,skipped,skipped,skipped,skipped,skipped,skipped,,10
2493,Brian LAND (Ind),Robert JH MOONEY Glasgow (Lab),Fiona E HIGGINS Glasgow (Lab),skipped,skipped,skipped,skipped,skipped,skipped,skipped,,10
2494,Brian LAND (Ind),Robert JH MOONEY Glasgow (Lab),Fiona E HIGGINS Glasgow (Lab),skipped,skipped,skipped,skipped,skipped,skipped,skipped,,10
2495,Brian LAND (Ind),Robert JH MOONEY Glasgow (Lab),Fiona E HIGGINS Glasgow (Lab),skipped,skipped,skipped,skipped,skipped,skipped,skipped,,10
2496,Brian LAND (Ind),Robert JH MOONEY Glasgow (Lab),Fiona E HIGGINS Glasgow (Lab),skipped,skipped,skipped,skipped,skipped,skipped,skipped,,10
2497,Brian LAND (Ind),Robert JH MOONEY Glasgow (Lab),Fiona E HIGGINS Glasgow (Lab),skipped,skipped,skipped,skipped,skipped,skipped,skipped,,10
2498,Brian LAND (Ind),Robert JH MOONEY Glasgow (Lab),Fiona E HIGGINS Glasgow (Lab),skipped,skipped,skipped,skipped,skipped,skipped,skipped,,10
2499,Brian LAND (Ind),Robert JH MOONEY Glasgow (Lab),Fiona E HIGGINS Glasgow (Lab),skipped,skipped,skipped,skipped,skipped,skipped,skipped,,10
2500,Brian LAND (Ind),Robert JH MOONEY Glasgow (Lab),Fiona E HIGGINS Glasgow (Lab),skipped,skipped,skipped,skipped,skipped,skipped,skipped,,10
2501,Brian LAND (Ind),Robert JH MOONEY Glasgow (Lab),Fiona E HIGGINS Glasgow (Lab),skipped,skipped,skipped,skipped,skipped,skipped,skipped,,10
2502,Brian LAND (Ind),Robert JH MOONEY Glasgow (Lab),Fiona E HIGGINS Glasgow (Lab),skipped,skipped,skipped,skipped,skipped,skipped,skipped,,10
2503,Brian LAND (Ind),Robert JH MOONEY Glasgow (Lab),Fiona E HIGGINS Glasgow (Lab),skipped,skipped,skipped,skipped,skipped,skipped,skipped,,10
2504,Brian LAND (Ind),Robert JH MOONEY Glasgow (Lab),Fiona E HIGGINS Glasgow (Lab),skipped,skipped,skipped,skipped,skipped,skipped,skipped,,10
2505,Brian LAND (Ind),Robert JH MOONEY Glasgow (Lab),Fiona E HIGGINS Glasgow (Lab),skipped,skipped,skipped,skipped,skipped,skipped,skipped,,10
2506,Brian LAND (Ind),Robert JH MOONEY Glasgow (Lab),Fiona E HIGGINS Glasgow (Lab),skipped,skipped,skipped,skipped,skipped,skipped,skipped,,10
2507,Brian LAND (Ind),Robert JH MOONEY Glasgow (Lab),Fiona E HIGGINS Glasgow (Lab),skipped,skipped,skipped,skipped,skipped,skipped,skipped,,10
2508,Brian LAND (Ind),Robert JH MOONEY Glasgow (Lab),Fiona E HIGGINS Glasgow (Lab),skipped,skipped,skipped,skipped,skipped,skipped,skipped,,10
2509,Brian LAND (Ind),Robert JH MOONEY Glasgow (Lab),Fiona E HIGGINS Glasgow (Lab),skipped,skipped,skipped,skipped,skipped,skipped,skipped,,10
2510,Brian LAND (Ind),Robert JH MOONEY Glasgow (Lab),Fiona E HIGGINS Glasgow (Lab),skipped,skipped,skipped,skipped,skipped,skipped,skipped,,10
2511,Brian LAND (Ind),Robert JH MOONEY Glasgow (Lab),Fiona E HIGGINS Glasgow (Lab),skipped,skipped,skipped,skipped,skipped,skipped,skipped,,10
2512,Brian LAND (Ind),Robert JH MOONEY Glasgow (Lab),Fiona E HIGGINS Glasgow (Lab),skipped,skipped,skipped,skipped,skipped,skipped,skipped,,10
2513,Brian LAND (Ind),Robert JH MOONEY Glasgow (Lab),Fiona E HIGGINS Glasgow (Lab),skipped,skipped,skipped,skipped,skipped,skipped,skipped,,10
2514,Brian LAND (Ind),Robert JH MOONEY Glasgow (Lab),Fiona E HIGGINS Glasgow (Lab),skipped,skipped,skipped,skipped,skipped,skipped,skipped,,10
2515,Brian LAND (Ind),Robert JH MOONEY Glasgow (Lab),Fiona E HIGGINS Glasgow (Lab),skipped,skipped,skipped,skipped,skipped,skipped,skipped,,10
2516,Brian LAND (Ind),Robert JH MOONEY Glasgow (Lab),Fiona E HIGGINS Glasgow (Lab),skipped,skipped,skipped,skipped,skipped,skipped,skipped,,10
2517,Brian LAND (Ind),Robert JH MOONEY Glasgow (Lab),Fiona E HIGGINS Glasgow (Lab),skipped,skipped,skipped,skipped,skipped,skipped,skipped,,10
2518,Brian LAND (Ind),Robert JH MOONEY Glasgow (Lab),Fiona E HIGGINS Glasgow (Lab),skipped,skipped,skipped,skipped,skipped,skipped,skipped,,10
2519,Brian LAND (Ind),Robert JH MOONEY Glasgow (Lab),Fiona E HIGGINS Glasgow (Lab),skipped,skipped,skipped,skipped,skipped,skipped,skipped,,10
2520,Brian LAND (Ind),Robert JH MOONEY Glasgow (Lab),Fiona E HIGGINS Glasgow (Lab),skipped,skipped,skipped,skipped,skipped,skipped,skipped,,10
2521,Brian LAND (Ind),Robert JH MOONEY Glasgow (Lab),Fiona E HIGGINS Glasgow (Lab),skipped,skipped,skipped,skipped,skipped,skipped,skipped,,10
2522,Brian LAND (Ind),Robert JH MOONEY Glasgow (Lab),Fiona E HIGGINS Glasgow (Lab),skipped,skipped,skipped,skipped,skipped,skipped,skipped,,10
2523,Brian LAND (Ind),Robert JH MOONEY Glasgow (Lab),Fiona E HIGGINS Glasgow (Lab),skipped,skipped,skipped,skipped,skipped,skipped,skipped,,10
2524,Brian LAND (Ind),Robert JH MOONEY Glasgow (Lab),Fiona E HIGGINS Glasgow (Lab),skipped,skipped,skipped,skipped,skipped,skipped,skipped,,10
2525,Brian LAND (Ind),Robert JH MOONEY Glasgow (Lab),Fiona E HIGGINS Glasgow (Lab),skipped,skipped,skipped,skipped,skipped,skipped,skipped,,10
2526,Brian LAND (Ind),Robert JH MOONEY Glasgow (Lab),Fiona E HIGGINS Glasgow (Lab),skipped,skipped,skipped,skipped,skipped,skipped,skipped,,10
2527,Brian LAND (Ind),Robert JH MOONEY Glasgow (Lab),Fiona E HIGGINS Glasgow (Lab),skipped,skipped,skipped,skipped,skipped,skipped,skipped,,10
2528,Brian LAND (Ind),Robert JH MOONEY Glasgow (Lab),Fiona E HIGGINS Glasgow (Lab),skipped,skipped,skipped,skipped,skipped,skipped,skipped,,10
2529,Brian LAND (Ind),Robert JH MOONEY Glasgow (Lab),Fiona E HIGGINS Glasgow (Lab),skipped,skipped,skipped,skipped,skipped,skipped,skipped,,10
2530,Brian LAND (Ind),Robert JH MOONEY Glasgow (Lab),Fiona E HIGGINS Glasgow (Lab),skipped,skipped,skipped,skipped,skipped,skipped,skipped,,10
2531,Brian LAND (Ind),Robert JH MOONEY Glasgow (Lab),Fiona E HIGGINS Glasgow (Lab),skipped,skipped,skipped,skipped,skipped,skipped,skipped,,10
2532,Brian LAND (Ind),Robert JH MOONEY Glasgow (Lab),Fiona E HIGGINS Glasgow (Lab),Seonad Mairi HOY (Grn),skipped,skipped,skipped,skipped,skipped,skipped,,10
2533,Brian LAND (Ind),Robert JH MOONEY Glasgow (Lab),Fiona E HIGGINS Glasgow (Lab),Seonad Mairi HOY (Grn),skipped,skipped,skipped,skipped,skipped,skipped,,10
2534,Brian LAND (Ind),Robert JH MOONEY Glasgow (Lab),Fiona E HIGGINS Glasgow (Lab),Seonad Mairi HOY (Grn),skipped,skipped,skipped,skipped,skipped,skipped,,10
2535,Brian LAND (Ind),Robert JH MOONEY Glasgow (Lab),Fiona E HIGGINS Glasgow (Lab),Seonad Mairi HOY (Grn),Jacqueline MCLAREN (SNP),Sandra WATSON (SNP),Allan GOW (SNP),skipped,skipped,skipped,,10
2536,Brian LAND (Ind),Robert JH MOONEY Glasgow (Lab),Fiona E HIGGINS Glasgow (Lab),Martin Lawson OLU-OSAGIE (Alba),Scott SIMPSON (LD),Seonad Mairi HOY (Grn),Maria WELLS (Con),skipped,skipped,skipped,,10
2537,Brian LAND (Ind),Robert JH MOONEY Glasgow (Lab),Fiona E HIGGINS Glasgow (Lab),Scott SIMPSON (LD),skipped,skipped,skipped,skipped,skipped,skipped,,10
2538,Brian LAND (Ind),Robert JH MOONEY Glasgow (Lab),Fiona E HIGGINS Glasgow (Lab),Scott SIMPSON (LD),skipped,skipped,skipped,skipped,skipped,skipped,,10
2539,Brian LAND (Ind),Robert JH MOONEY Glasgow (Lab),Fiona E HIGGINS Glasgow (Lab),Scott SIMPSON (LD),Seonad Mairi HOY (Grn),Martin Lawson OLU-OSAGIE (Alba),Maria WELLS (Con),skipped,skipped,skipped,,10
2540,Brian LAND (Ind),Robert JH MOONEY Glasgow (Lab),Fiona E HIGGINS Glasgow (Lab),Scott SIMPSON (LD),Seonad Mairi HOY (Grn),Martin Lawson OLU-OSAGIE (Alba),Maria WELLS (Con),skipped,skipped,skipped,,10
2541,Brian LAND (Ind),Robert JH MOONEY Glasgow (Lab),Fiona E HIGGINS Glasgow (Lab),Scott SIMPSON (LD),Maria WELLS (Con),Martin Lawson OLU-OSAGIE (Alba),Seonad Mairi HOY (Grn),skipped,skipped,skipped,,10
2542,Brian LAND (Ind),Robert JH MOONEY Glasgow (Lab),Fiona E HIGGINS Glasgow (Lab),Maria WELLS (Con),skipped,skipped,skipped,skipped,skipped,skipped,,10
2543,Brian LAND (Ind),Robert JH MOONEY Glasgow (Lab),Fiona E HIGGINS Glasgow (Lab),Maria WELLS (Con),skipped,skipped,skipped,skipped,skipped,skipped,,10
2544,Brian LAND (Ind),Robert JH MOONEY Glasgow (Lab),Fiona E HIGGINS Glasgow (Lab),Maria WELLS (Con),skipped,skipped,skipped,skipped,skipped,skipped,,10
2545,Brian LAND (Ind),Robert JH MOONEY Glasgow (Lab),Fiona E HIGGINS Glasgow (Lab),Allan GOW (SNP),Jacqueline MCLAREN (SNP),skipped,skipped,skipped,skipped,skipped,,10
2546,Brian LAND (Ind),Robert JH MOONEY Glasgow (Lab),Fiona E HIGGINS Glasgow (Lab),Jacqueline MCLAREN (SNP),skipped,skipped,skipped,skipped,skipped,skipped,,10
2547,Brian LAND (Ind),Robert JH MOONEY Glasgow (Lab),Fiona E HIGGINS Glasgow (Lab),Sandra WATSON (SNP),Allan GOW (SNP),Seonad Mairi HOY (Grn),Scott SIMPSON (LD),skipped,skipped,skipped,,10
2548,Brian LAND (Ind),Robert JH MOONEY Glasgow (Lab),Martin Lawson OLU-OSAGIE (Alba),skipped,skipped,skipped,skipped,skipped,skipped,skipped,,10
2549,Brian LAND (Ind),Robert JH MOONEY Glasgow (Lab),Martin Lawson OLU-OSAGIE (Alba),Seonad Mairi HOY (Grn),Scott SIMPSON (LD),Allan GOW (SNP),Fiona E HIGGINS Glasgow (Lab),skipped,skipped,skipped,,10
2550,Brian LAND (Ind),Robert JH MOONEY Glasgow (Lab),Scott SIMPSON (LD),skipped,skipped,skipped,skipped,skipped,skipped,skipped,,10
2551,Brian LAND (Ind),Robert JH MOONEY Glasgow (Lab),Scott SIMPSON (LD),Fiona E HIGGINS Glasgow (Lab),skipped,skipped,skipped,skipped,skipped,skipped,,10
2552,Brian LAND (Ind),Robert JH MOONEY Glasgow (Lab),Maria WELLS (Con),skipped,skipped,skipped,skipped,skipped,skipped,skipped,,10
2553,Brian LAND (Ind),Robert JH MOONEY Glasgow (Lab),Maria WELLS (Con),skipped,skipped,skipped,skipped,skipped,skipped,skipped,,10
2554,Brian LAND (Ind),Robert JH MOONEY Glasgow (Lab),Maria WELLS (Con),skipped,skipped,skipped,skipped,skipped,skipped,skipped,,10
2555,Brian LAND (Ind),Robert JH MOONEY Glasgow (Lab),Maria WELLS (Con),Fiona E HIGGINS Glasgow (Lab),skipped,skipped,skipped,skipped,skipped,skipped,,10
2556,Brian LAND (Ind),Robert JH MOONEY Glasgow (Lab),Maria WELLS (Con),Fiona E HIGGINS Glasgow (Lab),Scott SIMPSON (LD),skipped,skipped,skipped,skipped,skipped,,10
2557,Brian LAND (Ind),Robert JH MOONEY Glasgow (Lab),Allan GOW (SNP),skipped,skipped,skipped,skipped,skipped,skipped,skipped,,10
2558,Brian LAND (Ind),Robert JH MOONEY Glasgow (Lab),Allan GOW (SNP),skipped,skipped,skipped,skipped,skipped,skipped,skipped,,10
2559,Brian LAND (Ind),Robert JH MOONEY Glasgow (Lab),Allan GOW (SNP),Fiona E HIGGINS Glasgow (Lab),Seonad Mairi HOY (Grn),Jacqueline MCLAREN (SNP),Scott SIMPSON (LD),skipped,skipped,skipped,,10
2560,Brian LAND (Ind),Robert JH MOONEY Glasgow (Lab),Allan GOW (SNP),Fiona E HIGGINS Glasgow (Lab),Martin Lawson OLU-OSAGIE (Alba),Seonad Mairi HOY (Grn),Jacqueline MCLAREN (SNP),skipped,skipped,skipped,,10
2561,Brian LAND (Ind),Robert JH MOONEY Glasgow (Lab),Allan GOW (SNP),Scott SIMPSON (LD),Seonad Mairi HOY (Grn),skipped,skipped,skipped,skipped,skipped,,10
2562,Brian LAND (Ind),Robert JH MOONEY Glasgow (Lab),Allan GOW (SNP),Jacqueline MCLAREN (SNP),Fiona E HIGGINS Glasgow (Lab),Sandra WATSON (SNP),Seonad Mairi HOY (Grn),skipped,skipped,skipped,,10
2563,Brian LAND (Ind),Robert JH MOONEY Glasgow (Lab),Jacqueline MCLAREN (SNP),skipped,skipped,skipped,skipped,skipped,skipped,skipped,,10
2564,Brian LAND (Ind),Robert JH MOONEY Glasgow (Lab),Jacqueline MCLAREN (SNP),skipped,skipped,skipped,skipped,skipped,skipped,skipped,,10
2565,Brian LAND (Ind),Robert JH MOONEY Glasgow (Lab),Jacqueline MCLAREN (SNP),skipped,skipped,skipped,skipped,skipped,skipped,skipped,,10
2566,Brian LAND (Ind),Robert JH MOONEY Glasgow (Lab),Jacqueline MCLAREN (SNP),skipped,skipped,skipped,skipped,skipped,skipped,skipped,,10
2567,Brian LAND (Ind),Robert JH MOONEY Glasgow (Lab),Jacqueline MCLAREN (SNP),skipped,skipped,skipped,skipped,skipped,skipped,skipped,,10
2568,Brian LAND (Ind),Robert JH MOONEY Glasgow (Lab),Jacqueline MCLAREN (SNP),skipped,skipped,skipped,skipped,skipped,skipped,skipped,,10
2569,Brian LAND (Ind),Robert JH MOONEY Glasgow (Lab),Sandra WATSON (SNP),Scott SIMPSON (LD),Martin Lawson OLU-OSAGIE (Alba),Jacqueline MCLAREN (SNP),Seonad Mairi HOY (Grn),skipped,skipped,skipped,,10
2570,Brian LAND (Ind),Robert JH MOONEY Glasgow (Lab),Sandra WATSON (SNP),Allan GOW (SNP),Fiona E HIGGINS Glasgow (Lab),Jacqueline MCLAREN (SNP),Seonad Mairi HOY (Grn),skipped,skipped,skipped,,10
2571,Brian LAND (Ind),Sandra WATSON (SNP),skipped,skipped,skipped,skipped,skipped,skipped,skipped,skipped,,10
2572,Brian LAND (Ind),Sandra WATSON (SNP),Seonad Mairi HOY (Grn),skipped,skipped,skipped,skipped,skipped,skipped,skipped,,10
2573,Brian LAND (Ind),Sandra WATSON (SNP),Seonad Mairi HOY (Grn),Allan GOW (SNP),Jacqueline MCLAREN (SNP),Fiona E HIGGINS Glasgow (Lab),Robert JH MOONEY Glasgow (Lab),skipped,skipped,skipped,,10
2574,Brian LAND (Ind),Sandra WATSON (SNP),Martin Lawson OLU-OSAGIE (Alba),Robert JH MOONEY Glasgow (Lab),Jacqueline MCLAREN (SNP),skipped,skipped,skipped,skipped,skipped,,10
2575,Brian LAND (Ind),Sandra WATSON (SNP),Allan GOW (SNP),skipped,skipped,skipped,skipped,skipped,skipped,skipped,,10
2576,Brian LAND (Ind),Sandra WATSON (SNP),Allan GOW (SNP),skipped,skipped,skipped,skipped,skipped,skipped,skipped,,10
2577,Brian LAND (Ind),Sandra WATSON (SNP),Allan GOW (SNP),skipped,skipped,skipped,skipped,skipped,skipped,skipped,,10
2578,Brian LAND (Ind),Sandra WATSON (SNP),Allan GOW (SNP),Fiona E HIGGINS Glasgow (Lab),Jacqueline MCLAREN (SNP),Robert JH MOONEY Glasgow (Lab),skipped,skipped,skipped,skipped,,10
2579,Brian LAND (Ind),Sandra WATSON (SNP),Allan GOW (SNP),Jacqueline MCLAREN (SNP),skipped,skipped,skipped,skipped,skipped,skipped,,10
2580,Brian LAND (Ind),Sandra WATSON (SNP),Allan GOW (SNP),Jacqueline MCLAREN (SNP),skipped,skipped,skipped,skipped,skipped,skipped,,10
2581,Brian LAND (Ind),Sandra WATSON (SNP),Allan GOW (SNP),Robert JH MOONEY Glasgow (Lab),Jacqueline MCLAREN (SNP),skipped,skipped,skipped,skipped,skipped,,10
2582,Brian LAND (Ind),Sandra WATSON (SNP),Jacqueline MCLAREN (SNP),skipped,skipped,skipped,skipped,skipped,skipped,skipped,,10
2583,Brian LAND (Ind),Sandra WATSON (SNP),Jacqueline MCLAREN (SNP),skipped,skipped,skipped,skipped,skipped,skipped,skipped,,10
2584,Brian LAND (Ind),Sandra WATSON (SNP),Jacqueline MCLAREN (SNP),skipped,skipped,skipped,skipped,skipped,skipped,skipped,,10
2585,Brian LAND (Ind),Sandra WATSON (SNP),Jacqueline MCLAREN (SNP),skipped,skipped,skipped,skipped,skipped,skipped,skipped,,10
2586,Brian LAND (Ind),Sandra WATSON (SNP),Jacqueline MCLAREN (SNP),skipped,skipped,skipped,skipped,skipped,skipped,skipped,,10
2587,Brian LAND (Ind),Sandra WATSON (SNP),Jacqueline MCLAREN (SNP),skipped,skipped,skipped,skipped,skipped,skipped,skipped,,10
2588,Brian LAND (Ind),Sandra WATSON (SNP),Jacqueline MCLAREN (SNP),Scott SIMPSON (LD),Maria WELLS (Con),Allan GOW (SNP),Robert JH MOONEY Glasgow (Lab),skipped,skipped,skipped,,10
2589,Brian LAND (Ind),Sandra WATSON (SNP),Jacqueline MCLAREN (SNP),Allan GOW (SNP),Seonad Mairi HOY (Grn),skipped,skipped,skipped,skipped,skipped,,10
2590,Brian LAND (Ind),Sandra WATSON (SNP),Jacqueline MCLAREN (SNP),Allan GOW (SNP),Seonad Mairi HOY (Grn),Fiona E HIGGINS Glasgow (Lab),Robert JH MOONEY Glasgow (Lab),skipped,skipped,skipped,,10
2591,Brian LAND (Ind),Sandra WATSON (SNP),Jacqueline MCLAREN (SNP),Allan GOW (SNP),Fiona E HIGGINS Glasgow (Lab),Robert JH MOONEY Glasgow (Lab),skipped,skipped,skipped,skipped,,10
2592,Brian LAND (Ind),Sandra WATSON (SNP),Jacqueline MCLAREN (SNP),Allan GOW (SNP),Scott SIMPSON (LD),Robert JH MOONEY Glasgow (Lab),Fiona E HIGGINS Glasgow (Lab),skipped,skipped,skipped,,10
2593,Brian LAND (Ind),Sandra WATSON (SNP),Robert JH MOONEY Glasgow (Lab),Allan GOW (SNP),skipped,skipped,skipped,skipped,skipped,skipped,,10
2594,Brian LAND (Ind),Sandra WATSON (SNP),Robert JH MOONEY Glasgow (Lab),Allan GOW (SNP),skipped,skipped,skipped,skipped,skipped,skipped,,10
2595,Maria WELLS (Con),skipped,skipped,skipped,skipped,skipped,skipped,skipped,skipped,skipped,,10
2596,Maria WELLS (Con),skipped,skipped,skipped,skipped,skipped,skipped,skipped,skipped,skipped,,10
2597,Maria WELLS (Con),skipped,skipped,skipped,skipped,skipped,skipped,skipped,skipped,skipped,,10
2598,Maria WELLS (Con),skipped,skipped,skipped,skipped,skipped,skipped,skipped,skipped,skipped,,10
2599,Maria WELLS (Con),skipped,skipped,skipped,skipped,skipped,skipped,skipped,skipped,skipped,,10
2600,Maria WELLS (Con),skipped,skipped,skipped,skipped,skipped,skipped,skipped,skipped,skipped,,10
2601,Maria WELLS (Con),skipped,skipped,skipped,skipped,skipped,skipped,skipped,skipped,skipped,,10
2602,Maria WELLS (Con),skipped,skipped,skipped,skipped,skipped,skipped,skipped,skipped,skipped,,10
2603,Maria WELLS (Con),skipped,skipped,skipped,skipped,skipped,skipped,skipped,skipped,skipped,,10
2604,Maria WELLS (Con),skipped,skipped,skipped,skipped,skipped,skipped,skipped,skipped,skipped,,10
2605,Maria WELLS (Con),skipped,skipped,skipped,skipped,skipped,skipped,skipped,skipped,skipped,,10
2606,Maria WELLS (Con),skipped,skipped,skipped,skipped,skipped,skipped,skipped,skipped,skipped,,10
2607,Maria WELLS (Con),skipped,skipped,skipped,skipped,skipped,skipped,skipped,skipped,skipped,,10
2608,Maria WELLS (Con),skipped,skipped,skipped,skipped,skipped,skipped,skipped,skipped,skipped,,10
2609,Maria WELLS (Con),skipped,skipped,skipped,skipped,skipped,skipped,skipped,skipped,skipped,,10
2610,Maria WELLS (Con),skipped,skipped,skipped,skipped,skipped,skipped,skipped,skipped,skipped,,10
2611,Maria WELLS (Con),skipped,skipped,skipped,skipped,skipped,skipped,skipped,skipped,skipped,,10
2612,Maria WELLS (Con),skipped,skipped,skipped,skipped,skipped,skipped,skipped,skipped,skipped,,10
2613,Maria WELLS (Con),skipped,skipped,skipped,skipped,skipped,skipped,skipped,skipped,skipped,,10
2614,Maria WELLS (Con),skipped,skipped,skipped,skipped,skipped,skipped,skipped,skipped,skipped,,10
2615,Maria WELLS (Con),skipped,skipped,skipped,skipped,skipped,skipped,skipped,skipped,skipped,,10
2616,Maria WELLS (Con),skipped,skipped,skipped,skipped,skipped,skipped,skipped,skipped,skipped,,10
2617,Maria WELLS (Con),skipped,skipped,skipped,skipped,skipped,skipped,skipped,skipped,skipped,,10
2618,Maria WELLS (Con),skipped,skipped,skipped,skipped,skipped,skipped,skipped,skipped,skipped,,10
2619,Maria WELLS (Con),skipped,skipped,skipped,skipped,skipped,skipped,skipped,skipped,skipped,,10
2620,Maria WELLS (Con),skipped,skipped,skipped,skipped,skipped,skipped,skipped,skipped,skipped,,10
2621,Maria WELLS (Con),skipped,skipped,skipped,skipped,skipped,skipped,skipped,skipped,skipped,,10
2622,Maria WELLS (Con),skipped,skipped,skipped,skipped,skipped,skipped,skipped,skipped,skipped,,10
2623,Maria WELLS (Con),skipped,skipped,skipped,skipped,skipped,skipped,skipped,skipped,skipped,,10
2624,Maria WELLS (Con),skipped,skipped,skipped,skipped,skipped,skipped,skipped,skipped,skipped,,10
2625,Maria WELLS (Con),skipped,skipped,skipped,skipped,skipped,skipped,skipped,skipped,skipped,,10
2626,Maria WELLS (Con),skipped,skipped,skipped,skipped,skipped,skipped,skipped,skipped,skipped,,10
2627,Maria WELLS (Con),skipped,skipped,skipped,skipped,skipped,skipped,skipped,skipped,skipped,,10
2628,Maria WELLS (Con),skipped,skipped,skipped,skipped,skipped,skipped,skipped,skipped,skipped,,10
2629,Maria WELLS (Con),skipped,skipped,skipped,skipped,skipped,skipped,skipped,skipped,skipped,,10
2630,Maria WELLS (Con),skipped,skipped,skipped,skipped,skipped,skipped,skipped,skipped,skipped,,10
2631,Maria WELLS (Con),skipped,skipped,skipped,skipped,skipped,skipped,skipped,skipped,skipped,,10
2632,Maria WELLS (Con),skipped,skipped,skipped,skipped,skipped,skipped,skipped,skipped,skipped,,10
2633,Maria WELLS (Con),skipped,skipped,skipped,skipped,skipped,skipped,skipped,skipped,skipped,,10
2634,Maria WELLS (Con),skipped,skipped,skipped,skipped,skipped,skipped,skipped,skipped,skipped,,10
2635,Maria WELLS (Con),skipped,skipped,skipped,skipped,skipped,skipped,skipped,skipped,skipped,,10
2636,Maria WELLS (Con),skipped,skipped,skipped,skipped,skipped,skipped,skipped,skipped,skipped,,10
2637,Maria WELLS (Con),skipped,skipped,skipped,skipped,skipped,skipped,skipped,skipped,skipped,,10
2638,Maria WELLS (Con),skipped,skipped,skipped,skipped,skipped,skipped,skipped,skipped,skipped,,10
2639,Maria WELLS (Con),skipped,skipped,skipped,skipped,skipped,skipped,skipped,skipped,skipped,,10
2640,Maria WELLS (Con),skipped,skipped,skipped,skipped,skipped,skipped,skipped,skipped,skipped,,10
2641,Maria WELLS (Con),skipped,skipped,skipped,skipped,skipped,skipped,skipped,skipped,skipped,,10
2642,Maria WELLS (Con),skipped,skipped,skipped,skipped,skipped,skipped,skipped,skipped,skipped,,10
2643,Maria WELLS (Con),skipped,skipped,skipped,skipped,skipped,skipped,skipped,skipped,skipped,,10
2644,Maria WELLS (Con),skipped,skipped,skipped,skipped,skipped,skipped,skipped,skipped,skipped,,10
2645,Maria WELLS (Con),skipped,skipped,skipped,skipped,skipped,skipped,skipped,skipped,skipped,,10
2646,Maria WELLS (Con),skipped,skipped,skipped,skipped,skipped,skipped,skipped,skipped,skipped,,10
2647,Maria WELLS (Con),skipped,skipped,skipped,skipped,skipped,skipped,skipped,skipped,skipped,,10
2648,Maria WELLS (Con),skipped,skipped,skipped,skipped,skipped,skipped,skipped,skipped,skipped,,10
2649,Maria WELLS (Con),skipped,skipped,skipped,skipped,skipped,skipped,skipped,skipped,skipped,,10
2650,Maria WELLS (Con),skipped,skipped,skipped,skipped,skipped,skipped,skipped,skipped,skipped,,10
2651,Maria WELLS (Con),skipped,skipped,skipped,skipped,skipped,skipped,skipped,skipped,skipped,,10
2652,Maria WELLS (Con),skipped,skipped,skipped,skipped,skipped,skipped,skipped,skipped,skipped,,10
2653,Maria WELLS (Con),skipped,skipped,skipped,skipped,skipped,skipped,skipped,skipped,skipped,,10
2654,Maria WELLS (Con),skipped,skipped,skipped,skipped,skipped,skipped,skipped,skipped,skipped,,10
2655,Maria WELLS (Con),skipped,skipped,skipped,skipped,skipped,skipped,skipped,skipped,skipped,,10
2656,Maria WELLS (Con),skipped,skipped,skipped,skipped,skipped,skipped,skipped,skipped,skipped,,10
2657,Maria WELLS (Con),skipped,skipped,skipped,skipped,skipped,skipped,skipped,skipped,skipped,,10
2658,Maria WELLS (Con),skipped,skipped,skipped,skipped,skipped,skipped,skipped,skipped,skipped,,10
2659,Maria WELLS (Con),skipped,skipped,skipped,skipped,skipped,skipped,skipped,skipped,skipped,,10
2660,Maria WELLS (Con),skipped,skipped,skipped,skipped,skipped,skipped,skipped,skipped,skipped,,10
2661,Maria WELLS (Con),skipped,skipped,skipped,skipped,skipped,skipped,skipped,skipped,skipped,,10
2662,Maria WELLS (Con),skipped,skipped,skipped,skipped,skipped,skipped,skipped,skipped,skipped,,10
2663,Maria WELLS (Con),skipped,skipped,skipped,skipped,skipped,skipped,skipped,skipped,skipped,,10
2664,Maria WELLS (Con),skipped,skipped,skipped,skipped,skipped,skipped,skipped,skipped,skipped,,10
2665,Maria WELLS (Con),skipped,skipped,skipped,skipped,skipped,skipped,skipped,skipped,skipped,,10
2666,Maria WELLS (Con),skipped,skipped,skipped,skipped,skipped,skipped,skipped,skipped,skipped,,10
2667,Maria WELLS (Con),skipped,skipped,skipped,skipped,skipped,skipped,skipped,skipped,skipped,,10
2668,Maria WELLS (Con),skipped,skipped,skipped,skipped,skipped,skipped,skipped,skipped,skipped,,10
2669,Maria WELLS (Con),skipped,skipped,skipped,skipped,skipped,skipped,skipped,skipped,skipped,,10
2670,Maria WELLS (Con),skipped,skipped,skipped,skipped,skipped,skipped,skipped,skipped,skipped,,10
2671,Maria WELLS (Con),skipped,skipped,skipped,skipped,skipped,skipped,skipped,skipped,skipped,,10
2672,Maria WELLS (Con),skipped,skipped,skipped,skipped,skipped,skipped,skipped,skipped,skipped,,10
2673,Maria WELLS (Con),skipped,skipped,skipped,skipped,skipped,skipped,skipped,skipped,skipped,,10
2674,Maria WELLS (Con),skipped,skipped,skipped,skipped,skipped,skipped,skipped,skipped,skipped,,10
2675,Maria WELLS (Con),skipped,skipped,skipped,skipped,skipped,skipped,skipped,skipped,skipped,,10
2676,Maria WELLS (Con),skipped,skipped,skipped,skipped,skipped,skipped,skipped,skipped,skipped,,10
2677,Maria WELLS (Con),skipped,skipped,skipped,skipped,skipped,skipped,skipped,skipped,skipped,,10
2678,Maria WELLS (Con),skipped,skipped,skipped,skipped,skipped,skipped,skipped,skipped,skipped,,10
2679,Maria WELLS (Con),skipped,skipped,skipped,skipped,skipped,skipped,skipped,skipped,skipped,,10
2680,Maria WELLS (Con),skipped,skipped,skipped,skipped,skipped,skipped,skipped,skipped,skipped,,10
2681,Maria WELLS (Con),skipped,skipped,skipped,skipped,skipped,skipped,skipped,skipped,skipped,,10
2682,Maria WELLS (Con),skipped,skipped,skipped,skipped,skipped,skipped,skipped,skipped,skipped,,10
2683,Maria WELLS (Con),skipped,skipped,skipped,skipped,skipped,skipped,skipped,skipped,skipped,,10
2684,Maria WELLS (Con),skipped,skipped,skipped,skipped,skipped,skipped,skipped,skipped,skipped,,10
2685,Maria WELLS (Con),skipped,skipped,skipped,skipped,skipped,skipped,skipped,skipped,skipped,,10
2686,Maria WELLS (Con),skipped,skipped,skipped,skipped,skipped,skipped,skipped,skipped,skipped,,10
2687,Maria WELLS (Con),skipped,skipped,skipped,skipped,skipped,skipped,skipped,skipped,skipped,,10
2688,Maria WELLS (Con),skipped,skipped,skipped,skipped,skipped,skipped,skipped,skipped,skipped,,10
2689,Maria WELLS (Con),skipped,skipped,skipped,skipped,skipped,skipped,skipped,skipped,skipped,,10
2690,Maria WELLS (Con),skipped,skipped,skipped,skipped,skipped,skipped,skipped,skipped,skipped,,10
2691,Maria WELLS (Con),skipped,skipped,skipped,skipped,skipped,skipped,skipped,skipped,skipped,,10
2692,Maria WELLS (Con),skipped,skipped,skipped,skipped,skipped,skipped,skipped,skipped,skipped,,10
2693,Maria WELLS (Con),skipped,skipped,skipped,skipped,skipped,skipped,skipped,skipped,skipped,,10
2694,Maria WELLS (Con),skipped,skipped,skipped,skipped,skipped,skipped,skipped,skipped,skipped,,10
2695,Maria WELLS (Con),Seonad Mairi HOY (Grn),skipped,skipped,skipped,skipped,skipped,skipped,skipped,skipped,,10
2696,Maria WELLS (Con),Seonad Mairi HOY (Grn),Fiona E HIGGINS Glasgow (Lab),skipped,skipped,skipped,skipped,skipped,skipped,skipped,,10
2697,Maria WELLS (Con),Seonad Mairi HOY (Grn),Fiona E HIGGINS Glasgow (Lab),Robert JH MOONEY Glasgow (Lab),Brian LAND (Ind),skipped,skipped,skipped,skipped,skipped,,10
2698,Maria WELLS (Con),Seonad Mairi HOY (Grn),Scott SIMPSON (LD),Allan GOW (SNP),skipped,skipped,skipped,skipped,skipped,skipped,,10
2699,Maria WELLS (Con),Seonad Mairi HOY (Grn),Brian LAND (Ind),skipped,skipped,skipped,skipped,skipped,skipped,skipped,,10
2700,Maria WELLS (Con),Fiona E HIGGINS Glasgow (Lab),skipped,skipped,skipped,skipped,skipped,skipped,skipped,skipped,,10
2701,Maria WELLS (Con),Fiona E HIGGINS Glasgow (Lab),skipped,skipped,skipped,skipped,skipped,skipped,skipped,skipped,,10
2702,Maria WELLS (Con),Fiona E HIGGINS Glasgow (Lab),skipped,skipped,skipped,skipped,skipped,skipped,skipped,skipped,,10
2703,Maria WELLS (Con),Fiona E HIGGINS Glasgow (Lab),skipped,skipped,skipped,skipped,skipped,skipped,skipped,skipped,,10
2704,Maria WELLS (Con),Fiona E HIGGINS Glasgow (Lab),skipped,skipped,skipped,skipped,skipped,skipped,skipped,skipped,,10
2705,Maria WELLS (Con),Fiona E HIGGINS Glasgow (Lab),skipped,skipped,skipped,skipped,skipped,skipped,skipped,skipped,,10
2706,Maria WELLS (Con),Fiona E HIGGINS Glasgow (Lab),Seonad Mairi HOY (Grn),skipped,skipped,skipped,skipped,skipped,skipped,skipped,,10
2707,Maria WELLS (Con),Fiona E HIGGINS Glasgow (Lab),Scott SIMPSON (LD),skipped,skipped,skipped,skipped,skipped,skipped,skipped,,10
2708,Maria WELLS (Con),Fiona E HIGGINS Glasgow (Lab),Scott SIMPSON (LD),skipped,skipped,skipped,skipped,skipped,skipped,skipped,,10
2709,Maria WELLS (Con),Fiona E HIGGINS Glasgow (Lab),Scott SIMPSON (LD),Robert JH MOONEY Glasgow (Lab),skipped,skipped,skipped,skipped,skipped,skipped,,10
2710,Maria WELLS (Con),Fiona E HIGGINS Glasgow (Lab),Scott SIMPSON (LD),Robert JH MOONEY Glasgow (Lab),skipped,skipped,skipped,skipped,skipped,skipped,,10
2711,Maria WELLS (Con),Fiona E HIGGINS Glasgow (Lab),Scott SIMPSON (LD),Robert JH MOONEY Glasgow (Lab),skipped,skipped,skipped,skipped,skipped,skipped,,10
2712,Maria WELLS (Con),Fiona E HIGGINS Glasgow (Lab),Brian LAND (Ind),skipped,skipped,skipped,skipped,skipped,skipped,skipped,,10
2713,Maria WELLS (Con),Fiona E HIGGINS Glasgow (Lab),Allan GOW (SNP),skipped,skipped,skipped,skipped,skipped,skipped,skipped,,10
2714,Maria WELLS (Con),Fiona E HIGGINS Glasgow (Lab),Robert JH MOONEY Glasgow (Lab),skipped,skipped,skipped,skipped,skipped,skipped,skipped,,10
2715,Maria WELLS (Con),Fiona E HIGGINS Glasgow (Lab),Robert JH MOONEY Glasgow (Lab),skipped,skipped,skipped,skipped,skipped,skipped,skipped,,10
2716,Maria WELLS (Con),Fiona E HIGGINS Glasgow (Lab),Robert JH MOONEY Glasgow (Lab),skipped,skipped,skipped,skipped,skipped,skipped,skipped,,10
2717,Maria WELLS (Con),Fiona E HIGGINS Glasgow (Lab),Robert JH MOONEY Glasgow (Lab),skipped,skipped,skipped,skipped,skipped,skipped,skipped,,10
2718,Maria WELLS (Con),Fiona E HIGGINS Glasgow (Lab),Robert JH MOONEY Glasgow (Lab),skipped,skipped,skipped,skipped,skipped,skipped,skipped,,10
2719,Maria WELLS (Con),Fiona E HIGGINS Glasgow (Lab),Robert JH MOONEY Glasgow (Lab),skipped,skipped,skipped,skipped,skipped,skipped,skipped,,10
2720,Maria WELLS (Con),Fiona E HIGGINS Glasgow (Lab),Robert JH MOONEY Glasgow (Lab),skipped,skipped,skipped,skipped,skipped,skipped,skipped,,10
2721,Maria WELLS (Con),Fiona E HIGGINS Glasgow (Lab),Robert JH MOONEY Glasgow (Lab),skipped,skipped,skipped,skipped,skipped,skipped,skipped,,10
2722,Maria WELLS (Con),Fiona E HIGGINS Glasgow (Lab),Robert JH MOONEY Glasgow (Lab),skipped,skipped,skipped,skipped,skipped,skipped,skipped,,10
2723,Maria WELLS (Con),Fiona E HIGGINS Glasgow (Lab),Robert JH MOONEY Glasgow (Lab),skipped,skipped,skipped,skipped,skipped,skipped,skipped,,10
2724,Maria WELLS (Con),Fiona E HIGGINS Glasgow (Lab),Robert JH MOONEY Glasgow (Lab),skipped,skipped,skipped,skipped,skipped,skipped,skipped,,10
2725,Maria WELLS (Con),Fiona E HIGGINS Glasgow (Lab),Robert JH MOONEY Glasgow (Lab),skipped,skipped,skipped,skipped,skipped,skipped,skipped,,10
2726,Maria WELLS (Con),Fiona E HIGGINS Glasgow (Lab),Robert JH MOONEY Glasgow (Lab),skipped,skipped,skipped,skipped,skipped,skipped,skipped,,10
2727,Maria WELLS (Con),Fiona E HIGGINS Glasgow (Lab),Robert JH MOONEY Glasgow (Lab),skipped,skipped,skipped,skipped,skipped,skipped,skipped,,10
2728,Maria WELLS (Con),Fiona E HIGGINS Glasgow (Lab),Robert JH MOONEY Glasgow (Lab),skipped,skipped,skipped,skipped,skipped,skipped,skipped,,10
2729,Maria WELLS (Con),Fiona E HIGGINS Glasgow (Lab),Robert JH MOONEY Glasgow (Lab),skipped,skipped,skipped,skipped,skipped,skipped,skipped,,10
2730,Maria WELLS (Con),Fiona E HIGGINS Glasgow (Lab),Robert JH MOONEY Glasgow (Lab),skipped,skipped,skipped,skipped,skipped,skipped,skipped,,10
2731,Maria WELLS (Con),Fiona E HIGGINS Glasgow (Lab),Robert JH MOONEY Glasgow (Lab),skipped,skipped,skipped,skipped,skipped,skipped,skipped,,10
2732,Maria WELLS (Con),Fiona E HIGGINS Glasgow (Lab),Robert JH MOONEY Glasgow (Lab),skipped,skipped,skipped,skipped,skipped,skipped,skipped,,10
2733,Maria WELLS (Con),Fiona E HIGGINS Glasgow (Lab),Robert JH MOONEY Glasgow (Lab),skipped,skipped,skipped,skipped,skipped,skipped,skipped,,10
2734,Maria WELLS (Con),Fiona E HIGGINS Glasgow (Lab),Robert JH MOONEY Glasgow (Lab),skipped,skipped,skipped,skipped,skipped,skipped,skipped,,10
2735,Maria WELLS (Con),Fiona E HIGGINS Glasgow (Lab),Robert JH MOONEY Glasgow (Lab),skipped,skipped,skipped,skipped,skipped,skipped,skipped,,10
2736,Maria WELLS (Con),Fiona E HIGGINS Glasgow (Lab),Robert JH MOONEY Glasgow (Lab),skipped,skipped,skipped,skipped,skipped,skipped,skipped,,10
2737,Maria WELLS (Con),Fiona E HIGGINS Glasgow (Lab),Robert JH MOONEY Glasgow (Lab),skipped,skipped,skipped,skipped,skipped,skipped,skipped,,10
2738,Maria WELLS (Con),Fiona E HIGGINS Glasgow (Lab),Robert JH MOONEY Glasgow (Lab),skipped,skipped,skipped,skipped,skipped,skipped,skipped,,10
2739,Maria WELLS (Con),Fiona E HIGGINS Glasgow (Lab),Robert JH MOONEY Glasgow (Lab),skipped,skipped,skipped,skipped,skipped,skipped,skipped,,10
2740,Maria WELLS (Con),Fiona E HIGGINS Glasgow (Lab),Robert JH MOONEY Glasgow (Lab),skipped,skipped,skipped,skipped,skipped,skipped,skipped,,10
2741,Maria WELLS (Con),Fiona E HIGGINS Glasgow (Lab),Robert JH MOONEY Glasgow (Lab),skipped,skipped,skipped,skipped,skipped,skipped,skipped,,10
2742,Maria WELLS (Con),Fiona E HIGGINS Glasgow (Lab),Robert JH MOONEY Glasgow (Lab),skipped,skipped,skipped,skipped,skipped,skipped,skipped,,10
2743,Maria WELLS (Con),Fiona E HIGGINS Glasgow (Lab),Robert JH MOONEY Glasgow (Lab),skipped,skipped,skipped,skipped,skipped,skipped,skipped,,10
2744,Maria WELLS (Con),Fiona E HIGGINS Glasgow (Lab),Robert JH MOONEY Glasgow (Lab),skipped,skipped,skipped,skipped,skipped,skipped,skipped,,10
2745,Maria WELLS (Con),Fiona E HIGGINS Glasgow (Lab),Robert JH MOONEY Glasgow (Lab),skipped,skipped,skipped,skipped,skipped,skipped,skipped,,10
2746,Maria WELLS (Con),Fiona E HIGGINS Glasgow (Lab),Robert JH MOONEY Glasgow (Lab),skipped,skipped,skipped,skipped,skipped,skipped,skipped,,10
2747,Maria WELLS (Con),Fiona E HIGGINS Glasgow (Lab),Robert JH MOONEY Glasgow (Lab),Scott SIMPSON (LD),skipped,skipped,skipped,skipped,skipped,skipped,,10
2748,Maria WELLS (Con),Fiona E HIGGINS Glasgow (Lab),Robert JH MOONEY Glasgow (Lab),Scott SIMPSON (LD),skipped,skipped,skipped,skipped,skipped,skipped,,10
2749,Maria WELLS (Con),Fiona E HIGGINS Glasgow (Lab),Robert JH MOONEY Glasgow (Lab),Scott SIMPSON (LD),skipped,skipped,skipped,skipped,skipped,skipped,,10
2750,Maria WELLS (Con),Fiona E HIGGINS Glasgow (Lab),Robert JH MOONEY Glasgow (Lab),Scott SIMPSON (LD),skipped,skipped,skipped,skipped,skipped,skipped,,10
2751,Maria WELLS (Con),Fiona E HIGGINS Glasgow (Lab),Robert JH MOONEY Glasgow (Lab),Scott SIMPSON (LD),skipped,skipped,skipped,skipped,skipped,skipped,,10
2752,Maria WELLS (Con),Fiona E HIGGINS Glasgow (Lab),Robert JH MOONEY Glasgow (Lab),Scott SIMPSON (LD),Brian LAND (Ind),skipped,skipped,skipped,skipped,skipped,,10
2753,Maria WELLS (Con),Fiona E HIGGINS Glasgow (Lab),Robert JH MOONEY Glasgow (Lab),Scott SIMPSON (LD),Brian LAND (Ind),Martin Lawson OLU-OSAGIE (Alba),Seonad Mairi HOY (Grn),skipped,skipped,skipped,,10
2754,Maria WELLS (Con),Fiona E HIGGINS Glasgow (Lab),Robert JH MOONEY Glasgow (Lab),Brian LAND (Ind),skipped,skipped,skipped,skipped,skipped,skipped,,10
2755,Maria WELLS (Con),Fiona E HIGGINS Glasgow (Lab),Robert JH MOONEY Glasgow (Lab),Brian LAND (Ind),skipped,skipped,skipped,skipped,skipped,skipped,,10
2756,Maria WELLS (Con),Fiona E HIGGINS Glasgow (Lab),Robert JH MOONEY Glasgow (Lab),Brian LAND (Ind),skipped,skipped,skipped,skipped,skipped,skipped,,10
2757,Maria WELLS (Con),Martin Lawson OLU-OSAGIE (Alba),skipped,skipped,skipped,skipped,skipped,skipped,skipped,skipped,,10
2758,Maria WELLS (Con),Martin Lawson OLU-OSAGIE (Alba),skipped,skipped,skipped,skipped,skipped,skipped,skipped,skipped,,10
2759,Maria WELLS (Con),Martin Lawson OLU-OSAGIE (Alba),skipped,skipped,skipped,skipped,skipped,skipped,skipped,skipped,,10
2760,Maria WELLS (Con),Martin Lawson OLU-OSAGIE (Alba),Scott SIMPSON (LD),skipped,skipped,skipped,skipped,skipped,skipped,skipped,,10
2761,Maria WELLS (Con),Martin Lawson OLU-OSAGIE (Alba),Brian LAND (Ind),skipped,skipped,skipped,skipped,skipped,skipped,skipped,,10
2762,Maria WELLS (Con),Martin Lawson OLU-OSAGIE (Alba),Brian LAND (Ind),skipped,skipped,skipped,skipped,skipped,skipped,skipped,,10
2763,Maria WELLS (Con),Scott SIMPSON (LD),skipped,skipped,skipped,skipped,skipped,skipped,skipped,skipped,,10
2764,Maria WELLS (Con),Scott SIMPSON (LD),skipped,skipped,skipped,skipped,skipped,skipped,skipped,skipped,,10
2765,Maria WELLS (Con),Scott SIMPSON (LD),skipped,skipped,skipped,skipped,skipped,skipped,skipped,skipped,,10
2766,Maria WELLS (Con),Scott SIMPSON (LD),skipped,skipped,skipped,skipped,skipped,skipped,skipped,skipped,,10
2767,Maria WELLS (Con),Scott SIMPSON (LD),skipped,skipped,skipped,skipped,skipped,skipped,skipped,skipped,,10
2768,Maria WELLS (Con),Scott SIMPSON (LD),skipped,skipped,skipped,skipped,skipped,skipped,skipped,skipped,,10
2769,Maria WELLS (Con),Scott SIMPSON (LD),Seonad Mairi HOY (Grn),skipped,skipped,skipped,skipped,skipped,skipped,skipped,,10
2770,Maria WELLS (Con),Scott SIMPSON (LD),Fiona E HIGGINS Glasgow (Lab),skipped,skipped,skipped,skipped,skipped,skipped,skipped,,10
2771,Maria WELLS (Con),Scott SIMPSON (LD),Fiona E HIGGINS Glasgow (Lab),skipped,skipped,skipped,skipped,skipped,skipped,skipped,,10
2772,Maria WELLS (Con),Scott SIMPSON (LD),Fiona E HIGGINS Glasgow (Lab),skipped,skipped,skipped,skipped,skipped,skipped,skipped,,10
2773,Maria WELLS (Con),Scott SIMPSON (LD),Fiona E HIGGINS Glasgow (Lab),Robert JH MOONEY Glasgow (Lab),skipped,skipped,skipped,skipped,skipped,skipped,,10
2774,Maria WELLS (Con),Scott SIMPSON (LD),Fiona E HIGGINS Glasgow (Lab),Robert JH MOONEY Glasgow (Lab),skipped,skipped,skipped,skipped,skipped,skipped,,10
2775,Maria WELLS (Con),Scott SIMPSON (LD),Fiona E HIGGINS Glasgow (Lab),Robert JH MOONEY Glasgow (Lab),skipped,skipped,skipped,skipped,skipped,skipped,,10
2776,Maria WELLS (Con),Scott SIMPSON (LD),Fiona E HIGGINS Glasgow (Lab),Robert JH MOONEY Glasgow (Lab),skipped,skipped,skipped,skipped,skipped,skipped,,10
2777,Maria WELLS (Con),Scott SIMPSON (LD),Martin Lawson OLU-OSAGIE (Alba),skipped,skipped,skipped,skipped,skipped,skipped,skipped,,10
2778,Maria WELLS (Con),Scott SIMPSON (LD),Martin Lawson OLU-OSAGIE (Alba),skipped,skipped,skipped,skipped,skipped,skipped,skipped,,10
2779,Maria WELLS (Con),Scott SIMPSON (LD),Martin Lawson OLU-OSAGIE (Alba),Seonad Mairi HOY (Grn),Robert JH MOONEY Glasgow (Lab),Fiona E HIGGINS Glasgow (Lab),skipped,skipped,skipped,skipped,,10
2780,Maria WELLS (Con),Scott SIMPSON (LD),Martin Lawson OLU-OSAGIE (Alba),Robert JH MOONEY Glasgow (Lab),skipped,skipped,skipped,skipped,skipped,skipped,,10
2781,Maria WELLS (Con),Scott SIMPSON (LD),Martin Lawson OLU-OSAGIE (Alba),Robert JH MOONEY Glasgow (Lab),skipped,skipped,skipped,skipped,skipped,skipped,,10
2782,Maria WELLS (Con),Scott SIMPSON (LD),Brian LAND (Ind),skipped,skipped,skipped,skipped,skipped,skipped,skipped,,10
2783,Maria WELLS (Con),Scott SIMPSON (LD),Brian LAND (Ind),skipped,skipped,skipped,skipped,skipped,skipped,skipped,,10
2784,Maria WELLS (Con),Scott SIMPSON (LD),Brian LAND (Ind),Robert JH MOONEY Glasgow (Lab),skipped,skipped,skipped,skipped,skipped,skipped,,10
2785,Maria WELLS (Con),Scott SIMPSON (LD),Brian LAND (Ind),Robert JH MOONEY Glasgow (Lab),skipped,skipped,skipped,skipped,skipped,skipped,,10
2786,Maria WELLS (Con),Scott SIMPSON (LD),Robert JH MOONEY Glasgow (Lab),skipped,skipped,skipped,skipped,skipped,skipped,skipped,,10
2787,Maria WELLS (Con),Scott SIMPSON (LD),Robert JH MOONEY Glasgow (Lab),skipped,skipped,skipped,skipped,skipped,skipped,skipped,,10
2788,Maria WELLS (Con),Scott SIMPSON (LD),Robert JH MOONEY Glasgow (Lab),skipped,skipped,skipped,skipped,skipped,skipped,skipped,,10
2789,Maria WELLS (Con),Scott SIMPSON (LD),Robert JH MOONEY Glasgow (Lab),skipped,skipped,skipped,skipped,skipped,skipped,skipped,,10
2790,Maria WELLS (Con),Scott SIMPSON (LD),Robert JH MOONEY Glasgow (Lab),skipped,skipped,skipped,skipped,skipped,skipped,skipped,,10
2791,Maria WELLS (Con),Scott SIMPSON (LD),Robert JH MOONEY Glasgow (Lab),skipped,skipped,skipped,skipped,skipped,skipped,skipped,,10
2792,Maria WELLS (Con),Scott SIMPSON (LD),Robert JH MOONEY Glasgow (Lab),skipped,skipped,skipped,skipped,skipped,skipped,skipped,,10
2793,Maria WELLS (Con),Scott SIMPSON (LD),Robert JH MOONEY Glasgow (Lab),skipped,skipped,skipped,skipped,skipped,skipped,skipped,,10
2794,Maria WELLS (Con),Scott SIMPSON (LD),Robert JH MOONEY Glasgow (Lab),Fiona E HIGGINS Glasgow (Lab),skipped,skipped,skipped,skipped,skipped,skipped,,10
2795,Maria WELLS (Con),Scott SIMPSON (LD),Robert JH MOONEY Glasgow (Lab),Fiona E HIGGINS Glasgow (Lab),skipped,skipped,skipped,skipped,skipped,skipped,,10
2796,Maria WELLS (Con),Scott SIMPSON (LD),Robert JH MOONEY Glasgow (Lab),Fiona E HIGGINS Glasgow (Lab),skipped,skipped,skipped,skipped,skipped,skipped,,10
2797,Maria WELLS (Con),Scott SIMPSON (LD),Robert JH MOONEY Glasgow (Lab),Fiona E HIGGINS Glasgow (Lab),skipped,skipped,skipped,skipped,skipped,skipped,,10
2798,Maria WELLS (Con),Scott SIMPSON (LD),Robert JH MOONEY Glasgow (Lab),Fiona E HIGGINS Glasgow (Lab),skipped,skipped,skipped,skipped,skipped,skipped,,10
2799,Maria WELLS (Con),Scott SIMPSON (LD),Robert JH MOONEY Glasgow (Lab),Fiona E HIGGINS Glasgow (Lab),skipped,skipped,skipped,skipped,skipped,skipped,,10
2800,Maria WELLS (Con),Scott SIMPSON (LD),Robert JH MOONEY Glasgow (Lab),Fiona E HIGGINS Glasgow (Lab),skipped,skipped,skipped,skipped,skipped,skipped,,10
2801,Maria WELLS (Con),Scott SIMPSON (LD),Robert JH MOONEY Glasgow (Lab),Fiona E HIGGINS Glasgow (Lab),Seonad Mairi HOY (Grn),Brian LAND (Ind),Martin Lawson OLU-OSAGIE (Alba),skipped,skipped,skipped,,10
2802,Maria WELLS (Con),Scott SIMPSON (LD),Robert JH MOONEY Glasgow (Lab),Fiona E HIGGINS Glasgow (Lab),Brian LAND (Ind),skipped,skipped,skipped,skipped,skipped,,10
2803,Maria WELLS (Con),Scott SIMPSON (LD),Robert JH MOONEY Glasgow (Lab),Fiona E HIGGINS Glasgow (Lab),Brian LAND (Ind),Seonad Mairi HOY (Grn),Martin Lawson OLU-OSAGIE (Alba),skipped,skipped,skipped,,10
2804,Maria WELLS (Con),Scott SIMPSON (LD),Robert JH MOONEY Glasgow (Lab),Martin Lawson OLU-OSAGIE (Alba),Fiona E HIGGINS Glasgow (Lab),Allan GOW (SNP),Jacqueline MCLAREN (SNP),skipped,skipped,skipped,,10
2805,Maria WELLS (Con),Scott SIMPSON (LD),Robert JH MOONEY Glasgow (Lab),Brian LAND (Ind),Fiona E HIGGINS Glasgow (Lab),Seonad Mairi HOY (Grn),Jacqueline MCLAREN (SNP),skipped,skipped,skipped,,10
2806,Maria WELLS (Con),Brian LAND (Ind),skipped,skipped,skipped,skipped,skipped,skipped,skipped,skipped,,10
2807,Maria WELLS (Con),Brian LAND (Ind),skipped,skipped,skipped,skipped,skipped,skipped,skipped,skipped,,10
2808,Maria WELLS (Con),Brian LAND (Ind),skipped,skipped,skipped,skipped,skipped,skipped,skipped,skipped,,10
2809,Maria WELLS (Con),Brian LAND (Ind),skipped,skipped,skipped,skipped,skipped,skipped,skipped,skipped,,10
2810,Maria WELLS (Con),Brian LAND (Ind),skipped,skipped,skipped,skipped,skipped,skipped,skipped,skipped,,10
2811,Maria WELLS (Con),Brian LAND (Ind),skipped,skipped,skipped,skipped,skipped,skipped,skipped,skipped,,10
2812,Maria WELLS (Con),Brian LAND (Ind),skipped,skipped,skipped,skipped,skipped,skipped,skipped,skipped,,10
2813,Maria WELLS (Con),Brian LAND (Ind),skipped,skipped,skipped,skipped,skipped,skipped,skipped,skipped,,10
2814,Maria WELLS (Con),Brian LAND (Ind),skipped,skipped,skipped,skipped,skipped,skipped,skipped,skipped,,10
2815,Maria WELLS (Con),Brian LAND (Ind),skipped,skipped,skipped,skipped,skipped,skipped,skipped,skipped,,10
2816,Maria WELLS (Con),Brian LAND (Ind),skipped,skipped,skipped,skipped,skipped,skipped,skipped,skipped,,10
2817,Maria WELLS (Con),Brian LAND (Ind),skipped,skipped,skipped,skipped,skipped,skipped,skipped,skipped,,10
2818,Maria WELLS (Con),Brian LAND (Ind),Seonad Mairi HOY (Grn),skipped,skipped,skipped,skipped,skipped,skipped,skipped,,10
2819,Maria WELLS (Con),Brian LAND (Ind),Seonad Mairi HOY (Grn),skipped,skipped,skipped,skipped,skipped,skipped,skipped,,10
2820,Maria WELLS (Con),Brian LAND (Ind),Fiona E HIGGINS Glasgow (Lab),skipped,skipped,skipped,skipped,skipped,skipped,skipped,,10
2821,Maria WELLS (Con),Brian LAND (Ind),Fiona E HIGGINS Glasgow (Lab),skipped,skipped,skipped,skipped,skipped,skipped,skipped,,10
2822,Maria WELLS (Con),Brian LAND (Ind),Fiona E HIGGINS Glasgow (Lab),skipped,skipped,skipped,skipped,skipped,skipped,skipped,,10
2823,Maria WELLS (Con),Brian LAND (Ind),Martin Lawson OLU-OSAGIE (Alba),skipped,skipped,skipped,skipped,skipped,skipped,skipped,,10
2824,Maria WELLS (Con),Brian LAND (Ind),Scott SIMPSON (LD),skipped,skipped,skipped,skipped,skipped,skipped,skipped,,10
2825,Maria WELLS (Con),Brian LAND (Ind),Scott SIMPSON (LD),skipped,skipped,skipped,skipped,skipped,skipped,skipped,,10
2826,Maria WELLS (Con),Brian LAND (Ind),Scott SIMPSON (LD),Fiona E HIGGINS Glasgow (Lab),Robert JH MOONEY Glasgow (Lab),skipped,skipped,skipped,skipped,skipped,,10
2827,Maria WELLS (Con),Brian LAND (Ind),Scott SIMPSON (LD),Robert JH MOONEY Glasgow (Lab),Fiona E HIGGINS Glasgow (Lab),Seonad Mairi HOY (Grn),Martin Lawson OLU-OSAGIE (Alba),skipped,skipped,skipped,,10
2828,Maria WELLS (Con),Brian LAND (Ind),Robert JH MOONEY Glasgow (Lab),Fiona E HIGGINS Glasgow (Lab),skipped,skipped,skipped,skipped,skipped,skipped,,10
2829,Maria WELLS (Con),Allan GOW (SNP),skipped,skipped,skipped,skipped,skipped,skipped,skipped,skipped,,10
2830,Maria WELLS (Con),Allan GOW (SNP),Scott SIMPSON (LD),Robert JH MOONEY Glasgow (Lab),Jacqueline MCLAREN (SNP),Sandra WATSON (SNP),Seonad Mairi HOY (Grn),skipped,skipped,skipped,,10
2831,Maria WELLS (Con),Jacqueline MCLAREN (SNP),Fiona E HIGGINS Glasgow (Lab),skipped,skipped,skipped,skipped,skipped,skipped,skipped,,10
2832,Maria WELLS (Con),Jacqueline MCLAREN (SNP),Robert JH MOONEY Glasgow (Lab),Seonad Mairi HOY (Grn),Allan GOW (SNP),skipped,skipped,skipped,skipped,skipped,,10
2833,Maria WELLS (Con),Robert JH MOONEY Glasgow (Lab),skipped,skipped,skipped,skipped,skipped,skipped,skipped,skipped,,10
2834,Maria WELLS (Con),Robert JH MOONEY Glasgow (Lab),skipped,skipped,skipped,skipped,skipped,skipped,skipped,skipped,,10
2835,Maria WELLS (Con),Robert JH MOONEY Glasgow (Lab),skipped,skipped,skipped,skipped,skipped,skipped,skipped,skipped,,10
2836,Maria WELLS (Con),Robert JH MOONEY Glasgow (Lab),skipped,skipped,skipped,skipped,skipped,skipped,skipped,skipped,,10
2837,Maria WELLS (Con),Robert JH MOONEY Glasgow (Lab),skipped,skipped,skipped,skipped,skipped,skipped,skipped,skipped,,10
2838,Maria WELLS (Con),Robert JH MOONEY Glasgow (Lab),Fiona E HIGGINS Glasgow (Lab),skipped,skipped,skipped,skipped,skipped,skipped,skipped,,10
2839,Maria WELLS (Con),Robert JH MOONEY Glasgow (Lab),Fiona E HIGGINS Glasgow (Lab),skipped,skipped,skipped,skipped,skipped,skipped,skipped,,10
2840,Maria WELLS (Con),Robert JH MOONEY Glasgow (Lab),Fiona E HIGGINS Glasgow (Lab),skipped,skipped,skipped,skipped,skipped,skipped,skipped,,10
2841,Maria WELLS (Con),Robert JH MOONEY Glasgow (Lab),Fiona E HIGGINS Glasgow (Lab),skipped,skipped,skipped,skipped,skipped,skipped,skipped,,10
2842,Maria WELLS (Con),Robert JH MOONEY Glasgow (Lab),Fiona E HIGGINS Glasgow (Lab),skipped,skipped,skipped,skipped,skipped,skipped,skipped,,10
2843,Maria WELLS (Con),Robert JH MOONEY Glasgow (Lab),Fiona E HIGGINS Glasgow (Lab),skipped,skipped,skipped,skipped,skipped,skipped,skipped,,10
2844,Maria WELLS (Con),Robert JH MOONEY Glasgow (Lab),Fiona E HIGGINS Glasgow (Lab),skipped,skipped,skipped,skipped,skipped,skipped,skipped,,10
2845,Maria WELLS (Con),Robert JH MOONEY Glasgow (Lab),Fiona E HIGGINS Glasgow (Lab),skipped,skipped,skipped,skipped,skipped,skipped,skipped,,10
2846,Maria WELLS (Con),Robert JH MOONEY Glasgow (Lab),Fiona E HIGGINS Glasgow (Lab),skipped,skipped,skipped,skipped,skipped,skipped,skipped,,10
2847,Maria WELLS (Con),Robert JH MOONEY Glasgow (Lab),Fiona E HIGGINS Glasgow (Lab),skipped,skipped,skipped,skipped,skipped,skipped,skipped,,10
2848,Maria WELLS (Con),Robert JH MOONEY Glasgow (Lab),Fiona E HIGGINS Glasgow (Lab),skipped,skipped,skipped,skipped,skipped,skipped,skipped,,10
2849,Maria WELLS (Con),Robert JH MOONEY Glasgow (Lab),Fiona E HIGGINS Glasgow (Lab),skipped,skipped,skipped,skipped,skipped,skipped,skipped,,10
2850,Maria WELLS (Con),Robert JH MOONEY Glasgow (Lab),Fiona E HIGGINS Glasgow (Lab),skipped,skipped,skipped,skipped,skipped,skipped,skipped,,10
2851,Maria WELLS (Con),Robert JH MOONEY Glasgow (Lab),Fiona E HIGGINS Glasgow (Lab),skipped,skipped,skipped,skipped,skipped,skipped,skipped,,10
2852,Maria WELLS (Con),Robert JH MOONEY Glasgow (Lab),Fiona E HIGGINS Glasgow (Lab),skipped,skipped,skipped,skipped,skipped,skipped,skipped,,10
2853,Maria WELLS (Con),Robert JH MOONEY Glasgow (Lab),Fiona E HIGGINS Glasgow (Lab),skipped,skipped,skipped,skipped,skipped,skipped,skipped,,10
2854,Maria WELLS (Con),Robert JH MOONEY Glasgow (Lab),Fiona E HIGGINS Glasgow (Lab),skipped,skipped,skipped,skipped,skipped,skipped,skipped,,10
2855,Maria WELLS (Con),Robert JH MOONEY Glasgow (Lab),Fiona E HIGGINS Glasgow (Lab),skipped,skipped,skipped,skipped,skipped,skipped,skipped,,10
2856,Maria WELLS (Con),Robert JH MOONEY Glasgow (Lab),Fiona E HIGGINS Glasgow (Lab),skipped,skipped,skipped,skipped,skipped,skipped,skipped,,10
2857,Maria WELLS (Con),Robert JH MOONEY Glasgow (Lab),Fiona E HIGGINS Glasgow (Lab),skipped,skipped,skipped,skipped,skipped,skipped,skipped,,10
2858,Maria WELLS (Con),Robert JH MOONEY Glasgow (Lab),Fiona E HIGGINS Glasgow (Lab),Seonad Mairi HOY (Grn),Brian LAND (Ind),skipped,skipped,skipped,skipped,skipped,,10
2859,Maria WELLS (Con),Robert JH MOONEY Glasgow (Lab),Fiona E HIGGINS Glasgow (Lab),Scott SIMPSON (LD),skipped,skipped,skipped,skipped,skipped,skipped,,10
2860,Maria WELLS (Con),Robert JH MOONEY Glasgow (Lab),Fiona E HIGGINS Glasgow (Lab),Scott SIMPSON (LD),skipped,skipped,skipped,skipped,skipped,skipped,,10
2861,Maria WELLS (Con),Robert JH MOONEY Glasgow (Lab),Fiona E HIGGINS Glasgow (Lab),Scott SIMPSON (LD),skipped,skipped,skipped,skipped,skipped,skipped,,10
2862,Maria WELLS (Con),Robert JH MOONEY Glasgow (Lab),Fiona E HIGGINS Glasgow (Lab),Scott SIMPSON (LD),skipped,skipped,skipped,skipped,skipped,skipped,,10
2863,Maria WELLS (Con),Robert JH MOONEY Glasgow (Lab),Fiona E HIGGINS Glasgow (Lab),Scott SIMPSON (LD),skipped,skipped,skipped,skipped,skipped,skipped,,10
2864,Maria WELLS (Con),Robert JH MOONEY Glasgow (Lab),Fiona E HIGGINS Glasgow (Lab),Scott SIMPSON (LD),skipped,skipped,skipped,skipped,skipped,skipped,,10
2865,Maria WELLS (Con),Robert JH MOONEY Glasgow (Lab),Fiona E HIGGINS Glasgow (Lab),Scott SIMPSON (LD),skipped,skipped,skipped,skipped,skipped,skipped,,10
2866,Maria WELLS (Con),Robert JH MOONEY Glasgow (Lab),Fiona E HIGGINS Glasgow (Lab),Scott SIMPSON (LD),Brian LAND (Ind),skipped,skipped,skipped,skipped,skipped,,10
2867,Maria WELLS (Con),Robert JH MOONEY Glasgow (Lab),Fiona E HIGGINS Glasgow (Lab),Scott SIMPSON (LD),Sandra WATSON (SNP),Jacqueline MCLAREN (SNP),Allan GOW (SNP),skipped,skipped,skipped,,10
2868,Maria WELLS (Con),Robert JH MOONEY Glasgow (Lab),Fiona E HIGGINS Glasgow (Lab),Brian LAND (Ind),skipped,skipped,skipped,skipped,skipped,skipped,,10
2869,Maria WELLS (Con),Robert JH MOONEY Glasgow (Lab),Fiona E HIGGINS Glasgow (Lab),Brian LAND (Ind),skipped,skipped,skipped,skipped,skipped,skipped,,10
2870,Maria WELLS (Con),Robert JH MOONEY Glasgow (Lab),Fiona E HIGGINS Glasgow (Lab),Brian LAND (Ind),skipped,skipped,skipped,skipped,skipped,skipped,,10
2871,Maria WELLS (Con),Robert JH MOONEY Glasgow (Lab),Fiona E HIGGINS Glasgow (Lab),Brian LAND (Ind),skipped,skipped,skipped,skipped,skipped,skipped,,10
2872,Maria WELLS (Con),Robert JH MOONEY Glasgow (Lab),Fiona E HIGGINS Glasgow (Lab),Brian LAND (Ind),skipped,skipped,skipped,skipped,skipped,skipped,,10
2873,Maria WELLS (Con),Robert JH MOONEY Glasgow (Lab),Fiona E HIGGINS Glasgow (Lab),Brian LAND (Ind),skipped,skipped,skipped,skipped,skipped,skipped,,10
2874,Maria WELLS (Con),Robert JH MOONEY Glasgow (Lab),Fiona E HIGGINS Glasgow (Lab),Brian LAND (Ind),Scott SIMPSON (LD),Martin Lawson OLU-OSAGIE (Alba),Seonad Mairi HOY (Grn),skipped,skipped,skipped,,10
2875,Maria WELLS (Con),Robert JH MOONEY Glasgow (Lab),Scott SIMPSON (LD),skipped,skipped,skipped,skipped,skipped,skipped,skipped,,10
2876,Maria WELLS (Con),Robert JH MOONEY Glasgow (Lab),Scott SIMPSON (LD),skipped,skipped,skipped,skipped,skipped,skipped,skipped,,10
2877,Maria WELLS (Con),Robert JH MOONEY Glasgow (Lab),Scott SIMPSON (LD),skipped,skipped,skipped,skipped,skipped,skipped,skipped,,10
2878,Maria WELLS (Con),Robert JH MOONEY Glasgow (Lab),Scott SIMPSON (LD),skipped,skipped,skipped,skipped,skipped,skipped,skipped,,10
2879,Maria WELLS (Con),Robert JH MOONEY Glasgow (Lab),Scott SIMPSON (LD),skipped,skipped,skipped,skipped,skipped,skipped,skipped,,10
2880,Maria WELLS (Con),Robert JH MOONEY Glasgow (Lab),Scott SIMPSON (LD),skipped,skipped,skipped,skipped,skipped,skipped,skipped,,10
2881,Maria WELLS (Con),Robert JH MOONEY Glasgow (Lab),Scott SIMPSON (LD),skipped,skipped,skipped,skipped,skipped,skipped,skipped,,10
2882,Maria WELLS (Con),Robert JH MOONEY Glasgow (Lab),Scott SIMPSON (LD),skipped,skipped,skipped,skipped,skipped,skipped,skipped,,10
2883,Maria WELLS (Con),Robert JH MOONEY Glasgow (Lab),Scott SIMPSON (LD),skipped,skipped,skipped,skipped,skipped,skipped,skipped,,10
2884,Maria WELLS (Con),Robert JH MOONEY Glasgow (Lab),Scott SIMPSON (LD),skipped,skipped,skipped,skipped,skipped,skipped,skipped,,10
2885,Maria WELLS (Con),Robert JH MOONEY Glasgow (Lab),Scott SIMPSON (LD),Martin Lawson OLU-OSAGIE (Alba),Brian LAND (Ind),skipped,skipped,skipped,skipped,skipped,,10
2886,Maria WELLS (Con),Robert JH MOONEY Glasgow (Lab),Scott SIMPSON (LD),Sandra WATSON (SNP),Martin Lawson OLU-OSAGIE (Alba),skipped,skipped,skipped,skipped,skipped,,10
2887,Maria WELLS (Con),Robert JH MOONEY Glasgow (Lab),Jacqueline MCLAREN (SNP),skipped,skipped,skipped,skipped,skipped,skipped,skipped,,10
2888,Maria WELLS (Con),Robert JH MOONEY Glasgow (Lab),Sandra WATSON (SNP),skipped,skipped,skipped,skipped,skipped,skipped,skipped,,10
2889,Maria WELLS (Con),Sandra WATSON (SNP),Martin Lawson OLU-OSAGIE (Alba),skipped,skipped,skipped,skipped,skipped,skipped,skipped,,10
2890,Maria WELLS (Con),Sandra WATSON (SNP),Martin Lawson OLU-OSAGIE (Alba),skipped,skipped,skipped,skipped,skipped,skipped,skipped,,10
2891,Maria WELLS (Con),Sandra WATSON (SNP),Martin Lawson OLU-OSAGIE (Alba),skipped,skipped,skipped,skipped,skipped,skipped,skipped,,10
2892,Maria WELLS (Con),Sandra WATSON (SNP),Scott SIMPSON (LD),skipped,skipped,skipped,skipped,skipped,skipped,skipped,,10
2893,Maria WELLS (Con),Sandra WATSON (SNP),Allan GOW (SNP),Seonad Mairi HOY (Grn),Robert JH MOONEY Glasgow (Lab),skipped,skipped,skipped,skipped,skipped,,10
2894,Allan GOW (SNP),skipped,skipped,skipped,skipped,skipped,skipped,skipped,skipped,skipped,,10
2895,Allan GOW (SNP),skipped,skipped,skipped,skipped,skipped,skipped,skipped,skipped,skipped,,10
2896,Allan GOW (SNP),skipped,skipped,skipped,skipped,skipped,skipped,skipped,skipped,skipped,,10
2897,Allan GOW (SNP),skipped,skipped,skipped,skipped,skipped,skipped,skipped,skipped,skipped,,10
2898,Allan GOW (SNP),skipped,skipped,skipped,skipped,skipped,skipped,skipped,skipped,skipped,,10
2899,Allan GOW (SNP),skipped,skipped,skipped,skipped,skipped,skipped,skipped,skipped,skipped,,10
2900,Allan GOW (SNP),skipped,skipped,skipped,skipped,skipped,skipped,skipped,skipped,skipped,,10
2901,Allan GOW (SNP),skipped,skipped,skipped,skipped,skipped,skipped,skipped,skipped,skipped,,10
2902,Allan GOW (SNP),skipped,skipped,skipped,skipped,skipped,skipped,skipped,skipped,skipped,,10
2903,Allan GOW (SNP),skipped,skipped,skipped,skipped,skipped,skipped,skipped,skipped,skipped,,10
2904,Allan GOW (SNP),skipped,skipped,skipped,skipped,skipped,skipped,skipped,skipped,skipped,,10
2905,Allan GOW (SNP),skipped,skipped,skipped,skipped,skipped,skipped,skipped,skipped,skipped,,10
2906,Allan GOW (SNP),skipped,skipped,skipped,skipped,skipped,skipped,skipped,skipped,skipped,,10
2907,Allan GOW (SNP),skipped,skipped,skipped,skipped,skipped,skipped,skipped,skipped,skipped,,10
2908,Allan GOW (SNP),skipped,skipped,skipped,skipped,skipped,skipped,skipped,skipped,skipped,,10
2909,Allan GOW (SNP),skipped,skipped,skipped,skipped,skipped,skipped,skipped,skipped,skipped,,10
2910,Allan GOW (SNP),skipped,skipped,skipped,skipped,skipped,skipped,skipped,skipped,skipped,,10
2911,Allan GOW (SNP),skipped,skipped,skipped,skipped,skipped,skipped,skipped,skipped,skipped,,10
2912,Allan GOW (SNP),skipped,skipped,skipped,skipped,skipped,skipped,skipped,skipped,skipped,,10
2913,Allan GOW (SNP),skipped,skipped,skipped,skipped,skipped,skipped,skipped,skipped,skipped,,10
2914,Allan GOW (SNP),skipped,skipped,skipped,skipped,skipped,skipped,skipped,skipped,skipped,,10
2915,Allan GOW (SNP),skipped,skipped,skipped,skipped,skipped,skipped,skipped,skipped,skipped,,10
2916,Allan GOW (SNP),skipped,skipped,skipped,skipped,skipped,skipped,skipped,skipped,skipped,,10
2917,Allan GOW (SNP),skipped,skipped,skipped,skipped,skipped,skipped,skipped,skipped,skipped,,10
2918,Allan GOW (SNP),skipped,skipped,skipped,skipped,skipped,skipped,skipped,skipped,skipped,,10
2919,Allan GOW (SNP),skipped,skipped,skipped,skipped,skipped,skipped,skipped,skipped,skipped,,10
2920,Allan GOW (SNP),skipped,skipped,skipped,skipped,skipped,skipped,skipped,skipped,skipped,,10
2921,Allan GOW (SNP),skipped,skipped,skipped,skipped,skipped,skipped,skipped,skipped,skipped,,10
2922,Allan GOW (SNP),skipped,skipped,skipped,skipped,skipped,skipped,skipped,skipped,skipped,,10
2923,Allan GOW (SNP),skipped,skipped,skipped,skipped,skipped,skipped,skipped,skipped,skipped,,10
2924,Allan GOW (SNP),skipped,skipped,skipped,skipped,skipped,skipped,skipped,skipped,skipped,,10
2925,Allan GOW (SNP),skipped,skipped,skipped,skipped,skipped,skipped,skipped,skipped,skipped,,10
2926,Allan GOW (SNP),skipped,skipped,skipped,skipped,skipped,skipped,skipped,skipped,skipped,,10
2927,Allan GOW (SNP),skipped,skipped,skipped,skipped,skipped,skipped,skipped,skipped,skipped,,10
2928,Allan GOW (SNP),skipped,skipped,skipped,skipped,skipped,skipped,skipped,skipped,skipped,,10
2929,Allan GOW (SNP),skipped,skipped,skipped,skipped,skipped,skipped,skipped,skipped,skipped,,10
2930,Allan GOW (SNP),skipped,skipped,skipped,skipped,skipped,skipped,skipped,skipped,skipped,,10
2931,Allan GOW (SNP),skipped,skipped,skipped,skipped,skipped,skipped,skipped,skipped,skipped,,10
2932,Allan GOW (SNP),skipped,skipped,skipped,skipped,skipped,skipped,skipped,skipped,skipped,,10
2933,Allan GOW (SNP),skipped,skipped,skipped,skipped,skipped,skipped,skipped,skipped,skipped,,10
2934,Allan GOW (SNP),skipped,skipped,skipped,skipped,skipped,skipped,skipped,skipped,skipped,,10
2935,Allan GOW (SNP),skipped,skipped,skipped,skipped,skipped,skipped,skipped,skipped,skipped,,10
2936,Allan GOW (SNP),skipped,skipped,skipped,skipped,skipped,skipped,skipped,skipped,skipped,,10
2937,Allan GOW (SNP),skipped,skipped,skipped,skipped,skipped,skipped,skipped,skipped,skipped,,10
2938,Allan GOW (SNP),skipped,skipped,skipped,skipped,skipped,skipped,skipped,skipped,skipped,,10
2939,Allan GOW (SNP),skipped,skipped,skipped,skipped,skipped,skipped,skipped,skipped,skipped,,10
2940,Allan GOW (SNP),skipped,skipped,skipped,skipped,skipped,skipped,skipped,skipped,skipped,,10
2941,Allan GOW (SNP),skipped,skipped,skipped,skipped,skipped,skipped,skipped,skipped,skipped,,10
2942,Allan GOW (SNP),skipped,skipped,skipped,skipped,skipped,skipped,skipped,skipped,skipped,,10
2943,Allan GOW (SNP),skipped,skipped,skipped,skipped,skipped,skipped,skipped,skipped,skipped,,10
2944,Allan GOW (SNP),skipped,skipped,skipped,skipped,skipped,skipped,skipped,skipped,skipped,,10
2945,Allan GOW (SNP),skipped,skipped,skipped,skipped,skipped,skipped,skipped,skipped,skipped,,10
2946,Allan GOW (SNP),skipped,skipped,skipped,skipped,skipped,skipped,skipped,skipped,skipped,,10
2947,Allan GOW (SNP),skipped,skipped,skipped,skipped,skipped,skipped,skipped,skipped,skipped,,10
2948,Allan GOW (SNP),skipped,skipped,skipped,skipped,skipped,skipped,skipped,skipped,skipped,,10
2949,Allan GOW (SNP),skipped,skipped,skipped,skipped,skipped,skipped,skipped,skipped,skipped,,10
2950,Allan GOW (SNP),skipped,skipped,skipped,skipped,skipped,skipped,skipped,skipped,skipped,,10
2951,Allan GOW (SNP),skipped,skipped,skipped,skipped,skipped,skipped,skipped,skipped,skipped,,10
2952,Allan GOW (SNP),Seonad Mairi HOY (Grn),skipped,skipped,skipped,skipped,skipped,skipped,skipped,skipped,,10
2953,Allan GOW (SNP),Seonad Mairi HOY (Grn),skipped,skipped,skipped,skipped,skipped,skipped,skipped,skipped,,10
2954,Allan GOW (SNP),Seonad Mairi HOY (Grn),skipped,skipped,skipped,skipped,skipped,skipped,skipped,skipped,,10
2955,Allan GOW (SNP),Seonad Mairi HOY (Grn),skipped,skipped,skipped,skipped,skipped,skipped,skipped,skipped,,10
2956,Allan GOW (SNP),Seonad Mairi HOY (Grn),skipped,skipped,skipped,skipped,skipped,skipped,skipped,skipped,,10
2957,Allan GOW (SNP),Seonad Mairi HOY (Grn),skipped,skipped,skipped,skipped,skipped,skipped,skipped,skipped,,10
2958,Allan GOW (SNP),Seonad Mairi HOY (Grn),skipped,skipped,skipped,skipped,skipped,skipped,skipped,skipped,,10
2959,Allan GOW (SNP),Seonad Mairi HOY (Grn),skipped,skipped,skipped,skipped,skipped,skipped,skipped,skipped,,10
2960,Allan GOW (SNP),Seonad Mairi HOY (Grn),Fiona E HIGGINS Glasgow (Lab),skipped,skipped,skipped,skipped,skipped,skipped,skipped,,10
2961,Allan GOW (SNP),Seonad Mairi HOY (Grn),Fiona E HIGGINS Glasgow (Lab),skipped,skipped,skipped,skipped,skipped,skipped,skipped,,10
2962,Allan GOW (SNP),Seonad Mairi HOY (Grn),Fiona E HIGGINS Glasgow (Lab),skipped,skipped,skipped,skipped,skipped,skipped,skipped,,10
2963,Allan GOW (SNP),Seonad Mairi HOY (Grn),Fiona E HIGGINS Glasgow (Lab),skipped,skipped,skipped,skipped,skipped,skipped,skipped,,10
2964,Allan GOW (SNP),Seonad Mairi HOY (Grn),Fiona E HIGGINS Glasgow (Lab),skipped,skipped,skipped,skipped,skipped,skipped,skipped,,10
2965,Allan GOW (SNP),Seonad Mairi HOY (Grn),Fiona E HIGGINS Glasgow (Lab),Scott SIMPSON (LD),skipped,skipped,skipped,skipped,skipped,skipped,,10
2966,Allan GOW (SNP),Seonad Mairi HOY (Grn),Fiona E HIGGINS Glasgow (Lab),Scott SIMPSON (LD),skipped,skipped,skipped,skipped,skipped,skipped,,10
2967,Allan GOW (SNP),Seonad Mairi HOY (Grn),Fiona E HIGGINS Glasgow (Lab),Brian LAND (Ind),Jacqueline MCLAREN (SNP),Robert JH MOONEY Glasgow (Lab),Scott SIMPSON (LD),skipped,skipped,skipped,,10
2968,Allan GOW (SNP),Seonad Mairi HOY (Grn),Fiona E HIGGINS Glasgow (Lab),Jacqueline MCLAREN (SNP),Robert JH MOONEY Glasgow (Lab),Martin Lawson OLU-OSAGIE (Alba),Scott SIMPSON (LD),skipped,skipped,skipped,,10
2969,Allan GOW (SNP),Seonad Mairi HOY (Grn),Fiona E HIGGINS Glasgow (Lab),Jacqueline MCLAREN (SNP),Robert JH MOONEY Glasgow (Lab),Sandra WATSON (SNP),skipped,skipped,skipped,skipped,,10
2970,Allan GOW (SNP),Seonad Mairi HOY (Grn),Fiona E HIGGINS Glasgow (Lab),Jacqueline MCLAREN (SNP),Sandra WATSON (SNP),Robert JH MOONEY Glasgow (Lab),skipped,skipped,skipped,skipped,,10
2971,Allan GOW (SNP),Seonad Mairi HOY (Grn),Martin Lawson OLU-OSAGIE (Alba),skipped,skipped,skipped,skipped,skipped,skipped,skipped,,10
2972,Allan GOW (SNP),Seonad Mairi HOY (Grn),Martin Lawson OLU-OSAGIE (Alba),skipped,skipped,skipped,skipped,skipped,skipped,skipped,,10
2973,Allan GOW (SNP),Seonad Mairi HOY (Grn),Martin Lawson OLU-OSAGIE (Alba),skipped,skipped,skipped,skipped,skipped,skipped,skipped,,10
2974,Allan GOW (SNP),Seonad Mairi HOY (Grn),Martin Lawson OLU-OSAGIE (Alba),skipped,skipped,skipped,skipped,skipped,skipped,skipped,,10
2975,Allan GOW (SNP),Seonad Mairi HOY (Grn),Scott SIMPSON (LD),skipped,skipped,skipped,skipped,skipped,skipped,skipped,,10
2976,Allan GOW (SNP),Seonad Mairi HOY (Grn),Scott SIMPSON (LD),skipped,skipped,skipped,skipped,skipped,skipped,skipped,,10
2977,Allan GOW (SNP),Seonad Mairi HOY (Grn),Brian LAND (Ind),skipped,skipped,skipped,skipped,skipped,skipped,skipped,,10
2978,Allan GOW (SNP),Seonad Mairi HOY (Grn),Brian LAND (Ind),skipped,skipped,skipped,skipped,skipped,skipped,skipped,,10
2979,Allan GOW (SNP),Seonad Mairi HOY (Grn),Brian LAND (Ind),Fiona E HIGGINS Glasgow (Lab),skipped,skipped,skipped,skipped,skipped,skipped,,10
2980,Allan GOW (SNP),Seonad Mairi HOY (Grn),Jacqueline MCLAREN (SNP),skipped,skipped,skipped,skipped,skipped,skipped,skipped,,10
2981,Allan GOW (SNP),Seonad Mairi HOY (Grn),Jacqueline MCLAREN (SNP),skipped,skipped,skipped,skipped,skipped,skipped,skipped,,10
2982,Allan GOW (SNP),Seonad Mairi HOY (Grn),Jacqueline MCLAREN (SNP),skipped,skipped,skipped,skipped,skipped,skipped,skipped,,10
2983,Allan GOW (SNP),Seonad Mairi HOY (Grn),Jacqueline MCLAREN (SNP),skipped,skipped,skipped,skipped,skipped,skipped,skipped,,10
2984,Allan GOW (SNP),Seonad Mairi HOY (Grn),Jacqueline MCLAREN (SNP),skipped,skipped,skipped,skipped,skipped,skipped,skipped,,10
2985,Allan GOW (SNP),Seonad Mairi HOY (Grn),Jacqueline MCLAREN (SNP),skipped,skipped,skipped,skipped,skipped,skipped,skipped,,10
2986,Allan GOW (SNP),Seonad Mairi HOY (Grn),Jacqueline MCLAREN (SNP),skipped,skipped,skipped,skipped,skipped,skipped,skipped,,10
2987,Allan GOW (SNP),Seonad Mairi HOY (Grn),Jacqueline MCLAREN (SNP),skipped,skipped,skipped,skipped,skipped,skipped,skipped,,10
2988,Allan GOW (SNP),Seonad Mairi HOY (Grn),Jacqueline MCLAREN (SNP),skipped,skipped,skipped,skipped,skipped,skipped,skipped,,10
2989,Allan GOW (SNP),Seonad Mairi HOY (Grn),Jacqueline MCLAREN (SNP),Martin Lawson OLU-OSAGIE (Alba),Sandra WATSON (SNP),Fiona E HIGGINS Glasgow (Lab),Robert JH MOONEY Glasgow (Lab),skipped,skipped,skipped,,10
2990,Allan GOW (SNP),Seonad Mairi HOY (Grn),Jacqueline MCLAREN (SNP),Brian LAND (Ind),Fiona E HIGGINS Glasgow (Lab),skipped,skipped,skipped,skipped,skipped,,10
2991,Allan GOW (SNP),Seonad Mairi HOY (Grn),Jacqueline MCLAREN (SNP),Robert JH MOONEY Glasgow (Lab),Fiona E HIGGINS Glasgow (Lab),skipped,skipped,skipped,skipped,skipped,,10
2992,Allan GOW (SNP),Seonad Mairi HOY (Grn),Jacqueline MCLAREN (SNP),Sandra WATSON (SNP),skipped,skipped,skipped,skipped,skipped,skipped,,10
2993,Allan GOW (SNP),Seonad Mairi HOY (Grn),Jacqueline MCLAREN (SNP),Sandra WATSON (SNP),skipped,skipped,skipped,skipped,skipped,skipped,,10
2994,Allan GOW (SNP),Seonad Mairi HOY (Grn),Jacqueline MCLAREN (SNP),Sandra WATSON (SNP),skipped,skipped,skipped,skipped,skipped,skipped,,10
2995,Allan GOW (SNP),Seonad Mairi HOY (Grn),Jacqueline MCLAREN (SNP),Sandra WATSON (SNP),skipped,skipped,skipped,skipped,skipped,skipped,,10
2996,Allan GOW (SNP),Seonad Mairi HOY (Grn),Jacqueline MCLAREN (SNP),Sandra WATSON (SNP),skipped,skipped,skipped,skipped,skipped,skipped,,10
2997,Allan GOW (SNP),Seonad Mairi HOY (Grn),Jacqueline MCLAREN (SNP),Sandra WATSON (SNP),skipped,skipped,skipped,skipped,skipped,skipped,,10
2998,Allan GOW (SNP),Seonad Mairi HOY (Grn),Jacqueline MCLAREN (SNP),Sandra WATSON (SNP),skipped,skipped,skipped,skipped,skipped,skipped,,10
2999,Allan GOW (SNP),Seonad Mairi HOY (Grn),Jacqueline MCLAREN (SNP),Sandra WATSON (SNP),skipped,skipped,skipped,skipped,skipped,skipped,,10
3000,Allan GOW (SNP),Seonad Mairi HOY (Grn),Jacqueline MCLAREN (SNP),Sandra WATSON (SNP),skipped,skipped,skipped,skipped,skipped,skipped,,10
3001,Allan GOW (SNP),Seonad Mairi HOY (Grn),Jacqueline MCLAREN (SNP),Sandra WATSON (SNP),skipped,skipped,skipped,skipped,skipped,skipped,,10
3002,Allan GOW (SNP),Seonad Mairi HOY (Grn),Jacqueline MCLAREN (SNP),Sandra WATSON (SNP),skipped,skipped,skipped,skipped,skipped,skipped,,10
3003,Allan GOW (SNP),Seonad Mairi HOY (Grn),Jacqueline MCLAREN (SNP),Sandra WATSON (SNP),skipped,skipped,skipped,skipped,skipped,skipped,,10
3004,Allan GOW (SNP),Seonad Mairi HOY (Grn),Jacqueline MCLAREN (SNP),Sandra WATSON (SNP),skipped,skipped,skipped,skipped,skipped,skipped,,10
3005,Allan GOW (SNP),Seonad Mairi HOY (Grn),Jacqueline MCLAREN (SNP),Sandra WATSON (SNP),skipped,skipped,skipped,skipped,skipped,skipped,,10
3006,Allan GOW (SNP),Seonad Mairi HOY (Grn),Jacqueline MCLAREN (SNP),Sandra WATSON (SNP),skipped,skipped,skipped,skipped,skipped,skipped,,10
3007,Allan GOW (SNP),Seonad Mairi HOY (Grn),Jacqueline MCLAREN (SNP),Sandra WATSON (SNP),skipped,skipped,skipped,skipped,skipped,skipped,,10
3008,Allan GOW (SNP),Seonad Mairi HOY (Grn),Jacqueline MCLAREN (SNP),Sandra WATSON (SNP),Fiona E HIGGINS Glasgow (Lab),Robert JH MOONEY Glasgow (Lab),skipped,skipped,skipped,skipped,,10
3009,Allan GOW (SNP),Seonad Mairi HOY (Grn),Jacqueline MCLAREN (SNP),Sandra WATSON (SNP),Fiona E HIGGINS Glasgow (Lab),Robert JH MOONEY Glasgow (Lab),Scott SIMPSON (LD),skipped,skipped,skipped,,10
3010,Allan GOW (SNP),Seonad Mairi HOY (Grn),Jacqueline MCLAREN (SNP),Sandra WATSON (SNP),Martin Lawson OLU-OSAGIE (Alba),skipped,skipped,skipped,skipped,skipped,,10
3011,Allan GOW (SNP),Seonad Mairi HOY (Grn),Jacqueline MCLAREN (SNP),Sandra WATSON (SNP),Martin Lawson OLU-OSAGIE (Alba),skipped,skipped,skipped,skipped,skipped,,10
3012,Allan GOW (SNP),Seonad Mairi HOY (Grn),Jacqueline MCLAREN (SNP),Sandra WATSON (SNP),Martin Lawson OLU-OSAGIE (Alba),Fiona E HIGGINS Glasgow (Lab),Robert JH MOONEY Glasgow (Lab),skipped,skipped,skipped,,10
3013,Allan GOW (SNP),Seonad Mairi HOY (Grn),Jacqueline MCLAREN (SNP),Sandra WATSON (SNP),Martin Lawson OLU-OSAGIE (Alba),Scott SIMPSON (LD),Robert JH MOONEY Glasgow (Lab),skipped,skipped,skipped,,10
3014,Allan GOW (SNP),Seonad Mairi HOY (Grn),Jacqueline MCLAREN (SNP),Sandra WATSON (SNP),Scott SIMPSON (LD),skipped,skipped,skipped,skipped,skipped,,10
3015,Allan GOW (SNP),Seonad Mairi HOY (Grn),Jacqueline MCLAREN (SNP),Sandra WATSON (SNP),Scott SIMPSON (LD),Fiona E HIGGINS Glasgow (Lab),Robert JH MOONEY Glasgow (Lab),skipped,skipped,skipped,,10
3016,Allan GOW (SNP),Seonad Mairi HOY (Grn),Jacqueline MCLAREN (SNP),Sandra WATSON (SNP),Scott SIMPSON (LD),Robert JH MOONEY Glasgow (Lab),Fiona E HIGGINS Glasgow (Lab),skipped,skipped,skipped,,10
3017,Allan GOW (SNP),Seonad Mairi HOY (Grn),Jacqueline MCLAREN (SNP),Sandra WATSON (SNP),Brian LAND (Ind),Fiona E HIGGINS Glasgow (Lab),Robert JH MOONEY Glasgow (Lab),skipped,skipped,skipped,,10
3018,Allan GOW (SNP),Seonad Mairi HOY (Grn),Robert JH MOONEY Glasgow (Lab),skipped,skipped,skipped,skipped,skipped,skipped,skipped,,10
3019,Allan GOW (SNP),Seonad Mairi HOY (Grn),Robert JH MOONEY Glasgow (Lab),skipped,skipped,skipped,skipped,skipped,skipped,skipped,,10
3020,Allan GOW (SNP),Seonad Mairi HOY (Grn),Sandra WATSON (SNP),skipped,skipped,skipped,skipped,skipped,skipped,skipped,,10
3021,Allan GOW (SNP),Seonad Mairi HOY (Grn),Sandra WATSON (SNP),skipped,skipped,skipped,skipped,skipped,skipped,skipped,,10
3022,Allan GOW (SNP),Seonad Mairi HOY (Grn),Sandra WATSON (SNP),skipped,skipped,skipped,skipped,skipped,skipped,skipped,,10
3023,Allan GOW (SNP),Seonad Mairi HOY (Grn),Sandra WATSON (SNP),skipped,skipped,skipped,skipped,skipped,skipped,skipped,,10
3024,Allan GOW (SNP),Seonad Mairi HOY (Grn),Sandra WATSON (SNP),skipped,skipped,skipped,skipped,skipped,skipped,skipped,,10
3025,Allan GOW (SNP),Seonad Mairi HOY (Grn),Sandra WATSON (SNP),skipped,skipped,skipped,skipped,skipped,skipped,skipped,,10
3026,Allan GOW (SNP),Seonad Mairi HOY (Grn),Sandra WATSON (SNP),Jacqueline MCLAREN (SNP),skipped,skipped,skipped,skipped,skipped,skipped,,10
3027,Allan GOW (SNP),Seonad Mairi HOY (Grn),Sandra WATSON (SNP),Jacqueline MCLAREN (SNP),Fiona E HIGGINS Glasgow (Lab),Robert JH MOONEY Glasgow (Lab),Martin Lawson OLU-OSAGIE (Alba),skipped,skipped,skipped,,10
3028,Allan GOW (SNP),Fiona E HIGGINS Glasgow (Lab),skipped,skipped,skipped,skipped,skipped,skipped,skipped,skipped,,10
3029,Allan GOW (SNP),Fiona E HIGGINS Glasgow (Lab),skipped,skipped,skipped,skipped,skipped,skipped,skipped,skipped,,10
3030,Allan GOW (SNP),Fiona E HIGGINS Glasgow (Lab),skipped,skipped,skipped,skipped,skipped,skipped,skipped,skipped,,10
3031,Allan GOW (SNP),Fiona E HIGGINS Glasgow (Lab),skipped,skipped,skipped,skipped,skipped,skipped,skipped,skipped,,10
3032,Allan GOW (SNP),Fiona E HIGGINS Glasgow (Lab),skipped,skipped,skipped,skipped,skipped,skipped,skipped,skipped,,10
3033,Allan GOW (SNP),Fiona E HIGGINS Glasgow (Lab),skipped,skipped,skipped,skipped,skipped,skipped,skipped,skipped,,10
3034,Allan GOW (SNP),Fiona E HIGGINS Glasgow (Lab),skipped,skipped,skipped,skipped,skipped,skipped,skipped,skipped,,10
3035,Allan GOW (SNP),Fiona E HIGGINS Glasgow (Lab),skipped,skipped,skipped,skipped,skipped,skipped,skipped,skipped,,10
3036,Allan GOW (SNP),Fiona E HIGGINS Glasgow (Lab),skipped,skipped,skipped,skipped,skipped,skipped,skipped,skipped,,10
3037,Allan GOW (SNP),Fiona E HIGGINS Glasgow (Lab),skipped,skipped,skipped,skipped,skipped,skipped,skipped,skipped,,10
3038,Allan GOW (SNP),Fiona E HIGGINS Glasgow (Lab),skipped,skipped,skipped,skipped,skipped,skipped,skipped,skipped,,10
3039,Allan GOW (SNP),Fiona E HIGGINS Glasgow (Lab),skipped,skipped,skipped,skipped,skipped,skipped,skipped,skipped,,10
3040,Allan GOW (SNP),Fiona E HIGGINS Glasgow (Lab),skipped,skipped,skipped,skipped,skipped,skipped,skipped,skipped,,10
3041,Allan GOW (SNP),Fiona E HIGGINS Glasgow (Lab),skipped,skipped,skipped,skipped,skipped,skipped,skipped,skipped,,10
3042,Allan GOW (SNP),Fiona E HIGGINS Glasgow (Lab),skipped,skipped,skipped,skipped,skipped,skipped,skipped,skipped,,10
3043,Allan GOW (SNP),Fiona E HIGGINS Glasgow (Lab),skipped,skipped,skipped,skipped,skipped,skipped,skipped,skipped,,10
3044,Allan GOW (SNP),Fiona E HIGGINS Glasgow (Lab),Seonad Mairi HOY (Grn),skipped,skipped,skipped,skipped,skipped,skipped,skipped,,10
3045,Allan GOW (SNP),Fiona E HIGGINS Glasgow (Lab),Seonad Mairi HOY (Grn),skipped,skipped,skipped,skipped,skipped,skipped,skipped,,10
3046,Allan GOW (SNP),Fiona E HIGGINS Glasgow (Lab),Seonad Mairi HOY (Grn),skipped,skipped,skipped,skipped,skipped,skipped,skipped,,10
3047,Allan GOW (SNP),Fiona E HIGGINS Glasgow (Lab),Seonad Mairi HOY (Grn),skipped,skipped,skipped,skipped,skipped,skipped,skipped,,10
3048,Allan GOW (SNP),Fiona E HIGGINS Glasgow (Lab),Seonad Mairi HOY (Grn),skipped,skipped,skipped,skipped,skipped,skipped,skipped,,10
3049,Allan GOW (SNP),Fiona E HIGGINS Glasgow (Lab),Seonad Mairi HOY (Grn),skipped,skipped,skipped,skipped,skipped,skipped,skipped,,10
3050,Allan GOW (SNP),Fiona E HIGGINS Glasgow (Lab),Seonad Mairi HOY (Grn),skipped,skipped,skipped,skipped,skipped,skipped,skipped,,10
3051,Allan GOW (SNP),Fiona E HIGGINS Glasgow (Lab),Seonad Mairi HOY (Grn),skipped,skipped,skipped,skipped,skipped,skipped,skipped,,10
3052,Allan GOW (SNP),Fiona E HIGGINS Glasgow (Lab),Seonad Mairi HOY (Grn),skipped,skipped,skipped,skipped,skipped,skipped,skipped,,10
3053,Allan GOW (SNP),Fiona E HIGGINS Glasgow (Lab),Seonad Mairi HOY (Grn),skipped,skipped,skipped,skipped,skipped,skipped,skipped,,10
3054,Allan GOW (SNP),Fiona E HIGGINS Glasgow (Lab),Seonad Mairi HOY (Grn),skipped,skipped,skipped,skipped,skipped,skipped,skipped,,10
3055,Allan GOW (SNP),Fiona E HIGGINS Glasgow (Lab),Seonad Mairi HOY (Grn),skipped,skipped,skipped,skipped,skipped,skipped,skipped,,10
3056,Allan GOW (SNP),Fiona E HIGGINS Glasgow (Lab),Seonad Mairi HOY (Grn),skipped,skipped,skipped,skipped,skipped,skipped,skipped,,10
3057,Allan GOW (SNP),Fiona E HIGGINS Glasgow (Lab),Seonad Mairi HOY (Grn),Brian LAND (Ind),skipped,skipped,skipped,skipped,skipped,skipped,,10
3058,Allan GOW (SNP),Fiona E HIGGINS Glasgow (Lab),Seonad Mairi HOY (Grn),Brian LAND (Ind),Jacqueline MCLAREN (SNP),Robert JH MOONEY Glasgow (Lab),Martin Lawson OLU-OSAGIE (Alba),skipped,skipped,skipped,,10
3059,Allan GOW (SNP),Fiona E HIGGINS Glasgow (Lab),Seonad Mairi HOY (Grn),Brian LAND (Ind),Jacqueline MCLAREN (SNP),Robert JH MOONEY Glasgow (Lab),Martin Lawson OLU-OSAGIE (Alba),skipped,skipped,skipped,,10
3060,Allan GOW (SNP),Fiona E HIGGINS Glasgow (Lab),Seonad Mairi HOY (Grn),Jacqueline MCLAREN (SNP),skipped,skipped,skipped,skipped,skipped,skipped,,10
3061,Allan GOW (SNP),Fiona E HIGGINS Glasgow (Lab),Seonad Mairi HOY (Grn),Jacqueline MCLAREN (SNP),skipped,skipped,skipped,skipped,skipped,skipped,,10
3062,Allan GOW (SNP),Fiona E HIGGINS Glasgow (Lab),Seonad Mairi HOY (Grn),Jacqueline MCLAREN (SNP),skipped,skipped,skipped,skipped,skipped,skipped,,10
3063,Allan GOW (SNP),Fiona E HIGGINS Glasgow (Lab),Seonad Mairi HOY (Grn),Jacqueline MCLAREN (SNP),Robert JH MOONEY Glasgow (Lab),Martin Lawson OLU-OSAGIE (Alba),skipped,skipped,skipped,skipped,,10
3064,Allan GOW (SNP),Fiona E HIGGINS Glasgow (Lab),Seonad Mairi HOY (Grn),Jacqueline MCLAREN (SNP),Robert JH MOONEY Glasgow (Lab),Martin Lawson OLU-OSAGIE (Alba),Scott SIMPSON (LD),skipped,skipped,skipped,,10
3065,Allan GOW (SNP),Fiona E HIGGINS Glasgow (Lab),Seonad Mairi HOY (Grn),Jacqueline MCLAREN (SNP),Robert JH MOONEY Glasgow (Lab),Martin Lawson OLU-OSAGIE (Alba),Scott SIMPSON (LD),skipped,skipped,skipped,,10
3066,Allan GOW (SNP),Fiona E HIGGINS Glasgow (Lab),Seonad Mairi HOY (Grn),Jacqueline MCLAREN (SNP),Robert JH MOONEY Glasgow (Lab),Scott SIMPSON (LD),skipped,skipped,skipped,skipped,,10
3067,Allan GOW (SNP),Fiona E HIGGINS Glasgow (Lab),Seonad Mairi HOY (Grn),Jacqueline MCLAREN (SNP),Sandra WATSON (SNP),skipped,skipped,skipped,skipped,skipped,,10
3068,Allan GOW (SNP),Fiona E HIGGINS Glasgow (Lab),Seonad Mairi HOY (Grn),Jacqueline MCLAREN (SNP),Sandra WATSON (SNP),Martin Lawson OLU-OSAGIE (Alba),skipped,skipped,skipped,skipped,,10
3069,Allan GOW (SNP),Fiona E HIGGINS Glasgow (Lab),Seonad Mairi HOY (Grn),Jacqueline MCLAREN (SNP),Sandra WATSON (SNP),Brian LAND (Ind),Robert JH MOONEY Glasgow (Lab),skipped,skipped,skipped,,10
3070,Allan GOW (SNP),Fiona E HIGGINS Glasgow (Lab),Seonad Mairi HOY (Grn),Jacqueline MCLAREN (SNP),Sandra WATSON (SNP),Robert JH MOONEY Glasgow (Lab),skipped,skipped,skipped,skipped,,10
3071,Allan GOW (SNP),Fiona E HIGGINS Glasgow (Lab),Seonad Mairi HOY (Grn),Robert JH MOONEY Glasgow (Lab),Jacqueline MCLAREN (SNP),skipped,skipped,skipped,skipped,skipped,,10
3072,Allan GOW (SNP),Fiona E HIGGINS Glasgow (Lab),Scott SIMPSON (LD),Maria WELLS (Con),skipped,skipped,skipped,skipped,skipped,skipped,,10
3073,Allan GOW (SNP),Fiona E HIGGINS Glasgow (Lab),Brian LAND (Ind),skipped,skipped,skipped,skipped,skipped,skipped,skipped,,10
3074,Allan GOW (SNP),Fiona E HIGGINS Glasgow (Lab),Brian LAND (Ind),skipped,skipped,skipped,skipped,skipped,skipped,skipped,,10
3075,Allan GOW (SNP),Fiona E HIGGINS Glasgow (Lab),Brian LAND (Ind),skipped,skipped,skipped,skipped,skipped,skipped,skipped,,10
3076,Allan GOW (SNP),Fiona E HIGGINS Glasgow (Lab),Brian LAND (Ind),Jacqueline MCLAREN (SNP),skipped,skipped,skipped,skipped,skipped,skipped,,10
3077,Allan GOW (SNP),Fiona E HIGGINS Glasgow (Lab),Brian LAND (Ind),Robert JH MOONEY Glasgow (Lab),Jacqueline MCLAREN (SNP),skipped,skipped,skipped,skipped,skipped,,10
3078,Allan GOW (SNP),Fiona E HIGGINS Glasgow (Lab),Maria WELLS (Con),Robert JH MOONEY Glasgow (Lab),Jacqueline MCLAREN (SNP),Sandra WATSON (SNP),skipped,skipped,skipped,skipped,,10
3079,Allan GOW (SNP),Fiona E HIGGINS Glasgow (Lab),Jacqueline MCLAREN (SNP),skipped,skipped,skipped,skipped,skipped,skipped,skipped,,10
3080,Allan GOW (SNP),Fiona E HIGGINS Glasgow (Lab),Jacqueline MCLAREN (SNP),skipped,skipped,skipped,skipped,skipped,skipped,skipped,,10
3081,Allan GOW (SNP),Fiona E HIGGINS Glasgow (Lab),Jacqueline MCLAREN (SNP),skipped,skipped,skipped,skipped,skipped,skipped,skipped,,10
3082,Allan GOW (SNP),Fiona E HIGGINS Glasgow (Lab),Jacqueline MCLAREN (SNP),skipped,skipped,skipped,skipped,skipped,skipped,skipped,,10
3083,Allan GOW (SNP),Fiona E HIGGINS Glasgow (Lab),Jacqueline MCLAREN (SNP),skipped,skipped,skipped,skipped,skipped,skipped,skipped,,10
3084,Allan GOW (SNP),Fiona E HIGGINS Glasgow (Lab),Jacqueline MCLAREN (SNP),skipped,skipped,skipped,skipped,skipped,skipped,skipped,,10
3085,Allan GOW (SNP),Fiona E HIGGINS Glasgow (Lab),Jacqueline MCLAREN (SNP),skipped,skipped,skipped,skipped,skipped,skipped,skipped,,10
3086,Allan GOW (SNP),Fiona E HIGGINS Glasgow (Lab),Jacqueline MCLAREN (SNP),skipped,skipped,skipped,skipped,skipped,skipped,skipped,,10
3087,Allan GOW (SNP),Fiona E HIGGINS Glasgow (Lab),Jacqueline MCLAREN (SNP),skipped,skipped,skipped,skipped,skipped,skipped,skipped,,10
3088,Allan GOW (SNP),Fiona E HIGGINS Glasgow (Lab),Jacqueline MCLAREN (SNP),skipped,skipped,skipped,skipped,skipped,skipped,skipped,,10
3089,Allan GOW (SNP),Fiona E HIGGINS Glasgow (Lab),Jacqueline MCLAREN (SNP),Seonad Mairi HOY (Grn),Robert JH MOONEY Glasgow (Lab),Martin Lawson OLU-OSAGIE (Alba),Sandra WATSON (SNP),skipped,skipped,skipped,,10
3090,Allan GOW (SNP),Fiona E HIGGINS Glasgow (Lab),Jacqueline MCLAREN (SNP),Scott SIMPSON (LD),Sandra WATSON (SNP),Robert JH MOONEY Glasgow (Lab),skipped,skipped,skipped,skipped,,10
3091,Allan GOW (SNP),Fiona E HIGGINS Glasgow (Lab),Jacqueline MCLAREN (SNP),Brian LAND (Ind),Seonad Mairi HOY (Grn),Robert JH MOONEY Glasgow (Lab),Martin Lawson OLU-OSAGIE (Alba),skipped,skipped,skipped,,10
3092,Allan GOW (SNP),Fiona E HIGGINS Glasgow (Lab),Jacqueline MCLAREN (SNP),Robert JH MOONEY Glasgow (Lab),skipped,skipped,skipped,skipped,skipped,skipped,,10
3093,Allan GOW (SNP),Fiona E HIGGINS Glasgow (Lab),Jacqueline MCLAREN (SNP),Robert JH MOONEY Glasgow (Lab),skipped,skipped,skipped,skipped,skipped,skipped,,10
3094,Allan GOW (SNP),Fiona E HIGGINS Glasgow (Lab),Jacqueline MCLAREN (SNP),Robert JH MOONEY Glasgow (Lab),skipped,skipped,skipped,skipped,skipped,skipped,,10
3095,Allan GOW (SNP),Fiona E HIGGINS Glasgow (Lab),Jacqueline MCLAREN (SNP),Robert JH MOONEY Glasgow (Lab),skipped,skipped,skipped,skipped,skipped,skipped,,10
3096,Allan GOW (SNP),Fiona E HIGGINS Glasgow (Lab),Jacqueline MCLAREN (SNP),Robert JH MOONEY Glasgow (Lab),Seonad Mairi HOY (Grn),Brian LAND (Ind),skipped,skipped,skipped,skipped,,10
3097,Allan GOW (SNP),Fiona E HIGGINS Glasgow (Lab),Jacqueline MCLAREN (SNP),Robert JH MOONEY Glasgow (Lab),Scott SIMPSON (LD),Maria WELLS (Con),skipped,skipped,skipped,skipped,,10
3098,Allan GOW (SNP),Fiona E HIGGINS Glasgow (Lab),Jacqueline MCLAREN (SNP),Robert JH MOONEY Glasgow (Lab),Brian LAND (Ind),Seonad Mairi HOY (Grn),Sandra WATSON (SNP),skipped,skipped,skipped,,10
3099,Allan GOW (SNP),Fiona E HIGGINS Glasgow (Lab),Jacqueline MCLAREN (SNP),Robert JH MOONEY Glasgow (Lab),Sandra WATSON (SNP),skipped,skipped,skipped,skipped,skipped,,10
3100,Allan GOW (SNP),Fiona E HIGGINS Glasgow (Lab),Jacqueline MCLAREN (SNP),Robert JH MOONEY Glasgow (Lab),Sandra WATSON (SNP),skipped,skipped,skipped,skipped,skipped,,10
3101,Allan GOW (SNP),Fiona E HIGGINS Glasgow (Lab),Jacqueline MCLAREN (SNP),Robert JH MOONEY Glasgow (Lab),Sandra WATSON (SNP),skipped,skipped,skipped,skipped,skipped,,10
3102,Allan GOW (SNP),Fiona E HIGGINS Glasgow (Lab),Jacqueline MCLAREN (SNP),Robert JH MOONEY Glasgow (Lab),Sandra WATSON (SNP),skipped,skipped,skipped,skipped,skipped,,10
3103,Allan GOW (SNP),Fiona E HIGGINS Glasgow (Lab),Jacqueline MCLAREN (SNP),Robert JH MOONEY Glasgow (Lab),Sandra WATSON (SNP),skipped,skipped,skipped,skipped,skipped,,10
3104,Allan GOW (SNP),Fiona E HIGGINS Glasgow (Lab),Jacqueline MCLAREN (SNP),Robert JH MOONEY Glasgow (Lab),Sandra WATSON (SNP),skipped,skipped,skipped,skipped,skipped,,10
3105,Allan GOW (SNP),Fiona E HIGGINS Glasgow (Lab),Jacqueline MCLAREN (SNP),Robert JH MOONEY Glasgow (Lab),Sandra WATSON (SNP),Seonad Mairi HOY (Grn),Martin Lawson OLU-OSAGIE (Alba),skipped,skipped,skipped,,10
3106,Allan GOW (SNP),Fiona E HIGGINS Glasgow (Lab),Jacqueline MCLAREN (SNP),Sandra WATSON (SNP),skipped,skipped,skipped,skipped,skipped,skipped,,10
3107,Allan GOW (SNP),Fiona E HIGGINS Glasgow (Lab),Jacqueline MCLAREN (SNP),Sandra WATSON (SNP),skipped,skipped,skipped,skipped,skipped,skipped,,10
3108,Allan GOW (SNP),Fiona E HIGGINS Glasgow (Lab),Jacqueline MCLAREN (SNP),Sandra WATSON (SNP),skipped,skipped,skipped,skipped,skipped,skipped,,10
3109,Allan GOW (SNP),Fiona E HIGGINS Glasgow (Lab),Jacqueline MCLAREN (SNP),Sandra WATSON (SNP),skipped,skipped,skipped,skipped,skipped,skipped,,10
3110,Allan GOW (SNP),Fiona E HIGGINS Glasgow (Lab),Jacqueline MCLAREN (SNP),Sandra WATSON (SNP),skipped,skipped,skipped,skipped,skipped,skipped,,10
3111,Allan GOW (SNP),Fiona E HIGGINS Glasgow (Lab),Jacqueline MCLAREN (SNP),Sandra WATSON (SNP),skipped,skipped,skipped,skipped,skipped,skipped,,10
3112,Allan GOW (SNP),Fiona E HIGGINS Glasgow (Lab),Jacqueline MCLAREN (SNP),Sandra WATSON (SNP),skipped,skipped,skipped,skipped,skipped,skipped,,10
3113,Allan GOW (SNP),Fiona E HIGGINS Glasgow (Lab),Jacqueline MCLAREN (SNP),Sandra WATSON (SNP),Martin Lawson OLU-OSAGIE (Alba),skipped,skipped,skipped,skipped,skipped,,10
3114,Allan GOW (SNP),Fiona E HIGGINS Glasgow (Lab),Jacqueline MCLAREN (SNP),Sandra WATSON (SNP),Martin Lawson OLU-OSAGIE (Alba),Robert JH MOONEY Glasgow (Lab),Brian LAND (Ind),skipped,skipped,skipped,,10
3115,Allan GOW (SNP),Fiona E HIGGINS Glasgow (Lab),Jacqueline MCLAREN (SNP),Sandra WATSON (SNP),Maria WELLS (Con),Scott SIMPSON (LD),Martin Lawson OLU-OSAGIE (Alba),skipped,skipped,skipped,,10
3116,Allan GOW (SNP),Fiona E HIGGINS Glasgow (Lab),Jacqueline MCLAREN (SNP),Sandra WATSON (SNP),Robert JH MOONEY Glasgow (Lab),Seonad Mairi HOY (Grn),skipped,skipped,skipped,skipped,,10
3117,Allan GOW (SNP),Fiona E HIGGINS Glasgow (Lab),Jacqueline MCLAREN (SNP),Sandra WATSON (SNP),Robert JH MOONEY Glasgow (Lab),Seonad Mairi HOY (Grn),Brian LAND (Ind),skipped,skipped,skipped,,10
3118,Allan GOW (SNP),Fiona E HIGGINS Glasgow (Lab),Jacqueline MCLAREN (SNP),Sandra WATSON (SNP),Robert JH MOONEY Glasgow (Lab),Scott SIMPSON (LD),Martin Lawson OLU-OSAGIE (Alba),skipped,skipped,skipped,,10
3119,Allan GOW (SNP),Fiona E HIGGINS Glasgow (Lab),Jacqueline MCLAREN (SNP),Sandra WATSON (SNP),Robert JH MOONEY Glasgow (Lab),Brian LAND (Ind),Seonad Mairi HOY (Grn),skipped,skipped,skipped,,10
3120,Allan GOW (SNP),Fiona E HIGGINS Glasgow (Lab),Robert JH MOONEY Glasgow (Lab),skipped,skipped,skipped,skipped,skipped,skipped,skipped,,10
3121,Allan GOW (SNP),Fiona E HIGGINS Glasgow (Lab),Robert JH MOONEY Glasgow (Lab),skipped,skipped,skipped,skipped,skipped,skipped,skipped,,10
3122,Allan GOW (SNP),Fiona E HIGGINS Glasgow (Lab),Robert JH MOONEY Glasgow (Lab),skipped,skipped,skipped,skipped,skipped,skipped,skipped,,10
3123,Allan GOW (SNP),Fiona E HIGGINS Glasgow (Lab),Robert JH MOONEY Glasgow (Lab),skipped,skipped,skipped,skipped,skipped,skipped,skipped,,10
3124,Allan GOW (SNP),Fiona E HIGGINS Glasgow (Lab),Robert JH MOONEY Glasgow (Lab),skipped,skipped,skipped,skipped,skipped,skipped,skipped,,10
3125,Allan GOW (SNP),Fiona E HIGGINS Glasgow (Lab),Robert JH MOONEY Glasgow (Lab),skipped,skipped,skipped,skipped,skipped,skipped,skipped,,10
3126,Allan GOW (SNP),Fiona E HIGGINS Glasgow (Lab),Robert JH MOONEY Glasgow (Lab),skipped,skipped,skipped,skipped,skipped,skipped,skipped,,10
3127,Allan GOW (SNP),Fiona E HIGGINS Glasgow (Lab),Robert JH MOONEY Glasgow (Lab),Seonad Mairi HOY (Grn),Scott SIMPSON (LD),skipped,skipped,skipped,skipped,skipped,,10
3128,Allan GOW (SNP),Fiona E HIGGINS Glasgow (Lab),Robert JH MOONEY Glasgow (Lab),Jacqueline MCLAREN (SNP),skipped,skipped,skipped,skipped,skipped,skipped,,10
3129,Allan GOW (SNP),Fiona E HIGGINS Glasgow (Lab),Robert JH MOONEY Glasgow (Lab),Jacqueline MCLAREN (SNP),skipped,skipped,skipped,skipped,skipped,skipped,,10
3130,Allan GOW (SNP),Fiona E HIGGINS Glasgow (Lab),Robert JH MOONEY Glasgow (Lab),Jacqueline MCLAREN (SNP),skipped,skipped,skipped,skipped,skipped,skipped,,10
3131,Allan GOW (SNP),Fiona E HIGGINS Glasgow (Lab),Robert JH MOONEY Glasgow (Lab),Jacqueline MCLAREN (SNP),Scott SIMPSON (LD),Sandra WATSON (SNP),skipped,skipped,skipped,skipped,,10
3132,Allan GOW (SNP),Fiona E HIGGINS Glasgow (Lab),Robert JH MOONEY Glasgow (Lab),Jacqueline MCLAREN (SNP),Sandra WATSON (SNP),skipped,skipped,skipped,skipped,skipped,,10
3133,Allan GOW (SNP),Fiona E HIGGINS Glasgow (Lab),Robert JH MOONEY Glasgow (Lab),Jacqueline MCLAREN (SNP),Sandra WATSON (SNP),Seonad Mairi HOY (Grn),Scott SIMPSON (LD),skipped,skipped,skipped,,10
3134,Allan GOW (SNP),Fiona E HIGGINS Glasgow (Lab),Robert JH MOONEY Glasgow (Lab),Sandra WATSON (SNP),skipped,skipped,skipped,skipped,skipped,skipped,,10
3135,Allan GOW (SNP),Fiona E HIGGINS Glasgow (Lab),Robert JH MOONEY Glasgow (Lab),Sandra WATSON (SNP),skipped,skipped,skipped,skipped,skipped,skipped,,10
3136,Allan GOW (SNP),Fiona E HIGGINS Glasgow (Lab),Sandra WATSON (SNP),skipped,skipped,skipped,skipped,skipped,skipped,skipped,,10
3137,Allan GOW (SNP),Fiona E HIGGINS Glasgow (Lab),Sandra WATSON (SNP),Robert JH MOONEY Glasgow (Lab),skipped,skipped,skipped,skipped,skipped,skipped,,10
3138,Allan GOW (SNP),Martin Lawson OLU-OSAGIE (Alba),skipped,skipped,skipped,skipped,skipped,skipped,skipped,skipped,,10
3139,Allan GOW (SNP),Martin Lawson OLU-OSAGIE (Alba),skipped,skipped,skipped,skipped,skipped,skipped,skipped,skipped,,10
3140,Allan GOW (SNP),Martin Lawson OLU-OSAGIE (Alba),Seonad Mairi HOY (Grn),skipped,skipped,skipped,skipped,skipped,skipped,skipped,,10
3141,Allan GOW (SNP),Martin Lawson OLU-OSAGIE (Alba),Seonad Mairi HOY (Grn),Robert JH MOONEY Glasgow (Lab),skipped,skipped,skipped,skipped,skipped,skipped,,10
3142,Allan GOW (SNP),Martin Lawson OLU-OSAGIE (Alba),Fiona E HIGGINS Glasgow (Lab),skipped,skipped,skipped,skipped,skipped,skipped,skipped,,10
3143,Allan GOW (SNP),Martin Lawson OLU-OSAGIE (Alba),Scott SIMPSON (LD),skipped,skipped,skipped,skipped,skipped,skipped,skipped,,10
3144,Allan GOW (SNP),Martin Lawson OLU-OSAGIE (Alba),Brian LAND (Ind),Seonad Mairi HOY (Grn),Jacqueline MCLAREN (SNP),Sandra WATSON (SNP),skipped,skipped,skipped,skipped,,10
3145,Allan GOW (SNP),Martin Lawson OLU-OSAGIE (Alba),Maria WELLS (Con),skipped,skipped,skipped,skipped,skipped,skipped,skipped,,10
3146,Allan GOW (SNP),Martin Lawson OLU-OSAGIE (Alba),Jacqueline MCLAREN (SNP),skipped,skipped,skipped,skipped,skipped,skipped,skipped,,10
3147,Allan GOW (SNP),Martin Lawson OLU-OSAGIE (Alba),Jacqueline MCLAREN (SNP),skipped,skipped,skipped,skipped,skipped,skipped,skipped,,10
3148,Allan GOW (SNP),Martin Lawson OLU-OSAGIE (Alba),Jacqueline MCLAREN (SNP),Sandra WATSON (SNP),skipped,skipped,skipped,skipped,skipped,skipped,,10
3149,Allan GOW (SNP),Martin Lawson OLU-OSAGIE (Alba),Jacqueline MCLAREN (SNP),Sandra WATSON (SNP),Seonad Mairi HOY (Grn),skipped,skipped,skipped,skipped,skipped,,10
3150,Allan GOW (SNP),Martin Lawson OLU-OSAGIE (Alba),Jacqueline MCLAREN (SNP),Sandra WATSON (SNP),Seonad Mairi HOY (Grn),Brian LAND (Ind),Scott SIMPSON (LD),skipped,skipped,skipped,,10
3151,Allan GOW (SNP),Martin Lawson OLU-OSAGIE (Alba),Jacqueline MCLAREN (SNP),Sandra WATSON (SNP),Brian LAND (Ind),skipped,skipped,skipped,skipped,skipped,,10
3152,Allan GOW (SNP),Martin Lawson OLU-OSAGIE (Alba),Sandra WATSON (SNP),skipped,skipped,skipped,skipped,skipped,skipped,skipped,,10
3153,Allan GOW (SNP),Scott SIMPSON (LD),Seonad Mairi HOY (Grn),Fiona E HIGGINS Glasgow (Lab),Robert JH MOONEY Glasgow (Lab),Martin Lawson OLU-OSAGIE (Alba),Maria WELLS (Con),skipped,skipped,skipped,,10
3154,Allan GOW (SNP),Scott SIMPSON (LD),Seonad Mairi HOY (Grn),Maria WELLS (Con),skipped,skipped,skipped,skipped,skipped,skipped,,10
3155,Allan GOW (SNP),Scott SIMPSON (LD),Jacqueline MCLAREN (SNP),Fiona E HIGGINS Glasgow (Lab),Seonad Mairi HOY (Grn),Martin Lawson OLU-OSAGIE (Alba),skipped,skipped,skipped,skipped,,10
3156,Allan GOW (SNP),Scott SIMPSON (LD),Jacqueline MCLAREN (SNP),Sandra WATSON (SNP),Seonad Mairi HOY (Grn),Brian LAND (Ind),Martin Lawson OLU-OSAGIE (Alba),skipped,skipped,skipped,,10
3157,Allan GOW (SNP),Scott SIMPSON (LD),Sandra WATSON (SNP),skipped,skipped,skipped,skipped,skipped,skipped,skipped,,10
3158,Allan GOW (SNP),Brian LAND (Ind),skipped,skipped,skipped,skipped,skipped,skipped,skipped,skipped,,10
3159,Allan GOW (SNP),Brian LAND (Ind),skipped,skipped,skipped,skipped,skipped,skipped,skipped,skipped,,10
3160,Allan GOW (SNP),Brian LAND (Ind),skipped,skipped,skipped,skipped,skipped,skipped,skipped,skipped,,10
3161,Allan GOW (SNP),Brian LAND (Ind),skipped,skipped,skipped,skipped,skipped,skipped,skipped,skipped,,10
3162,Allan GOW (SNP),Brian LAND (Ind),skipped,skipped,skipped,skipped,skipped,skipped,skipped,skipped,,10
3163,Allan GOW (SNP),Brian LAND (Ind),skipped,skipped,skipped,skipped,skipped,skipped,skipped,skipped,,10
3164,Allan GOW (SNP),Brian LAND (Ind),skipped,skipped,skipped,skipped,skipped,skipped,skipped,skipped,,10
3165,Allan GOW (SNP),Brian LAND (Ind),skipped,skipped,skipped,skipped,skipped,skipped,skipped,skipped,,10
3166,Allan GOW (SNP),Brian LAND (Ind),skipped,skipped,skipped,skipped,skipped,skipped,skipped,skipped,,10
3167,Allan GOW (SNP),Brian LAND (Ind),skipped,skipped,skipped,skipped,skipped,skipped,skipped,skipped,,10
3168,Allan GOW (SNP),Brian LAND (Ind),Seonad Mairi HOY (Grn),Jacqueline MCLAREN (SNP),Martin Lawson OLU-OSAGIE (Alba),Sandra WATSON (SNP),Scott SIMPSON (LD),skipped,skipped,skipped,,10
3169,Allan GOW (SNP),Brian LAND (Ind),Fiona E HIGGINS Glasgow (Lab),skipped,skipped,skipped,skipped,skipped,skipped,skipped,,10
3170,Allan GOW (SNP),Brian LAND (Ind),Fiona E HIGGINS Glasgow (Lab),skipped,skipped,skipped,skipped,skipped,skipped,skipped,,10
3171,Allan GOW (SNP),Brian LAND (Ind),Fiona E HIGGINS Glasgow (Lab),skipped,skipped,skipped,skipped,skipped,skipped,skipped,,10
3172,Allan GOW (SNP),Brian LAND (Ind),Fiona E HIGGINS Glasgow (Lab),Jacqueline MCLAREN (SNP),skipped,skipped,skipped,skipped,skipped,skipped,,10
3173,Allan GOW (SNP),Brian LAND (Ind),Martin Lawson OLU-OSAGIE (Alba),skipped,skipped,skipped,skipped,skipped,skipped,skipped,,10
3174,Allan GOW (SNP),Brian LAND (Ind),Martin Lawson OLU-OSAGIE (Alba),skipped,skipped,skipped,skipped,skipped,skipped,skipped,,10
3175,Allan GOW (SNP),Brian LAND (Ind),Martin Lawson OLU-OSAGIE (Alba),Sandra WATSON (SNP),Jacqueline MCLAREN (SNP),Scott SIMPSON (LD),Seonad Mairi HOY (Grn),skipped,skipped,skipped,,10
3176,Allan GOW (SNP),Brian LAND (Ind),Jacqueline MCLAREN (SNP),skipped,skipped,skipped,skipped,skipped,skipped,skipped,,10
3177,Allan GOW (SNP),Brian LAND (Ind),Jacqueline MCLAREN (SNP),skipped,skipped,skipped,skipped,skipped,skipped,skipped,,10
3178,Allan GOW (SNP),Brian LAND (Ind),Jacqueline MCLAREN (SNP),skipped,skipped,skipped,skipped,skipped,skipped,skipped,,10
3179,Allan GOW (SNP),Brian LAND (Ind),Jacqueline MCLAREN (SNP),skipped,skipped,skipped,skipped,skipped,skipped,skipped,,10
3180,Allan GOW (SNP),Brian LAND (Ind),Jacqueline MCLAREN (SNP),skipped,skipped,skipped,skipped,skipped,skipped,skipped,,10
3181,Allan GOW (SNP),Brian LAND (Ind),Jacqueline MCLAREN (SNP),skipped,skipped,skipped,skipped,skipped,skipped,skipped,,10
3182,Allan GOW (SNP),Brian LAND (Ind),Jacqueline MCLAREN (SNP),skipped,skipped,skipped,skipped,skipped,skipped,skipped,,10
3183,Allan GOW (SNP),Brian LAND (Ind),Jacqueline MCLAREN (SNP),skipped,skipped,skipped,skipped,skipped,skipped,skipped,,10
3184,Allan GOW (SNP),Brian LAND (Ind),Jacqueline MCLAREN (SNP),skipped,skipped,skipped,skipped,skipped,skipped,skipped,,10
3185,Allan GOW (SNP),Brian LAND (Ind),Jacqueline MCLAREN (SNP),Seonad Mairi HOY (Grn),skipped,skipped,skipped,skipped,skipped,skipped,,10
3186,Allan GOW (SNP),Brian LAND (Ind),Jacqueline MCLAREN (SNP),Sandra WATSON (SNP),skipped,skipped,skipped,skipped,skipped,skipped,,10
3187,Allan GOW (SNP),Brian LAND (Ind),Jacqueline MCLAREN (SNP),Sandra WATSON (SNP),skipped,skipped,skipped,skipped,skipped,skipped,,10
3188,Allan GOW (SNP),Brian LAND (Ind),Jacqueline MCLAREN (SNP),Sandra WATSON (SNP),skipped,skipped,skipped,skipped,skipped,skipped,,10
3189,Allan GOW (SNP),Brian LAND (Ind),Jacqueline MCLAREN (SNP),Sandra WATSON (SNP),skipped,skipped,skipped,skipped,skipped,skipped,,10
3190,Allan GOW (SNP),Brian LAND (Ind),Jacqueline MCLAREN (SNP),Sandra WATSON (SNP),skipped,skipped,skipped,skipped,skipped,skipped,,10
3191,Allan GOW (SNP),Brian LAND (Ind),Jacqueline MCLAREN (SNP),Sandra WATSON (SNP),skipped,skipped,skipped,skipped,skipped,skipped,,10
3192,Allan GOW (SNP),Brian LAND (Ind),Jacqueline MCLAREN (SNP),Sandra WATSON (SNP),skipped,skipped,skipped,skipped,skipped,skipped,,10
3193,Allan GOW (SNP),Brian LAND (Ind),Jacqueline MCLAREN (SNP),Sandra WATSON (SNP),skipped,skipped,skipped,skipped,skipped,skipped,,10
3194,Allan GOW (SNP),Brian LAND (Ind),Jacqueline MCLAREN (SNP),Sandra WATSON (SNP),skipped,skipped,skipped,skipped,skipped,skipped,,10
3195,Allan GOW (SNP),Brian LAND (Ind),Jacqueline MCLAREN (SNP),Sandra WATSON (SNP),skipped,skipped,skipped,skipped,skipped,skipped,,10
3196,Allan GOW (SNP),Brian LAND (Ind),Jacqueline MCLAREN (SNP),Sandra WATSON (SNP),skipped,skipped,skipped,skipped,skipped,skipped,,10
3197,Allan GOW (SNP),Brian LAND (Ind),Jacqueline MCLAREN (SNP),Sandra WATSON (SNP),skipped,skipped,skipped,skipped,skipped,skipped,,10
3198,Allan GOW (SNP),Brian LAND (Ind),Jacqueline MCLAREN (SNP),Sandra WATSON (SNP),skipped,skipped,skipped,skipped,skipped,skipped,,10
3199,Allan GOW (SNP),Brian LAND (Ind),Jacqueline MCLAREN (SNP),Sandra WATSON (SNP),skipped,skipped,skipped,skipped,skipped,skipped,,10
3200,Allan GOW (SNP),Brian LAND (Ind),Jacqueline MCLAREN (SNP),Sandra WATSON (SNP),skipped,skipped,skipped,skipped,skipped,skipped,,10
3201,Allan GOW (SNP),Brian LAND (Ind),Jacqueline MCLAREN (SNP),Sandra WATSON (SNP),skipped,skipped,skipped,skipped,skipped,skipped,,10
3202,Allan GOW (SNP),Brian LAND (Ind),Jacqueline MCLAREN (SNP),Sandra WATSON (SNP),skipped,skipped,skipped,skipped,skipped,skipped,,10
3203,Allan GOW (SNP),Brian LAND (Ind),Jacqueline MCLAREN (SNP),Sandra WATSON (SNP),Seonad Mairi HOY (Grn),skipped,skipped,skipped,skipped,skipped,,10
3204,Allan GOW (SNP),Brian LAND (Ind),Jacqueline MCLAREN (SNP),Sandra WATSON (SNP),Seonad Mairi HOY (Grn),Martin Lawson OLU-OSAGIE (Alba),skipped,skipped,skipped,skipped,,10
3205,Allan GOW (SNP),Brian LAND (Ind),Jacqueline MCLAREN (SNP),Sandra WATSON (SNP),Seonad Mairi HOY (Grn),Scott SIMPSON (LD),Fiona E HIGGINS Glasgow (Lab),skipped,skipped,skipped,,10
3206,Allan GOW (SNP),Brian LAND (Ind),Jacqueline MCLAREN (SNP),Sandra WATSON (SNP),Fiona E HIGGINS Glasgow (Lab),Robert JH MOONEY Glasgow (Lab),skipped,skipped,skipped,skipped,,10
3207,Allan GOW (SNP),Brian LAND (Ind),Jacqueline MCLAREN (SNP),Sandra WATSON (SNP),Robert JH MOONEY Glasgow (Lab),Fiona E HIGGINS Glasgow (Lab),skipped,skipped,skipped,skipped,,10
3208,Allan GOW (SNP),Brian LAND (Ind),Robert JH MOONEY Glasgow (Lab),skipped,skipped,skipped,skipped,skipped,skipped,skipped,,10
3209,Allan GOW (SNP),Brian LAND (Ind),Robert JH MOONEY Glasgow (Lab),skipped,skipped,skipped,skipped,skipped,skipped,skipped,,10
3210,Allan GOW (SNP),Brian LAND (Ind),Robert JH MOONEY Glasgow (Lab),Scott SIMPSON (LD),skipped,skipped,skipped,skipped,skipped,skipped,,10
3211,Allan GOW (SNP),Brian LAND (Ind),Sandra WATSON (SNP),skipped,skipped,skipped,skipped,skipped,skipped,skipped,,10
3212,Allan GOW (SNP),Brian LAND (Ind),Sandra WATSON (SNP),skipped,skipped,skipped,skipped,skipped,skipped,skipped,,10
3213,Allan GOW (SNP),Brian LAND (Ind),Sandra WATSON (SNP),skipped,skipped,skipped,skipped,skipped,skipped,skipped,,10
3214,Allan GOW (SNP),Brian LAND (Ind),Sandra WATSON (SNP),skipped,skipped,skipped,skipped,skipped,skipped,skipped,,10
3215,Allan GOW (SNP),Brian LAND (Ind),Sandra WATSON (SNP),skipped,skipped,skipped,skipped,skipped,skipped,skipped,,10
3216,Allan GOW (SNP),Brian LAND (Ind),Sandra WATSON (SNP),Jacqueline MCLAREN (SNP),Robert JH MOONEY Glasgow (Lab),Fiona E HIGGINS Glasgow (Lab),Seonad Mairi HOY (Grn),skipped,skipped,skipped,,10
3217,Allan GOW (SNP),Maria WELLS (Con),skipped,skipped,skipped,skipped,skipped,skipped,skipped,skipped,,10
3218,Allan GOW (SNP),Maria WELLS (Con),skipped,skipped,skipped,skipped,skipped,skipped,skipped,skipped,,10
3219,Allan GOW (SNP),Maria WELLS (Con),Seonad Mairi HOY (Grn),Martin Lawson OLU-OSAGIE (Alba),Scott SIMPSON (LD),Sandra WATSON (SNP),Jacqueline MCLAREN (SNP),skipped,skipped,skipped,,10
3220,Allan GOW (SNP),Maria WELLS (Con),Fiona E HIGGINS Glasgow (Lab),Martin Lawson OLU-OSAGIE (Alba),skipped,skipped,skipped,skipped,skipped,skipped,,10
3221,Allan GOW (SNP),Maria WELLS (Con),Fiona E HIGGINS Glasgow (Lab),Jacqueline MCLAREN (SNP),Robert JH MOONEY Glasgow (Lab),Sandra WATSON (SNP),Seonad Mairi HOY (Grn),skipped,skipped,skipped,,10
3222,Allan GOW (SNP),Jacqueline MCLAREN (SNP),skipped,skipped,skipped,skipped,skipped,skipped,skipped,skipped,,10
3223,Allan GOW (SNP),Jacqueline MCLAREN (SNP),skipped,skipped,skipped,skipped,skipped,skipped,skipped,skipped,,10
3224,Allan GOW (SNP),Jacqueline MCLAREN (SNP),skipped,skipped,skipped,skipped,skipped,skipped,skipped,skipped,,10
3225,Allan GOW (SNP),Jacqueline MCLAREN (SNP),skipped,skipped,skipped,skipped,skipped,skipped,skipped,skipped,,10
3226,Allan GOW (SNP),Jacqueline MCLAREN (SNP),skipped,skipped,skipped,skipped,skipped,skipped,skipped,skipped,,10
3227,Allan GOW (SNP),Jacqueline MCLAREN (SNP),skipped,skipped,skipped,skipped,skipped,skipped,skipped,skipped,,10
3228,Allan GOW (SNP),Jacqueline MCLAREN (SNP),skipped,skipped,skipped,skipped,skipped,skipped,skipped,skipped,,10
3229,Allan GOW (SNP),Jacqueline MCLAREN (SNP),skipped,skipped,skipped,skipped,skipped,skipped,skipped,skipped,,10
3230,Allan GOW (SNP),Jacqueline MCLAREN (SNP),skipped,skipped,skipped,skipped,skipped,skipped,skipped,skipped,,10
3231,Allan GOW (SNP),Jacqueline MCLAREN (SNP),skipped,skipped,skipped,skipped,skipped,skipped,skipped,skipped,,10
3232,Allan GOW (SNP),Jacqueline MCLAREN (SNP),skipped,skipped,skipped,skipped,skipped,skipped,skipped,skipped,,10
3233,Allan GOW (SNP),Jacqueline MCLAREN (SNP),skipped,skipped,skipped,skipped,skipped,skipped,skipped,skipped,,10
3234,Allan GOW (SNP),Jacqueline MCLAREN (SNP),skipped,skipped,skipped,skipped,skipped,skipped,skipped,skipped,,10
3235,Allan GOW (SNP),Jacqueline MCLAREN (SNP),skipped,skipped,skipped,skipped,skipped,skipped,skipped,skipped,,10
3236,Allan GOW (SNP),Jacqueline MCLAREN (SNP),skipped,skipped,skipped,skipped,skipped,skipped,skipped,skipped,,10
3237,Allan GOW (SNP),Jacqueline MCLAREN (SNP),skipped,skipped,skipped,skipped,skipped,skipped,skipped,skipped,,10
3238,Allan GOW (SNP),Jacqueline MCLAREN (SNP),skipped,skipped,skipped,skipped,skipped,skipped,skipped,skipped,,10
3239,Allan GOW (SNP),Jacqueline MCLAREN (SNP),skipped,skipped,skipped,skipped,skipped,skipped,skipped,skipped,,10
3240,Allan GOW (SNP),Jacqueline MCLAREN (SNP),skipped,skipped,skipped,skipped,skipped,skipped,skipped,skipped,,10
3241,Allan GOW (SNP),Jacqueline MCLAREN (SNP),skipped,skipped,skipped,skipped,skipped,skipped,skipped,skipped,,10
3242,Allan GOW (SNP),Jacqueline MCLAREN (SNP),Seonad Mairi HOY (Grn),skipped,skipped,skipped,skipped,skipped,skipped,skipped,,10
3243,Allan GOW (SNP),Jacqueline MCLAREN (SNP),Seonad Mairi HOY (Grn),skipped,skipped,skipped,skipped,skipped,skipped,skipped,,10
3244,Allan GOW (SNP),Jacqueline MCLAREN (SNP),Seonad Mairi HOY (Grn),skipped,skipped,skipped,skipped,skipped,skipped,skipped,,10
3245,Allan GOW (SNP),Jacqueline MCLAREN (SNP),Seonad Mairi HOY (Grn),skipped,skipped,skipped,skipped,skipped,skipped,skipped,,10
3246,Allan GOW (SNP),Jacqueline MCLAREN (SNP),Seonad Mairi HOY (Grn),skipped,skipped,skipped,skipped,skipped,skipped,skipped,,10
3247,Allan GOW (SNP),Jacqueline MCLAREN (SNP),Seonad Mairi HOY (Grn),skipped,skipped,skipped,skipped,skipped,skipped,skipped,,10
3248,Allan GOW (SNP),Jacqueline MCLAREN (SNP),Seonad Mairi HOY (Grn),skipped,skipped,skipped,skipped,skipped,skipped,skipped,,10
3249,Allan GOW (SNP),Jacqueline MCLAREN (SNP),Seonad Mairi HOY (Grn),skipped,skipped,skipped,skipped,skipped,skipped,skipped,,10
3250,Allan GOW (SNP),Jacqueline MCLAREN (SNP),Seonad Mairi HOY (Grn),skipped,skipped,skipped,skipped,skipped,skipped,skipped,,10
3251,Allan GOW (SNP),Jacqueline MCLAREN (SNP),Seonad Mairi HOY (Grn),skipped,skipped,skipped,skipped,skipped,skipped,skipped,,10
3252,Allan GOW (SNP),Jacqueline MCLAREN (SNP),Seonad Mairi HOY (Grn),skipped,skipped,skipped,skipped,skipped,skipped,skipped,,10
3253,Allan GOW (SNP),Jacqueline MCLAREN (SNP),Seonad Mairi HOY (Grn),Fiona E HIGGINS Glasgow (Lab),Brian LAND (Ind),Robert JH MOONEY Glasgow (Lab),skipped,skipped,skipped,skipped,,10
3254,Allan GOW (SNP),Jacqueline MCLAREN (SNP),Seonad Mairi HOY (Grn),Fiona E HIGGINS Glasgow (Lab),Robert JH MOONEY Glasgow (Lab),Scott SIMPSON (LD),Sandra WATSON (SNP),skipped,skipped,skipped,,10
3255,Allan GOW (SNP),Jacqueline MCLAREN (SNP),Seonad Mairi HOY (Grn),Fiona E HIGGINS Glasgow (Lab),Robert JH MOONEY Glasgow (Lab),Scott SIMPSON (LD),Sandra WATSON (SNP),skipped,skipped,skipped,,10
3256,Allan GOW (SNP),Jacqueline MCLAREN (SNP),Seonad Mairi HOY (Grn),Fiona E HIGGINS Glasgow (Lab),Robert JH MOONEY Glasgow (Lab),Sandra WATSON (SNP),Brian LAND (Ind),skipped,skipped,skipped,,10
3257,Allan GOW (SNP),Jacqueline MCLAREN (SNP),Seonad Mairi HOY (Grn),Brian LAND (Ind),Fiona E HIGGINS Glasgow (Lab),Robert JH MOONEY Glasgow (Lab),skipped,skipped,skipped,skipped,,10
3258,Allan GOW (SNP),Jacqueline MCLAREN (SNP),Seonad Mairi HOY (Grn),Sandra WATSON (SNP),skipped,skipped,skipped,skipped,skipped,skipped,,10
3259,Allan GOW (SNP),Jacqueline MCLAREN (SNP),Seonad Mairi HOY (Grn),Sandra WATSON (SNP),skipped,skipped,skipped,skipped,skipped,skipped,,10
3260,Allan GOW (SNP),Jacqueline MCLAREN (SNP),Seonad Mairi HOY (Grn),Sandra WATSON (SNP),skipped,skipped,skipped,skipped,skipped,skipped,,10
3261,Allan GOW (SNP),Jacqueline MCLAREN (SNP),Seonad Mairi HOY (Grn),Sandra WATSON (SNP),skipped,skipped,skipped,skipped,skipped,skipped,,10
3262,Allan GOW (SNP),Jacqueline MCLAREN (SNP),Seonad Mairi HOY (Grn),Sandra WATSON (SNP),skipped,skipped,skipped,skipped,skipped,skipped,,10
3263,Allan GOW (SNP),Jacqueline MCLAREN (SNP),Seonad Mairi HOY (Grn),Sandra WATSON (SNP),skipped,skipped,skipped,skipped,skipped,skipped,,10
3264,Allan GOW (SNP),Jacqueline MCLAREN (SNP),Seonad Mairi HOY (Grn),Sandra WATSON (SNP),skipped,skipped,skipped,skipped,skipped,skipped,,10
3265,Allan GOW (SNP),Jacqueline MCLAREN (SNP),Seonad Mairi HOY (Grn),Sandra WATSON (SNP),skipped,skipped,skipped,skipped,skipped,skipped,,10
3266,Allan GOW (SNP),Jacqueline MCLAREN (SNP),Seonad Mairi HOY (Grn),Sandra WATSON (SNP),skipped,skipped,skipped,skipped,skipped,skipped,,10
3267,Allan GOW (SNP),Jacqueline MCLAREN (SNP),Seonad Mairi HOY (Grn),Sandra WATSON (SNP),skipped,skipped,skipped,skipped,skipped,skipped,,10
3268,Allan GOW (SNP),Jacqueline MCLAREN (SNP),Seonad Mairi HOY (Grn),Sandra WATSON (SNP),Fiona E HIGGINS Glasgow (Lab),Robert JH MOONEY Glasgow (Lab),Scott SIMPSON (LD),skipped,skipped,skipped,,10
3269,Allan GOW (SNP),Jacqueline MCLAREN (SNP),Seonad Mairi HOY (Grn),Sandra WATSON (SNP),Scott SIMPSON (LD),skipped,skipped,skipped,skipped,skipped,,10
3270,Allan GOW (SNP),Jacqueline MCLAREN (SNP),Fiona E HIGGINS Glasgow (Lab),skipped,skipped,skipped,skipped,skipped,skipped,skipped,,10
3271,Allan GOW (SNP),Jacqueline MCLAREN (SNP),Fiona E HIGGINS Glasgow (Lab),skipped,skipped,skipped,skipped,skipped,skipped,skipped,,10
3272,Allan GOW (SNP),Jacqueline MCLAREN (SNP),Fiona E HIGGINS Glasgow (Lab),skipped,skipped,skipped,skipped,skipped,skipped,skipped,,10
3273,Allan GOW (SNP),Jacqueline MCLAREN (SNP),Fiona E HIGGINS Glasgow (Lab),skipped,skipped,skipped,skipped,skipped,skipped,skipped,,10
3274,Allan GOW (SNP),Jacqueline MCLAREN (SNP),Fiona E HIGGINS Glasgow (Lab),skipped,skipped,skipped,skipped,skipped,skipped,skipped,,10
3275,Allan GOW (SNP),Jacqueline MCLAREN (SNP),Fiona E HIGGINS Glasgow (Lab),skipped,skipped,skipped,skipped,skipped,skipped,skipped,,10
3276,Allan GOW (SNP),Jacqueline MCLAREN (SNP),Fiona E HIGGINS Glasgow (Lab),Martin Lawson OLU-OSAGIE (Alba),Robert JH MOONEY Glasgow (Lab),Sandra WATSON (SNP),Seonad Mairi HOY (Grn),skipped,skipped,skipped,,10
3277,Allan GOW (SNP),Jacqueline MCLAREN (SNP),Fiona E HIGGINS Glasgow (Lab),Brian LAND (Ind),Sandra WATSON (SNP),Robert JH MOONEY Glasgow (Lab),Seonad Mairi HOY (Grn),skipped,skipped,skipped,,10
3278,Allan GOW (SNP),Jacqueline MCLAREN (SNP),Fiona E HIGGINS Glasgow (Lab),Robert JH MOONEY Glasgow (Lab),skipped,skipped,skipped,skipped,skipped,skipped,,10
3279,Allan GOW (SNP),Jacqueline MCLAREN (SNP),Fiona E HIGGINS Glasgow (Lab),Robert JH MOONEY Glasgow (Lab),skipped,skipped,skipped,skipped,skipped,skipped,,10
3280,Allan GOW (SNP),Jacqueline MCLAREN (SNP),Fiona E HIGGINS Glasgow (Lab),Robert JH MOONEY Glasgow (Lab),skipped,skipped,skipped,skipped,skipped,skipped,,10
3281,Allan GOW (SNP),Jacqueline MCLAREN (SNP),Fiona E HIGGINS Glasgow (Lab),Robert JH MOONEY Glasgow (Lab),skipped,skipped,skipped,skipped,skipped,skipped,,10
3282,Allan GOW (SNP),Jacqueline MCLAREN (SNP),Fiona E HIGGINS Glasgow (Lab),Robert JH MOONEY Glasgow (Lab),Seonad Mairi HOY (Grn),Brian LAND (Ind),skipped,skipped,skipped,skipped,,10
3283,Allan GOW (SNP),Jacqueline MCLAREN (SNP),Fiona E HIGGINS Glasgow (Lab),Robert JH MOONEY Glasgow (Lab),Sandra WATSON (SNP),skipped,skipped,skipped,skipped,skipped,,10
3284,Allan GOW (SNP),Jacqueline MCLAREN (SNP),Fiona E HIGGINS Glasgow (Lab),Robert JH MOONEY Glasgow (Lab),Sandra WATSON (SNP),Scott SIMPSON (LD),Brian LAND (Ind),skipped,skipped,skipped,,10
3285,Allan GOW (SNP),Jacqueline MCLAREN (SNP),Fiona E HIGGINS Glasgow (Lab),Sandra WATSON (SNP),skipped,skipped,skipped,skipped,skipped,skipped,,10
3286,Allan GOW (SNP),Jacqueline MCLAREN (SNP),Fiona E HIGGINS Glasgow (Lab),Sandra WATSON (SNP),skipped,skipped,skipped,skipped,skipped,skipped,,10
3287,Allan GOW (SNP),Jacqueline MCLAREN (SNP),Fiona E HIGGINS Glasgow (Lab),Sandra WATSON (SNP),Robert JH MOONEY Glasgow (Lab),skipped,skipped,skipped,skipped,skipped,,10
3288,Allan GOW (SNP),Jacqueline MCLAREN (SNP),Martin Lawson OLU-OSAGIE (Alba),skipped,skipped,skipped,skipped,skipped,skipped,skipped,,10
3289,Allan GOW (SNP),Jacqueline MCLAREN (SNP),Martin Lawson OLU-OSAGIE (Alba),skipped,skipped,skipped,skipped,skipped,skipped,skipped,,10
3290,Allan GOW (SNP),Jacqueline MCLAREN (SNP),Martin Lawson OLU-OSAGIE (Alba),skipped,skipped,skipped,skipped,skipped,skipped,skipped,,10
3291,Allan GOW (SNP),Jacqueline MCLAREN (SNP),Martin Lawson OLU-OSAGIE (Alba),skipped,skipped,skipped,skipped,skipped,skipped,skipped,,10
3292,Allan GOW (SNP),Jacqueline MCLAREN (SNP),Martin Lawson OLU-OSAGIE (Alba),Seonad Mairi HOY (Grn),skipped,skipped,skipped,skipped,skipped,skipped,,10
3293,Allan GOW (SNP),Jacqueline MCLAREN (SNP),Martin Lawson OLU-OSAGIE (Alba),Fiona E HIGGINS Glasgow (Lab),Seonad Mairi HOY (Grn),Brian LAND (Ind),Robert JH MOONEY Glasgow (Lab),skipped,skipped,skipped,,10
3294,Allan GOW (SNP),Jacqueline MCLAREN (SNP),Martin Lawson OLU-OSAGIE (Alba),Sandra WATSON (SNP),skipped,skipped,skipped,skipped,skipped,skipped,,10
3295,Allan GOW (SNP),Jacqueline MCLAREN (SNP),Martin Lawson OLU-OSAGIE (Alba),Sandra WATSON (SNP),skipped,skipped,skipped,skipped,skipped,skipped,,10
3296,Allan GOW (SNP),Jacqueline MCLAREN (SNP),Scott SIMPSON (LD),skipped,skipped,skipped,skipped,skipped,skipped,skipped,,10
3297,Allan GOW (SNP),Jacqueline MCLAREN (SNP),Scott SIMPSON (LD),skipped,skipped,skipped,skipped,skipped,skipped,skipped,,10
3298,Allan GOW (SNP),Jacqueline MCLAREN (SNP),Scott SIMPSON (LD),skipped,skipped,skipped,skipped,skipped,skipped,skipped,,10
3299,Allan GOW (SNP),Jacqueline MCLAREN (SNP),Scott SIMPSON (LD),skipped,skipped,skipped,skipped,skipped,skipped,skipped,,10
3300,Allan GOW (SNP),Jacqueline MCLAREN (SNP),Scott SIMPSON (LD),skipped,skipped,skipped,skipped,skipped,skipped,skipped,,10
3301,Allan GOW (SNP),Jacqueline MCLAREN (SNP),Scott SIMPSON (LD),skipped,skipped,skipped,skipped,skipped,skipped,skipped,,10
3302,Allan GOW (SNP),Jacqueline MCLAREN (SNP),Scott SIMPSON (LD),skipped,skipped,skipped,skipped,skipped,skipped,skipped,,10
3303,Allan GOW (SNP),Jacqueline MCLAREN (SNP),Scott SIMPSON (LD),Seonad Mairi HOY (Grn),skipped,skipped,skipped,skipped,skipped,skipped,,10
3304,Allan GOW (SNP),Jacqueline MCLAREN (SNP),Scott SIMPSON (LD),Brian LAND (Ind),Seonad Mairi HOY (Grn),skipped,skipped,skipped,skipped,skipped,,10
3305,Allan GOW (SNP),Jacqueline MCLAREN (SNP),Scott SIMPSON (LD),Sandra WATSON (SNP),skipped,skipped,skipped,skipped,skipped,skipped,,10
3306,Allan GOW (SNP),Jacqueline MCLAREN (SNP),Brian LAND (Ind),skipped,skipped,skipped,skipped,skipped,skipped,skipped,,10
3307,Allan GOW (SNP),Jacqueline MCLAREN (SNP),Brian LAND (Ind),skipped,skipped,skipped,skipped,skipped,skipped,skipped,,10
3308,Allan GOW (SNP),Jacqueline MCLAREN (SNP),Brian LAND (Ind),skipped,skipped,skipped,skipped,skipped,skipped,skipped,,10
3309,Allan GOW (SNP),Jacqueline MCLAREN (SNP),Brian LAND (Ind),skipped,skipped,skipped,skipped,skipped,skipped,skipped,,10
3310,Allan GOW (SNP),Jacqueline MCLAREN (SNP),Brian LAND (Ind),skipped,skipped,skipped,skipped,skipped,skipped,skipped,,10
3311,Allan GOW (SNP),Jacqueline MCLAREN (SNP),Brian LAND (Ind),skipped,skipped,skipped,skipped,skipped,skipped,skipped,,10
3312,Allan GOW (SNP),Jacqueline MCLAREN (SNP),Brian LAND (Ind),skipped,skipped,skipped,skipped,skipped,skipped,skipped,,10
3313,Allan GOW (SNP),Jacqueline MCLAREN (SNP),Brian LAND (Ind),skipped,skipped,skipped,skipped,skipped,skipped,skipped,,10
3314,Allan GOW (SNP),Jacqueline MCLAREN (SNP),Brian LAND (Ind),skipped,skipped,skipped,skipped,skipped,skipped,skipped,,10
3315,Allan GOW (SNP),Jacqueline MCLAREN (SNP),Brian LAND (Ind),skipped,skipped,skipped,skipped,skipped,skipped,skipped,,10
3316,Allan GOW (SNP),Jacqueline MCLAREN (SNP),Brian LAND (Ind),Seonad Mairi HOY (Grn),Sandra WATSON (SNP),Martin Lawson OLU-OSAGIE (Alba),Scott SIMPSON (LD),skipped,skipped,skipped,,10
3317,Allan GOW (SNP),Jacqueline MCLAREN (SNP),Brian LAND (Ind),Seonad Mairi HOY (Grn),Sandra WATSON (SNP),Scott SIMPSON (LD),skipped,skipped,skipped,skipped,,10
3318,Allan GOW (SNP),Jacqueline MCLAREN (SNP),Brian LAND (Ind),Sandra WATSON (SNP),skipped,skipped,skipped,skipped,skipped,skipped,,10
3319,Allan GOW (SNP),Jacqueline MCLAREN (SNP),Brian LAND (Ind),Sandra WATSON (SNP),skipped,skipped,skipped,skipped,skipped,skipped,,10
3320,Allan GOW (SNP),Jacqueline MCLAREN (SNP),Brian LAND (Ind),Sandra WATSON (SNP),skipped,skipped,skipped,skipped,skipped,skipped,,10
3321,Allan GOW (SNP),Jacqueline MCLAREN (SNP),Brian LAND (Ind),Sandra WATSON (SNP),skipped,skipped,skipped,skipped,skipped,skipped,,10
3322,Allan GOW (SNP),Jacqueline MCLAREN (SNP),Brian LAND (Ind),Sandra WATSON (SNP),skipped,skipped,skipped,skipped,skipped,skipped,,10
3323,Allan GOW (SNP),Jacqueline MCLAREN (SNP),Brian LAND (Ind),Sandra WATSON (SNP),Seonad Mairi HOY (Grn),Fiona E HIGGINS Glasgow (Lab),Robert JH MOONEY Glasgow (Lab),skipped,skipped,skipped,,10
3324,Allan GOW (SNP),Jacqueline MCLAREN (SNP),Brian LAND (Ind),Sandra WATSON (SNP),Martin Lawson OLU-OSAGIE (Alba),Seonad Mairi HOY (Grn),Fiona E HIGGINS Glasgow (Lab),skipped,skipped,skipped,,10
3325,Allan GOW (SNP),Jacqueline MCLAREN (SNP),Brian LAND (Ind),Sandra WATSON (SNP),Robert JH MOONEY Glasgow (Lab),Fiona E HIGGINS Glasgow (Lab),Seonad Mairi HOY (Grn),skipped,skipped,skipped,,10
3326,Allan GOW (SNP),Jacqueline MCLAREN (SNP),Maria WELLS (Con),skipped,skipped,skipped,skipped,skipped,skipped,skipped,,10
3327,Allan GOW (SNP),Jacqueline MCLAREN (SNP),Robert JH MOONEY Glasgow (Lab),skipped,skipped,skipped,skipped,skipped,skipped,skipped,,10
3328,Allan GOW (SNP),Jacqueline MCLAREN (SNP),Robert JH MOONEY Glasgow (Lab),skipped,skipped,skipped,skipped,skipped,skipped,skipped,,10
3329,Allan GOW (SNP),Jacqueline MCLAREN (SNP),Robert JH MOONEY Glasgow (Lab),skipped,skipped,skipped,skipped,skipped,skipped,skipped,,10
3330,Allan GOW (SNP),Jacqueline MCLAREN (SNP),Robert JH MOONEY Glasgow (Lab),Fiona E HIGGINS Glasgow (Lab),skipped,skipped,skipped,skipped,skipped,skipped,,10
3331,Allan GOW (SNP),Jacqueline MCLAREN (SNP),Robert JH MOONEY Glasgow (Lab),Fiona E HIGGINS Glasgow (Lab),Seonad Mairi HOY (Grn),skipped,skipped,skipped,skipped,skipped,,10
3332,Allan GOW (SNP),Jacqueline MCLAREN (SNP),Robert JH MOONEY Glasgow (Lab),Maria WELLS (Con),skipped,skipped,skipped,skipped,skipped,skipped,,10
3333,Allan GOW (SNP),Jacqueline MCLAREN (SNP),Robert JH MOONEY Glasgow (Lab),Sandra WATSON (SNP),skipped,skipped,skipped,skipped,skipped,skipped,,10
3334,Allan GOW (SNP),Jacqueline MCLAREN (SNP),Robert JH MOONEY Glasgow (Lab),Sandra WATSON (SNP),Fiona E HIGGINS Glasgow (Lab),skipped,skipped,skipped,skipped,skipped,,10
3335,Allan GOW (SNP),Jacqueline MCLAREN (SNP),Sandra WATSON (SNP),skipped,skipped,skipped,skipped,skipped,skipped,skipped,,10
3336,Allan GOW (SNP),Jacqueline MCLAREN (SNP),Sandra WATSON (SNP),skipped,skipped,skipped,skipped,skipped,skipped,skipped,,10
3337,Allan GOW (SNP),Jacqueline MCLAREN (SNP),Sandra WATSON (SNP),skipped,skipped,skipped,skipped,skipped,skipped,skipped,,10
3338,Allan GOW (SNP),Jacqueline MCLAREN (SNP),Sandra WATSON (SNP),skipped,skipped,skipped,skipped,skipped,skipped,skipped,,10
3339,Allan GOW (SNP),Jacqueline MCLAREN (SNP),Sandra WATSON (SNP),skipped,skipped,skipped,skipped,skipped,skipped,skipped,,10
3340,Allan GOW (SNP),Jacqueline MCLAREN (SNP),Sandra WATSON (SNP),skipped,skipped,skipped,skipped,skipped,skipped,skipped,,10
3341,Allan GOW (SNP),Jacqueline MCLAREN (SNP),Sandra WATSON (SNP),skipped,skipped,skipped,skipped,skipped,skipped,skipped,,10
3342,Allan GOW (SNP),Jacqueline MCLAREN (SNP),Sandra WATSON (SNP),skipped,skipped,skipped,skipped,skipped,skipped,skipped,,10
3343,Allan GOW (SNP),Jacqueline MCLAREN (SNP),Sandra WATSON (SNP),skipped,skipped,skipped,skipped,skipped,skipped,skipped,,10
3344,Allan GOW (SNP),Jacqueline MCLAREN (SNP),Sandra WATSON (SNP),skipped,skipped,skipped,skipped,skipped,skipped,skipped,,10
3345,Allan GOW (SNP),Jacqueline MCLAREN (SNP),Sandra WATSON (SNP),skipped,skipped,skipped,skipped,skipped,skipped,skipped,,10
3346,Allan GOW (SNP),Jacqueline MCLAREN (SNP),Sandra WATSON (SNP),skipped,skipped,skipped,skipped,skipped,skipped,skipped,,10
3347,Allan GOW (SNP),Jacqueline MCLAREN (SNP),Sandra WATSON (SNP),skipped,skipped,skipped,skipped,skipped,skipped,skipped,,10
3348,Allan GOW (SNP),Jacqueline MCLAREN (SNP),Sandra WATSON (SNP),skipped,skipped,skipped,skipped,skipped,skipped,skipped,,10
3349,Allan GOW (SNP),Jacqueline MCLAREN (SNP),Sandra WATSON (SNP),skipped,skipped,skipped,skipped,skipped,skipped,skipped,,10
3350,Allan GOW (SNP),Jacqueline MCLAREN (SNP),Sandra WATSON (SNP),skipped,skipped,skipped,skipped,skipped,skipped,skipped,,10
3351,Allan GOW (SNP),Jacqueline MCLAREN (SNP),Sandra WATSON (SNP),skipped,skipped,skipped,skipped,skipped,skipped,skipped,,10
3352,Allan GOW (SNP),Jacqueline MCLAREN (SNP),Sandra WATSON (SNP),skipped,skipped,skipped,skipped,skipped,skipped,skipped,,10
3353,Allan GOW (SNP),Jacqueline MCLAREN (SNP),Sandra WATSON (SNP),skipped,skipped,skipped,skipped,skipped,skipped,skipped,,10
3354,Allan GOW (SNP),Jacqueline MCLAREN (SNP),Sandra WATSON (SNP),skipped,skipped,skipped,skipped,skipped,skipped,skipped,,10
3355,Allan GOW (SNP),Jacqueline MCLAREN (SNP),Sandra WATSON (SNP),skipped,skipped,skipped,skipped,skipped,skipped,skipped,,10
3356,Allan GOW (SNP),Jacqueline MCLAREN (SNP),Sandra WATSON (SNP),skipped,skipped,skipped,skipped,skipped,skipped,skipped,,10
3357,Allan GOW (SNP),Jacqueline MCLAREN (SNP),Sandra WATSON (SNP),skipped,skipped,skipped,skipped,skipped,skipped,skipped,,10
3358,Allan GOW (SNP),Jacqueline MCLAREN (SNP),Sandra WATSON (SNP),skipped,skipped,skipped,skipped,skipped,skipped,skipped,,10
3359,Allan GOW (SNP),Jacqueline MCLAREN (SNP),Sandra WATSON (SNP),skipped,skipped,skipped,skipped,skipped,skipped,skipped,,10
3360,Allan GOW (SNP),Jacqueline MCLAREN (SNP),Sandra WATSON (SNP),skipped,skipped,skipped,skipped,skipped,skipped,skipped,,10
3361,Allan GOW (SNP),Jacqueline MCLAREN (SNP),Sandra WATSON (SNP),skipped,skipped,skipped,skipped,skipped,skipped,skipped,,10
3362,Allan GOW (SNP),Jacqueline MCLAREN (SNP),Sandra WATSON (SNP),skipped,skipped,skipped,skipped,skipped,skipped,skipped,,10
3363,Allan GOW (SNP),Jacqueline MCLAREN (SNP),Sandra WATSON (SNP),skipped,skipped,skipped,skipped,skipped,skipped,skipped,,10
3364,Allan GOW (SNP),Jacqueline MCLAREN (SNP),Sandra WATSON (SNP),skipped,skipped,skipped,skipped,skipped,skipped,skipped,,10
3365,Allan GOW (SNP),Jacqueline MCLAREN (SNP),Sandra WATSON (SNP),skipped,skipped,skipped,skipped,skipped,skipped,skipped,,10
3366,Allan GOW (SNP),Jacqueline MCLAREN (SNP),Sandra WATSON (SNP),skipped,skipped,skipped,skipped,skipped,skipped,skipped,,10
3367,Allan GOW (SNP),Jacqueline MCLAREN (SNP),Sandra WATSON (SNP),skipped,skipped,skipped,skipped,skipped,skipped,skipped,,10
3368,Allan GOW (SNP),Jacqueline MCLAREN (SNP),Sandra WATSON (SNP),skipped,skipped,skipped,skipped,skipped,skipped,skipped,,10
3369,Allan GOW (SNP),Jacqueline MCLAREN (SNP),Sandra WATSON (SNP),skipped,skipped,skipped,skipped,skipped,skipped,skipped,,10
3370,Allan GOW (SNP),Jacqueline MCLAREN (SNP),Sandra WATSON (SNP),skipped,skipped,skipped,skipped,skipped,skipped,skipped,,10
3371,Allan GOW (SNP),Jacqueline MCLAREN (SNP),Sandra WATSON (SNP),skipped,skipped,skipped,skipped,skipped,skipped,skipped,,10
3372,Allan GOW (SNP),Jacqueline MCLAREN (SNP),Sandra WATSON (SNP),skipped,skipped,skipped,skipped,skipped,skipped,skipped,,10
3373,Allan GOW (SNP),Jacqueline MCLAREN (SNP),Sandra WATSON (SNP),skipped,skipped,skipped,skipped,skipped,skipped,skipped,,10
3374,Allan GOW (SNP),Jacqueline MCLAREN (SNP),Sandra WATSON (SNP),skipped,skipped,skipped,skipped,skipped,skipped,skipped,,10
3375,Allan GOW (SNP),Jacqueline MCLAREN (SNP),Sandra WATSON (SNP),skipped,skipped,skipped,skipped,skipped,skipped,skipped,,10
3376,Allan GOW (SNP),Jacqueline MCLAREN (SNP),Sandra WATSON (SNP),skipped,skipped,skipped,skipped,skipped,skipped,skipped,,10
3377,Allan GOW (SNP),Jacqueline MCLAREN (SNP),Sandra WATSON (SNP),skipped,skipped,skipped,skipped,skipped,skipped,skipped,,10
3378,Allan GOW (SNP),Jacqueline MCLAREN (SNP),Sandra WATSON (SNP),skipped,skipped,skipped,skipped,skipped,skipped,skipped,,10
3379,Allan GOW (SNP),Jacqueline MCLAREN (SNP),Sandra WATSON (SNP),skipped,skipped,skipped,skipped,skipped,skipped,skipped,,10
3380,Allan GOW (SNP),Jacqueline MCLAREN (SNP),Sandra WATSON (SNP),skipped,skipped,skipped,skipped,skipped,skipped,skipped,,10
3381,Allan GOW (SNP),Jacqueline MCLAREN (SNP),Sandra WATSON (SNP),skipped,skipped,skipped,skipped,skipped,skipped,skipped,,10
3382,Allan GOW (SNP),Jacqueline MCLAREN (SNP),Sandra WATSON (SNP),skipped,skipped,skipped,skipped,skipped,skipped,skipped,,10
3383,Allan GOW (SNP),Jacqueline MCLAREN (SNP),Sandra WATSON (SNP),skipped,skipped,skipped,skipped,skipped,skipped,skipped,,10
3384,Allan GOW (SNP),Jacqueline MCLAREN (SNP),Sandra WATSON (SNP),skipped,skipped,skipped,skipped,skipped,skipped,skipped,,10
3385,Allan GOW (SNP),Jacqueline MCLAREN (SNP),Sandra WATSON (SNP),skipped,skipped,skipped,skipped,skipped,skipped,skipped,,10
3386,Allan GOW (SNP),Jacqueline MCLAREN (SNP),Sandra WATSON (SNP),skipped,skipped,skipped,skipped,skipped,skipped,skipped,,10
3387,Allan GOW (SNP),Jacqueline MCLAREN (SNP),Sandra WATSON (SNP),skipped,skipped,skipped,skipped,skipped,skipped,skipped,,10
3388,Allan GOW (SNP),Jacqueline MCLAREN (SNP),Sandra WATSON (SNP),skipped,skipped,skipped,skipped,skipped,skipped,skipped,,10
3389,Allan GOW (SNP),Jacqueline MCLAREN (SNP),Sandra WATSON (SNP),skipped,skipped,skipped,skipped,skipped,skipped,skipped,,10
3390,Allan GOW (SNP),Jacqueline MCLAREN (SNP),Sandra WATSON (SNP),skipped,skipped,skipped,skipped,skipped,skipped,skipped,,10
3391,Allan GOW (SNP),Jacqueline MCLAREN (SNP),Sandra WATSON (SNP),skipped,skipped,skipped,skipped,skipped,skipped,skipped,,10
3392,Allan GOW (SNP),Jacqueline MCLAREN (SNP),Sandra WATSON (SNP),skipped,skipped,skipped,skipped,skipped,skipped,skipped,,10
3393,Allan GOW (SNP),Jacqueline MCLAREN (SNP),Sandra WATSON (SNP),skipped,skipped,skipped,skipped,skipped,skipped,skipped,,10
3394,Allan GOW (SNP),Jacqueline MCLAREN (SNP),Sandra WATSON (SNP),skipped,skipped,skipped,skipped,skipped,skipped,skipped,,10
3395,Allan GOW (SNP),Jacqueline MCLAREN (SNP),Sandra WATSON (SNP),skipped,skipped,skipped,skipped,skipped,skipped,skipped,,10
3396,Allan GOW (SNP),Jacqueline MCLAREN (SNP),Sandra WATSON (SNP),skipped,skipped,skipped,skipped,skipped,skipped,skipped,,10
3397,Allan GOW (SNP),Jacqueline MCLAREN (SNP),Sandra WATSON (SNP),skipped,skipped,skipped,skipped,skipped,skipped,skipped,,10
3398,Allan GOW (SNP),Jacqueline MCLAREN (SNP),Sandra WATSON (SNP),skipped,skipped,skipped,skipped,skipped,skipped,skipped,,10
3399,Allan GOW (SNP),Jacqueline MCLAREN (SNP),Sandra WATSON (SNP),skipped,skipped,skipped,skipped,skipped,skipped,skipped,,10
3400,Allan GOW (SNP),Jacqueline MCLAREN (SNP),Sandra WATSON (SNP),skipped,skipped,skipped,skipped,skipped,skipped,skipped,,10
3401,Allan GOW (SNP),Jacqueline MCLAREN (SNP),Sandra WATSON (SNP),skipped,skipped,skipped,skipped,skipped,skipped,skipped,,10
3402,Allan GOW (SNP),Jacqueline MCLAREN (SNP),Sandra WATSON (SNP),skipped,skipped,skipped,skipped,skipped,skipped,skipped,,10
3403,Allan GOW (SNP),Jacqueline MCLAREN (SNP),Sandra WATSON (SNP),skipped,skipped,skipped,skipped,skipped,skipped,skipped,,10
3404,Allan GOW (SNP),Jacqueline MCLAREN (SNP),Sandra WATSON (SNP),skipped,skipped,skipped,skipped,skipped,skipped,skipped,,10
3405,Allan GOW (SNP),Jacqueline MCLAREN (SNP),Sandra WATSON (SNP),skipped,skipped,skipped,skipped,skipped,skipped,skipped,,10
3406,Allan GOW (SNP),Jacqueline MCLAREN (SNP),Sandra WATSON (SNP),skipped,skipped,skipped,skipped,skipped,skipped,skipped,,10
3407,Allan GOW (SNP),Jacqueline MCLAREN (SNP),Sandra WATSON (SNP),skipped,skipped,skipped,skipped,skipped,skipped,skipped,,10
3408,Allan GOW (SNP),Jacqueline MCLAREN (SNP),Sandra WATSON (SNP),skipped,skipped,skipped,skipped,skipped,skipped,skipped,,10
3409,Allan GOW (SNP),Jacqueline MCLAREN (SNP),Sandra WATSON (SNP),skipped,skipped,skipped,skipped,skipped,skipped,skipped,,10
3410,Allan GOW (SNP),Jacqueline MCLAREN (SNP),Sandra WATSON (SNP),skipped,skipped,skipped,skipped,skipped,skipped,skipped,,10
3411,Allan GOW (SNP),Jacqueline MCLAREN (SNP),Sandra WATSON (SNP),skipped,skipped,skipped,skipped,skipped,skipped,skipped,,10
3412,Allan GOW (SNP),Jacqueline MCLAREN (SNP),Sandra WATSON (SNP),skipped,skipped,skipped,skipped,skipped,skipped,skipped,,10
3413,Allan GOW (SNP),Jacqueline MCLAREN (SNP),Sandra WATSON (SNP),skipped,skipped,skipped,skipped,skipped,skipped,skipped,,10
3414,Allan GOW (SNP),Jacqueline MCLAREN (SNP),Sandra WATSON (SNP),skipped,skipped,skipped,skipped,skipped,skipped,skipped,,10
3415,Allan GOW (SNP),Jacqueline MCLAREN (SNP),Sandra WATSON (SNP),skipped,skipped,skipped,skipped,skipped,skipped,skipped,,10
3416,Allan GOW (SNP),Jacqueline MCLAREN (SNP),Sandra WATSON (SNP),skipped,skipped,skipped,skipped,skipped,skipped,skipped,,10
3417,Allan GOW (SNP),Jacqueline MCLAREN (SNP),Sandra WATSON (SNP),skipped,skipped,skipped,skipped,skipped,skipped,skipped,,10
3418,Allan GOW (SNP),Jacqueline MCLAREN (SNP),Sandra WATSON (SNP),skipped,skipped,skipped,skipped,skipped,skipped,skipped,,10
3419,Allan GOW (SNP),Jacqueline MCLAREN (SNP),Sandra WATSON (SNP),skipped,skipped,skipped,skipped,skipped,skipped,skipped,,10
3420,Allan GOW (SNP),Jacqueline MCLAREN (SNP),Sandra WATSON (SNP),skipped,skipped,skipped,skipped,skipped,skipped,skipped,,10
3421,Allan GOW (SNP),Jacqueline MCLAREN (SNP),Sandra WATSON (SNP),skipped,skipped,skipped,skipped,skipped,skipped,skipped,,10
3422,Allan GOW (SNP),Jacqueline MCLAREN (SNP),Sandra WATSON (SNP),skipped,skipped,skipped,skipped,skipped,skipped,skipped,,10
3423,Allan GOW (SNP),Jacqueline MCLAREN (SNP),Sandra WATSON (SNP),skipped,skipped,skipped,skipped,skipped,skipped,skipped,,10
3424,Allan GOW (SNP),Jacqueline MCLAREN (SNP),Sandra WATSON (SNP),skipped,skipped,skipped,skipped,skipped,skipped,skipped,,10
3425,Allan GOW (SNP),Jacqueline MCLAREN (SNP),Sandra WATSON (SNP),skipped,skipped,skipped,skipped,skipped,skipped,skipped,,10
3426,Allan GOW (SNP),Jacqueline MCLAREN (SNP),Sandra WATSON (SNP),skipped,skipped,skipped,skipped,skipped,skipped,skipped,,10
3427,Allan GOW (SNP),Jacqueline MCLAREN (SNP),Sandra WATSON (SNP),skipped,skipped,skipped,skipped,skipped,skipped,skipped,,10
3428,Allan GOW (SNP),Jacqueline MCLAREN (SNP),Sandra WATSON (SNP),skipped,skipped,skipped,skipped,skipped,skipped,skipped,,10
3429,Allan GOW (SNP),Jacqueline MCLAREN (SNP),Sandra WATSON (SNP),skipped,skipped,skipped,skipped,skipped,skipped,skipped,,10
3430,Allan GOW (SNP),Jacqueline MCLAREN (SNP),Sandra WATSON (SNP),skipped,skipped,skipped,skipped,skipped,skipped,skipped,,10
3431,Allan GOW (SNP),Jacqueline MCLAREN (SNP),Sandra WATSON (SNP),skipped,skipped,skipped,skipped,skipped,skipped,skipped,,10
3432,Allan GOW (SNP),Jacqueline MCLAREN (SNP),Sandra WATSON (SNP),skipped,skipped,skipped,skipped,skipped,skipped,skipped,,10
3433,Allan GOW (SNP),Jacqueline MCLAREN (SNP),Sandra WATSON (SNP),skipped,skipped,skipped,skipped,skipped,skipped,skipped,,10
3434,Allan GOW (SNP),Jacqueline MCLAREN (SNP),Sandra WATSON (SNP),skipped,skipped,skipped,skipped,skipped,skipped,skipped,,10
3435,Allan GOW (SNP),Jacqueline MCLAREN (SNP),Sandra WATSON (SNP),skipped,skipped,skipped,skipped,skipped,skipped,skipped,,10
3436,Allan GOW (SNP),Jacqueline MCLAREN (SNP),Sandra WATSON (SNP),skipped,skipped,skipped,skipped,skipped,skipped,skipped,,10
3437,Allan GOW (SNP),Jacqueline MCLAREN (SNP),Sandra WATSON (SNP),skipped,skipped,skipped,skipped,skipped,skipped,skipped,,10
3438,Allan GOW (SNP),Jacqueline MCLAREN (SNP),Sandra WATSON (SNP),skipped,skipped,skipped,skipped,skipped,skipped,skipped,,10
3439,Allan GOW (SNP),Jacqueline MCLAREN (SNP),Sandra WATSON (SNP),skipped,skipped,skipped,skipped,skipped,skipped,skipped,,10
3440,Allan GOW (SNP),Jacqueline MCLAREN (SNP),Sandra WATSON (SNP),skipped,skipped,skipped,skipped,skipped,skipped,skipped,,10
3441,Allan GOW (SNP),Jacqueline MCLAREN (SNP),Sandra WATSON (SNP),skipped,skipped,skipped,skipped,skipped,skipped,skipped,,10
3442,Allan GOW (SNP),Jacqueline MCLAREN (SNP),Sandra WATSON (SNP),skipped,skipped,skipped,skipped,skipped,skipped,skipped,,10
3443,Allan GOW (SNP),Jacqueline MCLAREN (SNP),Sandra WATSON (SNP),skipped,skipped,skipped,skipped,skipped,skipped,skipped,,10
3444,Allan GOW (SNP),Jacqueline MCLAREN (SNP),Sandra WATSON (SNP),skipped,skipped,skipped,skipped,skipped,skipped,skipped,,10
3445,Allan GOW (SNP),Jacqueline MCLAREN (SNP),Sandra WATSON (SNP),skipped,skipped,skipped,skipped,skipped,skipped,skipped,,10
3446,Allan GOW (SNP),Jacqueline MCLAREN (SNP),Sandra WATSON (SNP),skipped,skipped,skipped,skipped,skipped,skipped,skipped,,10
3447,Allan GOW (SNP),Jacqueline MCLAREN (SNP),Sandra WATSON (SNP),skipped,skipped,skipped,skipped,skipped,skipped,skipped,,10
3448,Allan GOW (SNP),Jacqueline MCLAREN (SNP),Sandra WATSON (SNP),skipped,skipped,skipped,skipped,skipped,skipped,skipped,,10
3449,Allan GOW (SNP),Jacqueline MCLAREN (SNP),Sandra WATSON (SNP),skipped,skipped,skipped,skipped,skipped,skipped,skipped,,10
3450,Allan GOW (SNP),Jacqueline MCLAREN (SNP),Sandra WATSON (SNP),skipped,skipped,skipped,skipped,skipped,skipped,skipped,,10
3451,Allan GOW (SNP),Jacqueline MCLAREN (SNP),Sandra WATSON (SNP),skipped,skipped,skipped,skipped,skipped,skipped,skipped,,10
3452,Allan GOW (SNP),Jacqueline MCLAREN (SNP),Sandra WATSON (SNP),skipped,skipped,skipped,skipped,skipped,skipped,skipped,,10
3453,Allan GOW (SNP),Jacqueline MCLAREN (SNP),Sandra WATSON (SNP),skipped,skipped,skipped,skipped,skipped,skipped,skipped,,10
3454,Allan GOW (SNP),Jacqueline MCLAREN (SNP),Sandra WATSON (SNP),skipped,skipped,skipped,skipped,skipped,skipped,skipped,,10
3455,Allan GOW (SNP),Jacqueline MCLAREN (SNP),Sandra WATSON (SNP),skipped,skipped,skipped,skipped,skipped,skipped,skipped,,10
3456,Allan GOW (SNP),Jacqueline MCLAREN (SNP),Sandra WATSON (SNP),skipped,skipped,skipped,skipped,skipped,skipped,skipped,,10
3457,Allan GOW (SNP),Jacqueline MCLAREN (SNP),Sandra WATSON (SNP),skipped,skipped,skipped,skipped,skipped,skipped,skipped,,10
3458,Allan GOW (SNP),Jacqueline MCLAREN (SNP),Sandra WATSON (SNP),skipped,skipped,skipped,skipped,skipped,skipped,skipped,,10
3459,Allan GOW (SNP),Jacqueline MCLAREN (SNP),Sandra WATSON (SNP),skipped,skipped,skipped,skipped,skipped,skipped,skipped,,10
3460,Allan GOW (SNP),Jacqueline MCLAREN (SNP),Sandra WATSON (SNP),skipped,skipped,skipped,skipped,skipped,skipped,skipped,,10
3461,Allan GOW (SNP),Jacqueline MCLAREN (SNP),Sandra WATSON (SNP),skipped,skipped,skipped,skipped,skipped,skipped,skipped,,10
3462,Allan GOW (SNP),Jacqueline MCLAREN (SNP),Sandra WATSON (SNP),skipped,skipped,skipped,skipped,skipped,skipped,skipped,,10
3463,Allan GOW (SNP),Jacqueline MCLAREN (SNP),Sandra WATSON (SNP),skipped,skipped,skipped,skipped,skipped,skipped,skipped,,10
3464,Allan GOW (SNP),Jacqueline MCLAREN (SNP),Sandra WATSON (SNP),skipped,skipped,skipped,skipped,skipped,skipped,skipped,,10
3465,Allan GOW (SNP),Jacqueline MCLAREN (SNP),Sandra WATSON (SNP),skipped,skipped,skipped,skipped,skipped,skipped,skipped,,10
3466,Allan GOW (SNP),Jacqueline MCLAREN (SNP),Sandra WATSON (SNP),skipped,skipped,skipped,skipped,skipped,skipped,skipped,,10
3467,Allan GOW (SNP),Jacqueline MCLAREN (SNP),Sandra WATSON (SNP),skipped,skipped,skipped,skipped,skipped,skipped,skipped,,10
3468,Allan GOW (SNP),Jacqueline MCLAREN (SNP),Sandra WATSON (SNP),skipped,skipped,skipped,skipped,skipped,skipped,skipped,,10
3469,Allan GOW (SNP),Jacqueline MCLAREN (SNP),Sandra WATSON (SNP),skipped,skipped,skipped,skipped,skipped,skipped,skipped,,10
3470,Allan GOW (SNP),Jacqueline MCLAREN (SNP),Sandra WATSON (SNP),skipped,skipped,skipped,skipped,skipped,skipped,skipped,,10
3471,Allan GOW (SNP),Jacqueline MCLAREN (SNP),Sandra WATSON (SNP),skipped,skipped,skipped,skipped,skipped,skipped,skipped,,10
3472,Allan GOW (SNP),Jacqueline MCLAREN (SNP),Sandra WATSON (SNP),skipped,skipped,skipped,skipped,skipped,skipped,skipped,,10
3473,Allan GOW (SNP),Jacqueline MCLAREN (SNP),Sandra WATSON (SNP),skipped,skipped,skipped,skipped,skipped,skipped,skipped,,10
3474,Allan GOW (SNP),Jacqueline MCLAREN (SNP),Sandra WATSON (SNP),skipped,skipped,skipped,skipped,skipped,skipped,skipped,,10
3475,Allan GOW (SNP),Jacqueline MCLAREN (SNP),Sandra WATSON (SNP),skipped,skipped,skipped,skipped,skipped,skipped,skipped,,10
3476,Allan GOW (SNP),Jacqueline MCLAREN (SNP),Sandra WATSON (SNP),skipped,skipped,skipped,skipped,skipped,skipped,skipped,,10
3477,Allan GOW (SNP),Jacqueline MCLAREN (SNP),Sandra WATSON (SNP),skipped,skipped,skipped,skipped,skipped,skipped,skipped,,10
3478,Allan GOW (SNP),Jacqueline MCLAREN (SNP),Sandra WATSON (SNP),skipped,skipped,skipped,skipped,skipped,skipped,skipped,,10
3479,Allan GOW (SNP),Jacqueline MCLAREN (SNP),Sandra WATSON (SNP),skipped,skipped,skipped,skipped,skipped,skipped,skipped,,10
3480,Allan GOW (SNP),Jacqueline MCLAREN (SNP),Sandra WATSON (SNP),skipped,skipped,skipped,skipped,skipped,skipped,skipped,,10
3481,Allan GOW (SNP),Jacqueline MCLAREN (SNP),Sandra WATSON (SNP),skipped,skipped,skipped,skipped,skipped,skipped,skipped,,10
3482,Allan GOW (SNP),Jacqueline MCLAREN (SNP),Sandra WATSON (SNP),skipped,skipped,skipped,skipped,skipped,skipped,skipped,,10
3483,Allan GOW (SNP),Jacqueline MCLAREN (SNP),Sandra WATSON (SNP),skipped,skipped,skipped,skipped,skipped,skipped,skipped,,10
3484,Allan GOW (SNP),Jacqueline MCLAREN (SNP),Sandra WATSON (SNP),skipped,skipped,skipped,skipped,skipped,skipped,skipped,,10
3485,Allan GOW (SNP),Jacqueline MCLAREN (SNP),Sandra WATSON (SNP),skipped,skipped,skipped,skipped,skipped,skipped,skipped,,10
3486,Allan GOW (SNP),Jacqueline MCLAREN (SNP),Sandra WATSON (SNP),skipped,skipped,skipped,skipped,skipped,skipped,skipped,,10
3487,Allan GOW (SNP),Jacqueline MCLAREN (SNP),Sandra WATSON (SNP),skipped,skipped,skipped,skipped,skipped,skipped,skipped,,10
3488,Allan GOW (SNP),Jacqueline MCLAREN (SNP),Sandra WATSON (SNP),skipped,skipped,skipped,skipped,skipped,skipped,skipped,,10
3489,Allan GOW (SNP),Jacqueline MCLAREN (SNP),Sandra WATSON (SNP),skipped,skipped,skipped,skipped,skipped,skipped,skipped,,10
3490,Allan GOW (SNP),Jacqueline MCLAREN (SNP),Sandra WATSON (SNP),skipped,skipped,skipped,skipped,skipped,skipped,skipped,,10
3491,Allan GOW (SNP),Jacqueline MCLAREN (SNP),Sandra WATSON (SNP),skipped,skipped,skipped,skipped,skipped,skipped,skipped,,10
3492,Allan GOW (SNP),Jacqueline MCLAREN (SNP),Sandra WATSON (SNP),skipped,skipped,skipped,skipped,skipped,skipped,skipped,,10
3493,Allan GOW (SNP),Jacqueline MCLAREN (SNP),Sandra WATSON (SNP),skipped,skipped,skipped,skipped,skipped,skipped,skipped,,10
3494,Allan GOW (SNP),Jacqueline MCLAREN (SNP),Sandra WATSON (SNP),skipped,skipped,skipped,skipped,skipped,skipped,skipped,,10
3495,Allan GOW (SNP),Jacqueline MCLAREN (SNP),Sandra WATSON (SNP),skipped,skipped,skipped,skipped,skipped,skipped,skipped,,10
3496,Allan GOW (SNP),Jacqueline MCLAREN (SNP),Sandra WATSON (SNP),skipped,skipped,skipped,skipped,skipped,skipped,skipped,,10
3497,Allan GOW (SNP),Jacqueline MCLAREN (SNP),Sandra WATSON (SNP),skipped,skipped,skipped,skipped,skipped,skipped,skipped,,10
3498,Allan GOW (SNP),Jacqueline MCLAREN (SNP),Sandra WATSON (SNP),skipped,skipped,skipped,skipped,skipped,skipped,skipped,,10
3499,Allan GOW (SNP),Jacqueline MCLAREN (SNP),Sandra WATSON (SNP),skipped,skipped,skipped,skipped,skipped,skipped,skipped,,10
3500,Allan GOW (SNP),Jacqueline MCLAREN (SNP),Sandra WATSON (SNP),skipped,skipped,skipped,skipped,skipped,skipped,skipped,,10
3501,Allan GOW (SNP),Jacqueline MCLAREN (SNP),Sandra WATSON (SNP),skipped,skipped,skipped,skipped,skipped,skipped,skipped,,10
3502,Allan GOW (SNP),Jacqueline MCLAREN (SNP),Sandra WATSON (SNP),skipped,skipped,skipped,skipped,skipped,skipped,skipped,,10
3503,Allan GOW (SNP),Jacqueline MCLAREN (SNP),Sandra WATSON (SNP),skipped,skipped,skipped,skipped,skipped,skipped,skipped,,10
3504,Allan GOW (SNP),Jacqueline MCLAREN (SNP),Sandra WATSON (SNP),skipped,skipped,skipped,skipped,skipped,skipped,skipped,,10
3505,Allan GOW (SNP),Jacqueline MCLAREN (SNP),Sandra WATSON (SNP),skipped,skipped,skipped,skipped,skipped,skipped,skipped,,10
3506,Allan GOW (SNP),Jacqueline MCLAREN (SNP),Sandra WATSON (SNP),skipped,skipped,skipped,skipped,skipped,skipped,skipped,,10
3507,Allan GOW (SNP),Jacqueline MCLAREN (SNP),Sandra WATSON (SNP),skipped,skipped,skipped,skipped,skipped,skipped,skipped,,10
3508,Allan GOW (SNP),Jacqueline MCLAREN (SNP),Sandra WATSON (SNP),skipped,skipped,skipped,skipped,skipped,skipped,skipped,,10
3509,Allan GOW (SNP),Jacqueline MCLAREN (SNP),Sandra WATSON (SNP),skipped,skipped,skipped,skipped,skipped,skipped,skipped,,10
3510,Allan GOW (SNP),Jacqueline MCLAREN (SNP),Sandra WATSON (SNP),skipped,skipped,skipped,skipped,skipped,skipped,skipped,,10
3511,Allan GOW (SNP),Jacqueline MCLAREN (SNP),Sandra WATSON (SNP),skipped,skipped,skipped,skipped,skipped,skipped,skipped,,10
3512,Allan GOW (SNP),Jacqueline MCLAREN (SNP),Sandra WATSON (SNP),skipped,skipped,skipped,skipped,skipped,skipped,skipped,,10
3513,Allan GOW (SNP),Jacqueline MCLAREN (SNP),Sandra WATSON (SNP),skipped,skipped,skipped,skipped,skipped,skipped,skipped,,10
3514,Allan GOW (SNP),Jacqueline MCLAREN (SNP),Sandra WATSON (SNP),skipped,skipped,skipped,skipped,skipped,skipped,skipped,,10
3515,Allan GOW (SNP),Jacqueline MCLAREN (SNP),Sandra WATSON (SNP),skipped,skipped,skipped,skipped,skipped,skipped,skipped,,10
3516,Allan GOW (SNP),Jacqueline MCLAREN (SNP),Sandra WATSON (SNP),skipped,skipped,skipped,skipped,skipped,skipped,skipped,,10
3517,Allan GOW (SNP),Jacqueline MCLAREN (SNP),Sandra WATSON (SNP),skipped,skipped,skipped,skipped,skipped,skipped,skipped,,10
3518,Allan GOW (SNP),Jacqueline MCLAREN (SNP),Sandra WATSON (SNP),skipped,skipped,skipped,skipped,skipped,skipped,skipped,,10
3519,Allan GOW (SNP),Jacqueline MCLAREN (SNP),Sandra WATSON (SNP),skipped,skipped,skipped,skipped,skipped,skipped,skipped,,10
3520,Allan GOW (SNP),Jacqueline MCLAREN (SNP),Sandra WATSON (SNP),skipped,skipped,skipped,skipped,skipped,skipped,skipped,,10
3521,Allan GOW (SNP),Jacqueline MCLAREN (SNP),Sandra WATSON (SNP),skipped,skipped,skipped,skipped,skipped,skipped,skipped,,10
3522,Allan GOW (SNP),Jacqueline MCLAREN (SNP),Sandra WATSON (SNP),skipped,skipped,skipped,skipped,skipped,skipped,skipped,,10
3523,Allan GOW (SNP),Jacqueline MCLAREN (SNP),Sandra WATSON (SNP),skipped,skipped,skipped,skipped,skipped,skipped,skipped,,10
3524,Allan GOW (SNP),Jacqueline MCLAREN (SNP),Sandra WATSON (SNP),skipped,skipped,skipped,skipped,skipped,skipped,skipped,,10
3525,Allan GOW (SNP),Jacqueline MCLAREN (SNP),Sandra WATSON (SNP),skipped,skipped,skipped,skipped,skipped,skipped,skipped,,10
3526,Allan GOW (SNP),Jacqueline MCLAREN (SNP),Sandra WATSON (SNP),skipped,skipped,skipped,skipped,skipped,skipped,skipped,,10
3527,Allan GOW (SNP),Jacqueline MCLAREN (SNP),Sandra WATSON (SNP),skipped,skipped,skipped,skipped,skipped,skipped,skipped,,10
3528,Allan GOW (SNP),Jacqueline MCLAREN (SNP),Sandra WATSON (SNP),skipped,skipped,skipped,skipped,skipped,skipped,skipped,,10
3529,Allan GOW (SNP),Jacqueline MCLAREN (SNP),Sandra WATSON (SNP),skipped,skipped,skipped,skipped,skipped,skipped,skipped,,10
3530,Allan GOW (SNP),Jacqueline MCLAREN (SNP),Sandra WATSON (SNP),skipped,skipped,skipped,skipped,skipped,skipped,skipped,,10
3531,Allan GOW (SNP),Jacqueline MCLAREN (SNP),Sandra WATSON (SNP),skipped,skipped,skipped,skipped,skipped,skipped,skipped,,10
3532,Allan GOW (SNP),Jacqueline MCLAREN (SNP),Sandra WATSON (SNP),skipped,skipped,skipped,skipped,skipped,skipped,skipped,,10
3533,Allan GOW (SNP),Jacqueline MCLAREN (SNP),Sandra WATSON (SNP),skipped,skipped,skipped,skipped,skipped,skipped,skipped,,10
3534,Allan GOW (SNP),Jacqueline MCLAREN (SNP),Sandra WATSON (SNP),skipped,skipped,skipped,skipped,skipped,skipped,skipped,,10
3535,Allan GOW (SNP),Jacqueline MCLAREN (SNP),Sandra WATSON (SNP),skipped,skipped,skipped,skipped,skipped,skipped,skipped,,10
3536,Allan GOW (SNP),Jacqueline MCLAREN (SNP),Sandra WATSON (SNP),skipped,skipped,skipped,skipped,skipped,skipped,skipped,,10
3537,Allan GOW (SNP),Jacqueline MCLAREN (SNP),Sandra WATSON (SNP),skipped,skipped,skipped,skipped,skipped,skipped,skipped,,10
3538,Allan GOW (SNP),Jacqueline MCLAREN (SNP),Sandra WATSON (SNP),skipped,skipped,skipped,skipped,skipped,skipped,skipped,,10
3539,Allan GOW (SNP),Jacqueline MCLAREN (SNP),Sandra WATSON (SNP),skipped,skipped,skipped,skipped,skipped,skipped,skipped,,10
3540,Allan GOW (SNP),Jacqueline MCLAREN (SNP),Sandra WATSON (SNP),skipped,skipped,skipped,skipped,skipped,skipped,skipped,,10
3541,Allan GOW (SNP),Jacqueline MCLAREN (SNP),Sandra WATSON (SNP),skipped,skipped,skipped,skipped,skipped,skipped,skipped,,10
3542,Allan GOW (SNP),Jacqueline MCLAREN (SNP),Sandra WATSON (SNP),skipped,skipped,skipped,skipped,skipped,skipped,skipped,,10
3543,Allan GOW (SNP),Jacqueline MCLAREN (SNP),Sandra WATSON (SNP),skipped,skipped,skipped,skipped,skipped,skipped,skipped,,10
3544,Allan GOW (SNP),Jacqueline MCLAREN (SNP),Sandra WATSON (SNP),skipped,skipped,skipped,skipped,skipped,skipped,skipped,,10
3545,Allan GOW (SNP),Jacqueline MCLAREN (SNP),Sandra WATSON (SNP),skipped,skipped,skipped,skipped,skipped,skipped,skipped,,10
3546,Allan GOW (SNP),Jacqueline MCLAREN (SNP),Sandra WATSON (SNP),skipped,skipped,skipped,skipped,skipped,skipped,skipped,,10
3547,Allan GOW (SNP),Jacqueline MCLAREN (SNP),Sandra WATSON (SNP),skipped,skipped,skipped,skipped,skipped,skipped,skipped,,10
3548,Allan GOW (SNP),Jacqueline MCLAREN (SNP),Sandra WATSON (SNP),skipped,skipped,skipped,skipped,skipped,skipped,skipped,,10
3549,Allan GOW (SNP),Jacqueline MCLAREN (SNP),Sandra WATSON (SNP),skipped,skipped,skipped,skipped,skipped,skipped,skipped,,10
3550,Allan GOW (SNP),Jacqueline MCLAREN (SNP),Sandra WATSON (SNP),skipped,skipped,skipped,skipped,skipped,skipped,skipped,,10
3551,Allan GOW (SNP),Jacqueline MCLAREN (SNP),Sandra WATSON (SNP),skipped,skipped,skipped,skipped,skipped,skipped,skipped,,10
3552,Allan GOW (SNP),Jacqueline MCLAREN (SNP),Sandra WATSON (SNP),skipped,skipped,skipped,skipped,skipped,skipped,skipped,,10
3553,Allan GOW (SNP),Jacqueline MCLAREN (SNP),Sandra WATSON (SNP),skipped,skipped,skipped,skipped,skipped,skipped,skipped,,10
3554,Allan GOW (SNP),Jacqueline MCLAREN (SNP),Sandra WATSON (SNP),skipped,skipped,skipped,skipped,skipped,skipped,skipped,,10
3555,Allan GOW (SNP),Jacqueline MCLAREN (SNP),Sandra WATSON (SNP),skipped,skipped,skipped,skipped,skipped,skipped,skipped,,10
3556,Allan GOW (SNP),Jacqueline MCLAREN (SNP),Sandra WATSON (SNP),skipped,skipped,skipped,skipped,skipped,skipped,skipped,,10
3557,Allan GOW (SNP),Jacqueline MCLAREN (SNP),Sandra WATSON (SNP),skipped,skipped,skipped,skipped,skipped,skipped,skipped,,10
3558,Allan GOW (SNP),Jacqueline MCLAREN (SNP),Sandra WATSON (SNP),skipped,skipped,skipped,skipped,skipped,skipped,skipped,,10
3559,Allan GOW (SNP),Jacqueline MCLAREN (SNP),Sandra WATSON (SNP),skipped,skipped,skipped,skipped,skipped,skipped,skipped,,10
3560,Allan GOW (SNP),Jacqueline MCLAREN (SNP),Sandra WATSON (SNP),skipped,skipped,skipped,skipped,skipped,skipped,skipped,,10
3561,Allan GOW (SNP),Jacqueline MCLAREN (SNP),Sandra WATSON (SNP),skipped,skipped,skipped,skipped,skipped,skipped,skipped,,10
3562,Allan GOW (SNP),Jacqueline MCLAREN (SNP),Sandra WATSON (SNP),skipped,skipped,skipped,skipped,skipped,skipped,skipped,,10
3563,Allan GOW (SNP),Jacqueline MCLAREN (SNP),Sandra WATSON (SNP),skipped,skipped,skipped,skipped,skipped,skipped,skipped,,10
3564,Allan GOW (SNP),Jacqueline MCLAREN (SNP),Sandra WATSON (SNP),skipped,skipped,skipped,skipped,skipped,skipped,skipped,,10
3565,Allan GOW (SNP),Jacqueline MCLAREN (SNP),Sandra WATSON (SNP),skipped,skipped,skipped,skipped,skipped,skipped,skipped,,10
3566,Allan GOW (SNP),Jacqueline MCLAREN (SNP),Sandra WATSON (SNP),skipped,skipped,skipped,skipped,skipped,skipped,skipped,,10
3567,Allan GOW (SNP),Jacqueline MCLAREN (SNP),Sandra WATSON (SNP),skipped,skipped,skipped,skipped,skipped,skipped,skipped,,10
3568,Allan GOW (SNP),Jacqueline MCLAREN (SNP),Sandra WATSON (SNP),skipped,skipped,skipped,skipped,skipped,skipped,skipped,,10
3569,Allan GOW (SNP),Jacqueline MCLAREN (SNP),Sandra WATSON (SNP),skipped,skipped,skipped,skipped,skipped,skipped,skipped,,10
3570,Allan GOW (SNP),Jacqueline MCLAREN (SNP),Sandra WATSON (SNP),skipped,skipped,skipped,skipped,skipped,skipped,skipped,,10
3571,Allan GOW (SNP),Jacqueline MCLAREN (SNP),Sandra WATSON (SNP),skipped,skipped,skipped,skipped,skipped,skipped,skipped,,10
3572,Allan GOW (SNP),Jacqueline MCLAREN (SNP),Sandra WATSON (SNP),skipped,skipped,skipped,skipped,skipped,skipped,skipped,,10
3573,Allan GOW (SNP),Jacqueline MCLAREN (SNP),Sandra WATSON (SNP),skipped,skipped,skipped,skipped,skipped,skipped,skipped,,10
3574,Allan GOW (SNP),Jacqueline MCLAREN (SNP),Sandra WATSON (SNP),skipped,skipped,skipped,skipped,skipped,skipped,skipped,,10
3575,Allan GOW (SNP),Jacqueline MCLAREN (SNP),Sandra WATSON (SNP),skipped,skipped,skipped,skipped,skipped,skipped,skipped,,10
3576,Allan GOW (SNP),Jacqueline MCLAREN (SNP),Sandra WATSON (SNP),skipped,skipped,skipped,skipped,skipped,skipped,skipped,,10
3577,Allan GOW (SNP),Jacqueline MCLAREN (SNP),Sandra WATSON (SNP),skipped,skipped,skipped,skipped,skipped,skipped,skipped,,10
3578,Allan GOW (SNP),Jacqueline MCLAREN (SNP),Sandra WATSON (SNP),skipped,skipped,skipped,skipped,skipped,skipped,skipped,,10
3579,Allan GOW (SNP),Jacqueline MCLAREN (SNP),Sandra WATSON (SNP),skipped,skipped,skipped,skipped,skipped,skipped,skipped,,10
3580,Allan GOW (SNP),Jacqueline MCLAREN (SNP),Sandra WATSON (SNP),skipped,skipped,skipped,skipped,skipped,skipped,skipped,,10
3581,Allan GOW (SNP),Jacqueline MCLAREN (SNP),Sandra WATSON (SNP),skipped,skipped,skipped,skipped,skipped,skipped,skipped,,10
3582,Allan GOW (SNP),Jacqueline MCLAREN (SNP),Sandra WATSON (SNP),skipped,skipped,skipped,skipped,skipped,skipped,skipped,,10
3583,Allan GOW (SNP),Jacqueline MCLAREN (SNP),Sandra WATSON (SNP),skipped,skipped,skipped,skipped,skipped,skipped,skipped,,10
3584,Allan GOW (SNP),Jacqueline MCLAREN (SNP),Sandra WATSON (SNP),skipped,skipped,skipped,skipped,skipped,skipped,skipped,,10
3585,Allan GOW (SNP),Jacqueline MCLAREN (SNP),Sandra WATSON (SNP),skipped,skipped,skipped,skipped,skipped,skipped,skipped,,10
3586,Allan GOW (SNP),Jacqueline MCLAREN (SNP),Sandra WATSON (SNP),skipped,skipped,skipped,skipped,skipped,skipped,skipped,,10
3587,Allan GOW (SNP),Jacqueline MCLAREN (SNP),Sandra WATSON (SNP),skipped,skipped,skipped,skipped,skipped,skipped,skipped,,10
3588,Allan GOW (SNP),Jacqueline MCLAREN (SNP),Sandra WATSON (SNP),skipped,skipped,skipped,skipped,skipped,skipped,skipped,,10
3589,Allan GOW (SNP),Jacqueline MCLAREN (SNP),Sandra WATSON (SNP),skipped,skipped,skipped,skipped,skipped,skipped,skipped,,10
3590,Allan GOW (SNP),Jacqueline MCLAREN (SNP),Sandra WATSON (SNP),skipped,skipped,skipped,skipped,skipped,skipped,skipped,,10
3591,Allan GOW (SNP),Jacqueline MCLAREN (SNP),Sandra WATSON (SNP),skipped,skipped,skipped,skipped,skipped,skipped,skipped,,10
3592,Allan GOW (SNP),Jacqueline MCLAREN (SNP),Sandra WATSON (SNP),skipped,skipped,skipped,skipped,skipped,skipped,skipped,,10
3593,Allan GOW (SNP),Jacqueline MCLAREN (SNP),Sandra WATSON (SNP),skipped,skipped,skipped,skipped,skipped,skipped,skipped,,10
3594,Allan GOW (SNP),Jacqueline MCLAREN (SNP),Sandra WATSON (SNP),skipped,skipped,skipped,skipped,skipped,skipped,skipped,,10
3595,Allan GOW (SNP),Jacqueline MCLAREN (SNP),Sandra WATSON (SNP),skipped,skipped,skipped,skipped,skipped,skipped,skipped,,10
3596,Allan GOW (SNP),Jacqueline MCLAREN (SNP),Sandra WATSON (SNP),skipped,skipped,skipped,skipped,skipped,skipped,skipped,,10
3597,Allan GOW (SNP),Jacqueline MCLAREN (SNP),Sandra WATSON (SNP),skipped,skipped,skipped,skipped,skipped,skipped,skipped,,10
3598,Allan GOW (SNP),Jacqueline MCLAREN (SNP),Sandra WATSON (SNP),skipped,skipped,skipped,skipped,skipped,skipped,skipped,,10
3599,Allan GOW (SNP),Jacqueline MCLAREN (SNP),Sandra WATSON (SNP),skipped,skipped,skipped,skipped,skipped,skipped,skipped,,10
3600,Allan GOW (SNP),Jacqueline MCLAREN (SNP),Sandra WATSON (SNP),skipped,skipped,skipped,skipped,skipped,skipped,skipped,,10
3601,Allan GOW (SNP),Jacqueline MCLAREN (SNP),Sandra WATSON (SNP),skipped,skipped,skipped,skipped,skipped,skipped,skipped,,10
3602,Allan GOW (SNP),Jacqueline MCLAREN (SNP),Sandra WATSON (SNP),skipped,skipped,skipped,skipped,skipped,skipped,skipped,,10
3603,Allan GOW (SNP),Jacqueline MCLAREN (SNP),Sandra WATSON (SNP),skipped,skipped,skipped,skipped,skipped,skipped,skipped,,10
3604,Allan GOW (SNP),Jacqueline MCLAREN (SNP),Sandra WATSON (SNP),skipped,skipped,skipped,skipped,skipped,skipped,skipped,,10
3605,Allan GOW (SNP),Jacqueline MCLAREN (SNP),Sandra WATSON (SNP),skipped,skipped,skipped,skipped,skipped,skipped,skipped,,10
3606,Allan GOW (SNP),Jacqueline MCLAREN (SNP),Sandra WATSON (SNP),skipped,skipped,skipped,skipped,skipped,skipped,skipped,,10
3607,Allan GOW (SNP),Jacqueline MCLAREN (SNP),Sandra WATSON (SNP),skipped,skipped,skipped,skipped,skipped,skipped,skipped,,10
3608,Allan GOW (SNP),Jacqueline MCLAREN (SNP),Sandra WATSON (SNP),skipped,skipped,skipped,skipped,skipped,skipped,skipped,,10
3609,Allan GOW (SNP),Jacqueline MCLAREN (SNP),Sandra WATSON (SNP),skipped,skipped,skipped,skipped,skipped,skipped,skipped,,10
3610,Allan GOW (SNP),Jacqueline MCLAREN (SNP),Sandra WATSON (SNP),skipped,skipped,skipped,skipped,skipped,skipped,skipped,,10
3611,Allan GOW (SNP),Jacqueline MCLAREN (SNP),Sandra WATSON (SNP),skipped,skipped,skipped,skipped,skipped,skipped,skipped,,10
3612,Allan GOW (SNP),Jacqueline MCLAREN (SNP),Sandra WATSON (SNP),skipped,skipped,skipped,skipped,skipped,skipped,skipped,,10
3613,Allan GOW (SNP),Jacqueline MCLAREN (SNP),Sandra WATSON (SNP),skipped,skipped,skipped,skipped,skipped,skipped,skipped,,10
3614,Allan GOW (SNP),Jacqueline MCLAREN (SNP),Sandra WATSON (SNP),skipped,skipped,skipped,skipped,skipped,skipped,skipped,,10
3615,Allan GOW (SNP),Jacqueline MCLAREN (SNP),Sandra WATSON (SNP),skipped,skipped,skipped,skipped,skipped,skipped,skipped,,10
3616,Allan GOW (SNP),Jacqueline MCLAREN (SNP),Sandra WATSON (SNP),skipped,skipped,skipped,skipped,skipped,skipped,skipped,,10
3617,Allan GOW (SNP),Jacqueline MCLAREN (SNP),Sandra WATSON (SNP),skipped,skipped,skipped,skipped,skipped,skipped,skipped,,10
3618,Allan GOW (SNP),Jacqueline MCLAREN (SNP),Sandra WATSON (SNP),skipped,skipped,skipped,skipped,skipped,skipped,skipped,,10
3619,Allan GOW (SNP),Jacqueline MCLAREN (SNP),Sandra WATSON (SNP),skipped,skipped,skipped,skipped,skipped,skipped,skipped,,10
3620,Allan GOW (SNP),Jacqueline MCLAREN (SNP),Sandra WATSON (SNP),skipped,skipped,skipped,skipped,skipped,skipped,skipped,,10
3621,Allan GOW (SNP),Jacqueline MCLAREN (SNP),Sandra WATSON (SNP),skipped,skipped,skipped,skipped,skipped,skipped,skipped,,10
3622,Allan GOW (SNP),Jacqueline MCLAREN (SNP),Sandra WATSON (SNP),skipped,skipped,skipped,skipped,skipped,skipped,skipped,,10
3623,Allan GOW (SNP),Jacqueline MCLAREN (SNP),Sandra WATSON (SNP),skipped,skipped,skipped,skipped,skipped,skipped,skipped,,10
3624,Allan GOW (SNP),Jacqueline MCLAREN (SNP),Sandra WATSON (SNP),skipped,skipped,skipped,skipped,skipped,skipped,skipped,,10
3625,Allan GOW (SNP),Jacqueline MCLAREN (SNP),Sandra WATSON (SNP),skipped,skipped,skipped,skipped,skipped,skipped,skipped,,10
3626,Allan GOW (SNP),Jacqueline MCLAREN (SNP),Sandra WATSON (SNP),skipped,skipped,skipped,skipped,skipped,skipped,skipped,,10
3627,Allan GOW (SNP),Jacqueline MCLAREN (SNP),Sandra WATSON (SNP),skipped,skipped,skipped,skipped,skipped,skipped,skipped,,10
3628,Allan GOW (SNP),Jacqueline MCLAREN (SNP),Sandra WATSON (SNP),skipped,skipped,skipped,skipped,skipped,skipped,skipped,,10
3629,Allan GOW (SNP),Jacqueline MCLAREN (SNP),Sandra WATSON (SNP),skipped,skipped,skipped,skipped,skipped,skipped,skipped,,10
3630,Allan GOW (SNP),Jacqueline MCLAREN (SNP),Sandra WATSON (SNP),skipped,skipped,skipped,skipped,skipped,skipped,skipped,,10
3631,Allan GOW (SNP),Jacqueline MCLAREN (SNP),Sandra WATSON (SNP),skipped,skipped,skipped,skipped,skipped,skipped,skipped,,10
3632,Allan GOW (SNP),Jacqueline MCLAREN (SNP),Sandra WATSON (SNP),skipped,skipped,skipped,skipped,skipped,skipped,skipped,,10
3633,Allan GOW (SNP),Jacqueline MCLAREN (SNP),Sandra WATSON (SNP),skipped,skipped,skipped,skipped,skipped,skipped,skipped,,10
3634,Allan GOW (SNP),Jacqueline MCLAREN (SNP),Sandra WATSON (SNP),skipped,skipped,skipped,skipped,skipped,skipped,skipped,,10
3635,Allan GOW (SNP),Jacqueline MCLAREN (SNP),Sandra WATSON (SNP),skipped,skipped,skipped,skipped,skipped,skipped,skipped,,10
3636,Allan GOW (SNP),Jacqueline MCLAREN (SNP),Sandra WATSON (SNP),skipped,skipped,skipped,skipped,skipped,skipped,skipped,,10
3637,Allan GOW (SNP),Jacqueline MCLAREN (SNP),Sandra WATSON (SNP),skipped,skipped,skipped,skipped,skipped,skipped,skipped,,10
3638,Allan GOW (SNP),Jacqueline MCLAREN (SNP),Sandra WATSON (SNP),skipped,skipped,skipped,skipped,skipped,skipped,skipped,,10
3639,Allan GOW (SNP),Jacqueline MCLAREN (SNP),Sandra WATSON (SNP),skipped,skipped,skipped,skipped,skipped,skipped,skipped,,10
3640,Allan GOW (SNP),Jacqueline MCLAREN (SNP),Sandra WATSON (SNP),skipped,skipped,skipped,skipped,skipped,skipped,skipped,,10
3641,Allan GOW (SNP),Jacqueline MCLAREN (SNP),Sandra WATSON (SNP),skipped,skipped,skipped,skipped,skipped,skipped,skipped,,10
3642,Allan GOW (SNP),Jacqueline MCLAREN (SNP),Sandra WATSON (SNP),skipped,skipped,skipped,skipped,skipped,skipped,skipped,,10
3643,Allan GOW (SNP),Jacqueline MCLAREN (SNP),Sandra WATSON (SNP),skipped,skipped,skipped,skipped,skipped,skipped,skipped,,10
3644,Allan GOW (SNP),Jacqueline MCLAREN (SNP),Sandra WATSON (SNP),skipped,skipped,skipped,skipped,skipped,skipped,skipped,,10
3645,Allan GOW (SNP),Jacqueline MCLAREN (SNP),Sandra WATSON (SNP),skipped,skipped,skipped,skipped,skipped,skipped,skipped,,10
3646,Allan GOW (SNP),Jacqueline MCLAREN (SNP),Sandra WATSON (SNP),skipped,skipped,skipped,skipped,skipped,skipped,skipped,,10
3647,Allan GOW (SNP),Jacqueline MCLAREN (SNP),Sandra WATSON (SNP),skipped,skipped,skipped,skipped,skipped,skipped,skipped,,10
3648,Allan GOW (SNP),Jacqueline MCLAREN (SNP),Sandra WATSON (SNP),skipped,skipped,skipped,skipped,skipped,skipped,skipped,,10
3649,Allan GOW (SNP),Jacqueline MCLAREN (SNP),Sandra WATSON (SNP),skipped,skipped,skipped,skipped,skipped,skipped,skipped,,10
3650,Allan GOW (SNP),Jacqueline MCLAREN (SNP),Sandra WATSON (SNP),skipped,skipped,skipped,skipped,skipped,skipped,skipped,,10
3651,Allan GOW (SNP),Jacqueline MCLAREN (SNP),Sandra WATSON (SNP),skipped,skipped,skipped,skipped,skipped,skipped,skipped,,10
3652,Allan GOW (SNP),Jacqueline MCLAREN (SNP),Sandra WATSON (SNP),skipped,skipped,skipped,skipped,skipped,skipped,skipped,,10
3653,Allan GOW (SNP),Jacqueline MCLAREN (SNP),Sandra WATSON (SNP),skipped,skipped,skipped,skipped,skipped,skipped,skipped,,10
3654,Allan GOW (SNP),Jacqueline MCLAREN (SNP),Sandra WATSON (SNP),skipped,skipped,skipped,skipped,skipped,skipped,skipped,,10
3655,Allan GOW (SNP),Jacqueline MCLAREN (SNP),Sandra WATSON (SNP),skipped,skipped,skipped,skipped,skipped,skipped,skipped,,10
3656,Allan GOW (SNP),Jacqueline MCLAREN (SNP),Sandra WATSON (SNP),skipped,skipped,skipped,skipped,skipped,skipped,skipped,,10
3657,Allan GOW (SNP),Jacqueline MCLAREN (SNP),Sandra WATSON (SNP),skipped,skipped,skipped,skipped,skipped,skipped,skipped,,10
3658,Allan GOW (SNP),Jacqueline MCLAREN (SNP),Sandra WATSON (SNP),skipped,skipped,skipped,skipped,skipped,skipped,skipped,,10
3659,Allan GOW (SNP),Jacqueline MCLAREN (SNP),Sandra WATSON (SNP),skipped,skipped,skipped,skipped,skipped,skipped,skipped,,10
3660,Allan GOW (SNP),Jacqueline MCLAREN (SNP),Sandra WATSON (SNP),skipped,skipped,skipped,skipped,skipped,skipped,skipped,,10
3661,Allan GOW (SNP),Jacqueline MCLAREN (SNP),Sandra WATSON (SNP),skipped,skipped,skipped,skipped,skipped,skipped,skipped,,10
3662,Allan GOW (SNP),Jacqueline MCLAREN (SNP),Sandra WATSON (SNP),skipped,skipped,skipped,skipped,skipped,skipped,skipped,,10
3663,Allan GOW (SNP),Jacqueline MCLAREN (SNP),Sandra WATSON (SNP),skipped,skipped,skipped,skipped,skipped,skipped,skipped,,10
3664,Allan GOW (SNP),Jacqueline MCLAREN (SNP),Sandra WATSON (SNP),skipped,skipped,skipped,skipped,skipped,skipped,skipped,,10
3665,Allan GOW (SNP),Jacqueline MCLAREN (SNP),Sandra WATSON (SNP),skipped,skipped,skipped,skipped,skipped,skipped,skipped,,10
3666,Allan GOW (SNP),Jacqueline MCLAREN (SNP),Sandra WATSON (SNP),skipped,skipped,skipped,skipped,skipped,skipped,skipped,,10
3667,Allan GOW (SNP),Jacqueline MCLAREN (SNP),Sandra WATSON (SNP),skipped,skipped,skipped,skipped,skipped,skipped,skipped,,10
3668,Allan GOW (SNP),Jacqueline MCLAREN (SNP),Sandra WATSON (SNP),skipped,skipped,skipped,skipped,skipped,skipped,skipped,,10
3669,Allan GOW (SNP),Jacqueline MCLAREN (SNP),Sandra WATSON (SNP),skipped,skipped,skipped,skipped,skipped,skipped,skipped,,10
3670,Allan GOW (SNP),Jacqueline MCLAREN (SNP),Sandra WATSON (SNP),skipped,skipped,skipped,skipped,skipped,skipped,skipped,,10
3671,Allan GOW (SNP),Jacqueline MCLAREN (SNP),Sandra WATSON (SNP),skipped,skipped,skipped,skipped,skipped,skipped,skipped,,10
3672,Allan GOW (SNP),Jacqueline MCLAREN (SNP),Sandra WATSON (SNP),skipped,skipped,skipped,skipped,skipped,skipped,skipped,,10
3673,Allan GOW (SNP),Jacqueline MCLAREN (SNP),Sandra WATSON (SNP),skipped,skipped,skipped,skipped,skipped,skipped,skipped,,10
3674,Allan GOW (SNP),Jacqueline MCLAREN (SNP),Sandra WATSON (SNP),skipped,skipped,skipped,skipped,skipped,skipped,skipped,,10
3675,Allan GOW (SNP),Jacqueline MCLAREN (SNP),Sandra WATSON (SNP),skipped,skipped,skipped,skipped,skipped,skipped,skipped,,10
3676,Allan GOW (SNP),Jacqueline MCLAREN (SNP),Sandra WATSON (SNP),skipped,skipped,skipped,skipped,skipped,skipped,skipped,,10
3677,Allan GOW (SNP),Jacqueline MCLAREN (SNP),Sandra WATSON (SNP),skipped,skipped,skipped,skipped,skipped,skipped,skipped,,10
3678,Allan GOW (SNP),Jacqueline MCLAREN (SNP),Sandra WATSON (SNP),skipped,skipped,skipped,skipped,skipped,skipped,skipped,,10
3679,Allan GOW (SNP),Jacqueline MCLAREN (SNP),Sandra WATSON (SNP),skipped,skipped,skipped,skipped,skipped,skipped,skipped,,10
3680,Allan GOW (SNP),Jacqueline MCLAREN (SNP),Sandra WATSON (SNP),skipped,skipped,skipped,skipped,skipped,skipped,skipped,,10
3681,Allan GOW (SNP),Jacqueline MCLAREN (SNP),Sandra WATSON (SNP),skipped,skipped,skipped,skipped,skipped,skipped,skipped,,10
3682,Allan GOW (SNP),Jacqueline MCLAREN (SNP),Sandra WATSON (SNP),skipped,skipped,skipped,skipped,skipped,skipped,skipped,,10
3683,Allan GOW (SNP),Jacqueline MCLAREN (SNP),Sandra WATSON (SNP),skipped,skipped,skipped,skipped,skipped,skipped,skipped,,10
3684,Allan GOW (SNP),Jacqueline MCLAREN (SNP),Sandra WATSON (SNP),skipped,skipped,skipped,skipped,skipped,skipped,skipped,,10
3685,Allan GOW (SNP),Jacqueline MCLAREN (SNP),Sandra WATSON (SNP),skipped,skipped,skipped,skipped,skipped,skipped,skipped,,10
3686,Allan GOW (SNP),Jacqueline MCLAREN (SNP),Sandra WATSON (SNP),skipped,skipped,skipped,skipped,skipped,skipped,skipped,,10
3687,Allan GOW (SNP),Jacqueline MCLAREN (SNP),Sandra WATSON (SNP),skipped,skipped,skipped,skipped,skipped,skipped,skipped,,10
3688,Allan GOW (SNP),Jacqueline MCLAREN (SNP),Sandra WATSON (SNP),skipped,skipped,skipped,skipped,skipped,skipped,skipped,,10
3689,Allan GOW (SNP),Jacqueline MCLAREN (SNP),Sandra WATSON (SNP),skipped,skipped,skipped,skipped,skipped,skipped,skipped,,10
3690,Allan GOW (SNP),Jacqueline MCLAREN (SNP),Sandra WATSON (SNP),skipped,skipped,skipped,skipped,skipped,skipped,skipped,,10
3691,Allan GOW (SNP),Jacqueline MCLAREN (SNP),Sandra WATSON (SNP),skipped,skipped,skipped,skipped,skipped,skipped,skipped,,10
3692,Allan GOW (SNP),Jacqueline MCLAREN (SNP),Sandra WATSON (SNP),skipped,skipped,skipped,skipped,skipped,skipped,skipped,,10
3693,Allan GOW (SNP),Jacqueline MCLAREN (SNP),Sandra WATSON (SNP),skipped,skipped,skipped,skipped,skipped,skipped,skipped,,10
3694,Allan GOW (SNP),Jacqueline MCLAREN (SNP),Sandra WATSON (SNP),skipped,skipped,skipped,skipped,skipped,skipped,skipped,,10
3695,Allan GOW (SNP),Jacqueline MCLAREN (SNP),Sandra WATSON (SNP),skipped,skipped,skipped,skipped,skipped,skipped,skipped,,10
3696,Allan GOW (SNP),Jacqueline MCLAREN (SNP),Sandra WATSON (SNP),skipped,skipped,skipped,skipped,skipped,skipped,skipped,,10
3697,Allan GOW (SNP),Jacqueline MCLAREN (SNP),Sandra WATSON (SNP),skipped,skipped,skipped,skipped,skipped,skipped,skipped,,10
3698,Allan GOW (SNP),Jacqueline MCLAREN (SNP),Sandra WATSON (SNP),skipped,skipped,skipped,skipped,skipped,skipped,skipped,,10
3699,Allan GOW (SNP),Jacqueline MCLAREN (SNP),Sandra WATSON (SNP),skipped,skipped,skipped,skipped,skipped,skipped,skipped,,10
3700,Allan GOW (SNP),Jacqueline MCLAREN (SNP),Sandra WATSON (SNP),skipped,skipped,skipped,skipped,skipped,skipped,skipped,,10
3701,Allan GOW (SNP),Jacqueline MCLAREN (SNP),Sandra WATSON (SNP),skipped,skipped,skipped,skipped,skipped,skipped,skipped,,10
3702,Allan GOW (SNP),Jacqueline MCLAREN (SNP),Sandra WATSON (SNP),skipped,skipped,skipped,skipped,skipped,skipped,skipped,,10
3703,Allan GOW (SNP),Jacqueline MCLAREN (SNP),Sandra WATSON (SNP),skipped,skipped,skipped,skipped,skipped,skipped,skipped,,10
3704,Allan GOW (SNP),Jacqueline MCLAREN (SNP),Sandra WATSON (SNP),skipped,skipped,skipped,skipped,skipped,skipped,skipped,,10
3705,Allan GOW (SNP),Jacqueline MCLAREN (SNP),Sandra WATSON (SNP),skipped,skipped,skipped,skipped,skipped,skipped,skipped,,10
3706,Allan GOW (SNP),Jacqueline MCLAREN (SNP),Sandra WATSON (SNP),skipped,skipped,skipped,skipped,skipped,skipped,skipped,,10
3707,Allan GOW (SNP),Jacqueline MCLAREN (SNP),Sandra WATSON (SNP),skipped,skipped,skipped,skipped,skipped,skipped,skipped,,10
3708,Allan GOW (SNP),Jacqueline MCLAREN (SNP),Sandra WATSON (SNP),skipped,skipped,skipped,skipped,skipped,skipped,skipped,,10
3709,Allan GOW (SNP),Jacqueline MCLAREN (SNP),Sandra WATSON (SNP),skipped,skipped,skipped,skipped,skipped,skipped,skipped,,10
3710,Allan GOW (SNP),Jacqueline MCLAREN (SNP),Sandra WATSON (SNP),skipped,skipped,skipped,skipped,skipped,skipped,skipped,,10
3711,Allan GOW (SNP),Jacqueline MCLAREN (SNP),Sandra WATSON (SNP),skipped,skipped,skipped,skipped,skipped,skipped,skipped,,10
3712,Allan GOW (SNP),Jacqueline MCLAREN (SNP),Sandra WATSON (SNP),skipped,skipped,skipped,skipped,skipped,skipped,skipped,,10
3713,Allan GOW (SNP),Jacqueline MCLAREN (SNP),Sandra WATSON (SNP),skipped,skipped,skipped,skipped,skipped,skipped,skipped,,10
3714,Allan GOW (SNP),Jacqueline MCLAREN (SNP),Sandra WATSON (SNP),skipped,skipped,skipped,skipped,skipped,skipped,skipped,,10
3715,Allan GOW (SNP),Jacqueline MCLAREN (SNP),Sandra WATSON (SNP),skipped,skipped,skipped,skipped,skipped,skipped,skipped,,10
3716,Allan GOW (SNP),Jacqueline MCLAREN (SNP),Sandra WATSON (SNP),skipped,skipped,skipped,skipped,skipped,skipped,skipped,,10
3717,Allan GOW (SNP),Jacqueline MCLAREN (SNP),Sandra WATSON (SNP),skipped,skipped,skipped,skipped,skipped,skipped,skipped,,10
3718,Allan GOW (SNP),Jacqueline MCLAREN (SNP),Sandra WATSON (SNP),skipped,skipped,skipped,skipped,skipped,skipped,skipped,,10
3719,Allan GOW (SNP),Jacqueline MCLAREN (SNP),Sandra WATSON (SNP),skipped,skipped,skipped,skipped,skipped,skipped,skipped,,10
3720,Allan GOW (SNP),Jacqueline MCLAREN (SNP),Sandra WATSON (SNP),skipped,skipped,skipped,skipped,skipped,skipped,skipped,,10
3721,Allan GOW (SNP),Jacqueline MCLAREN (SNP),Sandra WATSON (SNP),skipped,skipped,skipped,skipped,skipped,skipped,skipped,,10
3722,Allan GOW (SNP),Jacqueline MCLAREN (SNP),Sandra WATSON (SNP),skipped,skipped,skipped,skipped,skipped,skipped,skipped,,10
3723,Allan GOW (SNP),Jacqueline MCLAREN (SNP),Sandra WATSON (SNP),skipped,skipped,skipped,skipped,skipped,skipped,skipped,,10
3724,Allan GOW (SNP),Jacqueline MCLAREN (SNP),Sandra WATSON (SNP),skipped,skipped,skipped,skipped,skipped,skipped,skipped,,10
3725,Allan GOW (SNP),Jacqueline MCLAREN (SNP),Sandra WATSON (SNP),skipped,skipped,skipped,skipped,skipped,skipped,skipped,,10
3726,Allan GOW (SNP),Jacqueline MCLAREN (SNP),Sandra WATSON (SNP),skipped,skipped,skipped,skipped,skipped,skipped,skipped,,10
3727,Allan GOW (SNP),Jacqueline MCLAREN (SNP),Sandra WATSON (SNP),skipped,skipped,skipped,skipped,skipped,skipped,skipped,,10
3728,Allan GOW (SNP),Jacqueline MCLAREN (SNP),Sandra WATSON (SNP),skipped,skipped,skipped,skipped,skipped,skipped,skipped,,10
3729,Allan GOW (SNP),Jacqueline MCLAREN (SNP),Sandra WATSON (SNP),skipped,skipped,skipped,skipped,skipped,skipped,skipped,,10
3730,Allan GOW (SNP),Jacqueline MCLAREN (SNP),Sandra WATSON (SNP),skipped,skipped,skipped,skipped,skipped,skipped,skipped,,10
3731,Allan GOW (SNP),Jacqueline MCLAREN (SNP),Sandra WATSON (SNP),skipped,skipped,skipped,skipped,skipped,skipped,skipped,,10
3732,Allan GOW (SNP),Jacqueline MCLAREN (SNP),Sandra WATSON (SNP),skipped,skipped,skipped,skipped,skipped,skipped,skipped,,10
3733,Allan GOW (SNP),Jacqueline MCLAREN (SNP),Sandra WATSON (SNP),skipped,skipped,skipped,skipped,skipped,skipped,skipped,,10
3734,Allan GOW (SNP),Jacqueline MCLAREN (SNP),Sandra WATSON (SNP),skipped,skipped,skipped,skipped,skipped,skipped,skipped,,10
3735,Allan GOW (SNP),Jacqueline MCLAREN (SNP),Sandra WATSON (SNP),skipped,skipped,skipped,skipped,skipped,skipped,skipped,,10
3736,Allan GOW (SNP),Jacqueline MCLAREN (SNP),Sandra WATSON (SNP),skipped,skipped,skipped,skipped,skipped,skipped,skipped,,10
3737,Allan GOW (SNP),Jacqueline MCLAREN (SNP),Sandra WATSON (SNP),skipped,skipped,skipped,skipped,skipped,skipped,skipped,,10
3738,Allan GOW (SNP),Jacqueline MCLAREN (SNP),Sandra WATSON (SNP),skipped,skipped,skipped,skipped,skipped,skipped,skipped,,10
3739,Allan GOW (SNP),Jacqueline MCLAREN (SNP),Sandra WATSON (SNP),skipped,skipped,skipped,skipped,skipped,skipped,skipped,,10
3740,Allan GOW (SNP),Jacqueline MCLAREN (SNP),Sandra WATSON (SNP),skipped,skipped,skipped,skipped,skipped,skipped,skipped,,10
3741,Allan GOW (SNP),Jacqueline MCLAREN (SNP),Sandra WATSON (SNP),skipped,skipped,skipped,skipped,skipped,skipped,skipped,,10
3742,Allan GOW (SNP),Jacqueline MCLAREN (SNP),Sandra WATSON (SNP),skipped,skipped,skipped,skipped,skipped,skipped,skipped,,10
3743,Allan GOW (SNP),Jacqueline MCLAREN (SNP),Sandra WATSON (SNP),skipped,skipped,skipped,skipped,skipped,skipped,skipped,,10
3744,Allan GOW (SNP),Jacqueline MCLAREN (SNP),Sandra WATSON (SNP),skipped,skipped,skipped,skipped,skipped,skipped,skipped,,10
3745,Allan GOW (SNP),Jacqueline MCLAREN (SNP),Sandra WATSON (SNP),skipped,skipped,skipped,skipped,skipped,skipped,skipped,,10
3746,Allan GOW (SNP),Jacqueline MCLAREN (SNP),Sandra WATSON (SNP),skipped,skipped,skipped,skipped,skipped,skipped,skipped,,10
3747,Allan GOW (SNP),Jacqueline MCLAREN (SNP),Sandra WATSON (SNP),skipped,skipped,skipped,skipped,skipped,skipped,skipped,,10
3748,Allan GOW (SNP),Jacqueline MCLAREN (SNP),Sandra WATSON (SNP),skipped,skipped,skipped,skipped,skipped,skipped,skipped,,10
3749,Allan GOW (SNP),Jacqueline MCLAREN (SNP),Sandra WATSON (SNP),skipped,skipped,skipped,skipped,skipped,skipped,skipped,,10
3750,Allan GOW (SNP),Jacqueline MCLAREN (SNP),Sandra WATSON (SNP),skipped,skipped,skipped,skipped,skipped,skipped,skipped,,10
3751,Allan GOW (SNP),Jacqueline MCLAREN (SNP),Sandra WATSON (SNP),skipped,skipped,skipped,skipped,skipped,skipped,skipped,,10
3752,Allan GOW (SNP),Jacqueline MCLAREN (SNP),Sandra WATSON (SNP),skipped,skipped,skipped,skipped,skipped,skipped,skipped,,10
3753,Allan GOW (SNP),Jacqueline MCLAREN (SNP),Sandra WATSON (SNP),skipped,skipped,skipped,skipped,skipped,skipped,skipped,,10
3754,Allan GOW (SNP),Jacqueline MCLAREN (SNP),Sandra WATSON (SNP),skipped,skipped,skipped,skipped,skipped,skipped,skipped,,10
3755,Allan GOW (SNP),Jacqueline MCLAREN (SNP),Sandra WATSON (SNP),skipped,skipped,skipped,skipped,skipped,skipped,skipped,,10
3756,Allan GOW (SNP),Jacqueline MCLAREN (SNP),Sandra WATSON (SNP),skipped,skipped,skipped,skipped,skipped,skipped,skipped,,10
3757,Allan GOW (SNP),Jacqueline MCLAREN (SNP),Sandra WATSON (SNP),skipped,skipped,skipped,skipped,skipped,skipped,skipped,,10
3758,Allan GOW (SNP),Jacqueline MCLAREN (SNP),Sandra WATSON (SNP),skipped,skipped,skipped,skipped,skipped,skipped,skipped,,10
3759,Allan GOW (SNP),Jacqueline MCLAREN (SNP),Sandra WATSON (SNP),skipped,skipped,skipped,skipped,skipped,skipped,skipped,,10
3760,Allan GOW (SNP),Jacqueline MCLAREN (SNP),Sandra WATSON (SNP),skipped,skipped,skipped,skipped,skipped,skipped,skipped,,10
3761,Allan GOW (SNP),Jacqueline MCLAREN (SNP),Sandra WATSON (SNP),skipped,skipped,skipped,skipped,skipped,skipped,skipped,,10
3762,Allan GOW (SNP),Jacqueline MCLAREN (SNP),Sandra WATSON (SNP),skipped,skipped,skipped,skipped,skipped,skipped,skipped,,10
3763,Allan GOW (SNP),Jacqueline MCLAREN (SNP),Sandra WATSON (SNP),skipped,skipped,skipped,skipped,skipped,skipped,skipped,,10
3764,Allan GOW (SNP),Jacqueline MCLAREN (SNP),Sandra WATSON (SNP),skipped,skipped,skipped,skipped,skipped,skipped,skipped,,10
3765,Allan GOW (SNP),Jacqueline MCLAREN (SNP),Sandra WATSON (SNP),skipped,skipped,skipped,skipped,skipped,skipped,skipped,,10
3766,Allan GOW (SNP),Jacqueline MCLAREN (SNP),Sandra WATSON (SNP),skipped,skipped,skipped,skipped,skipped,skipped,skipped,,10
3767,Allan GOW (SNP),Jacqueline MCLAREN (SNP),Sandra WATSON (SNP),skipped,skipped,skipped,skipped,skipped,skipped,skipped,,10
3768,Allan GOW (SNP),Jacqueline MCLAREN (SNP),Sandra WATSON (SNP),skipped,skipped,skipped,skipped,skipped,skipped,skipped,,10
3769,Allan GOW (SNP),Jacqueline MCLAREN (SNP),Sandra WATSON (SNP),skipped,skipped,skipped,skipped,skipped,skipped,skipped,,10
3770,Allan GOW (SNP),Jacqueline MCLAREN (SNP),Sandra WATSON (SNP),skipped,skipped,skipped,skipped,skipped,skipped,skipped,,10
3771,Allan GOW (SNP),Jacqueline MCLAREN (SNP),Sandra WATSON (SNP),skipped,skipped,skipped,skipped,skipped,skipped,skipped,,10
3772,Allan GOW (SNP),Jacqueline MCLAREN (SNP),Sandra WATSON (SNP),skipped,skipped,skipped,skipped,skipped,skipped,skipped,,10
3773,Allan GOW (SNP),Jacqueline MCLAREN (SNP),Sandra WATSON (SNP),skipped,skipped,skipped,skipped,skipped,skipped,skipped,,10
3774,Allan GOW (SNP),Jacqueline MCLAREN (SNP),Sandra WATSON (SNP),skipped,skipped,skipped,skipped,skipped,skipped,skipped,,10
3775,Allan GOW (SNP),Jacqueline MCLAREN (SNP),Sandra WATSON (SNP),skipped,skipped,skipped,skipped,skipped,skipped,skipped,,10
3776,Allan GOW (SNP),Jacqueline MCLAREN (SNP),Sandra WATSON (SNP),skipped,skipped,skipped,skipped,skipped,skipped,skipped,,10
3777,Allan GOW (SNP),Jacqueline MCLAREN (SNP),Sandra WATSON (SNP),skipped,skipped,skipped,skipped,skipped,skipped,skipped,,10
3778,Allan GOW (SNP),Jacqueline MCLAREN (SNP),Sandra WATSON (SNP),skipped,skipped,skipped,skipped,skipped,skipped,skipped,,10
3779,Allan GOW (SNP),Jacqueline MCLAREN (SNP),Sandra WATSON (SNP),skipped,skipped,skipped,skipped,skipped,skipped,skipped,,10
3780,Allan GOW (SNP),Jacqueline MCLAREN (SNP),Sandra WATSON (SNP),skipped,skipped,skipped,skipped,skipped,skipped,skipped,,10
3781,Allan GOW (SNP),Jacqueline MCLAREN (SNP),Sandra WATSON (SNP),skipped,skipped,skipped,skipped,skipped,skipped,skipped,,10
3782,Allan GOW (SNP),Jacqueline MCLAREN (SNP),Sandra WATSON (SNP),skipped,skipped,skipped,skipped,skipped,skipped,skipped,,10
3783,Allan GOW (SNP),Jacqueline MCLAREN (SNP),Sandra WATSON (SNP),skipped,skipped,skipped,skipped,skipped,skipped,skipped,,10
3784,Allan GOW (SNP),Jacqueline MCLAREN (SNP),Sandra WATSON (SNP),skipped,skipped,skipped,skipped,skipped,skipped,skipped,,10
3785,Allan GOW (SNP),Jacqueline MCLAREN (SNP),Sandra WATSON (SNP),skipped,skipped,skipped,skipped,skipped,skipped,skipped,,10
3786,Allan GOW (SNP),Jacqueline MCLAREN (SNP),Sandra WATSON (SNP),skipped,skipped,skipped,skipped,skipped,skipped,skipped,,10
3787,Allan GOW (SNP),Jacqueline MCLAREN (SNP),Sandra WATSON (SNP),skipped,skipped,skipped,skipped,skipped,skipped,skipped,,10
3788,Allan GOW (SNP),Jacqueline MCLAREN (SNP),Sandra WATSON (SNP),skipped,skipped,skipped,skipped,skipped,skipped,skipped,,10
3789,Allan GOW (SNP),Jacqueline MCLAREN (SNP),Sandra WATSON (SNP),skipped,skipped,skipped,skipped,skipped,skipped,skipped,,10
3790,Allan GOW (SNP),Jacqueline MCLAREN (SNP),Sandra WATSON (SNP),skipped,skipped,skipped,skipped,skipped,skipped,skipped,,10
3791,Allan GOW (SNP),Jacqueline MCLAREN (SNP),Sandra WATSON (SNP),skipped,skipped,skipped,skipped,skipped,skipped,skipped,,10
3792,Allan GOW (SNP),Jacqueline MCLAREN (SNP),Sandra WATSON (SNP),skipped,skipped,skipped,skipped,skipped,skipped,skipped,,10
3793,Allan GOW (SNP),Jacqueline MCLAREN (SNP),Sandra WATSON (SNP),skipped,skipped,skipped,skipped,skipped,skipped,skipped,,10
3794,Allan GOW (SNP),Jacqueline MCLAREN (SNP),Sandra WATSON (SNP),skipped,skipped,skipped,skipped,skipped,skipped,skipped,,10
3795,Allan GOW (SNP),Jacqueline MCLAREN (SNP),Sandra WATSON (SNP),skipped,skipped,skipped,skipped,skipped,skipped,skipped,,10
3796,Allan GOW (SNP),Jacqueline MCLAREN (SNP),Sandra WATSON (SNP),skipped,skipped,skipped,skipped,skipped,skipped,skipped,,10
3797,Allan GOW (SNP),Jacqueline MCLAREN (SNP),Sandra WATSON (SNP),skipped,skipped,skipped,skipped,skipped,skipped,skipped,,10
3798,Allan GOW (SNP),Jacqueline MCLAREN (SNP),Sandra WATSON (SNP),skipped,skipped,skipped,skipped,skipped,skipped,skipped,,10
3799,Allan GOW (SNP),Jacqueline MCLAREN (SNP),Sandra WATSON (SNP),skipped,skipped,skipped,skipped,skipped,skipped,skipped,,10
3800,Allan GOW (SNP),Jacqueline MCLAREN (SNP),Sandra WATSON (SNP),skipped,skipped,skipped,skipped,skipped,skipped,skipped,,10
3801,Allan GOW (SNP),Jacqueline MCLAREN (SNP),Sandra WATSON (SNP),skipped,skipped,skipped,skipped,skipped,skipped,skipped,,10
3802,Allan GOW (SNP),Jacqueline MCLAREN (SNP),Sandra WATSON (SNP),skipped,skipped,skipped,skipped,skipped,skipped,skipped,,10
3803,Allan GOW (SNP),Jacqueline MCLAREN (SNP),Sandra WATSON (SNP),skipped,skipped,skipped,skipped,skipped,skipped,skipped,,10
3804,Allan GOW (SNP),Jacqueline MCLAREN (SNP),Sandra WATSON (SNP),skipped,skipped,skipped,skipped,skipped,skipped,skipped,,10
3805,Allan GOW (SNP),Jacqueline MCLAREN (SNP),Sandra WATSON (SNP),skipped,skipped,skipped,skipped,skipped,skipped,skipped,,10
3806,Allan GOW (SNP),Jacqueline MCLAREN (SNP),Sandra WATSON (SNP),skipped,skipped,skipped,skipped,skipped,skipped,skipped,,10
3807,Allan GOW (SNP),Jacqueline MCLAREN (SNP),Sandra WATSON (SNP),skipped,skipped,skipped,skipped,skipped,skipped,skipped,,10
3808,Allan GOW (SNP),Jacqueline MCLAREN (SNP),Sandra WATSON (SNP),skipped,skipped,skipped,skipped,skipped,skipped,skipped,,10
3809,Allan GOW (SNP),Jacqueline MCLAREN (SNP),Sandra WATSON (SNP),skipped,skipped,skipped,skipped,skipped,skipped,skipped,,10
3810,Allan GOW (SNP),Jacqueline MCLAREN (SNP),Sandra WATSON (SNP),skipped,skipped,skipped,skipped,skipped,skipped,skipped,,10
3811,Allan GOW (SNP),Jacqueline MCLAREN (SNP),Sandra WATSON (SNP),skipped,skipped,skipped,skipped,skipped,skipped,skipped,,10
3812,Allan GOW (SNP),Jacqueline MCLAREN (SNP),Sandra WATSON (SNP),skipped,skipped,skipped,skipped,skipped,skipped,skipped,,10
3813,Allan GOW (SNP),Jacqueline MCLAREN (SNP),Sandra WATSON (SNP),skipped,skipped,skipped,skipped,skipped,skipped,skipped,,10
3814,Allan GOW (SNP),Jacqueline MCLAREN (SNP),Sandra WATSON (SNP),skipped,skipped,skipped,skipped,skipped,skipped,skipped,,10
3815,Allan GOW (SNP),Jacqueline MCLAREN (SNP),Sandra WATSON (SNP),skipped,skipped,skipped,skipped,skipped,skipped,skipped,,10
3816,Allan GOW (SNP),Jacqueline MCLAREN (SNP),Sandra WATSON (SNP),skipped,skipped,skipped,skipped,skipped,skipped,skipped,,10
3817,Allan GOW (SNP),Jacqueline MCLAREN (SNP),Sandra WATSON (SNP),skipped,skipped,skipped,skipped,skipped,skipped,skipped,,10
3818,Allan GOW (SNP),Jacqueline MCLAREN (SNP),Sandra WATSON (SNP),skipped,skipped,skipped,skipped,skipped,skipped,skipped,,10
3819,Allan GOW (SNP),Jacqueline MCLAREN (SNP),Sandra WATSON (SNP),skipped,skipped,skipped,skipped,skipped,skipped,skipped,,10
3820,Allan GOW (SNP),Jacqueline MCLAREN (SNP),Sandra WATSON (SNP),skipped,skipped,skipped,skipped,skipped,skipped,skipped,,10
3821,Allan GOW (SNP),Jacqueline MCLAREN (SNP),Sandra WATSON (SNP),skipped,skipped,skipped,skipped,skipped,skipped,skipped,,10
3822,Allan GOW (SNP),Jacqueline MCLAREN (SNP),Sandra WATSON (SNP),skipped,skipped,skipped,skipped,skipped,skipped,skipped,,10
3823,Allan GOW (SNP),Jacqueline MCLAREN (SNP),Sandra WATSON (SNP),skipped,skipped,skipped,skipped,skipped,skipped,skipped,,10
3824,Allan GOW (SNP),Jacqueline MCLAREN (SNP),Sandra WATSON (SNP),skipped,skipped,skipped,skipped,skipped,skipped,skipped,,10
3825,Allan GOW (SNP),Jacqueline MCLAREN (SNP),Sandra WATSON (SNP),skipped,skipped,skipped,skipped,skipped,skipped,skipped,,10
3826,Allan GOW (SNP),Jacqueline MCLAREN (SNP),Sandra WATSON (SNP),skipped,skipped,skipped,skipped,skipped,skipped,skipped,,10
3827,Allan GOW (SNP),Jacqueline MCLAREN (SNP),Sandra WATSON (SNP),skipped,skipped,skipped,skipped,skipped,skipped,skipped,,10
3828,Allan GOW (SNP),Jacqueline MCLAREN (SNP),Sandra WATSON (SNP),skipped,skipped,skipped,skipped,skipped,skipped,skipped,,10
3829,Allan GOW (SNP),Jacqueline MCLAREN (SNP),Sandra WATSON (SNP),skipped,skipped,skipped,skipped,skipped,skipped,skipped,,10
3830,Allan GOW (SNP),Jacqueline MCLAREN (SNP),Sandra WATSON (SNP),skipped,skipped,skipped,skipped,skipped,skipped,skipped,,10
3831,Allan GOW (SNP),Jacqueline MCLAREN (SNP),Sandra WATSON (SNP),skipped,skipped,skipped,skipped,skipped,skipped,skipped,,10
3832,Allan GOW (SNP),Jacqueline MCLAREN (SNP),Sandra WATSON (SNP),skipped,skipped,skipped,skipped,skipped,skipped,skipped,,10
3833,Allan GOW (SNP),Jacqueline MCLAREN (SNP),Sandra WATSON (SNP),skipped,skipped,skipped,skipped,skipped,skipped,skipped,,10
3834,Allan GOW (SNP),Jacqueline MCLAREN (SNP),Sandra WATSON (SNP),skipped,skipped,skipped,skipped,skipped,skipped,skipped,,10
3835,Allan GOW (SNP),Jacqueline MCLAREN (SNP),Sandra WATSON (SNP),skipped,skipped,skipped,skipped,skipped,skipped,skipped,,10
3836,Allan GOW (SNP),Jacqueline MCLAREN (SNP),Sandra WATSON (SNP),skipped,skipped,skipped,skipped,skipped,skipped,skipped,,10
3837,Allan GOW (SNP),Jacqueline MCLAREN (SNP),Sandra WATSON (SNP),skipped,skipped,skipped,skipped,skipped,skipped,skipped,,10
3838,Allan GOW (SNP),Jacqueline MCLAREN (SNP),Sandra WATSON (SNP),skipped,skipped,skipped,skipped,skipped,skipped,skipped,,10
3839,Allan GOW (SNP),Jacqueline MCLAREN (SNP),Sandra WATSON (SNP),skipped,skipped,skipped,skipped,skipped,skipped,skipped,,10
3840,Allan GOW (SNP),Jacqueline MCLAREN (SNP),Sandra WATSON (SNP),skipped,skipped,skipped,skipped,skipped,skipped,skipped,,10
3841,Allan GOW (SNP),Jacqueline MCLAREN (SNP),Sandra WATSON (SNP),skipped,skipped,skipped,skipped,skipped,skipped,skipped,,10
3842,Allan GOW (SNP),Jacqueline MCLAREN (SNP),Sandra WATSON (SNP),skipped,skipped,skipped,skipped,skipped,skipped,skipped,,10
3843,Allan GOW (SNP),Jacqueline MCLAREN (SNP),Sandra WATSON (SNP),skipped,skipped,skipped,skipped,skipped,skipped,skipped,,10
3844,Allan GOW (SNP),Jacqueline MCLAREN (SNP),Sandra WATSON (SNP),skipped,skipped,skipped,skipped,skipped,skipped,skipped,,10
3845,Allan GOW (SNP),Jacqueline MCLAREN (SNP),Sandra WATSON (SNP),skipped,skipped,skipped,skipped,skipped,skipped,skipped,,10
3846,Allan GOW (SNP),Jacqueline MCLAREN (SNP),Sandra WATSON (SNP),skipped,skipped,skipped,skipped,skipped,skipped,skipped,,10
3847,Allan GOW (SNP),Jacqueline MCLAREN (SNP),Sandra WATSON (SNP),skipped,skipped,skipped,skipped,skipped,skipped,skipped,,10
3848,Allan GOW (SNP),Jacqueline MCLAREN (SNP),Sandra WATSON (SNP),skipped,skipped,skipped,skipped,skipped,skipped,skipped,,10
3849,Allan GOW (SNP),Jacqueline MCLAREN (SNP),Sandra WATSON (SNP),skipped,skipped,skipped,skipped,skipped,skipped,skipped,,10
3850,Allan GOW (SNP),Jacqueline MCLAREN (SNP),Sandra WATSON (SNP),skipped,skipped,skipped,skipped,skipped,skipped,skipped,,10
3851,Allan GOW (SNP),Jacqueline MCLAREN (SNP),Sandra WATSON (SNP),skipped,skipped,skipped,skipped,skipped,skipped,skipped,,10
3852,Allan GOW (SNP),Jacqueline MCLAREN (SNP),Sandra WATSON (SNP),skipped,skipped,skipped,skipped,skipped,skipped,skipped,,10
3853,Allan GOW (SNP),Jacqueline MCLAREN (SNP),Sandra WATSON (SNP),skipped,skipped,skipped,skipped,skipped,skipped,skipped,,10
3854,Allan GOW (SNP),Jacqueline MCLAREN (SNP),Sandra WATSON (SNP),skipped,skipped,skipped,skipped,skipped,skipped,skipped,,10
3855,Allan GOW (SNP),Jacqueline MCLAREN (SNP),Sandra WATSON (SNP),skipped,skipped,skipped,skipped,skipped,skipped,skipped,,10
3856,Allan GOW (SNP),Jacqueline MCLAREN (SNP),Sandra WATSON (SNP),skipped,skipped,skipped,skipped,skipped,skipped,skipped,,10
3857,Allan GOW (SNP),Jacqueline MCLAREN (SNP),Sandra WATSON (SNP),skipped,skipped,skipped,skipped,skipped,skipped,skipped,,10
3858,Allan GOW (SNP),Jacqueline MCLAREN (SNP),Sandra WATSON (SNP),skipped,skipped,skipped,skipped,skipped,skipped,skipped,,10
3859,Allan GOW (SNP),Jacqueline MCLAREN (SNP),Sandra WATSON (SNP),skipped,skipped,skipped,skipped,skipped,skipped,skipped,,10
3860,Allan GOW (SNP),Jacqueline MCLAREN (SNP),Sandra WATSON (SNP),skipped,skipped,skipped,skipped,skipped,skipped,skipped,,10
3861,Allan GOW (SNP),Jacqueline MCLAREN (SNP),Sandra WATSON (SNP),skipped,skipped,skipped,skipped,skipped,skipped,skipped,,10
3862,Allan GOW (SNP),Jacqueline MCLAREN (SNP),Sandra WATSON (SNP),skipped,skipped,skipped,skipped,skipped,skipped,skipped,,10
3863,Allan GOW (SNP),Jacqueline MCLAREN (SNP),Sandra WATSON (SNP),skipped,skipped,skipped,skipped,skipped,skipped,skipped,,10
3864,Allan GOW (SNP),Jacqueline MCLAREN (SNP),Sandra WATSON (SNP),skipped,skipped,skipped,skipped,skipped,skipped,skipped,,10
3865,Allan GOW (SNP),Jacqueline MCLAREN (SNP),Sandra WATSON (SNP),skipped,skipped,skipped,skipped,skipped,skipped,skipped,,10
3866,Allan GOW (SNP),Jacqueline MCLAREN (SNP),Sandra WATSON (SNP),skipped,skipped,skipped,skipped,skipped,skipped,skipped,,10
3867,Allan GOW (SNP),Jacqueline MCLAREN (SNP),Sandra WATSON (SNP),skipped,skipped,skipped,skipped,skipped,skipped,skipped,,10
3868,Allan GOW (SNP),Jacqueline MCLAREN (SNP),Sandra WATSON (SNP),skipped,skipped,skipped,skipped,skipped,skipped,skipped,,10
3869,Allan GOW (SNP),Jacqueline MCLAREN (SNP),Sandra WATSON (SNP),skipped,skipped,skipped,skipped,skipped,skipped,skipped,,10
3870,Allan GOW (SNP),Jacqueline MCLAREN (SNP),Sandra WATSON (SNP),skipped,skipped,skipped,skipped,skipped,skipped,skipped,,10
3871,Allan GOW (SNP),Jacqueline MCLAREN (SNP),Sandra WATSON (SNP),skipped,skipped,skipped,skipped,skipped,skipped,skipped,,10
3872,Allan GOW (SNP),Jacqueline MCLAREN (SNP),Sandra WATSON (SNP),skipped,skipped,skipped,skipped,skipped,skipped,skipped,,10
3873,Allan GOW (SNP),Jacqueline MCLAREN (SNP),Sandra WATSON (SNP),skipped,skipped,skipped,skipped,skipped,skipped,skipped,,10
3874,Allan GOW (SNP),Jacqueline MCLAREN (SNP),Sandra WATSON (SNP),skipped,skipped,skipped,skipped,skipped,skipped,skipped,,10
3875,Allan GOW (SNP),Jacqueline MCLAREN (SNP),Sandra WATSON (SNP),skipped,skipped,skipped,skipped,skipped,skipped,skipped,,10
3876,Allan GOW (SNP),Jacqueline MCLAREN (SNP),Sandra WATSON (SNP),skipped,skipped,skipped,skipped,skipped,skipped,skipped,,10
3877,Allan GOW (SNP),Jacqueline MCLAREN (SNP),Sandra WATSON (SNP),skipped,skipped,skipped,skipped,skipped,skipped,skipped,,10
3878,Allan GOW (SNP),Jacqueline MCLAREN (SNP),Sandra WATSON (SNP),skipped,skipped,skipped,skipped,skipped,skipped,skipped,,10
3879,Allan GOW (SNP),Jacqueline MCLAREN (SNP),Sandra WATSON (SNP),skipped,skipped,skipped,skipped,skipped,skipped,skipped,,10
3880,Allan GOW (SNP),Jacqueline MCLAREN (SNP),Sandra WATSON (SNP),skipped,skipped,skipped,skipped,skipped,skipped,skipped,,10
3881,Allan GOW (SNP),Jacqueline MCLAREN (SNP),Sandra WATSON (SNP),skipped,skipped,skipped,skipped,skipped,skipped,skipped,,10
3882,Allan GOW (SNP),Jacqueline MCLAREN (SNP),Sandra WATSON (SNP),skipped,skipped,skipped,skipped,skipped,skipped,skipped,,10
3883,Allan GOW (SNP),Jacqueline MCLAREN (SNP),Sandra WATSON (SNP),skipped,skipped,skipped,skipped,skipped,skipped,skipped,,10
3884,Allan GOW (SNP),Jacqueline MCLAREN (SNP),Sandra WATSON (SNP),skipped,skipped,skipped,skipped,skipped,skipped,skipped,,10
3885,Allan GOW (SNP),Jacqueline MCLAREN (SNP),Sandra WATSON (SNP),skipped,skipped,skipped,skipped,skipped,skipped,skipped,,10
3886,Allan GOW (SNP),Jacqueline MCLAREN (SNP),Sandra WATSON (SNP),skipped,skipped,skipped,skipped,skipped,skipped,skipped,,10
3887,Allan GOW (SNP),Jacqueline MCLAREN (SNP),Sandra WATSON (SNP),skipped,skipped,skipped,skipped,skipped,skipped,skipped,,10
3888,Allan GOW (SNP),Jacqueline MCLAREN (SNP),Sandra WATSON (SNP),skipped,skipped,skipped,skipped,skipped,skipped,skipped,,10
3889,Allan GOW (SNP),Jacqueline MCLAREN (SNP),Sandra WATSON (SNP),skipped,skipped,skipped,skipped,skipped,skipped,skipped,,10
3890,Allan GOW (SNP),Jacqueline MCLAREN (SNP),Sandra WATSON (SNP),skipped,skipped,skipped,skipped,skipped,skipped,skipped,,10
3891,Allan GOW (SNP),Jacqueline MCLAREN (SNP),Sandra WATSON (SNP),skipped,skipped,skipped,skipped,skipped,skipped,skipped,,10
3892,Allan GOW (SNP),Jacqueline MCLAREN (SNP),Sandra WATSON (SNP),skipped,skipped,skipped,skipped,skipped,skipped,skipped,,10
3893,Allan GOW (SNP),Jacqueline MCLAREN (SNP),Sandra WATSON (SNP),skipped,skipped,skipped,skipped,skipped,skipped,skipped,,10
3894,Allan GOW (SNP),Jacqueline MCLAREN (SNP),Sandra WATSON (SNP),skipped,skipped,skipped,skipped,skipped,skipped,skipped,,10
3895,Allan GOW (SNP),Jacqueline MCLAREN (SNP),Sandra WATSON (SNP),skipped,skipped,skipped,skipped,skipped,skipped,skipped,,10
3896,Allan GOW (SNP),Jacqueline MCLAREN (SNP),Sandra WATSON (SNP),skipped,skipped,skipped,skipped,skipped,skipped,skipped,,10
3897,Allan GOW (SNP),Jacqueline MCLAREN (SNP),Sandra WATSON (SNP),skipped,skipped,skipped,skipped,skipped,skipped,skipped,,10
3898,Allan GOW (SNP),Jacqueline MCLAREN (SNP),Sandra WATSON (SNP),skipped,skipped,skipped,skipped,skipped,skipped,skipped,,10
3899,Allan GOW (SNP),Jacqueline MCLAREN (SNP),Sandra WATSON (SNP),skipped,skipped,skipped,skipped,skipped,skipped,skipped,,10
3900,Allan GOW (SNP),Jacqueline MCLAREN (SNP),Sandra WATSON (SNP),skipped,skipped,skipped,skipped,skipped,skipped,skipped,,10
3901,Allan GOW (SNP),Jacqueline MCLAREN (SNP),Sandra WATSON (SNP),skipped,skipped,skipped,skipped,skipped,skipped,skipped,,10
3902,Allan GOW (SNP),Jacqueline MCLAREN (SNP),Sandra WATSON (SNP),skipped,skipped,skipped,skipped,skipped,skipped,skipped,,10
3903,Allan GOW (SNP),Jacqueline MCLAREN (SNP),Sandra WATSON (SNP),skipped,skipped,skipped,skipped,skipped,skipped,skipped,,10
3904,Allan GOW (SNP),Jacqueline MCLAREN (SNP),Sandra WATSON (SNP),skipped,skipped,skipped,skipped,skipped,skipped,skipped,,10
3905,Allan GOW (SNP),Jacqueline MCLAREN (SNP),Sandra WATSON (SNP),skipped,skipped,skipped,skipped,skipped,skipped,skipped,,10
3906,Allan GOW (SNP),Jacqueline MCLAREN (SNP),Sandra WATSON (SNP),skipped,skipped,skipped,skipped,skipped,skipped,skipped,,10
3907,Allan GOW (SNP),Jacqueline MCLAREN (SNP),Sandra WATSON (SNP),skipped,skipped,skipped,skipped,skipped,skipped,skipped,,10
3908,Allan GOW (SNP),Jacqueline MCLAREN (SNP),Sandra WATSON (SNP),skipped,skipped,skipped,skipped,skipped,skipped,skipped,,10
3909,Allan GOW (SNP),Jacqueline MCLAREN (SNP),Sandra WATSON (SNP),skipped,skipped,skipped,skipped,skipped,skipped,skipped,,10
3910,Allan GOW (SNP),Jacqueline MCLAREN (SNP),Sandra WATSON (SNP),skipped,skipped,skipped,skipped,skipped,skipped,skipped,,10
3911,Allan GOW (SNP),Jacqueline MCLAREN (SNP),Sandra WATSON (SNP),skipped,skipped,skipped,skipped,skipped,skipped,skipped,,10
3912,Allan GOW (SNP),Jacqueline MCLAREN (SNP),Sandra WATSON (SNP),skipped,skipped,skipped,skipped,skipped,skipped,skipped,,10
3913,Allan GOW (SNP),Jacqueline MCLAREN (SNP),Sandra WATSON (SNP),skipped,skipped,skipped,skipped,skipped,skipped,skipped,,10
3914,Allan GOW (SNP),Jacqueline MCLAREN (SNP),Sandra WATSON (SNP),skipped,skipped,skipped,skipped,skipped,skipped,skipped,,10
3915,Allan GOW (SNP),Jacqueline MCLAREN (SNP),Sandra WATSON (SNP),skipped,skipped,skipped,skipped,skipped,skipped,skipped,,10
3916,Allan GOW (SNP),Jacqueline MCLAREN (SNP),Sandra WATSON (SNP),skipped,skipped,skipped,skipped,skipped,skipped,skipped,,10
3917,Allan GOW (SNP),Jacqueline MCLAREN (SNP),Sandra WATSON (SNP),skipped,skipped,skipped,skipped,skipped,skipped,skipped,,10
3918,Allan GOW (SNP),Jacqueline MCLAREN (SNP),Sandra WATSON (SNP),skipped,skipped,skipped,skipped,skipped,skipped,skipped,,10
3919,Allan GOW (SNP),Jacqueline MCLAREN (SNP),Sandra WATSON (SNP),skipped,skipped,skipped,skipped,skipped,skipped,skipped,,10
3920,Allan GOW (SNP),Jacqueline MCLAREN (SNP),Sandra WATSON (SNP),skipped,skipped,skipped,skipped,skipped,skipped,skipped,,10
3921,Allan GOW (SNP),Jacqueline MCLAREN (SNP),Sandra WATSON (SNP),skipped,skipped,skipped,skipped,skipped,skipped,skipped,,10
3922,Allan GOW (SNP),Jacqueline MCLAREN (SNP),Sandra WATSON (SNP),skipped,skipped,skipped,skipped,skipped,skipped,skipped,,10
3923,Allan GOW (SNP),Jacqueline MCLAREN (SNP),Sandra WATSON (SNP),skipped,skipped,skipped,skipped,skipped,skipped,skipped,,10
3924,Allan GOW (SNP),Jacqueline MCLAREN (SNP),Sandra WATSON (SNP),Seonad Mairi HOY (Grn),skipped,skipped,skipped,skipped,skipped,skipped,,10
3925,Allan GOW (SNP),Jacqueline MCLAREN (SNP),Sandra WATSON (SNP),Seonad Mairi HOY (Grn),skipped,skipped,skipped,skipped,skipped,skipped,,10
3926,Allan GOW (SNP),Jacqueline MCLAREN (SNP),Sandra WATSON (SNP),Seonad Mairi HOY (Grn),skipped,skipped,skipped,skipped,skipped,skipped,,10
3927,Allan GOW (SNP),Jacqueline MCLAREN (SNP),Sandra WATSON (SNP),Seonad Mairi HOY (Grn),skipped,skipped,skipped,skipped,skipped,skipped,,10
3928,Allan GOW (SNP),Jacqueline MCLAREN (SNP),Sandra WATSON (SNP),Seonad Mairi HOY (Grn),skipped,skipped,skipped,skipped,skipped,skipped,,10
3929,Allan GOW (SNP),Jacqueline MCLAREN (SNP),Sandra WATSON (SNP),Seonad Mairi HOY (Grn),skipped,skipped,skipped,skipped,skipped,skipped,,10
3930,Allan GOW (SNP),Jacqueline MCLAREN (SNP),Sandra WATSON (SNP),Seonad Mairi HOY (Grn),skipped,skipped,skipped,skipped,skipped,skipped,,10
3931,Allan GOW (SNP),Jacqueline MCLAREN (SNP),Sandra WATSON (SNP),Seonad Mairi HOY (Grn),skipped,skipped,skipped,skipped,skipped,skipped,,10
3932,Allan GOW (SNP),Jacqueline MCLAREN (SNP),Sandra WATSON (SNP),Seonad Mairi HOY (Grn),skipped,skipped,skipped,skipped,skipped,skipped,,10
3933,Allan GOW (SNP),Jacqueline MCLAREN (SNP),Sandra WATSON (SNP),Seonad Mairi HOY (Grn),skipped,skipped,skipped,skipped,skipped,skipped,,10
3934,Allan GOW (SNP),Jacqueline MCLAREN (SNP),Sandra WATSON (SNP),Seonad Mairi HOY (Grn),skipped,skipped,skipped,skipped,skipped,skipped,,10
3935,Allan GOW (SNP),Jacqueline MCLAREN (SNP),Sandra WATSON (SNP),Seonad Mairi HOY (Grn),skipped,skipped,skipped,skipped,skipped,skipped,,10
3936,Allan GOW (SNP),Jacqueline MCLAREN (SNP),Sandra WATSON (SNP),Seonad Mairi HOY (Grn),skipped,skipped,skipped,skipped,skipped,skipped,,10
3937,Allan GOW (SNP),Jacqueline MCLAREN (SNP),Sandra WATSON (SNP),Seonad Mairi HOY (Grn),skipped,skipped,skipped,skipped,skipped,skipped,,10
3938,Allan GOW (SNP),Jacqueline MCLAREN (SNP),Sandra WATSON (SNP),Seonad Mairi HOY (Grn),skipped,skipped,skipped,skipped,skipped,skipped,,10
3939,Allan GOW (SNP),Jacqueline MCLAREN (SNP),Sandra WATSON (SNP),Seonad Mairi HOY (Grn),skipped,skipped,skipped,skipped,skipped,skipped,,10
3940,Allan GOW (SNP),Jacqueline MCLAREN (SNP),Sandra WATSON (SNP),Seonad Mairi HOY (Grn),skipped,skipped,skipped,skipped,skipped,skipped,,10
3941,Allan GOW (SNP),Jacqueline MCLAREN (SNP),Sandra WATSON (SNP),Seonad Mairi HOY (Grn),skipped,skipped,skipped,skipped,skipped,skipped,,10
3942,Allan GOW (SNP),Jacqueline MCLAREN (SNP),Sandra WATSON (SNP),Seonad Mairi HOY (Grn),skipped,skipped,skipped,skipped,skipped,skipped,,10
3943,Allan GOW (SNP),Jacqueline MCLAREN (SNP),Sandra WATSON (SNP),Seonad Mairi HOY (Grn),skipped,skipped,skipped,skipped,skipped,skipped,,10
3944,Allan GOW (SNP),Jacqueline MCLAREN (SNP),Sandra WATSON (SNP),Seonad Mairi HOY (Grn),skipped,skipped,skipped,skipped,skipped,skipped,,10
3945,Allan GOW (SNP),Jacqueline MCLAREN (SNP),Sandra WATSON (SNP),Seonad Mairi HOY (Grn),skipped,skipped,skipped,skipped,skipped,skipped,,10
3946,Allan GOW (SNP),Jacqueline MCLAREN (SNP),Sandra WATSON (SNP),Seonad Mairi HOY (Grn),skipped,skipped,skipped,skipped,skipped,skipped,,10
3947,Allan GOW (SNP),Jacqueline MCLAREN (SNP),Sandra WATSON (SNP),Seonad Mairi HOY (Grn),skipped,skipped,skipped,skipped,skipped,skipped,,10
3948,Allan GOW (SNP),Jacqueline MCLAREN (SNP),Sandra WATSON (SNP),Seonad Mairi HOY (Grn),skipped,skipped,skipped,skipped,skipped,skipped,,10
3949,Allan GOW (SNP),Jacqueline MCLAREN (SNP),Sandra WATSON (SNP),Seonad Mairi HOY (Grn),skipped,skipped,skipped,skipped,skipped,skipped,,10
3950,Allan GOW (SNP),Jacqueline MCLAREN (SNP),Sandra WATSON (SNP),Seonad Mairi HOY (Grn),skipped,skipped,skipped,skipped,skipped,skipped,,10
3951,Allan GOW (SNP),Jacqueline MCLAREN (SNP),Sandra WATSON (SNP),Seonad Mairi HOY (Grn),skipped,skipped,skipped,skipped,skipped,skipped,,10
3952,Allan GOW (SNP),Jacqueline MCLAREN (SNP),Sandra WATSON (SNP),Seonad Mairi HOY (Grn),skipped,skipped,skipped,skipped,skipped,skipped,,10
3953,Allan GOW (SNP),Jacqueline MCLAREN (SNP),Sandra WATSON (SNP),Seonad Mairi HOY (Grn),skipped,skipped,skipped,skipped,skipped,skipped,,10
3954,Allan GOW (SNP),Jacqueline MCLAREN (SNP),Sandra WATSON (SNP),Seonad Mairi HOY (Grn),skipped,skipped,skipped,skipped,skipped,skipped,,10
3955,Allan GOW (SNP),Jacqueline MCLAREN (SNP),Sandra WATSON (SNP),Seonad Mairi HOY (Grn),skipped,skipped,skipped,skipped,skipped,skipped,,10
3956,Allan GOW (SNP),Jacqueline MCLAREN (SNP),Sandra WATSON (SNP),Seonad Mairi HOY (Grn),skipped,skipped,skipped,skipped,skipped,skipped,,10
3957,Allan GOW (SNP),Jacqueline MCLAREN (SNP),Sandra WATSON (SNP),Seonad Mairi HOY (Grn),skipped,skipped,skipped,skipped,skipped,skipped,,10
3958,Allan GOW (SNP),Jacqueline MCLAREN (SNP),Sandra WATSON (SNP),Seonad Mairi HOY (Grn),skipped,skipped,skipped,skipped,skipped,skipped,,10
3959,Allan GOW (SNP),Jacqueline MCLAREN (SNP),Sandra WATSON (SNP),Seonad Mairi HOY (Grn),skipped,skipped,skipped,skipped,skipped,skipped,,10
3960,Allan GOW (SNP),Jacqueline MCLAREN (SNP),Sandra WATSON (SNP),Seonad Mairi HOY (Grn),skipped,skipped,skipped,skipped,skipped,skipped,,10
3961,Allan GOW (SNP),Jacqueline MCLAREN (SNP),Sandra WATSON (SNP),Seonad Mairi HOY (Grn),skipped,skipped,skipped,skipped,skipped,skipped,,10
3962,Allan GOW (SNP),Jacqueline MCLAREN (SNP),Sandra WATSON (SNP),Seonad Mairi HOY (Grn),skipped,skipped,skipped,skipped,skipped,skipped,,10
3963,Allan GOW (SNP),Jacqueline MCLAREN (SNP),Sandra WATSON (SNP),Seonad Mairi HOY (Grn),skipped,skipped,skipped,skipped,skipped,skipped,,10
3964,Allan GOW (SNP),Jacqueline MCLAREN (SNP),Sandra WATSON (SNP),Seonad Mairi HOY (Grn),skipped,skipped,skipped,skipped,skipped,skipped,,10
3965,Allan GOW (SNP),Jacqueline MCLAREN (SNP),Sandra WATSON (SNP),Seonad Mairi HOY (Grn),skipped,skipped,skipped,skipped,skipped,skipped,,10
3966,Allan GOW (SNP),Jacqueline MCLAREN (SNP),Sandra WATSON (SNP),Seonad Mairi HOY (Grn),skipped,skipped,skipped,skipped,skipped,skipped,,10
3967,Allan GOW (SNP),Jacqueline MCLAREN (SNP),Sandra WATSON (SNP),Seonad Mairi HOY (Grn),skipped,skipped,skipped,skipped,skipped,skipped,,10
3968,Allan GOW (SNP),Jacqueline MCLAREN (SNP),Sandra WATSON (SNP),Seonad Mairi HOY (Grn),skipped,skipped,skipped,skipped,skipped,skipped,,10
3969,Allan GOW (SNP),Jacqueline MCLAREN (SNP),Sandra WATSON (SNP),Seonad Mairi HOY (Grn),skipped,skipped,skipped,skipped,skipped,skipped,,10
3970,Allan GOW (SNP),Jacqueline MCLAREN (SNP),Sandra WATSON (SNP),Seonad Mairi HOY (Grn),skipped,skipped,skipped,skipped,skipped,skipped,,10
3971,Allan GOW (SNP),Jacqueline MCLAREN (SNP),Sandra WATSON (SNP),Seonad Mairi HOY (Grn),skipped,skipped,skipped,skipped,skipped,skipped,,10
3972,Allan GOW (SNP),Jacqueline MCLAREN (SNP),Sandra WATSON (SNP),Seonad Mairi HOY (Grn),skipped,skipped,skipped,skipped,skipped,skipped,,10
3973,Allan GOW (SNP),Jacqueline MCLAREN (SNP),Sandra WATSON (SNP),Seonad Mairi HOY (Grn),skipped,skipped,skipped,skipped,skipped,skipped,,10
3974,Allan GOW (SNP),Jacqueline MCLAREN (SNP),Sandra WATSON (SNP),Seonad Mairi HOY (Grn),skipped,skipped,skipped,skipped,skipped,skipped,,10
3975,Allan GOW (SNP),Jacqueline MCLAREN (SNP),Sandra WATSON (SNP),Seonad Mairi HOY (Grn),skipped,skipped,skipped,skipped,skipped,skipped,,10
3976,Allan GOW (SNP),Jacqueline MCLAREN (SNP),Sandra WATSON (SNP),Seonad Mairi HOY (Grn),skipped,skipped,skipped,skipped,skipped,skipped,,10
3977,Allan GOW (SNP),Jacqueline MCLAREN (SNP),Sandra WATSON (SNP),Seonad Mairi HOY (Grn),skipped,skipped,skipped,skipped,skipped,skipped,,10
3978,Allan GOW (SNP),Jacqueline MCLAREN (SNP),Sandra WATSON (SNP),Seonad Mairi HOY (Grn),skipped,skipped,skipped,skipped,skipped,skipped,,10
3979,Allan GOW (SNP),Jacqueline MCLAREN (SNP),Sandra WATSON (SNP),Seonad Mairi HOY (Grn),skipped,skipped,skipped,skipped,skipped,skipped,,10
3980,Allan GOW (SNP),Jacqueline MCLAREN (SNP),Sandra WATSON (SNP),Seonad Mairi HOY (Grn),skipped,skipped,skipped,skipped,skipped,skipped,,10
3981,Allan GOW (SNP),Jacqueline MCLAREN (SNP),Sandra WATSON (SNP),Seonad Mairi HOY (Grn),skipped,skipped,skipped,skipped,skipped,skipped,,10
3982,Allan GOW (SNP),Jacqueline MCLAREN (SNP),Sandra WATSON (SNP),Seonad Mairi HOY (Grn),skipped,skipped,skipped,skipped,skipped,skipped,,10
3983,Allan GOW (SNP),Jacqueline MCLAREN (SNP),Sandra WATSON (SNP),Seonad Mairi HOY (Grn),skipped,skipped,skipped,skipped,skipped,skipped,,10
3984,Allan GOW (SNP),Jacqueline MCLAREN (SNP),Sandra WATSON (SNP),Seonad Mairi HOY (Grn),skipped,skipped,skipped,skipped,skipped,skipped,,10
3985,Allan GOW (SNP),Jacqueline MCLAREN (SNP),Sandra WATSON (SNP),Seonad Mairi HOY (Grn),skipped,skipped,skipped,skipped,skipped,skipped,,10
3986,Allan GOW (SNP),Jacqueline MCLAREN (SNP),Sandra WATSON (SNP),Seonad Mairi HOY (Grn),skipped,skipped,skipped,skipped,skipped,skipped,,10
3987,Allan GOW (SNP),Jacqueline MCLAREN (SNP),Sandra WATSON (SNP),Seonad Mairi HOY (Grn),skipped,skipped,skipped,skipped,skipped,skipped,,10
3988,Allan GOW (SNP),Jacqueline MCLAREN (SNP),Sandra WATSON (SNP),Seonad Mairi HOY (Grn),skipped,skipped,skipped,skipped,skipped,skipped,,10
3989,Allan GOW (SNP),Jacqueline MCLAREN (SNP),Sandra WATSON (SNP),Seonad Mairi HOY (Grn),skipped,skipped,skipped,skipped,skipped,skipped,,10
3990,Allan GOW (SNP),Jacqueline MCLAREN (SNP),Sandra WATSON (SNP),Seonad Mairi HOY (Grn),skipped,skipped,skipped,skipped,skipped,skipped,,10
3991,Allan GOW (SNP),Jacqueline MCLAREN (SNP),Sandra WATSON (SNP),Seonad Mairi HOY (Grn),skipped,skipped,skipped,skipped,skipped,skipped,,10
3992,Allan GOW (SNP),Jacqueline MCLAREN (SNP),Sandra WATSON (SNP),Seonad Mairi HOY (Grn),skipped,skipped,skipped,skipped,skipped,skipped,,10
3993,Allan GOW (SNP),Jacqueline MCLAREN (SNP),Sandra WATSON (SNP),Seonad Mairi HOY (Grn),skipped,skipped,skipped,skipped,skipped,skipped,,10
3994,Allan GOW (SNP),Jacqueline MCLAREN (SNP),Sandra WATSON (SNP),Seonad Mairi HOY (Grn),skipped,skipped,skipped,skipped,skipped,skipped,,10
3995,Allan GOW (SNP),Jacqueline MCLAREN (SNP),Sandra WATSON (SNP),Seonad Mairi HOY (Grn),skipped,skipped,skipped,skipped,skipped,skipped,,10
3996,Allan GOW (SNP),Jacqueline MCLAREN (SNP),Sandra WATSON (SNP),Seonad Mairi HOY (Grn),skipped,skipped,skipped,skipped,skipped,skipped,,10
3997,Allan GOW (SNP),Jacqueline MCLAREN (SNP),Sandra WATSON (SNP),Seonad Mairi HOY (Grn),skipped,skipped,skipped,skipped,skipped,skipped,,10
3998,Allan GOW (SNP),Jacqueline MCLAREN (SNP),Sandra WATSON (SNP),Seonad Mairi HOY (Grn),skipped,skipped,skipped,skipped,skipped,skipped,,10
3999,Allan GOW (SNP),Jacqueline MCLAREN (SNP),Sandra WATSON (SNP),Seonad Mairi HOY (Grn),skipped,skipped,skipped,skipped,skipped,skipped,,10
4000,Allan GOW (SNP),Jacqueline MCLAREN (SNP),Sandra WATSON (SNP),Seonad Mairi HOY (Grn),Fiona E HIGGINS Glasgow (Lab),Scott SIMPSON (LD),skipped,skipped,skipped,skipped,,10
4001,Allan GOW (SNP),Jacqueline MCLAREN (SNP),Sandra WATSON (SNP),Seonad Mairi HOY (Grn),Fiona E HIGGINS Glasgow (Lab),Robert JH MOONEY Glasgow (Lab),skipped,skipped,skipped,skipped,,10
4002,Allan GOW (SNP),Jacqueline MCLAREN (SNP),Sandra WATSON (SNP),Seonad Mairi HOY (Grn),Fiona E HIGGINS Glasgow (Lab),Robert JH MOONEY Glasgow (Lab),skipped,skipped,skipped,skipped,,10
4003,Allan GOW (SNP),Jacqueline MCLAREN (SNP),Sandra WATSON (SNP),Seonad Mairi HOY (Grn),Fiona E HIGGINS Glasgow (Lab),Robert JH MOONEY Glasgow (Lab),skipped,skipped,skipped,skipped,,10
4004,Allan GOW (SNP),Jacqueline MCLAREN (SNP),Sandra WATSON (SNP),Seonad Mairi HOY (Grn),Fiona E HIGGINS Glasgow (Lab),Robert JH MOONEY Glasgow (Lab),skipped,skipped,skipped,skipped,,10
4005,Allan GOW (SNP),Jacqueline MCLAREN (SNP),Sandra WATSON (SNP),Seonad Mairi HOY (Grn),Fiona E HIGGINS Glasgow (Lab),Robert JH MOONEY Glasgow (Lab),skipped,skipped,skipped,skipped,,10
4006,Allan GOW (SNP),Jacqueline MCLAREN (SNP),Sandra WATSON (SNP),Seonad Mairi HOY (Grn),Fiona E HIGGINS Glasgow (Lab),Robert JH MOONEY Glasgow (Lab),skipped,skipped,skipped,skipped,,10
4007,Allan GOW (SNP),Jacqueline MCLAREN (SNP),Sandra WATSON (SNP),Seonad Mairi HOY (Grn),Fiona E HIGGINS Glasgow (Lab),Robert JH MOONEY Glasgow (Lab),skipped,skipped,skipped,skipped,,10
4008,Allan GOW (SNP),Jacqueline MCLAREN (SNP),Sandra WATSON (SNP),Seonad Mairi HOY (Grn),Fiona E HIGGINS Glasgow (Lab),Robert JH MOONEY Glasgow (Lab),skipped,skipped,skipped,skipped,,10
4009,Allan GOW (SNP),Jacqueline MCLAREN (SNP),Sandra WATSON (SNP),Seonad Mairi HOY (Grn),Fiona E HIGGINS Glasgow (Lab),Robert JH MOONEY Glasgow (Lab),Martin Lawson OLU-OSAGIE (Alba),skipped,skipped,skipped,,10
4010,Allan GOW (SNP),Jacqueline MCLAREN (SNP),Sandra WATSON (SNP),Seonad Mairi HOY (Grn),Fiona E HIGGINS Glasgow (Lab),Robert JH MOONEY Glasgow (Lab),Martin Lawson OLU-OSAGIE (Alba),skipped,skipped,skipped,,10
4011,Allan GOW (SNP),Jacqueline MCLAREN (SNP),Sandra WATSON (SNP),Seonad Mairi HOY (Grn),Fiona E HIGGINS Glasgow (Lab),Robert JH MOONEY Glasgow (Lab),Scott SIMPSON (LD),skipped,skipped,skipped,,10
4012,Allan GOW (SNP),Jacqueline MCLAREN (SNP),Sandra WATSON (SNP),Seonad Mairi HOY (Grn),Fiona E HIGGINS Glasgow (Lab),Robert JH MOONEY Glasgow (Lab),Scott SIMPSON (LD),skipped,skipped,skipped,,10
4013,Allan GOW (SNP),Jacqueline MCLAREN (SNP),Sandra WATSON (SNP),Seonad Mairi HOY (Grn),Fiona E HIGGINS Glasgow (Lab),Robert JH MOONEY Glasgow (Lab),Scott SIMPSON (LD),skipped,skipped,skipped,,10
4014,Allan GOW (SNP),Jacqueline MCLAREN (SNP),Sandra WATSON (SNP),Seonad Mairi HOY (Grn),Fiona E HIGGINS Glasgow (Lab),Robert JH MOONEY Glasgow (Lab),Scott SIMPSON (LD),skipped,skipped,skipped,,10
4015,Allan GOW (SNP),Jacqueline MCLAREN (SNP),Sandra WATSON (SNP),Seonad Mairi HOY (Grn),Fiona E HIGGINS Glasgow (Lab),Robert JH MOONEY Glasgow (Lab),Scott SIMPSON (LD),skipped,skipped,skipped,,10
4016,Allan GOW (SNP),Jacqueline MCLAREN (SNP),Sandra WATSON (SNP),Seonad Mairi HOY (Grn),Fiona E HIGGINS Glasgow (Lab),Robert JH MOONEY Glasgow (Lab),Brian LAND (Ind),skipped,skipped,skipped,,10
4017,Allan GOW (SNP),Jacqueline MCLAREN (SNP),Sandra WATSON (SNP),Seonad Mairi HOY (Grn),Martin Lawson OLU-OSAGIE (Alba),skipped,skipped,skipped,skipped,skipped,,10
4018,Allan GOW (SNP),Jacqueline MCLAREN (SNP),Sandra WATSON (SNP),Seonad Mairi HOY (Grn),Martin Lawson OLU-OSAGIE (Alba),skipped,skipped,skipped,skipped,skipped,,10
4019,Allan GOW (SNP),Jacqueline MCLAREN (SNP),Sandra WATSON (SNP),Seonad Mairi HOY (Grn),Martin Lawson OLU-OSAGIE (Alba),skipped,skipped,skipped,skipped,skipped,,10
4020,Allan GOW (SNP),Jacqueline MCLAREN (SNP),Sandra WATSON (SNP),Seonad Mairi HOY (Grn),Martin Lawson OLU-OSAGIE (Alba),skipped,skipped,skipped,skipped,skipped,,10
4021,Allan GOW (SNP),Jacqueline MCLAREN (SNP),Sandra WATSON (SNP),Seonad Mairi HOY (Grn),Martin Lawson OLU-OSAGIE (Alba),skipped,skipped,skipped,skipped,skipped,,10
4022,Allan GOW (SNP),Jacqueline MCLAREN (SNP),Sandra WATSON (SNP),Seonad Mairi HOY (Grn),Martin Lawson OLU-OSAGIE (Alba),skipped,skipped,skipped,skipped,skipped,,10
4023,Allan GOW (SNP),Jacqueline MCLAREN (SNP),Sandra WATSON (SNP),Seonad Mairi HOY (Grn),Martin Lawson OLU-OSAGIE (Alba),skipped,skipped,skipped,skipped,skipped,,10
4024,Allan GOW (SNP),Jacqueline MCLAREN (SNP),Sandra WATSON (SNP),Seonad Mairi HOY (Grn),Martin Lawson OLU-OSAGIE (Alba),skipped,skipped,skipped,skipped,skipped,,10
4025,Allan GOW (SNP),Jacqueline MCLAREN (SNP),Sandra WATSON (SNP),Seonad Mairi HOY (Grn),Martin Lawson OLU-OSAGIE (Alba),skipped,skipped,skipped,skipped,skipped,,10
4026,Allan GOW (SNP),Jacqueline MCLAREN (SNP),Sandra WATSON (SNP),Seonad Mairi HOY (Grn),Martin Lawson OLU-OSAGIE (Alba),skipped,skipped,skipped,skipped,skipped,,10
4027,Allan GOW (SNP),Jacqueline MCLAREN (SNP),Sandra WATSON (SNP),Seonad Mairi HOY (Grn),Martin Lawson OLU-OSAGIE (Alba),skipped,skipped,skipped,skipped,skipped,,10
4028,Allan GOW (SNP),Jacqueline MCLAREN (SNP),Sandra WATSON (SNP),Seonad Mairi HOY (Grn),Martin Lawson OLU-OSAGIE (Alba),skipped,skipped,skipped,skipped,skipped,,10
4029,Allan GOW (SNP),Jacqueline MCLAREN (SNP),Sandra WATSON (SNP),Seonad Mairi HOY (Grn),Martin Lawson OLU-OSAGIE (Alba),skipped,skipped,skipped,skipped,skipped,,10
4030,Allan GOW (SNP),Jacqueline MCLAREN (SNP),Sandra WATSON (SNP),Seonad Mairi HOY (Grn),Martin Lawson OLU-OSAGIE (Alba),skipped,skipped,skipped,skipped,skipped,,10
4031,Allan GOW (SNP),Jacqueline MCLAREN (SNP),Sandra WATSON (SNP),Seonad Mairi HOY (Grn),Martin Lawson OLU-OSAGIE (Alba),skipped,skipped,skipped,skipped,skipped,,10
4032,Allan GOW (SNP),Jacqueline MCLAREN (SNP),Sandra WATSON (SNP),Seonad Mairi HOY (Grn),Martin Lawson OLU-OSAGIE (Alba),Fiona E HIGGINS Glasgow (Lab),skipped,skipped,skipped,skipped,,10
4033,Allan GOW (SNP),Jacqueline MCLAREN (SNP),Sandra WATSON (SNP),Seonad Mairi HOY (Grn),Martin Lawson OLU-OSAGIE (Alba),Fiona E HIGGINS Glasgow (Lab),Scott SIMPSON (LD),skipped,skipped,skipped,,10
4034,Allan GOW (SNP),Jacqueline MCLAREN (SNP),Sandra WATSON (SNP),Seonad Mairi HOY (Grn),Martin Lawson OLU-OSAGIE (Alba),Fiona E HIGGINS Glasgow (Lab),Brian LAND (Ind),skipped,skipped,skipped,,10
4035,Allan GOW (SNP),Jacqueline MCLAREN (SNP),Sandra WATSON (SNP),Seonad Mairi HOY (Grn),Martin Lawson OLU-OSAGIE (Alba),Fiona E HIGGINS Glasgow (Lab),Robert JH MOONEY Glasgow (Lab),skipped,skipped,skipped,,10
4036,Allan GOW (SNP),Jacqueline MCLAREN (SNP),Sandra WATSON (SNP),Seonad Mairi HOY (Grn),Martin Lawson OLU-OSAGIE (Alba),Fiona E HIGGINS Glasgow (Lab),Robert JH MOONEY Glasgow (Lab),skipped,skipped,skipped,,10
4037,Allan GOW (SNP),Jacqueline MCLAREN (SNP),Sandra WATSON (SNP),Seonad Mairi HOY (Grn),Martin Lawson OLU-OSAGIE (Alba),Fiona E HIGGINS Glasgow (Lab),Robert JH MOONEY Glasgow (Lab),skipped,skipped,skipped,,10
4038,Allan GOW (SNP),Jacqueline MCLAREN (SNP),Sandra WATSON (SNP),Seonad Mairi HOY (Grn),Martin Lawson OLU-OSAGIE (Alba),Scott SIMPSON (LD),skipped,skipped,skipped,skipped,,10
4039,Allan GOW (SNP),Jacqueline MCLAREN (SNP),Sandra WATSON (SNP),Seonad Mairi HOY (Grn),Martin Lawson OLU-OSAGIE (Alba),Scott SIMPSON (LD),Fiona E HIGGINS Glasgow (Lab),skipped,skipped,skipped,,10
4040,Allan GOW (SNP),Jacqueline MCLAREN (SNP),Sandra WATSON (SNP),Seonad Mairi HOY (Grn),Martin Lawson OLU-OSAGIE (Alba),Scott SIMPSON (LD),Fiona E HIGGINS Glasgow (Lab),skipped,skipped,skipped,,10
4041,Allan GOW (SNP),Jacqueline MCLAREN (SNP),Sandra WATSON (SNP),Seonad Mairi HOY (Grn),Martin Lawson OLU-OSAGIE (Alba),Scott SIMPSON (LD),Fiona E HIGGINS Glasgow (Lab),skipped,skipped,skipped,,10
4042,Allan GOW (SNP),Jacqueline MCLAREN (SNP),Sandra WATSON (SNP),Seonad Mairi HOY (Grn),Martin Lawson OLU-OSAGIE (Alba),Scott SIMPSON (LD),Fiona E HIGGINS Glasgow (Lab),skipped,skipped,skipped,,10
4043,Allan GOW (SNP),Jacqueline MCLAREN (SNP),Sandra WATSON (SNP),Seonad Mairi HOY (Grn),Martin Lawson OLU-OSAGIE (Alba),Scott SIMPSON (LD),Brian LAND (Ind),skipped,skipped,skipped,,10
4044,Allan GOW (SNP),Jacqueline MCLAREN (SNP),Sandra WATSON (SNP),Seonad Mairi HOY (Grn),Martin Lawson OLU-OSAGIE (Alba),Scott SIMPSON (LD),Brian LAND (Ind),skipped,skipped,skipped,,10
4045,Allan GOW (SNP),Jacqueline MCLAREN (SNP),Sandra WATSON (SNP),Seonad Mairi HOY (Grn),Martin Lawson OLU-OSAGIE (Alba),Scott SIMPSON (LD),Brian LAND (Ind),skipped,skipped,skipped,,10
4046,Allan GOW (SNP),Jacqueline MCLAREN (SNP),Sandra WATSON (SNP),Seonad Mairi HOY (Grn),Martin Lawson OLU-OSAGIE (Alba),Scott SIMPSON (LD),Brian LAND (Ind),skipped,skipped,skipped,,10
4047,Allan GOW (SNP),Jacqueline MCLAREN (SNP),Sandra WATSON (SNP),Seonad Mairi HOY (Grn),Martin Lawson OLU-OSAGIE (Alba),Scott SIMPSON (LD),Brian LAND (Ind),skipped,skipped,skipped,,10
4048,Allan GOW (SNP),Jacqueline MCLAREN (SNP),Sandra WATSON (SNP),Seonad Mairi HOY (Grn),Martin Lawson OLU-OSAGIE (Alba),Scott SIMPSON (LD),Brian LAND (Ind),skipped,skipped,skipped,,10
4049,Allan GOW (SNP),Jacqueline MCLAREN (SNP),Sandra WATSON (SNP),Seonad Mairi HOY (Grn),Martin Lawson OLU-OSAGIE (Alba),Scott SIMPSON (LD),Brian LAND (Ind),skipped,skipped,skipped,,10
4050,Allan GOW (SNP),Jacqueline MCLAREN (SNP),Sandra WATSON (SNP),Seonad Mairi HOY (Grn),Martin Lawson OLU-OSAGIE (Alba),Scott SIMPSON (LD),Brian LAND (Ind),skipped,skipped,skipped,,10
4051,Allan GOW (SNP),Jacqueline MCLAREN (SNP),Sandra WATSON (SNP),Seonad Mairi HOY (Grn),Martin Lawson OLU-OSAGIE (Alba),Scott SIMPSON (LD),Maria WELLS (Con),skipped,skipped,skipped,,10
4052,Allan GOW (SNP),Jacqueline MCLAREN (SNP),Sandra WATSON (SNP),Seonad Mairi HOY (Grn),Martin Lawson OLU-OSAGIE (Alba),Scott SIMPSON (LD),Robert JH MOONEY Glasgow (Lab),skipped,skipped,skipped,,10
4053,Allan GOW (SNP),Jacqueline MCLAREN (SNP),Sandra WATSON (SNP),Seonad Mairi HOY (Grn),Martin Lawson OLU-OSAGIE (Alba),Scott SIMPSON (LD),Robert JH MOONEY Glasgow (Lab),skipped,skipped,skipped,,10
4054,Allan GOW (SNP),Jacqueline MCLAREN (SNP),Sandra WATSON (SNP),Seonad Mairi HOY (Grn),Martin Lawson OLU-OSAGIE (Alba),Brian LAND (Ind),Fiona E HIGGINS Glasgow (Lab),skipped,skipped,skipped,,10
4055,Allan GOW (SNP),Jacqueline MCLAREN (SNP),Sandra WATSON (SNP),Seonad Mairi HOY (Grn),Martin Lawson OLU-OSAGIE (Alba),Brian LAND (Ind),Fiona E HIGGINS Glasgow (Lab),skipped,skipped,skipped,,10
4056,Allan GOW (SNP),Jacqueline MCLAREN (SNP),Sandra WATSON (SNP),Seonad Mairi HOY (Grn),Martin Lawson OLU-OSAGIE (Alba),Brian LAND (Ind),Fiona E HIGGINS Glasgow (Lab),skipped,skipped,skipped,,10
4057,Allan GOW (SNP),Jacqueline MCLAREN (SNP),Sandra WATSON (SNP),Seonad Mairi HOY (Grn),Martin Lawson OLU-OSAGIE (Alba),Brian LAND (Ind),Scott SIMPSON (LD),skipped,skipped,skipped,,10
4058,Allan GOW (SNP),Jacqueline MCLAREN (SNP),Sandra WATSON (SNP),Seonad Mairi HOY (Grn),Martin Lawson OLU-OSAGIE (Alba),Brian LAND (Ind),Scott SIMPSON (LD),skipped,skipped,skipped,,10
4059,Allan GOW (SNP),Jacqueline MCLAREN (SNP),Sandra WATSON (SNP),Seonad Mairi HOY (Grn),Martin Lawson OLU-OSAGIE (Alba),Brian LAND (Ind),Scott SIMPSON (LD),skipped,skipped,skipped,,10
4060,Allan GOW (SNP),Jacqueline MCLAREN (SNP),Sandra WATSON (SNP),Seonad Mairi HOY (Grn),Martin Lawson OLU-OSAGIE (Alba),Brian LAND (Ind),Scott SIMPSON (LD),skipped,skipped,skipped,,10
4061,Allan GOW (SNP),Jacqueline MCLAREN (SNP),Sandra WATSON (SNP),Seonad Mairi HOY (Grn),Martin Lawson OLU-OSAGIE (Alba),Brian LAND (Ind),Scott SIMPSON (LD),skipped,skipped,skipped,,10
4062,Allan GOW (SNP),Jacqueline MCLAREN (SNP),Sandra WATSON (SNP),Seonad Mairi HOY (Grn),Martin Lawson OLU-OSAGIE (Alba),Brian LAND (Ind),Scott SIMPSON (LD),skipped,skipped,skipped,,10
4063,Allan GOW (SNP),Jacqueline MCLAREN (SNP),Sandra WATSON (SNP),Seonad Mairi HOY (Grn),Martin Lawson OLU-OSAGIE (Alba),Brian LAND (Ind),Scott SIMPSON (LD),skipped,skipped,skipped,,10
4064,Allan GOW (SNP),Jacqueline MCLAREN (SNP),Sandra WATSON (SNP),Seonad Mairi HOY (Grn),Martin Lawson OLU-OSAGIE (Alba),Maria WELLS (Con),Scott SIMPSON (LD),skipped,skipped,skipped,,10
4065,Allan GOW (SNP),Jacqueline MCLAREN (SNP),Sandra WATSON (SNP),Seonad Mairi HOY (Grn),Martin Lawson OLU-OSAGIE (Alba),Robert JH MOONEY Glasgow (Lab),Fiona E HIGGINS Glasgow (Lab),skipped,skipped,skipped,,10
4066,Allan GOW (SNP),Jacqueline MCLAREN (SNP),Sandra WATSON (SNP),Seonad Mairi HOY (Grn),Scott SIMPSON (LD),skipped,skipped,skipped,skipped,skipped,,10
4067,Allan GOW (SNP),Jacqueline MCLAREN (SNP),Sandra WATSON (SNP),Seonad Mairi HOY (Grn),Scott SIMPSON (LD),Fiona E HIGGINS Glasgow (Lab),Brian LAND (Ind),skipped,skipped,skipped,,10
4068,Allan GOW (SNP),Jacqueline MCLAREN (SNP),Sandra WATSON (SNP),Seonad Mairi HOY (Grn),Scott SIMPSON (LD),Martin Lawson OLU-OSAGIE (Alba),Fiona E HIGGINS Glasgow (Lab),skipped,skipped,skipped,,10
4069,Allan GOW (SNP),Jacqueline MCLAREN (SNP),Sandra WATSON (SNP),Seonad Mairi HOY (Grn),Scott SIMPSON (LD),Martin Lawson OLU-OSAGIE (Alba),Robert JH MOONEY Glasgow (Lab),skipped,skipped,skipped,,10
4070,Allan GOW (SNP),Jacqueline MCLAREN (SNP),Sandra WATSON (SNP),Seonad Mairi HOY (Grn),Scott SIMPSON (LD),Brian LAND (Ind),Fiona E HIGGINS Glasgow (Lab),skipped,skipped,skipped,,10
4071,Allan GOW (SNP),Jacqueline MCLAREN (SNP),Sandra WATSON (SNP),Seonad Mairi HOY (Grn),Brian LAND (Ind),skipped,skipped,skipped,skipped,skipped,,10
4072,Allan GOW (SNP),Jacqueline MCLAREN (SNP),Sandra WATSON (SNP),Seonad Mairi HOY (Grn),Brian LAND (Ind),skipped,skipped,skipped,skipped,skipped,,10
4073,Allan GOW (SNP),Jacqueline MCLAREN (SNP),Sandra WATSON (SNP),Seonad Mairi HOY (Grn),Brian LAND (Ind),skipped,skipped,skipped,skipped,skipped,,10
4074,Allan GOW (SNP),Jacqueline MCLAREN (SNP),Sandra WATSON (SNP),Seonad Mairi HOY (Grn),Brian LAND (Ind),skipped,skipped,skipped,skipped,skipped,,10
4075,Allan GOW (SNP),Jacqueline MCLAREN (SNP),Sandra WATSON (SNP),Seonad Mairi HOY (Grn),Brian LAND (Ind),Fiona E HIGGINS Glasgow (Lab),Robert JH MOONEY Glasgow (Lab),skipped,skipped,skipped,,10
4076,Allan GOW (SNP),Jacqueline MCLAREN (SNP),Sandra WATSON (SNP),Seonad Mairi HOY (Grn),Brian LAND (Ind),Martin Lawson OLU-OSAGIE (Alba),skipped,skipped,skipped,skipped,,10
4077,Allan GOW (SNP),Jacqueline MCLAREN (SNP),Sandra WATSON (SNP),Seonad Mairi HOY (Grn),Brian LAND (Ind),Martin Lawson OLU-OSAGIE (Alba),skipped,skipped,skipped,skipped,,10
4078,Allan GOW (SNP),Jacqueline MCLAREN (SNP),Sandra WATSON (SNP),Seonad Mairi HOY (Grn),Brian LAND (Ind),Martin Lawson OLU-OSAGIE (Alba),skipped,skipped,skipped,skipped,,10
4079,Allan GOW (SNP),Jacqueline MCLAREN (SNP),Sandra WATSON (SNP),Seonad Mairi HOY (Grn),Brian LAND (Ind),Martin Lawson OLU-OSAGIE (Alba),skipped,skipped,skipped,skipped,,10
4080,Allan GOW (SNP),Jacqueline MCLAREN (SNP),Sandra WATSON (SNP),Seonad Mairi HOY (Grn),Brian LAND (Ind),Martin Lawson OLU-OSAGIE (Alba),Fiona E HIGGINS Glasgow (Lab),skipped,skipped,skipped,,10
4081,Allan GOW (SNP),Jacqueline MCLAREN (SNP),Sandra WATSON (SNP),Seonad Mairi HOY (Grn),Brian LAND (Ind),Martin Lawson OLU-OSAGIE (Alba),Scott SIMPSON (LD),skipped,skipped,skipped,,10
4082,Allan GOW (SNP),Jacqueline MCLAREN (SNP),Sandra WATSON (SNP),Seonad Mairi HOY (Grn),Brian LAND (Ind),Martin Lawson OLU-OSAGIE (Alba),Scott SIMPSON (LD),skipped,skipped,skipped,,10
4083,Allan GOW (SNP),Jacqueline MCLAREN (SNP),Sandra WATSON (SNP),Seonad Mairi HOY (Grn),Brian LAND (Ind),Maria WELLS (Con),Martin Lawson OLU-OSAGIE (Alba),skipped,skipped,skipped,,10
4084,Allan GOW (SNP),Jacqueline MCLAREN (SNP),Sandra WATSON (SNP),Seonad Mairi HOY (Grn),Brian LAND (Ind),Robert JH MOONEY Glasgow (Lab),Fiona E HIGGINS Glasgow (Lab),skipped,skipped,skipped,,10
4085,Allan GOW (SNP),Jacqueline MCLAREN (SNP),Sandra WATSON (SNP),Seonad Mairi HOY (Grn),Maria WELLS (Con),Scott SIMPSON (LD),Fiona E HIGGINS Glasgow (Lab),skipped,skipped,skipped,,10
4086,Allan GOW (SNP),Jacqueline MCLAREN (SNP),Sandra WATSON (SNP),Seonad Mairi HOY (Grn),Robert JH MOONEY Glasgow (Lab),skipped,skipped,skipped,skipped,skipped,,10
4087,Allan GOW (SNP),Jacqueline MCLAREN (SNP),Sandra WATSON (SNP),Seonad Mairi HOY (Grn),Robert JH MOONEY Glasgow (Lab),skipped,skipped,skipped,skipped,skipped,,10
4088,Allan GOW (SNP),Jacqueline MCLAREN (SNP),Sandra WATSON (SNP),Seonad Mairi HOY (Grn),Robert JH MOONEY Glasgow (Lab),Fiona E HIGGINS Glasgow (Lab),Scott SIMPSON (LD),skipped,skipped,skipped,,10
4089,Allan GOW (SNP),Jacqueline MCLAREN (SNP),Sandra WATSON (SNP),Seonad Mairi HOY (Grn),Robert JH MOONEY Glasgow (Lab),Fiona E HIGGINS Glasgow (Lab),Brian LAND (Ind),skipped,skipped,skipped,,10
4090,Allan GOW (SNP),Jacqueline MCLAREN (SNP),Sandra WATSON (SNP),Fiona E HIGGINS Glasgow (Lab),skipped,skipped,skipped,skipped,skipped,skipped,,10
4091,Allan GOW (SNP),Jacqueline MCLAREN (SNP),Sandra WATSON (SNP),Fiona E HIGGINS Glasgow (Lab),skipped,skipped,skipped,skipped,skipped,skipped,,10
4092,Allan GOW (SNP),Jacqueline MCLAREN (SNP),Sandra WATSON (SNP),Fiona E HIGGINS Glasgow (Lab),skipped,skipped,skipped,skipped,skipped,skipped,,10
4093,Allan GOW (SNP),Jacqueline MCLAREN (SNP),Sandra WATSON (SNP),Fiona E HIGGINS Glasgow (Lab),skipped,skipped,skipped,skipped,skipped,skipped,,10
4094,Allan GOW (SNP),Jacqueline MCLAREN (SNP),Sandra WATSON (SNP),Fiona E HIGGINS Glasgow (Lab),skipped,skipped,skipped,skipped,skipped,skipped,,10
4095,Allan GOW (SNP),Jacqueline MCLAREN (SNP),Sandra WATSON (SNP),Fiona E HIGGINS Glasgow (Lab),skipped,skipped,skipped,skipped,skipped,skipped,,10
4096,Allan GOW (SNP),Jacqueline MCLAREN (SNP),Sandra WATSON (SNP),Fiona E HIGGINS Glasgow (Lab),skipped,skipped,skipped,skipped,skipped,skipped,,10
4097,Allan GOW (SNP),Jacqueline MCLAREN (SNP),Sandra WATSON (SNP),Fiona E HIGGINS Glasgow (Lab),skipped,skipped,skipped,skipped,skipped,skipped,,10
4098,Allan GOW (SNP),Jacqueline MCLAREN (SNP),Sandra WATSON (SNP),Fiona E HIGGINS Glasgow (Lab),skipped,skipped,skipped,skipped,skipped,skipped,,10
4099,Allan GOW (SNP),Jacqueline MCLAREN (SNP),Sandra WATSON (SNP),Fiona E HIGGINS Glasgow (Lab),skipped,skipped,skipped,skipped,skipped,skipped,,10
4100,Allan GOW (SNP),Jacqueline MCLAREN (SNP),Sandra WATSON (SNP),Fiona E HIGGINS Glasgow (Lab),skipped,skipped,skipped,skipped,skipped,skipped,,10
4101,Allan GOW (SNP),Jacqueline MCLAREN (SNP),Sandra WATSON (SNP),Fiona E HIGGINS Glasgow (Lab),skipped,skipped,skipped,skipped,skipped,skipped,,10
4102,Allan GOW (SNP),Jacqueline MCLAREN (SNP),Sandra WATSON (SNP),Fiona E HIGGINS Glasgow (Lab),skipped,skipped,skipped,skipped,skipped,skipped,,10
4103,Allan GOW (SNP),Jacqueline MCLAREN (SNP),Sandra WATSON (SNP),Fiona E HIGGINS Glasgow (Lab),Seonad Mairi HOY (Grn),skipped,skipped,skipped,skipped,skipped,,10
4104,Allan GOW (SNP),Jacqueline MCLAREN (SNP),Sandra WATSON (SNP),Fiona E HIGGINS Glasgow (Lab),Seonad Mairi HOY (Grn),Brian LAND (Ind),Robert JH MOONEY Glasgow (Lab),skipped,skipped,skipped,,10
4105,Allan GOW (SNP),Jacqueline MCLAREN (SNP),Sandra WATSON (SNP),Fiona E HIGGINS Glasgow (Lab),Seonad Mairi HOY (Grn),Robert JH MOONEY Glasgow (Lab),skipped,skipped,skipped,skipped,,10
4106,Allan GOW (SNP),Jacqueline MCLAREN (SNP),Sandra WATSON (SNP),Fiona E HIGGINS Glasgow (Lab),Seonad Mairi HOY (Grn),Robert JH MOONEY Glasgow (Lab),skipped,skipped,skipped,skipped,,10
4107,Allan GOW (SNP),Jacqueline MCLAREN (SNP),Sandra WATSON (SNP),Fiona E HIGGINS Glasgow (Lab),Seonad Mairi HOY (Grn),Robert JH MOONEY Glasgow (Lab),Brian LAND (Ind),skipped,skipped,skipped,,10
4108,Allan GOW (SNP),Jacqueline MCLAREN (SNP),Sandra WATSON (SNP),Fiona E HIGGINS Glasgow (Lab),Martin Lawson OLU-OSAGIE (Alba),skipped,skipped,skipped,skipped,skipped,,10
4109,Allan GOW (SNP),Jacqueline MCLAREN (SNP),Sandra WATSON (SNP),Fiona E HIGGINS Glasgow (Lab),Martin Lawson OLU-OSAGIE (Alba),Seonad Mairi HOY (Grn),Robert JH MOONEY Glasgow (Lab),skipped,skipped,skipped,,10
4110,Allan GOW (SNP),Jacqueline MCLAREN (SNP),Sandra WATSON (SNP),Fiona E HIGGINS Glasgow (Lab),Scott SIMPSON (LD),Robert JH MOONEY Glasgow (Lab),Seonad Mairi HOY (Grn),skipped,skipped,skipped,,10
4111,Allan GOW (SNP),Jacqueline MCLAREN (SNP),Sandra WATSON (SNP),Fiona E HIGGINS Glasgow (Lab),Brian LAND (Ind),Robert JH MOONEY Glasgow (Lab),Martin Lawson OLU-OSAGIE (Alba),skipped,skipped,skipped,,10
4112,Allan GOW (SNP),Jacqueline MCLAREN (SNP),Sandra WATSON (SNP),Fiona E HIGGINS Glasgow (Lab),Maria WELLS (Con),Robert JH MOONEY Glasgow (Lab),Scott SIMPSON (LD),skipped,skipped,skipped,,10
4113,Allan GOW (SNP),Jacqueline MCLAREN (SNP),Sandra WATSON (SNP),Fiona E HIGGINS Glasgow (Lab),Robert JH MOONEY Glasgow (Lab),skipped,skipped,skipped,skipped,skipped,,10
4114,Allan GOW (SNP),Jacqueline MCLAREN (SNP),Sandra WATSON (SNP),Fiona E HIGGINS Glasgow (Lab),Robert JH MOONEY Glasgow (Lab),skipped,skipped,skipped,skipped,skipped,,10
4115,Allan GOW (SNP),Jacqueline MCLAREN (SNP),Sandra WATSON (SNP),Fiona E HIGGINS Glasgow (Lab),Robert JH MOONEY Glasgow (Lab),skipped,skipped,skipped,skipped,skipped,,10
4116,Allan GOW (SNP),Jacqueline MCLAREN (SNP),Sandra WATSON (SNP),Fiona E HIGGINS Glasgow (Lab),Robert JH MOONEY Glasgow (Lab),skipped,skipped,skipped,skipped,skipped,,10
4117,Allan GOW (SNP),Jacqueline MCLAREN (SNP),Sandra WATSON (SNP),Fiona E HIGGINS Glasgow (Lab),Robert JH MOONEY Glasgow (Lab),skipped,skipped,skipped,skipped,skipped,,10
4118,Allan GOW (SNP),Jacqueline MCLAREN (SNP),Sandra WATSON (SNP),Fiona E HIGGINS Glasgow (Lab),Robert JH MOONEY Glasgow (Lab),skipped,skipped,skipped,skipped,skipped,,10
4119,Allan GOW (SNP),Jacqueline MCLAREN (SNP),Sandra WATSON (SNP),Fiona E HIGGINS Glasgow (Lab),Robert JH MOONEY Glasgow (Lab),skipped,skipped,skipped,skipped,skipped,,10
4120,Allan GOW (SNP),Jacqueline MCLAREN (SNP),Sandra WATSON (SNP),Fiona E HIGGINS Glasgow (Lab),Robert JH MOONEY Glasgow (Lab),skipped,skipped,skipped,skipped,skipped,,10
4121,Allan GOW (SNP),Jacqueline MCLAREN (SNP),Sandra WATSON (SNP),Fiona E HIGGINS Glasgow (Lab),Robert JH MOONEY Glasgow (Lab),skipped,skipped,skipped,skipped,skipped,,10
4122,Allan GOW (SNP),Jacqueline MCLAREN (SNP),Sandra WATSON (SNP),Fiona E HIGGINS Glasgow (Lab),Robert JH MOONEY Glasgow (Lab),skipped,skipped,skipped,skipped,skipped,,10
4123,Allan GOW (SNP),Jacqueline MCLAREN (SNP),Sandra WATSON (SNP),Fiona E HIGGINS Glasgow (Lab),Robert JH MOONEY Glasgow (Lab),skipped,skipped,skipped,skipped,skipped,,10
4124,Allan GOW (SNP),Jacqueline MCLAREN (SNP),Sandra WATSON (SNP),Fiona E HIGGINS Glasgow (Lab),Robert JH MOONEY Glasgow (Lab),skipped,skipped,skipped,skipped,skipped,,10
4125,Allan GOW (SNP),Jacqueline MCLAREN (SNP),Sandra WATSON (SNP),Fiona E HIGGINS Glasgow (Lab),Robert JH MOONEY Glasgow (Lab),skipped,skipped,skipped,skipped,skipped,,10
4126,Allan GOW (SNP),Jacqueline MCLAREN (SNP),Sandra WATSON (SNP),Fiona E HIGGINS Glasgow (Lab),Robert JH MOONEY Glasgow (Lab),skipped,skipped,skipped,skipped,skipped,,10
4127,Allan GOW (SNP),Jacqueline MCLAREN (SNP),Sandra WATSON (SNP),Fiona E HIGGINS Glasgow (Lab),Robert JH MOONEY Glasgow (Lab),skipped,skipped,skipped,skipped,skipped,,10
4128,Allan GOW (SNP),Jacqueline MCLAREN (SNP),Sandra WATSON (SNP),Fiona E HIGGINS Glasgow (Lab),Robert JH MOONEY Glasgow (Lab),skipped,skipped,skipped,skipped,skipped,,10
4129,Allan GOW (SNP),Jacqueline MCLAREN (SNP),Sandra WATSON (SNP),Fiona E HIGGINS Glasgow (Lab),Robert JH MOONEY Glasgow (Lab),skipped,skipped,skipped,skipped,skipped,,10
4130,Allan GOW (SNP),Jacqueline MCLAREN (SNP),Sandra WATSON (SNP),Fiona E HIGGINS Glasgow (Lab),Robert JH MOONEY Glasgow (Lab),skipped,skipped,skipped,skipped,skipped,,10
4131,Allan GOW (SNP),Jacqueline MCLAREN (SNP),Sandra WATSON (SNP),Fiona E HIGGINS Glasgow (Lab),Robert JH MOONEY Glasgow (Lab),Seonad Mairi HOY (Grn),Martin Lawson OLU-OSAGIE (Alba),skipped,skipped,skipped,,10
4132,Allan GOW (SNP),Jacqueline MCLAREN (SNP),Sandra WATSON (SNP),Fiona E HIGGINS Glasgow (Lab),Robert JH MOONEY Glasgow (Lab),Seonad Mairi HOY (Grn),Martin Lawson OLU-OSAGIE (Alba),skipped,skipped,skipped,,10
4133,Allan GOW (SNP),Jacqueline MCLAREN (SNP),Sandra WATSON (SNP),Fiona E HIGGINS Glasgow (Lab),Robert JH MOONEY Glasgow (Lab),Seonad Mairi HOY (Grn),Scott SIMPSON (LD),skipped,skipped,skipped,,10
4134,Allan GOW (SNP),Jacqueline MCLAREN (SNP),Sandra WATSON (SNP),Fiona E HIGGINS Glasgow (Lab),Robert JH MOONEY Glasgow (Lab),Seonad Mairi HOY (Grn),Scott SIMPSON (LD),skipped,skipped,skipped,,10
4135,Allan GOW (SNP),Jacqueline MCLAREN (SNP),Sandra WATSON (SNP),Fiona E HIGGINS Glasgow (Lab),Robert JH MOONEY Glasgow (Lab),Seonad Mairi HOY (Grn),Scott SIMPSON (LD),skipped,skipped,skipped,,10
4136,Allan GOW (SNP),Jacqueline MCLAREN (SNP),Sandra WATSON (SNP),Fiona E HIGGINS Glasgow (Lab),Robert JH MOONEY Glasgow (Lab),Seonad Mairi HOY (Grn),Scott SIMPSON (LD),skipped,skipped,skipped,,10
4137,Allan GOW (SNP),Jacqueline MCLAREN (SNP),Sandra WATSON (SNP),Fiona E HIGGINS Glasgow (Lab),Robert JH MOONEY Glasgow (Lab),Martin Lawson OLU-OSAGIE (Alba),Scott SIMPSON (LD),skipped,skipped,skipped,,10
4138,Allan GOW (SNP),Jacqueline MCLAREN (SNP),Sandra WATSON (SNP),Fiona E HIGGINS Glasgow (Lab),Robert JH MOONEY Glasgow (Lab),Martin Lawson OLU-OSAGIE (Alba),Scott SIMPSON (LD),skipped,skipped,skipped,,10
4139,Allan GOW (SNP),Jacqueline MCLAREN (SNP),Sandra WATSON (SNP),Fiona E HIGGINS Glasgow (Lab),Robert JH MOONEY Glasgow (Lab),Scott SIMPSON (LD),Martin Lawson OLU-OSAGIE (Alba),skipped,skipped,skipped,,10
4140,Allan GOW (SNP),Jacqueline MCLAREN (SNP),Sandra WATSON (SNP),Fiona E HIGGINS Glasgow (Lab),Robert JH MOONEY Glasgow (Lab),Scott SIMPSON (LD),Maria WELLS (Con),skipped,skipped,skipped,,10
4141,Allan GOW (SNP),Jacqueline MCLAREN (SNP),Sandra WATSON (SNP),Fiona E HIGGINS Glasgow (Lab),Robert JH MOONEY Glasgow (Lab),Brian LAND (Ind),skipped,skipped,skipped,skipped,,10
4142,Allan GOW (SNP),Jacqueline MCLAREN (SNP),Sandra WATSON (SNP),Fiona E HIGGINS Glasgow (Lab),Robert JH MOONEY Glasgow (Lab),Brian LAND (Ind),Seonad Mairi HOY (Grn),skipped,skipped,skipped,,10
4143,Allan GOW (SNP),Jacqueline MCLAREN (SNP),Sandra WATSON (SNP),Martin Lawson OLU-OSAGIE (Alba),skipped,skipped,skipped,skipped,skipped,skipped,,10
4144,Allan GOW (SNP),Jacqueline MCLAREN (SNP),Sandra WATSON (SNP),Martin Lawson OLU-OSAGIE (Alba),skipped,skipped,skipped,skipped,skipped,skipped,,10
4145,Allan GOW (SNP),Jacqueline MCLAREN (SNP),Sandra WATSON (SNP),Martin Lawson OLU-OSAGIE (Alba),skipped,skipped,skipped,skipped,skipped,skipped,,10
4146,Allan GOW (SNP),Jacqueline MCLAREN (SNP),Sandra WATSON (SNP),Martin Lawson OLU-OSAGIE (Alba),skipped,skipped,skipped,skipped,skipped,skipped,,10
4147,Allan GOW (SNP),Jacqueline MCLAREN (SNP),Sandra WATSON (SNP),Martin Lawson OLU-OSAGIE (Alba),skipped,skipped,skipped,skipped,skipped,skipped,,10
4148,Allan GOW (SNP),Jacqueline MCLAREN (SNP),Sandra WATSON (SNP),Martin Lawson OLU-OSAGIE (Alba),skipped,skipped,skipped,skipped,skipped,skipped,,10
4149,Allan GOW (SNP),Jacqueline MCLAREN (SNP),Sandra WATSON (SNP),Martin Lawson OLU-OSAGIE (Alba),skipped,skipped,skipped,skipped,skipped,skipped,,10
4150,Allan GOW (SNP),Jacqueline MCLAREN (SNP),Sandra WATSON (SNP),Martin Lawson OLU-OSAGIE (Alba),skipped,skipped,skipped,skipped,skipped,skipped,,10
4151,Allan GOW (SNP),Jacqueline MCLAREN (SNP),Sandra WATSON (SNP),Martin Lawson OLU-OSAGIE (Alba),skipped,skipped,skipped,skipped,skipped,skipped,,10
4152,Allan GOW (SNP),Jacqueline MCLAREN (SNP),Sandra WATSON (SNP),Martin Lawson OLU-OSAGIE (Alba),skipped,skipped,skipped,skipped,skipped,skipped,,10
4153,Allan GOW (SNP),Jacqueline MCLAREN (SNP),Sandra WATSON (SNP),Martin Lawson OLU-OSAGIE (Alba),skipped,skipped,skipped,skipped,skipped,skipped,,10
4154,Allan GOW (SNP),Jacqueline MCLAREN (SNP),Sandra WATSON (SNP),Martin Lawson OLU-OSAGIE (Alba),skipped,skipped,skipped,skipped,skipped,skipped,,10
4155,Allan GOW (SNP),Jacqueline MCLAREN (SNP),Sandra WATSON (SNP),Martin Lawson OLU-OSAGIE (Alba),skipped,skipped,skipped,skipped,skipped,skipped,,10
4156,Allan GOW (SNP),Jacqueline MCLAREN (SNP),Sandra WATSON (SNP),Martin Lawson OLU-OSAGIE (Alba),skipped,skipped,skipped,skipped,skipped,skipped,,10
4157,Allan GOW (SNP),Jacqueline MCLAREN (SNP),Sandra WATSON (SNP),Martin Lawson OLU-OSAGIE (Alba),skipped,skipped,skipped,skipped,skipped,skipped,,10
4158,Allan GOW (SNP),Jacqueline MCLAREN (SNP),Sandra WATSON (SNP),Martin Lawson OLU-OSAGIE (Alba),skipped,skipped,skipped,skipped,skipped,skipped,,10
4159,Allan GOW (SNP),Jacqueline MCLAREN (SNP),Sandra WATSON (SNP),Martin Lawson OLU-OSAGIE (Alba),skipped,skipped,skipped,skipped,skipped,skipped,,10
4160,Allan GOW (SNP),Jacqueline MCLAREN (SNP),Sandra WATSON (SNP),Martin Lawson OLU-OSAGIE (Alba),Seonad Mairi HOY (Grn),skipped,skipped,skipped,skipped,skipped,,10
4161,Allan GOW (SNP),Jacqueline MCLAREN (SNP),Sandra WATSON (SNP),Martin Lawson OLU-OSAGIE (Alba),Seonad Mairi HOY (Grn),skipped,skipped,skipped,skipped,skipped,,10
4162,Allan GOW (SNP),Jacqueline MCLAREN (SNP),Sandra WATSON (SNP),Martin Lawson OLU-OSAGIE (Alba),Seonad Mairi HOY (Grn),skipped,skipped,skipped,skipped,skipped,,10
4163,Allan GOW (SNP),Jacqueline MCLAREN (SNP),Sandra WATSON (SNP),Martin Lawson OLU-OSAGIE (Alba),Seonad Mairi HOY (Grn),skipped,skipped,skipped,skipped,skipped,,10
4164,Allan GOW (SNP),Jacqueline MCLAREN (SNP),Sandra WATSON (SNP),Martin Lawson OLU-OSAGIE (Alba),Seonad Mairi HOY (Grn),skipped,skipped,skipped,skipped,skipped,,10
4165,Allan GOW (SNP),Jacqueline MCLAREN (SNP),Sandra WATSON (SNP),Martin Lawson OLU-OSAGIE (Alba),Seonad Mairi HOY (Grn),skipped,skipped,skipped,skipped,skipped,,10
4166,Allan GOW (SNP),Jacqueline MCLAREN (SNP),Sandra WATSON (SNP),Martin Lawson OLU-OSAGIE (Alba),Seonad Mairi HOY (Grn),Scott SIMPSON (LD),Fiona E HIGGINS Glasgow (Lab),skipped,skipped,skipped,,10
4167,Allan GOW (SNP),Jacqueline MCLAREN (SNP),Sandra WATSON (SNP),Martin Lawson OLU-OSAGIE (Alba),Seonad Mairi HOY (Grn),Scott SIMPSON (LD),Maria WELLS (Con),skipped,skipped,skipped,,10
4168,Allan GOW (SNP),Jacqueline MCLAREN (SNP),Sandra WATSON (SNP),Martin Lawson OLU-OSAGIE (Alba),Seonad Mairi HOY (Grn),Brian LAND (Ind),Scott SIMPSON (LD),skipped,skipped,skipped,,10
4169,Allan GOW (SNP),Jacqueline MCLAREN (SNP),Sandra WATSON (SNP),Martin Lawson OLU-OSAGIE (Alba),Fiona E HIGGINS Glasgow (Lab),Seonad Mairi HOY (Grn),Robert JH MOONEY Glasgow (Lab),skipped,skipped,skipped,,10
4170,Allan GOW (SNP),Jacqueline MCLAREN (SNP),Sandra WATSON (SNP),Martin Lawson OLU-OSAGIE (Alba),Fiona E HIGGINS Glasgow (Lab),Robert JH MOONEY Glasgow (Lab),Scott SIMPSON (LD),skipped,skipped,skipped,,10
4171,Allan GOW (SNP),Jacqueline MCLAREN (SNP),Sandra WATSON (SNP),Martin Lawson OLU-OSAGIE (Alba),Scott SIMPSON (LD),Maria WELLS (Con),Brian LAND (Ind),skipped,skipped,skipped,,10
4172,Allan GOW (SNP),Jacqueline MCLAREN (SNP),Sandra WATSON (SNP),Martin Lawson OLU-OSAGIE (Alba),Scott SIMPSON (LD),Robert JH MOONEY Glasgow (Lab),Fiona E HIGGINS Glasgow (Lab),skipped,skipped,skipped,,10
4173,Allan GOW (SNP),Jacqueline MCLAREN (SNP),Sandra WATSON (SNP),Martin Lawson OLU-OSAGIE (Alba),Brian LAND (Ind),Seonad Mairi HOY (Grn),Scott SIMPSON (LD),skipped,skipped,skipped,,10
4174,Allan GOW (SNP),Jacqueline MCLAREN (SNP),Sandra WATSON (SNP),Martin Lawson OLU-OSAGIE (Alba),Brian LAND (Ind),Fiona E HIGGINS Glasgow (Lab),Robert JH MOONEY Glasgow (Lab),skipped,skipped,skipped,,10
4175,Allan GOW (SNP),Jacqueline MCLAREN (SNP),Sandra WATSON (SNP),Martin Lawson OLU-OSAGIE (Alba),Brian LAND (Ind),Robert JH MOONEY Glasgow (Lab),Scott SIMPSON (LD),skipped,skipped,skipped,,10
4176,Allan GOW (SNP),Jacqueline MCLAREN (SNP),Sandra WATSON (SNP),Scott SIMPSON (LD),skipped,skipped,skipped,skipped,skipped,skipped,,10
4177,Allan GOW (SNP),Jacqueline MCLAREN (SNP),Sandra WATSON (SNP),Scott SIMPSON (LD),Seonad Mairi HOY (Grn),Fiona E HIGGINS Glasgow (Lab),Robert JH MOONEY Glasgow (Lab),skipped,skipped,skipped,,10
4178,Allan GOW (SNP),Jacqueline MCLAREN (SNP),Sandra WATSON (SNP),Scott SIMPSON (LD),Seonad Mairi HOY (Grn),Fiona E HIGGINS Glasgow (Lab),Robert JH MOONEY Glasgow (Lab),skipped,skipped,skipped,,10
4179,Allan GOW (SNP),Jacqueline MCLAREN (SNP),Sandra WATSON (SNP),Scott SIMPSON (LD),Seonad Mairi HOY (Grn),Fiona E HIGGINS Glasgow (Lab),Robert JH MOONEY Glasgow (Lab),skipped,skipped,skipped,,10
4180,Allan GOW (SNP),Jacqueline MCLAREN (SNP),Sandra WATSON (SNP),Brian LAND (Ind),skipped,skipped,skipped,skipped,skipped,skipped,,10
4181,Allan GOW (SNP),Jacqueline MCLAREN (SNP),Sandra WATSON (SNP),Brian LAND (Ind),skipped,skipped,skipped,skipped,skipped,skipped,,10
4182,Allan GOW (SNP),Jacqueline MCLAREN (SNP),Sandra WATSON (SNP),Brian LAND (Ind),skipped,skipped,skipped,skipped,skipped,skipped,,10
4183,Allan GOW (SNP),Jacqueline MCLAREN (SNP),Sandra WATSON (SNP),Brian LAND (Ind),skipped,skipped,skipped,skipped,skipped,skipped,,10
4184,Allan GOW (SNP),Jacqueline MCLAREN (SNP),Sandra WATSON (SNP),Brian LAND (Ind),skipped,skipped,skipped,skipped,skipped,skipped,,10
4185,Allan GOW (SNP),Jacqueline MCLAREN (SNP),Sandra WATSON (SNP),Brian LAND (Ind),skipped,skipped,skipped,skipped,skipped,skipped,,10
4186,Allan GOW (SNP),Jacqueline MCLAREN (SNP),Sandra WATSON (SNP),Brian LAND (Ind),skipped,skipped,skipped,skipped,skipped,skipped,,10
4187,Allan GOW (SNP),Jacqueline MCLAREN (SNP),Sandra WATSON (SNP),Brian LAND (Ind),skipped,skipped,skipped,skipped,skipped,skipped,,10
4188,Allan GOW (SNP),Jacqueline MCLAREN (SNP),Sandra WATSON (SNP),Brian LAND (Ind),skipped,skipped,skipped,skipped,skipped,skipped,,10
4189,Allan GOW (SNP),Jacqueline MCLAREN (SNP),Sandra WATSON (SNP),Brian LAND (Ind),skipped,skipped,skipped,skipped,skipped,skipped,,10
4190,Allan GOW (SNP),Jacqueline MCLAREN (SNP),Sandra WATSON (SNP),Brian LAND (Ind),skipped,skipped,skipped,skipped,skipped,skipped,,10
4191,Allan GOW (SNP),Jacqueline MCLAREN (SNP),Sandra WATSON (SNP),Brian LAND (Ind),Seonad Mairi HOY (Grn),skipped,skipped,skipped,skipped,skipped,,10
4192,Allan GOW (SNP),Jacqueline MCLAREN (SNP),Sandra WATSON (SNP),Brian LAND (Ind),Seonad Mairi HOY (Grn),skipped,skipped,skipped,skipped,skipped,,10
4193,Allan GOW (SNP),Jacqueline MCLAREN (SNP),Sandra WATSON (SNP),Brian LAND (Ind),Seonad Mairi HOY (Grn),skipped,skipped,skipped,skipped,skipped,,10
4194,Allan GOW (SNP),Jacqueline MCLAREN (SNP),Sandra WATSON (SNP),Brian LAND (Ind),Seonad Mairi HOY (Grn),skipped,skipped,skipped,skipped,skipped,,10
4195,Allan GOW (SNP),Jacqueline MCLAREN (SNP),Sandra WATSON (SNP),Brian LAND (Ind),Seonad Mairi HOY (Grn),skipped,skipped,skipped,skipped,skipped,,10
4196,Allan GOW (SNP),Jacqueline MCLAREN (SNP),Sandra WATSON (SNP),Brian LAND (Ind),Seonad Mairi HOY (Grn),skipped,skipped,skipped,skipped,skipped,,10
4197,Allan GOW (SNP),Jacqueline MCLAREN (SNP),Sandra WATSON (SNP),Brian LAND (Ind),Seonad Mairi HOY (Grn),Fiona E HIGGINS Glasgow (Lab),Robert JH MOONEY Glasgow (Lab),skipped,skipped,skipped,,10
4198,Allan GOW (SNP),Jacqueline MCLAREN (SNP),Sandra WATSON (SNP),Brian LAND (Ind),Seonad Mairi HOY (Grn),Fiona E HIGGINS Glasgow (Lab),Robert JH MOONEY Glasgow (Lab),skipped,skipped,skipped,,10
4199,Allan GOW (SNP),Jacqueline MCLAREN (SNP),Sandra WATSON (SNP),Brian LAND (Ind),Seonad Mairi HOY (Grn),Martin Lawson OLU-OSAGIE (Alba),Fiona E HIGGINS Glasgow (Lab),skipped,skipped,skipped,,10
4200,Allan GOW (SNP),Jacqueline MCLAREN (SNP),Sandra WATSON (SNP),Brian LAND (Ind),Seonad Mairi HOY (Grn),Martin Lawson OLU-OSAGIE (Alba),Scott SIMPSON (LD),skipped,skipped,skipped,,10
4201,Allan GOW (SNP),Jacqueline MCLAREN (SNP),Sandra WATSON (SNP),Brian LAND (Ind),Fiona E HIGGINS Glasgow (Lab),Seonad Mairi HOY (Grn),Robert JH MOONEY Glasgow (Lab),skipped,skipped,skipped,,10
4202,Allan GOW (SNP),Jacqueline MCLAREN (SNP),Sandra WATSON (SNP),Brian LAND (Ind),Fiona E HIGGINS Glasgow (Lab),Robert JH MOONEY Glasgow (Lab),skipped,skipped,skipped,skipped,,10
4203,Allan GOW (SNP),Jacqueline MCLAREN (SNP),Sandra WATSON (SNP),Brian LAND (Ind),Fiona E HIGGINS Glasgow (Lab),Robert JH MOONEY Glasgow (Lab),Seonad Mairi HOY (Grn),skipped,skipped,skipped,,10
4204,Allan GOW (SNP),Jacqueline MCLAREN (SNP),Sandra WATSON (SNP),Brian LAND (Ind),Martin Lawson OLU-OSAGIE (Alba),Seonad Mairi HOY (Grn),skipped,skipped,skipped,skipped,,10
4205,Allan GOW (SNP),Jacqueline MCLAREN (SNP),Sandra WATSON (SNP),Brian LAND (Ind),Robert JH MOONEY Glasgow (Lab),skipped,skipped,skipped,skipped,skipped,,10
4206,Allan GOW (SNP),Jacqueline MCLAREN (SNP),Sandra WATSON (SNP),Maria WELLS (Con),skipped,skipped,skipped,skipped,skipped,skipped,,10
4207,Allan GOW (SNP),Jacqueline MCLAREN (SNP),Sandra WATSON (SNP),Maria WELLS (Con),skipped,skipped,skipped,skipped,skipped,skipped,,10
4208,Allan GOW (SNP),Jacqueline MCLAREN (SNP),Sandra WATSON (SNP),Maria WELLS (Con),Seonad Mairi HOY (Grn),Fiona E HIGGINS Glasgow (Lab),Brian LAND (Ind),skipped,skipped,skipped,,10
4209,Allan GOW (SNP),Jacqueline MCLAREN (SNP),Sandra WATSON (SNP),Maria WELLS (Con),Fiona E HIGGINS Glasgow (Lab),Seonad Mairi HOY (Grn),Brian LAND (Ind),skipped,skipped,skipped,,10
4210,Allan GOW (SNP),Jacqueline MCLAREN (SNP),Sandra WATSON (SNP),Maria WELLS (Con),Fiona E HIGGINS Glasgow (Lab),Robert JH MOONEY Glasgow (Lab),Seonad Mairi HOY (Grn),skipped,skipped,skipped,,10
4211,Allan GOW (SNP),Jacqueline MCLAREN (SNP),Sandra WATSON (SNP),Robert JH MOONEY Glasgow (Lab),skipped,skipped,skipped,skipped,skipped,skipped,,10
4212,Allan GOW (SNP),Jacqueline MCLAREN (SNP),Sandra WATSON (SNP),Robert JH MOONEY Glasgow (Lab),skipped,skipped,skipped,skipped,skipped,skipped,,10
4213,Allan GOW (SNP),Jacqueline MCLAREN (SNP),Sandra WATSON (SNP),Robert JH MOONEY Glasgow (Lab),skipped,skipped,skipped,skipped,skipped,skipped,,10
4214,Allan GOW (SNP),Jacqueline MCLAREN (SNP),Sandra WATSON (SNP),Robert JH MOONEY Glasgow (Lab),skipped,skipped,skipped,skipped,skipped,skipped,,10
4215,Allan GOW (SNP),Jacqueline MCLAREN (SNP),Sandra WATSON (SNP),Robert JH MOONEY Glasgow (Lab),skipped,skipped,skipped,skipped,skipped,skipped,,10
4216,Allan GOW (SNP),Jacqueline MCLAREN (SNP),Sandra WATSON (SNP),Robert JH MOONEY Glasgow (Lab),Seonad Mairi HOY (Grn),Fiona E HIGGINS Glasgow (Lab),Brian LAND (Ind),skipped,skipped,skipped,,10
4217,Allan GOW (SNP),Jacqueline MCLAREN (SNP),Sandra WATSON (SNP),Robert JH MOONEY Glasgow (Lab),Fiona E HIGGINS Glasgow (Lab),skipped,skipped,skipped,skipped,skipped,,10
4218,Allan GOW (SNP),Jacqueline MCLAREN (SNP),Sandra WATSON (SNP),Robert JH MOONEY Glasgow (Lab),Fiona E HIGGINS Glasgow (Lab),skipped,skipped,skipped,skipped,skipped,,10
4219,Allan GOW (SNP),Jacqueline MCLAREN (SNP),Sandra WATSON (SNP),Robert JH MOONEY Glasgow (Lab),Fiona E HIGGINS Glasgow (Lab),skipped,skipped,skipped,skipped,skipped,,10
4220,Allan GOW (SNP),Jacqueline MCLAREN (SNP),Sandra WATSON (SNP),Robert JH MOONEY Glasgow (Lab),Fiona E HIGGINS Glasgow (Lab),Seonad Mairi HOY (Grn),Martin Lawson OLU-OSAGIE (Alba),skipped,skipped,skipped,,10
4221,Allan GOW (SNP),Jacqueline MCLAREN (SNP),Sandra WATSON (SNP),Robert JH MOONEY Glasgow (Lab),Fiona E HIGGINS Glasgow (Lab),Seonad Mairi HOY (Grn),Scott SIMPSON (LD),skipped,skipped,skipped,,10
4222,Allan GOW (SNP),Jacqueline MCLAREN (SNP),Sandra WATSON (SNP),Robert JH MOONEY Glasgow (Lab),Fiona E HIGGINS Glasgow (Lab),Martin Lawson OLU-OSAGIE (Alba),Seonad Mairi HOY (Grn),skipped,skipped,skipped,,10
4223,Allan GOW (SNP),Jacqueline MCLAREN (SNP),Sandra WATSON (SNP),Robert JH MOONEY Glasgow (Lab),Fiona E HIGGINS Glasgow (Lab),Maria WELLS (Con),Scott SIMPSON (LD),skipped,skipped,skipped,,10
4224,Allan GOW (SNP),Robert JH MOONEY Glasgow (Lab),skipped,skipped,skipped,skipped,skipped,skipped,skipped,skipped,,10
4225,Allan GOW (SNP),Robert JH MOONEY Glasgow (Lab),Seonad Mairi HOY (Grn),skipped,skipped,skipped,skipped,skipped,skipped,skipped,,10
4226,Allan GOW (SNP),Robert JH MOONEY Glasgow (Lab),Seonad Mairi HOY (Grn),skipped,skipped,skipped,skipped,skipped,skipped,skipped,,10
4227,Allan GOW (SNP),Robert JH MOONEY Glasgow (Lab),Seonad Mairi HOY (Grn),Sandra WATSON (SNP),skipped,skipped,skipped,skipped,skipped,skipped,,10
4228,Allan GOW (SNP),Robert JH MOONEY Glasgow (Lab),Fiona E HIGGINS Glasgow (Lab),skipped,skipped,skipped,skipped,skipped,skipped,skipped,,10
4229,Allan GOW (SNP),Robert JH MOONEY Glasgow (Lab),Fiona E HIGGINS Glasgow (Lab),skipped,skipped,skipped,skipped,skipped,skipped,skipped,,10
4230,Allan GOW (SNP),Robert JH MOONEY Glasgow (Lab),Fiona E HIGGINS Glasgow (Lab),skipped,skipped,skipped,skipped,skipped,skipped,skipped,,10
4231,Allan GOW (SNP),Robert JH MOONEY Glasgow (Lab),Fiona E HIGGINS Glasgow (Lab),Seonad Mairi HOY (Grn),Brian LAND (Ind),Jacqueline MCLAREN (SNP),Martin Lawson OLU-OSAGIE (Alba),skipped,skipped,skipped,,10
4232,Allan GOW (SNP),Robert JH MOONEY Glasgow (Lab),Fiona E HIGGINS Glasgow (Lab),Seonad Mairi HOY (Grn),Brian LAND (Ind),Jacqueline MCLAREN (SNP),Martin Lawson OLU-OSAGIE (Alba),skipped,skipped,skipped,,10
4233,Allan GOW (SNP),Robert JH MOONEY Glasgow (Lab),Fiona E HIGGINS Glasgow (Lab),Jacqueline MCLAREN (SNP),Sandra WATSON (SNP),skipped,skipped,skipped,skipped,skipped,,10
4234,Allan GOW (SNP),Robert JH MOONEY Glasgow (Lab),Fiona E HIGGINS Glasgow (Lab),Jacqueline MCLAREN (SNP),Sandra WATSON (SNP),skipped,skipped,skipped,skipped,skipped,,10
4235,Allan GOW (SNP),Robert JH MOONEY Glasgow (Lab),Fiona E HIGGINS Glasgow (Lab),Jacqueline MCLAREN (SNP),Sandra WATSON (SNP),skipped,skipped,skipped,skipped,skipped,,10
4236,Allan GOW (SNP),Robert JH MOONEY Glasgow (Lab),Scott SIMPSON (LD),skipped,skipped,skipped,skipped,skipped,skipped,skipped,,10
4237,Allan GOW (SNP),Robert JH MOONEY Glasgow (Lab),Scott SIMPSON (LD),Maria WELLS (Con),Fiona E HIGGINS Glasgow (Lab),Seonad Mairi HOY (Grn),Brian LAND (Ind),skipped,skipped,skipped,,10
4238,Allan GOW (SNP),Robert JH MOONEY Glasgow (Lab),Brian LAND (Ind),skipped,skipped,skipped,skipped,skipped,skipped,skipped,,10
4239,Allan GOW (SNP),Robert JH MOONEY Glasgow (Lab),Maria WELLS (Con),skipped,skipped,skipped,skipped,skipped,skipped,skipped,,10
4240,Allan GOW (SNP),Robert JH MOONEY Glasgow (Lab),Maria WELLS (Con),skipped,skipped,skipped,skipped,skipped,skipped,skipped,,10
4241,Allan GOW (SNP),Robert JH MOONEY Glasgow (Lab),Jacqueline MCLAREN (SNP),skipped,skipped,skipped,skipped,skipped,skipped,skipped,,10
4242,Allan GOW (SNP),Robert JH MOONEY Glasgow (Lab),Jacqueline MCLAREN (SNP),Fiona E HIGGINS Glasgow (Lab),Martin Lawson OLU-OSAGIE (Alba),Sandra WATSON (SNP),skipped,skipped,skipped,skipped,,10
4243,Allan GOW (SNP),Robert JH MOONEY Glasgow (Lab),Sandra WATSON (SNP),skipped,skipped,skipped,skipped,skipped,skipped,skipped,,10
4244,Allan GOW (SNP),Robert JH MOONEY Glasgow (Lab),Sandra WATSON (SNP),skipped,skipped,skipped,skipped,skipped,skipped,skipped,,10
4245,Allan GOW (SNP),Robert JH MOONEY Glasgow (Lab),Sandra WATSON (SNP),Fiona E HIGGINS Glasgow (Lab),skipped,skipped,skipped,skipped,skipped,skipped,,10
4246,Allan GOW (SNP),Robert JH MOONEY Glasgow (Lab),Sandra WATSON (SNP),Jacqueline MCLAREN (SNP),Fiona E HIGGINS Glasgow (Lab),skipped,skipped,skipped,skipped,skipped,,10
4247,Allan GOW (SNP),Sandra WATSON (SNP),skipped,skipped,skipped,skipped,skipped,skipped,skipped,skipped,,10
4248,Allan GOW (SNP),Sandra WATSON (SNP),skipped,skipped,skipped,skipped,skipped,skipped,skipped,skipped,,10
4249,Allan GOW (SNP),Sandra WATSON (SNP),skipped,skipped,skipped,skipped,skipped,skipped,skipped,skipped,,10
4250,Allan GOW (SNP),Sandra WATSON (SNP),Seonad Mairi HOY (Grn),skipped,skipped,skipped,skipped,skipped,skipped,skipped,,10
4251,Allan GOW (SNP),Sandra WATSON (SNP),Seonad Mairi HOY (Grn),skipped,skipped,skipped,skipped,skipped,skipped,skipped,,10
4252,Allan GOW (SNP),Sandra WATSON (SNP),Seonad Mairi HOY (Grn),skipped,skipped,skipped,skipped,skipped,skipped,skipped,,10
4253,Allan GOW (SNP),Sandra WATSON (SNP),Seonad Mairi HOY (Grn),Fiona E HIGGINS Glasgow (Lab),Robert JH MOONEY Glasgow (Lab),skipped,skipped,skipped,skipped,skipped,,10
4254,Allan GOW (SNP),Sandra WATSON (SNP),Seonad Mairi HOY (Grn),Jacqueline MCLAREN (SNP),skipped,skipped,skipped,skipped,skipped,skipped,,10
4255,Allan GOW (SNP),Sandra WATSON (SNP),Seonad Mairi HOY (Grn),Jacqueline MCLAREN (SNP),skipped,skipped,skipped,skipped,skipped,skipped,,10
4256,Allan GOW (SNP),Sandra WATSON (SNP),Seonad Mairi HOY (Grn),Jacqueline MCLAREN (SNP),Fiona E HIGGINS Glasgow (Lab),Robert JH MOONEY Glasgow (Lab),Scott SIMPSON (LD),skipped,skipped,skipped,,10
4257,Allan GOW (SNP),Sandra WATSON (SNP),Seonad Mairi HOY (Grn),Jacqueline MCLAREN (SNP),Martin Lawson OLU-OSAGIE (Alba),Scott SIMPSON (LD),Fiona E HIGGINS Glasgow (Lab),skipped,skipped,skipped,,10
4258,Allan GOW (SNP),Sandra WATSON (SNP),Fiona E HIGGINS Glasgow (Lab),Brian LAND (Ind),Jacqueline MCLAREN (SNP),Robert JH MOONEY Glasgow (Lab),Seonad Mairi HOY (Grn),skipped,skipped,skipped,,10
4259,Allan GOW (SNP),Sandra WATSON (SNP),Fiona E HIGGINS Glasgow (Lab),Jacqueline MCLAREN (SNP),Seonad Mairi HOY (Grn),Robert JH MOONEY Glasgow (Lab),skipped,skipped,skipped,skipped,,10
4260,Allan GOW (SNP),Sandra WATSON (SNP),Fiona E HIGGINS Glasgow (Lab),Jacqueline MCLAREN (SNP),Robert JH MOONEY Glasgow (Lab),Seonad Mairi HOY (Grn),Brian LAND (Ind),skipped,skipped,skipped,,10
4261,Allan GOW (SNP),Sandra WATSON (SNP),Fiona E HIGGINS Glasgow (Lab),Robert JH MOONEY Glasgow (Lab),skipped,skipped,skipped,skipped,skipped,skipped,,10
4262,Allan GOW (SNP),Sandra WATSON (SNP),Martin Lawson OLU-OSAGIE (Alba),Seonad Mairi HOY (Grn),Maria WELLS (Con),skipped,skipped,skipped,skipped,skipped,,10
4263,Allan GOW (SNP),Sandra WATSON (SNP),Brian LAND (Ind),Seonad Mairi HOY (Grn),skipped,skipped,skipped,skipped,skipped,skipped,,10
4264,Allan GOW (SNP),Sandra WATSON (SNP),Brian LAND (Ind),Jacqueline MCLAREN (SNP),skipped,skipped,skipped,skipped,skipped,skipped,,10
4265,Allan GOW (SNP),Sandra WATSON (SNP),Jacqueline MCLAREN (SNP),skipped,skipped,skipped,skipped,skipped,skipped,skipped,,10
4266,Allan GOW (SNP),Sandra WATSON (SNP),Jacqueline MCLAREN (SNP),skipped,skipped,skipped,skipped,skipped,skipped,skipped,,10
4267,Allan GOW (SNP),Sandra WATSON (SNP),Jacqueline MCLAREN (SNP),skipped,skipped,skipped,skipped,skipped,skipped,skipped,,10
4268,Allan GOW (SNP),Sandra WATSON (SNP),Jacqueline MCLAREN (SNP),skipped,skipped,skipped,skipped,skipped,skipped,skipped,,10
4269,Allan GOW (SNP),Sandra WATSON (SNP),Jacqueline MCLAREN (SNP),skipped,skipped,skipped,skipped,skipped,skipped,skipped,,10
4270,Allan GOW (SNP),Sandra WATSON (SNP),Jacqueline MCLAREN (SNP),skipped,skipped,skipped,skipped,skipped,skipped,skipped,,10
4271,Allan GOW (SNP),Sandra WATSON (SNP),Jacqueline MCLAREN (SNP),skipped,skipped,skipped,skipped,skipped,skipped,skipped,,10
4272,Allan GOW (SNP),Sandra WATSON (SNP),Jacqueline MCLAREN (SNP),skipped,skipped,skipped,skipped,skipped,skipped,skipped,,10
4273,Allan GOW (SNP),Sandra WATSON (SNP),Jacqueline MCLAREN (SNP),skipped,skipped,skipped,skipped,skipped,skipped,skipped,,10
4274,Allan GOW (SNP),Sandra WATSON (SNP),Jacqueline MCLAREN (SNP),skipped,skipped,skipped,skipped,skipped,skipped,skipped,,10
4275,Allan GOW (SNP),Sandra WATSON (SNP),Jacqueline MCLAREN (SNP),skipped,skipped,skipped,skipped,skipped,skipped,skipped,,10
4276,Allan GOW (SNP),Sandra WATSON (SNP),Jacqueline MCLAREN (SNP),skipped,skipped,skipped,skipped,skipped,skipped,skipped,,10
4277,Allan GOW (SNP),Sandra WATSON (SNP),Jacqueline MCLAREN (SNP),skipped,skipped,skipped,skipped,skipped,skipped,skipped,,10
4278,Allan GOW (SNP),Sandra WATSON (SNP),Jacqueline MCLAREN (SNP),skipped,skipped,skipped,skipped,skipped,skipped,skipped,,10
4279,Allan GOW (SNP),Sandra WATSON (SNP),Jacqueline MCLAREN (SNP),skipped,skipped,skipped,skipped,skipped,skipped,skipped,,10
4280,Allan GOW (SNP),Sandra WATSON (SNP),Jacqueline MCLAREN (SNP),skipped,skipped,skipped,skipped,skipped,skipped,skipped,,10
4281,Allan GOW (SNP),Sandra WATSON (SNP),Jacqueline MCLAREN (SNP),skipped,skipped,skipped,skipped,skipped,skipped,skipped,,10
4282,Allan GOW (SNP),Sandra WATSON (SNP),Jacqueline MCLAREN (SNP),skipped,skipped,skipped,skipped,skipped,skipped,skipped,,10
4283,Allan GOW (SNP),Sandra WATSON (SNP),Jacqueline MCLAREN (SNP),skipped,skipped,skipped,skipped,skipped,skipped,skipped,,10
4284,Allan GOW (SNP),Sandra WATSON (SNP),Jacqueline MCLAREN (SNP),skipped,skipped,skipped,skipped,skipped,skipped,skipped,,10
4285,Allan GOW (SNP),Sandra WATSON (SNP),Jacqueline MCLAREN (SNP),skipped,skipped,skipped,skipped,skipped,skipped,skipped,,10
4286,Allan GOW (SNP),Sandra WATSON (SNP),Jacqueline MCLAREN (SNP),skipped,skipped,skipped,skipped,skipped,skipped,skipped,,10
4287,Allan GOW (SNP),Sandra WATSON (SNP),Jacqueline MCLAREN (SNP),skipped,skipped,skipped,skipped,skipped,skipped,skipped,,10
4288,Allan GOW (SNP),Sandra WATSON (SNP),Jacqueline MCLAREN (SNP),skipped,skipped,skipped,skipped,skipped,skipped,skipped,,10
4289,Allan GOW (SNP),Sandra WATSON (SNP),Jacqueline MCLAREN (SNP),skipped,skipped,skipped,skipped,skipped,skipped,skipped,,10
4290,Allan GOW (SNP),Sandra WATSON (SNP),Jacqueline MCLAREN (SNP),skipped,skipped,skipped,skipped,skipped,skipped,skipped,,10
4291,Allan GOW (SNP),Sandra WATSON (SNP),Jacqueline MCLAREN (SNP),skipped,skipped,skipped,skipped,skipped,skipped,skipped,,10
4292,Allan GOW (SNP),Sandra WATSON (SNP),Jacqueline MCLAREN (SNP),skipped,skipped,skipped,skipped,skipped,skipped,skipped,,10
4293,Allan GOW (SNP),Sandra WATSON (SNP),Jacqueline MCLAREN (SNP),skipped,skipped,skipped,skipped,skipped,skipped,skipped,,10
4294,Allan GOW (SNP),Sandra WATSON (SNP),Jacqueline MCLAREN (SNP),skipped,skipped,skipped,skipped,skipped,skipped,skipped,,10
4295,Allan GOW (SNP),Sandra WATSON (SNP),Jacqueline MCLAREN (SNP),skipped,skipped,skipped,skipped,skipped,skipped,skipped,,10
4296,Allan GOW (SNP),Sandra WATSON (SNP),Jacqueline MCLAREN (SNP),skipped,skipped,skipped,skipped,skipped,skipped,skipped,,10
4297,Allan GOW (SNP),Sandra WATSON (SNP),Jacqueline MCLAREN (SNP),skipped,skipped,skipped,skipped,skipped,skipped,skipped,,10
4298,Allan GOW (SNP),Sandra WATSON (SNP),Jacqueline MCLAREN (SNP),skipped,skipped,skipped,skipped,skipped,skipped,skipped,,10
4299,Allan GOW (SNP),Sandra WATSON (SNP),Jacqueline MCLAREN (SNP),skipped,skipped,skipped,skipped,skipped,skipped,skipped,,10
4300,Allan GOW (SNP),Sandra WATSON (SNP),Jacqueline MCLAREN (SNP),skipped,skipped,skipped,skipped,skipped,skipped,skipped,,10
4301,Allan GOW (SNP),Sandra WATSON (SNP),Jacqueline MCLAREN (SNP),skipped,skipped,skipped,skipped,skipped,skipped,skipped,,10
4302,Allan GOW (SNP),Sandra WATSON (SNP),Jacqueline MCLAREN (SNP),skipped,skipped,skipped,skipped,skipped,skipped,skipped,,10
4303,Allan GOW (SNP),Sandra WATSON (SNP),Jacqueline MCLAREN (SNP),skipped,skipped,skipped,skipped,skipped,skipped,skipped,,10
4304,Allan GOW (SNP),Sandra WATSON (SNP),Jacqueline MCLAREN (SNP),skipped,skipped,skipped,skipped,skipped,skipped,skipped,,10
4305,Allan GOW (SNP),Sandra WATSON (SNP),Jacqueline MCLAREN (SNP),skipped,skipped,skipped,skipped,skipped,skipped,skipped,,10
4306,Allan GOW (SNP),Sandra WATSON (SNP),Jacqueline MCLAREN (SNP),skipped,skipped,skipped,skipped,skipped,skipped,skipped,,10
4307,Allan GOW (SNP),Sandra WATSON (SNP),Jacqueline MCLAREN (SNP),skipped,skipped,skipped,skipped,skipped,skipped,skipped,,10
4308,Allan GOW (SNP),Sandra WATSON (SNP),Jacqueline MCLAREN (SNP),skipped,skipped,skipped,skipped,skipped,skipped,skipped,,10
4309,Allan GOW (SNP),Sandra WATSON (SNP),Jacqueline MCLAREN (SNP),skipped,skipped,skipped,skipped,skipped,skipped,skipped,,10
4310,Allan GOW (SNP),Sandra WATSON (SNP),Jacqueline MCLAREN (SNP),skipped,skipped,skipped,skipped,skipped,skipped,skipped,,10
4311,Allan GOW (SNP),Sandra WATSON (SNP),Jacqueline MCLAREN (SNP),skipped,skipped,skipped,skipped,skipped,skipped,skipped,,10
4312,Allan GOW (SNP),Sandra WATSON (SNP),Jacqueline MCLAREN (SNP),skipped,skipped,skipped,skipped,skipped,skipped,skipped,,10
4313,Allan GOW (SNP),Sandra WATSON (SNP),Jacqueline MCLAREN (SNP),skipped,skipped,skipped,skipped,skipped,skipped,skipped,,10
4314,Allan GOW (SNP),Sandra WATSON (SNP),Jacqueline MCLAREN (SNP),skipped,skipped,skipped,skipped,skipped,skipped,skipped,,10
4315,Allan GOW (SNP),Sandra WATSON (SNP),Jacqueline MCLAREN (SNP),skipped,skipped,skipped,skipped,skipped,skipped,skipped,,10
4316,Allan GOW (SNP),Sandra WATSON (SNP),Jacqueline MCLAREN (SNP),skipped,skipped,skipped,skipped,skipped,skipped,skipped,,10
4317,Allan GOW (SNP),Sandra WATSON (SNP),Jacqueline MCLAREN (SNP),skipped,skipped,skipped,skipped,skipped,skipped,skipped,,10
4318,Allan GOW (SNP),Sandra WATSON (SNP),Jacqueline MCLAREN (SNP),Seonad Mairi HOY (Grn),skipped,skipped,skipped,skipped,skipped,skipped,,10
4319,Allan GOW (SNP),Sandra WATSON (SNP),Jacqueline MCLAREN (SNP),Seonad Mairi HOY (Grn),skipped,skipped,skipped,skipped,skipped,skipped,,10
4320,Allan GOW (SNP),Sandra WATSON (SNP),Jacqueline MCLAREN (SNP),Seonad Mairi HOY (Grn),skipped,skipped,skipped,skipped,skipped,skipped,,10
4321,Allan GOW (SNP),Sandra WATSON (SNP),Jacqueline MCLAREN (SNP),Seonad Mairi HOY (Grn),skipped,skipped,skipped,skipped,skipped,skipped,,10
4322,Allan GOW (SNP),Sandra WATSON (SNP),Jacqueline MCLAREN (SNP),Seonad Mairi HOY (Grn),skipped,skipped,skipped,skipped,skipped,skipped,,10
4323,Allan GOW (SNP),Sandra WATSON (SNP),Jacqueline MCLAREN (SNP),Seonad Mairi HOY (Grn),skipped,skipped,skipped,skipped,skipped,skipped,,10
4324,Allan GOW (SNP),Sandra WATSON (SNP),Jacqueline MCLAREN (SNP),Seonad Mairi HOY (Grn),Fiona E HIGGINS Glasgow (Lab),skipped,skipped,skipped,skipped,skipped,,10
4325,Allan GOW (SNP),Sandra WATSON (SNP),Jacqueline MCLAREN (SNP),Seonad Mairi HOY (Grn),Fiona E HIGGINS Glasgow (Lab),Robert JH MOONEY Glasgow (Lab),Brian LAND (Ind),skipped,skipped,skipped,,10
4326,Allan GOW (SNP),Sandra WATSON (SNP),Jacqueline MCLAREN (SNP),Seonad Mairi HOY (Grn),Martin Lawson OLU-OSAGIE (Alba),skipped,skipped,skipped,skipped,skipped,,10
4327,Allan GOW (SNP),Sandra WATSON (SNP),Jacqueline MCLAREN (SNP),Seonad Mairi HOY (Grn),Martin Lawson OLU-OSAGIE (Alba),skipped,skipped,skipped,skipped,skipped,,10
4328,Allan GOW (SNP),Sandra WATSON (SNP),Jacqueline MCLAREN (SNP),Seonad Mairi HOY (Grn),Martin Lawson OLU-OSAGIE (Alba),skipped,skipped,skipped,skipped,skipped,,10
4329,Allan GOW (SNP),Sandra WATSON (SNP),Jacqueline MCLAREN (SNP),Seonad Mairi HOY (Grn),Martin Lawson OLU-OSAGIE (Alba),Fiona E HIGGINS Glasgow (Lab),Robert JH MOONEY Glasgow (Lab),skipped,skipped,skipped,,10
4330,Allan GOW (SNP),Sandra WATSON (SNP),Jacqueline MCLAREN (SNP),Seonad Mairi HOY (Grn),Martin Lawson OLU-OSAGIE (Alba),Scott SIMPSON (LD),Brian LAND (Ind),skipped,skipped,skipped,,10
4331,Allan GOW (SNP),Sandra WATSON (SNP),Jacqueline MCLAREN (SNP),Seonad Mairi HOY (Grn),Martin Lawson OLU-OSAGIE (Alba),Brian LAND (Ind),skipped,skipped,skipped,skipped,,10
4332,Allan GOW (SNP),Sandra WATSON (SNP),Jacqueline MCLAREN (SNP),Seonad Mairi HOY (Grn),Martin Lawson OLU-OSAGIE (Alba),Brian LAND (Ind),skipped,skipped,skipped,skipped,,10
4333,Allan GOW (SNP),Sandra WATSON (SNP),Jacqueline MCLAREN (SNP),Seonad Mairi HOY (Grn),Martin Lawson OLU-OSAGIE (Alba),Brian LAND (Ind),Fiona E HIGGINS Glasgow (Lab),skipped,skipped,skipped,,10
4334,Allan GOW (SNP),Sandra WATSON (SNP),Jacqueline MCLAREN (SNP),Seonad Mairi HOY (Grn),Martin Lawson OLU-OSAGIE (Alba),Brian LAND (Ind),Fiona E HIGGINS Glasgow (Lab),skipped,skipped,skipped,,10
4335,Allan GOW (SNP),Sandra WATSON (SNP),Jacqueline MCLAREN (SNP),Seonad Mairi HOY (Grn),Martin Lawson OLU-OSAGIE (Alba),Brian LAND (Ind),Scott SIMPSON (LD),skipped,skipped,skipped,,10
4336,Allan GOW (SNP),Sandra WATSON (SNP),Jacqueline MCLAREN (SNP),Seonad Mairi HOY (Grn),Martin Lawson OLU-OSAGIE (Alba),Brian LAND (Ind),Scott SIMPSON (LD),skipped,skipped,skipped,,10
4337,Allan GOW (SNP),Sandra WATSON (SNP),Jacqueline MCLAREN (SNP),Seonad Mairi HOY (Grn),Martin Lawson OLU-OSAGIE (Alba),Brian LAND (Ind),Scott SIMPSON (LD),skipped,skipped,skipped,,10
4338,Allan GOW (SNP),Sandra WATSON (SNP),Jacqueline MCLAREN (SNP),Seonad Mairi HOY (Grn),Scott SIMPSON (LD),skipped,skipped,skipped,skipped,skipped,,10
4339,Allan GOW (SNP),Sandra WATSON (SNP),Jacqueline MCLAREN (SNP),Seonad Mairi HOY (Grn),Brian LAND (Ind),Scott SIMPSON (LD),Fiona E HIGGINS Glasgow (Lab),skipped,skipped,skipped,,10
4340,Allan GOW (SNP),Sandra WATSON (SNP),Jacqueline MCLAREN (SNP),Seonad Mairi HOY (Grn),Robert JH MOONEY Glasgow (Lab),skipped,skipped,skipped,skipped,skipped,,10
4341,Allan GOW (SNP),Sandra WATSON (SNP),Jacqueline MCLAREN (SNP),Seonad Mairi HOY (Grn),Robert JH MOONEY Glasgow (Lab),skipped,skipped,skipped,skipped,skipped,,10
4342,Allan GOW (SNP),Sandra WATSON (SNP),Jacqueline MCLAREN (SNP),Fiona E HIGGINS Glasgow (Lab),skipped,skipped,skipped,skipped,skipped,skipped,,10
4343,Allan GOW (SNP),Sandra WATSON (SNP),Jacqueline MCLAREN (SNP),Fiona E HIGGINS Glasgow (Lab),Seonad Mairi HOY (Grn),Robert JH MOONEY Glasgow (Lab),Scott SIMPSON (LD),skipped,skipped,skipped,,10
4344,Allan GOW (SNP),Sandra WATSON (SNP),Jacqueline MCLAREN (SNP),Fiona E HIGGINS Glasgow (Lab),Seonad Mairi HOY (Grn),Robert JH MOONEY Glasgow (Lab),Brian LAND (Ind),skipped,skipped,skipped,,10
4345,Allan GOW (SNP),Sandra WATSON (SNP),Jacqueline MCLAREN (SNP),Fiona E HIGGINS Glasgow (Lab),Martin Lawson OLU-OSAGIE (Alba),skipped,skipped,skipped,skipped,skipped,,10
4346,Allan GOW (SNP),Sandra WATSON (SNP),Jacqueline MCLAREN (SNP),Fiona E HIGGINS Glasgow (Lab),Scott SIMPSON (LD),Robert JH MOONEY Glasgow (Lab),skipped,skipped,skipped,skipped,,10
4347,Allan GOW (SNP),Sandra WATSON (SNP),Jacqueline MCLAREN (SNP),Fiona E HIGGINS Glasgow (Lab),Robert JH MOONEY Glasgow (Lab),Martin Lawson OLU-OSAGIE (Alba),Brian LAND (Ind),skipped,skipped,skipped,,10
4348,Allan GOW (SNP),Sandra WATSON (SNP),Jacqueline MCLAREN (SNP),Martin Lawson OLU-OSAGIE (Alba),Seonad Mairi HOY (Grn),skipped,skipped,skipped,skipped,skipped,,10
4349,Allan GOW (SNP),Sandra WATSON (SNP),Jacqueline MCLAREN (SNP),Martin Lawson OLU-OSAGIE (Alba),Seonad Mairi HOY (Grn),Brian LAND (Ind),Robert JH MOONEY Glasgow (Lab),skipped,skipped,skipped,,10
4350,Allan GOW (SNP),Sandra WATSON (SNP),Jacqueline MCLAREN (SNP),Martin Lawson OLU-OSAGIE (Alba),Fiona E HIGGINS Glasgow (Lab),skipped,skipped,skipped,skipped,skipped,,10
4351,Allan GOW (SNP),Sandra WATSON (SNP),Jacqueline MCLAREN (SNP),Brian LAND (Ind),skipped,skipped,skipped,skipped,skipped,skipped,,10
4352,Allan GOW (SNP),Sandra WATSON (SNP),Jacqueline MCLAREN (SNP),Brian LAND (Ind),skipped,skipped,skipped,skipped,skipped,skipped,,10
4353,Allan GOW (SNP),Sandra WATSON (SNP),Jacqueline MCLAREN (SNP),Brian LAND (Ind),skipped,skipped,skipped,skipped,skipped,skipped,,10
4354,Allan GOW (SNP),Sandra WATSON (SNP),Jacqueline MCLAREN (SNP),Brian LAND (Ind),Seonad Mairi HOY (Grn),Martin Lawson OLU-OSAGIE (Alba),skipped,skipped,skipped,skipped,,10
4355,Allan GOW (SNP),Sandra WATSON (SNP),Jacqueline MCLAREN (SNP),Brian LAND (Ind),Martin Lawson OLU-OSAGIE (Alba),skipped,skipped,skipped,skipped,skipped,,10
4356,Allan GOW (SNP),Sandra WATSON (SNP),Jacqueline MCLAREN (SNP),Brian LAND (Ind),Martin Lawson OLU-OSAGIE (Alba),skipped,skipped,skipped,skipped,skipped,,10
4357,Allan GOW (SNP),Sandra WATSON (SNP),Jacqueline MCLAREN (SNP),Robert JH MOONEY Glasgow (Lab),Fiona E HIGGINS Glasgow (Lab),skipped,skipped,skipped,skipped,skipped,,10
4358,Allan GOW (SNP),Sandra WATSON (SNP),Jacqueline MCLAREN (SNP),Robert JH MOONEY Glasgow (Lab),Fiona E HIGGINS Glasgow (Lab),Martin Lawson OLU-OSAGIE (Alba),Seonad Mairi HOY (Grn),skipped,skipped,skipped,,10
4359,Allan GOW (SNP),Sandra WATSON (SNP),Jacqueline MCLAREN (SNP),Robert JH MOONEY Glasgow (Lab),Fiona E HIGGINS Glasgow (Lab),Brian LAND (Ind),Seonad Mairi HOY (Grn),skipped,skipped,skipped,,10
4360,Allan GOW (SNP),Sandra WATSON (SNP),Robert JH MOONEY Glasgow (Lab),skipped,skipped,skipped,skipped,skipped,skipped,skipped,,10
4361,Allan GOW (SNP),Sandra WATSON (SNP),Robert JH MOONEY Glasgow (Lab),skipped,skipped,skipped,skipped,skipped,skipped,skipped,,10
4362,Allan GOW (SNP),Sandra WATSON (SNP),Robert JH MOONEY Glasgow (Lab),skipped,skipped,skipped,skipped,skipped,skipped,skipped,,10
4363,Allan GOW (SNP),Sandra WATSON (SNP),Robert JH MOONEY Glasgow (Lab),Jacqueline MCLAREN (SNP),skipped,skipped,skipped,skipped,skipped,skipped,,10
4364,Jacqueline MCLAREN (SNP),skipped,skipped,skipped,skipped,skipped,skipped,skipped,skipped,skipped,,10
4365,Jacqueline MCLAREN (SNP),skipped,skipped,skipped,skipped,skipped,skipped,skipped,skipped,skipped,,10
4366,Jacqueline MCLAREN (SNP),skipped,skipped,skipped,skipped,skipped,skipped,skipped,skipped,skipped,,10
4367,Jacqueline MCLAREN (SNP),skipped,skipped,skipped,skipped,skipped,skipped,skipped,skipped,skipped,,10
4368,Jacqueline MCLAREN (SNP),skipped,skipped,skipped,skipped,skipped,skipped,skipped,skipped,skipped,,10
4369,Jacqueline MCLAREN (SNP),skipped,skipped,skipped,skipped,skipped,skipped,skipped,skipped,skipped,,10
4370,Jacqueline MCLAREN (SNP),skipped,skipped,skipped,skipped,skipped,skipped,skipped,skipped,skipped,,10
4371,Jacqueline MCLAREN (SNP),skipped,skipped,skipped,skipped,skipped,skipped,skipped,skipped,skipped,,10
4372,Jacqueline MCLAREN (SNP),skipped,skipped,skipped,skipped,skipped,skipped,skipped,skipped,skipped,,10
4373,Jacqueline MCLAREN (SNP),skipped,skipped,skipped,skipped,skipped,skipped,skipped,skipped,skipped,,10
4374,Jacqueline MCLAREN (SNP),skipped,skipped,skipped,skipped,skipped,skipped,skipped,skipped,skipped,,10
4375,Jacqueline MCLAREN (SNP),skipped,skipped,skipped,skipped,skipped,skipped,skipped,skipped,skipped,,10
4376,Jacqueline MCLAREN (SNP),skipped,skipped,skipped,skipped,skipped,skipped,skipped,skipped,skipped,,10
4377,Jacqueline MCLAREN (SNP),skipped,skipped,skipped,skipped,skipped,skipped,skipped,skipped,skipped,,10
4378,Jacqueline MCLAREN (SNP),skipped,skipped,skipped,skipped,skipped,skipped,skipped,skipped,skipped,,10
4379,Jacqueline MCLAREN (SNP),skipped,skipped,skipped,skipped,skipped,skipped,skipped,skipped,skipped,,10
4380,Jacqueline MCLAREN (SNP),skipped,skipped,skipped,skipped,skipped,skipped,skipped,skipped,skipped,,10
4381,Jacqueline MCLAREN (SNP),skipped,skipped,skipped,skipped,skipped,skipped,skipped,skipped,skipped,,10
4382,Jacqueline MCLAREN (SNP),skipped,skipped,skipped,skipped,skipped,skipped,skipped,skipped,skipped,,10
4383,Jacqueline MCLAREN (SNP),skipped,skipped,skipped,skipped,skipped,skipped,skipped,skipped,skipped,,10
4384,Jacqueline MCLAREN (SNP),skipped,skipped,skipped,skipped,skipped,skipped,skipped,skipped,skipped,,10
4385,Jacqueline MCLAREN (SNP),skipped,skipped,skipped,skipped,skipped,skipped,skipped,skipped,skipped,,10
4386,Jacqueline MCLAREN (SNP),skipped,skipped,skipped,skipped,skipped,skipped,skipped,skipped,skipped,,10
4387,Jacqueline MCLAREN (SNP),skipped,skipped,skipped,skipped,skipped,skipped,skipped,skipped,skipped,,10
4388,Jacqueline MCLAREN (SNP),skipped,skipped,skipped,skipped,skipped,skipped,skipped,skipped,skipped,,10
4389,Jacqueline MCLAREN (SNP),skipped,skipped,skipped,skipped,skipped,skipped,skipped,skipped,skipped,,10
4390,Jacqueline MCLAREN (SNP),skipped,skipped,skipped,skipped,skipped,skipped,skipped,skipped,skipped,,10
4391,Jacqueline MCLAREN (SNP),Seonad Mairi HOY (Grn),skipped,skipped,skipped,skipped,skipped,skipped,skipped,skipped,,10
4392,Jacqueline MCLAREN (SNP),Seonad Mairi HOY (Grn),skipped,skipped,skipped,skipped,skipped,skipped,skipped,skipped,,10
4393,Jacqueline MCLAREN (SNP),Seonad Mairi HOY (Grn),skipped,skipped,skipped,skipped,skipped,skipped,skipped,skipped,,10
4394,Jacqueline MCLAREN (SNP),Seonad Mairi HOY (Grn),Fiona E HIGGINS Glasgow (Lab),Allan GOW (SNP),Sandra WATSON (SNP),Scott SIMPSON (LD),Robert JH MOONEY Glasgow (Lab),skipped,skipped,skipped,,10
4395,Jacqueline MCLAREN (SNP),Seonad Mairi HOY (Grn),Fiona E HIGGINS Glasgow (Lab),Sandra WATSON (SNP),Allan GOW (SNP),skipped,skipped,skipped,skipped,skipped,,10
4396,Jacqueline MCLAREN (SNP),Seonad Mairi HOY (Grn),Scott SIMPSON (LD),skipped,skipped,skipped,skipped,skipped,skipped,skipped,,10
4397,Jacqueline MCLAREN (SNP),Seonad Mairi HOY (Grn),Scott SIMPSON (LD),Allan GOW (SNP),Sandra WATSON (SNP),Fiona E HIGGINS Glasgow (Lab),Robert JH MOONEY Glasgow (Lab),skipped,skipped,skipped,,10
4398,Jacqueline MCLAREN (SNP),Seonad Mairi HOY (Grn),Brian LAND (Ind),Allan GOW (SNP),Sandra WATSON (SNP),Scott SIMPSON (LD),Fiona E HIGGINS Glasgow (Lab),skipped,skipped,skipped,,10
4399,Jacqueline MCLAREN (SNP),Seonad Mairi HOY (Grn),Maria WELLS (Con),Allan GOW (SNP),Robert JH MOONEY Glasgow (Lab),Scott SIMPSON (LD),Fiona E HIGGINS Glasgow (Lab),skipped,skipped,skipped,,10
4400,Jacqueline MCLAREN (SNP),Seonad Mairi HOY (Grn),Allan GOW (SNP),skipped,skipped,skipped,skipped,skipped,skipped,skipped,,10
4401,Jacqueline MCLAREN (SNP),Seonad Mairi HOY (Grn),Allan GOW (SNP),skipped,skipped,skipped,skipped,skipped,skipped,skipped,,10
4402,Jacqueline MCLAREN (SNP),Seonad Mairi HOY (Grn),Allan GOW (SNP),skipped,skipped,skipped,skipped,skipped,skipped,skipped,,10
4403,Jacqueline MCLAREN (SNP),Seonad Mairi HOY (Grn),Allan GOW (SNP),skipped,skipped,skipped,skipped,skipped,skipped,skipped,,10
4404,Jacqueline MCLAREN (SNP),Seonad Mairi HOY (Grn),Allan GOW (SNP),Sandra WATSON (SNP),skipped,skipped,skipped,skipped,skipped,skipped,,10
4405,Jacqueline MCLAREN (SNP),Seonad Mairi HOY (Grn),Allan GOW (SNP),Sandra WATSON (SNP),skipped,skipped,skipped,skipped,skipped,skipped,,10
4406,Jacqueline MCLAREN (SNP),Seonad Mairi HOY (Grn),Allan GOW (SNP),Sandra WATSON (SNP),skipped,skipped,skipped,skipped,skipped,skipped,,10
4407,Jacqueline MCLAREN (SNP),Seonad Mairi HOY (Grn),Allan GOW (SNP),Sandra WATSON (SNP),skipped,skipped,skipped,skipped,skipped,skipped,,10
4408,Jacqueline MCLAREN (SNP),Seonad Mairi HOY (Grn),Allan GOW (SNP),Sandra WATSON (SNP),skipped,skipped,skipped,skipped,skipped,skipped,,10
4409,Jacqueline MCLAREN (SNP),Seonad Mairi HOY (Grn),Allan GOW (SNP),Sandra WATSON (SNP),skipped,skipped,skipped,skipped,skipped,skipped,,10
4410,Jacqueline MCLAREN (SNP),Seonad Mairi HOY (Grn),Allan GOW (SNP),Sandra WATSON (SNP),Fiona E HIGGINS Glasgow (Lab),Robert JH MOONEY Glasgow (Lab),Scott SIMPSON (LD),skipped,skipped,skipped,,10
4411,Jacqueline MCLAREN (SNP),Seonad Mairi HOY (Grn),Robert JH MOONEY Glasgow (Lab),Allan GOW (SNP),skipped,skipped,skipped,skipped,skipped,skipped,,10
4412,Jacqueline MCLAREN (SNP),Seonad Mairi HOY (Grn),Robert JH MOONEY Glasgow (Lab),Allan GOW (SNP),Fiona E HIGGINS Glasgow (Lab),Scott SIMPSON (LD),Sandra WATSON (SNP),skipped,skipped,skipped,,10
4413,Jacqueline MCLAREN (SNP),Seonad Mairi HOY (Grn),Sandra WATSON (SNP),skipped,skipped,skipped,skipped,skipped,skipped,skipped,,10
4414,Jacqueline MCLAREN (SNP),Seonad Mairi HOY (Grn),Sandra WATSON (SNP),Allan GOW (SNP),skipped,skipped,skipped,skipped,skipped,skipped,,10
4415,Jacqueline MCLAREN (SNP),Seonad Mairi HOY (Grn),Sandra WATSON (SNP),Allan GOW (SNP),skipped,skipped,skipped,skipped,skipped,skipped,,10
4416,Jacqueline MCLAREN (SNP),Seonad Mairi HOY (Grn),Sandra WATSON (SNP),Allan GOW (SNP),skipped,skipped,skipped,skipped,skipped,skipped,,10
4417,Jacqueline MCLAREN (SNP),Seonad Mairi HOY (Grn),Sandra WATSON (SNP),Allan GOW (SNP),Fiona E HIGGINS Glasgow (Lab),Robert JH MOONEY Glasgow (Lab),Brian LAND (Ind),skipped,skipped,skipped,,10
4418,Jacqueline MCLAREN (SNP),Seonad Mairi HOY (Grn),Sandra WATSON (SNP),Allan GOW (SNP),Martin Lawson OLU-OSAGIE (Alba),skipped,skipped,skipped,skipped,skipped,,10
4419,Jacqueline MCLAREN (SNP),Seonad Mairi HOY (Grn),Sandra WATSON (SNP),Allan GOW (SNP),Scott SIMPSON (LD),Fiona E HIGGINS Glasgow (Lab),Robert JH MOONEY Glasgow (Lab),skipped,skipped,skipped,,10
4420,Jacqueline MCLAREN (SNP),Fiona E HIGGINS Glasgow (Lab),skipped,skipped,skipped,skipped,skipped,skipped,skipped,skipped,,10
4421,Jacqueline MCLAREN (SNP),Fiona E HIGGINS Glasgow (Lab),Seonad Mairi HOY (Grn),skipped,skipped,skipped,skipped,skipped,skipped,skipped,,10
4422,Jacqueline MCLAREN (SNP),Fiona E HIGGINS Glasgow (Lab),Seonad Mairi HOY (Grn),Allan GOW (SNP),skipped,skipped,skipped,skipped,skipped,skipped,,10
4423,Jacqueline MCLAREN (SNP),Fiona E HIGGINS Glasgow (Lab),Seonad Mairi HOY (Grn),Allan GOW (SNP),Brian LAND (Ind),Martin Lawson OLU-OSAGIE (Alba),Maria WELLS (Con),skipped,skipped,skipped,,10
4424,Jacqueline MCLAREN (SNP),Fiona E HIGGINS Glasgow (Lab),Allan GOW (SNP),skipped,skipped,skipped,skipped,skipped,skipped,skipped,,10
4425,Jacqueline MCLAREN (SNP),Fiona E HIGGINS Glasgow (Lab),Allan GOW (SNP),Robert JH MOONEY Glasgow (Lab),Seonad Mairi HOY (Grn),Sandra WATSON (SNP),skipped,skipped,skipped,skipped,,10
4426,Jacqueline MCLAREN (SNP),Fiona E HIGGINS Glasgow (Lab),Allan GOW (SNP),Robert JH MOONEY Glasgow (Lab),Sandra WATSON (SNP),skipped,skipped,skipped,skipped,skipped,,10
4427,Jacqueline MCLAREN (SNP),Fiona E HIGGINS Glasgow (Lab),Robert JH MOONEY Glasgow (Lab),skipped,skipped,skipped,skipped,skipped,skipped,skipped,,10
4428,Jacqueline MCLAREN (SNP),Fiona E HIGGINS Glasgow (Lab),Robert JH MOONEY Glasgow (Lab),Sandra WATSON (SNP),skipped,skipped,skipped,skipped,skipped,skipped,,10
4429,Jacqueline MCLAREN (SNP),Fiona E HIGGINS Glasgow (Lab),Sandra WATSON (SNP),skipped,skipped,skipped,skipped,skipped,skipped,skipped,,10
4430,Jacqueline MCLAREN (SNP),Fiona E HIGGINS Glasgow (Lab),Sandra WATSON (SNP),Allan GOW (SNP),skipped,skipped,skipped,skipped,skipped,skipped,,10
4431,Jacqueline MCLAREN (SNP),Fiona E HIGGINS Glasgow (Lab),Sandra WATSON (SNP),Robert JH MOONEY Glasgow (Lab),skipped,skipped,skipped,skipped,skipped,skipped,,10
4432,Jacqueline MCLAREN (SNP),Martin Lawson OLU-OSAGIE (Alba),Fiona E HIGGINS Glasgow (Lab),skipped,skipped,skipped,skipped,skipped,skipped,skipped,,10
4433,Jacqueline MCLAREN (SNP),Martin Lawson OLU-OSAGIE (Alba),Scott SIMPSON (LD),skipped,skipped,skipped,skipped,skipped,skipped,skipped,,10
4434,Jacqueline MCLAREN (SNP),Scott SIMPSON (LD),Allan GOW (SNP),skipped,skipped,skipped,skipped,skipped,skipped,skipped,,10
4435,Jacqueline MCLAREN (SNP),Scott SIMPSON (LD),Robert JH MOONEY Glasgow (Lab),Maria WELLS (Con),skipped,skipped,skipped,skipped,skipped,skipped,,10
4436,Jacqueline MCLAREN (SNP),Scott SIMPSON (LD),Sandra WATSON (SNP),skipped,skipped,skipped,skipped,skipped,skipped,skipped,,10
4437,Jacqueline MCLAREN (SNP),Scott SIMPSON (LD),Sandra WATSON (SNP),Maria WELLS (Con),Allan GOW (SNP),Fiona E HIGGINS Glasgow (Lab),Seonad Mairi HOY (Grn),skipped,skipped,skipped,,10
4438,Jacqueline MCLAREN (SNP),Brian LAND (Ind),skipped,skipped,skipped,skipped,skipped,skipped,skipped,skipped,,10
4439,Jacqueline MCLAREN (SNP),Brian LAND (Ind),Seonad Mairi HOY (Grn),skipped,skipped,skipped,skipped,skipped,skipped,skipped,,10
4440,Jacqueline MCLAREN (SNP),Brian LAND (Ind),Seonad Mairi HOY (Grn),skipped,skipped,skipped,skipped,skipped,skipped,skipped,,10
4441,Jacqueline MCLAREN (SNP),Brian LAND (Ind),Seonad Mairi HOY (Grn),skipped,skipped,skipped,skipped,skipped,skipped,skipped,,10
4442,Jacqueline MCLAREN (SNP),Brian LAND (Ind),Scott SIMPSON (LD),skipped,skipped,skipped,skipped,skipped,skipped,skipped,,10
4443,Jacqueline MCLAREN (SNP),Brian LAND (Ind),Allan GOW (SNP),Sandra WATSON (SNP),skipped,skipped,skipped,skipped,skipped,skipped,,10
4444,Jacqueline MCLAREN (SNP),Brian LAND (Ind),Allan GOW (SNP),Sandra WATSON (SNP),Robert JH MOONEY Glasgow (Lab),Fiona E HIGGINS Glasgow (Lab),skipped,skipped,skipped,skipped,,10
4445,Jacqueline MCLAREN (SNP),Brian LAND (Ind),Sandra WATSON (SNP),skipped,skipped,skipped,skipped,skipped,skipped,skipped,,10
4446,Jacqueline MCLAREN (SNP),Brian LAND (Ind),Sandra WATSON (SNP),skipped,skipped,skipped,skipped,skipped,skipped,skipped,,10
4447,Jacqueline MCLAREN (SNP),Brian LAND (Ind),Sandra WATSON (SNP),skipped,skipped,skipped,skipped,skipped,skipped,skipped,,10
4448,Jacqueline MCLAREN (SNP),Brian LAND (Ind),Sandra WATSON (SNP),Allan GOW (SNP),skipped,skipped,skipped,skipped,skipped,skipped,,10
4449,Jacqueline MCLAREN (SNP),Maria WELLS (Con),Brian LAND (Ind),skipped,skipped,skipped,skipped,skipped,skipped,skipped,,10
4450,Jacqueline MCLAREN (SNP),Maria WELLS (Con),Sandra WATSON (SNP),skipped,skipped,skipped,skipped,skipped,skipped,skipped,,10
4451,Jacqueline MCLAREN (SNP),Allan GOW (SNP),skipped,skipped,skipped,skipped,skipped,skipped,skipped,skipped,,10
4452,Jacqueline MCLAREN (SNP),Allan GOW (SNP),skipped,skipped,skipped,skipped,skipped,skipped,skipped,skipped,,10
4453,Jacqueline MCLAREN (SNP),Allan GOW (SNP),skipped,skipped,skipped,skipped,skipped,skipped,skipped,skipped,,10
4454,Jacqueline MCLAREN (SNP),Allan GOW (SNP),skipped,skipped,skipped,skipped,skipped,skipped,skipped,skipped,,10
4455,Jacqueline MCLAREN (SNP),Allan GOW (SNP),skipped,skipped,skipped,skipped,skipped,skipped,skipped,skipped,,10
4456,Jacqueline MCLAREN (SNP),Allan GOW (SNP),skipped,skipped,skipped,skipped,skipped,skipped,skipped,skipped,,10
4457,Jacqueline MCLAREN (SNP),Allan GOW (SNP),Seonad Mairi HOY (Grn),skipped,skipped,skipped,skipped,skipped,skipped,skipped,,10
4458,Jacqueline MCLAREN (SNP),Allan GOW (SNP),Seonad Mairi HOY (Grn),skipped,skipped,skipped,skipped,skipped,skipped,skipped,,10
4459,Jacqueline MCLAREN (SNP),Allan GOW (SNP),Seonad Mairi HOY (Grn),skipped,skipped,skipped,skipped,skipped,skipped,skipped,,10
4460,Jacqueline MCLAREN (SNP),Allan GOW (SNP),Seonad Mairi HOY (Grn),skipped,skipped,skipped,skipped,skipped,skipped,skipped,,10
4461,Jacqueline MCLAREN (SNP),Allan GOW (SNP),Seonad Mairi HOY (Grn),skipped,skipped,skipped,skipped,skipped,skipped,skipped,,10
4462,Jacqueline MCLAREN (SNP),Allan GOW (SNP),Seonad Mairi HOY (Grn),skipped,skipped,skipped,skipped,skipped,skipped,skipped,,10
4463,Jacqueline MCLAREN (SNP),Allan GOW (SNP),Seonad Mairi HOY (Grn),skipped,skipped,skipped,skipped,skipped,skipped,skipped,,10
4464,Jacqueline MCLAREN (SNP),Allan GOW (SNP),Seonad Mairi HOY (Grn),skipped,skipped,skipped,skipped,skipped,skipped,skipped,,10
4465,Jacqueline MCLAREN (SNP),Allan GOW (SNP),Seonad Mairi HOY (Grn),Fiona E HIGGINS Glasgow (Lab),Brian LAND (Ind),Robert JH MOONEY Glasgow (Lab),skipped,skipped,skipped,skipped,,10
4466,Jacqueline MCLAREN (SNP),Allan GOW (SNP),Seonad Mairi HOY (Grn),Fiona E HIGGINS Glasgow (Lab),Robert JH MOONEY Glasgow (Lab),Brian LAND (Ind),skipped,skipped,skipped,skipped,,10
4467,Jacqueline MCLAREN (SNP),Allan GOW (SNP),Seonad Mairi HOY (Grn),Fiona E HIGGINS Glasgow (Lab),Sandra WATSON (SNP),Robert JH MOONEY Glasgow (Lab),skipped,skipped,skipped,skipped,,10
4468,Jacqueline MCLAREN (SNP),Allan GOW (SNP),Seonad Mairi HOY (Grn),Sandra WATSON (SNP),skipped,skipped,skipped,skipped,skipped,skipped,,10
4469,Jacqueline MCLAREN (SNP),Allan GOW (SNP),Seonad Mairi HOY (Grn),Sandra WATSON (SNP),skipped,skipped,skipped,skipped,skipped,skipped,,10
4470,Jacqueline MCLAREN (SNP),Allan GOW (SNP),Seonad Mairi HOY (Grn),Sandra WATSON (SNP),Martin Lawson OLU-OSAGIE (Alba),Robert JH MOONEY Glasgow (Lab),Fiona E HIGGINS Glasgow (Lab),skipped,skipped,skipped,,10
4471,Jacqueline MCLAREN (SNP),Allan GOW (SNP),Seonad Mairi HOY (Grn),Sandra WATSON (SNP),Scott SIMPSON (LD),Martin Lawson OLU-OSAGIE (Alba),Robert JH MOONEY Glasgow (Lab),skipped,skipped,skipped,,10
4472,Jacqueline MCLAREN (SNP),Allan GOW (SNP),Fiona E HIGGINS Glasgow (Lab),skipped,skipped,skipped,skipped,skipped,skipped,skipped,,10
4473,Jacqueline MCLAREN (SNP),Allan GOW (SNP),Fiona E HIGGINS Glasgow (Lab),skipped,skipped,skipped,skipped,skipped,skipped,skipped,,10
4474,Jacqueline MCLAREN (SNP),Allan GOW (SNP),Fiona E HIGGINS Glasgow (Lab),skipped,skipped,skipped,skipped,skipped,skipped,skipped,,10
4475,Jacqueline MCLAREN (SNP),Allan GOW (SNP),Fiona E HIGGINS Glasgow (Lab),skipped,skipped,skipped,skipped,skipped,skipped,skipped,,10
4476,Jacqueline MCLAREN (SNP),Allan GOW (SNP),Fiona E HIGGINS Glasgow (Lab),Seonad Mairi HOY (Grn),Robert JH MOONEY Glasgow (Lab),Scott SIMPSON (LD),Maria WELLS (Con),skipped,skipped,skipped,,10
4477,Jacqueline MCLAREN (SNP),Allan GOW (SNP),Fiona E HIGGINS Glasgow (Lab),Robert JH MOONEY Glasgow (Lab),skipped,skipped,skipped,skipped,skipped,skipped,,10
4478,Jacqueline MCLAREN (SNP),Allan GOW (SNP),Fiona E HIGGINS Glasgow (Lab),Robert JH MOONEY Glasgow (Lab),Martin Lawson OLU-OSAGIE (Alba),Sandra WATSON (SNP),Brian LAND (Ind),skipped,skipped,skipped,,10
4479,Jacqueline MCLAREN (SNP),Allan GOW (SNP),Fiona E HIGGINS Glasgow (Lab),Robert JH MOONEY Glasgow (Lab),Sandra WATSON (SNP),Scott SIMPSON (LD),skipped,skipped,skipped,skipped,,10
4480,Jacqueline MCLAREN (SNP),Allan GOW (SNP),Fiona E HIGGINS Glasgow (Lab),Sandra WATSON (SNP),Maria WELLS (Con),Robert JH MOONEY Glasgow (Lab),Martin Lawson OLU-OSAGIE (Alba),skipped,skipped,skipped,,10
4481,Jacqueline MCLAREN (SNP),Allan GOW (SNP),Martin Lawson OLU-OSAGIE (Alba),skipped,skipped,skipped,skipped,skipped,skipped,skipped,,10
4482,Jacqueline MCLAREN (SNP),Allan GOW (SNP),Martin Lawson OLU-OSAGIE (Alba),skipped,skipped,skipped,skipped,skipped,skipped,skipped,,10
4483,Jacqueline MCLAREN (SNP),Allan GOW (SNP),Martin Lawson OLU-OSAGIE (Alba),skipped,skipped,skipped,skipped,skipped,skipped,skipped,,10
4484,Jacqueline MCLAREN (SNP),Allan GOW (SNP),Martin Lawson OLU-OSAGIE (Alba),skipped,skipped,skipped,skipped,skipped,skipped,skipped,,10
4485,Jacqueline MCLAREN (SNP),Allan GOW (SNP),Martin Lawson OLU-OSAGIE (Alba),Seonad Mairi HOY (Grn),Sandra WATSON (SNP),skipped,skipped,skipped,skipped,skipped,,10
4486,Jacqueline MCLAREN (SNP),Allan GOW (SNP),Brian LAND (Ind),skipped,skipped,skipped,skipped,skipped,skipped,skipped,,10
4487,Jacqueline MCLAREN (SNP),Allan GOW (SNP),Brian LAND (Ind),skipped,skipped,skipped,skipped,skipped,skipped,skipped,,10
4488,Jacqueline MCLAREN (SNP),Allan GOW (SNP),Robert JH MOONEY Glasgow (Lab),Fiona E HIGGINS Glasgow (Lab),skipped,skipped,skipped,skipped,skipped,skipped,,10
4489,Jacqueline MCLAREN (SNP),Allan GOW (SNP),Sandra WATSON (SNP),skipped,skipped,skipped,skipped,skipped,skipped,skipped,,10
4490,Jacqueline MCLAREN (SNP),Allan GOW (SNP),Sandra WATSON (SNP),skipped,skipped,skipped,skipped,skipped,skipped,skipped,,10
4491,Jacqueline MCLAREN (SNP),Allan GOW (SNP),Sandra WATSON (SNP),skipped,skipped,skipped,skipped,skipped,skipped,skipped,,10
4492,Jacqueline MCLAREN (SNP),Allan GOW (SNP),Sandra WATSON (SNP),skipped,skipped,skipped,skipped,skipped,skipped,skipped,,10
4493,Jacqueline MCLAREN (SNP),Allan GOW (SNP),Sandra WATSON (SNP),skipped,skipped,skipped,skipped,skipped,skipped,skipped,,10
4494,Jacqueline MCLAREN (SNP),Allan GOW (SNP),Sandra WATSON (SNP),skipped,skipped,skipped,skipped,skipped,skipped,skipped,,10
4495,Jacqueline MCLAREN (SNP),Allan GOW (SNP),Sandra WATSON (SNP),skipped,skipped,skipped,skipped,skipped,skipped,skipped,,10
4496,Jacqueline MCLAREN (SNP),Allan GOW (SNP),Sandra WATSON (SNP),skipped,skipped,skipped,skipped,skipped,skipped,skipped,,10
4497,Jacqueline MCLAREN (SNP),Allan GOW (SNP),Sandra WATSON (SNP),skipped,skipped,skipped,skipped,skipped,skipped,skipped,,10
4498,Jacqueline MCLAREN (SNP),Allan GOW (SNP),Sandra WATSON (SNP),skipped,skipped,skipped,skipped,skipped,skipped,skipped,,10
4499,Jacqueline MCLAREN (SNP),Allan GOW (SNP),Sandra WATSON (SNP),skipped,skipped,skipped,skipped,skipped,skipped,skipped,,10
4500,Jacqueline MCLAREN (SNP),Allan GOW (SNP),Sandra WATSON (SNP),skipped,skipped,skipped,skipped,skipped,skipped,skipped,,10
4501,Jacqueline MCLAREN (SNP),Allan GOW (SNP),Sandra WATSON (SNP),skipped,skipped,skipped,skipped,skipped,skipped,skipped,,10
4502,Jacqueline MCLAREN (SNP),Allan GOW (SNP),Sandra WATSON (SNP),skipped,skipped,skipped,skipped,skipped,skipped,skipped,,10
4503,Jacqueline MCLAREN (SNP),Allan GOW (SNP),Sandra WATSON (SNP),skipped,skipped,skipped,skipped,skipped,skipped,skipped,,10
4504,Jacqueline MCLAREN (SNP),Allan GOW (SNP),Sandra WATSON (SNP),skipped,skipped,skipped,skipped,skipped,skipped,skipped,,10
4505,Jacqueline MCLAREN (SNP),Allan GOW (SNP),Sandra WATSON (SNP),skipped,skipped,skipped,skipped,skipped,skipped,skipped,,10
4506,Jacqueline MCLAREN (SNP),Allan GOW (SNP),Sandra WATSON (SNP),skipped,skipped,skipped,skipped,skipped,skipped,skipped,,10
4507,Jacqueline MCLAREN (SNP),Allan GOW (SNP),Sandra WATSON (SNP),skipped,skipped,skipped,skipped,skipped,skipped,skipped,,10
4508,Jacqueline MCLAREN (SNP),Allan GOW (SNP),Sandra WATSON (SNP),skipped,skipped,skipped,skipped,skipped,skipped,skipped,,10
4509,Jacqueline MCLAREN (SNP),Allan GOW (SNP),Sandra WATSON (SNP),skipped,skipped,skipped,skipped,skipped,skipped,skipped,,10
4510,Jacqueline MCLAREN (SNP),Allan GOW (SNP),Sandra WATSON (SNP),skipped,skipped,skipped,skipped,skipped,skipped,skipped,,10
4511,Jacqueline MCLAREN (SNP),Allan GOW (SNP),Sandra WATSON (SNP),skipped,skipped,skipped,skipped,skipped,skipped,skipped,,10
4512,Jacqueline MCLAREN (SNP),Allan GOW (SNP),Sandra WATSON (SNP),skipped,skipped,skipped,skipped,skipped,skipped,skipped,,10
4513,Jacqueline MCLAREN (SNP),Allan GOW (SNP),Sandra WATSON (SNP),skipped,skipped,skipped,skipped,skipped,skipped,skipped,,10
4514,Jacqueline MCLAREN (SNP),Allan GOW (SNP),Sandra WATSON (SNP),skipped,skipped,skipped,skipped,skipped,skipped,skipped,,10
4515,Jacqueline MCLAREN (SNP),Allan GOW (SNP),Sandra WATSON (SNP),skipped,skipped,skipped,skipped,skipped,skipped,skipped,,10
4516,Jacqueline MCLAREN (SNP),Allan GOW (SNP),Sandra WATSON (SNP),skipped,skipped,skipped,skipped,skipped,skipped,skipped,,10
4517,Jacqueline MCLAREN (SNP),Allan GOW (SNP),Sandra WATSON (SNP),skipped,skipped,skipped,skipped,skipped,skipped,skipped,,10
4518,Jacqueline MCLAREN (SNP),Allan GOW (SNP),Sandra WATSON (SNP),skipped,skipped,skipped,skipped,skipped,skipped,skipped,,10
4519,Jacqueline MCLAREN (SNP),Allan GOW (SNP),Sandra WATSON (SNP),skipped,skipped,skipped,skipped,skipped,skipped,skipped,,10
4520,Jacqueline MCLAREN (SNP),Allan GOW (SNP),Sandra WATSON (SNP),skipped,skipped,skipped,skipped,skipped,skipped,skipped,,10
4521,Jacqueline MCLAREN (SNP),Allan GOW (SNP),Sandra WATSON (SNP),skipped,skipped,skipped,skipped,skipped,skipped,skipped,,10
4522,Jacqueline MCLAREN (SNP),Allan GOW (SNP),Sandra WATSON (SNP),skipped,skipped,skipped,skipped,skipped,skipped,skipped,,10
4523,Jacqueline MCLAREN (SNP),Allan GOW (SNP),Sandra WATSON (SNP),skipped,skipped,skipped,skipped,skipped,skipped,skipped,,10
4524,Jacqueline MCLAREN (SNP),Allan GOW (SNP),Sandra WATSON (SNP),skipped,skipped,skipped,skipped,skipped,skipped,skipped,,10
4525,Jacqueline MCLAREN (SNP),Allan GOW (SNP),Sandra WATSON (SNP),skipped,skipped,skipped,skipped,skipped,skipped,skipped,,10
4526,Jacqueline MCLAREN (SNP),Allan GOW (SNP),Sandra WATSON (SNP),skipped,skipped,skipped,skipped,skipped,skipped,skipped,,10
4527,Jacqueline MCLAREN (SNP),Allan GOW (SNP),Sandra WATSON (SNP),skipped,skipped,skipped,skipped,skipped,skipped,skipped,,10
4528,Jacqueline MCLAREN (SNP),Allan GOW (SNP),Sandra WATSON (SNP),skipped,skipped,skipped,skipped,skipped,skipped,skipped,,10
4529,Jacqueline MCLAREN (SNP),Allan GOW (SNP),Sandra WATSON (SNP),skipped,skipped,skipped,skipped,skipped,skipped,skipped,,10
4530,Jacqueline MCLAREN (SNP),Allan GOW (SNP),Sandra WATSON (SNP),skipped,skipped,skipped,skipped,skipped,skipped,skipped,,10
4531,Jacqueline MCLAREN (SNP),Allan GOW (SNP),Sandra WATSON (SNP),skipped,skipped,skipped,skipped,skipped,skipped,skipped,,10
4532,Jacqueline MCLAREN (SNP),Allan GOW (SNP),Sandra WATSON (SNP),skipped,skipped,skipped,skipped,skipped,skipped,skipped,,10
4533,Jacqueline MCLAREN (SNP),Allan GOW (SNP),Sandra WATSON (SNP),skipped,skipped,skipped,skipped,skipped,skipped,skipped,,10
4534,Jacqueline MCLAREN (SNP),Allan GOW (SNP),Sandra WATSON (SNP),skipped,skipped,skipped,skipped,skipped,skipped,skipped,,10
4535,Jacqueline MCLAREN (SNP),Allan GOW (SNP),Sandra WATSON (SNP),skipped,skipped,skipped,skipped,skipped,skipped,skipped,,10
4536,Jacqueline MCLAREN (SNP),Allan GOW (SNP),Sandra WATSON (SNP),skipped,skipped,skipped,skipped,skipped,skipped,skipped,,10
4537,Jacqueline MCLAREN (SNP),Allan GOW (SNP),Sandra WATSON (SNP),skipped,skipped,skipped,skipped,skipped,skipped,skipped,,10
4538,Jacqueline MCLAREN (SNP),Allan GOW (SNP),Sandra WATSON (SNP),skipped,skipped,skipped,skipped,skipped,skipped,skipped,,10
4539,Jacqueline MCLAREN (SNP),Allan GOW (SNP),Sandra WATSON (SNP),skipped,skipped,skipped,skipped,skipped,skipped,skipped,,10
4540,Jacqueline MCLAREN (SNP),Allan GOW (SNP),Sandra WATSON (SNP),skipped,skipped,skipped,skipped,skipped,skipped,skipped,,10
4541,Jacqueline MCLAREN (SNP),Allan GOW (SNP),Sandra WATSON (SNP),skipped,skipped,skipped,skipped,skipped,skipped,skipped,,10
4542,Jacqueline MCLAREN (SNP),Allan GOW (SNP),Sandra WATSON (SNP),skipped,skipped,skipped,skipped,skipped,skipped,skipped,,10
4543,Jacqueline MCLAREN (SNP),Allan GOW (SNP),Sandra WATSON (SNP),skipped,skipped,skipped,skipped,skipped,skipped,skipped,,10
4544,Jacqueline MCLAREN (SNP),Allan GOW (SNP),Sandra WATSON (SNP),skipped,skipped,skipped,skipped,skipped,skipped,skipped,,10
4545,Jacqueline MCLAREN (SNP),Allan GOW (SNP),Sandra WATSON (SNP),skipped,skipped,skipped,skipped,skipped,skipped,skipped,,10
4546,Jacqueline MCLAREN (SNP),Allan GOW (SNP),Sandra WATSON (SNP),skipped,skipped,skipped,skipped,skipped,skipped,skipped,,10
4547,Jacqueline MCLAREN (SNP),Allan GOW (SNP),Sandra WATSON (SNP),skipped,skipped,skipped,skipped,skipped,skipped,skipped,,10
4548,Jacqueline MCLAREN (SNP),Allan GOW (SNP),Sandra WATSON (SNP),skipped,skipped,skipped,skipped,skipped,skipped,skipped,,10
4549,Jacqueline MCLAREN (SNP),Allan GOW (SNP),Sandra WATSON (SNP),skipped,skipped,skipped,skipped,skipped,skipped,skipped,,10
4550,Jacqueline MCLAREN (SNP),Allan GOW (SNP),Sandra WATSON (SNP),skipped,skipped,skipped,skipped,skipped,skipped,skipped,,10
4551,Jacqueline MCLAREN (SNP),Allan GOW (SNP),Sandra WATSON (SNP),skipped,skipped,skipped,skipped,skipped,skipped,skipped,,10
4552,Jacqueline MCLAREN (SNP),Allan GOW (SNP),Sandra WATSON (SNP),skipped,skipped,skipped,skipped,skipped,skipped,skipped,,10
4553,Jacqueline MCLAREN (SNP),Allan GOW (SNP),Sandra WATSON (SNP),skipped,skipped,skipped,skipped,skipped,skipped,skipped,,10
4554,Jacqueline MCLAREN (SNP),Allan GOW (SNP),Sandra WATSON (SNP),skipped,skipped,skipped,skipped,skipped,skipped,skipped,,10
4555,Jacqueline MCLAREN (SNP),Allan GOW (SNP),Sandra WATSON (SNP),skipped,skipped,skipped,skipped,skipped,skipped,skipped,,10
4556,Jacqueline MCLAREN (SNP),Allan GOW (SNP),Sandra WATSON (SNP),skipped,skipped,skipped,skipped,skipped,skipped,skipped,,10
4557,Jacqueline MCLAREN (SNP),Allan GOW (SNP),Sandra WATSON (SNP),skipped,skipped,skipped,skipped,skipped,skipped,skipped,,10
4558,Jacqueline MCLAREN (SNP),Allan GOW (SNP),Sandra WATSON (SNP),skipped,skipped,skipped,skipped,skipped,skipped,skipped,,10
4559,Jacqueline MCLAREN (SNP),Allan GOW (SNP),Sandra WATSON (SNP),skipped,skipped,skipped,skipped,skipped,skipped,skipped,,10
4560,Jacqueline MCLAREN (SNP),Allan GOW (SNP),Sandra WATSON (SNP),skipped,skipped,skipped,skipped,skipped,skipped,skipped,,10
4561,Jacqueline MCLAREN (SNP),Allan GOW (SNP),Sandra WATSON (SNP),skipped,skipped,skipped,skipped,skipped,skipped,skipped,,10
4562,Jacqueline MCLAREN (SNP),Allan GOW (SNP),Sandra WATSON (SNP),skipped,skipped,skipped,skipped,skipped,skipped,skipped,,10
4563,Jacqueline MCLAREN (SNP),Allan GOW (SNP),Sandra WATSON (SNP),skipped,skipped,skipped,skipped,skipped,skipped,skipped,,10
4564,Jacqueline MCLAREN (SNP),Allan GOW (SNP),Sandra WATSON (SNP),skipped,skipped,skipped,skipped,skipped,skipped,skipped,,10
4565,Jacqueline MCLAREN (SNP),Allan GOW (SNP),Sandra WATSON (SNP),skipped,skipped,skipped,skipped,skipped,skipped,skipped,,10
4566,Jacqueline MCLAREN (SNP),Allan GOW (SNP),Sandra WATSON (SNP),skipped,skipped,skipped,skipped,skipped,skipped,skipped,,10
4567,Jacqueline MCLAREN (SNP),Allan GOW (SNP),Sandra WATSON (SNP),skipped,skipped,skipped,skipped,skipped,skipped,skipped,,10
4568,Jacqueline MCLAREN (SNP),Allan GOW (SNP),Sandra WATSON (SNP),skipped,skipped,skipped,skipped,skipped,skipped,skipped,,10
4569,Jacqueline MCLAREN (SNP),Allan GOW (SNP),Sandra WATSON (SNP),skipped,skipped,skipped,skipped,skipped,skipped,skipped,,10
4570,Jacqueline MCLAREN (SNP),Allan GOW (SNP),Sandra WATSON (SNP),skipped,skipped,skipped,skipped,skipped,skipped,skipped,,10
4571,Jacqueline MCLAREN (SNP),Allan GOW (SNP),Sandra WATSON (SNP),skipped,skipped,skipped,skipped,skipped,skipped,skipped,,10
4572,Jacqueline MCLAREN (SNP),Allan GOW (SNP),Sandra WATSON (SNP),skipped,skipped,skipped,skipped,skipped,skipped,skipped,,10
4573,Jacqueline MCLAREN (SNP),Allan GOW (SNP),Sandra WATSON (SNP),skipped,skipped,skipped,skipped,skipped,skipped,skipped,,10
4574,Jacqueline MCLAREN (SNP),Allan GOW (SNP),Sandra WATSON (SNP),skipped,skipped,skipped,skipped,skipped,skipped,skipped,,10
4575,Jacqueline MCLAREN (SNP),Allan GOW (SNP),Sandra WATSON (SNP),Seonad Mairi HOY (Grn),skipped,skipped,skipped,skipped,skipped,skipped,,10
4576,Jacqueline MCLAREN (SNP),Allan GOW (SNP),Sandra WATSON (SNP),Seonad Mairi HOY (Grn),skipped,skipped,skipped,skipped,skipped,skipped,,10
4577,Jacqueline MCLAREN (SNP),Allan GOW (SNP),Sandra WATSON (SNP),Seonad Mairi HOY (Grn),skipped,skipped,skipped,skipped,skipped,skipped,,10
4578,Jacqueline MCLAREN (SNP),Allan GOW (SNP),Sandra WATSON (SNP),Seonad Mairi HOY (Grn),skipped,skipped,skipped,skipped,skipped,skipped,,10
4579,Jacqueline MCLAREN (SNP),Allan GOW (SNP),Sandra WATSON (SNP),Seonad Mairi HOY (Grn),skipped,skipped,skipped,skipped,skipped,skipped,,10
4580,Jacqueline MCLAREN (SNP),Allan GOW (SNP),Sandra WATSON (SNP),Seonad Mairi HOY (Grn),skipped,skipped,skipped,skipped,skipped,skipped,,10
4581,Jacqueline MCLAREN (SNP),Allan GOW (SNP),Sandra WATSON (SNP),Seonad Mairi HOY (Grn),skipped,skipped,skipped,skipped,skipped,skipped,,10
4582,Jacqueline MCLAREN (SNP),Allan GOW (SNP),Sandra WATSON (SNP),Seonad Mairi HOY (Grn),skipped,skipped,skipped,skipped,skipped,skipped,,10
4583,Jacqueline MCLAREN (SNP),Allan GOW (SNP),Sandra WATSON (SNP),Seonad Mairi HOY (Grn),skipped,skipped,skipped,skipped,skipped,skipped,,10
4584,Jacqueline MCLAREN (SNP),Allan GOW (SNP),Sandra WATSON (SNP),Seonad Mairi HOY (Grn),skipped,skipped,skipped,skipped,skipped,skipped,,10
4585,Jacqueline MCLAREN (SNP),Allan GOW (SNP),Sandra WATSON (SNP),Seonad Mairi HOY (Grn),skipped,skipped,skipped,skipped,skipped,skipped,,10
4586,Jacqueline MCLAREN (SNP),Allan GOW (SNP),Sandra WATSON (SNP),Seonad Mairi HOY (Grn),skipped,skipped,skipped,skipped,skipped,skipped,,10
4587,Jacqueline MCLAREN (SNP),Allan GOW (SNP),Sandra WATSON (SNP),Seonad Mairi HOY (Grn),skipped,skipped,skipped,skipped,skipped,skipped,,10
4588,Jacqueline MCLAREN (SNP),Allan GOW (SNP),Sandra WATSON (SNP),Seonad Mairi HOY (Grn),skipped,skipped,skipped,skipped,skipped,skipped,,10
4589,Jacqueline MCLAREN (SNP),Allan GOW (SNP),Sandra WATSON (SNP),Seonad Mairi HOY (Grn),Fiona E HIGGINS Glasgow (Lab),skipped,skipped,skipped,skipped,skipped,,10
4590,Jacqueline MCLAREN (SNP),Allan GOW (SNP),Sandra WATSON (SNP),Seonad Mairi HOY (Grn),Fiona E HIGGINS Glasgow (Lab),Robert JH MOONEY Glasgow (Lab),Scott SIMPSON (LD),skipped,skipped,skipped,,10
4591,Jacqueline MCLAREN (SNP),Allan GOW (SNP),Sandra WATSON (SNP),Seonad Mairi HOY (Grn),Fiona E HIGGINS Glasgow (Lab),Robert JH MOONEY Glasgow (Lab),Brian LAND (Ind),skipped,skipped,skipped,,10
4592,Jacqueline MCLAREN (SNP),Allan GOW (SNP),Sandra WATSON (SNP),Seonad Mairi HOY (Grn),Martin Lawson OLU-OSAGIE (Alba),skipped,skipped,skipped,skipped,skipped,,10
4593,Jacqueline MCLAREN (SNP),Allan GOW (SNP),Sandra WATSON (SNP),Seonad Mairi HOY (Grn),Martin Lawson OLU-OSAGIE (Alba),skipped,skipped,skipped,skipped,skipped,,10
4594,Jacqueline MCLAREN (SNP),Allan GOW (SNP),Sandra WATSON (SNP),Seonad Mairi HOY (Grn),Martin Lawson OLU-OSAGIE (Alba),Fiona E HIGGINS Glasgow (Lab),Brian LAND (Ind),skipped,skipped,skipped,,10
4595,Jacqueline MCLAREN (SNP),Allan GOW (SNP),Sandra WATSON (SNP),Seonad Mairi HOY (Grn),Martin Lawson OLU-OSAGIE (Alba),Fiona E HIGGINS Glasgow (Lab),Robert JH MOONEY Glasgow (Lab),skipped,skipped,skipped,,10
4596,Jacqueline MCLAREN (SNP),Allan GOW (SNP),Sandra WATSON (SNP),Seonad Mairi HOY (Grn),Martin Lawson OLU-OSAGIE (Alba),Fiona E HIGGINS Glasgow (Lab),Robert JH MOONEY Glasgow (Lab),skipped,skipped,skipped,,10
4597,Jacqueline MCLAREN (SNP),Allan GOW (SNP),Sandra WATSON (SNP),Seonad Mairi HOY (Grn),Martin Lawson OLU-OSAGIE (Alba),Brian LAND (Ind),Scott SIMPSON (LD),skipped,skipped,skipped,,10
4598,Jacqueline MCLAREN (SNP),Allan GOW (SNP),Sandra WATSON (SNP),Seonad Mairi HOY (Grn),Scott SIMPSON (LD),Fiona E HIGGINS Glasgow (Lab),Robert JH MOONEY Glasgow (Lab),skipped,skipped,skipped,,10
4599,Jacqueline MCLAREN (SNP),Allan GOW (SNP),Sandra WATSON (SNP),Seonad Mairi HOY (Grn),Scott SIMPSON (LD),Brian LAND (Ind),Martin Lawson OLU-OSAGIE (Alba),skipped,skipped,skipped,,10
4600,Jacqueline MCLAREN (SNP),Allan GOW (SNP),Sandra WATSON (SNP),Seonad Mairi HOY (Grn),Brian LAND (Ind),Scott SIMPSON (LD),Fiona E HIGGINS Glasgow (Lab),skipped,skipped,skipped,,10
4601,Jacqueline MCLAREN (SNP),Allan GOW (SNP),Sandra WATSON (SNP),Seonad Mairi HOY (Grn),Brian LAND (Ind),Scott SIMPSON (LD),Fiona E HIGGINS Glasgow (Lab),skipped,skipped,skipped,,10
4602,Jacqueline MCLAREN (SNP),Allan GOW (SNP),Sandra WATSON (SNP),Seonad Mairi HOY (Grn),Brian LAND (Ind),Scott SIMPSON (LD),Fiona E HIGGINS Glasgow (Lab),skipped,skipped,skipped,,10
4603,Jacqueline MCLAREN (SNP),Allan GOW (SNP),Sandra WATSON (SNP),Seonad Mairi HOY (Grn),Brian LAND (Ind),Robert JH MOONEY Glasgow (Lab),Fiona E HIGGINS Glasgow (Lab),skipped,skipped,skipped,,10
4604,Jacqueline MCLAREN (SNP),Allan GOW (SNP),Sandra WATSON (SNP),Seonad Mairi HOY (Grn),Brian LAND (Ind),Robert JH MOONEY Glasgow (Lab),Fiona E HIGGINS Glasgow (Lab),skipped,skipped,skipped,,10
4605,Jacqueline MCLAREN (SNP),Allan GOW (SNP),Sandra WATSON (SNP),Seonad Mairi HOY (Grn),Robert JH MOONEY Glasgow (Lab),Scott SIMPSON (LD),Fiona E HIGGINS Glasgow (Lab),skipped,skipped,skipped,,10
4606,Jacqueline MCLAREN (SNP),Allan GOW (SNP),Sandra WATSON (SNP),Fiona E HIGGINS Glasgow (Lab),skipped,skipped,skipped,skipped,skipped,skipped,,10
4607,Jacqueline MCLAREN (SNP),Allan GOW (SNP),Sandra WATSON (SNP),Fiona E HIGGINS Glasgow (Lab),Seonad Mairi HOY (Grn),Robert JH MOONEY Glasgow (Lab),Scott SIMPSON (LD),skipped,skipped,skipped,,10
4608,Jacqueline MCLAREN (SNP),Allan GOW (SNP),Sandra WATSON (SNP),Fiona E HIGGINS Glasgow (Lab),Robert JH MOONEY Glasgow (Lab),skipped,skipped,skipped,skipped,skipped,,10
4609,Jacqueline MCLAREN (SNP),Allan GOW (SNP),Sandra WATSON (SNP),Fiona E HIGGINS Glasgow (Lab),Robert JH MOONEY Glasgow (Lab),skipped,skipped,skipped,skipped,skipped,,10
4610,Jacqueline MCLAREN (SNP),Allan GOW (SNP),Sandra WATSON (SNP),Fiona E HIGGINS Glasgow (Lab),Robert JH MOONEY Glasgow (Lab),skipped,skipped,skipped,skipped,skipped,,10
4611,Jacqueline MCLAREN (SNP),Allan GOW (SNP),Sandra WATSON (SNP),Fiona E HIGGINS Glasgow (Lab),Robert JH MOONEY Glasgow (Lab),Seonad Mairi HOY (Grn),skipped,skipped,skipped,skipped,,10
4612,Jacqueline MCLAREN (SNP),Allan GOW (SNP),Sandra WATSON (SNP),Fiona E HIGGINS Glasgow (Lab),Robert JH MOONEY Glasgow (Lab),Seonad Mairi HOY (Grn),Martin Lawson OLU-OSAGIE (Alba),skipped,skipped,skipped,,10
4613,Jacqueline MCLAREN (SNP),Allan GOW (SNP),Sandra WATSON (SNP),Fiona E HIGGINS Glasgow (Lab),Robert JH MOONEY Glasgow (Lab),Martin Lawson OLU-OSAGIE (Alba),skipped,skipped,skipped,skipped,,10
4614,Jacqueline MCLAREN (SNP),Allan GOW (SNP),Sandra WATSON (SNP),Fiona E HIGGINS Glasgow (Lab),Robert JH MOONEY Glasgow (Lab),Scott SIMPSON (LD),Martin Lawson OLU-OSAGIE (Alba),skipped,skipped,skipped,,10
4615,Jacqueline MCLAREN (SNP),Allan GOW (SNP),Sandra WATSON (SNP),Fiona E HIGGINS Glasgow (Lab),Robert JH MOONEY Glasgow (Lab),Scott SIMPSON (LD),Martin Lawson OLU-OSAGIE (Alba),skipped,skipped,skipped,,10
4616,Jacqueline MCLAREN (SNP),Allan GOW (SNP),Sandra WATSON (SNP),Fiona E HIGGINS Glasgow (Lab),Robert JH MOONEY Glasgow (Lab),Scott SIMPSON (LD),Brian LAND (Ind),skipped,skipped,skipped,,10
4617,Jacqueline MCLAREN (SNP),Allan GOW (SNP),Sandra WATSON (SNP),Martin Lawson OLU-OSAGIE (Alba),skipped,skipped,skipped,skipped,skipped,skipped,,10
4618,Jacqueline MCLAREN (SNP),Allan GOW (SNP),Sandra WATSON (SNP),Martin Lawson OLU-OSAGIE (Alba),skipped,skipped,skipped,skipped,skipped,skipped,,10
4619,Jacqueline MCLAREN (SNP),Allan GOW (SNP),Sandra WATSON (SNP),Martin Lawson OLU-OSAGIE (Alba),skipped,skipped,skipped,skipped,skipped,skipped,,10
4620,Jacqueline MCLAREN (SNP),Allan GOW (SNP),Sandra WATSON (SNP),Martin Lawson OLU-OSAGIE (Alba),Seonad Mairi HOY (Grn),skipped,skipped,skipped,skipped,skipped,,10
4621,Jacqueline MCLAREN (SNP),Allan GOW (SNP),Sandra WATSON (SNP),Martin Lawson OLU-OSAGIE (Alba),Seonad Mairi HOY (Grn),skipped,skipped,skipped,skipped,skipped,,10
4622,Jacqueline MCLAREN (SNP),Allan GOW (SNP),Sandra WATSON (SNP),Martin Lawson OLU-OSAGIE (Alba),Seonad Mairi HOY (Grn),Fiona E HIGGINS Glasgow (Lab),Brian LAND (Ind),skipped,skipped,skipped,,10
4623,Jacqueline MCLAREN (SNP),Allan GOW (SNP),Sandra WATSON (SNP),Brian LAND (Ind),skipped,skipped,skipped,skipped,skipped,skipped,,10
4624,Jacqueline MCLAREN (SNP),Allan GOW (SNP),Sandra WATSON (SNP),Brian LAND (Ind),skipped,skipped,skipped,skipped,skipped,skipped,,10
4625,Jacqueline MCLAREN (SNP),Allan GOW (SNP),Sandra WATSON (SNP),Brian LAND (Ind),skipped,skipped,skipped,skipped,skipped,skipped,,10
4626,Jacqueline MCLAREN (SNP),Allan GOW (SNP),Sandra WATSON (SNP),Brian LAND (Ind),skipped,skipped,skipped,skipped,skipped,skipped,,10
4627,Jacqueline MCLAREN (SNP),Allan GOW (SNP),Sandra WATSON (SNP),Brian LAND (Ind),skipped,skipped,skipped,skipped,skipped,skipped,,10
4628,Jacqueline MCLAREN (SNP),Allan GOW (SNP),Sandra WATSON (SNP),Brian LAND (Ind),skipped,skipped,skipped,skipped,skipped,skipped,,10
4629,Jacqueline MCLAREN (SNP),Allan GOW (SNP),Sandra WATSON (SNP),Brian LAND (Ind),skipped,skipped,skipped,skipped,skipped,skipped,,10
4630,Jacqueline MCLAREN (SNP),Allan GOW (SNP),Sandra WATSON (SNP),Brian LAND (Ind),skipped,skipped,skipped,skipped,skipped,skipped,,10
4631,Jacqueline MCLAREN (SNP),Allan GOW (SNP),Sandra WATSON (SNP),Brian LAND (Ind),skipped,skipped,skipped,skipped,skipped,skipped,,10
4632,Jacqueline MCLAREN (SNP),Allan GOW (SNP),Sandra WATSON (SNP),Brian LAND (Ind),skipped,skipped,skipped,skipped,skipped,skipped,,10
4633,Jacqueline MCLAREN (SNP),Allan GOW (SNP),Sandra WATSON (SNP),Brian LAND (Ind),skipped,skipped,skipped,skipped,skipped,skipped,,10
4634,Jacqueline MCLAREN (SNP),Allan GOW (SNP),Sandra WATSON (SNP),Brian LAND (Ind),skipped,skipped,skipped,skipped,skipped,skipped,,10
4635,Jacqueline MCLAREN (SNP),Allan GOW (SNP),Sandra WATSON (SNP),Brian LAND (Ind),Seonad Mairi HOY (Grn),skipped,skipped,skipped,skipped,skipped,,10
4636,Jacqueline MCLAREN (SNP),Allan GOW (SNP),Sandra WATSON (SNP),Brian LAND (Ind),Seonad Mairi HOY (Grn),skipped,skipped,skipped,skipped,skipped,,10
4637,Jacqueline MCLAREN (SNP),Allan GOW (SNP),Sandra WATSON (SNP),Brian LAND (Ind),Fiona E HIGGINS Glasgow (Lab),Robert JH MOONEY Glasgow (Lab),skipped,skipped,skipped,skipped,,10
4638,Jacqueline MCLAREN (SNP),Allan GOW (SNP),Sandra WATSON (SNP),Brian LAND (Ind),Fiona E HIGGINS Glasgow (Lab),Robert JH MOONEY Glasgow (Lab),Martin Lawson OLU-OSAGIE (Alba),skipped,skipped,skipped,,10
4639,Jacqueline MCLAREN (SNP),Allan GOW (SNP),Sandra WATSON (SNP),Brian LAND (Ind),Robert JH MOONEY Glasgow (Lab),Fiona E HIGGINS Glasgow (Lab),Seonad Mairi HOY (Grn),skipped,skipped,skipped,,10
4640,Jacqueline MCLAREN (SNP),Allan GOW (SNP),Sandra WATSON (SNP),Robert JH MOONEY Glasgow (Lab),skipped,skipped,skipped,skipped,skipped,skipped,,10
4641,Jacqueline MCLAREN (SNP),Allan GOW (SNP),Sandra WATSON (SNP),Robert JH MOONEY Glasgow (Lab),Fiona E HIGGINS Glasgow (Lab),skipped,skipped,skipped,skipped,skipped,,10
4642,Jacqueline MCLAREN (SNP),Allan GOW (SNP),Sandra WATSON (SNP),Robert JH MOONEY Glasgow (Lab),Fiona E HIGGINS Glasgow (Lab),skipped,skipped,skipped,skipped,skipped,,10
4643,Jacqueline MCLAREN (SNP),Allan GOW (SNP),Sandra WATSON (SNP),Robert JH MOONEY Glasgow (Lab),Fiona E HIGGINS Glasgow (Lab),skipped,skipped,skipped,skipped,skipped,,10
4644,Jacqueline MCLAREN (SNP),Allan GOW (SNP),Sandra WATSON (SNP),Robert JH MOONEY Glasgow (Lab),Fiona E HIGGINS Glasgow (Lab),skipped,skipped,skipped,skipped,skipped,,10
4645,Jacqueline MCLAREN (SNP),Allan GOW (SNP),Sandra WATSON (SNP),Robert JH MOONEY Glasgow (Lab),Fiona E HIGGINS Glasgow (Lab),Seonad Mairi HOY (Grn),Scott SIMPSON (LD),skipped,skipped,skipped,,10
4646,Jacqueline MCLAREN (SNP),Allan GOW (SNP),Sandra WATSON (SNP),Robert JH MOONEY Glasgow (Lab),Martin Lawson OLU-OSAGIE (Alba),Fiona E HIGGINS Glasgow (Lab),Seonad Mairi HOY (Grn),skipped,skipped,skipped,,10
4647,Jacqueline MCLAREN (SNP),Robert JH MOONEY Glasgow (Lab),skipped,skipped,skipped,skipped,skipped,skipped,skipped,skipped,,10
4648,Jacqueline MCLAREN (SNP),Robert JH MOONEY Glasgow (Lab),Seonad Mairi HOY (Grn),skipped,skipped,skipped,skipped,skipped,skipped,skipped,,10
4649,Jacqueline MCLAREN (SNP),Robert JH MOONEY Glasgow (Lab),Maria WELLS (Con),Seonad Mairi HOY (Grn),skipped,skipped,skipped,skipped,skipped,skipped,,10
4650,Jacqueline MCLAREN (SNP),Robert JH MOONEY Glasgow (Lab),Allan GOW (SNP),skipped,skipped,skipped,skipped,skipped,skipped,skipped,,10
4651,Jacqueline MCLAREN (SNP),Robert JH MOONEY Glasgow (Lab),Allan GOW (SNP),Fiona E HIGGINS Glasgow (Lab),skipped,skipped,skipped,skipped,skipped,skipped,,10
4652,Jacqueline MCLAREN (SNP),Robert JH MOONEY Glasgow (Lab),Allan GOW (SNP),Fiona E HIGGINS Glasgow (Lab),skipped,skipped,skipped,skipped,skipped,skipped,,10
4653,Jacqueline MCLAREN (SNP),Robert JH MOONEY Glasgow (Lab),Allan GOW (SNP),Fiona E HIGGINS Glasgow (Lab),Sandra WATSON (SNP),Scott SIMPSON (LD),Maria WELLS (Con),skipped,skipped,skipped,,10
4654,Jacqueline MCLAREN (SNP),Robert JH MOONEY Glasgow (Lab),Allan GOW (SNP),Fiona E HIGGINS Glasgow (Lab),Sandra WATSON (SNP),Brian LAND (Ind),Seonad Mairi HOY (Grn),skipped,skipped,skipped,,10
4655,Jacqueline MCLAREN (SNP),Robert JH MOONEY Glasgow (Lab),Sandra WATSON (SNP),skipped,skipped,skipped,skipped,skipped,skipped,skipped,,10
4656,Jacqueline MCLAREN (SNP),Robert JH MOONEY Glasgow (Lab),Sandra WATSON (SNP),skipped,skipped,skipped,skipped,skipped,skipped,skipped,,10
4657,Jacqueline MCLAREN (SNP),Robert JH MOONEY Glasgow (Lab),Sandra WATSON (SNP),Allan GOW (SNP),skipped,skipped,skipped,skipped,skipped,skipped,,10
4658,Jacqueline MCLAREN (SNP),Robert JH MOONEY Glasgow (Lab),Sandra WATSON (SNP),Allan GOW (SNP),Fiona E HIGGINS Glasgow (Lab),Maria WELLS (Con),skipped,skipped,skipped,skipped,,10
4659,Jacqueline MCLAREN (SNP),Sandra WATSON (SNP),skipped,skipped,skipped,skipped,skipped,skipped,skipped,skipped,,10
4660,Jacqueline MCLAREN (SNP),Sandra WATSON (SNP),skipped,skipped,skipped,skipped,skipped,skipped,skipped,skipped,,10
4661,Jacqueline MCLAREN (SNP),Sandra WATSON (SNP),Seonad Mairi HOY (Grn),skipped,skipped,skipped,skipped,skipped,skipped,skipped,,10
4662,Jacqueline MCLAREN (SNP),Sandra WATSON (SNP),Seonad Mairi HOY (Grn),skipped,skipped,skipped,skipped,skipped,skipped,skipped,,10
4663,Jacqueline MCLAREN (SNP),Sandra WATSON (SNP),Seonad Mairi HOY (Grn),skipped,skipped,skipped,skipped,skipped,skipped,skipped,,10
4664,Jacqueline MCLAREN (SNP),Sandra WATSON (SNP),Seonad Mairi HOY (Grn),skipped,skipped,skipped,skipped,skipped,skipped,skipped,,10
4665,Jacqueline MCLAREN (SNP),Sandra WATSON (SNP),Seonad Mairi HOY (Grn),Allan GOW (SNP),skipped,skipped,skipped,skipped,skipped,skipped,,10
4666,Jacqueline MCLAREN (SNP),Sandra WATSON (SNP),Seonad Mairi HOY (Grn),Allan GOW (SNP),skipped,skipped,skipped,skipped,skipped,skipped,,10
4667,Jacqueline MCLAREN (SNP),Sandra WATSON (SNP),Seonad Mairi HOY (Grn),Allan GOW (SNP),skipped,skipped,skipped,skipped,skipped,skipped,,10
4668,Jacqueline MCLAREN (SNP),Sandra WATSON (SNP),Seonad Mairi HOY (Grn),Allan GOW (SNP),skipped,skipped,skipped,skipped,skipped,skipped,,10
4669,Jacqueline MCLAREN (SNP),Sandra WATSON (SNP),Seonad Mairi HOY (Grn),Allan GOW (SNP),Fiona E HIGGINS Glasgow (Lab),Robert JH MOONEY Glasgow (Lab),skipped,skipped,skipped,skipped,,10
4670,Jacqueline MCLAREN (SNP),Sandra WATSON (SNP),Seonad Mairi HOY (Grn),Allan GOW (SNP),Martin Lawson OLU-OSAGIE (Alba),skipped,skipped,skipped,skipped,skipped,,10
4671,Jacqueline MCLAREN (SNP),Sandra WATSON (SNP),Seonad Mairi HOY (Grn),Allan GOW (SNP),Scott SIMPSON (LD),Fiona E HIGGINS Glasgow (Lab),Robert JH MOONEY Glasgow (Lab),skipped,skipped,skipped,,10
4672,Jacqueline MCLAREN (SNP),Sandra WATSON (SNP),Seonad Mairi HOY (Grn),Allan GOW (SNP),Scott SIMPSON (LD),Martin Lawson OLU-OSAGIE (Alba),Robert JH MOONEY Glasgow (Lab),skipped,skipped,skipped,,10
4673,Jacqueline MCLAREN (SNP),Sandra WATSON (SNP),Fiona E HIGGINS Glasgow (Lab),skipped,skipped,skipped,skipped,skipped,skipped,skipped,,10
4674,Jacqueline MCLAREN (SNP),Sandra WATSON (SNP),Fiona E HIGGINS Glasgow (Lab),skipped,skipped,skipped,skipped,skipped,skipped,skipped,,10
4675,Jacqueline MCLAREN (SNP),Sandra WATSON (SNP),Fiona E HIGGINS Glasgow (Lab),Seonad Mairi HOY (Grn),skipped,skipped,skipped,skipped,skipped,skipped,,10
4676,Jacqueline MCLAREN (SNP),Sandra WATSON (SNP),Fiona E HIGGINS Glasgow (Lab),Seonad Mairi HOY (Grn),Scott SIMPSON (LD),Robert JH MOONEY Glasgow (Lab),Allan GOW (SNP),skipped,skipped,skipped,,10
4677,Jacqueline MCLAREN (SNP),Sandra WATSON (SNP),Fiona E HIGGINS Glasgow (Lab),Robert JH MOONEY Glasgow (Lab),skipped,skipped,skipped,skipped,skipped,skipped,,10
4678,Jacqueline MCLAREN (SNP),Sandra WATSON (SNP),Brian LAND (Ind),skipped,skipped,skipped,skipped,skipped,skipped,skipped,,10
4679,Jacqueline MCLAREN (SNP),Sandra WATSON (SNP),Allan GOW (SNP),skipped,skipped,skipped,skipped,skipped,skipped,skipped,,10
4680,Jacqueline MCLAREN (SNP),Sandra WATSON (SNP),Allan GOW (SNP),skipped,skipped,skipped,skipped,skipped,skipped,skipped,,10
4681,Jacqueline MCLAREN (SNP),Sandra WATSON (SNP),Allan GOW (SNP),skipped,skipped,skipped,skipped,skipped,skipped,skipped,,10
4682,Jacqueline MCLAREN (SNP),Sandra WATSON (SNP),Allan GOW (SNP),skipped,skipped,skipped,skipped,skipped,skipped,skipped,,10
4683,Jacqueline MCLAREN (SNP),Sandra WATSON (SNP),Allan GOW (SNP),skipped,skipped,skipped,skipped,skipped,skipped,skipped,,10
4684,Jacqueline MCLAREN (SNP),Sandra WATSON (SNP),Allan GOW (SNP),skipped,skipped,skipped,skipped,skipped,skipped,skipped,,10
4685,Jacqueline MCLAREN (SNP),Sandra WATSON (SNP),Allan GOW (SNP),skipped,skipped,skipped,skipped,skipped,skipped,skipped,,10
4686,Jacqueline MCLAREN (SNP),Sandra WATSON (SNP),Allan GOW (SNP),skipped,skipped,skipped,skipped,skipped,skipped,skipped,,10
4687,Jacqueline MCLAREN (SNP),Sandra WATSON (SNP),Allan GOW (SNP),skipped,skipped,skipped,skipped,skipped,skipped,skipped,,10
4688,Jacqueline MCLAREN (SNP),Sandra WATSON (SNP),Allan GOW (SNP),skipped,skipped,skipped,skipped,skipped,skipped,skipped,,10
4689,Jacqueline MCLAREN (SNP),Sandra WATSON (SNP),Allan GOW (SNP),skipped,skipped,skipped,skipped,skipped,skipped,skipped,,10
4690,Jacqueline MCLAREN (SNP),Sandra WATSON (SNP),Allan GOW (SNP),skipped,skipped,skipped,skipped,skipped,skipped,skipped,,10
4691,Jacqueline MCLAREN (SNP),Sandra WATSON (SNP),Allan GOW (SNP),skipped,skipped,skipped,skipped,skipped,skipped,skipped,,10
4692,Jacqueline MCLAREN (SNP),Sandra WATSON (SNP),Allan GOW (SNP),skipped,skipped,skipped,skipped,skipped,skipped,skipped,,10
4693,Jacqueline MCLAREN (SNP),Sandra WATSON (SNP),Allan GOW (SNP),skipped,skipped,skipped,skipped,skipped,skipped,skipped,,10
4694,Jacqueline MCLAREN (SNP),Sandra WATSON (SNP),Allan GOW (SNP),skipped,skipped,skipped,skipped,skipped,skipped,skipped,,10
4695,Jacqueline MCLAREN (SNP),Sandra WATSON (SNP),Allan GOW (SNP),skipped,skipped,skipped,skipped,skipped,skipped,skipped,,10
4696,Jacqueline MCLAREN (SNP),Sandra WATSON (SNP),Allan GOW (SNP),skipped,skipped,skipped,skipped,skipped,skipped,skipped,,10
4697,Jacqueline MCLAREN (SNP),Sandra WATSON (SNP),Allan GOW (SNP),skipped,skipped,skipped,skipped,skipped,skipped,skipped,,10
4698,Jacqueline MCLAREN (SNP),Sandra WATSON (SNP),Allan GOW (SNP),skipped,skipped,skipped,skipped,skipped,skipped,skipped,,10
4699,Jacqueline MCLAREN (SNP),Sandra WATSON (SNP),Allan GOW (SNP),skipped,skipped,skipped,skipped,skipped,skipped,skipped,,10
4700,Jacqueline MCLAREN (SNP),Sandra WATSON (SNP),Allan GOW (SNP),skipped,skipped,skipped,skipped,skipped,skipped,skipped,,10
4701,Jacqueline MCLAREN (SNP),Sandra WATSON (SNP),Allan GOW (SNP),skipped,skipped,skipped,skipped,skipped,skipped,skipped,,10
4702,Jacqueline MCLAREN (SNP),Sandra WATSON (SNP),Allan GOW (SNP),skipped,skipped,skipped,skipped,skipped,skipped,skipped,,10
4703,Jacqueline MCLAREN (SNP),Sandra WATSON (SNP),Allan GOW (SNP),skipped,skipped,skipped,skipped,skipped,skipped,skipped,,10
4704,Jacqueline MCLAREN (SNP),Sandra WATSON (SNP),Allan GOW (SNP),skipped,skipped,skipped,skipped,skipped,skipped,skipped,,10
4705,Jacqueline MCLAREN (SNP),Sandra WATSON (SNP),Allan GOW (SNP),skipped,skipped,skipped,skipped,skipped,skipped,skipped,,10
4706,Jacqueline MCLAREN (SNP),Sandra WATSON (SNP),Allan GOW (SNP),skipped,skipped,skipped,skipped,skipped,skipped,skipped,,10
4707,Jacqueline MCLAREN (SNP),Sandra WATSON (SNP),Allan GOW (SNP),skipped,skipped,skipped,skipped,skipped,skipped,skipped,,10
4708,Jacqueline MCLAREN (SNP),Sandra WATSON (SNP),Allan GOW (SNP),skipped,skipped,skipped,skipped,skipped,skipped,skipped,,10
4709,Jacqueline MCLAREN (SNP),Sandra WATSON (SNP),Allan GOW (SNP),skipped,skipped,skipped,skipped,skipped,skipped,skipped,,10
4710,Jacqueline MCLAREN (SNP),Sandra WATSON (SNP),Allan GOW (SNP),skipped,skipped,skipped,skipped,skipped,skipped,skipped,,10
4711,Jacqueline MCLAREN (SNP),Sandra WATSON (SNP),Allan GOW (SNP),skipped,skipped,skipped,skipped,skipped,skipped,skipped,,10
4712,Jacqueline MCLAREN (SNP),Sandra WATSON (SNP),Allan GOW (SNP),skipped,skipped,skipped,skipped,skipped,skipped,skipped,,10
4713,Jacqueline MCLAREN (SNP),Sandra WATSON (SNP),Allan GOW (SNP),skipped,skipped,skipped,skipped,skipped,skipped,skipped,,10
4714,Jacqueline MCLAREN (SNP),Sandra WATSON (SNP),Allan GOW (SNP),skipped,skipped,skipped,skipped,skipped,skipped,skipped,,10
4715,Jacqueline MCLAREN (SNP),Sandra WATSON (SNP),Allan GOW (SNP),skipped,skipped,skipped,skipped,skipped,skipped,skipped,,10
4716,Jacqueline MCLAREN (SNP),Sandra WATSON (SNP),Allan GOW (SNP),skipped,skipped,skipped,skipped,skipped,skipped,skipped,,10
4717,Jacqueline MCLAREN (SNP),Sandra WATSON (SNP),Allan GOW (SNP),skipped,skipped,skipped,skipped,skipped,skipped,skipped,,10
4718,Jacqueline MCLAREN (SNP),Sandra WATSON (SNP),Allan GOW (SNP),skipped,skipped,skipped,skipped,skipped,skipped,skipped,,10
4719,Jacqueline MCLAREN (SNP),Sandra WATSON (SNP),Allan GOW (SNP),skipped,skipped,skipped,skipped,skipped,skipped,skipped,,10
4720,Jacqueline MCLAREN (SNP),Sandra WATSON (SNP),Allan GOW (SNP),skipped,skipped,skipped,skipped,skipped,skipped,skipped,,10
4721,Jacqueline MCLAREN (SNP),Sandra WATSON (SNP),Allan GOW (SNP),skipped,skipped,skipped,skipped,skipped,skipped,skipped,,10
4722,Jacqueline MCLAREN (SNP),Sandra WATSON (SNP),Allan GOW (SNP),skipped,skipped,skipped,skipped,skipped,skipped,skipped,,10
4723,Jacqueline MCLAREN (SNP),Sandra WATSON (SNP),Allan GOW (SNP),skipped,skipped,skipped,skipped,skipped,skipped,skipped,,10
4724,Jacqueline MCLAREN (SNP),Sandra WATSON (SNP),Allan GOW (SNP),skipped,skipped,skipped,skipped,skipped,skipped,skipped,,10
4725,Jacqueline MCLAREN (SNP),Sandra WATSON (SNP),Allan GOW (SNP),skipped,skipped,skipped,skipped,skipped,skipped,skipped,,10
4726,Jacqueline MCLAREN (SNP),Sandra WATSON (SNP),Allan GOW (SNP),skipped,skipped,skipped,skipped,skipped,skipped,skipped,,10
4727,Jacqueline MCLAREN (SNP),Sandra WATSON (SNP),Allan GOW (SNP),skipped,skipped,skipped,skipped,skipped,skipped,skipped,,10
4728,Jacqueline MCLAREN (SNP),Sandra WATSON (SNP),Allan GOW (SNP),skipped,skipped,skipped,skipped,skipped,skipped,skipped,,10
4729,Jacqueline MCLAREN (SNP),Sandra WATSON (SNP),Allan GOW (SNP),skipped,skipped,skipped,skipped,skipped,skipped,skipped,,10
4730,Jacqueline MCLAREN (SNP),Sandra WATSON (SNP),Allan GOW (SNP),skipped,skipped,skipped,skipped,skipped,skipped,skipped,,10
4731,Jacqueline MCLAREN (SNP),Sandra WATSON (SNP),Allan GOW (SNP),skipped,skipped,skipped,skipped,skipped,skipped,skipped,,10
4732,Jacqueline MCLAREN (SNP),Sandra WATSON (SNP),Allan GOW (SNP),skipped,skipped,skipped,skipped,skipped,skipped,skipped,,10
4733,Jacqueline MCLAREN (SNP),Sandra WATSON (SNP),Allan GOW (SNP),skipped,skipped,skipped,skipped,skipped,skipped,skipped,,10
4734,Jacqueline MCLAREN (SNP),Sandra WATSON (SNP),Allan GOW (SNP),skipped,skipped,skipped,skipped,skipped,skipped,skipped,,10
4735,Jacqueline MCLAREN (SNP),Sandra WATSON (SNP),Allan GOW (SNP),skipped,skipped,skipped,skipped,skipped,skipped,skipped,,10
4736,Jacqueline MCLAREN (SNP),Sandra WATSON (SNP),Allan GOW (SNP),skipped,skipped,skipped,skipped,skipped,skipped,skipped,,10
4737,Jacqueline MCLAREN (SNP),Sandra WATSON (SNP),Allan GOW (SNP),skipped,skipped,skipped,skipped,skipped,skipped,skipped,,10
4738,Jacqueline MCLAREN (SNP),Sandra WATSON (SNP),Allan GOW (SNP),skipped,skipped,skipped,skipped,skipped,skipped,skipped,,10
4739,Jacqueline MCLAREN (SNP),Sandra WATSON (SNP),Allan GOW (SNP),skipped,skipped,skipped,skipped,skipped,skipped,skipped,,10
4740,Jacqueline MCLAREN (SNP),Sandra WATSON (SNP),Allan GOW (SNP),skipped,skipped,skipped,skipped,skipped,skipped,skipped,,10
4741,Jacqueline MCLAREN (SNP),Sandra WATSON (SNP),Allan GOW (SNP),skipped,skipped,skipped,skipped,skipped,skipped,skipped,,10
4742,Jacqueline MCLAREN (SNP),Sandra WATSON (SNP),Allan GOW (SNP),skipped,skipped,skipped,skipped,skipped,skipped,skipped,,10
4743,Jacqueline MCLAREN (SNP),Sandra WATSON (SNP),Allan GOW (SNP),skipped,skipped,skipped,skipped,skipped,skipped,skipped,,10
4744,Jacqueline MCLAREN (SNP),Sandra WATSON (SNP),Allan GOW (SNP),skipped,skipped,skipped,skipped,skipped,skipped,skipped,,10
4745,Jacqueline MCLAREN (SNP),Sandra WATSON (SNP),Allan GOW (SNP),skipped,skipped,skipped,skipped,skipped,skipped,skipped,,10
4746,Jacqueline MCLAREN (SNP),Sandra WATSON (SNP),Allan GOW (SNP),skipped,skipped,skipped,skipped,skipped,skipped,skipped,,10
4747,Jacqueline MCLAREN (SNP),Sandra WATSON (SNP),Allan GOW (SNP),skipped,skipped,skipped,skipped,skipped,skipped,skipped,,10
4748,Jacqueline MCLAREN (SNP),Sandra WATSON (SNP),Allan GOW (SNP),skipped,skipped,skipped,skipped,skipped,skipped,skipped,,10
4749,Jacqueline MCLAREN (SNP),Sandra WATSON (SNP),Allan GOW (SNP),skipped,skipped,skipped,skipped,skipped,skipped,skipped,,10
4750,Jacqueline MCLAREN (SNP),Sandra WATSON (SNP),Allan GOW (SNP),skipped,skipped,skipped,skipped,skipped,skipped,skipped,,10
4751,Jacqueline MCLAREN (SNP),Sandra WATSON (SNP),Allan GOW (SNP),skipped,skipped,skipped,skipped,skipped,skipped,skipped,,10
4752,Jacqueline MCLAREN (SNP),Sandra WATSON (SNP),Allan GOW (SNP),skipped,skipped,skipped,skipped,skipped,skipped,skipped,,10
4753,Jacqueline MCLAREN (SNP),Sandra WATSON (SNP),Allan GOW (SNP),skipped,skipped,skipped,skipped,skipped,skipped,skipped,,10
4754,Jacqueline MCLAREN (SNP),Sandra WATSON (SNP),Allan GOW (SNP),skipped,skipped,skipped,skipped,skipped,skipped,skipped,,10
4755,Jacqueline MCLAREN (SNP),Sandra WATSON (SNP),Allan GOW (SNP),skipped,skipped,skipped,skipped,skipped,skipped,skipped,,10
4756,Jacqueline MCLAREN (SNP),Sandra WATSON (SNP),Allan GOW (SNP),skipped,skipped,skipped,skipped,skipped,skipped,skipped,,10
4757,Jacqueline MCLAREN (SNP),Sandra WATSON (SNP),Allan GOW (SNP),skipped,skipped,skipped,skipped,skipped,skipped,skipped,,10
4758,Jacqueline MCLAREN (SNP),Sandra WATSON (SNP),Allan GOW (SNP),skipped,skipped,skipped,skipped,skipped,skipped,skipped,,10
4759,Jacqueline MCLAREN (SNP),Sandra WATSON (SNP),Allan GOW (SNP),skipped,skipped,skipped,skipped,skipped,skipped,skipped,,10
4760,Jacqueline MCLAREN (SNP),Sandra WATSON (SNP),Allan GOW (SNP),skipped,skipped,skipped,skipped,skipped,skipped,skipped,,10
4761,Jacqueline MCLAREN (SNP),Sandra WATSON (SNP),Allan GOW (SNP),skipped,skipped,skipped,skipped,skipped,skipped,skipped,,10
4762,Jacqueline MCLAREN (SNP),Sandra WATSON (SNP),Allan GOW (SNP),skipped,skipped,skipped,skipped,skipped,skipped,skipped,,10
4763,Jacqueline MCLAREN (SNP),Sandra WATSON (SNP),Allan GOW (SNP),skipped,skipped,skipped,skipped,skipped,skipped,skipped,,10
4764,Jacqueline MCLAREN (SNP),Sandra WATSON (SNP),Allan GOW (SNP),skipped,skipped,skipped,skipped,skipped,skipped,skipped,,10
4765,Jacqueline MCLAREN (SNP),Sandra WATSON (SNP),Allan GOW (SNP),skipped,skipped,skipped,skipped,skipped,skipped,skipped,,10
4766,Jacqueline MCLAREN (SNP),Sandra WATSON (SNP),Allan GOW (SNP),skipped,skipped,skipped,skipped,skipped,skipped,skipped,,10
4767,Jacqueline MCLAREN (SNP),Sandra WATSON (SNP),Allan GOW (SNP),skipped,skipped,skipped,skipped,skipped,skipped,skipped,,10
4768,Jacqueline MCLAREN (SNP),Sandra WATSON (SNP),Allan GOW (SNP),skipped,skipped,skipped,skipped,skipped,skipped,skipped,,10
4769,Jacqueline MCLAREN (SNP),Sandra WATSON (SNP),Allan GOW (SNP),skipped,skipped,skipped,skipped,skipped,skipped,skipped,,10
4770,Jacqueline MCLAREN (SNP),Sandra WATSON (SNP),Allan GOW (SNP),skipped,skipped,skipped,skipped,skipped,skipped,skipped,,10
4771,Jacqueline MCLAREN (SNP),Sandra WATSON (SNP),Allan GOW (SNP),skipped,skipped,skipped,skipped,skipped,skipped,skipped,,10
4772,Jacqueline MCLAREN (SNP),Sandra WATSON (SNP),Allan GOW (SNP),skipped,skipped,skipped,skipped,skipped,skipped,skipped,,10
4773,Jacqueline MCLAREN (SNP),Sandra WATSON (SNP),Allan GOW (SNP),skipped,skipped,skipped,skipped,skipped,skipped,skipped,,10
4774,Jacqueline MCLAREN (SNP),Sandra WATSON (SNP),Allan GOW (SNP),skipped,skipped,skipped,skipped,skipped,skipped,skipped,,10
4775,Jacqueline MCLAREN (SNP),Sandra WATSON (SNP),Allan GOW (SNP),skipped,skipped,skipped,skipped,skipped,skipped,skipped,,10
4776,Jacqueline MCLAREN (SNP),Sandra WATSON (SNP),Allan GOW (SNP),skipped,skipped,skipped,skipped,skipped,skipped,skipped,,10
4777,Jacqueline MCLAREN (SNP),Sandra WATSON (SNP),Allan GOW (SNP),skipped,skipped,skipped,skipped,skipped,skipped,skipped,,10
4778,Jacqueline MCLAREN (SNP),Sandra WATSON (SNP),Allan GOW (SNP),skipped,skipped,skipped,skipped,skipped,skipped,skipped,,10
4779,Jacqueline MCLAREN (SNP),Sandra WATSON (SNP),Allan GOW (SNP),skipped,skipped,skipped,skipped,skipped,skipped,skipped,,10
4780,Jacqueline MCLAREN (SNP),Sandra WATSON (SNP),Allan GOW (SNP),skipped,skipped,skipped,skipped,skipped,skipped,skipped,,10
4781,Jacqueline MCLAREN (SNP),Sandra WATSON (SNP),Allan GOW (SNP),skipped,skipped,skipped,skipped,skipped,skipped,skipped,,10
4782,Jacqueline MCLAREN (SNP),Sandra WATSON (SNP),Allan GOW (SNP),skipped,skipped,skipped,skipped,skipped,skipped,skipped,,10
4783,Jacqueline MCLAREN (SNP),Sandra WATSON (SNP),Allan GOW (SNP),skipped,skipped,skipped,skipped,skipped,skipped,skipped,,10
4784,Jacqueline MCLAREN (SNP),Sandra WATSON (SNP),Allan GOW (SNP),skipped,skipped,skipped,skipped,skipped,skipped,skipped,,10
4785,Jacqueline MCLAREN (SNP),Sandra WATSON (SNP),Allan GOW (SNP),skipped,skipped,skipped,skipped,skipped,skipped,skipped,,10
4786,Jacqueline MCLAREN (SNP),Sandra WATSON (SNP),Allan GOW (SNP),skipped,skipped,skipped,skipped,skipped,skipped,skipped,,10
4787,Jacqueline MCLAREN (SNP),Sandra WATSON (SNP),Allan GOW (SNP),skipped,skipped,skipped,skipped,skipped,skipped,skipped,,10
4788,Jacqueline MCLAREN (SNP),Sandra WATSON (SNP),Allan GOW (SNP),skipped,skipped,skipped,skipped,skipped,skipped,skipped,,10
4789,Jacqueline MCLAREN (SNP),Sandra WATSON (SNP),Allan GOW (SNP),skipped,skipped,skipped,skipped,skipped,skipped,skipped,,10
4790,Jacqueline MCLAREN (SNP),Sandra WATSON (SNP),Allan GOW (SNP),skipped,skipped,skipped,skipped,skipped,skipped,skipped,,10
4791,Jacqueline MCLAREN (SNP),Sandra WATSON (SNP),Allan GOW (SNP),skipped,skipped,skipped,skipped,skipped,skipped,skipped,,10
4792,Jacqueline MCLAREN (SNP),Sandra WATSON (SNP),Allan GOW (SNP),skipped,skipped,skipped,skipped,skipped,skipped,skipped,,10
4793,Jacqueline MCLAREN (SNP),Sandra WATSON (SNP),Allan GOW (SNP),Seonad Mairi HOY (Grn),skipped,skipped,skipped,skipped,skipped,skipped,,10
4794,Jacqueline MCLAREN (SNP),Sandra WATSON (SNP),Allan GOW (SNP),Seonad Mairi HOY (Grn),skipped,skipped,skipped,skipped,skipped,skipped,,10
4795,Jacqueline MCLAREN (SNP),Sandra WATSON (SNP),Allan GOW (SNP),Seonad Mairi HOY (Grn),skipped,skipped,skipped,skipped,skipped,skipped,,10
4796,Jacqueline MCLAREN (SNP),Sandra WATSON (SNP),Allan GOW (SNP),Seonad Mairi HOY (Grn),skipped,skipped,skipped,skipped,skipped,skipped,,10
4797,Jacqueline MCLAREN (SNP),Sandra WATSON (SNP),Allan GOW (SNP),Seonad Mairi HOY (Grn),skipped,skipped,skipped,skipped,skipped,skipped,,10
4798,Jacqueline MCLAREN (SNP),Sandra WATSON (SNP),Allan GOW (SNP),Seonad Mairi HOY (Grn),skipped,skipped,skipped,skipped,skipped,skipped,,10
4799,Jacqueline MCLAREN (SNP),Sandra WATSON (SNP),Allan GOW (SNP),Seonad Mairi HOY (Grn),skipped,skipped,skipped,skipped,skipped,skipped,,10
4800,Jacqueline MCLAREN (SNP),Sandra WATSON (SNP),Allan GOW (SNP),Seonad Mairi HOY (Grn),skipped,skipped,skipped,skipped,skipped,skipped,,10
4801,Jacqueline MCLAREN (SNP),Sandra WATSON (SNP),Allan GOW (SNP),Seonad Mairi HOY (Grn),skipped,skipped,skipped,skipped,skipped,skipped,,10
4802,Jacqueline MCLAREN (SNP),Sandra WATSON (SNP),Allan GOW (SNP),Seonad Mairi HOY (Grn),skipped,skipped,skipped,skipped,skipped,skipped,,10
4803,Jacqueline MCLAREN (SNP),Sandra WATSON (SNP),Allan GOW (SNP),Seonad Mairi HOY (Grn),skipped,skipped,skipped,skipped,skipped,skipped,,10
4804,Jacqueline MCLAREN (SNP),Sandra WATSON (SNP),Allan GOW (SNP),Seonad Mairi HOY (Grn),skipped,skipped,skipped,skipped,skipped,skipped,,10
4805,Jacqueline MCLAREN (SNP),Sandra WATSON (SNP),Allan GOW (SNP),Seonad Mairi HOY (Grn),skipped,skipped,skipped,skipped,skipped,skipped,,10
4806,Jacqueline MCLAREN (SNP),Sandra WATSON (SNP),Allan GOW (SNP),Seonad Mairi HOY (Grn),skipped,skipped,skipped,skipped,skipped,skipped,,10
4807,Jacqueline MCLAREN (SNP),Sandra WATSON (SNP),Allan GOW (SNP),Seonad Mairi HOY (Grn),skipped,skipped,skipped,skipped,skipped,skipped,,10
4808,Jacqueline MCLAREN (SNP),Sandra WATSON (SNP),Allan GOW (SNP),Seonad Mairi HOY (Grn),skipped,skipped,skipped,skipped,skipped,skipped,,10
4809,Jacqueline MCLAREN (SNP),Sandra WATSON (SNP),Allan GOW (SNP),Seonad Mairi HOY (Grn),skipped,skipped,skipped,skipped,skipped,skipped,,10
4810,Jacqueline MCLAREN (SNP),Sandra WATSON (SNP),Allan GOW (SNP),Seonad Mairi HOY (Grn),skipped,skipped,skipped,skipped,skipped,skipped,,10
4811,Jacqueline MCLAREN (SNP),Sandra WATSON (SNP),Allan GOW (SNP),Seonad Mairi HOY (Grn),skipped,skipped,skipped,skipped,skipped,skipped,,10
4812,Jacqueline MCLAREN (SNP),Sandra WATSON (SNP),Allan GOW (SNP),Seonad Mairi HOY (Grn),skipped,skipped,skipped,skipped,skipped,skipped,,10
4813,Jacqueline MCLAREN (SNP),Sandra WATSON (SNP),Allan GOW (SNP),Seonad Mairi HOY (Grn),skipped,skipped,skipped,skipped,skipped,skipped,,10
4814,Jacqueline MCLAREN (SNP),Sandra WATSON (SNP),Allan GOW (SNP),Seonad Mairi HOY (Grn),skipped,skipped,skipped,skipped,skipped,skipped,,10
4815,Jacqueline MCLAREN (SNP),Sandra WATSON (SNP),Allan GOW (SNP),Seonad Mairi HOY (Grn),skipped,skipped,skipped,skipped,skipped,skipped,,10
4816,Jacqueline MCLAREN (SNP),Sandra WATSON (SNP),Allan GOW (SNP),Seonad Mairi HOY (Grn),skipped,skipped,skipped,skipped,skipped,skipped,,10
4817,Jacqueline MCLAREN (SNP),Sandra WATSON (SNP),Allan GOW (SNP),Seonad Mairi HOY (Grn),skipped,skipped,skipped,skipped,skipped,skipped,,10
4818,Jacqueline MCLAREN (SNP),Sandra WATSON (SNP),Allan GOW (SNP),Seonad Mairi HOY (Grn),skipped,skipped,skipped,skipped,skipped,skipped,,10
4819,Jacqueline MCLAREN (SNP),Sandra WATSON (SNP),Allan GOW (SNP),Seonad Mairi HOY (Grn),Fiona E HIGGINS Glasgow (Lab),skipped,skipped,skipped,skipped,skipped,,10
4820,Jacqueline MCLAREN (SNP),Sandra WATSON (SNP),Allan GOW (SNP),Seonad Mairi HOY (Grn),Fiona E HIGGINS Glasgow (Lab),Robert JH MOONEY Glasgow (Lab),skipped,skipped,skipped,skipped,,10
4821,Jacqueline MCLAREN (SNP),Sandra WATSON (SNP),Allan GOW (SNP),Seonad Mairi HOY (Grn),Fiona E HIGGINS Glasgow (Lab),Robert JH MOONEY Glasgow (Lab),Scott SIMPSON (LD),skipped,skipped,skipped,,10
4822,Jacqueline MCLAREN (SNP),Sandra WATSON (SNP),Allan GOW (SNP),Seonad Mairi HOY (Grn),Fiona E HIGGINS Glasgow (Lab),Robert JH MOONEY Glasgow (Lab),Scott SIMPSON (LD),skipped,skipped,skipped,,10
4823,Jacqueline MCLAREN (SNP),Sandra WATSON (SNP),Allan GOW (SNP),Seonad Mairi HOY (Grn),Martin Lawson OLU-OSAGIE (Alba),skipped,skipped,skipped,skipped,skipped,,10
4824,Jacqueline MCLAREN (SNP),Sandra WATSON (SNP),Allan GOW (SNP),Seonad Mairi HOY (Grn),Martin Lawson OLU-OSAGIE (Alba),skipped,skipped,skipped,skipped,skipped,,10
4825,Jacqueline MCLAREN (SNP),Sandra WATSON (SNP),Allan GOW (SNP),Seonad Mairi HOY (Grn),Martin Lawson OLU-OSAGIE (Alba),skipped,skipped,skipped,skipped,skipped,,10
4826,Jacqueline MCLAREN (SNP),Sandra WATSON (SNP),Allan GOW (SNP),Seonad Mairi HOY (Grn),Martin Lawson OLU-OSAGIE (Alba),Fiona E HIGGINS Glasgow (Lab),skipped,skipped,skipped,skipped,,10
4827,Jacqueline MCLAREN (SNP),Sandra WATSON (SNP),Allan GOW (SNP),Seonad Mairi HOY (Grn),Martin Lawson OLU-OSAGIE (Alba),Scott SIMPSON (LD),Fiona E HIGGINS Glasgow (Lab),skipped,skipped,skipped,,10
4828,Jacqueline MCLAREN (SNP),Sandra WATSON (SNP),Allan GOW (SNP),Seonad Mairi HOY (Grn),Martin Lawson OLU-OSAGIE (Alba),Scott SIMPSON (LD),Fiona E HIGGINS Glasgow (Lab),skipped,skipped,skipped,,10
4829,Jacqueline MCLAREN (SNP),Sandra WATSON (SNP),Allan GOW (SNP),Seonad Mairi HOY (Grn),Martin Lawson OLU-OSAGIE (Alba),Scott SIMPSON (LD),Robert JH MOONEY Glasgow (Lab),skipped,skipped,skipped,,10
4830,Jacqueline MCLAREN (SNP),Sandra WATSON (SNP),Allan GOW (SNP),Seonad Mairi HOY (Grn),Martin Lawson OLU-OSAGIE (Alba),Brian LAND (Ind),skipped,skipped,skipped,skipped,,10
4831,Jacqueline MCLAREN (SNP),Sandra WATSON (SNP),Allan GOW (SNP),Seonad Mairi HOY (Grn),Martin Lawson OLU-OSAGIE (Alba),Brian LAND (Ind),Fiona E HIGGINS Glasgow (Lab),skipped,skipped,skipped,,10
4832,Jacqueline MCLAREN (SNP),Sandra WATSON (SNP),Allan GOW (SNP),Seonad Mairi HOY (Grn),Martin Lawson OLU-OSAGIE (Alba),Brian LAND (Ind),Scott SIMPSON (LD),skipped,skipped,skipped,,10
4833,Jacqueline MCLAREN (SNP),Sandra WATSON (SNP),Allan GOW (SNP),Seonad Mairi HOY (Grn),Martin Lawson OLU-OSAGIE (Alba),Brian LAND (Ind),Robert JH MOONEY Glasgow (Lab),skipped,skipped,skipped,,10
4834,Jacqueline MCLAREN (SNP),Sandra WATSON (SNP),Allan GOW (SNP),Seonad Mairi HOY (Grn),Scott SIMPSON (LD),skipped,skipped,skipped,skipped,skipped,,10
4835,Jacqueline MCLAREN (SNP),Sandra WATSON (SNP),Allan GOW (SNP),Seonad Mairi HOY (Grn),Scott SIMPSON (LD),Fiona E HIGGINS Glasgow (Lab),Robert JH MOONEY Glasgow (Lab),skipped,skipped,skipped,,10
4836,Jacqueline MCLAREN (SNP),Sandra WATSON (SNP),Allan GOW (SNP),Seonad Mairi HOY (Grn),Scott SIMPSON (LD),Fiona E HIGGINS Glasgow (Lab),Robert JH MOONEY Glasgow (Lab),skipped,skipped,skipped,,10
4837,Jacqueline MCLAREN (SNP),Sandra WATSON (SNP),Allan GOW (SNP),Seonad Mairi HOY (Grn),Scott SIMPSON (LD),Martin Lawson OLU-OSAGIE (Alba),Maria WELLS (Con),skipped,skipped,skipped,,10
4838,Jacqueline MCLAREN (SNP),Sandra WATSON (SNP),Allan GOW (SNP),Seonad Mairi HOY (Grn),Scott SIMPSON (LD),Martin Lawson OLU-OSAGIE (Alba),Robert JH MOONEY Glasgow (Lab),skipped,skipped,skipped,,10
4839,Jacqueline MCLAREN (SNP),Sandra WATSON (SNP),Allan GOW (SNP),Seonad Mairi HOY (Grn),Brian LAND (Ind),skipped,skipped,skipped,skipped,skipped,,10
4840,Jacqueline MCLAREN (SNP),Sandra WATSON (SNP),Allan GOW (SNP),Seonad Mairi HOY (Grn),Brian LAND (Ind),skipped,skipped,skipped,skipped,skipped,,10
4841,Jacqueline MCLAREN (SNP),Sandra WATSON (SNP),Allan GOW (SNP),Seonad Mairi HOY (Grn),Brian LAND (Ind),Fiona E HIGGINS Glasgow (Lab),Robert JH MOONEY Glasgow (Lab),skipped,skipped,skipped,,10
4842,Jacqueline MCLAREN (SNP),Sandra WATSON (SNP),Allan GOW (SNP),Seonad Mairi HOY (Grn),Brian LAND (Ind),Scott SIMPSON (LD),Fiona E HIGGINS Glasgow (Lab),skipped,skipped,skipped,,10
4843,Jacqueline MCLAREN (SNP),Sandra WATSON (SNP),Allan GOW (SNP),Seonad Mairi HOY (Grn),Brian LAND (Ind),Scott SIMPSON (LD),Fiona E HIGGINS Glasgow (Lab),skipped,skipped,skipped,,10
4844,Jacqueline MCLAREN (SNP),Sandra WATSON (SNP),Allan GOW (SNP),Seonad Mairi HOY (Grn),Brian LAND (Ind),Scott SIMPSON (LD),Martin Lawson OLU-OSAGIE (Alba),skipped,skipped,skipped,,10
4845,Jacqueline MCLAREN (SNP),Sandra WATSON (SNP),Allan GOW (SNP),Seonad Mairi HOY (Grn),Robert JH MOONEY Glasgow (Lab),Fiona E HIGGINS Glasgow (Lab),Martin Lawson OLU-OSAGIE (Alba),skipped,skipped,skipped,,10
4846,Jacqueline MCLAREN (SNP),Sandra WATSON (SNP),Allan GOW (SNP),Seonad Mairi HOY (Grn),Robert JH MOONEY Glasgow (Lab),Fiona E HIGGINS Glasgow (Lab),Brian LAND (Ind),skipped,skipped,skipped,,10
4847,Jacqueline MCLAREN (SNP),Sandra WATSON (SNP),Allan GOW (SNP),Seonad Mairi HOY (Grn),Robert JH MOONEY Glasgow (Lab),Scott SIMPSON (LD),skipped,skipped,skipped,skipped,,10
4848,Jacqueline MCLAREN (SNP),Sandra WATSON (SNP),Allan GOW (SNP),Fiona E HIGGINS Glasgow (Lab),skipped,skipped,skipped,skipped,skipped,skipped,,10
4849,Jacqueline MCLAREN (SNP),Sandra WATSON (SNP),Allan GOW (SNP),Fiona E HIGGINS Glasgow (Lab),skipped,skipped,skipped,skipped,skipped,skipped,,10
4850,Jacqueline MCLAREN (SNP),Sandra WATSON (SNP),Allan GOW (SNP),Fiona E HIGGINS Glasgow (Lab),skipped,skipped,skipped,skipped,skipped,skipped,,10
4851,Jacqueline MCLAREN (SNP),Sandra WATSON (SNP),Allan GOW (SNP),Fiona E HIGGINS Glasgow (Lab),Seonad Mairi HOY (Grn),Martin Lawson OLU-OSAGIE (Alba),Brian LAND (Ind),skipped,skipped,skipped,,10
4852,Jacqueline MCLAREN (SNP),Sandra WATSON (SNP),Allan GOW (SNP),Fiona E HIGGINS Glasgow (Lab),Scott SIMPSON (LD),Seonad Mairi HOY (Grn),Robert JH MOONEY Glasgow (Lab),skipped,skipped,skipped,,10
4853,Jacqueline MCLAREN (SNP),Sandra WATSON (SNP),Allan GOW (SNP),Fiona E HIGGINS Glasgow (Lab),Maria WELLS (Con),skipped,skipped,skipped,skipped,skipped,,10
4854,Jacqueline MCLAREN (SNP),Sandra WATSON (SNP),Allan GOW (SNP),Fiona E HIGGINS Glasgow (Lab),Maria WELLS (Con),Brian LAND (Ind),Seonad Mairi HOY (Grn),skipped,skipped,skipped,,10
4855,Jacqueline MCLAREN (SNP),Sandra WATSON (SNP),Allan GOW (SNP),Fiona E HIGGINS Glasgow (Lab),Robert JH MOONEY Glasgow (Lab),skipped,skipped,skipped,skipped,skipped,,10
4856,Jacqueline MCLAREN (SNP),Sandra WATSON (SNP),Allan GOW (SNP),Fiona E HIGGINS Glasgow (Lab),Robert JH MOONEY Glasgow (Lab),skipped,skipped,skipped,skipped,skipped,,10
4857,Jacqueline MCLAREN (SNP),Sandra WATSON (SNP),Allan GOW (SNP),Fiona E HIGGINS Glasgow (Lab),Robert JH MOONEY Glasgow (Lab),skipped,skipped,skipped,skipped,skipped,,10
4858,Jacqueline MCLAREN (SNP),Sandra WATSON (SNP),Allan GOW (SNP),Fiona E HIGGINS Glasgow (Lab),Robert JH MOONEY Glasgow (Lab),Seonad Mairi HOY (Grn),Scott SIMPSON (LD),skipped,skipped,skipped,,10
4859,Jacqueline MCLAREN (SNP),Sandra WATSON (SNP),Allan GOW (SNP),Fiona E HIGGINS Glasgow (Lab),Robert JH MOONEY Glasgow (Lab),Scott SIMPSON (LD),Seonad Mairi HOY (Grn),skipped,skipped,skipped,,10
4860,Jacqueline MCLAREN (SNP),Sandra WATSON (SNP),Allan GOW (SNP),Martin Lawson OLU-OSAGIE (Alba),skipped,skipped,skipped,skipped,skipped,skipped,,10
4861,Jacqueline MCLAREN (SNP),Sandra WATSON (SNP),Allan GOW (SNP),Martin Lawson OLU-OSAGIE (Alba),Seonad Mairi HOY (Grn),skipped,skipped,skipped,skipped,skipped,,10
4862,Jacqueline MCLAREN (SNP),Sandra WATSON (SNP),Allan GOW (SNP),Martin Lawson OLU-OSAGIE (Alba),Seonad Mairi HOY (Grn),Scott SIMPSON (LD),Fiona E HIGGINS Glasgow (Lab),skipped,skipped,skipped,,10
4863,Jacqueline MCLAREN (SNP),Sandra WATSON (SNP),Allan GOW (SNP),Martin Lawson OLU-OSAGIE (Alba),Seonad Mairi HOY (Grn),Brian LAND (Ind),skipped,skipped,skipped,skipped,,10
4864,Jacqueline MCLAREN (SNP),Sandra WATSON (SNP),Allan GOW (SNP),Martin Lawson OLU-OSAGIE (Alba),Seonad Mairi HOY (Grn),Brian LAND (Ind),skipped,skipped,skipped,skipped,,10
4865,Jacqueline MCLAREN (SNP),Sandra WATSON (SNP),Allan GOW (SNP),Martin Lawson OLU-OSAGIE (Alba),Brian LAND (Ind),Scott SIMPSON (LD),Fiona E HIGGINS Glasgow (Lab),skipped,skipped,skipped,,10
4866,Jacqueline MCLAREN (SNP),Sandra WATSON (SNP),Allan GOW (SNP),Scott SIMPSON (LD),Seonad Mairi HOY (Grn),skipped,skipped,skipped,skipped,skipped,,10
4867,Jacqueline MCLAREN (SNP),Sandra WATSON (SNP),Allan GOW (SNP),Brian LAND (Ind),skipped,skipped,skipped,skipped,skipped,skipped,,10
4868,Jacqueline MCLAREN (SNP),Sandra WATSON (SNP),Allan GOW (SNP),Brian LAND (Ind),skipped,skipped,skipped,skipped,skipped,skipped,,10
4869,Jacqueline MCLAREN (SNP),Sandra WATSON (SNP),Allan GOW (SNP),Brian LAND (Ind),Seonad Mairi HOY (Grn),Martin Lawson OLU-OSAGIE (Alba),Maria WELLS (Con),skipped,skipped,skipped,,10
4870,Jacqueline MCLAREN (SNP),Sandra WATSON (SNP),Allan GOW (SNP),Brian LAND (Ind),Seonad Mairi HOY (Grn),Martin Lawson OLU-OSAGIE (Alba),Robert JH MOONEY Glasgow (Lab),skipped,skipped,skipped,,10
4871,Jacqueline MCLAREN (SNP),Sandra WATSON (SNP),Allan GOW (SNP),Brian LAND (Ind),Martin Lawson OLU-OSAGIE (Alba),skipped,skipped,skipped,skipped,skipped,,10
4872,Jacqueline MCLAREN (SNP),Sandra WATSON (SNP),Allan GOW (SNP),Brian LAND (Ind),Robert JH MOONEY Glasgow (Lab),Fiona E HIGGINS Glasgow (Lab),Seonad Mairi HOY (Grn),skipped,skipped,skipped,,10
4873,Jacqueline MCLAREN (SNP),Sandra WATSON (SNP),Allan GOW (SNP),Robert JH MOONEY Glasgow (Lab),Seonad Mairi HOY (Grn),Fiona E HIGGINS Glasgow (Lab),skipped,skipped,skipped,skipped,,10
4874,Jacqueline MCLAREN (SNP),Sandra WATSON (SNP),Allan GOW (SNP),Robert JH MOONEY Glasgow (Lab),Fiona E HIGGINS Glasgow (Lab),Seonad Mairi HOY (Grn),Scott SIMPSON (LD),skipped,skipped,skipped,,10
4875,Jacqueline MCLAREN (SNP),Sandra WATSON (SNP),Allan GOW (SNP),Robert JH MOONEY Glasgow (Lab),Fiona E HIGGINS Glasgow (Lab),Seonad Mairi HOY (Grn),Scott SIMPSON (LD),skipped,skipped,skipped,,10
4876,Robert JH MOONEY Glasgow (Lab),skipped,skipped,skipped,skipped,skipped,skipped,skipped,skipped,skipped,,10
4877,Robert JH MOONEY Glasgow (Lab),skipped,skipped,skipped,skipped,skipped,skipped,skipped,skipped,skipped,,10
4878,Robert JH MOONEY Glasgow (Lab),skipped,skipped,skipped,skipped,skipped,skipped,skipped,skipped,skipped,,10
4879,Robert JH MOONEY Glasgow (Lab),skipped,skipped,skipped,skipped,skipped,skipped,skipped,skipped,skipped,,10
4880,Robert JH MOONEY Glasgow (Lab),skipped,skipped,skipped,skipped,skipped,skipped,skipped,skipped,skipped,,10
4881,Robert JH MOONEY Glasgow (Lab),skipped,skipped,skipped,skipped,skipped,skipped,skipped,skipped,skipped,,10
4882,Robert JH MOONEY Glasgow (Lab),skipped,skipped,skipped,skipped,skipped,skipped,skipped,skipped,skipped,,10
4883,Robert JH MOONEY Glasgow (Lab),skipped,skipped,skipped,skipped,skipped,skipped,skipped,skipped,skipped,,10
4884,Robert JH MOONEY Glasgow (Lab),skipped,skipped,skipped,skipped,skipped,skipped,skipped,skipped,skipped,,10
4885,Robert JH MOONEY Glasgow (Lab),skipped,skipped,skipped,skipped,skipped,skipped,skipped,skipped,skipped,,10
4886,Robert JH MOONEY Glasgow (Lab),skipped,skipped,skipped,skipped,skipped,skipped,skipped,skipped,skipped,,10
4887,Robert JH MOONEY Glasgow (Lab),skipped,skipped,skipped,skipped,skipped,skipped,skipped,skipped,skipped,,10
4888,Robert JH MOONEY Glasgow (Lab),skipped,skipped,skipped,skipped,skipped,skipped,skipped,skipped,skipped,,10
4889,Robert JH MOONEY Glasgow (Lab),skipped,skipped,skipped,skipped,skipped,skipped,skipped,skipped,skipped,,10
4890,Robert JH MOONEY Glasgow (Lab),skipped,skipped,skipped,skipped,skipped,skipped,skipped,skipped,skipped,,10
4891,Robert JH MOONEY Glasgow (Lab),skipped,skipped,skipped,skipped,skipped,skipped,skipped,skipped,skipped,,10
4892,Robert JH MOONEY Glasgow (Lab),skipped,skipped,skipped,skipped,skipped,skipped,skipped,skipped,skipped,,10
4893,Robert JH MOONEY Glasgow (Lab),skipped,skipped,skipped,skipped,skipped,skipped,skipped,skipped,skipped,,10
4894,Robert JH MOONEY Glasgow (Lab),skipped,skipped,skipped,skipped,skipped,skipped,skipped,skipped,skipped,,10
4895,Robert JH MOONEY Glasgow (Lab),skipped,skipped,skipped,skipped,skipped,skipped,skipped,skipped,skipped,,10
4896,Robert JH MOONEY Glasgow (Lab),skipped,skipped,skipped,skipped,skipped,skipped,skipped,skipped,skipped,,10
4897,Robert JH MOONEY Glasgow (Lab),skipped,skipped,skipped,skipped,skipped,skipped,skipped,skipped,skipped,,10
4898,Robert JH MOONEY Glasgow (Lab),skipped,skipped,skipped,skipped,skipped,skipped,skipped,skipped,skipped,,10
4899,Robert JH MOONEY Glasgow (Lab),skipped,skipped,skipped,skipped,skipped,skipped,skipped,skipped,skipped,,10
4900,Robert JH MOONEY Glasgow (Lab),skipped,skipped,skipped,skipped,skipped,skipped,skipped,skipped,skipped,,10
4901,Robert JH MOONEY Glasgow (Lab),skipped,skipped,skipped,skipped,skipped,skipped,skipped,skipped,skipped,,10
4902,Robert JH MOONEY Glasgow (Lab),skipped,skipped,skipped,skipped,skipped,skipped,skipped,skipped,skipped,,10
4903,Robert JH MOONEY Glasgow (Lab),skipped,skipped,skipped,skipped,skipped,skipped,skipped,skipped,skipped,,10
4904,Robert JH MOONEY Glasgow (Lab),skipped,skipped,skipped,skipped,skipped,skipped,skipped,skipped,skipped,,10
4905,Robert JH MOONEY Glasgow (Lab),skipped,skipped,skipped,skipped,skipped,skipped,skipped,skipped,skipped,,10
4906,Robert JH MOONEY Glasgow (Lab),skipped,skipped,skipped,skipped,skipped,skipped,skipped,skipped,skipped,,10
4907,Robert JH MOONEY Glasgow (Lab),skipped,skipped,skipped,skipped,skipped,skipped,skipped,skipped,skipped,,10
4908,Robert JH MOONEY Glasgow (Lab),skipped,skipped,skipped,skipped,skipped,skipped,skipped,skipped,skipped,,10
4909,Robert JH MOONEY Glasgow (Lab),skipped,skipped,skipped,skipped,skipped,skipped,skipped,skipped,skipped,,10
4910,Robert JH MOONEY Glasgow (Lab),Seonad Mairi HOY (Grn),skipped,skipped,skipped,skipped,skipped,skipped,skipped,skipped,,10
4911,Robert JH MOONEY Glasgow (Lab),Seonad Mairi HOY (Grn),Martin Lawson OLU-OSAGIE (Alba),skipped,skipped,skipped,skipped,skipped,skipped,skipped,,10
4912,Robert JH MOONEY Glasgow (Lab),Seonad Mairi HOY (Grn),Martin Lawson OLU-OSAGIE (Alba),skipped,skipped,skipped,skipped,skipped,skipped,skipped,,10
4913,Robert JH MOONEY Glasgow (Lab),Seonad Mairi HOY (Grn),Scott SIMPSON (LD),skipped,skipped,skipped,skipped,skipped,skipped,skipped,,10
4914,Robert JH MOONEY Glasgow (Lab),Seonad Mairi HOY (Grn),Scott SIMPSON (LD),Fiona E HIGGINS Glasgow (Lab),skipped,skipped,skipped,skipped,skipped,skipped,,10
4915,Robert JH MOONEY Glasgow (Lab),Seonad Mairi HOY (Grn),Allan GOW (SNP),skipped,skipped,skipped,skipped,skipped,skipped,skipped,,10
4916,Robert JH MOONEY Glasgow (Lab),Fiona E HIGGINS Glasgow (Lab),skipped,skipped,skipped,skipped,skipped,skipped,skipped,skipped,,10
4917,Robert JH MOONEY Glasgow (Lab),Fiona E HIGGINS Glasgow (Lab),skipped,skipped,skipped,skipped,skipped,skipped,skipped,skipped,,10
4918,Robert JH MOONEY Glasgow (Lab),Fiona E HIGGINS Glasgow (Lab),skipped,skipped,skipped,skipped,skipped,skipped,skipped,skipped,,10
4919,Robert JH MOONEY Glasgow (Lab),Fiona E HIGGINS Glasgow (Lab),skipped,skipped,skipped,skipped,skipped,skipped,skipped,skipped,,10
4920,Robert JH MOONEY Glasgow (Lab),Fiona E HIGGINS Glasgow (Lab),skipped,skipped,skipped,skipped,skipped,skipped,skipped,skipped,,10
4921,Robert JH MOONEY Glasgow (Lab),Fiona E HIGGINS Glasgow (Lab),skipped,skipped,skipped,skipped,skipped,skipped,skipped,skipped,,10
4922,Robert JH MOONEY Glasgow (Lab),Fiona E HIGGINS Glasgow (Lab),skipped,skipped,skipped,skipped,skipped,skipped,skipped,skipped,,10
4923,Robert JH MOONEY Glasgow (Lab),Fiona E HIGGINS Glasgow (Lab),skipped,skipped,skipped,skipped,skipped,skipped,skipped,skipped,,10
4924,Robert JH MOONEY Glasgow (Lab),Fiona E HIGGINS Glasgow (Lab),skipped,skipped,skipped,skipped,skipped,skipped,skipped,skipped,,10
4925,Robert JH MOONEY Glasgow (Lab),Fiona E HIGGINS Glasgow (Lab),skipped,skipped,skipped,skipped,skipped,skipped,skipped,skipped,,10
4926,Robert JH MOONEY Glasgow (Lab),Fiona E HIGGINS Glasgow (Lab),skipped,skipped,skipped,skipped,skipped,skipped,skipped,skipped,,10
4927,Robert JH MOONEY Glasgow (Lab),Fiona E HIGGINS Glasgow (Lab),skipped,skipped,skipped,skipped,skipped,skipped,skipped,skipped,,10
4928,Robert JH MOONEY Glasgow (Lab),Fiona E HIGGINS Glasgow (Lab),skipped,skipped,skipped,skipped,skipped,skipped,skipped,skipped,,10
4929,Robert JH MOONEY Glasgow (Lab),Fiona E HIGGINS Glasgow (Lab),skipped,skipped,skipped,skipped,skipped,skipped,skipped,skipped,,10
4930,Robert JH MOONEY Glasgow (Lab),Fiona E HIGGINS Glasgow (Lab),skipped,skipped,skipped,skipped,skipped,skipped,skipped,skipped,,10
4931,Robert JH MOONEY Glasgow (Lab),Fiona E HIGGINS Glasgow (Lab),skipped,skipped,skipped,skipped,skipped,skipped,skipped,skipped,,10
4932,Robert JH MOONEY Glasgow (Lab),Fiona E HIGGINS Glasgow (Lab),skipped,skipped,skipped,skipped,skipped,skipped,skipped,skipped,,10
4933,Robert JH MOONEY Glasgow (Lab),Fiona E HIGGINS Glasgow (Lab),skipped,skipped,skipped,skipped,skipped,skipped,skipped,skipped,,10
4934,Robert JH MOONEY Glasgow (Lab),Fiona E HIGGINS Glasgow (Lab),skipped,skipped,skipped,skipped,skipped,skipped,skipped,skipped,,10
4935,Robert JH MOONEY Glasgow (Lab),Fiona E HIGGINS Glasgow (Lab),skipped,skipped,skipped,skipped,skipped,skipped,skipped,skipped,,10
4936,Robert JH MOONEY Glasgow (Lab),Fiona E HIGGINS Glasgow (Lab),skipped,skipped,skipped,skipped,skipped,skipped,skipped,skipped,,10
4937,Robert JH MOONEY Glasgow (Lab),Fiona E HIGGINS Glasgow (Lab),skipped,skipped,skipped,skipped,skipped,skipped,skipped,skipped,,10
4938,Robert JH MOONEY Glasgow (Lab),Fiona E HIGGINS Glasgow (Lab),skipped,skipped,skipped,skipped,skipped,skipped,skipped,skipped,,10
4939,Robert JH MOONEY Glasgow (Lab),Fiona E HIGGINS Glasgow (Lab),skipped,skipped,skipped,skipped,skipped,skipped,skipped,skipped,,10
4940,Robert JH MOONEY Glasgow (Lab),Fiona E HIGGINS Glasgow (Lab),skipped,skipped,skipped,skipped,skipped,skipped,skipped,skipped,,10
4941,Robert JH MOONEY Glasgow (Lab),Fiona E HIGGINS Glasgow (Lab),skipped,skipped,skipped,skipped,skipped,skipped,skipped,skipped,,10
4942,Robert JH MOONEY Glasgow (Lab),Fiona E HIGGINS Glasgow (Lab),skipped,skipped,skipped,skipped,skipped,skipped,skipped,skipped,,10
4943,Robert JH MOONEY Glasgow (Lab),Fiona E HIGGINS Glasgow (Lab),skipped,skipped,skipped,skipped,skipped,skipped,skipped,skipped,,10
4944,Robert JH MOONEY Glasgow (Lab),Fiona E HIGGINS Glasgow (Lab),skipped,skipped,skipped,skipped,skipped,skipped,skipped,skipped,,10
4945,Robert JH MOONEY Glasgow (Lab),Fiona E HIGGINS Glasgow (Lab),skipped,skipped,skipped,skipped,skipped,skipped,skipped,skipped,,10
4946,Robert JH MOONEY Glasgow (Lab),Fiona E HIGGINS Glasgow (Lab),skipped,skipped,skipped,skipped,skipped,skipped,skipped,skipped,,10
4947,Robert JH MOONEY Glasgow (Lab),Fiona E HIGGINS Glasgow (Lab),skipped,skipped,skipped,skipped,skipped,skipped,skipped,skipped,,10
4948,Robert JH MOONEY Glasgow (Lab),Fiona E HIGGINS Glasgow (Lab),skipped,skipped,skipped,skipped,skipped,skipped,skipped,skipped,,10
4949,Robert JH MOONEY Glasgow (Lab),Fiona E HIGGINS Glasgow (Lab),skipped,skipped,skipped,skipped,skipped,skipped,skipped,skipped,,10
4950,Robert JH MOONEY Glasgow (Lab),Fiona E HIGGINS Glasgow (Lab),skipped,skipped,skipped,skipped,skipped,skipped,skipped,skipped,,10
4951,Robert JH MOONEY Glasgow (Lab),Fiona E HIGGINS Glasgow (Lab),skipped,skipped,skipped,skipped,skipped,skipped,skipped,skipped,,10
4952,Robert JH MOONEY Glasgow (Lab),Fiona E HIGGINS Glasgow (Lab),skipped,skipped,skipped,skipped,skipped,skipped,skipped,skipped,,10
4953,Robert JH MOONEY Glasgow (Lab),Fiona E HIGGINS Glasgow (Lab),skipped,skipped,skipped,skipped,skipped,skipped,skipped,skipped,,10
4954,Robert JH MOONEY Glasgow (Lab),Fiona E HIGGINS Glasgow (Lab),skipped,skipped,skipped,skipped,skipped,skipped,skipped,skipped,,10
4955,Robert JH MOONEY Glasgow (Lab),Fiona E HIGGINS Glasgow (Lab),skipped,skipped,skipped,skipped,skipped,skipped,skipped,skipped,,10
4956,Robert JH MOONEY Glasgow (Lab),Fiona E HIGGINS Glasgow (Lab),skipped,skipped,skipped,skipped,skipped,skipped,skipped,skipped,,10
4957,Robert JH MOONEY Glasgow (Lab),Fiona E HIGGINS Glasgow (Lab),skipped,skipped,skipped,skipped,skipped,skipped,skipped,skipped,,10
4958,Robert JH MOONEY Glasgow (Lab),Fiona E HIGGINS Glasgow (Lab),skipped,skipped,skipped,skipped,skipped,skipped,skipped,skipped,,10
4959,Robert JH MOONEY Glasgow (Lab),Fiona E HIGGINS Glasgow (Lab),skipped,skipped,skipped,skipped,skipped,skipped,skipped,skipped,,10
4960,Robert JH MOONEY Glasgow (Lab),Fiona E HIGGINS Glasgow (Lab),skipped,skipped,skipped,skipped,skipped,skipped,skipped,skipped,,10
4961,Robert JH MOONEY Glasgow (Lab),Fiona E HIGGINS Glasgow (Lab),skipped,skipped,skipped,skipped,skipped,skipped,skipped,skipped,,10
4962,Robert JH MOONEY Glasgow (Lab),Fiona E HIGGINS Glasgow (Lab),skipped,skipped,skipped,skipped,skipped,skipped,skipped,skipped,,10
4963,Robert JH MOONEY Glasgow (Lab),Fiona E HIGGINS Glasgow (Lab),skipped,skipped,skipped,skipped,skipped,skipped,skipped,skipped,,10
4964,Robert JH MOONEY Glasgow (Lab),Fiona E HIGGINS Glasgow (Lab),skipped,skipped,skipped,skipped,skipped,skipped,skipped,skipped,,10
4965,Robert JH MOONEY Glasgow (Lab),Fiona E HIGGINS Glasgow (Lab),skipped,skipped,skipped,skipped,skipped,skipped,skipped,skipped,,10
4966,Robert JH MOONEY Glasgow (Lab),Fiona E HIGGINS Glasgow (Lab),skipped,skipped,skipped,skipped,skipped,skipped,skipped,skipped,,10
4967,Robert JH MOONEY Glasgow (Lab),Fiona E HIGGINS Glasgow (Lab),skipped,skipped,skipped,skipped,skipped,skipped,skipped,skipped,,10
4968,Robert JH MOONEY Glasgow (Lab),Fiona E HIGGINS Glasgow (Lab),skipped,skipped,skipped,skipped,skipped,skipped,skipped,skipped,,10
4969,Robert JH MOONEY Glasgow (Lab),Fiona E HIGGINS Glasgow (Lab),skipped,skipped,skipped,skipped,skipped,skipped,skipped,skipped,,10
4970,Robert JH MOONEY Glasgow (Lab),Fiona E HIGGINS Glasgow (Lab),skipped,skipped,skipped,skipped,skipped,skipped,skipped,skipped,,10
4971,Robert JH MOONEY Glasgow (Lab),Fiona E HIGGINS Glasgow (Lab),skipped,skipped,skipped,skipped,skipped,skipped,skipped,skipped,,10
4972,Robert JH MOONEY Glasgow (Lab),Fiona E HIGGINS Glasgow (Lab),skipped,skipped,skipped,skipped,skipped,skipped,skipped,skipped,,10
4973,Robert JH MOONEY Glasgow (Lab),Fiona E HIGGINS Glasgow (Lab),skipped,skipped,skipped,skipped,skipped,skipped,skipped,skipped,,10
4974,Robert JH MOONEY Glasgow (Lab),Fiona E HIGGINS Glasgow (Lab),skipped,skipped,skipped,skipped,skipped,skipped,skipped,skipped,,10
4975,Robert JH MOONEY Glasgow (Lab),Fiona E HIGGINS Glasgow (Lab),skipped,skipped,skipped,skipped,skipped,skipped,skipped,skipped,,10
4976,Robert JH MOONEY Glasgow (Lab),Fiona E HIGGINS Glasgow (Lab),skipped,skipped,skipped,skipped,skipped,skipped,skipped,skipped,,10
4977,Robert JH MOONEY Glasgow (Lab),Fiona E HIGGINS Glasgow (Lab),skipped,skipped,skipped,skipped,skipped,skipped,skipped,skipped,,10
4978,Robert JH MOONEY Glasgow (Lab),Fiona E HIGGINS Glasgow (Lab),skipped,skipped,skipped,skipped,skipped,skipped,skipped,skipped,,10
4979,Robert JH MOONEY Glasgow (Lab),Fiona E HIGGINS Glasgow (Lab),skipped,skipped,skipped,skipped,skipped,skipped,skipped,skipped,,10
4980,Robert JH MOONEY Glasgow (Lab),Fiona E HIGGINS Glasgow (Lab),skipped,skipped,skipped,skipped,skipped,skipped,skipped,skipped,,10
4981,Robert JH MOONEY Glasgow (Lab),Fiona E HIGGINS Glasgow (Lab),skipped,skipped,skipped,skipped,skipped,skipped,skipped,skipped,,10
4982,Robert JH MOONEY Glasgow (Lab),Fiona E HIGGINS Glasgow (Lab),skipped,skipped,skipped,skipped,skipped,skipped,skipped,skipped,,10
4983,Robert JH MOONEY Glasgow (Lab),Fiona E HIGGINS Glasgow (Lab),skipped,skipped,skipped,skipped,skipped,skipped,skipped,skipped,,10
4984,Robert JH MOONEY Glasgow (Lab),Fiona E HIGGINS Glasgow (Lab),skipped,skipped,skipped,skipped,skipped,skipped,skipped,skipped,,10
4985,Robert JH MOONEY Glasgow (Lab),Fiona E HIGGINS Glasgow (Lab),skipped,skipped,skipped,skipped,skipped,skipped,skipped,skipped,,10
4986,Robert JH MOONEY Glasgow (Lab),Fiona E HIGGINS Glasgow (Lab),skipped,skipped,skipped,skipped,skipped,skipped,skipped,skipped,,10
4987,Robert JH MOONEY Glasgow (Lab),Fiona E HIGGINS Glasgow (Lab),skipped,skipped,skipped,skipped,skipped,skipped,skipped,skipped,,10
4988,Robert JH MOONEY Glasgow (Lab),Fiona E HIGGINS Glasgow (Lab),skipped,skipped,skipped,skipped,skipped,skipped,skipped,skipped,,10
4989,Robert JH MOONEY Glasgow (Lab),Fiona E HIGGINS Glasgow (Lab),skipped,skipped,skipped,skipped,skipped,skipped,skipped,skipped,,10
4990,Robert JH MOONEY Glasgow (Lab),Fiona E HIGGINS Glasgow (Lab),skipped,skipped,skipped,skipped,skipped,skipped,skipped,skipped,,10
4991,Robert JH MOONEY Glasgow (Lab),Fiona E HIGGINS Glasgow (Lab),skipped,skipped,skipped,skipped,skipped,skipped,skipped,skipped,,10
4992,Robert JH MOONEY Glasgow (Lab),Fiona E HIGGINS Glasgow (Lab),skipped,skipped,skipped,skipped,skipped,skipped,skipped,skipped,,10
4993,Robert JH MOONEY Glasgow (Lab),Fiona E HIGGINS Glasgow (Lab),skipped,skipped,skipped,skipped,skipped,skipped,skipped,skipped,,10
4994,Robert JH MOONEY Glasgow (Lab),Fiona E HIGGINS Glasgow (Lab),skipped,skipped,skipped,skipped,skipped,skipped,skipped,skipped,,10
4995,Robert JH MOONEY Glasgow (Lab),Fiona E HIGGINS Glasgow (Lab),skipped,skipped,skipped,skipped,skipped,skipped,skipped,skipped,,10
4996,Robert JH MOONEY Glasgow (Lab),Fiona E HIGGINS Glasgow (Lab),skipped,skipped,skipped,skipped,skipped,skipped,skipped,skipped,,10
4997,Robert JH MOONEY Glasgow (Lab),Fiona E HIGGINS Glasgow (Lab),skipped,skipped,skipped,skipped,skipped,skipped,skipped,skipped,,10
4998,Robert JH MOONEY Glasgow (Lab),Fiona E HIGGINS Glasgow (Lab),skipped,skipped,skipped,skipped,skipped,skipped,skipped,skipped,,10
4999,Robert JH MOONEY Glasgow (Lab),Fiona E HIGGINS Glasgow (Lab),skipped,skipped,skipped,skipped,skipped,skipped,skipped,skipped,,10
5000,Robert JH MOONEY Glasgow (Lab),Fiona E HIGGINS Glasgow (Lab),skipped,skipped,skipped,skipped,skipped,skipped,skipped,skipped,,10
5001,Robert JH MOONEY Glasgow (Lab),Fiona E HIGGINS Glasgow (Lab),skipped,skipped,skipped,skipped,skipped,skipped,skipped,skipped,,10
5002,Robert JH MOONEY Glasgow (Lab),Fiona E HIGGINS Glasgow (Lab),skipped,skipped,skipped,skipped,skipped,skipped,skipped,skipped,,10
5003,Robert JH MOONEY Glasgow (Lab),Fiona E HIGGINS Glasgow (Lab),skipped,skipped,skipped,skipped,skipped,skipped,skipped,skipped,,10
5004,Robert JH MOONEY Glasgow (Lab),Fiona E HIGGINS Glasgow (Lab),skipped,skipped,skipped,skipped,skipped,skipped,skipped,skipped,,10
5005,Robert JH MOONEY Glasgow (Lab),Fiona E HIGGINS Glasgow (Lab),skipped,skipped,skipped,skipped,skipped,skipped,skipped,skipped,,10
5006,Robert JH MOONEY Glasgow (Lab),Fiona E HIGGINS Glasgow (Lab),skipped,skipped,skipped,skipped,skipped,skipped,skipped,skipped,,10
5007,Robert JH MOONEY Glasgow (Lab),Fiona E HIGGINS Glasgow (Lab),skipped,skipped,skipped,skipped,skipped,skipped,skipped,skipped,,10
5008,Robert JH MOONEY Glasgow (Lab),Fiona E HIGGINS Glasgow (Lab),skipped,skipped,skipped,skipped,skipped,skipped,skipped,skipped,,10
5009,Robert JH MOONEY Glasgow (Lab),Fiona E HIGGINS Glasgow (Lab),skipped,skipped,skipped,skipped,skipped,skipped,skipped,skipped,,10
5010,Robert JH MOONEY Glasgow (Lab),Fiona E HIGGINS Glasgow (Lab),skipped,skipped,skipped,skipped,skipped,skipped,skipped,skipped,,10
5011,Robert JH MOONEY Glasgow (Lab),Fiona E HIGGINS Glasgow (Lab),skipped,skipped,skipped,skipped,skipped,skipped,skipped,skipped,,10
5012,Robert JH MOONEY Glasgow (Lab),Fiona E HIGGINS Glasgow (Lab),skipped,skipped,skipped,skipped,skipped,skipped,skipped,skipped,,10
5013,Robert JH MOONEY Glasgow (Lab),Fiona E HIGGINS Glasgow (Lab),skipped,skipped,skipped,skipped,skipped,skipped,skipped,skipped,,10
5014,Robert JH MOONEY Glasgow (Lab),Fiona E HIGGINS Glasgow (Lab),skipped,skipped,skipped,skipped,skipped,skipped,skipped,skipped,,10
5015,Robert JH MOONEY Glasgow (Lab),Fiona E HIGGINS Glasgow (Lab),skipped,skipped,skipped,skipped,skipped,skipped,skipped,skipped,,10
5016,Robert JH MOONEY Glasgow (Lab),Fiona E HIGGINS Glasgow (Lab),skipped,skipped,skipped,skipped,skipped,skipped,skipped,skipped,,10
5017,Robert JH MOONEY Glasgow (Lab),Fiona E HIGGINS Glasgow (Lab),skipped,skipped,skipped,skipped,skipped,skipped,skipped,skipped,,10
5018,Robert JH MOONEY Glasgow (Lab),Fiona E HIGGINS Glasgow (Lab),skipped,skipped,skipped,skipped,skipped,skipped,skipped,skipped,,10
5019,Robert JH MOONEY Glasgow (Lab),Fiona E HIGGINS Glasgow (Lab),skipped,skipped,skipped,skipped,skipped,skipped,skipped,skipped,,10
5020,Robert JH MOONEY Glasgow (Lab),Fiona E HIGGINS Glasgow (Lab),skipped,skipped,skipped,skipped,skipped,skipped,skipped,skipped,,10
5021,Robert JH MOONEY Glasgow (Lab),Fiona E HIGGINS Glasgow (Lab),skipped,skipped,skipped,skipped,skipped,skipped,skipped,skipped,,10
5022,Robert JH MOONEY Glasgow (Lab),Fiona E HIGGINS Glasgow (Lab),skipped,skipped,skipped,skipped,skipped,skipped,skipped,skipped,,10
5023,Robert JH MOONEY Glasgow (Lab),Fiona E HIGGINS Glasgow (Lab),skipped,skipped,skipped,skipped,skipped,skipped,skipped,skipped,,10
5024,Robert JH MOONEY Glasgow (Lab),Fiona E HIGGINS Glasgow (Lab),skipped,skipped,skipped,skipped,skipped,skipped,skipped,skipped,,10
5025,Robert JH MOONEY Glasgow (Lab),Fiona E HIGGINS Glasgow (Lab),skipped,skipped,skipped,skipped,skipped,skipped,skipped,skipped,,10
5026,Robert JH MOONEY Glasgow (Lab),Fiona E HIGGINS Glasgow (Lab),skipped,skipped,skipped,skipped,skipped,skipped,skipped,skipped,,10
5027,Robert JH MOONEY Glasgow (Lab),Fiona E HIGGINS Glasgow (Lab),skipped,skipped,skipped,skipped,skipped,skipped,skipped,skipped,,10
5028,Robert JH MOONEY Glasgow (Lab),Fiona E HIGGINS Glasgow (Lab),skipped,skipped,skipped,skipped,skipped,skipped,skipped,skipped,,10
5029,Robert JH MOONEY Glasgow (Lab),Fiona E HIGGINS Glasgow (Lab),skipped,skipped,skipped,skipped,skipped,skipped,skipped,skipped,,10
5030,Robert JH MOONEY Glasgow (Lab),Fiona E HIGGINS Glasgow (Lab),skipped,skipped,skipped,skipped,skipped,skipped,skipped,skipped,,10
5031,Robert JH MOONEY Glasgow (Lab),Fiona E HIGGINS Glasgow (Lab),skipped,skipped,skipped,skipped,skipped,skipped,skipped,skipped,,10
5032,Robert JH MOONEY Glasgow (Lab),Fiona E HIGGINS Glasgow (Lab),skipped,skipped,skipped,skipped,skipped,skipped,skipped,skipped,,10
5033,Robert JH MOONEY Glasgow (Lab),Fiona E HIGGINS Glasgow (Lab),skipped,skipped,skipped,skipped,skipped,skipped,skipped,skipped,,10
5034,Robert JH MOONEY Glasgow (Lab),Fiona E HIGGINS Glasgow (Lab),skipped,skipped,skipped,skipped,skipped,skipped,skipped,skipped,,10
5035,Robert JH MOONEY Glasgow (Lab),Fiona E HIGGINS Glasgow (Lab),skipped,skipped,skipped,skipped,skipped,skipped,skipped,skipped,,10
5036,Robert JH MOONEY Glasgow (Lab),Fiona E HIGGINS Glasgow (Lab),skipped,skipped,skipped,skipped,skipped,skipped,skipped,skipped,,10
5037,Robert JH MOONEY Glasgow (Lab),Fiona E HIGGINS Glasgow (Lab),skipped,skipped,skipped,skipped,skipped,skipped,skipped,skipped,,10
5038,Robert JH MOONEY Glasgow (Lab),Fiona E HIGGINS Glasgow (Lab),skipped,skipped,skipped,skipped,skipped,skipped,skipped,skipped,,10
5039,Robert JH MOONEY Glasgow (Lab),Fiona E HIGGINS Glasgow (Lab),skipped,skipped,skipped,skipped,skipped,skipped,skipped,skipped,,10
5040,Robert JH MOONEY Glasgow (Lab),Fiona E HIGGINS Glasgow (Lab),skipped,skipped,skipped,skipped,skipped,skipped,skipped,skipped,,10
5041,Robert JH MOONEY Glasgow (Lab),Fiona E HIGGINS Glasgow (Lab),skipped,skipped,skipped,skipped,skipped,skipped,skipped,skipped,,10
5042,Robert JH MOONEY Glasgow (Lab),Fiona E HIGGINS Glasgow (Lab),skipped,skipped,skipped,skipped,skipped,skipped,skipped,skipped,,10
5043,Robert JH MOONEY Glasgow (Lab),Fiona E HIGGINS Glasgow (Lab),skipped,skipped,skipped,skipped,skipped,skipped,skipped,skipped,,10
5044,Robert JH MOONEY Glasgow (Lab),Fiona E HIGGINS Glasgow (Lab),skipped,skipped,skipped,skipped,skipped,skipped,skipped,skipped,,10
5045,Robert JH MOONEY Glasgow (Lab),Fiona E HIGGINS Glasgow (Lab),skipped,skipped,skipped,skipped,skipped,skipped,skipped,skipped,,10
5046,Robert JH MOONEY Glasgow (Lab),Fiona E HIGGINS Glasgow (Lab),skipped,skipped,skipped,skipped,skipped,skipped,skipped,skipped,,10
5047,Robert JH MOONEY Glasgow (Lab),Fiona E HIGGINS Glasgow (Lab),skipped,skipped,skipped,skipped,skipped,skipped,skipped,skipped,,10
5048,Robert JH MOONEY Glasgow (Lab),Fiona E HIGGINS Glasgow (Lab),skipped,skipped,skipped,skipped,skipped,skipped,skipped,skipped,,10
5049,Robert JH MOONEY Glasgow (Lab),Fiona E HIGGINS Glasgow (Lab),skipped,skipped,skipped,skipped,skipped,skipped,skipped,skipped,,10
5050,Robert JH MOONEY Glasgow (Lab),Fiona E HIGGINS Glasgow (Lab),skipped,skipped,skipped,skipped,skipped,skipped,skipped,skipped,,10
5051,Robert JH MOONEY Glasgow (Lab),Fiona E HIGGINS Glasgow (Lab),skipped,skipped,skipped,skipped,skipped,skipped,skipped,skipped,,10
5052,Robert JH MOONEY Glasgow (Lab),Fiona E HIGGINS Glasgow (Lab),skipped,skipped,skipped,skipped,skipped,skipped,skipped,skipped,,10
5053,Robert JH MOONEY Glasgow (Lab),Fiona E HIGGINS Glasgow (Lab),skipped,skipped,skipped,skipped,skipped,skipped,skipped,skipped,,10
5054,Robert JH MOONEY Glasgow (Lab),Fiona E HIGGINS Glasgow (Lab),skipped,skipped,skipped,skipped,skipped,skipped,skipped,skipped,,10
5055,Robert JH MOONEY Glasgow (Lab),Fiona E HIGGINS Glasgow (Lab),skipped,skipped,skipped,skipped,skipped,skipped,skipped,skipped,,10
5056,Robert JH MOONEY Glasgow (Lab),Fiona E HIGGINS Glasgow (Lab),skipped,skipped,skipped,skipped,skipped,skipped,skipped,skipped,,10
5057,Robert JH MOONEY Glasgow (Lab),Fiona E HIGGINS Glasgow (Lab),skipped,skipped,skipped,skipped,skipped,skipped,skipped,skipped,,10
5058,Robert JH MOONEY Glasgow (Lab),Fiona E HIGGINS Glasgow (Lab),skipped,skipped,skipped,skipped,skipped,skipped,skipped,skipped,,10
5059,Robert JH MOONEY Glasgow (Lab),Fiona E HIGGINS Glasgow (Lab),skipped,skipped,skipped,skipped,skipped,skipped,skipped,skipped,,10
5060,Robert JH MOONEY Glasgow (Lab),Fiona E HIGGINS Glasgow (Lab),skipped,skipped,skipped,skipped,skipped,skipped,skipped,skipped,,10
5061,Robert JH MOONEY Glasgow (Lab),Fiona E HIGGINS Glasgow (Lab),skipped,skipped,skipped,skipped,skipped,skipped,skipped,skipped,,10
5062,Robert JH MOONEY Glasgow (Lab),Fiona E HIGGINS Glasgow (Lab),skipped,skipped,skipped,skipped,skipped,skipped,skipped,skipped,,10
5063,Robert JH MOONEY Glasgow (Lab),Fiona E HIGGINS Glasgow (Lab),skipped,skipped,skipped,skipped,skipped,skipped,skipped,skipped,,10
5064,Robert JH MOONEY Glasgow (Lab),Fiona E HIGGINS Glasgow (Lab),skipped,skipped,skipped,skipped,skipped,skipped,skipped,skipped,,10
5065,Robert JH MOONEY Glasgow (Lab),Fiona E HIGGINS Glasgow (Lab),skipped,skipped,skipped,skipped,skipped,skipped,skipped,skipped,,10
5066,Robert JH MOONEY Glasgow (Lab),Fiona E HIGGINS Glasgow (Lab),skipped,skipped,skipped,skipped,skipped,skipped,skipped,skipped,,10
5067,Robert JH MOONEY Glasgow (Lab),Fiona E HIGGINS Glasgow (Lab),skipped,skipped,skipped,skipped,skipped,skipped,skipped,skipped,,10
5068,Robert JH MOONEY Glasgow (Lab),Fiona E HIGGINS Glasgow (Lab),skipped,skipped,skipped,skipped,skipped,skipped,skipped,skipped,,10
5069,Robert JH MOONEY Glasgow (Lab),Fiona E HIGGINS Glasgow (Lab),skipped,skipped,skipped,skipped,skipped,skipped,skipped,skipped,,10
5070,Robert JH MOONEY Glasgow (Lab),Fiona E HIGGINS Glasgow (Lab),skipped,skipped,skipped,skipped,skipped,skipped,skipped,skipped,,10
5071,Robert JH MOONEY Glasgow (Lab),Fiona E HIGGINS Glasgow (Lab),skipped,skipped,skipped,skipped,skipped,skipped,skipped,skipped,,10
5072,Robert JH MOONEY Glasgow (Lab),Fiona E HIGGINS Glasgow (Lab),skipped,skipped,skipped,skipped,skipped,skipped,skipped,skipped,,10
5073,Robert JH MOONEY Glasgow (Lab),Fiona E HIGGINS Glasgow (Lab),skipped,skipped,skipped,skipped,skipped,skipped,skipped,skipped,,10
5074,Robert JH MOONEY Glasgow (Lab),Fiona E HIGGINS Glasgow (Lab),skipped,skipped,skipped,skipped,skipped,skipped,skipped,skipped,,10
5075,Robert JH MOONEY Glasgow (Lab),Fiona E HIGGINS Glasgow (Lab),skipped,skipped,skipped,skipped,skipped,skipped,skipped,skipped,,10
5076,Robert JH MOONEY Glasgow (Lab),Fiona E HIGGINS Glasgow (Lab),skipped,skipped,skipped,skipped,skipped,skipped,skipped,skipped,,10
5077,Robert JH MOONEY Glasgow (Lab),Fiona E HIGGINS Glasgow (Lab),skipped,skipped,skipped,skipped,skipped,skipped,skipped,skipped,,10
5078,Robert JH MOONEY Glasgow (Lab),Fiona E HIGGINS Glasgow (Lab),skipped,skipped,skipped,skipped,skipped,skipped,skipped,skipped,,10
5079,Robert JH MOONEY Glasgow (Lab),Fiona E HIGGINS Glasgow (Lab),skipped,skipped,skipped,skipped,skipped,skipped,skipped,skipped,,10
5080,Robert JH MOONEY Glasgow (Lab),Fiona E HIGGINS Glasgow (Lab),skipped,skipped,skipped,skipped,skipped,skipped,skipped,skipped,,10
5081,Robert JH MOONEY Glasgow (Lab),Fiona E HIGGINS Glasgow (Lab),skipped,skipped,skipped,skipped,skipped,skipped,skipped,skipped,,10
5082,Robert JH MOONEY Glasgow (Lab),Fiona E HIGGINS Glasgow (Lab),skipped,skipped,skipped,skipped,skipped,skipped,skipped,skipped,,10
5083,Robert JH MOONEY Glasgow (Lab),Fiona E HIGGINS Glasgow (Lab),skipped,skipped,skipped,skipped,skipped,skipped,skipped,skipped,,10
5084,Robert JH MOONEY Glasgow (Lab),Fiona E HIGGINS Glasgow (Lab),skipped,skipped,skipped,skipped,skipped,skipped,skipped,skipped,,10
5085,Robert JH MOONEY Glasgow (Lab),Fiona E HIGGINS Glasgow (Lab),skipped,skipped,skipped,skipped,skipped,skipped,skipped,skipped,,10
5086,Robert JH MOONEY Glasgow (Lab),Fiona E HIGGINS Glasgow (Lab),skipped,skipped,skipped,skipped,skipped,skipped,skipped,skipped,,10
5087,Robert JH MOONEY Glasgow (Lab),Fiona E HIGGINS Glasgow (Lab),skipped,skipped,skipped,skipped,skipped,skipped,skipped,skipped,,10
5088,Robert JH MOONEY Glasgow (Lab),Fiona E HIGGINS Glasgow (Lab),skipped,skipped,skipped,skipped,skipped,skipped,skipped,skipped,,10
5089,Robert JH MOONEY Glasgow (Lab),Fiona E HIGGINS Glasgow (Lab),skipped,skipped,skipped,skipped,skipped,skipped,skipped,skipped,,10
5090,Robert JH MOONEY Glasgow (Lab),Fiona E HIGGINS Glasgow (Lab),skipped,skipped,skipped,skipped,skipped,skipped,skipped,skipped,,10
5091,Robert JH MOONEY Glasgow (Lab),Fiona E HIGGINS Glasgow (Lab),skipped,skipped,skipped,skipped,skipped,skipped,skipped,skipped,,10
5092,Robert JH MOONEY Glasgow (Lab),Fiona E HIGGINS Glasgow (Lab),skipped,skipped,skipped,skipped,skipped,skipped,skipped,skipped,,10
5093,Robert JH MOONEY Glasgow (Lab),Fiona E HIGGINS Glasgow (Lab),skipped,skipped,skipped,skipped,skipped,skipped,skipped,skipped,,10
5094,Robert JH MOONEY Glasgow (Lab),Fiona E HIGGINS Glasgow (Lab),skipped,skipped,skipped,skipped,skipped,skipped,skipped,skipped,,10
5095,Robert JH MOONEY Glasgow (Lab),Fiona E HIGGINS Glasgow (Lab),skipped,skipped,skipped,skipped,skipped,skipped,skipped,skipped,,10
5096,Robert JH MOONEY Glasgow (Lab),Fiona E HIGGINS Glasgow (Lab),skipped,skipped,skipped,skipped,skipped,skipped,skipped,skipped,,10
5097,Robert JH MOONEY Glasgow (Lab),Fiona E HIGGINS Glasgow (Lab),skipped,skipped,skipped,skipped,skipped,skipped,skipped,skipped,,10
5098,Robert JH MOONEY Glasgow (Lab),Fiona E HIGGINS Glasgow (Lab),skipped,skipped,skipped,skipped,skipped,skipped,skipped,skipped,,10
5099,Robert JH MOONEY Glasgow (Lab),Fiona E HIGGINS Glasgow (Lab),skipped,skipped,skipped,skipped,skipped,skipped,skipped,skipped,,10
5100,Robert JH MOONEY Glasgow (Lab),Fiona E HIGGINS Glasgow (Lab),skipped,skipped,skipped,skipped,skipped,skipped,skipped,skipped,,10
5101,Robert JH MOONEY Glasgow (Lab),Fiona E HIGGINS Glasgow (Lab),skipped,skipped,skipped,skipped,skipped,skipped,skipped,skipped,,10
5102,Robert JH MOONEY Glasgow (Lab),Fiona E HIGGINS Glasgow (Lab),skipped,skipped,skipped,skipped,skipped,skipped,skipped,skipped,,10
5103,Robert JH MOONEY Glasgow (Lab),Fiona E HIGGINS Glasgow (Lab),skipped,skipped,skipped,skipped,skipped,skipped,skipped,skipped,,10
5104,Robert JH MOONEY Glasgow (Lab),Fiona E HIGGINS Glasgow (Lab),skipped,skipped,skipped,skipped,skipped,skipped,skipped,skipped,,10
5105,Robert JH MOONEY Glasgow (Lab),Fiona E HIGGINS Glasgow (Lab),skipped,skipped,skipped,skipped,skipped,skipped,skipped,skipped,,10
5106,Robert JH MOONEY Glasgow (Lab),Fiona E HIGGINS Glasgow (Lab),skipped,skipped,skipped,skipped,skipped,skipped,skipped,skipped,,10
5107,Robert JH MOONEY Glasgow (Lab),Fiona E HIGGINS Glasgow (Lab),skipped,skipped,skipped,skipped,skipped,skipped,skipped,skipped,,10
5108,Robert JH MOONEY Glasgow (Lab),Fiona E HIGGINS Glasgow (Lab),skipped,skipped,skipped,skipped,skipped,skipped,skipped,skipped,,10
5109,Robert JH MOONEY Glasgow (Lab),Fiona E HIGGINS Glasgow (Lab),skipped,skipped,skipped,skipped,skipped,skipped,skipped,skipped,,10
5110,Robert JH MOONEY Glasgow (Lab),Fiona E HIGGINS Glasgow (Lab),skipped,skipped,skipped,skipped,skipped,skipped,skipped,skipped,,10
5111,Robert JH MOONEY Glasgow (Lab),Fiona E HIGGINS Glasgow (Lab),skipped,skipped,skipped,skipped,skipped,skipped,skipped,skipped,,10
5112,Robert JH MOONEY Glasgow (Lab),Fiona E HIGGINS Glasgow (Lab),skipped,skipped,skipped,skipped,skipped,skipped,skipped,skipped,,10
5113,Robert JH MOONEY Glasgow (Lab),Fiona E HIGGINS Glasgow (Lab),skipped,skipped,skipped,skipped,skipped,skipped,skipped,skipped,,10
5114,Robert JH MOONEY Glasgow (Lab),Fiona E HIGGINS Glasgow (Lab),skipped,skipped,skipped,skipped,skipped,skipped,skipped,skipped,,10
5115,Robert JH MOONEY Glasgow (Lab),Fiona E HIGGINS Glasgow (Lab),skipped,skipped,skipped,skipped,skipped,skipped,skipped,skipped,,10
5116,Robert JH MOONEY Glasgow (Lab),Fiona E HIGGINS Glasgow (Lab),skipped,skipped,skipped,skipped,skipped,skipped,skipped,skipped,,10
5117,Robert JH MOONEY Glasgow (Lab),Fiona E HIGGINS Glasgow (Lab),skipped,skipped,skipped,skipped,skipped,skipped,skipped,skipped,,10
5118,Robert JH MOONEY Glasgow (Lab),Fiona E HIGGINS Glasgow (Lab),skipped,skipped,skipped,skipped,skipped,skipped,skipped,skipped,,10
5119,Robert JH MOONEY Glasgow (Lab),Fiona E HIGGINS Glasgow (Lab),skipped,skipped,skipped,skipped,skipped,skipped,skipped,skipped,,10
5120,Robert JH MOONEY Glasgow (Lab),Fiona E HIGGINS Glasgow (Lab),skipped,skipped,skipped,skipped,skipped,skipped,skipped,skipped,,10
5121,Robert JH MOONEY Glasgow (Lab),Fiona E HIGGINS Glasgow (Lab),skipped,skipped,skipped,skipped,skipped,skipped,skipped,skipped,,10
5122,Robert JH MOONEY Glasgow (Lab),Fiona E HIGGINS Glasgow (Lab),skipped,skipped,skipped,skipped,skipped,skipped,skipped,skipped,,10
5123,Robert JH MOONEY Glasgow (Lab),Fiona E HIGGINS Glasgow (Lab),skipped,skipped,skipped,skipped,skipped,skipped,skipped,skipped,,10
5124,Robert JH MOONEY Glasgow (Lab),Fiona E HIGGINS Glasgow (Lab),skipped,skipped,skipped,skipped,skipped,skipped,skipped,skipped,,10
5125,Robert JH MOONEY Glasgow (Lab),Fiona E HIGGINS Glasgow (Lab),skipped,skipped,skipped,skipped,skipped,skipped,skipped,skipped,,10
5126,Robert JH MOONEY Glasgow (Lab),Fiona E HIGGINS Glasgow (Lab),skipped,skipped,skipped,skipped,skipped,skipped,skipped,skipped,,10
5127,Robert JH MOONEY Glasgow (Lab),Fiona E HIGGINS Glasgow (Lab),skipped,skipped,skipped,skipped,skipped,skipped,skipped,skipped,,10
5128,Robert JH MOONEY Glasgow (Lab),Fiona E HIGGINS Glasgow (Lab),skipped,skipped,skipped,skipped,skipped,skipped,skipped,skipped,,10
5129,Robert JH MOONEY Glasgow (Lab),Fiona E HIGGINS Glasgow (Lab),skipped,skipped,skipped,skipped,skipped,skipped,skipped,skipped,,10
5130,Robert JH MOONEY Glasgow (Lab),Fiona E HIGGINS Glasgow (Lab),skipped,skipped,skipped,skipped,skipped,skipped,skipped,skipped,,10
5131,Robert JH MOONEY Glasgow (Lab),Fiona E HIGGINS Glasgow (Lab),skipped,skipped,skipped,skipped,skipped,skipped,skipped,skipped,,10
5132,Robert JH MOONEY Glasgow (Lab),Fiona E HIGGINS Glasgow (Lab),skipped,skipped,skipped,skipped,skipped,skipped,skipped,skipped,,10
5133,Robert JH MOONEY Glasgow (Lab),Fiona E HIGGINS Glasgow (Lab),skipped,skipped,skipped,skipped,skipped,skipped,skipped,skipped,,10
5134,Robert JH MOONEY Glasgow (Lab),Fiona E HIGGINS Glasgow (Lab),skipped,skipped,skipped,skipped,skipped,skipped,skipped,skipped,,10
5135,Robert JH MOONEY Glasgow (Lab),Fiona E HIGGINS Glasgow (Lab),skipped,skipped,skipped,skipped,skipped,skipped,skipped,skipped,,10
5136,Robert JH MOONEY Glasgow (Lab),Fiona E HIGGINS Glasgow (Lab),skipped,skipped,skipped,skipped,skipped,skipped,skipped,skipped,,10
5137,Robert JH MOONEY Glasgow (Lab),Fiona E HIGGINS Glasgow (Lab),skipped,skipped,skipped,skipped,skipped,skipped,skipped,skipped,,10
5138,Robert JH MOONEY Glasgow (Lab),Fiona E HIGGINS Glasgow (Lab),skipped,skipped,skipped,skipped,skipped,skipped,skipped,skipped,,10
5139,Robert JH MOONEY Glasgow (Lab),Fiona E HIGGINS Glasgow (Lab),skipped,skipped,skipped,skipped,skipped,skipped,skipped,skipped,,10
5140,Robert JH MOONEY Glasgow (Lab),Fiona E HIGGINS Glasgow (Lab),skipped,skipped,skipped,skipped,skipped,skipped,skipped,skipped,,10
5141,Robert JH MOONEY Glasgow (Lab),Fiona E HIGGINS Glasgow (Lab),skipped,skipped,skipped,skipped,skipped,skipped,skipped,skipped,,10
5142,Robert JH MOONEY Glasgow (Lab),Fiona E HIGGINS Glasgow (Lab),skipped,skipped,skipped,skipped,skipped,skipped,skipped,skipped,,10
5143,Robert JH MOONEY Glasgow (Lab),Fiona E HIGGINS Glasgow (Lab),skipped,skipped,skipped,skipped,skipped,skipped,skipped,skipped,,10
5144,Robert JH MOONEY Glasgow (Lab),Fiona E HIGGINS Glasgow (Lab),skipped,skipped,skipped,skipped,skipped,skipped,skipped,skipped,,10
5145,Robert JH MOONEY Glasgow (Lab),Fiona E HIGGINS Glasgow (Lab),skipped,skipped,skipped,skipped,skipped,skipped,skipped,skipped,,10
5146,Robert JH MOONEY Glasgow (Lab),Fiona E HIGGINS Glasgow (Lab),skipped,skipped,skipped,skipped,skipped,skipped,skipped,skipped,,10
5147,Robert JH MOONEY Glasgow (Lab),Fiona E HIGGINS Glasgow (Lab),skipped,skipped,skipped,skipped,skipped,skipped,skipped,skipped,,10
5148,Robert JH MOONEY Glasgow (Lab),Fiona E HIGGINS Glasgow (Lab),skipped,skipped,skipped,skipped,skipped,skipped,skipped,skipped,,10
5149,Robert JH MOONEY Glasgow (Lab),Fiona E HIGGINS Glasgow (Lab),skipped,skipped,skipped,skipped,skipped,skipped,skipped,skipped,,10
5150,Robert JH MOONEY Glasgow (Lab),Fiona E HIGGINS Glasgow (Lab),skipped,skipped,skipped,skipped,skipped,skipped,skipped,skipped,,10
5151,Robert JH MOONEY Glasgow (Lab),Fiona E HIGGINS Glasgow (Lab),skipped,skipped,skipped,skipped,skipped,skipped,skipped,skipped,,10
5152,Robert JH MOONEY Glasgow (Lab),Fiona E HIGGINS Glasgow (Lab),skipped,skipped,skipped,skipped,skipped,skipped,skipped,skipped,,10
5153,Robert JH MOONEY Glasgow (Lab),Fiona E HIGGINS Glasgow (Lab),skipped,skipped,skipped,skipped,skipped,skipped,skipped,skipped,,10
5154,Robert JH MOONEY Glasgow (Lab),Fiona E HIGGINS Glasgow (Lab),skipped,skipped,skipped,skipped,skipped,skipped,skipped,skipped,,10
5155,Robert JH MOONEY Glasgow (Lab),Fiona E HIGGINS Glasgow (Lab),skipped,skipped,skipped,skipped,skipped,skipped,skipped,skipped,,10
5156,Robert JH MOONEY Glasgow (Lab),Fiona E HIGGINS Glasgow (Lab),skipped,skipped,skipped,skipped,skipped,skipped,skipped,skipped,,10
5157,Robert JH MOONEY Glasgow (Lab),Fiona E HIGGINS Glasgow (Lab),skipped,skipped,skipped,skipped,skipped,skipped,skipped,skipped,,10
5158,Robert JH MOONEY Glasgow (Lab),Fiona E HIGGINS Glasgow (Lab),skipped,skipped,skipped,skipped,skipped,skipped,skipped,skipped,,10
5159,Robert JH MOONEY Glasgow (Lab),Fiona E HIGGINS Glasgow (Lab),skipped,skipped,skipped,skipped,skipped,skipped,skipped,skipped,,10
5160,Robert JH MOONEY Glasgow (Lab),Fiona E HIGGINS Glasgow (Lab),skipped,skipped,skipped,skipped,skipped,skipped,skipped,skipped,,10
5161,Robert JH MOONEY Glasgow (Lab),Fiona E HIGGINS Glasgow (Lab),skipped,skipped,skipped,skipped,skipped,skipped,skipped,skipped,,10
5162,Robert JH MOONEY Glasgow (Lab),Fiona E HIGGINS Glasgow (Lab),skipped,skipped,skipped,skipped,skipped,skipped,skipped,skipped,,10
5163,Robert JH MOONEY Glasgow (Lab),Fiona E HIGGINS Glasgow (Lab),skipped,skipped,skipped,skipped,skipped,skipped,skipped,skipped,,10
5164,Robert JH MOONEY Glasgow (Lab),Fiona E HIGGINS Glasgow (Lab),skipped,skipped,skipped,skipped,skipped,skipped,skipped,skipped,,10
5165,Robert JH MOONEY Glasgow (Lab),Fiona E HIGGINS Glasgow (Lab),skipped,skipped,skipped,skipped,skipped,skipped,skipped,skipped,,10
5166,Robert JH MOONEY Glasgow (Lab),Fiona E HIGGINS Glasgow (Lab),skipped,skipped,skipped,skipped,skipped,skipped,skipped,skipped,,10
5167,Robert JH MOONEY Glasgow (Lab),Fiona E HIGGINS Glasgow (Lab),skipped,skipped,skipped,skipped,skipped,skipped,skipped,skipped,,10
5168,Robert JH MOONEY Glasgow (Lab),Fiona E HIGGINS Glasgow (Lab),skipped,skipped,skipped,skipped,skipped,skipped,skipped,skipped,,10
5169,Robert JH MOONEY Glasgow (Lab),Fiona E HIGGINS Glasgow (Lab),skipped,skipped,skipped,skipped,skipped,skipped,skipped,skipped,,10
5170,Robert JH MOONEY Glasgow (Lab),Fiona E HIGGINS Glasgow (Lab),skipped,skipped,skipped,skipped,skipped,skipped,skipped,skipped,,10
5171,Robert JH MOONEY Glasgow (Lab),Fiona E HIGGINS Glasgow (Lab),Seonad Mairi HOY (Grn),skipped,skipped,skipped,skipped,skipped,skipped,skipped,,10
5172,Robert JH MOONEY Glasgow (Lab),Fiona E HIGGINS Glasgow (Lab),Seonad Mairi HOY (Grn),skipped,skipped,skipped,skipped,skipped,skipped,skipped,,10
5173,Robert JH MOONEY Glasgow (Lab),Fiona E HIGGINS Glasgow (Lab),Seonad Mairi HOY (Grn),skipped,skipped,skipped,skipped,skipped,skipped,skipped,,10
5174,Robert JH MOONEY Glasgow (Lab),Fiona E HIGGINS Glasgow (Lab),Seonad Mairi HOY (Grn),skipped,skipped,skipped,skipped,skipped,skipped,skipped,,10
5175,Robert JH MOONEY Glasgow (Lab),Fiona E HIGGINS Glasgow (Lab),Seonad Mairi HOY (Grn),skipped,skipped,skipped,skipped,skipped,skipped,skipped,,10
5176,Robert JH MOONEY Glasgow (Lab),Fiona E HIGGINS Glasgow (Lab),Seonad Mairi HOY (Grn),skipped,skipped,skipped,skipped,skipped,skipped,skipped,,10
5177,Robert JH MOONEY Glasgow (Lab),Fiona E HIGGINS Glasgow (Lab),Seonad Mairi HOY (Grn),skipped,skipped,skipped,skipped,skipped,skipped,skipped,,10
5178,Robert JH MOONEY Glasgow (Lab),Fiona E HIGGINS Glasgow (Lab),Seonad Mairi HOY (Grn),skipped,skipped,skipped,skipped,skipped,skipped,skipped,,10
5179,Robert JH MOONEY Glasgow (Lab),Fiona E HIGGINS Glasgow (Lab),Seonad Mairi HOY (Grn),skipped,skipped,skipped,skipped,skipped,skipped,skipped,,10
5180,Robert JH MOONEY Glasgow (Lab),Fiona E HIGGINS Glasgow (Lab),Seonad Mairi HOY (Grn),skipped,skipped,skipped,skipped,skipped,skipped,skipped,,10
5181,Robert JH MOONEY Glasgow (Lab),Fiona E HIGGINS Glasgow (Lab),Seonad Mairi HOY (Grn),skipped,skipped,skipped,skipped,skipped,skipped,skipped,,10
5182,Robert JH MOONEY Glasgow (Lab),Fiona E HIGGINS Glasgow (Lab),Seonad Mairi HOY (Grn),skipped,skipped,skipped,skipped,skipped,skipped,skipped,,10
5183,Robert JH MOONEY Glasgow (Lab),Fiona E HIGGINS Glasgow (Lab),Seonad Mairi HOY (Grn),skipped,skipped,skipped,skipped,skipped,skipped,skipped,,10
5184,Robert JH MOONEY Glasgow (Lab),Fiona E HIGGINS Glasgow (Lab),Seonad Mairi HOY (Grn),skipped,skipped,skipped,skipped,skipped,skipped,skipped,,10
5185,Robert JH MOONEY Glasgow (Lab),Fiona E HIGGINS Glasgow (Lab),Seonad Mairi HOY (Grn),skipped,skipped,skipped,skipped,skipped,skipped,skipped,,10
5186,Robert JH MOONEY Glasgow (Lab),Fiona E HIGGINS Glasgow (Lab),Seonad Mairi HOY (Grn),skipped,skipped,skipped,skipped,skipped,skipped,skipped,,10
5187,Robert JH MOONEY Glasgow (Lab),Fiona E HIGGINS Glasgow (Lab),Seonad Mairi HOY (Grn),skipped,skipped,skipped,skipped,skipped,skipped,skipped,,10
5188,Robert JH MOONEY Glasgow (Lab),Fiona E HIGGINS Glasgow (Lab),Seonad Mairi HOY (Grn),skipped,skipped,skipped,skipped,skipped,skipped,skipped,,10
5189,Robert JH MOONEY Glasgow (Lab),Fiona E HIGGINS Glasgow (Lab),Seonad Mairi HOY (Grn),skipped,skipped,skipped,skipped,skipped,skipped,skipped,,10
5190,Robert JH MOONEY Glasgow (Lab),Fiona E HIGGINS Glasgow (Lab),Seonad Mairi HOY (Grn),skipped,skipped,skipped,skipped,skipped,skipped,skipped,,10
5191,Robert JH MOONEY Glasgow (Lab),Fiona E HIGGINS Glasgow (Lab),Seonad Mairi HOY (Grn),skipped,skipped,skipped,skipped,skipped,skipped,skipped,,10
5192,Robert JH MOONEY Glasgow (Lab),Fiona E HIGGINS Glasgow (Lab),Seonad Mairi HOY (Grn),Martin Lawson OLU-OSAGIE (Alba),Scott SIMPSON (LD),Maria WELLS (Con),skipped,skipped,skipped,skipped,,10
5193,Robert JH MOONEY Glasgow (Lab),Fiona E HIGGINS Glasgow (Lab),Seonad Mairi HOY (Grn),Scott SIMPSON (LD),skipped,skipped,skipped,skipped,skipped,skipped,,10
5194,Robert JH MOONEY Glasgow (Lab),Fiona E HIGGINS Glasgow (Lab),Seonad Mairi HOY (Grn),Scott SIMPSON (LD),skipped,skipped,skipped,skipped,skipped,skipped,,10
5195,Robert JH MOONEY Glasgow (Lab),Fiona E HIGGINS Glasgow (Lab),Seonad Mairi HOY (Grn),Scott SIMPSON (LD),skipped,skipped,skipped,skipped,skipped,skipped,,10
5196,Robert JH MOONEY Glasgow (Lab),Fiona E HIGGINS Glasgow (Lab),Seonad Mairi HOY (Grn),Scott SIMPSON (LD),skipped,skipped,skipped,skipped,skipped,skipped,,10
5197,Robert JH MOONEY Glasgow (Lab),Fiona E HIGGINS Glasgow (Lab),Seonad Mairi HOY (Grn),Scott SIMPSON (LD),skipped,skipped,skipped,skipped,skipped,skipped,,10
5198,Robert JH MOONEY Glasgow (Lab),Fiona E HIGGINS Glasgow (Lab),Seonad Mairi HOY (Grn),Scott SIMPSON (LD),Brian LAND (Ind),Allan GOW (SNP),Jacqueline MCLAREN (SNP),skipped,skipped,skipped,,10
5199,Robert JH MOONEY Glasgow (Lab),Fiona E HIGGINS Glasgow (Lab),Seonad Mairi HOY (Grn),Scott SIMPSON (LD),Sandra WATSON (SNP),Jacqueline MCLAREN (SNP),Allan GOW (SNP),skipped,skipped,skipped,,10
5200,Robert JH MOONEY Glasgow (Lab),Fiona E HIGGINS Glasgow (Lab),Seonad Mairi HOY (Grn),Brian LAND (Ind),Scott SIMPSON (LD),Maria WELLS (Con),Martin Lawson OLU-OSAGIE (Alba),skipped,skipped,skipped,,10
5201,Robert JH MOONEY Glasgow (Lab),Fiona E HIGGINS Glasgow (Lab),Seonad Mairi HOY (Grn),Brian LAND (Ind),Jacqueline MCLAREN (SNP),Maria WELLS (Con),Allan GOW (SNP),skipped,skipped,skipped,,10
5202,Robert JH MOONEY Glasgow (Lab),Fiona E HIGGINS Glasgow (Lab),Seonad Mairi HOY (Grn),Allan GOW (SNP),skipped,skipped,skipped,skipped,skipped,skipped,,10
5203,Robert JH MOONEY Glasgow (Lab),Fiona E HIGGINS Glasgow (Lab),Seonad Mairi HOY (Grn),Allan GOW (SNP),Jacqueline MCLAREN (SNP),skipped,skipped,skipped,skipped,skipped,,10
5204,Robert JH MOONEY Glasgow (Lab),Fiona E HIGGINS Glasgow (Lab),Seonad Mairi HOY (Grn),Allan GOW (SNP),Jacqueline MCLAREN (SNP),Martin Lawson OLU-OSAGIE (Alba),Sandra WATSON (SNP),skipped,skipped,skipped,,10
5205,Robert JH MOONEY Glasgow (Lab),Fiona E HIGGINS Glasgow (Lab),Seonad Mairi HOY (Grn),Sandra WATSON (SNP),Jacqueline MCLAREN (SNP),Allan GOW (SNP),Brian LAND (Ind),skipped,skipped,skipped,,10
5206,Robert JH MOONEY Glasgow (Lab),Fiona E HIGGINS Glasgow (Lab),Martin Lawson OLU-OSAGIE (Alba),skipped,skipped,skipped,skipped,skipped,skipped,skipped,,10
5207,Robert JH MOONEY Glasgow (Lab),Fiona E HIGGINS Glasgow (Lab),Martin Lawson OLU-OSAGIE (Alba),skipped,skipped,skipped,skipped,skipped,skipped,skipped,,10
5208,Robert JH MOONEY Glasgow (Lab),Fiona E HIGGINS Glasgow (Lab),Martin Lawson OLU-OSAGIE (Alba),skipped,skipped,skipped,skipped,skipped,skipped,skipped,,10
5209,Robert JH MOONEY Glasgow (Lab),Fiona E HIGGINS Glasgow (Lab),Martin Lawson OLU-OSAGIE (Alba),skipped,skipped,skipped,skipped,skipped,skipped,skipped,,10
5210,Robert JH MOONEY Glasgow (Lab),Fiona E HIGGINS Glasgow (Lab),Martin Lawson OLU-OSAGIE (Alba),skipped,skipped,skipped,skipped,skipped,skipped,skipped,,10
5211,Robert JH MOONEY Glasgow (Lab),Fiona E HIGGINS Glasgow (Lab),Martin Lawson OLU-OSAGIE (Alba),skipped,skipped,skipped,skipped,skipped,skipped,skipped,,10
5212,Robert JH MOONEY Glasgow (Lab),Fiona E HIGGINS Glasgow (Lab),Martin Lawson OLU-OSAGIE (Alba),skipped,skipped,skipped,skipped,skipped,skipped,skipped,,10
5213,Robert JH MOONEY Glasgow (Lab),Fiona E HIGGINS Glasgow (Lab),Martin Lawson OLU-OSAGIE (Alba),Scott SIMPSON (LD),Maria WELLS (Con),Seonad Mairi HOY (Grn),Brian LAND (Ind),skipped,skipped,skipped,,10
5214,Robert JH MOONEY Glasgow (Lab),Fiona E HIGGINS Glasgow (Lab),Martin Lawson OLU-OSAGIE (Alba),Brian LAND (Ind),skipped,skipped,skipped,skipped,skipped,skipped,,10
5215,Robert JH MOONEY Glasgow (Lab),Fiona E HIGGINS Glasgow (Lab),Martin Lawson OLU-OSAGIE (Alba),Brian LAND (Ind),Jacqueline MCLAREN (SNP),Scott SIMPSON (LD),Maria WELLS (Con),skipped,skipped,skipped,,10
5216,Robert JH MOONEY Glasgow (Lab),Fiona E HIGGINS Glasgow (Lab),Martin Lawson OLU-OSAGIE (Alba),Allan GOW (SNP),skipped,skipped,skipped,skipped,skipped,skipped,,10
5217,Robert JH MOONEY Glasgow (Lab),Fiona E HIGGINS Glasgow (Lab),Martin Lawson OLU-OSAGIE (Alba),Jacqueline MCLAREN (SNP),skipped,skipped,skipped,skipped,skipped,skipped,,10
5218,Robert JH MOONEY Glasgow (Lab),Fiona E HIGGINS Glasgow (Lab),Scott SIMPSON (LD),skipped,skipped,skipped,skipped,skipped,skipped,skipped,,10
5219,Robert JH MOONEY Glasgow (Lab),Fiona E HIGGINS Glasgow (Lab),Scott SIMPSON (LD),skipped,skipped,skipped,skipped,skipped,skipped,skipped,,10
5220,Robert JH MOONEY Glasgow (Lab),Fiona E HIGGINS Glasgow (Lab),Scott SIMPSON (LD),skipped,skipped,skipped,skipped,skipped,skipped,skipped,,10
5221,Robert JH MOONEY Glasgow (Lab),Fiona E HIGGINS Glasgow (Lab),Scott SIMPSON (LD),skipped,skipped,skipped,skipped,skipped,skipped,skipped,,10
5222,Robert JH MOONEY Glasgow (Lab),Fiona E HIGGINS Glasgow (Lab),Scott SIMPSON (LD),skipped,skipped,skipped,skipped,skipped,skipped,skipped,,10
5223,Robert JH MOONEY Glasgow (Lab),Fiona E HIGGINS Glasgow (Lab),Scott SIMPSON (LD),skipped,skipped,skipped,skipped,skipped,skipped,skipped,,10
5224,Robert JH MOONEY Glasgow (Lab),Fiona E HIGGINS Glasgow (Lab),Scott SIMPSON (LD),skipped,skipped,skipped,skipped,skipped,skipped,skipped,,10
5225,Robert JH MOONEY Glasgow (Lab),Fiona E HIGGINS Glasgow (Lab),Scott SIMPSON (LD),skipped,skipped,skipped,skipped,skipped,skipped,skipped,,10
5226,Robert JH MOONEY Glasgow (Lab),Fiona E HIGGINS Glasgow (Lab),Scott SIMPSON (LD),skipped,skipped,skipped,skipped,skipped,skipped,skipped,,10
5227,Robert JH MOONEY Glasgow (Lab),Fiona E HIGGINS Glasgow (Lab),Scott SIMPSON (LD),skipped,skipped,skipped,skipped,skipped,skipped,skipped,,10
5228,Robert JH MOONEY Glasgow (Lab),Fiona E HIGGINS Glasgow (Lab),Scott SIMPSON (LD),skipped,skipped,skipped,skipped,skipped,skipped,skipped,,10
5229,Robert JH MOONEY Glasgow (Lab),Fiona E HIGGINS Glasgow (Lab),Scott SIMPSON (LD),skipped,skipped,skipped,skipped,skipped,skipped,skipped,,10
5230,Robert JH MOONEY Glasgow (Lab),Fiona E HIGGINS Glasgow (Lab),Scott SIMPSON (LD),skipped,skipped,skipped,skipped,skipped,skipped,skipped,,10
5231,Robert JH MOONEY Glasgow (Lab),Fiona E HIGGINS Glasgow (Lab),Scott SIMPSON (LD),skipped,skipped,skipped,skipped,skipped,skipped,skipped,,10
5232,Robert JH MOONEY Glasgow (Lab),Fiona E HIGGINS Glasgow (Lab),Scott SIMPSON (LD),skipped,skipped,skipped,skipped,skipped,skipped,skipped,,10
5233,Robert JH MOONEY Glasgow (Lab),Fiona E HIGGINS Glasgow (Lab),Scott SIMPSON (LD),skipped,skipped,skipped,skipped,skipped,skipped,skipped,,10
5234,Robert JH MOONEY Glasgow (Lab),Fiona E HIGGINS Glasgow (Lab),Scott SIMPSON (LD),skipped,skipped,skipped,skipped,skipped,skipped,skipped,,10
5235,Robert JH MOONEY Glasgow (Lab),Fiona E HIGGINS Glasgow (Lab),Scott SIMPSON (LD),skipped,skipped,skipped,skipped,skipped,skipped,skipped,,10
5236,Robert JH MOONEY Glasgow (Lab),Fiona E HIGGINS Glasgow (Lab),Scott SIMPSON (LD),skipped,skipped,skipped,skipped,skipped,skipped,skipped,,10
5237,Robert JH MOONEY Glasgow (Lab),Fiona E HIGGINS Glasgow (Lab),Scott SIMPSON (LD),skipped,skipped,skipped,skipped,skipped,skipped,skipped,,10
5238,Robert JH MOONEY Glasgow (Lab),Fiona E HIGGINS Glasgow (Lab),Scott SIMPSON (LD),skipped,skipped,skipped,skipped,skipped,skipped,skipped,,10
5239,Robert JH MOONEY Glasgow (Lab),Fiona E HIGGINS Glasgow (Lab),Scott SIMPSON (LD),skipped,skipped,skipped,skipped,skipped,skipped,skipped,,10
5240,Robert JH MOONEY Glasgow (Lab),Fiona E HIGGINS Glasgow (Lab),Scott SIMPSON (LD),skipped,skipped,skipped,skipped,skipped,skipped,skipped,,10
5241,Robert JH MOONEY Glasgow (Lab),Fiona E HIGGINS Glasgow (Lab),Scott SIMPSON (LD),skipped,skipped,skipped,skipped,skipped,skipped,skipped,,10
5242,Robert JH MOONEY Glasgow (Lab),Fiona E HIGGINS Glasgow (Lab),Scott SIMPSON (LD),skipped,skipped,skipped,skipped,skipped,skipped,skipped,,10
5243,Robert JH MOONEY Glasgow (Lab),Fiona E HIGGINS Glasgow (Lab),Scott SIMPSON (LD),skipped,skipped,skipped,skipped,skipped,skipped,skipped,,10
5244,Robert JH MOONEY Glasgow (Lab),Fiona E HIGGINS Glasgow (Lab),Scott SIMPSON (LD),skipped,skipped,skipped,skipped,skipped,skipped,skipped,,10
5245,Robert JH MOONEY Glasgow (Lab),Fiona E HIGGINS Glasgow (Lab),Scott SIMPSON (LD),skipped,skipped,skipped,skipped,skipped,skipped,skipped,,10
5246,Robert JH MOONEY Glasgow (Lab),Fiona E HIGGINS Glasgow (Lab),Scott SIMPSON (LD),skipped,skipped,skipped,skipped,skipped,skipped,skipped,,10
5247,Robert JH MOONEY Glasgow (Lab),Fiona E HIGGINS Glasgow (Lab),Scott SIMPSON (LD),Seonad Mairi HOY (Grn),skipped,skipped,skipped,skipped,skipped,skipped,,10
5248,Robert JH MOONEY Glasgow (Lab),Fiona E HIGGINS Glasgow (Lab),Scott SIMPSON (LD),Seonad Mairi HOY (Grn),skipped,skipped,skipped,skipped,skipped,skipped,,10
5249,Robert JH MOONEY Glasgow (Lab),Fiona E HIGGINS Glasgow (Lab),Scott SIMPSON (LD),Seonad Mairi HOY (Grn),skipped,skipped,skipped,skipped,skipped,skipped,,10
5250,Robert JH MOONEY Glasgow (Lab),Fiona E HIGGINS Glasgow (Lab),Scott SIMPSON (LD),Seonad Mairi HOY (Grn),Brian LAND (Ind),skipped,skipped,skipped,skipped,skipped,,10
5251,Robert JH MOONEY Glasgow (Lab),Fiona E HIGGINS Glasgow (Lab),Scott SIMPSON (LD),Seonad Mairi HOY (Grn),Brian LAND (Ind),Allan GOW (SNP),Jacqueline MCLAREN (SNP),skipped,skipped,skipped,,10
5252,Robert JH MOONEY Glasgow (Lab),Fiona E HIGGINS Glasgow (Lab),Scott SIMPSON (LD),Seonad Mairi HOY (Grn),Maria WELLS (Con),Sandra WATSON (SNP),Jacqueline MCLAREN (SNP),skipped,skipped,skipped,,10
5253,Robert JH MOONEY Glasgow (Lab),Fiona E HIGGINS Glasgow (Lab),Scott SIMPSON (LD),Seonad Mairi HOY (Grn),Allan GOW (SNP),Jacqueline MCLAREN (SNP),Sandra WATSON (SNP),skipped,skipped,skipped,,10
5254,Robert JH MOONEY Glasgow (Lab),Fiona E HIGGINS Glasgow (Lab),Scott SIMPSON (LD),Martin Lawson OLU-OSAGIE (Alba),skipped,skipped,skipped,skipped,skipped,skipped,,10
5255,Robert JH MOONEY Glasgow (Lab),Fiona E HIGGINS Glasgow (Lab),Scott SIMPSON (LD),Brian LAND (Ind),Maria WELLS (Con),Seonad Mairi HOY (Grn),Martin Lawson OLU-OSAGIE (Alba),skipped,skipped,skipped,,10
5256,Robert JH MOONEY Glasgow (Lab),Fiona E HIGGINS Glasgow (Lab),Scott SIMPSON (LD),Maria WELLS (Con),skipped,skipped,skipped,skipped,skipped,skipped,,10
5257,Robert JH MOONEY Glasgow (Lab),Fiona E HIGGINS Glasgow (Lab),Scott SIMPSON (LD),Maria WELLS (Con),skipped,skipped,skipped,skipped,skipped,skipped,,10
5258,Robert JH MOONEY Glasgow (Lab),Fiona E HIGGINS Glasgow (Lab),Scott SIMPSON (LD),Maria WELLS (Con),skipped,skipped,skipped,skipped,skipped,skipped,,10
5259,Robert JH MOONEY Glasgow (Lab),Fiona E HIGGINS Glasgow (Lab),Scott SIMPSON (LD),Maria WELLS (Con),skipped,skipped,skipped,skipped,skipped,skipped,,10
5260,Robert JH MOONEY Glasgow (Lab),Fiona E HIGGINS Glasgow (Lab),Scott SIMPSON (LD),Maria WELLS (Con),skipped,skipped,skipped,skipped,skipped,skipped,,10
5261,Robert JH MOONEY Glasgow (Lab),Fiona E HIGGINS Glasgow (Lab),Scott SIMPSON (LD),Maria WELLS (Con),skipped,skipped,skipped,skipped,skipped,skipped,,10
5262,Robert JH MOONEY Glasgow (Lab),Fiona E HIGGINS Glasgow (Lab),Scott SIMPSON (LD),Maria WELLS (Con),skipped,skipped,skipped,skipped,skipped,skipped,,10
5263,Robert JH MOONEY Glasgow (Lab),Fiona E HIGGINS Glasgow (Lab),Scott SIMPSON (LD),Maria WELLS (Con),skipped,skipped,skipped,skipped,skipped,skipped,,10
5264,Robert JH MOONEY Glasgow (Lab),Fiona E HIGGINS Glasgow (Lab),Scott SIMPSON (LD),Maria WELLS (Con),skipped,skipped,skipped,skipped,skipped,skipped,,10
5265,Robert JH MOONEY Glasgow (Lab),Fiona E HIGGINS Glasgow (Lab),Scott SIMPSON (LD),Maria WELLS (Con),skipped,skipped,skipped,skipped,skipped,skipped,,10
5266,Robert JH MOONEY Glasgow (Lab),Fiona E HIGGINS Glasgow (Lab),Scott SIMPSON (LD),Maria WELLS (Con),skipped,skipped,skipped,skipped,skipped,skipped,,10
5267,Robert JH MOONEY Glasgow (Lab),Fiona E HIGGINS Glasgow (Lab),Scott SIMPSON (LD),Maria WELLS (Con),skipped,skipped,skipped,skipped,skipped,skipped,,10
5268,Robert JH MOONEY Glasgow (Lab),Fiona E HIGGINS Glasgow (Lab),Scott SIMPSON (LD),Maria WELLS (Con),skipped,skipped,skipped,skipped,skipped,skipped,,10
5269,Robert JH MOONEY Glasgow (Lab),Fiona E HIGGINS Glasgow (Lab),Scott SIMPSON (LD),Maria WELLS (Con),Brian LAND (Ind),Seonad Mairi HOY (Grn),Martin Lawson OLU-OSAGIE (Alba),skipped,skipped,skipped,,10
5270,Robert JH MOONEY Glasgow (Lab),Fiona E HIGGINS Glasgow (Lab),Scott SIMPSON (LD),Jacqueline MCLAREN (SNP),skipped,skipped,skipped,skipped,skipped,skipped,,10
5271,Robert JH MOONEY Glasgow (Lab),Fiona E HIGGINS Glasgow (Lab),Brian LAND (Ind),skipped,skipped,skipped,skipped,skipped,skipped,skipped,,10
5272,Robert JH MOONEY Glasgow (Lab),Fiona E HIGGINS Glasgow (Lab),Brian LAND (Ind),skipped,skipped,skipped,skipped,skipped,skipped,skipped,,10
5273,Robert JH MOONEY Glasgow (Lab),Fiona E HIGGINS Glasgow (Lab),Brian LAND (Ind),skipped,skipped,skipped,skipped,skipped,skipped,skipped,,10
5274,Robert JH MOONEY Glasgow (Lab),Fiona E HIGGINS Glasgow (Lab),Brian LAND (Ind),skipped,skipped,skipped,skipped,skipped,skipped,skipped,,10
5275,Robert JH MOONEY Glasgow (Lab),Fiona E HIGGINS Glasgow (Lab),Brian LAND (Ind),skipped,skipped,skipped,skipped,skipped,skipped,skipped,,10
5276,Robert JH MOONEY Glasgow (Lab),Fiona E HIGGINS Glasgow (Lab),Brian LAND (Ind),skipped,skipped,skipped,skipped,skipped,skipped,skipped,,10
5277,Robert JH MOONEY Glasgow (Lab),Fiona E HIGGINS Glasgow (Lab),Brian LAND (Ind),skipped,skipped,skipped,skipped,skipped,skipped,skipped,,10
5278,Robert JH MOONEY Glasgow (Lab),Fiona E HIGGINS Glasgow (Lab),Brian LAND (Ind),skipped,skipped,skipped,skipped,skipped,skipped,skipped,,10
5279,Robert JH MOONEY Glasgow (Lab),Fiona E HIGGINS Glasgow (Lab),Brian LAND (Ind),skipped,skipped,skipped,skipped,skipped,skipped,skipped,,10
5280,Robert JH MOONEY Glasgow (Lab),Fiona E HIGGINS Glasgow (Lab),Brian LAND (Ind),skipped,skipped,skipped,skipped,skipped,skipped,skipped,,10
5281,Robert JH MOONEY Glasgow (Lab),Fiona E HIGGINS Glasgow (Lab),Brian LAND (Ind),skipped,skipped,skipped,skipped,skipped,skipped,skipped,,10
5282,Robert JH MOONEY Glasgow (Lab),Fiona E HIGGINS Glasgow (Lab),Brian LAND (Ind),skipped,skipped,skipped,skipped,skipped,skipped,skipped,,10
5283,Robert JH MOONEY Glasgow (Lab),Fiona E HIGGINS Glasgow (Lab),Brian LAND (Ind),skipped,skipped,skipped,skipped,skipped,skipped,skipped,,10
5284,Robert JH MOONEY Glasgow (Lab),Fiona E HIGGINS Glasgow (Lab),Brian LAND (Ind),skipped,skipped,skipped,skipped,skipped,skipped,skipped,,10
5285,Robert JH MOONEY Glasgow (Lab),Fiona E HIGGINS Glasgow (Lab),Brian LAND (Ind),skipped,skipped,skipped,skipped,skipped,skipped,skipped,,10
5286,Robert JH MOONEY Glasgow (Lab),Fiona E HIGGINS Glasgow (Lab),Brian LAND (Ind),skipped,skipped,skipped,skipped,skipped,skipped,skipped,,10
5287,Robert JH MOONEY Glasgow (Lab),Fiona E HIGGINS Glasgow (Lab),Brian LAND (Ind),skipped,skipped,skipped,skipped,skipped,skipped,skipped,,10
5288,Robert JH MOONEY Glasgow (Lab),Fiona E HIGGINS Glasgow (Lab),Brian LAND (Ind),skipped,skipped,skipped,skipped,skipped,skipped,skipped,,10
5289,Robert JH MOONEY Glasgow (Lab),Fiona E HIGGINS Glasgow (Lab),Brian LAND (Ind),skipped,skipped,skipped,skipped,skipped,skipped,skipped,,10
5290,Robert JH MOONEY Glasgow (Lab),Fiona E HIGGINS Glasgow (Lab),Brian LAND (Ind),skipped,skipped,skipped,skipped,skipped,skipped,skipped,,10
5291,Robert JH MOONEY Glasgow (Lab),Fiona E HIGGINS Glasgow (Lab),Brian LAND (Ind),skipped,skipped,skipped,skipped,skipped,skipped,skipped,,10
5292,Robert JH MOONEY Glasgow (Lab),Fiona E HIGGINS Glasgow (Lab),Brian LAND (Ind),skipped,skipped,skipped,skipped,skipped,skipped,skipped,,10
5293,Robert JH MOONEY Glasgow (Lab),Fiona E HIGGINS Glasgow (Lab),Brian LAND (Ind),skipped,skipped,skipped,skipped,skipped,skipped,skipped,,10
5294,Robert JH MOONEY Glasgow (Lab),Fiona E HIGGINS Glasgow (Lab),Brian LAND (Ind),skipped,skipped,skipped,skipped,skipped,skipped,skipped,,10
5295,Robert JH MOONEY Glasgow (Lab),Fiona E HIGGINS Glasgow (Lab),Brian LAND (Ind),skipped,skipped,skipped,skipped,skipped,skipped,skipped,,10
5296,Robert JH MOONEY Glasgow (Lab),Fiona E HIGGINS Glasgow (Lab),Brian LAND (Ind),skipped,skipped,skipped,skipped,skipped,skipped,skipped,,10
5297,Robert JH MOONEY Glasgow (Lab),Fiona E HIGGINS Glasgow (Lab),Brian LAND (Ind),skipped,skipped,skipped,skipped,skipped,skipped,skipped,,10
5298,Robert JH MOONEY Glasgow (Lab),Fiona E HIGGINS Glasgow (Lab),Brian LAND (Ind),skipped,skipped,skipped,skipped,skipped,skipped,skipped,,10
5299,Robert JH MOONEY Glasgow (Lab),Fiona E HIGGINS Glasgow (Lab),Brian LAND (Ind),skipped,skipped,skipped,skipped,skipped,skipped,skipped,,10
5300,Robert JH MOONEY Glasgow (Lab),Fiona E HIGGINS Glasgow (Lab),Brian LAND (Ind),skipped,skipped,skipped,skipped,skipped,skipped,skipped,,10
5301,Robert JH MOONEY Glasgow (Lab),Fiona E HIGGINS Glasgow (Lab),Brian LAND (Ind),skipped,skipped,skipped,skipped,skipped,skipped,skipped,,10
5302,Robert JH MOONEY Glasgow (Lab),Fiona E HIGGINS Glasgow (Lab),Brian LAND (Ind),skipped,skipped,skipped,skipped,skipped,skipped,skipped,,10
5303,Robert JH MOONEY Glasgow (Lab),Fiona E HIGGINS Glasgow (Lab),Brian LAND (Ind),skipped,skipped,skipped,skipped,skipped,skipped,skipped,,10
5304,Robert JH MOONEY Glasgow (Lab),Fiona E HIGGINS Glasgow (Lab),Brian LAND (Ind),skipped,skipped,skipped,skipped,skipped,skipped,skipped,,10
5305,Robert JH MOONEY Glasgow (Lab),Fiona E HIGGINS Glasgow (Lab),Brian LAND (Ind),skipped,skipped,skipped,skipped,skipped,skipped,skipped,,10
5306,Robert JH MOONEY Glasgow (Lab),Fiona E HIGGINS Glasgow (Lab),Brian LAND (Ind),skipped,skipped,skipped,skipped,skipped,skipped,skipped,,10
5307,Robert JH MOONEY Glasgow (Lab),Fiona E HIGGINS Glasgow (Lab),Brian LAND (Ind),skipped,skipped,skipped,skipped,skipped,skipped,skipped,,10
5308,Robert JH MOONEY Glasgow (Lab),Fiona E HIGGINS Glasgow (Lab),Brian LAND (Ind),skipped,skipped,skipped,skipped,skipped,skipped,skipped,,10
5309,Robert JH MOONEY Glasgow (Lab),Fiona E HIGGINS Glasgow (Lab),Brian LAND (Ind),skipped,skipped,skipped,skipped,skipped,skipped,skipped,,10
5310,Robert JH MOONEY Glasgow (Lab),Fiona E HIGGINS Glasgow (Lab),Brian LAND (Ind),skipped,skipped,skipped,skipped,skipped,skipped,skipped,,10
5311,Robert JH MOONEY Glasgow (Lab),Fiona E HIGGINS Glasgow (Lab),Brian LAND (Ind),skipped,skipped,skipped,skipped,skipped,skipped,skipped,,10
5312,Robert JH MOONEY Glasgow (Lab),Fiona E HIGGINS Glasgow (Lab),Brian LAND (Ind),skipped,skipped,skipped,skipped,skipped,skipped,skipped,,10
5313,Robert JH MOONEY Glasgow (Lab),Fiona E HIGGINS Glasgow (Lab),Brian LAND (Ind),skipped,skipped,skipped,skipped,skipped,skipped,skipped,,10
5314,Robert JH MOONEY Glasgow (Lab),Fiona E HIGGINS Glasgow (Lab),Brian LAND (Ind),skipped,skipped,skipped,skipped,skipped,skipped,skipped,,10
5315,Robert JH MOONEY Glasgow (Lab),Fiona E HIGGINS Glasgow (Lab),Brian LAND (Ind),skipped,skipped,skipped,skipped,skipped,skipped,skipped,,10
5316,Robert JH MOONEY Glasgow (Lab),Fiona E HIGGINS Glasgow (Lab),Brian LAND (Ind),skipped,skipped,skipped,skipped,skipped,skipped,skipped,,10
5317,Robert JH MOONEY Glasgow (Lab),Fiona E HIGGINS Glasgow (Lab),Brian LAND (Ind),skipped,skipped,skipped,skipped,skipped,skipped,skipped,,10
5318,Robert JH MOONEY Glasgow (Lab),Fiona E HIGGINS Glasgow (Lab),Brian LAND (Ind),Seonad Mairi HOY (Grn),skipped,skipped,skipped,skipped,skipped,skipped,,10
5319,Robert JH MOONEY Glasgow (Lab),Fiona E HIGGINS Glasgow (Lab),Brian LAND (Ind),Seonad Mairi HOY (Grn),skipped,skipped,skipped,skipped,skipped,skipped,,10
5320,Robert JH MOONEY Glasgow (Lab),Fiona E HIGGINS Glasgow (Lab),Brian LAND (Ind),Seonad Mairi HOY (Grn),skipped,skipped,skipped,skipped,skipped,skipped,,10
5321,Robert JH MOONEY Glasgow (Lab),Fiona E HIGGINS Glasgow (Lab),Brian LAND (Ind),Seonad Mairi HOY (Grn),Scott SIMPSON (LD),Martin Lawson OLU-OSAGIE (Alba),Allan GOW (SNP),skipped,skipped,skipped,,10
5322,Robert JH MOONEY Glasgow (Lab),Fiona E HIGGINS Glasgow (Lab),Brian LAND (Ind),Seonad Mairi HOY (Grn),Scott SIMPSON (LD),Maria WELLS (Con),Martin Lawson OLU-OSAGIE (Alba),skipped,skipped,skipped,,10
5323,Robert JH MOONEY Glasgow (Lab),Fiona E HIGGINS Glasgow (Lab),Brian LAND (Ind),Martin Lawson OLU-OSAGIE (Alba),skipped,skipped,skipped,skipped,skipped,skipped,,10
5324,Robert JH MOONEY Glasgow (Lab),Fiona E HIGGINS Glasgow (Lab),Brian LAND (Ind),Martin Lawson OLU-OSAGIE (Alba),skipped,skipped,skipped,skipped,skipped,skipped,,10
5325,Robert JH MOONEY Glasgow (Lab),Fiona E HIGGINS Glasgow (Lab),Brian LAND (Ind),Martin Lawson OLU-OSAGIE (Alba),skipped,skipped,skipped,skipped,skipped,skipped,,10
5326,Robert JH MOONEY Glasgow (Lab),Fiona E HIGGINS Glasgow (Lab),Brian LAND (Ind),Martin Lawson OLU-OSAGIE (Alba),Maria WELLS (Con),Scott SIMPSON (LD),skipped,skipped,skipped,skipped,,10
5327,Robert JH MOONEY Glasgow (Lab),Fiona E HIGGINS Glasgow (Lab),Brian LAND (Ind),Martin Lawson OLU-OSAGIE (Alba),Allan GOW (SNP),Jacqueline MCLAREN (SNP),Sandra WATSON (SNP),skipped,skipped,skipped,,10
5328,Robert JH MOONEY Glasgow (Lab),Fiona E HIGGINS Glasgow (Lab),Brian LAND (Ind),Scott SIMPSON (LD),skipped,skipped,skipped,skipped,skipped,skipped,,10
5329,Robert JH MOONEY Glasgow (Lab),Fiona E HIGGINS Glasgow (Lab),Brian LAND (Ind),Scott SIMPSON (LD),skipped,skipped,skipped,skipped,skipped,skipped,,10
5330,Robert JH MOONEY Glasgow (Lab),Fiona E HIGGINS Glasgow (Lab),Brian LAND (Ind),Scott SIMPSON (LD),skipped,skipped,skipped,skipped,skipped,skipped,,10
5331,Robert JH MOONEY Glasgow (Lab),Fiona E HIGGINS Glasgow (Lab),Brian LAND (Ind),Scott SIMPSON (LD),skipped,skipped,skipped,skipped,skipped,skipped,,10
5332,Robert JH MOONEY Glasgow (Lab),Fiona E HIGGINS Glasgow (Lab),Brian LAND (Ind),Scott SIMPSON (LD),skipped,skipped,skipped,skipped,skipped,skipped,,10
5333,Robert JH MOONEY Glasgow (Lab),Fiona E HIGGINS Glasgow (Lab),Brian LAND (Ind),Scott SIMPSON (LD),Seonad Mairi HOY (Grn),skipped,skipped,skipped,skipped,skipped,,10
5334,Robert JH MOONEY Glasgow (Lab),Fiona E HIGGINS Glasgow (Lab),Brian LAND (Ind),Scott SIMPSON (LD),Seonad Mairi HOY (Grn),skipped,skipped,skipped,skipped,skipped,,10
5335,Robert JH MOONEY Glasgow (Lab),Fiona E HIGGINS Glasgow (Lab),Brian LAND (Ind),Scott SIMPSON (LD),Maria WELLS (Con),skipped,skipped,skipped,skipped,skipped,,10
5336,Robert JH MOONEY Glasgow (Lab),Fiona E HIGGINS Glasgow (Lab),Brian LAND (Ind),Scott SIMPSON (LD),Maria WELLS (Con),skipped,skipped,skipped,skipped,skipped,,10
5337,Robert JH MOONEY Glasgow (Lab),Fiona E HIGGINS Glasgow (Lab),Brian LAND (Ind),Scott SIMPSON (LD),Jacqueline MCLAREN (SNP),Seonad Mairi HOY (Grn),Allan GOW (SNP),skipped,skipped,skipped,,10
5338,Robert JH MOONEY Glasgow (Lab),Fiona E HIGGINS Glasgow (Lab),Brian LAND (Ind),Maria WELLS (Con),skipped,skipped,skipped,skipped,skipped,skipped,,10
5339,Robert JH MOONEY Glasgow (Lab),Fiona E HIGGINS Glasgow (Lab),Brian LAND (Ind),Maria WELLS (Con),Martin Lawson OLU-OSAGIE (Alba),Sandra WATSON (SNP),Scott SIMPSON (LD),skipped,skipped,skipped,,10
5340,Robert JH MOONEY Glasgow (Lab),Fiona E HIGGINS Glasgow (Lab),Brian LAND (Ind),Maria WELLS (Con),Scott SIMPSON (LD),skipped,skipped,skipped,skipped,skipped,,10
5341,Robert JH MOONEY Glasgow (Lab),Fiona E HIGGINS Glasgow (Lab),Brian LAND (Ind),Maria WELLS (Con),Scott SIMPSON (LD),Seonad Mairi HOY (Grn),Allan GOW (SNP),skipped,skipped,skipped,,10
5342,Robert JH MOONEY Glasgow (Lab),Fiona E HIGGINS Glasgow (Lab),Brian LAND (Ind),Maria WELLS (Con),Scott SIMPSON (LD),Seonad Mairi HOY (Grn),Sandra WATSON (SNP),skipped,skipped,skipped,,10
5343,Robert JH MOONEY Glasgow (Lab),Fiona E HIGGINS Glasgow (Lab),Brian LAND (Ind),Maria WELLS (Con),Scott SIMPSON (LD),Martin Lawson OLU-OSAGIE (Alba),Seonad Mairi HOY (Grn),skipped,skipped,skipped,,10
5344,Robert JH MOONEY Glasgow (Lab),Fiona E HIGGINS Glasgow (Lab),Brian LAND (Ind),Allan GOW (SNP),Sandra WATSON (SNP),Scott SIMPSON (LD),Seonad Mairi HOY (Grn),skipped,skipped,skipped,,10
5345,Robert JH MOONEY Glasgow (Lab),Fiona E HIGGINS Glasgow (Lab),Brian LAND (Ind),Jacqueline MCLAREN (SNP),Allan GOW (SNP),skipped,skipped,skipped,skipped,skipped,,10
5346,Robert JH MOONEY Glasgow (Lab),Fiona E HIGGINS Glasgow (Lab),Maria WELLS (Con),skipped,skipped,skipped,skipped,skipped,skipped,skipped,,10
5347,Robert JH MOONEY Glasgow (Lab),Fiona E HIGGINS Glasgow (Lab),Maria WELLS (Con),skipped,skipped,skipped,skipped,skipped,skipped,skipped,,10
5348,Robert JH MOONEY Glasgow (Lab),Fiona E HIGGINS Glasgow (Lab),Maria WELLS (Con),skipped,skipped,skipped,skipped,skipped,skipped,skipped,,10
5349,Robert JH MOONEY Glasgow (Lab),Fiona E HIGGINS Glasgow (Lab),Maria WELLS (Con),skipped,skipped,skipped,skipped,skipped,skipped,skipped,,10
5350,Robert JH MOONEY Glasgow (Lab),Fiona E HIGGINS Glasgow (Lab),Maria WELLS (Con),skipped,skipped,skipped,skipped,skipped,skipped,skipped,,10
5351,Robert JH MOONEY Glasgow (Lab),Fiona E HIGGINS Glasgow (Lab),Maria WELLS (Con),skipped,skipped,skipped,skipped,skipped,skipped,skipped,,10
5352,Robert JH MOONEY Glasgow (Lab),Fiona E HIGGINS Glasgow (Lab),Maria WELLS (Con),skipped,skipped,skipped,skipped,skipped,skipped,skipped,,10
5353,Robert JH MOONEY Glasgow (Lab),Fiona E HIGGINS Glasgow (Lab),Maria WELLS (Con),skipped,skipped,skipped,skipped,skipped,skipped,skipped,,10
5354,Robert JH MOONEY Glasgow (Lab),Fiona E HIGGINS Glasgow (Lab),Maria WELLS (Con),skipped,skipped,skipped,skipped,skipped,skipped,skipped,,10
5355,Robert JH MOONEY Glasgow (Lab),Fiona E HIGGINS Glasgow (Lab),Maria WELLS (Con),skipped,skipped,skipped,skipped,skipped,skipped,skipped,,10
5356,Robert JH MOONEY Glasgow (Lab),Fiona E HIGGINS Glasgow (Lab),Maria WELLS (Con),skipped,skipped,skipped,skipped,skipped,skipped,skipped,,10
5357,Robert JH MOONEY Glasgow (Lab),Fiona E HIGGINS Glasgow (Lab),Maria WELLS (Con),skipped,skipped,skipped,skipped,skipped,skipped,skipped,,10
5358,Robert JH MOONEY Glasgow (Lab),Fiona E HIGGINS Glasgow (Lab),Maria WELLS (Con),skipped,skipped,skipped,skipped,skipped,skipped,skipped,,10
5359,Robert JH MOONEY Glasgow (Lab),Fiona E HIGGINS Glasgow (Lab),Maria WELLS (Con),skipped,skipped,skipped,skipped,skipped,skipped,skipped,,10
5360,Robert JH MOONEY Glasgow (Lab),Fiona E HIGGINS Glasgow (Lab),Maria WELLS (Con),skipped,skipped,skipped,skipped,skipped,skipped,skipped,,10
5361,Robert JH MOONEY Glasgow (Lab),Fiona E HIGGINS Glasgow (Lab),Maria WELLS (Con),skipped,skipped,skipped,skipped,skipped,skipped,skipped,,10
5362,Robert JH MOONEY Glasgow (Lab),Fiona E HIGGINS Glasgow (Lab),Maria WELLS (Con),skipped,skipped,skipped,skipped,skipped,skipped,skipped,,10
5363,Robert JH MOONEY Glasgow (Lab),Fiona E HIGGINS Glasgow (Lab),Maria WELLS (Con),skipped,skipped,skipped,skipped,skipped,skipped,skipped,,10
5364,Robert JH MOONEY Glasgow (Lab),Fiona E HIGGINS Glasgow (Lab),Maria WELLS (Con),skipped,skipped,skipped,skipped,skipped,skipped,skipped,,10
5365,Robert JH MOONEY Glasgow (Lab),Fiona E HIGGINS Glasgow (Lab),Maria WELLS (Con),skipped,skipped,skipped,skipped,skipped,skipped,skipped,,10
5366,Robert JH MOONEY Glasgow (Lab),Fiona E HIGGINS Glasgow (Lab),Maria WELLS (Con),skipped,skipped,skipped,skipped,skipped,skipped,skipped,,10
5367,Robert JH MOONEY Glasgow (Lab),Fiona E HIGGINS Glasgow (Lab),Maria WELLS (Con),Seonad Mairi HOY (Grn),skipped,skipped,skipped,skipped,skipped,skipped,,10
5368,Robert JH MOONEY Glasgow (Lab),Fiona E HIGGINS Glasgow (Lab),Maria WELLS (Con),Scott SIMPSON (LD),skipped,skipped,skipped,skipped,skipped,skipped,,10
5369,Robert JH MOONEY Glasgow (Lab),Fiona E HIGGINS Glasgow (Lab),Maria WELLS (Con),Scott SIMPSON (LD),skipped,skipped,skipped,skipped,skipped,skipped,,10
5370,Robert JH MOONEY Glasgow (Lab),Fiona E HIGGINS Glasgow (Lab),Maria WELLS (Con),Scott SIMPSON (LD),skipped,skipped,skipped,skipped,skipped,skipped,,10
5371,Robert JH MOONEY Glasgow (Lab),Fiona E HIGGINS Glasgow (Lab),Maria WELLS (Con),Scott SIMPSON (LD),skipped,skipped,skipped,skipped,skipped,skipped,,10
5372,Robert JH MOONEY Glasgow (Lab),Fiona E HIGGINS Glasgow (Lab),Maria WELLS (Con),Scott SIMPSON (LD),skipped,skipped,skipped,skipped,skipped,skipped,,10
5373,Robert JH MOONEY Glasgow (Lab),Fiona E HIGGINS Glasgow (Lab),Maria WELLS (Con),Scott SIMPSON (LD),skipped,skipped,skipped,skipped,skipped,skipped,,10
5374,Robert JH MOONEY Glasgow (Lab),Fiona E HIGGINS Glasgow (Lab),Maria WELLS (Con),Scott SIMPSON (LD),skipped,skipped,skipped,skipped,skipped,skipped,,10
5375,Robert JH MOONEY Glasgow (Lab),Fiona E HIGGINS Glasgow (Lab),Maria WELLS (Con),Scott SIMPSON (LD),skipped,skipped,skipped,skipped,skipped,skipped,,10
5376,Robert JH MOONEY Glasgow (Lab),Fiona E HIGGINS Glasgow (Lab),Maria WELLS (Con),Scott SIMPSON (LD),skipped,skipped,skipped,skipped,skipped,skipped,,10
5377,Robert JH MOONEY Glasgow (Lab),Fiona E HIGGINS Glasgow (Lab),Maria WELLS (Con),Scott SIMPSON (LD),skipped,skipped,skipped,skipped,skipped,skipped,,10
5378,Robert JH MOONEY Glasgow (Lab),Fiona E HIGGINS Glasgow (Lab),Maria WELLS (Con),Scott SIMPSON (LD),skipped,skipped,skipped,skipped,skipped,skipped,,10
5379,Robert JH MOONEY Glasgow (Lab),Fiona E HIGGINS Glasgow (Lab),Maria WELLS (Con),Scott SIMPSON (LD),skipped,skipped,skipped,skipped,skipped,skipped,,10
5380,Robert JH MOONEY Glasgow (Lab),Fiona E HIGGINS Glasgow (Lab),Maria WELLS (Con),Scott SIMPSON (LD),skipped,skipped,skipped,skipped,skipped,skipped,,10
5381,Robert JH MOONEY Glasgow (Lab),Fiona E HIGGINS Glasgow (Lab),Maria WELLS (Con),Scott SIMPSON (LD),skipped,skipped,skipped,skipped,skipped,skipped,,10
5382,Robert JH MOONEY Glasgow (Lab),Fiona E HIGGINS Glasgow (Lab),Maria WELLS (Con),Scott SIMPSON (LD),skipped,skipped,skipped,skipped,skipped,skipped,,10
5383,Robert JH MOONEY Glasgow (Lab),Fiona E HIGGINS Glasgow (Lab),Maria WELLS (Con),Scott SIMPSON (LD),Seonad Mairi HOY (Grn),skipped,skipped,skipped,skipped,skipped,,10
5384,Robert JH MOONEY Glasgow (Lab),Fiona E HIGGINS Glasgow (Lab),Maria WELLS (Con),Scott SIMPSON (LD),Brian LAND (Ind),skipped,skipped,skipped,skipped,skipped,,10
5385,Robert JH MOONEY Glasgow (Lab),Fiona E HIGGINS Glasgow (Lab),Maria WELLS (Con),Scott SIMPSON (LD),Brian LAND (Ind),skipped,skipped,skipped,skipped,skipped,,10
5386,Robert JH MOONEY Glasgow (Lab),Fiona E HIGGINS Glasgow (Lab),Maria WELLS (Con),Scott SIMPSON (LD),Brian LAND (Ind),skipped,skipped,skipped,skipped,skipped,,10
5387,Robert JH MOONEY Glasgow (Lab),Fiona E HIGGINS Glasgow (Lab),Maria WELLS (Con),Scott SIMPSON (LD),Brian LAND (Ind),skipped,skipped,skipped,skipped,skipped,,10
5388,Robert JH MOONEY Glasgow (Lab),Fiona E HIGGINS Glasgow (Lab),Maria WELLS (Con),Scott SIMPSON (LD),Brian LAND (Ind),skipped,skipped,skipped,skipped,skipped,,10
5389,Robert JH MOONEY Glasgow (Lab),Fiona E HIGGINS Glasgow (Lab),Maria WELLS (Con),Scott SIMPSON (LD),Brian LAND (Ind),skipped,skipped,skipped,skipped,skipped,,10
5390,Robert JH MOONEY Glasgow (Lab),Fiona E HIGGINS Glasgow (Lab),Maria WELLS (Con),Scott SIMPSON (LD),Brian LAND (Ind),Seonad Mairi HOY (Grn),Jacqueline MCLAREN (SNP),skipped,skipped,skipped,,10
5391,Robert JH MOONEY Glasgow (Lab),Fiona E HIGGINS Glasgow (Lab),Maria WELLS (Con),Scott SIMPSON (LD),Jacqueline MCLAREN (SNP),Martin Lawson OLU-OSAGIE (Alba),Brian LAND (Ind),skipped,skipped,skipped,,10
5392,Robert JH MOONEY Glasgow (Lab),Fiona E HIGGINS Glasgow (Lab),Maria WELLS (Con),Brian LAND (Ind),skipped,skipped,skipped,skipped,skipped,skipped,,10
5393,Robert JH MOONEY Glasgow (Lab),Fiona E HIGGINS Glasgow (Lab),Maria WELLS (Con),Brian LAND (Ind),skipped,skipped,skipped,skipped,skipped,skipped,,10
5394,Robert JH MOONEY Glasgow (Lab),Fiona E HIGGINS Glasgow (Lab),Maria WELLS (Con),Brian LAND (Ind),skipped,skipped,skipped,skipped,skipped,skipped,,10
5395,Robert JH MOONEY Glasgow (Lab),Fiona E HIGGINS Glasgow (Lab),Maria WELLS (Con),Brian LAND (Ind),skipped,skipped,skipped,skipped,skipped,skipped,,10
5396,Robert JH MOONEY Glasgow (Lab),Fiona E HIGGINS Glasgow (Lab),Maria WELLS (Con),Brian LAND (Ind),skipped,skipped,skipped,skipped,skipped,skipped,,10
5397,Robert JH MOONEY Glasgow (Lab),Fiona E HIGGINS Glasgow (Lab),Maria WELLS (Con),Brian LAND (Ind),skipped,skipped,skipped,skipped,skipped,skipped,,10
5398,Robert JH MOONEY Glasgow (Lab),Fiona E HIGGINS Glasgow (Lab),Maria WELLS (Con),Brian LAND (Ind),Scott SIMPSON (LD),skipped,skipped,skipped,skipped,skipped,,10
5399,Robert JH MOONEY Glasgow (Lab),Fiona E HIGGINS Glasgow (Lab),Maria WELLS (Con),Brian LAND (Ind),Scott SIMPSON (LD),Sandra WATSON (SNP),Martin Lawson OLU-OSAGIE (Alba),skipped,skipped,skipped,,10
5400,Robert JH MOONEY Glasgow (Lab),Fiona E HIGGINS Glasgow (Lab),Maria WELLS (Con),Allan GOW (SNP),skipped,skipped,skipped,skipped,skipped,skipped,,10
5401,Robert JH MOONEY Glasgow (Lab),Fiona E HIGGINS Glasgow (Lab),Maria WELLS (Con),Allan GOW (SNP),Jacqueline MCLAREN (SNP),Sandra WATSON (SNP),Scott SIMPSON (LD),skipped,skipped,skipped,,10
5402,Robert JH MOONEY Glasgow (Lab),Fiona E HIGGINS Glasgow (Lab),Maria WELLS (Con),Sandra WATSON (SNP),Scott SIMPSON (LD),Martin Lawson OLU-OSAGIE (Alba),Jacqueline MCLAREN (SNP),skipped,skipped,skipped,,10
5403,Robert JH MOONEY Glasgow (Lab),Fiona E HIGGINS Glasgow (Lab),Allan GOW (SNP),skipped,skipped,skipped,skipped,skipped,skipped,skipped,,10
5404,Robert JH MOONEY Glasgow (Lab),Fiona E HIGGINS Glasgow (Lab),Allan GOW (SNP),skipped,skipped,skipped,skipped,skipped,skipped,skipped,,10
5405,Robert JH MOONEY Glasgow (Lab),Fiona E HIGGINS Glasgow (Lab),Allan GOW (SNP),skipped,skipped,skipped,skipped,skipped,skipped,skipped,,10
5406,Robert JH MOONEY Glasgow (Lab),Fiona E HIGGINS Glasgow (Lab),Allan GOW (SNP),skipped,skipped,skipped,skipped,skipped,skipped,skipped,,10
5407,Robert JH MOONEY Glasgow (Lab),Fiona E HIGGINS Glasgow (Lab),Allan GOW (SNP),skipped,skipped,skipped,skipped,skipped,skipped,skipped,,10
5408,Robert JH MOONEY Glasgow (Lab),Fiona E HIGGINS Glasgow (Lab),Allan GOW (SNP),skipped,skipped,skipped,skipped,skipped,skipped,skipped,,10
5409,Robert JH MOONEY Glasgow (Lab),Fiona E HIGGINS Glasgow (Lab),Allan GOW (SNP),skipped,skipped,skipped,skipped,skipped,skipped,skipped,,10
5410,Robert JH MOONEY Glasgow (Lab),Fiona E HIGGINS Glasgow (Lab),Allan GOW (SNP),skipped,skipped,skipped,skipped,skipped,skipped,skipped,,10
5411,Robert JH MOONEY Glasgow (Lab),Fiona E HIGGINS Glasgow (Lab),Allan GOW (SNP),skipped,skipped,skipped,skipped,skipped,skipped,skipped,,10
5412,Robert JH MOONEY Glasgow (Lab),Fiona E HIGGINS Glasgow (Lab),Allan GOW (SNP),skipped,skipped,skipped,skipped,skipped,skipped,skipped,,10
5413,Robert JH MOONEY Glasgow (Lab),Fiona E HIGGINS Glasgow (Lab),Allan GOW (SNP),skipped,skipped,skipped,skipped,skipped,skipped,skipped,,10
5414,Robert JH MOONEY Glasgow (Lab),Fiona E HIGGINS Glasgow (Lab),Allan GOW (SNP),skipped,skipped,skipped,skipped,skipped,skipped,skipped,,10
5415,Robert JH MOONEY Glasgow (Lab),Fiona E HIGGINS Glasgow (Lab),Allan GOW (SNP),Seonad Mairi HOY (Grn),skipped,skipped,skipped,skipped,skipped,skipped,,10
5416,Robert JH MOONEY Glasgow (Lab),Fiona E HIGGINS Glasgow (Lab),Allan GOW (SNP),Seonad Mairi HOY (Grn),skipped,skipped,skipped,skipped,skipped,skipped,,10
5417,Robert JH MOONEY Glasgow (Lab),Fiona E HIGGINS Glasgow (Lab),Allan GOW (SNP),Scott SIMPSON (LD),Jacqueline MCLAREN (SNP),skipped,skipped,skipped,skipped,skipped,,10
5418,Robert JH MOONEY Glasgow (Lab),Fiona E HIGGINS Glasgow (Lab),Allan GOW (SNP),Brian LAND (Ind),skipped,skipped,skipped,skipped,skipped,skipped,,10
5419,Robert JH MOONEY Glasgow (Lab),Fiona E HIGGINS Glasgow (Lab),Allan GOW (SNP),Brian LAND (Ind),skipped,skipped,skipped,skipped,skipped,skipped,,10
5420,Robert JH MOONEY Glasgow (Lab),Fiona E HIGGINS Glasgow (Lab),Allan GOW (SNP),Brian LAND (Ind),Scott SIMPSON (LD),Sandra WATSON (SNP),Seonad Mairi HOY (Grn),skipped,skipped,skipped,,10
5421,Robert JH MOONEY Glasgow (Lab),Fiona E HIGGINS Glasgow (Lab),Allan GOW (SNP),Jacqueline MCLAREN (SNP),skipped,skipped,skipped,skipped,skipped,skipped,,10
5422,Robert JH MOONEY Glasgow (Lab),Fiona E HIGGINS Glasgow (Lab),Allan GOW (SNP),Jacqueline MCLAREN (SNP),skipped,skipped,skipped,skipped,skipped,skipped,,10
5423,Robert JH MOONEY Glasgow (Lab),Fiona E HIGGINS Glasgow (Lab),Allan GOW (SNP),Jacqueline MCLAREN (SNP),skipped,skipped,skipped,skipped,skipped,skipped,,10
5424,Robert JH MOONEY Glasgow (Lab),Fiona E HIGGINS Glasgow (Lab),Allan GOW (SNP),Jacqueline MCLAREN (SNP),skipped,skipped,skipped,skipped,skipped,skipped,,10
5425,Robert JH MOONEY Glasgow (Lab),Fiona E HIGGINS Glasgow (Lab),Allan GOW (SNP),Jacqueline MCLAREN (SNP),skipped,skipped,skipped,skipped,skipped,skipped,,10
5426,Robert JH MOONEY Glasgow (Lab),Fiona E HIGGINS Glasgow (Lab),Allan GOW (SNP),Jacqueline MCLAREN (SNP),Brian LAND (Ind),skipped,skipped,skipped,skipped,skipped,,10
5427,Robert JH MOONEY Glasgow (Lab),Fiona E HIGGINS Glasgow (Lab),Allan GOW (SNP),Jacqueline MCLAREN (SNP),Sandra WATSON (SNP),skipped,skipped,skipped,skipped,skipped,,10
5428,Robert JH MOONEY Glasgow (Lab),Fiona E HIGGINS Glasgow (Lab),Allan GOW (SNP),Jacqueline MCLAREN (SNP),Sandra WATSON (SNP),skipped,skipped,skipped,skipped,skipped,,10
5429,Robert JH MOONEY Glasgow (Lab),Fiona E HIGGINS Glasgow (Lab),Allan GOW (SNP),Jacqueline MCLAREN (SNP),Sandra WATSON (SNP),Seonad Mairi HOY (Grn),Scott SIMPSON (LD),skipped,skipped,skipped,,10
5430,Robert JH MOONEY Glasgow (Lab),Fiona E HIGGINS Glasgow (Lab),Allan GOW (SNP),Jacqueline MCLAREN (SNP),Sandra WATSON (SNP),Scott SIMPSON (LD),skipped,skipped,skipped,skipped,,10
5431,Robert JH MOONEY Glasgow (Lab),Fiona E HIGGINS Glasgow (Lab),Allan GOW (SNP),Sandra WATSON (SNP),skipped,skipped,skipped,skipped,skipped,skipped,,10
5432,Robert JH MOONEY Glasgow (Lab),Fiona E HIGGINS Glasgow (Lab),Allan GOW (SNP),Sandra WATSON (SNP),skipped,skipped,skipped,skipped,skipped,skipped,,10
5433,Robert JH MOONEY Glasgow (Lab),Fiona E HIGGINS Glasgow (Lab),Allan GOW (SNP),Sandra WATSON (SNP),skipped,skipped,skipped,skipped,skipped,skipped,,10
5434,Robert JH MOONEY Glasgow (Lab),Fiona E HIGGINS Glasgow (Lab),Allan GOW (SNP),Sandra WATSON (SNP),Seonad Mairi HOY (Grn),Jacqueline MCLAREN (SNP),Brian LAND (Ind),skipped,skipped,skipped,,10
5435,Robert JH MOONEY Glasgow (Lab),Fiona E HIGGINS Glasgow (Lab),Allan GOW (SNP),Sandra WATSON (SNP),Jacqueline MCLAREN (SNP),Seonad Mairi HOY (Grn),skipped,skipped,skipped,skipped,,10
5436,Robert JH MOONEY Glasgow (Lab),Fiona E HIGGINS Glasgow (Lab),Allan GOW (SNP),Sandra WATSON (SNP),Jacqueline MCLAREN (SNP),Brian LAND (Ind),Scott SIMPSON (LD),skipped,skipped,skipped,,10
5437,Robert JH MOONEY Glasgow (Lab),Fiona E HIGGINS Glasgow (Lab),Jacqueline MCLAREN (SNP),skipped,skipped,skipped,skipped,skipped,skipped,skipped,,10
5438,Robert JH MOONEY Glasgow (Lab),Fiona E HIGGINS Glasgow (Lab),Jacqueline MCLAREN (SNP),skipped,skipped,skipped,skipped,skipped,skipped,skipped,,10
5439,Robert JH MOONEY Glasgow (Lab),Fiona E HIGGINS Glasgow (Lab),Jacqueline MCLAREN (SNP),skipped,skipped,skipped,skipped,skipped,skipped,skipped,,10
5440,Robert JH MOONEY Glasgow (Lab),Fiona E HIGGINS Glasgow (Lab),Jacqueline MCLAREN (SNP),skipped,skipped,skipped,skipped,skipped,skipped,skipped,,10
5441,Robert JH MOONEY Glasgow (Lab),Fiona E HIGGINS Glasgow (Lab),Jacqueline MCLAREN (SNP),skipped,skipped,skipped,skipped,skipped,skipped,skipped,,10
5442,Robert JH MOONEY Glasgow (Lab),Fiona E HIGGINS Glasgow (Lab),Jacqueline MCLAREN (SNP),Scott SIMPSON (LD),skipped,skipped,skipped,skipped,skipped,skipped,,10
5443,Robert JH MOONEY Glasgow (Lab),Fiona E HIGGINS Glasgow (Lab),Jacqueline MCLAREN (SNP),Scott SIMPSON (LD),Allan GOW (SNP),skipped,skipped,skipped,skipped,skipped,,10
5444,Robert JH MOONEY Glasgow (Lab),Fiona E HIGGINS Glasgow (Lab),Jacqueline MCLAREN (SNP),Allan GOW (SNP),skipped,skipped,skipped,skipped,skipped,skipped,,10
5445,Robert JH MOONEY Glasgow (Lab),Fiona E HIGGINS Glasgow (Lab),Jacqueline MCLAREN (SNP),Allan GOW (SNP),Seonad Mairi HOY (Grn),Scott SIMPSON (LD),Sandra WATSON (SNP),skipped,skipped,skipped,,10
5446,Robert JH MOONEY Glasgow (Lab),Fiona E HIGGINS Glasgow (Lab),Jacqueline MCLAREN (SNP),Allan GOW (SNP),Seonad Mairi HOY (Grn),Brian LAND (Ind),Scott SIMPSON (LD),skipped,skipped,skipped,,10
5447,Robert JH MOONEY Glasgow (Lab),Fiona E HIGGINS Glasgow (Lab),Jacqueline MCLAREN (SNP),Allan GOW (SNP),Sandra WATSON (SNP),skipped,skipped,skipped,skipped,skipped,,10
5448,Robert JH MOONEY Glasgow (Lab),Fiona E HIGGINS Glasgow (Lab),Jacqueline MCLAREN (SNP),Sandra WATSON (SNP),Allan GOW (SNP),skipped,skipped,skipped,skipped,skipped,,10
5449,Robert JH MOONEY Glasgow (Lab),Fiona E HIGGINS Glasgow (Lab),Sandra WATSON (SNP),skipped,skipped,skipped,skipped,skipped,skipped,skipped,,10
5450,Robert JH MOONEY Glasgow (Lab),Fiona E HIGGINS Glasgow (Lab),Sandra WATSON (SNP),skipped,skipped,skipped,skipped,skipped,skipped,skipped,,10
5451,Robert JH MOONEY Glasgow (Lab),Fiona E HIGGINS Glasgow (Lab),Sandra WATSON (SNP),skipped,skipped,skipped,skipped,skipped,skipped,skipped,,10
5452,Robert JH MOONEY Glasgow (Lab),Fiona E HIGGINS Glasgow (Lab),Sandra WATSON (SNP),skipped,skipped,skipped,skipped,skipped,skipped,skipped,,10
5453,Robert JH MOONEY Glasgow (Lab),Fiona E HIGGINS Glasgow (Lab),Sandra WATSON (SNP),skipped,skipped,skipped,skipped,skipped,skipped,skipped,,10
5454,Robert JH MOONEY Glasgow (Lab),Fiona E HIGGINS Glasgow (Lab),Sandra WATSON (SNP),skipped,skipped,skipped,skipped,skipped,skipped,skipped,,10
5455,Robert JH MOONEY Glasgow (Lab),Fiona E HIGGINS Glasgow (Lab),Sandra WATSON (SNP),Allan GOW (SNP),skipped,skipped,skipped,skipped,skipped,skipped,,10
5456,Robert JH MOONEY Glasgow (Lab),Fiona E HIGGINS Glasgow (Lab),Sandra WATSON (SNP),Allan GOW (SNP),Jacqueline MCLAREN (SNP),skipped,skipped,skipped,skipped,skipped,,10
5457,Robert JH MOONEY Glasgow (Lab),Fiona E HIGGINS Glasgow (Lab),Sandra WATSON (SNP),Allan GOW (SNP),Jacqueline MCLAREN (SNP),Seonad Mairi HOY (Grn),Martin Lawson OLU-OSAGIE (Alba),skipped,skipped,skipped,,10
5458,Robert JH MOONEY Glasgow (Lab),Fiona E HIGGINS Glasgow (Lab),Sandra WATSON (SNP),Allan GOW (SNP),Jacqueline MCLAREN (SNP),Scott SIMPSON (LD),Seonad Mairi HOY (Grn),skipped,skipped,skipped,,10
5459,Robert JH MOONEY Glasgow (Lab),Fiona E HIGGINS Glasgow (Lab),Sandra WATSON (SNP),Jacqueline MCLAREN (SNP),Allan GOW (SNP),Seonad Mairi HOY (Grn),Scott SIMPSON (LD),skipped,skipped,skipped,,10
5460,Robert JH MOONEY Glasgow (Lab),Fiona E HIGGINS Glasgow (Lab),Sandra WATSON (SNP),Jacqueline MCLAREN (SNP),Allan GOW (SNP),Scott SIMPSON (LD),Seonad Mairi HOY (Grn),skipped,skipped,skipped,,10
5461,Robert JH MOONEY Glasgow (Lab),Martin Lawson OLU-OSAGIE (Alba),skipped,skipped,skipped,skipped,skipped,skipped,skipped,skipped,,10
5462,Robert JH MOONEY Glasgow (Lab),Martin Lawson OLU-OSAGIE (Alba),skipped,skipped,skipped,skipped,skipped,skipped,skipped,skipped,,10
5463,Robert JH MOONEY Glasgow (Lab),Martin Lawson OLU-OSAGIE (Alba),Seonad Mairi HOY (Grn),skipped,skipped,skipped,skipped,skipped,skipped,skipped,,10
5464,Robert JH MOONEY Glasgow (Lab),Martin Lawson OLU-OSAGIE (Alba),Brian LAND (Ind),skipped,skipped,skipped,skipped,skipped,skipped,skipped,,10
5465,Robert JH MOONEY Glasgow (Lab),Martin Lawson OLU-OSAGIE (Alba),Allan GOW (SNP),skipped,skipped,skipped,skipped,skipped,skipped,skipped,,10
5466,Robert JH MOONEY Glasgow (Lab),Scott SIMPSON (LD),skipped,skipped,skipped,skipped,skipped,skipped,skipped,skipped,,10
5467,Robert JH MOONEY Glasgow (Lab),Scott SIMPSON (LD),Seonad Mairi HOY (Grn),Brian LAND (Ind),skipped,skipped,skipped,skipped,skipped,skipped,,10
5468,Robert JH MOONEY Glasgow (Lab),Scott SIMPSON (LD),Fiona E HIGGINS Glasgow (Lab),skipped,skipped,skipped,skipped,skipped,skipped,skipped,,10
5469,Robert JH MOONEY Glasgow (Lab),Scott SIMPSON (LD),Fiona E HIGGINS Glasgow (Lab),skipped,skipped,skipped,skipped,skipped,skipped,skipped,,10
5470,Robert JH MOONEY Glasgow (Lab),Scott SIMPSON (LD),Fiona E HIGGINS Glasgow (Lab),skipped,skipped,skipped,skipped,skipped,skipped,skipped,,10
5471,Robert JH MOONEY Glasgow (Lab),Scott SIMPSON (LD),Fiona E HIGGINS Glasgow (Lab),skipped,skipped,skipped,skipped,skipped,skipped,skipped,,10
5472,Robert JH MOONEY Glasgow (Lab),Scott SIMPSON (LD),Fiona E HIGGINS Glasgow (Lab),Maria WELLS (Con),skipped,skipped,skipped,skipped,skipped,skipped,,10
5473,Robert JH MOONEY Glasgow (Lab),Scott SIMPSON (LD),Brian LAND (Ind),Sandra WATSON (SNP),Maria WELLS (Con),Fiona E HIGGINS Glasgow (Lab),Seonad Mairi HOY (Grn),skipped,skipped,skipped,,10
5474,Robert JH MOONEY Glasgow (Lab),Scott SIMPSON (LD),Maria WELLS (Con),skipped,skipped,skipped,skipped,skipped,skipped,skipped,,10
5475,Robert JH MOONEY Glasgow (Lab),Scott SIMPSON (LD),Maria WELLS (Con),skipped,skipped,skipped,skipped,skipped,skipped,skipped,,10
5476,Robert JH MOONEY Glasgow (Lab),Scott SIMPSON (LD),Maria WELLS (Con),Brian LAND (Ind),skipped,skipped,skipped,skipped,skipped,skipped,,10
5477,Robert JH MOONEY Glasgow (Lab),Scott SIMPSON (LD),Allan GOW (SNP),skipped,skipped,skipped,skipped,skipped,skipped,skipped,,10
5478,Robert JH MOONEY Glasgow (Lab),Brian LAND (Ind),skipped,skipped,skipped,skipped,skipped,skipped,skipped,skipped,,10
5479,Robert JH MOONEY Glasgow (Lab),Brian LAND (Ind),skipped,skipped,skipped,skipped,skipped,skipped,skipped,skipped,,10
5480,Robert JH MOONEY Glasgow (Lab),Brian LAND (Ind),skipped,skipped,skipped,skipped,skipped,skipped,skipped,skipped,,10
5481,Robert JH MOONEY Glasgow (Lab),Brian LAND (Ind),skipped,skipped,skipped,skipped,skipped,skipped,skipped,skipped,,10
5482,Robert JH MOONEY Glasgow (Lab),Brian LAND (Ind),skipped,skipped,skipped,skipped,skipped,skipped,skipped,skipped,,10
5483,Robert JH MOONEY Glasgow (Lab),Brian LAND (Ind),skipped,skipped,skipped,skipped,skipped,skipped,skipped,skipped,,10
5484,Robert JH MOONEY Glasgow (Lab),Brian LAND (Ind),skipped,skipped,skipped,skipped,skipped,skipped,skipped,skipped,,10
5485,Robert JH MOONEY Glasgow (Lab),Brian LAND (Ind),skipped,skipped,skipped,skipped,skipped,skipped,skipped,skipped,,10
5486,Robert JH MOONEY Glasgow (Lab),Brian LAND (Ind),Fiona E HIGGINS Glasgow (Lab),skipped,skipped,skipped,skipped,skipped,skipped,skipped,,10
5487,Robert JH MOONEY Glasgow (Lab),Brian LAND (Ind),Fiona E HIGGINS Glasgow (Lab),skipped,skipped,skipped,skipped,skipped,skipped,skipped,,10
5488,Robert JH MOONEY Glasgow (Lab),Brian LAND (Ind),Fiona E HIGGINS Glasgow (Lab),skipped,skipped,skipped,skipped,skipped,skipped,skipped,,10
5489,Robert JH MOONEY Glasgow (Lab),Brian LAND (Ind),Fiona E HIGGINS Glasgow (Lab),skipped,skipped,skipped,skipped,skipped,skipped,skipped,,10
5490,Robert JH MOONEY Glasgow (Lab),Brian LAND (Ind),Fiona E HIGGINS Glasgow (Lab),skipped,skipped,skipped,skipped,skipped,skipped,skipped,,10
5491,Robert JH MOONEY Glasgow (Lab),Brian LAND (Ind),Fiona E HIGGINS Glasgow (Lab),skipped,skipped,skipped,skipped,skipped,skipped,skipped,,10
5492,Robert JH MOONEY Glasgow (Lab),Brian LAND (Ind),Fiona E HIGGINS Glasgow (Lab),skipped,skipped,skipped,skipped,skipped,skipped,skipped,,10
5493,Robert JH MOONEY Glasgow (Lab),Brian LAND (Ind),Fiona E HIGGINS Glasgow (Lab),skipped,skipped,skipped,skipped,skipped,skipped,skipped,,10
5494,Robert JH MOONEY Glasgow (Lab),Brian LAND (Ind),Fiona E HIGGINS Glasgow (Lab),skipped,skipped,skipped,skipped,skipped,skipped,skipped,,10
5495,Robert JH MOONEY Glasgow (Lab),Brian LAND (Ind),Fiona E HIGGINS Glasgow (Lab),skipped,skipped,skipped,skipped,skipped,skipped,skipped,,10
5496,Robert JH MOONEY Glasgow (Lab),Brian LAND (Ind),Fiona E HIGGINS Glasgow (Lab),skipped,skipped,skipped,skipped,skipped,skipped,skipped,,10
5497,Robert JH MOONEY Glasgow (Lab),Brian LAND (Ind),Fiona E HIGGINS Glasgow (Lab),skipped,skipped,skipped,skipped,skipped,skipped,skipped,,10
5498,Robert JH MOONEY Glasgow (Lab),Brian LAND (Ind),Fiona E HIGGINS Glasgow (Lab),Seonad Mairi HOY (Grn),skipped,skipped,skipped,skipped,skipped,skipped,,10
5499,Robert JH MOONEY Glasgow (Lab),Brian LAND (Ind),Fiona E HIGGINS Glasgow (Lab),Seonad Mairi HOY (Grn),Allan GOW (SNP),Jacqueline MCLAREN (SNP),skipped,skipped,skipped,skipped,,10
5500,Robert JH MOONEY Glasgow (Lab),Brian LAND (Ind),Fiona E HIGGINS Glasgow (Lab),Scott SIMPSON (LD),Seonad Mairi HOY (Grn),Jacqueline MCLAREN (SNP),Allan GOW (SNP),skipped,skipped,skipped,,10
5501,Robert JH MOONEY Glasgow (Lab),Brian LAND (Ind),Fiona E HIGGINS Glasgow (Lab),Allan GOW (SNP),Jacqueline MCLAREN (SNP),Sandra WATSON (SNP),Martin Lawson OLU-OSAGIE (Alba),skipped,skipped,skipped,,10
5502,Robert JH MOONEY Glasgow (Lab),Brian LAND (Ind),Fiona E HIGGINS Glasgow (Lab),Allan GOW (SNP),Sandra WATSON (SNP),skipped,skipped,skipped,skipped,skipped,,10
5503,Robert JH MOONEY Glasgow (Lab),Brian LAND (Ind),Fiona E HIGGINS Glasgow (Lab),Allan GOW (SNP),Sandra WATSON (SNP),Jacqueline MCLAREN (SNP),skipped,skipped,skipped,skipped,,10
5504,Robert JH MOONEY Glasgow (Lab),Brian LAND (Ind),Scott SIMPSON (LD),skipped,skipped,skipped,skipped,skipped,skipped,skipped,,10
5505,Robert JH MOONEY Glasgow (Lab),Brian LAND (Ind),Maria WELLS (Con),skipped,skipped,skipped,skipped,skipped,skipped,skipped,,10
5506,Robert JH MOONEY Glasgow (Lab),Brian LAND (Ind),Allan GOW (SNP),skipped,skipped,skipped,skipped,skipped,skipped,skipped,,10
5507,Robert JH MOONEY Glasgow (Lab),Brian LAND (Ind),Allan GOW (SNP),Jacqueline MCLAREN (SNP),Sandra WATSON (SNP),Fiona E HIGGINS Glasgow (Lab),Scott SIMPSON (LD),skipped,skipped,skipped,,10
5508,Robert JH MOONEY Glasgow (Lab),Brian LAND (Ind),Jacqueline MCLAREN (SNP),skipped,skipped,skipped,skipped,skipped,skipped,skipped,,10
5509,Robert JH MOONEY Glasgow (Lab),Maria WELLS (Con),skipped,skipped,skipped,skipped,skipped,skipped,skipped,skipped,,10
5510,Robert JH MOONEY Glasgow (Lab),Maria WELLS (Con),skipped,skipped,skipped,skipped,skipped,skipped,skipped,skipped,,10
5511,Robert JH MOONEY Glasgow (Lab),Maria WELLS (Con),skipped,skipped,skipped,skipped,skipped,skipped,skipped,skipped,,10
5512,Robert JH MOONEY Glasgow (Lab),Maria WELLS (Con),Fiona E HIGGINS Glasgow (Lab),skipped,skipped,skipped,skipped,skipped,skipped,skipped,,10
5513,Robert JH MOONEY Glasgow (Lab),Maria WELLS (Con),Fiona E HIGGINS Glasgow (Lab),skipped,skipped,skipped,skipped,skipped,skipped,skipped,,10
5514,Robert JH MOONEY Glasgow (Lab),Maria WELLS (Con),Fiona E HIGGINS Glasgow (Lab),skipped,skipped,skipped,skipped,skipped,skipped,skipped,,10
5515,Robert JH MOONEY Glasgow (Lab),Maria WELLS (Con),Fiona E HIGGINS Glasgow (Lab),Brian LAND (Ind),skipped,skipped,skipped,skipped,skipped,skipped,,10
5516,Robert JH MOONEY Glasgow (Lab),Maria WELLS (Con),Fiona E HIGGINS Glasgow (Lab),Brian LAND (Ind),skipped,skipped,skipped,skipped,skipped,skipped,,10
5517,Robert JH MOONEY Glasgow (Lab),Maria WELLS (Con),Fiona E HIGGINS Glasgow (Lab),Allan GOW (SNP),Jacqueline MCLAREN (SNP),Sandra WATSON (SNP),Scott SIMPSON (LD),skipped,skipped,skipped,,10
5518,Robert JH MOONEY Glasgow (Lab),Maria WELLS (Con),Scott SIMPSON (LD),Brian LAND (Ind),skipped,skipped,skipped,skipped,skipped,skipped,,10
5519,Robert JH MOONEY Glasgow (Lab),Maria WELLS (Con),Scott SIMPSON (LD),Brian LAND (Ind),skipped,skipped,skipped,skipped,skipped,skipped,,10
5520,Robert JH MOONEY Glasgow (Lab),Maria WELLS (Con),Scott SIMPSON (LD),Brian LAND (Ind),Fiona E HIGGINS Glasgow (Lab),skipped,skipped,skipped,skipped,skipped,,10
5521,Robert JH MOONEY Glasgow (Lab),Allan GOW (SNP),skipped,skipped,skipped,skipped,skipped,skipped,skipped,skipped,,10
5522,Robert JH MOONEY Glasgow (Lab),Allan GOW (SNP),skipped,skipped,skipped,skipped,skipped,skipped,skipped,skipped,,10
5523,Robert JH MOONEY Glasgow (Lab),Allan GOW (SNP),Seonad Mairi HOY (Grn),skipped,skipped,skipped,skipped,skipped,skipped,skipped,,10
5524,Robert JH MOONEY Glasgow (Lab),Allan GOW (SNP),Seonad Mairi HOY (Grn),Jacqueline MCLAREN (SNP),Fiona E HIGGINS Glasgow (Lab),Brian LAND (Ind),Scott SIMPSON (LD),skipped,skipped,skipped,,10
5525,Robert JH MOONEY Glasgow (Lab),Allan GOW (SNP),Fiona E HIGGINS Glasgow (Lab),skipped,skipped,skipped,skipped,skipped,skipped,skipped,,10
5526,Robert JH MOONEY Glasgow (Lab),Allan GOW (SNP),Fiona E HIGGINS Glasgow (Lab),skipped,skipped,skipped,skipped,skipped,skipped,skipped,,10
5527,Robert JH MOONEY Glasgow (Lab),Allan GOW (SNP),Fiona E HIGGINS Glasgow (Lab),skipped,skipped,skipped,skipped,skipped,skipped,skipped,,10
5528,Robert JH MOONEY Glasgow (Lab),Allan GOW (SNP),Fiona E HIGGINS Glasgow (Lab),skipped,skipped,skipped,skipped,skipped,skipped,skipped,,10
5529,Robert JH MOONEY Glasgow (Lab),Allan GOW (SNP),Fiona E HIGGINS Glasgow (Lab),skipped,skipped,skipped,skipped,skipped,skipped,skipped,,10
5530,Robert JH MOONEY Glasgow (Lab),Allan GOW (SNP),Fiona E HIGGINS Glasgow (Lab),Seonad Mairi HOY (Grn),skipped,skipped,skipped,skipped,skipped,skipped,,10
5531,Robert JH MOONEY Glasgow (Lab),Allan GOW (SNP),Fiona E HIGGINS Glasgow (Lab),Jacqueline MCLAREN (SNP),skipped,skipped,skipped,skipped,skipped,skipped,,10
5532,Robert JH MOONEY Glasgow (Lab),Allan GOW (SNP),Fiona E HIGGINS Glasgow (Lab),Sandra WATSON (SNP),skipped,skipped,skipped,skipped,skipped,skipped,,10
5533,Robert JH MOONEY Glasgow (Lab),Allan GOW (SNP),Fiona E HIGGINS Glasgow (Lab),Sandra WATSON (SNP),skipped,skipped,skipped,skipped,skipped,skipped,,10
5534,Robert JH MOONEY Glasgow (Lab),Allan GOW (SNP),Fiona E HIGGINS Glasgow (Lab),Sandra WATSON (SNP),Jacqueline MCLAREN (SNP),Scott SIMPSON (LD),Seonad Mairi HOY (Grn),skipped,skipped,skipped,,10
5535,Robert JH MOONEY Glasgow (Lab),Allan GOW (SNP),Brian LAND (Ind),skipped,skipped,skipped,skipped,skipped,skipped,skipped,,10
5536,Robert JH MOONEY Glasgow (Lab),Allan GOW (SNP),Jacqueline MCLAREN (SNP),Fiona E HIGGINS Glasgow (Lab),Sandra WATSON (SNP),skipped,skipped,skipped,skipped,skipped,,10
5537,Robert JH MOONEY Glasgow (Lab),Allan GOW (SNP),Sandra WATSON (SNP),Seonad Mairi HOY (Grn),Scott SIMPSON (LD),skipped,skipped,skipped,skipped,skipped,,10
5538,Robert JH MOONEY Glasgow (Lab),Allan GOW (SNP),Sandra WATSON (SNP),Fiona E HIGGINS Glasgow (Lab),Jacqueline MCLAREN (SNP),skipped,skipped,skipped,skipped,skipped,,10
5539,Robert JH MOONEY Glasgow (Lab),Jacqueline MCLAREN (SNP),skipped,skipped,skipped,skipped,skipped,skipped,skipped,skipped,,10
5540,Robert JH MOONEY Glasgow (Lab),Jacqueline MCLAREN (SNP),skipped,skipped,skipped,skipped,skipped,skipped,skipped,skipped,,10
5541,Robert JH MOONEY Glasgow (Lab),Jacqueline MCLAREN (SNP),Seonad Mairi HOY (Grn),Fiona E HIGGINS Glasgow (Lab),Sandra WATSON (SNP),Brian LAND (Ind),skipped,skipped,skipped,skipped,,10
5542,Robert JH MOONEY Glasgow (Lab),Jacqueline MCLAREN (SNP),Seonad Mairi HOY (Grn),Brian LAND (Ind),skipped,skipped,skipped,skipped,skipped,skipped,,10
5543,Robert JH MOONEY Glasgow (Lab),Jacqueline MCLAREN (SNP),Fiona E HIGGINS Glasgow (Lab),skipped,skipped,skipped,skipped,skipped,skipped,skipped,,10
5544,Robert JH MOONEY Glasgow (Lab),Jacqueline MCLAREN (SNP),Fiona E HIGGINS Glasgow (Lab),skipped,skipped,skipped,skipped,skipped,skipped,skipped,,10
5545,Robert JH MOONEY Glasgow (Lab),Jacqueline MCLAREN (SNP),Fiona E HIGGINS Glasgow (Lab),skipped,skipped,skipped,skipped,skipped,skipped,skipped,,10
5546,Robert JH MOONEY Glasgow (Lab),Jacqueline MCLAREN (SNP),Fiona E HIGGINS Glasgow (Lab),skipped,skipped,skipped,skipped,skipped,skipped,skipped,,10
5547,Robert JH MOONEY Glasgow (Lab),Jacqueline MCLAREN (SNP),Fiona E HIGGINS Glasgow (Lab),skipped,skipped,skipped,skipped,skipped,skipped,skipped,,10
5548,Robert JH MOONEY Glasgow (Lab),Jacqueline MCLAREN (SNP),Fiona E HIGGINS Glasgow (Lab),skipped,skipped,skipped,skipped,skipped,skipped,skipped,,10
5549,Robert JH MOONEY Glasgow (Lab),Jacqueline MCLAREN (SNP),Fiona E HIGGINS Glasgow (Lab),skipped,skipped,skipped,skipped,skipped,skipped,skipped,,10
5550,Robert JH MOONEY Glasgow (Lab),Jacqueline MCLAREN (SNP),Fiona E HIGGINS Glasgow (Lab),Seonad Mairi HOY (Grn),skipped,skipped,skipped,skipped,skipped,skipped,,10
5551,Robert JH MOONEY Glasgow (Lab),Jacqueline MCLAREN (SNP),Fiona E HIGGINS Glasgow (Lab),Allan GOW (SNP),skipped,skipped,skipped,skipped,skipped,skipped,,10
5552,Robert JH MOONEY Glasgow (Lab),Jacqueline MCLAREN (SNP),Martin Lawson OLU-OSAGIE (Alba),skipped,skipped,skipped,skipped,skipped,skipped,skipped,,10
5553,Robert JH MOONEY Glasgow (Lab),Jacqueline MCLAREN (SNP),Scott SIMPSON (LD),skipped,skipped,skipped,skipped,skipped,skipped,skipped,,10
5554,Robert JH MOONEY Glasgow (Lab),Jacqueline MCLAREN (SNP),Brian LAND (Ind),skipped,skipped,skipped,skipped,skipped,skipped,skipped,,10
5555,Robert JH MOONEY Glasgow (Lab),Jacqueline MCLAREN (SNP),Allan GOW (SNP),skipped,skipped,skipped,skipped,skipped,skipped,skipped,,10
5556,Robert JH MOONEY Glasgow (Lab),Jacqueline MCLAREN (SNP),Allan GOW (SNP),skipped,skipped,skipped,skipped,skipped,skipped,skipped,,10
5557,Robert JH MOONEY Glasgow (Lab),Jacqueline MCLAREN (SNP),Sandra WATSON (SNP),Allan GOW (SNP),skipped,skipped,skipped,skipped,skipped,skipped,,10
5558,Robert JH MOONEY Glasgow (Lab),Sandra WATSON (SNP),skipped,skipped,skipped,skipped,skipped,skipped,skipped,skipped,,10
5559,Robert JH MOONEY Glasgow (Lab),Sandra WATSON (SNP),skipped,skipped,skipped,skipped,skipped,skipped,skipped,skipped,,10
5560,Robert JH MOONEY Glasgow (Lab),Sandra WATSON (SNP),Seonad Mairi HOY (Grn),skipped,skipped,skipped,skipped,skipped,skipped,skipped,,10
5561,Robert JH MOONEY Glasgow (Lab),Sandra WATSON (SNP),Seonad Mairi HOY (Grn),skipped,skipped,skipped,skipped,skipped,skipped,skipped,,10
5562,Robert JH MOONEY Glasgow (Lab),Sandra WATSON (SNP),Fiona E HIGGINS Glasgow (Lab),skipped,skipped,skipped,skipped,skipped,skipped,skipped,,10
5563,Robert JH MOONEY Glasgow (Lab),Sandra WATSON (SNP),Fiona E HIGGINS Glasgow (Lab),skipped,skipped,skipped,skipped,skipped,skipped,skipped,,10
5564,Robert JH MOONEY Glasgow (Lab),Sandra WATSON (SNP),Fiona E HIGGINS Glasgow (Lab),Jacqueline MCLAREN (SNP),Allan GOW (SNP),skipped,skipped,skipped,skipped,skipped,,10
5565,Robert JH MOONEY Glasgow (Lab),Sandra WATSON (SNP),Allan GOW (SNP),skipped,skipped,skipped,skipped,skipped,skipped,skipped,,10
5566,Sandra WATSON (SNP),skipped,skipped,skipped,skipped,skipped,skipped,skipped,skipped,skipped,,10
5567,Sandra WATSON (SNP),skipped,skipped,skipped,skipped,skipped,skipped,skipped,skipped,skipped,,10
5568,Sandra WATSON (SNP),skipped,skipped,skipped,skipped,skipped,skipped,skipped,skipped,skipped,,10
5569,Sandra WATSON (SNP),skipped,skipped,skipped,skipped,skipped,skipped,skipped,skipped,skipped,,10
5570,Sandra WATSON (SNP),skipped,skipped,skipped,skipped,skipped,skipped,skipped,skipped,skipped,,10
5571,Sandra WATSON (SNP),skipped,skipped,skipped,skipped,skipped,skipped,skipped,skipped,skipped,,10
5572,Sandra WATSON (SNP),skipped,skipped,skipped,skipped,skipped,skipped,skipped,skipped,skipped,,10
5573,Sandra WATSON (SNP),skipped,skipped,skipped,skipped,skipped,skipped,skipped,skipped,skipped,,10
5574,Sandra WATSON (SNP),Seonad Mairi HOY (Grn),Fiona E HIGGINS Glasgow (Lab),skipped,skipped,skipped,skipped,skipped,skipped,skipped,,10
5575,Sandra WATSON (SNP),Seonad Mairi HOY (Grn),Fiona E HIGGINS Glasgow (Lab),Jacqueline MCLAREN (SNP),Robert JH MOONEY Glasgow (Lab),skipped,skipped,skipped,skipped,skipped,,10
5576,Sandra WATSON (SNP),Seonad Mairi HOY (Grn),Martin Lawson OLU-OSAGIE (Alba),skipped,skipped,skipped,skipped,skipped,skipped,skipped,,10
5577,Sandra WATSON (SNP),Seonad Mairi HOY (Grn),Martin Lawson OLU-OSAGIE (Alba),skipped,skipped,skipped,skipped,skipped,skipped,skipped,,10
5578,Sandra WATSON (SNP),Seonad Mairi HOY (Grn),Martin Lawson OLU-OSAGIE (Alba),skipped,skipped,skipped,skipped,skipped,skipped,skipped,,10
5579,Sandra WATSON (SNP),Seonad Mairi HOY (Grn),Scott SIMPSON (LD),skipped,skipped,skipped,skipped,skipped,skipped,skipped,,10
5580,Sandra WATSON (SNP),Seonad Mairi HOY (Grn),Scott SIMPSON (LD),skipped,skipped,skipped,skipped,skipped,skipped,skipped,,10
5581,Sandra WATSON (SNP),Seonad Mairi HOY (Grn),Allan GOW (SNP),Jacqueline MCLAREN (SNP),Fiona E HIGGINS Glasgow (Lab),Robert JH MOONEY Glasgow (Lab),skipped,skipped,skipped,skipped,,10
5582,Sandra WATSON (SNP),Seonad Mairi HOY (Grn),Allan GOW (SNP),Jacqueline MCLAREN (SNP),Martin Lawson OLU-OSAGIE (Alba),skipped,skipped,skipped,skipped,skipped,,10
5583,Sandra WATSON (SNP),Seonad Mairi HOY (Grn),Allan GOW (SNP),Jacqueline MCLAREN (SNP),Martin Lawson OLU-OSAGIE (Alba),skipped,skipped,skipped,skipped,skipped,,10
5584,Sandra WATSON (SNP),Seonad Mairi HOY (Grn),Jacqueline MCLAREN (SNP),skipped,skipped,skipped,skipped,skipped,skipped,skipped,,10
5585,Sandra WATSON (SNP),Seonad Mairi HOY (Grn),Jacqueline MCLAREN (SNP),skipped,skipped,skipped,skipped,skipped,skipped,skipped,,10
5586,Sandra WATSON (SNP),Seonad Mairi HOY (Grn),Robert JH MOONEY Glasgow (Lab),skipped,skipped,skipped,skipped,skipped,skipped,skipped,,10
5587,Sandra WATSON (SNP),Fiona E HIGGINS Glasgow (Lab),Allan GOW (SNP),Robert JH MOONEY Glasgow (Lab),skipped,skipped,skipped,skipped,skipped,skipped,,10
5588,Sandra WATSON (SNP),Fiona E HIGGINS Glasgow (Lab),Jacqueline MCLAREN (SNP),skipped,skipped,skipped,skipped,skipped,skipped,skipped,,10
5589,Sandra WATSON (SNP),Fiona E HIGGINS Glasgow (Lab),Jacqueline MCLAREN (SNP),skipped,skipped,skipped,skipped,skipped,skipped,skipped,,10
5590,Sandra WATSON (SNP),Scott SIMPSON (LD),Seonad Mairi HOY (Grn),skipped,skipped,skipped,skipped,skipped,skipped,skipped,,10
5591,Sandra WATSON (SNP),Scott SIMPSON (LD),Allan GOW (SNP),Seonad Mairi HOY (Grn),skipped,skipped,skipped,skipped,skipped,skipped,,10
5592,Sandra WATSON (SNP),Scott SIMPSON (LD),Jacqueline MCLAREN (SNP),Allan GOW (SNP),skipped,skipped,skipped,skipped,skipped,skipped,,10
5593,Sandra WATSON (SNP),Brian LAND (Ind),Seonad Mairi HOY (Grn),skipped,skipped,skipped,skipped,skipped,skipped,skipped,,10
5594,Sandra WATSON (SNP),Brian LAND (Ind),Fiona E HIGGINS Glasgow (Lab),skipped,skipped,skipped,skipped,skipped,skipped,skipped,,10
5595,Sandra WATSON (SNP),Brian LAND (Ind),Jacqueline MCLAREN (SNP),skipped,skipped,skipped,skipped,skipped,skipped,skipped,,10
5596,Sandra WATSON (SNP),Brian LAND (Ind),Jacqueline MCLAREN (SNP),skipped,skipped,skipped,skipped,skipped,skipped,skipped,,10
5597,Sandra WATSON (SNP),Maria WELLS (Con),Fiona E HIGGINS Glasgow (Lab),Seonad Mairi HOY (Grn),skipped,skipped,skipped,skipped,skipped,skipped,,10
5598,Sandra WATSON (SNP),Allan GOW (SNP),Seonad Mairi HOY (Grn),skipped,skipped,skipped,skipped,skipped,skipped,skipped,,10
5599,Sandra WATSON (SNP),Allan GOW (SNP),Seonad Mairi HOY (Grn),Brian LAND (Ind),skipped,skipped,skipped,skipped,skipped,skipped,,10
5600,Sandra WATSON (SNP),Allan GOW (SNP),Seonad Mairi HOY (Grn),Jacqueline MCLAREN (SNP),skipped,skipped,skipped,skipped,skipped,skipped,,10
5601,Sandra WATSON (SNP),Allan GOW (SNP),Fiona E HIGGINS Glasgow (Lab),Robert JH MOONEY Glasgow (Lab),skipped,skipped,skipped,skipped,skipped,skipped,,10
5602,Sandra WATSON (SNP),Allan GOW (SNP),Brian LAND (Ind),skipped,skipped,skipped,skipped,skipped,skipped,skipped,,10
5603,Sandra WATSON (SNP),Allan GOW (SNP),Jacqueline MCLAREN (SNP),skipped,skipped,skipped,skipped,skipped,skipped,skipped,,10
5604,Sandra WATSON (SNP),Allan GOW (SNP),Jacqueline MCLAREN (SNP),skipped,skipped,skipped,skipped,skipped,skipped,skipped,,10
5605,Sandra WATSON (SNP),Allan GOW (SNP),Jacqueline MCLAREN (SNP),skipped,skipped,skipped,skipped,skipped,skipped,skipped,,10
5606,Sandra WATSON (SNP),Allan GOW (SNP),Jacqueline MCLAREN (SNP),skipped,skipped,skipped,skipped,skipped,skipped,skipped,,10
5607,Sandra WATSON (SNP),Allan GOW (SNP),Jacqueline MCLAREN (SNP),skipped,skipped,skipped,skipped,skipped,skipped,skipped,,10
5608,Sandra WATSON (SNP),Allan GOW (SNP),Jacqueline MCLAREN (SNP),skipped,skipped,skipped,skipped,skipped,skipped,skipped,,10
5609,Sandra WATSON (SNP),Allan GOW (SNP),Jacqueline MCLAREN (SNP),skipped,skipped,skipped,skipped,skipped,skipped,skipped,,10
5610,Sandra WATSON (SNP),Allan GOW (SNP),Jacqueline MCLAREN (SNP),skipped,skipped,skipped,skipped,skipped,skipped,skipped,,10
5611,Sandra WATSON (SNP),Allan GOW (SNP),Jacqueline MCLAREN (SNP),skipped,skipped,skipped,skipped,skipped,skipped,skipped,,10
5612,Sandra WATSON (SNP),Allan GOW (SNP),Jacqueline MCLAREN (SNP),skipped,skipped,skipped,skipped,skipped,skipped,skipped,,10
5613,Sandra WATSON (SNP),Allan GOW (SNP),Jacqueline MCLAREN (SNP),skipped,skipped,skipped,skipped,skipped,skipped,skipped,,10
5614,Sandra WATSON (SNP),Allan GOW (SNP),Jacqueline MCLAREN (SNP),skipped,skipped,skipped,skipped,skipped,skipped,skipped,,10
5615,Sandra WATSON (SNP),Allan GOW (SNP),Jacqueline MCLAREN (SNP),skipped,skipped,skipped,skipped,skipped,skipped,skipped,,10
5616,Sandra WATSON (SNP),Allan GOW (SNP),Jacqueline MCLAREN (SNP),skipped,skipped,skipped,skipped,skipped,skipped,skipped,,10
5617,Sandra WATSON (SNP),Allan GOW (SNP),Jacqueline MCLAREN (SNP),skipped,skipped,skipped,skipped,skipped,skipped,skipped,,10
5618,Sandra WATSON (SNP),Allan GOW (SNP),Jacqueline MCLAREN (SNP),skipped,skipped,skipped,skipped,skipped,skipped,skipped,,10
5619,Sandra WATSON (SNP),Allan GOW (SNP),Jacqueline MCLAREN (SNP),skipped,skipped,skipped,skipped,skipped,skipped,skipped,,10
5620,Sandra WATSON (SNP),Allan GOW (SNP),Jacqueline MCLAREN (SNP),skipped,skipped,skipped,skipped,skipped,skipped,skipped,,10
5621,Sandra WATSON (SNP),Allan GOW (SNP),Jacqueline MCLAREN (SNP),skipped,skipped,skipped,skipped,skipped,skipped,skipped,,10
5622,Sandra WATSON (SNP),Allan GOW (SNP),Jacqueline MCLAREN (SNP),skipped,skipped,skipped,skipped,skipped,skipped,skipped,,10
5623,Sandra WATSON (SNP),Allan GOW (SNP),Jacqueline MCLAREN (SNP),skipped,skipped,skipped,skipped,skipped,skipped,skipped,,10
5624,Sandra WATSON (SNP),Allan GOW (SNP),Jacqueline MCLAREN (SNP),skipped,skipped,skipped,skipped,skipped,skipped,skipped,,10
5625,Sandra WATSON (SNP),Allan GOW (SNP),Jacqueline MCLAREN (SNP),skipped,skipped,skipped,skipped,skipped,skipped,skipped,,10
5626,Sandra WATSON (SNP),Allan GOW (SNP),Jacqueline MCLAREN (SNP),skipped,skipped,skipped,skipped,skipped,skipped,skipped,,10
5627,Sandra WATSON (SNP),Allan GOW (SNP),Jacqueline MCLAREN (SNP),skipped,skipped,skipped,skipped,skipped,skipped,skipped,,10
5628,Sandra WATSON (SNP),Allan GOW (SNP),Jacqueline MCLAREN (SNP),skipped,skipped,skipped,skipped,skipped,skipped,skipped,,10
5629,Sandra WATSON (SNP),Allan GOW (SNP),Jacqueline MCLAREN (SNP),skipped,skipped,skipped,skipped,skipped,skipped,skipped,,10
5630,Sandra WATSON (SNP),Allan GOW (SNP),Jacqueline MCLAREN (SNP),Seonad Mairi HOY (Grn),skipped,skipped,skipped,skipped,skipped,skipped,,10
5631,Sandra WATSON (SNP),Allan GOW (SNP),Jacqueline MCLAREN (SNP),Seonad Mairi HOY (Grn),skipped,skipped,skipped,skipped,skipped,skipped,,10
5632,Sandra WATSON (SNP),Allan GOW (SNP),Jacqueline MCLAREN (SNP),Seonad Mairi HOY (Grn),Martin Lawson OLU-OSAGIE (Alba),skipped,skipped,skipped,skipped,skipped,,10
5633,Sandra WATSON (SNP),Allan GOW (SNP),Jacqueline MCLAREN (SNP),Seonad Mairi HOY (Grn),Martin Lawson OLU-OSAGIE (Alba),Scott SIMPSON (LD),Robert JH MOONEY Glasgow (Lab),skipped,skipped,skipped,,10
5634,Sandra WATSON (SNP),Allan GOW (SNP),Jacqueline MCLAREN (SNP),Seonad Mairi HOY (Grn),Martin Lawson OLU-OSAGIE (Alba),Brian LAND (Ind),skipped,skipped,skipped,skipped,,10
5635,Sandra WATSON (SNP),Allan GOW (SNP),Jacqueline MCLAREN (SNP),Seonad Mairi HOY (Grn),Martin Lawson OLU-OSAGIE (Alba),Brian LAND (Ind),skipped,skipped,skipped,skipped,,10
5636,Sandra WATSON (SNP),Allan GOW (SNP),Jacqueline MCLAREN (SNP),Seonad Mairi HOY (Grn),Martin Lawson OLU-OSAGIE (Alba),Brian LAND (Ind),Scott SIMPSON (LD),skipped,skipped,skipped,,10
5637,Sandra WATSON (SNP),Allan GOW (SNP),Jacqueline MCLAREN (SNP),Seonad Mairi HOY (Grn),Brian LAND (Ind),Scott SIMPSON (LD),Maria WELLS (Con),skipped,skipped,skipped,,10
5638,Sandra WATSON (SNP),Allan GOW (SNP),Jacqueline MCLAREN (SNP),Fiona E HIGGINS Glasgow (Lab),Seonad Mairi HOY (Grn),Robert JH MOONEY Glasgow (Lab),skipped,skipped,skipped,skipped,,10
5639,Sandra WATSON (SNP),Allan GOW (SNP),Jacqueline MCLAREN (SNP),Fiona E HIGGINS Glasgow (Lab),Scott SIMPSON (LD),skipped,skipped,skipped,skipped,skipped,,10
5640,Sandra WATSON (SNP),Allan GOW (SNP),Jacqueline MCLAREN (SNP),Fiona E HIGGINS Glasgow (Lab),Scott SIMPSON (LD),skipped,skipped,skipped,skipped,skipped,,10
5641,Sandra WATSON (SNP),Allan GOW (SNP),Jacqueline MCLAREN (SNP),Fiona E HIGGINS Glasgow (Lab),Robert JH MOONEY Glasgow (Lab),Martin Lawson OLU-OSAGIE (Alba),Seonad Mairi HOY (Grn),skipped,skipped,skipped,,10
5642,Sandra WATSON (SNP),Allan GOW (SNP),Jacqueline MCLAREN (SNP),Martin Lawson OLU-OSAGIE (Alba),Seonad Mairi HOY (Grn),skipped,skipped,skipped,skipped,skipped,,10
5643,Sandra WATSON (SNP),Allan GOW (SNP),Jacqueline MCLAREN (SNP),Martin Lawson OLU-OSAGIE (Alba),Seonad Mairi HOY (Grn),Brian LAND (Ind),skipped,skipped,skipped,skipped,,10
5644,Sandra WATSON (SNP),Allan GOW (SNP),Jacqueline MCLAREN (SNP),Martin Lawson OLU-OSAGIE (Alba),Seonad Mairi HOY (Grn),Brian LAND (Ind),Fiona E HIGGINS Glasgow (Lab),skipped,skipped,skipped,,10
5645,Sandra WATSON (SNP),Allan GOW (SNP),Jacqueline MCLAREN (SNP),Martin Lawson OLU-OSAGIE (Alba),Robert JH MOONEY Glasgow (Lab),Fiona E HIGGINS Glasgow (Lab),Seonad Mairi HOY (Grn),skipped,skipped,skipped,,10
5646,Sandra WATSON (SNP),Allan GOW (SNP),Jacqueline MCLAREN (SNP),Scott SIMPSON (LD),Martin Lawson OLU-OSAGIE (Alba),skipped,skipped,skipped,skipped,skipped,,10
5647,Sandra WATSON (SNP),Allan GOW (SNP),Jacqueline MCLAREN (SNP),Brian LAND (Ind),Seonad Mairi HOY (Grn),skipped,skipped,skipped,skipped,skipped,,10
5648,Sandra WATSON (SNP),Allan GOW (SNP),Jacqueline MCLAREN (SNP),Brian LAND (Ind),Seonad Mairi HOY (Grn),skipped,skipped,skipped,skipped,skipped,,10
5649,Sandra WATSON (SNP),Allan GOW (SNP),Jacqueline MCLAREN (SNP),Brian LAND (Ind),Fiona E HIGGINS Glasgow (Lab),Seonad Mairi HOY (Grn),Robert JH MOONEY Glasgow (Lab),skipped,skipped,skipped,,10
5650,Sandra WATSON (SNP),Allan GOW (SNP),Jacqueline MCLAREN (SNP),Robert JH MOONEY Glasgow (Lab),Fiona E HIGGINS Glasgow (Lab),Scott SIMPSON (LD),Seonad Mairi HOY (Grn),skipped,skipped,skipped,,10
5651,Sandra WATSON (SNP),Allan GOW (SNP),Robert JH MOONEY Glasgow (Lab),skipped,skipped,skipped,skipped,skipped,skipped,skipped,,10
5652,Sandra WATSON (SNP),Jacqueline MCLAREN (SNP),skipped,skipped,skipped,skipped,skipped,skipped,skipped,skipped,,10
5653,Sandra WATSON (SNP),Jacqueline MCLAREN (SNP),Seonad Mairi HOY (Grn),skipped,skipped,skipped,skipped,skipped,skipped,skipped,,10
5654,Sandra WATSON (SNP),Jacqueline MCLAREN (SNP),Seonad Mairi HOY (Grn),Allan GOW (SNP),skipped,skipped,skipped,skipped,skipped,skipped,,10
5655,Sandra WATSON (SNP),Jacqueline MCLAREN (SNP),Seonad Mairi HOY (Grn),Allan GOW (SNP),skipped,skipped,skipped,skipped,skipped,skipped,,10
5656,Sandra WATSON (SNP),Jacqueline MCLAREN (SNP),Seonad Mairi HOY (Grn),Allan GOW (SNP),Fiona E HIGGINS Glasgow (Lab),Robert JH MOONEY Glasgow (Lab),Scott SIMPSON (LD),skipped,skipped,skipped,,10
5657,Sandra WATSON (SNP),Jacqueline MCLAREN (SNP),Seonad Mairi HOY (Grn),Allan GOW (SNP),Brian LAND (Ind),Martin Lawson OLU-OSAGIE (Alba),Fiona E HIGGINS Glasgow (Lab),skipped,skipped,skipped,,10
5658,Sandra WATSON (SNP),Jacqueline MCLAREN (SNP),Fiona E HIGGINS Glasgow (Lab),Allan GOW (SNP),Robert JH MOONEY Glasgow (Lab),Seonad Mairi HOY (Grn),skipped,skipped,skipped,skipped,,10
5659,Sandra WATSON (SNP),Jacqueline MCLAREN (SNP),Martin Lawson OLU-OSAGIE (Alba),Allan GOW (SNP),skipped,skipped,skipped,skipped,skipped,skipped,,10
5660,Sandra WATSON (SNP),Jacqueline MCLAREN (SNP),Brian LAND (Ind),skipped,skipped,skipped,skipped,skipped,skipped,skipped,,10
5661,Sandra WATSON (SNP),Jacqueline MCLAREN (SNP),Allan GOW (SNP),skipped,skipped,skipped,skipped,skipped,skipped,skipped,,10
5662,Sandra WATSON (SNP),Jacqueline MCLAREN (SNP),Allan GOW (SNP),skipped,skipped,skipped,skipped,skipped,skipped,skipped,,10
5663,Sandra WATSON (SNP),Jacqueline MCLAREN (SNP),Allan GOW (SNP),skipped,skipped,skipped,skipped,skipped,skipped,skipped,,10
5664,Sandra WATSON (SNP),Jacqueline MCLAREN (SNP),Allan GOW (SNP),skipped,skipped,skipped,skipped,skipped,skipped,skipped,,10
5665,Sandra WATSON (SNP),Jacqueline MCLAREN (SNP),Allan GOW (SNP),skipped,skipped,skipped,skipped,skipped,skipped,skipped,,10
5666,Sandra WATSON (SNP),Jacqueline MCLAREN (SNP),Allan GOW (SNP),skipped,skipped,skipped,skipped,skipped,skipped,skipped,,10
5667,Sandra WATSON (SNP),Jacqueline MCLAREN (SNP),Allan GOW (SNP),skipped,skipped,skipped,skipped,skipped,skipped,skipped,,10
5668,Sandra WATSON (SNP),Jacqueline MCLAREN (SNP),Allan GOW (SNP),skipped,skipped,skipped,skipped,skipped,skipped,skipped,,10
5669,Sandra WATSON (SNP),Jacqueline MCLAREN (SNP),Allan GOW (SNP),skipped,skipped,skipped,skipped,skipped,skipped,skipped,,10
5670,Sandra WATSON (SNP),Jacqueline MCLAREN (SNP),Allan GOW (SNP),skipped,skipped,skipped,skipped,skipped,skipped,skipped,,10
5671,Sandra WATSON (SNP),Jacqueline MCLAREN (SNP),Allan GOW (SNP),skipped,skipped,skipped,skipped,skipped,skipped,skipped,,10
5672,Sandra WATSON (SNP),Jacqueline MCLAREN (SNP),Allan GOW (SNP),skipped,skipped,skipped,skipped,skipped,skipped,skipped,,10
5673,Sandra WATSON (SNP),Jacqueline MCLAREN (SNP),Allan GOW (SNP),skipped,skipped,skipped,skipped,skipped,skipped,skipped,,10
5674,Sandra WATSON (SNP),Jacqueline MCLAREN (SNP),Allan GOW (SNP),skipped,skipped,skipped,skipped,skipped,skipped,skipped,,10
5675,Sandra WATSON (SNP),Jacqueline MCLAREN (SNP),Allan GOW (SNP),skipped,skipped,skipped,skipped,skipped,skipped,skipped,,10
5676,Sandra WATSON (SNP),Jacqueline MCLAREN (SNP),Allan GOW (SNP),skipped,skipped,skipped,skipped,skipped,skipped,skipped,,10
5677,Sandra WATSON (SNP),Jacqueline MCLAREN (SNP),Allan GOW (SNP),skipped,skipped,skipped,skipped,skipped,skipped,skipped,,10
5678,Sandra WATSON (SNP),Jacqueline MCLAREN (SNP),Allan GOW (SNP),skipped,skipped,skipped,skipped,skipped,skipped,skipped,,10
5679,Sandra WATSON (SNP),Jacqueline MCLAREN (SNP),Allan GOW (SNP),skipped,skipped,skipped,skipped,skipped,skipped,skipped,,10
5680,Sandra WATSON (SNP),Jacqueline MCLAREN (SNP),Allan GOW (SNP),skipped,skipped,skipped,skipped,skipped,skipped,skipped,,10
5681,Sandra WATSON (SNP),Jacqueline MCLAREN (SNP),Allan GOW (SNP),skipped,skipped,skipped,skipped,skipped,skipped,skipped,,10
5682,Sandra WATSON (SNP),Jacqueline MCLAREN (SNP),Allan GOW (SNP),skipped,skipped,skipped,skipped,skipped,skipped,skipped,,10
5683,Sandra WATSON (SNP),Jacqueline MCLAREN (SNP),Allan GOW (SNP),skipped,skipped,skipped,skipped,skipped,skipped,skipped,,10
5684,Sandra WATSON (SNP),Jacqueline MCLAREN (SNP),Allan GOW (SNP),skipped,skipped,skipped,skipped,skipped,skipped,skipped,,10
5685,Sandra WATSON (SNP),Jacqueline MCLAREN (SNP),Allan GOW (SNP),skipped,skipped,skipped,skipped,skipped,skipped,skipped,,10
5686,Sandra WATSON (SNP),Jacqueline MCLAREN (SNP),Allan GOW (SNP),skipped,skipped,skipped,skipped,skipped,skipped,skipped,,10
5687,Sandra WATSON (SNP),Jacqueline MCLAREN (SNP),Allan GOW (SNP),skipped,skipped,skipped,skipped,skipped,skipped,skipped,,10
5688,Sandra WATSON (SNP),Jacqueline MCLAREN (SNP),Allan GOW (SNP),skipped,skipped,skipped,skipped,skipped,skipped,skipped,,10
5689,Sandra WATSON (SNP),Jacqueline MCLAREN (SNP),Allan GOW (SNP),skipped,skipped,skipped,skipped,skipped,skipped,skipped,,10
5690,Sandra WATSON (SNP),Jacqueline MCLAREN (SNP),Allan GOW (SNP),skipped,skipped,skipped,skipped,skipped,skipped,skipped,,10
5691,Sandra WATSON (SNP),Jacqueline MCLAREN (SNP),Allan GOW (SNP),skipped,skipped,skipped,skipped,skipped,skipped,skipped,,10
5692,Sandra WATSON (SNP),Jacqueline MCLAREN (SNP),Allan GOW (SNP),skipped,skipped,skipped,skipped,skipped,skipped,skipped,,10
5693,Sandra WATSON (SNP),Jacqueline MCLAREN (SNP),Allan GOW (SNP),skipped,skipped,skipped,skipped,skipped,skipped,skipped,,10
5694,Sandra WATSON (SNP),Jacqueline MCLAREN (SNP),Allan GOW (SNP),skipped,skipped,skipped,skipped,skipped,skipped,skipped,,10
5695,Sandra WATSON (SNP),Jacqueline MCLAREN (SNP),Allan GOW (SNP),skipped,skipped,skipped,skipped,skipped,skipped,skipped,,10
5696,Sandra WATSON (SNP),Jacqueline MCLAREN (SNP),Allan GOW (SNP),skipped,skipped,skipped,skipped,skipped,skipped,skipped,,10
5697,Sandra WATSON (SNP),Jacqueline MCLAREN (SNP),Allan GOW (SNP),skipped,skipped,skipped,skipped,skipped,skipped,skipped,,10
5698,Sandra WATSON (SNP),Jacqueline MCLAREN (SNP),Allan GOW (SNP),skipped,skipped,skipped,skipped,skipped,skipped,skipped,,10
5699,Sandra WATSON (SNP),Jacqueline MCLAREN (SNP),Allan GOW (SNP),skipped,skipped,skipped,skipped,skipped,skipped,skipped,,10
5700,Sandra WATSON (SNP),Jacqueline MCLAREN (SNP),Allan GOW (SNP),skipped,skipped,skipped,skipped,skipped,skipped,skipped,,10
5701,Sandra WATSON (SNP),Jacqueline MCLAREN (SNP),Allan GOW (SNP),skipped,skipped,skipped,skipped,skipped,skipped,skipped,,10
5702,Sandra WATSON (SNP),Jacqueline MCLAREN (SNP),Allan GOW (SNP),skipped,skipped,skipped,skipped,skipped,skipped,skipped,,10
5703,Sandra WATSON (SNP),Jacqueline MCLAREN (SNP),Allan GOW (SNP),skipped,skipped,skipped,skipped,skipped,skipped,skipped,,10
5704,Sandra WATSON (SNP),Jacqueline MCLAREN (SNP),Allan GOW (SNP),skipped,skipped,skipped,skipped,skipped,skipped,skipped,,10
5705,Sandra WATSON (SNP),Jacqueline MCLAREN (SNP),Allan GOW (SNP),skipped,skipped,skipped,skipped,skipped,skipped,skipped,,10
5706,Sandra WATSON (SNP),Jacqueline MCLAREN (SNP),Allan GOW (SNP),skipped,skipped,skipped,skipped,skipped,skipped,skipped,,10
5707,Sandra WATSON (SNP),Jacqueline MCLAREN (SNP),Allan GOW (SNP),skipped,skipped,skipped,skipped,skipped,skipped,skipped,,10
5708,Sandra WATSON (SNP),Jacqueline MCLAREN (SNP),Allan GOW (SNP),skipped,skipped,skipped,skipped,skipped,skipped,skipped,,10
5709,Sandra WATSON (SNP),Jacqueline MCLAREN (SNP),Allan GOW (SNP),skipped,skipped,skipped,skipped,skipped,skipped,skipped,,10
5710,Sandra WATSON (SNP),Jacqueline MCLAREN (SNP),Allan GOW (SNP),skipped,skipped,skipped,skipped,skipped,skipped,skipped,,10
5711,Sandra WATSON (SNP),Jacqueline MCLAREN (SNP),Allan GOW (SNP),skipped,skipped,skipped,skipped,skipped,skipped,skipped,,10
5712,Sandra WATSON (SNP),Jacqueline MCLAREN (SNP),Allan GOW (SNP),skipped,skipped,skipped,skipped,skipped,skipped,skipped,,10
5713,Sandra WATSON (SNP),Jacqueline MCLAREN (SNP),Allan GOW (SNP),skipped,skipped,skipped,skipped,skipped,skipped,skipped,,10
5714,Sandra WATSON (SNP),Jacqueline MCLAREN (SNP),Allan GOW (SNP),skipped,skipped,skipped,skipped,skipped,skipped,skipped,,10
5715,Sandra WATSON (SNP),Jacqueline MCLAREN (SNP),Allan GOW (SNP),skipped,skipped,skipped,skipped,skipped,skipped,skipped,,10
5716,Sandra WATSON (SNP),Jacqueline MCLAREN (SNP),Allan GOW (SNP),skipped,skipped,skipped,skipped,skipped,skipped,skipped,,10
5717,Sandra WATSON (SNP),Jacqueline MCLAREN (SNP),Allan GOW (SNP),skipped,skipped,skipped,skipped,skipped,skipped,skipped,,10
5718,Sandra WATSON (SNP),Jacqueline MCLAREN (SNP),Allan GOW (SNP),skipped,skipped,skipped,skipped,skipped,skipped,skipped,,10
5719,Sandra WATSON (SNP),Jacqueline MCLAREN (SNP),Allan GOW (SNP),skipped,skipped,skipped,skipped,skipped,skipped,skipped,,10
5720,Sandra WATSON (SNP),Jacqueline MCLAREN (SNP),Allan GOW (SNP),skipped,skipped,skipped,skipped,skipped,skipped,skipped,,10
5721,Sandra WATSON (SNP),Jacqueline MCLAREN (SNP),Allan GOW (SNP),skipped,skipped,skipped,skipped,skipped,skipped,skipped,,10
5722,Sandra WATSON (SNP),Jacqueline MCLAREN (SNP),Allan GOW (SNP),skipped,skipped,skipped,skipped,skipped,skipped,skipped,,10
5723,Sandra WATSON (SNP),Jacqueline MCLAREN (SNP),Allan GOW (SNP),skipped,skipped,skipped,skipped,skipped,skipped,skipped,,10
5724,Sandra WATSON (SNP),Jacqueline MCLAREN (SNP),Allan GOW (SNP),skipped,skipped,skipped,skipped,skipped,skipped,skipped,,10
5725,Sandra WATSON (SNP),Jacqueline MCLAREN (SNP),Allan GOW (SNP),skipped,skipped,skipped,skipped,skipped,skipped,skipped,,10
5726,Sandra WATSON (SNP),Jacqueline MCLAREN (SNP),Allan GOW (SNP),skipped,skipped,skipped,skipped,skipped,skipped,skipped,,10
5727,Sandra WATSON (SNP),Jacqueline MCLAREN (SNP),Allan GOW (SNP),skipped,skipped,skipped,skipped,skipped,skipped,skipped,,10
5728,Sandra WATSON (SNP),Jacqueline MCLAREN (SNP),Allan GOW (SNP),skipped,skipped,skipped,skipped,skipped,skipped,skipped,,10
5729,Sandra WATSON (SNP),Jacqueline MCLAREN (SNP),Allan GOW (SNP),skipped,skipped,skipped,skipped,skipped,skipped,skipped,,10
5730,Sandra WATSON (SNP),Jacqueline MCLAREN (SNP),Allan GOW (SNP),skipped,skipped,skipped,skipped,skipped,skipped,skipped,,10
5731,Sandra WATSON (SNP),Jacqueline MCLAREN (SNP),Allan GOW (SNP),skipped,skipped,skipped,skipped,skipped,skipped,skipped,,10
5732,Sandra WATSON (SNP),Jacqueline MCLAREN (SNP),Allan GOW (SNP),skipped,skipped,skipped,skipped,skipped,skipped,skipped,,10
5733,Sandra WATSON (SNP),Jacqueline MCLAREN (SNP),Allan GOW (SNP),skipped,skipped,skipped,skipped,skipped,skipped,skipped,,10
5734,Sandra WATSON (SNP),Jacqueline MCLAREN (SNP),Allan GOW (SNP),skipped,skipped,skipped,skipped,skipped,skipped,skipped,,10
5735,Sandra WATSON (SNP),Jacqueline MCLAREN (SNP),Allan GOW (SNP),Seonad Mairi HOY (Grn),skipped,skipped,skipped,skipped,skipped,skipped,,10
5736,Sandra WATSON (SNP),Jacqueline MCLAREN (SNP),Allan GOW (SNP),Seonad Mairi HOY (Grn),skipped,skipped,skipped,skipped,skipped,skipped,,10
5737,Sandra WATSON (SNP),Jacqueline MCLAREN (SNP),Allan GOW (SNP),Seonad Mairi HOY (Grn),skipped,skipped,skipped,skipped,skipped,skipped,,10
5738,Sandra WATSON (SNP),Jacqueline MCLAREN (SNP),Allan GOW (SNP),Seonad Mairi HOY (Grn),skipped,skipped,skipped,skipped,skipped,skipped,,10
5739,Sandra WATSON (SNP),Jacqueline MCLAREN (SNP),Allan GOW (SNP),Seonad Mairi HOY (Grn),skipped,skipped,skipped,skipped,skipped,skipped,,10
5740,Sandra WATSON (SNP),Jacqueline MCLAREN (SNP),Allan GOW (SNP),Seonad Mairi HOY (Grn),skipped,skipped,skipped,skipped,skipped,skipped,,10
5741,Sandra WATSON (SNP),Jacqueline MCLAREN (SNP),Allan GOW (SNP),Seonad Mairi HOY (Grn),skipped,skipped,skipped,skipped,skipped,skipped,,10
5742,Sandra WATSON (SNP),Jacqueline MCLAREN (SNP),Allan GOW (SNP),Seonad Mairi HOY (Grn),skipped,skipped,skipped,skipped,skipped,skipped,,10
5743,Sandra WATSON (SNP),Jacqueline MCLAREN (SNP),Allan GOW (SNP),Seonad Mairi HOY (Grn),skipped,skipped,skipped,skipped,skipped,skipped,,10
5744,Sandra WATSON (SNP),Jacqueline MCLAREN (SNP),Allan GOW (SNP),Seonad Mairi HOY (Grn),skipped,skipped,skipped,skipped,skipped,skipped,,10
5745,Sandra WATSON (SNP),Jacqueline MCLAREN (SNP),Allan GOW (SNP),Seonad Mairi HOY (Grn),skipped,skipped,skipped,skipped,skipped,skipped,,10
5746,Sandra WATSON (SNP),Jacqueline MCLAREN (SNP),Allan GOW (SNP),Seonad Mairi HOY (Grn),skipped,skipped,skipped,skipped,skipped,skipped,,10
5747,Sandra WATSON (SNP),Jacqueline MCLAREN (SNP),Allan GOW (SNP),Seonad Mairi HOY (Grn),skipped,skipped,skipped,skipped,skipped,skipped,,10
5748,Sandra WATSON (SNP),Jacqueline MCLAREN (SNP),Allan GOW (SNP),Seonad Mairi HOY (Grn),skipped,skipped,skipped,skipped,skipped,skipped,,10
5749,Sandra WATSON (SNP),Jacqueline MCLAREN (SNP),Allan GOW (SNP),Seonad Mairi HOY (Grn),skipped,skipped,skipped,skipped,skipped,skipped,,10
5750,Sandra WATSON (SNP),Jacqueline MCLAREN (SNP),Allan GOW (SNP),Seonad Mairi HOY (Grn),skipped,skipped,skipped,skipped,skipped,skipped,,10
5751,Sandra WATSON (SNP),Jacqueline MCLAREN (SNP),Allan GOW (SNP),Seonad Mairi HOY (Grn),skipped,skipped,skipped,skipped,skipped,skipped,,10
5752,Sandra WATSON (SNP),Jacqueline MCLAREN (SNP),Allan GOW (SNP),Seonad Mairi HOY (Grn),Fiona E HIGGINS Glasgow (Lab),skipped,skipped,skipped,skipped,skipped,,10
5753,Sandra WATSON (SNP),Jacqueline MCLAREN (SNP),Allan GOW (SNP),Seonad Mairi HOY (Grn),Fiona E HIGGINS Glasgow (Lab),Brian LAND (Ind),Robert JH MOONEY Glasgow (Lab),skipped,skipped,skipped,,10
5754,Sandra WATSON (SNP),Jacqueline MCLAREN (SNP),Allan GOW (SNP),Seonad Mairi HOY (Grn),Fiona E HIGGINS Glasgow (Lab),Robert JH MOONEY Glasgow (Lab),skipped,skipped,skipped,skipped,,10
5755,Sandra WATSON (SNP),Jacqueline MCLAREN (SNP),Allan GOW (SNP),Seonad Mairi HOY (Grn),Fiona E HIGGINS Glasgow (Lab),Robert JH MOONEY Glasgow (Lab),Scott SIMPSON (LD),skipped,skipped,skipped,,10
5756,Sandra WATSON (SNP),Jacqueline MCLAREN (SNP),Allan GOW (SNP),Seonad Mairi HOY (Grn),Fiona E HIGGINS Glasgow (Lab),Robert JH MOONEY Glasgow (Lab),Scott SIMPSON (LD),skipped,skipped,skipped,,10
5757,Sandra WATSON (SNP),Jacqueline MCLAREN (SNP),Allan GOW (SNP),Seonad Mairi HOY (Grn),Fiona E HIGGINS Glasgow (Lab),Robert JH MOONEY Glasgow (Lab),Scott SIMPSON (LD),skipped,skipped,skipped,,10
5758,Sandra WATSON (SNP),Jacqueline MCLAREN (SNP),Allan GOW (SNP),Seonad Mairi HOY (Grn),Fiona E HIGGINS Glasgow (Lab),Robert JH MOONEY Glasgow (Lab),Brian LAND (Ind),skipped,skipped,skipped,,10
5759,Sandra WATSON (SNP),Jacqueline MCLAREN (SNP),Allan GOW (SNP),Seonad Mairi HOY (Grn),Martin Lawson OLU-OSAGIE (Alba),skipped,skipped,skipped,skipped,skipped,,10
5760,Sandra WATSON (SNP),Jacqueline MCLAREN (SNP),Allan GOW (SNP),Seonad Mairi HOY (Grn),Martin Lawson OLU-OSAGIE (Alba),skipped,skipped,skipped,skipped,skipped,,10
5761,Sandra WATSON (SNP),Jacqueline MCLAREN (SNP),Allan GOW (SNP),Seonad Mairi HOY (Grn),Martin Lawson OLU-OSAGIE (Alba),Brian LAND (Ind),Scott SIMPSON (LD),skipped,skipped,skipped,,10
5762,Sandra WATSON (SNP),Jacqueline MCLAREN (SNP),Allan GOW (SNP),Seonad Mairi HOY (Grn),Scott SIMPSON (LD),skipped,skipped,skipped,skipped,skipped,,10
5763,Sandra WATSON (SNP),Jacqueline MCLAREN (SNP),Allan GOW (SNP),Seonad Mairi HOY (Grn),Brian LAND (Ind),skipped,skipped,skipped,skipped,skipped,,10
5764,Sandra WATSON (SNP),Jacqueline MCLAREN (SNP),Allan GOW (SNP),Seonad Mairi HOY (Grn),Brian LAND (Ind),skipped,skipped,skipped,skipped,skipped,,10
5765,Sandra WATSON (SNP),Jacqueline MCLAREN (SNP),Allan GOW (SNP),Seonad Mairi HOY (Grn),Brian LAND (Ind),skipped,skipped,skipped,skipped,skipped,,10
5766,Sandra WATSON (SNP),Jacqueline MCLAREN (SNP),Allan GOW (SNP),Seonad Mairi HOY (Grn),Brian LAND (Ind),Fiona E HIGGINS Glasgow (Lab),Robert JH MOONEY Glasgow (Lab),skipped,skipped,skipped,,10
5767,Sandra WATSON (SNP),Jacqueline MCLAREN (SNP),Allan GOW (SNP),Seonad Mairi HOY (Grn),Brian LAND (Ind),Martin Lawson OLU-OSAGIE (Alba),Scott SIMPSON (LD),skipped,skipped,skipped,,10
5768,Sandra WATSON (SNP),Jacqueline MCLAREN (SNP),Allan GOW (SNP),Seonad Mairi HOY (Grn),Robert JH MOONEY Glasgow (Lab),Brian LAND (Ind),Fiona E HIGGINS Glasgow (Lab),skipped,skipped,skipped,,10
5769,Sandra WATSON (SNP),Jacqueline MCLAREN (SNP),Allan GOW (SNP),Fiona E HIGGINS Glasgow (Lab),skipped,skipped,skipped,skipped,skipped,skipped,,10
5770,Sandra WATSON (SNP),Jacqueline MCLAREN (SNP),Allan GOW (SNP),Fiona E HIGGINS Glasgow (Lab),Seonad Mairi HOY (Grn),Maria WELLS (Con),skipped,skipped,skipped,skipped,,10
5771,Sandra WATSON (SNP),Jacqueline MCLAREN (SNP),Allan GOW (SNP),Fiona E HIGGINS Glasgow (Lab),Robert JH MOONEY Glasgow (Lab),Seonad Mairi HOY (Grn),skipped,skipped,skipped,skipped,,10
5772,Sandra WATSON (SNP),Jacqueline MCLAREN (SNP),Allan GOW (SNP),Fiona E HIGGINS Glasgow (Lab),Robert JH MOONEY Glasgow (Lab),Seonad Mairi HOY (Grn),Scott SIMPSON (LD),skipped,skipped,skipped,,10
5773,Sandra WATSON (SNP),Jacqueline MCLAREN (SNP),Allan GOW (SNP),Martin Lawson OLU-OSAGIE (Alba),skipped,skipped,skipped,skipped,skipped,skipped,,10
5774,Sandra WATSON (SNP),Jacqueline MCLAREN (SNP),Allan GOW (SNP),Martin Lawson OLU-OSAGIE (Alba),skipped,skipped,skipped,skipped,skipped,skipped,,10
5775,Sandra WATSON (SNP),Jacqueline MCLAREN (SNP),Allan GOW (SNP),Martin Lawson OLU-OSAGIE (Alba),skipped,skipped,skipped,skipped,skipped,skipped,,10
5776,Sandra WATSON (SNP),Jacqueline MCLAREN (SNP),Allan GOW (SNP),Martin Lawson OLU-OSAGIE (Alba),Seonad Mairi HOY (Grn),Brian LAND (Ind),Scott SIMPSON (LD),skipped,skipped,skipped,,10
5777,Sandra WATSON (SNP),Jacqueline MCLAREN (SNP),Allan GOW (SNP),Martin Lawson OLU-OSAGIE (Alba),Fiona E HIGGINS Glasgow (Lab),Seonad Mairi HOY (Grn),Robert JH MOONEY Glasgow (Lab),skipped,skipped,skipped,,10
5778,Sandra WATSON (SNP),Jacqueline MCLAREN (SNP),Allan GOW (SNP),Scott SIMPSON (LD),Robert JH MOONEY Glasgow (Lab),Fiona E HIGGINS Glasgow (Lab),skipped,skipped,skipped,skipped,,10
5779,Sandra WATSON (SNP),Jacqueline MCLAREN (SNP),Allan GOW (SNP),Brian LAND (Ind),skipped,skipped,skipped,skipped,skipped,skipped,,10
5780,Sandra WATSON (SNP),Jacqueline MCLAREN (SNP),Allan GOW (SNP),Brian LAND (Ind),Seonad Mairi HOY (Grn),skipped,skipped,skipped,skipped,skipped,,10
5781,Sandra WATSON (SNP),Jacqueline MCLAREN (SNP),Allan GOW (SNP),Brian LAND (Ind),Seonad Mairi HOY (Grn),Scott SIMPSON (LD),Martin Lawson OLU-OSAGIE (Alba),skipped,skipped,skipped,,10
5782,Sandra WATSON (SNP),Jacqueline MCLAREN (SNP),Allan GOW (SNP),Brian LAND (Ind),Seonad Mairi HOY (Grn),Scott SIMPSON (LD),Robert JH MOONEY Glasgow (Lab),skipped,skipped,skipped,,10
5783,Sandra WATSON (SNP),Jacqueline MCLAREN (SNP),Allan GOW (SNP),Maria WELLS (Con),skipped,skipped,skipped,skipped,skipped,skipped,,10
5784,Sandra WATSON (SNP),Jacqueline MCLAREN (SNP),Allan GOW (SNP),Robert JH MOONEY Glasgow (Lab),Fiona E HIGGINS Glasgow (Lab),Seonad Mairi HOY (Grn),Maria WELLS (Con),skipped,skipped,skipped,,10
5785,Sandra WATSON (SNP),Jacqueline MCLAREN (SNP),Robert JH MOONEY Glasgow (Lab),skipped,skipped,skipped,skipped,skipped,skipped,skipped,,10
5786,Sandra WATSON (SNP),Jacqueline MCLAREN (SNP),Robert JH MOONEY Glasgow (Lab),Scott SIMPSON (LD),Brian LAND (Ind),Seonad Mairi HOY (Grn),Allan GOW (SNP),skipped,skipped,skipped,,10
5787,Sandra WATSON (SNP),Robert JH MOONEY Glasgow (Lab),Seonad Mairi HOY (Grn),skipped,skipped,skipped,skipped,skipped,skipped,skipped,,10
5788,Sandra WATSON (SNP),Robert JH MOONEY Glasgow (Lab),Seonad Mairi HOY (Grn),Allan GOW (SNP),Fiona E HIGGINS Glasgow (Lab),Jacqueline MCLAREN (SNP),Brian LAND (Ind),skipped,skipped,skipped,,10
5789,Sandra WATSON (SNP),Robert JH MOONEY Glasgow (Lab),Brian LAND (Ind),Maria WELLS (Con),Allan GOW (SNP),Fiona E HIGGINS Glasgow (Lab),skipped,skipped,skipped,skipped,,10
5790,Sandra WATSON (SNP),Robert JH MOONEY Glasgow (Lab),Maria WELLS (Con),Seonad Mairi HOY (Grn),skipped,skipped,skipped,skipped,skipped,skipped,,10
5791,Sandra WATSON (SNP),Robert JH MOONEY Glasgow (Lab),Allan GOW (SNP),Jacqueline MCLAREN (SNP),Fiona E HIGGINS Glasgow (Lab),skipped,skipped,skipped,skipped,skipped,,10
