,file_name,num_cands,old_winner,new_winner,ballot_change_num,modified_ballots
