voterId,rank1,rank2,rank3,rank4,numSeats,numCands
0,Con,skipped,skipped,skipped,,4
1,Con,skipped,skipped,skipped,,4
2,Con,skipped,skipped,skipped,,4
3,Con,skipped,skipped,skipped,,4
4,Con,skipped,skipped,skipped,,4
5,Con,skipped,skipped,skipped,,4
6,Con,skipped,skipped,skipped,,4
7,Con,skipped,skipped,skipped,,4
8,Con,skipped,skipped,skipped,,4
9,Con,skipped,skipped,skipped,,4
10,Con,skipped,skipped,skipped,,4
11,Con,skipped,skipped,skipped,,4
12,Con,skipped,skipped,skipped,,4
13,Con,skipped,skipped,skipped,,4
14,Con,skipped,skipped,skipped,,4
15,Con,skipped,skipped,skipped,,4
16,Con,skipped,skipped,skipped,,4
17,Con,skipped,skipped,skipped,,4
18,Con,skipped,skipped,skipped,,4
19,Con,skipped,skipped,skipped,,4
20,Con,skipped,skipped,skipped,,4
21,Con,skipped,skipped,skipped,,4
22,Con,skipped,skipped,skipped,,4
23,Con,skipped,skipped,skipped,,4
24,Con,skipped,skipped,skipped,,4
25,Con,skipped,skipped,skipped,,4
26,Con,skipped,skipped,skipped,,4
27,Con,skipped,skipped,skipped,,4
28,Con,skipped,skipped,skipped,,4
29,Con,skipped,skipped,skipped,,4
30,Con,skipped,skipped,skipped,,4
31,Con,skipped,skipped,skipped,,4
32,Con,skipped,skipped,skipped,,4
33,Con,skipped,skipped,skipped,,4
34,Con,skipped,skipped,skipped,,4
35,Con,skipped,skipped,skipped,,4
36,Con,skipped,skipped,skipped,,4
37,Con,skipped,skipped,skipped,,4
38,Con,skipped,skipped,skipped,,4
39,Con,skipped,skipped,skipped,,4
40,Con,skipped,skipped,skipped,,4
41,Con,skipped,skipped,skipped,,4
42,Con,skipped,skipped,skipped,,4
43,Con,skipped,skipped,skipped,,4
44,Con,skipped,skipped,skipped,,4
45,Con,skipped,skipped,skipped,,4
46,Con,skipped,skipped,skipped,,4
47,Con,skipped,skipped,skipped,,4
48,Con,skipped,skipped,skipped,,4
49,Con,skipped,skipped,skipped,,4
50,Con,skipped,skipped,skipped,,4
51,Con,skipped,skipped,skipped,,4
52,Con,skipped,skipped,skipped,,4
53,Con,skipped,skipped,skipped,,4
54,Con,skipped,skipped,skipped,,4
55,Con,skipped,skipped,skipped,,4
56,Con,skipped,skipped,skipped,,4
57,Con,skipped,skipped,skipped,,4
58,Con,skipped,skipped,skipped,,4
59,Con,skipped,skipped,skipped,,4
60,Con,skipped,skipped,skipped,,4
61,Con,skipped,skipped,skipped,,4
62,Con,skipped,skipped,skipped,,4
63,Con,skipped,skipped,skipped,,4
64,Con,skipped,skipped,skipped,,4
65,Con,skipped,skipped,skipped,,4
66,Con,skipped,skipped,skipped,,4
67,Con,skipped,skipped,skipped,,4
68,Con,skipped,skipped,skipped,,4
69,Con,skipped,skipped,skipped,,4
70,Con,skipped,skipped,skipped,,4
71,Con,skipped,skipped,skipped,,4
72,Con,skipped,skipped,skipped,,4
73,Con,skipped,skipped,skipped,,4
74,Con,skipped,skipped,skipped,,4
75,Con,skipped,skipped,skipped,,4
76,Con,skipped,skipped,skipped,,4
77,Con,skipped,skipped,skipped,,4
78,Con,skipped,skipped,skipped,,4
79,Con,skipped,skipped,skipped,,4
80,Con,skipped,skipped,skipped,,4
81,Con,skipped,skipped,skipped,,4
82,Con,skipped,skipped,skipped,,4
83,Con,skipped,skipped,skipped,,4
84,Con,skipped,skipped,skipped,,4
85,Con,skipped,skipped,skipped,,4
86,Con,skipped,skipped,skipped,,4
87,Con,skipped,skipped,skipped,,4
88,Con,skipped,skipped,skipped,,4
89,Con,skipped,skipped,skipped,,4
90,Con,skipped,skipped,skipped,,4
91,Con,skipped,skipped,skipped,,4
92,Con,skipped,skipped,skipped,,4
93,Con,skipped,skipped,skipped,,4
94,Con,skipped,skipped,skipped,,4
95,Con,skipped,skipped,skipped,,4
96,Con,skipped,skipped,skipped,,4
97,Con,skipped,skipped,skipped,,4
98,Con,skipped,skipped,skipped,,4
99,Con,skipped,skipped,skipped,,4
100,Con,skipped,skipped,skipped,,4
101,Con,skipped,skipped,skipped,,4
102,Con,skipped,skipped,skipped,,4
103,Con,skipped,skipped,skipped,,4
104,Con,skipped,skipped,skipped,,4
105,Con,skipped,skipped,skipped,,4
106,Con,skipped,skipped,skipped,,4
107,Con,skipped,skipped,skipped,,4
108,Con,skipped,skipped,skipped,,4
109,Con,skipped,skipped,skipped,,4
110,Con,skipped,skipped,skipped,,4
111,Con,skipped,skipped,skipped,,4
112,Con,skipped,skipped,skipped,,4
113,Con,skipped,skipped,skipped,,4
114,Con,skipped,skipped,skipped,,4
115,Con,skipped,skipped,skipped,,4
116,Con,skipped,skipped,skipped,,4
117,Con,skipped,skipped,skipped,,4
118,Con,skipped,skipped,skipped,,4
119,Con,skipped,skipped,skipped,,4
120,Con,skipped,skipped,skipped,,4
121,Con,skipped,skipped,skipped,,4
122,Con,skipped,skipped,skipped,,4
123,Con,skipped,skipped,skipped,,4
124,Con,skipped,skipped,skipped,,4
125,Con,skipped,skipped,skipped,,4
126,Con,skipped,skipped,skipped,,4
127,Con,skipped,skipped,skipped,,4
128,Con,skipped,skipped,skipped,,4
129,Con,skipped,skipped,skipped,,4
130,Con,skipped,skipped,skipped,,4
131,Con,skipped,skipped,skipped,,4
132,Con,skipped,skipped,skipped,,4
133,Con,skipped,skipped,skipped,,4
134,Con,skipped,skipped,skipped,,4
135,Con,skipped,skipped,skipped,,4
136,Con,skipped,skipped,skipped,,4
137,Con,skipped,skipped,skipped,,4
138,Con,skipped,skipped,skipped,,4
139,Con,skipped,skipped,skipped,,4
140,Con,skipped,skipped,skipped,,4
141,Con,skipped,skipped,skipped,,4
142,Con,skipped,skipped,skipped,,4
143,Con,skipped,skipped,skipped,,4
144,Con,skipped,skipped,skipped,,4
145,Con,skipped,skipped,skipped,,4
146,Con,skipped,skipped,skipped,,4
147,Con,skipped,skipped,skipped,,4
148,Con,skipped,skipped,skipped,,4
149,Con,skipped,skipped,skipped,,4
150,Con,skipped,skipped,skipped,,4
151,Con,skipped,skipped,skipped,,4
152,Con,skipped,skipped,skipped,,4
153,Con,skipped,skipped,skipped,,4
154,Con,skipped,skipped,skipped,,4
155,Con,skipped,skipped,skipped,,4
156,Con,skipped,skipped,skipped,,4
157,Con,skipped,skipped,skipped,,4
158,Con,skipped,skipped,skipped,,4
159,Con,skipped,skipped,skipped,,4
160,Con,skipped,skipped,skipped,,4
161,Con,skipped,skipped,skipped,,4
162,Con,skipped,skipped,skipped,,4
163,Con,skipped,skipped,skipped,,4
164,Con,skipped,skipped,skipped,,4
165,Con,skipped,skipped,skipped,,4
166,Con,skipped,skipped,skipped,,4
167,Con,skipped,skipped,skipped,,4
168,Con,skipped,skipped,skipped,,4
169,Con,skipped,skipped,skipped,,4
170,Con,skipped,skipped,skipped,,4
171,Con,skipped,skipped,skipped,,4
172,Con,skipped,skipped,skipped,,4
173,Con,skipped,skipped,skipped,,4
174,Con,skipped,skipped,skipped,,4
175,Con,skipped,skipped,skipped,,4
176,Con,skipped,skipped,skipped,,4
177,Con,skipped,skipped,skipped,,4
178,Con,skipped,skipped,skipped,,4
179,Con,skipped,skipped,skipped,,4
180,Con,skipped,skipped,skipped,,4
181,Con,skipped,skipped,skipped,,4
182,Con,skipped,skipped,skipped,,4
183,Con,skipped,skipped,skipped,,4
184,Con,skipped,skipped,skipped,,4
185,Con,skipped,skipped,skipped,,4
186,Con,skipped,skipped,skipped,,4
187,Con,skipped,skipped,skipped,,4
188,Con,skipped,skipped,skipped,,4
189,Con,skipped,skipped,skipped,,4
190,Con,skipped,skipped,skipped,,4
191,Con,skipped,skipped,skipped,,4
192,Con,skipped,skipped,skipped,,4
193,Con,skipped,skipped,skipped,,4
194,Con,skipped,skipped,skipped,,4
195,Con,skipped,skipped,skipped,,4
196,Con,skipped,skipped,skipped,,4
197,Con,skipped,skipped,skipped,,4
198,Con,skipped,skipped,skipped,,4
199,Con,skipped,skipped,skipped,,4
200,Con,skipped,skipped,skipped,,4
201,Con,skipped,skipped,skipped,,4
202,Con,skipped,skipped,skipped,,4
203,Con,skipped,skipped,skipped,,4
204,Con,skipped,skipped,skipped,,4
205,Con,skipped,skipped,skipped,,4
206,Con,skipped,skipped,skipped,,4
207,Con,skipped,skipped,skipped,,4
208,Con,skipped,skipped,skipped,,4
209,Con,skipped,skipped,skipped,,4
210,Con,skipped,skipped,skipped,,4
211,Con,skipped,skipped,skipped,,4
212,Con,skipped,skipped,skipped,,4
213,Con,skipped,skipped,skipped,,4
214,Con,skipped,skipped,skipped,,4
215,Con,skipped,skipped,skipped,,4
216,Con,skipped,skipped,skipped,,4
217,Con,skipped,skipped,skipped,,4
218,Con,skipped,skipped,skipped,,4
219,Con,skipped,skipped,skipped,,4
220,Con,skipped,skipped,skipped,,4
221,Con,skipped,skipped,skipped,,4
222,Con,skipped,skipped,skipped,,4
223,Con,skipped,skipped,skipped,,4
224,Con,skipped,skipped,skipped,,4
225,Con,skipped,skipped,skipped,,4
226,Con,skipped,skipped,skipped,,4
227,Con,skipped,skipped,skipped,,4
228,Con,skipped,skipped,skipped,,4
229,Con,skipped,skipped,skipped,,4
230,Con,skipped,skipped,skipped,,4
231,Con,skipped,skipped,skipped,,4
232,Con,skipped,skipped,skipped,,4
233,Con,skipped,skipped,skipped,,4
234,Con,skipped,skipped,skipped,,4
235,Con,skipped,skipped,skipped,,4
236,Con,skipped,skipped,skipped,,4
237,Con,skipped,skipped,skipped,,4
238,Con,skipped,skipped,skipped,,4
239,Con,skipped,skipped,skipped,,4
240,Con,skipped,skipped,skipped,,4
241,Con,skipped,skipped,skipped,,4
242,Con,skipped,skipped,skipped,,4
243,Con,skipped,skipped,skipped,,4
244,Con,skipped,skipped,skipped,,4
245,Con,skipped,skipped,skipped,,4
246,Con,skipped,skipped,skipped,,4
247,Con,skipped,skipped,skipped,,4
248,Con,skipped,skipped,skipped,,4
249,Con,skipped,skipped,skipped,,4
250,Con,skipped,skipped,skipped,,4
251,Con,skipped,skipped,skipped,,4
252,Con,skipped,skipped,skipped,,4
253,Con,skipped,skipped,skipped,,4
254,Con,skipped,skipped,skipped,,4
255,Con,skipped,skipped,skipped,,4
256,Con,skipped,skipped,skipped,,4
257,Con,skipped,skipped,skipped,,4
258,Con,skipped,skipped,skipped,,4
259,Con,skipped,skipped,skipped,,4
260,Con,skipped,skipped,skipped,,4
261,Con,skipped,skipped,skipped,,4
262,Con,skipped,skipped,skipped,,4
263,Con,skipped,skipped,skipped,,4
264,Con,skipped,skipped,skipped,,4
265,Con,skipped,skipped,skipped,,4
266,Con,skipped,skipped,skipped,,4
267,Con,skipped,skipped,skipped,,4
268,Con,skipped,skipped,skipped,,4
269,Con,skipped,skipped,skipped,,4
270,Con,skipped,skipped,skipped,,4
271,Con,skipped,skipped,skipped,,4
272,Con,skipped,skipped,skipped,,4
273,Con,skipped,skipped,skipped,,4
274,Con,skipped,skipped,skipped,,4
275,Con,skipped,skipped,skipped,,4
276,Con,skipped,skipped,skipped,,4
277,Con,skipped,skipped,skipped,,4
278,Con,skipped,skipped,skipped,,4
279,Con,skipped,skipped,skipped,,4
280,Con,skipped,skipped,skipped,,4
281,Con,skipped,skipped,skipped,,4
282,Con,skipped,skipped,skipped,,4
283,Con,skipped,skipped,skipped,,4
284,Con,skipped,skipped,skipped,,4
285,Con,skipped,skipped,skipped,,4
286,Con,skipped,skipped,skipped,,4
287,Con,skipped,skipped,skipped,,4
288,Con,skipped,skipped,skipped,,4
289,Con,skipped,skipped,skipped,,4
290,Con,skipped,skipped,skipped,,4
291,Con,skipped,skipped,skipped,,4
292,Con,skipped,skipped,skipped,,4
293,Con,skipped,skipped,skipped,,4
294,Con,skipped,skipped,skipped,,4
295,Con,skipped,skipped,skipped,,4
296,Con,skipped,skipped,skipped,,4
297,Con,skipped,skipped,skipped,,4
298,Con,skipped,skipped,skipped,,4
299,Con,skipped,skipped,skipped,,4
300,Con,skipped,skipped,skipped,,4
301,Con,skipped,skipped,skipped,,4
302,Con,skipped,skipped,skipped,,4
303,Con,skipped,skipped,skipped,,4
304,Con,skipped,skipped,skipped,,4
305,Con,skipped,skipped,skipped,,4
306,Con,skipped,skipped,skipped,,4
307,Con,skipped,skipped,skipped,,4
308,Con,skipped,skipped,skipped,,4
309,Con,skipped,skipped,skipped,,4
310,Con,skipped,skipped,skipped,,4
311,Con,skipped,skipped,skipped,,4
312,Con,skipped,skipped,skipped,,4
313,Con,skipped,skipped,skipped,,4
314,Con,skipped,skipped,skipped,,4
315,Con,skipped,skipped,skipped,,4
316,Con,skipped,skipped,skipped,,4
317,Con,skipped,skipped,skipped,,4
318,Con,skipped,skipped,skipped,,4
319,Con,skipped,skipped,skipped,,4
320,Con,skipped,skipped,skipped,,4
321,Con,skipped,skipped,skipped,,4
322,Con,skipped,skipped,skipped,,4
323,Con,skipped,skipped,skipped,,4
324,Con,skipped,skipped,skipped,,4
325,Con,skipped,skipped,skipped,,4
326,Con,skipped,skipped,skipped,,4
327,Con,skipped,skipped,skipped,,4
328,Con,skipped,skipped,skipped,,4
329,Con,skipped,skipped,skipped,,4
330,Con,skipped,skipped,skipped,,4
331,Con,skipped,skipped,skipped,,4
332,Con,skipped,skipped,skipped,,4
333,Con,skipped,skipped,skipped,,4
334,Con,skipped,skipped,skipped,,4
335,Con,skipped,skipped,skipped,,4
336,Con,skipped,skipped,skipped,,4
337,Con,skipped,skipped,skipped,,4
338,Con,skipped,skipped,skipped,,4
339,Con,skipped,skipped,skipped,,4
340,Con,skipped,skipped,skipped,,4
341,Con,skipped,skipped,skipped,,4
342,Con,skipped,skipped,skipped,,4
343,Con,skipped,skipped,skipped,,4
344,Con,skipped,skipped,skipped,,4
345,Con,skipped,skipped,skipped,,4
346,Con,skipped,skipped,skipped,,4
347,Con,skipped,skipped,skipped,,4
348,Con,skipped,skipped,skipped,,4
349,Con,skipped,skipped,skipped,,4
350,Con,skipped,skipped,skipped,,4
351,Con,skipped,skipped,skipped,,4
352,Con,skipped,skipped,skipped,,4
353,Con,skipped,skipped,skipped,,4
354,Con,skipped,skipped,skipped,,4
355,Con,skipped,skipped,skipped,,4
356,Con,skipped,skipped,skipped,,4
357,Con,skipped,skipped,skipped,,4
358,Con,skipped,skipped,skipped,,4
359,Con,skipped,skipped,skipped,,4
360,Con,skipped,skipped,skipped,,4
361,Con,skipped,skipped,skipped,,4
362,Con,skipped,skipped,skipped,,4
363,Con,skipped,skipped,skipped,,4
364,Con,skipped,skipped,skipped,,4
365,Con,skipped,skipped,skipped,,4
366,Con,skipped,skipped,skipped,,4
367,Con,skipped,skipped,skipped,,4
368,Con,skipped,skipped,skipped,,4
369,Con,skipped,skipped,skipped,,4
370,Con,skipped,skipped,skipped,,4
371,Con,skipped,skipped,skipped,,4
372,Con,skipped,skipped,skipped,,4
373,Con,skipped,skipped,skipped,,4
374,Con,skipped,skipped,skipped,,4
375,Con,skipped,skipped,skipped,,4
376,Con,skipped,skipped,skipped,,4
377,Con,skipped,skipped,skipped,,4
378,Con,skipped,skipped,skipped,,4
379,Con,skipped,skipped,skipped,,4
380,Con,skipped,skipped,skipped,,4
381,Con,skipped,skipped,skipped,,4
382,Con,skipped,skipped,skipped,,4
383,Con,skipped,skipped,skipped,,4
384,Con,skipped,skipped,skipped,,4
385,Con,skipped,skipped,skipped,,4
386,Con,skipped,skipped,skipped,,4
387,Con,skipped,skipped,skipped,,4
388,Con,skipped,skipped,skipped,,4
389,Con,skipped,skipped,skipped,,4
390,Con,skipped,skipped,skipped,,4
391,Con,skipped,skipped,skipped,,4
392,Con,skipped,skipped,skipped,,4
393,Con,skipped,skipped,skipped,,4
394,Con,skipped,skipped,skipped,,4
395,Con,skipped,skipped,skipped,,4
396,Con,skipped,skipped,skipped,,4
397,Con,skipped,skipped,skipped,,4
398,Con,skipped,skipped,skipped,,4
399,Con,skipped,skipped,skipped,,4
400,Con,skipped,skipped,skipped,,4
401,Con,skipped,skipped,skipped,,4
402,Con,skipped,skipped,skipped,,4
403,Con,skipped,skipped,skipped,,4
404,Con,skipped,skipped,skipped,,4
405,Con,skipped,skipped,skipped,,4
406,Con,skipped,skipped,skipped,,4
407,Con,skipped,skipped,skipped,,4
408,Con,skipped,skipped,skipped,,4
409,Con,skipped,skipped,skipped,,4
410,Con,skipped,skipped,skipped,,4
411,Con,skipped,skipped,skipped,,4
412,Con,skipped,skipped,skipped,,4
413,Con,skipped,skipped,skipped,,4
414,Con,skipped,skipped,skipped,,4
415,Con,skipped,skipped,skipped,,4
416,Con,skipped,skipped,skipped,,4
417,Con,skipped,skipped,skipped,,4
418,Con,skipped,skipped,skipped,,4
419,Con,skipped,skipped,skipped,,4
420,Con,skipped,skipped,skipped,,4
421,Con,skipped,skipped,skipped,,4
422,Con,skipped,skipped,skipped,,4
423,Con,skipped,skipped,skipped,,4
424,Con,skipped,skipped,skipped,,4
425,Con,skipped,skipped,skipped,,4
426,Con,skipped,skipped,skipped,,4
427,Con,skipped,skipped,skipped,,4
428,Con,skipped,skipped,skipped,,4
429,Con,skipped,skipped,skipped,,4
430,Con,skipped,skipped,skipped,,4
431,Con,skipped,skipped,skipped,,4
432,Con,skipped,skipped,skipped,,4
433,Con,skipped,skipped,skipped,,4
434,Con,skipped,skipped,skipped,,4
435,Con,skipped,skipped,skipped,,4
436,Con,skipped,skipped,skipped,,4
437,Con,skipped,skipped,skipped,,4
438,Con,skipped,skipped,skipped,,4
439,Con,skipped,skipped,skipped,,4
440,Con,skipped,skipped,skipped,,4
441,Con,skipped,skipped,skipped,,4
442,Con,skipped,skipped,skipped,,4
443,Con,skipped,skipped,skipped,,4
444,Con,skipped,skipped,skipped,,4
445,Con,skipped,skipped,skipped,,4
446,Con,skipped,skipped,skipped,,4
447,Con,skipped,skipped,skipped,,4
448,Con,skipped,skipped,skipped,,4
449,Con,skipped,skipped,skipped,,4
450,Con,skipped,skipped,skipped,,4
451,Con,skipped,skipped,skipped,,4
452,Con,skipped,skipped,skipped,,4
453,Con,skipped,skipped,skipped,,4
454,Con,skipped,skipped,skipped,,4
455,Con,skipped,skipped,skipped,,4
456,Con,skipped,skipped,skipped,,4
457,Con,skipped,skipped,skipped,,4
458,Con,skipped,skipped,skipped,,4
459,Con,skipped,skipped,skipped,,4
460,Con,skipped,skipped,skipped,,4
461,Con,skipped,skipped,skipped,,4
462,Con,skipped,skipped,skipped,,4
463,Con,skipped,skipped,skipped,,4
464,Con,skipped,skipped,skipped,,4
465,Con,skipped,skipped,skipped,,4
466,Con,skipped,skipped,skipped,,4
467,Con,skipped,skipped,skipped,,4
468,Con,skipped,skipped,skipped,,4
469,Con,skipped,skipped,skipped,,4
470,Con,skipped,skipped,skipped,,4
471,Con,skipped,skipped,skipped,,4
472,Con,skipped,skipped,skipped,,4
473,Con,skipped,skipped,skipped,,4
474,Con,skipped,skipped,skipped,,4
475,Con,skipped,skipped,skipped,,4
476,Con,skipped,skipped,skipped,,4
477,Con,skipped,skipped,skipped,,4
478,Con,skipped,skipped,skipped,,4
479,Con,skipped,skipped,skipped,,4
480,Con,skipped,skipped,skipped,,4
481,Con,skipped,skipped,skipped,,4
482,Con,skipped,skipped,skipped,,4
483,Con,skipped,skipped,skipped,,4
484,Con,skipped,skipped,skipped,,4
485,Con,skipped,skipped,skipped,,4
486,Con,skipped,skipped,skipped,,4
487,Con,skipped,skipped,skipped,,4
488,Con,skipped,skipped,skipped,,4
489,Con,skipped,skipped,skipped,,4
490,Con,skipped,skipped,skipped,,4
491,Con,skipped,skipped,skipped,,4
492,Con,skipped,skipped,skipped,,4
493,Con,skipped,skipped,skipped,,4
494,Con,skipped,skipped,skipped,,4
495,Con,skipped,skipped,skipped,,4
496,Con,skipped,skipped,skipped,,4
497,Con,skipped,skipped,skipped,,4
498,Con,skipped,skipped,skipped,,4
499,Con,skipped,skipped,skipped,,4
500,Con,skipped,skipped,skipped,,4
501,Con,skipped,skipped,skipped,,4
502,Con,skipped,skipped,skipped,,4
503,Con,skipped,skipped,skipped,,4
504,Con,SNP,skipped,skipped,,4
505,Con,SNP,skipped,skipped,,4
506,Con,SNP,skipped,skipped,,4
507,Con,SNP,skipped,skipped,,4
508,Con,SNP,skipped,skipped,,4
509,Con,SNP,skipped,skipped,,4
510,Con,SNP,skipped,skipped,,4
511,Con,SNP,skipped,skipped,,4
512,Con,SNP,skipped,skipped,,4
513,Con,SNP,skipped,skipped,,4
514,Con,SNP,skipped,skipped,,4
515,Con,SNP,skipped,skipped,,4
516,Con,SNP,skipped,skipped,,4
517,Con,SNP,skipped,skipped,,4
518,Con,SNP,skipped,skipped,,4
519,Con,SNP,skipped,skipped,,4
520,Con,SNP,skipped,skipped,,4
521,Con,SNP,skipped,skipped,,4
522,Con,SNP,LD,skipped,,4
523,Con,SNP,LD,skipped,,4
524,Con,SNP,LD,skipped,,4
525,Con,SNP,LD,skipped,,4
526,Con,SNP,LD,skipped,,4
527,Con,SNP,LD,skipped,,4
528,Con,SNP,LD,skipped,,4
529,Con,SNP,LD,skipped,,4
530,Con,SNP,LD,skipped,,4
531,Con,SNP,LD,skipped,,4
532,Con,SNP,LD,skipped,,4
533,Con,SNP,LD,skipped,,4
534,Con,SNP,LD,skipped,,4
535,Con,SNP,LD,skipped,,4
536,Con,SNP,LD,skipped,,4
537,Con,SNP,LD,skipped,,4
538,Con,SNP,LD,skipped,,4
539,Con,SNP,LD,skipped,,4
540,Con,SNP,LD,skipped,,4
541,Con,SNP,LD,skipped,,4
542,Con,SNP,LD,skipped,,4
543,Con,SNP,LD,skipped,,4
544,Con,SNP,LD,skipped,,4
545,Con,SNP,LD,skipped,,4
546,Con,SNP,LD,skipped,,4
547,Con,SNP,LD,skipped,,4
548,Con,SNP,LD,skipped,,4
549,Con,SNP,LD,skipped,,4
550,Con,SNP,LD,skipped,,4
551,Con,SNP,LD,skipped,,4
552,Con,SNP,LD,skipped,,4
553,Con,LD,skipped,skipped,,4
554,Con,LD,skipped,skipped,,4
555,Con,LD,skipped,skipped,,4
556,Con,LD,skipped,skipped,,4
557,Con,LD,skipped,skipped,,4
558,Con,LD,skipped,skipped,,4
559,Con,LD,skipped,skipped,,4
560,Con,LD,skipped,skipped,,4
561,Con,LD,skipped,skipped,,4
562,Con,LD,skipped,skipped,,4
563,Con,LD,skipped,skipped,,4
564,Con,LD,skipped,skipped,,4
565,Con,LD,skipped,skipped,,4
566,Con,LD,skipped,skipped,,4
567,Con,LD,skipped,skipped,,4
568,Con,LD,skipped,skipped,,4
569,Con,LD,skipped,skipped,,4
570,Con,LD,skipped,skipped,,4
571,Con,LD,skipped,skipped,,4
572,Con,LD,skipped,skipped,,4
573,Con,LD,skipped,skipped,,4
574,Con,LD,skipped,skipped,,4
575,Con,LD,skipped,skipped,,4
576,Con,LD,skipped,skipped,,4
577,Con,LD,skipped,skipped,,4
578,Con,LD,skipped,skipped,,4
579,Con,LD,skipped,skipped,,4
580,Con,LD,skipped,skipped,,4
581,Con,LD,skipped,skipped,,4
582,Con,LD,skipped,skipped,,4
583,Con,LD,skipped,skipped,,4
584,Con,LD,skipped,skipped,,4
585,Con,LD,skipped,skipped,,4
586,Con,LD,skipped,skipped,,4
587,Con,LD,skipped,skipped,,4
588,Con,LD,skipped,skipped,,4
589,Con,LD,skipped,skipped,,4
590,Con,LD,skipped,skipped,,4
591,Con,LD,skipped,skipped,,4
592,Con,LD,skipped,skipped,,4
593,Con,LD,skipped,skipped,,4
594,Con,LD,skipped,skipped,,4
595,Con,LD,skipped,skipped,,4
596,Con,LD,skipped,skipped,,4
597,Con,LD,skipped,skipped,,4
598,Con,LD,skipped,skipped,,4
599,Con,LD,skipped,skipped,,4
600,Con,LD,skipped,skipped,,4
601,Con,LD,skipped,skipped,,4
602,Con,LD,skipped,skipped,,4
603,Con,LD,skipped,skipped,,4
604,Con,LD,skipped,skipped,,4
605,Con,LD,skipped,skipped,,4
606,Con,LD,skipped,skipped,,4
607,Con,LD,skipped,skipped,,4
608,Con,LD,skipped,skipped,,4
609,Con,LD,skipped,skipped,,4
610,Con,LD,skipped,skipped,,4
611,Con,LD,skipped,skipped,,4
612,Con,LD,skipped,skipped,,4
613,Con,LD,skipped,skipped,,4
614,Con,LD,skipped,skipped,,4
615,Con,LD,skipped,skipped,,4
616,Con,LD,skipped,skipped,,4
617,Con,LD,skipped,skipped,,4
618,Con,LD,skipped,skipped,,4
619,Con,LD,skipped,skipped,,4
620,Con,LD,skipped,skipped,,4
621,Con,LD,skipped,skipped,,4
622,Con,LD,skipped,skipped,,4
623,Con,LD,skipped,skipped,,4
624,Con,LD,skipped,skipped,,4
625,Con,LD,skipped,skipped,,4
626,Con,LD,skipped,skipped,,4
627,Con,LD,skipped,skipped,,4
628,Con,LD,skipped,skipped,,4
629,Con,LD,skipped,skipped,,4
630,Con,LD,skipped,skipped,,4
631,Con,LD,skipped,skipped,,4
632,Con,LD,skipped,skipped,,4
633,Con,LD,skipped,skipped,,4
634,Con,LD,skipped,skipped,,4
635,Con,LD,skipped,skipped,,4
636,Con,LD,skipped,skipped,,4
637,Con,LD,skipped,skipped,,4
638,Con,LD,skipped,skipped,,4
639,Con,LD,skipped,skipped,,4
640,Con,LD,skipped,skipped,,4
641,Con,LD,skipped,skipped,,4
642,Con,LD,skipped,skipped,,4
643,Con,LD,skipped,skipped,,4
644,Con,LD,skipped,skipped,,4
645,Con,LD,skipped,skipped,,4
646,Con,LD,skipped,skipped,,4
647,Con,LD,skipped,skipped,,4
648,Con,LD,skipped,skipped,,4
649,Con,LD,skipped,skipped,,4
650,Con,LD,skipped,skipped,,4
651,Con,LD,skipped,skipped,,4
652,Con,LD,skipped,skipped,,4
653,Con,LD,skipped,skipped,,4
654,Con,LD,skipped,skipped,,4
655,Con,LD,skipped,skipped,,4
656,Con,LD,skipped,skipped,,4
657,Con,LD,skipped,skipped,,4
658,Con,LD,skipped,skipped,,4
659,Con,LD,skipped,skipped,,4
660,Con,LD,skipped,skipped,,4
661,Con,LD,skipped,skipped,,4
662,Con,LD,skipped,skipped,,4
663,Con,LD,skipped,skipped,,4
664,Con,LD,skipped,skipped,,4
665,Con,LD,skipped,skipped,,4
666,Con,LD,skipped,skipped,,4
667,Con,LD,skipped,skipped,,4
668,Con,LD,skipped,skipped,,4
669,Con,LD,skipped,skipped,,4
670,Con,LD,skipped,skipped,,4
671,Con,LD,skipped,skipped,,4
672,Con,LD,skipped,skipped,,4
673,Con,LD,skipped,skipped,,4
674,Con,LD,skipped,skipped,,4
675,Con,LD,skipped,skipped,,4
676,Con,LD,skipped,skipped,,4
677,Con,LD,skipped,skipped,,4
678,Con,LD,skipped,skipped,,4
679,Con,LD,skipped,skipped,,4
680,Con,LD,skipped,skipped,,4
681,Con,LD,skipped,skipped,,4
682,Con,LD,skipped,skipped,,4
683,Con,LD,skipped,skipped,,4
684,Con,LD,skipped,skipped,,4
685,Con,LD,skipped,skipped,,4
686,Con,LD,skipped,skipped,,4
687,Con,LD,skipped,skipped,,4
688,Con,LD,skipped,skipped,,4
689,Con,LD,skipped,skipped,,4
690,Con,LD,skipped,skipped,,4
691,Con,LD,skipped,skipped,,4
692,Con,LD,skipped,skipped,,4
693,Con,LD,skipped,skipped,,4
694,Con,LD,skipped,skipped,,4
695,Con,LD,skipped,skipped,,4
696,Con,LD,skipped,skipped,,4
697,Con,LD,skipped,skipped,,4
698,Con,LD,skipped,skipped,,4
699,Con,LD,skipped,skipped,,4
700,Con,LD,skipped,skipped,,4
701,Con,LD,skipped,skipped,,4
702,Con,LD,skipped,skipped,,4
703,Con,LD,skipped,skipped,,4
704,Con,LD,skipped,skipped,,4
705,Con,LD,skipped,skipped,,4
706,Con,LD,skipped,skipped,,4
707,Con,LD,skipped,skipped,,4
708,Con,LD,skipped,skipped,,4
709,Con,LD,skipped,skipped,,4
710,Con,LD,skipped,skipped,,4
711,Con,LD,skipped,skipped,,4
712,Con,LD,skipped,skipped,,4
713,Con,LD,skipped,skipped,,4
714,Con,LD,skipped,skipped,,4
715,Con,LD,skipped,skipped,,4
716,Con,LD,skipped,skipped,,4
717,Con,LD,skipped,skipped,,4
718,Con,LD,skipped,skipped,,4
719,Con,LD,skipped,skipped,,4
720,Con,LD,skipped,skipped,,4
721,Con,LD,skipped,skipped,,4
722,Con,LD,skipped,skipped,,4
723,Con,LD,skipped,skipped,,4
724,Con,LD,skipped,skipped,,4
725,Con,LD,skipped,skipped,,4
726,Con,LD,skipped,skipped,,4
727,Con,LD,skipped,skipped,,4
728,Con,LD,skipped,skipped,,4
729,Con,LD,skipped,skipped,,4
730,Con,LD,skipped,skipped,,4
731,Con,LD,skipped,skipped,,4
732,Con,LD,skipped,skipped,,4
733,Con,LD,skipped,skipped,,4
734,Con,LD,skipped,skipped,,4
735,Con,LD,skipped,skipped,,4
736,Con,LD,skipped,skipped,,4
737,Con,LD,skipped,skipped,,4
738,Con,LD,skipped,skipped,,4
739,Con,LD,skipped,skipped,,4
740,Con,LD,skipped,skipped,,4
741,Con,LD,skipped,skipped,,4
742,Con,LD,skipped,skipped,,4
743,Con,LD,skipped,skipped,,4
744,Con,LD,skipped,skipped,,4
745,Con,LD,skipped,skipped,,4
746,Con,LD,skipped,skipped,,4
747,Con,LD,skipped,skipped,,4
748,Con,LD,skipped,skipped,,4
749,Con,LD,skipped,skipped,,4
750,Con,LD,skipped,skipped,,4
751,Con,LD,skipped,skipped,,4
752,Con,LD,skipped,skipped,,4
753,Con,LD,skipped,skipped,,4
754,Con,LD,skipped,skipped,,4
755,Con,LD,skipped,skipped,,4
756,Con,LD,skipped,skipped,,4
757,Con,LD,skipped,skipped,,4
758,Con,LD,skipped,skipped,,4
759,Con,LD,skipped,skipped,,4
760,Con,LD,skipped,skipped,,4
761,Con,LD,skipped,skipped,,4
762,Con,LD,skipped,skipped,,4
763,Con,LD,skipped,skipped,,4
764,Con,LD,skipped,skipped,,4
765,Con,LD,skipped,skipped,,4
766,Con,LD,skipped,skipped,,4
767,Con,LD,skipped,skipped,,4
768,Con,LD,skipped,skipped,,4
769,Con,LD,skipped,skipped,,4
770,Con,LD,skipped,skipped,,4
771,Con,LD,skipped,skipped,,4
772,Con,LD,skipped,skipped,,4
773,Con,LD,skipped,skipped,,4
774,Con,LD,skipped,skipped,,4
775,Con,LD,skipped,skipped,,4
776,Con,LD,skipped,skipped,,4
777,Con,LD,skipped,skipped,,4
778,Con,LD,skipped,skipped,,4
779,Con,LD,skipped,skipped,,4
780,Con,LD,skipped,skipped,,4
781,Con,LD,skipped,skipped,,4
782,Con,LD,skipped,skipped,,4
783,Con,LD,skipped,skipped,,4
784,Con,LD,skipped,skipped,,4
785,Con,LD,skipped,skipped,,4
786,Con,LD,skipped,skipped,,4
787,Con,LD,skipped,skipped,,4
788,Con,LD,skipped,skipped,,4
789,Con,LD,skipped,skipped,,4
790,Con,LD,skipped,skipped,,4
791,Con,LD,skipped,skipped,,4
792,Con,LD,skipped,skipped,,4
793,Con,LD,skipped,skipped,,4
794,Con,LD,skipped,skipped,,4
795,Con,LD,skipped,skipped,,4
796,Con,LD,skipped,skipped,,4
797,Con,LD,skipped,skipped,,4
798,Con,LD,skipped,skipped,,4
799,Con,LD,skipped,skipped,,4
800,Con,LD,skipped,skipped,,4
801,Con,LD,skipped,skipped,,4
802,Con,LD,skipped,skipped,,4
803,Con,LD,skipped,skipped,,4
804,Con,LD,skipped,skipped,,4
805,Con,LD,skipped,skipped,,4
806,Con,LD,skipped,skipped,,4
807,Con,LD,skipped,skipped,,4
808,Con,LD,skipped,skipped,,4
809,Con,LD,skipped,skipped,,4
810,Con,LD,skipped,skipped,,4
811,Con,LD,skipped,skipped,,4
812,Con,LD,skipped,skipped,,4
813,Con,LD,skipped,skipped,,4
814,Con,LD,skipped,skipped,,4
815,Con,LD,skipped,skipped,,4
816,Con,LD,skipped,skipped,,4
817,Con,LD,skipped,skipped,,4
818,Con,LD,skipped,skipped,,4
819,Con,LD,skipped,skipped,,4
820,Con,LD,skipped,skipped,,4
821,Con,LD,skipped,skipped,,4
822,Con,LD,skipped,skipped,,4
823,Con,LD,skipped,skipped,,4
824,Con,LD,skipped,skipped,,4
825,Con,LD,skipped,skipped,,4
826,Con,LD,skipped,skipped,,4
827,Con,LD,skipped,skipped,,4
828,Con,LD,skipped,skipped,,4
829,Con,LD,skipped,skipped,,4
830,Con,LD,skipped,skipped,,4
831,Con,LD,skipped,skipped,,4
832,Con,LD,skipped,skipped,,4
833,Con,LD,skipped,skipped,,4
834,Con,LD,skipped,skipped,,4
835,Con,LD,skipped,skipped,,4
836,Con,LD,skipped,skipped,,4
837,Con,LD,skipped,skipped,,4
838,Con,LD,skipped,skipped,,4
839,Con,LD,skipped,skipped,,4
840,Con,LD,skipped,skipped,,4
841,Con,LD,skipped,skipped,,4
842,Con,LD,skipped,skipped,,4
843,Con,LD,skipped,skipped,,4
844,Con,LD,skipped,skipped,,4
845,Con,LD,skipped,skipped,,4
846,Con,LD,SNP,skipped,,4
847,Con,LD,SNP,skipped,,4
848,Con,LD,SNP,skipped,,4
849,Con,LD,SNP,skipped,,4
850,Con,LD,SNP,skipped,,4
851,Con,LD,SNP,skipped,,4
852,Con,LD,SNP,skipped,,4
853,Con,LD,SNP,skipped,,4
854,Con,LD,SNP,skipped,,4
855,Con,LD,SNP,skipped,,4
856,Con,LD,SNP,skipped,,4
857,Con,LD,SNP,skipped,,4
858,Con,LD,SNP,skipped,,4
859,Con,LD,SNP,skipped,,4
860,Con,LD,SNP,skipped,,4
861,Con,LD,SNP,skipped,,4
862,Con,LD,SNP,skipped,,4
863,Con,LD,SNP,skipped,,4
864,Con,LD,SNP,skipped,,4
865,Con,LD,SNP,skipped,,4
866,Con,LD,SNP,skipped,,4
867,Con,LD,SNP,skipped,,4
868,Con,LD,SNP,skipped,,4
869,Con,LD,SNP,skipped,,4
870,Con,LD,SNP,skipped,,4
871,Con,LD,SNP,skipped,,4
872,Con,LD,SNP,skipped,,4
873,Con,LD,SNP,skipped,,4
874,Con,LD,SNP,skipped,,4
875,Con,LD,SNP,skipped,,4
876,Con,LD,SNP,skipped,,4
877,Con,LD,SNP,skipped,,4
878,Con,LD,SNP,skipped,,4
879,Con,LD,SNP,skipped,,4
880,Con,LD,SNP,skipped,,4
881,Con,LD,SNP,skipped,,4
882,Con,LD,SNP,skipped,,4
883,Con,LD,SNP,skipped,,4
884,Con,LD,SNP,skipped,,4
885,Con,LD,SNP,skipped,,4
886,Con,LD,SNP,skipped,,4
887,Con,LD,SNP,skipped,,4
888,Con,LD,SNP,skipped,,4
889,Con,LD,SNP,skipped,,4
890,Con,LD,SNP,skipped,,4
891,Con,LD,SNP,skipped,,4
892,Con,LD,SNP,skipped,,4
893,Con,LD,SNP,skipped,,4
894,Con,LD,SNP,skipped,,4
895,Con,LD,SNP,skipped,,4
896,Con,LD,SNP,skipped,,4
897,Con,LD,SNP,skipped,,4
898,Con,LD,SNP,skipped,,4
899,Con,LD,SNP,skipped,,4
900,Con,LD,SNP,skipped,,4
901,Con,LD,SNP,skipped,,4
902,Con,LD,SNP,skipped,,4
903,Con,LD,SNP,skipped,,4
904,Con,LD,SNP,skipped,,4
905,Con,LD,SNP,skipped,,4
906,Con,LD,SNP,skipped,,4
907,Con,LD,SNP,skipped,,4
908,Con,LD,SNP,skipped,,4
909,Con,LD,SNP,skipped,,4
910,Con,LD,SNP,skipped,,4
911,Con,LD,SNP,skipped,,4
912,Con,LD,SNP,skipped,,4
913,Con,LD,SNP,skipped,,4
914,Con,LD,SNP,skipped,,4
915,Con,LD,SNP,skipped,,4
916,Con,LD,SNP,skipped,,4
917,Con,LD,SNP,skipped,,4
918,Con,LD,SNP,skipped,,4
919,Con,LD,SNP,skipped,,4
920,Con,LD,SNP,skipped,,4
921,Con,LD,SNP,skipped,,4
922,Con,LD,SNP,skipped,,4
923,Con,LD,SNP,skipped,,4
924,Con,LD,SNP,skipped,,4
925,Con,LD,SNP,skipped,,4
926,Con,LD,SNP,skipped,,4
927,Con,LD,SNP,skipped,,4
928,Con,LD,SNP,skipped,,4
929,Con,LD,SNP,skipped,,4
930,Con,LD,SNP,skipped,,4
931,Con,LD,SNP,skipped,,4
932,Con,LD,SNP,skipped,,4
933,Con,LD,SNP,skipped,,4
934,Con,LD,SNP,skipped,,4
935,Con,LD,SNP,skipped,,4
936,Con,LD,SNP,skipped,,4
937,Con,LD,SNP,skipped,,4
938,Con,LD,SNP,skipped,,4
939,Con,LD,SNP,skipped,,4
940,Con,LD,SNP,skipped,,4
941,Con,LD,SNP,skipped,,4
942,Con,LD,SNP,skipped,,4
943,Con,LD,SNP,skipped,,4
944,Con,LD,SNP,skipped,,4
945,Con,LD,SNP,skipped,,4
946,Con,LD,SNP,skipped,,4
947,Con,LD,SNP,skipped,,4
948,Con,LD,SNP,skipped,,4
949,Con,LD,SNP,skipped,,4
950,Con,LD,SNP,skipped,,4
951,Con,LD,SNP,skipped,,4
952,Con,LD,SNP,skipped,,4
953,Con,LD,SNP,skipped,,4
954,Con,LD,SNP,skipped,,4
955,Con,LD,SNP,skipped,,4
956,Con,LD,SNP,skipped,,4
957,Con,LD,SNP,skipped,,4
958,Con,LD,SNP,skipped,,4
959,Con,LD,SNP,skipped,,4
960,Con,LD,SNP,skipped,,4
961,Con,LD,SNP,skipped,,4
962,Con,LD,SNP,skipped,,4
963,Con,LD,SNP,skipped,,4
964,Con,LD,SNP,skipped,,4
965,Con,LD,SNP,skipped,,4
966,Con,LD,SNP,skipped,,4
967,Con,LD,SNP,skipped,,4
968,Con,LD,SNP,skipped,,4
969,Con,LD,SNP,skipped,,4
970,Con,LD,SNP,skipped,,4
971,Con,LD,SNP,skipped,,4
972,Con,LD,SNP,skipped,,4
973,Con,LD,SNP,skipped,,4
974,Con,LD,SNP,skipped,,4
975,Con,LD,SNP,skipped,,4
976,Con,LD,SNP,skipped,,4
977,Con,LD,SNP,skipped,,4
978,Con,LD,SNP,skipped,,4
979,Con,LD,SNP,skipped,,4
980,Con,LD,SNP,skipped,,4
981,Con,LD,SNP,skipped,,4
982,Con,LD,SNP,skipped,,4
983,Con,LD,SNP,skipped,,4
984,Con,LD,SNP,skipped,,4
985,Con,LD,SNP,skipped,,4
986,Con,LD,SNP,skipped,,4
987,Con,LD,SNP,skipped,,4
988,Con,LD,SNP,skipped,,4
989,Con,LD,SNP,skipped,,4
990,Con,LD,SNP,skipped,,4
991,Con,LD,SNP,skipped,,4
992,Con,LD,SNP,skipped,,4
993,Con,LD,SNP,skipped,,4
994,Con,LD,SNP,skipped,,4
995,Con,LD,SNP,skipped,,4
996,Con,LD,SNP,skipped,,4
997,Con,LD,SNP,skipped,,4
998,Con,LD,SNP,skipped,,4
999,Con,LD,SNP,skipped,,4
1000,Con,LD,SNP,skipped,,4
1001,Con,LD,SNP,skipped,,4
1002,Con,LD,SNP,skipped,,4
1003,Con,LD,SNP,skipped,,4
1004,Con,LD,SNP,skipped,,4
1005,Con,LD,SNP,skipped,,4
1006,Con,LD,SNP,skipped,,4
1007,Con,LD,SNP,skipped,,4
1008,Con,LD,SNP,skipped,,4
1009,Con,LD,SNP,skipped,,4
1010,Con,LD,SNP,skipped,,4
1011,Con,LD,SNP,skipped,,4
1012,Con,LD,SNP,skipped,,4
1013,Con,LD,SNP,skipped,,4
1014,Con,LD,SNP,skipped,,4
1015,Con,LD,SNP,skipped,,4
1016,Con,LD,SNP,skipped,,4
1017,Con,LD,SNP,skipped,,4
1018,Con,LD,SNP,skipped,,4
1019,Con,LD,SNP,skipped,,4
1020,Con,LD,SNP,skipped,,4
1021,Con,LD,SNP,skipped,,4
1022,Con,SNP,skipped,skipped,,4
1023,Con,SNP,skipped,skipped,,4
1024,Con,SNP,skipped,skipped,,4
1025,Con,SNP,skipped,skipped,,4
1026,Con,SNP,skipped,skipped,,4
1027,Con,SNP,skipped,skipped,,4
1028,Con,SNP,skipped,skipped,,4
1029,Con,SNP,skipped,skipped,,4
1030,Con,SNP,skipped,skipped,,4
1031,Con,SNP,skipped,skipped,,4
1032,SNP,Con,skipped,skipped,,4
1033,SNP,Con,skipped,skipped,,4
1034,SNP,Con,skipped,skipped,,4
1035,SNP,Con,skipped,skipped,,4
1036,SNP,Con,skipped,skipped,,4
1037,SNP,Con,skipped,skipped,,4
1038,SNP,Con,skipped,skipped,,4
1039,SNP,Con,skipped,skipped,,4
1040,SNP,Con,skipped,skipped,,4
1041,SNP,Con,skipped,skipped,,4
1042,SNP,Con,skipped,skipped,,4
1043,SNP,Con,LD,skipped,,4
1044,SNP,Con,LD,skipped,,4
1045,SNP,Con,LD,skipped,,4
1046,SNP,Con,LD,skipped,,4
1047,SNP,Con,LD,skipped,,4
1048,Con,SNP,LD,skipped,,4
1049,Con,SNP,LD,skipped,,4
1050,Con,SNP,LD,skipped,,4
1051,Con,SNP,LD,skipped,,4
1052,Con,SNP,LD,skipped,,4
1053,Con,SNP,LD,skipped,,4
1054,SNP,LD,Con,skipped,,4
1055,SNP,LD,Con,skipped,,4
1056,SNP,LD,Con,skipped,,4
1057,SNP,LD,Con,skipped,,4
1058,SNP,LD,Con,skipped,,4
1059,SNP,LD,Con,skipped,,4
1060,Con,LD,skipped,skipped,,4
1061,Con,LD,skipped,skipped,,4
1062,Con,LD,skipped,skipped,,4
1063,Con,LD,skipped,skipped,,4
1064,Con,LD,skipped,skipped,,4
1065,Con,LD,skipped,skipped,,4
1066,Con,LD,skipped,skipped,,4
1067,Con,LD,skipped,skipped,,4
1068,Con,LD,skipped,skipped,,4
1069,Con,LD,skipped,skipped,,4
1070,Con,LD,skipped,skipped,,4
1071,Con,LD,skipped,skipped,,4
1072,Con,LD,skipped,skipped,,4
1073,LD,Con,skipped,skipped,,4
1074,LD,Con,skipped,skipped,,4
1075,LD,Con,skipped,skipped,,4
1076,LD,Con,skipped,skipped,,4
1077,LD,Con,skipped,skipped,,4
1078,LD,Con,skipped,skipped,,4
1079,LD,Con,skipped,skipped,,4
1080,LD,Con,skipped,skipped,,4
1081,LD,Con,skipped,skipped,,4
1082,LD,Con,skipped,skipped,,4
1083,LD,Con,skipped,skipped,,4
1084,LD,Con,skipped,skipped,,4
1085,LD,Con,skipped,skipped,,4
1086,LD,Con,skipped,skipped,,4
1087,LD,Con,skipped,skipped,,4
1088,LD,Con,skipped,skipped,,4
1089,LD,Con,skipped,skipped,,4
1090,LD,Con,SNP,skipped,,4
1091,LD,Con,SNP,skipped,,4
1092,LD,Con,SNP,skipped,,4
1093,LD,Con,SNP,skipped,,4
1094,LD,Con,SNP,skipped,,4
1095,LD,Con,SNP,skipped,,4
1096,LD,Con,SNP,skipped,,4
1097,LD,Con,SNP,skipped,,4
1098,LD,Con,SNP,skipped,,4
1099,LD,Con,SNP,skipped,,4
1100,Con,LD,SNP,skipped,,4
1101,Con,LD,SNP,skipped,,4
1102,Con,LD,SNP,skipped,,4
1103,Con,LD,SNP,skipped,,4
1104,Con,LD,SNP,skipped,,4
1105,Con,skipped,skipped,skipped,,4
1106,Con,skipped,skipped,skipped,,4
1107,Con,skipped,skipped,skipped,,4
1108,Con,skipped,skipped,skipped,,4
1109,Con,skipped,skipped,skipped,,4
1110,Con,skipped,skipped,skipped,,4
1111,Con,skipped,skipped,skipped,,4
1112,Con,skipped,skipped,skipped,,4
1113,Con,skipped,skipped,skipped,,4
1114,Con,skipped,skipped,skipped,,4
1115,Con,skipped,skipped,skipped,,4
1116,Con,skipped,skipped,skipped,,4
1117,Con,skipped,skipped,skipped,,4
1118,Con,skipped,skipped,skipped,,4
1119,Con,skipped,skipped,skipped,,4
1120,Con,skipped,skipped,skipped,,4
1121,Con,skipped,skipped,skipped,,4
1122,Con,skipped,skipped,skipped,,4
1123,Con,skipped,skipped,skipped,,4
1124,Con,skipped,skipped,skipped,,4
1125,Con,skipped,skipped,skipped,,4
1126,Con,skipped,skipped,skipped,,4
1127,Con,skipped,skipped,skipped,,4
1128,Con,skipped,skipped,skipped,,4
1129,Con,skipped,skipped,skipped,,4
1130,Con,skipped,skipped,skipped,,4
1131,Con,skipped,skipped,skipped,,4
1132,Con,skipped,skipped,skipped,,4
1133,Con,skipped,skipped,skipped,,4
1134,Con,skipped,skipped,skipped,,4
1135,Con,skipped,skipped,skipped,,4
1136,Con,skipped,skipped,skipped,,4
1137,Con,skipped,skipped,skipped,,4
1138,Con,skipped,skipped,skipped,,4
1139,Con,skipped,skipped,skipped,,4
1140,Con,skipped,skipped,skipped,,4
1141,Con,skipped,skipped,skipped,,4
1142,Con,skipped,skipped,skipped,,4
1143,Con,skipped,skipped,skipped,,4
1144,Con,skipped,skipped,skipped,,4
1145,Con,skipped,skipped,skipped,,4
1146,Con,skipped,skipped,skipped,,4
1147,Con,skipped,skipped,skipped,,4
1148,Con,skipped,skipped,skipped,,4
1149,Con,skipped,skipped,skipped,,4
1150,Con,skipped,skipped,skipped,,4
1151,Con,skipped,skipped,skipped,,4
1152,Con,skipped,skipped,skipped,,4
1153,Con,skipped,skipped,skipped,,4
1154,Con,skipped,skipped,skipped,,4
1155,Con,skipped,skipped,skipped,,4
1156,Con,skipped,skipped,skipped,,4
1157,Con,skipped,skipped,skipped,,4
1158,Con,skipped,skipped,skipped,,4
1159,Con,skipped,skipped,skipped,,4
1160,Con,skipped,skipped,skipped,,4
1161,Con,skipped,skipped,skipped,,4
1162,Con,skipped,skipped,skipped,,4
1163,Con,skipped,skipped,skipped,,4
1164,Con,skipped,skipped,skipped,,4
1165,Con,skipped,skipped,skipped,,4
1166,Con,skipped,skipped,skipped,,4
1167,Con,skipped,skipped,skipped,,4
1168,Con,skipped,skipped,skipped,,4
1169,Con,skipped,skipped,skipped,,4
1170,Con,skipped,skipped,skipped,,4
1171,Con,skipped,skipped,skipped,,4
1172,Con,skipped,skipped,skipped,,4
1173,Con,skipped,skipped,skipped,,4
1174,Con,skipped,skipped,skipped,,4
1175,Con,skipped,skipped,skipped,,4
1176,Con,skipped,skipped,skipped,,4
1177,Con,skipped,skipped,skipped,,4
1178,Con,skipped,skipped,skipped,,4
1179,Con,skipped,skipped,skipped,,4
1180,Con,skipped,skipped,skipped,,4
1181,Con,skipped,skipped,skipped,,4
1182,Con,skipped,skipped,skipped,,4
1183,Con,skipped,skipped,skipped,,4
1184,Con,skipped,skipped,skipped,,4
1185,Con,skipped,skipped,skipped,,4
1186,Con,skipped,skipped,skipped,,4
1187,Con,skipped,skipped,skipped,,4
1188,Con,skipped,skipped,skipped,,4
1189,Con,skipped,skipped,skipped,,4
1190,Con,skipped,skipped,skipped,,4
1191,Con,skipped,skipped,skipped,,4
1192,Con,skipped,skipped,skipped,,4
1193,Con,skipped,skipped,skipped,,4
1194,Con,skipped,skipped,skipped,,4
1195,Con,skipped,skipped,skipped,,4
1196,Con,skipped,skipped,skipped,,4
1197,Con,skipped,skipped,skipped,,4
1198,Con,skipped,skipped,skipped,,4
1199,Con,skipped,skipped,skipped,,4
1200,Con,skipped,skipped,skipped,,4
1201,Con,skipped,skipped,skipped,,4
1202,Con,skipped,skipped,skipped,,4
1203,Con,skipped,skipped,skipped,,4
1204,Con,skipped,skipped,skipped,,4
1205,Con,skipped,skipped,skipped,,4
1206,Con,skipped,skipped,skipped,,4
1207,Con,skipped,skipped,skipped,,4
1208,Con,skipped,skipped,skipped,,4
1209,Con,skipped,skipped,skipped,,4
1210,Con,skipped,skipped,skipped,,4
1211,Con,skipped,skipped,skipped,,4
1212,Con,skipped,skipped,skipped,,4
1213,Con,skipped,skipped,skipped,,4
1214,Con,skipped,skipped,skipped,,4
1215,Con,skipped,skipped,skipped,,4
1216,Con,skipped,skipped,skipped,,4
1217,Con,skipped,skipped,skipped,,4
1218,Con,skipped,skipped,skipped,,4
1219,Con,skipped,skipped,skipped,,4
1220,Con,skipped,skipped,skipped,,4
1221,Con,skipped,skipped,skipped,,4
1222,Con,skipped,skipped,skipped,,4
1223,Con,skipped,skipped,skipped,,4
1224,Con,skipped,skipped,skipped,,4
1225,Con,skipped,skipped,skipped,,4
1226,Con,skipped,skipped,skipped,,4
1227,Con,skipped,skipped,skipped,,4
1228,Con,skipped,skipped,skipped,,4
1229,Con,skipped,skipped,skipped,,4
1230,Con,skipped,skipped,skipped,,4
1231,Con,skipped,skipped,skipped,,4
1232,Con,skipped,skipped,skipped,,4
1233,Con,skipped,skipped,skipped,,4
1234,Con,skipped,skipped,skipped,,4
1235,Con,skipped,skipped,skipped,,4
1236,Con,skipped,skipped,skipped,,4
1237,Con,skipped,skipped,skipped,,4
1238,Con,skipped,skipped,skipped,,4
1239,Con,skipped,skipped,skipped,,4
1240,Con,skipped,skipped,skipped,,4
1241,Con,skipped,skipped,skipped,,4
1242,Con,skipped,skipped,skipped,,4
1243,Con,skipped,skipped,skipped,,4
1244,Con,skipped,skipped,skipped,,4
1245,Con,skipped,skipped,skipped,,4
1246,Con,skipped,skipped,skipped,,4
1247,Con,skipped,skipped,skipped,,4
1248,Con,skipped,skipped,skipped,,4
1249,Con,SNP,skipped,skipped,,4
1250,Con,SNP,skipped,skipped,,4
1251,Con,SNP,skipped,skipped,,4
1252,Con,SNP,skipped,skipped,,4
1253,Con,SNP,LD,skipped,,4
1254,Con,SNP,LD,skipped,,4
1255,Con,SNP,LD,skipped,,4
1256,Con,SNP,LD,skipped,,4
1257,Con,SNP,LD,skipped,,4
1258,Con,SNP,LD,skipped,,4
1259,Con,SNP,LD,skipped,,4
1260,Con,LD,skipped,skipped,,4
1261,Con,LD,skipped,skipped,,4
1262,Con,LD,skipped,skipped,,4
1263,Con,LD,skipped,skipped,,4
1264,Con,LD,skipped,skipped,,4
1265,Con,LD,skipped,skipped,,4
1266,Con,LD,skipped,skipped,,4
1267,Con,LD,skipped,skipped,,4
1268,Con,LD,skipped,skipped,,4
1269,Con,LD,skipped,skipped,,4
1270,Con,LD,skipped,skipped,,4
1271,Con,LD,skipped,skipped,,4
1272,Con,LD,skipped,skipped,,4
1273,Con,LD,skipped,skipped,,4
1274,Con,LD,skipped,skipped,,4
1275,Con,LD,skipped,skipped,,4
1276,Con,LD,skipped,skipped,,4
1277,Con,LD,skipped,skipped,,4
1278,Con,LD,skipped,skipped,,4
1279,Con,LD,skipped,skipped,,4
1280,Con,LD,skipped,skipped,,4
1281,Con,LD,skipped,skipped,,4
1282,Con,LD,skipped,skipped,,4
1283,Con,LD,skipped,skipped,,4
1284,Con,LD,skipped,skipped,,4
1285,Con,LD,skipped,skipped,,4
1286,Con,LD,skipped,skipped,,4
1287,Con,LD,skipped,skipped,,4
1288,Con,LD,skipped,skipped,,4
1289,Con,LD,skipped,skipped,,4
1290,Con,LD,skipped,skipped,,4
1291,Con,LD,skipped,skipped,,4
1292,Con,LD,skipped,skipped,,4
1293,Con,LD,skipped,skipped,,4
1294,Con,LD,skipped,skipped,,4
1295,Con,LD,skipped,skipped,,4
1296,Con,LD,skipped,skipped,,4
1297,Con,LD,skipped,skipped,,4
1298,Con,LD,skipped,skipped,,4
1299,Con,LD,skipped,skipped,,4
1300,Con,LD,skipped,skipped,,4
1301,Con,LD,skipped,skipped,,4
1302,Con,LD,skipped,skipped,,4
1303,Con,LD,skipped,skipped,,4
1304,Con,LD,skipped,skipped,,4
1305,Con,LD,skipped,skipped,,4
1306,Con,LD,skipped,skipped,,4
1307,Con,LD,skipped,skipped,,4
1308,Con,LD,skipped,skipped,,4
1309,Con,LD,skipped,skipped,,4
1310,Con,LD,skipped,skipped,,4
1311,Con,LD,skipped,skipped,,4
1312,Con,LD,skipped,skipped,,4
1313,Con,LD,skipped,skipped,,4
1314,Con,LD,skipped,skipped,,4
1315,Con,LD,skipped,skipped,,4
1316,Con,LD,skipped,skipped,,4
1317,Con,LD,skipped,skipped,,4
1318,Con,LD,SNP,skipped,,4
1319,Con,LD,SNP,skipped,,4
1320,Con,LD,SNP,skipped,,4
1321,Con,LD,SNP,skipped,,4
1322,Con,LD,SNP,skipped,,4
1323,Con,LD,SNP,skipped,,4
1324,Con,LD,SNP,skipped,,4
1325,Con,LD,SNP,skipped,,4
1326,Con,LD,SNP,skipped,,4
1327,Con,LD,SNP,skipped,,4
1328,Con,LD,SNP,skipped,,4
1329,Con,LD,SNP,skipped,,4
1330,Con,LD,SNP,skipped,,4
1331,Con,LD,SNP,skipped,,4
1332,Con,LD,SNP,skipped,,4
1333,Con,LD,SNP,skipped,,4
1334,Con,LD,SNP,skipped,,4
1335,Con,LD,SNP,skipped,,4
1336,Con,LD,SNP,skipped,,4
1337,Con,LD,SNP,skipped,,4
1338,Con,LD,SNP,skipped,,4
1339,Con,LD,SNP,skipped,,4
1340,Con,LD,SNP,skipped,,4
1341,Con,LD,SNP,skipped,,4
1342,Con,LD,SNP,skipped,,4
1343,Con,LD,SNP,skipped,,4
1344,Con,LD,SNP,skipped,,4
1345,Con,LD,SNP,skipped,,4
1346,Con,LD,SNP,skipped,,4
1347,Con,LD,SNP,skipped,,4
1348,Con,LD,SNP,skipped,,4
1349,Con,LD,SNP,skipped,,4
1350,Con,LD,SNP,skipped,,4
1351,Con,LD,SNP,skipped,,4
1352,Con,LD,SNP,skipped,,4
1353,Con,LD,SNP,skipped,,4
1354,Con,LD,SNP,skipped,,4
1355,Con,LD,SNP,skipped,,4
1356,Con,LD,SNP,skipped,,4
1357,Con,LD,SNP,skipped,,4
1358,Con,LD,SNP,skipped,,4
1359,Con,LD,SNP,skipped,,4
1360,Con,LD,SNP,skipped,,4
1361,Con,LD,SNP,skipped,,4
1362,Con,LD,SNP,skipped,,4
1363,Con,LD,SNP,skipped,,4
1364,Con,LD,SNP,skipped,,4
1365,Con,LD,SNP,skipped,,4
1366,Con,LD,SNP,skipped,,4
1367,Con,SNP,skipped,skipped,,4
1368,SNP,Con,LD,skipped,,4
1369,SNP,Con,LD,skipped,,4
1370,SNP,Con,LD,skipped,,4
1371,Con,SNP,LD,skipped,,4
1372,Con,SNP,LD,skipped,,4
1373,Con,SNP,LD,skipped,,4
1374,SNP,LD,Con,skipped,,4
1375,Con,LD,skipped,skipped,,4
1376,Con,LD,skipped,skipped,,4
1377,Con,LD,skipped,skipped,,4
1378,Con,LD,skipped,skipped,,4
1379,Con,LD,skipped,skipped,,4
1380,Con,LD,skipped,skipped,,4
1381,Con,LD,skipped,skipped,,4
1382,LD,Con,skipped,skipped,,4
1383,LD,Con,skipped,skipped,,4
1384,LD,Con,skipped,skipped,,4
1385,LD,Con,skipped,skipped,,4
1386,LD,Con,skipped,skipped,,4
1387,LD,Con,skipped,skipped,,4
1388,LD,Con,skipped,skipped,,4
1389,LD,Con,skipped,skipped,,4
1390,LD,Con,SNP,skipped,,4
1391,LD,Con,SNP,skipped,,4
1392,LD,Con,SNP,skipped,,4
1393,LD,Con,SNP,skipped,,4
1394,Con,LD,SNP,skipped,,4
1395,Con,LD,SNP,skipped,,4
1396,Con,LD,SNP,skipped,,4
1397,Con,LD,SNP,skipped,,4
1398,Con,LD,SNP,skipped,,4
1399,Con,LD,SNP,skipped,,4
1400,LD,SNP,Con,skipped,,4
1401,LD,SNP,Con,skipped,,4
1402,LD,SNP,Con,skipped,,4
1403,SNP,skipped,skipped,skipped,,4
1404,SNP,skipped,skipped,skipped,,4
1405,SNP,skipped,skipped,skipped,,4
1406,SNP,skipped,skipped,skipped,,4
1407,SNP,skipped,skipped,skipped,,4
1408,SNP,skipped,skipped,skipped,,4
1409,SNP,skipped,skipped,skipped,,4
1410,SNP,skipped,skipped,skipped,,4
1411,SNP,skipped,skipped,skipped,,4
1412,SNP,skipped,skipped,skipped,,4
1413,SNP,skipped,skipped,skipped,,4
1414,SNP,skipped,skipped,skipped,,4
1415,SNP,skipped,skipped,skipped,,4
1416,SNP,skipped,skipped,skipped,,4
1417,SNP,skipped,skipped,skipped,,4
1418,SNP,skipped,skipped,skipped,,4
1419,SNP,skipped,skipped,skipped,,4
1420,SNP,skipped,skipped,skipped,,4
1421,SNP,skipped,skipped,skipped,,4
1422,SNP,skipped,skipped,skipped,,4
1423,SNP,skipped,skipped,skipped,,4
1424,SNP,skipped,skipped,skipped,,4
1425,SNP,skipped,skipped,skipped,,4
1426,SNP,skipped,skipped,skipped,,4
1427,SNP,skipped,skipped,skipped,,4
1428,SNP,skipped,skipped,skipped,,4
1429,SNP,skipped,skipped,skipped,,4
1430,SNP,skipped,skipped,skipped,,4
1431,SNP,skipped,skipped,skipped,,4
1432,SNP,skipped,skipped,skipped,,4
1433,SNP,skipped,skipped,skipped,,4
1434,SNP,skipped,skipped,skipped,,4
1435,SNP,skipped,skipped,skipped,,4
1436,SNP,skipped,skipped,skipped,,4
1437,SNP,skipped,skipped,skipped,,4
1438,SNP,skipped,skipped,skipped,,4
1439,SNP,skipped,skipped,skipped,,4
1440,SNP,skipped,skipped,skipped,,4
1441,SNP,skipped,skipped,skipped,,4
1442,SNP,skipped,skipped,skipped,,4
1443,SNP,skipped,skipped,skipped,,4
1444,SNP,skipped,skipped,skipped,,4
1445,SNP,skipped,skipped,skipped,,4
1446,SNP,skipped,skipped,skipped,,4
1447,SNP,skipped,skipped,skipped,,4
1448,SNP,skipped,skipped,skipped,,4
1449,SNP,skipped,skipped,skipped,,4
1450,SNP,skipped,skipped,skipped,,4
1451,SNP,skipped,skipped,skipped,,4
1452,SNP,skipped,skipped,skipped,,4
1453,SNP,skipped,skipped,skipped,,4
1454,SNP,skipped,skipped,skipped,,4
1455,SNP,skipped,skipped,skipped,,4
1456,SNP,skipped,skipped,skipped,,4
1457,SNP,skipped,skipped,skipped,,4
1458,SNP,skipped,skipped,skipped,,4
1459,SNP,skipped,skipped,skipped,,4
1460,SNP,skipped,skipped,skipped,,4
1461,SNP,skipped,skipped,skipped,,4
1462,SNP,skipped,skipped,skipped,,4
1463,SNP,skipped,skipped,skipped,,4
1464,SNP,skipped,skipped,skipped,,4
1465,SNP,skipped,skipped,skipped,,4
1466,SNP,skipped,skipped,skipped,,4
1467,SNP,skipped,skipped,skipped,,4
1468,SNP,skipped,skipped,skipped,,4
1469,SNP,skipped,skipped,skipped,,4
1470,SNP,skipped,skipped,skipped,,4
1471,SNP,skipped,skipped,skipped,,4
1472,SNP,skipped,skipped,skipped,,4
1473,SNP,skipped,skipped,skipped,,4
1474,SNP,skipped,skipped,skipped,,4
1475,SNP,skipped,skipped,skipped,,4
1476,SNP,skipped,skipped,skipped,,4
1477,SNP,skipped,skipped,skipped,,4
1478,SNP,skipped,skipped,skipped,,4
1479,SNP,skipped,skipped,skipped,,4
1480,SNP,skipped,skipped,skipped,,4
1481,SNP,skipped,skipped,skipped,,4
1482,SNP,skipped,skipped,skipped,,4
1483,SNP,skipped,skipped,skipped,,4
1484,SNP,skipped,skipped,skipped,,4
1485,SNP,skipped,skipped,skipped,,4
1486,SNP,skipped,skipped,skipped,,4
1487,SNP,skipped,skipped,skipped,,4
1488,SNP,skipped,skipped,skipped,,4
1489,SNP,skipped,skipped,skipped,,4
1490,SNP,skipped,skipped,skipped,,4
1491,SNP,skipped,skipped,skipped,,4
1492,SNP,skipped,skipped,skipped,,4
1493,SNP,skipped,skipped,skipped,,4
1494,SNP,skipped,skipped,skipped,,4
1495,SNP,skipped,skipped,skipped,,4
1496,SNP,skipped,skipped,skipped,,4
1497,SNP,skipped,skipped,skipped,,4
1498,SNP,skipped,skipped,skipped,,4
1499,SNP,skipped,skipped,skipped,,4
1500,SNP,skipped,skipped,skipped,,4
1501,SNP,skipped,skipped,skipped,,4
1502,SNP,skipped,skipped,skipped,,4
1503,SNP,skipped,skipped,skipped,,4
1504,SNP,skipped,skipped,skipped,,4
1505,SNP,skipped,skipped,skipped,,4
1506,SNP,skipped,skipped,skipped,,4
1507,SNP,skipped,skipped,skipped,,4
1508,SNP,skipped,skipped,skipped,,4
1509,SNP,skipped,skipped,skipped,,4
1510,SNP,skipped,skipped,skipped,,4
1511,SNP,skipped,skipped,skipped,,4
1512,SNP,skipped,skipped,skipped,,4
1513,SNP,skipped,skipped,skipped,,4
1514,SNP,skipped,skipped,skipped,,4
1515,SNP,skipped,skipped,skipped,,4
1516,SNP,skipped,skipped,skipped,,4
1517,SNP,skipped,skipped,skipped,,4
1518,SNP,skipped,skipped,skipped,,4
1519,SNP,skipped,skipped,skipped,,4
1520,SNP,skipped,skipped,skipped,,4
1521,SNP,skipped,skipped,skipped,,4
1522,SNP,skipped,skipped,skipped,,4
1523,SNP,skipped,skipped,skipped,,4
1524,SNP,skipped,skipped,skipped,,4
1525,SNP,skipped,skipped,skipped,,4
1526,SNP,skipped,skipped,skipped,,4
1527,SNP,skipped,skipped,skipped,,4
1528,SNP,skipped,skipped,skipped,,4
1529,SNP,skipped,skipped,skipped,,4
1530,SNP,skipped,skipped,skipped,,4
1531,SNP,skipped,skipped,skipped,,4
1532,SNP,skipped,skipped,skipped,,4
1533,SNP,skipped,skipped,skipped,,4
1534,SNP,skipped,skipped,skipped,,4
1535,SNP,skipped,skipped,skipped,,4
1536,SNP,skipped,skipped,skipped,,4
1537,SNP,skipped,skipped,skipped,,4
1538,SNP,skipped,skipped,skipped,,4
1539,SNP,skipped,skipped,skipped,,4
1540,SNP,skipped,skipped,skipped,,4
1541,SNP,skipped,skipped,skipped,,4
1542,SNP,skipped,skipped,skipped,,4
1543,SNP,skipped,skipped,skipped,,4
1544,SNP,skipped,skipped,skipped,,4
1545,SNP,skipped,skipped,skipped,,4
1546,SNP,skipped,skipped,skipped,,4
1547,SNP,skipped,skipped,skipped,,4
1548,SNP,skipped,skipped,skipped,,4
1549,SNP,skipped,skipped,skipped,,4
1550,SNP,skipped,skipped,skipped,,4
1551,SNP,skipped,skipped,skipped,,4
1552,SNP,skipped,skipped,skipped,,4
1553,SNP,skipped,skipped,skipped,,4
1554,SNP,skipped,skipped,skipped,,4
1555,SNP,skipped,skipped,skipped,,4
1556,SNP,skipped,skipped,skipped,,4
1557,SNP,skipped,skipped,skipped,,4
1558,SNP,skipped,skipped,skipped,,4
1559,SNP,skipped,skipped,skipped,,4
1560,SNP,skipped,skipped,skipped,,4
1561,SNP,skipped,skipped,skipped,,4
1562,SNP,skipped,skipped,skipped,,4
1563,SNP,skipped,skipped,skipped,,4
1564,SNP,skipped,skipped,skipped,,4
1565,SNP,skipped,skipped,skipped,,4
1566,SNP,skipped,skipped,skipped,,4
1567,SNP,skipped,skipped,skipped,,4
1568,SNP,skipped,skipped,skipped,,4
1569,SNP,skipped,skipped,skipped,,4
1570,SNP,skipped,skipped,skipped,,4
1571,SNP,skipped,skipped,skipped,,4
1572,SNP,skipped,skipped,skipped,,4
1573,SNP,skipped,skipped,skipped,,4
1574,SNP,skipped,skipped,skipped,,4
1575,SNP,skipped,skipped,skipped,,4
1576,SNP,skipped,skipped,skipped,,4
1577,SNP,skipped,skipped,skipped,,4
1578,SNP,skipped,skipped,skipped,,4
1579,SNP,skipped,skipped,skipped,,4
1580,SNP,skipped,skipped,skipped,,4
1581,SNP,skipped,skipped,skipped,,4
1582,SNP,skipped,skipped,skipped,,4
1583,SNP,skipped,skipped,skipped,,4
1584,SNP,skipped,skipped,skipped,,4
1585,SNP,skipped,skipped,skipped,,4
1586,SNP,skipped,skipped,skipped,,4
1587,SNP,skipped,skipped,skipped,,4
1588,SNP,skipped,skipped,skipped,,4
1589,SNP,skipped,skipped,skipped,,4
1590,SNP,skipped,skipped,skipped,,4
1591,SNP,skipped,skipped,skipped,,4
1592,SNP,skipped,skipped,skipped,,4
1593,SNP,skipped,skipped,skipped,,4
1594,SNP,skipped,skipped,skipped,,4
1595,SNP,skipped,skipped,skipped,,4
1596,SNP,skipped,skipped,skipped,,4
1597,SNP,skipped,skipped,skipped,,4
1598,SNP,skipped,skipped,skipped,,4
1599,SNP,skipped,skipped,skipped,,4
1600,SNP,skipped,skipped,skipped,,4
1601,SNP,skipped,skipped,skipped,,4
1602,SNP,skipped,skipped,skipped,,4
1603,SNP,skipped,skipped,skipped,,4
1604,SNP,skipped,skipped,skipped,,4
1605,SNP,skipped,skipped,skipped,,4
1606,SNP,skipped,skipped,skipped,,4
1607,SNP,skipped,skipped,skipped,,4
1608,SNP,skipped,skipped,skipped,,4
1609,SNP,skipped,skipped,skipped,,4
1610,SNP,skipped,skipped,skipped,,4
1611,SNP,skipped,skipped,skipped,,4
1612,SNP,skipped,skipped,skipped,,4
1613,SNP,skipped,skipped,skipped,,4
1614,SNP,skipped,skipped,skipped,,4
1615,SNP,skipped,skipped,skipped,,4
1616,SNP,skipped,skipped,skipped,,4
1617,SNP,skipped,skipped,skipped,,4
1618,SNP,skipped,skipped,skipped,,4
1619,SNP,skipped,skipped,skipped,,4
1620,SNP,skipped,skipped,skipped,,4
1621,SNP,skipped,skipped,skipped,,4
1622,SNP,skipped,skipped,skipped,,4
1623,SNP,skipped,skipped,skipped,,4
1624,SNP,skipped,skipped,skipped,,4
1625,SNP,skipped,skipped,skipped,,4
1626,SNP,skipped,skipped,skipped,,4
1627,SNP,skipped,skipped,skipped,,4
1628,SNP,skipped,skipped,skipped,,4
1629,SNP,skipped,skipped,skipped,,4
1630,SNP,skipped,skipped,skipped,,4
1631,SNP,skipped,skipped,skipped,,4
1632,SNP,skipped,skipped,skipped,,4
1633,SNP,skipped,skipped,skipped,,4
1634,SNP,skipped,skipped,skipped,,4
1635,SNP,skipped,skipped,skipped,,4
1636,SNP,skipped,skipped,skipped,,4
1637,SNP,skipped,skipped,skipped,,4
1638,SNP,skipped,skipped,skipped,,4
1639,SNP,skipped,skipped,skipped,,4
1640,SNP,skipped,skipped,skipped,,4
1641,SNP,skipped,skipped,skipped,,4
1642,SNP,skipped,skipped,skipped,,4
1643,SNP,skipped,skipped,skipped,,4
1644,SNP,skipped,skipped,skipped,,4
1645,SNP,skipped,skipped,skipped,,4
1646,SNP,skipped,skipped,skipped,,4
1647,SNP,skipped,skipped,skipped,,4
1648,SNP,skipped,skipped,skipped,,4
1649,SNP,skipped,skipped,skipped,,4
1650,SNP,skipped,skipped,skipped,,4
1651,SNP,skipped,skipped,skipped,,4
1652,SNP,skipped,skipped,skipped,,4
1653,SNP,skipped,skipped,skipped,,4
1654,SNP,skipped,skipped,skipped,,4
1655,SNP,skipped,skipped,skipped,,4
1656,SNP,skipped,skipped,skipped,,4
1657,SNP,skipped,skipped,skipped,,4
1658,SNP,skipped,skipped,skipped,,4
1659,SNP,skipped,skipped,skipped,,4
1660,SNP,skipped,skipped,skipped,,4
1661,SNP,skipped,skipped,skipped,,4
1662,SNP,skipped,skipped,skipped,,4
1663,SNP,skipped,skipped,skipped,,4
1664,SNP,skipped,skipped,skipped,,4
1665,SNP,skipped,skipped,skipped,,4
1666,SNP,skipped,skipped,skipped,,4
1667,SNP,skipped,skipped,skipped,,4
1668,SNP,skipped,skipped,skipped,,4
1669,SNP,skipped,skipped,skipped,,4
1670,SNP,skipped,skipped,skipped,,4
1671,SNP,skipped,skipped,skipped,,4
1672,SNP,skipped,skipped,skipped,,4
1673,SNP,skipped,skipped,skipped,,4
1674,SNP,skipped,skipped,skipped,,4
1675,SNP,skipped,skipped,skipped,,4
1676,SNP,skipped,skipped,skipped,,4
1677,SNP,skipped,skipped,skipped,,4
1678,SNP,skipped,skipped,skipped,,4
1679,SNP,skipped,skipped,skipped,,4
1680,SNP,skipped,skipped,skipped,,4
1681,SNP,skipped,skipped,skipped,,4
1682,SNP,skipped,skipped,skipped,,4
1683,SNP,skipped,skipped,skipped,,4
1684,SNP,skipped,skipped,skipped,,4
1685,SNP,skipped,skipped,skipped,,4
1686,SNP,skipped,skipped,skipped,,4
1687,SNP,skipped,skipped,skipped,,4
1688,SNP,skipped,skipped,skipped,,4
1689,SNP,skipped,skipped,skipped,,4
1690,SNP,skipped,skipped,skipped,,4
1691,SNP,skipped,skipped,skipped,,4
1692,SNP,skipped,skipped,skipped,,4
1693,SNP,skipped,skipped,skipped,,4
1694,SNP,skipped,skipped,skipped,,4
1695,SNP,skipped,skipped,skipped,,4
1696,SNP,skipped,skipped,skipped,,4
1697,SNP,skipped,skipped,skipped,,4
1698,SNP,skipped,skipped,skipped,,4
1699,SNP,skipped,skipped,skipped,,4
1700,SNP,skipped,skipped,skipped,,4
1701,SNP,skipped,skipped,skipped,,4
1702,SNP,skipped,skipped,skipped,,4
1703,SNP,skipped,skipped,skipped,,4
1704,SNP,skipped,skipped,skipped,,4
1705,SNP,skipped,skipped,skipped,,4
1706,SNP,skipped,skipped,skipped,,4
1707,SNP,skipped,skipped,skipped,,4
1708,SNP,skipped,skipped,skipped,,4
1709,SNP,skipped,skipped,skipped,,4
1710,SNP,skipped,skipped,skipped,,4
1711,SNP,skipped,skipped,skipped,,4
1712,SNP,skipped,skipped,skipped,,4
1713,SNP,skipped,skipped,skipped,,4
1714,SNP,skipped,skipped,skipped,,4
1715,SNP,skipped,skipped,skipped,,4
1716,SNP,skipped,skipped,skipped,,4
1717,SNP,skipped,skipped,skipped,,4
1718,SNP,skipped,skipped,skipped,,4
1719,SNP,skipped,skipped,skipped,,4
1720,SNP,skipped,skipped,skipped,,4
1721,SNP,skipped,skipped,skipped,,4
1722,SNP,skipped,skipped,skipped,,4
1723,SNP,skipped,skipped,skipped,,4
1724,SNP,skipped,skipped,skipped,,4
1725,SNP,skipped,skipped,skipped,,4
1726,SNP,skipped,skipped,skipped,,4
1727,SNP,skipped,skipped,skipped,,4
1728,SNP,skipped,skipped,skipped,,4
1729,SNP,skipped,skipped,skipped,,4
1730,SNP,skipped,skipped,skipped,,4
1731,SNP,skipped,skipped,skipped,,4
1732,SNP,skipped,skipped,skipped,,4
1733,SNP,skipped,skipped,skipped,,4
1734,SNP,skipped,skipped,skipped,,4
1735,SNP,skipped,skipped,skipped,,4
1736,SNP,skipped,skipped,skipped,,4
1737,SNP,skipped,skipped,skipped,,4
1738,SNP,skipped,skipped,skipped,,4
1739,SNP,skipped,skipped,skipped,,4
1740,SNP,skipped,skipped,skipped,,4
1741,SNP,skipped,skipped,skipped,,4
1742,SNP,skipped,skipped,skipped,,4
1743,SNP,skipped,skipped,skipped,,4
1744,SNP,skipped,skipped,skipped,,4
1745,SNP,skipped,skipped,skipped,,4
1746,SNP,skipped,skipped,skipped,,4
1747,SNP,skipped,skipped,skipped,,4
1748,SNP,skipped,skipped,skipped,,4
1749,SNP,skipped,skipped,skipped,,4
1750,SNP,skipped,skipped,skipped,,4
1751,SNP,skipped,skipped,skipped,,4
1752,SNP,skipped,skipped,skipped,,4
1753,SNP,skipped,skipped,skipped,,4
1754,SNP,skipped,skipped,skipped,,4
1755,SNP,skipped,skipped,skipped,,4
1756,SNP,skipped,skipped,skipped,,4
1757,SNP,skipped,skipped,skipped,,4
1758,SNP,skipped,skipped,skipped,,4
1759,SNP,skipped,skipped,skipped,,4
1760,SNP,skipped,skipped,skipped,,4
1761,SNP,skipped,skipped,skipped,,4
1762,SNP,skipped,skipped,skipped,,4
1763,SNP,skipped,skipped,skipped,,4
1764,SNP,skipped,skipped,skipped,,4
1765,SNP,skipped,skipped,skipped,,4
1766,SNP,skipped,skipped,skipped,,4
1767,SNP,skipped,skipped,skipped,,4
1768,SNP,skipped,skipped,skipped,,4
1769,SNP,skipped,skipped,skipped,,4
1770,SNP,skipped,skipped,skipped,,4
1771,SNP,skipped,skipped,skipped,,4
1772,SNP,skipped,skipped,skipped,,4
1773,SNP,skipped,skipped,skipped,,4
1774,SNP,skipped,skipped,skipped,,4
1775,SNP,skipped,skipped,skipped,,4
1776,SNP,skipped,skipped,skipped,,4
1777,SNP,skipped,skipped,skipped,,4
1778,SNP,skipped,skipped,skipped,,4
1779,SNP,skipped,skipped,skipped,,4
1780,SNP,skipped,skipped,skipped,,4
1781,SNP,skipped,skipped,skipped,,4
1782,SNP,skipped,skipped,skipped,,4
1783,SNP,skipped,skipped,skipped,,4
1784,SNP,skipped,skipped,skipped,,4
1785,SNP,skipped,skipped,skipped,,4
1786,SNP,skipped,skipped,skipped,,4
1787,SNP,skipped,skipped,skipped,,4
1788,SNP,skipped,skipped,skipped,,4
1789,SNP,skipped,skipped,skipped,,4
1790,SNP,skipped,skipped,skipped,,4
1791,SNP,skipped,skipped,skipped,,4
1792,SNP,skipped,skipped,skipped,,4
1793,SNP,skipped,skipped,skipped,,4
1794,SNP,skipped,skipped,skipped,,4
1795,SNP,skipped,skipped,skipped,,4
1796,SNP,skipped,skipped,skipped,,4
1797,SNP,skipped,skipped,skipped,,4
1798,SNP,skipped,skipped,skipped,,4
1799,SNP,skipped,skipped,skipped,,4
1800,SNP,skipped,skipped,skipped,,4
1801,SNP,skipped,skipped,skipped,,4
1802,SNP,skipped,skipped,skipped,,4
1803,SNP,skipped,skipped,skipped,,4
1804,SNP,skipped,skipped,skipped,,4
1805,SNP,skipped,skipped,skipped,,4
1806,SNP,skipped,skipped,skipped,,4
1807,SNP,skipped,skipped,skipped,,4
1808,SNP,skipped,skipped,skipped,,4
1809,SNP,skipped,skipped,skipped,,4
1810,SNP,skipped,skipped,skipped,,4
1811,SNP,skipped,skipped,skipped,,4
1812,SNP,skipped,skipped,skipped,,4
1813,SNP,skipped,skipped,skipped,,4
1814,SNP,skipped,skipped,skipped,,4
1815,SNP,skipped,skipped,skipped,,4
1816,SNP,skipped,skipped,skipped,,4
1817,SNP,skipped,skipped,skipped,,4
1818,SNP,skipped,skipped,skipped,,4
1819,SNP,skipped,skipped,skipped,,4
1820,SNP,skipped,skipped,skipped,,4
1821,SNP,skipped,skipped,skipped,,4
1822,SNP,skipped,skipped,skipped,,4
1823,SNP,skipped,skipped,skipped,,4
1824,SNP,skipped,skipped,skipped,,4
1825,SNP,skipped,skipped,skipped,,4
1826,SNP,skipped,skipped,skipped,,4
1827,SNP,skipped,skipped,skipped,,4
1828,SNP,skipped,skipped,skipped,,4
1829,SNP,skipped,skipped,skipped,,4
1830,SNP,skipped,skipped,skipped,,4
1831,SNP,skipped,skipped,skipped,,4
1832,SNP,skipped,skipped,skipped,,4
1833,SNP,skipped,skipped,skipped,,4
1834,SNP,skipped,skipped,skipped,,4
1835,SNP,skipped,skipped,skipped,,4
1836,SNP,skipped,skipped,skipped,,4
1837,SNP,skipped,skipped,skipped,,4
1838,SNP,skipped,skipped,skipped,,4
1839,SNP,skipped,skipped,skipped,,4
1840,SNP,skipped,skipped,skipped,,4
1841,SNP,skipped,skipped,skipped,,4
1842,SNP,skipped,skipped,skipped,,4
1843,SNP,skipped,skipped,skipped,,4
1844,SNP,skipped,skipped,skipped,,4
1845,SNP,skipped,skipped,skipped,,4
1846,SNP,skipped,skipped,skipped,,4
1847,SNP,skipped,skipped,skipped,,4
1848,SNP,skipped,skipped,skipped,,4
1849,SNP,skipped,skipped,skipped,,4
1850,SNP,skipped,skipped,skipped,,4
1851,SNP,skipped,skipped,skipped,,4
1852,SNP,skipped,skipped,skipped,,4
1853,SNP,skipped,skipped,skipped,,4
1854,SNP,skipped,skipped,skipped,,4
1855,SNP,skipped,skipped,skipped,,4
1856,SNP,skipped,skipped,skipped,,4
1857,SNP,skipped,skipped,skipped,,4
1858,SNP,skipped,skipped,skipped,,4
1859,SNP,skipped,skipped,skipped,,4
1860,SNP,skipped,skipped,skipped,,4
1861,SNP,skipped,skipped,skipped,,4
1862,SNP,skipped,skipped,skipped,,4
1863,SNP,skipped,skipped,skipped,,4
1864,SNP,skipped,skipped,skipped,,4
1865,SNP,skipped,skipped,skipped,,4
1866,SNP,skipped,skipped,skipped,,4
1867,SNP,skipped,skipped,skipped,,4
1868,SNP,skipped,skipped,skipped,,4
1869,SNP,skipped,skipped,skipped,,4
1870,SNP,skipped,skipped,skipped,,4
1871,SNP,skipped,skipped,skipped,,4
1872,SNP,skipped,skipped,skipped,,4
1873,SNP,skipped,skipped,skipped,,4
1874,SNP,skipped,skipped,skipped,,4
1875,SNP,skipped,skipped,skipped,,4
1876,SNP,skipped,skipped,skipped,,4
1877,SNP,skipped,skipped,skipped,,4
1878,SNP,skipped,skipped,skipped,,4
1879,SNP,skipped,skipped,skipped,,4
1880,SNP,skipped,skipped,skipped,,4
1881,SNP,skipped,skipped,skipped,,4
1882,SNP,skipped,skipped,skipped,,4
1883,SNP,skipped,skipped,skipped,,4
1884,SNP,skipped,skipped,skipped,,4
1885,SNP,skipped,skipped,skipped,,4
1886,SNP,skipped,skipped,skipped,,4
1887,SNP,skipped,skipped,skipped,,4
1888,SNP,skipped,skipped,skipped,,4
1889,SNP,skipped,skipped,skipped,,4
1890,SNP,skipped,skipped,skipped,,4
1891,SNP,skipped,skipped,skipped,,4
1892,SNP,skipped,skipped,skipped,,4
1893,SNP,skipped,skipped,skipped,,4
1894,SNP,skipped,skipped,skipped,,4
1895,SNP,skipped,skipped,skipped,,4
1896,SNP,skipped,skipped,skipped,,4
1897,SNP,skipped,skipped,skipped,,4
1898,SNP,skipped,skipped,skipped,,4
1899,SNP,skipped,skipped,skipped,,4
1900,SNP,skipped,skipped,skipped,,4
1901,SNP,skipped,skipped,skipped,,4
1902,SNP,skipped,skipped,skipped,,4
1903,SNP,skipped,skipped,skipped,,4
1904,SNP,skipped,skipped,skipped,,4
1905,SNP,skipped,skipped,skipped,,4
1906,SNP,skipped,skipped,skipped,,4
1907,SNP,skipped,skipped,skipped,,4
1908,SNP,skipped,skipped,skipped,,4
1909,SNP,skipped,skipped,skipped,,4
1910,SNP,skipped,skipped,skipped,,4
1911,SNP,skipped,skipped,skipped,,4
1912,SNP,skipped,skipped,skipped,,4
1913,SNP,skipped,skipped,skipped,,4
1914,SNP,skipped,skipped,skipped,,4
1915,SNP,skipped,skipped,skipped,,4
1916,SNP,skipped,skipped,skipped,,4
1917,SNP,skipped,skipped,skipped,,4
1918,SNP,skipped,skipped,skipped,,4
1919,SNP,skipped,skipped,skipped,,4
1920,SNP,skipped,skipped,skipped,,4
1921,SNP,skipped,skipped,skipped,,4
1922,SNP,skipped,skipped,skipped,,4
1923,SNP,skipped,skipped,skipped,,4
1924,SNP,skipped,skipped,skipped,,4
1925,SNP,skipped,skipped,skipped,,4
1926,SNP,skipped,skipped,skipped,,4
1927,SNP,skipped,skipped,skipped,,4
1928,SNP,skipped,skipped,skipped,,4
1929,SNP,skipped,skipped,skipped,,4
1930,SNP,skipped,skipped,skipped,,4
1931,SNP,skipped,skipped,skipped,,4
1932,SNP,skipped,skipped,skipped,,4
1933,SNP,skipped,skipped,skipped,,4
1934,SNP,skipped,skipped,skipped,,4
1935,SNP,skipped,skipped,skipped,,4
1936,SNP,skipped,skipped,skipped,,4
1937,SNP,skipped,skipped,skipped,,4
1938,SNP,skipped,skipped,skipped,,4
1939,SNP,skipped,skipped,skipped,,4
1940,SNP,skipped,skipped,skipped,,4
1941,SNP,skipped,skipped,skipped,,4
1942,SNP,skipped,skipped,skipped,,4
1943,SNP,skipped,skipped,skipped,,4
1944,SNP,skipped,skipped,skipped,,4
1945,SNP,skipped,skipped,skipped,,4
1946,SNP,skipped,skipped,skipped,,4
1947,SNP,skipped,skipped,skipped,,4
1948,SNP,skipped,skipped,skipped,,4
1949,SNP,skipped,skipped,skipped,,4
1950,SNP,skipped,skipped,skipped,,4
1951,SNP,skipped,skipped,skipped,,4
1952,SNP,skipped,skipped,skipped,,4
1953,SNP,skipped,skipped,skipped,,4
1954,SNP,skipped,skipped,skipped,,4
1955,SNP,skipped,skipped,skipped,,4
1956,SNP,skipped,skipped,skipped,,4
1957,SNP,skipped,skipped,skipped,,4
1958,SNP,skipped,skipped,skipped,,4
1959,SNP,skipped,skipped,skipped,,4
1960,SNP,skipped,skipped,skipped,,4
1961,SNP,skipped,skipped,skipped,,4
1962,SNP,skipped,skipped,skipped,,4
1963,SNP,skipped,skipped,skipped,,4
1964,SNP,skipped,skipped,skipped,,4
1965,SNP,skipped,skipped,skipped,,4
1966,SNP,skipped,skipped,skipped,,4
1967,SNP,skipped,skipped,skipped,,4
1968,SNP,skipped,skipped,skipped,,4
1969,SNP,skipped,skipped,skipped,,4
1970,SNP,skipped,skipped,skipped,,4
1971,SNP,skipped,skipped,skipped,,4
1972,SNP,skipped,skipped,skipped,,4
1973,SNP,skipped,skipped,skipped,,4
1974,SNP,skipped,skipped,skipped,,4
1975,SNP,skipped,skipped,skipped,,4
1976,SNP,skipped,skipped,skipped,,4
1977,SNP,skipped,skipped,skipped,,4
1978,SNP,skipped,skipped,skipped,,4
1979,SNP,skipped,skipped,skipped,,4
1980,SNP,skipped,skipped,skipped,,4
1981,SNP,skipped,skipped,skipped,,4
1982,SNP,skipped,skipped,skipped,,4
1983,SNP,skipped,skipped,skipped,,4
1984,SNP,skipped,skipped,skipped,,4
1985,SNP,skipped,skipped,skipped,,4
1986,SNP,skipped,skipped,skipped,,4
1987,SNP,skipped,skipped,skipped,,4
1988,SNP,skipped,skipped,skipped,,4
1989,SNP,skipped,skipped,skipped,,4
1990,SNP,skipped,skipped,skipped,,4
1991,SNP,skipped,skipped,skipped,,4
1992,SNP,skipped,skipped,skipped,,4
1993,SNP,skipped,skipped,skipped,,4
1994,SNP,skipped,skipped,skipped,,4
1995,SNP,skipped,skipped,skipped,,4
1996,SNP,skipped,skipped,skipped,,4
1997,SNP,skipped,skipped,skipped,,4
1998,SNP,skipped,skipped,skipped,,4
1999,SNP,Con,skipped,skipped,,4
2000,SNP,Con,skipped,skipped,,4
2001,SNP,Con,skipped,skipped,,4
2002,SNP,Con,skipped,skipped,,4
2003,SNP,Con,skipped,skipped,,4
2004,SNP,Con,skipped,skipped,,4
2005,SNP,Con,skipped,skipped,,4
2006,SNP,Con,skipped,skipped,,4
2007,SNP,Con,skipped,skipped,,4
2008,SNP,Con,skipped,skipped,,4
2009,SNP,Con,skipped,skipped,,4
2010,SNP,Con,skipped,skipped,,4
2011,SNP,Con,skipped,skipped,,4
2012,SNP,Con,skipped,skipped,,4
2013,SNP,Con,skipped,skipped,,4
2014,SNP,Con,skipped,skipped,,4
2015,SNP,Con,skipped,skipped,,4
2016,SNP,Con,skipped,skipped,,4
2017,SNP,Con,skipped,skipped,,4
2018,SNP,Con,skipped,skipped,,4
2019,SNP,Con,skipped,skipped,,4
2020,SNP,Con,skipped,skipped,,4
2021,SNP,Con,skipped,skipped,,4
2022,SNP,Con,skipped,skipped,,4
2023,SNP,Con,skipped,skipped,,4
2024,SNP,Con,skipped,skipped,,4
2025,SNP,Con,skipped,skipped,,4
2026,SNP,Con,skipped,skipped,,4
2027,SNP,Con,skipped,skipped,,4
2028,SNP,Con,skipped,skipped,,4
2029,SNP,Con,skipped,skipped,,4
2030,SNP,Con,skipped,skipped,,4
2031,SNP,Con,skipped,skipped,,4
2032,SNP,Con,skipped,skipped,,4
2033,SNP,Con,skipped,skipped,,4
2034,SNP,Con,skipped,skipped,,4
2035,SNP,Con,skipped,skipped,,4
2036,SNP,Con,skipped,skipped,,4
2037,SNP,Con,skipped,skipped,,4
2038,SNP,Con,skipped,skipped,,4
2039,SNP,Con,skipped,skipped,,4
2040,SNP,Con,skipped,skipped,,4
2041,SNP,Con,skipped,skipped,,4
2042,SNP,Con,skipped,skipped,,4
2043,SNP,Con,skipped,skipped,,4
2044,SNP,Con,skipped,skipped,,4
2045,SNP,Con,skipped,skipped,,4
2046,SNP,Con,skipped,skipped,,4
2047,SNP,Con,skipped,skipped,,4
2048,SNP,Con,skipped,skipped,,4
2049,SNP,Con,skipped,skipped,,4
2050,SNP,Con,skipped,skipped,,4
2051,SNP,Con,skipped,skipped,,4
2052,SNP,Con,skipped,skipped,,4
2053,SNP,Con,skipped,skipped,,4
2054,SNP,Con,LD,skipped,,4
2055,SNP,Con,LD,skipped,,4
2056,SNP,Con,LD,skipped,,4
2057,SNP,Con,LD,skipped,,4
2058,SNP,Con,LD,skipped,,4
2059,SNP,Con,LD,skipped,,4
2060,SNP,Con,LD,skipped,,4
2061,SNP,Con,LD,skipped,,4
2062,SNP,Con,LD,skipped,,4
2063,SNP,Con,LD,skipped,,4
2064,SNP,Con,LD,skipped,,4
2065,SNP,Con,LD,skipped,,4
2066,SNP,Con,LD,skipped,,4
2067,SNP,Con,LD,skipped,,4
2068,SNP,Con,LD,skipped,,4
2069,SNP,Con,LD,skipped,,4
2070,SNP,Con,LD,skipped,,4
2071,SNP,Con,LD,skipped,,4
2072,SNP,Con,LD,skipped,,4
2073,SNP,Con,LD,skipped,,4
2074,SNP,Con,LD,skipped,,4
2075,SNP,Con,LD,skipped,,4
2076,SNP,Con,LD,skipped,,4
2077,SNP,Con,LD,skipped,,4
2078,SNP,Con,LD,skipped,,4
2079,SNP,Con,LD,skipped,,4
2080,SNP,Con,LD,skipped,,4
2081,SNP,Con,LD,skipped,,4
2082,SNP,Con,LD,skipped,,4
2083,SNP,Con,LD,skipped,,4
2084,SNP,Con,LD,skipped,,4
2085,SNP,Con,LD,skipped,,4
2086,SNP,Con,LD,skipped,,4
2087,SNP,Con,LD,skipped,,4
2088,SNP,Con,LD,skipped,,4
2089,SNP,Con,LD,skipped,,4
2090,SNP,Con,LD,skipped,,4
2091,SNP,Con,LD,skipped,,4
2092,SNP,Con,LD,skipped,,4
2093,SNP,Con,LD,skipped,,4
2094,SNP,Con,LD,skipped,,4
2095,SNP,Con,LD,skipped,,4
2096,SNP,Con,LD,skipped,,4
2097,SNP,Con,LD,skipped,,4
2098,SNP,Con,LD,skipped,,4
2099,SNP,Con,LD,skipped,,4
2100,SNP,Con,LD,skipped,,4
2101,SNP,Con,LD,skipped,,4
2102,SNP,Con,LD,skipped,,4
2103,SNP,Con,LD,skipped,,4
2104,SNP,Con,LD,skipped,,4
2105,SNP,Con,LD,skipped,,4
2106,SNP,Con,LD,skipped,,4
2107,SNP,Con,LD,skipped,,4
2108,SNP,Con,LD,skipped,,4
2109,SNP,Con,LD,skipped,,4
2110,SNP,Con,LD,skipped,,4
2111,SNP,Con,LD,skipped,,4
2112,SNP,Con,LD,skipped,,4
2113,SNP,Con,LD,skipped,,4
2114,SNP,Con,LD,skipped,,4
2115,SNP,Con,LD,skipped,,4
2116,SNP,Con,LD,skipped,,4
2117,SNP,Con,LD,skipped,,4
2118,SNP,Con,LD,skipped,,4
2119,SNP,Con,LD,skipped,,4
2120,SNP,Con,LD,skipped,,4
2121,SNP,Con,LD,skipped,,4
2122,SNP,Con,LD,skipped,,4
2123,SNP,Con,LD,skipped,,4
2124,SNP,Con,LD,skipped,,4
2125,SNP,Con,LD,skipped,,4
2126,SNP,Con,LD,skipped,,4
2127,SNP,Con,LD,skipped,,4
2128,SNP,Con,LD,skipped,,4
2129,SNP,Con,LD,skipped,,4
2130,SNP,Con,LD,skipped,,4
2131,SNP,LD,Con,skipped,,4
2132,SNP,LD,Con,skipped,,4
2133,SNP,LD,Con,skipped,,4
2134,SNP,LD,Con,skipped,,4
2135,SNP,LD,Con,skipped,,4
2136,SNP,LD,Con,skipped,,4
2137,SNP,LD,Con,skipped,,4
2138,SNP,LD,Con,skipped,,4
2139,SNP,LD,Con,skipped,,4
2140,SNP,LD,Con,skipped,,4
2141,SNP,LD,Con,skipped,,4
2142,SNP,LD,Con,skipped,,4
2143,SNP,LD,Con,skipped,,4
2144,SNP,LD,Con,skipped,,4
2145,SNP,LD,Con,skipped,,4
2146,SNP,Con,skipped,skipped,,4
2147,SNP,Con,skipped,skipped,,4
2148,SNP,Con,skipped,skipped,,4
2149,SNP,Con,skipped,skipped,,4
2150,SNP,Con,skipped,skipped,,4
2151,SNP,Con,skipped,skipped,,4
2152,SNP,Con,skipped,skipped,,4
2153,SNP,Con,skipped,skipped,,4
2154,SNP,Con,skipped,skipped,,4
2155,SNP,Con,skipped,skipped,,4
2156,SNP,Con,skipped,skipped,,4
2157,SNP,Con,skipped,skipped,,4
2158,SNP,Con,skipped,skipped,,4
2159,SNP,Con,skipped,skipped,,4
2160,SNP,Con,skipped,skipped,,4
2161,SNP,Con,skipped,skipped,,4
2162,SNP,Con,skipped,skipped,,4
2163,SNP,Con,skipped,skipped,,4
2164,SNP,Con,skipped,skipped,,4
2165,SNP,Con,skipped,skipped,,4
2166,SNP,Con,skipped,skipped,,4
2167,SNP,Con,skipped,skipped,,4
2168,SNP,Con,skipped,skipped,,4
2169,SNP,Con,skipped,skipped,,4
2170,SNP,Con,LD,skipped,,4
2171,SNP,Con,LD,skipped,,4
2172,SNP,Con,LD,skipped,,4
2173,SNP,Con,LD,skipped,,4
2174,SNP,Con,LD,skipped,,4
2175,SNP,Con,LD,skipped,,4
2176,SNP,Con,LD,skipped,,4
2177,SNP,Con,LD,skipped,,4
2178,SNP,Con,LD,skipped,,4
2179,SNP,Con,LD,skipped,,4
2180,SNP,Con,LD,skipped,,4
2181,SNP,Con,LD,skipped,,4
2182,SNP,Con,LD,skipped,,4
2183,SNP,Con,LD,skipped,,4
2184,SNP,Con,LD,skipped,,4
2185,SNP,Con,LD,skipped,,4
2186,SNP,Con,LD,skipped,,4
2187,SNP,Con,LD,skipped,,4
2188,SNP,Con,LD,skipped,,4
2189,SNP,Con,LD,skipped,,4
2190,SNP,Con,LD,skipped,,4
2191,SNP,Con,LD,skipped,,4
2192,SNP,Con,LD,skipped,,4
2193,SNP,Con,LD,skipped,,4
2194,SNP,Con,LD,skipped,,4
2195,SNP,Con,LD,skipped,,4
2196,SNP,Con,LD,skipped,,4
2197,SNP,Con,LD,skipped,,4
2198,SNP,Con,LD,skipped,,4
2199,SNP,Con,LD,skipped,,4
2200,SNP,Con,LD,skipped,,4
2201,SNP,Con,LD,skipped,,4
2202,SNP,LD,Con,skipped,,4
2203,SNP,LD,Con,skipped,,4
2204,SNP,LD,Con,skipped,,4
2205,SNP,LD,Con,skipped,,4
2206,SNP,LD,Con,skipped,,4
2207,SNP,LD,Con,skipped,,4
2208,SNP,LD,Con,skipped,,4
2209,SNP,LD,Con,skipped,,4
2210,SNP,LD,Con,skipped,,4
2211,SNP,LD,Con,skipped,,4
2212,SNP,LD,Con,skipped,,4
2213,SNP,LD,Con,skipped,,4
2214,SNP,LD,skipped,skipped,,4
2215,SNP,LD,skipped,skipped,,4
2216,SNP,LD,skipped,skipped,,4
2217,SNP,LD,skipped,skipped,,4
2218,SNP,LD,skipped,skipped,,4
2219,SNP,LD,skipped,skipped,,4
2220,SNP,LD,skipped,skipped,,4
2221,SNP,LD,skipped,skipped,,4
2222,SNP,LD,skipped,skipped,,4
2223,SNP,LD,skipped,skipped,,4
2224,SNP,LD,skipped,skipped,,4
2225,SNP,LD,skipped,skipped,,4
2226,SNP,LD,skipped,skipped,,4
2227,SNP,LD,skipped,skipped,,4
2228,SNP,LD,skipped,skipped,,4
2229,SNP,LD,skipped,skipped,,4
2230,SNP,LD,skipped,skipped,,4
2231,SNP,LD,skipped,skipped,,4
2232,SNP,LD,skipped,skipped,,4
2233,SNP,LD,skipped,skipped,,4
2234,SNP,LD,skipped,skipped,,4
2235,SNP,LD,skipped,skipped,,4
2236,SNP,LD,skipped,skipped,,4
2237,SNP,LD,skipped,skipped,,4
2238,SNP,LD,skipped,skipped,,4
2239,SNP,LD,skipped,skipped,,4
2240,SNP,LD,skipped,skipped,,4
2241,SNP,LD,skipped,skipped,,4
2242,SNP,LD,skipped,skipped,,4
2243,SNP,LD,skipped,skipped,,4
2244,SNP,LD,skipped,skipped,,4
2245,SNP,LD,skipped,skipped,,4
2246,SNP,LD,skipped,skipped,,4
2247,SNP,LD,skipped,skipped,,4
2248,SNP,LD,skipped,skipped,,4
2249,SNP,LD,skipped,skipped,,4
2250,SNP,LD,skipped,skipped,,4
2251,SNP,LD,skipped,skipped,,4
2252,SNP,LD,skipped,skipped,,4
2253,SNP,LD,skipped,skipped,,4
2254,SNP,LD,skipped,skipped,,4
2255,SNP,LD,skipped,skipped,,4
2256,SNP,LD,skipped,skipped,,4
2257,SNP,LD,skipped,skipped,,4
2258,SNP,LD,skipped,skipped,,4
2259,SNP,LD,skipped,skipped,,4
2260,SNP,LD,skipped,skipped,,4
2261,SNP,LD,skipped,skipped,,4
2262,SNP,LD,skipped,skipped,,4
2263,SNP,LD,skipped,skipped,,4
2264,SNP,LD,skipped,skipped,,4
2265,SNP,LD,skipped,skipped,,4
2266,SNP,LD,skipped,skipped,,4
2267,SNP,LD,skipped,skipped,,4
2268,SNP,LD,skipped,skipped,,4
2269,SNP,LD,skipped,skipped,,4
2270,SNP,LD,skipped,skipped,,4
2271,SNP,LD,skipped,skipped,,4
2272,SNP,LD,skipped,skipped,,4
2273,SNP,LD,skipped,skipped,,4
2274,SNP,LD,skipped,skipped,,4
2275,SNP,LD,skipped,skipped,,4
2276,SNP,LD,skipped,skipped,,4
2277,SNP,LD,skipped,skipped,,4
2278,SNP,LD,skipped,skipped,,4
2279,SNP,LD,skipped,skipped,,4
2280,SNP,LD,skipped,skipped,,4
2281,SNP,LD,skipped,skipped,,4
2282,SNP,LD,skipped,skipped,,4
2283,SNP,LD,skipped,skipped,,4
2284,SNP,LD,skipped,skipped,,4
2285,SNP,LD,skipped,skipped,,4
2286,SNP,LD,skipped,skipped,,4
2287,SNP,LD,skipped,skipped,,4
2288,SNP,LD,skipped,skipped,,4
2289,SNP,LD,skipped,skipped,,4
2290,SNP,LD,skipped,skipped,,4
2291,SNP,LD,skipped,skipped,,4
2292,SNP,LD,skipped,skipped,,4
2293,SNP,LD,skipped,skipped,,4
2294,SNP,LD,skipped,skipped,,4
2295,SNP,LD,skipped,skipped,,4
2296,SNP,LD,skipped,skipped,,4
2297,SNP,LD,skipped,skipped,,4
2298,SNP,LD,skipped,skipped,,4
2299,SNP,LD,skipped,skipped,,4
2300,SNP,LD,skipped,skipped,,4
2301,SNP,LD,skipped,skipped,,4
2302,SNP,LD,skipped,skipped,,4
2303,SNP,LD,skipped,skipped,,4
2304,SNP,LD,skipped,skipped,,4
2305,SNP,LD,skipped,skipped,,4
2306,SNP,LD,skipped,skipped,,4
2307,SNP,LD,skipped,skipped,,4
2308,SNP,LD,skipped,skipped,,4
2309,SNP,LD,skipped,skipped,,4
2310,SNP,LD,skipped,skipped,,4
2311,SNP,LD,skipped,skipped,,4
2312,SNP,LD,skipped,skipped,,4
2313,SNP,LD,skipped,skipped,,4
2314,SNP,LD,skipped,skipped,,4
2315,SNP,LD,skipped,skipped,,4
2316,SNP,LD,skipped,skipped,,4
2317,SNP,LD,skipped,skipped,,4
2318,SNP,LD,skipped,skipped,,4
2319,SNP,LD,skipped,skipped,,4
2320,SNP,LD,skipped,skipped,,4
2321,SNP,LD,skipped,skipped,,4
2322,SNP,LD,skipped,skipped,,4
2323,SNP,LD,skipped,skipped,,4
2324,SNP,LD,skipped,skipped,,4
2325,SNP,LD,skipped,skipped,,4
2326,SNP,LD,skipped,skipped,,4
2327,SNP,LD,skipped,skipped,,4
2328,SNP,LD,skipped,skipped,,4
2329,SNP,LD,skipped,skipped,,4
2330,SNP,LD,skipped,skipped,,4
2331,SNP,LD,skipped,skipped,,4
2332,SNP,LD,skipped,skipped,,4
2333,SNP,LD,skipped,skipped,,4
2334,SNP,LD,skipped,skipped,,4
2335,SNP,LD,skipped,skipped,,4
2336,SNP,LD,skipped,skipped,,4
2337,SNP,LD,skipped,skipped,,4
2338,SNP,LD,skipped,skipped,,4
2339,SNP,LD,skipped,skipped,,4
2340,SNP,LD,skipped,skipped,,4
2341,SNP,LD,skipped,skipped,,4
2342,SNP,LD,skipped,skipped,,4
2343,SNP,LD,skipped,skipped,,4
2344,SNP,LD,skipped,skipped,,4
2345,SNP,LD,skipped,skipped,,4
2346,SNP,LD,skipped,skipped,,4
2347,SNP,LD,skipped,skipped,,4
2348,SNP,LD,skipped,skipped,,4
2349,SNP,LD,skipped,skipped,,4
2350,SNP,LD,skipped,skipped,,4
2351,SNP,LD,skipped,skipped,,4
2352,SNP,LD,skipped,skipped,,4
2353,SNP,LD,skipped,skipped,,4
2354,SNP,LD,skipped,skipped,,4
2355,SNP,LD,skipped,skipped,,4
2356,SNP,LD,skipped,skipped,,4
2357,SNP,LD,skipped,skipped,,4
2358,SNP,LD,skipped,skipped,,4
2359,SNP,LD,skipped,skipped,,4
2360,SNP,LD,skipped,skipped,,4
2361,SNP,LD,skipped,skipped,,4
2362,SNP,LD,skipped,skipped,,4
2363,SNP,LD,skipped,skipped,,4
2364,SNP,LD,skipped,skipped,,4
2365,SNP,LD,skipped,skipped,,4
2366,SNP,LD,skipped,skipped,,4
2367,SNP,LD,skipped,skipped,,4
2368,SNP,LD,skipped,skipped,,4
2369,SNP,LD,skipped,skipped,,4
2370,SNP,LD,skipped,skipped,,4
2371,SNP,LD,skipped,skipped,,4
2372,SNP,LD,skipped,skipped,,4
2373,SNP,LD,skipped,skipped,,4
2374,SNP,LD,skipped,skipped,,4
2375,SNP,LD,skipped,skipped,,4
2376,SNP,LD,skipped,skipped,,4
2377,SNP,LD,skipped,skipped,,4
2378,SNP,LD,skipped,skipped,,4
2379,SNP,LD,skipped,skipped,,4
2380,SNP,LD,skipped,skipped,,4
2381,SNP,LD,skipped,skipped,,4
2382,SNP,LD,skipped,skipped,,4
2383,SNP,LD,skipped,skipped,,4
2384,SNP,LD,skipped,skipped,,4
2385,SNP,LD,skipped,skipped,,4
2386,SNP,LD,skipped,skipped,,4
2387,SNP,LD,skipped,skipped,,4
2388,SNP,LD,skipped,skipped,,4
2389,SNP,LD,skipped,skipped,,4
2390,SNP,LD,skipped,skipped,,4
2391,SNP,LD,skipped,skipped,,4
2392,SNP,LD,skipped,skipped,,4
2393,SNP,LD,skipped,skipped,,4
2394,SNP,LD,skipped,skipped,,4
2395,SNP,LD,skipped,skipped,,4
2396,SNP,LD,skipped,skipped,,4
2397,SNP,LD,skipped,skipped,,4
2398,SNP,LD,skipped,skipped,,4
2399,SNP,LD,skipped,skipped,,4
2400,SNP,LD,skipped,skipped,,4
2401,SNP,LD,skipped,skipped,,4
2402,SNP,LD,skipped,skipped,,4
2403,SNP,LD,skipped,skipped,,4
2404,SNP,LD,skipped,skipped,,4
2405,SNP,LD,skipped,skipped,,4
2406,SNP,LD,skipped,skipped,,4
2407,SNP,LD,skipped,skipped,,4
2408,SNP,LD,skipped,skipped,,4
2409,SNP,LD,skipped,skipped,,4
2410,SNP,LD,skipped,skipped,,4
2411,SNP,LD,skipped,skipped,,4
2412,SNP,LD,skipped,skipped,,4
2413,SNP,LD,skipped,skipped,,4
2414,SNP,LD,skipped,skipped,,4
2415,SNP,LD,skipped,skipped,,4
2416,SNP,LD,skipped,skipped,,4
2417,SNP,LD,skipped,skipped,,4
2418,SNP,LD,skipped,skipped,,4
2419,SNP,LD,skipped,skipped,,4
2420,SNP,LD,skipped,skipped,,4
2421,SNP,LD,skipped,skipped,,4
2422,SNP,LD,skipped,skipped,,4
2423,SNP,LD,skipped,skipped,,4
2424,SNP,LD,skipped,skipped,,4
2425,SNP,LD,skipped,skipped,,4
2426,SNP,LD,skipped,skipped,,4
2427,SNP,LD,skipped,skipped,,4
2428,SNP,LD,skipped,skipped,,4
2429,SNP,LD,skipped,skipped,,4
2430,SNP,LD,skipped,skipped,,4
2431,SNP,LD,skipped,skipped,,4
2432,SNP,LD,skipped,skipped,,4
2433,SNP,LD,skipped,skipped,,4
2434,SNP,LD,skipped,skipped,,4
2435,SNP,LD,skipped,skipped,,4
2436,SNP,LD,skipped,skipped,,4
2437,SNP,LD,skipped,skipped,,4
2438,SNP,LD,skipped,skipped,,4
2439,SNP,LD,skipped,skipped,,4
2440,SNP,LD,skipped,skipped,,4
2441,SNP,LD,skipped,skipped,,4
2442,SNP,LD,skipped,skipped,,4
2443,SNP,LD,skipped,skipped,,4
2444,SNP,LD,skipped,skipped,,4
2445,SNP,LD,skipped,skipped,,4
2446,SNP,LD,skipped,skipped,,4
2447,SNP,LD,skipped,skipped,,4
2448,SNP,LD,skipped,skipped,,4
2449,SNP,LD,skipped,skipped,,4
2450,SNP,LD,skipped,skipped,,4
2451,SNP,LD,skipped,skipped,,4
2452,SNP,LD,skipped,skipped,,4
2453,SNP,LD,skipped,skipped,,4
2454,SNP,LD,skipped,skipped,,4
2455,SNP,LD,skipped,skipped,,4
2456,SNP,LD,skipped,skipped,,4
2457,SNP,LD,skipped,skipped,,4
2458,SNP,LD,skipped,skipped,,4
2459,SNP,LD,skipped,skipped,,4
2460,SNP,LD,skipped,skipped,,4
2461,SNP,LD,skipped,skipped,,4
2462,SNP,LD,skipped,skipped,,4
2463,SNP,LD,skipped,skipped,,4
2464,SNP,LD,skipped,skipped,,4
2465,SNP,LD,skipped,skipped,,4
2466,SNP,LD,skipped,skipped,,4
2467,SNP,LD,skipped,skipped,,4
2468,SNP,LD,skipped,skipped,,4
2469,SNP,LD,skipped,skipped,,4
2470,SNP,LD,skipped,skipped,,4
2471,SNP,LD,skipped,skipped,,4
2472,SNP,LD,skipped,skipped,,4
2473,SNP,LD,skipped,skipped,,4
2474,SNP,LD,skipped,skipped,,4
2475,SNP,LD,skipped,skipped,,4
2476,SNP,LD,skipped,skipped,,4
2477,SNP,LD,skipped,skipped,,4
2478,SNP,LD,skipped,skipped,,4
2479,SNP,LD,skipped,skipped,,4
2480,SNP,LD,skipped,skipped,,4
2481,SNP,LD,skipped,skipped,,4
2482,SNP,LD,skipped,skipped,,4
2483,SNP,LD,skipped,skipped,,4
2484,SNP,LD,skipped,skipped,,4
2485,SNP,LD,skipped,skipped,,4
2486,SNP,LD,skipped,skipped,,4
2487,SNP,LD,skipped,skipped,,4
2488,SNP,LD,skipped,skipped,,4
2489,SNP,LD,skipped,skipped,,4
2490,SNP,LD,skipped,skipped,,4
2491,SNP,LD,skipped,skipped,,4
2492,SNP,LD,skipped,skipped,,4
2493,SNP,LD,skipped,skipped,,4
2494,SNP,LD,skipped,skipped,,4
2495,SNP,LD,skipped,skipped,,4
2496,SNP,LD,skipped,skipped,,4
2497,SNP,LD,skipped,skipped,,4
2498,SNP,LD,skipped,skipped,,4
2499,SNP,LD,skipped,skipped,,4
2500,SNP,LD,skipped,skipped,,4
2501,SNP,LD,skipped,skipped,,4
2502,SNP,LD,skipped,skipped,,4
2503,SNP,LD,skipped,skipped,,4
2504,SNP,LD,skipped,skipped,,4
2505,SNP,LD,skipped,skipped,,4
2506,SNP,LD,skipped,skipped,,4
2507,SNP,LD,skipped,skipped,,4
2508,SNP,LD,skipped,skipped,,4
2509,SNP,LD,skipped,skipped,,4
2510,SNP,LD,skipped,skipped,,4
2511,SNP,LD,skipped,skipped,,4
2512,SNP,LD,skipped,skipped,,4
2513,SNP,LD,skipped,skipped,,4
2514,SNP,LD,skipped,skipped,,4
2515,SNP,LD,skipped,skipped,,4
2516,SNP,LD,skipped,skipped,,4
2517,SNP,LD,skipped,skipped,,4
2518,SNP,LD,skipped,skipped,,4
2519,SNP,LD,skipped,skipped,,4
2520,SNP,LD,skipped,skipped,,4
2521,SNP,LD,skipped,skipped,,4
2522,SNP,LD,skipped,skipped,,4
2523,SNP,LD,skipped,skipped,,4
2524,SNP,LD,skipped,skipped,,4
2525,SNP,LD,skipped,skipped,,4
2526,SNP,LD,skipped,skipped,,4
2527,SNP,LD,skipped,skipped,,4
2528,SNP,LD,skipped,skipped,,4
2529,SNP,LD,skipped,skipped,,4
2530,SNP,LD,skipped,skipped,,4
2531,SNP,LD,skipped,skipped,,4
2532,SNP,LD,skipped,skipped,,4
2533,SNP,LD,skipped,skipped,,4
2534,SNP,LD,skipped,skipped,,4
2535,SNP,LD,skipped,skipped,,4
2536,SNP,LD,skipped,skipped,,4
2537,SNP,LD,skipped,skipped,,4
2538,SNP,LD,skipped,skipped,,4
2539,SNP,LD,skipped,skipped,,4
2540,SNP,LD,skipped,skipped,,4
2541,SNP,LD,skipped,skipped,,4
2542,SNP,LD,skipped,skipped,,4
2543,SNP,LD,skipped,skipped,,4
2544,SNP,LD,skipped,skipped,,4
2545,SNP,LD,skipped,skipped,,4
2546,SNP,LD,skipped,skipped,,4
2547,SNP,LD,skipped,skipped,,4
2548,SNP,LD,skipped,skipped,,4
2549,SNP,LD,skipped,skipped,,4
2550,SNP,LD,skipped,skipped,,4
2551,SNP,LD,skipped,skipped,,4
2552,SNP,LD,skipped,skipped,,4
2553,SNP,LD,skipped,skipped,,4
2554,SNP,LD,skipped,skipped,,4
2555,SNP,LD,skipped,skipped,,4
2556,SNP,LD,skipped,skipped,,4
2557,SNP,LD,skipped,skipped,,4
2558,SNP,LD,skipped,skipped,,4
2559,SNP,LD,skipped,skipped,,4
2560,SNP,LD,skipped,skipped,,4
2561,SNP,LD,skipped,skipped,,4
2562,SNP,LD,skipped,skipped,,4
2563,SNP,LD,skipped,skipped,,4
2564,SNP,LD,skipped,skipped,,4
2565,SNP,LD,skipped,skipped,,4
2566,SNP,LD,skipped,skipped,,4
2567,SNP,LD,skipped,skipped,,4
2568,SNP,LD,skipped,skipped,,4
2569,SNP,LD,skipped,skipped,,4
2570,SNP,LD,skipped,skipped,,4
2571,SNP,LD,skipped,skipped,,4
2572,SNP,LD,skipped,skipped,,4
2573,SNP,LD,skipped,skipped,,4
2574,SNP,LD,skipped,skipped,,4
2575,SNP,LD,skipped,skipped,,4
2576,SNP,LD,skipped,skipped,,4
2577,SNP,LD,skipped,skipped,,4
2578,SNP,LD,skipped,skipped,,4
2579,SNP,LD,skipped,skipped,,4
2580,SNP,LD,skipped,skipped,,4
2581,SNP,LD,skipped,skipped,,4
2582,SNP,LD,skipped,skipped,,4
2583,SNP,LD,skipped,skipped,,4
2584,SNP,LD,skipped,skipped,,4
2585,SNP,LD,skipped,skipped,,4
2586,SNP,LD,skipped,skipped,,4
2587,SNP,LD,skipped,skipped,,4
2588,SNP,LD,skipped,skipped,,4
2589,SNP,LD,skipped,skipped,,4
2590,SNP,LD,skipped,skipped,,4
2591,SNP,LD,skipped,skipped,,4
2592,SNP,LD,skipped,skipped,,4
2593,SNP,LD,skipped,skipped,,4
2594,SNP,LD,skipped,skipped,,4
2595,SNP,LD,skipped,skipped,,4
2596,SNP,LD,skipped,skipped,,4
2597,SNP,LD,skipped,skipped,,4
2598,SNP,LD,skipped,skipped,,4
2599,SNP,LD,skipped,skipped,,4
2600,SNP,LD,skipped,skipped,,4
2601,SNP,LD,skipped,skipped,,4
2602,SNP,LD,skipped,skipped,,4
2603,SNP,LD,skipped,skipped,,4
2604,SNP,LD,skipped,skipped,,4
2605,SNP,LD,skipped,skipped,,4
2606,SNP,LD,skipped,skipped,,4
2607,SNP,LD,skipped,skipped,,4
2608,SNP,LD,skipped,skipped,,4
2609,SNP,LD,skipped,skipped,,4
2610,SNP,LD,skipped,skipped,,4
2611,SNP,LD,skipped,skipped,,4
2612,SNP,LD,skipped,skipped,,4
2613,SNP,LD,skipped,skipped,,4
2614,SNP,LD,skipped,skipped,,4
2615,SNP,LD,skipped,skipped,,4
2616,SNP,LD,skipped,skipped,,4
2617,SNP,LD,skipped,skipped,,4
2618,SNP,LD,skipped,skipped,,4
2619,SNP,LD,skipped,skipped,,4
2620,SNP,LD,skipped,skipped,,4
2621,SNP,LD,skipped,skipped,,4
2622,SNP,LD,skipped,skipped,,4
2623,SNP,LD,skipped,skipped,,4
2624,SNP,LD,skipped,skipped,,4
2625,SNP,LD,skipped,skipped,,4
2626,SNP,LD,skipped,skipped,,4
2627,SNP,LD,skipped,skipped,,4
2628,SNP,LD,skipped,skipped,,4
2629,SNP,LD,skipped,skipped,,4
2630,SNP,LD,skipped,skipped,,4
2631,SNP,LD,skipped,skipped,,4
2632,SNP,LD,skipped,skipped,,4
2633,SNP,LD,skipped,skipped,,4
2634,SNP,LD,skipped,skipped,,4
2635,SNP,LD,skipped,skipped,,4
2636,SNP,LD,skipped,skipped,,4
2637,SNP,LD,skipped,skipped,,4
2638,SNP,LD,skipped,skipped,,4
2639,SNP,LD,skipped,skipped,,4
2640,SNP,LD,skipped,skipped,,4
2641,SNP,LD,skipped,skipped,,4
2642,SNP,LD,skipped,skipped,,4
2643,SNP,LD,skipped,skipped,,4
2644,SNP,LD,skipped,skipped,,4
2645,SNP,LD,skipped,skipped,,4
2646,SNP,LD,skipped,skipped,,4
2647,SNP,LD,skipped,skipped,,4
2648,SNP,LD,skipped,skipped,,4
2649,SNP,LD,skipped,skipped,,4
2650,SNP,LD,skipped,skipped,,4
2651,SNP,LD,skipped,skipped,,4
2652,SNP,LD,skipped,skipped,,4
2653,SNP,LD,skipped,skipped,,4
2654,SNP,LD,skipped,skipped,,4
2655,SNP,LD,skipped,skipped,,4
2656,SNP,LD,skipped,skipped,,4
2657,SNP,LD,skipped,skipped,,4
2658,SNP,LD,skipped,skipped,,4
2659,SNP,LD,skipped,skipped,,4
2660,SNP,LD,skipped,skipped,,4
2661,SNP,LD,skipped,skipped,,4
2662,SNP,LD,skipped,skipped,,4
2663,SNP,LD,skipped,skipped,,4
2664,SNP,LD,skipped,skipped,,4
2665,SNP,LD,skipped,skipped,,4
2666,SNP,LD,skipped,skipped,,4
2667,SNP,LD,skipped,skipped,,4
2668,SNP,LD,skipped,skipped,,4
2669,SNP,LD,skipped,skipped,,4
2670,SNP,LD,skipped,skipped,,4
2671,SNP,LD,skipped,skipped,,4
2672,SNP,LD,skipped,skipped,,4
2673,SNP,LD,skipped,skipped,,4
2674,SNP,LD,skipped,skipped,,4
2675,SNP,LD,skipped,skipped,,4
2676,SNP,LD,skipped,skipped,,4
2677,SNP,LD,skipped,skipped,,4
2678,SNP,LD,skipped,skipped,,4
2679,SNP,LD,Con,skipped,,4
2680,SNP,LD,Con,skipped,,4
2681,SNP,LD,Con,skipped,,4
2682,SNP,LD,Con,skipped,,4
2683,SNP,LD,Con,skipped,,4
2684,SNP,LD,Con,skipped,,4
2685,SNP,LD,Con,skipped,,4
2686,SNP,LD,Con,skipped,,4
2687,SNP,LD,Con,skipped,,4
2688,SNP,LD,Con,skipped,,4
2689,SNP,LD,Con,skipped,,4
2690,SNP,LD,Con,skipped,,4
2691,SNP,LD,Con,skipped,,4
2692,SNP,LD,Con,skipped,,4
2693,SNP,LD,Con,skipped,,4
2694,SNP,LD,Con,skipped,,4
2695,SNP,LD,Con,skipped,,4
2696,SNP,LD,Con,skipped,,4
2697,SNP,LD,Con,skipped,,4
2698,SNP,LD,Con,skipped,,4
2699,SNP,LD,Con,skipped,,4
2700,SNP,LD,Con,skipped,,4
2701,SNP,LD,Con,skipped,,4
2702,SNP,LD,Con,skipped,,4
2703,SNP,LD,Con,skipped,,4
2704,SNP,LD,Con,skipped,,4
2705,SNP,LD,Con,skipped,,4
2706,SNP,LD,Con,skipped,,4
2707,SNP,LD,Con,skipped,,4
2708,SNP,LD,Con,skipped,,4
2709,SNP,LD,Con,skipped,,4
2710,SNP,LD,Con,skipped,,4
2711,SNP,LD,Con,skipped,,4
2712,SNP,LD,Con,skipped,,4
2713,SNP,LD,Con,skipped,,4
2714,SNP,LD,Con,skipped,,4
2715,SNP,LD,Con,skipped,,4
2716,SNP,LD,Con,skipped,,4
2717,SNP,LD,Con,skipped,,4
2718,SNP,LD,Con,skipped,,4
2719,SNP,LD,Con,skipped,,4
2720,SNP,LD,Con,skipped,,4
2721,SNP,LD,Con,skipped,,4
2722,SNP,LD,Con,skipped,,4
2723,SNP,LD,Con,skipped,,4
2724,SNP,LD,Con,skipped,,4
2725,SNP,LD,Con,skipped,,4
2726,SNP,LD,Con,skipped,,4
2727,SNP,LD,Con,skipped,,4
2728,SNP,LD,Con,skipped,,4
2729,SNP,LD,Con,skipped,,4
2730,SNP,LD,Con,skipped,,4
2731,SNP,LD,Con,skipped,,4
2732,SNP,LD,Con,skipped,,4
2733,SNP,LD,Con,skipped,,4
2734,SNP,LD,Con,skipped,,4
2735,SNP,LD,Con,skipped,,4
2736,SNP,LD,Con,skipped,,4
2737,SNP,LD,Con,skipped,,4
2738,SNP,LD,Con,skipped,,4
2739,SNP,LD,Con,skipped,,4
2740,SNP,LD,Con,skipped,,4
2741,SNP,LD,Con,skipped,,4
2742,SNP,LD,Con,skipped,,4
2743,SNP,LD,Con,skipped,,4
2744,SNP,LD,Con,skipped,,4
2745,SNP,LD,Con,skipped,,4
2746,SNP,LD,Con,skipped,,4
2747,SNP,LD,Con,skipped,,4
2748,SNP,LD,Con,skipped,,4
2749,SNP,LD,Con,skipped,,4
2750,SNP,LD,Con,skipped,,4
2751,SNP,LD,Con,skipped,,4
2752,SNP,LD,Con,skipped,,4
2753,SNP,LD,Con,skipped,,4
2754,SNP,LD,Con,skipped,,4
2755,SNP,LD,Con,skipped,,4
2756,SNP,LD,Con,skipped,,4
2757,SNP,LD,Con,skipped,,4
2758,SNP,LD,Con,skipped,,4
2759,SNP,LD,Con,skipped,,4
2760,SNP,LD,Con,skipped,,4
2761,SNP,LD,Con,skipped,,4
2762,SNP,LD,Con,skipped,,4
2763,SNP,LD,Con,skipped,,4
2764,SNP,LD,Con,skipped,,4
2765,SNP,LD,Con,skipped,,4
2766,SNP,LD,Con,skipped,,4
2767,SNP,LD,Con,skipped,,4
2768,SNP,LD,Con,skipped,,4
2769,SNP,LD,Con,skipped,,4
2770,SNP,LD,Con,skipped,,4
2771,SNP,LD,Con,skipped,,4
2772,SNP,LD,Con,skipped,,4
2773,SNP,LD,Con,skipped,,4
2774,SNP,LD,Con,skipped,,4
2775,SNP,LD,Con,skipped,,4
2776,SNP,LD,Con,skipped,,4
2777,SNP,LD,Con,skipped,,4
2778,SNP,LD,Con,skipped,,4
2779,SNP,LD,Con,skipped,,4
2780,SNP,LD,Con,skipped,,4
2781,SNP,LD,Con,skipped,,4
2782,SNP,LD,Con,skipped,,4
2783,SNP,LD,Con,skipped,,4
2784,SNP,LD,Con,skipped,,4
2785,SNP,LD,Con,skipped,,4
2786,SNP,LD,Con,skipped,,4
2787,SNP,LD,Con,skipped,,4
2788,SNP,LD,Con,skipped,,4
2789,SNP,LD,Con,skipped,,4
2790,SNP,LD,Con,skipped,,4
2791,SNP,LD,Con,skipped,,4
2792,SNP,LD,Con,skipped,,4
2793,SNP,LD,Con,skipped,,4
2794,SNP,LD,Con,skipped,,4
2795,SNP,LD,Con,skipped,,4
2796,SNP,LD,Con,skipped,,4
2797,SNP,LD,Con,skipped,,4
2798,SNP,LD,Con,skipped,,4
2799,SNP,LD,Con,skipped,,4
2800,SNP,LD,Con,skipped,,4
2801,SNP,LD,Con,skipped,,4
2802,SNP,LD,Con,skipped,,4
2803,SNP,LD,Con,skipped,,4
2804,SNP,LD,Con,skipped,,4
2805,SNP,LD,Con,skipped,,4
2806,SNP,LD,Con,skipped,,4
2807,SNP,LD,Con,skipped,,4
2808,SNP,LD,Con,skipped,,4
2809,SNP,LD,Con,skipped,,4
2810,SNP,LD,Con,skipped,,4
2811,SNP,LD,Con,skipped,,4
2812,SNP,LD,Con,skipped,,4
2813,SNP,LD,Con,skipped,,4
2814,SNP,LD,Con,skipped,,4
2815,SNP,LD,Con,skipped,,4
2816,SNP,LD,Con,skipped,,4
2817,SNP,LD,Con,skipped,,4
2818,SNP,LD,Con,skipped,,4
2819,SNP,LD,Con,skipped,,4
2820,SNP,LD,Con,skipped,,4
2821,SNP,LD,Con,skipped,,4
2822,SNP,LD,Con,skipped,,4
2823,SNP,LD,Con,skipped,,4
2824,SNP,LD,Con,skipped,,4
2825,SNP,LD,Con,skipped,,4
2826,SNP,LD,Con,skipped,,4
2827,SNP,LD,Con,skipped,,4
2828,SNP,LD,Con,skipped,,4
2829,SNP,LD,Con,skipped,,4
2830,SNP,LD,Con,skipped,,4
2831,SNP,LD,Con,skipped,,4
2832,SNP,LD,Con,skipped,,4
2833,SNP,LD,Con,skipped,,4
2834,SNP,LD,Con,skipped,,4
2835,SNP,LD,Con,skipped,,4
2836,SNP,LD,Con,skipped,,4
2837,SNP,LD,Con,skipped,,4
2838,SNP,LD,Con,skipped,,4
2839,SNP,LD,Con,skipped,,4
2840,SNP,LD,Con,skipped,,4
2841,SNP,LD,Con,skipped,,4
2842,SNP,LD,Con,skipped,,4
2843,SNP,LD,Con,skipped,,4
2844,SNP,LD,Con,skipped,,4
2845,SNP,LD,Con,skipped,,4
2846,SNP,LD,Con,skipped,,4
2847,SNP,LD,Con,skipped,,4
2848,SNP,LD,Con,skipped,,4
2849,SNP,LD,Con,skipped,,4
2850,SNP,LD,Con,skipped,,4
2851,SNP,LD,Con,skipped,,4
2852,SNP,LD,Con,skipped,,4
2853,SNP,LD,Con,skipped,,4
2854,SNP,LD,Con,skipped,,4
2855,SNP,LD,Con,skipped,,4
2856,SNP,LD,Con,skipped,,4
2857,SNP,LD,Con,skipped,,4
2858,SNP,LD,Con,skipped,,4
2859,SNP,LD,Con,skipped,,4
2860,SNP,LD,Con,skipped,,4
2861,SNP,LD,Con,skipped,,4
2862,SNP,LD,Con,skipped,,4
2863,SNP,LD,Con,skipped,,4
2864,SNP,LD,Con,skipped,,4
2865,SNP,LD,Con,skipped,,4
2866,SNP,LD,Con,skipped,,4
2867,SNP,LD,Con,skipped,,4
2868,SNP,LD,Con,skipped,,4
2869,SNP,LD,Con,skipped,,4
2870,SNP,LD,Con,skipped,,4
2871,SNP,LD,Con,skipped,,4
2872,SNP,LD,Con,skipped,,4
2873,SNP,LD,Con,skipped,,4
2874,SNP,LD,Con,skipped,,4
2875,SNP,LD,Con,skipped,,4
2876,SNP,LD,Con,skipped,,4
2877,SNP,LD,Con,skipped,,4
2878,SNP,LD,Con,skipped,,4
2879,SNP,LD,Con,skipped,,4
2880,SNP,LD,Con,skipped,,4
2881,SNP,LD,Con,skipped,,4
2882,SNP,LD,Con,skipped,,4
2883,SNP,LD,Con,skipped,,4
2884,SNP,LD,Con,skipped,,4
2885,SNP,LD,Con,skipped,,4
2886,SNP,LD,Con,skipped,,4
2887,SNP,LD,Con,skipped,,4
2888,SNP,LD,Con,skipped,,4
2889,SNP,LD,Con,skipped,,4
2890,SNP,LD,Con,skipped,,4
2891,SNP,LD,Con,skipped,,4
2892,SNP,LD,Con,skipped,,4
2893,SNP,LD,Con,skipped,,4
2894,SNP,LD,Con,skipped,,4
2895,SNP,LD,Con,skipped,,4
2896,SNP,LD,Con,skipped,,4
2897,SNP,LD,Con,skipped,,4
2898,SNP,LD,Con,skipped,,4
2899,SNP,LD,Con,skipped,,4
2900,SNP,LD,Con,skipped,,4
2901,SNP,LD,Con,skipped,,4
2902,SNP,LD,Con,skipped,,4
2903,SNP,LD,Con,skipped,,4
2904,SNP,LD,Con,skipped,,4
2905,SNP,LD,Con,skipped,,4
2906,SNP,LD,Con,skipped,,4
2907,SNP,LD,Con,skipped,,4
2908,SNP,LD,Con,skipped,,4
2909,SNP,LD,Con,skipped,,4
2910,SNP,LD,Con,skipped,,4
2911,SNP,LD,Con,skipped,,4
2912,SNP,LD,Con,skipped,,4
2913,SNP,LD,Con,skipped,,4
2914,SNP,LD,Con,skipped,,4
2915,SNP,LD,Con,skipped,,4
2916,SNP,LD,Con,skipped,,4
2917,SNP,LD,Con,skipped,,4
2918,SNP,LD,Con,skipped,,4
2919,SNP,LD,Con,skipped,,4
2920,SNP,LD,Con,skipped,,4
2921,SNP,LD,Con,skipped,,4
2922,SNP,LD,Con,skipped,,4
2923,SNP,LD,Con,skipped,,4
2924,SNP,LD,Con,skipped,,4
2925,SNP,LD,Con,skipped,,4
2926,SNP,LD,Con,skipped,,4
2927,SNP,LD,Con,skipped,,4
2928,SNP,LD,Con,skipped,,4
2929,SNP,LD,Con,skipped,,4
2930,SNP,LD,Con,skipped,,4
2931,SNP,LD,Con,skipped,,4
2932,SNP,LD,Con,skipped,,4
2933,SNP,LD,Con,skipped,,4
2934,SNP,LD,Con,skipped,,4
2935,SNP,LD,Con,skipped,,4
2936,SNP,LD,Con,skipped,,4
2937,SNP,LD,Con,skipped,,4
2938,SNP,LD,Con,skipped,,4
2939,SNP,LD,Con,skipped,,4
2940,SNP,LD,Con,skipped,,4
2941,SNP,LD,Con,skipped,,4
2942,SNP,LD,Con,skipped,,4
2943,SNP,LD,Con,skipped,,4
2944,SNP,LD,Con,skipped,,4
2945,SNP,LD,Con,skipped,,4
2946,SNP,LD,Con,skipped,,4
2947,SNP,LD,Con,skipped,,4
2948,SNP,LD,Con,skipped,,4
2949,SNP,LD,Con,skipped,,4
2950,SNP,LD,Con,skipped,,4
2951,SNP,LD,Con,skipped,,4
2952,SNP,LD,Con,skipped,,4
2953,SNP,LD,Con,skipped,,4
2954,SNP,LD,Con,skipped,,4
2955,SNP,LD,Con,skipped,,4
2956,SNP,LD,Con,skipped,,4
2957,SNP,LD,Con,skipped,,4
2958,SNP,LD,Con,skipped,,4
2959,SNP,LD,Con,skipped,,4
2960,SNP,LD,Con,skipped,,4
2961,SNP,LD,Con,skipped,,4
2962,SNP,LD,Con,skipped,,4
2963,SNP,LD,Con,skipped,,4
2964,SNP,LD,Con,skipped,,4
2965,SNP,LD,Con,skipped,,4
2966,SNP,LD,Con,skipped,,4
2967,SNP,LD,Con,skipped,,4
2968,SNP,LD,Con,skipped,,4
2969,SNP,LD,Con,skipped,,4
2970,SNP,LD,Con,skipped,,4
2971,SNP,LD,Con,skipped,,4
2972,SNP,LD,Con,skipped,,4
2973,SNP,LD,Con,skipped,,4
2974,SNP,LD,Con,skipped,,4
2975,SNP,LD,Con,skipped,,4
2976,SNP,LD,Con,skipped,,4
2977,SNP,LD,Con,skipped,,4
2978,SNP,LD,Con,skipped,,4
2979,SNP,LD,Con,skipped,,4
2980,SNP,LD,Con,skipped,,4
2981,LD,skipped,skipped,skipped,,4
2982,LD,skipped,skipped,skipped,,4
2983,LD,skipped,skipped,skipped,,4
2984,LD,skipped,skipped,skipped,,4
2985,LD,skipped,skipped,skipped,,4
2986,LD,skipped,skipped,skipped,,4
2987,LD,skipped,skipped,skipped,,4
2988,LD,skipped,skipped,skipped,,4
2989,LD,skipped,skipped,skipped,,4
2990,LD,skipped,skipped,skipped,,4
2991,LD,skipped,skipped,skipped,,4
2992,LD,skipped,skipped,skipped,,4
2993,LD,skipped,skipped,skipped,,4
2994,LD,skipped,skipped,skipped,,4
2995,LD,skipped,skipped,skipped,,4
2996,LD,skipped,skipped,skipped,,4
2997,LD,skipped,skipped,skipped,,4
2998,LD,skipped,skipped,skipped,,4
2999,LD,skipped,skipped,skipped,,4
3000,LD,skipped,skipped,skipped,,4
3001,LD,skipped,skipped,skipped,,4
3002,LD,skipped,skipped,skipped,,4
3003,LD,skipped,skipped,skipped,,4
3004,LD,skipped,skipped,skipped,,4
3005,LD,skipped,skipped,skipped,,4
3006,LD,skipped,skipped,skipped,,4
3007,LD,skipped,skipped,skipped,,4
3008,LD,skipped,skipped,skipped,,4
3009,LD,skipped,skipped,skipped,,4
3010,LD,skipped,skipped,skipped,,4
3011,LD,skipped,skipped,skipped,,4
3012,LD,skipped,skipped,skipped,,4
3013,LD,skipped,skipped,skipped,,4
3014,LD,skipped,skipped,skipped,,4
3015,LD,skipped,skipped,skipped,,4
3016,LD,skipped,skipped,skipped,,4
3017,LD,skipped,skipped,skipped,,4
3018,LD,skipped,skipped,skipped,,4
3019,LD,skipped,skipped,skipped,,4
3020,LD,skipped,skipped,skipped,,4
3021,LD,skipped,skipped,skipped,,4
3022,LD,skipped,skipped,skipped,,4
3023,LD,skipped,skipped,skipped,,4
3024,LD,skipped,skipped,skipped,,4
3025,LD,skipped,skipped,skipped,,4
3026,LD,skipped,skipped,skipped,,4
3027,LD,skipped,skipped,skipped,,4
3028,LD,skipped,skipped,skipped,,4
3029,LD,skipped,skipped,skipped,,4
3030,LD,skipped,skipped,skipped,,4
3031,LD,skipped,skipped,skipped,,4
3032,LD,skipped,skipped,skipped,,4
3033,LD,skipped,skipped,skipped,,4
3034,LD,skipped,skipped,skipped,,4
3035,LD,skipped,skipped,skipped,,4
3036,LD,skipped,skipped,skipped,,4
3037,LD,skipped,skipped,skipped,,4
3038,LD,skipped,skipped,skipped,,4
3039,LD,skipped,skipped,skipped,,4
3040,LD,skipped,skipped,skipped,,4
3041,LD,skipped,skipped,skipped,,4
3042,LD,skipped,skipped,skipped,,4
3043,LD,skipped,skipped,skipped,,4
3044,LD,skipped,skipped,skipped,,4
3045,LD,skipped,skipped,skipped,,4
3046,LD,skipped,skipped,skipped,,4
3047,LD,skipped,skipped,skipped,,4
3048,LD,skipped,skipped,skipped,,4
3049,LD,skipped,skipped,skipped,,4
3050,LD,skipped,skipped,skipped,,4
3051,LD,skipped,skipped,skipped,,4
3052,LD,skipped,skipped,skipped,,4
3053,LD,skipped,skipped,skipped,,4
3054,LD,skipped,skipped,skipped,,4
3055,LD,skipped,skipped,skipped,,4
3056,LD,skipped,skipped,skipped,,4
3057,LD,skipped,skipped,skipped,,4
3058,LD,skipped,skipped,skipped,,4
3059,LD,skipped,skipped,skipped,,4
3060,LD,skipped,skipped,skipped,,4
3061,LD,skipped,skipped,skipped,,4
3062,LD,skipped,skipped,skipped,,4
3063,LD,skipped,skipped,skipped,,4
3064,LD,skipped,skipped,skipped,,4
3065,LD,skipped,skipped,skipped,,4
3066,LD,skipped,skipped,skipped,,4
3067,LD,skipped,skipped,skipped,,4
3068,LD,skipped,skipped,skipped,,4
3069,LD,skipped,skipped,skipped,,4
3070,LD,skipped,skipped,skipped,,4
3071,LD,skipped,skipped,skipped,,4
3072,LD,skipped,skipped,skipped,,4
3073,LD,skipped,skipped,skipped,,4
3074,LD,skipped,skipped,skipped,,4
3075,LD,skipped,skipped,skipped,,4
3076,LD,skipped,skipped,skipped,,4
3077,LD,skipped,skipped,skipped,,4
3078,LD,skipped,skipped,skipped,,4
3079,LD,skipped,skipped,skipped,,4
3080,LD,skipped,skipped,skipped,,4
3081,LD,skipped,skipped,skipped,,4
3082,LD,skipped,skipped,skipped,,4
3083,LD,skipped,skipped,skipped,,4
3084,LD,skipped,skipped,skipped,,4
3085,LD,skipped,skipped,skipped,,4
3086,LD,skipped,skipped,skipped,,4
3087,LD,skipped,skipped,skipped,,4
3088,LD,skipped,skipped,skipped,,4
3089,LD,skipped,skipped,skipped,,4
3090,LD,skipped,skipped,skipped,,4
3091,LD,skipped,skipped,skipped,,4
3092,LD,skipped,skipped,skipped,,4
3093,LD,skipped,skipped,skipped,,4
3094,LD,skipped,skipped,skipped,,4
3095,LD,skipped,skipped,skipped,,4
3096,LD,skipped,skipped,skipped,,4
3097,LD,skipped,skipped,skipped,,4
3098,LD,skipped,skipped,skipped,,4
3099,LD,skipped,skipped,skipped,,4
3100,LD,skipped,skipped,skipped,,4
3101,LD,skipped,skipped,skipped,,4
3102,LD,skipped,skipped,skipped,,4
3103,LD,skipped,skipped,skipped,,4
3104,LD,skipped,skipped,skipped,,4
3105,LD,skipped,skipped,skipped,,4
3106,LD,skipped,skipped,skipped,,4
3107,LD,skipped,skipped,skipped,,4
3108,LD,skipped,skipped,skipped,,4
3109,LD,skipped,skipped,skipped,,4
3110,LD,skipped,skipped,skipped,,4
3111,LD,skipped,skipped,skipped,,4
3112,LD,skipped,skipped,skipped,,4
3113,LD,skipped,skipped,skipped,,4
3114,LD,skipped,skipped,skipped,,4
3115,LD,skipped,skipped,skipped,,4
3116,LD,skipped,skipped,skipped,,4
3117,LD,skipped,skipped,skipped,,4
3118,LD,skipped,skipped,skipped,,4
3119,LD,skipped,skipped,skipped,,4
3120,LD,skipped,skipped,skipped,,4
3121,LD,skipped,skipped,skipped,,4
3122,LD,skipped,skipped,skipped,,4
3123,LD,skipped,skipped,skipped,,4
3124,LD,skipped,skipped,skipped,,4
3125,LD,skipped,skipped,skipped,,4
3126,LD,skipped,skipped,skipped,,4
3127,LD,skipped,skipped,skipped,,4
3128,LD,skipped,skipped,skipped,,4
3129,LD,skipped,skipped,skipped,,4
3130,LD,skipped,skipped,skipped,,4
3131,LD,Con,skipped,skipped,,4
3132,LD,Con,skipped,skipped,,4
3133,LD,Con,skipped,skipped,,4
3134,LD,Con,skipped,skipped,,4
3135,LD,Con,skipped,skipped,,4
3136,LD,Con,skipped,skipped,,4
3137,LD,Con,skipped,skipped,,4
3138,LD,Con,skipped,skipped,,4
3139,LD,Con,skipped,skipped,,4
3140,LD,Con,skipped,skipped,,4
3141,LD,Con,skipped,skipped,,4
3142,LD,Con,skipped,skipped,,4
3143,LD,Con,skipped,skipped,,4
3144,LD,Con,skipped,skipped,,4
3145,LD,Con,skipped,skipped,,4
3146,LD,Con,skipped,skipped,,4
3147,LD,Con,skipped,skipped,,4
3148,LD,Con,skipped,skipped,,4
3149,LD,Con,skipped,skipped,,4
3150,LD,Con,skipped,skipped,,4
3151,LD,Con,skipped,skipped,,4
3152,LD,Con,skipped,skipped,,4
3153,LD,Con,skipped,skipped,,4
3154,LD,Con,skipped,skipped,,4
3155,LD,Con,skipped,skipped,,4
3156,LD,Con,skipped,skipped,,4
3157,LD,Con,skipped,skipped,,4
3158,LD,Con,skipped,skipped,,4
3159,LD,Con,skipped,skipped,,4
3160,LD,Con,skipped,skipped,,4
3161,LD,Con,skipped,skipped,,4
3162,LD,Con,skipped,skipped,,4
3163,LD,Con,skipped,skipped,,4
3164,LD,Con,skipped,skipped,,4
3165,LD,Con,skipped,skipped,,4
3166,LD,Con,skipped,skipped,,4
3167,LD,Con,skipped,skipped,,4
3168,LD,Con,skipped,skipped,,4
3169,LD,Con,skipped,skipped,,4
3170,LD,Con,SNP,skipped,,4
3171,LD,Con,SNP,skipped,,4
3172,LD,Con,SNP,skipped,,4
3173,LD,Con,SNP,skipped,,4
3174,LD,Con,SNP,skipped,,4
3175,LD,Con,SNP,skipped,,4
3176,LD,Con,SNP,skipped,,4
3177,LD,Con,SNP,skipped,,4
3178,LD,Con,SNP,skipped,,4
3179,LD,Con,SNP,skipped,,4
3180,LD,Con,SNP,skipped,,4
3181,LD,Con,SNP,skipped,,4
3182,LD,Con,SNP,skipped,,4
3183,LD,Con,SNP,skipped,,4
3184,LD,Con,SNP,skipped,,4
3185,LD,Con,SNP,skipped,,4
3186,LD,Con,SNP,skipped,,4
3187,LD,Con,SNP,skipped,,4
3188,LD,Con,SNP,skipped,,4
3189,LD,Con,SNP,skipped,,4
3190,LD,Con,SNP,skipped,,4
3191,LD,Con,SNP,skipped,,4
3192,LD,Con,SNP,skipped,,4
3193,LD,Con,SNP,skipped,,4
3194,LD,Con,SNP,skipped,,4
3195,LD,Con,SNP,skipped,,4
3196,LD,Con,SNP,skipped,,4
3197,LD,Con,SNP,skipped,,4
3198,LD,SNP,Con,skipped,,4
3199,LD,SNP,Con,skipped,,4
3200,LD,SNP,Con,skipped,,4
3201,LD,Con,skipped,skipped,,4
3202,LD,Con,skipped,skipped,,4
3203,LD,Con,skipped,skipped,,4
3204,LD,Con,skipped,skipped,,4
3205,LD,Con,skipped,skipped,,4
3206,LD,Con,skipped,skipped,,4
3207,LD,Con,skipped,skipped,,4
3208,LD,Con,skipped,skipped,,4
3209,LD,Con,skipped,skipped,,4
3210,LD,Con,skipped,skipped,,4
3211,LD,Con,skipped,skipped,,4
3212,LD,Con,skipped,skipped,,4
3213,LD,Con,skipped,skipped,,4
3214,LD,Con,skipped,skipped,,4
3215,LD,Con,skipped,skipped,,4
3216,LD,Con,skipped,skipped,,4
3217,LD,Con,skipped,skipped,,4
3218,LD,Con,skipped,skipped,,4
3219,LD,Con,skipped,skipped,,4
3220,LD,Con,skipped,skipped,,4
3221,LD,Con,skipped,skipped,,4
3222,LD,Con,skipped,skipped,,4
3223,LD,Con,skipped,skipped,,4
3224,LD,Con,skipped,skipped,,4
3225,LD,Con,skipped,skipped,,4
3226,LD,Con,skipped,skipped,,4
3227,LD,Con,skipped,skipped,,4
3228,LD,Con,skipped,skipped,,4
3229,LD,Con,skipped,skipped,,4
3230,LD,Con,SNP,skipped,,4
3231,LD,Con,SNP,skipped,,4
3232,LD,Con,SNP,skipped,,4
3233,LD,Con,SNP,skipped,,4
3234,LD,Con,SNP,skipped,,4
3235,LD,Con,SNP,skipped,,4
3236,LD,Con,SNP,skipped,,4
3237,LD,Con,SNP,skipped,,4
3238,LD,Con,SNP,skipped,,4
3239,LD,Con,SNP,skipped,,4
3240,LD,Con,SNP,skipped,,4
3241,LD,Con,SNP,skipped,,4
3242,LD,Con,SNP,skipped,,4
3243,LD,Con,SNP,skipped,,4
3244,LD,Con,SNP,skipped,,4
3245,LD,Con,SNP,skipped,,4
3246,LD,Con,SNP,skipped,,4
3247,LD,Con,SNP,skipped,,4
3248,LD,Con,SNP,skipped,,4
3249,LD,Con,SNP,skipped,,4
3250,LD,Con,SNP,skipped,,4
3251,LD,Con,SNP,skipped,,4
3252,LD,Con,SNP,skipped,,4
3253,LD,Con,SNP,skipped,,4
3254,LD,Con,SNP,skipped,,4
3255,LD,Con,SNP,skipped,,4
3256,LD,Con,SNP,skipped,,4
3257,LD,SNP,Con,skipped,,4
3258,LD,SNP,Con,skipped,,4
3259,LD,SNP,Con,skipped,,4
3260,LD,SNP,Con,skipped,,4
3261,LD,SNP,skipped,skipped,,4
3262,LD,SNP,skipped,skipped,,4
3263,LD,SNP,skipped,skipped,,4
3264,LD,SNP,skipped,skipped,,4
3265,LD,SNP,skipped,skipped,,4
3266,LD,SNP,skipped,skipped,,4
3267,LD,SNP,skipped,skipped,,4
3268,LD,SNP,skipped,skipped,,4
3269,LD,SNP,skipped,skipped,,4
3270,LD,SNP,skipped,skipped,,4
3271,LD,SNP,skipped,skipped,,4
3272,LD,SNP,skipped,skipped,,4
3273,LD,SNP,skipped,skipped,,4
3274,LD,SNP,skipped,skipped,,4
3275,LD,SNP,skipped,skipped,,4
3276,LD,SNP,skipped,skipped,,4
3277,LD,SNP,skipped,skipped,,4
3278,LD,SNP,skipped,skipped,,4
3279,LD,SNP,skipped,skipped,,4
3280,LD,SNP,skipped,skipped,,4
3281,LD,SNP,skipped,skipped,,4
3282,LD,SNP,skipped,skipped,,4
3283,LD,SNP,skipped,skipped,,4
3284,LD,SNP,skipped,skipped,,4
3285,LD,SNP,skipped,skipped,,4
3286,LD,SNP,skipped,skipped,,4
3287,LD,SNP,skipped,skipped,,4
3288,LD,SNP,skipped,skipped,,4
3289,LD,SNP,skipped,skipped,,4
3290,LD,SNP,skipped,skipped,,4
3291,LD,SNP,skipped,skipped,,4
3292,LD,SNP,skipped,skipped,,4
3293,LD,SNP,skipped,skipped,,4
3294,LD,SNP,skipped,skipped,,4
3295,LD,SNP,skipped,skipped,,4
3296,LD,SNP,skipped,skipped,,4
3297,LD,SNP,skipped,skipped,,4
3298,LD,SNP,skipped,skipped,,4
3299,LD,SNP,skipped,skipped,,4
3300,LD,SNP,skipped,skipped,,4
3301,LD,SNP,skipped,skipped,,4
3302,LD,SNP,skipped,skipped,,4
3303,LD,SNP,skipped,skipped,,4
3304,LD,SNP,skipped,skipped,,4
3305,LD,SNP,skipped,skipped,,4
3306,LD,SNP,skipped,skipped,,4
3307,LD,SNP,skipped,skipped,,4
3308,LD,SNP,skipped,skipped,,4
3309,LD,SNP,skipped,skipped,,4
3310,LD,SNP,skipped,skipped,,4
3311,LD,SNP,skipped,skipped,,4
3312,LD,SNP,skipped,skipped,,4
3313,LD,SNP,skipped,skipped,,4
3314,LD,SNP,skipped,skipped,,4
3315,LD,SNP,skipped,skipped,,4
3316,LD,SNP,skipped,skipped,,4
3317,LD,SNP,skipped,skipped,,4
3318,LD,SNP,skipped,skipped,,4
3319,LD,SNP,skipped,skipped,,4
3320,LD,SNP,skipped,skipped,,4
3321,LD,SNP,skipped,skipped,,4
3322,LD,SNP,skipped,skipped,,4
3323,LD,SNP,skipped,skipped,,4
3324,LD,SNP,skipped,skipped,,4
3325,LD,SNP,skipped,skipped,,4
3326,LD,SNP,skipped,skipped,,4
3327,LD,SNP,skipped,skipped,,4
3328,LD,SNP,skipped,skipped,,4
3329,LD,SNP,skipped,skipped,,4
3330,LD,SNP,skipped,skipped,,4
3331,LD,SNP,skipped,skipped,,4
3332,LD,SNP,skipped,skipped,,4
3333,LD,SNP,skipped,skipped,,4
3334,LD,SNP,skipped,skipped,,4
3335,LD,SNP,skipped,skipped,,4
3336,LD,SNP,skipped,skipped,,4
3337,LD,SNP,skipped,skipped,,4
3338,LD,SNP,skipped,skipped,,4
3339,LD,SNP,skipped,skipped,,4
3340,LD,SNP,skipped,skipped,,4
3341,LD,SNP,Con,skipped,,4
3342,LD,SNP,Con,skipped,,4
3343,LD,SNP,Con,skipped,,4
3344,LD,SNP,Con,skipped,,4
3345,LD,SNP,Con,skipped,,4
3346,LD,SNP,Con,skipped,,4
3347,LD,SNP,Con,skipped,,4
3348,LD,SNP,Con,skipped,,4
3349,LD,SNP,Con,skipped,,4
3350,LD,SNP,Con,skipped,,4
3351,LD,SNP,Con,skipped,,4
3352,LD,SNP,Con,skipped,,4
3353,LD,SNP,Con,skipped,,4
3354,LD,SNP,Con,skipped,,4
3355,LD,SNP,Con,skipped,,4
3356,LD,SNP,Con,skipped,,4
3357,LD,SNP,Con,skipped,,4
3358,LD,SNP,Con,skipped,,4
3359,LD,SNP,Con,skipped,,4
3360,LD,SNP,Con,skipped,,4
3361,LD,SNP,Con,skipped,,4
3362,LD,SNP,Con,skipped,,4
3363,LD,SNP,Con,skipped,,4
3364,LD,SNP,Con,skipped,,4
3365,LD,SNP,Con,skipped,,4
3366,LD,SNP,Con,skipped,,4
3367,LD,SNP,Con,skipped,,4
3368,LD,SNP,Con,skipped,,4
3369,LD,SNP,Con,skipped,,4
3370,LD,SNP,Con,skipped,,4
3371,LD,SNP,Con,skipped,,4
3372,LD,SNP,Con,skipped,,4
3373,LD,SNP,Con,skipped,,4
3374,LD,SNP,Con,skipped,,4
3375,LD,SNP,Con,skipped,,4
3376,LD,SNP,Con,skipped,,4
3377,LD,SNP,Con,skipped,,4
3378,LD,SNP,Con,skipped,,4
3379,LD,SNP,Con,skipped,,4
3380,LD,SNP,Con,skipped,,4
3381,LD,SNP,Con,skipped,,4
3382,LD,SNP,Con,skipped,,4
3383,LD,SNP,Con,skipped,,4
3384,LD,SNP,Con,skipped,,4
3385,LD,SNP,Con,skipped,,4
3386,LD,SNP,Con,skipped,,4
3387,LD,SNP,Con,skipped,,4
3388,LD,SNP,Con,skipped,,4
3389,LD,SNP,Con,skipped,,4
3390,LD,SNP,Con,skipped,,4
3391,LD,SNP,Con,skipped,,4
3392,LD,SNP,Con,skipped,,4
3393,LD,SNP,Con,skipped,,4
3394,LD,SNP,Con,skipped,,4
