voterId,rank1,rank2,rank3,rank4,rank5,rank6,rank7,rank8,rank9,numSeats,numCands
0,(Ind) Norman COLLIE,skipped,skipped,skipped,skipped,skipped,skipped,skipped,skipped,3,9
1,(Ind) Norman COLLIE,skipped,skipped,skipped,skipped,skipped,skipped,skipped,skipped,3,9
2,(Ind) Norman COLLIE,skipped,skipped,skipped,skipped,skipped,skipped,skipped,skipped,3,9
3,(Ind) Norman COLLIE,skipped,skipped,skipped,skipped,skipped,skipped,skipped,skipped,3,9
4,(Ind) Norman COLLIE,skipped,skipped,skipped,skipped,skipped,skipped,skipped,skipped,3,9
5,(Ind) Norman COLLIE,skipped,skipped,skipped,skipped,skipped,skipped,skipped,skipped,3,9
6,(Ind) Norman COLLIE,skipped,skipped,skipped,skipped,skipped,skipped,skipped,skipped,3,9
7,(Ind) Norman COLLIE,skipped,skipped,skipped,skipped,skipped,skipped,skipped,skipped,3,9
8,(Ind) Norman COLLIE,skipped,skipped,skipped,skipped,skipped,skipped,skipped,skipped,3,9
9,(Ind) Norman COLLIE,skipped,skipped,skipped,skipped,skipped,skipped,skipped,skipped,3,9
10,(Ind) Norman COLLIE,skipped,skipped,skipped,skipped,skipped,skipped,skipped,skipped,3,9
11,(Ind) Norman COLLIE,skipped,skipped,skipped,skipped,skipped,skipped,skipped,skipped,3,9
12,(Ind) Norman COLLIE,skipped,skipped,skipped,skipped,skipped,skipped,skipped,skipped,3,9
13,(Ind) Norman COLLIE,skipped,skipped,skipped,skipped,skipped,skipped,skipped,skipped,3,9
14,(Ind) Norman COLLIE,skipped,skipped,skipped,skipped,skipped,skipped,skipped,skipped,3,9
15,(Ind) Norman COLLIE,skipped,skipped,skipped,skipped,skipped,skipped,skipped,skipped,3,9
16,(Ind) Norman COLLIE,skipped,skipped,skipped,skipped,skipped,skipped,skipped,skipped,3,9
17,(Ind) Norman COLLIE,skipped,skipped,skipped,skipped,skipped,skipped,skipped,skipped,3,9
18,(Ind) Norman COLLIE,skipped,skipped,skipped,skipped,skipped,skipped,skipped,skipped,3,9
19,(Ind) Norman COLLIE,skipped,skipped,skipped,skipped,skipped,skipped,skipped,skipped,3,9
20,(Ind) Norman COLLIE,skipped,skipped,skipped,skipped,skipped,skipped,skipped,skipped,3,9
21,(Ind) Norman COLLIE,skipped,skipped,skipped,skipped,skipped,skipped,skipped,skipped,3,9
22,(Ind) Norman COLLIE,skipped,skipped,skipped,skipped,skipped,skipped,skipped,skipped,3,9
23,(Ind) Norman COLLIE,skipped,skipped,skipped,skipped,skipped,skipped,skipped,skipped,3,9
24,(Ind) Norman COLLIE,skipped,skipped,skipped,skipped,skipped,skipped,skipped,skipped,3,9
25,(Ind) Norman COLLIE,(Grn) Gina FORD,skipped,skipped,skipped,skipped,skipped,skipped,skipped,3,9
26,(Ind) Norman COLLIE,(Grn) Gina FORD,skipped,skipped,skipped,skipped,skipped,skipped,skipped,3,9
27,(Ind) Norman COLLIE,(Grn) Gina FORD,skipped,skipped,skipped,skipped,skipped,skipped,skipped,3,9
28,(Ind) Norman COLLIE,(Grn) Gina FORD,(Lab) Ross GRANT,skipped,skipped,skipped,skipped,skipped,skipped,3,9
29,(Ind) Norman COLLIE,(Grn) Gina FORD,(Lab) Ross GRANT,(LD) David GREEN,(Lab) Ramsay MILNE,(Con) Daniel Stephen MCCROSKRIE,(SNP) Jim NOBLE,(NF) Mike PHILLIPS,(SNP) Mike PARK,3,9
30,(Ind) Norman COLLIE,(Grn) Gina FORD,(Lab) Ross GRANT,(Lab) Ramsay MILNE,skipped,skipped,skipped,skipped,skipped,3,9
31,(Ind) Norman COLLIE,(Grn) Gina FORD,(Lab) Ross GRANT,(Lab) Ramsay MILNE,(SNP) Jim NOBLE,(SNP) Mike PARK,skipped,skipped,skipped,3,9
32,(Ind) Norman COLLIE,(Grn) Gina FORD,(LD) David GREEN,skipped,skipped,skipped,skipped,skipped,skipped,3,9
33,(Ind) Norman COLLIE,(Grn) Gina FORD,(LD) David GREEN,skipped,skipped,skipped,skipped,skipped,skipped,3,9
34,(Ind) Norman COLLIE,(Grn) Gina FORD,(LD) David GREEN,skipped,skipped,skipped,skipped,skipped,skipped,3,9
35,(Ind) Norman COLLIE,(Grn) Gina FORD,(LD) David GREEN,skipped,skipped,skipped,skipped,skipped,skipped,3,9
36,(Ind) Norman COLLIE,(Grn) Gina FORD,(Con) Daniel Stephen MCCROSKRIE,(LD) David GREEN,(Lab) Ross GRANT,(Lab) Ramsay MILNE,(NF) Mike PHILLIPS,(SNP) Jim NOBLE,(SNP) Mike PARK,3,9
37,(Ind) Norman COLLIE,(Grn) Gina FORD,(Con) Daniel Stephen MCCROSKRIE,(LD) David GREEN,(Lab) Ramsay MILNE,(Lab) Ross GRANT,(NF) Mike PHILLIPS,(SNP) Jim NOBLE,(SNP) Mike PARK,3,9
38,(Ind) Norman COLLIE,(Grn) Gina FORD,(Lab) Ramsay MILNE,(SNP) Jim NOBLE,(Lab) Ross GRANT,skipped,skipped,skipped,skipped,3,9
39,(Ind) Norman COLLIE,(Grn) Gina FORD,(SNP) Jim NOBLE,skipped,skipped,skipped,skipped,skipped,skipped,3,9
40,(Ind) Norman COLLIE,(Grn) Gina FORD,(SNP) Jim NOBLE,(Lab) Ross GRANT,(SNP) Mike PARK,(Lab) Ramsay MILNE,skipped,skipped,skipped,3,9
41,(Ind) Norman COLLIE,(Grn) Gina FORD,(NF) Mike PHILLIPS,skipped,skipped,skipped,skipped,skipped,skipped,3,9
42,(Ind) Norman COLLIE,(Lab) Ross GRANT,skipped,skipped,skipped,skipped,skipped,skipped,skipped,3,9
43,(Ind) Norman COLLIE,(Lab) Ross GRANT,skipped,skipped,skipped,skipped,skipped,skipped,skipped,3,9
44,(Ind) Norman COLLIE,(Lab) Ross GRANT,skipped,skipped,skipped,skipped,skipped,skipped,skipped,3,9
45,(Ind) Norman COLLIE,(Lab) Ross GRANT,skipped,skipped,skipped,skipped,skipped,skipped,skipped,3,9
46,(Ind) Norman COLLIE,(Lab) Ross GRANT,(Grn) Gina FORD,skipped,skipped,skipped,skipped,skipped,skipped,3,9
47,(Ind) Norman COLLIE,(Lab) Ross GRANT,(Grn) Gina FORD,(Lab) Ramsay MILNE,skipped,skipped,skipped,skipped,skipped,3,9
48,(Ind) Norman COLLIE,(Lab) Ross GRANT,(Grn) Gina FORD,(Lab) Ramsay MILNE,(SNP) Jim NOBLE,(SNP) Mike PARK,skipped,skipped,skipped,3,9
49,(Ind) Norman COLLIE,(Lab) Ross GRANT,(LD) David GREEN,skipped,skipped,skipped,skipped,skipped,skipped,3,9
50,(Ind) Norman COLLIE,(Lab) Ross GRANT,(LD) David GREEN,(Lab) Ramsay MILNE,(Con) Daniel Stephen MCCROSKRIE,(Grn) Gina FORD,skipped,skipped,skipped,3,9
51,(Ind) Norman COLLIE,(Lab) Ross GRANT,(Con) Daniel Stephen MCCROSKRIE,skipped,skipped,skipped,skipped,skipped,skipped,3,9
52,(Ind) Norman COLLIE,(Lab) Ross GRANT,(Con) Daniel Stephen MCCROSKRIE,skipped,skipped,skipped,skipped,skipped,skipped,3,9
53,(Ind) Norman COLLIE,(Lab) Ross GRANT,(Con) Daniel Stephen MCCROSKRIE,(SNP) Jim NOBLE,skipped,skipped,skipped,skipped,skipped,3,9
54,(Ind) Norman COLLIE,(Lab) Ross GRANT,(Con) Daniel Stephen MCCROSKRIE,(SNP) Jim NOBLE,(SNP) Mike PARK,(Lab) Ramsay MILNE,(Grn) Gina FORD,(LD) David GREEN,(NF) Mike PHILLIPS,3,9
55,(Ind) Norman COLLIE,(Lab) Ross GRANT,(Lab) Ramsay MILNE,skipped,skipped,skipped,skipped,skipped,skipped,3,9
56,(Ind) Norman COLLIE,(Lab) Ross GRANT,(Lab) Ramsay MILNE,skipped,skipped,skipped,skipped,skipped,skipped,3,9
57,(Ind) Norman COLLIE,(Lab) Ross GRANT,(Lab) Ramsay MILNE,skipped,skipped,skipped,skipped,skipped,skipped,3,9
58,(Ind) Norman COLLIE,(Lab) Ross GRANT,(Lab) Ramsay MILNE,skipped,skipped,skipped,skipped,skipped,skipped,3,9
59,(Ind) Norman COLLIE,(Lab) Ross GRANT,(Lab) Ramsay MILNE,skipped,skipped,skipped,skipped,skipped,skipped,3,9
60,(Ind) Norman COLLIE,(Lab) Ross GRANT,(Lab) Ramsay MILNE,skipped,skipped,skipped,skipped,skipped,skipped,3,9
61,(Ind) Norman COLLIE,(Lab) Ross GRANT,(Lab) Ramsay MILNE,skipped,skipped,skipped,skipped,skipped,skipped,3,9
62,(Ind) Norman COLLIE,(Lab) Ross GRANT,(Lab) Ramsay MILNE,skipped,skipped,skipped,skipped,skipped,skipped,3,9
63,(Ind) Norman COLLIE,(Lab) Ross GRANT,(Lab) Ramsay MILNE,skipped,skipped,skipped,skipped,skipped,skipped,3,9
64,(Ind) Norman COLLIE,(Lab) Ross GRANT,(Lab) Ramsay MILNE,skipped,skipped,skipped,skipped,skipped,skipped,3,9
65,(Ind) Norman COLLIE,(Lab) Ross GRANT,(Lab) Ramsay MILNE,skipped,skipped,skipped,skipped,skipped,skipped,3,9
66,(Ind) Norman COLLIE,(Lab) Ross GRANT,(Lab) Ramsay MILNE,skipped,skipped,skipped,skipped,skipped,skipped,3,9
67,(Ind) Norman COLLIE,(Lab) Ross GRANT,(Lab) Ramsay MILNE,skipped,skipped,skipped,skipped,skipped,skipped,3,9
68,(Ind) Norman COLLIE,(Lab) Ross GRANT,(Lab) Ramsay MILNE,skipped,skipped,skipped,skipped,skipped,skipped,3,9
69,(Ind) Norman COLLIE,(Lab) Ross GRANT,(Lab) Ramsay MILNE,skipped,skipped,skipped,skipped,skipped,skipped,3,9
70,(Ind) Norman COLLIE,(Lab) Ross GRANT,(Lab) Ramsay MILNE,skipped,skipped,skipped,skipped,skipped,skipped,3,9
71,(Ind) Norman COLLIE,(Lab) Ross GRANT,(Lab) Ramsay MILNE,(SNP) Jim NOBLE,(SNP) Mike PARK,(NF) Mike PHILLIPS,(Grn) Gina FORD,(LD) David GREEN,(Con) Daniel Stephen MCCROSKRIE,3,9
72,(Ind) Norman COLLIE,(Lab) Ross GRANT,(Lab) Ramsay MILNE,(SNP) Mike PARK,skipped,skipped,skipped,skipped,skipped,3,9
73,(Ind) Norman COLLIE,(Lab) Ross GRANT,(Lab) Ramsay MILNE,(SNP) Mike PARK,(Grn) Gina FORD,(LD) David GREEN,(Con) Daniel Stephen MCCROSKRIE,(NF) Mike PHILLIPS,(SNP) Jim NOBLE,3,9
74,(Ind) Norman COLLIE,(Lab) Ross GRANT,(SNP) Jim NOBLE,skipped,skipped,skipped,skipped,skipped,skipped,3,9
75,(Ind) Norman COLLIE,(Lab) Ross GRANT,(SNP) Jim NOBLE,skipped,skipped,skipped,skipped,skipped,skipped,3,9
76,(Ind) Norman COLLIE,(Lab) Ross GRANT,(SNP) Jim NOBLE,skipped,skipped,skipped,skipped,skipped,skipped,3,9
77,(Ind) Norman COLLIE,(Lab) Ross GRANT,(SNP) Jim NOBLE,(Lab) Ramsay MILNE,skipped,skipped,skipped,skipped,skipped,3,9
78,(Ind) Norman COLLIE,(Lab) Ross GRANT,(SNP) Mike PARK,skipped,skipped,skipped,skipped,skipped,skipped,3,9
79,(Ind) Norman COLLIE,(Lab) Ross GRANT,(SNP) Mike PARK,skipped,skipped,skipped,skipped,skipped,skipped,3,9
80,(Ind) Norman COLLIE,(Lab) Ross GRANT,(NF) Mike PHILLIPS,skipped,skipped,skipped,skipped,skipped,skipped,3,9
81,(Ind) Norman COLLIE,(Lab) Ross GRANT,(NF) Mike PHILLIPS,skipped,skipped,skipped,skipped,skipped,skipped,3,9
82,(Ind) Norman COLLIE,(Lab) Ross GRANT,(NF) Mike PHILLIPS,skipped,skipped,skipped,skipped,skipped,skipped,3,9
83,(Ind) Norman COLLIE,(LD) David GREEN,skipped,skipped,skipped,skipped,skipped,skipped,skipped,3,9
84,(Ind) Norman COLLIE,(LD) David GREEN,(Grn) Gina FORD,skipped,skipped,skipped,skipped,skipped,skipped,3,9
85,(Ind) Norman COLLIE,(LD) David GREEN,(Lab) Ramsay MILNE,(Con) Daniel Stephen MCCROSKRIE,skipped,skipped,skipped,skipped,skipped,3,9
86,(Ind) Norman COLLIE,(LD) David GREEN,(SNP) Jim NOBLE,skipped,skipped,skipped,skipped,skipped,skipped,3,9
87,(Ind) Norman COLLIE,(LD) David GREEN,(SNP) Jim NOBLE,skipped,skipped,skipped,skipped,skipped,skipped,3,9
88,(Ind) Norman COLLIE,(LD) David GREEN,(SNP) Jim NOBLE,(Con) Daniel Stephen MCCROSKRIE,(Lab) Ross GRANT,(Grn) Gina FORD,(Lab) Ramsay MILNE,(SNP) Mike PARK,(NF) Mike PHILLIPS,3,9
89,(Ind) Norman COLLIE,(LD) David GREEN,(SNP) Jim NOBLE,(SNP) Mike PARK,(Grn) Gina FORD,(Con) Daniel Stephen MCCROSKRIE,(Lab) Ross GRANT,(Lab) Ramsay MILNE,(NF) Mike PHILLIPS,3,9
90,(Ind) Norman COLLIE,(LD) David GREEN,(SNP) Jim NOBLE,(SNP) Mike PARK,(Con) Daniel Stephen MCCROSKRIE,(Lab) Ross GRANT,(Grn) Gina FORD,(NF) Mike PHILLIPS,skipped,3,9
91,(Ind) Norman COLLIE,(LD) David GREEN,(SNP) Jim NOBLE,(NF) Mike PHILLIPS,(Con) Daniel Stephen MCCROSKRIE,(SNP) Mike PARK,(Grn) Gina FORD,(Lab) Ross GRANT,(Lab) Ramsay MILNE,3,9
92,(Ind) Norman COLLIE,(LD) David GREEN,(SNP) Mike PARK,(SNP) Jim NOBLE,skipped,skipped,skipped,skipped,skipped,3,9
93,(Ind) Norman COLLIE,(Con) Daniel Stephen MCCROSKRIE,skipped,skipped,skipped,skipped,skipped,skipped,skipped,3,9
94,(Ind) Norman COLLIE,(Con) Daniel Stephen MCCROSKRIE,skipped,skipped,skipped,skipped,skipped,skipped,skipped,3,9
95,(Ind) Norman COLLIE,(Con) Daniel Stephen MCCROSKRIE,(Grn) Gina FORD,(LD) David GREEN,skipped,skipped,skipped,skipped,skipped,3,9
96,(Ind) Norman COLLIE,(Con) Daniel Stephen MCCROSKRIE,(Grn) Gina FORD,(LD) David GREEN,(Lab) Ramsay MILNE,(Lab) Ross GRANT,(NF) Mike PHILLIPS,(SNP) Mike PARK,(SNP) Jim NOBLE,3,9
97,(Ind) Norman COLLIE,(Con) Daniel Stephen MCCROSKRIE,(Lab) Ross GRANT,skipped,skipped,skipped,skipped,skipped,skipped,3,9
98,(Ind) Norman COLLIE,(Con) Daniel Stephen MCCROSKRIE,(Lab) Ross GRANT,(Grn) Gina FORD,skipped,skipped,skipped,skipped,skipped,3,9
99,(Ind) Norman COLLIE,(Con) Daniel Stephen MCCROSKRIE,(LD) David GREEN,skipped,skipped,skipped,skipped,skipped,skipped,3,9
100,(Ind) Norman COLLIE,(Con) Daniel Stephen MCCROSKRIE,(LD) David GREEN,skipped,skipped,skipped,skipped,skipped,skipped,3,9
101,(Ind) Norman COLLIE,(Con) Daniel Stephen MCCROSKRIE,(Lab) Ramsay MILNE,skipped,skipped,skipped,skipped,skipped,skipped,3,9
102,(Ind) Norman COLLIE,(Lab) Ramsay MILNE,skipped,skipped,skipped,skipped,skipped,skipped,skipped,3,9
103,(Ind) Norman COLLIE,(Lab) Ramsay MILNE,(Lab) Ross GRANT,skipped,skipped,skipped,skipped,skipped,skipped,3,9
104,(Ind) Norman COLLIE,(Lab) Ramsay MILNE,(Lab) Ross GRANT,skipped,skipped,skipped,skipped,skipped,skipped,3,9
105,(Ind) Norman COLLIE,(Lab) Ramsay MILNE,(Lab) Ross GRANT,skipped,skipped,skipped,skipped,skipped,skipped,3,9
106,(Ind) Norman COLLIE,(Lab) Ramsay MILNE,(Lab) Ross GRANT,skipped,skipped,skipped,skipped,skipped,skipped,3,9
107,(Ind) Norman COLLIE,(Lab) Ramsay MILNE,(Lab) Ross GRANT,skipped,skipped,skipped,skipped,skipped,skipped,3,9
108,(Ind) Norman COLLIE,(Lab) Ramsay MILNE,(Lab) Ross GRANT,skipped,skipped,skipped,skipped,skipped,skipped,3,9
109,(Ind) Norman COLLIE,(Lab) Ramsay MILNE,(Lab) Ross GRANT,skipped,skipped,skipped,skipped,skipped,skipped,3,9
110,(Ind) Norman COLLIE,(Lab) Ramsay MILNE,(Lab) Ross GRANT,skipped,skipped,skipped,skipped,skipped,skipped,3,9
111,(Ind) Norman COLLIE,(Lab) Ramsay MILNE,(Lab) Ross GRANT,skipped,skipped,skipped,skipped,skipped,skipped,3,9
112,(Ind) Norman COLLIE,(Lab) Ramsay MILNE,(Lab) Ross GRANT,skipped,skipped,skipped,skipped,skipped,skipped,3,9
113,(Ind) Norman COLLIE,(Lab) Ramsay MILNE,(Lab) Ross GRANT,(Grn) Gina FORD,(LD) David GREEN,(NF) Mike PHILLIPS,(Con) Daniel Stephen MCCROSKRIE,(SNP) Jim NOBLE,(SNP) Mike PARK,3,9
114,(Ind) Norman COLLIE,(Lab) Ramsay MILNE,(Lab) Ross GRANT,(LD) David GREEN,(Con) Daniel Stephen MCCROSKRIE,skipped,skipped,skipped,skipped,3,9
115,(Ind) Norman COLLIE,(Lab) Ramsay MILNE,(Lab) Ross GRANT,(SNP) Jim NOBLE,(SNP) Mike PARK,skipped,skipped,skipped,skipped,3,9
116,(Ind) Norman COLLIE,(Lab) Ramsay MILNE,(LD) David GREEN,skipped,skipped,skipped,skipped,skipped,skipped,3,9
117,(Ind) Norman COLLIE,(Lab) Ramsay MILNE,(SNP) Jim NOBLE,skipped,skipped,skipped,skipped,skipped,skipped,3,9
118,(Ind) Norman COLLIE,(Lab) Ramsay MILNE,(SNP) Jim NOBLE,skipped,skipped,skipped,skipped,skipped,skipped,3,9
119,(Ind) Norman COLLIE,(Lab) Ramsay MILNE,(SNP) Jim NOBLE,(Lab) Ross GRANT,skipped,skipped,skipped,skipped,skipped,3,9
120,(Ind) Norman COLLIE,(Lab) Ramsay MILNE,(SNP) Mike PARK,skipped,skipped,skipped,skipped,skipped,skipped,3,9
121,(Ind) Norman COLLIE,(SNP) Jim NOBLE,skipped,skipped,skipped,skipped,skipped,skipped,skipped,3,9
122,(Ind) Norman COLLIE,(SNP) Jim NOBLE,skipped,skipped,skipped,skipped,skipped,skipped,skipped,3,9
123,(Ind) Norman COLLIE,(SNP) Jim NOBLE,skipped,skipped,skipped,skipped,skipped,skipped,skipped,3,9
124,(Ind) Norman COLLIE,(SNP) Jim NOBLE,(Grn) Gina FORD,skipped,skipped,skipped,skipped,skipped,skipped,3,9
125,(Ind) Norman COLLIE,(SNP) Jim NOBLE,(Lab) Ross GRANT,(Lab) Ramsay MILNE,(NF) Mike PHILLIPS,skipped,skipped,skipped,skipped,3,9
126,(Ind) Norman COLLIE,(SNP) Jim NOBLE,(Lab) Ross GRANT,(SNP) Mike PARK,skipped,skipped,skipped,skipped,skipped,3,9
127,(Ind) Norman COLLIE,(SNP) Jim NOBLE,(LD) David GREEN,skipped,skipped,skipped,skipped,skipped,skipped,3,9
128,(Ind) Norman COLLIE,(SNP) Jim NOBLE,(Con) Daniel Stephen MCCROSKRIE,skipped,skipped,skipped,skipped,skipped,skipped,3,9
129,(Ind) Norman COLLIE,(SNP) Jim NOBLE,(Con) Daniel Stephen MCCROSKRIE,(LD) David GREEN,(Lab) Ross GRANT,(Lab) Ramsay MILNE,(SNP) Mike PARK,(Grn) Gina FORD,(NF) Mike PHILLIPS,3,9
130,(Ind) Norman COLLIE,(SNP) Jim NOBLE,(Lab) Ramsay MILNE,skipped,skipped,skipped,skipped,skipped,skipped,3,9
131,(Ind) Norman COLLIE,(SNP) Jim NOBLE,(Lab) Ramsay MILNE,(SNP) Mike PARK,(Lab) Ross GRANT,skipped,skipped,skipped,skipped,3,9
132,(Ind) Norman COLLIE,(SNP) Jim NOBLE,(SNP) Mike PARK,skipped,skipped,skipped,skipped,skipped,skipped,3,9
133,(Ind) Norman COLLIE,(SNP) Jim NOBLE,(SNP) Mike PARK,skipped,skipped,skipped,skipped,skipped,skipped,3,9
134,(Ind) Norman COLLIE,(SNP) Jim NOBLE,(SNP) Mike PARK,skipped,skipped,skipped,skipped,skipped,skipped,3,9
135,(Ind) Norman COLLIE,(SNP) Jim NOBLE,(SNP) Mike PARK,skipped,skipped,skipped,skipped,skipped,skipped,3,9
136,(Ind) Norman COLLIE,(SNP) Jim NOBLE,(SNP) Mike PARK,skipped,skipped,skipped,skipped,skipped,skipped,3,9
137,(Ind) Norman COLLIE,(SNP) Jim NOBLE,(SNP) Mike PARK,skipped,skipped,skipped,skipped,skipped,skipped,3,9
138,(Ind) Norman COLLIE,(SNP) Jim NOBLE,(SNP) Mike PARK,skipped,skipped,skipped,skipped,skipped,skipped,3,9
139,(Ind) Norman COLLIE,(SNP) Jim NOBLE,(SNP) Mike PARK,skipped,skipped,skipped,skipped,skipped,skipped,3,9
140,(Ind) Norman COLLIE,(SNP) Jim NOBLE,(SNP) Mike PARK,skipped,skipped,skipped,skipped,skipped,skipped,3,9
141,(Ind) Norman COLLIE,(SNP) Jim NOBLE,(SNP) Mike PARK,skipped,skipped,skipped,skipped,skipped,skipped,3,9
142,(Ind) Norman COLLIE,(SNP) Jim NOBLE,(SNP) Mike PARK,skipped,skipped,skipped,skipped,skipped,skipped,3,9
143,(Ind) Norman COLLIE,(SNP) Jim NOBLE,(SNP) Mike PARK,skipped,skipped,skipped,skipped,skipped,skipped,3,9
144,(Ind) Norman COLLIE,(SNP) Jim NOBLE,(SNP) Mike PARK,skipped,skipped,skipped,skipped,skipped,skipped,3,9
145,(Ind) Norman COLLIE,(SNP) Jim NOBLE,(SNP) Mike PARK,(Grn) Gina FORD,skipped,skipped,skipped,skipped,skipped,3,9
146,(Ind) Norman COLLIE,(SNP) Jim NOBLE,(SNP) Mike PARK,(Grn) Gina FORD,skipped,skipped,skipped,skipped,skipped,3,9
147,(Ind) Norman COLLIE,(SNP) Jim NOBLE,(SNP) Mike PARK,(Grn) Gina FORD,(Lab) Ramsay MILNE,(LD) David GREEN,(Lab) Ross GRANT,skipped,skipped,3,9
148,(Ind) Norman COLLIE,(SNP) Jim NOBLE,(SNP) Mike PARK,(Lab) Ross GRANT,skipped,skipped,skipped,skipped,skipped,3,9
149,(Ind) Norman COLLIE,(SNP) Jim NOBLE,(SNP) Mike PARK,(Lab) Ross GRANT,skipped,skipped,skipped,skipped,skipped,3,9
150,(Ind) Norman COLLIE,(SNP) Jim NOBLE,(SNP) Mike PARK,(Lab) Ross GRANT,skipped,skipped,skipped,skipped,skipped,3,9
151,(Ind) Norman COLLIE,(SNP) Jim NOBLE,(SNP) Mike PARK,(Lab) Ross GRANT,skipped,skipped,skipped,skipped,skipped,3,9
152,(Ind) Norman COLLIE,(SNP) Jim NOBLE,(SNP) Mike PARK,(Lab) Ross GRANT,(Grn) Gina FORD,skipped,skipped,skipped,skipped,3,9
153,(Ind) Norman COLLIE,(SNP) Jim NOBLE,(SNP) Mike PARK,(LD) David GREEN,skipped,skipped,skipped,skipped,skipped,3,9
154,(Ind) Norman COLLIE,(SNP) Jim NOBLE,(SNP) Mike PARK,(LD) David GREEN,(Grn) Gina FORD,(Lab) Ross GRANT,(Con) Daniel Stephen MCCROSKRIE,(Lab) Ramsay MILNE,(NF) Mike PHILLIPS,3,9
155,(Ind) Norman COLLIE,(SNP) Jim NOBLE,(NF) Mike PHILLIPS,skipped,skipped,skipped,skipped,skipped,skipped,3,9
156,(Ind) Norman COLLIE,(SNP) Mike PARK,(Lab) Ross GRANT,skipped,skipped,skipped,skipped,skipped,skipped,3,9
157,(Ind) Norman COLLIE,(SNP) Mike PARK,(SNP) Jim NOBLE,skipped,skipped,skipped,skipped,skipped,skipped,3,9
158,(Ind) Norman COLLIE,(NF) Mike PHILLIPS,skipped,skipped,skipped,skipped,skipped,skipped,skipped,3,9
159,(Ind) Norman COLLIE,(NF) Mike PHILLIPS,skipped,skipped,skipped,skipped,skipped,skipped,skipped,3,9
160,(Ind) Norman COLLIE,(NF) Mike PHILLIPS,(Grn) Gina FORD,(Con) Daniel Stephen MCCROSKRIE,(LD) David GREEN,(SNP) Jim NOBLE,(SNP) Mike PARK,(Lab) Ross GRANT,(Lab) Ramsay MILNE,3,9
161,(Grn) Gina FORD,skipped,skipped,skipped,skipped,skipped,skipped,skipped,skipped,3,9
162,(Grn) Gina FORD,skipped,skipped,skipped,skipped,skipped,skipped,skipped,skipped,3,9
163,(Grn) Gina FORD,skipped,skipped,skipped,skipped,skipped,skipped,skipped,skipped,3,9
164,(Grn) Gina FORD,skipped,skipped,skipped,skipped,skipped,skipped,skipped,skipped,3,9
165,(Grn) Gina FORD,skipped,skipped,skipped,skipped,skipped,skipped,skipped,skipped,3,9
166,(Grn) Gina FORD,skipped,skipped,skipped,skipped,skipped,skipped,skipped,skipped,3,9
167,(Grn) Gina FORD,skipped,skipped,skipped,skipped,skipped,skipped,skipped,skipped,3,9
168,(Grn) Gina FORD,skipped,skipped,skipped,skipped,skipped,skipped,skipped,skipped,3,9
169,(Grn) Gina FORD,skipped,skipped,skipped,skipped,skipped,skipped,skipped,skipped,3,9
170,(Grn) Gina FORD,skipped,skipped,skipped,skipped,skipped,skipped,skipped,skipped,3,9
171,(Grn) Gina FORD,skipped,skipped,skipped,skipped,skipped,skipped,skipped,skipped,3,9
172,(Grn) Gina FORD,skipped,skipped,skipped,skipped,skipped,skipped,skipped,skipped,3,9
173,(Grn) Gina FORD,skipped,skipped,skipped,skipped,skipped,skipped,skipped,skipped,3,9
174,(Grn) Gina FORD,skipped,skipped,skipped,skipped,skipped,skipped,skipped,skipped,3,9
175,(Grn) Gina FORD,skipped,skipped,skipped,skipped,skipped,skipped,skipped,skipped,3,9
176,(Grn) Gina FORD,skipped,skipped,skipped,skipped,skipped,skipped,skipped,skipped,3,9
177,(Grn) Gina FORD,skipped,skipped,skipped,skipped,skipped,skipped,skipped,skipped,3,9
178,(Grn) Gina FORD,skipped,skipped,skipped,skipped,skipped,skipped,skipped,skipped,3,9
179,(Grn) Gina FORD,skipped,skipped,skipped,skipped,skipped,skipped,skipped,skipped,3,9
180,(Grn) Gina FORD,(Ind) Norman COLLIE,skipped,skipped,skipped,skipped,skipped,skipped,skipped,3,9
181,(Grn) Gina FORD,(Ind) Norman COLLIE,skipped,skipped,skipped,skipped,skipped,skipped,skipped,3,9
182,(Grn) Gina FORD,(Ind) Norman COLLIE,skipped,skipped,skipped,skipped,skipped,skipped,skipped,3,9
183,(Grn) Gina FORD,(Ind) Norman COLLIE,skipped,skipped,skipped,skipped,skipped,skipped,skipped,3,9
184,(Grn) Gina FORD,(Ind) Norman COLLIE,skipped,skipped,skipped,skipped,skipped,skipped,skipped,3,9
185,(Grn) Gina FORD,(Ind) Norman COLLIE,skipped,skipped,skipped,skipped,skipped,skipped,skipped,3,9
186,(Grn) Gina FORD,(Ind) Norman COLLIE,(Lab) Ross GRANT,skipped,skipped,skipped,skipped,skipped,skipped,3,9
187,(Grn) Gina FORD,(Ind) Norman COLLIE,(Lab) Ross GRANT,skipped,skipped,skipped,skipped,skipped,skipped,3,9
188,(Grn) Gina FORD,(Ind) Norman COLLIE,(Lab) Ross GRANT,skipped,skipped,skipped,skipped,skipped,skipped,3,9
189,(Grn) Gina FORD,(Ind) Norman COLLIE,(Lab) Ross GRANT,skipped,skipped,skipped,skipped,skipped,skipped,3,9
190,(Grn) Gina FORD,(Ind) Norman COLLIE,(Lab) Ross GRANT,(Lab) Ramsay MILNE,skipped,skipped,skipped,skipped,skipped,3,9
191,(Grn) Gina FORD,(Ind) Norman COLLIE,(Lab) Ross GRANT,(Lab) Ramsay MILNE,skipped,skipped,skipped,skipped,skipped,3,9
192,(Grn) Gina FORD,(Ind) Norman COLLIE,(Lab) Ross GRANT,(Lab) Ramsay MILNE,(LD) David GREEN,(SNP) Jim NOBLE,(SNP) Mike PARK,(Con) Daniel Stephen MCCROSKRIE,(NF) Mike PHILLIPS,3,9
193,(Grn) Gina FORD,(Ind) Norman COLLIE,(Lab) Ross GRANT,(Lab) Ramsay MILNE,(LD) David GREEN,(SNP) Jim NOBLE,(SNP) Mike PARK,(NF) Mike PHILLIPS,(Con) Daniel Stephen MCCROSKRIE,3,9
194,(Grn) Gina FORD,(Ind) Norman COLLIE,(LD) David GREEN,skipped,skipped,skipped,skipped,skipped,skipped,3,9
195,(Grn) Gina FORD,(Ind) Norman COLLIE,(LD) David GREEN,skipped,skipped,skipped,skipped,skipped,skipped,3,9
196,(Grn) Gina FORD,(Ind) Norman COLLIE,(LD) David GREEN,skipped,skipped,skipped,skipped,skipped,skipped,3,9
197,(Grn) Gina FORD,(Ind) Norman COLLIE,(LD) David GREEN,skipped,skipped,skipped,skipped,skipped,skipped,3,9
198,(Grn) Gina FORD,(Ind) Norman COLLIE,(LD) David GREEN,(Lab) Ross GRANT,skipped,skipped,skipped,skipped,skipped,3,9
199,(Grn) Gina FORD,(Ind) Norman COLLIE,(LD) David GREEN,(Lab) Ross GRANT,(Lab) Ramsay MILNE,(Con) Daniel Stephen MCCROSKRIE,(SNP) Jim NOBLE,(SNP) Mike PARK,(NF) Mike PHILLIPS,3,9
200,(Grn) Gina FORD,(Ind) Norman COLLIE,(LD) David GREEN,(Lab) Ross GRANT,(Lab) Ramsay MILNE,(Con) Daniel Stephen MCCROSKRIE,(SNP) Jim NOBLE,(SNP) Mike PARK,(NF) Mike PHILLIPS,3,9
201,(Grn) Gina FORD,(Ind) Norman COLLIE,(LD) David GREEN,(Con) Daniel Stephen MCCROSKRIE,(Lab) Ramsay MILNE,(Lab) Ross GRANT,(SNP) Jim NOBLE,(SNP) Mike PARK,(NF) Mike PHILLIPS,3,9
202,(Grn) Gina FORD,(Ind) Norman COLLIE,(Con) Daniel Stephen MCCROSKRIE,skipped,skipped,skipped,skipped,skipped,skipped,3,9
203,(Grn) Gina FORD,(Ind) Norman COLLIE,(Lab) Ramsay MILNE,(Lab) Ross GRANT,skipped,skipped,skipped,skipped,skipped,3,9
204,(Grn) Gina FORD,(Ind) Norman COLLIE,(Lab) Ramsay MILNE,(Lab) Ross GRANT,(SNP) Jim NOBLE,(SNP) Mike PARK,(LD) David GREEN,skipped,skipped,3,9
205,(Grn) Gina FORD,(Ind) Norman COLLIE,(SNP) Jim NOBLE,skipped,skipped,skipped,skipped,skipped,skipped,3,9
206,(Grn) Gina FORD,(Ind) Norman COLLIE,(SNP) Jim NOBLE,skipped,skipped,skipped,skipped,skipped,skipped,3,9
207,(Grn) Gina FORD,(Ind) Norman COLLIE,(SNP) Mike PARK,(SNP) Jim NOBLE,skipped,skipped,skipped,skipped,skipped,3,9
208,(Grn) Gina FORD,(Lab) Ross GRANT,skipped,skipped,skipped,skipped,skipped,skipped,skipped,3,9
209,(Grn) Gina FORD,(Lab) Ross GRANT,skipped,skipped,skipped,skipped,skipped,skipped,skipped,3,9
210,(Grn) Gina FORD,(Lab) Ross GRANT,(LD) David GREEN,(Lab) Ramsay MILNE,skipped,skipped,skipped,skipped,skipped,3,9
211,(Grn) Gina FORD,(Lab) Ross GRANT,(LD) David GREEN,(Lab) Ramsay MILNE,(Con) Daniel Stephen MCCROSKRIE,(Ind) Norman COLLIE,skipped,skipped,skipped,3,9
212,(Grn) Gina FORD,(Lab) Ross GRANT,(Con) Daniel Stephen MCCROSKRIE,(Lab) Ramsay MILNE,(SNP) Jim NOBLE,(SNP) Mike PARK,(NF) Mike PHILLIPS,(LD) David GREEN,skipped,3,9
213,(Grn) Gina FORD,(Lab) Ross GRANT,(Lab) Ramsay MILNE,skipped,skipped,skipped,skipped,skipped,skipped,3,9
214,(Grn) Gina FORD,(Lab) Ross GRANT,(Lab) Ramsay MILNE,skipped,skipped,skipped,skipped,skipped,skipped,3,9
215,(Grn) Gina FORD,(Lab) Ross GRANT,(Lab) Ramsay MILNE,skipped,skipped,skipped,skipped,skipped,skipped,3,9
216,(Grn) Gina FORD,(Lab) Ross GRANT,(Lab) Ramsay MILNE,skipped,skipped,skipped,skipped,skipped,skipped,3,9
217,(Grn) Gina FORD,(Lab) Ross GRANT,(Lab) Ramsay MILNE,skipped,skipped,skipped,skipped,skipped,skipped,3,9
218,(Grn) Gina FORD,(Lab) Ross GRANT,(Lab) Ramsay MILNE,skipped,skipped,skipped,skipped,skipped,skipped,3,9
219,(Grn) Gina FORD,(Lab) Ross GRANT,(Lab) Ramsay MILNE,skipped,skipped,skipped,skipped,skipped,skipped,3,9
220,(Grn) Gina FORD,(Lab) Ross GRANT,(Lab) Ramsay MILNE,skipped,skipped,skipped,skipped,skipped,skipped,3,9
221,(Grn) Gina FORD,(Lab) Ross GRANT,(Lab) Ramsay MILNE,skipped,skipped,skipped,skipped,skipped,skipped,3,9
222,(Grn) Gina FORD,(Lab) Ross GRANT,(Lab) Ramsay MILNE,skipped,skipped,skipped,skipped,skipped,skipped,3,9
223,(Grn) Gina FORD,(Lab) Ross GRANT,(Lab) Ramsay MILNE,skipped,skipped,skipped,skipped,skipped,skipped,3,9
224,(Grn) Gina FORD,(Lab) Ross GRANT,(Lab) Ramsay MILNE,skipped,skipped,skipped,skipped,skipped,skipped,3,9
225,(Grn) Gina FORD,(Lab) Ross GRANT,(Lab) Ramsay MILNE,skipped,skipped,skipped,skipped,skipped,skipped,3,9
226,(Grn) Gina FORD,(Lab) Ross GRANT,(Lab) Ramsay MILNE,skipped,skipped,skipped,skipped,skipped,skipped,3,9
227,(Grn) Gina FORD,(Lab) Ross GRANT,(Lab) Ramsay MILNE,skipped,skipped,skipped,skipped,skipped,skipped,3,9
228,(Grn) Gina FORD,(Lab) Ross GRANT,(Lab) Ramsay MILNE,skipped,skipped,skipped,skipped,skipped,skipped,3,9
229,(Grn) Gina FORD,(Lab) Ross GRANT,(Lab) Ramsay MILNE,skipped,skipped,skipped,skipped,skipped,skipped,3,9
230,(Grn) Gina FORD,(Lab) Ross GRANT,(Lab) Ramsay MILNE,skipped,skipped,skipped,skipped,skipped,skipped,3,9
231,(Grn) Gina FORD,(Lab) Ross GRANT,(Lab) Ramsay MILNE,(Ind) Norman COLLIE,skipped,skipped,skipped,skipped,skipped,3,9
232,(Grn) Gina FORD,(Lab) Ross GRANT,(Lab) Ramsay MILNE,(Ind) Norman COLLIE,skipped,skipped,skipped,skipped,skipped,3,9
233,(Grn) Gina FORD,(Lab) Ross GRANT,(Lab) Ramsay MILNE,(Ind) Norman COLLIE,skipped,skipped,skipped,skipped,skipped,3,9
234,(Grn) Gina FORD,(Lab) Ross GRANT,(Lab) Ramsay MILNE,(Ind) Norman COLLIE,(LD) David GREEN,(Con) Daniel Stephen MCCROSKRIE,(SNP) Jim NOBLE,(SNP) Mike PARK,skipped,3,9
235,(Grn) Gina FORD,(Lab) Ross GRANT,(Lab) Ramsay MILNE,(Ind) Norman COLLIE,(LD) David GREEN,(SNP) Jim NOBLE,(SNP) Mike PARK,(Con) Daniel Stephen MCCROSKRIE,skipped,3,9
236,(Grn) Gina FORD,(Lab) Ross GRANT,(Lab) Ramsay MILNE,(Ind) Norman COLLIE,(SNP) Jim NOBLE,(SNP) Mike PARK,(LD) David GREEN,(Con) Daniel Stephen MCCROSKRIE,(NF) Mike PHILLIPS,3,9
237,(Grn) Gina FORD,(Lab) Ross GRANT,(Lab) Ramsay MILNE,(LD) David GREEN,skipped,skipped,skipped,skipped,skipped,3,9
238,(Grn) Gina FORD,(Lab) Ross GRANT,(Lab) Ramsay MILNE,(LD) David GREEN,skipped,skipped,skipped,skipped,skipped,3,9
239,(Grn) Gina FORD,(Lab) Ross GRANT,(Lab) Ramsay MILNE,(LD) David GREEN,(Ind) Norman COLLIE,(SNP) Jim NOBLE,(SNP) Mike PARK,(NF) Mike PHILLIPS,(Con) Daniel Stephen MCCROSKRIE,3,9
240,(Grn) Gina FORD,(Lab) Ross GRANT,(Lab) Ramsay MILNE,(LD) David GREEN,(SNP) Jim NOBLE,(SNP) Mike PARK,(Con) Daniel Stephen MCCROSKRIE,(Ind) Norman COLLIE,(NF) Mike PHILLIPS,3,9
241,(Grn) Gina FORD,(Lab) Ross GRANT,(Lab) Ramsay MILNE,(SNP) Jim NOBLE,(LD) David GREEN,(Con) Daniel Stephen MCCROSKRIE,skipped,skipped,skipped,3,9
242,(Grn) Gina FORD,(Lab) Ross GRANT,(Lab) Ramsay MILNE,(SNP) Jim NOBLE,(SNP) Mike PARK,(Ind) Norman COLLIE,(LD) David GREEN,skipped,skipped,3,9
243,(Grn) Gina FORD,(Lab) Ross GRANT,(Lab) Ramsay MILNE,(SNP) Jim NOBLE,(SNP) Mike PARK,(Ind) Norman COLLIE,(LD) David GREEN,skipped,skipped,3,9
244,(Grn) Gina FORD,(Lab) Ross GRANT,(Lab) Ramsay MILNE,(SNP) Jim NOBLE,(SNP) Mike PARK,(Ind) Norman COLLIE,(NF) Mike PHILLIPS,(LD) David GREEN,(Con) Daniel Stephen MCCROSKRIE,3,9
245,(Grn) Gina FORD,(Lab) Ross GRANT,(Lab) Ramsay MILNE,(SNP) Jim NOBLE,(SNP) Mike PARK,(LD) David GREEN,skipped,skipped,skipped,3,9
246,(Grn) Gina FORD,(Lab) Ross GRANT,(Lab) Ramsay MILNE,(SNP) Jim NOBLE,(SNP) Mike PARK,(LD) David GREEN,(Ind) Norman COLLIE,(Con) Daniel Stephen MCCROSKRIE,skipped,3,9
247,(Grn) Gina FORD,(Lab) Ross GRANT,(Lab) Ramsay MILNE,(SNP) Jim NOBLE,(SNP) Mike PARK,(LD) David GREEN,(Ind) Norman COLLIE,(Con) Daniel Stephen MCCROSKRIE,(NF) Mike PHILLIPS,3,9
248,(Grn) Gina FORD,(Lab) Ross GRANT,(Lab) Ramsay MILNE,(SNP) Jim NOBLE,(SNP) Mike PARK,(LD) David GREEN,(Con) Daniel Stephen MCCROSKRIE,skipped,skipped,3,9
249,(Grn) Gina FORD,(Lab) Ross GRANT,(SNP) Jim NOBLE,skipped,skipped,skipped,skipped,skipped,skipped,3,9
250,(Grn) Gina FORD,(Lab) Ross GRANT,(SNP) Jim NOBLE,skipped,skipped,skipped,skipped,skipped,skipped,3,9
251,(Grn) Gina FORD,(Lab) Ross GRANT,(SNP) Jim NOBLE,skipped,skipped,skipped,skipped,skipped,skipped,3,9
252,(Grn) Gina FORD,(Lab) Ross GRANT,(SNP) Jim NOBLE,(Lab) Ramsay MILNE,skipped,skipped,skipped,skipped,skipped,3,9
253,(Grn) Gina FORD,(Lab) Ross GRANT,(SNP) Jim NOBLE,(SNP) Mike PARK,(Lab) Ramsay MILNE,(LD) David GREEN,(Ind) Norman COLLIE,skipped,skipped,3,9
254,(Grn) Gina FORD,(LD) David GREEN,skipped,skipped,skipped,skipped,skipped,skipped,skipped,3,9
255,(Grn) Gina FORD,(LD) David GREEN,skipped,skipped,skipped,skipped,skipped,skipped,skipped,3,9
256,(Grn) Gina FORD,(LD) David GREEN,skipped,skipped,skipped,skipped,skipped,skipped,skipped,3,9
257,(Grn) Gina FORD,(LD) David GREEN,skipped,skipped,skipped,skipped,skipped,skipped,skipped,3,9
258,(Grn) Gina FORD,(LD) David GREEN,skipped,skipped,skipped,skipped,skipped,skipped,skipped,3,9
259,(Grn) Gina FORD,(LD) David GREEN,(Ind) Norman COLLIE,skipped,skipped,skipped,skipped,skipped,skipped,3,9
260,(Grn) Gina FORD,(LD) David GREEN,(Ind) Norman COLLIE,skipped,skipped,skipped,skipped,skipped,skipped,3,9
261,(Grn) Gina FORD,(LD) David GREEN,(Ind) Norman COLLIE,skipped,skipped,skipped,skipped,skipped,skipped,3,9
262,(Grn) Gina FORD,(LD) David GREEN,(Ind) Norman COLLIE,skipped,skipped,skipped,skipped,skipped,skipped,3,9
263,(Grn) Gina FORD,(LD) David GREEN,(Ind) Norman COLLIE,(SNP) Jim NOBLE,skipped,skipped,skipped,skipped,skipped,3,9
264,(Grn) Gina FORD,(LD) David GREEN,(Lab) Ross GRANT,skipped,skipped,skipped,skipped,skipped,skipped,3,9
265,(Grn) Gina FORD,(LD) David GREEN,(Lab) Ross GRANT,skipped,skipped,skipped,skipped,skipped,skipped,3,9
266,(Grn) Gina FORD,(LD) David GREEN,(Lab) Ross GRANT,(Ind) Norman COLLIE,(Lab) Ramsay MILNE,(SNP) Mike PARK,(SNP) Jim NOBLE,(Con) Daniel Stephen MCCROSKRIE,skipped,3,9
267,(Grn) Gina FORD,(LD) David GREEN,(Lab) Ross GRANT,(Con) Daniel Stephen MCCROSKRIE,(Lab) Ramsay MILNE,(Ind) Norman COLLIE,skipped,skipped,skipped,3,9
268,(Grn) Gina FORD,(LD) David GREEN,(Lab) Ross GRANT,(Lab) Ramsay MILNE,skipped,skipped,skipped,skipped,skipped,3,9
269,(Grn) Gina FORD,(LD) David GREEN,(Lab) Ross GRANT,(Lab) Ramsay MILNE,skipped,skipped,skipped,skipped,skipped,3,9
270,(Grn) Gina FORD,(LD) David GREEN,(Lab) Ross GRANT,(Lab) Ramsay MILNE,(Ind) Norman COLLIE,skipped,skipped,skipped,skipped,3,9
271,(Grn) Gina FORD,(LD) David GREEN,(Lab) Ross GRANT,(Lab) Ramsay MILNE,(SNP) Jim NOBLE,(SNP) Mike PARK,skipped,skipped,skipped,3,9
272,(Grn) Gina FORD,(LD) David GREEN,(Lab) Ross GRANT,(Lab) Ramsay MILNE,(SNP) Jim NOBLE,(SNP) Mike PARK,(Ind) Norman COLLIE,(Con) Daniel Stephen MCCROSKRIE,(NF) Mike PHILLIPS,3,9
273,(Grn) Gina FORD,(LD) David GREEN,(Con) Daniel Stephen MCCROSKRIE,skipped,skipped,skipped,skipped,skipped,skipped,3,9
274,(Grn) Gina FORD,(LD) David GREEN,(Con) Daniel Stephen MCCROSKRIE,skipped,skipped,skipped,skipped,skipped,skipped,3,9
275,(Grn) Gina FORD,(LD) David GREEN,(Lab) Ramsay MILNE,skipped,skipped,skipped,skipped,skipped,skipped,3,9
276,(Grn) Gina FORD,(LD) David GREEN,(Lab) Ramsay MILNE,skipped,skipped,skipped,skipped,skipped,skipped,3,9
277,(Grn) Gina FORD,(LD) David GREEN,(Lab) Ramsay MILNE,(Ind) Norman COLLIE,skipped,skipped,skipped,skipped,skipped,3,9
278,(Grn) Gina FORD,(LD) David GREEN,(SNP) Jim NOBLE,skipped,skipped,skipped,skipped,skipped,skipped,3,9
279,(Grn) Gina FORD,(LD) David GREEN,(SNP) Jim NOBLE,skipped,skipped,skipped,skipped,skipped,skipped,3,9
280,(Grn) Gina FORD,(Con) Daniel Stephen MCCROSKRIE,(Ind) Norman COLLIE,(LD) David GREEN,skipped,skipped,skipped,skipped,skipped,3,9
281,(Grn) Gina FORD,(Con) Daniel Stephen MCCROSKRIE,(Lab) Ross GRANT,(Lab) Ramsay MILNE,skipped,skipped,skipped,skipped,skipped,3,9
282,(Grn) Gina FORD,(Con) Daniel Stephen MCCROSKRIE,(LD) David GREEN,(Lab) Ross GRANT,(Ind) Norman COLLIE,skipped,skipped,skipped,skipped,3,9
283,(Grn) Gina FORD,(Con) Daniel Stephen MCCROSKRIE,(LD) David GREEN,(SNP) Jim NOBLE,(SNP) Mike PARK,(Lab) Ross GRANT,(Ind) Norman COLLIE,(Lab) Ramsay MILNE,skipped,3,9
284,(Grn) Gina FORD,(Con) Daniel Stephen MCCROSKRIE,(Lab) Ramsay MILNE,skipped,skipped,skipped,skipped,skipped,skipped,3,9
285,(Grn) Gina FORD,(Con) Daniel Stephen MCCROSKRIE,(SNP) Jim NOBLE,(SNP) Mike PARK,(Lab) Ross GRANT,(Lab) Ramsay MILNE,(Ind) Norman COLLIE,(LD) David GREEN,skipped,3,9
286,(Grn) Gina FORD,(Lab) Ramsay MILNE,(Ind) Norman COLLIE,skipped,skipped,skipped,skipped,skipped,skipped,3,9
287,(Grn) Gina FORD,(Lab) Ramsay MILNE,(Lab) Ross GRANT,skipped,skipped,skipped,skipped,skipped,skipped,3,9
288,(Grn) Gina FORD,(Lab) Ramsay MILNE,(Lab) Ross GRANT,skipped,skipped,skipped,skipped,skipped,skipped,3,9
289,(Grn) Gina FORD,(Lab) Ramsay MILNE,(Lab) Ross GRANT,skipped,skipped,skipped,skipped,skipped,skipped,3,9
290,(Grn) Gina FORD,(Lab) Ramsay MILNE,(Lab) Ross GRANT,skipped,skipped,skipped,skipped,skipped,skipped,3,9
291,(Grn) Gina FORD,(Lab) Ramsay MILNE,(Lab) Ross GRANT,skipped,skipped,skipped,skipped,skipped,skipped,3,9
292,(Grn) Gina FORD,(Lab) Ramsay MILNE,(Lab) Ross GRANT,skipped,skipped,skipped,skipped,skipped,skipped,3,9
293,(Grn) Gina FORD,(Lab) Ramsay MILNE,(Lab) Ross GRANT,skipped,skipped,skipped,skipped,skipped,skipped,3,9
294,(Grn) Gina FORD,(Lab) Ramsay MILNE,(Lab) Ross GRANT,skipped,skipped,skipped,skipped,skipped,skipped,3,9
295,(Grn) Gina FORD,(Lab) Ramsay MILNE,(Lab) Ross GRANT,skipped,skipped,skipped,skipped,skipped,skipped,3,9
296,(Grn) Gina FORD,(Lab) Ramsay MILNE,(Lab) Ross GRANT,skipped,skipped,skipped,skipped,skipped,skipped,3,9
297,(Grn) Gina FORD,(Lab) Ramsay MILNE,(Lab) Ross GRANT,(Ind) Norman COLLIE,(LD) David GREEN,(SNP) Jim NOBLE,(SNP) Mike PARK,(Con) Daniel Stephen MCCROSKRIE,(NF) Mike PHILLIPS,3,9
298,(Grn) Gina FORD,(Lab) Ramsay MILNE,(Lab) Ross GRANT,(LD) David GREEN,skipped,skipped,skipped,skipped,skipped,3,9
299,(Grn) Gina FORD,(Lab) Ramsay MILNE,(Lab) Ross GRANT,(LD) David GREEN,(Ind) Norman COLLIE,(Con) Daniel Stephen MCCROSKRIE,(SNP) Jim NOBLE,(SNP) Mike PARK,(NF) Mike PHILLIPS,3,9
300,(Grn) Gina FORD,(Lab) Ramsay MILNE,(Lab) Ross GRANT,(LD) David GREEN,(SNP) Jim NOBLE,(SNP) Mike PARK,(Ind) Norman COLLIE,(Con) Daniel Stephen MCCROSKRIE,(NF) Mike PHILLIPS,3,9
301,(Grn) Gina FORD,(Lab) Ramsay MILNE,(Lab) Ross GRANT,(SNP) Mike PARK,(SNP) Jim NOBLE,skipped,skipped,skipped,skipped,3,9
302,(Grn) Gina FORD,(Lab) Ramsay MILNE,(LD) David GREEN,skipped,skipped,skipped,skipped,skipped,skipped,3,9
303,(Grn) Gina FORD,(SNP) Jim NOBLE,(Ind) Norman COLLIE,(LD) David GREEN,skipped,skipped,skipped,skipped,skipped,3,9
304,(Grn) Gina FORD,(SNP) Jim NOBLE,(Lab) Ross GRANT,(SNP) Mike PARK,(Lab) Ramsay MILNE,(LD) David GREEN,(Ind) Norman COLLIE,(Con) Daniel Stephen MCCROSKRIE,skipped,3,9
305,(Grn) Gina FORD,(SNP) Jim NOBLE,(LD) David GREEN,skipped,skipped,skipped,skipped,skipped,skipped,3,9
306,(Grn) Gina FORD,(SNP) Jim NOBLE,(LD) David GREEN,skipped,skipped,skipped,skipped,skipped,skipped,3,9
307,(Grn) Gina FORD,(SNP) Jim NOBLE,(SNP) Mike PARK,skipped,skipped,skipped,skipped,skipped,skipped,3,9
308,(Grn) Gina FORD,(SNP) Jim NOBLE,(SNP) Mike PARK,skipped,skipped,skipped,skipped,skipped,skipped,3,9
309,(Grn) Gina FORD,(SNP) Jim NOBLE,(SNP) Mike PARK,skipped,skipped,skipped,skipped,skipped,skipped,3,9
310,(Grn) Gina FORD,(SNP) Jim NOBLE,(SNP) Mike PARK,skipped,skipped,skipped,skipped,skipped,skipped,3,9
311,(Grn) Gina FORD,(SNP) Jim NOBLE,(SNP) Mike PARK,skipped,skipped,skipped,skipped,skipped,skipped,3,9
312,(Grn) Gina FORD,(SNP) Jim NOBLE,(SNP) Mike PARK,skipped,skipped,skipped,skipped,skipped,skipped,3,9
313,(Grn) Gina FORD,(SNP) Jim NOBLE,(SNP) Mike PARK,skipped,skipped,skipped,skipped,skipped,skipped,3,9
314,(Grn) Gina FORD,(SNP) Jim NOBLE,(SNP) Mike PARK,skipped,skipped,skipped,skipped,skipped,skipped,3,9
315,(Grn) Gina FORD,(SNP) Jim NOBLE,(SNP) Mike PARK,skipped,skipped,skipped,skipped,skipped,skipped,3,9
316,(Grn) Gina FORD,(SNP) Jim NOBLE,(SNP) Mike PARK,skipped,skipped,skipped,skipped,skipped,skipped,3,9
317,(Grn) Gina FORD,(SNP) Jim NOBLE,(SNP) Mike PARK,skipped,skipped,skipped,skipped,skipped,skipped,3,9
318,(Grn) Gina FORD,(SNP) Jim NOBLE,(SNP) Mike PARK,skipped,skipped,skipped,skipped,skipped,skipped,3,9
319,(Grn) Gina FORD,(SNP) Jim NOBLE,(SNP) Mike PARK,skipped,skipped,skipped,skipped,skipped,skipped,3,9
320,(Grn) Gina FORD,(SNP) Jim NOBLE,(SNP) Mike PARK,skipped,skipped,skipped,skipped,skipped,skipped,3,9
321,(Grn) Gina FORD,(SNP) Jim NOBLE,(SNP) Mike PARK,(Ind) Norman COLLIE,skipped,skipped,skipped,skipped,skipped,3,9
322,(Grn) Gina FORD,(SNP) Jim NOBLE,(SNP) Mike PARK,(Ind) Norman COLLIE,skipped,skipped,skipped,skipped,skipped,3,9
323,(Grn) Gina FORD,(SNP) Jim NOBLE,(SNP) Mike PARK,(Ind) Norman COLLIE,(LD) David GREEN,(Lab) Ross GRANT,(Lab) Ramsay MILNE,skipped,skipped,3,9
324,(Grn) Gina FORD,(SNP) Jim NOBLE,(SNP) Mike PARK,(Ind) Norman COLLIE,(Lab) Ramsay MILNE,(Lab) Ross GRANT,(LD) David GREEN,(Con) Daniel Stephen MCCROSKRIE,skipped,3,9
325,(Grn) Gina FORD,(SNP) Jim NOBLE,(SNP) Mike PARK,(Lab) Ross GRANT,skipped,skipped,skipped,skipped,skipped,3,9
326,(Grn) Gina FORD,(SNP) Jim NOBLE,(SNP) Mike PARK,(Lab) Ross GRANT,skipped,skipped,skipped,skipped,skipped,3,9
327,(Grn) Gina FORD,(SNP) Jim NOBLE,(SNP) Mike PARK,(Lab) Ross GRANT,(LD) David GREEN,(Lab) Ramsay MILNE,skipped,skipped,skipped,3,9
328,(Grn) Gina FORD,(SNP) Jim NOBLE,(SNP) Mike PARK,(Lab) Ross GRANT,(Lab) Ramsay MILNE,skipped,skipped,skipped,skipped,3,9
329,(Grn) Gina FORD,(SNP) Jim NOBLE,(SNP) Mike PARK,(Lab) Ross GRANT,(Lab) Ramsay MILNE,skipped,skipped,skipped,skipped,3,9
330,(Grn) Gina FORD,(SNP) Jim NOBLE,(SNP) Mike PARK,(LD) David GREEN,skipped,skipped,skipped,skipped,skipped,3,9
331,(Grn) Gina FORD,(SNP) Jim NOBLE,(SNP) Mike PARK,(LD) David GREEN,(Con) Daniel Stephen MCCROSKRIE,skipped,skipped,skipped,skipped,3,9
332,(Grn) Gina FORD,(SNP) Jim NOBLE,(SNP) Mike PARK,(Lab) Ramsay MILNE,(Lab) Ross GRANT,skipped,skipped,skipped,skipped,3,9
333,(Grn) Gina FORD,(SNP) Jim NOBLE,(SNP) Mike PARK,(Lab) Ramsay MILNE,(Lab) Ross GRANT,(LD) David GREEN,skipped,skipped,skipped,3,9
334,(Grn) Gina FORD,(SNP) Mike PARK,skipped,skipped,skipped,skipped,skipped,skipped,skipped,3,9
335,(Grn) Gina FORD,(SNP) Mike PARK,(Lab) Ross GRANT,skipped,skipped,skipped,skipped,skipped,skipped,3,9
336,(Grn) Gina FORD,(SNP) Mike PARK,(SNP) Jim NOBLE,skipped,skipped,skipped,skipped,skipped,skipped,3,9
337,(Grn) Gina FORD,(SNP) Mike PARK,(SNP) Jim NOBLE,(LD) David GREEN,skipped,skipped,skipped,skipped,skipped,3,9
338,(Grn) Gina FORD,(SNP) Mike PARK,(SNP) Jim NOBLE,(LD) David GREEN,skipped,skipped,skipped,skipped,skipped,3,9
339,(Grn) Gina FORD,(SNP) Mike PARK,(SNP) Jim NOBLE,(LD) David GREEN,skipped,skipped,skipped,skipped,skipped,3,9
340,(Lab) Ross GRANT,skipped,skipped,skipped,skipped,skipped,skipped,skipped,skipped,3,9
341,(Lab) Ross GRANT,skipped,skipped,skipped,skipped,skipped,skipped,skipped,skipped,3,9
342,(Lab) Ross GRANT,skipped,skipped,skipped,skipped,skipped,skipped,skipped,skipped,3,9
343,(Lab) Ross GRANT,skipped,skipped,skipped,skipped,skipped,skipped,skipped,skipped,3,9
344,(Lab) Ross GRANT,skipped,skipped,skipped,skipped,skipped,skipped,skipped,skipped,3,9
345,(Lab) Ross GRANT,skipped,skipped,skipped,skipped,skipped,skipped,skipped,skipped,3,9
346,(Lab) Ross GRANT,skipped,skipped,skipped,skipped,skipped,skipped,skipped,skipped,3,9
347,(Lab) Ross GRANT,skipped,skipped,skipped,skipped,skipped,skipped,skipped,skipped,3,9
348,(Lab) Ross GRANT,skipped,skipped,skipped,skipped,skipped,skipped,skipped,skipped,3,9
349,(Lab) Ross GRANT,skipped,skipped,skipped,skipped,skipped,skipped,skipped,skipped,3,9
350,(Lab) Ross GRANT,skipped,skipped,skipped,skipped,skipped,skipped,skipped,skipped,3,9
351,(Lab) Ross GRANT,skipped,skipped,skipped,skipped,skipped,skipped,skipped,skipped,3,9
352,(Lab) Ross GRANT,skipped,skipped,skipped,skipped,skipped,skipped,skipped,skipped,3,9
353,(Lab) Ross GRANT,skipped,skipped,skipped,skipped,skipped,skipped,skipped,skipped,3,9
354,(Lab) Ross GRANT,skipped,skipped,skipped,skipped,skipped,skipped,skipped,skipped,3,9
355,(Lab) Ross GRANT,skipped,skipped,skipped,skipped,skipped,skipped,skipped,skipped,3,9
356,(Lab) Ross GRANT,skipped,skipped,skipped,skipped,skipped,skipped,skipped,skipped,3,9
357,(Lab) Ross GRANT,skipped,skipped,skipped,skipped,skipped,skipped,skipped,skipped,3,9
358,(Lab) Ross GRANT,skipped,skipped,skipped,skipped,skipped,skipped,skipped,skipped,3,9
359,(Lab) Ross GRANT,skipped,skipped,skipped,skipped,skipped,skipped,skipped,skipped,3,9
360,(Lab) Ross GRANT,skipped,skipped,skipped,skipped,skipped,skipped,skipped,skipped,3,9
361,(Lab) Ross GRANT,skipped,skipped,skipped,skipped,skipped,skipped,skipped,skipped,3,9
362,(Lab) Ross GRANT,skipped,skipped,skipped,skipped,skipped,skipped,skipped,skipped,3,9
363,(Lab) Ross GRANT,skipped,skipped,skipped,skipped,skipped,skipped,skipped,skipped,3,9
364,(Lab) Ross GRANT,skipped,skipped,skipped,skipped,skipped,skipped,skipped,skipped,3,9
365,(Lab) Ross GRANT,skipped,skipped,skipped,skipped,skipped,skipped,skipped,skipped,3,9
366,(Lab) Ross GRANT,skipped,skipped,skipped,skipped,skipped,skipped,skipped,skipped,3,9
367,(Lab) Ross GRANT,skipped,skipped,skipped,skipped,skipped,skipped,skipped,skipped,3,9
368,(Lab) Ross GRANT,skipped,skipped,skipped,skipped,skipped,skipped,skipped,skipped,3,9
369,(Lab) Ross GRANT,skipped,skipped,skipped,skipped,skipped,skipped,skipped,skipped,3,9
370,(Lab) Ross GRANT,skipped,skipped,skipped,skipped,skipped,skipped,skipped,skipped,3,9
371,(Lab) Ross GRANT,skipped,skipped,skipped,skipped,skipped,skipped,skipped,skipped,3,9
372,(Lab) Ross GRANT,skipped,skipped,skipped,skipped,skipped,skipped,skipped,skipped,3,9
373,(Lab) Ross GRANT,skipped,skipped,skipped,skipped,skipped,skipped,skipped,skipped,3,9
374,(Lab) Ross GRANT,skipped,skipped,skipped,skipped,skipped,skipped,skipped,skipped,3,9
375,(Lab) Ross GRANT,skipped,skipped,skipped,skipped,skipped,skipped,skipped,skipped,3,9
376,(Lab) Ross GRANT,skipped,skipped,skipped,skipped,skipped,skipped,skipped,skipped,3,9
377,(Lab) Ross GRANT,skipped,skipped,skipped,skipped,skipped,skipped,skipped,skipped,3,9
378,(Lab) Ross GRANT,skipped,skipped,skipped,skipped,skipped,skipped,skipped,skipped,3,9
379,(Lab) Ross GRANT,skipped,skipped,skipped,skipped,skipped,skipped,skipped,skipped,3,9
380,(Lab) Ross GRANT,skipped,skipped,skipped,skipped,skipped,skipped,skipped,skipped,3,9
381,(Lab) Ross GRANT,(Ind) Norman COLLIE,skipped,skipped,skipped,skipped,skipped,skipped,skipped,3,9
382,(Lab) Ross GRANT,(Ind) Norman COLLIE,skipped,skipped,skipped,skipped,skipped,skipped,skipped,3,9
383,(Lab) Ross GRANT,(Ind) Norman COLLIE,skipped,skipped,skipped,skipped,skipped,skipped,skipped,3,9
384,(Lab) Ross GRANT,(Ind) Norman COLLIE,skipped,skipped,skipped,skipped,skipped,skipped,skipped,3,9
385,(Lab) Ross GRANT,(Ind) Norman COLLIE,skipped,skipped,skipped,skipped,skipped,skipped,skipped,3,9
386,(Lab) Ross GRANT,(Ind) Norman COLLIE,(Grn) Gina FORD,(Con) Daniel Stephen MCCROSKRIE,(LD) David GREEN,skipped,skipped,skipped,skipped,3,9
387,(Lab) Ross GRANT,(Ind) Norman COLLIE,(Grn) Gina FORD,(Lab) Ramsay MILNE,skipped,skipped,skipped,skipped,skipped,3,9
388,(Lab) Ross GRANT,(Ind) Norman COLLIE,(Lab) Ramsay MILNE,skipped,skipped,skipped,skipped,skipped,skipped,3,9
389,(Lab) Ross GRANT,(Ind) Norman COLLIE,(Lab) Ramsay MILNE,skipped,skipped,skipped,skipped,skipped,skipped,3,9
390,(Lab) Ross GRANT,(Ind) Norman COLLIE,(Lab) Ramsay MILNE,skipped,skipped,skipped,skipped,skipped,skipped,3,9
391,(Lab) Ross GRANT,(Ind) Norman COLLIE,(Lab) Ramsay MILNE,skipped,skipped,skipped,skipped,skipped,skipped,3,9
392,(Lab) Ross GRANT,(Ind) Norman COLLIE,(Lab) Ramsay MILNE,skipped,skipped,skipped,skipped,skipped,skipped,3,9
393,(Lab) Ross GRANT,(Ind) Norman COLLIE,(Lab) Ramsay MILNE,skipped,skipped,skipped,skipped,skipped,skipped,3,9
394,(Lab) Ross GRANT,(Ind) Norman COLLIE,(Lab) Ramsay MILNE,skipped,skipped,skipped,skipped,skipped,skipped,3,9
395,(Lab) Ross GRANT,(Ind) Norman COLLIE,(Lab) Ramsay MILNE,skipped,skipped,skipped,skipped,skipped,skipped,3,9
396,(Lab) Ross GRANT,(Ind) Norman COLLIE,(Lab) Ramsay MILNE,skipped,skipped,skipped,skipped,skipped,skipped,3,9
397,(Lab) Ross GRANT,(Ind) Norman COLLIE,(Lab) Ramsay MILNE,(SNP) Mike PARK,skipped,skipped,skipped,skipped,skipped,3,9
398,(Lab) Ross GRANT,(Ind) Norman COLLIE,(SNP) Jim NOBLE,skipped,skipped,skipped,skipped,skipped,skipped,3,9
399,(Lab) Ross GRANT,(Ind) Norman COLLIE,(SNP) Jim NOBLE,skipped,skipped,skipped,skipped,skipped,skipped,3,9
400,(Lab) Ross GRANT,(Ind) Norman COLLIE,(SNP) Mike PARK,skipped,skipped,skipped,skipped,skipped,skipped,3,9
401,(Lab) Ross GRANT,(Grn) Gina FORD,(LD) David GREEN,skipped,skipped,skipped,skipped,skipped,skipped,3,9
402,(Lab) Ross GRANT,(Grn) Gina FORD,(LD) David GREEN,skipped,skipped,skipped,skipped,skipped,skipped,3,9
403,(Lab) Ross GRANT,(Grn) Gina FORD,(LD) David GREEN,skipped,skipped,skipped,skipped,skipped,skipped,3,9
404,(Lab) Ross GRANT,(Grn) Gina FORD,(LD) David GREEN,(Lab) Ramsay MILNE,skipped,skipped,skipped,skipped,skipped,3,9
405,(Lab) Ross GRANT,(Grn) Gina FORD,(LD) David GREEN,(SNP) Jim NOBLE,skipped,skipped,skipped,skipped,skipped,3,9
406,(Lab) Ross GRANT,(Grn) Gina FORD,(Lab) Ramsay MILNE,skipped,skipped,skipped,skipped,skipped,skipped,3,9
407,(Lab) Ross GRANT,(Grn) Gina FORD,(Lab) Ramsay MILNE,skipped,skipped,skipped,skipped,skipped,skipped,3,9
408,(Lab) Ross GRANT,(Grn) Gina FORD,(Lab) Ramsay MILNE,skipped,skipped,skipped,skipped,skipped,skipped,3,9
409,(Lab) Ross GRANT,(Grn) Gina FORD,(Lab) Ramsay MILNE,skipped,skipped,skipped,skipped,skipped,skipped,3,9
410,(Lab) Ross GRANT,(Grn) Gina FORD,(Lab) Ramsay MILNE,(Ind) Norman COLLIE,skipped,skipped,skipped,skipped,skipped,3,9
411,(Lab) Ross GRANT,(Grn) Gina FORD,(Lab) Ramsay MILNE,(Ind) Norman COLLIE,(LD) David GREEN,skipped,skipped,skipped,skipped,3,9
412,(Lab) Ross GRANT,(Grn) Gina FORD,(Lab) Ramsay MILNE,(Ind) Norman COLLIE,(SNP) Jim NOBLE,(SNP) Mike PARK,(LD) David GREEN,(Con) Daniel Stephen MCCROSKRIE,(NF) Mike PHILLIPS,3,9
413,(Lab) Ross GRANT,(Grn) Gina FORD,(Lab) Ramsay MILNE,(LD) David GREEN,skipped,skipped,skipped,skipped,skipped,3,9
414,(Lab) Ross GRANT,(Grn) Gina FORD,(Lab) Ramsay MILNE,(LD) David GREEN,(Con) Daniel Stephen MCCROSKRIE,(Ind) Norman COLLIE,(SNP) Jim NOBLE,(SNP) Mike PARK,(NF) Mike PHILLIPS,3,9
415,(Lab) Ross GRANT,(Grn) Gina FORD,(Lab) Ramsay MILNE,(SNP) Jim NOBLE,(SNP) Mike PARK,skipped,skipped,skipped,skipped,3,9
416,(Lab) Ross GRANT,(Grn) Gina FORD,(Lab) Ramsay MILNE,(NF) Mike PHILLIPS,skipped,skipped,skipped,skipped,skipped,3,9
417,(Lab) Ross GRANT,(LD) David GREEN,skipped,skipped,skipped,skipped,skipped,skipped,skipped,3,9
418,(Lab) Ross GRANT,(LD) David GREEN,skipped,skipped,skipped,skipped,skipped,skipped,skipped,3,9
419,(Lab) Ross GRANT,(LD) David GREEN,skipped,skipped,skipped,skipped,skipped,skipped,skipped,3,9
420,(Lab) Ross GRANT,(LD) David GREEN,(Ind) Norman COLLIE,skipped,skipped,skipped,skipped,skipped,skipped,3,9
421,(Lab) Ross GRANT,(LD) David GREEN,(Grn) Gina FORD,skipped,skipped,skipped,skipped,skipped,skipped,3,9
422,(Lab) Ross GRANT,(LD) David GREEN,(Grn) Gina FORD,(Con) Daniel Stephen MCCROSKRIE,(Ind) Norman COLLIE,(Lab) Ramsay MILNE,(SNP) Mike PARK,(SNP) Jim NOBLE,(NF) Mike PHILLIPS,3,9
423,(Lab) Ross GRANT,(LD) David GREEN,(Con) Daniel Stephen MCCROSKRIE,skipped,skipped,skipped,skipped,skipped,skipped,3,9
424,(Lab) Ross GRANT,(LD) David GREEN,(Con) Daniel Stephen MCCROSKRIE,skipped,skipped,skipped,skipped,skipped,skipped,3,9
425,(Lab) Ross GRANT,(LD) David GREEN,(Con) Daniel Stephen MCCROSKRIE,skipped,skipped,skipped,skipped,skipped,skipped,3,9
426,(Lab) Ross GRANT,(LD) David GREEN,(Con) Daniel Stephen MCCROSKRIE,skipped,skipped,skipped,skipped,skipped,skipped,3,9
427,(Lab) Ross GRANT,(LD) David GREEN,(Con) Daniel Stephen MCCROSKRIE,(Lab) Ramsay MILNE,skipped,skipped,skipped,skipped,skipped,3,9
428,(Lab) Ross GRANT,(LD) David GREEN,(Con) Daniel Stephen MCCROSKRIE,(Lab) Ramsay MILNE,(SNP) Mike PARK,skipped,skipped,skipped,skipped,3,9
429,(Lab) Ross GRANT,(LD) David GREEN,(Lab) Ramsay MILNE,skipped,skipped,skipped,skipped,skipped,skipped,3,9
430,(Lab) Ross GRANT,(LD) David GREEN,(Lab) Ramsay MILNE,skipped,skipped,skipped,skipped,skipped,skipped,3,9
431,(Lab) Ross GRANT,(LD) David GREEN,(Lab) Ramsay MILNE,skipped,skipped,skipped,skipped,skipped,skipped,3,9
432,(Lab) Ross GRANT,(LD) David GREEN,(Lab) Ramsay MILNE,(Ind) Norman COLLIE,skipped,skipped,skipped,skipped,skipped,3,9
433,(Lab) Ross GRANT,(LD) David GREEN,(Lab) Ramsay MILNE,(Grn) Gina FORD,skipped,skipped,skipped,skipped,skipped,3,9
434,(Lab) Ross GRANT,(LD) David GREEN,(Lab) Ramsay MILNE,(SNP) Jim NOBLE,skipped,skipped,skipped,skipped,skipped,3,9
435,(Lab) Ross GRANT,(LD) David GREEN,(Lab) Ramsay MILNE,(SNP) Jim NOBLE,skipped,skipped,skipped,skipped,skipped,3,9
436,(Lab) Ross GRANT,(LD) David GREEN,(Lab) Ramsay MILNE,(SNP) Mike PARK,skipped,skipped,skipped,skipped,skipped,3,9
437,(Lab) Ross GRANT,(Con) Daniel Stephen MCCROSKRIE,skipped,skipped,skipped,skipped,skipped,skipped,skipped,3,9
438,(Lab) Ross GRANT,(Con) Daniel Stephen MCCROSKRIE,skipped,skipped,skipped,skipped,skipped,skipped,skipped,3,9
439,(Lab) Ross GRANT,(Con) Daniel Stephen MCCROSKRIE,skipped,skipped,skipped,skipped,skipped,skipped,skipped,3,9
440,(Lab) Ross GRANT,(Con) Daniel Stephen MCCROSKRIE,(Ind) Norman COLLIE,(Grn) Gina FORD,skipped,skipped,skipped,skipped,skipped,3,9
441,(Lab) Ross GRANT,(Con) Daniel Stephen MCCROSKRIE,(LD) David GREEN,skipped,skipped,skipped,skipped,skipped,skipped,3,9
442,(Lab) Ross GRANT,(Con) Daniel Stephen MCCROSKRIE,(Lab) Ramsay MILNE,skipped,skipped,skipped,skipped,skipped,skipped,3,9
443,(Lab) Ross GRANT,(Con) Daniel Stephen MCCROSKRIE,(Lab) Ramsay MILNE,skipped,skipped,skipped,skipped,skipped,skipped,3,9
444,(Lab) Ross GRANT,(Con) Daniel Stephen MCCROSKRIE,(Lab) Ramsay MILNE,skipped,skipped,skipped,skipped,skipped,skipped,3,9
445,(Lab) Ross GRANT,(Con) Daniel Stephen MCCROSKRIE,(Lab) Ramsay MILNE,skipped,skipped,skipped,skipped,skipped,skipped,3,9
446,(Lab) Ross GRANT,(Con) Daniel Stephen MCCROSKRIE,(SNP) Jim NOBLE,(Grn) Gina FORD,(LD) David GREEN,(Lab) Ramsay MILNE,(SNP) Mike PARK,(NF) Mike PHILLIPS,(Ind) Norman COLLIE,3,9
447,(Lab) Ross GRANT,(Con) Daniel Stephen MCCROSKRIE,(SNP) Jim NOBLE,(SNP) Mike PARK,(NF) Mike PHILLIPS,(Lab) Ramsay MILNE,(LD) David GREEN,(Grn) Gina FORD,(Ind) Norman COLLIE,3,9
448,(Lab) Ross GRANT,(Lab) Ramsay MILNE,skipped,skipped,skipped,skipped,skipped,skipped,skipped,3,9
449,(Lab) Ross GRANT,(Lab) Ramsay MILNE,skipped,skipped,skipped,skipped,skipped,skipped,skipped,3,9
450,(Lab) Ross GRANT,(Lab) Ramsay MILNE,skipped,skipped,skipped,skipped,skipped,skipped,skipped,3,9
451,(Lab) Ross GRANT,(Lab) Ramsay MILNE,skipped,skipped,skipped,skipped,skipped,skipped,skipped,3,9
452,(Lab) Ross GRANT,(Lab) Ramsay MILNE,skipped,skipped,skipped,skipped,skipped,skipped,skipped,3,9
453,(Lab) Ross GRANT,(Lab) Ramsay MILNE,skipped,skipped,skipped,skipped,skipped,skipped,skipped,3,9
454,(Lab) Ross GRANT,(Lab) Ramsay MILNE,skipped,skipped,skipped,skipped,skipped,skipped,skipped,3,9
455,(Lab) Ross GRANT,(Lab) Ramsay MILNE,skipped,skipped,skipped,skipped,skipped,skipped,skipped,3,9
456,(Lab) Ross GRANT,(Lab) Ramsay MILNE,skipped,skipped,skipped,skipped,skipped,skipped,skipped,3,9
457,(Lab) Ross GRANT,(Lab) Ramsay MILNE,skipped,skipped,skipped,skipped,skipped,skipped,skipped,3,9
458,(Lab) Ross GRANT,(Lab) Ramsay MILNE,skipped,skipped,skipped,skipped,skipped,skipped,skipped,3,9
459,(Lab) Ross GRANT,(Lab) Ramsay MILNE,skipped,skipped,skipped,skipped,skipped,skipped,skipped,3,9
460,(Lab) Ross GRANT,(Lab) Ramsay MILNE,skipped,skipped,skipped,skipped,skipped,skipped,skipped,3,9
461,(Lab) Ross GRANT,(Lab) Ramsay MILNE,skipped,skipped,skipped,skipped,skipped,skipped,skipped,3,9
462,(Lab) Ross GRANT,(Lab) Ramsay MILNE,skipped,skipped,skipped,skipped,skipped,skipped,skipped,3,9
463,(Lab) Ross GRANT,(Lab) Ramsay MILNE,skipped,skipped,skipped,skipped,skipped,skipped,skipped,3,9
464,(Lab) Ross GRANT,(Lab) Ramsay MILNE,skipped,skipped,skipped,skipped,skipped,skipped,skipped,3,9
465,(Lab) Ross GRANT,(Lab) Ramsay MILNE,skipped,skipped,skipped,skipped,skipped,skipped,skipped,3,9
466,(Lab) Ross GRANT,(Lab) Ramsay MILNE,skipped,skipped,skipped,skipped,skipped,skipped,skipped,3,9
467,(Lab) Ross GRANT,(Lab) Ramsay MILNE,skipped,skipped,skipped,skipped,skipped,skipped,skipped,3,9
468,(Lab) Ross GRANT,(Lab) Ramsay MILNE,skipped,skipped,skipped,skipped,skipped,skipped,skipped,3,9
469,(Lab) Ross GRANT,(Lab) Ramsay MILNE,skipped,skipped,skipped,skipped,skipped,skipped,skipped,3,9
470,(Lab) Ross GRANT,(Lab) Ramsay MILNE,skipped,skipped,skipped,skipped,skipped,skipped,skipped,3,9
471,(Lab) Ross GRANT,(Lab) Ramsay MILNE,skipped,skipped,skipped,skipped,skipped,skipped,skipped,3,9
472,(Lab) Ross GRANT,(Lab) Ramsay MILNE,skipped,skipped,skipped,skipped,skipped,skipped,skipped,3,9
473,(Lab) Ross GRANT,(Lab) Ramsay MILNE,skipped,skipped,skipped,skipped,skipped,skipped,skipped,3,9
474,(Lab) Ross GRANT,(Lab) Ramsay MILNE,skipped,skipped,skipped,skipped,skipped,skipped,skipped,3,9
475,(Lab) Ross GRANT,(Lab) Ramsay MILNE,skipped,skipped,skipped,skipped,skipped,skipped,skipped,3,9
476,(Lab) Ross GRANT,(Lab) Ramsay MILNE,skipped,skipped,skipped,skipped,skipped,skipped,skipped,3,9
477,(Lab) Ross GRANT,(Lab) Ramsay MILNE,skipped,skipped,skipped,skipped,skipped,skipped,skipped,3,9
478,(Lab) Ross GRANT,(Lab) Ramsay MILNE,skipped,skipped,skipped,skipped,skipped,skipped,skipped,3,9
479,(Lab) Ross GRANT,(Lab) Ramsay MILNE,skipped,skipped,skipped,skipped,skipped,skipped,skipped,3,9
480,(Lab) Ross GRANT,(Lab) Ramsay MILNE,skipped,skipped,skipped,skipped,skipped,skipped,skipped,3,9
481,(Lab) Ross GRANT,(Lab) Ramsay MILNE,skipped,skipped,skipped,skipped,skipped,skipped,skipped,3,9
482,(Lab) Ross GRANT,(Lab) Ramsay MILNE,skipped,skipped,skipped,skipped,skipped,skipped,skipped,3,9
483,(Lab) Ross GRANT,(Lab) Ramsay MILNE,skipped,skipped,skipped,skipped,skipped,skipped,skipped,3,9
484,(Lab) Ross GRANT,(Lab) Ramsay MILNE,skipped,skipped,skipped,skipped,skipped,skipped,skipped,3,9
485,(Lab) Ross GRANT,(Lab) Ramsay MILNE,skipped,skipped,skipped,skipped,skipped,skipped,skipped,3,9
486,(Lab) Ross GRANT,(Lab) Ramsay MILNE,skipped,skipped,skipped,skipped,skipped,skipped,skipped,3,9
487,(Lab) Ross GRANT,(Lab) Ramsay MILNE,skipped,skipped,skipped,skipped,skipped,skipped,skipped,3,9
488,(Lab) Ross GRANT,(Lab) Ramsay MILNE,skipped,skipped,skipped,skipped,skipped,skipped,skipped,3,9
489,(Lab) Ross GRANT,(Lab) Ramsay MILNE,skipped,skipped,skipped,skipped,skipped,skipped,skipped,3,9
490,(Lab) Ross GRANT,(Lab) Ramsay MILNE,skipped,skipped,skipped,skipped,skipped,skipped,skipped,3,9
491,(Lab) Ross GRANT,(Lab) Ramsay MILNE,skipped,skipped,skipped,skipped,skipped,skipped,skipped,3,9
492,(Lab) Ross GRANT,(Lab) Ramsay MILNE,skipped,skipped,skipped,skipped,skipped,skipped,skipped,3,9
493,(Lab) Ross GRANT,(Lab) Ramsay MILNE,skipped,skipped,skipped,skipped,skipped,skipped,skipped,3,9
494,(Lab) Ross GRANT,(Lab) Ramsay MILNE,skipped,skipped,skipped,skipped,skipped,skipped,skipped,3,9
495,(Lab) Ross GRANT,(Lab) Ramsay MILNE,skipped,skipped,skipped,skipped,skipped,skipped,skipped,3,9
496,(Lab) Ross GRANT,(Lab) Ramsay MILNE,skipped,skipped,skipped,skipped,skipped,skipped,skipped,3,9
497,(Lab) Ross GRANT,(Lab) Ramsay MILNE,skipped,skipped,skipped,skipped,skipped,skipped,skipped,3,9
498,(Lab) Ross GRANT,(Lab) Ramsay MILNE,skipped,skipped,skipped,skipped,skipped,skipped,skipped,3,9
499,(Lab) Ross GRANT,(Lab) Ramsay MILNE,skipped,skipped,skipped,skipped,skipped,skipped,skipped,3,9
500,(Lab) Ross GRANT,(Lab) Ramsay MILNE,skipped,skipped,skipped,skipped,skipped,skipped,skipped,3,9
501,(Lab) Ross GRANT,(Lab) Ramsay MILNE,skipped,skipped,skipped,skipped,skipped,skipped,skipped,3,9
502,(Lab) Ross GRANT,(Lab) Ramsay MILNE,skipped,skipped,skipped,skipped,skipped,skipped,skipped,3,9
503,(Lab) Ross GRANT,(Lab) Ramsay MILNE,skipped,skipped,skipped,skipped,skipped,skipped,skipped,3,9
504,(Lab) Ross GRANT,(Lab) Ramsay MILNE,skipped,skipped,skipped,skipped,skipped,skipped,skipped,3,9
505,(Lab) Ross GRANT,(Lab) Ramsay MILNE,skipped,skipped,skipped,skipped,skipped,skipped,skipped,3,9
506,(Lab) Ross GRANT,(Lab) Ramsay MILNE,skipped,skipped,skipped,skipped,skipped,skipped,skipped,3,9
507,(Lab) Ross GRANT,(Lab) Ramsay MILNE,skipped,skipped,skipped,skipped,skipped,skipped,skipped,3,9
508,(Lab) Ross GRANT,(Lab) Ramsay MILNE,skipped,skipped,skipped,skipped,skipped,skipped,skipped,3,9
509,(Lab) Ross GRANT,(Lab) Ramsay MILNE,skipped,skipped,skipped,skipped,skipped,skipped,skipped,3,9
510,(Lab) Ross GRANT,(Lab) Ramsay MILNE,skipped,skipped,skipped,skipped,skipped,skipped,skipped,3,9
511,(Lab) Ross GRANT,(Lab) Ramsay MILNE,skipped,skipped,skipped,skipped,skipped,skipped,skipped,3,9
512,(Lab) Ross GRANT,(Lab) Ramsay MILNE,skipped,skipped,skipped,skipped,skipped,skipped,skipped,3,9
513,(Lab) Ross GRANT,(Lab) Ramsay MILNE,skipped,skipped,skipped,skipped,skipped,skipped,skipped,3,9
514,(Lab) Ross GRANT,(Lab) Ramsay MILNE,skipped,skipped,skipped,skipped,skipped,skipped,skipped,3,9
515,(Lab) Ross GRANT,(Lab) Ramsay MILNE,skipped,skipped,skipped,skipped,skipped,skipped,skipped,3,9
516,(Lab) Ross GRANT,(Lab) Ramsay MILNE,skipped,skipped,skipped,skipped,skipped,skipped,skipped,3,9
517,(Lab) Ross GRANT,(Lab) Ramsay MILNE,skipped,skipped,skipped,skipped,skipped,skipped,skipped,3,9
518,(Lab) Ross GRANT,(Lab) Ramsay MILNE,skipped,skipped,skipped,skipped,skipped,skipped,skipped,3,9
519,(Lab) Ross GRANT,(Lab) Ramsay MILNE,skipped,skipped,skipped,skipped,skipped,skipped,skipped,3,9
520,(Lab) Ross GRANT,(Lab) Ramsay MILNE,skipped,skipped,skipped,skipped,skipped,skipped,skipped,3,9
521,(Lab) Ross GRANT,(Lab) Ramsay MILNE,skipped,skipped,skipped,skipped,skipped,skipped,skipped,3,9
522,(Lab) Ross GRANT,(Lab) Ramsay MILNE,skipped,skipped,skipped,skipped,skipped,skipped,skipped,3,9
523,(Lab) Ross GRANT,(Lab) Ramsay MILNE,skipped,skipped,skipped,skipped,skipped,skipped,skipped,3,9
524,(Lab) Ross GRANT,(Lab) Ramsay MILNE,skipped,skipped,skipped,skipped,skipped,skipped,skipped,3,9
525,(Lab) Ross GRANT,(Lab) Ramsay MILNE,skipped,skipped,skipped,skipped,skipped,skipped,skipped,3,9
526,(Lab) Ross GRANT,(Lab) Ramsay MILNE,skipped,skipped,skipped,skipped,skipped,skipped,skipped,3,9
527,(Lab) Ross GRANT,(Lab) Ramsay MILNE,skipped,skipped,skipped,skipped,skipped,skipped,skipped,3,9
528,(Lab) Ross GRANT,(Lab) Ramsay MILNE,skipped,skipped,skipped,skipped,skipped,skipped,skipped,3,9
529,(Lab) Ross GRANT,(Lab) Ramsay MILNE,skipped,skipped,skipped,skipped,skipped,skipped,skipped,3,9
530,(Lab) Ross GRANT,(Lab) Ramsay MILNE,skipped,skipped,skipped,skipped,skipped,skipped,skipped,3,9
531,(Lab) Ross GRANT,(Lab) Ramsay MILNE,skipped,skipped,skipped,skipped,skipped,skipped,skipped,3,9
532,(Lab) Ross GRANT,(Lab) Ramsay MILNE,skipped,skipped,skipped,skipped,skipped,skipped,skipped,3,9
533,(Lab) Ross GRANT,(Lab) Ramsay MILNE,skipped,skipped,skipped,skipped,skipped,skipped,skipped,3,9
534,(Lab) Ross GRANT,(Lab) Ramsay MILNE,skipped,skipped,skipped,skipped,skipped,skipped,skipped,3,9
535,(Lab) Ross GRANT,(Lab) Ramsay MILNE,skipped,skipped,skipped,skipped,skipped,skipped,skipped,3,9
536,(Lab) Ross GRANT,(Lab) Ramsay MILNE,skipped,skipped,skipped,skipped,skipped,skipped,skipped,3,9
537,(Lab) Ross GRANT,(Lab) Ramsay MILNE,skipped,skipped,skipped,skipped,skipped,skipped,skipped,3,9
538,(Lab) Ross GRANT,(Lab) Ramsay MILNE,skipped,skipped,skipped,skipped,skipped,skipped,skipped,3,9
539,(Lab) Ross GRANT,(Lab) Ramsay MILNE,skipped,skipped,skipped,skipped,skipped,skipped,skipped,3,9
540,(Lab) Ross GRANT,(Lab) Ramsay MILNE,skipped,skipped,skipped,skipped,skipped,skipped,skipped,3,9
541,(Lab) Ross GRANT,(Lab) Ramsay MILNE,skipped,skipped,skipped,skipped,skipped,skipped,skipped,3,9
542,(Lab) Ross GRANT,(Lab) Ramsay MILNE,skipped,skipped,skipped,skipped,skipped,skipped,skipped,3,9
543,(Lab) Ross GRANT,(Lab) Ramsay MILNE,skipped,skipped,skipped,skipped,skipped,skipped,skipped,3,9
544,(Lab) Ross GRANT,(Lab) Ramsay MILNE,skipped,skipped,skipped,skipped,skipped,skipped,skipped,3,9
545,(Lab) Ross GRANT,(Lab) Ramsay MILNE,skipped,skipped,skipped,skipped,skipped,skipped,skipped,3,9
546,(Lab) Ross GRANT,(Lab) Ramsay MILNE,skipped,skipped,skipped,skipped,skipped,skipped,skipped,3,9
547,(Lab) Ross GRANT,(Lab) Ramsay MILNE,skipped,skipped,skipped,skipped,skipped,skipped,skipped,3,9
548,(Lab) Ross GRANT,(Lab) Ramsay MILNE,skipped,skipped,skipped,skipped,skipped,skipped,skipped,3,9
549,(Lab) Ross GRANT,(Lab) Ramsay MILNE,skipped,skipped,skipped,skipped,skipped,skipped,skipped,3,9
550,(Lab) Ross GRANT,(Lab) Ramsay MILNE,skipped,skipped,skipped,skipped,skipped,skipped,skipped,3,9
551,(Lab) Ross GRANT,(Lab) Ramsay MILNE,skipped,skipped,skipped,skipped,skipped,skipped,skipped,3,9
552,(Lab) Ross GRANT,(Lab) Ramsay MILNE,skipped,skipped,skipped,skipped,skipped,skipped,skipped,3,9
553,(Lab) Ross GRANT,(Lab) Ramsay MILNE,skipped,skipped,skipped,skipped,skipped,skipped,skipped,3,9
554,(Lab) Ross GRANT,(Lab) Ramsay MILNE,skipped,skipped,skipped,skipped,skipped,skipped,skipped,3,9
555,(Lab) Ross GRANT,(Lab) Ramsay MILNE,skipped,skipped,skipped,skipped,skipped,skipped,skipped,3,9
556,(Lab) Ross GRANT,(Lab) Ramsay MILNE,skipped,skipped,skipped,skipped,skipped,skipped,skipped,3,9
557,(Lab) Ross GRANT,(Lab) Ramsay MILNE,skipped,skipped,skipped,skipped,skipped,skipped,skipped,3,9
558,(Lab) Ross GRANT,(Lab) Ramsay MILNE,skipped,skipped,skipped,skipped,skipped,skipped,skipped,3,9
559,(Lab) Ross GRANT,(Lab) Ramsay MILNE,skipped,skipped,skipped,skipped,skipped,skipped,skipped,3,9
560,(Lab) Ross GRANT,(Lab) Ramsay MILNE,skipped,skipped,skipped,skipped,skipped,skipped,skipped,3,9
561,(Lab) Ross GRANT,(Lab) Ramsay MILNE,skipped,skipped,skipped,skipped,skipped,skipped,skipped,3,9
562,(Lab) Ross GRANT,(Lab) Ramsay MILNE,skipped,skipped,skipped,skipped,skipped,skipped,skipped,3,9
563,(Lab) Ross GRANT,(Lab) Ramsay MILNE,skipped,skipped,skipped,skipped,skipped,skipped,skipped,3,9
564,(Lab) Ross GRANT,(Lab) Ramsay MILNE,skipped,skipped,skipped,skipped,skipped,skipped,skipped,3,9
565,(Lab) Ross GRANT,(Lab) Ramsay MILNE,skipped,skipped,skipped,skipped,skipped,skipped,skipped,3,9
566,(Lab) Ross GRANT,(Lab) Ramsay MILNE,skipped,skipped,skipped,skipped,skipped,skipped,skipped,3,9
567,(Lab) Ross GRANT,(Lab) Ramsay MILNE,skipped,skipped,skipped,skipped,skipped,skipped,skipped,3,9
568,(Lab) Ross GRANT,(Lab) Ramsay MILNE,skipped,skipped,skipped,skipped,skipped,skipped,skipped,3,9
569,(Lab) Ross GRANT,(Lab) Ramsay MILNE,skipped,skipped,skipped,skipped,skipped,skipped,skipped,3,9
570,(Lab) Ross GRANT,(Lab) Ramsay MILNE,skipped,skipped,skipped,skipped,skipped,skipped,skipped,3,9
571,(Lab) Ross GRANT,(Lab) Ramsay MILNE,skipped,skipped,skipped,skipped,skipped,skipped,skipped,3,9
572,(Lab) Ross GRANT,(Lab) Ramsay MILNE,skipped,skipped,skipped,skipped,skipped,skipped,skipped,3,9
573,(Lab) Ross GRANT,(Lab) Ramsay MILNE,skipped,skipped,skipped,skipped,skipped,skipped,skipped,3,9
574,(Lab) Ross GRANT,(Lab) Ramsay MILNE,skipped,skipped,skipped,skipped,skipped,skipped,skipped,3,9
575,(Lab) Ross GRANT,(Lab) Ramsay MILNE,skipped,skipped,skipped,skipped,skipped,skipped,skipped,3,9
576,(Lab) Ross GRANT,(Lab) Ramsay MILNE,skipped,skipped,skipped,skipped,skipped,skipped,skipped,3,9
577,(Lab) Ross GRANT,(Lab) Ramsay MILNE,skipped,skipped,skipped,skipped,skipped,skipped,skipped,3,9
578,(Lab) Ross GRANT,(Lab) Ramsay MILNE,skipped,skipped,skipped,skipped,skipped,skipped,skipped,3,9
579,(Lab) Ross GRANT,(Lab) Ramsay MILNE,skipped,skipped,skipped,skipped,skipped,skipped,skipped,3,9
580,(Lab) Ross GRANT,(Lab) Ramsay MILNE,skipped,skipped,skipped,skipped,skipped,skipped,skipped,3,9
581,(Lab) Ross GRANT,(Lab) Ramsay MILNE,skipped,skipped,skipped,skipped,skipped,skipped,skipped,3,9
582,(Lab) Ross GRANT,(Lab) Ramsay MILNE,skipped,skipped,skipped,skipped,skipped,skipped,skipped,3,9
583,(Lab) Ross GRANT,(Lab) Ramsay MILNE,skipped,skipped,skipped,skipped,skipped,skipped,skipped,3,9
584,(Lab) Ross GRANT,(Lab) Ramsay MILNE,skipped,skipped,skipped,skipped,skipped,skipped,skipped,3,9
585,(Lab) Ross GRANT,(Lab) Ramsay MILNE,skipped,skipped,skipped,skipped,skipped,skipped,skipped,3,9
586,(Lab) Ross GRANT,(Lab) Ramsay MILNE,skipped,skipped,skipped,skipped,skipped,skipped,skipped,3,9
587,(Lab) Ross GRANT,(Lab) Ramsay MILNE,skipped,skipped,skipped,skipped,skipped,skipped,skipped,3,9
588,(Lab) Ross GRANT,(Lab) Ramsay MILNE,skipped,skipped,skipped,skipped,skipped,skipped,skipped,3,9
589,(Lab) Ross GRANT,(Lab) Ramsay MILNE,skipped,skipped,skipped,skipped,skipped,skipped,skipped,3,9
590,(Lab) Ross GRANT,(Lab) Ramsay MILNE,skipped,skipped,skipped,skipped,skipped,skipped,skipped,3,9
591,(Lab) Ross GRANT,(Lab) Ramsay MILNE,skipped,skipped,skipped,skipped,skipped,skipped,skipped,3,9
592,(Lab) Ross GRANT,(Lab) Ramsay MILNE,skipped,skipped,skipped,skipped,skipped,skipped,skipped,3,9
593,(Lab) Ross GRANT,(Lab) Ramsay MILNE,skipped,skipped,skipped,skipped,skipped,skipped,skipped,3,9
594,(Lab) Ross GRANT,(Lab) Ramsay MILNE,skipped,skipped,skipped,skipped,skipped,skipped,skipped,3,9
595,(Lab) Ross GRANT,(Lab) Ramsay MILNE,skipped,skipped,skipped,skipped,skipped,skipped,skipped,3,9
596,(Lab) Ross GRANT,(Lab) Ramsay MILNE,skipped,skipped,skipped,skipped,skipped,skipped,skipped,3,9
597,(Lab) Ross GRANT,(Lab) Ramsay MILNE,skipped,skipped,skipped,skipped,skipped,skipped,skipped,3,9
598,(Lab) Ross GRANT,(Lab) Ramsay MILNE,skipped,skipped,skipped,skipped,skipped,skipped,skipped,3,9
599,(Lab) Ross GRANT,(Lab) Ramsay MILNE,skipped,skipped,skipped,skipped,skipped,skipped,skipped,3,9
600,(Lab) Ross GRANT,(Lab) Ramsay MILNE,skipped,skipped,skipped,skipped,skipped,skipped,skipped,3,9
601,(Lab) Ross GRANT,(Lab) Ramsay MILNE,skipped,skipped,skipped,skipped,skipped,skipped,skipped,3,9
602,(Lab) Ross GRANT,(Lab) Ramsay MILNE,skipped,skipped,skipped,skipped,skipped,skipped,skipped,3,9
603,(Lab) Ross GRANT,(Lab) Ramsay MILNE,skipped,skipped,skipped,skipped,skipped,skipped,skipped,3,9
604,(Lab) Ross GRANT,(Lab) Ramsay MILNE,skipped,skipped,skipped,skipped,skipped,skipped,skipped,3,9
605,(Lab) Ross GRANT,(Lab) Ramsay MILNE,skipped,skipped,skipped,skipped,skipped,skipped,skipped,3,9
606,(Lab) Ross GRANT,(Lab) Ramsay MILNE,skipped,skipped,skipped,skipped,skipped,skipped,skipped,3,9
607,(Lab) Ross GRANT,(Lab) Ramsay MILNE,skipped,skipped,skipped,skipped,skipped,skipped,skipped,3,9
608,(Lab) Ross GRANT,(Lab) Ramsay MILNE,skipped,skipped,skipped,skipped,skipped,skipped,skipped,3,9
609,(Lab) Ross GRANT,(Lab) Ramsay MILNE,skipped,skipped,skipped,skipped,skipped,skipped,skipped,3,9
610,(Lab) Ross GRANT,(Lab) Ramsay MILNE,skipped,skipped,skipped,skipped,skipped,skipped,skipped,3,9
611,(Lab) Ross GRANT,(Lab) Ramsay MILNE,skipped,skipped,skipped,skipped,skipped,skipped,skipped,3,9
612,(Lab) Ross GRANT,(Lab) Ramsay MILNE,skipped,skipped,skipped,skipped,skipped,skipped,skipped,3,9
613,(Lab) Ross GRANT,(Lab) Ramsay MILNE,skipped,skipped,skipped,skipped,skipped,skipped,skipped,3,9
614,(Lab) Ross GRANT,(Lab) Ramsay MILNE,skipped,skipped,skipped,skipped,skipped,skipped,skipped,3,9
615,(Lab) Ross GRANT,(Lab) Ramsay MILNE,skipped,skipped,skipped,skipped,skipped,skipped,skipped,3,9
616,(Lab) Ross GRANT,(Lab) Ramsay MILNE,skipped,skipped,skipped,skipped,skipped,skipped,skipped,3,9
617,(Lab) Ross GRANT,(Lab) Ramsay MILNE,skipped,skipped,skipped,skipped,skipped,skipped,skipped,3,9
618,(Lab) Ross GRANT,(Lab) Ramsay MILNE,skipped,skipped,skipped,skipped,skipped,skipped,skipped,3,9
619,(Lab) Ross GRANT,(Lab) Ramsay MILNE,skipped,skipped,skipped,skipped,skipped,skipped,skipped,3,9
620,(Lab) Ross GRANT,(Lab) Ramsay MILNE,skipped,skipped,skipped,skipped,skipped,skipped,skipped,3,9
621,(Lab) Ross GRANT,(Lab) Ramsay MILNE,skipped,skipped,skipped,skipped,skipped,skipped,skipped,3,9
622,(Lab) Ross GRANT,(Lab) Ramsay MILNE,skipped,skipped,skipped,skipped,skipped,skipped,skipped,3,9
623,(Lab) Ross GRANT,(Lab) Ramsay MILNE,skipped,skipped,skipped,skipped,skipped,skipped,skipped,3,9
624,(Lab) Ross GRANT,(Lab) Ramsay MILNE,skipped,skipped,skipped,skipped,skipped,skipped,skipped,3,9
625,(Lab) Ross GRANT,(Lab) Ramsay MILNE,skipped,skipped,skipped,skipped,skipped,skipped,skipped,3,9
626,(Lab) Ross GRANT,(Lab) Ramsay MILNE,skipped,skipped,skipped,skipped,skipped,skipped,skipped,3,9
627,(Lab) Ross GRANT,(Lab) Ramsay MILNE,skipped,skipped,skipped,skipped,skipped,skipped,skipped,3,9
628,(Lab) Ross GRANT,(Lab) Ramsay MILNE,skipped,skipped,skipped,skipped,skipped,skipped,skipped,3,9
629,(Lab) Ross GRANT,(Lab) Ramsay MILNE,skipped,skipped,skipped,skipped,skipped,skipped,skipped,3,9
630,(Lab) Ross GRANT,(Lab) Ramsay MILNE,skipped,skipped,skipped,skipped,skipped,skipped,skipped,3,9
631,(Lab) Ross GRANT,(Lab) Ramsay MILNE,skipped,skipped,skipped,skipped,skipped,skipped,skipped,3,9
632,(Lab) Ross GRANT,(Lab) Ramsay MILNE,skipped,skipped,skipped,skipped,skipped,skipped,skipped,3,9
633,(Lab) Ross GRANT,(Lab) Ramsay MILNE,skipped,skipped,skipped,skipped,skipped,skipped,skipped,3,9
634,(Lab) Ross GRANT,(Lab) Ramsay MILNE,skipped,skipped,skipped,skipped,skipped,skipped,skipped,3,9
635,(Lab) Ross GRANT,(Lab) Ramsay MILNE,skipped,skipped,skipped,skipped,skipped,skipped,skipped,3,9
636,(Lab) Ross GRANT,(Lab) Ramsay MILNE,skipped,skipped,skipped,skipped,skipped,skipped,skipped,3,9
637,(Lab) Ross GRANT,(Lab) Ramsay MILNE,skipped,skipped,skipped,skipped,skipped,skipped,skipped,3,9
638,(Lab) Ross GRANT,(Lab) Ramsay MILNE,skipped,skipped,skipped,skipped,skipped,skipped,skipped,3,9
639,(Lab) Ross GRANT,(Lab) Ramsay MILNE,skipped,skipped,skipped,skipped,skipped,skipped,skipped,3,9
640,(Lab) Ross GRANT,(Lab) Ramsay MILNE,skipped,skipped,skipped,skipped,skipped,skipped,skipped,3,9
641,(Lab) Ross GRANT,(Lab) Ramsay MILNE,skipped,skipped,skipped,skipped,skipped,skipped,skipped,3,9
642,(Lab) Ross GRANT,(Lab) Ramsay MILNE,skipped,skipped,skipped,skipped,skipped,skipped,skipped,3,9
643,(Lab) Ross GRANT,(Lab) Ramsay MILNE,skipped,skipped,skipped,skipped,skipped,skipped,skipped,3,9
644,(Lab) Ross GRANT,(Lab) Ramsay MILNE,skipped,skipped,skipped,skipped,skipped,skipped,skipped,3,9
645,(Lab) Ross GRANT,(Lab) Ramsay MILNE,skipped,skipped,skipped,skipped,skipped,skipped,skipped,3,9
646,(Lab) Ross GRANT,(Lab) Ramsay MILNE,skipped,skipped,skipped,skipped,skipped,skipped,skipped,3,9
647,(Lab) Ross GRANT,(Lab) Ramsay MILNE,skipped,skipped,skipped,skipped,skipped,skipped,skipped,3,9
648,(Lab) Ross GRANT,(Lab) Ramsay MILNE,skipped,skipped,skipped,skipped,skipped,skipped,skipped,3,9
649,(Lab) Ross GRANT,(Lab) Ramsay MILNE,skipped,skipped,skipped,skipped,skipped,skipped,skipped,3,9
650,(Lab) Ross GRANT,(Lab) Ramsay MILNE,skipped,skipped,skipped,skipped,skipped,skipped,skipped,3,9
651,(Lab) Ross GRANT,(Lab) Ramsay MILNE,skipped,skipped,skipped,skipped,skipped,skipped,skipped,3,9
652,(Lab) Ross GRANT,(Lab) Ramsay MILNE,skipped,skipped,skipped,skipped,skipped,skipped,skipped,3,9
653,(Lab) Ross GRANT,(Lab) Ramsay MILNE,skipped,skipped,skipped,skipped,skipped,skipped,skipped,3,9
654,(Lab) Ross GRANT,(Lab) Ramsay MILNE,skipped,skipped,skipped,skipped,skipped,skipped,skipped,3,9
655,(Lab) Ross GRANT,(Lab) Ramsay MILNE,skipped,skipped,skipped,skipped,skipped,skipped,skipped,3,9
656,(Lab) Ross GRANT,(Lab) Ramsay MILNE,skipped,skipped,skipped,skipped,skipped,skipped,skipped,3,9
657,(Lab) Ross GRANT,(Lab) Ramsay MILNE,skipped,skipped,skipped,skipped,skipped,skipped,skipped,3,9
658,(Lab) Ross GRANT,(Lab) Ramsay MILNE,skipped,skipped,skipped,skipped,skipped,skipped,skipped,3,9
659,(Lab) Ross GRANT,(Lab) Ramsay MILNE,skipped,skipped,skipped,skipped,skipped,skipped,skipped,3,9
660,(Lab) Ross GRANT,(Lab) Ramsay MILNE,skipped,skipped,skipped,skipped,skipped,skipped,skipped,3,9
661,(Lab) Ross GRANT,(Lab) Ramsay MILNE,skipped,skipped,skipped,skipped,skipped,skipped,skipped,3,9
662,(Lab) Ross GRANT,(Lab) Ramsay MILNE,skipped,skipped,skipped,skipped,skipped,skipped,skipped,3,9
663,(Lab) Ross GRANT,(Lab) Ramsay MILNE,skipped,skipped,skipped,skipped,skipped,skipped,skipped,3,9
664,(Lab) Ross GRANT,(Lab) Ramsay MILNE,skipped,skipped,skipped,skipped,skipped,skipped,skipped,3,9
665,(Lab) Ross GRANT,(Lab) Ramsay MILNE,skipped,skipped,skipped,skipped,skipped,skipped,skipped,3,9
666,(Lab) Ross GRANT,(Lab) Ramsay MILNE,skipped,skipped,skipped,skipped,skipped,skipped,skipped,3,9
667,(Lab) Ross GRANT,(Lab) Ramsay MILNE,skipped,skipped,skipped,skipped,skipped,skipped,skipped,3,9
668,(Lab) Ross GRANT,(Lab) Ramsay MILNE,skipped,skipped,skipped,skipped,skipped,skipped,skipped,3,9
669,(Lab) Ross GRANT,(Lab) Ramsay MILNE,skipped,skipped,skipped,skipped,skipped,skipped,skipped,3,9
670,(Lab) Ross GRANT,(Lab) Ramsay MILNE,skipped,skipped,skipped,skipped,skipped,skipped,skipped,3,9
671,(Lab) Ross GRANT,(Lab) Ramsay MILNE,skipped,skipped,skipped,skipped,skipped,skipped,skipped,3,9
672,(Lab) Ross GRANT,(Lab) Ramsay MILNE,skipped,skipped,skipped,skipped,skipped,skipped,skipped,3,9
673,(Lab) Ross GRANT,(Lab) Ramsay MILNE,skipped,skipped,skipped,skipped,skipped,skipped,skipped,3,9
674,(Lab) Ross GRANT,(Lab) Ramsay MILNE,skipped,skipped,skipped,skipped,skipped,skipped,skipped,3,9
675,(Lab) Ross GRANT,(Lab) Ramsay MILNE,skipped,skipped,skipped,skipped,skipped,skipped,skipped,3,9
676,(Lab) Ross GRANT,(Lab) Ramsay MILNE,skipped,skipped,skipped,skipped,skipped,skipped,skipped,3,9
677,(Lab) Ross GRANT,(Lab) Ramsay MILNE,skipped,skipped,skipped,skipped,skipped,skipped,skipped,3,9
678,(Lab) Ross GRANT,(Lab) Ramsay MILNE,skipped,skipped,skipped,skipped,skipped,skipped,skipped,3,9
679,(Lab) Ross GRANT,(Lab) Ramsay MILNE,skipped,skipped,skipped,skipped,skipped,skipped,skipped,3,9
680,(Lab) Ross GRANT,(Lab) Ramsay MILNE,skipped,skipped,skipped,skipped,skipped,skipped,skipped,3,9
681,(Lab) Ross GRANT,(Lab) Ramsay MILNE,skipped,skipped,skipped,skipped,skipped,skipped,skipped,3,9
682,(Lab) Ross GRANT,(Lab) Ramsay MILNE,skipped,skipped,skipped,skipped,skipped,skipped,skipped,3,9
683,(Lab) Ross GRANT,(Lab) Ramsay MILNE,skipped,skipped,skipped,skipped,skipped,skipped,skipped,3,9
684,(Lab) Ross GRANT,(Lab) Ramsay MILNE,skipped,skipped,skipped,skipped,skipped,skipped,skipped,3,9
685,(Lab) Ross GRANT,(Lab) Ramsay MILNE,skipped,skipped,skipped,skipped,skipped,skipped,skipped,3,9
686,(Lab) Ross GRANT,(Lab) Ramsay MILNE,skipped,skipped,skipped,skipped,skipped,skipped,skipped,3,9
687,(Lab) Ross GRANT,(Lab) Ramsay MILNE,skipped,skipped,skipped,skipped,skipped,skipped,skipped,3,9
688,(Lab) Ross GRANT,(Lab) Ramsay MILNE,skipped,skipped,skipped,skipped,skipped,skipped,skipped,3,9
689,(Lab) Ross GRANT,(Lab) Ramsay MILNE,skipped,skipped,skipped,skipped,skipped,skipped,skipped,3,9
690,(Lab) Ross GRANT,(Lab) Ramsay MILNE,skipped,skipped,skipped,skipped,skipped,skipped,skipped,3,9
691,(Lab) Ross GRANT,(Lab) Ramsay MILNE,skipped,skipped,skipped,skipped,skipped,skipped,skipped,3,9
692,(Lab) Ross GRANT,(Lab) Ramsay MILNE,skipped,skipped,skipped,skipped,skipped,skipped,skipped,3,9
693,(Lab) Ross GRANT,(Lab) Ramsay MILNE,skipped,skipped,skipped,skipped,skipped,skipped,skipped,3,9
694,(Lab) Ross GRANT,(Lab) Ramsay MILNE,skipped,skipped,skipped,skipped,skipped,skipped,skipped,3,9
695,(Lab) Ross GRANT,(Lab) Ramsay MILNE,skipped,skipped,skipped,skipped,skipped,skipped,skipped,3,9
696,(Lab) Ross GRANT,(Lab) Ramsay MILNE,skipped,skipped,skipped,skipped,skipped,skipped,skipped,3,9
697,(Lab) Ross GRANT,(Lab) Ramsay MILNE,skipped,skipped,skipped,skipped,skipped,skipped,skipped,3,9
698,(Lab) Ross GRANT,(Lab) Ramsay MILNE,skipped,skipped,skipped,skipped,skipped,skipped,skipped,3,9
699,(Lab) Ross GRANT,(Lab) Ramsay MILNE,skipped,skipped,skipped,skipped,skipped,skipped,skipped,3,9
700,(Lab) Ross GRANT,(Lab) Ramsay MILNE,skipped,skipped,skipped,skipped,skipped,skipped,skipped,3,9
701,(Lab) Ross GRANT,(Lab) Ramsay MILNE,skipped,skipped,skipped,skipped,skipped,skipped,skipped,3,9
702,(Lab) Ross GRANT,(Lab) Ramsay MILNE,skipped,skipped,skipped,skipped,skipped,skipped,skipped,3,9
703,(Lab) Ross GRANT,(Lab) Ramsay MILNE,skipped,skipped,skipped,skipped,skipped,skipped,skipped,3,9
704,(Lab) Ross GRANT,(Lab) Ramsay MILNE,skipped,skipped,skipped,skipped,skipped,skipped,skipped,3,9
705,(Lab) Ross GRANT,(Lab) Ramsay MILNE,skipped,skipped,skipped,skipped,skipped,skipped,skipped,3,9
706,(Lab) Ross GRANT,(Lab) Ramsay MILNE,skipped,skipped,skipped,skipped,skipped,skipped,skipped,3,9
707,(Lab) Ross GRANT,(Lab) Ramsay MILNE,skipped,skipped,skipped,skipped,skipped,skipped,skipped,3,9
708,(Lab) Ross GRANT,(Lab) Ramsay MILNE,skipped,skipped,skipped,skipped,skipped,skipped,skipped,3,9
709,(Lab) Ross GRANT,(Lab) Ramsay MILNE,skipped,skipped,skipped,skipped,skipped,skipped,skipped,3,9
710,(Lab) Ross GRANT,(Lab) Ramsay MILNE,skipped,skipped,skipped,skipped,skipped,skipped,skipped,3,9
711,(Lab) Ross GRANT,(Lab) Ramsay MILNE,skipped,skipped,skipped,skipped,skipped,skipped,skipped,3,9
712,(Lab) Ross GRANT,(Lab) Ramsay MILNE,skipped,skipped,skipped,skipped,skipped,skipped,skipped,3,9
713,(Lab) Ross GRANT,(Lab) Ramsay MILNE,skipped,skipped,skipped,skipped,skipped,skipped,skipped,3,9
714,(Lab) Ross GRANT,(Lab) Ramsay MILNE,skipped,skipped,skipped,skipped,skipped,skipped,skipped,3,9
715,(Lab) Ross GRANT,(Lab) Ramsay MILNE,skipped,skipped,skipped,skipped,skipped,skipped,skipped,3,9
716,(Lab) Ross GRANT,(Lab) Ramsay MILNE,skipped,skipped,skipped,skipped,skipped,skipped,skipped,3,9
717,(Lab) Ross GRANT,(Lab) Ramsay MILNE,skipped,skipped,skipped,skipped,skipped,skipped,skipped,3,9
718,(Lab) Ross GRANT,(Lab) Ramsay MILNE,skipped,skipped,skipped,skipped,skipped,skipped,skipped,3,9
719,(Lab) Ross GRANT,(Lab) Ramsay MILNE,skipped,skipped,skipped,skipped,skipped,skipped,skipped,3,9
720,(Lab) Ross GRANT,(Lab) Ramsay MILNE,skipped,skipped,skipped,skipped,skipped,skipped,skipped,3,9
721,(Lab) Ross GRANT,(Lab) Ramsay MILNE,skipped,skipped,skipped,skipped,skipped,skipped,skipped,3,9
722,(Lab) Ross GRANT,(Lab) Ramsay MILNE,skipped,skipped,skipped,skipped,skipped,skipped,skipped,3,9
723,(Lab) Ross GRANT,(Lab) Ramsay MILNE,skipped,skipped,skipped,skipped,skipped,skipped,skipped,3,9
724,(Lab) Ross GRANT,(Lab) Ramsay MILNE,skipped,skipped,skipped,skipped,skipped,skipped,skipped,3,9
725,(Lab) Ross GRANT,(Lab) Ramsay MILNE,skipped,skipped,skipped,skipped,skipped,skipped,skipped,3,9
726,(Lab) Ross GRANT,(Lab) Ramsay MILNE,skipped,skipped,skipped,skipped,skipped,skipped,skipped,3,9
727,(Lab) Ross GRANT,(Lab) Ramsay MILNE,skipped,skipped,skipped,skipped,skipped,skipped,skipped,3,9
728,(Lab) Ross GRANT,(Lab) Ramsay MILNE,skipped,skipped,skipped,skipped,skipped,skipped,skipped,3,9
729,(Lab) Ross GRANT,(Lab) Ramsay MILNE,skipped,skipped,skipped,skipped,skipped,skipped,skipped,3,9
730,(Lab) Ross GRANT,(Lab) Ramsay MILNE,skipped,skipped,skipped,skipped,skipped,skipped,skipped,3,9
731,(Lab) Ross GRANT,(Lab) Ramsay MILNE,skipped,skipped,skipped,skipped,skipped,skipped,skipped,3,9
732,(Lab) Ross GRANT,(Lab) Ramsay MILNE,skipped,skipped,skipped,skipped,skipped,skipped,skipped,3,9
733,(Lab) Ross GRANT,(Lab) Ramsay MILNE,skipped,skipped,skipped,skipped,skipped,skipped,skipped,3,9
734,(Lab) Ross GRANT,(Lab) Ramsay MILNE,skipped,skipped,skipped,skipped,skipped,skipped,skipped,3,9
735,(Lab) Ross GRANT,(Lab) Ramsay MILNE,skipped,skipped,skipped,skipped,skipped,skipped,skipped,3,9
736,(Lab) Ross GRANT,(Lab) Ramsay MILNE,skipped,skipped,skipped,skipped,skipped,skipped,skipped,3,9
737,(Lab) Ross GRANT,(Lab) Ramsay MILNE,skipped,skipped,skipped,skipped,skipped,skipped,skipped,3,9
738,(Lab) Ross GRANT,(Lab) Ramsay MILNE,skipped,skipped,skipped,skipped,skipped,skipped,skipped,3,9
739,(Lab) Ross GRANT,(Lab) Ramsay MILNE,skipped,skipped,skipped,skipped,skipped,skipped,skipped,3,9
740,(Lab) Ross GRANT,(Lab) Ramsay MILNE,skipped,skipped,skipped,skipped,skipped,skipped,skipped,3,9
741,(Lab) Ross GRANT,(Lab) Ramsay MILNE,skipped,skipped,skipped,skipped,skipped,skipped,skipped,3,9
742,(Lab) Ross GRANT,(Lab) Ramsay MILNE,skipped,skipped,skipped,skipped,skipped,skipped,skipped,3,9
743,(Lab) Ross GRANT,(Lab) Ramsay MILNE,skipped,skipped,skipped,skipped,skipped,skipped,skipped,3,9
744,(Lab) Ross GRANT,(Lab) Ramsay MILNE,skipped,skipped,skipped,skipped,skipped,skipped,skipped,3,9
745,(Lab) Ross GRANT,(Lab) Ramsay MILNE,skipped,skipped,skipped,skipped,skipped,skipped,skipped,3,9
746,(Lab) Ross GRANT,(Lab) Ramsay MILNE,skipped,skipped,skipped,skipped,skipped,skipped,skipped,3,9
747,(Lab) Ross GRANT,(Lab) Ramsay MILNE,skipped,skipped,skipped,skipped,skipped,skipped,skipped,3,9
748,(Lab) Ross GRANT,(Lab) Ramsay MILNE,skipped,skipped,skipped,skipped,skipped,skipped,skipped,3,9
749,(Lab) Ross GRANT,(Lab) Ramsay MILNE,skipped,skipped,skipped,skipped,skipped,skipped,skipped,3,9
750,(Lab) Ross GRANT,(Lab) Ramsay MILNE,skipped,skipped,skipped,skipped,skipped,skipped,skipped,3,9
751,(Lab) Ross GRANT,(Lab) Ramsay MILNE,skipped,skipped,skipped,skipped,skipped,skipped,skipped,3,9
752,(Lab) Ross GRANT,(Lab) Ramsay MILNE,skipped,skipped,skipped,skipped,skipped,skipped,skipped,3,9
753,(Lab) Ross GRANT,(Lab) Ramsay MILNE,skipped,skipped,skipped,skipped,skipped,skipped,skipped,3,9
754,(Lab) Ross GRANT,(Lab) Ramsay MILNE,skipped,skipped,skipped,skipped,skipped,skipped,skipped,3,9
755,(Lab) Ross GRANT,(Lab) Ramsay MILNE,skipped,skipped,skipped,skipped,skipped,skipped,skipped,3,9
756,(Lab) Ross GRANT,(Lab) Ramsay MILNE,skipped,skipped,skipped,skipped,skipped,skipped,skipped,3,9
757,(Lab) Ross GRANT,(Lab) Ramsay MILNE,skipped,skipped,skipped,skipped,skipped,skipped,skipped,3,9
758,(Lab) Ross GRANT,(Lab) Ramsay MILNE,skipped,skipped,skipped,skipped,skipped,skipped,skipped,3,9
759,(Lab) Ross GRANT,(Lab) Ramsay MILNE,skipped,skipped,skipped,skipped,skipped,skipped,skipped,3,9
760,(Lab) Ross GRANT,(Lab) Ramsay MILNE,skipped,skipped,skipped,skipped,skipped,skipped,skipped,3,9
761,(Lab) Ross GRANT,(Lab) Ramsay MILNE,skipped,skipped,skipped,skipped,skipped,skipped,skipped,3,9
762,(Lab) Ross GRANT,(Lab) Ramsay MILNE,skipped,skipped,skipped,skipped,skipped,skipped,skipped,3,9
763,(Lab) Ross GRANT,(Lab) Ramsay MILNE,skipped,skipped,skipped,skipped,skipped,skipped,skipped,3,9
764,(Lab) Ross GRANT,(Lab) Ramsay MILNE,skipped,skipped,skipped,skipped,skipped,skipped,skipped,3,9
765,(Lab) Ross GRANT,(Lab) Ramsay MILNE,skipped,skipped,skipped,skipped,skipped,skipped,skipped,3,9
766,(Lab) Ross GRANT,(Lab) Ramsay MILNE,skipped,skipped,skipped,skipped,skipped,skipped,skipped,3,9
767,(Lab) Ross GRANT,(Lab) Ramsay MILNE,skipped,skipped,skipped,skipped,skipped,skipped,skipped,3,9
768,(Lab) Ross GRANT,(Lab) Ramsay MILNE,skipped,skipped,skipped,skipped,skipped,skipped,skipped,3,9
769,(Lab) Ross GRANT,(Lab) Ramsay MILNE,skipped,skipped,skipped,skipped,skipped,skipped,skipped,3,9
770,(Lab) Ross GRANT,(Lab) Ramsay MILNE,skipped,skipped,skipped,skipped,skipped,skipped,skipped,3,9
771,(Lab) Ross GRANT,(Lab) Ramsay MILNE,skipped,skipped,skipped,skipped,skipped,skipped,skipped,3,9
772,(Lab) Ross GRANT,(Lab) Ramsay MILNE,skipped,skipped,skipped,skipped,skipped,skipped,skipped,3,9
773,(Lab) Ross GRANT,(Lab) Ramsay MILNE,skipped,skipped,skipped,skipped,skipped,skipped,skipped,3,9
774,(Lab) Ross GRANT,(Lab) Ramsay MILNE,skipped,skipped,skipped,skipped,skipped,skipped,skipped,3,9
775,(Lab) Ross GRANT,(Lab) Ramsay MILNE,skipped,skipped,skipped,skipped,skipped,skipped,skipped,3,9
776,(Lab) Ross GRANT,(Lab) Ramsay MILNE,skipped,skipped,skipped,skipped,skipped,skipped,skipped,3,9
777,(Lab) Ross GRANT,(Lab) Ramsay MILNE,skipped,skipped,skipped,skipped,skipped,skipped,skipped,3,9
778,(Lab) Ross GRANT,(Lab) Ramsay MILNE,skipped,skipped,skipped,skipped,skipped,skipped,skipped,3,9
779,(Lab) Ross GRANT,(Lab) Ramsay MILNE,skipped,skipped,skipped,skipped,skipped,skipped,skipped,3,9
780,(Lab) Ross GRANT,(Lab) Ramsay MILNE,skipped,skipped,skipped,skipped,skipped,skipped,skipped,3,9
781,(Lab) Ross GRANT,(Lab) Ramsay MILNE,skipped,skipped,skipped,skipped,skipped,skipped,skipped,3,9
782,(Lab) Ross GRANT,(Lab) Ramsay MILNE,skipped,skipped,skipped,skipped,skipped,skipped,skipped,3,9
783,(Lab) Ross GRANT,(Lab) Ramsay MILNE,skipped,skipped,skipped,skipped,skipped,skipped,skipped,3,9
784,(Lab) Ross GRANT,(Lab) Ramsay MILNE,skipped,skipped,skipped,skipped,skipped,skipped,skipped,3,9
785,(Lab) Ross GRANT,(Lab) Ramsay MILNE,skipped,skipped,skipped,skipped,skipped,skipped,skipped,3,9
786,(Lab) Ross GRANT,(Lab) Ramsay MILNE,skipped,skipped,skipped,skipped,skipped,skipped,skipped,3,9
787,(Lab) Ross GRANT,(Lab) Ramsay MILNE,skipped,skipped,skipped,skipped,skipped,skipped,skipped,3,9
788,(Lab) Ross GRANT,(Lab) Ramsay MILNE,skipped,skipped,skipped,skipped,skipped,skipped,skipped,3,9
789,(Lab) Ross GRANT,(Lab) Ramsay MILNE,skipped,skipped,skipped,skipped,skipped,skipped,skipped,3,9
790,(Lab) Ross GRANT,(Lab) Ramsay MILNE,skipped,skipped,skipped,skipped,skipped,skipped,skipped,3,9
791,(Lab) Ross GRANT,(Lab) Ramsay MILNE,skipped,skipped,skipped,skipped,skipped,skipped,skipped,3,9
792,(Lab) Ross GRANT,(Lab) Ramsay MILNE,skipped,skipped,skipped,skipped,skipped,skipped,skipped,3,9
793,(Lab) Ross GRANT,(Lab) Ramsay MILNE,skipped,skipped,skipped,skipped,skipped,skipped,skipped,3,9
794,(Lab) Ross GRANT,(Lab) Ramsay MILNE,(Ind) Norman COLLIE,skipped,skipped,skipped,skipped,skipped,skipped,3,9
795,(Lab) Ross GRANT,(Lab) Ramsay MILNE,(Ind) Norman COLLIE,skipped,skipped,skipped,skipped,skipped,skipped,3,9
796,(Lab) Ross GRANT,(Lab) Ramsay MILNE,(Ind) Norman COLLIE,skipped,skipped,skipped,skipped,skipped,skipped,3,9
797,(Lab) Ross GRANT,(Lab) Ramsay MILNE,(Ind) Norman COLLIE,skipped,skipped,skipped,skipped,skipped,skipped,3,9
798,(Lab) Ross GRANT,(Lab) Ramsay MILNE,(Ind) Norman COLLIE,skipped,skipped,skipped,skipped,skipped,skipped,3,9
799,(Lab) Ross GRANT,(Lab) Ramsay MILNE,(Ind) Norman COLLIE,skipped,skipped,skipped,skipped,skipped,skipped,3,9
800,(Lab) Ross GRANT,(Lab) Ramsay MILNE,(Ind) Norman COLLIE,skipped,skipped,skipped,skipped,skipped,skipped,3,9
801,(Lab) Ross GRANT,(Lab) Ramsay MILNE,(Ind) Norman COLLIE,skipped,skipped,skipped,skipped,skipped,skipped,3,9
802,(Lab) Ross GRANT,(Lab) Ramsay MILNE,(Ind) Norman COLLIE,skipped,skipped,skipped,skipped,skipped,skipped,3,9
803,(Lab) Ross GRANT,(Lab) Ramsay MILNE,(Ind) Norman COLLIE,skipped,skipped,skipped,skipped,skipped,skipped,3,9
804,(Lab) Ross GRANT,(Lab) Ramsay MILNE,(Ind) Norman COLLIE,skipped,skipped,skipped,skipped,skipped,skipped,3,9
805,(Lab) Ross GRANT,(Lab) Ramsay MILNE,(Ind) Norman COLLIE,skipped,skipped,skipped,skipped,skipped,skipped,3,9
806,(Lab) Ross GRANT,(Lab) Ramsay MILNE,(Ind) Norman COLLIE,skipped,skipped,skipped,skipped,skipped,skipped,3,9
807,(Lab) Ross GRANT,(Lab) Ramsay MILNE,(Ind) Norman COLLIE,skipped,skipped,skipped,skipped,skipped,skipped,3,9
808,(Lab) Ross GRANT,(Lab) Ramsay MILNE,(Ind) Norman COLLIE,skipped,skipped,skipped,skipped,skipped,skipped,3,9
809,(Lab) Ross GRANT,(Lab) Ramsay MILNE,(Ind) Norman COLLIE,skipped,skipped,skipped,skipped,skipped,skipped,3,9
810,(Lab) Ross GRANT,(Lab) Ramsay MILNE,(Ind) Norman COLLIE,skipped,skipped,skipped,skipped,skipped,skipped,3,9
811,(Lab) Ross GRANT,(Lab) Ramsay MILNE,(Ind) Norman COLLIE,skipped,skipped,skipped,skipped,skipped,skipped,3,9
812,(Lab) Ross GRANT,(Lab) Ramsay MILNE,(Ind) Norman COLLIE,skipped,skipped,skipped,skipped,skipped,skipped,3,9
813,(Lab) Ross GRANT,(Lab) Ramsay MILNE,(Ind) Norman COLLIE,skipped,skipped,skipped,skipped,skipped,skipped,3,9
814,(Lab) Ross GRANT,(Lab) Ramsay MILNE,(Ind) Norman COLLIE,skipped,skipped,skipped,skipped,skipped,skipped,3,9
815,(Lab) Ross GRANT,(Lab) Ramsay MILNE,(Ind) Norman COLLIE,skipped,skipped,skipped,skipped,skipped,skipped,3,9
816,(Lab) Ross GRANT,(Lab) Ramsay MILNE,(Ind) Norman COLLIE,skipped,skipped,skipped,skipped,skipped,skipped,3,9
817,(Lab) Ross GRANT,(Lab) Ramsay MILNE,(Ind) Norman COLLIE,skipped,skipped,skipped,skipped,skipped,skipped,3,9
818,(Lab) Ross GRANT,(Lab) Ramsay MILNE,(Ind) Norman COLLIE,skipped,skipped,skipped,skipped,skipped,skipped,3,9
819,(Lab) Ross GRANT,(Lab) Ramsay MILNE,(Ind) Norman COLLIE,skipped,skipped,skipped,skipped,skipped,skipped,3,9
820,(Lab) Ross GRANT,(Lab) Ramsay MILNE,(Ind) Norman COLLIE,skipped,skipped,skipped,skipped,skipped,skipped,3,9
821,(Lab) Ross GRANT,(Lab) Ramsay MILNE,(Ind) Norman COLLIE,skipped,skipped,skipped,skipped,skipped,skipped,3,9
822,(Lab) Ross GRANT,(Lab) Ramsay MILNE,(Ind) Norman COLLIE,skipped,skipped,skipped,skipped,skipped,skipped,3,9
823,(Lab) Ross GRANT,(Lab) Ramsay MILNE,(Ind) Norman COLLIE,skipped,skipped,skipped,skipped,skipped,skipped,3,9
824,(Lab) Ross GRANT,(Lab) Ramsay MILNE,(Ind) Norman COLLIE,skipped,skipped,skipped,skipped,skipped,skipped,3,9
825,(Lab) Ross GRANT,(Lab) Ramsay MILNE,(Ind) Norman COLLIE,skipped,skipped,skipped,skipped,skipped,skipped,3,9
826,(Lab) Ross GRANT,(Lab) Ramsay MILNE,(Ind) Norman COLLIE,skipped,skipped,skipped,skipped,skipped,skipped,3,9
827,(Lab) Ross GRANT,(Lab) Ramsay MILNE,(Ind) Norman COLLIE,skipped,skipped,skipped,skipped,skipped,skipped,3,9
828,(Lab) Ross GRANT,(Lab) Ramsay MILNE,(Ind) Norman COLLIE,skipped,skipped,skipped,skipped,skipped,skipped,3,9
829,(Lab) Ross GRANT,(Lab) Ramsay MILNE,(Ind) Norman COLLIE,skipped,skipped,skipped,skipped,skipped,skipped,3,9
830,(Lab) Ross GRANT,(Lab) Ramsay MILNE,(Ind) Norman COLLIE,skipped,skipped,skipped,skipped,skipped,skipped,3,9
831,(Lab) Ross GRANT,(Lab) Ramsay MILNE,(Ind) Norman COLLIE,skipped,skipped,skipped,skipped,skipped,skipped,3,9
832,(Lab) Ross GRANT,(Lab) Ramsay MILNE,(Ind) Norman COLLIE,skipped,skipped,skipped,skipped,skipped,skipped,3,9
833,(Lab) Ross GRANT,(Lab) Ramsay MILNE,(Ind) Norman COLLIE,skipped,skipped,skipped,skipped,skipped,skipped,3,9
834,(Lab) Ross GRANT,(Lab) Ramsay MILNE,(Ind) Norman COLLIE,skipped,skipped,skipped,skipped,skipped,skipped,3,9
835,(Lab) Ross GRANT,(Lab) Ramsay MILNE,(Ind) Norman COLLIE,skipped,skipped,skipped,skipped,skipped,skipped,3,9
836,(Lab) Ross GRANT,(Lab) Ramsay MILNE,(Ind) Norman COLLIE,skipped,skipped,skipped,skipped,skipped,skipped,3,9
837,(Lab) Ross GRANT,(Lab) Ramsay MILNE,(Ind) Norman COLLIE,skipped,skipped,skipped,skipped,skipped,skipped,3,9
838,(Lab) Ross GRANT,(Lab) Ramsay MILNE,(Ind) Norman COLLIE,skipped,skipped,skipped,skipped,skipped,skipped,3,9
839,(Lab) Ross GRANT,(Lab) Ramsay MILNE,(Ind) Norman COLLIE,skipped,skipped,skipped,skipped,skipped,skipped,3,9
840,(Lab) Ross GRANT,(Lab) Ramsay MILNE,(Ind) Norman COLLIE,skipped,skipped,skipped,skipped,skipped,skipped,3,9
841,(Lab) Ross GRANT,(Lab) Ramsay MILNE,(Ind) Norman COLLIE,skipped,skipped,skipped,skipped,skipped,skipped,3,9
842,(Lab) Ross GRANT,(Lab) Ramsay MILNE,(Ind) Norman COLLIE,skipped,skipped,skipped,skipped,skipped,skipped,3,9
843,(Lab) Ross GRANT,(Lab) Ramsay MILNE,(Ind) Norman COLLIE,skipped,skipped,skipped,skipped,skipped,skipped,3,9
844,(Lab) Ross GRANT,(Lab) Ramsay MILNE,(Ind) Norman COLLIE,skipped,skipped,skipped,skipped,skipped,skipped,3,9
845,(Lab) Ross GRANT,(Lab) Ramsay MILNE,(Ind) Norman COLLIE,skipped,skipped,skipped,skipped,skipped,skipped,3,9
846,(Lab) Ross GRANT,(Lab) Ramsay MILNE,(Ind) Norman COLLIE,skipped,skipped,skipped,skipped,skipped,skipped,3,9
847,(Lab) Ross GRANT,(Lab) Ramsay MILNE,(Ind) Norman COLLIE,skipped,skipped,skipped,skipped,skipped,skipped,3,9
848,(Lab) Ross GRANT,(Lab) Ramsay MILNE,(Ind) Norman COLLIE,skipped,skipped,skipped,skipped,skipped,skipped,3,9
849,(Lab) Ross GRANT,(Lab) Ramsay MILNE,(Ind) Norman COLLIE,skipped,skipped,skipped,skipped,skipped,skipped,3,9
850,(Lab) Ross GRANT,(Lab) Ramsay MILNE,(Ind) Norman COLLIE,skipped,skipped,skipped,skipped,skipped,skipped,3,9
851,(Lab) Ross GRANT,(Lab) Ramsay MILNE,(Ind) Norman COLLIE,skipped,skipped,skipped,skipped,skipped,skipped,3,9
852,(Lab) Ross GRANT,(Lab) Ramsay MILNE,(Ind) Norman COLLIE,skipped,skipped,skipped,skipped,skipped,skipped,3,9
853,(Lab) Ross GRANT,(Lab) Ramsay MILNE,(Ind) Norman COLLIE,skipped,skipped,skipped,skipped,skipped,skipped,3,9
854,(Lab) Ross GRANT,(Lab) Ramsay MILNE,(Ind) Norman COLLIE,skipped,skipped,skipped,skipped,skipped,skipped,3,9
855,(Lab) Ross GRANT,(Lab) Ramsay MILNE,(Ind) Norman COLLIE,skipped,skipped,skipped,skipped,skipped,skipped,3,9
856,(Lab) Ross GRANT,(Lab) Ramsay MILNE,(Ind) Norman COLLIE,(Grn) Gina FORD,skipped,skipped,skipped,skipped,skipped,3,9
857,(Lab) Ross GRANT,(Lab) Ramsay MILNE,(Ind) Norman COLLIE,(Grn) Gina FORD,skipped,skipped,skipped,skipped,skipped,3,9
858,(Lab) Ross GRANT,(Lab) Ramsay MILNE,(Ind) Norman COLLIE,(Grn) Gina FORD,skipped,skipped,skipped,skipped,skipped,3,9
859,(Lab) Ross GRANT,(Lab) Ramsay MILNE,(Ind) Norman COLLIE,(Grn) Gina FORD,(LD) David GREEN,(Con) Daniel Stephen MCCROSKRIE,skipped,skipped,skipped,3,9
860,(Lab) Ross GRANT,(Lab) Ramsay MILNE,(Ind) Norman COLLIE,(Grn) Gina FORD,(LD) David GREEN,(Con) Daniel Stephen MCCROSKRIE,(SNP) Jim NOBLE,(SNP) Mike PARK,(NF) Mike PHILLIPS,3,9
861,(Lab) Ross GRANT,(Lab) Ramsay MILNE,(Ind) Norman COLLIE,(Grn) Gina FORD,(LD) David GREEN,(Con) Daniel Stephen MCCROSKRIE,(SNP) Jim NOBLE,(SNP) Mike PARK,(NF) Mike PHILLIPS,3,9
862,(Lab) Ross GRANT,(Lab) Ramsay MILNE,(Ind) Norman COLLIE,(Grn) Gina FORD,(LD) David GREEN,(Con) Daniel Stephen MCCROSKRIE,(SNP) Jim NOBLE,(SNP) Mike PARK,(NF) Mike PHILLIPS,3,9
863,(Lab) Ross GRANT,(Lab) Ramsay MILNE,(Ind) Norman COLLIE,(Grn) Gina FORD,(LD) David GREEN,(Con) Daniel Stephen MCCROSKRIE,(SNP) Jim NOBLE,(SNP) Mike PARK,(NF) Mike PHILLIPS,3,9
864,(Lab) Ross GRANT,(Lab) Ramsay MILNE,(Ind) Norman COLLIE,(Grn) Gina FORD,(LD) David GREEN,(Con) Daniel Stephen MCCROSKRIE,(SNP) Jim NOBLE,(SNP) Mike PARK,(NF) Mike PHILLIPS,3,9
865,(Lab) Ross GRANT,(Lab) Ramsay MILNE,(Ind) Norman COLLIE,(Grn) Gina FORD,(LD) David GREEN,(SNP) Jim NOBLE,(SNP) Mike PARK,(Con) Daniel Stephen MCCROSKRIE,(NF) Mike PHILLIPS,3,9
866,(Lab) Ross GRANT,(Lab) Ramsay MILNE,(Ind) Norman COLLIE,(Grn) Gina FORD,(LD) David GREEN,(SNP) Jim NOBLE,(SNP) Mike PARK,(Con) Daniel Stephen MCCROSKRIE,(NF) Mike PHILLIPS,3,9
867,(Lab) Ross GRANT,(Lab) Ramsay MILNE,(Ind) Norman COLLIE,(Grn) Gina FORD,(Con) Daniel Stephen MCCROSKRIE,(LD) David GREEN,(SNP) Jim NOBLE,(SNP) Mike PARK,(NF) Mike PHILLIPS,3,9
868,(Lab) Ross GRANT,(Lab) Ramsay MILNE,(Ind) Norman COLLIE,(Grn) Gina FORD,(SNP) Jim NOBLE,(SNP) Mike PARK,skipped,skipped,skipped,3,9
869,(Lab) Ross GRANT,(Lab) Ramsay MILNE,(Ind) Norman COLLIE,(Grn) Gina FORD,(SNP) Jim NOBLE,(SNP) Mike PARK,(LD) David GREEN,(Con) Daniel Stephen MCCROSKRIE,skipped,3,9
870,(Lab) Ross GRANT,(Lab) Ramsay MILNE,(Ind) Norman COLLIE,(Grn) Gina FORD,(NF) Mike PHILLIPS,(LD) David GREEN,(Con) Daniel Stephen MCCROSKRIE,(SNP) Jim NOBLE,(SNP) Mike PARK,3,9
871,(Lab) Ross GRANT,(Lab) Ramsay MILNE,(Ind) Norman COLLIE,(LD) David GREEN,skipped,skipped,skipped,skipped,skipped,3,9
872,(Lab) Ross GRANT,(Lab) Ramsay MILNE,(Ind) Norman COLLIE,(LD) David GREEN,(Grn) Gina FORD,(Con) Daniel Stephen MCCROSKRIE,(SNP) Jim NOBLE,(SNP) Mike PARK,skipped,3,9
873,(Lab) Ross GRANT,(Lab) Ramsay MILNE,(Ind) Norman COLLIE,(Con) Daniel Stephen MCCROSKRIE,(Grn) Gina FORD,(LD) David GREEN,(NF) Mike PHILLIPS,(SNP) Jim NOBLE,(SNP) Mike PARK,3,9
874,(Lab) Ross GRANT,(Lab) Ramsay MILNE,(Ind) Norman COLLIE,(Con) Daniel Stephen MCCROSKRIE,(LD) David GREEN,(Grn) Gina FORD,(NF) Mike PHILLIPS,(SNP) Jim NOBLE,(SNP) Mike PARK,3,9
875,(Lab) Ross GRANT,(Lab) Ramsay MILNE,(Ind) Norman COLLIE,(SNP) Jim NOBLE,skipped,skipped,skipped,skipped,skipped,3,9
876,(Lab) Ross GRANT,(Lab) Ramsay MILNE,(Ind) Norman COLLIE,(SNP) Jim NOBLE,(SNP) Mike PARK,(Grn) Gina FORD,(LD) David GREEN,(Con) Daniel Stephen MCCROSKRIE,(NF) Mike PHILLIPS,3,9
877,(Lab) Ross GRANT,(Lab) Ramsay MILNE,(Ind) Norman COLLIE,(SNP) Jim NOBLE,(SNP) Mike PARK,(Grn) Gina FORD,(NF) Mike PHILLIPS,(LD) David GREEN,(Con) Daniel Stephen MCCROSKRIE,3,9
878,(Lab) Ross GRANT,(Lab) Ramsay MILNE,(Ind) Norman COLLIE,(SNP) Jim NOBLE,(SNP) Mike PARK,(LD) David GREEN,skipped,skipped,skipped,3,9
879,(Lab) Ross GRANT,(Lab) Ramsay MILNE,(Ind) Norman COLLIE,(SNP) Mike PARK,(SNP) Jim NOBLE,(Grn) Gina FORD,skipped,skipped,skipped,3,9
880,(Lab) Ross GRANT,(Lab) Ramsay MILNE,(Ind) Norman COLLIE,(SNP) Mike PARK,(SNP) Jim NOBLE,(LD) David GREEN,(Grn) Gina FORD,skipped,skipped,3,9
881,(Lab) Ross GRANT,(Lab) Ramsay MILNE,(Grn) Gina FORD,skipped,skipped,skipped,skipped,skipped,skipped,3,9
882,(Lab) Ross GRANT,(Lab) Ramsay MILNE,(Grn) Gina FORD,skipped,skipped,skipped,skipped,skipped,skipped,3,9
883,(Lab) Ross GRANT,(Lab) Ramsay MILNE,(Grn) Gina FORD,skipped,skipped,skipped,skipped,skipped,skipped,3,9
884,(Lab) Ross GRANT,(Lab) Ramsay MILNE,(Grn) Gina FORD,skipped,skipped,skipped,skipped,skipped,skipped,3,9
885,(Lab) Ross GRANT,(Lab) Ramsay MILNE,(Grn) Gina FORD,skipped,skipped,skipped,skipped,skipped,skipped,3,9
886,(Lab) Ross GRANT,(Lab) Ramsay MILNE,(Grn) Gina FORD,skipped,skipped,skipped,skipped,skipped,skipped,3,9
887,(Lab) Ross GRANT,(Lab) Ramsay MILNE,(Grn) Gina FORD,skipped,skipped,skipped,skipped,skipped,skipped,3,9
888,(Lab) Ross GRANT,(Lab) Ramsay MILNE,(Grn) Gina FORD,skipped,skipped,skipped,skipped,skipped,skipped,3,9
889,(Lab) Ross GRANT,(Lab) Ramsay MILNE,(Grn) Gina FORD,skipped,skipped,skipped,skipped,skipped,skipped,3,9
890,(Lab) Ross GRANT,(Lab) Ramsay MILNE,(Grn) Gina FORD,skipped,skipped,skipped,skipped,skipped,skipped,3,9
891,(Lab) Ross GRANT,(Lab) Ramsay MILNE,(Grn) Gina FORD,skipped,skipped,skipped,skipped,skipped,skipped,3,9
892,(Lab) Ross GRANT,(Lab) Ramsay MILNE,(Grn) Gina FORD,skipped,skipped,skipped,skipped,skipped,skipped,3,9
893,(Lab) Ross GRANT,(Lab) Ramsay MILNE,(Grn) Gina FORD,skipped,skipped,skipped,skipped,skipped,skipped,3,9
894,(Lab) Ross GRANT,(Lab) Ramsay MILNE,(Grn) Gina FORD,skipped,skipped,skipped,skipped,skipped,skipped,3,9
895,(Lab) Ross GRANT,(Lab) Ramsay MILNE,(Grn) Gina FORD,skipped,skipped,skipped,skipped,skipped,skipped,3,9
896,(Lab) Ross GRANT,(Lab) Ramsay MILNE,(Grn) Gina FORD,skipped,skipped,skipped,skipped,skipped,skipped,3,9
897,(Lab) Ross GRANT,(Lab) Ramsay MILNE,(Grn) Gina FORD,skipped,skipped,skipped,skipped,skipped,skipped,3,9
898,(Lab) Ross GRANT,(Lab) Ramsay MILNE,(Grn) Gina FORD,skipped,skipped,skipped,skipped,skipped,skipped,3,9
899,(Lab) Ross GRANT,(Lab) Ramsay MILNE,(Grn) Gina FORD,skipped,skipped,skipped,skipped,skipped,skipped,3,9
900,(Lab) Ross GRANT,(Lab) Ramsay MILNE,(Grn) Gina FORD,skipped,skipped,skipped,skipped,skipped,skipped,3,9
901,(Lab) Ross GRANT,(Lab) Ramsay MILNE,(Grn) Gina FORD,skipped,skipped,skipped,skipped,skipped,skipped,3,9
902,(Lab) Ross GRANT,(Lab) Ramsay MILNE,(Grn) Gina FORD,skipped,skipped,skipped,skipped,skipped,skipped,3,9
903,(Lab) Ross GRANT,(Lab) Ramsay MILNE,(Grn) Gina FORD,skipped,skipped,skipped,skipped,skipped,skipped,3,9
904,(Lab) Ross GRANT,(Lab) Ramsay MILNE,(Grn) Gina FORD,skipped,skipped,skipped,skipped,skipped,skipped,3,9
905,(Lab) Ross GRANT,(Lab) Ramsay MILNE,(Grn) Gina FORD,skipped,skipped,skipped,skipped,skipped,skipped,3,9
906,(Lab) Ross GRANT,(Lab) Ramsay MILNE,(Grn) Gina FORD,skipped,skipped,skipped,skipped,skipped,skipped,3,9
907,(Lab) Ross GRANT,(Lab) Ramsay MILNE,(Grn) Gina FORD,skipped,skipped,skipped,skipped,skipped,skipped,3,9
908,(Lab) Ross GRANT,(Lab) Ramsay MILNE,(Grn) Gina FORD,skipped,skipped,skipped,skipped,skipped,skipped,3,9
909,(Lab) Ross GRANT,(Lab) Ramsay MILNE,(Grn) Gina FORD,skipped,skipped,skipped,skipped,skipped,skipped,3,9
910,(Lab) Ross GRANT,(Lab) Ramsay MILNE,(Grn) Gina FORD,skipped,skipped,skipped,skipped,skipped,skipped,3,9
911,(Lab) Ross GRANT,(Lab) Ramsay MILNE,(Grn) Gina FORD,skipped,skipped,skipped,skipped,skipped,skipped,3,9
912,(Lab) Ross GRANT,(Lab) Ramsay MILNE,(Grn) Gina FORD,skipped,skipped,skipped,skipped,skipped,skipped,3,9
913,(Lab) Ross GRANT,(Lab) Ramsay MILNE,(Grn) Gina FORD,skipped,skipped,skipped,skipped,skipped,skipped,3,9
914,(Lab) Ross GRANT,(Lab) Ramsay MILNE,(Grn) Gina FORD,skipped,skipped,skipped,skipped,skipped,skipped,3,9
915,(Lab) Ross GRANT,(Lab) Ramsay MILNE,(Grn) Gina FORD,skipped,skipped,skipped,skipped,skipped,skipped,3,9
916,(Lab) Ross GRANT,(Lab) Ramsay MILNE,(Grn) Gina FORD,skipped,skipped,skipped,skipped,skipped,skipped,3,9
917,(Lab) Ross GRANT,(Lab) Ramsay MILNE,(Grn) Gina FORD,skipped,skipped,skipped,skipped,skipped,skipped,3,9
918,(Lab) Ross GRANT,(Lab) Ramsay MILNE,(Grn) Gina FORD,skipped,skipped,skipped,skipped,skipped,skipped,3,9
919,(Lab) Ross GRANT,(Lab) Ramsay MILNE,(Grn) Gina FORD,skipped,skipped,skipped,skipped,skipped,skipped,3,9
920,(Lab) Ross GRANT,(Lab) Ramsay MILNE,(Grn) Gina FORD,skipped,skipped,skipped,skipped,skipped,skipped,3,9
921,(Lab) Ross GRANT,(Lab) Ramsay MILNE,(Grn) Gina FORD,skipped,skipped,skipped,skipped,skipped,skipped,3,9
922,(Lab) Ross GRANT,(Lab) Ramsay MILNE,(Grn) Gina FORD,skipped,skipped,skipped,skipped,skipped,skipped,3,9
923,(Lab) Ross GRANT,(Lab) Ramsay MILNE,(Grn) Gina FORD,skipped,skipped,skipped,skipped,skipped,skipped,3,9
924,(Lab) Ross GRANT,(Lab) Ramsay MILNE,(Grn) Gina FORD,skipped,skipped,skipped,skipped,skipped,skipped,3,9
925,(Lab) Ross GRANT,(Lab) Ramsay MILNE,(Grn) Gina FORD,skipped,skipped,skipped,skipped,skipped,skipped,3,9
926,(Lab) Ross GRANT,(Lab) Ramsay MILNE,(Grn) Gina FORD,skipped,skipped,skipped,skipped,skipped,skipped,3,9
927,(Lab) Ross GRANT,(Lab) Ramsay MILNE,(Grn) Gina FORD,skipped,skipped,skipped,skipped,skipped,skipped,3,9
928,(Lab) Ross GRANT,(Lab) Ramsay MILNE,(Grn) Gina FORD,skipped,skipped,skipped,skipped,skipped,skipped,3,9
929,(Lab) Ross GRANT,(Lab) Ramsay MILNE,(Grn) Gina FORD,skipped,skipped,skipped,skipped,skipped,skipped,3,9
930,(Lab) Ross GRANT,(Lab) Ramsay MILNE,(Grn) Gina FORD,skipped,skipped,skipped,skipped,skipped,skipped,3,9
931,(Lab) Ross GRANT,(Lab) Ramsay MILNE,(Grn) Gina FORD,skipped,skipped,skipped,skipped,skipped,skipped,3,9
932,(Lab) Ross GRANT,(Lab) Ramsay MILNE,(Grn) Gina FORD,skipped,skipped,skipped,skipped,skipped,skipped,3,9
933,(Lab) Ross GRANT,(Lab) Ramsay MILNE,(Grn) Gina FORD,skipped,skipped,skipped,skipped,skipped,skipped,3,9
934,(Lab) Ross GRANT,(Lab) Ramsay MILNE,(Grn) Gina FORD,skipped,skipped,skipped,skipped,skipped,skipped,3,9
935,(Lab) Ross GRANT,(Lab) Ramsay MILNE,(Grn) Gina FORD,skipped,skipped,skipped,skipped,skipped,skipped,3,9
936,(Lab) Ross GRANT,(Lab) Ramsay MILNE,(Grn) Gina FORD,skipped,skipped,skipped,skipped,skipped,skipped,3,9
937,(Lab) Ross GRANT,(Lab) Ramsay MILNE,(Grn) Gina FORD,skipped,skipped,skipped,skipped,skipped,skipped,3,9
938,(Lab) Ross GRANT,(Lab) Ramsay MILNE,(Grn) Gina FORD,skipped,skipped,skipped,skipped,skipped,skipped,3,9
939,(Lab) Ross GRANT,(Lab) Ramsay MILNE,(Grn) Gina FORD,skipped,skipped,skipped,skipped,skipped,skipped,3,9
940,(Lab) Ross GRANT,(Lab) Ramsay MILNE,(Grn) Gina FORD,skipped,skipped,skipped,skipped,skipped,skipped,3,9
941,(Lab) Ross GRANT,(Lab) Ramsay MILNE,(Grn) Gina FORD,skipped,skipped,skipped,skipped,skipped,skipped,3,9
942,(Lab) Ross GRANT,(Lab) Ramsay MILNE,(Grn) Gina FORD,skipped,skipped,skipped,skipped,skipped,skipped,3,9
943,(Lab) Ross GRANT,(Lab) Ramsay MILNE,(Grn) Gina FORD,skipped,skipped,skipped,skipped,skipped,skipped,3,9
944,(Lab) Ross GRANT,(Lab) Ramsay MILNE,(Grn) Gina FORD,skipped,skipped,skipped,skipped,skipped,skipped,3,9
945,(Lab) Ross GRANT,(Lab) Ramsay MILNE,(Grn) Gina FORD,(Ind) Norman COLLIE,skipped,skipped,skipped,skipped,skipped,3,9
946,(Lab) Ross GRANT,(Lab) Ramsay MILNE,(Grn) Gina FORD,(Ind) Norman COLLIE,skipped,skipped,skipped,skipped,skipped,3,9
947,(Lab) Ross GRANT,(Lab) Ramsay MILNE,(Grn) Gina FORD,(Ind) Norman COLLIE,skipped,skipped,skipped,skipped,skipped,3,9
948,(Lab) Ross GRANT,(Lab) Ramsay MILNE,(Grn) Gina FORD,(Ind) Norman COLLIE,skipped,skipped,skipped,skipped,skipped,3,9
949,(Lab) Ross GRANT,(Lab) Ramsay MILNE,(Grn) Gina FORD,(Ind) Norman COLLIE,skipped,skipped,skipped,skipped,skipped,3,9
950,(Lab) Ross GRANT,(Lab) Ramsay MILNE,(Grn) Gina FORD,(Ind) Norman COLLIE,skipped,skipped,skipped,skipped,skipped,3,9
951,(Lab) Ross GRANT,(Lab) Ramsay MILNE,(Grn) Gina FORD,(Ind) Norman COLLIE,skipped,skipped,skipped,skipped,skipped,3,9
952,(Lab) Ross GRANT,(Lab) Ramsay MILNE,(Grn) Gina FORD,(Ind) Norman COLLIE,(LD) David GREEN,skipped,skipped,skipped,skipped,3,9
953,(Lab) Ross GRANT,(Lab) Ramsay MILNE,(Grn) Gina FORD,(Ind) Norman COLLIE,(LD) David GREEN,(Con) Daniel Stephen MCCROSKRIE,skipped,skipped,skipped,3,9
954,(Lab) Ross GRANT,(Lab) Ramsay MILNE,(Grn) Gina FORD,(Ind) Norman COLLIE,(LD) David GREEN,(SNP) Jim NOBLE,(SNP) Mike PARK,(Con) Daniel Stephen MCCROSKRIE,(NF) Mike PHILLIPS,3,9
955,(Lab) Ross GRANT,(Lab) Ramsay MILNE,(Grn) Gina FORD,(Ind) Norman COLLIE,(LD) David GREEN,(SNP) Jim NOBLE,(SNP) Mike PARK,(NF) Mike PHILLIPS,(Con) Daniel Stephen MCCROSKRIE,3,9
956,(Lab) Ross GRANT,(Lab) Ramsay MILNE,(Grn) Gina FORD,(Ind) Norman COLLIE,(SNP) Jim NOBLE,(SNP) Mike PARK,(LD) David GREEN,(Con) Daniel Stephen MCCROSKRIE,skipped,3,9
957,(Lab) Ross GRANT,(Lab) Ramsay MILNE,(Grn) Gina FORD,(Ind) Norman COLLIE,(SNP) Jim NOBLE,(SNP) Mike PARK,(LD) David GREEN,(Con) Daniel Stephen MCCROSKRIE,(NF) Mike PHILLIPS,3,9
958,(Lab) Ross GRANT,(Lab) Ramsay MILNE,(Grn) Gina FORD,(LD) David GREEN,skipped,skipped,skipped,skipped,skipped,3,9
959,(Lab) Ross GRANT,(Lab) Ramsay MILNE,(Grn) Gina FORD,(LD) David GREEN,skipped,skipped,skipped,skipped,skipped,3,9
960,(Lab) Ross GRANT,(Lab) Ramsay MILNE,(Grn) Gina FORD,(LD) David GREEN,skipped,skipped,skipped,skipped,skipped,3,9
961,(Lab) Ross GRANT,(Lab) Ramsay MILNE,(Grn) Gina FORD,(LD) David GREEN,skipped,skipped,skipped,skipped,skipped,3,9
962,(Lab) Ross GRANT,(Lab) Ramsay MILNE,(Grn) Gina FORD,(LD) David GREEN,(Ind) Norman COLLIE,skipped,skipped,skipped,skipped,3,9
963,(Lab) Ross GRANT,(Lab) Ramsay MILNE,(Grn) Gina FORD,(LD) David GREEN,(Ind) Norman COLLIE,(Con) Daniel Stephen MCCROSKRIE,(NF) Mike PHILLIPS,(SNP) Mike PARK,(SNP) Jim NOBLE,3,9
964,(Lab) Ross GRANT,(Lab) Ramsay MILNE,(Grn) Gina FORD,(Con) Daniel Stephen MCCROSKRIE,(LD) David GREEN,(Ind) Norman COLLIE,(SNP) Jim NOBLE,(SNP) Mike PARK,(NF) Mike PHILLIPS,3,9
965,(Lab) Ross GRANT,(Lab) Ramsay MILNE,(Grn) Gina FORD,(SNP) Jim NOBLE,(SNP) Mike PARK,skipped,skipped,skipped,skipped,3,9
966,(Lab) Ross GRANT,(Lab) Ramsay MILNE,(Grn) Gina FORD,(SNP) Jim NOBLE,(SNP) Mike PARK,skipped,skipped,skipped,skipped,3,9
967,(Lab) Ross GRANT,(Lab) Ramsay MILNE,(Grn) Gina FORD,(SNP) Jim NOBLE,(SNP) Mike PARK,(Ind) Norman COLLIE,skipped,skipped,skipped,3,9
968,(Lab) Ross GRANT,(Lab) Ramsay MILNE,(Grn) Gina FORD,(SNP) Jim NOBLE,(SNP) Mike PARK,(LD) David GREEN,(Ind) Norman COLLIE,(Con) Daniel Stephen MCCROSKRIE,(NF) Mike PHILLIPS,3,9
969,(Lab) Ross GRANT,(Lab) Ramsay MILNE,(Grn) Gina FORD,(SNP) Jim NOBLE,(SNP) Mike PARK,(LD) David GREEN,(Con) Daniel Stephen MCCROSKRIE,(NF) Mike PHILLIPS,(Ind) Norman COLLIE,3,9
970,(Lab) Ross GRANT,(Lab) Ramsay MILNE,(LD) David GREEN,skipped,skipped,skipped,skipped,skipped,skipped,3,9
971,(Lab) Ross GRANT,(Lab) Ramsay MILNE,(LD) David GREEN,skipped,skipped,skipped,skipped,skipped,skipped,3,9
972,(Lab) Ross GRANT,(Lab) Ramsay MILNE,(LD) David GREEN,skipped,skipped,skipped,skipped,skipped,skipped,3,9
973,(Lab) Ross GRANT,(Lab) Ramsay MILNE,(LD) David GREEN,skipped,skipped,skipped,skipped,skipped,skipped,3,9
974,(Lab) Ross GRANT,(Lab) Ramsay MILNE,(LD) David GREEN,skipped,skipped,skipped,skipped,skipped,skipped,3,9
975,(Lab) Ross GRANT,(Lab) Ramsay MILNE,(LD) David GREEN,skipped,skipped,skipped,skipped,skipped,skipped,3,9
976,(Lab) Ross GRANT,(Lab) Ramsay MILNE,(LD) David GREEN,skipped,skipped,skipped,skipped,skipped,skipped,3,9
977,(Lab) Ross GRANT,(Lab) Ramsay MILNE,(LD) David GREEN,skipped,skipped,skipped,skipped,skipped,skipped,3,9
978,(Lab) Ross GRANT,(Lab) Ramsay MILNE,(LD) David GREEN,skipped,skipped,skipped,skipped,skipped,skipped,3,9
979,(Lab) Ross GRANT,(Lab) Ramsay MILNE,(LD) David GREEN,skipped,skipped,skipped,skipped,skipped,skipped,3,9
980,(Lab) Ross GRANT,(Lab) Ramsay MILNE,(LD) David GREEN,skipped,skipped,skipped,skipped,skipped,skipped,3,9
981,(Lab) Ross GRANT,(Lab) Ramsay MILNE,(LD) David GREEN,skipped,skipped,skipped,skipped,skipped,skipped,3,9
982,(Lab) Ross GRANT,(Lab) Ramsay MILNE,(LD) David GREEN,skipped,skipped,skipped,skipped,skipped,skipped,3,9
983,(Lab) Ross GRANT,(Lab) Ramsay MILNE,(LD) David GREEN,(Ind) Norman COLLIE,skipped,skipped,skipped,skipped,skipped,3,9
984,(Lab) Ross GRANT,(Lab) Ramsay MILNE,(LD) David GREEN,(Ind) Norman COLLIE,skipped,skipped,skipped,skipped,skipped,3,9
985,(Lab) Ross GRANT,(Lab) Ramsay MILNE,(LD) David GREEN,(Ind) Norman COLLIE,skipped,skipped,skipped,skipped,skipped,3,9
986,(Lab) Ross GRANT,(Lab) Ramsay MILNE,(LD) David GREEN,(Ind) Norman COLLIE,(Grn) Gina FORD,(Con) Daniel Stephen MCCROSKRIE,(NF) Mike PHILLIPS,(SNP) Mike PARK,(SNP) Jim NOBLE,3,9
987,(Lab) Ross GRANT,(Lab) Ramsay MILNE,(LD) David GREEN,(Grn) Gina FORD,skipped,skipped,skipped,skipped,skipped,3,9
988,(Lab) Ross GRANT,(Lab) Ramsay MILNE,(LD) David GREEN,(Grn) Gina FORD,skipped,skipped,skipped,skipped,skipped,3,9
989,(Lab) Ross GRANT,(Lab) Ramsay MILNE,(LD) David GREEN,(Grn) Gina FORD,(Ind) Norman COLLIE,skipped,skipped,skipped,skipped,3,9
990,(Lab) Ross GRANT,(Lab) Ramsay MILNE,(LD) David GREEN,(Grn) Gina FORD,(Ind) Norman COLLIE,(SNP) Jim NOBLE,(SNP) Mike PARK,(Con) Daniel Stephen MCCROSKRIE,(NF) Mike PHILLIPS,3,9
991,(Lab) Ross GRANT,(Lab) Ramsay MILNE,(LD) David GREEN,(Grn) Gina FORD,(SNP) Jim NOBLE,(SNP) Mike PARK,(Ind) Norman COLLIE,(Con) Daniel Stephen MCCROSKRIE,skipped,3,9
992,(Lab) Ross GRANT,(Lab) Ramsay MILNE,(LD) David GREEN,(Con) Daniel Stephen MCCROSKRIE,skipped,skipped,skipped,skipped,skipped,3,9
993,(Lab) Ross GRANT,(Lab) Ramsay MILNE,(LD) David GREEN,(Con) Daniel Stephen MCCROSKRIE,skipped,skipped,skipped,skipped,skipped,3,9
994,(Lab) Ross GRANT,(Lab) Ramsay MILNE,(LD) David GREEN,(Con) Daniel Stephen MCCROSKRIE,(Grn) Gina FORD,(Ind) Norman COLLIE,skipped,skipped,skipped,3,9
995,(Lab) Ross GRANT,(Lab) Ramsay MILNE,(LD) David GREEN,(Con) Daniel Stephen MCCROSKRIE,(Grn) Gina FORD,(Ind) Norman COLLIE,(SNP) Jim NOBLE,(SNP) Mike PARK,(NF) Mike PHILLIPS,3,9
996,(Lab) Ross GRANT,(Lab) Ramsay MILNE,(LD) David GREEN,(Con) Daniel Stephen MCCROSKRIE,(Grn) Gina FORD,(Ind) Norman COLLIE,(SNP) Jim NOBLE,(SNP) Mike PARK,(NF) Mike PHILLIPS,3,9
997,(Lab) Ross GRANT,(Lab) Ramsay MILNE,(LD) David GREEN,(SNP) Jim NOBLE,skipped,skipped,skipped,skipped,skipped,3,9
998,(Lab) Ross GRANT,(Lab) Ramsay MILNE,(LD) David GREEN,(SNP) Jim NOBLE,(SNP) Mike PARK,skipped,skipped,skipped,skipped,3,9
999,(Lab) Ross GRANT,(Lab) Ramsay MILNE,(LD) David GREEN,(SNP) Jim NOBLE,(SNP) Mike PARK,(Grn) Gina FORD,(Ind) Norman COLLIE,(Con) Daniel Stephen MCCROSKRIE,(NF) Mike PHILLIPS,3,9
1000,(Lab) Ross GRANT,(Lab) Ramsay MILNE,(LD) David GREEN,(SNP) Jim NOBLE,(SNP) Mike PARK,(Grn) Gina FORD,(Ind) Norman COLLIE,(Con) Daniel Stephen MCCROSKRIE,(NF) Mike PHILLIPS,3,9
1001,(Lab) Ross GRANT,(Lab) Ramsay MILNE,(Con) Daniel Stephen MCCROSKRIE,skipped,skipped,skipped,skipped,skipped,skipped,3,9
1002,(Lab) Ross GRANT,(Lab) Ramsay MILNE,(Con) Daniel Stephen MCCROSKRIE,skipped,skipped,skipped,skipped,skipped,skipped,3,9
1003,(Lab) Ross GRANT,(Lab) Ramsay MILNE,(Con) Daniel Stephen MCCROSKRIE,skipped,skipped,skipped,skipped,skipped,skipped,3,9
1004,(Lab) Ross GRANT,(Lab) Ramsay MILNE,(Con) Daniel Stephen MCCROSKRIE,skipped,skipped,skipped,skipped,skipped,skipped,3,9
1005,(Lab) Ross GRANT,(Lab) Ramsay MILNE,(Con) Daniel Stephen MCCROSKRIE,skipped,skipped,skipped,skipped,skipped,skipped,3,9
1006,(Lab) Ross GRANT,(Lab) Ramsay MILNE,(Con) Daniel Stephen MCCROSKRIE,skipped,skipped,skipped,skipped,skipped,skipped,3,9
1007,(Lab) Ross GRANT,(Lab) Ramsay MILNE,(Con) Daniel Stephen MCCROSKRIE,skipped,skipped,skipped,skipped,skipped,skipped,3,9
1008,(Lab) Ross GRANT,(Lab) Ramsay MILNE,(Con) Daniel Stephen MCCROSKRIE,skipped,skipped,skipped,skipped,skipped,skipped,3,9
1009,(Lab) Ross GRANT,(Lab) Ramsay MILNE,(Con) Daniel Stephen MCCROSKRIE,skipped,skipped,skipped,skipped,skipped,skipped,3,9
1010,(Lab) Ross GRANT,(Lab) Ramsay MILNE,(Con) Daniel Stephen MCCROSKRIE,(Ind) Norman COLLIE,skipped,skipped,skipped,skipped,skipped,3,9
1011,(Lab) Ross GRANT,(Lab) Ramsay MILNE,(Con) Daniel Stephen MCCROSKRIE,(Ind) Norman COLLIE,skipped,skipped,skipped,skipped,skipped,3,9
1012,(Lab) Ross GRANT,(Lab) Ramsay MILNE,(Con) Daniel Stephen MCCROSKRIE,(Ind) Norman COLLIE,(Grn) Gina FORD,(LD) David GREEN,(SNP) Jim NOBLE,(SNP) Mike PARK,(NF) Mike PHILLIPS,3,9
1013,(Lab) Ross GRANT,(Lab) Ramsay MILNE,(Con) Daniel Stephen MCCROSKRIE,(Grn) Gina FORD,skipped,skipped,skipped,skipped,skipped,3,9
1014,(Lab) Ross GRANT,(Lab) Ramsay MILNE,(Con) Daniel Stephen MCCROSKRIE,(Grn) Gina FORD,skipped,skipped,skipped,skipped,skipped,3,9
1015,(Lab) Ross GRANT,(Lab) Ramsay MILNE,(Con) Daniel Stephen MCCROSKRIE,(LD) David GREEN,(SNP) Jim NOBLE,(SNP) Mike PARK,(NF) Mike PHILLIPS,(Grn) Gina FORD,(Ind) Norman COLLIE,3,9
1016,(Lab) Ross GRANT,(Lab) Ramsay MILNE,(Con) Daniel Stephen MCCROSKRIE,(LD) David GREEN,(SNP) Mike PARK,(SNP) Jim NOBLE,(Ind) Norman COLLIE,(NF) Mike PHILLIPS,(Grn) Gina FORD,3,9
1017,(Lab) Ross GRANT,(Lab) Ramsay MILNE,(Con) Daniel Stephen MCCROSKRIE,(SNP) Jim NOBLE,(SNP) Mike PARK,(LD) David GREEN,(Grn) Gina FORD,(NF) Mike PHILLIPS,skipped,3,9
1018,(Lab) Ross GRANT,(Lab) Ramsay MILNE,(Con) Daniel Stephen MCCROSKRIE,(SNP) Mike PARK,(SNP) Jim NOBLE,(LD) David GREEN,(Grn) Gina FORD,skipped,skipped,3,9
1019,(Lab) Ross GRANT,(Lab) Ramsay MILNE,(SNP) Jim NOBLE,skipped,skipped,skipped,skipped,skipped,skipped,3,9
1020,(Lab) Ross GRANT,(Lab) Ramsay MILNE,(SNP) Jim NOBLE,skipped,skipped,skipped,skipped,skipped,skipped,3,9
1021,(Lab) Ross GRANT,(Lab) Ramsay MILNE,(SNP) Jim NOBLE,skipped,skipped,skipped,skipped,skipped,skipped,3,9
1022,(Lab) Ross GRANT,(Lab) Ramsay MILNE,(SNP) Jim NOBLE,skipped,skipped,skipped,skipped,skipped,skipped,3,9
1023,(Lab) Ross GRANT,(Lab) Ramsay MILNE,(SNP) Jim NOBLE,skipped,skipped,skipped,skipped,skipped,skipped,3,9
1024,(Lab) Ross GRANT,(Lab) Ramsay MILNE,(SNP) Jim NOBLE,skipped,skipped,skipped,skipped,skipped,skipped,3,9
1025,(Lab) Ross GRANT,(Lab) Ramsay MILNE,(SNP) Jim NOBLE,skipped,skipped,skipped,skipped,skipped,skipped,3,9
1026,(Lab) Ross GRANT,(Lab) Ramsay MILNE,(SNP) Jim NOBLE,skipped,skipped,skipped,skipped,skipped,skipped,3,9
1027,(Lab) Ross GRANT,(Lab) Ramsay MILNE,(SNP) Jim NOBLE,skipped,skipped,skipped,skipped,skipped,skipped,3,9
1028,(Lab) Ross GRANT,(Lab) Ramsay MILNE,(SNP) Jim NOBLE,skipped,skipped,skipped,skipped,skipped,skipped,3,9
1029,(Lab) Ross GRANT,(Lab) Ramsay MILNE,(SNP) Jim NOBLE,skipped,skipped,skipped,skipped,skipped,skipped,3,9
1030,(Lab) Ross GRANT,(Lab) Ramsay MILNE,(SNP) Jim NOBLE,skipped,skipped,skipped,skipped,skipped,skipped,3,9
1031,(Lab) Ross GRANT,(Lab) Ramsay MILNE,(SNP) Jim NOBLE,skipped,skipped,skipped,skipped,skipped,skipped,3,9
1032,(Lab) Ross GRANT,(Lab) Ramsay MILNE,(SNP) Jim NOBLE,skipped,skipped,skipped,skipped,skipped,skipped,3,9
1033,(Lab) Ross GRANT,(Lab) Ramsay MILNE,(SNP) Jim NOBLE,skipped,skipped,skipped,skipped,skipped,skipped,3,9
1034,(Lab) Ross GRANT,(Lab) Ramsay MILNE,(SNP) Jim NOBLE,skipped,skipped,skipped,skipped,skipped,skipped,3,9
1035,(Lab) Ross GRANT,(Lab) Ramsay MILNE,(SNP) Jim NOBLE,skipped,skipped,skipped,skipped,skipped,skipped,3,9
1036,(Lab) Ross GRANT,(Lab) Ramsay MILNE,(SNP) Jim NOBLE,skipped,skipped,skipped,skipped,skipped,skipped,3,9
1037,(Lab) Ross GRANT,(Lab) Ramsay MILNE,(SNP) Jim NOBLE,skipped,skipped,skipped,skipped,skipped,skipped,3,9
1038,(Lab) Ross GRANT,(Lab) Ramsay MILNE,(SNP) Jim NOBLE,skipped,skipped,skipped,skipped,skipped,skipped,3,9
1039,(Lab) Ross GRANT,(Lab) Ramsay MILNE,(SNP) Jim NOBLE,skipped,skipped,skipped,skipped,skipped,skipped,3,9
1040,(Lab) Ross GRANT,(Lab) Ramsay MILNE,(SNP) Jim NOBLE,skipped,skipped,skipped,skipped,skipped,skipped,3,9
1041,(Lab) Ross GRANT,(Lab) Ramsay MILNE,(SNP) Jim NOBLE,skipped,skipped,skipped,skipped,skipped,skipped,3,9
1042,(Lab) Ross GRANT,(Lab) Ramsay MILNE,(SNP) Jim NOBLE,skipped,skipped,skipped,skipped,skipped,skipped,3,9
1043,(Lab) Ross GRANT,(Lab) Ramsay MILNE,(SNP) Jim NOBLE,skipped,skipped,skipped,skipped,skipped,skipped,3,9
1044,(Lab) Ross GRANT,(Lab) Ramsay MILNE,(SNP) Jim NOBLE,skipped,skipped,skipped,skipped,skipped,skipped,3,9
1045,(Lab) Ross GRANT,(Lab) Ramsay MILNE,(SNP) Jim NOBLE,(Ind) Norman COLLIE,(SNP) Mike PARK,skipped,skipped,skipped,skipped,3,9
1046,(Lab) Ross GRANT,(Lab) Ramsay MILNE,(SNP) Jim NOBLE,(LD) David GREEN,skipped,skipped,skipped,skipped,skipped,3,9
1047,(Lab) Ross GRANT,(Lab) Ramsay MILNE,(SNP) Jim NOBLE,(LD) David GREEN,(SNP) Mike PARK,(Grn) Gina FORD,(Ind) Norman COLLIE,(Con) Daniel Stephen MCCROSKRIE,skipped,3,9
1048,(Lab) Ross GRANT,(Lab) Ramsay MILNE,(SNP) Jim NOBLE,(LD) David GREEN,(SNP) Mike PARK,(Grn) Gina FORD,(Con) Daniel Stephen MCCROSKRIE,(Ind) Norman COLLIE,(NF) Mike PHILLIPS,3,9
1049,(Lab) Ross GRANT,(Lab) Ramsay MILNE,(SNP) Jim NOBLE,(SNP) Mike PARK,skipped,skipped,skipped,skipped,skipped,3,9
1050,(Lab) Ross GRANT,(Lab) Ramsay MILNE,(SNP) Jim NOBLE,(SNP) Mike PARK,skipped,skipped,skipped,skipped,skipped,3,9
1051,(Lab) Ross GRANT,(Lab) Ramsay MILNE,(SNP) Jim NOBLE,(SNP) Mike PARK,skipped,skipped,skipped,skipped,skipped,3,9
1052,(Lab) Ross GRANT,(Lab) Ramsay MILNE,(SNP) Jim NOBLE,(SNP) Mike PARK,skipped,skipped,skipped,skipped,skipped,3,9
1053,(Lab) Ross GRANT,(Lab) Ramsay MILNE,(SNP) Jim NOBLE,(SNP) Mike PARK,skipped,skipped,skipped,skipped,skipped,3,9
1054,(Lab) Ross GRANT,(Lab) Ramsay MILNE,(SNP) Jim NOBLE,(SNP) Mike PARK,skipped,skipped,skipped,skipped,skipped,3,9
1055,(Lab) Ross GRANT,(Lab) Ramsay MILNE,(SNP) Jim NOBLE,(SNP) Mike PARK,skipped,skipped,skipped,skipped,skipped,3,9
1056,(Lab) Ross GRANT,(Lab) Ramsay MILNE,(SNP) Jim NOBLE,(SNP) Mike PARK,skipped,skipped,skipped,skipped,skipped,3,9
1057,(Lab) Ross GRANT,(Lab) Ramsay MILNE,(SNP) Jim NOBLE,(SNP) Mike PARK,skipped,skipped,skipped,skipped,skipped,3,9
1058,(Lab) Ross GRANT,(Lab) Ramsay MILNE,(SNP) Jim NOBLE,(SNP) Mike PARK,skipped,skipped,skipped,skipped,skipped,3,9
1059,(Lab) Ross GRANT,(Lab) Ramsay MILNE,(SNP) Jim NOBLE,(SNP) Mike PARK,skipped,skipped,skipped,skipped,skipped,3,9
1060,(Lab) Ross GRANT,(Lab) Ramsay MILNE,(SNP) Jim NOBLE,(SNP) Mike PARK,skipped,skipped,skipped,skipped,skipped,3,9
1061,(Lab) Ross GRANT,(Lab) Ramsay MILNE,(SNP) Jim NOBLE,(SNP) Mike PARK,skipped,skipped,skipped,skipped,skipped,3,9
1062,(Lab) Ross GRANT,(Lab) Ramsay MILNE,(SNP) Jim NOBLE,(SNP) Mike PARK,skipped,skipped,skipped,skipped,skipped,3,9
1063,(Lab) Ross GRANT,(Lab) Ramsay MILNE,(SNP) Jim NOBLE,(SNP) Mike PARK,skipped,skipped,skipped,skipped,skipped,3,9
1064,(Lab) Ross GRANT,(Lab) Ramsay MILNE,(SNP) Jim NOBLE,(SNP) Mike PARK,skipped,skipped,skipped,skipped,skipped,3,9
1065,(Lab) Ross GRANT,(Lab) Ramsay MILNE,(SNP) Jim NOBLE,(SNP) Mike PARK,(Ind) Norman COLLIE,(Grn) Gina FORD,skipped,skipped,skipped,3,9
1066,(Lab) Ross GRANT,(Lab) Ramsay MILNE,(SNP) Jim NOBLE,(SNP) Mike PARK,(Ind) Norman COLLIE,(Grn) Gina FORD,(LD) David GREEN,(Con) Daniel Stephen MCCROSKRIE,(NF) Mike PHILLIPS,3,9
1067,(Lab) Ross GRANT,(Lab) Ramsay MILNE,(SNP) Jim NOBLE,(SNP) Mike PARK,(Ind) Norman COLLIE,(Grn) Gina FORD,(LD) David GREEN,(Con) Daniel Stephen MCCROSKRIE,(NF) Mike PHILLIPS,3,9
1068,(Lab) Ross GRANT,(Lab) Ramsay MILNE,(SNP) Jim NOBLE,(SNP) Mike PARK,(Ind) Norman COLLIE,(LD) David GREEN,(Grn) Gina FORD,(Con) Daniel Stephen MCCROSKRIE,(NF) Mike PHILLIPS,3,9
1069,(Lab) Ross GRANT,(Lab) Ramsay MILNE,(SNP) Jim NOBLE,(SNP) Mike PARK,(Grn) Gina FORD,skipped,skipped,skipped,skipped,3,9
1070,(Lab) Ross GRANT,(Lab) Ramsay MILNE,(SNP) Jim NOBLE,(SNP) Mike PARK,(Grn) Gina FORD,(LD) David GREEN,(Con) Daniel Stephen MCCROSKRIE,(Ind) Norman COLLIE,(NF) Mike PHILLIPS,3,9
1071,(Lab) Ross GRANT,(Lab) Ramsay MILNE,(SNP) Jim NOBLE,(SNP) Mike PARK,(Grn) Gina FORD,(Con) Daniel Stephen MCCROSKRIE,(LD) David GREEN,(Ind) Norman COLLIE,(NF) Mike PHILLIPS,3,9
1072,(Lab) Ross GRANT,(Lab) Ramsay MILNE,(SNP) Jim NOBLE,(SNP) Mike PARK,(Grn) Gina FORD,(NF) Mike PHILLIPS,(LD) David GREEN,(Con) Daniel Stephen MCCROSKRIE,skipped,3,9
1073,(Lab) Ross GRANT,(Lab) Ramsay MILNE,(SNP) Jim NOBLE,(SNP) Mike PARK,(LD) David GREEN,skipped,skipped,skipped,skipped,3,9
1074,(Lab) Ross GRANT,(Lab) Ramsay MILNE,(SNP) Jim NOBLE,(SNP) Mike PARK,(LD) David GREEN,(Grn) Gina FORD,(Ind) Norman COLLIE,skipped,skipped,3,9
1075,(Lab) Ross GRANT,(Lab) Ramsay MILNE,(SNP) Jim NOBLE,(SNP) Mike PARK,(NF) Mike PHILLIPS,(Grn) Gina FORD,(LD) David GREEN,(Con) Daniel Stephen MCCROSKRIE,skipped,3,9
1076,(Lab) Ross GRANT,(Lab) Ramsay MILNE,(SNP) Jim NOBLE,(NF) Mike PHILLIPS,(SNP) Mike PARK,(Con) Daniel Stephen MCCROSKRIE,(LD) David GREEN,(Grn) Gina FORD,(Ind) Norman COLLIE,3,9
1077,(Lab) Ross GRANT,(Lab) Ramsay MILNE,(SNP) Mike PARK,skipped,skipped,skipped,skipped,skipped,skipped,3,9
1078,(Lab) Ross GRANT,(Lab) Ramsay MILNE,(SNP) Mike PARK,skipped,skipped,skipped,skipped,skipped,skipped,3,9
1079,(Lab) Ross GRANT,(Lab) Ramsay MILNE,(SNP) Mike PARK,skipped,skipped,skipped,skipped,skipped,skipped,3,9
1080,(Lab) Ross GRANT,(Lab) Ramsay MILNE,(SNP) Mike PARK,skipped,skipped,skipped,skipped,skipped,skipped,3,9
1081,(Lab) Ross GRANT,(Lab) Ramsay MILNE,(SNP) Mike PARK,skipped,skipped,skipped,skipped,skipped,skipped,3,9
1082,(Lab) Ross GRANT,(Lab) Ramsay MILNE,(SNP) Mike PARK,skipped,skipped,skipped,skipped,skipped,skipped,3,9
1083,(Lab) Ross GRANT,(Lab) Ramsay MILNE,(SNP) Mike PARK,skipped,skipped,skipped,skipped,skipped,skipped,3,9
1084,(Lab) Ross GRANT,(Lab) Ramsay MILNE,(SNP) Mike PARK,skipped,skipped,skipped,skipped,skipped,skipped,3,9
1085,(Lab) Ross GRANT,(Lab) Ramsay MILNE,(SNP) Mike PARK,skipped,skipped,skipped,skipped,skipped,skipped,3,9
1086,(Lab) Ross GRANT,(Lab) Ramsay MILNE,(SNP) Mike PARK,skipped,skipped,skipped,skipped,skipped,skipped,3,9
1087,(Lab) Ross GRANT,(Lab) Ramsay MILNE,(SNP) Mike PARK,skipped,skipped,skipped,skipped,skipped,skipped,3,9
1088,(Lab) Ross GRANT,(Lab) Ramsay MILNE,(SNP) Mike PARK,skipped,skipped,skipped,skipped,skipped,skipped,3,9
1089,(Lab) Ross GRANT,(Lab) Ramsay MILNE,(SNP) Mike PARK,skipped,skipped,skipped,skipped,skipped,skipped,3,9
1090,(Lab) Ross GRANT,(Lab) Ramsay MILNE,(SNP) Mike PARK,skipped,skipped,skipped,skipped,skipped,skipped,3,9
1091,(Lab) Ross GRANT,(Lab) Ramsay MILNE,(SNP) Mike PARK,skipped,skipped,skipped,skipped,skipped,skipped,3,9
1092,(Lab) Ross GRANT,(Lab) Ramsay MILNE,(SNP) Mike PARK,skipped,skipped,skipped,skipped,skipped,skipped,3,9
1093,(Lab) Ross GRANT,(Lab) Ramsay MILNE,(SNP) Mike PARK,skipped,skipped,skipped,skipped,skipped,skipped,3,9
1094,(Lab) Ross GRANT,(Lab) Ramsay MILNE,(SNP) Mike PARK,(LD) David GREEN,(Grn) Gina FORD,skipped,skipped,skipped,skipped,3,9
1095,(Lab) Ross GRANT,(Lab) Ramsay MILNE,(SNP) Mike PARK,(LD) David GREEN,(Grn) Gina FORD,skipped,skipped,skipped,skipped,3,9
1096,(Lab) Ross GRANT,(Lab) Ramsay MILNE,(SNP) Mike PARK,(Con) Daniel Stephen MCCROSKRIE,skipped,skipped,skipped,skipped,skipped,3,9
1097,(Lab) Ross GRANT,(Lab) Ramsay MILNE,(SNP) Mike PARK,(SNP) Jim NOBLE,skipped,skipped,skipped,skipped,skipped,3,9
1098,(Lab) Ross GRANT,(Lab) Ramsay MILNE,(SNP) Mike PARK,(SNP) Jim NOBLE,skipped,skipped,skipped,skipped,skipped,3,9
1099,(Lab) Ross GRANT,(Lab) Ramsay MILNE,(SNP) Mike PARK,(SNP) Jim NOBLE,skipped,skipped,skipped,skipped,skipped,3,9
1100,(Lab) Ross GRANT,(Lab) Ramsay MILNE,(SNP) Mike PARK,(SNP) Jim NOBLE,skipped,skipped,skipped,skipped,skipped,3,9
1101,(Lab) Ross GRANT,(Lab) Ramsay MILNE,(SNP) Mike PARK,(SNP) Jim NOBLE,skipped,skipped,skipped,skipped,skipped,3,9
1102,(Lab) Ross GRANT,(Lab) Ramsay MILNE,(SNP) Mike PARK,(SNP) Jim NOBLE,skipped,skipped,skipped,skipped,skipped,3,9
1103,(Lab) Ross GRANT,(Lab) Ramsay MILNE,(SNP) Mike PARK,(SNP) Jim NOBLE,skipped,skipped,skipped,skipped,skipped,3,9
1104,(Lab) Ross GRANT,(Lab) Ramsay MILNE,(SNP) Mike PARK,(SNP) Jim NOBLE,skipped,skipped,skipped,skipped,skipped,3,9
1105,(Lab) Ross GRANT,(Lab) Ramsay MILNE,(SNP) Mike PARK,(SNP) Jim NOBLE,skipped,skipped,skipped,skipped,skipped,3,9
1106,(Lab) Ross GRANT,(Lab) Ramsay MILNE,(SNP) Mike PARK,(SNP) Jim NOBLE,(Ind) Norman COLLIE,skipped,skipped,skipped,skipped,3,9
1107,(Lab) Ross GRANT,(Lab) Ramsay MILNE,(NF) Mike PHILLIPS,skipped,skipped,skipped,skipped,skipped,skipped,3,9
1108,(Lab) Ross GRANT,(Lab) Ramsay MILNE,(NF) Mike PHILLIPS,skipped,skipped,skipped,skipped,skipped,skipped,3,9
1109,(Lab) Ross GRANT,(Lab) Ramsay MILNE,(NF) Mike PHILLIPS,skipped,skipped,skipped,skipped,skipped,skipped,3,9
1110,(Lab) Ross GRANT,(Lab) Ramsay MILNE,(NF) Mike PHILLIPS,skipped,skipped,skipped,skipped,skipped,skipped,3,9
1111,(Lab) Ross GRANT,(Lab) Ramsay MILNE,(NF) Mike PHILLIPS,skipped,skipped,skipped,skipped,skipped,skipped,3,9
1112,(Lab) Ross GRANT,(Lab) Ramsay MILNE,(NF) Mike PHILLIPS,skipped,skipped,skipped,skipped,skipped,skipped,3,9
1113,(Lab) Ross GRANT,(Lab) Ramsay MILNE,(NF) Mike PHILLIPS,skipped,skipped,skipped,skipped,skipped,skipped,3,9
1114,(Lab) Ross GRANT,(Lab) Ramsay MILNE,(NF) Mike PHILLIPS,skipped,skipped,skipped,skipped,skipped,skipped,3,9
1115,(Lab) Ross GRANT,(Lab) Ramsay MILNE,(NF) Mike PHILLIPS,(Grn) Gina FORD,skipped,skipped,skipped,skipped,skipped,3,9
1116,(Lab) Ross GRANT,(Lab) Ramsay MILNE,(NF) Mike PHILLIPS,(Grn) Gina FORD,(Ind) Norman COLLIE,(LD) David GREEN,(Con) Daniel Stephen MCCROSKRIE,(SNP) Jim NOBLE,(SNP) Mike PARK,3,9
1117,(Lab) Ross GRANT,(Lab) Ramsay MILNE,(NF) Mike PHILLIPS,(Grn) Gina FORD,(Con) Daniel Stephen MCCROSKRIE,(SNP) Mike PARK,(SNP) Jim NOBLE,(Ind) Norman COLLIE,(LD) David GREEN,3,9
1118,(Lab) Ross GRANT,(Lab) Ramsay MILNE,(NF) Mike PHILLIPS,(SNP) Jim NOBLE,(SNP) Mike PARK,(Grn) Gina FORD,(LD) David GREEN,(Ind) Norman COLLIE,(Con) Daniel Stephen MCCROSKRIE,3,9
1119,(Lab) Ross GRANT,(SNP) Jim NOBLE,skipped,skipped,skipped,skipped,skipped,skipped,skipped,3,9
1120,(Lab) Ross GRANT,(SNP) Jim NOBLE,skipped,skipped,skipped,skipped,skipped,skipped,skipped,3,9
1121,(Lab) Ross GRANT,(SNP) Jim NOBLE,skipped,skipped,skipped,skipped,skipped,skipped,skipped,3,9
1122,(Lab) Ross GRANT,(SNP) Jim NOBLE,skipped,skipped,skipped,skipped,skipped,skipped,skipped,3,9
1123,(Lab) Ross GRANT,(SNP) Jim NOBLE,skipped,skipped,skipped,skipped,skipped,skipped,skipped,3,9
1124,(Lab) Ross GRANT,(SNP) Jim NOBLE,skipped,skipped,skipped,skipped,skipped,skipped,skipped,3,9
1125,(Lab) Ross GRANT,(SNP) Jim NOBLE,skipped,skipped,skipped,skipped,skipped,skipped,skipped,3,9
1126,(Lab) Ross GRANT,(SNP) Jim NOBLE,skipped,skipped,skipped,skipped,skipped,skipped,skipped,3,9
1127,(Lab) Ross GRANT,(SNP) Jim NOBLE,(Ind) Norman COLLIE,skipped,skipped,skipped,skipped,skipped,skipped,3,9
1128,(Lab) Ross GRANT,(SNP) Jim NOBLE,(Grn) Gina FORD,skipped,skipped,skipped,skipped,skipped,skipped,3,9
1129,(Lab) Ross GRANT,(SNP) Jim NOBLE,(Grn) Gina FORD,(Ind) Norman COLLIE,(Lab) Ramsay MILNE,skipped,skipped,skipped,skipped,3,9
1130,(Lab) Ross GRANT,(SNP) Jim NOBLE,(Grn) Gina FORD,(Lab) Ramsay MILNE,skipped,skipped,skipped,skipped,skipped,3,9
1131,(Lab) Ross GRANT,(SNP) Jim NOBLE,(LD) David GREEN,skipped,skipped,skipped,skipped,skipped,skipped,3,9
1132,(Lab) Ross GRANT,(SNP) Jim NOBLE,(LD) David GREEN,skipped,skipped,skipped,skipped,skipped,skipped,3,9
1133,(Lab) Ross GRANT,(SNP) Jim NOBLE,(LD) David GREEN,skipped,skipped,skipped,skipped,skipped,skipped,3,9
1134,(Lab) Ross GRANT,(SNP) Jim NOBLE,(LD) David GREEN,skipped,skipped,skipped,skipped,skipped,skipped,3,9
1135,(Lab) Ross GRANT,(SNP) Jim NOBLE,(LD) David GREEN,(Grn) Gina FORD,skipped,skipped,skipped,skipped,skipped,3,9
1136,(Lab) Ross GRANT,(SNP) Jim NOBLE,(Con) Daniel Stephen MCCROSKRIE,skipped,skipped,skipped,skipped,skipped,skipped,3,9
1137,(Lab) Ross GRANT,(SNP) Jim NOBLE,(Lab) Ramsay MILNE,skipped,skipped,skipped,skipped,skipped,skipped,3,9
1138,(Lab) Ross GRANT,(SNP) Jim NOBLE,(Lab) Ramsay MILNE,skipped,skipped,skipped,skipped,skipped,skipped,3,9
1139,(Lab) Ross GRANT,(SNP) Jim NOBLE,(Lab) Ramsay MILNE,skipped,skipped,skipped,skipped,skipped,skipped,3,9
1140,(Lab) Ross GRANT,(SNP) Jim NOBLE,(Lab) Ramsay MILNE,skipped,skipped,skipped,skipped,skipped,skipped,3,9
1141,(Lab) Ross GRANT,(SNP) Jim NOBLE,(Lab) Ramsay MILNE,skipped,skipped,skipped,skipped,skipped,skipped,3,9
1142,(Lab) Ross GRANT,(SNP) Jim NOBLE,(Lab) Ramsay MILNE,(Con) Daniel Stephen MCCROSKRIE,(SNP) Mike PARK,(NF) Mike PHILLIPS,(LD) David GREEN,(Grn) Gina FORD,(Ind) Norman COLLIE,3,9
1143,(Lab) Ross GRANT,(SNP) Jim NOBLE,(Lab) Ramsay MILNE,(SNP) Mike PARK,(LD) David GREEN,(Grn) Gina FORD,(Con) Daniel Stephen MCCROSKRIE,(Ind) Norman COLLIE,(NF) Mike PHILLIPS,3,9
1144,(Lab) Ross GRANT,(SNP) Jim NOBLE,(SNP) Mike PARK,skipped,skipped,skipped,skipped,skipped,skipped,3,9
1145,(Lab) Ross GRANT,(SNP) Jim NOBLE,(SNP) Mike PARK,skipped,skipped,skipped,skipped,skipped,skipped,3,9
1146,(Lab) Ross GRANT,(SNP) Jim NOBLE,(SNP) Mike PARK,skipped,skipped,skipped,skipped,skipped,skipped,3,9
1147,(Lab) Ross GRANT,(SNP) Jim NOBLE,(SNP) Mike PARK,skipped,skipped,skipped,skipped,skipped,skipped,3,9
1148,(Lab) Ross GRANT,(SNP) Jim NOBLE,(SNP) Mike PARK,skipped,skipped,skipped,skipped,skipped,skipped,3,9
1149,(Lab) Ross GRANT,(SNP) Jim NOBLE,(SNP) Mike PARK,skipped,skipped,skipped,skipped,skipped,skipped,3,9
1150,(Lab) Ross GRANT,(SNP) Jim NOBLE,(SNP) Mike PARK,skipped,skipped,skipped,skipped,skipped,skipped,3,9
1151,(Lab) Ross GRANT,(SNP) Jim NOBLE,(SNP) Mike PARK,skipped,skipped,skipped,skipped,skipped,skipped,3,9
1152,(Lab) Ross GRANT,(SNP) Jim NOBLE,(SNP) Mike PARK,skipped,skipped,skipped,skipped,skipped,skipped,3,9
1153,(Lab) Ross GRANT,(SNP) Jim NOBLE,(SNP) Mike PARK,skipped,skipped,skipped,skipped,skipped,skipped,3,9
1154,(Lab) Ross GRANT,(SNP) Jim NOBLE,(SNP) Mike PARK,skipped,skipped,skipped,skipped,skipped,skipped,3,9
1155,(Lab) Ross GRANT,(SNP) Jim NOBLE,(SNP) Mike PARK,skipped,skipped,skipped,skipped,skipped,skipped,3,9
1156,(Lab) Ross GRANT,(SNP) Jim NOBLE,(SNP) Mike PARK,skipped,skipped,skipped,skipped,skipped,skipped,3,9
1157,(Lab) Ross GRANT,(SNP) Jim NOBLE,(SNP) Mike PARK,skipped,skipped,skipped,skipped,skipped,skipped,3,9
1158,(Lab) Ross GRANT,(SNP) Jim NOBLE,(SNP) Mike PARK,skipped,skipped,skipped,skipped,skipped,skipped,3,9
1159,(Lab) Ross GRANT,(SNP) Jim NOBLE,(SNP) Mike PARK,skipped,skipped,skipped,skipped,skipped,skipped,3,9
1160,(Lab) Ross GRANT,(SNP) Jim NOBLE,(SNP) Mike PARK,(Grn) Gina FORD,skipped,skipped,skipped,skipped,skipped,3,9
1161,(Lab) Ross GRANT,(SNP) Jim NOBLE,(SNP) Mike PARK,(Lab) Ramsay MILNE,skipped,skipped,skipped,skipped,skipped,3,9
1162,(Lab) Ross GRANT,(SNP) Jim NOBLE,(SNP) Mike PARK,(Lab) Ramsay MILNE,skipped,skipped,skipped,skipped,skipped,3,9
1163,(Lab) Ross GRANT,(SNP) Jim NOBLE,(SNP) Mike PARK,(Lab) Ramsay MILNE,skipped,skipped,skipped,skipped,skipped,3,9
1164,(Lab) Ross GRANT,(SNP) Jim NOBLE,(NF) Mike PHILLIPS,skipped,skipped,skipped,skipped,skipped,skipped,3,9
1165,(Lab) Ross GRANT,(SNP) Jim NOBLE,(NF) Mike PHILLIPS,skipped,skipped,skipped,skipped,skipped,skipped,3,9
1166,(Lab) Ross GRANT,(SNP) Mike PARK,skipped,skipped,skipped,skipped,skipped,skipped,skipped,3,9
1167,(Lab) Ross GRANT,(SNP) Mike PARK,skipped,skipped,skipped,skipped,skipped,skipped,skipped,3,9
1168,(Lab) Ross GRANT,(SNP) Mike PARK,skipped,skipped,skipped,skipped,skipped,skipped,skipped,3,9
1169,(Lab) Ross GRANT,(SNP) Mike PARK,skipped,skipped,skipped,skipped,skipped,skipped,skipped,3,9
1170,(Lab) Ross GRANT,(SNP) Mike PARK,skipped,skipped,skipped,skipped,skipped,skipped,skipped,3,9
1171,(Lab) Ross GRANT,(SNP) Mike PARK,skipped,skipped,skipped,skipped,skipped,skipped,skipped,3,9
1172,(Lab) Ross GRANT,(SNP) Mike PARK,skipped,skipped,skipped,skipped,skipped,skipped,skipped,3,9
1173,(Lab) Ross GRANT,(SNP) Mike PARK,(Grn) Gina FORD,skipped,skipped,skipped,skipped,skipped,skipped,3,9
1174,(Lab) Ross GRANT,(SNP) Mike PARK,(Grn) Gina FORD,skipped,skipped,skipped,skipped,skipped,skipped,3,9
1175,(Lab) Ross GRANT,(SNP) Mike PARK,(Lab) Ramsay MILNE,skipped,skipped,skipped,skipped,skipped,skipped,3,9
1176,(Lab) Ross GRANT,(SNP) Mike PARK,(Lab) Ramsay MILNE,skipped,skipped,skipped,skipped,skipped,skipped,3,9
1177,(Lab) Ross GRANT,(SNP) Mike PARK,(Lab) Ramsay MILNE,skipped,skipped,skipped,skipped,skipped,skipped,3,9
1178,(Lab) Ross GRANT,(SNP) Mike PARK,(Lab) Ramsay MILNE,(SNP) Jim NOBLE,skipped,skipped,skipped,skipped,skipped,3,9
1179,(Lab) Ross GRANT,(SNP) Mike PARK,(SNP) Jim NOBLE,skipped,skipped,skipped,skipped,skipped,skipped,3,9
1180,(Lab) Ross GRANT,(SNP) Mike PARK,(SNP) Jim NOBLE,(Lab) Ramsay MILNE,skipped,skipped,skipped,skipped,skipped,3,9
1181,(Lab) Ross GRANT,(SNP) Mike PARK,(SNP) Jim NOBLE,(Lab) Ramsay MILNE,skipped,skipped,skipped,skipped,skipped,3,9
1182,(Lab) Ross GRANT,(SNP) Mike PARK,(NF) Mike PHILLIPS,skipped,skipped,skipped,skipped,skipped,skipped,3,9
1183,(Lab) Ross GRANT,(NF) Mike PHILLIPS,(Lab) Ramsay MILNE,skipped,skipped,skipped,skipped,skipped,skipped,3,9
1184,(Lab) Ross GRANT,(NF) Mike PHILLIPS,(Lab) Ramsay MILNE,skipped,skipped,skipped,skipped,skipped,skipped,3,9
1185,(Lab) Ross GRANT,(NF) Mike PHILLIPS,(SNP) Jim NOBLE,skipped,skipped,skipped,skipped,skipped,skipped,3,9
1186,(LD) David GREEN,skipped,skipped,skipped,skipped,skipped,skipped,skipped,skipped,3,9
1187,(LD) David GREEN,skipped,skipped,skipped,skipped,skipped,skipped,skipped,skipped,3,9
1188,(LD) David GREEN,skipped,skipped,skipped,skipped,skipped,skipped,skipped,skipped,3,9
1189,(LD) David GREEN,skipped,skipped,skipped,skipped,skipped,skipped,skipped,skipped,3,9
1190,(LD) David GREEN,skipped,skipped,skipped,skipped,skipped,skipped,skipped,skipped,3,9
1191,(LD) David GREEN,skipped,skipped,skipped,skipped,skipped,skipped,skipped,skipped,3,9
1192,(LD) David GREEN,skipped,skipped,skipped,skipped,skipped,skipped,skipped,skipped,3,9
1193,(LD) David GREEN,skipped,skipped,skipped,skipped,skipped,skipped,skipped,skipped,3,9
1194,(LD) David GREEN,skipped,skipped,skipped,skipped,skipped,skipped,skipped,skipped,3,9
1195,(LD) David GREEN,skipped,skipped,skipped,skipped,skipped,skipped,skipped,skipped,3,9
1196,(LD) David GREEN,skipped,skipped,skipped,skipped,skipped,skipped,skipped,skipped,3,9
1197,(LD) David GREEN,skipped,skipped,skipped,skipped,skipped,skipped,skipped,skipped,3,9
1198,(LD) David GREEN,(Ind) Norman COLLIE,skipped,skipped,skipped,skipped,skipped,skipped,skipped,3,9
1199,(LD) David GREEN,(Ind) Norman COLLIE,skipped,skipped,skipped,skipped,skipped,skipped,skipped,3,9
1200,(LD) David GREEN,(Ind) Norman COLLIE,skipped,skipped,skipped,skipped,skipped,skipped,skipped,3,9
1201,(LD) David GREEN,(Ind) Norman COLLIE,skipped,skipped,skipped,skipped,skipped,skipped,skipped,3,9
1202,(LD) David GREEN,(Ind) Norman COLLIE,(Grn) Gina FORD,skipped,skipped,skipped,skipped,skipped,skipped,3,9
1203,(LD) David GREEN,(Ind) Norman COLLIE,(Grn) Gina FORD,skipped,skipped,skipped,skipped,skipped,skipped,3,9
1204,(LD) David GREEN,(Ind) Norman COLLIE,(Grn) Gina FORD,skipped,skipped,skipped,skipped,skipped,skipped,3,9
1205,(LD) David GREEN,(Ind) Norman COLLIE,(Grn) Gina FORD,skipped,skipped,skipped,skipped,skipped,skipped,3,9
1206,(LD) David GREEN,(Ind) Norman COLLIE,(Grn) Gina FORD,skipped,skipped,skipped,skipped,skipped,skipped,3,9
1207,(LD) David GREEN,(Ind) Norman COLLIE,(Grn) Gina FORD,(Lab) Ross GRANT,(Lab) Ramsay MILNE,(Con) Daniel Stephen MCCROSKRIE,(SNP) Jim NOBLE,(SNP) Mike PARK,skipped,3,9
1208,(LD) David GREEN,(Ind) Norman COLLIE,(Grn) Gina FORD,(Lab) Ramsay MILNE,(Lab) Ross GRANT,skipped,skipped,skipped,skipped,3,9
1209,(LD) David GREEN,(Ind) Norman COLLIE,(Lab) Ross GRANT,skipped,skipped,skipped,skipped,skipped,skipped,3,9
1210,(LD) David GREEN,(Ind) Norman COLLIE,(Con) Daniel Stephen MCCROSKRIE,skipped,skipped,skipped,skipped,skipped,skipped,3,9
1211,(LD) David GREEN,(Ind) Norman COLLIE,(Lab) Ramsay MILNE,skipped,skipped,skipped,skipped,skipped,skipped,3,9
1212,(LD) David GREEN,(Ind) Norman COLLIE,(Lab) Ramsay MILNE,(Lab) Ross GRANT,(Grn) Gina FORD,(SNP) Jim NOBLE,(SNP) Mike PARK,(Con) Daniel Stephen MCCROSKRIE,(NF) Mike PHILLIPS,3,9
1213,(LD) David GREEN,(Ind) Norman COLLIE,(Lab) Ramsay MILNE,(Lab) Ross GRANT,(Con) Daniel Stephen MCCROSKRIE,(Grn) Gina FORD,skipped,skipped,skipped,3,9
1214,(LD) David GREEN,(Ind) Norman COLLIE,(SNP) Jim NOBLE,skipped,skipped,skipped,skipped,skipped,skipped,3,9
1215,(LD) David GREEN,(Grn) Gina FORD,skipped,skipped,skipped,skipped,skipped,skipped,skipped,3,9
1216,(LD) David GREEN,(Grn) Gina FORD,skipped,skipped,skipped,skipped,skipped,skipped,skipped,3,9
1217,(LD) David GREEN,(Grn) Gina FORD,skipped,skipped,skipped,skipped,skipped,skipped,skipped,3,9
1218,(LD) David GREEN,(Grn) Gina FORD,skipped,skipped,skipped,skipped,skipped,skipped,skipped,3,9
1219,(LD) David GREEN,(Grn) Gina FORD,skipped,skipped,skipped,skipped,skipped,skipped,skipped,3,9
1220,(LD) David GREEN,(Grn) Gina FORD,skipped,skipped,skipped,skipped,skipped,skipped,skipped,3,9
1221,(LD) David GREEN,(Grn) Gina FORD,skipped,skipped,skipped,skipped,skipped,skipped,skipped,3,9
1222,(LD) David GREEN,(Grn) Gina FORD,skipped,skipped,skipped,skipped,skipped,skipped,skipped,3,9
1223,(LD) David GREEN,(Grn) Gina FORD,skipped,skipped,skipped,skipped,skipped,skipped,skipped,3,9
1224,(LD) David GREEN,(Grn) Gina FORD,skipped,skipped,skipped,skipped,skipped,skipped,skipped,3,9
1225,(LD) David GREEN,(Grn) Gina FORD,(Ind) Norman COLLIE,skipped,skipped,skipped,skipped,skipped,skipped,3,9
1226,(LD) David GREEN,(Grn) Gina FORD,(Ind) Norman COLLIE,skipped,skipped,skipped,skipped,skipped,skipped,3,9
1227,(LD) David GREEN,(Grn) Gina FORD,(Ind) Norman COLLIE,skipped,skipped,skipped,skipped,skipped,skipped,3,9
1228,(LD) David GREEN,(Grn) Gina FORD,(Ind) Norman COLLIE,skipped,skipped,skipped,skipped,skipped,skipped,3,9
1229,(LD) David GREEN,(Grn) Gina FORD,(Ind) Norman COLLIE,skipped,skipped,skipped,skipped,skipped,skipped,3,9
1230,(LD) David GREEN,(Grn) Gina FORD,(Ind) Norman COLLIE,skipped,skipped,skipped,skipped,skipped,skipped,3,9
1231,(LD) David GREEN,(Grn) Gina FORD,(Ind) Norman COLLIE,(Con) Daniel Stephen MCCROSKRIE,skipped,skipped,skipped,skipped,skipped,3,9
1232,(LD) David GREEN,(Grn) Gina FORD,(Ind) Norman COLLIE,(SNP) Jim NOBLE,(SNP) Mike PARK,(Lab) Ross GRANT,(Lab) Ramsay MILNE,(Con) Daniel Stephen MCCROSKRIE,(NF) Mike PHILLIPS,3,9
1233,(LD) David GREEN,(Grn) Gina FORD,(Lab) Ross GRANT,skipped,skipped,skipped,skipped,skipped,skipped,3,9
1234,(LD) David GREEN,(Grn) Gina FORD,(Lab) Ross GRANT,skipped,skipped,skipped,skipped,skipped,skipped,3,9
1235,(LD) David GREEN,(Grn) Gina FORD,(Lab) Ross GRANT,(Lab) Ramsay MILNE,skipped,skipped,skipped,skipped,skipped,3,9
1236,(LD) David GREEN,(Grn) Gina FORD,(Lab) Ross GRANT,(Lab) Ramsay MILNE,(Con) Daniel Stephen MCCROSKRIE,skipped,skipped,skipped,skipped,3,9
1237,(LD) David GREEN,(Grn) Gina FORD,(Con) Daniel Stephen MCCROSKRIE,skipped,skipped,skipped,skipped,skipped,skipped,3,9
1238,(LD) David GREEN,(Grn) Gina FORD,(Con) Daniel Stephen MCCROSKRIE,skipped,skipped,skipped,skipped,skipped,skipped,3,9
1239,(LD) David GREEN,(Grn) Gina FORD,(Con) Daniel Stephen MCCROSKRIE,skipped,skipped,skipped,skipped,skipped,skipped,3,9
1240,(LD) David GREEN,(Grn) Gina FORD,(Con) Daniel Stephen MCCROSKRIE,(Lab) Ross GRANT,skipped,skipped,skipped,skipped,skipped,3,9
1241,(LD) David GREEN,(Grn) Gina FORD,(Con) Daniel Stephen MCCROSKRIE,(SNP) Jim NOBLE,(SNP) Mike PARK,skipped,skipped,skipped,skipped,3,9
1242,(LD) David GREEN,(Grn) Gina FORD,(Con) Daniel Stephen MCCROSKRIE,(NF) Mike PHILLIPS,(Ind) Norman COLLIE,skipped,skipped,skipped,skipped,3,9
1243,(LD) David GREEN,(Grn) Gina FORD,(Lab) Ramsay MILNE,skipped,skipped,skipped,skipped,skipped,skipped,3,9
1244,(LD) David GREEN,(Grn) Gina FORD,(Lab) Ramsay MILNE,skipped,skipped,skipped,skipped,skipped,skipped,3,9
1245,(LD) David GREEN,(Grn) Gina FORD,(SNP) Jim NOBLE,(SNP) Mike PARK,skipped,skipped,skipped,skipped,skipped,3,9
1246,(LD) David GREEN,(Grn) Gina FORD,(SNP) Jim NOBLE,(SNP) Mike PARK,skipped,skipped,skipped,skipped,skipped,3,9
1247,(LD) David GREEN,(Grn) Gina FORD,(SNP) Mike PARK,skipped,skipped,skipped,skipped,skipped,skipped,3,9
1248,(LD) David GREEN,(Lab) Ross GRANT,skipped,skipped,skipped,skipped,skipped,skipped,skipped,3,9
1249,(LD) David GREEN,(Lab) Ross GRANT,skipped,skipped,skipped,skipped,skipped,skipped,skipped,3,9
1250,(LD) David GREEN,(Lab) Ross GRANT,(Ind) Norman COLLIE,(Grn) Gina FORD,(Con) Daniel Stephen MCCROSKRIE,skipped,skipped,skipped,skipped,3,9
1251,(LD) David GREEN,(Lab) Ross GRANT,(Ind) Norman COLLIE,(Lab) Ramsay MILNE,(Con) Daniel Stephen MCCROSKRIE,skipped,skipped,skipped,skipped,3,9
1252,(LD) David GREEN,(Lab) Ross GRANT,(Grn) Gina FORD,(Con) Daniel Stephen MCCROSKRIE,(Lab) Ramsay MILNE,(Ind) Norman COLLIE,(NF) Mike PHILLIPS,(SNP) Jim NOBLE,(SNP) Mike PARK,3,9
1253,(LD) David GREEN,(Lab) Ross GRANT,(Grn) Gina FORD,(Lab) Ramsay MILNE,skipped,skipped,skipped,skipped,skipped,3,9
1254,(LD) David GREEN,(Lab) Ross GRANT,(Grn) Gina FORD,(Lab) Ramsay MILNE,(Ind) Norman COLLIE,(Con) Daniel Stephen MCCROSKRIE,(SNP) Jim NOBLE,(SNP) Mike PARK,(NF) Mike PHILLIPS,3,9
1255,(LD) David GREEN,(Lab) Ross GRANT,(Con) Daniel Stephen MCCROSKRIE,(Lab) Ramsay MILNE,skipped,skipped,skipped,skipped,skipped,3,9
1256,(LD) David GREEN,(Lab) Ross GRANT,(Con) Daniel Stephen MCCROSKRIE,(Lab) Ramsay MILNE,(Grn) Gina FORD,skipped,skipped,skipped,skipped,3,9
1257,(LD) David GREEN,(Lab) Ross GRANT,(Lab) Ramsay MILNE,skipped,skipped,skipped,skipped,skipped,skipped,3,9
1258,(LD) David GREEN,(Lab) Ross GRANT,(Lab) Ramsay MILNE,(Ind) Norman COLLIE,skipped,skipped,skipped,skipped,skipped,3,9
1259,(LD) David GREEN,(Lab) Ross GRANT,(Lab) Ramsay MILNE,(Grn) Gina FORD,skipped,skipped,skipped,skipped,skipped,3,9
1260,(LD) David GREEN,(Lab) Ross GRANT,(Lab) Ramsay MILNE,(Grn) Gina FORD,skipped,skipped,skipped,skipped,skipped,3,9
1261,(LD) David GREEN,(Lab) Ross GRANT,(Lab) Ramsay MILNE,(Grn) Gina FORD,(Ind) Norman COLLIE,(SNP) Jim NOBLE,(SNP) Mike PARK,(Con) Daniel Stephen MCCROSKRIE,(NF) Mike PHILLIPS,3,9
1262,(LD) David GREEN,(Lab) Ross GRANT,(Lab) Ramsay MILNE,(Grn) Gina FORD,(Con) Daniel Stephen MCCROSKRIE,(Ind) Norman COLLIE,(SNP) Jim NOBLE,(SNP) Mike PARK,(NF) Mike PHILLIPS,3,9
1263,(LD) David GREEN,(Lab) Ross GRANT,(Lab) Ramsay MILNE,(Con) Daniel Stephen MCCROSKRIE,skipped,skipped,skipped,skipped,skipped,3,9
1264,(LD) David GREEN,(Lab) Ross GRANT,(Lab) Ramsay MILNE,(Con) Daniel Stephen MCCROSKRIE,(Grn) Gina FORD,skipped,skipped,skipped,skipped,3,9
1265,(LD) David GREEN,(Lab) Ross GRANT,(Lab) Ramsay MILNE,(Con) Daniel Stephen MCCROSKRIE,(Grn) Gina FORD,skipped,skipped,skipped,skipped,3,9
1266,(LD) David GREEN,(Lab) Ross GRANT,(Lab) Ramsay MILNE,(Con) Daniel Stephen MCCROSKRIE,(Grn) Gina FORD,(SNP) Jim NOBLE,(SNP) Mike PARK,skipped,skipped,3,9
1267,(LD) David GREEN,(Lab) Ross GRANT,(SNP) Mike PARK,skipped,skipped,skipped,skipped,skipped,skipped,3,9
1268,(LD) David GREEN,(Lab) Ross GRANT,(SNP) Mike PARK,(NF) Mike PHILLIPS,(Lab) Ramsay MILNE,skipped,skipped,skipped,skipped,3,9
1269,(LD) David GREEN,(Con) Daniel Stephen MCCROSKRIE,skipped,skipped,skipped,skipped,skipped,skipped,skipped,3,9
1270,(LD) David GREEN,(Con) Daniel Stephen MCCROSKRIE,skipped,skipped,skipped,skipped,skipped,skipped,skipped,3,9
1271,(LD) David GREEN,(Con) Daniel Stephen MCCROSKRIE,skipped,skipped,skipped,skipped,skipped,skipped,skipped,3,9
1272,(LD) David GREEN,(Con) Daniel Stephen MCCROSKRIE,skipped,skipped,skipped,skipped,skipped,skipped,skipped,3,9
1273,(LD) David GREEN,(Con) Daniel Stephen MCCROSKRIE,skipped,skipped,skipped,skipped,skipped,skipped,skipped,3,9
1274,(LD) David GREEN,(Con) Daniel Stephen MCCROSKRIE,skipped,skipped,skipped,skipped,skipped,skipped,skipped,3,9
1275,(LD) David GREEN,(Con) Daniel Stephen MCCROSKRIE,skipped,skipped,skipped,skipped,skipped,skipped,skipped,3,9
1276,(LD) David GREEN,(Con) Daniel Stephen MCCROSKRIE,skipped,skipped,skipped,skipped,skipped,skipped,skipped,3,9
1277,(LD) David GREEN,(Con) Daniel Stephen MCCROSKRIE,skipped,skipped,skipped,skipped,skipped,skipped,skipped,3,9
1278,(LD) David GREEN,(Con) Daniel Stephen MCCROSKRIE,skipped,skipped,skipped,skipped,skipped,skipped,skipped,3,9
1279,(LD) David GREEN,(Con) Daniel Stephen MCCROSKRIE,skipped,skipped,skipped,skipped,skipped,skipped,skipped,3,9
1280,(LD) David GREEN,(Con) Daniel Stephen MCCROSKRIE,(Ind) Norman COLLIE,skipped,skipped,skipped,skipped,skipped,skipped,3,9
1281,(LD) David GREEN,(Con) Daniel Stephen MCCROSKRIE,(Ind) Norman COLLIE,skipped,skipped,skipped,skipped,skipped,skipped,3,9
1282,(LD) David GREEN,(Con) Daniel Stephen MCCROSKRIE,(Ind) Norman COLLIE,skipped,skipped,skipped,skipped,skipped,skipped,3,9
1283,(LD) David GREEN,(Con) Daniel Stephen MCCROSKRIE,(Lab) Ross GRANT,skipped,skipped,skipped,skipped,skipped,skipped,3,9
1284,(LD) David GREEN,(Con) Daniel Stephen MCCROSKRIE,(Lab) Ross GRANT,(Grn) Gina FORD,(Lab) Ramsay MILNE,(Ind) Norman COLLIE,(SNP) Jim NOBLE,(SNP) Mike PARK,(NF) Mike PHILLIPS,3,9
1285,(LD) David GREEN,(Con) Daniel Stephen MCCROSKRIE,(Lab) Ross GRANT,(Lab) Ramsay MILNE,(SNP) Jim NOBLE,(SNP) Mike PARK,(Ind) Norman COLLIE,(Grn) Gina FORD,skipped,3,9
1286,(LD) David GREEN,(Con) Daniel Stephen MCCROSKRIE,(Lab) Ramsay MILNE,skipped,skipped,skipped,skipped,skipped,skipped,3,9
1287,(LD) David GREEN,(Con) Daniel Stephen MCCROSKRIE,(SNP) Jim NOBLE,skipped,skipped,skipped,skipped,skipped,skipped,3,9
1288,(LD) David GREEN,(Con) Daniel Stephen MCCROSKRIE,(SNP) Jim NOBLE,(SNP) Mike PARK,(Ind) Norman COLLIE,(Grn) Gina FORD,(Lab) Ross GRANT,(Lab) Ramsay MILNE,(NF) Mike PHILLIPS,3,9
1289,(LD) David GREEN,(Con) Daniel Stephen MCCROSKRIE,(NF) Mike PHILLIPS,(Grn) Gina FORD,(Ind) Norman COLLIE,(Lab) Ross GRANT,(Lab) Ramsay MILNE,(SNP) Jim NOBLE,(SNP) Mike PARK,3,9
1290,(LD) David GREEN,(Lab) Ramsay MILNE,skipped,skipped,skipped,skipped,skipped,skipped,skipped,3,9
1291,(LD) David GREEN,(Lab) Ramsay MILNE,(Ind) Norman COLLIE,(Grn) Gina FORD,(Lab) Ross GRANT,(NF) Mike PHILLIPS,(Con) Daniel Stephen MCCROSKRIE,(SNP) Jim NOBLE,(SNP) Mike PARK,3,9
1292,(LD) David GREEN,(Lab) Ramsay MILNE,(Lab) Ross GRANT,skipped,skipped,skipped,skipped,skipped,skipped,3,9
1293,(LD) David GREEN,(Lab) Ramsay MILNE,(Lab) Ross GRANT,(Ind) Norman COLLIE,(Con) Daniel Stephen MCCROSKRIE,skipped,skipped,skipped,skipped,3,9
1294,(LD) David GREEN,(Lab) Ramsay MILNE,(Lab) Ross GRANT,(Grn) Gina FORD,skipped,skipped,skipped,skipped,skipped,3,9
1295,(LD) David GREEN,(Lab) Ramsay MILNE,(Lab) Ross GRANT,(Grn) Gina FORD,skipped,skipped,skipped,skipped,skipped,3,9
1296,(LD) David GREEN,(Lab) Ramsay MILNE,(SNP) Jim NOBLE,skipped,skipped,skipped,skipped,skipped,skipped,3,9
1297,(LD) David GREEN,(Lab) Ramsay MILNE,(SNP) Jim NOBLE,(SNP) Mike PARK,(Con) Daniel Stephen MCCROSKRIE,(Lab) Ross GRANT,(Grn) Gina FORD,(NF) Mike PHILLIPS,(Ind) Norman COLLIE,3,9
1298,(LD) David GREEN,(SNP) Jim NOBLE,skipped,skipped,skipped,skipped,skipped,skipped,skipped,3,9
1299,(LD) David GREEN,(SNP) Jim NOBLE,(Ind) Norman COLLIE,skipped,skipped,skipped,skipped,skipped,skipped,3,9
1300,(LD) David GREEN,(SNP) Jim NOBLE,(Con) Daniel Stephen MCCROSKRIE,(SNP) Mike PARK,(Lab) Ramsay MILNE,(Lab) Ross GRANT,(Ind) Norman COLLIE,(NF) Mike PHILLIPS,(Grn) Gina FORD,3,9
1301,(LD) David GREEN,(SNP) Jim NOBLE,(Lab) Ramsay MILNE,skipped,skipped,skipped,skipped,skipped,skipped,3,9
1302,(LD) David GREEN,(SNP) Jim NOBLE,(Lab) Ramsay MILNE,skipped,skipped,skipped,skipped,skipped,skipped,3,9
1303,(LD) David GREEN,(SNP) Jim NOBLE,(SNP) Mike PARK,skipped,skipped,skipped,skipped,skipped,skipped,3,9
1304,(LD) David GREEN,(SNP) Jim NOBLE,(SNP) Mike PARK,skipped,skipped,skipped,skipped,skipped,skipped,3,9
1305,(LD) David GREEN,(SNP) Jim NOBLE,(SNP) Mike PARK,(Ind) Norman COLLIE,skipped,skipped,skipped,skipped,skipped,3,9
1306,(LD) David GREEN,(SNP) Jim NOBLE,(SNP) Mike PARK,(Ind) Norman COLLIE,(Grn) Gina FORD,(Con) Daniel Stephen MCCROSKRIE,(Lab) Ramsay MILNE,(Lab) Ross GRANT,(NF) Mike PHILLIPS,3,9
1307,(LD) David GREEN,(SNP) Jim NOBLE,(SNP) Mike PARK,(Lab) Ross GRANT,(Grn) Gina FORD,(Ind) Norman COLLIE,(Con) Daniel Stephen MCCROSKRIE,(Lab) Ramsay MILNE,(NF) Mike PHILLIPS,3,9
1308,(LD) David GREEN,(SNP) Jim NOBLE,(SNP) Mike PARK,(NF) Mike PHILLIPS,(Grn) Gina FORD,skipped,skipped,skipped,skipped,3,9
1309,(LD) David GREEN,(SNP) Jim NOBLE,(SNP) Mike PARK,(NF) Mike PHILLIPS,(Lab) Ramsay MILNE,(Ind) Norman COLLIE,(Grn) Gina FORD,(Con) Daniel Stephen MCCROSKRIE,(Lab) Ross GRANT,3,9
1310,(LD) David GREEN,(SNP) Jim NOBLE,(NF) Mike PHILLIPS,skipped,skipped,skipped,skipped,skipped,skipped,3,9
1311,(LD) David GREEN,(SNP) Mike PARK,skipped,skipped,skipped,skipped,skipped,skipped,skipped,3,9
1312,(LD) David GREEN,(SNP) Mike PARK,(Lab) Ramsay MILNE,(Lab) Ross GRANT,(SNP) Jim NOBLE,(Ind) Norman COLLIE,(Grn) Gina FORD,(NF) Mike PHILLIPS,(Con) Daniel Stephen MCCROSKRIE,3,9
1313,(LD) David GREEN,(SNP) Mike PARK,(SNP) Jim NOBLE,skipped,skipped,skipped,skipped,skipped,skipped,3,9
1314,(LD) David GREEN,(SNP) Mike PARK,(SNP) Jim NOBLE,(Ind) Norman COLLIE,(Lab) Ramsay MILNE,(Lab) Ross GRANT,skipped,skipped,skipped,3,9
1315,(Con) Daniel Stephen MCCROSKRIE,skipped,skipped,skipped,skipped,skipped,skipped,skipped,skipped,3,9
1316,(Con) Daniel Stephen MCCROSKRIE,skipped,skipped,skipped,skipped,skipped,skipped,skipped,skipped,3,9
1317,(Con) Daniel Stephen MCCROSKRIE,skipped,skipped,skipped,skipped,skipped,skipped,skipped,skipped,3,9
1318,(Con) Daniel Stephen MCCROSKRIE,skipped,skipped,skipped,skipped,skipped,skipped,skipped,skipped,3,9
1319,(Con) Daniel Stephen MCCROSKRIE,skipped,skipped,skipped,skipped,skipped,skipped,skipped,skipped,3,9
1320,(Con) Daniel Stephen MCCROSKRIE,skipped,skipped,skipped,skipped,skipped,skipped,skipped,skipped,3,9
1321,(Con) Daniel Stephen MCCROSKRIE,skipped,skipped,skipped,skipped,skipped,skipped,skipped,skipped,3,9
1322,(Con) Daniel Stephen MCCROSKRIE,skipped,skipped,skipped,skipped,skipped,skipped,skipped,skipped,3,9
1323,(Con) Daniel Stephen MCCROSKRIE,skipped,skipped,skipped,skipped,skipped,skipped,skipped,skipped,3,9
1324,(Con) Daniel Stephen MCCROSKRIE,skipped,skipped,skipped,skipped,skipped,skipped,skipped,skipped,3,9
1325,(Con) Daniel Stephen MCCROSKRIE,skipped,skipped,skipped,skipped,skipped,skipped,skipped,skipped,3,9
1326,(Con) Daniel Stephen MCCROSKRIE,skipped,skipped,skipped,skipped,skipped,skipped,skipped,skipped,3,9
1327,(Con) Daniel Stephen MCCROSKRIE,skipped,skipped,skipped,skipped,skipped,skipped,skipped,skipped,3,9
1328,(Con) Daniel Stephen MCCROSKRIE,skipped,skipped,skipped,skipped,skipped,skipped,skipped,skipped,3,9
1329,(Con) Daniel Stephen MCCROSKRIE,skipped,skipped,skipped,skipped,skipped,skipped,skipped,skipped,3,9
1330,(Con) Daniel Stephen MCCROSKRIE,skipped,skipped,skipped,skipped,skipped,skipped,skipped,skipped,3,9
1331,(Con) Daniel Stephen MCCROSKRIE,skipped,skipped,skipped,skipped,skipped,skipped,skipped,skipped,3,9
1332,(Con) Daniel Stephen MCCROSKRIE,skipped,skipped,skipped,skipped,skipped,skipped,skipped,skipped,3,9
1333,(Con) Daniel Stephen MCCROSKRIE,skipped,skipped,skipped,skipped,skipped,skipped,skipped,skipped,3,9
1334,(Con) Daniel Stephen MCCROSKRIE,skipped,skipped,skipped,skipped,skipped,skipped,skipped,skipped,3,9
1335,(Con) Daniel Stephen MCCROSKRIE,skipped,skipped,skipped,skipped,skipped,skipped,skipped,skipped,3,9
1336,(Con) Daniel Stephen MCCROSKRIE,skipped,skipped,skipped,skipped,skipped,skipped,skipped,skipped,3,9
1337,(Con) Daniel Stephen MCCROSKRIE,skipped,skipped,skipped,skipped,skipped,skipped,skipped,skipped,3,9
1338,(Con) Daniel Stephen MCCROSKRIE,skipped,skipped,skipped,skipped,skipped,skipped,skipped,skipped,3,9
1339,(Con) Daniel Stephen MCCROSKRIE,(Ind) Norman COLLIE,skipped,skipped,skipped,skipped,skipped,skipped,skipped,3,9
1340,(Con) Daniel Stephen MCCROSKRIE,(Ind) Norman COLLIE,skipped,skipped,skipped,skipped,skipped,skipped,skipped,3,9
1341,(Con) Daniel Stephen MCCROSKRIE,(Ind) Norman COLLIE,skipped,skipped,skipped,skipped,skipped,skipped,skipped,3,9
1342,(Con) Daniel Stephen MCCROSKRIE,(Ind) Norman COLLIE,skipped,skipped,skipped,skipped,skipped,skipped,skipped,3,9
1343,(Con) Daniel Stephen MCCROSKRIE,(Ind) Norman COLLIE,skipped,skipped,skipped,skipped,skipped,skipped,skipped,3,9
1344,(Con) Daniel Stephen MCCROSKRIE,(Ind) Norman COLLIE,(Grn) Gina FORD,skipped,skipped,skipped,skipped,skipped,skipped,3,9
1345,(Con) Daniel Stephen MCCROSKRIE,(Ind) Norman COLLIE,(Grn) Gina FORD,skipped,skipped,skipped,skipped,skipped,skipped,3,9
1346,(Con) Daniel Stephen MCCROSKRIE,(Ind) Norman COLLIE,(Grn) Gina FORD,skipped,skipped,skipped,skipped,skipped,skipped,3,9
1347,(Con) Daniel Stephen MCCROSKRIE,(Ind) Norman COLLIE,(Grn) Gina FORD,(Lab) Ross GRANT,(Lab) Ramsay MILNE,(LD) David GREEN,(SNP) Jim NOBLE,(SNP) Mike PARK,(NF) Mike PHILLIPS,3,9
1348,(Con) Daniel Stephen MCCROSKRIE,(Ind) Norman COLLIE,(Grn) Gina FORD,(Lab) Ross GRANT,(Lab) Ramsay MILNE,(LD) David GREEN,(NF) Mike PHILLIPS,skipped,skipped,3,9
1349,(Con) Daniel Stephen MCCROSKRIE,(Ind) Norman COLLIE,(Grn) Gina FORD,(LD) David GREEN,skipped,skipped,skipped,skipped,skipped,3,9
1350,(Con) Daniel Stephen MCCROSKRIE,(Ind) Norman COLLIE,(Grn) Gina FORD,(NF) Mike PHILLIPS,(Lab) Ross GRANT,(Lab) Ramsay MILNE,(SNP) Mike PARK,(SNP) Jim NOBLE,(LD) David GREEN,3,9
1351,(Con) Daniel Stephen MCCROSKRIE,(Ind) Norman COLLIE,(Lab) Ross GRANT,skipped,skipped,skipped,skipped,skipped,skipped,3,9
1352,(Con) Daniel Stephen MCCROSKRIE,(Ind) Norman COLLIE,(LD) David GREEN,skipped,skipped,skipped,skipped,skipped,skipped,3,9
1353,(Con) Daniel Stephen MCCROSKRIE,(Ind) Norman COLLIE,(Lab) Ramsay MILNE,(Grn) Gina FORD,skipped,skipped,skipped,skipped,skipped,3,9
1354,(Con) Daniel Stephen MCCROSKRIE,(Ind) Norman COLLIE,(NF) Mike PHILLIPS,(SNP) Jim NOBLE,(SNP) Mike PARK,(LD) David GREEN,skipped,skipped,skipped,3,9
1355,(Con) Daniel Stephen MCCROSKRIE,(Grn) Gina FORD,skipped,skipped,skipped,skipped,skipped,skipped,skipped,3,9
1356,(Con) Daniel Stephen MCCROSKRIE,(Grn) Gina FORD,skipped,skipped,skipped,skipped,skipped,skipped,skipped,3,9
1357,(Con) Daniel Stephen MCCROSKRIE,(Grn) Gina FORD,skipped,skipped,skipped,skipped,skipped,skipped,skipped,3,9
1358,(Con) Daniel Stephen MCCROSKRIE,(Grn) Gina FORD,(Ind) Norman COLLIE,skipped,skipped,skipped,skipped,skipped,skipped,3,9
1359,(Con) Daniel Stephen MCCROSKRIE,(Grn) Gina FORD,(Ind) Norman COLLIE,(LD) David GREEN,skipped,skipped,skipped,skipped,skipped,3,9
1360,(Con) Daniel Stephen MCCROSKRIE,(Grn) Gina FORD,(Ind) Norman COLLIE,(SNP) Jim NOBLE,(SNP) Mike PARK,(Lab) Ross GRANT,(LD) David GREEN,(Lab) Ramsay MILNE,(NF) Mike PHILLIPS,3,9
1361,(Con) Daniel Stephen MCCROSKRIE,(Grn) Gina FORD,(LD) David GREEN,skipped,skipped,skipped,skipped,skipped,skipped,3,9
1362,(Con) Daniel Stephen MCCROSKRIE,(Grn) Gina FORD,(LD) David GREEN,skipped,skipped,skipped,skipped,skipped,skipped,3,9
1363,(Con) Daniel Stephen MCCROSKRIE,(Grn) Gina FORD,(LD) David GREEN,(Ind) Norman COLLIE,(Lab) Ross GRANT,(Lab) Ramsay MILNE,(NF) Mike PHILLIPS,skipped,skipped,3,9
1364,(Con) Daniel Stephen MCCROSKRIE,(Grn) Gina FORD,(LD) David GREEN,(Lab) Ross GRANT,(Ind) Norman COLLIE,(Lab) Ramsay MILNE,(SNP) Jim NOBLE,(SNP) Mike PARK,(NF) Mike PHILLIPS,3,9
1365,(Con) Daniel Stephen MCCROSKRIE,(Grn) Gina FORD,(SNP) Jim NOBLE,(LD) David GREEN,skipped,skipped,skipped,skipped,skipped,3,9
1366,(Con) Daniel Stephen MCCROSKRIE,(Lab) Ross GRANT,skipped,skipped,skipped,skipped,skipped,skipped,skipped,3,9
1367,(Con) Daniel Stephen MCCROSKRIE,(Lab) Ross GRANT,skipped,skipped,skipped,skipped,skipped,skipped,skipped,3,9
1368,(Con) Daniel Stephen MCCROSKRIE,(Lab) Ross GRANT,skipped,skipped,skipped,skipped,skipped,skipped,skipped,3,9
1369,(Con) Daniel Stephen MCCROSKRIE,(Lab) Ross GRANT,(Ind) Norman COLLIE,skipped,skipped,skipped,skipped,skipped,skipped,3,9
1370,(Con) Daniel Stephen MCCROSKRIE,(Lab) Ross GRANT,(Ind) Norman COLLIE,(Lab) Ramsay MILNE,skipped,skipped,skipped,skipped,skipped,3,9
1371,(Con) Daniel Stephen MCCROSKRIE,(Lab) Ross GRANT,(Grn) Gina FORD,skipped,skipped,skipped,skipped,skipped,skipped,3,9
1372,(Con) Daniel Stephen MCCROSKRIE,(Lab) Ross GRANT,(LD) David GREEN,skipped,skipped,skipped,skipped,skipped,skipped,3,9
1373,(Con) Daniel Stephen MCCROSKRIE,(Lab) Ross GRANT,(Lab) Ramsay MILNE,(Ind) Norman COLLIE,(Grn) Gina FORD,skipped,skipped,skipped,skipped,3,9
1374,(Con) Daniel Stephen MCCROSKRIE,(Lab) Ross GRANT,(Lab) Ramsay MILNE,(NF) Mike PHILLIPS,(Ind) Norman COLLIE,(LD) David GREEN,(Grn) Gina FORD,skipped,skipped,3,9
1375,(Con) Daniel Stephen MCCROSKRIE,(Lab) Ross GRANT,(SNP) Jim NOBLE,(Lab) Ramsay MILNE,(SNP) Mike PARK,(Ind) Norman COLLIE,skipped,skipped,skipped,3,9
1376,(Con) Daniel Stephen MCCROSKRIE,(LD) David GREEN,skipped,skipped,skipped,skipped,skipped,skipped,skipped,3,9
1377,(Con) Daniel Stephen MCCROSKRIE,(LD) David GREEN,skipped,skipped,skipped,skipped,skipped,skipped,skipped,3,9
1378,(Con) Daniel Stephen MCCROSKRIE,(LD) David GREEN,skipped,skipped,skipped,skipped,skipped,skipped,skipped,3,9
1379,(Con) Daniel Stephen MCCROSKRIE,(LD) David GREEN,skipped,skipped,skipped,skipped,skipped,skipped,skipped,3,9
1380,(Con) Daniel Stephen MCCROSKRIE,(LD) David GREEN,skipped,skipped,skipped,skipped,skipped,skipped,skipped,3,9
1381,(Con) Daniel Stephen MCCROSKRIE,(LD) David GREEN,skipped,skipped,skipped,skipped,skipped,skipped,skipped,3,9
1382,(Con) Daniel Stephen MCCROSKRIE,(LD) David GREEN,skipped,skipped,skipped,skipped,skipped,skipped,skipped,3,9
1383,(Con) Daniel Stephen MCCROSKRIE,(LD) David GREEN,skipped,skipped,skipped,skipped,skipped,skipped,skipped,3,9
1384,(Con) Daniel Stephen MCCROSKRIE,(LD) David GREEN,skipped,skipped,skipped,skipped,skipped,skipped,skipped,3,9
1385,(Con) Daniel Stephen MCCROSKRIE,(LD) David GREEN,skipped,skipped,skipped,skipped,skipped,skipped,skipped,3,9
1386,(Con) Daniel Stephen MCCROSKRIE,(LD) David GREEN,skipped,skipped,skipped,skipped,skipped,skipped,skipped,3,9
1387,(Con) Daniel Stephen MCCROSKRIE,(LD) David GREEN,(Ind) Norman COLLIE,skipped,skipped,skipped,skipped,skipped,skipped,3,9
1388,(Con) Daniel Stephen MCCROSKRIE,(LD) David GREEN,(Ind) Norman COLLIE,(Grn) Gina FORD,skipped,skipped,skipped,skipped,skipped,3,9
1389,(Con) Daniel Stephen MCCROSKRIE,(LD) David GREEN,(Ind) Norman COLLIE,(Grn) Gina FORD,(Lab) Ross GRANT,(Lab) Ramsay MILNE,(NF) Mike PHILLIPS,(SNP) Jim NOBLE,(SNP) Mike PARK,3,9
1390,(Con) Daniel Stephen MCCROSKRIE,(LD) David GREEN,(Grn) Gina FORD,skipped,skipped,skipped,skipped,skipped,skipped,3,9
1391,(Con) Daniel Stephen MCCROSKRIE,(LD) David GREEN,(Grn) Gina FORD,skipped,skipped,skipped,skipped,skipped,skipped,3,9
1392,(Con) Daniel Stephen MCCROSKRIE,(LD) David GREEN,(Grn) Gina FORD,skipped,skipped,skipped,skipped,skipped,skipped,3,9
1393,(Con) Daniel Stephen MCCROSKRIE,(LD) David GREEN,(Grn) Gina FORD,skipped,skipped,skipped,skipped,skipped,skipped,3,9
1394,(Con) Daniel Stephen MCCROSKRIE,(LD) David GREEN,(Grn) Gina FORD,(Ind) Norman COLLIE,skipped,skipped,skipped,skipped,skipped,3,9
1395,(Con) Daniel Stephen MCCROSKRIE,(LD) David GREEN,(Grn) Gina FORD,(Ind) Norman COLLIE,(Lab) Ross GRANT,(Lab) Ramsay MILNE,(SNP) Jim NOBLE,(SNP) Mike PARK,(NF) Mike PHILLIPS,3,9
1396,(Con) Daniel Stephen MCCROSKRIE,(LD) David GREEN,(Lab) Ross GRANT,skipped,skipped,skipped,skipped,skipped,skipped,3,9
1397,(Con) Daniel Stephen MCCROSKRIE,(LD) David GREEN,(Lab) Ross GRANT,skipped,skipped,skipped,skipped,skipped,skipped,3,9
1398,(Con) Daniel Stephen MCCROSKRIE,(LD) David GREEN,(Lab) Ross GRANT,skipped,skipped,skipped,skipped,skipped,skipped,3,9
1399,(Con) Daniel Stephen MCCROSKRIE,(LD) David GREEN,(Lab) Ross GRANT,(Ind) Norman COLLIE,skipped,skipped,skipped,skipped,skipped,3,9
1400,(Con) Daniel Stephen MCCROSKRIE,(LD) David GREEN,(Lab) Ross GRANT,(Ind) Norman COLLIE,(SNP) Jim NOBLE,(SNP) Mike PARK,(Lab) Ramsay MILNE,(Grn) Gina FORD,(NF) Mike PHILLIPS,3,9
1401,(Con) Daniel Stephen MCCROSKRIE,(LD) David GREEN,(Lab) Ross GRANT,(Lab) Ramsay MILNE,skipped,skipped,skipped,skipped,skipped,3,9
1402,(Con) Daniel Stephen MCCROSKRIE,(LD) David GREEN,(Lab) Ross GRANT,(Lab) Ramsay MILNE,(Ind) Norman COLLIE,(Grn) Gina FORD,(SNP) Jim NOBLE,(SNP) Mike PARK,(NF) Mike PHILLIPS,3,9
1403,(Con) Daniel Stephen MCCROSKRIE,(LD) David GREEN,(Lab) Ramsay MILNE,skipped,skipped,skipped,skipped,skipped,skipped,3,9
1404,(Con) Daniel Stephen MCCROSKRIE,(LD) David GREEN,(Lab) Ramsay MILNE,(Lab) Ross GRANT,skipped,skipped,skipped,skipped,skipped,3,9
1405,(Con) Daniel Stephen MCCROSKRIE,(LD) David GREEN,(Lab) Ramsay MILNE,(Lab) Ross GRANT,(Grn) Gina FORD,skipped,skipped,skipped,skipped,3,9
1406,(Con) Daniel Stephen MCCROSKRIE,(LD) David GREEN,(Lab) Ramsay MILNE,(Lab) Ross GRANT,(Grn) Gina FORD,skipped,skipped,skipped,skipped,3,9
1407,(Con) Daniel Stephen MCCROSKRIE,(LD) David GREEN,(SNP) Jim NOBLE,(SNP) Mike PARK,skipped,skipped,skipped,skipped,skipped,3,9
1408,(Con) Daniel Stephen MCCROSKRIE,(LD) David GREEN,(SNP) Jim NOBLE,(SNP) Mike PARK,(Lab) Ramsay MILNE,(Lab) Ross GRANT,(Grn) Gina FORD,skipped,skipped,3,9
1409,(Con) Daniel Stephen MCCROSKRIE,(LD) David GREEN,(SNP) Mike PARK,skipped,skipped,skipped,skipped,skipped,skipped,3,9
1410,(Con) Daniel Stephen MCCROSKRIE,(Lab) Ramsay MILNE,skipped,skipped,skipped,skipped,skipped,skipped,skipped,3,9
1411,(Con) Daniel Stephen MCCROSKRIE,(Lab) Ramsay MILNE,(Lab) Ross GRANT,(Ind) Norman COLLIE,skipped,skipped,skipped,skipped,skipped,3,9
1412,(Con) Daniel Stephen MCCROSKRIE,(Lab) Ramsay MILNE,(Lab) Ross GRANT,(Grn) Gina FORD,skipped,skipped,skipped,skipped,skipped,3,9
1413,(Con) Daniel Stephen MCCROSKRIE,(Lab) Ramsay MILNE,(Lab) Ross GRANT,(Grn) Gina FORD,(Ind) Norman COLLIE,skipped,skipped,skipped,skipped,3,9
1414,(Con) Daniel Stephen MCCROSKRIE,(Lab) Ramsay MILNE,(Lab) Ross GRANT,(Grn) Gina FORD,(Ind) Norman COLLIE,skipped,skipped,skipped,skipped,3,9
1415,(Con) Daniel Stephen MCCROSKRIE,(Lab) Ramsay MILNE,(SNP) Jim NOBLE,skipped,skipped,skipped,skipped,skipped,skipped,3,9
1416,(Con) Daniel Stephen MCCROSKRIE,(Lab) Ramsay MILNE,(NF) Mike PHILLIPS,(Ind) Norman COLLIE,(Lab) Ross GRANT,(Grn) Gina FORD,(LD) David GREEN,(SNP) Jim NOBLE,(SNP) Mike PARK,3,9
1417,(Con) Daniel Stephen MCCROSKRIE,(SNP) Jim NOBLE,skipped,skipped,skipped,skipped,skipped,skipped,skipped,3,9
1418,(Con) Daniel Stephen MCCROSKRIE,(SNP) Jim NOBLE,skipped,skipped,skipped,skipped,skipped,skipped,skipped,3,9
1419,(Con) Daniel Stephen MCCROSKRIE,(SNP) Jim NOBLE,skipped,skipped,skipped,skipped,skipped,skipped,skipped,3,9
1420,(Con) Daniel Stephen MCCROSKRIE,(SNP) Jim NOBLE,skipped,skipped,skipped,skipped,skipped,skipped,skipped,3,9
1421,(Con) Daniel Stephen MCCROSKRIE,(SNP) Jim NOBLE,(Ind) Norman COLLIE,skipped,skipped,skipped,skipped,skipped,skipped,3,9
1422,(Con) Daniel Stephen MCCROSKRIE,(SNP) Jim NOBLE,(Grn) Gina FORD,skipped,skipped,skipped,skipped,skipped,skipped,3,9
1423,(Con) Daniel Stephen MCCROSKRIE,(SNP) Jim NOBLE,(LD) David GREEN,skipped,skipped,skipped,skipped,skipped,skipped,3,9
1424,(Con) Daniel Stephen MCCROSKRIE,(SNP) Jim NOBLE,(LD) David GREEN,(Lab) Ramsay MILNE,(Lab) Ross GRANT,(Grn) Gina FORD,(SNP) Mike PARK,(Ind) Norman COLLIE,(NF) Mike PHILLIPS,3,9
1425,(Con) Daniel Stephen MCCROSKRIE,(SNP) Jim NOBLE,(SNP) Mike PARK,skipped,skipped,skipped,skipped,skipped,skipped,3,9
1426,(Con) Daniel Stephen MCCROSKRIE,(SNP) Jim NOBLE,(SNP) Mike PARK,skipped,skipped,skipped,skipped,skipped,skipped,3,9
1427,(Con) Daniel Stephen MCCROSKRIE,(SNP) Jim NOBLE,(SNP) Mike PARK,skipped,skipped,skipped,skipped,skipped,skipped,3,9
1428,(Con) Daniel Stephen MCCROSKRIE,(SNP) Jim NOBLE,(SNP) Mike PARK,skipped,skipped,skipped,skipped,skipped,skipped,3,9
1429,(Con) Daniel Stephen MCCROSKRIE,(SNP) Jim NOBLE,(SNP) Mike PARK,(Ind) Norman COLLIE,skipped,skipped,skipped,skipped,skipped,3,9
1430,(Con) Daniel Stephen MCCROSKRIE,(SNP) Jim NOBLE,(SNP) Mike PARK,(Ind) Norman COLLIE,skipped,skipped,skipped,skipped,skipped,3,9
1431,(Con) Daniel Stephen MCCROSKRIE,(SNP) Jim NOBLE,(SNP) Mike PARK,(Grn) Gina FORD,(LD) David GREEN,skipped,skipped,skipped,skipped,3,9
1432,(Con) Daniel Stephen MCCROSKRIE,(SNP) Mike PARK,(SNP) Jim NOBLE,(Grn) Gina FORD,skipped,skipped,skipped,skipped,skipped,3,9
1433,(Con) Daniel Stephen MCCROSKRIE,(NF) Mike PHILLIPS,(LD) David GREEN,skipped,skipped,skipped,skipped,skipped,skipped,3,9
1434,(Lab) Ramsay MILNE,skipped,skipped,skipped,skipped,skipped,skipped,skipped,skipped,3,9
1435,(Lab) Ramsay MILNE,skipped,skipped,skipped,skipped,skipped,skipped,skipped,skipped,3,9
1436,(Lab) Ramsay MILNE,skipped,skipped,skipped,skipped,skipped,skipped,skipped,skipped,3,9
1437,(Lab) Ramsay MILNE,skipped,skipped,skipped,skipped,skipped,skipped,skipped,skipped,3,9
1438,(Lab) Ramsay MILNE,skipped,skipped,skipped,skipped,skipped,skipped,skipped,skipped,3,9
1439,(Lab) Ramsay MILNE,skipped,skipped,skipped,skipped,skipped,skipped,skipped,skipped,3,9
1440,(Lab) Ramsay MILNE,skipped,skipped,skipped,skipped,skipped,skipped,skipped,skipped,3,9
1441,(Lab) Ramsay MILNE,skipped,skipped,skipped,skipped,skipped,skipped,skipped,skipped,3,9
1442,(Lab) Ramsay MILNE,skipped,skipped,skipped,skipped,skipped,skipped,skipped,skipped,3,9
1443,(Lab) Ramsay MILNE,skipped,skipped,skipped,skipped,skipped,skipped,skipped,skipped,3,9
1444,(Lab) Ramsay MILNE,skipped,skipped,skipped,skipped,skipped,skipped,skipped,skipped,3,9
1445,(Lab) Ramsay MILNE,skipped,skipped,skipped,skipped,skipped,skipped,skipped,skipped,3,9
1446,(Lab) Ramsay MILNE,skipped,skipped,skipped,skipped,skipped,skipped,skipped,skipped,3,9
1447,(Lab) Ramsay MILNE,skipped,skipped,skipped,skipped,skipped,skipped,skipped,skipped,3,9
1448,(Lab) Ramsay MILNE,skipped,skipped,skipped,skipped,skipped,skipped,skipped,skipped,3,9
1449,(Lab) Ramsay MILNE,skipped,skipped,skipped,skipped,skipped,skipped,skipped,skipped,3,9
1450,(Lab) Ramsay MILNE,(Ind) Norman COLLIE,skipped,skipped,skipped,skipped,skipped,skipped,skipped,3,9
1451,(Lab) Ramsay MILNE,(Ind) Norman COLLIE,skipped,skipped,skipped,skipped,skipped,skipped,skipped,3,9
1452,(Lab) Ramsay MILNE,(Ind) Norman COLLIE,skipped,skipped,skipped,skipped,skipped,skipped,skipped,3,9
1453,(Lab) Ramsay MILNE,(Ind) Norman COLLIE,skipped,skipped,skipped,skipped,skipped,skipped,skipped,3,9
1454,(Lab) Ramsay MILNE,(Ind) Norman COLLIE,(Grn) Gina FORD,(Con) Daniel Stephen MCCROSKRIE,(Lab) Ross GRANT,(LD) David GREEN,skipped,skipped,skipped,3,9
1455,(Lab) Ramsay MILNE,(Ind) Norman COLLIE,(Lab) Ross GRANT,skipped,skipped,skipped,skipped,skipped,skipped,3,9
1456,(Lab) Ramsay MILNE,(Ind) Norman COLLIE,(Lab) Ross GRANT,skipped,skipped,skipped,skipped,skipped,skipped,3,9
1457,(Lab) Ramsay MILNE,(Ind) Norman COLLIE,(SNP) Jim NOBLE,skipped,skipped,skipped,skipped,skipped,skipped,3,9
1458,(Lab) Ramsay MILNE,(Ind) Norman COLLIE,(SNP) Jim NOBLE,(SNP) Mike PARK,(Lab) Ross GRANT,(NF) Mike PHILLIPS,(LD) David GREEN,(Grn) Gina FORD,(Con) Daniel Stephen MCCROSKRIE,3,9
1459,(Lab) Ramsay MILNE,(Grn) Gina FORD,skipped,skipped,skipped,skipped,skipped,skipped,skipped,3,9
1460,(Lab) Ramsay MILNE,(Grn) Gina FORD,skipped,skipped,skipped,skipped,skipped,skipped,skipped,3,9
1461,(Lab) Ramsay MILNE,(Grn) Gina FORD,(Lab) Ross GRANT,skipped,skipped,skipped,skipped,skipped,skipped,3,9
1462,(Lab) Ramsay MILNE,(Grn) Gina FORD,(Lab) Ross GRANT,skipped,skipped,skipped,skipped,skipped,skipped,3,9
1463,(Lab) Ramsay MILNE,(Grn) Gina FORD,(Lab) Ross GRANT,skipped,skipped,skipped,skipped,skipped,skipped,3,9
1464,(Lab) Ramsay MILNE,(Grn) Gina FORD,(Lab) Ross GRANT,skipped,skipped,skipped,skipped,skipped,skipped,3,9
1465,(Lab) Ramsay MILNE,(Grn) Gina FORD,(Lab) Ross GRANT,(LD) David GREEN,(SNP) Jim NOBLE,(SNP) Mike PARK,skipped,skipped,skipped,3,9
1466,(Lab) Ramsay MILNE,(Grn) Gina FORD,(Lab) Ross GRANT,(SNP) Jim NOBLE,skipped,skipped,skipped,skipped,skipped,3,9
1467,(Lab) Ramsay MILNE,(Lab) Ross GRANT,skipped,skipped,skipped,skipped,skipped,skipped,skipped,3,9
1468,(Lab) Ramsay MILNE,(Lab) Ross GRANT,skipped,skipped,skipped,skipped,skipped,skipped,skipped,3,9
1469,(Lab) Ramsay MILNE,(Lab) Ross GRANT,skipped,skipped,skipped,skipped,skipped,skipped,skipped,3,9
1470,(Lab) Ramsay MILNE,(Lab) Ross GRANT,skipped,skipped,skipped,skipped,skipped,skipped,skipped,3,9
1471,(Lab) Ramsay MILNE,(Lab) Ross GRANT,skipped,skipped,skipped,skipped,skipped,skipped,skipped,3,9
1472,(Lab) Ramsay MILNE,(Lab) Ross GRANT,skipped,skipped,skipped,skipped,skipped,skipped,skipped,3,9
1473,(Lab) Ramsay MILNE,(Lab) Ross GRANT,skipped,skipped,skipped,skipped,skipped,skipped,skipped,3,9
1474,(Lab) Ramsay MILNE,(Lab) Ross GRANT,skipped,skipped,skipped,skipped,skipped,skipped,skipped,3,9
1475,(Lab) Ramsay MILNE,(Lab) Ross GRANT,skipped,skipped,skipped,skipped,skipped,skipped,skipped,3,9
1476,(Lab) Ramsay MILNE,(Lab) Ross GRANT,skipped,skipped,skipped,skipped,skipped,skipped,skipped,3,9
1477,(Lab) Ramsay MILNE,(Lab) Ross GRANT,skipped,skipped,skipped,skipped,skipped,skipped,skipped,3,9
1478,(Lab) Ramsay MILNE,(Lab) Ross GRANT,skipped,skipped,skipped,skipped,skipped,skipped,skipped,3,9
1479,(Lab) Ramsay MILNE,(Lab) Ross GRANT,skipped,skipped,skipped,skipped,skipped,skipped,skipped,3,9
1480,(Lab) Ramsay MILNE,(Lab) Ross GRANT,skipped,skipped,skipped,skipped,skipped,skipped,skipped,3,9
1481,(Lab) Ramsay MILNE,(Lab) Ross GRANT,skipped,skipped,skipped,skipped,skipped,skipped,skipped,3,9
1482,(Lab) Ramsay MILNE,(Lab) Ross GRANT,skipped,skipped,skipped,skipped,skipped,skipped,skipped,3,9
1483,(Lab) Ramsay MILNE,(Lab) Ross GRANT,skipped,skipped,skipped,skipped,skipped,skipped,skipped,3,9
1484,(Lab) Ramsay MILNE,(Lab) Ross GRANT,skipped,skipped,skipped,skipped,skipped,skipped,skipped,3,9
1485,(Lab) Ramsay MILNE,(Lab) Ross GRANT,skipped,skipped,skipped,skipped,skipped,skipped,skipped,3,9
1486,(Lab) Ramsay MILNE,(Lab) Ross GRANT,skipped,skipped,skipped,skipped,skipped,skipped,skipped,3,9
1487,(Lab) Ramsay MILNE,(Lab) Ross GRANT,skipped,skipped,skipped,skipped,skipped,skipped,skipped,3,9
1488,(Lab) Ramsay MILNE,(Lab) Ross GRANT,skipped,skipped,skipped,skipped,skipped,skipped,skipped,3,9
1489,(Lab) Ramsay MILNE,(Lab) Ross GRANT,skipped,skipped,skipped,skipped,skipped,skipped,skipped,3,9
1490,(Lab) Ramsay MILNE,(Lab) Ross GRANT,skipped,skipped,skipped,skipped,skipped,skipped,skipped,3,9
1491,(Lab) Ramsay MILNE,(Lab) Ross GRANT,skipped,skipped,skipped,skipped,skipped,skipped,skipped,3,9
1492,(Lab) Ramsay MILNE,(Lab) Ross GRANT,skipped,skipped,skipped,skipped,skipped,skipped,skipped,3,9
1493,(Lab) Ramsay MILNE,(Lab) Ross GRANT,skipped,skipped,skipped,skipped,skipped,skipped,skipped,3,9
1494,(Lab) Ramsay MILNE,(Lab) Ross GRANT,skipped,skipped,skipped,skipped,skipped,skipped,skipped,3,9
1495,(Lab) Ramsay MILNE,(Lab) Ross GRANT,skipped,skipped,skipped,skipped,skipped,skipped,skipped,3,9
1496,(Lab) Ramsay MILNE,(Lab) Ross GRANT,skipped,skipped,skipped,skipped,skipped,skipped,skipped,3,9
1497,(Lab) Ramsay MILNE,(Lab) Ross GRANT,skipped,skipped,skipped,skipped,skipped,skipped,skipped,3,9
1498,(Lab) Ramsay MILNE,(Lab) Ross GRANT,skipped,skipped,skipped,skipped,skipped,skipped,skipped,3,9
1499,(Lab) Ramsay MILNE,(Lab) Ross GRANT,skipped,skipped,skipped,skipped,skipped,skipped,skipped,3,9
1500,(Lab) Ramsay MILNE,(Lab) Ross GRANT,skipped,skipped,skipped,skipped,skipped,skipped,skipped,3,9
1501,(Lab) Ramsay MILNE,(Lab) Ross GRANT,skipped,skipped,skipped,skipped,skipped,skipped,skipped,3,9
1502,(Lab) Ramsay MILNE,(Lab) Ross GRANT,skipped,skipped,skipped,skipped,skipped,skipped,skipped,3,9
1503,(Lab) Ramsay MILNE,(Lab) Ross GRANT,skipped,skipped,skipped,skipped,skipped,skipped,skipped,3,9
1504,(Lab) Ramsay MILNE,(Lab) Ross GRANT,skipped,skipped,skipped,skipped,skipped,skipped,skipped,3,9
1505,(Lab) Ramsay MILNE,(Lab) Ross GRANT,skipped,skipped,skipped,skipped,skipped,skipped,skipped,3,9
1506,(Lab) Ramsay MILNE,(Lab) Ross GRANT,skipped,skipped,skipped,skipped,skipped,skipped,skipped,3,9
1507,(Lab) Ramsay MILNE,(Lab) Ross GRANT,skipped,skipped,skipped,skipped,skipped,skipped,skipped,3,9
1508,(Lab) Ramsay MILNE,(Lab) Ross GRANT,skipped,skipped,skipped,skipped,skipped,skipped,skipped,3,9
1509,(Lab) Ramsay MILNE,(Lab) Ross GRANT,skipped,skipped,skipped,skipped,skipped,skipped,skipped,3,9
1510,(Lab) Ramsay MILNE,(Lab) Ross GRANT,skipped,skipped,skipped,skipped,skipped,skipped,skipped,3,9
1511,(Lab) Ramsay MILNE,(Lab) Ross GRANT,skipped,skipped,skipped,skipped,skipped,skipped,skipped,3,9
1512,(Lab) Ramsay MILNE,(Lab) Ross GRANT,skipped,skipped,skipped,skipped,skipped,skipped,skipped,3,9
1513,(Lab) Ramsay MILNE,(Lab) Ross GRANT,skipped,skipped,skipped,skipped,skipped,skipped,skipped,3,9
1514,(Lab) Ramsay MILNE,(Lab) Ross GRANT,skipped,skipped,skipped,skipped,skipped,skipped,skipped,3,9
1515,(Lab) Ramsay MILNE,(Lab) Ross GRANT,skipped,skipped,skipped,skipped,skipped,skipped,skipped,3,9
1516,(Lab) Ramsay MILNE,(Lab) Ross GRANT,skipped,skipped,skipped,skipped,skipped,skipped,skipped,3,9
1517,(Lab) Ramsay MILNE,(Lab) Ross GRANT,skipped,skipped,skipped,skipped,skipped,skipped,skipped,3,9
1518,(Lab) Ramsay MILNE,(Lab) Ross GRANT,skipped,skipped,skipped,skipped,skipped,skipped,skipped,3,9
1519,(Lab) Ramsay MILNE,(Lab) Ross GRANT,skipped,skipped,skipped,skipped,skipped,skipped,skipped,3,9
1520,(Lab) Ramsay MILNE,(Lab) Ross GRANT,skipped,skipped,skipped,skipped,skipped,skipped,skipped,3,9
1521,(Lab) Ramsay MILNE,(Lab) Ross GRANT,skipped,skipped,skipped,skipped,skipped,skipped,skipped,3,9
1522,(Lab) Ramsay MILNE,(Lab) Ross GRANT,skipped,skipped,skipped,skipped,skipped,skipped,skipped,3,9
1523,(Lab) Ramsay MILNE,(Lab) Ross GRANT,skipped,skipped,skipped,skipped,skipped,skipped,skipped,3,9
1524,(Lab) Ramsay MILNE,(Lab) Ross GRANT,skipped,skipped,skipped,skipped,skipped,skipped,skipped,3,9
1525,(Lab) Ramsay MILNE,(Lab) Ross GRANT,skipped,skipped,skipped,skipped,skipped,skipped,skipped,3,9
1526,(Lab) Ramsay MILNE,(Lab) Ross GRANT,skipped,skipped,skipped,skipped,skipped,skipped,skipped,3,9
1527,(Lab) Ramsay MILNE,(Lab) Ross GRANT,skipped,skipped,skipped,skipped,skipped,skipped,skipped,3,9
1528,(Lab) Ramsay MILNE,(Lab) Ross GRANT,skipped,skipped,skipped,skipped,skipped,skipped,skipped,3,9
1529,(Lab) Ramsay MILNE,(Lab) Ross GRANT,skipped,skipped,skipped,skipped,skipped,skipped,skipped,3,9
1530,(Lab) Ramsay MILNE,(Lab) Ross GRANT,skipped,skipped,skipped,skipped,skipped,skipped,skipped,3,9
1531,(Lab) Ramsay MILNE,(Lab) Ross GRANT,skipped,skipped,skipped,skipped,skipped,skipped,skipped,3,9
1532,(Lab) Ramsay MILNE,(Lab) Ross GRANT,skipped,skipped,skipped,skipped,skipped,skipped,skipped,3,9
1533,(Lab) Ramsay MILNE,(Lab) Ross GRANT,skipped,skipped,skipped,skipped,skipped,skipped,skipped,3,9
1534,(Lab) Ramsay MILNE,(Lab) Ross GRANT,skipped,skipped,skipped,skipped,skipped,skipped,skipped,3,9
1535,(Lab) Ramsay MILNE,(Lab) Ross GRANT,skipped,skipped,skipped,skipped,skipped,skipped,skipped,3,9
1536,(Lab) Ramsay MILNE,(Lab) Ross GRANT,skipped,skipped,skipped,skipped,skipped,skipped,skipped,3,9
1537,(Lab) Ramsay MILNE,(Lab) Ross GRANT,skipped,skipped,skipped,skipped,skipped,skipped,skipped,3,9
1538,(Lab) Ramsay MILNE,(Lab) Ross GRANT,skipped,skipped,skipped,skipped,skipped,skipped,skipped,3,9
1539,(Lab) Ramsay MILNE,(Lab) Ross GRANT,skipped,skipped,skipped,skipped,skipped,skipped,skipped,3,9
1540,(Lab) Ramsay MILNE,(Lab) Ross GRANT,skipped,skipped,skipped,skipped,skipped,skipped,skipped,3,9
1541,(Lab) Ramsay MILNE,(Lab) Ross GRANT,skipped,skipped,skipped,skipped,skipped,skipped,skipped,3,9
1542,(Lab) Ramsay MILNE,(Lab) Ross GRANT,skipped,skipped,skipped,skipped,skipped,skipped,skipped,3,9
1543,(Lab) Ramsay MILNE,(Lab) Ross GRANT,skipped,skipped,skipped,skipped,skipped,skipped,skipped,3,9
1544,(Lab) Ramsay MILNE,(Lab) Ross GRANT,skipped,skipped,skipped,skipped,skipped,skipped,skipped,3,9
1545,(Lab) Ramsay MILNE,(Lab) Ross GRANT,skipped,skipped,skipped,skipped,skipped,skipped,skipped,3,9
1546,(Lab) Ramsay MILNE,(Lab) Ross GRANT,skipped,skipped,skipped,skipped,skipped,skipped,skipped,3,9
1547,(Lab) Ramsay MILNE,(Lab) Ross GRANT,skipped,skipped,skipped,skipped,skipped,skipped,skipped,3,9
1548,(Lab) Ramsay MILNE,(Lab) Ross GRANT,skipped,skipped,skipped,skipped,skipped,skipped,skipped,3,9
1549,(Lab) Ramsay MILNE,(Lab) Ross GRANT,skipped,skipped,skipped,skipped,skipped,skipped,skipped,3,9
1550,(Lab) Ramsay MILNE,(Lab) Ross GRANT,skipped,skipped,skipped,skipped,skipped,skipped,skipped,3,9
1551,(Lab) Ramsay MILNE,(Lab) Ross GRANT,skipped,skipped,skipped,skipped,skipped,skipped,skipped,3,9
1552,(Lab) Ramsay MILNE,(Lab) Ross GRANT,skipped,skipped,skipped,skipped,skipped,skipped,skipped,3,9
1553,(Lab) Ramsay MILNE,(Lab) Ross GRANT,skipped,skipped,skipped,skipped,skipped,skipped,skipped,3,9
1554,(Lab) Ramsay MILNE,(Lab) Ross GRANT,skipped,skipped,skipped,skipped,skipped,skipped,skipped,3,9
1555,(Lab) Ramsay MILNE,(Lab) Ross GRANT,skipped,skipped,skipped,skipped,skipped,skipped,skipped,3,9
1556,(Lab) Ramsay MILNE,(Lab) Ross GRANT,skipped,skipped,skipped,skipped,skipped,skipped,skipped,3,9
1557,(Lab) Ramsay MILNE,(Lab) Ross GRANT,skipped,skipped,skipped,skipped,skipped,skipped,skipped,3,9
1558,(Lab) Ramsay MILNE,(Lab) Ross GRANT,skipped,skipped,skipped,skipped,skipped,skipped,skipped,3,9
1559,(Lab) Ramsay MILNE,(Lab) Ross GRANT,skipped,skipped,skipped,skipped,skipped,skipped,skipped,3,9
1560,(Lab) Ramsay MILNE,(Lab) Ross GRANT,skipped,skipped,skipped,skipped,skipped,skipped,skipped,3,9
1561,(Lab) Ramsay MILNE,(Lab) Ross GRANT,skipped,skipped,skipped,skipped,skipped,skipped,skipped,3,9
1562,(Lab) Ramsay MILNE,(Lab) Ross GRANT,skipped,skipped,skipped,skipped,skipped,skipped,skipped,3,9
1563,(Lab) Ramsay MILNE,(Lab) Ross GRANT,skipped,skipped,skipped,skipped,skipped,skipped,skipped,3,9
1564,(Lab) Ramsay MILNE,(Lab) Ross GRANT,skipped,skipped,skipped,skipped,skipped,skipped,skipped,3,9
1565,(Lab) Ramsay MILNE,(Lab) Ross GRANT,skipped,skipped,skipped,skipped,skipped,skipped,skipped,3,9
1566,(Lab) Ramsay MILNE,(Lab) Ross GRANT,skipped,skipped,skipped,skipped,skipped,skipped,skipped,3,9
1567,(Lab) Ramsay MILNE,(Lab) Ross GRANT,skipped,skipped,skipped,skipped,skipped,skipped,skipped,3,9
1568,(Lab) Ramsay MILNE,(Lab) Ross GRANT,skipped,skipped,skipped,skipped,skipped,skipped,skipped,3,9
1569,(Lab) Ramsay MILNE,(Lab) Ross GRANT,skipped,skipped,skipped,skipped,skipped,skipped,skipped,3,9
1570,(Lab) Ramsay MILNE,(Lab) Ross GRANT,skipped,skipped,skipped,skipped,skipped,skipped,skipped,3,9
1571,(Lab) Ramsay MILNE,(Lab) Ross GRANT,skipped,skipped,skipped,skipped,skipped,skipped,skipped,3,9
1572,(Lab) Ramsay MILNE,(Lab) Ross GRANT,skipped,skipped,skipped,skipped,skipped,skipped,skipped,3,9
1573,(Lab) Ramsay MILNE,(Lab) Ross GRANT,skipped,skipped,skipped,skipped,skipped,skipped,skipped,3,9
1574,(Lab) Ramsay MILNE,(Lab) Ross GRANT,skipped,skipped,skipped,skipped,skipped,skipped,skipped,3,9
1575,(Lab) Ramsay MILNE,(Lab) Ross GRANT,skipped,skipped,skipped,skipped,skipped,skipped,skipped,3,9
1576,(Lab) Ramsay MILNE,(Lab) Ross GRANT,skipped,skipped,skipped,skipped,skipped,skipped,skipped,3,9
1577,(Lab) Ramsay MILNE,(Lab) Ross GRANT,skipped,skipped,skipped,skipped,skipped,skipped,skipped,3,9
1578,(Lab) Ramsay MILNE,(Lab) Ross GRANT,skipped,skipped,skipped,skipped,skipped,skipped,skipped,3,9
1579,(Lab) Ramsay MILNE,(Lab) Ross GRANT,skipped,skipped,skipped,skipped,skipped,skipped,skipped,3,9
1580,(Lab) Ramsay MILNE,(Lab) Ross GRANT,skipped,skipped,skipped,skipped,skipped,skipped,skipped,3,9
1581,(Lab) Ramsay MILNE,(Lab) Ross GRANT,skipped,skipped,skipped,skipped,skipped,skipped,skipped,3,9
1582,(Lab) Ramsay MILNE,(Lab) Ross GRANT,skipped,skipped,skipped,skipped,skipped,skipped,skipped,3,9
1583,(Lab) Ramsay MILNE,(Lab) Ross GRANT,skipped,skipped,skipped,skipped,skipped,skipped,skipped,3,9
1584,(Lab) Ramsay MILNE,(Lab) Ross GRANT,skipped,skipped,skipped,skipped,skipped,skipped,skipped,3,9
1585,(Lab) Ramsay MILNE,(Lab) Ross GRANT,skipped,skipped,skipped,skipped,skipped,skipped,skipped,3,9
1586,(Lab) Ramsay MILNE,(Lab) Ross GRANT,skipped,skipped,skipped,skipped,skipped,skipped,skipped,3,9
1587,(Lab) Ramsay MILNE,(Lab) Ross GRANT,skipped,skipped,skipped,skipped,skipped,skipped,skipped,3,9
1588,(Lab) Ramsay MILNE,(Lab) Ross GRANT,skipped,skipped,skipped,skipped,skipped,skipped,skipped,3,9
1589,(Lab) Ramsay MILNE,(Lab) Ross GRANT,skipped,skipped,skipped,skipped,skipped,skipped,skipped,3,9
1590,(Lab) Ramsay MILNE,(Lab) Ross GRANT,skipped,skipped,skipped,skipped,skipped,skipped,skipped,3,9
1591,(Lab) Ramsay MILNE,(Lab) Ross GRANT,skipped,skipped,skipped,skipped,skipped,skipped,skipped,3,9
1592,(Lab) Ramsay MILNE,(Lab) Ross GRANT,skipped,skipped,skipped,skipped,skipped,skipped,skipped,3,9
1593,(Lab) Ramsay MILNE,(Lab) Ross GRANT,skipped,skipped,skipped,skipped,skipped,skipped,skipped,3,9
1594,(Lab) Ramsay MILNE,(Lab) Ross GRANT,skipped,skipped,skipped,skipped,skipped,skipped,skipped,3,9
1595,(Lab) Ramsay MILNE,(Lab) Ross GRANT,skipped,skipped,skipped,skipped,skipped,skipped,skipped,3,9
1596,(Lab) Ramsay MILNE,(Lab) Ross GRANT,skipped,skipped,skipped,skipped,skipped,skipped,skipped,3,9
1597,(Lab) Ramsay MILNE,(Lab) Ross GRANT,skipped,skipped,skipped,skipped,skipped,skipped,skipped,3,9
1598,(Lab) Ramsay MILNE,(Lab) Ross GRANT,skipped,skipped,skipped,skipped,skipped,skipped,skipped,3,9
1599,(Lab) Ramsay MILNE,(Lab) Ross GRANT,skipped,skipped,skipped,skipped,skipped,skipped,skipped,3,9
1600,(Lab) Ramsay MILNE,(Lab) Ross GRANT,skipped,skipped,skipped,skipped,skipped,skipped,skipped,3,9
1601,(Lab) Ramsay MILNE,(Lab) Ross GRANT,skipped,skipped,skipped,skipped,skipped,skipped,skipped,3,9
1602,(Lab) Ramsay MILNE,(Lab) Ross GRANT,skipped,skipped,skipped,skipped,skipped,skipped,skipped,3,9
1603,(Lab) Ramsay MILNE,(Lab) Ross GRANT,skipped,skipped,skipped,skipped,skipped,skipped,skipped,3,9
1604,(Lab) Ramsay MILNE,(Lab) Ross GRANT,skipped,skipped,skipped,skipped,skipped,skipped,skipped,3,9
1605,(Lab) Ramsay MILNE,(Lab) Ross GRANT,skipped,skipped,skipped,skipped,skipped,skipped,skipped,3,9
1606,(Lab) Ramsay MILNE,(Lab) Ross GRANT,skipped,skipped,skipped,skipped,skipped,skipped,skipped,3,9
1607,(Lab) Ramsay MILNE,(Lab) Ross GRANT,skipped,skipped,skipped,skipped,skipped,skipped,skipped,3,9
1608,(Lab) Ramsay MILNE,(Lab) Ross GRANT,skipped,skipped,skipped,skipped,skipped,skipped,skipped,3,9
1609,(Lab) Ramsay MILNE,(Lab) Ross GRANT,skipped,skipped,skipped,skipped,skipped,skipped,skipped,3,9
1610,(Lab) Ramsay MILNE,(Lab) Ross GRANT,skipped,skipped,skipped,skipped,skipped,skipped,skipped,3,9
1611,(Lab) Ramsay MILNE,(Lab) Ross GRANT,skipped,skipped,skipped,skipped,skipped,skipped,skipped,3,9
1612,(Lab) Ramsay MILNE,(Lab) Ross GRANT,skipped,skipped,skipped,skipped,skipped,skipped,skipped,3,9
1613,(Lab) Ramsay MILNE,(Lab) Ross GRANT,skipped,skipped,skipped,skipped,skipped,skipped,skipped,3,9
1614,(Lab) Ramsay MILNE,(Lab) Ross GRANT,skipped,skipped,skipped,skipped,skipped,skipped,skipped,3,9
1615,(Lab) Ramsay MILNE,(Lab) Ross GRANT,skipped,skipped,skipped,skipped,skipped,skipped,skipped,3,9
1616,(Lab) Ramsay MILNE,(Lab) Ross GRANT,skipped,skipped,skipped,skipped,skipped,skipped,skipped,3,9
1617,(Lab) Ramsay MILNE,(Lab) Ross GRANT,skipped,skipped,skipped,skipped,skipped,skipped,skipped,3,9
1618,(Lab) Ramsay MILNE,(Lab) Ross GRANT,skipped,skipped,skipped,skipped,skipped,skipped,skipped,3,9
1619,(Lab) Ramsay MILNE,(Lab) Ross GRANT,skipped,skipped,skipped,skipped,skipped,skipped,skipped,3,9
1620,(Lab) Ramsay MILNE,(Lab) Ross GRANT,skipped,skipped,skipped,skipped,skipped,skipped,skipped,3,9
1621,(Lab) Ramsay MILNE,(Lab) Ross GRANT,(Ind) Norman COLLIE,skipped,skipped,skipped,skipped,skipped,skipped,3,9
1622,(Lab) Ramsay MILNE,(Lab) Ross GRANT,(Ind) Norman COLLIE,skipped,skipped,skipped,skipped,skipped,skipped,3,9
1623,(Lab) Ramsay MILNE,(Lab) Ross GRANT,(Ind) Norman COLLIE,skipped,skipped,skipped,skipped,skipped,skipped,3,9
1624,(Lab) Ramsay MILNE,(Lab) Ross GRANT,(Ind) Norman COLLIE,skipped,skipped,skipped,skipped,skipped,skipped,3,9
1625,(Lab) Ramsay MILNE,(Lab) Ross GRANT,(Ind) Norman COLLIE,skipped,skipped,skipped,skipped,skipped,skipped,3,9
1626,(Lab) Ramsay MILNE,(Lab) Ross GRANT,(Ind) Norman COLLIE,skipped,skipped,skipped,skipped,skipped,skipped,3,9
1627,(Lab) Ramsay MILNE,(Lab) Ross GRANT,(Ind) Norman COLLIE,skipped,skipped,skipped,skipped,skipped,skipped,3,9
1628,(Lab) Ramsay MILNE,(Lab) Ross GRANT,(Ind) Norman COLLIE,skipped,skipped,skipped,skipped,skipped,skipped,3,9
1629,(Lab) Ramsay MILNE,(Lab) Ross GRANT,(Ind) Norman COLLIE,skipped,skipped,skipped,skipped,skipped,skipped,3,9
1630,(Lab) Ramsay MILNE,(Lab) Ross GRANT,(Ind) Norman COLLIE,skipped,skipped,skipped,skipped,skipped,skipped,3,9
1631,(Lab) Ramsay MILNE,(Lab) Ross GRANT,(Ind) Norman COLLIE,skipped,skipped,skipped,skipped,skipped,skipped,3,9
1632,(Lab) Ramsay MILNE,(Lab) Ross GRANT,(Ind) Norman COLLIE,skipped,skipped,skipped,skipped,skipped,skipped,3,9
1633,(Lab) Ramsay MILNE,(Lab) Ross GRANT,(Ind) Norman COLLIE,skipped,skipped,skipped,skipped,skipped,skipped,3,9
1634,(Lab) Ramsay MILNE,(Lab) Ross GRANT,(Ind) Norman COLLIE,skipped,skipped,skipped,skipped,skipped,skipped,3,9
1635,(Lab) Ramsay MILNE,(Lab) Ross GRANT,(Ind) Norman COLLIE,skipped,skipped,skipped,skipped,skipped,skipped,3,9
1636,(Lab) Ramsay MILNE,(Lab) Ross GRANT,(Ind) Norman COLLIE,skipped,skipped,skipped,skipped,skipped,skipped,3,9
1637,(Lab) Ramsay MILNE,(Lab) Ross GRANT,(Ind) Norman COLLIE,skipped,skipped,skipped,skipped,skipped,skipped,3,9
1638,(Lab) Ramsay MILNE,(Lab) Ross GRANT,(Ind) Norman COLLIE,skipped,skipped,skipped,skipped,skipped,skipped,3,9
1639,(Lab) Ramsay MILNE,(Lab) Ross GRANT,(Ind) Norman COLLIE,skipped,skipped,skipped,skipped,skipped,skipped,3,9
1640,(Lab) Ramsay MILNE,(Lab) Ross GRANT,(Ind) Norman COLLIE,skipped,skipped,skipped,skipped,skipped,skipped,3,9
1641,(Lab) Ramsay MILNE,(Lab) Ross GRANT,(Ind) Norman COLLIE,skipped,skipped,skipped,skipped,skipped,skipped,3,9
1642,(Lab) Ramsay MILNE,(Lab) Ross GRANT,(Ind) Norman COLLIE,skipped,skipped,skipped,skipped,skipped,skipped,3,9
1643,(Lab) Ramsay MILNE,(Lab) Ross GRANT,(Ind) Norman COLLIE,skipped,skipped,skipped,skipped,skipped,skipped,3,9
1644,(Lab) Ramsay MILNE,(Lab) Ross GRANT,(Ind) Norman COLLIE,skipped,skipped,skipped,skipped,skipped,skipped,3,9
1645,(Lab) Ramsay MILNE,(Lab) Ross GRANT,(Ind) Norman COLLIE,skipped,skipped,skipped,skipped,skipped,skipped,3,9
1646,(Lab) Ramsay MILNE,(Lab) Ross GRANT,(Ind) Norman COLLIE,skipped,skipped,skipped,skipped,skipped,skipped,3,9
1647,(Lab) Ramsay MILNE,(Lab) Ross GRANT,(Ind) Norman COLLIE,skipped,skipped,skipped,skipped,skipped,skipped,3,9
1648,(Lab) Ramsay MILNE,(Lab) Ross GRANT,(Ind) Norman COLLIE,skipped,skipped,skipped,skipped,skipped,skipped,3,9
1649,(Lab) Ramsay MILNE,(Lab) Ross GRANT,(Ind) Norman COLLIE,skipped,skipped,skipped,skipped,skipped,skipped,3,9
1650,(Lab) Ramsay MILNE,(Lab) Ross GRANT,(Ind) Norman COLLIE,skipped,skipped,skipped,skipped,skipped,skipped,3,9
1651,(Lab) Ramsay MILNE,(Lab) Ross GRANT,(Ind) Norman COLLIE,skipped,skipped,skipped,skipped,skipped,skipped,3,9
1652,(Lab) Ramsay MILNE,(Lab) Ross GRANT,(Ind) Norman COLLIE,skipped,skipped,skipped,skipped,skipped,skipped,3,9
1653,(Lab) Ramsay MILNE,(Lab) Ross GRANT,(Ind) Norman COLLIE,skipped,skipped,skipped,skipped,skipped,skipped,3,9
1654,(Lab) Ramsay MILNE,(Lab) Ross GRANT,(Ind) Norman COLLIE,skipped,skipped,skipped,skipped,skipped,skipped,3,9
1655,(Lab) Ramsay MILNE,(Lab) Ross GRANT,(Ind) Norman COLLIE,skipped,skipped,skipped,skipped,skipped,skipped,3,9
1656,(Lab) Ramsay MILNE,(Lab) Ross GRANT,(Ind) Norman COLLIE,skipped,skipped,skipped,skipped,skipped,skipped,3,9
1657,(Lab) Ramsay MILNE,(Lab) Ross GRANT,(Ind) Norman COLLIE,skipped,skipped,skipped,skipped,skipped,skipped,3,9
1658,(Lab) Ramsay MILNE,(Lab) Ross GRANT,(Ind) Norman COLLIE,skipped,skipped,skipped,skipped,skipped,skipped,3,9
1659,(Lab) Ramsay MILNE,(Lab) Ross GRANT,(Ind) Norman COLLIE,skipped,skipped,skipped,skipped,skipped,skipped,3,9
1660,(Lab) Ramsay MILNE,(Lab) Ross GRANT,(Ind) Norman COLLIE,skipped,skipped,skipped,skipped,skipped,skipped,3,9
1661,(Lab) Ramsay MILNE,(Lab) Ross GRANT,(Ind) Norman COLLIE,skipped,skipped,skipped,skipped,skipped,skipped,3,9
1662,(Lab) Ramsay MILNE,(Lab) Ross GRANT,(Ind) Norman COLLIE,skipped,skipped,skipped,skipped,skipped,skipped,3,9
1663,(Lab) Ramsay MILNE,(Lab) Ross GRANT,(Ind) Norman COLLIE,(Grn) Gina FORD,(LD) David GREEN,(SNP) Jim NOBLE,(SNP) Mike PARK,skipped,skipped,3,9
1664,(Lab) Ramsay MILNE,(Lab) Ross GRANT,(Ind) Norman COLLIE,(Grn) Gina FORD,(Con) Daniel Stephen MCCROSKRIE,(LD) David GREEN,(SNP) Jim NOBLE,(SNP) Mike PARK,(NF) Mike PHILLIPS,3,9
1665,(Lab) Ramsay MILNE,(Lab) Ross GRANT,(Ind) Norman COLLIE,(Grn) Gina FORD,(SNP) Jim NOBLE,(SNP) Mike PARK,(LD) David GREEN,(Con) Daniel Stephen MCCROSKRIE,(NF) Mike PHILLIPS,3,9
1666,(Lab) Ramsay MILNE,(Lab) Ross GRANT,(Ind) Norman COLLIE,(LD) David GREEN,(Con) Daniel Stephen MCCROSKRIE,skipped,skipped,skipped,skipped,3,9
1667,(Lab) Ramsay MILNE,(Lab) Ross GRANT,(Ind) Norman COLLIE,(Con) Daniel Stephen MCCROSKRIE,skipped,skipped,skipped,skipped,skipped,3,9
1668,(Lab) Ramsay MILNE,(Lab) Ross GRANT,(Ind) Norman COLLIE,(SNP) Jim NOBLE,skipped,skipped,skipped,skipped,skipped,3,9
1669,(Lab) Ramsay MILNE,(Lab) Ross GRANT,(Grn) Gina FORD,skipped,skipped,skipped,skipped,skipped,skipped,3,9
1670,(Lab) Ramsay MILNE,(Lab) Ross GRANT,(Grn) Gina FORD,skipped,skipped,skipped,skipped,skipped,skipped,3,9
1671,(Lab) Ramsay MILNE,(Lab) Ross GRANT,(Grn) Gina FORD,skipped,skipped,skipped,skipped,skipped,skipped,3,9
1672,(Lab) Ramsay MILNE,(Lab) Ross GRANT,(Grn) Gina FORD,skipped,skipped,skipped,skipped,skipped,skipped,3,9
1673,(Lab) Ramsay MILNE,(Lab) Ross GRANT,(Grn) Gina FORD,skipped,skipped,skipped,skipped,skipped,skipped,3,9
1674,(Lab) Ramsay MILNE,(Lab) Ross GRANT,(Grn) Gina FORD,skipped,skipped,skipped,skipped,skipped,skipped,3,9
1675,(Lab) Ramsay MILNE,(Lab) Ross GRANT,(Grn) Gina FORD,skipped,skipped,skipped,skipped,skipped,skipped,3,9
1676,(Lab) Ramsay MILNE,(Lab) Ross GRANT,(Grn) Gina FORD,skipped,skipped,skipped,skipped,skipped,skipped,3,9
1677,(Lab) Ramsay MILNE,(Lab) Ross GRANT,(Grn) Gina FORD,skipped,skipped,skipped,skipped,skipped,skipped,3,9
1678,(Lab) Ramsay MILNE,(Lab) Ross GRANT,(Grn) Gina FORD,skipped,skipped,skipped,skipped,skipped,skipped,3,9
1679,(Lab) Ramsay MILNE,(Lab) Ross GRANT,(Grn) Gina FORD,skipped,skipped,skipped,skipped,skipped,skipped,3,9
1680,(Lab) Ramsay MILNE,(Lab) Ross GRANT,(Grn) Gina FORD,skipped,skipped,skipped,skipped,skipped,skipped,3,9
1681,(Lab) Ramsay MILNE,(Lab) Ross GRANT,(Grn) Gina FORD,skipped,skipped,skipped,skipped,skipped,skipped,3,9
1682,(Lab) Ramsay MILNE,(Lab) Ross GRANT,(Grn) Gina FORD,skipped,skipped,skipped,skipped,skipped,skipped,3,9
1683,(Lab) Ramsay MILNE,(Lab) Ross GRANT,(Grn) Gina FORD,skipped,skipped,skipped,skipped,skipped,skipped,3,9
1684,(Lab) Ramsay MILNE,(Lab) Ross GRANT,(Grn) Gina FORD,skipped,skipped,skipped,skipped,skipped,skipped,3,9
1685,(Lab) Ramsay MILNE,(Lab) Ross GRANT,(Grn) Gina FORD,skipped,skipped,skipped,skipped,skipped,skipped,3,9
1686,(Lab) Ramsay MILNE,(Lab) Ross GRANT,(Grn) Gina FORD,skipped,skipped,skipped,skipped,skipped,skipped,3,9
1687,(Lab) Ramsay MILNE,(Lab) Ross GRANT,(Grn) Gina FORD,skipped,skipped,skipped,skipped,skipped,skipped,3,9
1688,(Lab) Ramsay MILNE,(Lab) Ross GRANT,(Grn) Gina FORD,skipped,skipped,skipped,skipped,skipped,skipped,3,9
1689,(Lab) Ramsay MILNE,(Lab) Ross GRANT,(Grn) Gina FORD,skipped,skipped,skipped,skipped,skipped,skipped,3,9
1690,(Lab) Ramsay MILNE,(Lab) Ross GRANT,(Grn) Gina FORD,skipped,skipped,skipped,skipped,skipped,skipped,3,9
1691,(Lab) Ramsay MILNE,(Lab) Ross GRANT,(Grn) Gina FORD,skipped,skipped,skipped,skipped,skipped,skipped,3,9
1692,(Lab) Ramsay MILNE,(Lab) Ross GRANT,(Grn) Gina FORD,skipped,skipped,skipped,skipped,skipped,skipped,3,9
1693,(Lab) Ramsay MILNE,(Lab) Ross GRANT,(Grn) Gina FORD,skipped,skipped,skipped,skipped,skipped,skipped,3,9
1694,(Lab) Ramsay MILNE,(Lab) Ross GRANT,(Grn) Gina FORD,skipped,skipped,skipped,skipped,skipped,skipped,3,9
1695,(Lab) Ramsay MILNE,(Lab) Ross GRANT,(Grn) Gina FORD,skipped,skipped,skipped,skipped,skipped,skipped,3,9
1696,(Lab) Ramsay MILNE,(Lab) Ross GRANT,(Grn) Gina FORD,skipped,skipped,skipped,skipped,skipped,skipped,3,9
1697,(Lab) Ramsay MILNE,(Lab) Ross GRANT,(Grn) Gina FORD,(Ind) Norman COLLIE,skipped,skipped,skipped,skipped,skipped,3,9
1698,(Lab) Ramsay MILNE,(Lab) Ross GRANT,(Grn) Gina FORD,(Ind) Norman COLLIE,skipped,skipped,skipped,skipped,skipped,3,9
1699,(Lab) Ramsay MILNE,(Lab) Ross GRANT,(Grn) Gina FORD,(Ind) Norman COLLIE,skipped,skipped,skipped,skipped,skipped,3,9
1700,(Lab) Ramsay MILNE,(Lab) Ross GRANT,(Grn) Gina FORD,(Ind) Norman COLLIE,(LD) David GREEN,(Con) Daniel Stephen MCCROSKRIE,(SNP) Jim NOBLE,(SNP) Mike PARK,(NF) Mike PHILLIPS,3,9
1701,(Lab) Ramsay MILNE,(Lab) Ross GRANT,(Grn) Gina FORD,(LD) David GREEN,skipped,skipped,skipped,skipped,skipped,3,9
1702,(Lab) Ramsay MILNE,(Lab) Ross GRANT,(Grn) Gina FORD,(LD) David GREEN,skipped,skipped,skipped,skipped,skipped,3,9
1703,(Lab) Ramsay MILNE,(Lab) Ross GRANT,(Grn) Gina FORD,(LD) David GREEN,(Ind) Norman COLLIE,skipped,skipped,skipped,skipped,3,9
1704,(Lab) Ramsay MILNE,(Lab) Ross GRANT,(Grn) Gina FORD,(LD) David GREEN,(Con) Daniel Stephen MCCROSKRIE,skipped,skipped,skipped,skipped,3,9
1705,(Lab) Ramsay MILNE,(Lab) Ross GRANT,(Grn) Gina FORD,(LD) David GREEN,(Con) Daniel Stephen MCCROSKRIE,(SNP) Jim NOBLE,(SNP) Mike PARK,skipped,skipped,3,9
1706,(Lab) Ramsay MILNE,(Lab) Ross GRANT,(Grn) Gina FORD,(LD) David GREEN,(SNP) Jim NOBLE,(SNP) Mike PARK,(Ind) Norman COLLIE,(Con) Daniel Stephen MCCROSKRIE,(NF) Mike PHILLIPS,3,9
1707,(Lab) Ramsay MILNE,(Lab) Ross GRANT,(Grn) Gina FORD,(Con) Daniel Stephen MCCROSKRIE,(Ind) Norman COLLIE,skipped,skipped,skipped,skipped,3,9
1708,(Lab) Ramsay MILNE,(Lab) Ross GRANT,(Grn) Gina FORD,(Con) Daniel Stephen MCCROSKRIE,(LD) David GREEN,(Ind) Norman COLLIE,(NF) Mike PHILLIPS,(SNP) Jim NOBLE,(SNP) Mike PARK,3,9
1709,(Lab) Ramsay MILNE,(Lab) Ross GRANT,(Grn) Gina FORD,(SNP) Jim NOBLE,(SNP) Mike PARK,skipped,skipped,skipped,skipped,3,9
1710,(Lab) Ramsay MILNE,(Lab) Ross GRANT,(Grn) Gina FORD,(SNP) Jim NOBLE,(SNP) Mike PARK,skipped,skipped,skipped,skipped,3,9
1711,(Lab) Ramsay MILNE,(Lab) Ross GRANT,(Grn) Gina FORD,(SNP) Jim NOBLE,(SNP) Mike PARK,(LD) David GREEN,skipped,skipped,skipped,3,9
1712,(Lab) Ramsay MILNE,(Lab) Ross GRANT,(Grn) Gina FORD,(NF) Mike PHILLIPS,skipped,skipped,skipped,skipped,skipped,3,9
1713,(Lab) Ramsay MILNE,(Lab) Ross GRANT,(Grn) Gina FORD,(NF) Mike PHILLIPS,skipped,skipped,skipped,skipped,skipped,3,9
1714,(Lab) Ramsay MILNE,(Lab) Ross GRANT,(LD) David GREEN,skipped,skipped,skipped,skipped,skipped,skipped,3,9
1715,(Lab) Ramsay MILNE,(Lab) Ross GRANT,(LD) David GREEN,skipped,skipped,skipped,skipped,skipped,skipped,3,9
1716,(Lab) Ramsay MILNE,(Lab) Ross GRANT,(LD) David GREEN,skipped,skipped,skipped,skipped,skipped,skipped,3,9
1717,(Lab) Ramsay MILNE,(Lab) Ross GRANT,(LD) David GREEN,skipped,skipped,skipped,skipped,skipped,skipped,3,9
1718,(Lab) Ramsay MILNE,(Lab) Ross GRANT,(LD) David GREEN,skipped,skipped,skipped,skipped,skipped,skipped,3,9
1719,(Lab) Ramsay MILNE,(Lab) Ross GRANT,(LD) David GREEN,skipped,skipped,skipped,skipped,skipped,skipped,3,9
1720,(Lab) Ramsay MILNE,(Lab) Ross GRANT,(LD) David GREEN,skipped,skipped,skipped,skipped,skipped,skipped,3,9
1721,(Lab) Ramsay MILNE,(Lab) Ross GRANT,(LD) David GREEN,skipped,skipped,skipped,skipped,skipped,skipped,3,9
1722,(Lab) Ramsay MILNE,(Lab) Ross GRANT,(LD) David GREEN,skipped,skipped,skipped,skipped,skipped,skipped,3,9
1723,(Lab) Ramsay MILNE,(Lab) Ross GRANT,(LD) David GREEN,skipped,skipped,skipped,skipped,skipped,skipped,3,9
1724,(Lab) Ramsay MILNE,(Lab) Ross GRANT,(LD) David GREEN,skipped,skipped,skipped,skipped,skipped,skipped,3,9
1725,(Lab) Ramsay MILNE,(Lab) Ross GRANT,(LD) David GREEN,(Ind) Norman COLLIE,skipped,skipped,skipped,skipped,skipped,3,9
1726,(Lab) Ramsay MILNE,(Lab) Ross GRANT,(LD) David GREEN,(Ind) Norman COLLIE,(Con) Daniel Stephen MCCROSKRIE,(Grn) Gina FORD,skipped,skipped,skipped,3,9
1727,(Lab) Ramsay MILNE,(Lab) Ross GRANT,(LD) David GREEN,(Grn) Gina FORD,skipped,skipped,skipped,skipped,skipped,3,9
1728,(Lab) Ramsay MILNE,(Lab) Ross GRANT,(LD) David GREEN,(Grn) Gina FORD,skipped,skipped,skipped,skipped,skipped,3,9
1729,(Lab) Ramsay MILNE,(Lab) Ross GRANT,(LD) David GREEN,(Grn) Gina FORD,(Ind) Norman COLLIE,skipped,skipped,skipped,skipped,3,9
1730,(Lab) Ramsay MILNE,(Lab) Ross GRANT,(LD) David GREEN,(Con) Daniel Stephen MCCROSKRIE,skipped,skipped,skipped,skipped,skipped,3,9
1731,(Lab) Ramsay MILNE,(Lab) Ross GRANT,(LD) David GREEN,(Con) Daniel Stephen MCCROSKRIE,skipped,skipped,skipped,skipped,skipped,3,9
1732,(Lab) Ramsay MILNE,(Lab) Ross GRANT,(LD) David GREEN,(Con) Daniel Stephen MCCROSKRIE,skipped,skipped,skipped,skipped,skipped,3,9
1733,(Lab) Ramsay MILNE,(Lab) Ross GRANT,(LD) David GREEN,(Con) Daniel Stephen MCCROSKRIE,(Grn) Gina FORD,skipped,skipped,skipped,skipped,3,9
1734,(Lab) Ramsay MILNE,(Lab) Ross GRANT,(LD) David GREEN,(Con) Daniel Stephen MCCROSKRIE,(Grn) Gina FORD,(SNP) Jim NOBLE,(SNP) Mike PARK,skipped,skipped,3,9
1735,(Lab) Ramsay MILNE,(Lab) Ross GRANT,(Con) Daniel Stephen MCCROSKRIE,skipped,skipped,skipped,skipped,skipped,skipped,3,9
1736,(Lab) Ramsay MILNE,(Lab) Ross GRANT,(Con) Daniel Stephen MCCROSKRIE,skipped,skipped,skipped,skipped,skipped,skipped,3,9
1737,(Lab) Ramsay MILNE,(Lab) Ross GRANT,(Con) Daniel Stephen MCCROSKRIE,skipped,skipped,skipped,skipped,skipped,skipped,3,9
1738,(Lab) Ramsay MILNE,(Lab) Ross GRANT,(Con) Daniel Stephen MCCROSKRIE,skipped,skipped,skipped,skipped,skipped,skipped,3,9
1739,(Lab) Ramsay MILNE,(Lab) Ross GRANT,(Con) Daniel Stephen MCCROSKRIE,skipped,skipped,skipped,skipped,skipped,skipped,3,9
1740,(Lab) Ramsay MILNE,(Lab) Ross GRANT,(Con) Daniel Stephen MCCROSKRIE,(Grn) Gina FORD,skipped,skipped,skipped,skipped,skipped,3,9
1741,(Lab) Ramsay MILNE,(Lab) Ross GRANT,(Con) Daniel Stephen MCCROSKRIE,(SNP) Jim NOBLE,skipped,skipped,skipped,skipped,skipped,3,9
1742,(Lab) Ramsay MILNE,(Lab) Ross GRANT,(SNP) Jim NOBLE,skipped,skipped,skipped,skipped,skipped,skipped,3,9
1743,(Lab) Ramsay MILNE,(Lab) Ross GRANT,(SNP) Jim NOBLE,skipped,skipped,skipped,skipped,skipped,skipped,3,9
1744,(Lab) Ramsay MILNE,(Lab) Ross GRANT,(SNP) Jim NOBLE,skipped,skipped,skipped,skipped,skipped,skipped,3,9
1745,(Lab) Ramsay MILNE,(Lab) Ross GRANT,(SNP) Jim NOBLE,skipped,skipped,skipped,skipped,skipped,skipped,3,9
1746,(Lab) Ramsay MILNE,(Lab) Ross GRANT,(SNP) Jim NOBLE,skipped,skipped,skipped,skipped,skipped,skipped,3,9
1747,(Lab) Ramsay MILNE,(Lab) Ross GRANT,(SNP) Jim NOBLE,skipped,skipped,skipped,skipped,skipped,skipped,3,9
1748,(Lab) Ramsay MILNE,(Lab) Ross GRANT,(SNP) Jim NOBLE,skipped,skipped,skipped,skipped,skipped,skipped,3,9
1749,(Lab) Ramsay MILNE,(Lab) Ross GRANT,(SNP) Jim NOBLE,skipped,skipped,skipped,skipped,skipped,skipped,3,9
1750,(Lab) Ramsay MILNE,(Lab) Ross GRANT,(SNP) Jim NOBLE,skipped,skipped,skipped,skipped,skipped,skipped,3,9
1751,(Lab) Ramsay MILNE,(Lab) Ross GRANT,(SNP) Jim NOBLE,skipped,skipped,skipped,skipped,skipped,skipped,3,9
1752,(Lab) Ramsay MILNE,(Lab) Ross GRANT,(SNP) Jim NOBLE,(Ind) Norman COLLIE,skipped,skipped,skipped,skipped,skipped,3,9
1753,(Lab) Ramsay MILNE,(Lab) Ross GRANT,(SNP) Jim NOBLE,(LD) David GREEN,(Ind) Norman COLLIE,(Grn) Gina FORD,(Con) Daniel Stephen MCCROSKRIE,skipped,skipped,3,9
1754,(Lab) Ramsay MILNE,(Lab) Ross GRANT,(SNP) Jim NOBLE,(SNP) Mike PARK,skipped,skipped,skipped,skipped,skipped,3,9
1755,(Lab) Ramsay MILNE,(Lab) Ross GRANT,(SNP) Jim NOBLE,(SNP) Mike PARK,skipped,skipped,skipped,skipped,skipped,3,9
1756,(Lab) Ramsay MILNE,(Lab) Ross GRANT,(SNP) Jim NOBLE,(SNP) Mike PARK,skipped,skipped,skipped,skipped,skipped,3,9
1757,(Lab) Ramsay MILNE,(Lab) Ross GRANT,(SNP) Jim NOBLE,(SNP) Mike PARK,skipped,skipped,skipped,skipped,skipped,3,9
1758,(Lab) Ramsay MILNE,(Lab) Ross GRANT,(SNP) Jim NOBLE,(SNP) Mike PARK,skipped,skipped,skipped,skipped,skipped,3,9
1759,(Lab) Ramsay MILNE,(Lab) Ross GRANT,(SNP) Jim NOBLE,(SNP) Mike PARK,skipped,skipped,skipped,skipped,skipped,3,9
1760,(Lab) Ramsay MILNE,(Lab) Ross GRANT,(SNP) Jim NOBLE,(SNP) Mike PARK,skipped,skipped,skipped,skipped,skipped,3,9
1761,(Lab) Ramsay MILNE,(Lab) Ross GRANT,(SNP) Jim NOBLE,(SNP) Mike PARK,skipped,skipped,skipped,skipped,skipped,3,9
1762,(Lab) Ramsay MILNE,(Lab) Ross GRANT,(SNP) Jim NOBLE,(SNP) Mike PARK,skipped,skipped,skipped,skipped,skipped,3,9
1763,(Lab) Ramsay MILNE,(Lab) Ross GRANT,(SNP) Jim NOBLE,(SNP) Mike PARK,skipped,skipped,skipped,skipped,skipped,3,9
1764,(Lab) Ramsay MILNE,(Lab) Ross GRANT,(SNP) Jim NOBLE,(SNP) Mike PARK,(Ind) Norman COLLIE,(Grn) Gina FORD,skipped,skipped,skipped,3,9
1765,(Lab) Ramsay MILNE,(Lab) Ross GRANT,(SNP) Jim NOBLE,(SNP) Mike PARK,(Ind) Norman COLLIE,(Grn) Gina FORD,(NF) Mike PHILLIPS,(LD) David GREEN,(Con) Daniel Stephen MCCROSKRIE,3,9
1766,(Lab) Ramsay MILNE,(Lab) Ross GRANT,(SNP) Jim NOBLE,(SNP) Mike PARK,(LD) David GREEN,skipped,skipped,skipped,skipped,3,9
1767,(Lab) Ramsay MILNE,(Lab) Ross GRANT,(SNP) Jim NOBLE,(SNP) Mike PARK,(Con) Daniel Stephen MCCROSKRIE,(LD) David GREEN,(Ind) Norman COLLIE,(Grn) Gina FORD,(NF) Mike PHILLIPS,3,9
1768,(Lab) Ramsay MILNE,(Lab) Ross GRANT,(SNP) Jim NOBLE,(SNP) Mike PARK,(NF) Mike PHILLIPS,(Con) Daniel Stephen MCCROSKRIE,(Ind) Norman COLLIE,(Grn) Gina FORD,(LD) David GREEN,3,9
1769,(Lab) Ramsay MILNE,(Lab) Ross GRANT,(SNP) Mike PARK,skipped,skipped,skipped,skipped,skipped,skipped,3,9
1770,(Lab) Ramsay MILNE,(Lab) Ross GRANT,(SNP) Mike PARK,skipped,skipped,skipped,skipped,skipped,skipped,3,9
1771,(Lab) Ramsay MILNE,(Lab) Ross GRANT,(SNP) Mike PARK,skipped,skipped,skipped,skipped,skipped,skipped,3,9
1772,(Lab) Ramsay MILNE,(Lab) Ross GRANT,(SNP) Mike PARK,skipped,skipped,skipped,skipped,skipped,skipped,3,9
1773,(Lab) Ramsay MILNE,(Lab) Ross GRANT,(SNP) Mike PARK,skipped,skipped,skipped,skipped,skipped,skipped,3,9
1774,(Lab) Ramsay MILNE,(Lab) Ross GRANT,(SNP) Mike PARK,(Grn) Gina FORD,skipped,skipped,skipped,skipped,skipped,3,9
1775,(Lab) Ramsay MILNE,(Lab) Ross GRANT,(SNP) Mike PARK,(SNP) Jim NOBLE,skipped,skipped,skipped,skipped,skipped,3,9
1776,(Lab) Ramsay MILNE,(Lab) Ross GRANT,(SNP) Mike PARK,(SNP) Jim NOBLE,skipped,skipped,skipped,skipped,skipped,3,9
1777,(Lab) Ramsay MILNE,(Lab) Ross GRANT,(SNP) Mike PARK,(SNP) Jim NOBLE,(Grn) Gina FORD,skipped,skipped,skipped,skipped,3,9
1778,(Lab) Ramsay MILNE,(Lab) Ross GRANT,(SNP) Mike PARK,(SNP) Jim NOBLE,(LD) David GREEN,skipped,skipped,skipped,skipped,3,9
1779,(Lab) Ramsay MILNE,(Lab) Ross GRANT,(SNP) Mike PARK,(SNP) Jim NOBLE,(LD) David GREEN,skipped,skipped,skipped,skipped,3,9
1780,(Lab) Ramsay MILNE,(Lab) Ross GRANT,(NF) Mike PHILLIPS,skipped,skipped,skipped,skipped,skipped,skipped,3,9
1781,(Lab) Ramsay MILNE,(Lab) Ross GRANT,(NF) Mike PHILLIPS,skipped,skipped,skipped,skipped,skipped,skipped,3,9
1782,(Lab) Ramsay MILNE,(LD) David GREEN,skipped,skipped,skipped,skipped,skipped,skipped,skipped,3,9
1783,(Lab) Ramsay MILNE,(LD) David GREEN,(Ind) Norman COLLIE,skipped,skipped,skipped,skipped,skipped,skipped,3,9
1784,(Lab) Ramsay MILNE,(LD) David GREEN,(Grn) Gina FORD,(Lab) Ross GRANT,skipped,skipped,skipped,skipped,skipped,3,9
1785,(Lab) Ramsay MILNE,(LD) David GREEN,(Grn) Gina FORD,(Lab) Ross GRANT,skipped,skipped,skipped,skipped,skipped,3,9
1786,(Lab) Ramsay MILNE,(LD) David GREEN,(Lab) Ross GRANT,skipped,skipped,skipped,skipped,skipped,skipped,3,9
1787,(Lab) Ramsay MILNE,(LD) David GREEN,(Lab) Ross GRANT,(Con) Daniel Stephen MCCROSKRIE,skipped,skipped,skipped,skipped,skipped,3,9
1788,(Lab) Ramsay MILNE,(LD) David GREEN,(Con) Daniel Stephen MCCROSKRIE,(NF) Mike PHILLIPS,(Lab) Ross GRANT,(Grn) Gina FORD,skipped,skipped,skipped,3,9
1789,(Lab) Ramsay MILNE,(LD) David GREEN,(NF) Mike PHILLIPS,skipped,skipped,skipped,skipped,skipped,skipped,3,9
1790,(Lab) Ramsay MILNE,(Con) Daniel Stephen MCCROSKRIE,(Ind) Norman COLLIE,skipped,skipped,skipped,skipped,skipped,skipped,3,9
1791,(Lab) Ramsay MILNE,(Con) Daniel Stephen MCCROSKRIE,(Lab) Ross GRANT,skipped,skipped,skipped,skipped,skipped,skipped,3,9
1792,(Lab) Ramsay MILNE,(Con) Daniel Stephen MCCROSKRIE,(Lab) Ross GRANT,skipped,skipped,skipped,skipped,skipped,skipped,3,9
1793,(Lab) Ramsay MILNE,(Con) Daniel Stephen MCCROSKRIE,(LD) David GREEN,skipped,skipped,skipped,skipped,skipped,skipped,3,9
1794,(Lab) Ramsay MILNE,(Con) Daniel Stephen MCCROSKRIE,(LD) David GREEN,skipped,skipped,skipped,skipped,skipped,skipped,3,9
1795,(Lab) Ramsay MILNE,(Con) Daniel Stephen MCCROSKRIE,(LD) David GREEN,(Grn) Gina FORD,(Ind) Norman COLLIE,(Lab) Ross GRANT,skipped,skipped,skipped,3,9
1796,(Lab) Ramsay MILNE,(SNP) Jim NOBLE,skipped,skipped,skipped,skipped,skipped,skipped,skipped,3,9
1797,(Lab) Ramsay MILNE,(SNP) Jim NOBLE,skipped,skipped,skipped,skipped,skipped,skipped,skipped,3,9
1798,(Lab) Ramsay MILNE,(SNP) Jim NOBLE,skipped,skipped,skipped,skipped,skipped,skipped,skipped,3,9
1799,(Lab) Ramsay MILNE,(SNP) Jim NOBLE,skipped,skipped,skipped,skipped,skipped,skipped,skipped,3,9
1800,(Lab) Ramsay MILNE,(SNP) Jim NOBLE,(Grn) Gina FORD,(Ind) Norman COLLIE,skipped,skipped,skipped,skipped,skipped,3,9
1801,(Lab) Ramsay MILNE,(SNP) Jim NOBLE,(Lab) Ross GRANT,skipped,skipped,skipped,skipped,skipped,skipped,3,9
1802,(Lab) Ramsay MILNE,(SNP) Jim NOBLE,(Lab) Ross GRANT,skipped,skipped,skipped,skipped,skipped,skipped,3,9
1803,(Lab) Ramsay MILNE,(SNP) Jim NOBLE,(Lab) Ross GRANT,skipped,skipped,skipped,skipped,skipped,skipped,3,9
1804,(Lab) Ramsay MILNE,(SNP) Jim NOBLE,(Lab) Ross GRANT,skipped,skipped,skipped,skipped,skipped,skipped,3,9
1805,(Lab) Ramsay MILNE,(SNP) Jim NOBLE,(Lab) Ross GRANT,skipped,skipped,skipped,skipped,skipped,skipped,3,9
1806,(Lab) Ramsay MILNE,(SNP) Jim NOBLE,(Lab) Ross GRANT,skipped,skipped,skipped,skipped,skipped,skipped,3,9
1807,(Lab) Ramsay MILNE,(SNP) Jim NOBLE,(Lab) Ross GRANT,skipped,skipped,skipped,skipped,skipped,skipped,3,9
1808,(Lab) Ramsay MILNE,(SNP) Jim NOBLE,(Lab) Ross GRANT,(Ind) Norman COLLIE,(Grn) Gina FORD,skipped,skipped,skipped,skipped,3,9
1809,(Lab) Ramsay MILNE,(SNP) Jim NOBLE,(Lab) Ross GRANT,(Ind) Norman COLLIE,(SNP) Mike PARK,skipped,skipped,skipped,skipped,3,9
1810,(Lab) Ramsay MILNE,(SNP) Jim NOBLE,(Lab) Ross GRANT,(SNP) Mike PARK,(Ind) Norman COLLIE,skipped,skipped,skipped,skipped,3,9
1811,(Lab) Ramsay MILNE,(SNP) Jim NOBLE,(Lab) Ross GRANT,(SNP) Mike PARK,(LD) David GREEN,(Con) Daniel Stephen MCCROSKRIE,skipped,skipped,skipped,3,9
1812,(Lab) Ramsay MILNE,(SNP) Jim NOBLE,(LD) David GREEN,(Lab) Ross GRANT,(SNP) Mike PARK,(Ind) Norman COLLIE,skipped,skipped,skipped,3,9
1813,(Lab) Ramsay MILNE,(SNP) Jim NOBLE,(Con) Daniel Stephen MCCROSKRIE,(LD) David GREEN,(Lab) Ross GRANT,(Grn) Gina FORD,(SNP) Mike PARK,(NF) Mike PHILLIPS,(Ind) Norman COLLIE,3,9
1814,(Lab) Ramsay MILNE,(SNP) Jim NOBLE,(Con) Daniel Stephen MCCROSKRIE,(SNP) Mike PARK,skipped,skipped,skipped,skipped,skipped,3,9
1815,(Lab) Ramsay MILNE,(SNP) Jim NOBLE,(SNP) Mike PARK,skipped,skipped,skipped,skipped,skipped,skipped,3,9
1816,(Lab) Ramsay MILNE,(SNP) Jim NOBLE,(SNP) Mike PARK,(Lab) Ross GRANT,skipped,skipped,skipped,skipped,skipped,3,9
1817,(Lab) Ramsay MILNE,(SNP) Jim NOBLE,(SNP) Mike PARK,(Lab) Ross GRANT,skipped,skipped,skipped,skipped,skipped,3,9
1818,(Lab) Ramsay MILNE,(SNP) Jim NOBLE,(SNP) Mike PARK,(Lab) Ross GRANT,skipped,skipped,skipped,skipped,skipped,3,9
1819,(Lab) Ramsay MILNE,(SNP) Jim NOBLE,(SNP) Mike PARK,(Lab) Ross GRANT,(Ind) Norman COLLIE,(Con) Daniel Stephen MCCROSKRIE,(LD) David GREEN,(Grn) Gina FORD,(NF) Mike PHILLIPS,3,9
1820,(Lab) Ramsay MILNE,(SNP) Mike PARK,skipped,skipped,skipped,skipped,skipped,skipped,skipped,3,9
1821,(Lab) Ramsay MILNE,(SNP) Mike PARK,(LD) David GREEN,skipped,skipped,skipped,skipped,skipped,skipped,3,9
1822,(Lab) Ramsay MILNE,(SNP) Mike PARK,(SNP) Jim NOBLE,skipped,skipped,skipped,skipped,skipped,skipped,3,9
1823,(Lab) Ramsay MILNE,(SNP) Mike PARK,(NF) Mike PHILLIPS,skipped,skipped,skipped,skipped,skipped,skipped,3,9
1824,(Lab) Ramsay MILNE,(NF) Mike PHILLIPS,skipped,skipped,skipped,skipped,skipped,skipped,skipped,3,9
1825,(Lab) Ramsay MILNE,(NF) Mike PHILLIPS,(Ind) Norman COLLIE,skipped,skipped,skipped,skipped,skipped,skipped,3,9
1826,(SNP) Jim NOBLE,skipped,skipped,skipped,skipped,skipped,skipped,skipped,skipped,3,9
1827,(SNP) Jim NOBLE,skipped,skipped,skipped,skipped,skipped,skipped,skipped,skipped,3,9
1828,(SNP) Jim NOBLE,skipped,skipped,skipped,skipped,skipped,skipped,skipped,skipped,3,9
1829,(SNP) Jim NOBLE,skipped,skipped,skipped,skipped,skipped,skipped,skipped,skipped,3,9
1830,(SNP) Jim NOBLE,skipped,skipped,skipped,skipped,skipped,skipped,skipped,skipped,3,9
1831,(SNP) Jim NOBLE,skipped,skipped,skipped,skipped,skipped,skipped,skipped,skipped,3,9
1832,(SNP) Jim NOBLE,skipped,skipped,skipped,skipped,skipped,skipped,skipped,skipped,3,9
1833,(SNP) Jim NOBLE,skipped,skipped,skipped,skipped,skipped,skipped,skipped,skipped,3,9
1834,(SNP) Jim NOBLE,skipped,skipped,skipped,skipped,skipped,skipped,skipped,skipped,3,9
1835,(SNP) Jim NOBLE,skipped,skipped,skipped,skipped,skipped,skipped,skipped,skipped,3,9
1836,(SNP) Jim NOBLE,skipped,skipped,skipped,skipped,skipped,skipped,skipped,skipped,3,9
1837,(SNP) Jim NOBLE,skipped,skipped,skipped,skipped,skipped,skipped,skipped,skipped,3,9
1838,(SNP) Jim NOBLE,skipped,skipped,skipped,skipped,skipped,skipped,skipped,skipped,3,9
1839,(SNP) Jim NOBLE,skipped,skipped,skipped,skipped,skipped,skipped,skipped,skipped,3,9
1840,(SNP) Jim NOBLE,skipped,skipped,skipped,skipped,skipped,skipped,skipped,skipped,3,9
1841,(SNP) Jim NOBLE,skipped,skipped,skipped,skipped,skipped,skipped,skipped,skipped,3,9
1842,(SNP) Jim NOBLE,skipped,skipped,skipped,skipped,skipped,skipped,skipped,skipped,3,9
1843,(SNP) Jim NOBLE,skipped,skipped,skipped,skipped,skipped,skipped,skipped,skipped,3,9
1844,(SNP) Jim NOBLE,skipped,skipped,skipped,skipped,skipped,skipped,skipped,skipped,3,9
1845,(SNP) Jim NOBLE,skipped,skipped,skipped,skipped,skipped,skipped,skipped,skipped,3,9
1846,(SNP) Jim NOBLE,skipped,skipped,skipped,skipped,skipped,skipped,skipped,skipped,3,9
1847,(SNP) Jim NOBLE,skipped,skipped,skipped,skipped,skipped,skipped,skipped,skipped,3,9
1848,(SNP) Jim NOBLE,(Ind) Norman COLLIE,(Grn) Gina FORD,skipped,skipped,skipped,skipped,skipped,skipped,3,9
1849,(SNP) Jim NOBLE,(Ind) Norman COLLIE,(Lab) Ross GRANT,skipped,skipped,skipped,skipped,skipped,skipped,3,9
1850,(SNP) Jim NOBLE,(Ind) Norman COLLIE,(Lab) Ross GRANT,skipped,skipped,skipped,skipped,skipped,skipped,3,9
1851,(SNP) Jim NOBLE,(Ind) Norman COLLIE,(Lab) Ramsay MILNE,skipped,skipped,skipped,skipped,skipped,skipped,3,9
1852,(SNP) Jim NOBLE,(Ind) Norman COLLIE,(SNP) Mike PARK,skipped,skipped,skipped,skipped,skipped,skipped,3,9
1853,(SNP) Jim NOBLE,(Ind) Norman COLLIE,(SNP) Mike PARK,skipped,skipped,skipped,skipped,skipped,skipped,3,9
1854,(SNP) Jim NOBLE,(Ind) Norman COLLIE,(SNP) Mike PARK,(Grn) Gina FORD,skipped,skipped,skipped,skipped,skipped,3,9
1855,(SNP) Jim NOBLE,(Ind) Norman COLLIE,(SNP) Mike PARK,(Lab) Ross GRANT,(LD) David GREEN,(Con) Daniel Stephen MCCROSKRIE,(Grn) Gina FORD,(Lab) Ramsay MILNE,(NF) Mike PHILLIPS,3,9
1856,(SNP) Jim NOBLE,(Ind) Norman COLLIE,(SNP) Mike PARK,(Lab) Ross GRANT,(Lab) Ramsay MILNE,(LD) David GREEN,(Con) Daniel Stephen MCCROSKRIE,(Grn) Gina FORD,(NF) Mike PHILLIPS,3,9
1857,(SNP) Jim NOBLE,(Grn) Gina FORD,skipped,skipped,skipped,skipped,skipped,skipped,skipped,3,9
1858,(SNP) Jim NOBLE,(Grn) Gina FORD,skipped,skipped,skipped,skipped,skipped,skipped,skipped,3,9
1859,(SNP) Jim NOBLE,(Grn) Gina FORD,(Ind) Norman COLLIE,(SNP) Mike PARK,skipped,skipped,skipped,skipped,skipped,3,9
1860,(SNP) Jim NOBLE,(Grn) Gina FORD,(Con) Daniel Stephen MCCROSKRIE,skipped,skipped,skipped,skipped,skipped,skipped,3,9
1861,(SNP) Jim NOBLE,(Grn) Gina FORD,(Lab) Ramsay MILNE,(Lab) Ross GRANT,(Con) Daniel Stephen MCCROSKRIE,(SNP) Mike PARK,(LD) David GREEN,(NF) Mike PHILLIPS,(Ind) Norman COLLIE,3,9
1862,(SNP) Jim NOBLE,(Grn) Gina FORD,(SNP) Mike PARK,skipped,skipped,skipped,skipped,skipped,skipped,3,9
1863,(SNP) Jim NOBLE,(Grn) Gina FORD,(SNP) Mike PARK,skipped,skipped,skipped,skipped,skipped,skipped,3,9
1864,(SNP) Jim NOBLE,(Grn) Gina FORD,(SNP) Mike PARK,skipped,skipped,skipped,skipped,skipped,skipped,3,9
1865,(SNP) Jim NOBLE,(Grn) Gina FORD,(SNP) Mike PARK,skipped,skipped,skipped,skipped,skipped,skipped,3,9
1866,(SNP) Jim NOBLE,(Grn) Gina FORD,(SNP) Mike PARK,(LD) David GREEN,(Lab) Ross GRANT,(Lab) Ramsay MILNE,skipped,skipped,skipped,3,9
1867,(SNP) Jim NOBLE,(Grn) Gina FORD,(NF) Mike PHILLIPS,skipped,skipped,skipped,skipped,skipped,skipped,3,9
1868,(SNP) Jim NOBLE,(Lab) Ross GRANT,skipped,skipped,skipped,skipped,skipped,skipped,skipped,3,9
1869,(SNP) Jim NOBLE,(Lab) Ross GRANT,(Ind) Norman COLLIE,skipped,skipped,skipped,skipped,skipped,skipped,3,9
1870,(SNP) Jim NOBLE,(Lab) Ross GRANT,(Ind) Norman COLLIE,(Lab) Ramsay MILNE,(Grn) Gina FORD,skipped,skipped,skipped,skipped,3,9
1871,(SNP) Jim NOBLE,(Lab) Ross GRANT,(Ind) Norman COLLIE,(SNP) Mike PARK,(Lab) Ramsay MILNE,(LD) David GREEN,skipped,skipped,skipped,3,9
1872,(SNP) Jim NOBLE,(Lab) Ross GRANT,(LD) David GREEN,skipped,skipped,skipped,skipped,skipped,skipped,3,9
1873,(SNP) Jim NOBLE,(Lab) Ross GRANT,(Con) Daniel Stephen MCCROSKRIE,(Lab) Ramsay MILNE,skipped,skipped,skipped,skipped,skipped,3,9
1874,(SNP) Jim NOBLE,(Lab) Ross GRANT,(Lab) Ramsay MILNE,skipped,skipped,skipped,skipped,skipped,skipped,3,9
1875,(SNP) Jim NOBLE,(Lab) Ross GRANT,(Lab) Ramsay MILNE,skipped,skipped,skipped,skipped,skipped,skipped,3,9
1876,(SNP) Jim NOBLE,(Lab) Ross GRANT,(Lab) Ramsay MILNE,(Grn) Gina FORD,skipped,skipped,skipped,skipped,skipped,3,9
1877,(SNP) Jim NOBLE,(Lab) Ross GRANT,(Lab) Ramsay MILNE,(LD) David GREEN,skipped,skipped,skipped,skipped,skipped,3,9
1878,(SNP) Jim NOBLE,(Lab) Ross GRANT,(Lab) Ramsay MILNE,(SNP) Mike PARK,skipped,skipped,skipped,skipped,skipped,3,9
1879,(SNP) Jim NOBLE,(Lab) Ross GRANT,(SNP) Mike PARK,skipped,skipped,skipped,skipped,skipped,skipped,3,9
1880,(SNP) Jim NOBLE,(Lab) Ross GRANT,(SNP) Mike PARK,skipped,skipped,skipped,skipped,skipped,skipped,3,9
1881,(SNP) Jim NOBLE,(Lab) Ross GRANT,(SNP) Mike PARK,skipped,skipped,skipped,skipped,skipped,skipped,3,9
1882,(SNP) Jim NOBLE,(Lab) Ross GRANT,(SNP) Mike PARK,skipped,skipped,skipped,skipped,skipped,skipped,3,9
1883,(SNP) Jim NOBLE,(Lab) Ross GRANT,(SNP) Mike PARK,(Ind) Norman COLLIE,(Grn) Gina FORD,(LD) David GREEN,(Con) Daniel Stephen MCCROSKRIE,(Lab) Ramsay MILNE,(NF) Mike PHILLIPS,3,9
1884,(SNP) Jim NOBLE,(Lab) Ross GRANT,(SNP) Mike PARK,(Grn) Gina FORD,(Ind) Norman COLLIE,(Lab) Ramsay MILNE,(NF) Mike PHILLIPS,(LD) David GREEN,(Con) Daniel Stephen MCCROSKRIE,3,9
1885,(SNP) Jim NOBLE,(Lab) Ross GRANT,(SNP) Mike PARK,(Lab) Ramsay MILNE,skipped,skipped,skipped,skipped,skipped,3,9
1886,(SNP) Jim NOBLE,(LD) David GREEN,skipped,skipped,skipped,skipped,skipped,skipped,skipped,3,9
1887,(SNP) Jim NOBLE,(LD) David GREEN,(Grn) Gina FORD,skipped,skipped,skipped,skipped,skipped,skipped,3,9
1888,(SNP) Jim NOBLE,(LD) David GREEN,(Lab) Ross GRANT,skipped,skipped,skipped,skipped,skipped,skipped,3,9
1889,(SNP) Jim NOBLE,(LD) David GREEN,(Lab) Ross GRANT,skipped,skipped,skipped,skipped,skipped,skipped,3,9
1890,(SNP) Jim NOBLE,(LD) David GREEN,(Con) Daniel Stephen MCCROSKRIE,skipped,skipped,skipped,skipped,skipped,skipped,3,9
1891,(SNP) Jim NOBLE,(LD) David GREEN,(Lab) Ramsay MILNE,skipped,skipped,skipped,skipped,skipped,skipped,3,9
1892,(SNP) Jim NOBLE,(LD) David GREEN,(SNP) Mike PARK,(Lab) Ross GRANT,(Lab) Ramsay MILNE,(Ind) Norman COLLIE,skipped,skipped,skipped,3,9
1893,(SNP) Jim NOBLE,(LD) David GREEN,(SNP) Mike PARK,(Con) Daniel Stephen MCCROSKRIE,(Ind) Norman COLLIE,(Lab) Ross GRANT,(Lab) Ramsay MILNE,(Grn) Gina FORD,(NF) Mike PHILLIPS,3,9
1894,(SNP) Jim NOBLE,(Con) Daniel Stephen MCCROSKRIE,skipped,skipped,skipped,skipped,skipped,skipped,skipped,3,9
1895,(SNP) Jim NOBLE,(Con) Daniel Stephen MCCROSKRIE,(Lab) Ramsay MILNE,skipped,skipped,skipped,skipped,skipped,skipped,3,9
1896,(SNP) Jim NOBLE,(Con) Daniel Stephen MCCROSKRIE,(SNP) Mike PARK,skipped,skipped,skipped,skipped,skipped,skipped,3,9
1897,(SNP) Jim NOBLE,(Lab) Ramsay MILNE,skipped,skipped,skipped,skipped,skipped,skipped,skipped,3,9
1898,(SNP) Jim NOBLE,(Lab) Ramsay MILNE,skipped,skipped,skipped,skipped,skipped,skipped,skipped,3,9
1899,(SNP) Jim NOBLE,(Lab) Ramsay MILNE,skipped,skipped,skipped,skipped,skipped,skipped,skipped,3,9
1900,(SNP) Jim NOBLE,(Lab) Ramsay MILNE,skipped,skipped,skipped,skipped,skipped,skipped,skipped,3,9
1901,(SNP) Jim NOBLE,(Lab) Ramsay MILNE,(Grn) Gina FORD,skipped,skipped,skipped,skipped,skipped,skipped,3,9
1902,(SNP) Jim NOBLE,(Lab) Ramsay MILNE,(Grn) Gina FORD,skipped,skipped,skipped,skipped,skipped,skipped,3,9
1903,(SNP) Jim NOBLE,(Lab) Ramsay MILNE,(Grn) Gina FORD,(SNP) Mike PARK,(LD) David GREEN,skipped,skipped,skipped,skipped,3,9
1904,(SNP) Jim NOBLE,(Lab) Ramsay MILNE,(Lab) Ross GRANT,skipped,skipped,skipped,skipped,skipped,skipped,3,9
1905,(SNP) Jim NOBLE,(Lab) Ramsay MILNE,(Lab) Ross GRANT,skipped,skipped,skipped,skipped,skipped,skipped,3,9
1906,(SNP) Jim NOBLE,(Lab) Ramsay MILNE,(Lab) Ross GRANT,(Ind) Norman COLLIE,(Grn) Gina FORD,(SNP) Mike PARK,skipped,skipped,skipped,3,9
1907,(SNP) Jim NOBLE,(Lab) Ramsay MILNE,(Lab) Ross GRANT,(Grn) Gina FORD,(SNP) Mike PARK,skipped,skipped,skipped,skipped,3,9
1908,(SNP) Jim NOBLE,(Lab) Ramsay MILNE,(Lab) Ross GRANT,(SNP) Mike PARK,skipped,skipped,skipped,skipped,skipped,3,9
1909,(SNP) Jim NOBLE,(Lab) Ramsay MILNE,(Lab) Ross GRANT,(SNP) Mike PARK,skipped,skipped,skipped,skipped,skipped,3,9
1910,(SNP) Jim NOBLE,(Lab) Ramsay MILNE,(Lab) Ross GRANT,(SNP) Mike PARK,skipped,skipped,skipped,skipped,skipped,3,9
1911,(SNP) Jim NOBLE,(Lab) Ramsay MILNE,(LD) David GREEN,skipped,skipped,skipped,skipped,skipped,skipped,3,9
1912,(SNP) Jim NOBLE,(Lab) Ramsay MILNE,(SNP) Mike PARK,skipped,skipped,skipped,skipped,skipped,skipped,3,9
1913,(SNP) Jim NOBLE,(Lab) Ramsay MILNE,(SNP) Mike PARK,skipped,skipped,skipped,skipped,skipped,skipped,3,9
1914,(SNP) Jim NOBLE,(Lab) Ramsay MILNE,(SNP) Mike PARK,(Lab) Ross GRANT,(LD) David GREEN,(Grn) Gina FORD,skipped,skipped,skipped,3,9
1915,(SNP) Jim NOBLE,(Lab) Ramsay MILNE,(SNP) Mike PARK,(Lab) Ross GRANT,(Con) Daniel Stephen MCCROSKRIE,skipped,skipped,skipped,skipped,3,9
1916,(SNP) Jim NOBLE,(Lab) Ramsay MILNE,(SNP) Mike PARK,(Lab) Ross GRANT,(Con) Daniel Stephen MCCROSKRIE,(LD) David GREEN,(Ind) Norman COLLIE,(Grn) Gina FORD,skipped,3,9
1917,(SNP) Jim NOBLE,(Lab) Ramsay MILNE,(SNP) Mike PARK,(LD) David GREEN,(Lab) Ross GRANT,(Con) Daniel Stephen MCCROSKRIE,skipped,skipped,skipped,3,9
1918,(SNP) Jim NOBLE,(Lab) Ramsay MILNE,(SNP) Mike PARK,(NF) Mike PHILLIPS,(Grn) Gina FORD,skipped,skipped,skipped,skipped,3,9
1919,(SNP) Jim NOBLE,(Lab) Ramsay MILNE,(NF) Mike PHILLIPS,skipped,skipped,skipped,skipped,skipped,skipped,3,9
1920,(SNP) Jim NOBLE,(Lab) Ramsay MILNE,(NF) Mike PHILLIPS,skipped,skipped,skipped,skipped,skipped,skipped,3,9
1921,(SNP) Jim NOBLE,(SNP) Mike PARK,skipped,skipped,skipped,skipped,skipped,skipped,skipped,3,9
1922,(SNP) Jim NOBLE,(SNP) Mike PARK,skipped,skipped,skipped,skipped,skipped,skipped,skipped,3,9
1923,(SNP) Jim NOBLE,(SNP) Mike PARK,skipped,skipped,skipped,skipped,skipped,skipped,skipped,3,9
1924,(SNP) Jim NOBLE,(SNP) Mike PARK,skipped,skipped,skipped,skipped,skipped,skipped,skipped,3,9
1925,(SNP) Jim NOBLE,(SNP) Mike PARK,skipped,skipped,skipped,skipped,skipped,skipped,skipped,3,9
1926,(SNP) Jim NOBLE,(SNP) Mike PARK,skipped,skipped,skipped,skipped,skipped,skipped,skipped,3,9
1927,(SNP) Jim NOBLE,(SNP) Mike PARK,skipped,skipped,skipped,skipped,skipped,skipped,skipped,3,9
1928,(SNP) Jim NOBLE,(SNP) Mike PARK,skipped,skipped,skipped,skipped,skipped,skipped,skipped,3,9
1929,(SNP) Jim NOBLE,(SNP) Mike PARK,skipped,skipped,skipped,skipped,skipped,skipped,skipped,3,9
1930,(SNP) Jim NOBLE,(SNP) Mike PARK,skipped,skipped,skipped,skipped,skipped,skipped,skipped,3,9
1931,(SNP) Jim NOBLE,(SNP) Mike PARK,skipped,skipped,skipped,skipped,skipped,skipped,skipped,3,9
1932,(SNP) Jim NOBLE,(SNP) Mike PARK,skipped,skipped,skipped,skipped,skipped,skipped,skipped,3,9
1933,(SNP) Jim NOBLE,(SNP) Mike PARK,skipped,skipped,skipped,skipped,skipped,skipped,skipped,3,9
1934,(SNP) Jim NOBLE,(SNP) Mike PARK,skipped,skipped,skipped,skipped,skipped,skipped,skipped,3,9
1935,(SNP) Jim NOBLE,(SNP) Mike PARK,skipped,skipped,skipped,skipped,skipped,skipped,skipped,3,9
1936,(SNP) Jim NOBLE,(SNP) Mike PARK,skipped,skipped,skipped,skipped,skipped,skipped,skipped,3,9
1937,(SNP) Jim NOBLE,(SNP) Mike PARK,skipped,skipped,skipped,skipped,skipped,skipped,skipped,3,9
1938,(SNP) Jim NOBLE,(SNP) Mike PARK,skipped,skipped,skipped,skipped,skipped,skipped,skipped,3,9
1939,(SNP) Jim NOBLE,(SNP) Mike PARK,skipped,skipped,skipped,skipped,skipped,skipped,skipped,3,9
1940,(SNP) Jim NOBLE,(SNP) Mike PARK,skipped,skipped,skipped,skipped,skipped,skipped,skipped,3,9
1941,(SNP) Jim NOBLE,(SNP) Mike PARK,skipped,skipped,skipped,skipped,skipped,skipped,skipped,3,9
1942,(SNP) Jim NOBLE,(SNP) Mike PARK,skipped,skipped,skipped,skipped,skipped,skipped,skipped,3,9
1943,(SNP) Jim NOBLE,(SNP) Mike PARK,skipped,skipped,skipped,skipped,skipped,skipped,skipped,3,9
1944,(SNP) Jim NOBLE,(SNP) Mike PARK,skipped,skipped,skipped,skipped,skipped,skipped,skipped,3,9
1945,(SNP) Jim NOBLE,(SNP) Mike PARK,skipped,skipped,skipped,skipped,skipped,skipped,skipped,3,9
1946,(SNP) Jim NOBLE,(SNP) Mike PARK,skipped,skipped,skipped,skipped,skipped,skipped,skipped,3,9
1947,(SNP) Jim NOBLE,(SNP) Mike PARK,skipped,skipped,skipped,skipped,skipped,skipped,skipped,3,9
1948,(SNP) Jim NOBLE,(SNP) Mike PARK,skipped,skipped,skipped,skipped,skipped,skipped,skipped,3,9
1949,(SNP) Jim NOBLE,(SNP) Mike PARK,skipped,skipped,skipped,skipped,skipped,skipped,skipped,3,9
1950,(SNP) Jim NOBLE,(SNP) Mike PARK,skipped,skipped,skipped,skipped,skipped,skipped,skipped,3,9
1951,(SNP) Jim NOBLE,(SNP) Mike PARK,skipped,skipped,skipped,skipped,skipped,skipped,skipped,3,9
1952,(SNP) Jim NOBLE,(SNP) Mike PARK,skipped,skipped,skipped,skipped,skipped,skipped,skipped,3,9
1953,(SNP) Jim NOBLE,(SNP) Mike PARK,skipped,skipped,skipped,skipped,skipped,skipped,skipped,3,9
1954,(SNP) Jim NOBLE,(SNP) Mike PARK,skipped,skipped,skipped,skipped,skipped,skipped,skipped,3,9
1955,(SNP) Jim NOBLE,(SNP) Mike PARK,skipped,skipped,skipped,skipped,skipped,skipped,skipped,3,9
1956,(SNP) Jim NOBLE,(SNP) Mike PARK,skipped,skipped,skipped,skipped,skipped,skipped,skipped,3,9
1957,(SNP) Jim NOBLE,(SNP) Mike PARK,skipped,skipped,skipped,skipped,skipped,skipped,skipped,3,9
1958,(SNP) Jim NOBLE,(SNP) Mike PARK,skipped,skipped,skipped,skipped,skipped,skipped,skipped,3,9
1959,(SNP) Jim NOBLE,(SNP) Mike PARK,skipped,skipped,skipped,skipped,skipped,skipped,skipped,3,9
1960,(SNP) Jim NOBLE,(SNP) Mike PARK,skipped,skipped,skipped,skipped,skipped,skipped,skipped,3,9
1961,(SNP) Jim NOBLE,(SNP) Mike PARK,skipped,skipped,skipped,skipped,skipped,skipped,skipped,3,9
1962,(SNP) Jim NOBLE,(SNP) Mike PARK,skipped,skipped,skipped,skipped,skipped,skipped,skipped,3,9
1963,(SNP) Jim NOBLE,(SNP) Mike PARK,skipped,skipped,skipped,skipped,skipped,skipped,skipped,3,9
1964,(SNP) Jim NOBLE,(SNP) Mike PARK,skipped,skipped,skipped,skipped,skipped,skipped,skipped,3,9
1965,(SNP) Jim NOBLE,(SNP) Mike PARK,skipped,skipped,skipped,skipped,skipped,skipped,skipped,3,9
1966,(SNP) Jim NOBLE,(SNP) Mike PARK,skipped,skipped,skipped,skipped,skipped,skipped,skipped,3,9
1967,(SNP) Jim NOBLE,(SNP) Mike PARK,skipped,skipped,skipped,skipped,skipped,skipped,skipped,3,9
1968,(SNP) Jim NOBLE,(SNP) Mike PARK,skipped,skipped,skipped,skipped,skipped,skipped,skipped,3,9
1969,(SNP) Jim NOBLE,(SNP) Mike PARK,skipped,skipped,skipped,skipped,skipped,skipped,skipped,3,9
1970,(SNP) Jim NOBLE,(SNP) Mike PARK,skipped,skipped,skipped,skipped,skipped,skipped,skipped,3,9
1971,(SNP) Jim NOBLE,(SNP) Mike PARK,skipped,skipped,skipped,skipped,skipped,skipped,skipped,3,9
1972,(SNP) Jim NOBLE,(SNP) Mike PARK,skipped,skipped,skipped,skipped,skipped,skipped,skipped,3,9
1973,(SNP) Jim NOBLE,(SNP) Mike PARK,skipped,skipped,skipped,skipped,skipped,skipped,skipped,3,9
1974,(SNP) Jim NOBLE,(SNP) Mike PARK,skipped,skipped,skipped,skipped,skipped,skipped,skipped,3,9
1975,(SNP) Jim NOBLE,(SNP) Mike PARK,skipped,skipped,skipped,skipped,skipped,skipped,skipped,3,9
1976,(SNP) Jim NOBLE,(SNP) Mike PARK,skipped,skipped,skipped,skipped,skipped,skipped,skipped,3,9
1977,(SNP) Jim NOBLE,(SNP) Mike PARK,skipped,skipped,skipped,skipped,skipped,skipped,skipped,3,9
1978,(SNP) Jim NOBLE,(SNP) Mike PARK,skipped,skipped,skipped,skipped,skipped,skipped,skipped,3,9
1979,(SNP) Jim NOBLE,(SNP) Mike PARK,skipped,skipped,skipped,skipped,skipped,skipped,skipped,3,9
1980,(SNP) Jim NOBLE,(SNP) Mike PARK,skipped,skipped,skipped,skipped,skipped,skipped,skipped,3,9
1981,(SNP) Jim NOBLE,(SNP) Mike PARK,skipped,skipped,skipped,skipped,skipped,skipped,skipped,3,9
1982,(SNP) Jim NOBLE,(SNP) Mike PARK,skipped,skipped,skipped,skipped,skipped,skipped,skipped,3,9
1983,(SNP) Jim NOBLE,(SNP) Mike PARK,skipped,skipped,skipped,skipped,skipped,skipped,skipped,3,9
1984,(SNP) Jim NOBLE,(SNP) Mike PARK,skipped,skipped,skipped,skipped,skipped,skipped,skipped,3,9
1985,(SNP) Jim NOBLE,(SNP) Mike PARK,skipped,skipped,skipped,skipped,skipped,skipped,skipped,3,9
1986,(SNP) Jim NOBLE,(SNP) Mike PARK,skipped,skipped,skipped,skipped,skipped,skipped,skipped,3,9
1987,(SNP) Jim NOBLE,(SNP) Mike PARK,skipped,skipped,skipped,skipped,skipped,skipped,skipped,3,9
1988,(SNP) Jim NOBLE,(SNP) Mike PARK,skipped,skipped,skipped,skipped,skipped,skipped,skipped,3,9
1989,(SNP) Jim NOBLE,(SNP) Mike PARK,skipped,skipped,skipped,skipped,skipped,skipped,skipped,3,9
1990,(SNP) Jim NOBLE,(SNP) Mike PARK,skipped,skipped,skipped,skipped,skipped,skipped,skipped,3,9
1991,(SNP) Jim NOBLE,(SNP) Mike PARK,skipped,skipped,skipped,skipped,skipped,skipped,skipped,3,9
1992,(SNP) Jim NOBLE,(SNP) Mike PARK,skipped,skipped,skipped,skipped,skipped,skipped,skipped,3,9
1993,(SNP) Jim NOBLE,(SNP) Mike PARK,skipped,skipped,skipped,skipped,skipped,skipped,skipped,3,9
1994,(SNP) Jim NOBLE,(SNP) Mike PARK,skipped,skipped,skipped,skipped,skipped,skipped,skipped,3,9
1995,(SNP) Jim NOBLE,(SNP) Mike PARK,skipped,skipped,skipped,skipped,skipped,skipped,skipped,3,9
1996,(SNP) Jim NOBLE,(SNP) Mike PARK,skipped,skipped,skipped,skipped,skipped,skipped,skipped,3,9
1997,(SNP) Jim NOBLE,(SNP) Mike PARK,skipped,skipped,skipped,skipped,skipped,skipped,skipped,3,9
1998,(SNP) Jim NOBLE,(SNP) Mike PARK,skipped,skipped,skipped,skipped,skipped,skipped,skipped,3,9
1999,(SNP) Jim NOBLE,(SNP) Mike PARK,skipped,skipped,skipped,skipped,skipped,skipped,skipped,3,9
2000,(SNP) Jim NOBLE,(SNP) Mike PARK,skipped,skipped,skipped,skipped,skipped,skipped,skipped,3,9
2001,(SNP) Jim NOBLE,(SNP) Mike PARK,skipped,skipped,skipped,skipped,skipped,skipped,skipped,3,9
2002,(SNP) Jim NOBLE,(SNP) Mike PARK,skipped,skipped,skipped,skipped,skipped,skipped,skipped,3,9
2003,(SNP) Jim NOBLE,(SNP) Mike PARK,skipped,skipped,skipped,skipped,skipped,skipped,skipped,3,9
2004,(SNP) Jim NOBLE,(SNP) Mike PARK,skipped,skipped,skipped,skipped,skipped,skipped,skipped,3,9
2005,(SNP) Jim NOBLE,(SNP) Mike PARK,skipped,skipped,skipped,skipped,skipped,skipped,skipped,3,9
2006,(SNP) Jim NOBLE,(SNP) Mike PARK,skipped,skipped,skipped,skipped,skipped,skipped,skipped,3,9
2007,(SNP) Jim NOBLE,(SNP) Mike PARK,skipped,skipped,skipped,skipped,skipped,skipped,skipped,3,9
2008,(SNP) Jim NOBLE,(SNP) Mike PARK,skipped,skipped,skipped,skipped,skipped,skipped,skipped,3,9
2009,(SNP) Jim NOBLE,(SNP) Mike PARK,skipped,skipped,skipped,skipped,skipped,skipped,skipped,3,9
2010,(SNP) Jim NOBLE,(SNP) Mike PARK,skipped,skipped,skipped,skipped,skipped,skipped,skipped,3,9
2011,(SNP) Jim NOBLE,(SNP) Mike PARK,skipped,skipped,skipped,skipped,skipped,skipped,skipped,3,9
2012,(SNP) Jim NOBLE,(SNP) Mike PARK,skipped,skipped,skipped,skipped,skipped,skipped,skipped,3,9
2013,(SNP) Jim NOBLE,(SNP) Mike PARK,skipped,skipped,skipped,skipped,skipped,skipped,skipped,3,9
2014,(SNP) Jim NOBLE,(SNP) Mike PARK,skipped,skipped,skipped,skipped,skipped,skipped,skipped,3,9
2015,(SNP) Jim NOBLE,(SNP) Mike PARK,skipped,skipped,skipped,skipped,skipped,skipped,skipped,3,9
2016,(SNP) Jim NOBLE,(SNP) Mike PARK,skipped,skipped,skipped,skipped,skipped,skipped,skipped,3,9
2017,(SNP) Jim NOBLE,(SNP) Mike PARK,skipped,skipped,skipped,skipped,skipped,skipped,skipped,3,9
2018,(SNP) Jim NOBLE,(SNP) Mike PARK,skipped,skipped,skipped,skipped,skipped,skipped,skipped,3,9
2019,(SNP) Jim NOBLE,(SNP) Mike PARK,skipped,skipped,skipped,skipped,skipped,skipped,skipped,3,9
2020,(SNP) Jim NOBLE,(SNP) Mike PARK,skipped,skipped,skipped,skipped,skipped,skipped,skipped,3,9
2021,(SNP) Jim NOBLE,(SNP) Mike PARK,skipped,skipped,skipped,skipped,skipped,skipped,skipped,3,9
2022,(SNP) Jim NOBLE,(SNP) Mike PARK,skipped,skipped,skipped,skipped,skipped,skipped,skipped,3,9
2023,(SNP) Jim NOBLE,(SNP) Mike PARK,skipped,skipped,skipped,skipped,skipped,skipped,skipped,3,9
2024,(SNP) Jim NOBLE,(SNP) Mike PARK,skipped,skipped,skipped,skipped,skipped,skipped,skipped,3,9
2025,(SNP) Jim NOBLE,(SNP) Mike PARK,skipped,skipped,skipped,skipped,skipped,skipped,skipped,3,9
2026,(SNP) Jim NOBLE,(SNP) Mike PARK,skipped,skipped,skipped,skipped,skipped,skipped,skipped,3,9
2027,(SNP) Jim NOBLE,(SNP) Mike PARK,skipped,skipped,skipped,skipped,skipped,skipped,skipped,3,9
2028,(SNP) Jim NOBLE,(SNP) Mike PARK,skipped,skipped,skipped,skipped,skipped,skipped,skipped,3,9
2029,(SNP) Jim NOBLE,(SNP) Mike PARK,skipped,skipped,skipped,skipped,skipped,skipped,skipped,3,9
2030,(SNP) Jim NOBLE,(SNP) Mike PARK,skipped,skipped,skipped,skipped,skipped,skipped,skipped,3,9
2031,(SNP) Jim NOBLE,(SNP) Mike PARK,skipped,skipped,skipped,skipped,skipped,skipped,skipped,3,9
2032,(SNP) Jim NOBLE,(SNP) Mike PARK,skipped,skipped,skipped,skipped,skipped,skipped,skipped,3,9
2033,(SNP) Jim NOBLE,(SNP) Mike PARK,skipped,skipped,skipped,skipped,skipped,skipped,skipped,3,9
2034,(SNP) Jim NOBLE,(SNP) Mike PARK,skipped,skipped,skipped,skipped,skipped,skipped,skipped,3,9
2035,(SNP) Jim NOBLE,(SNP) Mike PARK,skipped,skipped,skipped,skipped,skipped,skipped,skipped,3,9
2036,(SNP) Jim NOBLE,(SNP) Mike PARK,skipped,skipped,skipped,skipped,skipped,skipped,skipped,3,9
2037,(SNP) Jim NOBLE,(SNP) Mike PARK,skipped,skipped,skipped,skipped,skipped,skipped,skipped,3,9
2038,(SNP) Jim NOBLE,(SNP) Mike PARK,skipped,skipped,skipped,skipped,skipped,skipped,skipped,3,9
2039,(SNP) Jim NOBLE,(SNP) Mike PARK,skipped,skipped,skipped,skipped,skipped,skipped,skipped,3,9
2040,(SNP) Jim NOBLE,(SNP) Mike PARK,skipped,skipped,skipped,skipped,skipped,skipped,skipped,3,9
2041,(SNP) Jim NOBLE,(SNP) Mike PARK,skipped,skipped,skipped,skipped,skipped,skipped,skipped,3,9
2042,(SNP) Jim NOBLE,(SNP) Mike PARK,skipped,skipped,skipped,skipped,skipped,skipped,skipped,3,9
2043,(SNP) Jim NOBLE,(SNP) Mike PARK,skipped,skipped,skipped,skipped,skipped,skipped,skipped,3,9
2044,(SNP) Jim NOBLE,(SNP) Mike PARK,skipped,skipped,skipped,skipped,skipped,skipped,skipped,3,9
2045,(SNP) Jim NOBLE,(SNP) Mike PARK,skipped,skipped,skipped,skipped,skipped,skipped,skipped,3,9
2046,(SNP) Jim NOBLE,(SNP) Mike PARK,skipped,skipped,skipped,skipped,skipped,skipped,skipped,3,9
2047,(SNP) Jim NOBLE,(SNP) Mike PARK,skipped,skipped,skipped,skipped,skipped,skipped,skipped,3,9
2048,(SNP) Jim NOBLE,(SNP) Mike PARK,skipped,skipped,skipped,skipped,skipped,skipped,skipped,3,9
2049,(SNP) Jim NOBLE,(SNP) Mike PARK,skipped,skipped,skipped,skipped,skipped,skipped,skipped,3,9
2050,(SNP) Jim NOBLE,(SNP) Mike PARK,skipped,skipped,skipped,skipped,skipped,skipped,skipped,3,9
2051,(SNP) Jim NOBLE,(SNP) Mike PARK,skipped,skipped,skipped,skipped,skipped,skipped,skipped,3,9
2052,(SNP) Jim NOBLE,(SNP) Mike PARK,skipped,skipped,skipped,skipped,skipped,skipped,skipped,3,9
2053,(SNP) Jim NOBLE,(SNP) Mike PARK,skipped,skipped,skipped,skipped,skipped,skipped,skipped,3,9
2054,(SNP) Jim NOBLE,(SNP) Mike PARK,skipped,skipped,skipped,skipped,skipped,skipped,skipped,3,9
2055,(SNP) Jim NOBLE,(SNP) Mike PARK,skipped,skipped,skipped,skipped,skipped,skipped,skipped,3,9
2056,(SNP) Jim NOBLE,(SNP) Mike PARK,skipped,skipped,skipped,skipped,skipped,skipped,skipped,3,9
2057,(SNP) Jim NOBLE,(SNP) Mike PARK,skipped,skipped,skipped,skipped,skipped,skipped,skipped,3,9
2058,(SNP) Jim NOBLE,(SNP) Mike PARK,skipped,skipped,skipped,skipped,skipped,skipped,skipped,3,9
2059,(SNP) Jim NOBLE,(SNP) Mike PARK,skipped,skipped,skipped,skipped,skipped,skipped,skipped,3,9
2060,(SNP) Jim NOBLE,(SNP) Mike PARK,skipped,skipped,skipped,skipped,skipped,skipped,skipped,3,9
2061,(SNP) Jim NOBLE,(SNP) Mike PARK,skipped,skipped,skipped,skipped,skipped,skipped,skipped,3,9
2062,(SNP) Jim NOBLE,(SNP) Mike PARK,skipped,skipped,skipped,skipped,skipped,skipped,skipped,3,9
2063,(SNP) Jim NOBLE,(SNP) Mike PARK,skipped,skipped,skipped,skipped,skipped,skipped,skipped,3,9
2064,(SNP) Jim NOBLE,(SNP) Mike PARK,skipped,skipped,skipped,skipped,skipped,skipped,skipped,3,9
2065,(SNP) Jim NOBLE,(SNP) Mike PARK,skipped,skipped,skipped,skipped,skipped,skipped,skipped,3,9
2066,(SNP) Jim NOBLE,(SNP) Mike PARK,skipped,skipped,skipped,skipped,skipped,skipped,skipped,3,9
2067,(SNP) Jim NOBLE,(SNP) Mike PARK,skipped,skipped,skipped,skipped,skipped,skipped,skipped,3,9
2068,(SNP) Jim NOBLE,(SNP) Mike PARK,skipped,skipped,skipped,skipped,skipped,skipped,skipped,3,9
2069,(SNP) Jim NOBLE,(SNP) Mike PARK,skipped,skipped,skipped,skipped,skipped,skipped,skipped,3,9
2070,(SNP) Jim NOBLE,(SNP) Mike PARK,skipped,skipped,skipped,skipped,skipped,skipped,skipped,3,9
2071,(SNP) Jim NOBLE,(SNP) Mike PARK,skipped,skipped,skipped,skipped,skipped,skipped,skipped,3,9
2072,(SNP) Jim NOBLE,(SNP) Mike PARK,skipped,skipped,skipped,skipped,skipped,skipped,skipped,3,9
2073,(SNP) Jim NOBLE,(SNP) Mike PARK,skipped,skipped,skipped,skipped,skipped,skipped,skipped,3,9
2074,(SNP) Jim NOBLE,(SNP) Mike PARK,skipped,skipped,skipped,skipped,skipped,skipped,skipped,3,9
2075,(SNP) Jim NOBLE,(SNP) Mike PARK,skipped,skipped,skipped,skipped,skipped,skipped,skipped,3,9
2076,(SNP) Jim NOBLE,(SNP) Mike PARK,skipped,skipped,skipped,skipped,skipped,skipped,skipped,3,9
2077,(SNP) Jim NOBLE,(SNP) Mike PARK,skipped,skipped,skipped,skipped,skipped,skipped,skipped,3,9
2078,(SNP) Jim NOBLE,(SNP) Mike PARK,skipped,skipped,skipped,skipped,skipped,skipped,skipped,3,9
2079,(SNP) Jim NOBLE,(SNP) Mike PARK,skipped,skipped,skipped,skipped,skipped,skipped,skipped,3,9
2080,(SNP) Jim NOBLE,(SNP) Mike PARK,skipped,skipped,skipped,skipped,skipped,skipped,skipped,3,9
2081,(SNP) Jim NOBLE,(SNP) Mike PARK,skipped,skipped,skipped,skipped,skipped,skipped,skipped,3,9
2082,(SNP) Jim NOBLE,(SNP) Mike PARK,skipped,skipped,skipped,skipped,skipped,skipped,skipped,3,9
2083,(SNP) Jim NOBLE,(SNP) Mike PARK,skipped,skipped,skipped,skipped,skipped,skipped,skipped,3,9
2084,(SNP) Jim NOBLE,(SNP) Mike PARK,skipped,skipped,skipped,skipped,skipped,skipped,skipped,3,9
2085,(SNP) Jim NOBLE,(SNP) Mike PARK,skipped,skipped,skipped,skipped,skipped,skipped,skipped,3,9
2086,(SNP) Jim NOBLE,(SNP) Mike PARK,skipped,skipped,skipped,skipped,skipped,skipped,skipped,3,9
2087,(SNP) Jim NOBLE,(SNP) Mike PARK,skipped,skipped,skipped,skipped,skipped,skipped,skipped,3,9
2088,(SNP) Jim NOBLE,(SNP) Mike PARK,skipped,skipped,skipped,skipped,skipped,skipped,skipped,3,9
2089,(SNP) Jim NOBLE,(SNP) Mike PARK,skipped,skipped,skipped,skipped,skipped,skipped,skipped,3,9
2090,(SNP) Jim NOBLE,(SNP) Mike PARK,skipped,skipped,skipped,skipped,skipped,skipped,skipped,3,9
2091,(SNP) Jim NOBLE,(SNP) Mike PARK,skipped,skipped,skipped,skipped,skipped,skipped,skipped,3,9
2092,(SNP) Jim NOBLE,(SNP) Mike PARK,skipped,skipped,skipped,skipped,skipped,skipped,skipped,3,9
2093,(SNP) Jim NOBLE,(SNP) Mike PARK,skipped,skipped,skipped,skipped,skipped,skipped,skipped,3,9
2094,(SNP) Jim NOBLE,(SNP) Mike PARK,skipped,skipped,skipped,skipped,skipped,skipped,skipped,3,9
2095,(SNP) Jim NOBLE,(SNP) Mike PARK,skipped,skipped,skipped,skipped,skipped,skipped,skipped,3,9
2096,(SNP) Jim NOBLE,(SNP) Mike PARK,skipped,skipped,skipped,skipped,skipped,skipped,skipped,3,9
2097,(SNP) Jim NOBLE,(SNP) Mike PARK,skipped,skipped,skipped,skipped,skipped,skipped,skipped,3,9
2098,(SNP) Jim NOBLE,(SNP) Mike PARK,skipped,skipped,skipped,skipped,skipped,skipped,skipped,3,9
2099,(SNP) Jim NOBLE,(SNP) Mike PARK,skipped,skipped,skipped,skipped,skipped,skipped,skipped,3,9
2100,(SNP) Jim NOBLE,(SNP) Mike PARK,skipped,skipped,skipped,skipped,skipped,skipped,skipped,3,9
2101,(SNP) Jim NOBLE,(SNP) Mike PARK,skipped,skipped,skipped,skipped,skipped,skipped,skipped,3,9
2102,(SNP) Jim NOBLE,(SNP) Mike PARK,skipped,skipped,skipped,skipped,skipped,skipped,skipped,3,9
2103,(SNP) Jim NOBLE,(SNP) Mike PARK,skipped,skipped,skipped,skipped,skipped,skipped,skipped,3,9
2104,(SNP) Jim NOBLE,(SNP) Mike PARK,skipped,skipped,skipped,skipped,skipped,skipped,skipped,3,9
2105,(SNP) Jim NOBLE,(SNP) Mike PARK,skipped,skipped,skipped,skipped,skipped,skipped,skipped,3,9
2106,(SNP) Jim NOBLE,(SNP) Mike PARK,skipped,skipped,skipped,skipped,skipped,skipped,skipped,3,9
2107,(SNP) Jim NOBLE,(SNP) Mike PARK,skipped,skipped,skipped,skipped,skipped,skipped,skipped,3,9
2108,(SNP) Jim NOBLE,(SNP) Mike PARK,skipped,skipped,skipped,skipped,skipped,skipped,skipped,3,9
2109,(SNP) Jim NOBLE,(SNP) Mike PARK,skipped,skipped,skipped,skipped,skipped,skipped,skipped,3,9
2110,(SNP) Jim NOBLE,(SNP) Mike PARK,skipped,skipped,skipped,skipped,skipped,skipped,skipped,3,9
2111,(SNP) Jim NOBLE,(SNP) Mike PARK,skipped,skipped,skipped,skipped,skipped,skipped,skipped,3,9
2112,(SNP) Jim NOBLE,(SNP) Mike PARK,skipped,skipped,skipped,skipped,skipped,skipped,skipped,3,9
2113,(SNP) Jim NOBLE,(SNP) Mike PARK,skipped,skipped,skipped,skipped,skipped,skipped,skipped,3,9
2114,(SNP) Jim NOBLE,(SNP) Mike PARK,skipped,skipped,skipped,skipped,skipped,skipped,skipped,3,9
2115,(SNP) Jim NOBLE,(SNP) Mike PARK,skipped,skipped,skipped,skipped,skipped,skipped,skipped,3,9
2116,(SNP) Jim NOBLE,(SNP) Mike PARK,skipped,skipped,skipped,skipped,skipped,skipped,skipped,3,9
2117,(SNP) Jim NOBLE,(SNP) Mike PARK,skipped,skipped,skipped,skipped,skipped,skipped,skipped,3,9
2118,(SNP) Jim NOBLE,(SNP) Mike PARK,skipped,skipped,skipped,skipped,skipped,skipped,skipped,3,9
2119,(SNP) Jim NOBLE,(SNP) Mike PARK,skipped,skipped,skipped,skipped,skipped,skipped,skipped,3,9
2120,(SNP) Jim NOBLE,(SNP) Mike PARK,skipped,skipped,skipped,skipped,skipped,skipped,skipped,3,9
2121,(SNP) Jim NOBLE,(SNP) Mike PARK,skipped,skipped,skipped,skipped,skipped,skipped,skipped,3,9
2122,(SNP) Jim NOBLE,(SNP) Mike PARK,skipped,skipped,skipped,skipped,skipped,skipped,skipped,3,9
2123,(SNP) Jim NOBLE,(SNP) Mike PARK,skipped,skipped,skipped,skipped,skipped,skipped,skipped,3,9
2124,(SNP) Jim NOBLE,(SNP) Mike PARK,skipped,skipped,skipped,skipped,skipped,skipped,skipped,3,9
2125,(SNP) Jim NOBLE,(SNP) Mike PARK,skipped,skipped,skipped,skipped,skipped,skipped,skipped,3,9
2126,(SNP) Jim NOBLE,(SNP) Mike PARK,skipped,skipped,skipped,skipped,skipped,skipped,skipped,3,9
2127,(SNP) Jim NOBLE,(SNP) Mike PARK,skipped,skipped,skipped,skipped,skipped,skipped,skipped,3,9
2128,(SNP) Jim NOBLE,(SNP) Mike PARK,skipped,skipped,skipped,skipped,skipped,skipped,skipped,3,9
2129,(SNP) Jim NOBLE,(SNP) Mike PARK,skipped,skipped,skipped,skipped,skipped,skipped,skipped,3,9
2130,(SNP) Jim NOBLE,(SNP) Mike PARK,skipped,skipped,skipped,skipped,skipped,skipped,skipped,3,9
2131,(SNP) Jim NOBLE,(SNP) Mike PARK,skipped,skipped,skipped,skipped,skipped,skipped,skipped,3,9
2132,(SNP) Jim NOBLE,(SNP) Mike PARK,skipped,skipped,skipped,skipped,skipped,skipped,skipped,3,9
2133,(SNP) Jim NOBLE,(SNP) Mike PARK,skipped,skipped,skipped,skipped,skipped,skipped,skipped,3,9
2134,(SNP) Jim NOBLE,(SNP) Mike PARK,skipped,skipped,skipped,skipped,skipped,skipped,skipped,3,9
2135,(SNP) Jim NOBLE,(SNP) Mike PARK,skipped,skipped,skipped,skipped,skipped,skipped,skipped,3,9
2136,(SNP) Jim NOBLE,(SNP) Mike PARK,skipped,skipped,skipped,skipped,skipped,skipped,skipped,3,9
2137,(SNP) Jim NOBLE,(SNP) Mike PARK,skipped,skipped,skipped,skipped,skipped,skipped,skipped,3,9
2138,(SNP) Jim NOBLE,(SNP) Mike PARK,skipped,skipped,skipped,skipped,skipped,skipped,skipped,3,9
2139,(SNP) Jim NOBLE,(SNP) Mike PARK,skipped,skipped,skipped,skipped,skipped,skipped,skipped,3,9
2140,(SNP) Jim NOBLE,(SNP) Mike PARK,skipped,skipped,skipped,skipped,skipped,skipped,skipped,3,9
2141,(SNP) Jim NOBLE,(SNP) Mike PARK,skipped,skipped,skipped,skipped,skipped,skipped,skipped,3,9
2142,(SNP) Jim NOBLE,(SNP) Mike PARK,skipped,skipped,skipped,skipped,skipped,skipped,skipped,3,9
2143,(SNP) Jim NOBLE,(SNP) Mike PARK,skipped,skipped,skipped,skipped,skipped,skipped,skipped,3,9
2144,(SNP) Jim NOBLE,(SNP) Mike PARK,skipped,skipped,skipped,skipped,skipped,skipped,skipped,3,9
2145,(SNP) Jim NOBLE,(SNP) Mike PARK,skipped,skipped,skipped,skipped,skipped,skipped,skipped,3,9
2146,(SNP) Jim NOBLE,(SNP) Mike PARK,skipped,skipped,skipped,skipped,skipped,skipped,skipped,3,9
2147,(SNP) Jim NOBLE,(SNP) Mike PARK,skipped,skipped,skipped,skipped,skipped,skipped,skipped,3,9
2148,(SNP) Jim NOBLE,(SNP) Mike PARK,skipped,skipped,skipped,skipped,skipped,skipped,skipped,3,9
2149,(SNP) Jim NOBLE,(SNP) Mike PARK,skipped,skipped,skipped,skipped,skipped,skipped,skipped,3,9
2150,(SNP) Jim NOBLE,(SNP) Mike PARK,skipped,skipped,skipped,skipped,skipped,skipped,skipped,3,9
2151,(SNP) Jim NOBLE,(SNP) Mike PARK,skipped,skipped,skipped,skipped,skipped,skipped,skipped,3,9
2152,(SNP) Jim NOBLE,(SNP) Mike PARK,skipped,skipped,skipped,skipped,skipped,skipped,skipped,3,9
2153,(SNP) Jim NOBLE,(SNP) Mike PARK,skipped,skipped,skipped,skipped,skipped,skipped,skipped,3,9
2154,(SNP) Jim NOBLE,(SNP) Mike PARK,skipped,skipped,skipped,skipped,skipped,skipped,skipped,3,9
2155,(SNP) Jim NOBLE,(SNP) Mike PARK,skipped,skipped,skipped,skipped,skipped,skipped,skipped,3,9
2156,(SNP) Jim NOBLE,(SNP) Mike PARK,skipped,skipped,skipped,skipped,skipped,skipped,skipped,3,9
2157,(SNP) Jim NOBLE,(SNP) Mike PARK,skipped,skipped,skipped,skipped,skipped,skipped,skipped,3,9
2158,(SNP) Jim NOBLE,(SNP) Mike PARK,skipped,skipped,skipped,skipped,skipped,skipped,skipped,3,9
2159,(SNP) Jim NOBLE,(SNP) Mike PARK,skipped,skipped,skipped,skipped,skipped,skipped,skipped,3,9
2160,(SNP) Jim NOBLE,(SNP) Mike PARK,skipped,skipped,skipped,skipped,skipped,skipped,skipped,3,9
2161,(SNP) Jim NOBLE,(SNP) Mike PARK,skipped,skipped,skipped,skipped,skipped,skipped,skipped,3,9
2162,(SNP) Jim NOBLE,(SNP) Mike PARK,skipped,skipped,skipped,skipped,skipped,skipped,skipped,3,9
2163,(SNP) Jim NOBLE,(SNP) Mike PARK,skipped,skipped,skipped,skipped,skipped,skipped,skipped,3,9
2164,(SNP) Jim NOBLE,(SNP) Mike PARK,skipped,skipped,skipped,skipped,skipped,skipped,skipped,3,9
2165,(SNP) Jim NOBLE,(SNP) Mike PARK,skipped,skipped,skipped,skipped,skipped,skipped,skipped,3,9
2166,(SNP) Jim NOBLE,(SNP) Mike PARK,skipped,skipped,skipped,skipped,skipped,skipped,skipped,3,9
2167,(SNP) Jim NOBLE,(SNP) Mike PARK,skipped,skipped,skipped,skipped,skipped,skipped,skipped,3,9
2168,(SNP) Jim NOBLE,(SNP) Mike PARK,skipped,skipped,skipped,skipped,skipped,skipped,skipped,3,9
2169,(SNP) Jim NOBLE,(SNP) Mike PARK,skipped,skipped,skipped,skipped,skipped,skipped,skipped,3,9
2170,(SNP) Jim NOBLE,(SNP) Mike PARK,skipped,skipped,skipped,skipped,skipped,skipped,skipped,3,9
2171,(SNP) Jim NOBLE,(SNP) Mike PARK,skipped,skipped,skipped,skipped,skipped,skipped,skipped,3,9
2172,(SNP) Jim NOBLE,(SNP) Mike PARK,skipped,skipped,skipped,skipped,skipped,skipped,skipped,3,9
2173,(SNP) Jim NOBLE,(SNP) Mike PARK,skipped,skipped,skipped,skipped,skipped,skipped,skipped,3,9
2174,(SNP) Jim NOBLE,(SNP) Mike PARK,skipped,skipped,skipped,skipped,skipped,skipped,skipped,3,9
2175,(SNP) Jim NOBLE,(SNP) Mike PARK,skipped,skipped,skipped,skipped,skipped,skipped,skipped,3,9
2176,(SNP) Jim NOBLE,(SNP) Mike PARK,skipped,skipped,skipped,skipped,skipped,skipped,skipped,3,9
2177,(SNP) Jim NOBLE,(SNP) Mike PARK,skipped,skipped,skipped,skipped,skipped,skipped,skipped,3,9
2178,(SNP) Jim NOBLE,(SNP) Mike PARK,skipped,skipped,skipped,skipped,skipped,skipped,skipped,3,9
2179,(SNP) Jim NOBLE,(SNP) Mike PARK,skipped,skipped,skipped,skipped,skipped,skipped,skipped,3,9
2180,(SNP) Jim NOBLE,(SNP) Mike PARK,skipped,skipped,skipped,skipped,skipped,skipped,skipped,3,9
2181,(SNP) Jim NOBLE,(SNP) Mike PARK,skipped,skipped,skipped,skipped,skipped,skipped,skipped,3,9
2182,(SNP) Jim NOBLE,(SNP) Mike PARK,skipped,skipped,skipped,skipped,skipped,skipped,skipped,3,9
2183,(SNP) Jim NOBLE,(SNP) Mike PARK,skipped,skipped,skipped,skipped,skipped,skipped,skipped,3,9
2184,(SNP) Jim NOBLE,(SNP) Mike PARK,skipped,skipped,skipped,skipped,skipped,skipped,skipped,3,9
2185,(SNP) Jim NOBLE,(SNP) Mike PARK,skipped,skipped,skipped,skipped,skipped,skipped,skipped,3,9
2186,(SNP) Jim NOBLE,(SNP) Mike PARK,skipped,skipped,skipped,skipped,skipped,skipped,skipped,3,9
2187,(SNP) Jim NOBLE,(SNP) Mike PARK,skipped,skipped,skipped,skipped,skipped,skipped,skipped,3,9
2188,(SNP) Jim NOBLE,(SNP) Mike PARK,skipped,skipped,skipped,skipped,skipped,skipped,skipped,3,9
2189,(SNP) Jim NOBLE,(SNP) Mike PARK,skipped,skipped,skipped,skipped,skipped,skipped,skipped,3,9
2190,(SNP) Jim NOBLE,(SNP) Mike PARK,skipped,skipped,skipped,skipped,skipped,skipped,skipped,3,9
2191,(SNP) Jim NOBLE,(SNP) Mike PARK,skipped,skipped,skipped,skipped,skipped,skipped,skipped,3,9
2192,(SNP) Jim NOBLE,(SNP) Mike PARK,(Ind) Norman COLLIE,skipped,skipped,skipped,skipped,skipped,skipped,3,9
2193,(SNP) Jim NOBLE,(SNP) Mike PARK,(Ind) Norman COLLIE,skipped,skipped,skipped,skipped,skipped,skipped,3,9
2194,(SNP) Jim NOBLE,(SNP) Mike PARK,(Ind) Norman COLLIE,skipped,skipped,skipped,skipped,skipped,skipped,3,9
2195,(SNP) Jim NOBLE,(SNP) Mike PARK,(Ind) Norman COLLIE,skipped,skipped,skipped,skipped,skipped,skipped,3,9
2196,(SNP) Jim NOBLE,(SNP) Mike PARK,(Ind) Norman COLLIE,skipped,skipped,skipped,skipped,skipped,skipped,3,9
2197,(SNP) Jim NOBLE,(SNP) Mike PARK,(Ind) Norman COLLIE,skipped,skipped,skipped,skipped,skipped,skipped,3,9
2198,(SNP) Jim NOBLE,(SNP) Mike PARK,(Ind) Norman COLLIE,skipped,skipped,skipped,skipped,skipped,skipped,3,9
2199,(SNP) Jim NOBLE,(SNP) Mike PARK,(Ind) Norman COLLIE,skipped,skipped,skipped,skipped,skipped,skipped,3,9
2200,(SNP) Jim NOBLE,(SNP) Mike PARK,(Ind) Norman COLLIE,skipped,skipped,skipped,skipped,skipped,skipped,3,9
2201,(SNP) Jim NOBLE,(SNP) Mike PARK,(Ind) Norman COLLIE,skipped,skipped,skipped,skipped,skipped,skipped,3,9
2202,(SNP) Jim NOBLE,(SNP) Mike PARK,(Ind) Norman COLLIE,skipped,skipped,skipped,skipped,skipped,skipped,3,9
2203,(SNP) Jim NOBLE,(SNP) Mike PARK,(Ind) Norman COLLIE,skipped,skipped,skipped,skipped,skipped,skipped,3,9
2204,(SNP) Jim NOBLE,(SNP) Mike PARK,(Ind) Norman COLLIE,skipped,skipped,skipped,skipped,skipped,skipped,3,9
2205,(SNP) Jim NOBLE,(SNP) Mike PARK,(Ind) Norman COLLIE,skipped,skipped,skipped,skipped,skipped,skipped,3,9
2206,(SNP) Jim NOBLE,(SNP) Mike PARK,(Ind) Norman COLLIE,skipped,skipped,skipped,skipped,skipped,skipped,3,9
2207,(SNP) Jim NOBLE,(SNP) Mike PARK,(Ind) Norman COLLIE,skipped,skipped,skipped,skipped,skipped,skipped,3,9
2208,(SNP) Jim NOBLE,(SNP) Mike PARK,(Ind) Norman COLLIE,skipped,skipped,skipped,skipped,skipped,skipped,3,9
2209,(SNP) Jim NOBLE,(SNP) Mike PARK,(Ind) Norman COLLIE,skipped,skipped,skipped,skipped,skipped,skipped,3,9
2210,(SNP) Jim NOBLE,(SNP) Mike PARK,(Ind) Norman COLLIE,skipped,skipped,skipped,skipped,skipped,skipped,3,9
2211,(SNP) Jim NOBLE,(SNP) Mike PARK,(Ind) Norman COLLIE,skipped,skipped,skipped,skipped,skipped,skipped,3,9
2212,(SNP) Jim NOBLE,(SNP) Mike PARK,(Ind) Norman COLLIE,skipped,skipped,skipped,skipped,skipped,skipped,3,9
2213,(SNP) Jim NOBLE,(SNP) Mike PARK,(Ind) Norman COLLIE,skipped,skipped,skipped,skipped,skipped,skipped,3,9
2214,(SNP) Jim NOBLE,(SNP) Mike PARK,(Ind) Norman COLLIE,skipped,skipped,skipped,skipped,skipped,skipped,3,9
2215,(SNP) Jim NOBLE,(SNP) Mike PARK,(Ind) Norman COLLIE,skipped,skipped,skipped,skipped,skipped,skipped,3,9
2216,(SNP) Jim NOBLE,(SNP) Mike PARK,(Ind) Norman COLLIE,skipped,skipped,skipped,skipped,skipped,skipped,3,9
2217,(SNP) Jim NOBLE,(SNP) Mike PARK,(Ind) Norman COLLIE,skipped,skipped,skipped,skipped,skipped,skipped,3,9
2218,(SNP) Jim NOBLE,(SNP) Mike PARK,(Ind) Norman COLLIE,skipped,skipped,skipped,skipped,skipped,skipped,3,9
2219,(SNP) Jim NOBLE,(SNP) Mike PARK,(Ind) Norman COLLIE,skipped,skipped,skipped,skipped,skipped,skipped,3,9
2220,(SNP) Jim NOBLE,(SNP) Mike PARK,(Ind) Norman COLLIE,skipped,skipped,skipped,skipped,skipped,skipped,3,9
2221,(SNP) Jim NOBLE,(SNP) Mike PARK,(Ind) Norman COLLIE,skipped,skipped,skipped,skipped,skipped,skipped,3,9
2222,(SNP) Jim NOBLE,(SNP) Mike PARK,(Ind) Norman COLLIE,skipped,skipped,skipped,skipped,skipped,skipped,3,9
2223,(SNP) Jim NOBLE,(SNP) Mike PARK,(Ind) Norman COLLIE,skipped,skipped,skipped,skipped,skipped,skipped,3,9
2224,(SNP) Jim NOBLE,(SNP) Mike PARK,(Ind) Norman COLLIE,skipped,skipped,skipped,skipped,skipped,skipped,3,9
2225,(SNP) Jim NOBLE,(SNP) Mike PARK,(Ind) Norman COLLIE,skipped,skipped,skipped,skipped,skipped,skipped,3,9
2226,(SNP) Jim NOBLE,(SNP) Mike PARK,(Ind) Norman COLLIE,skipped,skipped,skipped,skipped,skipped,skipped,3,9
2227,(SNP) Jim NOBLE,(SNP) Mike PARK,(Ind) Norman COLLIE,skipped,skipped,skipped,skipped,skipped,skipped,3,9
2228,(SNP) Jim NOBLE,(SNP) Mike PARK,(Ind) Norman COLLIE,(Grn) Gina FORD,skipped,skipped,skipped,skipped,skipped,3,9
2229,(SNP) Jim NOBLE,(SNP) Mike PARK,(Ind) Norman COLLIE,(Grn) Gina FORD,skipped,skipped,skipped,skipped,skipped,3,9
2230,(SNP) Jim NOBLE,(SNP) Mike PARK,(Ind) Norman COLLIE,(Grn) Gina FORD,skipped,skipped,skipped,skipped,skipped,3,9
2231,(SNP) Jim NOBLE,(SNP) Mike PARK,(Ind) Norman COLLIE,(Grn) Gina FORD,skipped,skipped,skipped,skipped,skipped,3,9
2232,(SNP) Jim NOBLE,(SNP) Mike PARK,(Ind) Norman COLLIE,(Grn) Gina FORD,skipped,skipped,skipped,skipped,skipped,3,9
2233,(SNP) Jim NOBLE,(SNP) Mike PARK,(Ind) Norman COLLIE,(Grn) Gina FORD,skipped,skipped,skipped,skipped,skipped,3,9
2234,(SNP) Jim NOBLE,(SNP) Mike PARK,(Ind) Norman COLLIE,(Grn) Gina FORD,(Lab) Ross GRANT,(NF) Mike PHILLIPS,(LD) David GREEN,(Lab) Ramsay MILNE,(Con) Daniel Stephen MCCROSKRIE,3,9
2235,(SNP) Jim NOBLE,(SNP) Mike PARK,(Ind) Norman COLLIE,(Grn) Gina FORD,(Lab) Ramsay MILNE,(NF) Mike PHILLIPS,(LD) David GREEN,(Lab) Ross GRANT,(Con) Daniel Stephen MCCROSKRIE,3,9
2236,(SNP) Jim NOBLE,(SNP) Mike PARK,(Ind) Norman COLLIE,(Lab) Ross GRANT,(LD) David GREEN,(Grn) Gina FORD,(Lab) Ramsay MILNE,(NF) Mike PHILLIPS,(Con) Daniel Stephen MCCROSKRIE,3,9
2237,(SNP) Jim NOBLE,(SNP) Mike PARK,(Ind) Norman COLLIE,(LD) David GREEN,(NF) Mike PHILLIPS,(Grn) Gina FORD,(Lab) Ramsay MILNE,(Con) Daniel Stephen MCCROSKRIE,(Lab) Ross GRANT,3,9
2238,(SNP) Jim NOBLE,(SNP) Mike PARK,(Ind) Norman COLLIE,(Con) Daniel Stephen MCCROSKRIE,skipped,skipped,skipped,skipped,skipped,3,9
2239,(SNP) Jim NOBLE,(SNP) Mike PARK,(Ind) Norman COLLIE,(Lab) Ramsay MILNE,(Lab) Ross GRANT,skipped,skipped,skipped,skipped,3,9
2240,(SNP) Jim NOBLE,(SNP) Mike PARK,(Ind) Norman COLLIE,(NF) Mike PHILLIPS,skipped,skipped,skipped,skipped,skipped,3,9
2241,(SNP) Jim NOBLE,(SNP) Mike PARK,(Grn) Gina FORD,skipped,skipped,skipped,skipped,skipped,skipped,3,9
2242,(SNP) Jim NOBLE,(SNP) Mike PARK,(Grn) Gina FORD,skipped,skipped,skipped,skipped,skipped,skipped,3,9
2243,(SNP) Jim NOBLE,(SNP) Mike PARK,(Grn) Gina FORD,skipped,skipped,skipped,skipped,skipped,skipped,3,9
2244,(SNP) Jim NOBLE,(SNP) Mike PARK,(Grn) Gina FORD,skipped,skipped,skipped,skipped,skipped,skipped,3,9
2245,(SNP) Jim NOBLE,(SNP) Mike PARK,(Grn) Gina FORD,skipped,skipped,skipped,skipped,skipped,skipped,3,9
2246,(SNP) Jim NOBLE,(SNP) Mike PARK,(Grn) Gina FORD,skipped,skipped,skipped,skipped,skipped,skipped,3,9
2247,(SNP) Jim NOBLE,(SNP) Mike PARK,(Grn) Gina FORD,skipped,skipped,skipped,skipped,skipped,skipped,3,9
2248,(SNP) Jim NOBLE,(SNP) Mike PARK,(Grn) Gina FORD,skipped,skipped,skipped,skipped,skipped,skipped,3,9
2249,(SNP) Jim NOBLE,(SNP) Mike PARK,(Grn) Gina FORD,skipped,skipped,skipped,skipped,skipped,skipped,3,9
2250,(SNP) Jim NOBLE,(SNP) Mike PARK,(Grn) Gina FORD,skipped,skipped,skipped,skipped,skipped,skipped,3,9
2251,(SNP) Jim NOBLE,(SNP) Mike PARK,(Grn) Gina FORD,skipped,skipped,skipped,skipped,skipped,skipped,3,9
2252,(SNP) Jim NOBLE,(SNP) Mike PARK,(Grn) Gina FORD,skipped,skipped,skipped,skipped,skipped,skipped,3,9
2253,(SNP) Jim NOBLE,(SNP) Mike PARK,(Grn) Gina FORD,skipped,skipped,skipped,skipped,skipped,skipped,3,9
2254,(SNP) Jim NOBLE,(SNP) Mike PARK,(Grn) Gina FORD,skipped,skipped,skipped,skipped,skipped,skipped,3,9
2255,(SNP) Jim NOBLE,(SNP) Mike PARK,(Grn) Gina FORD,skipped,skipped,skipped,skipped,skipped,skipped,3,9
2256,(SNP) Jim NOBLE,(SNP) Mike PARK,(Grn) Gina FORD,skipped,skipped,skipped,skipped,skipped,skipped,3,9
2257,(SNP) Jim NOBLE,(SNP) Mike PARK,(Grn) Gina FORD,skipped,skipped,skipped,skipped,skipped,skipped,3,9
2258,(SNP) Jim NOBLE,(SNP) Mike PARK,(Grn) Gina FORD,skipped,skipped,skipped,skipped,skipped,skipped,3,9
2259,(SNP) Jim NOBLE,(SNP) Mike PARK,(Grn) Gina FORD,skipped,skipped,skipped,skipped,skipped,skipped,3,9
2260,(SNP) Jim NOBLE,(SNP) Mike PARK,(Grn) Gina FORD,skipped,skipped,skipped,skipped,skipped,skipped,3,9
2261,(SNP) Jim NOBLE,(SNP) Mike PARK,(Grn) Gina FORD,skipped,skipped,skipped,skipped,skipped,skipped,3,9
2262,(SNP) Jim NOBLE,(SNP) Mike PARK,(Grn) Gina FORD,skipped,skipped,skipped,skipped,skipped,skipped,3,9
2263,(SNP) Jim NOBLE,(SNP) Mike PARK,(Grn) Gina FORD,skipped,skipped,skipped,skipped,skipped,skipped,3,9
2264,(SNP) Jim NOBLE,(SNP) Mike PARK,(Grn) Gina FORD,skipped,skipped,skipped,skipped,skipped,skipped,3,9
2265,(SNP) Jim NOBLE,(SNP) Mike PARK,(Grn) Gina FORD,skipped,skipped,skipped,skipped,skipped,skipped,3,9
2266,(SNP) Jim NOBLE,(SNP) Mike PARK,(Grn) Gina FORD,skipped,skipped,skipped,skipped,skipped,skipped,3,9
2267,(SNP) Jim NOBLE,(SNP) Mike PARK,(Grn) Gina FORD,skipped,skipped,skipped,skipped,skipped,skipped,3,9
2268,(SNP) Jim NOBLE,(SNP) Mike PARK,(Grn) Gina FORD,skipped,skipped,skipped,skipped,skipped,skipped,3,9
2269,(SNP) Jim NOBLE,(SNP) Mike PARK,(Grn) Gina FORD,skipped,skipped,skipped,skipped,skipped,skipped,3,9
2270,(SNP) Jim NOBLE,(SNP) Mike PARK,(Grn) Gina FORD,skipped,skipped,skipped,skipped,skipped,skipped,3,9
2271,(SNP) Jim NOBLE,(SNP) Mike PARK,(Grn) Gina FORD,skipped,skipped,skipped,skipped,skipped,skipped,3,9
2272,(SNP) Jim NOBLE,(SNP) Mike PARK,(Grn) Gina FORD,skipped,skipped,skipped,skipped,skipped,skipped,3,9
2273,(SNP) Jim NOBLE,(SNP) Mike PARK,(Grn) Gina FORD,skipped,skipped,skipped,skipped,skipped,skipped,3,9
2274,(SNP) Jim NOBLE,(SNP) Mike PARK,(Grn) Gina FORD,skipped,skipped,skipped,skipped,skipped,skipped,3,9
2275,(SNP) Jim NOBLE,(SNP) Mike PARK,(Grn) Gina FORD,skipped,skipped,skipped,skipped,skipped,skipped,3,9
2276,(SNP) Jim NOBLE,(SNP) Mike PARK,(Grn) Gina FORD,skipped,skipped,skipped,skipped,skipped,skipped,3,9
2277,(SNP) Jim NOBLE,(SNP) Mike PARK,(Grn) Gina FORD,skipped,skipped,skipped,skipped,skipped,skipped,3,9
2278,(SNP) Jim NOBLE,(SNP) Mike PARK,(Grn) Gina FORD,skipped,skipped,skipped,skipped,skipped,skipped,3,9
2279,(SNP) Jim NOBLE,(SNP) Mike PARK,(Grn) Gina FORD,skipped,skipped,skipped,skipped,skipped,skipped,3,9
2280,(SNP) Jim NOBLE,(SNP) Mike PARK,(Grn) Gina FORD,skipped,skipped,skipped,skipped,skipped,skipped,3,9
2281,(SNP) Jim NOBLE,(SNP) Mike PARK,(Grn) Gina FORD,skipped,skipped,skipped,skipped,skipped,skipped,3,9
2282,(SNP) Jim NOBLE,(SNP) Mike PARK,(Grn) Gina FORD,skipped,skipped,skipped,skipped,skipped,skipped,3,9
2283,(SNP) Jim NOBLE,(SNP) Mike PARK,(Grn) Gina FORD,skipped,skipped,skipped,skipped,skipped,skipped,3,9
2284,(SNP) Jim NOBLE,(SNP) Mike PARK,(Grn) Gina FORD,skipped,skipped,skipped,skipped,skipped,skipped,3,9
2285,(SNP) Jim NOBLE,(SNP) Mike PARK,(Grn) Gina FORD,skipped,skipped,skipped,skipped,skipped,skipped,3,9
2286,(SNP) Jim NOBLE,(SNP) Mike PARK,(Grn) Gina FORD,skipped,skipped,skipped,skipped,skipped,skipped,3,9
2287,(SNP) Jim NOBLE,(SNP) Mike PARK,(Grn) Gina FORD,skipped,skipped,skipped,skipped,skipped,skipped,3,9
2288,(SNP) Jim NOBLE,(SNP) Mike PARK,(Grn) Gina FORD,skipped,skipped,skipped,skipped,skipped,skipped,3,9
2289,(SNP) Jim NOBLE,(SNP) Mike PARK,(Grn) Gina FORD,skipped,skipped,skipped,skipped,skipped,skipped,3,9
2290,(SNP) Jim NOBLE,(SNP) Mike PARK,(Grn) Gina FORD,skipped,skipped,skipped,skipped,skipped,skipped,3,9
2291,(SNP) Jim NOBLE,(SNP) Mike PARK,(Grn) Gina FORD,(Ind) Norman COLLIE,skipped,skipped,skipped,skipped,skipped,3,9
2292,(SNP) Jim NOBLE,(SNP) Mike PARK,(Grn) Gina FORD,(Ind) Norman COLLIE,skipped,skipped,skipped,skipped,skipped,3,9
2293,(SNP) Jim NOBLE,(SNP) Mike PARK,(Grn) Gina FORD,(Ind) Norman COLLIE,skipped,skipped,skipped,skipped,skipped,3,9
2294,(SNP) Jim NOBLE,(SNP) Mike PARK,(Grn) Gina FORD,(Ind) Norman COLLIE,skipped,skipped,skipped,skipped,skipped,3,9
2295,(SNP) Jim NOBLE,(SNP) Mike PARK,(Grn) Gina FORD,(Ind) Norman COLLIE,skipped,skipped,skipped,skipped,skipped,3,9
2296,(SNP) Jim NOBLE,(SNP) Mike PARK,(Grn) Gina FORD,(Ind) Norman COLLIE,skipped,skipped,skipped,skipped,skipped,3,9
2297,(SNP) Jim NOBLE,(SNP) Mike PARK,(Grn) Gina FORD,(Ind) Norman COLLIE,(Lab) Ross GRANT,(LD) David GREEN,(Con) Daniel Stephen MCCROSKRIE,(Lab) Ramsay MILNE,(NF) Mike PHILLIPS,3,9
2298,(SNP) Jim NOBLE,(SNP) Mike PARK,(Grn) Gina FORD,(Ind) Norman COLLIE,(LD) David GREEN,(Lab) Ross GRANT,(Lab) Ramsay MILNE,(Con) Daniel Stephen MCCROSKRIE,(NF) Mike PHILLIPS,3,9
2299,(SNP) Jim NOBLE,(SNP) Mike PARK,(Grn) Gina FORD,(Ind) Norman COLLIE,(LD) David GREEN,(Con) Daniel Stephen MCCROSKRIE,(Lab) Ross GRANT,(Lab) Ramsay MILNE,(NF) Mike PHILLIPS,3,9
2300,(SNP) Jim NOBLE,(SNP) Mike PARK,(Grn) Gina FORD,(Ind) Norman COLLIE,(Con) Daniel Stephen MCCROSKRIE,(LD) David GREEN,(Lab) Ross GRANT,(Lab) Ramsay MILNE,(NF) Mike PHILLIPS,3,9
2301,(SNP) Jim NOBLE,(SNP) Mike PARK,(Grn) Gina FORD,(Lab) Ross GRANT,skipped,skipped,skipped,skipped,skipped,3,9
2302,(SNP) Jim NOBLE,(SNP) Mike PARK,(Grn) Gina FORD,(Lab) Ross GRANT,(LD) David GREEN,(Lab) Ramsay MILNE,skipped,skipped,skipped,3,9
2303,(SNP) Jim NOBLE,(SNP) Mike PARK,(Grn) Gina FORD,(Lab) Ross GRANT,(Lab) Ramsay MILNE,skipped,skipped,skipped,skipped,3,9
2304,(SNP) Jim NOBLE,(SNP) Mike PARK,(Grn) Gina FORD,(Lab) Ross GRANT,(Lab) Ramsay MILNE,skipped,skipped,skipped,skipped,3,9
2305,(SNP) Jim NOBLE,(SNP) Mike PARK,(Grn) Gina FORD,(Lab) Ross GRANT,(Lab) Ramsay MILNE,skipped,skipped,skipped,skipped,3,9
2306,(SNP) Jim NOBLE,(SNP) Mike PARK,(Grn) Gina FORD,(LD) David GREEN,skipped,skipped,skipped,skipped,skipped,3,9
2307,(SNP) Jim NOBLE,(SNP) Mike PARK,(Grn) Gina FORD,(LD) David GREEN,skipped,skipped,skipped,skipped,skipped,3,9
2308,(SNP) Jim NOBLE,(SNP) Mike PARK,(Grn) Gina FORD,(LD) David GREEN,skipped,skipped,skipped,skipped,skipped,3,9
2309,(SNP) Jim NOBLE,(SNP) Mike PARK,(Grn) Gina FORD,(LD) David GREEN,skipped,skipped,skipped,skipped,skipped,3,9
2310,(SNP) Jim NOBLE,(SNP) Mike PARK,(Grn) Gina FORD,(LD) David GREEN,(Ind) Norman COLLIE,skipped,skipped,skipped,skipped,3,9
2311,(SNP) Jim NOBLE,(SNP) Mike PARK,(Grn) Gina FORD,(LD) David GREEN,(Lab) Ross GRANT,(Lab) Ramsay MILNE,(Con) Daniel Stephen MCCROSKRIE,(Ind) Norman COLLIE,(NF) Mike PHILLIPS,3,9
2312,(SNP) Jim NOBLE,(SNP) Mike PARK,(Grn) Gina FORD,(Lab) Ramsay MILNE,(Lab) Ross GRANT,(Ind) Norman COLLIE,skipped,skipped,skipped,3,9
2313,(SNP) Jim NOBLE,(SNP) Mike PARK,(Grn) Gina FORD,(NF) Mike PHILLIPS,(Ind) Norman COLLIE,(LD) David GREEN,(Con) Daniel Stephen MCCROSKRIE,(Lab) Ramsay MILNE,(Lab) Ross GRANT,3,9
2314,(SNP) Jim NOBLE,(SNP) Mike PARK,(Lab) Ross GRANT,skipped,skipped,skipped,skipped,skipped,skipped,3,9
2315,(SNP) Jim NOBLE,(SNP) Mike PARK,(Lab) Ross GRANT,skipped,skipped,skipped,skipped,skipped,skipped,3,9
2316,(SNP) Jim NOBLE,(SNP) Mike PARK,(Lab) Ross GRANT,skipped,skipped,skipped,skipped,skipped,skipped,3,9
2317,(SNP) Jim NOBLE,(SNP) Mike PARK,(Lab) Ross GRANT,skipped,skipped,skipped,skipped,skipped,skipped,3,9
2318,(SNP) Jim NOBLE,(SNP) Mike PARK,(Lab) Ross GRANT,skipped,skipped,skipped,skipped,skipped,skipped,3,9
2319,(SNP) Jim NOBLE,(SNP) Mike PARK,(Lab) Ross GRANT,skipped,skipped,skipped,skipped,skipped,skipped,3,9
2320,(SNP) Jim NOBLE,(SNP) Mike PARK,(Lab) Ross GRANT,skipped,skipped,skipped,skipped,skipped,skipped,3,9
2321,(SNP) Jim NOBLE,(SNP) Mike PARK,(Lab) Ross GRANT,skipped,skipped,skipped,skipped,skipped,skipped,3,9
2322,(SNP) Jim NOBLE,(SNP) Mike PARK,(Lab) Ross GRANT,skipped,skipped,skipped,skipped,skipped,skipped,3,9
2323,(SNP) Jim NOBLE,(SNP) Mike PARK,(Lab) Ross GRANT,skipped,skipped,skipped,skipped,skipped,skipped,3,9
2324,(SNP) Jim NOBLE,(SNP) Mike PARK,(Lab) Ross GRANT,skipped,skipped,skipped,skipped,skipped,skipped,3,9
2325,(SNP) Jim NOBLE,(SNP) Mike PARK,(Lab) Ross GRANT,skipped,skipped,skipped,skipped,skipped,skipped,3,9
2326,(SNP) Jim NOBLE,(SNP) Mike PARK,(Lab) Ross GRANT,skipped,skipped,skipped,skipped,skipped,skipped,3,9
2327,(SNP) Jim NOBLE,(SNP) Mike PARK,(Lab) Ross GRANT,skipped,skipped,skipped,skipped,skipped,skipped,3,9
2328,(SNP) Jim NOBLE,(SNP) Mike PARK,(Lab) Ross GRANT,skipped,skipped,skipped,skipped,skipped,skipped,3,9
2329,(SNP) Jim NOBLE,(SNP) Mike PARK,(Lab) Ross GRANT,skipped,skipped,skipped,skipped,skipped,skipped,3,9
2330,(SNP) Jim NOBLE,(SNP) Mike PARK,(Lab) Ross GRANT,skipped,skipped,skipped,skipped,skipped,skipped,3,9
2331,(SNP) Jim NOBLE,(SNP) Mike PARK,(Lab) Ross GRANT,skipped,skipped,skipped,skipped,skipped,skipped,3,9
2332,(SNP) Jim NOBLE,(SNP) Mike PARK,(Lab) Ross GRANT,skipped,skipped,skipped,skipped,skipped,skipped,3,9
2333,(SNP) Jim NOBLE,(SNP) Mike PARK,(Lab) Ross GRANT,skipped,skipped,skipped,skipped,skipped,skipped,3,9
2334,(SNP) Jim NOBLE,(SNP) Mike PARK,(Lab) Ross GRANT,skipped,skipped,skipped,skipped,skipped,skipped,3,9
2335,(SNP) Jim NOBLE,(SNP) Mike PARK,(Lab) Ross GRANT,skipped,skipped,skipped,skipped,skipped,skipped,3,9
2336,(SNP) Jim NOBLE,(SNP) Mike PARK,(Lab) Ross GRANT,skipped,skipped,skipped,skipped,skipped,skipped,3,9
2337,(SNP) Jim NOBLE,(SNP) Mike PARK,(Lab) Ross GRANT,skipped,skipped,skipped,skipped,skipped,skipped,3,9
2338,(SNP) Jim NOBLE,(SNP) Mike PARK,(Lab) Ross GRANT,skipped,skipped,skipped,skipped,skipped,skipped,3,9
2339,(SNP) Jim NOBLE,(SNP) Mike PARK,(Lab) Ross GRANT,skipped,skipped,skipped,skipped,skipped,skipped,3,9
2340,(SNP) Jim NOBLE,(SNP) Mike PARK,(Lab) Ross GRANT,skipped,skipped,skipped,skipped,skipped,skipped,3,9
2341,(SNP) Jim NOBLE,(SNP) Mike PARK,(Lab) Ross GRANT,skipped,skipped,skipped,skipped,skipped,skipped,3,9
2342,(SNP) Jim NOBLE,(SNP) Mike PARK,(Lab) Ross GRANT,skipped,skipped,skipped,skipped,skipped,skipped,3,9
2343,(SNP) Jim NOBLE,(SNP) Mike PARK,(Lab) Ross GRANT,skipped,skipped,skipped,skipped,skipped,skipped,3,9
2344,(SNP) Jim NOBLE,(SNP) Mike PARK,(Lab) Ross GRANT,skipped,skipped,skipped,skipped,skipped,skipped,3,9
2345,(SNP) Jim NOBLE,(SNP) Mike PARK,(Lab) Ross GRANT,skipped,skipped,skipped,skipped,skipped,skipped,3,9
2346,(SNP) Jim NOBLE,(SNP) Mike PARK,(Lab) Ross GRANT,skipped,skipped,skipped,skipped,skipped,skipped,3,9
2347,(SNP) Jim NOBLE,(SNP) Mike PARK,(Lab) Ross GRANT,skipped,skipped,skipped,skipped,skipped,skipped,3,9
2348,(SNP) Jim NOBLE,(SNP) Mike PARK,(Lab) Ross GRANT,skipped,skipped,skipped,skipped,skipped,skipped,3,9
2349,(SNP) Jim NOBLE,(SNP) Mike PARK,(Lab) Ross GRANT,skipped,skipped,skipped,skipped,skipped,skipped,3,9
2350,(SNP) Jim NOBLE,(SNP) Mike PARK,(Lab) Ross GRANT,skipped,skipped,skipped,skipped,skipped,skipped,3,9
2351,(SNP) Jim NOBLE,(SNP) Mike PARK,(Lab) Ross GRANT,skipped,skipped,skipped,skipped,skipped,skipped,3,9
2352,(SNP) Jim NOBLE,(SNP) Mike PARK,(Lab) Ross GRANT,skipped,skipped,skipped,skipped,skipped,skipped,3,9
2353,(SNP) Jim NOBLE,(SNP) Mike PARK,(Lab) Ross GRANT,skipped,skipped,skipped,skipped,skipped,skipped,3,9
2354,(SNP) Jim NOBLE,(SNP) Mike PARK,(Lab) Ross GRANT,skipped,skipped,skipped,skipped,skipped,skipped,3,9
2355,(SNP) Jim NOBLE,(SNP) Mike PARK,(Lab) Ross GRANT,skipped,skipped,skipped,skipped,skipped,skipped,3,9
2356,(SNP) Jim NOBLE,(SNP) Mike PARK,(Lab) Ross GRANT,skipped,skipped,skipped,skipped,skipped,skipped,3,9
2357,(SNP) Jim NOBLE,(SNP) Mike PARK,(Lab) Ross GRANT,skipped,skipped,skipped,skipped,skipped,skipped,3,9
2358,(SNP) Jim NOBLE,(SNP) Mike PARK,(Lab) Ross GRANT,skipped,skipped,skipped,skipped,skipped,skipped,3,9
2359,(SNP) Jim NOBLE,(SNP) Mike PARK,(Lab) Ross GRANT,skipped,skipped,skipped,skipped,skipped,skipped,3,9
2360,(SNP) Jim NOBLE,(SNP) Mike PARK,(Lab) Ross GRANT,skipped,skipped,skipped,skipped,skipped,skipped,3,9
2361,(SNP) Jim NOBLE,(SNP) Mike PARK,(Lab) Ross GRANT,skipped,skipped,skipped,skipped,skipped,skipped,3,9
2362,(SNP) Jim NOBLE,(SNP) Mike PARK,(Lab) Ross GRANT,skipped,skipped,skipped,skipped,skipped,skipped,3,9
2363,(SNP) Jim NOBLE,(SNP) Mike PARK,(Lab) Ross GRANT,skipped,skipped,skipped,skipped,skipped,skipped,3,9
2364,(SNP) Jim NOBLE,(SNP) Mike PARK,(Lab) Ross GRANT,skipped,skipped,skipped,skipped,skipped,skipped,3,9
2365,(SNP) Jim NOBLE,(SNP) Mike PARK,(Lab) Ross GRANT,skipped,skipped,skipped,skipped,skipped,skipped,3,9
2366,(SNP) Jim NOBLE,(SNP) Mike PARK,(Lab) Ross GRANT,(Ind) Norman COLLIE,(Lab) Ramsay MILNE,skipped,skipped,skipped,skipped,3,9
2367,(SNP) Jim NOBLE,(SNP) Mike PARK,(Lab) Ross GRANT,(Ind) Norman COLLIE,(Lab) Ramsay MILNE,(Grn) Gina FORD,(LD) David GREEN,(Con) Daniel Stephen MCCROSKRIE,(NF) Mike PHILLIPS,3,9
2368,(SNP) Jim NOBLE,(SNP) Mike PARK,(Lab) Ross GRANT,(Grn) Gina FORD,skipped,skipped,skipped,skipped,skipped,3,9
2369,(SNP) Jim NOBLE,(SNP) Mike PARK,(Lab) Ross GRANT,(Grn) Gina FORD,skipped,skipped,skipped,skipped,skipped,3,9
2370,(SNP) Jim NOBLE,(SNP) Mike PARK,(Lab) Ross GRANT,(Grn) Gina FORD,skipped,skipped,skipped,skipped,skipped,3,9
2371,(SNP) Jim NOBLE,(SNP) Mike PARK,(Lab) Ross GRANT,(Grn) Gina FORD,skipped,skipped,skipped,skipped,skipped,3,9
2372,(SNP) Jim NOBLE,(SNP) Mike PARK,(Lab) Ross GRANT,(Grn) Gina FORD,skipped,skipped,skipped,skipped,skipped,3,9
2373,(SNP) Jim NOBLE,(SNP) Mike PARK,(Lab) Ross GRANT,(Grn) Gina FORD,(Ind) Norman COLLIE,skipped,skipped,skipped,skipped,3,9
2374,(SNP) Jim NOBLE,(SNP) Mike PARK,(Lab) Ross GRANT,(Grn) Gina FORD,(Lab) Ramsay MILNE,skipped,skipped,skipped,skipped,3,9
2375,(SNP) Jim NOBLE,(SNP) Mike PARK,(Lab) Ross GRANT,(Grn) Gina FORD,(Lab) Ramsay MILNE,(Ind) Norman COLLIE,(NF) Mike PHILLIPS,(Con) Daniel Stephen MCCROSKRIE,(LD) David GREEN,3,9
2376,(SNP) Jim NOBLE,(SNP) Mike PARK,(Lab) Ross GRANT,(LD) David GREEN,(Grn) Gina FORD,(Ind) Norman COLLIE,(Con) Daniel Stephen MCCROSKRIE,(Lab) Ramsay MILNE,(NF) Mike PHILLIPS,3,9
2377,(SNP) Jim NOBLE,(SNP) Mike PARK,(Lab) Ross GRANT,(LD) David GREEN,(Lab) Ramsay MILNE,(Grn) Gina FORD,(Ind) Norman COLLIE,(NF) Mike PHILLIPS,(Con) Daniel Stephen MCCROSKRIE,3,9
2378,(SNP) Jim NOBLE,(SNP) Mike PARK,(Lab) Ross GRANT,(Con) Daniel Stephen MCCROSKRIE,skipped,skipped,skipped,skipped,skipped,3,9
2379,(SNP) Jim NOBLE,(SNP) Mike PARK,(Lab) Ross GRANT,(Lab) Ramsay MILNE,skipped,skipped,skipped,skipped,skipped,3,9
2380,(SNP) Jim NOBLE,(SNP) Mike PARK,(Lab) Ross GRANT,(Lab) Ramsay MILNE,skipped,skipped,skipped,skipped,skipped,3,9
2381,(SNP) Jim NOBLE,(SNP) Mike PARK,(Lab) Ross GRANT,(Lab) Ramsay MILNE,skipped,skipped,skipped,skipped,skipped,3,9
2382,(SNP) Jim NOBLE,(SNP) Mike PARK,(Lab) Ross GRANT,(Lab) Ramsay MILNE,skipped,skipped,skipped,skipped,skipped,3,9
2383,(SNP) Jim NOBLE,(SNP) Mike PARK,(Lab) Ross GRANT,(Lab) Ramsay MILNE,skipped,skipped,skipped,skipped,skipped,3,9
2384,(SNP) Jim NOBLE,(SNP) Mike PARK,(Lab) Ross GRANT,(Lab) Ramsay MILNE,skipped,skipped,skipped,skipped,skipped,3,9
2385,(SNP) Jim NOBLE,(SNP) Mike PARK,(Lab) Ross GRANT,(Lab) Ramsay MILNE,skipped,skipped,skipped,skipped,skipped,3,9
2386,(SNP) Jim NOBLE,(SNP) Mike PARK,(Lab) Ross GRANT,(Lab) Ramsay MILNE,skipped,skipped,skipped,skipped,skipped,3,9
2387,(SNP) Jim NOBLE,(SNP) Mike PARK,(Lab) Ross GRANT,(Lab) Ramsay MILNE,skipped,skipped,skipped,skipped,skipped,3,9
2388,(SNP) Jim NOBLE,(SNP) Mike PARK,(Lab) Ross GRANT,(Lab) Ramsay MILNE,skipped,skipped,skipped,skipped,skipped,3,9
2389,(SNP) Jim NOBLE,(SNP) Mike PARK,(Lab) Ross GRANT,(Lab) Ramsay MILNE,skipped,skipped,skipped,skipped,skipped,3,9
2390,(SNP) Jim NOBLE,(SNP) Mike PARK,(Lab) Ross GRANT,(Lab) Ramsay MILNE,skipped,skipped,skipped,skipped,skipped,3,9
2391,(SNP) Jim NOBLE,(SNP) Mike PARK,(Lab) Ross GRANT,(Lab) Ramsay MILNE,skipped,skipped,skipped,skipped,skipped,3,9
2392,(SNP) Jim NOBLE,(SNP) Mike PARK,(Lab) Ross GRANT,(Lab) Ramsay MILNE,skipped,skipped,skipped,skipped,skipped,3,9
2393,(SNP) Jim NOBLE,(SNP) Mike PARK,(Lab) Ross GRANT,(Lab) Ramsay MILNE,skipped,skipped,skipped,skipped,skipped,3,9
2394,(SNP) Jim NOBLE,(SNP) Mike PARK,(Lab) Ross GRANT,(Lab) Ramsay MILNE,skipped,skipped,skipped,skipped,skipped,3,9
2395,(SNP) Jim NOBLE,(SNP) Mike PARK,(Lab) Ross GRANT,(Lab) Ramsay MILNE,skipped,skipped,skipped,skipped,skipped,3,9
2396,(SNP) Jim NOBLE,(SNP) Mike PARK,(Lab) Ross GRANT,(Lab) Ramsay MILNE,skipped,skipped,skipped,skipped,skipped,3,9
2397,(SNP) Jim NOBLE,(SNP) Mike PARK,(Lab) Ross GRANT,(Lab) Ramsay MILNE,skipped,skipped,skipped,skipped,skipped,3,9
2398,(SNP) Jim NOBLE,(SNP) Mike PARK,(Lab) Ross GRANT,(Lab) Ramsay MILNE,skipped,skipped,skipped,skipped,skipped,3,9
2399,(SNP) Jim NOBLE,(SNP) Mike PARK,(Lab) Ross GRANT,(Lab) Ramsay MILNE,skipped,skipped,skipped,skipped,skipped,3,9
2400,(SNP) Jim NOBLE,(SNP) Mike PARK,(Lab) Ross GRANT,(Lab) Ramsay MILNE,skipped,skipped,skipped,skipped,skipped,3,9
2401,(SNP) Jim NOBLE,(SNP) Mike PARK,(Lab) Ross GRANT,(Lab) Ramsay MILNE,(Ind) Norman COLLIE,skipped,skipped,skipped,skipped,3,9
2402,(SNP) Jim NOBLE,(SNP) Mike PARK,(Lab) Ross GRANT,(Lab) Ramsay MILNE,(Ind) Norman COLLIE,(Grn) Gina FORD,skipped,skipped,skipped,3,9
2403,(SNP) Jim NOBLE,(SNP) Mike PARK,(Lab) Ross GRANT,(Lab) Ramsay MILNE,(Ind) Norman COLLIE,(Grn) Gina FORD,(LD) David GREEN,(Con) Daniel Stephen MCCROSKRIE,skipped,3,9
2404,(SNP) Jim NOBLE,(SNP) Mike PARK,(Lab) Ross GRANT,(Lab) Ramsay MILNE,(Ind) Norman COLLIE,(Grn) Gina FORD,(LD) David GREEN,(Con) Daniel Stephen MCCROSKRIE,(NF) Mike PHILLIPS,3,9
2405,(SNP) Jim NOBLE,(SNP) Mike PARK,(Lab) Ross GRANT,(Lab) Ramsay MILNE,(Ind) Norman COLLIE,(Grn) Gina FORD,(LD) David GREEN,(Con) Daniel Stephen MCCROSKRIE,(NF) Mike PHILLIPS,3,9
2406,(SNP) Jim NOBLE,(SNP) Mike PARK,(Lab) Ross GRANT,(Lab) Ramsay MILNE,(LD) David GREEN,(Ind) Norman COLLIE,(Con) Daniel Stephen MCCROSKRIE,(Grn) Gina FORD,(NF) Mike PHILLIPS,3,9
2407,(SNP) Jim NOBLE,(SNP) Mike PARK,(LD) David GREEN,skipped,skipped,skipped,skipped,skipped,skipped,3,9
2408,(SNP) Jim NOBLE,(SNP) Mike PARK,(LD) David GREEN,skipped,skipped,skipped,skipped,skipped,skipped,3,9
2409,(SNP) Jim NOBLE,(SNP) Mike PARK,(LD) David GREEN,skipped,skipped,skipped,skipped,skipped,skipped,3,9
2410,(SNP) Jim NOBLE,(SNP) Mike PARK,(LD) David GREEN,skipped,skipped,skipped,skipped,skipped,skipped,3,9
2411,(SNP) Jim NOBLE,(SNP) Mike PARK,(LD) David GREEN,skipped,skipped,skipped,skipped,skipped,skipped,3,9
2412,(SNP) Jim NOBLE,(SNP) Mike PARK,(LD) David GREEN,skipped,skipped,skipped,skipped,skipped,skipped,3,9
2413,(SNP) Jim NOBLE,(SNP) Mike PARK,(LD) David GREEN,skipped,skipped,skipped,skipped,skipped,skipped,3,9
2414,(SNP) Jim NOBLE,(SNP) Mike PARK,(LD) David GREEN,skipped,skipped,skipped,skipped,skipped,skipped,3,9
2415,(SNP) Jim NOBLE,(SNP) Mike PARK,(LD) David GREEN,skipped,skipped,skipped,skipped,skipped,skipped,3,9
2416,(SNP) Jim NOBLE,(SNP) Mike PARK,(LD) David GREEN,skipped,skipped,skipped,skipped,skipped,skipped,3,9
2417,(SNP) Jim NOBLE,(SNP) Mike PARK,(LD) David GREEN,(Ind) Norman COLLIE,(Grn) Gina FORD,(Lab) Ross GRANT,(NF) Mike PHILLIPS,(Lab) Ramsay MILNE,(Con) Daniel Stephen MCCROSKRIE,3,9
2418,(SNP) Jim NOBLE,(SNP) Mike PARK,(LD) David GREEN,(Ind) Norman COLLIE,(Con) Daniel Stephen MCCROSKRIE,(Lab) Ross GRANT,(Lab) Ramsay MILNE,(Grn) Gina FORD,skipped,3,9
2419,(SNP) Jim NOBLE,(SNP) Mike PARK,(LD) David GREEN,(Grn) Gina FORD,skipped,skipped,skipped,skipped,skipped,3,9
2420,(SNP) Jim NOBLE,(SNP) Mike PARK,(LD) David GREEN,(Grn) Gina FORD,skipped,skipped,skipped,skipped,skipped,3,9
2421,(SNP) Jim NOBLE,(SNP) Mike PARK,(LD) David GREEN,(Grn) Gina FORD,skipped,skipped,skipped,skipped,skipped,3,9
2422,(SNP) Jim NOBLE,(SNP) Mike PARK,(LD) David GREEN,(Grn) Gina FORD,(Ind) Norman COLLIE,(Lab) Ross GRANT,(Con) Daniel Stephen MCCROSKRIE,(Lab) Ramsay MILNE,(NF) Mike PHILLIPS,3,9
2423,(SNP) Jim NOBLE,(SNP) Mike PARK,(LD) David GREEN,(Grn) Gina FORD,(Ind) Norman COLLIE,(Con) Daniel Stephen MCCROSKRIE,(Lab) Ramsay MILNE,(Lab) Ross GRANT,(NF) Mike PHILLIPS,3,9
2424,(SNP) Jim NOBLE,(SNP) Mike PARK,(LD) David GREEN,(Grn) Gina FORD,(Lab) Ross GRANT,(Lab) Ramsay MILNE,(Ind) Norman COLLIE,(Con) Daniel Stephen MCCROSKRIE,(NF) Mike PHILLIPS,3,9
2425,(SNP) Jim NOBLE,(SNP) Mike PARK,(LD) David GREEN,(Lab) Ross GRANT,(Lab) Ramsay MILNE,(Ind) Norman COLLIE,skipped,skipped,skipped,3,9
2426,(SNP) Jim NOBLE,(SNP) Mike PARK,(LD) David GREEN,(Lab) Ross GRANT,(Lab) Ramsay MILNE,(Con) Daniel Stephen MCCROSKRIE,skipped,skipped,skipped,3,9
2427,(SNP) Jim NOBLE,(SNP) Mike PARK,(LD) David GREEN,(Con) Daniel Stephen MCCROSKRIE,skipped,skipped,skipped,skipped,skipped,3,9
2428,(SNP) Jim NOBLE,(SNP) Mike PARK,(LD) David GREEN,(Con) Daniel Stephen MCCROSKRIE,(Lab) Ross GRANT,(Lab) Ramsay MILNE,(Grn) Gina FORD,skipped,skipped,3,9
2429,(SNP) Jim NOBLE,(SNP) Mike PARK,(LD) David GREEN,(Con) Daniel Stephen MCCROSKRIE,(Lab) Ross GRANT,(Lab) Ramsay MILNE,(Grn) Gina FORD,(NF) Mike PHILLIPS,(Ind) Norman COLLIE,3,9
2430,(SNP) Jim NOBLE,(SNP) Mike PARK,(LD) David GREEN,(Lab) Ramsay MILNE,(Grn) Gina FORD,(Ind) Norman COLLIE,skipped,skipped,skipped,3,9
2431,(SNP) Jim NOBLE,(SNP) Mike PARK,(LD) David GREEN,(Lab) Ramsay MILNE,(Lab) Ross GRANT,(Ind) Norman COLLIE,(Con) Daniel Stephen MCCROSKRIE,(Grn) Gina FORD,(NF) Mike PHILLIPS,3,9
2432,(SNP) Jim NOBLE,(SNP) Mike PARK,(Con) Daniel Stephen MCCROSKRIE,skipped,skipped,skipped,skipped,skipped,skipped,3,9
2433,(SNP) Jim NOBLE,(SNP) Mike PARK,(Con) Daniel Stephen MCCROSKRIE,skipped,skipped,skipped,skipped,skipped,skipped,3,9
2434,(SNP) Jim NOBLE,(SNP) Mike PARK,(Con) Daniel Stephen MCCROSKRIE,skipped,skipped,skipped,skipped,skipped,skipped,3,9
2435,(SNP) Jim NOBLE,(SNP) Mike PARK,(Con) Daniel Stephen MCCROSKRIE,skipped,skipped,skipped,skipped,skipped,skipped,3,9
2436,(SNP) Jim NOBLE,(SNP) Mike PARK,(Con) Daniel Stephen MCCROSKRIE,(Ind) Norman COLLIE,skipped,skipped,skipped,skipped,skipped,3,9
2437,(SNP) Jim NOBLE,(SNP) Mike PARK,(Con) Daniel Stephen MCCROSKRIE,(Ind) Norman COLLIE,skipped,skipped,skipped,skipped,skipped,3,9
2438,(SNP) Jim NOBLE,(SNP) Mike PARK,(Con) Daniel Stephen MCCROSKRIE,(Grn) Gina FORD,skipped,skipped,skipped,skipped,skipped,3,9
2439,(SNP) Jim NOBLE,(SNP) Mike PARK,(Con) Daniel Stephen MCCROSKRIE,(Lab) Ross GRANT,(Lab) Ramsay MILNE,skipped,skipped,skipped,skipped,3,9
2440,(SNP) Jim NOBLE,(SNP) Mike PARK,(Con) Daniel Stephen MCCROSKRIE,(LD) David GREEN,skipped,skipped,skipped,skipped,skipped,3,9
2441,(SNP) Jim NOBLE,(SNP) Mike PARK,(Con) Daniel Stephen MCCROSKRIE,(LD) David GREEN,skipped,skipped,skipped,skipped,skipped,3,9
2442,(SNP) Jim NOBLE,(SNP) Mike PARK,(Lab) Ramsay MILNE,skipped,skipped,skipped,skipped,skipped,skipped,3,9
2443,(SNP) Jim NOBLE,(SNP) Mike PARK,(Lab) Ramsay MILNE,skipped,skipped,skipped,skipped,skipped,skipped,3,9
2444,(SNP) Jim NOBLE,(SNP) Mike PARK,(Lab) Ramsay MILNE,skipped,skipped,skipped,skipped,skipped,skipped,3,9
2445,(SNP) Jim NOBLE,(SNP) Mike PARK,(Lab) Ramsay MILNE,skipped,skipped,skipped,skipped,skipped,skipped,3,9
2446,(SNP) Jim NOBLE,(SNP) Mike PARK,(Lab) Ramsay MILNE,skipped,skipped,skipped,skipped,skipped,skipped,3,9
2447,(SNP) Jim NOBLE,(SNP) Mike PARK,(Lab) Ramsay MILNE,skipped,skipped,skipped,skipped,skipped,skipped,3,9
2448,(SNP) Jim NOBLE,(SNP) Mike PARK,(Lab) Ramsay MILNE,skipped,skipped,skipped,skipped,skipped,skipped,3,9
2449,(SNP) Jim NOBLE,(SNP) Mike PARK,(Lab) Ramsay MILNE,skipped,skipped,skipped,skipped,skipped,skipped,3,9
2450,(SNP) Jim NOBLE,(SNP) Mike PARK,(Lab) Ramsay MILNE,skipped,skipped,skipped,skipped,skipped,skipped,3,9
2451,(SNP) Jim NOBLE,(SNP) Mike PARK,(Lab) Ramsay MILNE,skipped,skipped,skipped,skipped,skipped,skipped,3,9
2452,(SNP) Jim NOBLE,(SNP) Mike PARK,(Lab) Ramsay MILNE,skipped,skipped,skipped,skipped,skipped,skipped,3,9
2453,(SNP) Jim NOBLE,(SNP) Mike PARK,(Lab) Ramsay MILNE,skipped,skipped,skipped,skipped,skipped,skipped,3,9
2454,(SNP) Jim NOBLE,(SNP) Mike PARK,(Lab) Ramsay MILNE,skipped,skipped,skipped,skipped,skipped,skipped,3,9
2455,(SNP) Jim NOBLE,(SNP) Mike PARK,(Lab) Ramsay MILNE,skipped,skipped,skipped,skipped,skipped,skipped,3,9
2456,(SNP) Jim NOBLE,(SNP) Mike PARK,(Lab) Ramsay MILNE,skipped,skipped,skipped,skipped,skipped,skipped,3,9
2457,(SNP) Jim NOBLE,(SNP) Mike PARK,(Lab) Ramsay MILNE,skipped,skipped,skipped,skipped,skipped,skipped,3,9
2458,(SNP) Jim NOBLE,(SNP) Mike PARK,(Lab) Ramsay MILNE,skipped,skipped,skipped,skipped,skipped,skipped,3,9
2459,(SNP) Jim NOBLE,(SNP) Mike PARK,(Lab) Ramsay MILNE,skipped,skipped,skipped,skipped,skipped,skipped,3,9
2460,(SNP) Jim NOBLE,(SNP) Mike PARK,(Lab) Ramsay MILNE,skipped,skipped,skipped,skipped,skipped,skipped,3,9
2461,(SNP) Jim NOBLE,(SNP) Mike PARK,(Lab) Ramsay MILNE,skipped,skipped,skipped,skipped,skipped,skipped,3,9
2462,(SNP) Jim NOBLE,(SNP) Mike PARK,(Lab) Ramsay MILNE,skipped,skipped,skipped,skipped,skipped,skipped,3,9
2463,(SNP) Jim NOBLE,(SNP) Mike PARK,(Lab) Ramsay MILNE,skipped,skipped,skipped,skipped,skipped,skipped,3,9
2464,(SNP) Jim NOBLE,(SNP) Mike PARK,(Lab) Ramsay MILNE,skipped,skipped,skipped,skipped,skipped,skipped,3,9
2465,(SNP) Jim NOBLE,(SNP) Mike PARK,(Lab) Ramsay MILNE,skipped,skipped,skipped,skipped,skipped,skipped,3,9
2466,(SNP) Jim NOBLE,(SNP) Mike PARK,(Lab) Ramsay MILNE,skipped,skipped,skipped,skipped,skipped,skipped,3,9
2467,(SNP) Jim NOBLE,(SNP) Mike PARK,(Lab) Ramsay MILNE,skipped,skipped,skipped,skipped,skipped,skipped,3,9
2468,(SNP) Jim NOBLE,(SNP) Mike PARK,(Lab) Ramsay MILNE,skipped,skipped,skipped,skipped,skipped,skipped,3,9
2469,(SNP) Jim NOBLE,(SNP) Mike PARK,(Lab) Ramsay MILNE,skipped,skipped,skipped,skipped,skipped,skipped,3,9
2470,(SNP) Jim NOBLE,(SNP) Mike PARK,(Lab) Ramsay MILNE,skipped,skipped,skipped,skipped,skipped,skipped,3,9
2471,(SNP) Jim NOBLE,(SNP) Mike PARK,(Lab) Ramsay MILNE,(Ind) Norman COLLIE,(Grn) Gina FORD,(Lab) Ross GRANT,skipped,skipped,skipped,3,9
2472,(SNP) Jim NOBLE,(SNP) Mike PARK,(Lab) Ramsay MILNE,(Grn) Gina FORD,(Lab) Ross GRANT,(LD) David GREEN,(Ind) Norman COLLIE,skipped,skipped,3,9
2473,(SNP) Jim NOBLE,(SNP) Mike PARK,(Lab) Ramsay MILNE,(Lab) Ross GRANT,skipped,skipped,skipped,skipped,skipped,3,9
2474,(SNP) Jim NOBLE,(SNP) Mike PARK,(Lab) Ramsay MILNE,(Lab) Ross GRANT,skipped,skipped,skipped,skipped,skipped,3,9
2475,(SNP) Jim NOBLE,(SNP) Mike PARK,(Lab) Ramsay MILNE,(Lab) Ross GRANT,skipped,skipped,skipped,skipped,skipped,3,9
2476,(SNP) Jim NOBLE,(SNP) Mike PARK,(Lab) Ramsay MILNE,(Lab) Ross GRANT,skipped,skipped,skipped,skipped,skipped,3,9
2477,(SNP) Jim NOBLE,(SNP) Mike PARK,(Lab) Ramsay MILNE,(Lab) Ross GRANT,skipped,skipped,skipped,skipped,skipped,3,9
2478,(SNP) Jim NOBLE,(SNP) Mike PARK,(Lab) Ramsay MILNE,(Lab) Ross GRANT,skipped,skipped,skipped,skipped,skipped,3,9
2479,(SNP) Jim NOBLE,(SNP) Mike PARK,(Lab) Ramsay MILNE,(Lab) Ross GRANT,skipped,skipped,skipped,skipped,skipped,3,9
2480,(SNP) Jim NOBLE,(SNP) Mike PARK,(Lab) Ramsay MILNE,(Lab) Ross GRANT,skipped,skipped,skipped,skipped,skipped,3,9
2481,(SNP) Jim NOBLE,(SNP) Mike PARK,(Lab) Ramsay MILNE,(Lab) Ross GRANT,skipped,skipped,skipped,skipped,skipped,3,9
2482,(SNP) Jim NOBLE,(SNP) Mike PARK,(Lab) Ramsay MILNE,(Lab) Ross GRANT,skipped,skipped,skipped,skipped,skipped,3,9
2483,(SNP) Jim NOBLE,(SNP) Mike PARK,(Lab) Ramsay MILNE,(Lab) Ross GRANT,skipped,skipped,skipped,skipped,skipped,3,9
2484,(SNP) Jim NOBLE,(SNP) Mike PARK,(Lab) Ramsay MILNE,(Lab) Ross GRANT,skipped,skipped,skipped,skipped,skipped,3,9
2485,(SNP) Jim NOBLE,(SNP) Mike PARK,(Lab) Ramsay MILNE,(Lab) Ross GRANT,skipped,skipped,skipped,skipped,skipped,3,9
2486,(SNP) Jim NOBLE,(SNP) Mike PARK,(Lab) Ramsay MILNE,(Lab) Ross GRANT,(Ind) Norman COLLIE,skipped,skipped,skipped,skipped,3,9
2487,(SNP) Jim NOBLE,(SNP) Mike PARK,(Lab) Ramsay MILNE,(Lab) Ross GRANT,(Ind) Norman COLLIE,skipped,skipped,skipped,skipped,3,9
2488,(SNP) Jim NOBLE,(SNP) Mike PARK,(Lab) Ramsay MILNE,(Lab) Ross GRANT,(Ind) Norman COLLIE,skipped,skipped,skipped,skipped,3,9
2489,(SNP) Jim NOBLE,(SNP) Mike PARK,(Lab) Ramsay MILNE,(Lab) Ross GRANT,(Grn) Gina FORD,skipped,skipped,skipped,skipped,3,9
2490,(SNP) Jim NOBLE,(SNP) Mike PARK,(Lab) Ramsay MILNE,(Lab) Ross GRANT,(Grn) Gina FORD,skipped,skipped,skipped,skipped,3,9
2491,(SNP) Jim NOBLE,(SNP) Mike PARK,(Lab) Ramsay MILNE,(Lab) Ross GRANT,(Grn) Gina FORD,skipped,skipped,skipped,skipped,3,9
2492,(SNP) Jim NOBLE,(SNP) Mike PARK,(Lab) Ramsay MILNE,(Lab) Ross GRANT,(Grn) Gina FORD,(LD) David GREEN,(Con) Daniel Stephen MCCROSKRIE,(Ind) Norman COLLIE,(NF) Mike PHILLIPS,3,9
2493,(SNP) Jim NOBLE,(SNP) Mike PARK,(Lab) Ramsay MILNE,(Lab) Ross GRANT,(Grn) Gina FORD,(LD) David GREEN,(Con) Daniel Stephen MCCROSKRIE,(Ind) Norman COLLIE,(NF) Mike PHILLIPS,3,9
2494,(SNP) Jim NOBLE,(SNP) Mike PARK,(Lab) Ramsay MILNE,(Lab) Ross GRANT,(Grn) Gina FORD,(NF) Mike PHILLIPS,(Con) Daniel Stephen MCCROSKRIE,(LD) David GREEN,(Ind) Norman COLLIE,3,9
2495,(SNP) Jim NOBLE,(SNP) Mike PARK,(Lab) Ramsay MILNE,(Lab) Ross GRANT,(LD) David GREEN,(Grn) Gina FORD,(Ind) Norman COLLIE,(Con) Daniel Stephen MCCROSKRIE,(NF) Mike PHILLIPS,3,9
2496,(SNP) Jim NOBLE,(SNP) Mike PARK,(Lab) Ramsay MILNE,(Lab) Ross GRANT,(LD) David GREEN,(Grn) Gina FORD,(NF) Mike PHILLIPS,(Ind) Norman COLLIE,(Con) Daniel Stephen MCCROSKRIE,3,9
2497,(SNP) Jim NOBLE,(SNP) Mike PARK,(Lab) Ramsay MILNE,(Lab) Ross GRANT,(LD) David GREEN,(Con) Daniel Stephen MCCROSKRIE,skipped,skipped,skipped,3,9
2498,(SNP) Jim NOBLE,(SNP) Mike PARK,(Lab) Ramsay MILNE,(Lab) Ross GRANT,(Con) Daniel Stephen MCCROSKRIE,(LD) David GREEN,(NF) Mike PHILLIPS,(Grn) Gina FORD,(Ind) Norman COLLIE,3,9
2499,(SNP) Jim NOBLE,(SNP) Mike PARK,(Lab) Ramsay MILNE,(Lab) Ross GRANT,(NF) Mike PHILLIPS,skipped,skipped,skipped,skipped,3,9
2500,(SNP) Jim NOBLE,(SNP) Mike PARK,(Lab) Ramsay MILNE,(Lab) Ross GRANT,(NF) Mike PHILLIPS,(Con) Daniel Stephen MCCROSKRIE,(Grn) Gina FORD,(Ind) Norman COLLIE,(LD) David GREEN,3,9
2501,(SNP) Jim NOBLE,(SNP) Mike PARK,(Lab) Ramsay MILNE,(LD) David GREEN,(Lab) Ross GRANT,(Ind) Norman COLLIE,(Grn) Gina FORD,(NF) Mike PHILLIPS,(Con) Daniel Stephen MCCROSKRIE,3,9
2502,(SNP) Jim NOBLE,(SNP) Mike PARK,(Lab) Ramsay MILNE,(LD) David GREEN,(Lab) Ross GRANT,(Con) Daniel Stephen MCCROSKRIE,(Grn) Gina FORD,(NF) Mike PHILLIPS,(Ind) Norman COLLIE,3,9
2503,(SNP) Jim NOBLE,(SNP) Mike PARK,(Lab) Ramsay MILNE,(Con) Daniel Stephen MCCROSKRIE,(Lab) Ross GRANT,skipped,skipped,skipped,skipped,3,9
2504,(SNP) Jim NOBLE,(SNP) Mike PARK,(Lab) Ramsay MILNE,(Con) Daniel Stephen MCCROSKRIE,(LD) David GREEN,(Lab) Ross GRANT,(Grn) Gina FORD,(Ind) Norman COLLIE,(NF) Mike PHILLIPS,3,9
2505,(SNP) Jim NOBLE,(SNP) Mike PARK,(NF) Mike PHILLIPS,skipped,skipped,skipped,skipped,skipped,skipped,3,9
2506,(SNP) Jim NOBLE,(SNP) Mike PARK,(NF) Mike PHILLIPS,skipped,skipped,skipped,skipped,skipped,skipped,3,9
2507,(SNP) Jim NOBLE,(SNP) Mike PARK,(NF) Mike PHILLIPS,skipped,skipped,skipped,skipped,skipped,skipped,3,9
2508,(SNP) Jim NOBLE,(SNP) Mike PARK,(NF) Mike PHILLIPS,skipped,skipped,skipped,skipped,skipped,skipped,3,9
2509,(SNP) Jim NOBLE,(SNP) Mike PARK,(NF) Mike PHILLIPS,skipped,skipped,skipped,skipped,skipped,skipped,3,9
2510,(SNP) Jim NOBLE,(SNP) Mike PARK,(NF) Mike PHILLIPS,skipped,skipped,skipped,skipped,skipped,skipped,3,9
2511,(SNP) Jim NOBLE,(SNP) Mike PARK,(NF) Mike PHILLIPS,skipped,skipped,skipped,skipped,skipped,skipped,3,9
2512,(SNP) Jim NOBLE,(SNP) Mike PARK,(NF) Mike PHILLIPS,skipped,skipped,skipped,skipped,skipped,skipped,3,9
2513,(SNP) Jim NOBLE,(SNP) Mike PARK,(NF) Mike PHILLIPS,skipped,skipped,skipped,skipped,skipped,skipped,3,9
2514,(SNP) Jim NOBLE,(SNP) Mike PARK,(NF) Mike PHILLIPS,skipped,skipped,skipped,skipped,skipped,skipped,3,9
2515,(SNP) Jim NOBLE,(SNP) Mike PARK,(NF) Mike PHILLIPS,skipped,skipped,skipped,skipped,skipped,skipped,3,9
2516,(SNP) Jim NOBLE,(SNP) Mike PARK,(NF) Mike PHILLIPS,skipped,skipped,skipped,skipped,skipped,skipped,3,9
2517,(SNP) Jim NOBLE,(SNP) Mike PARK,(NF) Mike PHILLIPS,skipped,skipped,skipped,skipped,skipped,skipped,3,9
2518,(SNP) Jim NOBLE,(SNP) Mike PARK,(NF) Mike PHILLIPS,skipped,skipped,skipped,skipped,skipped,skipped,3,9
2519,(SNP) Jim NOBLE,(SNP) Mike PARK,(NF) Mike PHILLIPS,skipped,skipped,skipped,skipped,skipped,skipped,3,9
2520,(SNP) Jim NOBLE,(SNP) Mike PARK,(NF) Mike PHILLIPS,skipped,skipped,skipped,skipped,skipped,skipped,3,9
2521,(SNP) Jim NOBLE,(SNP) Mike PARK,(NF) Mike PHILLIPS,skipped,skipped,skipped,skipped,skipped,skipped,3,9
2522,(SNP) Jim NOBLE,(SNP) Mike PARK,(NF) Mike PHILLIPS,(Ind) Norman COLLIE,(Lab) Ross GRANT,(Lab) Ramsay MILNE,skipped,skipped,skipped,3,9
2523,(SNP) Jim NOBLE,(SNP) Mike PARK,(NF) Mike PHILLIPS,(Grn) Gina FORD,(Ind) Norman COLLIE,skipped,skipped,skipped,skipped,3,9
2524,(SNP) Jim NOBLE,(SNP) Mike PARK,(NF) Mike PHILLIPS,(Lab) Ross GRANT,(Lab) Ramsay MILNE,(Ind) Norman COLLIE,(Grn) Gina FORD,(LD) David GREEN,(Con) Daniel Stephen MCCROSKRIE,3,9
2525,(SNP) Jim NOBLE,(SNP) Mike PARK,(NF) Mike PHILLIPS,(Lab) Ross GRANT,(Lab) Ramsay MILNE,(LD) David GREEN,(Con) Daniel Stephen MCCROSKRIE,(Ind) Norman COLLIE,(Grn) Gina FORD,3,9
2526,(SNP) Jim NOBLE,(SNP) Mike PARK,(NF) Mike PHILLIPS,(LD) David GREEN,skipped,skipped,skipped,skipped,skipped,3,9
2527,(SNP) Jim NOBLE,(SNP) Mike PARK,(NF) Mike PHILLIPS,(Con) Daniel Stephen MCCROSKRIE,(Lab) Ross GRANT,(LD) David GREEN,(Lab) Ramsay MILNE,(Grn) Gina FORD,(Ind) Norman COLLIE,3,9
2528,(SNP) Jim NOBLE,(SNP) Mike PARK,(NF) Mike PHILLIPS,(Lab) Ramsay MILNE,skipped,skipped,skipped,skipped,skipped,3,9
2529,(SNP) Jim NOBLE,(SNP) Mike PARK,(NF) Mike PHILLIPS,(Lab) Ramsay MILNE,(Lab) Ross GRANT,skipped,skipped,skipped,skipped,3,9
2530,(SNP) Jim NOBLE,(SNP) Mike PARK,(NF) Mike PHILLIPS,(Lab) Ramsay MILNE,(Lab) Ross GRANT,(Ind) Norman COLLIE,(Grn) Gina FORD,(Con) Daniel Stephen MCCROSKRIE,(LD) David GREEN,3,9
2531,(SNP) Jim NOBLE,(NF) Mike PHILLIPS,(Lab) Ross GRANT,skipped,skipped,skipped,skipped,skipped,skipped,3,9
2532,(SNP) Jim NOBLE,(NF) Mike PHILLIPS,(Lab) Ross GRANT,skipped,skipped,skipped,skipped,skipped,skipped,3,9
2533,(SNP) Jim NOBLE,(NF) Mike PHILLIPS,(Lab) Ross GRANT,skipped,skipped,skipped,skipped,skipped,skipped,3,9
2534,(SNP) Jim NOBLE,(NF) Mike PHILLIPS,(SNP) Mike PARK,skipped,skipped,skipped,skipped,skipped,skipped,3,9
2535,(SNP) Jim NOBLE,(NF) Mike PHILLIPS,(SNP) Mike PARK,skipped,skipped,skipped,skipped,skipped,skipped,3,9
2536,(SNP) Mike PARK,skipped,skipped,skipped,skipped,skipped,skipped,skipped,skipped,3,9
2537,(SNP) Mike PARK,skipped,skipped,skipped,skipped,skipped,skipped,skipped,skipped,3,9
2538,(SNP) Mike PARK,skipped,skipped,skipped,skipped,skipped,skipped,skipped,skipped,3,9
2539,(SNP) Mike PARK,skipped,skipped,skipped,skipped,skipped,skipped,skipped,skipped,3,9
2540,(SNP) Mike PARK,skipped,skipped,skipped,skipped,skipped,skipped,skipped,skipped,3,9
2541,(SNP) Mike PARK,skipped,skipped,skipped,skipped,skipped,skipped,skipped,skipped,3,9
2542,(SNP) Mike PARK,skipped,skipped,skipped,skipped,skipped,skipped,skipped,skipped,3,9
2543,(SNP) Mike PARK,skipped,skipped,skipped,skipped,skipped,skipped,skipped,skipped,3,9
2544,(SNP) Mike PARK,skipped,skipped,skipped,skipped,skipped,skipped,skipped,skipped,3,9
2545,(SNP) Mike PARK,(Ind) Norman COLLIE,skipped,skipped,skipped,skipped,skipped,skipped,skipped,3,9
2546,(SNP) Mike PARK,(Ind) Norman COLLIE,(SNP) Jim NOBLE,(Con) Daniel Stephen MCCROSKRIE,skipped,skipped,skipped,skipped,skipped,3,9
2547,(SNP) Mike PARK,(Grn) Gina FORD,(SNP) Jim NOBLE,skipped,skipped,skipped,skipped,skipped,skipped,3,9
2548,(SNP) Mike PARK,(Grn) Gina FORD,(SNP) Jim NOBLE,skipped,skipped,skipped,skipped,skipped,skipped,3,9
2549,(SNP) Mike PARK,(Grn) Gina FORD,(SNP) Jim NOBLE,(Lab) Ramsay MILNE,skipped,skipped,skipped,skipped,skipped,3,9
2550,(SNP) Mike PARK,(Lab) Ross GRANT,skipped,skipped,skipped,skipped,skipped,skipped,skipped,3,9
2551,(SNP) Mike PARK,(Lab) Ross GRANT,skipped,skipped,skipped,skipped,skipped,skipped,skipped,3,9
2552,(SNP) Mike PARK,(Lab) Ross GRANT,skipped,skipped,skipped,skipped,skipped,skipped,skipped,3,9
2553,(SNP) Mike PARK,(Lab) Ross GRANT,(Ind) Norman COLLIE,skipped,skipped,skipped,skipped,skipped,skipped,3,9
2554,(SNP) Mike PARK,(Lab) Ross GRANT,(Lab) Ramsay MILNE,(SNP) Jim NOBLE,skipped,skipped,skipped,skipped,skipped,3,9
2555,(SNP) Mike PARK,(Lab) Ross GRANT,(Lab) Ramsay MILNE,(SNP) Jim NOBLE,(Con) Daniel Stephen MCCROSKRIE,(LD) David GREEN,(Grn) Gina FORD,(Ind) Norman COLLIE,(NF) Mike PHILLIPS,3,9
2556,(SNP) Mike PARK,(Lab) Ross GRANT,(SNP) Jim NOBLE,skipped,skipped,skipped,skipped,skipped,skipped,3,9
2557,(SNP) Mike PARK,(Lab) Ross GRANT,(SNP) Jim NOBLE,skipped,skipped,skipped,skipped,skipped,skipped,3,9
2558,(SNP) Mike PARK,(Lab) Ross GRANT,(SNP) Jim NOBLE,skipped,skipped,skipped,skipped,skipped,skipped,3,9
2559,(SNP) Mike PARK,(Lab) Ross GRANT,(SNP) Jim NOBLE,(Lab) Ramsay MILNE,(LD) David GREEN,(Grn) Gina FORD,(Ind) Norman COLLIE,(Con) Daniel Stephen MCCROSKRIE,skipped,3,9
2560,(SNP) Mike PARK,(LD) David GREEN,(Grn) Gina FORD,(Ind) Norman COLLIE,skipped,skipped,skipped,skipped,skipped,3,9
2561,(SNP) Mike PARK,(Con) Daniel Stephen MCCROSKRIE,(Lab) Ramsay MILNE,(Lab) Ross GRANT,(LD) David GREEN,(NF) Mike PHILLIPS,(Grn) Gina FORD,(Ind) Norman COLLIE,(SNP) Jim NOBLE,3,9
2562,(SNP) Mike PARK,(Con) Daniel Stephen MCCROSKRIE,(SNP) Jim NOBLE,(LD) David GREEN,(Ind) Norman COLLIE,skipped,skipped,skipped,skipped,3,9
2563,(SNP) Mike PARK,(Lab) Ramsay MILNE,(Lab) Ross GRANT,skipped,skipped,skipped,skipped,skipped,skipped,3,9
2564,(SNP) Mike PARK,(Lab) Ramsay MILNE,(Lab) Ross GRANT,(SNP) Jim NOBLE,skipped,skipped,skipped,skipped,skipped,3,9
2565,(SNP) Mike PARK,(Lab) Ramsay MILNE,(SNP) Jim NOBLE,(LD) David GREEN,(Lab) Ross GRANT,(Con) Daniel Stephen MCCROSKRIE,(Ind) Norman COLLIE,skipped,skipped,3,9
2566,(SNP) Mike PARK,(SNP) Jim NOBLE,skipped,skipped,skipped,skipped,skipped,skipped,skipped,3,9
2567,(SNP) Mike PARK,(SNP) Jim NOBLE,skipped,skipped,skipped,skipped,skipped,skipped,skipped,3,9
2568,(SNP) Mike PARK,(SNP) Jim NOBLE,skipped,skipped,skipped,skipped,skipped,skipped,skipped,3,9
2569,(SNP) Mike PARK,(SNP) Jim NOBLE,skipped,skipped,skipped,skipped,skipped,skipped,skipped,3,9
2570,(SNP) Mike PARK,(SNP) Jim NOBLE,skipped,skipped,skipped,skipped,skipped,skipped,skipped,3,9
2571,(SNP) Mike PARK,(SNP) Jim NOBLE,skipped,skipped,skipped,skipped,skipped,skipped,skipped,3,9
2572,(SNP) Mike PARK,(SNP) Jim NOBLE,skipped,skipped,skipped,skipped,skipped,skipped,skipped,3,9
2573,(SNP) Mike PARK,(SNP) Jim NOBLE,skipped,skipped,skipped,skipped,skipped,skipped,skipped,3,9
2574,(SNP) Mike PARK,(SNP) Jim NOBLE,skipped,skipped,skipped,skipped,skipped,skipped,skipped,3,9
2575,(SNP) Mike PARK,(SNP) Jim NOBLE,skipped,skipped,skipped,skipped,skipped,skipped,skipped,3,9
2576,(SNP) Mike PARK,(SNP) Jim NOBLE,skipped,skipped,skipped,skipped,skipped,skipped,skipped,3,9
2577,(SNP) Mike PARK,(SNP) Jim NOBLE,skipped,skipped,skipped,skipped,skipped,skipped,skipped,3,9
2578,(SNP) Mike PARK,(SNP) Jim NOBLE,skipped,skipped,skipped,skipped,skipped,skipped,skipped,3,9
2579,(SNP) Mike PARK,(SNP) Jim NOBLE,skipped,skipped,skipped,skipped,skipped,skipped,skipped,3,9
2580,(SNP) Mike PARK,(SNP) Jim NOBLE,skipped,skipped,skipped,skipped,skipped,skipped,skipped,3,9
2581,(SNP) Mike PARK,(SNP) Jim NOBLE,skipped,skipped,skipped,skipped,skipped,skipped,skipped,3,9
2582,(SNP) Mike PARK,(SNP) Jim NOBLE,skipped,skipped,skipped,skipped,skipped,skipped,skipped,3,9
2583,(SNP) Mike PARK,(SNP) Jim NOBLE,skipped,skipped,skipped,skipped,skipped,skipped,skipped,3,9
2584,(SNP) Mike PARK,(SNP) Jim NOBLE,skipped,skipped,skipped,skipped,skipped,skipped,skipped,3,9
2585,(SNP) Mike PARK,(SNP) Jim NOBLE,skipped,skipped,skipped,skipped,skipped,skipped,skipped,3,9
2586,(SNP) Mike PARK,(SNP) Jim NOBLE,skipped,skipped,skipped,skipped,skipped,skipped,skipped,3,9
2587,(SNP) Mike PARK,(SNP) Jim NOBLE,skipped,skipped,skipped,skipped,skipped,skipped,skipped,3,9
2588,(SNP) Mike PARK,(SNP) Jim NOBLE,skipped,skipped,skipped,skipped,skipped,skipped,skipped,3,9
2589,(SNP) Mike PARK,(SNP) Jim NOBLE,skipped,skipped,skipped,skipped,skipped,skipped,skipped,3,9
2590,(SNP) Mike PARK,(SNP) Jim NOBLE,skipped,skipped,skipped,skipped,skipped,skipped,skipped,3,9
2591,(SNP) Mike PARK,(SNP) Jim NOBLE,skipped,skipped,skipped,skipped,skipped,skipped,skipped,3,9
2592,(SNP) Mike PARK,(SNP) Jim NOBLE,skipped,skipped,skipped,skipped,skipped,skipped,skipped,3,9
2593,(SNP) Mike PARK,(SNP) Jim NOBLE,skipped,skipped,skipped,skipped,skipped,skipped,skipped,3,9
2594,(SNP) Mike PARK,(SNP) Jim NOBLE,skipped,skipped,skipped,skipped,skipped,skipped,skipped,3,9
2595,(SNP) Mike PARK,(SNP) Jim NOBLE,skipped,skipped,skipped,skipped,skipped,skipped,skipped,3,9
2596,(SNP) Mike PARK,(SNP) Jim NOBLE,skipped,skipped,skipped,skipped,skipped,skipped,skipped,3,9
2597,(SNP) Mike PARK,(SNP) Jim NOBLE,skipped,skipped,skipped,skipped,skipped,skipped,skipped,3,9
2598,(SNP) Mike PARK,(SNP) Jim NOBLE,skipped,skipped,skipped,skipped,skipped,skipped,skipped,3,9
2599,(SNP) Mike PARK,(SNP) Jim NOBLE,skipped,skipped,skipped,skipped,skipped,skipped,skipped,3,9
2600,(SNP) Mike PARK,(SNP) Jim NOBLE,skipped,skipped,skipped,skipped,skipped,skipped,skipped,3,9
2601,(SNP) Mike PARK,(SNP) Jim NOBLE,skipped,skipped,skipped,skipped,skipped,skipped,skipped,3,9
2602,(SNP) Mike PARK,(SNP) Jim NOBLE,skipped,skipped,skipped,skipped,skipped,skipped,skipped,3,9
2603,(SNP) Mike PARK,(SNP) Jim NOBLE,skipped,skipped,skipped,skipped,skipped,skipped,skipped,3,9
2604,(SNP) Mike PARK,(SNP) Jim NOBLE,skipped,skipped,skipped,skipped,skipped,skipped,skipped,3,9
2605,(SNP) Mike PARK,(SNP) Jim NOBLE,skipped,skipped,skipped,skipped,skipped,skipped,skipped,3,9
2606,(SNP) Mike PARK,(SNP) Jim NOBLE,skipped,skipped,skipped,skipped,skipped,skipped,skipped,3,9
2607,(SNP) Mike PARK,(SNP) Jim NOBLE,skipped,skipped,skipped,skipped,skipped,skipped,skipped,3,9
2608,(SNP) Mike PARK,(SNP) Jim NOBLE,skipped,skipped,skipped,skipped,skipped,skipped,skipped,3,9
2609,(SNP) Mike PARK,(SNP) Jim NOBLE,skipped,skipped,skipped,skipped,skipped,skipped,skipped,3,9
2610,(SNP) Mike PARK,(SNP) Jim NOBLE,skipped,skipped,skipped,skipped,skipped,skipped,skipped,3,9
2611,(SNP) Mike PARK,(SNP) Jim NOBLE,skipped,skipped,skipped,skipped,skipped,skipped,skipped,3,9
2612,(SNP) Mike PARK,(SNP) Jim NOBLE,skipped,skipped,skipped,skipped,skipped,skipped,skipped,3,9
2613,(SNP) Mike PARK,(SNP) Jim NOBLE,skipped,skipped,skipped,skipped,skipped,skipped,skipped,3,9
2614,(SNP) Mike PARK,(SNP) Jim NOBLE,skipped,skipped,skipped,skipped,skipped,skipped,skipped,3,9
2615,(SNP) Mike PARK,(SNP) Jim NOBLE,skipped,skipped,skipped,skipped,skipped,skipped,skipped,3,9
2616,(SNP) Mike PARK,(SNP) Jim NOBLE,skipped,skipped,skipped,skipped,skipped,skipped,skipped,3,9
2617,(SNP) Mike PARK,(SNP) Jim NOBLE,skipped,skipped,skipped,skipped,skipped,skipped,skipped,3,9
2618,(SNP) Mike PARK,(SNP) Jim NOBLE,skipped,skipped,skipped,skipped,skipped,skipped,skipped,3,9
2619,(SNP) Mike PARK,(SNP) Jim NOBLE,skipped,skipped,skipped,skipped,skipped,skipped,skipped,3,9
2620,(SNP) Mike PARK,(SNP) Jim NOBLE,skipped,skipped,skipped,skipped,skipped,skipped,skipped,3,9
2621,(SNP) Mike PARK,(SNP) Jim NOBLE,skipped,skipped,skipped,skipped,skipped,skipped,skipped,3,9
2622,(SNP) Mike PARK,(SNP) Jim NOBLE,skipped,skipped,skipped,skipped,skipped,skipped,skipped,3,9
2623,(SNP) Mike PARK,(SNP) Jim NOBLE,skipped,skipped,skipped,skipped,skipped,skipped,skipped,3,9
2624,(SNP) Mike PARK,(SNP) Jim NOBLE,skipped,skipped,skipped,skipped,skipped,skipped,skipped,3,9
2625,(SNP) Mike PARK,(SNP) Jim NOBLE,skipped,skipped,skipped,skipped,skipped,skipped,skipped,3,9
2626,(SNP) Mike PARK,(SNP) Jim NOBLE,skipped,skipped,skipped,skipped,skipped,skipped,skipped,3,9
2627,(SNP) Mike PARK,(SNP) Jim NOBLE,skipped,skipped,skipped,skipped,skipped,skipped,skipped,3,9
2628,(SNP) Mike PARK,(SNP) Jim NOBLE,skipped,skipped,skipped,skipped,skipped,skipped,skipped,3,9
2629,(SNP) Mike PARK,(SNP) Jim NOBLE,skipped,skipped,skipped,skipped,skipped,skipped,skipped,3,9
2630,(SNP) Mike PARK,(SNP) Jim NOBLE,skipped,skipped,skipped,skipped,skipped,skipped,skipped,3,9
2631,(SNP) Mike PARK,(SNP) Jim NOBLE,skipped,skipped,skipped,skipped,skipped,skipped,skipped,3,9
2632,(SNP) Mike PARK,(SNP) Jim NOBLE,skipped,skipped,skipped,skipped,skipped,skipped,skipped,3,9
2633,(SNP) Mike PARK,(SNP) Jim NOBLE,skipped,skipped,skipped,skipped,skipped,skipped,skipped,3,9
2634,(SNP) Mike PARK,(SNP) Jim NOBLE,skipped,skipped,skipped,skipped,skipped,skipped,skipped,3,9
2635,(SNP) Mike PARK,(SNP) Jim NOBLE,skipped,skipped,skipped,skipped,skipped,skipped,skipped,3,9
2636,(SNP) Mike PARK,(SNP) Jim NOBLE,skipped,skipped,skipped,skipped,skipped,skipped,skipped,3,9
2637,(SNP) Mike PARK,(SNP) Jim NOBLE,skipped,skipped,skipped,skipped,skipped,skipped,skipped,3,9
2638,(SNP) Mike PARK,(SNP) Jim NOBLE,skipped,skipped,skipped,skipped,skipped,skipped,skipped,3,9
2639,(SNP) Mike PARK,(SNP) Jim NOBLE,skipped,skipped,skipped,skipped,skipped,skipped,skipped,3,9
2640,(SNP) Mike PARK,(SNP) Jim NOBLE,skipped,skipped,skipped,skipped,skipped,skipped,skipped,3,9
2641,(SNP) Mike PARK,(SNP) Jim NOBLE,skipped,skipped,skipped,skipped,skipped,skipped,skipped,3,9
2642,(SNP) Mike PARK,(SNP) Jim NOBLE,skipped,skipped,skipped,skipped,skipped,skipped,skipped,3,9
2643,(SNP) Mike PARK,(SNP) Jim NOBLE,skipped,skipped,skipped,skipped,skipped,skipped,skipped,3,9
2644,(SNP) Mike PARK,(SNP) Jim NOBLE,skipped,skipped,skipped,skipped,skipped,skipped,skipped,3,9
2645,(SNP) Mike PARK,(SNP) Jim NOBLE,skipped,skipped,skipped,skipped,skipped,skipped,skipped,3,9
2646,(SNP) Mike PARK,(SNP) Jim NOBLE,skipped,skipped,skipped,skipped,skipped,skipped,skipped,3,9
2647,(SNP) Mike PARK,(SNP) Jim NOBLE,skipped,skipped,skipped,skipped,skipped,skipped,skipped,3,9
2648,(SNP) Mike PARK,(SNP) Jim NOBLE,skipped,skipped,skipped,skipped,skipped,skipped,skipped,3,9
2649,(SNP) Mike PARK,(SNP) Jim NOBLE,(Ind) Norman COLLIE,skipped,skipped,skipped,skipped,skipped,skipped,3,9
2650,(SNP) Mike PARK,(SNP) Jim NOBLE,(Ind) Norman COLLIE,skipped,skipped,skipped,skipped,skipped,skipped,3,9
2651,(SNP) Mike PARK,(SNP) Jim NOBLE,(Ind) Norman COLLIE,skipped,skipped,skipped,skipped,skipped,skipped,3,9
2652,(SNP) Mike PARK,(SNP) Jim NOBLE,(Ind) Norman COLLIE,skipped,skipped,skipped,skipped,skipped,skipped,3,9
2653,(SNP) Mike PARK,(SNP) Jim NOBLE,(Ind) Norman COLLIE,skipped,skipped,skipped,skipped,skipped,skipped,3,9
2654,(SNP) Mike PARK,(SNP) Jim NOBLE,(Ind) Norman COLLIE,skipped,skipped,skipped,skipped,skipped,skipped,3,9
2655,(SNP) Mike PARK,(SNP) Jim NOBLE,(Ind) Norman COLLIE,skipped,skipped,skipped,skipped,skipped,skipped,3,9
2656,(SNP) Mike PARK,(SNP) Jim NOBLE,(Ind) Norman COLLIE,skipped,skipped,skipped,skipped,skipped,skipped,3,9
2657,(SNP) Mike PARK,(SNP) Jim NOBLE,(Ind) Norman COLLIE,skipped,skipped,skipped,skipped,skipped,skipped,3,9
2658,(SNP) Mike PARK,(SNP) Jim NOBLE,(Ind) Norman COLLIE,skipped,skipped,skipped,skipped,skipped,skipped,3,9
2659,(SNP) Mike PARK,(SNP) Jim NOBLE,(Ind) Norman COLLIE,(Grn) Gina FORD,skipped,skipped,skipped,skipped,skipped,3,9
2660,(SNP) Mike PARK,(SNP) Jim NOBLE,(Ind) Norman COLLIE,(Grn) Gina FORD,(LD) David GREEN,skipped,skipped,skipped,skipped,3,9
2661,(SNP) Mike PARK,(SNP) Jim NOBLE,(Ind) Norman COLLIE,(Lab) Ross GRANT,(Lab) Ramsay MILNE,(Grn) Gina FORD,(LD) David GREEN,(Con) Daniel Stephen MCCROSKRIE,(NF) Mike PHILLIPS,3,9
2662,(SNP) Mike PARK,(SNP) Jim NOBLE,(Ind) Norman COLLIE,(LD) David GREEN,skipped,skipped,skipped,skipped,skipped,3,9
2663,(SNP) Mike PARK,(SNP) Jim NOBLE,(Grn) Gina FORD,skipped,skipped,skipped,skipped,skipped,skipped,3,9
2664,(SNP) Mike PARK,(SNP) Jim NOBLE,(Grn) Gina FORD,skipped,skipped,skipped,skipped,skipped,skipped,3,9
2665,(SNP) Mike PARK,(SNP) Jim NOBLE,(Grn) Gina FORD,skipped,skipped,skipped,skipped,skipped,skipped,3,9
2666,(SNP) Mike PARK,(SNP) Jim NOBLE,(Grn) Gina FORD,skipped,skipped,skipped,skipped,skipped,skipped,3,9
2667,(SNP) Mike PARK,(SNP) Jim NOBLE,(Grn) Gina FORD,skipped,skipped,skipped,skipped,skipped,skipped,3,9
2668,(SNP) Mike PARK,(SNP) Jim NOBLE,(Grn) Gina FORD,skipped,skipped,skipped,skipped,skipped,skipped,3,9
2669,(SNP) Mike PARK,(SNP) Jim NOBLE,(Grn) Gina FORD,skipped,skipped,skipped,skipped,skipped,skipped,3,9
2670,(SNP) Mike PARK,(SNP) Jim NOBLE,(Grn) Gina FORD,skipped,skipped,skipped,skipped,skipped,skipped,3,9
2671,(SNP) Mike PARK,(SNP) Jim NOBLE,(Grn) Gina FORD,skipped,skipped,skipped,skipped,skipped,skipped,3,9
2672,(SNP) Mike PARK,(SNP) Jim NOBLE,(Grn) Gina FORD,skipped,skipped,skipped,skipped,skipped,skipped,3,9
2673,(SNP) Mike PARK,(SNP) Jim NOBLE,(Grn) Gina FORD,skipped,skipped,skipped,skipped,skipped,skipped,3,9
2674,(SNP) Mike PARK,(SNP) Jim NOBLE,(Grn) Gina FORD,skipped,skipped,skipped,skipped,skipped,skipped,3,9
2675,(SNP) Mike PARK,(SNP) Jim NOBLE,(Grn) Gina FORD,skipped,skipped,skipped,skipped,skipped,skipped,3,9
2676,(SNP) Mike PARK,(SNP) Jim NOBLE,(Grn) Gina FORD,skipped,skipped,skipped,skipped,skipped,skipped,3,9
2677,(SNP) Mike PARK,(SNP) Jim NOBLE,(Grn) Gina FORD,skipped,skipped,skipped,skipped,skipped,skipped,3,9
2678,(SNP) Mike PARK,(SNP) Jim NOBLE,(Grn) Gina FORD,skipped,skipped,skipped,skipped,skipped,skipped,3,9
2679,(SNP) Mike PARK,(SNP) Jim NOBLE,(Grn) Gina FORD,skipped,skipped,skipped,skipped,skipped,skipped,3,9
2680,(SNP) Mike PARK,(SNP) Jim NOBLE,(Grn) Gina FORD,(Ind) Norman COLLIE,skipped,skipped,skipped,skipped,skipped,3,9
2681,(SNP) Mike PARK,(SNP) Jim NOBLE,(Grn) Gina FORD,(Ind) Norman COLLIE,skipped,skipped,skipped,skipped,skipped,3,9
2682,(SNP) Mike PARK,(SNP) Jim NOBLE,(Grn) Gina FORD,(Lab) Ross GRANT,(LD) David GREEN,skipped,skipped,skipped,skipped,3,9
2683,(SNP) Mike PARK,(SNP) Jim NOBLE,(Grn) Gina FORD,(Lab) Ross GRANT,(Lab) Ramsay MILNE,skipped,skipped,skipped,skipped,3,9
2684,(SNP) Mike PARK,(SNP) Jim NOBLE,(Grn) Gina FORD,(LD) David GREEN,(Ind) Norman COLLIE,skipped,skipped,skipped,skipped,3,9
2685,(SNP) Mike PARK,(SNP) Jim NOBLE,(Grn) Gina FORD,(Con) Daniel Stephen MCCROSKRIE,(NF) Mike PHILLIPS,(Lab) Ross GRANT,(Lab) Ramsay MILNE,(LD) David GREEN,skipped,3,9
2686,(SNP) Mike PARK,(SNP) Jim NOBLE,(Grn) Gina FORD,(Lab) Ramsay MILNE,(Lab) Ross GRANT,skipped,skipped,skipped,skipped,3,9
2687,(SNP) Mike PARK,(SNP) Jim NOBLE,(Lab) Ross GRANT,skipped,skipped,skipped,skipped,skipped,skipped,3,9
2688,(SNP) Mike PARK,(SNP) Jim NOBLE,(Lab) Ross GRANT,skipped,skipped,skipped,skipped,skipped,skipped,3,9
2689,(SNP) Mike PARK,(SNP) Jim NOBLE,(Lab) Ross GRANT,skipped,skipped,skipped,skipped,skipped,skipped,3,9
2690,(SNP) Mike PARK,(SNP) Jim NOBLE,(Lab) Ross GRANT,skipped,skipped,skipped,skipped,skipped,skipped,3,9
2691,(SNP) Mike PARK,(SNP) Jim NOBLE,(Lab) Ross GRANT,skipped,skipped,skipped,skipped,skipped,skipped,3,9
2692,(SNP) Mike PARK,(SNP) Jim NOBLE,(Lab) Ross GRANT,skipped,skipped,skipped,skipped,skipped,skipped,3,9
2693,(SNP) Mike PARK,(SNP) Jim NOBLE,(Lab) Ross GRANT,skipped,skipped,skipped,skipped,skipped,skipped,3,9
2694,(SNP) Mike PARK,(SNP) Jim NOBLE,(Lab) Ross GRANT,skipped,skipped,skipped,skipped,skipped,skipped,3,9
2695,(SNP) Mike PARK,(SNP) Jim NOBLE,(Lab) Ross GRANT,skipped,skipped,skipped,skipped,skipped,skipped,3,9
2696,(SNP) Mike PARK,(SNP) Jim NOBLE,(Lab) Ross GRANT,skipped,skipped,skipped,skipped,skipped,skipped,3,9
2697,(SNP) Mike PARK,(SNP) Jim NOBLE,(Lab) Ross GRANT,skipped,skipped,skipped,skipped,skipped,skipped,3,9
2698,(SNP) Mike PARK,(SNP) Jim NOBLE,(Lab) Ross GRANT,skipped,skipped,skipped,skipped,skipped,skipped,3,9
2699,(SNP) Mike PARK,(SNP) Jim NOBLE,(Lab) Ross GRANT,skipped,skipped,skipped,skipped,skipped,skipped,3,9
2700,(SNP) Mike PARK,(SNP) Jim NOBLE,(Lab) Ross GRANT,skipped,skipped,skipped,skipped,skipped,skipped,3,9
2701,(SNP) Mike PARK,(SNP) Jim NOBLE,(Lab) Ross GRANT,skipped,skipped,skipped,skipped,skipped,skipped,3,9
2702,(SNP) Mike PARK,(SNP) Jim NOBLE,(Lab) Ross GRANT,skipped,skipped,skipped,skipped,skipped,skipped,3,9
2703,(SNP) Mike PARK,(SNP) Jim NOBLE,(Lab) Ross GRANT,skipped,skipped,skipped,skipped,skipped,skipped,3,9
2704,(SNP) Mike PARK,(SNP) Jim NOBLE,(Lab) Ross GRANT,skipped,skipped,skipped,skipped,skipped,skipped,3,9
2705,(SNP) Mike PARK,(SNP) Jim NOBLE,(Lab) Ross GRANT,skipped,skipped,skipped,skipped,skipped,skipped,3,9
2706,(SNP) Mike PARK,(SNP) Jim NOBLE,(Lab) Ross GRANT,skipped,skipped,skipped,skipped,skipped,skipped,3,9
2707,(SNP) Mike PARK,(SNP) Jim NOBLE,(Lab) Ross GRANT,skipped,skipped,skipped,skipped,skipped,skipped,3,9
2708,(SNP) Mike PARK,(SNP) Jim NOBLE,(Lab) Ross GRANT,skipped,skipped,skipped,skipped,skipped,skipped,3,9
2709,(SNP) Mike PARK,(SNP) Jim NOBLE,(Lab) Ross GRANT,skipped,skipped,skipped,skipped,skipped,skipped,3,9
2710,(SNP) Mike PARK,(SNP) Jim NOBLE,(Lab) Ross GRANT,skipped,skipped,skipped,skipped,skipped,skipped,3,9
2711,(SNP) Mike PARK,(SNP) Jim NOBLE,(Lab) Ross GRANT,(LD) David GREEN,skipped,skipped,skipped,skipped,skipped,3,9
2712,(SNP) Mike PARK,(SNP) Jim NOBLE,(Lab) Ross GRANT,(LD) David GREEN,skipped,skipped,skipped,skipped,skipped,3,9
2713,(SNP) Mike PARK,(SNP) Jim NOBLE,(Lab) Ross GRANT,(Lab) Ramsay MILNE,skipped,skipped,skipped,skipped,skipped,3,9
2714,(SNP) Mike PARK,(SNP) Jim NOBLE,(Lab) Ross GRANT,(Lab) Ramsay MILNE,skipped,skipped,skipped,skipped,skipped,3,9
2715,(SNP) Mike PARK,(SNP) Jim NOBLE,(Lab) Ross GRANT,(Lab) Ramsay MILNE,skipped,skipped,skipped,skipped,skipped,3,9
2716,(SNP) Mike PARK,(SNP) Jim NOBLE,(Lab) Ross GRANT,(Lab) Ramsay MILNE,skipped,skipped,skipped,skipped,skipped,3,9
2717,(SNP) Mike PARK,(SNP) Jim NOBLE,(Lab) Ross GRANT,(Lab) Ramsay MILNE,(Grn) Gina FORD,skipped,skipped,skipped,skipped,3,9
2718,(SNP) Mike PARK,(SNP) Jim NOBLE,(Lab) Ross GRANT,(Lab) Ramsay MILNE,(LD) David GREEN,(Grn) Gina FORD,(Ind) Norman COLLIE,(Con) Daniel Stephen MCCROSKRIE,(NF) Mike PHILLIPS,3,9
2719,(SNP) Mike PARK,(SNP) Jim NOBLE,(Lab) Ross GRANT,(Lab) Ramsay MILNE,(LD) David GREEN,(Grn) Gina FORD,(Ind) Norman COLLIE,(NF) Mike PHILLIPS,(Con) Daniel Stephen MCCROSKRIE,3,9
2720,(SNP) Mike PARK,(SNP) Jim NOBLE,(LD) David GREEN,skipped,skipped,skipped,skipped,skipped,skipped,3,9
2721,(SNP) Mike PARK,(SNP) Jim NOBLE,(LD) David GREEN,skipped,skipped,skipped,skipped,skipped,skipped,3,9
2722,(SNP) Mike PARK,(SNP) Jim NOBLE,(LD) David GREEN,skipped,skipped,skipped,skipped,skipped,skipped,3,9
2723,(SNP) Mike PARK,(SNP) Jim NOBLE,(LD) David GREEN,skipped,skipped,skipped,skipped,skipped,skipped,3,9
2724,(SNP) Mike PARK,(SNP) Jim NOBLE,(LD) David GREEN,skipped,skipped,skipped,skipped,skipped,skipped,3,9
2725,(SNP) Mike PARK,(SNP) Jim NOBLE,(LD) David GREEN,skipped,skipped,skipped,skipped,skipped,skipped,3,9
2726,(SNP) Mike PARK,(SNP) Jim NOBLE,(Con) Daniel Stephen MCCROSKRIE,skipped,skipped,skipped,skipped,skipped,skipped,3,9
2727,(SNP) Mike PARK,(SNP) Jim NOBLE,(Con) Daniel Stephen MCCROSKRIE,(Grn) Gina FORD,(NF) Mike PHILLIPS,skipped,skipped,skipped,skipped,3,9
2728,(SNP) Mike PARK,(SNP) Jim NOBLE,(Con) Daniel Stephen MCCROSKRIE,(NF) Mike PHILLIPS,(Grn) Gina FORD,skipped,skipped,skipped,skipped,3,9
2729,(SNP) Mike PARK,(SNP) Jim NOBLE,(Lab) Ramsay MILNE,skipped,skipped,skipped,skipped,skipped,skipped,3,9
2730,(SNP) Mike PARK,(SNP) Jim NOBLE,(Lab) Ramsay MILNE,skipped,skipped,skipped,skipped,skipped,skipped,3,9
2731,(SNP) Mike PARK,(SNP) Jim NOBLE,(Lab) Ramsay MILNE,skipped,skipped,skipped,skipped,skipped,skipped,3,9
2732,(SNP) Mike PARK,(SNP) Jim NOBLE,(Lab) Ramsay MILNE,skipped,skipped,skipped,skipped,skipped,skipped,3,9
2733,(SNP) Mike PARK,(SNP) Jim NOBLE,(Lab) Ramsay MILNE,skipped,skipped,skipped,skipped,skipped,skipped,3,9
2734,(SNP) Mike PARK,(SNP) Jim NOBLE,(Lab) Ramsay MILNE,skipped,skipped,skipped,skipped,skipped,skipped,3,9
2735,(SNP) Mike PARK,(SNP) Jim NOBLE,(Lab) Ramsay MILNE,skipped,skipped,skipped,skipped,skipped,skipped,3,9
2736,(SNP) Mike PARK,(SNP) Jim NOBLE,(Lab) Ramsay MILNE,skipped,skipped,skipped,skipped,skipped,skipped,3,9
2737,(SNP) Mike PARK,(SNP) Jim NOBLE,(Lab) Ramsay MILNE,skipped,skipped,skipped,skipped,skipped,skipped,3,9
2738,(SNP) Mike PARK,(SNP) Jim NOBLE,(Lab) Ramsay MILNE,skipped,skipped,skipped,skipped,skipped,skipped,3,9
2739,(SNP) Mike PARK,(SNP) Jim NOBLE,(Lab) Ramsay MILNE,(Ind) Norman COLLIE,skipped,skipped,skipped,skipped,skipped,3,9
2740,(SNP) Mike PARK,(SNP) Jim NOBLE,(Lab) Ramsay MILNE,(Lab) Ross GRANT,skipped,skipped,skipped,skipped,skipped,3,9
2741,(SNP) Mike PARK,(SNP) Jim NOBLE,(Lab) Ramsay MILNE,(Lab) Ross GRANT,skipped,skipped,skipped,skipped,skipped,3,9
2742,(SNP) Mike PARK,(SNP) Jim NOBLE,(Lab) Ramsay MILNE,(Lab) Ross GRANT,skipped,skipped,skipped,skipped,skipped,3,9
2743,(SNP) Mike PARK,(SNP) Jim NOBLE,(Lab) Ramsay MILNE,(Lab) Ross GRANT,(Ind) Norman COLLIE,(NF) Mike PHILLIPS,(LD) David GREEN,(Grn) Gina FORD,(Con) Daniel Stephen MCCROSKRIE,3,9
2744,(SNP) Mike PARK,(SNP) Jim NOBLE,(Lab) Ramsay MILNE,(Lab) Ross GRANT,(Grn) Gina FORD,skipped,skipped,skipped,skipped,3,9
2745,(SNP) Mike PARK,(SNP) Jim NOBLE,(Lab) Ramsay MILNE,(Con) Daniel Stephen MCCROSKRIE,(Lab) Ross GRANT,skipped,skipped,skipped,skipped,3,9
2746,(SNP) Mike PARK,(SNP) Jim NOBLE,(NF) Mike PHILLIPS,skipped,skipped,skipped,skipped,skipped,skipped,3,9
2747,(SNP) Mike PARK,(SNP) Jim NOBLE,(NF) Mike PHILLIPS,skipped,skipped,skipped,skipped,skipped,skipped,3,9
2748,(SNP) Mike PARK,(SNP) Jim NOBLE,(NF) Mike PHILLIPS,skipped,skipped,skipped,skipped,skipped,skipped,3,9
2749,(SNP) Mike PARK,(SNP) Jim NOBLE,(NF) Mike PHILLIPS,skipped,skipped,skipped,skipped,skipped,skipped,3,9
2750,(SNP) Mike PARK,(SNP) Jim NOBLE,(NF) Mike PHILLIPS,skipped,skipped,skipped,skipped,skipped,skipped,3,9
2751,(SNP) Mike PARK,(SNP) Jim NOBLE,(NF) Mike PHILLIPS,(Con) Daniel Stephen MCCROSKRIE,(Grn) Gina FORD,(Lab) Ross GRANT,(Lab) Ramsay MILNE,(Ind) Norman COLLIE,(LD) David GREEN,3,9
2752,(SNP) Mike PARK,(NF) Mike PHILLIPS,skipped,skipped,skipped,skipped,skipped,skipped,skipped,3,9
2753,(SNP) Mike PARK,(NF) Mike PHILLIPS,(Con) Daniel Stephen MCCROSKRIE,(Grn) Gina FORD,skipped,skipped,skipped,skipped,skipped,3,9
2754,(NF) Mike PHILLIPS,skipped,skipped,skipped,skipped,skipped,skipped,skipped,skipped,3,9
2755,(NF) Mike PHILLIPS,skipped,skipped,skipped,skipped,skipped,skipped,skipped,skipped,3,9
2756,(NF) Mike PHILLIPS,skipped,skipped,skipped,skipped,skipped,skipped,skipped,skipped,3,9
2757,(NF) Mike PHILLIPS,skipped,skipped,skipped,skipped,skipped,skipped,skipped,skipped,3,9
2758,(NF) Mike PHILLIPS,skipped,skipped,skipped,skipped,skipped,skipped,skipped,skipped,3,9
2759,(NF) Mike PHILLIPS,skipped,skipped,skipped,skipped,skipped,skipped,skipped,skipped,3,9
2760,(NF) Mike PHILLIPS,skipped,skipped,skipped,skipped,skipped,skipped,skipped,skipped,3,9
2761,(NF) Mike PHILLIPS,skipped,skipped,skipped,skipped,skipped,skipped,skipped,skipped,3,9
2762,(NF) Mike PHILLIPS,skipped,skipped,skipped,skipped,skipped,skipped,skipped,skipped,3,9
2763,(NF) Mike PHILLIPS,(Ind) Norman COLLIE,skipped,skipped,skipped,skipped,skipped,skipped,skipped,3,9
2764,(NF) Mike PHILLIPS,(Ind) Norman COLLIE,(Grn) Gina FORD,skipped,skipped,skipped,skipped,skipped,skipped,3,9
2765,(NF) Mike PHILLIPS,(Ind) Norman COLLIE,(Grn) Gina FORD,skipped,skipped,skipped,skipped,skipped,skipped,3,9
2766,(NF) Mike PHILLIPS,(Ind) Norman COLLIE,(LD) David GREEN,skipped,skipped,skipped,skipped,skipped,skipped,3,9
2767,(NF) Mike PHILLIPS,(Grn) Gina FORD,skipped,skipped,skipped,skipped,skipped,skipped,skipped,3,9
2768,(NF) Mike PHILLIPS,(Grn) Gina FORD,skipped,skipped,skipped,skipped,skipped,skipped,skipped,3,9
2769,(NF) Mike PHILLIPS,(Lab) Ross GRANT,(Lab) Ramsay MILNE,(Grn) Gina FORD,skipped,skipped,skipped,skipped,skipped,3,9
2770,(NF) Mike PHILLIPS,(Lab) Ross GRANT,(SNP) Mike PARK,(SNP) Jim NOBLE,(Lab) Ramsay MILNE,skipped,skipped,skipped,skipped,3,9
2771,(NF) Mike PHILLIPS,(Lab) Ramsay MILNE,skipped,skipped,skipped,skipped,skipped,skipped,skipped,3,9
2772,(NF) Mike PHILLIPS,(Lab) Ramsay MILNE,(Grn) Gina FORD,skipped,skipped,skipped,skipped,skipped,skipped,3,9
2773,(NF) Mike PHILLIPS,(SNP) Jim NOBLE,(Grn) Gina FORD,skipped,skipped,skipped,skipped,skipped,skipped,3,9
2774,(NF) Mike PHILLIPS,(SNP) Jim NOBLE,(Con) Daniel Stephen MCCROSKRIE,(Grn) Gina FORD,(LD) David GREEN,(Ind) Norman COLLIE,(Lab) Ramsay MILNE,(SNP) Mike PARK,(Lab) Ross GRANT,3,9
2775,(NF) Mike PHILLIPS,(SNP) Jim NOBLE,(Con) Daniel Stephen MCCROSKRIE,(SNP) Mike PARK,skipped,skipped,skipped,skipped,skipped,3,9
2776,(NF) Mike PHILLIPS,(SNP) Jim NOBLE,(SNP) Mike PARK,skipped,skipped,skipped,skipped,skipped,skipped,3,9
2777,(NF) Mike PHILLIPS,(SNP) Mike PARK,(Grn) Gina FORD,(SNP) Jim NOBLE,skipped,skipped,skipped,skipped,skipped,3,9
2778,(NF) Mike PHILLIPS,(SNP) Mike PARK,(SNP) Jim NOBLE,skipped,skipped,skipped,skipped,skipped,skipped,3,9
