voterId,rank1,rank2,rank3,rank4,rank5,rank6,rank7,numSeats,numCands
0,Barbara LESLIE (Ind),skipped,skipped,skipped,skipped,skipped,skipped,,7
1,Barbara LESLIE (Ind),skipped,skipped,skipped,skipped,skipped,skipped,,7
2,Barbara LESLIE (Ind),skipped,skipped,skipped,skipped,skipped,skipped,,7
3,Barbara LESLIE (Ind),skipped,skipped,skipped,skipped,skipped,skipped,,7
4,Barbara LESLIE (Ind),skipped,skipped,skipped,skipped,skipped,skipped,,7
5,Barbara LESLIE (Ind),skipped,skipped,skipped,skipped,skipped,skipped,,7
6,Barbara LESLIE (Ind),skipped,skipped,skipped,skipped,skipped,skipped,,7
7,Barbara LESLIE (Ind),skipped,skipped,skipped,skipped,skipped,skipped,,7
8,Barbara LESLIE (Ind),skipped,skipped,skipped,skipped,skipped,skipped,,7
9,Barbara LESLIE (Ind),skipped,skipped,skipped,skipped,skipped,skipped,,7
10,Barbara LESLIE (Ind),skipped,skipped,skipped,skipped,skipped,skipped,,7
11,Barbara LESLIE (Ind),skipped,skipped,skipped,skipped,skipped,skipped,,7
12,Barbara LESLIE (Ind),Leslie MANSON (Ind),skipped,skipped,skipped,skipped,skipped,,7
13,Barbara LESLIE (Ind),Leslie MANSON (Ind),skipped,skipped,skipped,skipped,skipped,,7
14,Barbara LESLIE (Ind),Leslie MANSON (Ind),skipped,skipped,skipped,skipped,skipped,,7
15,Barbara LESLIE (Ind),Leslie MANSON (Ind),Max THOMAS (Ind),skipped,skipped,skipped,skipped,,7
16,Barbara LESLIE (Ind),Leslie MANSON (Ind),Max THOMAS (Ind),Alastair MACLEOD (Ind),skipped,skipped,skipped,,7
17,Barbara LESLIE (Ind),Leslie MANSON (Ind),Sandy COWIE (Ind),skipped,skipped,skipped,skipped,,7
18,Barbara LESLIE (Ind),Leslie MANSON (Ind),Sandy COWIE (Ind),skipped,skipped,skipped,skipped,,7
19,Barbara LESLIE (Ind),Leslie MANSON (Ind),Sandy COWIE (Ind),Alastair MACLEOD (Ind),skipped,skipped,skipped,,7
20,Barbara LESLIE (Ind),Leslie MANSON (Ind),Barbara FOULKES (Ind),skipped,skipped,skipped,skipped,,7
21,Barbara LESLIE (Ind),Leslie MANSON (Ind),Barbara FOULKES (Ind),Alastair MACLEOD (Ind),skipped,skipped,skipped,,7
22,Barbara LESLIE (Ind),Leslie MANSON (Ind),Barbara FOULKES (Ind),Alastair MACLEOD (Ind),OMG,Max THOMAS (Ind),Sandy COWIE (Ind),,7
23,Barbara LESLIE (Ind),Leslie MANSON (Ind),OMG,skipped,skipped,skipped,skipped,,7
24,Barbara LESLIE (Ind),Leslie MANSON (Ind),OMG,skipped,skipped,skipped,skipped,,7
25,Barbara LESLIE (Ind),Leslie MANSON (Ind),OMG,Sandy COWIE (Ind),skipped,skipped,skipped,,7
26,Barbara LESLIE (Ind),Leslie MANSON (Ind),OMG,Sandy COWIE (Ind),skipped,skipped,skipped,,7
27,Barbara LESLIE (Ind),Leslie MANSON (Ind),OMG,Sandy COWIE (Ind),skipped,skipped,skipped,,7
28,Barbara LESLIE (Ind),Leslie MANSON (Ind),OMG,Sandy COWIE (Ind),Max THOMAS (Ind),skipped,skipped,,7
29,Barbara LESLIE (Ind),Leslie MANSON (Ind),OMG,Sandy COWIE (Ind),Barbara FOULKES (Ind),Alastair MACLEOD (Ind),Max THOMAS (Ind),,7
30,Barbara LESLIE (Ind),Leslie MANSON (Ind),OMG,Barbara FOULKES (Ind),skipped,skipped,skipped,,7
31,Barbara LESLIE (Ind),Leslie MANSON (Ind),OMG,Barbara FOULKES (Ind),skipped,skipped,skipped,,7
32,Barbara LESLIE (Ind),Leslie MANSON (Ind),OMG,Barbara FOULKES (Ind),skipped,skipped,skipped,,7
33,Barbara LESLIE (Ind),Leslie MANSON (Ind),OMG,Barbara FOULKES (Ind),Sandy COWIE (Ind),Alastair MACLEOD (Ind),Max THOMAS (Ind),,7
34,Barbara LESLIE (Ind),Leslie MANSON (Ind),OMG,Barbara FOULKES (Ind),Alastair MACLEOD (Ind),skipped,skipped,,7
35,Barbara LESLIE (Ind),Leslie MANSON (Ind),OMG,Barbara FOULKES (Ind),Alastair MACLEOD (Ind),Sandy COWIE (Ind),Max THOMAS (Ind),,7
36,Barbara LESLIE (Ind),Leslie MANSON (Ind),OMG,Alastair MACLEOD (Ind),skipped,skipped,skipped,,7
37,Barbara LESLIE (Ind),Leslie MANSON (Ind),Alastair MACLEOD (Ind),skipped,skipped,skipped,skipped,,7
38,Barbara LESLIE (Ind),Leslie MANSON (Ind),Alastair MACLEOD (Ind),Max THOMAS (Ind),skipped,skipped,skipped,,7
39,Barbara LESLIE (Ind),Leslie MANSON (Ind),Alastair MACLEOD (Ind),Max THOMAS (Ind),OMG,Barbara FOULKES (Ind),Sandy COWIE (Ind),,7
40,Barbara LESLIE (Ind),Leslie MANSON (Ind),Alastair MACLEOD (Ind),Barbara FOULKES (Ind),skipped,skipped,skipped,,7
41,Barbara LESLIE (Ind),Leslie MANSON (Ind),Alastair MACLEOD (Ind),Barbara FOULKES (Ind),skipped,skipped,skipped,,7
42,Barbara LESLIE (Ind),Sandy COWIE (Ind),skipped,skipped,skipped,skipped,skipped,,7
43,Barbara LESLIE (Ind),Sandy COWIE (Ind),skipped,skipped,skipped,skipped,skipped,,7
44,Barbara LESLIE (Ind),Sandy COWIE (Ind),Max THOMAS (Ind),Barbara FOULKES (Ind),Alastair MACLEOD (Ind),Leslie MANSON (Ind),OMG,,7
45,Barbara LESLIE (Ind),Sandy COWIE (Ind),Leslie MANSON (Ind),skipped,skipped,skipped,skipped,,7
46,Barbara LESLIE (Ind),Sandy COWIE (Ind),Leslie MANSON (Ind),skipped,skipped,skipped,skipped,,7
47,Barbara LESLIE (Ind),Sandy COWIE (Ind),Leslie MANSON (Ind),Max THOMAS (Ind),skipped,skipped,skipped,,7
48,Barbara LESLIE (Ind),Sandy COWIE (Ind),Leslie MANSON (Ind),OMG,skipped,skipped,skipped,,7
49,Barbara LESLIE (Ind),Sandy COWIE (Ind),Barbara FOULKES (Ind),Alastair MACLEOD (Ind),Leslie MANSON (Ind),OMG,Max THOMAS (Ind),,7
50,Barbara LESLIE (Ind),Sandy COWIE (Ind),OMG,Leslie MANSON (Ind),skipped,skipped,skipped,,7
51,Barbara LESLIE (Ind),Sandy COWIE (Ind),OMG,Leslie MANSON (Ind),skipped,skipped,skipped,,7
52,Barbara LESLIE (Ind),Sandy COWIE (Ind),OMG,Leslie MANSON (Ind),skipped,skipped,skipped,,7
53,Barbara LESLIE (Ind),Sandy COWIE (Ind),OMG,Alastair MACLEOD (Ind),Barbara FOULKES (Ind),Leslie MANSON (Ind),Max THOMAS (Ind),,7
54,Barbara LESLIE (Ind),Sandy COWIE (Ind),Alastair MACLEOD (Ind),skipped,skipped,skipped,skipped,,7
55,Barbara LESLIE (Ind),Sandy COWIE (Ind),Alastair MACLEOD (Ind),skipped,skipped,skipped,skipped,,7
56,Barbara LESLIE (Ind),Sandy COWIE (Ind),Alastair MACLEOD (Ind),OMG,Barbara FOULKES (Ind),Max THOMAS (Ind),Leslie MANSON (Ind),,7
57,Barbara LESLIE (Ind),Barbara FOULKES (Ind),skipped,skipped,skipped,skipped,skipped,,7
58,Barbara LESLIE (Ind),Barbara FOULKES (Ind),skipped,skipped,skipped,skipped,skipped,,7
59,Barbara LESLIE (Ind),Barbara FOULKES (Ind),Leslie MANSON (Ind),skipped,skipped,skipped,skipped,,7
60,Barbara LESLIE (Ind),Barbara FOULKES (Ind),Leslie MANSON (Ind),skipped,skipped,skipped,skipped,,7
61,Barbara LESLIE (Ind),Barbara FOULKES (Ind),Leslie MANSON (Ind),OMG,skipped,skipped,skipped,,7
62,Barbara LESLIE (Ind),Barbara FOULKES (Ind),Leslie MANSON (Ind),OMG,Sandy COWIE (Ind),Alastair MACLEOD (Ind),Max THOMAS (Ind),,7
63,Barbara LESLIE (Ind),Barbara FOULKES (Ind),Sandy COWIE (Ind),skipped,skipped,skipped,skipped,,7
64,Barbara LESLIE (Ind),Barbara FOULKES (Ind),Sandy COWIE (Ind),skipped,skipped,skipped,skipped,,7
65,Barbara LESLIE (Ind),Barbara FOULKES (Ind),Sandy COWIE (Ind),skipped,skipped,skipped,skipped,,7
66,Barbara LESLIE (Ind),Barbara FOULKES (Ind),Sandy COWIE (Ind),skipped,skipped,skipped,skipped,,7
67,Barbara LESLIE (Ind),Barbara FOULKES (Ind),OMG,Leslie MANSON (Ind),skipped,skipped,skipped,,7
68,Barbara LESLIE (Ind),Barbara FOULKES (Ind),OMG,Leslie MANSON (Ind),skipped,skipped,skipped,,7
69,Barbara LESLIE (Ind),Barbara FOULKES (Ind),OMG,Alastair MACLEOD (Ind),Sandy COWIE (Ind),Leslie MANSON (Ind),Max THOMAS (Ind),,7
70,Barbara LESLIE (Ind),Barbara FOULKES (Ind),Alastair MACLEOD (Ind),skipped,skipped,skipped,skipped,,7
71,Barbara LESLIE (Ind),Barbara FOULKES (Ind),Alastair MACLEOD (Ind),Sandy COWIE (Ind),Max THOMAS (Ind),OMG,Leslie MANSON (Ind),,7
72,Barbara LESLIE (Ind),Barbara FOULKES (Ind),Alastair MACLEOD (Ind),Sandy COWIE (Ind),Leslie MANSON (Ind),Max THOMAS (Ind),OMG,,7
73,Barbara LESLIE (Ind),Barbara FOULKES (Ind),Alastair MACLEOD (Ind),OMG,skipped,skipped,skipped,,7
74,Barbara LESLIE (Ind),Barbara FOULKES (Ind),Alastair MACLEOD (Ind),OMG,skipped,skipped,skipped,,7
75,Barbara LESLIE (Ind),OMG,skipped,skipped,skipped,skipped,skipped,,7
76,Barbara LESLIE (Ind),OMG,skipped,skipped,skipped,skipped,skipped,,7
77,Barbara LESLIE (Ind),OMG,skipped,skipped,skipped,skipped,skipped,,7
78,Barbara LESLIE (Ind),OMG,Max THOMAS (Ind),Alastair MACLEOD (Ind),Sandy COWIE (Ind),Barbara FOULKES (Ind),Leslie MANSON (Ind),,7
79,Barbara LESLIE (Ind),OMG,Leslie MANSON (Ind),skipped,skipped,skipped,skipped,,7
80,Barbara LESLIE (Ind),OMG,Leslie MANSON (Ind),skipped,skipped,skipped,skipped,,7
81,Barbara LESLIE (Ind),OMG,Leslie MANSON (Ind),skipped,skipped,skipped,skipped,,7
82,Barbara LESLIE (Ind),OMG,Leslie MANSON (Ind),skipped,skipped,skipped,skipped,,7
83,Barbara LESLIE (Ind),OMG,Leslie MANSON (Ind),skipped,skipped,skipped,skipped,,7
84,Barbara LESLIE (Ind),OMG,Leslie MANSON (Ind),Sandy COWIE (Ind),Barbara FOULKES (Ind),Alastair MACLEOD (Ind),Max THOMAS (Ind),,7
85,Barbara LESLIE (Ind),OMG,Leslie MANSON (Ind),Sandy COWIE (Ind),Alastair MACLEOD (Ind),Barbara FOULKES (Ind),Max THOMAS (Ind),,7
86,Barbara LESLIE (Ind),OMG,Leslie MANSON (Ind),Barbara FOULKES (Ind),skipped,skipped,skipped,,7
87,Barbara LESLIE (Ind),OMG,Leslie MANSON (Ind),Barbara FOULKES (Ind),Alastair MACLEOD (Ind),Sandy COWIE (Ind),Max THOMAS (Ind),,7
88,Barbara LESLIE (Ind),OMG,Leslie MANSON (Ind),Alastair MACLEOD (Ind),skipped,skipped,skipped,,7
89,Barbara LESLIE (Ind),OMG,Leslie MANSON (Ind),Alastair MACLEOD (Ind),skipped,skipped,skipped,,7
90,Barbara LESLIE (Ind),OMG,Sandy COWIE (Ind),Barbara FOULKES (Ind),skipped,skipped,skipped,,7
91,Barbara LESLIE (Ind),OMG,Barbara FOULKES (Ind),skipped,skipped,skipped,skipped,,7
92,Barbara LESLIE (Ind),OMG,Barbara FOULKES (Ind),skipped,skipped,skipped,skipped,,7
93,Barbara LESLIE (Ind),OMG,Barbara FOULKES (Ind),skipped,skipped,skipped,skipped,,7
94,Barbara LESLIE (Ind),OMG,Barbara FOULKES (Ind),Max THOMAS (Ind),Leslie MANSON (Ind),Alastair MACLEOD (Ind),Sandy COWIE (Ind),,7
95,Barbara LESLIE (Ind),OMG,Barbara FOULKES (Ind),Alastair MACLEOD (Ind),Leslie MANSON (Ind),Sandy COWIE (Ind),Max THOMAS (Ind),,7
96,Barbara LESLIE (Ind),OMG,Alastair MACLEOD (Ind),skipped,skipped,skipped,skipped,,7
97,Barbara LESLIE (Ind),OMG,Alastair MACLEOD (Ind),skipped,skipped,skipped,skipped,,7
98,Barbara LESLIE (Ind),OMG,Alastair MACLEOD (Ind),Barbara FOULKES (Ind),Max THOMAS (Ind),Sandy COWIE (Ind),Leslie MANSON (Ind),,7
99,Barbara LESLIE (Ind),Alastair MACLEOD (Ind),skipped,skipped,skipped,skipped,skipped,,7
100,Barbara LESLIE (Ind),Alastair MACLEOD (Ind),skipped,skipped,skipped,skipped,skipped,,7
101,Barbara LESLIE (Ind),Alastair MACLEOD (Ind),Leslie MANSON (Ind),skipped,skipped,skipped,skipped,,7
102,Barbara LESLIE (Ind),Alastair MACLEOD (Ind),Leslie MANSON (Ind),skipped,skipped,skipped,skipped,,7
103,Barbara LESLIE (Ind),Alastair MACLEOD (Ind),Leslie MANSON (Ind),Barbara FOULKES (Ind),skipped,skipped,skipped,,7
104,Barbara LESLIE (Ind),Alastair MACLEOD (Ind),Sandy COWIE (Ind),Leslie MANSON (Ind),skipped,skipped,skipped,,7
105,Barbara LESLIE (Ind),Alastair MACLEOD (Ind),Barbara FOULKES (Ind),OMG,Leslie MANSON (Ind),Sandy COWIE (Ind),Max THOMAS (Ind),,7
106,Barbara LESLIE (Ind),Alastair MACLEOD (Ind),OMG,skipped,skipped,skipped,skipped,,7
107,Barbara LESLIE (Ind),Alastair MACLEOD (Ind),OMG,Max THOMAS (Ind),Sandy COWIE (Ind),Barbara FOULKES (Ind),Leslie MANSON (Ind),,7
108,Barbara LESLIE (Ind),Alastair MACLEOD (Ind),OMG,Leslie MANSON (Ind),Max THOMAS (Ind),Sandy COWIE (Ind),Barbara FOULKES (Ind),,7
109,Max THOMAS (Ind),Barbara LESLIE (Ind),Alastair MACLEOD (Ind),Sandy COWIE (Ind),Barbara FOULKES (Ind),OMG,Leslie MANSON (Ind),,7
110,Max THOMAS (Ind),Leslie MANSON (Ind),skipped,skipped,skipped,skipped,skipped,,7
111,Max THOMAS (Ind),Leslie MANSON (Ind),skipped,skipped,skipped,skipped,skipped,,7
112,Max THOMAS (Ind),Leslie MANSON (Ind),skipped,skipped,skipped,skipped,skipped,,7
113,Max THOMAS (Ind),Leslie MANSON (Ind),Barbara FOULKES (Ind),skipped,skipped,skipped,skipped,,7
114,Max THOMAS (Ind),Leslie MANSON (Ind),Alastair MACLEOD (Ind),skipped,skipped,skipped,skipped,,7
115,Max THOMAS (Ind),OMG,Leslie MANSON (Ind),skipped,skipped,skipped,skipped,,7
116,Max THOMAS (Ind),OMG,Leslie MANSON (Ind),Alastair MACLEOD (Ind),Sandy COWIE (Ind),Barbara FOULKES (Ind),Barbara LESLIE (Ind),,7
117,Max THOMAS (Ind),OMG,Alastair MACLEOD (Ind),Barbara LESLIE (Ind),Barbara FOULKES (Ind),Sandy COWIE (Ind),Leslie MANSON (Ind),,7
118,Max THOMAS (Ind),Alastair MACLEOD (Ind),Barbara FOULKES (Ind),Sandy COWIE (Ind),Barbara LESLIE (Ind),Leslie MANSON (Ind),OMG,,7
119,Leslie MANSON (Ind),skipped,skipped,skipped,skipped,skipped,skipped,,7
120,Leslie MANSON (Ind),skipped,skipped,skipped,skipped,skipped,skipped,,7
121,Leslie MANSON (Ind),skipped,skipped,skipped,skipped,skipped,skipped,,7
122,Leslie MANSON (Ind),skipped,skipped,skipped,skipped,skipped,skipped,,7
123,Leslie MANSON (Ind),skipped,skipped,skipped,skipped,skipped,skipped,,7
124,Leslie MANSON (Ind),skipped,skipped,skipped,skipped,skipped,skipped,,7
125,Leslie MANSON (Ind),skipped,skipped,skipped,skipped,skipped,skipped,,7
126,Leslie MANSON (Ind),skipped,skipped,skipped,skipped,skipped,skipped,,7
127,Leslie MANSON (Ind),skipped,skipped,skipped,skipped,skipped,skipped,,7
128,Leslie MANSON (Ind),skipped,skipped,skipped,skipped,skipped,skipped,,7
129,Leslie MANSON (Ind),skipped,skipped,skipped,skipped,skipped,skipped,,7
130,Leslie MANSON (Ind),skipped,skipped,skipped,skipped,skipped,skipped,,7
131,Leslie MANSON (Ind),skipped,skipped,skipped,skipped,skipped,skipped,,7
132,Leslie MANSON (Ind),skipped,skipped,skipped,skipped,skipped,skipped,,7
133,Leslie MANSON (Ind),skipped,skipped,skipped,skipped,skipped,skipped,,7
134,Leslie MANSON (Ind),skipped,skipped,skipped,skipped,skipped,skipped,,7
135,Leslie MANSON (Ind),skipped,skipped,skipped,skipped,skipped,skipped,,7
136,Leslie MANSON (Ind),skipped,skipped,skipped,skipped,skipped,skipped,,7
137,Leslie MANSON (Ind),skipped,skipped,skipped,skipped,skipped,skipped,,7
138,Leslie MANSON (Ind),skipped,skipped,skipped,skipped,skipped,skipped,,7
139,Leslie MANSON (Ind),skipped,skipped,skipped,skipped,skipped,skipped,,7
140,Leslie MANSON (Ind),skipped,skipped,skipped,skipped,skipped,skipped,,7
141,Leslie MANSON (Ind),skipped,skipped,skipped,skipped,skipped,skipped,,7
142,Leslie MANSON (Ind),skipped,skipped,skipped,skipped,skipped,skipped,,7
143,Leslie MANSON (Ind),skipped,skipped,skipped,skipped,skipped,skipped,,7
144,Leslie MANSON (Ind),skipped,skipped,skipped,skipped,skipped,skipped,,7
145,Leslie MANSON (Ind),skipped,skipped,skipped,skipped,skipped,skipped,,7
146,Leslie MANSON (Ind),skipped,skipped,skipped,skipped,skipped,skipped,,7
147,Leslie MANSON (Ind),skipped,skipped,skipped,skipped,skipped,skipped,,7
148,Leslie MANSON (Ind),skipped,skipped,skipped,skipped,skipped,skipped,,7
149,Leslie MANSON (Ind),skipped,skipped,skipped,skipped,skipped,skipped,,7
150,Leslie MANSON (Ind),skipped,skipped,skipped,skipped,skipped,skipped,,7
151,Leslie MANSON (Ind),skipped,skipped,skipped,skipped,skipped,skipped,,7
152,Leslie MANSON (Ind),skipped,skipped,skipped,skipped,skipped,skipped,,7
153,Leslie MANSON (Ind),skipped,skipped,skipped,skipped,skipped,skipped,,7
154,Leslie MANSON (Ind),skipped,skipped,skipped,skipped,skipped,skipped,,7
155,Leslie MANSON (Ind),skipped,skipped,skipped,skipped,skipped,skipped,,7
156,Leslie MANSON (Ind),skipped,skipped,skipped,skipped,skipped,skipped,,7
157,Leslie MANSON (Ind),skipped,skipped,skipped,skipped,skipped,skipped,,7
158,Leslie MANSON (Ind),skipped,skipped,skipped,skipped,skipped,skipped,,7
159,Leslie MANSON (Ind),skipped,skipped,skipped,skipped,skipped,skipped,,7
160,Leslie MANSON (Ind),skipped,skipped,skipped,skipped,skipped,skipped,,7
161,Leslie MANSON (Ind),skipped,skipped,skipped,skipped,skipped,skipped,,7
162,Leslie MANSON (Ind),skipped,skipped,skipped,skipped,skipped,skipped,,7
163,Leslie MANSON (Ind),skipped,skipped,skipped,skipped,skipped,skipped,,7
164,Leslie MANSON (Ind),skipped,skipped,skipped,skipped,skipped,skipped,,7
165,Leslie MANSON (Ind),skipped,skipped,skipped,skipped,skipped,skipped,,7
166,Leslie MANSON (Ind),skipped,skipped,skipped,skipped,skipped,skipped,,7
167,Leslie MANSON (Ind),skipped,skipped,skipped,skipped,skipped,skipped,,7
168,Leslie MANSON (Ind),skipped,skipped,skipped,skipped,skipped,skipped,,7
169,Leslie MANSON (Ind),skipped,skipped,skipped,skipped,skipped,skipped,,7
170,Leslie MANSON (Ind),skipped,skipped,skipped,skipped,skipped,skipped,,7
171,Leslie MANSON (Ind),skipped,skipped,skipped,skipped,skipped,skipped,,7
172,Leslie MANSON (Ind),skipped,skipped,skipped,skipped,skipped,skipped,,7
173,Leslie MANSON (Ind),skipped,skipped,skipped,skipped,skipped,skipped,,7
174,Leslie MANSON (Ind),skipped,skipped,skipped,skipped,skipped,skipped,,7
175,Leslie MANSON (Ind),skipped,skipped,skipped,skipped,skipped,skipped,,7
176,Leslie MANSON (Ind),skipped,skipped,skipped,skipped,skipped,skipped,,7
177,Leslie MANSON (Ind),skipped,skipped,skipped,skipped,skipped,skipped,,7
178,Leslie MANSON (Ind),skipped,skipped,skipped,skipped,skipped,skipped,,7
179,Leslie MANSON (Ind),skipped,skipped,skipped,skipped,skipped,skipped,,7
180,Leslie MANSON (Ind),skipped,skipped,skipped,skipped,skipped,skipped,,7
181,Leslie MANSON (Ind),skipped,skipped,skipped,skipped,skipped,skipped,,7
182,Leslie MANSON (Ind),skipped,skipped,skipped,skipped,skipped,skipped,,7
183,Leslie MANSON (Ind),skipped,skipped,skipped,skipped,skipped,skipped,,7
184,Leslie MANSON (Ind),skipped,skipped,skipped,skipped,skipped,skipped,,7
185,Leslie MANSON (Ind),skipped,skipped,skipped,skipped,skipped,skipped,,7
186,Leslie MANSON (Ind),skipped,skipped,skipped,skipped,skipped,skipped,,7
187,Leslie MANSON (Ind),skipped,skipped,skipped,skipped,skipped,skipped,,7
188,Leslie MANSON (Ind),skipped,skipped,skipped,skipped,skipped,skipped,,7
189,Leslie MANSON (Ind),skipped,skipped,skipped,skipped,skipped,skipped,,7
190,Leslie MANSON (Ind),skipped,skipped,skipped,skipped,skipped,skipped,,7
191,Leslie MANSON (Ind),skipped,skipped,skipped,skipped,skipped,skipped,,7
192,Leslie MANSON (Ind),skipped,skipped,skipped,skipped,skipped,skipped,,7
193,Leslie MANSON (Ind),Barbara LESLIE (Ind),skipped,skipped,skipped,skipped,skipped,,7
194,Leslie MANSON (Ind),Barbara LESLIE (Ind),skipped,skipped,skipped,skipped,skipped,,7
195,Leslie MANSON (Ind),Barbara LESLIE (Ind),skipped,skipped,skipped,skipped,skipped,,7
196,Leslie MANSON (Ind),Barbara LESLIE (Ind),skipped,skipped,skipped,skipped,skipped,,7
197,Leslie MANSON (Ind),Barbara LESLIE (Ind),skipped,skipped,skipped,skipped,skipped,,7
198,Leslie MANSON (Ind),Barbara LESLIE (Ind),skipped,skipped,skipped,skipped,skipped,,7
199,Leslie MANSON (Ind),Barbara LESLIE (Ind),skipped,skipped,skipped,skipped,skipped,,7
200,Leslie MANSON (Ind),Barbara LESLIE (Ind),skipped,skipped,skipped,skipped,skipped,,7
201,Leslie MANSON (Ind),Barbara LESLIE (Ind),skipped,skipped,skipped,skipped,skipped,,7
202,Leslie MANSON (Ind),Barbara LESLIE (Ind),skipped,skipped,skipped,skipped,skipped,,7
203,Leslie MANSON (Ind),Barbara LESLIE (Ind),skipped,skipped,skipped,skipped,skipped,,7
204,Leslie MANSON (Ind),Barbara LESLIE (Ind),skipped,skipped,skipped,skipped,skipped,,7
205,Leslie MANSON (Ind),Barbara LESLIE (Ind),Max THOMAS (Ind),Barbara FOULKES (Ind),skipped,skipped,skipped,,7
206,Leslie MANSON (Ind),Barbara LESLIE (Ind),Max THOMAS (Ind),OMG,Sandy COWIE (Ind),Alastair MACLEOD (Ind),Barbara FOULKES (Ind),,7
207,Leslie MANSON (Ind),Barbara LESLIE (Ind),Sandy COWIE (Ind),skipped,skipped,skipped,skipped,,7
208,Leslie MANSON (Ind),Barbara LESLIE (Ind),Sandy COWIE (Ind),skipped,skipped,skipped,skipped,,7
209,Leslie MANSON (Ind),Barbara LESLIE (Ind),Sandy COWIE (Ind),skipped,skipped,skipped,skipped,,7
210,Leslie MANSON (Ind),Barbara LESLIE (Ind),Sandy COWIE (Ind),skipped,skipped,skipped,skipped,,7
211,Leslie MANSON (Ind),Barbara LESLIE (Ind),Sandy COWIE (Ind),Max THOMAS (Ind),Barbara FOULKES (Ind),OMG,Alastair MACLEOD (Ind),,7
212,Leslie MANSON (Ind),Barbara LESLIE (Ind),Sandy COWIE (Ind),Barbara FOULKES (Ind),skipped,skipped,skipped,,7
213,Leslie MANSON (Ind),Barbara LESLIE (Ind),Sandy COWIE (Ind),Alastair MACLEOD (Ind),skipped,skipped,skipped,,7
214,Leslie MANSON (Ind),Barbara LESLIE (Ind),Barbara FOULKES (Ind),skipped,skipped,skipped,skipped,,7
215,Leslie MANSON (Ind),Barbara LESLIE (Ind),Barbara FOULKES (Ind),skipped,skipped,skipped,skipped,,7
216,Leslie MANSON (Ind),Barbara LESLIE (Ind),Barbara FOULKES (Ind),skipped,skipped,skipped,skipped,,7
217,Leslie MANSON (Ind),Barbara LESLIE (Ind),Barbara FOULKES (Ind),skipped,skipped,skipped,skipped,,7
218,Leslie MANSON (Ind),Barbara LESLIE (Ind),Barbara FOULKES (Ind),skipped,skipped,skipped,skipped,,7
219,Leslie MANSON (Ind),Barbara LESLIE (Ind),Barbara FOULKES (Ind),skipped,skipped,skipped,skipped,,7
220,Leslie MANSON (Ind),Barbara LESLIE (Ind),Barbara FOULKES (Ind),Sandy COWIE (Ind),OMG,skipped,skipped,,7
221,Leslie MANSON (Ind),Barbara LESLIE (Ind),Barbara FOULKES (Ind),Sandy COWIE (Ind),Alastair MACLEOD (Ind),OMG,Max THOMAS (Ind),,7
222,Leslie MANSON (Ind),Barbara LESLIE (Ind),Barbara FOULKES (Ind),OMG,skipped,skipped,skipped,,7
223,Leslie MANSON (Ind),Barbara LESLIE (Ind),Barbara FOULKES (Ind),Alastair MACLEOD (Ind),Max THOMAS (Ind),OMG,Sandy COWIE (Ind),,7
224,Leslie MANSON (Ind),Barbara LESLIE (Ind),Barbara FOULKES (Ind),Alastair MACLEOD (Ind),Max THOMAS (Ind),OMG,Sandy COWIE (Ind),,7
225,Leslie MANSON (Ind),Barbara LESLIE (Ind),OMG,skipped,skipped,skipped,skipped,,7
226,Leslie MANSON (Ind),Barbara LESLIE (Ind),OMG,skipped,skipped,skipped,skipped,,7
227,Leslie MANSON (Ind),Barbara LESLIE (Ind),OMG,skipped,skipped,skipped,skipped,,7
228,Leslie MANSON (Ind),Barbara LESLIE (Ind),OMG,skipped,skipped,skipped,skipped,,7
229,Leslie MANSON (Ind),Barbara LESLIE (Ind),OMG,skipped,skipped,skipped,skipped,,7
230,Leslie MANSON (Ind),Barbara LESLIE (Ind),OMG,Max THOMAS (Ind),Sandy COWIE (Ind),Barbara FOULKES (Ind),Alastair MACLEOD (Ind),,7
231,Leslie MANSON (Ind),Barbara LESLIE (Ind),OMG,Max THOMAS (Ind),Barbara FOULKES (Ind),Sandy COWIE (Ind),Alastair MACLEOD (Ind),,7
232,Leslie MANSON (Ind),Barbara LESLIE (Ind),OMG,Sandy COWIE (Ind),skipped,skipped,skipped,,7
233,Leslie MANSON (Ind),Barbara LESLIE (Ind),OMG,Sandy COWIE (Ind),Alastair MACLEOD (Ind),Barbara FOULKES (Ind),Max THOMAS (Ind),,7
234,Leslie MANSON (Ind),Barbara LESLIE (Ind),OMG,Barbara FOULKES (Ind),skipped,skipped,skipped,,7
235,Leslie MANSON (Ind),Barbara LESLIE (Ind),OMG,Barbara FOULKES (Ind),Sandy COWIE (Ind),skipped,skipped,,7
236,Leslie MANSON (Ind),Barbara LESLIE (Ind),OMG,Alastair MACLEOD (Ind),skipped,skipped,skipped,,7
237,Leslie MANSON (Ind),Barbara LESLIE (Ind),Alastair MACLEOD (Ind),skipped,skipped,skipped,skipped,,7
238,Leslie MANSON (Ind),Barbara LESLIE (Ind),Alastair MACLEOD (Ind),skipped,skipped,skipped,skipped,,7
239,Leslie MANSON (Ind),Barbara LESLIE (Ind),Alastair MACLEOD (Ind),Max THOMAS (Ind),Sandy COWIE (Ind),Barbara FOULKES (Ind),OMG,,7
240,Leslie MANSON (Ind),Barbara LESLIE (Ind),Alastair MACLEOD (Ind),Barbara FOULKES (Ind),Sandy COWIE (Ind),OMG,skipped,,7
241,Leslie MANSON (Ind),Barbara LESLIE (Ind),Alastair MACLEOD (Ind),OMG,skipped,skipped,skipped,,7
242,Leslie MANSON (Ind),Barbara LESLIE (Ind),Alastair MACLEOD (Ind),OMG,skipped,skipped,skipped,,7
243,Leslie MANSON (Ind),Barbara LESLIE (Ind),Alastair MACLEOD (Ind),OMG,skipped,skipped,skipped,,7
244,Leslie MANSON (Ind),Max THOMAS (Ind),skipped,skipped,skipped,skipped,skipped,,7
245,Leslie MANSON (Ind),Max THOMAS (Ind),Barbara LESLIE (Ind),skipped,skipped,skipped,skipped,,7
246,Leslie MANSON (Ind),Max THOMAS (Ind),Barbara LESLIE (Ind),Barbara FOULKES (Ind),skipped,skipped,skipped,,7
247,Leslie MANSON (Ind),Max THOMAS (Ind),Barbara FOULKES (Ind),Barbara LESLIE (Ind),Sandy COWIE (Ind),Alastair MACLEOD (Ind),OMG,,7
248,Leslie MANSON (Ind),Max THOMAS (Ind),OMG,skipped,skipped,skipped,skipped,,7
249,Leslie MANSON (Ind),Max THOMAS (Ind),OMG,Barbara FOULKES (Ind),skipped,skipped,skipped,,7
250,Leslie MANSON (Ind),Max THOMAS (Ind),Alastair MACLEOD (Ind),skipped,skipped,skipped,skipped,,7
251,Leslie MANSON (Ind),Max THOMAS (Ind),Alastair MACLEOD (Ind),Barbara LESLIE (Ind),skipped,skipped,skipped,,7
252,Leslie MANSON (Ind),Sandy COWIE (Ind),skipped,skipped,skipped,skipped,skipped,,7
253,Leslie MANSON (Ind),Sandy COWIE (Ind),skipped,skipped,skipped,skipped,skipped,,7
254,Leslie MANSON (Ind),Sandy COWIE (Ind),skipped,skipped,skipped,skipped,skipped,,7
255,Leslie MANSON (Ind),Sandy COWIE (Ind),skipped,skipped,skipped,skipped,skipped,,7
256,Leslie MANSON (Ind),Sandy COWIE (Ind),skipped,skipped,skipped,skipped,skipped,,7
257,Leslie MANSON (Ind),Sandy COWIE (Ind),skipped,skipped,skipped,skipped,skipped,,7
258,Leslie MANSON (Ind),Sandy COWIE (Ind),skipped,skipped,skipped,skipped,skipped,,7
259,Leslie MANSON (Ind),Sandy COWIE (Ind),skipped,skipped,skipped,skipped,skipped,,7
260,Leslie MANSON (Ind),Sandy COWIE (Ind),skipped,skipped,skipped,skipped,skipped,,7
261,Leslie MANSON (Ind),Sandy COWIE (Ind),skipped,skipped,skipped,skipped,skipped,,7
262,Leslie MANSON (Ind),Sandy COWIE (Ind),skipped,skipped,skipped,skipped,skipped,,7
263,Leslie MANSON (Ind),Sandy COWIE (Ind),skipped,skipped,skipped,skipped,skipped,,7
264,Leslie MANSON (Ind),Sandy COWIE (Ind),skipped,skipped,skipped,skipped,skipped,,7
265,Leslie MANSON (Ind),Sandy COWIE (Ind),skipped,skipped,skipped,skipped,skipped,,7
266,Leslie MANSON (Ind),Sandy COWIE (Ind),skipped,skipped,skipped,skipped,skipped,,7
267,Leslie MANSON (Ind),Sandy COWIE (Ind),skipped,skipped,skipped,skipped,skipped,,7
268,Leslie MANSON (Ind),Sandy COWIE (Ind),skipped,skipped,skipped,skipped,skipped,,7
269,Leslie MANSON (Ind),Sandy COWIE (Ind),skipped,skipped,skipped,skipped,skipped,,7
270,Leslie MANSON (Ind),Sandy COWIE (Ind),skipped,skipped,skipped,skipped,skipped,,7
271,Leslie MANSON (Ind),Sandy COWIE (Ind),skipped,skipped,skipped,skipped,skipped,,7
272,Leslie MANSON (Ind),Sandy COWIE (Ind),skipped,skipped,skipped,skipped,skipped,,7
273,Leslie MANSON (Ind),Sandy COWIE (Ind),Barbara LESLIE (Ind),Barbara FOULKES (Ind),OMG,skipped,skipped,,7
274,Leslie MANSON (Ind),Sandy COWIE (Ind),Barbara LESLIE (Ind),OMG,skipped,skipped,skipped,,7
275,Leslie MANSON (Ind),Sandy COWIE (Ind),Barbara LESLIE (Ind),Alastair MACLEOD (Ind),skipped,skipped,skipped,,7
276,Leslie MANSON (Ind),Sandy COWIE (Ind),Barbara LESLIE (Ind),Alastair MACLEOD (Ind),skipped,skipped,skipped,,7
277,Leslie MANSON (Ind),Sandy COWIE (Ind),Barbara LESLIE (Ind),Alastair MACLEOD (Ind),Barbara FOULKES (Ind),OMG,Max THOMAS (Ind),,7
278,Leslie MANSON (Ind),Sandy COWIE (Ind),Max THOMAS (Ind),Barbara LESLIE (Ind),Alastair MACLEOD (Ind),OMG,Barbara FOULKES (Ind),,7
279,Leslie MANSON (Ind),Sandy COWIE (Ind),Max THOMAS (Ind),Barbara FOULKES (Ind),Alastair MACLEOD (Ind),Barbara LESLIE (Ind),OMG,,7
280,Leslie MANSON (Ind),Sandy COWIE (Ind),Barbara FOULKES (Ind),skipped,skipped,skipped,skipped,,7
281,Leslie MANSON (Ind),Sandy COWIE (Ind),Barbara FOULKES (Ind),skipped,skipped,skipped,skipped,,7
282,Leslie MANSON (Ind),Sandy COWIE (Ind),Barbara FOULKES (Ind),skipped,skipped,skipped,skipped,,7
283,Leslie MANSON (Ind),Sandy COWIE (Ind),Barbara FOULKES (Ind),skipped,skipped,skipped,skipped,,7
284,Leslie MANSON (Ind),Sandy COWIE (Ind),Barbara FOULKES (Ind),skipped,skipped,skipped,skipped,,7
285,Leslie MANSON (Ind),Sandy COWIE (Ind),Barbara FOULKES (Ind),skipped,skipped,skipped,skipped,,7
286,Leslie MANSON (Ind),Sandy COWIE (Ind),Barbara FOULKES (Ind),skipped,skipped,skipped,skipped,,7
287,Leslie MANSON (Ind),Sandy COWIE (Ind),Barbara FOULKES (Ind),Barbara LESLIE (Ind),skipped,skipped,skipped,,7
288,Leslie MANSON (Ind),Sandy COWIE (Ind),Barbara FOULKES (Ind),OMG,skipped,skipped,skipped,,7
289,Leslie MANSON (Ind),Sandy COWIE (Ind),Barbara FOULKES (Ind),OMG,skipped,skipped,skipped,,7
290,Leslie MANSON (Ind),Sandy COWIE (Ind),Barbara FOULKES (Ind),OMG,Alastair MACLEOD (Ind),skipped,skipped,,7
291,Leslie MANSON (Ind),Sandy COWIE (Ind),Barbara FOULKES (Ind),Alastair MACLEOD (Ind),Barbara LESLIE (Ind),Max THOMAS (Ind),OMG,,7
292,Leslie MANSON (Ind),Sandy COWIE (Ind),Barbara FOULKES (Ind),Alastair MACLEOD (Ind),OMG,skipped,skipped,,7
293,Leslie MANSON (Ind),Sandy COWIE (Ind),OMG,skipped,skipped,skipped,skipped,,7
294,Leslie MANSON (Ind),Sandy COWIE (Ind),OMG,skipped,skipped,skipped,skipped,,7
295,Leslie MANSON (Ind),Sandy COWIE (Ind),OMG,skipped,skipped,skipped,skipped,,7
296,Leslie MANSON (Ind),Sandy COWIE (Ind),OMG,skipped,skipped,skipped,skipped,,7
297,Leslie MANSON (Ind),Sandy COWIE (Ind),OMG,skipped,skipped,skipped,skipped,,7
298,Leslie MANSON (Ind),Sandy COWIE (Ind),OMG,skipped,skipped,skipped,skipped,,7
299,Leslie MANSON (Ind),Sandy COWIE (Ind),OMG,skipped,skipped,skipped,skipped,,7
300,Leslie MANSON (Ind),Sandy COWIE (Ind),OMG,skipped,skipped,skipped,skipped,,7
301,Leslie MANSON (Ind),Sandy COWIE (Ind),OMG,skipped,skipped,skipped,skipped,,7
302,Leslie MANSON (Ind),Sandy COWIE (Ind),OMG,skipped,skipped,skipped,skipped,,7
303,Leslie MANSON (Ind),Sandy COWIE (Ind),OMG,skipped,skipped,skipped,skipped,,7
304,Leslie MANSON (Ind),Sandy COWIE (Ind),OMG,skipped,skipped,skipped,skipped,,7
305,Leslie MANSON (Ind),Sandy COWIE (Ind),OMG,Barbara LESLIE (Ind),skipped,skipped,skipped,,7
306,Leslie MANSON (Ind),Sandy COWIE (Ind),OMG,Barbara LESLIE (Ind),Barbara FOULKES (Ind),skipped,skipped,,7
307,Leslie MANSON (Ind),Sandy COWIE (Ind),OMG,Barbara FOULKES (Ind),skipped,skipped,skipped,,7
308,Leslie MANSON (Ind),Sandy COWIE (Ind),OMG,Barbara FOULKES (Ind),skipped,skipped,skipped,,7
309,Leslie MANSON (Ind),Sandy COWIE (Ind),OMG,Barbara FOULKES (Ind),Barbara LESLIE (Ind),skipped,skipped,,7
310,Leslie MANSON (Ind),Sandy COWIE (Ind),OMG,Barbara FOULKES (Ind),Barbara LESLIE (Ind),Alastair MACLEOD (Ind),Max THOMAS (Ind),,7
311,Leslie MANSON (Ind),Sandy COWIE (Ind),OMG,Barbara FOULKES (Ind),Barbara LESLIE (Ind),Alastair MACLEOD (Ind),Max THOMAS (Ind),,7
312,Leslie MANSON (Ind),Sandy COWIE (Ind),OMG,Barbara FOULKES (Ind),Barbara LESLIE (Ind),Alastair MACLEOD (Ind),Max THOMAS (Ind),,7
313,Leslie MANSON (Ind),Sandy COWIE (Ind),OMG,Barbara FOULKES (Ind),Alastair MACLEOD (Ind),Barbara LESLIE (Ind),Max THOMAS (Ind),,7
314,Leslie MANSON (Ind),Sandy COWIE (Ind),OMG,Barbara FOULKES (Ind),Alastair MACLEOD (Ind),Max THOMAS (Ind),Barbara LESLIE (Ind),,7
315,Leslie MANSON (Ind),Sandy COWIE (Ind),OMG,Alastair MACLEOD (Ind),skipped,skipped,skipped,,7
316,Leslie MANSON (Ind),Sandy COWIE (Ind),OMG,Alastair MACLEOD (Ind),skipped,skipped,skipped,,7
317,Leslie MANSON (Ind),Sandy COWIE (Ind),OMG,Alastair MACLEOD (Ind),skipped,skipped,skipped,,7
318,Leslie MANSON (Ind),Sandy COWIE (Ind),OMG,Alastair MACLEOD (Ind),skipped,skipped,skipped,,7
319,Leslie MANSON (Ind),Sandy COWIE (Ind),OMG,Alastair MACLEOD (Ind),Barbara LESLIE (Ind),Max THOMAS (Ind),skipped,,7
320,Leslie MANSON (Ind),Sandy COWIE (Ind),Alastair MACLEOD (Ind),skipped,skipped,skipped,skipped,,7
321,Leslie MANSON (Ind),Sandy COWIE (Ind),Alastair MACLEOD (Ind),skipped,skipped,skipped,skipped,,7
322,Leslie MANSON (Ind),Sandy COWIE (Ind),Alastair MACLEOD (Ind),skipped,skipped,skipped,skipped,,7
323,Leslie MANSON (Ind),Sandy COWIE (Ind),Alastair MACLEOD (Ind),skipped,skipped,skipped,skipped,,7
324,Leslie MANSON (Ind),Sandy COWIE (Ind),Alastair MACLEOD (Ind),Barbara FOULKES (Ind),skipped,skipped,skipped,,7
325,Leslie MANSON (Ind),Barbara FOULKES (Ind),skipped,skipped,skipped,skipped,skipped,,7
326,Leslie MANSON (Ind),Barbara FOULKES (Ind),skipped,skipped,skipped,skipped,skipped,,7
327,Leslie MANSON (Ind),Barbara FOULKES (Ind),skipped,skipped,skipped,skipped,skipped,,7
328,Leslie MANSON (Ind),Barbara FOULKES (Ind),skipped,skipped,skipped,skipped,skipped,,7
329,Leslie MANSON (Ind),Barbara FOULKES (Ind),skipped,skipped,skipped,skipped,skipped,,7
330,Leslie MANSON (Ind),Barbara FOULKES (Ind),skipped,skipped,skipped,skipped,skipped,,7
331,Leslie MANSON (Ind),Barbara FOULKES (Ind),skipped,skipped,skipped,skipped,skipped,,7
332,Leslie MANSON (Ind),Barbara FOULKES (Ind),skipped,skipped,skipped,skipped,skipped,,7
333,Leslie MANSON (Ind),Barbara FOULKES (Ind),skipped,skipped,skipped,skipped,skipped,,7
334,Leslie MANSON (Ind),Barbara FOULKES (Ind),skipped,skipped,skipped,skipped,skipped,,7
335,Leslie MANSON (Ind),Barbara FOULKES (Ind),skipped,skipped,skipped,skipped,skipped,,7
336,Leslie MANSON (Ind),Barbara FOULKES (Ind),skipped,skipped,skipped,skipped,skipped,,7
337,Leslie MANSON (Ind),Barbara FOULKES (Ind),skipped,skipped,skipped,skipped,skipped,,7
338,Leslie MANSON (Ind),Barbara FOULKES (Ind),skipped,skipped,skipped,skipped,skipped,,7
339,Leslie MANSON (Ind),Barbara FOULKES (Ind),skipped,skipped,skipped,skipped,skipped,,7
340,Leslie MANSON (Ind),Barbara FOULKES (Ind),skipped,skipped,skipped,skipped,skipped,,7
341,Leslie MANSON (Ind),Barbara FOULKES (Ind),skipped,skipped,skipped,skipped,skipped,,7
342,Leslie MANSON (Ind),Barbara FOULKES (Ind),skipped,skipped,skipped,skipped,skipped,,7
343,Leslie MANSON (Ind),Barbara FOULKES (Ind),skipped,skipped,skipped,skipped,skipped,,7
344,Leslie MANSON (Ind),Barbara FOULKES (Ind),skipped,skipped,skipped,skipped,skipped,,7
345,Leslie MANSON (Ind),Barbara FOULKES (Ind),Barbara LESLIE (Ind),skipped,skipped,skipped,skipped,,7
346,Leslie MANSON (Ind),Barbara FOULKES (Ind),Barbara LESLIE (Ind),skipped,skipped,skipped,skipped,,7
347,Leslie MANSON (Ind),Barbara FOULKES (Ind),Barbara LESLIE (Ind),skipped,skipped,skipped,skipped,,7
348,Leslie MANSON (Ind),Barbara FOULKES (Ind),Barbara LESLIE (Ind),Max THOMAS (Ind),Sandy COWIE (Ind),OMG,Alastair MACLEOD (Ind),,7
349,Leslie MANSON (Ind),Barbara FOULKES (Ind),Barbara LESLIE (Ind),Sandy COWIE (Ind),Alastair MACLEOD (Ind),skipped,skipped,,7
350,Leslie MANSON (Ind),Barbara FOULKES (Ind),Barbara LESLIE (Ind),OMG,skipped,skipped,skipped,,7
351,Leslie MANSON (Ind),Barbara FOULKES (Ind),Barbara LESLIE (Ind),OMG,skipped,skipped,skipped,,7
352,Leslie MANSON (Ind),Barbara FOULKES (Ind),Barbara LESLIE (Ind),OMG,skipped,skipped,skipped,,7
353,Leslie MANSON (Ind),Barbara FOULKES (Ind),Barbara LESLIE (Ind),OMG,skipped,skipped,skipped,,7
354,Leslie MANSON (Ind),Barbara FOULKES (Ind),Barbara LESLIE (Ind),OMG,Sandy COWIE (Ind),Alastair MACLEOD (Ind),Max THOMAS (Ind),,7
355,Leslie MANSON (Ind),Barbara FOULKES (Ind),Barbara LESLIE (Ind),OMG,Alastair MACLEOD (Ind),Sandy COWIE (Ind),Max THOMAS (Ind),,7
356,Leslie MANSON (Ind),Barbara FOULKES (Ind),Barbara LESLIE (Ind),OMG,Alastair MACLEOD (Ind),Sandy COWIE (Ind),Max THOMAS (Ind),,7
357,Leslie MANSON (Ind),Barbara FOULKES (Ind),Barbara LESLIE (Ind),Alastair MACLEOD (Ind),skipped,skipped,skipped,,7
358,Leslie MANSON (Ind),Barbara FOULKES (Ind),Barbara LESLIE (Ind),Alastair MACLEOD (Ind),skipped,skipped,skipped,,7
359,Leslie MANSON (Ind),Barbara FOULKES (Ind),Barbara LESLIE (Ind),Alastair MACLEOD (Ind),Sandy COWIE (Ind),Max THOMAS (Ind),OMG,,7
360,Leslie MANSON (Ind),Barbara FOULKES (Ind),Max THOMAS (Ind),skipped,skipped,skipped,skipped,,7
361,Leslie MANSON (Ind),Barbara FOULKES (Ind),Max THOMAS (Ind),skipped,skipped,skipped,skipped,,7
362,Leslie MANSON (Ind),Barbara FOULKES (Ind),Max THOMAS (Ind),skipped,skipped,skipped,skipped,,7
363,Leslie MANSON (Ind),Barbara FOULKES (Ind),Max THOMAS (Ind),Barbara LESLIE (Ind),Sandy COWIE (Ind),OMG,Alastair MACLEOD (Ind),,7
364,Leslie MANSON (Ind),Barbara FOULKES (Ind),Max THOMAS (Ind),OMG,Barbara LESLIE (Ind),Sandy COWIE (Ind),Alastair MACLEOD (Ind),,7
365,Leslie MANSON (Ind),Barbara FOULKES (Ind),Sandy COWIE (Ind),skipped,skipped,skipped,skipped,,7
366,Leslie MANSON (Ind),Barbara FOULKES (Ind),Sandy COWIE (Ind),skipped,skipped,skipped,skipped,,7
367,Leslie MANSON (Ind),Barbara FOULKES (Ind),Sandy COWIE (Ind),skipped,skipped,skipped,skipped,,7
368,Leslie MANSON (Ind),Barbara FOULKES (Ind),Sandy COWIE (Ind),skipped,skipped,skipped,skipped,,7
369,Leslie MANSON (Ind),Barbara FOULKES (Ind),Sandy COWIE (Ind),skipped,skipped,skipped,skipped,,7
370,Leslie MANSON (Ind),Barbara FOULKES (Ind),Sandy COWIE (Ind),skipped,skipped,skipped,skipped,,7
371,Leslie MANSON (Ind),Barbara FOULKES (Ind),Sandy COWIE (Ind),skipped,skipped,skipped,skipped,,7
372,Leslie MANSON (Ind),Barbara FOULKES (Ind),Sandy COWIE (Ind),skipped,skipped,skipped,skipped,,7
373,Leslie MANSON (Ind),Barbara FOULKES (Ind),Sandy COWIE (Ind),skipped,skipped,skipped,skipped,,7
374,Leslie MANSON (Ind),Barbara FOULKES (Ind),Sandy COWIE (Ind),Barbara LESLIE (Ind),OMG,Alastair MACLEOD (Ind),Max THOMAS (Ind),,7
375,Leslie MANSON (Ind),Barbara FOULKES (Ind),Sandy COWIE (Ind),Max THOMAS (Ind),skipped,skipped,skipped,,7
376,Leslie MANSON (Ind),Barbara FOULKES (Ind),Sandy COWIE (Ind),OMG,skipped,skipped,skipped,,7
377,Leslie MANSON (Ind),Barbara FOULKES (Ind),Sandy COWIE (Ind),OMG,skipped,skipped,skipped,,7
378,Leslie MANSON (Ind),Barbara FOULKES (Ind),Sandy COWIE (Ind),OMG,skipped,skipped,skipped,,7
379,Leslie MANSON (Ind),Barbara FOULKES (Ind),Sandy COWIE (Ind),OMG,skipped,skipped,skipped,,7
380,Leslie MANSON (Ind),Barbara FOULKES (Ind),Sandy COWIE (Ind),OMG,Barbara LESLIE (Ind),skipped,skipped,,7
381,Leslie MANSON (Ind),Barbara FOULKES (Ind),Sandy COWIE (Ind),OMG,Alastair MACLEOD (Ind),skipped,skipped,,7
382,Leslie MANSON (Ind),Barbara FOULKES (Ind),Sandy COWIE (Ind),Alastair MACLEOD (Ind),skipped,skipped,skipped,,7
383,Leslie MANSON (Ind),Barbara FOULKES (Ind),Sandy COWIE (Ind),Alastair MACLEOD (Ind),OMG,Barbara LESLIE (Ind),Max THOMAS (Ind),,7
384,Leslie MANSON (Ind),Barbara FOULKES (Ind),Sandy COWIE (Ind),Alastair MACLEOD (Ind),OMG,Barbara LESLIE (Ind),Max THOMAS (Ind),,7
385,Leslie MANSON (Ind),Barbara FOULKES (Ind),OMG,skipped,skipped,skipped,skipped,,7
386,Leslie MANSON (Ind),Barbara FOULKES (Ind),OMG,skipped,skipped,skipped,skipped,,7
387,Leslie MANSON (Ind),Barbara FOULKES (Ind),OMG,skipped,skipped,skipped,skipped,,7
388,Leslie MANSON (Ind),Barbara FOULKES (Ind),OMG,skipped,skipped,skipped,skipped,,7
389,Leslie MANSON (Ind),Barbara FOULKES (Ind),OMG,skipped,skipped,skipped,skipped,,7
390,Leslie MANSON (Ind),Barbara FOULKES (Ind),OMG,skipped,skipped,skipped,skipped,,7
391,Leslie MANSON (Ind),Barbara FOULKES (Ind),OMG,skipped,skipped,skipped,skipped,,7
392,Leslie MANSON (Ind),Barbara FOULKES (Ind),OMG,skipped,skipped,skipped,skipped,,7
393,Leslie MANSON (Ind),Barbara FOULKES (Ind),OMG,skipped,skipped,skipped,skipped,,7
394,Leslie MANSON (Ind),Barbara FOULKES (Ind),OMG,skipped,skipped,skipped,skipped,,7
395,Leslie MANSON (Ind),Barbara FOULKES (Ind),OMG,skipped,skipped,skipped,skipped,,7
396,Leslie MANSON (Ind),Barbara FOULKES (Ind),OMG,skipped,skipped,skipped,skipped,,7
397,Leslie MANSON (Ind),Barbara FOULKES (Ind),OMG,skipped,skipped,skipped,skipped,,7
398,Leslie MANSON (Ind),Barbara FOULKES (Ind),OMG,skipped,skipped,skipped,skipped,,7
399,Leslie MANSON (Ind),Barbara FOULKES (Ind),OMG,skipped,skipped,skipped,skipped,,7
400,Leslie MANSON (Ind),Barbara FOULKES (Ind),OMG,skipped,skipped,skipped,skipped,,7
401,Leslie MANSON (Ind),Barbara FOULKES (Ind),OMG,skipped,skipped,skipped,skipped,,7
402,Leslie MANSON (Ind),Barbara FOULKES (Ind),OMG,skipped,skipped,skipped,skipped,,7
403,Leslie MANSON (Ind),Barbara FOULKES (Ind),OMG,Barbara LESLIE (Ind),skipped,skipped,skipped,,7
404,Leslie MANSON (Ind),Barbara FOULKES (Ind),OMG,Barbara LESLIE (Ind),skipped,skipped,skipped,,7
405,Leslie MANSON (Ind),Barbara FOULKES (Ind),OMG,Barbara LESLIE (Ind),skipped,skipped,skipped,,7
406,Leslie MANSON (Ind),Barbara FOULKES (Ind),OMG,Barbara LESLIE (Ind),skipped,skipped,skipped,,7
407,Leslie MANSON (Ind),Barbara FOULKES (Ind),OMG,Barbara LESLIE (Ind),skipped,skipped,skipped,,7
408,Leslie MANSON (Ind),Barbara FOULKES (Ind),OMG,Barbara LESLIE (Ind),skipped,skipped,skipped,,7
409,Leslie MANSON (Ind),Barbara FOULKES (Ind),OMG,Barbara LESLIE (Ind),skipped,skipped,skipped,,7
410,Leslie MANSON (Ind),Barbara FOULKES (Ind),OMG,Barbara LESLIE (Ind),Sandy COWIE (Ind),Alastair MACLEOD (Ind),Max THOMAS (Ind),,7
411,Leslie MANSON (Ind),Barbara FOULKES (Ind),OMG,Max THOMAS (Ind),skipped,skipped,skipped,,7
412,Leslie MANSON (Ind),Barbara FOULKES (Ind),OMG,Sandy COWIE (Ind),skipped,skipped,skipped,,7
413,Leslie MANSON (Ind),Barbara FOULKES (Ind),OMG,Sandy COWIE (Ind),skipped,skipped,skipped,,7
414,Leslie MANSON (Ind),Barbara FOULKES (Ind),OMG,Sandy COWIE (Ind),skipped,skipped,skipped,,7
415,Leslie MANSON (Ind),Barbara FOULKES (Ind),OMG,Sandy COWIE (Ind),skipped,skipped,skipped,,7
416,Leslie MANSON (Ind),Barbara FOULKES (Ind),OMG,Sandy COWIE (Ind),Barbara LESLIE (Ind),skipped,skipped,,7
417,Leslie MANSON (Ind),Barbara FOULKES (Ind),OMG,Sandy COWIE (Ind),Max THOMAS (Ind),Barbara LESLIE (Ind),Alastair MACLEOD (Ind),,7
418,Leslie MANSON (Ind),Barbara FOULKES (Ind),OMG,Sandy COWIE (Ind),Alastair MACLEOD (Ind),Barbara LESLIE (Ind),Max THOMAS (Ind),,7
419,Leslie MANSON (Ind),Barbara FOULKES (Ind),OMG,Alastair MACLEOD (Ind),skipped,skipped,skipped,,7
420,Leslie MANSON (Ind),Barbara FOULKES (Ind),OMG,Alastair MACLEOD (Ind),skipped,skipped,skipped,,7
421,Leslie MANSON (Ind),Barbara FOULKES (Ind),OMG,Alastair MACLEOD (Ind),Sandy COWIE (Ind),skipped,skipped,,7
422,Leslie MANSON (Ind),Barbara FOULKES (Ind),Alastair MACLEOD (Ind),skipped,skipped,skipped,skipped,,7
423,Leslie MANSON (Ind),Barbara FOULKES (Ind),Alastair MACLEOD (Ind),skipped,skipped,skipped,skipped,,7
424,Leslie MANSON (Ind),Barbara FOULKES (Ind),Alastair MACLEOD (Ind),skipped,skipped,skipped,skipped,,7
425,Leslie MANSON (Ind),Barbara FOULKES (Ind),Alastair MACLEOD (Ind),skipped,skipped,skipped,skipped,,7
426,Leslie MANSON (Ind),Barbara FOULKES (Ind),Alastair MACLEOD (Ind),skipped,skipped,skipped,skipped,,7
427,Leslie MANSON (Ind),Barbara FOULKES (Ind),Alastair MACLEOD (Ind),skipped,skipped,skipped,skipped,,7
428,Leslie MANSON (Ind),Barbara FOULKES (Ind),Alastair MACLEOD (Ind),skipped,skipped,skipped,skipped,,7
429,Leslie MANSON (Ind),Barbara FOULKES (Ind),Alastair MACLEOD (Ind),skipped,skipped,skipped,skipped,,7
430,Leslie MANSON (Ind),Barbara FOULKES (Ind),Alastair MACLEOD (Ind),skipped,skipped,skipped,skipped,,7
431,Leslie MANSON (Ind),Barbara FOULKES (Ind),Alastair MACLEOD (Ind),Barbara LESLIE (Ind),OMG,Sandy COWIE (Ind),Max THOMAS (Ind),,7
432,Leslie MANSON (Ind),Barbara FOULKES (Ind),Alastair MACLEOD (Ind),Sandy COWIE (Ind),skipped,skipped,skipped,,7
433,Leslie MANSON (Ind),Barbara FOULKES (Ind),Alastair MACLEOD (Ind),Sandy COWIE (Ind),Barbara LESLIE (Ind),skipped,skipped,,7
434,Leslie MANSON (Ind),Barbara FOULKES (Ind),Alastair MACLEOD (Ind),Sandy COWIE (Ind),OMG,Barbara LESLIE (Ind),Max THOMAS (Ind),,7
435,Leslie MANSON (Ind),Barbara FOULKES (Ind),Alastair MACLEOD (Ind),OMG,skipped,skipped,skipped,,7
436,Leslie MANSON (Ind),Barbara FOULKES (Ind),Alastair MACLEOD (Ind),OMG,skipped,skipped,skipped,,7
437,Leslie MANSON (Ind),Barbara FOULKES (Ind),Alastair MACLEOD (Ind),OMG,skipped,skipped,skipped,,7
438,Leslie MANSON (Ind),Barbara FOULKES (Ind),Alastair MACLEOD (Ind),OMG,Barbara LESLIE (Ind),Sandy COWIE (Ind),Max THOMAS (Ind),,7
439,Leslie MANSON (Ind),OMG,skipped,skipped,skipped,skipped,skipped,,7
440,Leslie MANSON (Ind),OMG,skipped,skipped,skipped,skipped,skipped,,7
441,Leslie MANSON (Ind),OMG,skipped,skipped,skipped,skipped,skipped,,7
442,Leslie MANSON (Ind),OMG,skipped,skipped,skipped,skipped,skipped,,7
443,Leslie MANSON (Ind),OMG,skipped,skipped,skipped,skipped,skipped,,7
444,Leslie MANSON (Ind),OMG,skipped,skipped,skipped,skipped,skipped,,7
445,Leslie MANSON (Ind),OMG,skipped,skipped,skipped,skipped,skipped,,7
446,Leslie MANSON (Ind),OMG,skipped,skipped,skipped,skipped,skipped,,7
447,Leslie MANSON (Ind),OMG,skipped,skipped,skipped,skipped,skipped,,7
448,Leslie MANSON (Ind),OMG,skipped,skipped,skipped,skipped,skipped,,7
449,Leslie MANSON (Ind),OMG,skipped,skipped,skipped,skipped,skipped,,7
450,Leslie MANSON (Ind),OMG,skipped,skipped,skipped,skipped,skipped,,7
451,Leslie MANSON (Ind),OMG,skipped,skipped,skipped,skipped,skipped,,7
452,Leslie MANSON (Ind),OMG,skipped,skipped,skipped,skipped,skipped,,7
453,Leslie MANSON (Ind),OMG,skipped,skipped,skipped,skipped,skipped,,7
454,Leslie MANSON (Ind),OMG,skipped,skipped,skipped,skipped,skipped,,7
455,Leslie MANSON (Ind),OMG,skipped,skipped,skipped,skipped,skipped,,7
456,Leslie MANSON (Ind),OMG,skipped,skipped,skipped,skipped,skipped,,7
457,Leslie MANSON (Ind),OMG,skipped,skipped,skipped,skipped,skipped,,7
458,Leslie MANSON (Ind),OMG,skipped,skipped,skipped,skipped,skipped,,7
459,Leslie MANSON (Ind),OMG,skipped,skipped,skipped,skipped,skipped,,7
460,Leslie MANSON (Ind),OMG,skipped,skipped,skipped,skipped,skipped,,7
461,Leslie MANSON (Ind),OMG,skipped,skipped,skipped,skipped,skipped,,7
462,Leslie MANSON (Ind),OMG,skipped,skipped,skipped,skipped,skipped,,7
463,Leslie MANSON (Ind),OMG,skipped,skipped,skipped,skipped,skipped,,7
464,Leslie MANSON (Ind),OMG,skipped,skipped,skipped,skipped,skipped,,7
465,Leslie MANSON (Ind),OMG,skipped,skipped,skipped,skipped,skipped,,7
466,Leslie MANSON (Ind),OMG,skipped,skipped,skipped,skipped,skipped,,7
467,Leslie MANSON (Ind),OMG,skipped,skipped,skipped,skipped,skipped,,7
468,Leslie MANSON (Ind),OMG,skipped,skipped,skipped,skipped,skipped,,7
469,Leslie MANSON (Ind),OMG,skipped,skipped,skipped,skipped,skipped,,7
470,Leslie MANSON (Ind),OMG,skipped,skipped,skipped,skipped,skipped,,7
471,Leslie MANSON (Ind),OMG,skipped,skipped,skipped,skipped,skipped,,7
472,Leslie MANSON (Ind),OMG,skipped,skipped,skipped,skipped,skipped,,7
473,Leslie MANSON (Ind),OMG,skipped,skipped,skipped,skipped,skipped,,7
474,Leslie MANSON (Ind),OMG,skipped,skipped,skipped,skipped,skipped,,7
475,Leslie MANSON (Ind),OMG,skipped,skipped,skipped,skipped,skipped,,7
476,Leslie MANSON (Ind),OMG,skipped,skipped,skipped,skipped,skipped,,7
477,Leslie MANSON (Ind),OMG,skipped,skipped,skipped,skipped,skipped,,7
478,Leslie MANSON (Ind),OMG,skipped,skipped,skipped,skipped,skipped,,7
479,Leslie MANSON (Ind),OMG,skipped,skipped,skipped,skipped,skipped,,7
480,Leslie MANSON (Ind),OMG,skipped,skipped,skipped,skipped,skipped,,7
481,Leslie MANSON (Ind),OMG,skipped,skipped,skipped,skipped,skipped,,7
482,Leslie MANSON (Ind),OMG,skipped,skipped,skipped,skipped,skipped,,7
483,Leslie MANSON (Ind),OMG,skipped,skipped,skipped,skipped,skipped,,7
484,Leslie MANSON (Ind),OMG,skipped,skipped,skipped,skipped,skipped,,7
485,Leslie MANSON (Ind),OMG,skipped,skipped,skipped,skipped,skipped,,7
486,Leslie MANSON (Ind),OMG,skipped,skipped,skipped,skipped,skipped,,7
487,Leslie MANSON (Ind),OMG,skipped,skipped,skipped,skipped,skipped,,7
488,Leslie MANSON (Ind),OMG,skipped,skipped,skipped,skipped,skipped,,7
489,Leslie MANSON (Ind),OMG,skipped,skipped,skipped,skipped,skipped,,7
490,Leslie MANSON (Ind),OMG,skipped,skipped,skipped,skipped,skipped,,7
491,Leslie MANSON (Ind),OMG,skipped,skipped,skipped,skipped,skipped,,7
492,Leslie MANSON (Ind),OMG,Barbara LESLIE (Ind),skipped,skipped,skipped,skipped,,7
493,Leslie MANSON (Ind),OMG,Barbara LESLIE (Ind),skipped,skipped,skipped,skipped,,7
494,Leslie MANSON (Ind),OMG,Barbara LESLIE (Ind),skipped,skipped,skipped,skipped,,7
495,Leslie MANSON (Ind),OMG,Barbara LESLIE (Ind),skipped,skipped,skipped,skipped,,7
496,Leslie MANSON (Ind),OMG,Barbara LESLIE (Ind),skipped,skipped,skipped,skipped,,7
497,Leslie MANSON (Ind),OMG,Barbara LESLIE (Ind),skipped,skipped,skipped,skipped,,7
498,Leslie MANSON (Ind),OMG,Barbara LESLIE (Ind),skipped,skipped,skipped,skipped,,7
499,Leslie MANSON (Ind),OMG,Barbara LESLIE (Ind),skipped,skipped,skipped,skipped,,7
500,Leslie MANSON (Ind),OMG,Barbara LESLIE (Ind),skipped,skipped,skipped,skipped,,7
501,Leslie MANSON (Ind),OMG,Barbara LESLIE (Ind),skipped,skipped,skipped,skipped,,7
502,Leslie MANSON (Ind),OMG,Barbara LESLIE (Ind),skipped,skipped,skipped,skipped,,7
503,Leslie MANSON (Ind),OMG,Barbara LESLIE (Ind),Max THOMAS (Ind),skipped,skipped,skipped,,7
504,Leslie MANSON (Ind),OMG,Barbara LESLIE (Ind),Sandy COWIE (Ind),skipped,skipped,skipped,,7
505,Leslie MANSON (Ind),OMG,Barbara LESLIE (Ind),Sandy COWIE (Ind),Max THOMAS (Ind),Barbara FOULKES (Ind),Alastair MACLEOD (Ind),,7
506,Leslie MANSON (Ind),OMG,Barbara LESLIE (Ind),Sandy COWIE (Ind),Barbara FOULKES (Ind),Alastair MACLEOD (Ind),Max THOMAS (Ind),,7
507,Leslie MANSON (Ind),OMG,Barbara LESLIE (Ind),Sandy COWIE (Ind),Barbara FOULKES (Ind),Alastair MACLEOD (Ind),Max THOMAS (Ind),,7
508,Leslie MANSON (Ind),OMG,Barbara LESLIE (Ind),Sandy COWIE (Ind),Alastair MACLEOD (Ind),Barbara FOULKES (Ind),Max THOMAS (Ind),,7
509,Leslie MANSON (Ind),OMG,Barbara LESLIE (Ind),Barbara FOULKES (Ind),skipped,skipped,skipped,,7
510,Leslie MANSON (Ind),OMG,Barbara LESLIE (Ind),Barbara FOULKES (Ind),skipped,skipped,skipped,,7
511,Leslie MANSON (Ind),OMG,Barbara LESLIE (Ind),Barbara FOULKES (Ind),skipped,skipped,skipped,,7
512,Leslie MANSON (Ind),OMG,Barbara LESLIE (Ind),Barbara FOULKES (Ind),Sandy COWIE (Ind),Max THOMAS (Ind),Alastair MACLEOD (Ind),,7
513,Leslie MANSON (Ind),OMG,Barbara LESLIE (Ind),Barbara FOULKES (Ind),Sandy COWIE (Ind),Alastair MACLEOD (Ind),Max THOMAS (Ind),,7
514,Leslie MANSON (Ind),OMG,Barbara LESLIE (Ind),Barbara FOULKES (Ind),Alastair MACLEOD (Ind),Max THOMAS (Ind),Sandy COWIE (Ind),,7
515,Leslie MANSON (Ind),OMG,Barbara LESLIE (Ind),Barbara FOULKES (Ind),Alastair MACLEOD (Ind),Sandy COWIE (Ind),Max THOMAS (Ind),,7
516,Leslie MANSON (Ind),OMG,Barbara LESLIE (Ind),Barbara FOULKES (Ind),Alastair MACLEOD (Ind),Sandy COWIE (Ind),Max THOMAS (Ind),,7
517,Leslie MANSON (Ind),OMG,Barbara LESLIE (Ind),Alastair MACLEOD (Ind),skipped,skipped,skipped,,7
518,Leslie MANSON (Ind),OMG,Barbara LESLIE (Ind),Alastair MACLEOD (Ind),skipped,skipped,skipped,,7
519,Leslie MANSON (Ind),OMG,Barbara LESLIE (Ind),Alastair MACLEOD (Ind),Sandy COWIE (Ind),Barbara FOULKES (Ind),Max THOMAS (Ind),,7
520,Leslie MANSON (Ind),OMG,Max THOMAS (Ind),Barbara LESLIE (Ind),skipped,skipped,skipped,,7
521,Leslie MANSON (Ind),OMG,Max THOMAS (Ind),Barbara LESLIE (Ind),skipped,skipped,skipped,,7
522,Leslie MANSON (Ind),OMG,Max THOMAS (Ind),Sandy COWIE (Ind),skipped,skipped,skipped,,7
523,Leslie MANSON (Ind),OMG,Max THOMAS (Ind),Sandy COWIE (Ind),Alastair MACLEOD (Ind),Barbara LESLIE (Ind),Barbara FOULKES (Ind),,7
524,Leslie MANSON (Ind),OMG,Sandy COWIE (Ind),skipped,skipped,skipped,skipped,,7
525,Leslie MANSON (Ind),OMG,Sandy COWIE (Ind),skipped,skipped,skipped,skipped,,7
526,Leslie MANSON (Ind),OMG,Sandy COWIE (Ind),skipped,skipped,skipped,skipped,,7
527,Leslie MANSON (Ind),OMG,Sandy COWIE (Ind),skipped,skipped,skipped,skipped,,7
528,Leslie MANSON (Ind),OMG,Sandy COWIE (Ind),skipped,skipped,skipped,skipped,,7
529,Leslie MANSON (Ind),OMG,Sandy COWIE (Ind),skipped,skipped,skipped,skipped,,7
530,Leslie MANSON (Ind),OMG,Sandy COWIE (Ind),skipped,skipped,skipped,skipped,,7
531,Leslie MANSON (Ind),OMG,Sandy COWIE (Ind),skipped,skipped,skipped,skipped,,7
532,Leslie MANSON (Ind),OMG,Sandy COWIE (Ind),skipped,skipped,skipped,skipped,,7
533,Leslie MANSON (Ind),OMG,Sandy COWIE (Ind),skipped,skipped,skipped,skipped,,7
534,Leslie MANSON (Ind),OMG,Sandy COWIE (Ind),skipped,skipped,skipped,skipped,,7
535,Leslie MANSON (Ind),OMG,Sandy COWIE (Ind),skipped,skipped,skipped,skipped,,7
536,Leslie MANSON (Ind),OMG,Sandy COWIE (Ind),skipped,skipped,skipped,skipped,,7
537,Leslie MANSON (Ind),OMG,Sandy COWIE (Ind),skipped,skipped,skipped,skipped,,7
538,Leslie MANSON (Ind),OMG,Sandy COWIE (Ind),skipped,skipped,skipped,skipped,,7
539,Leslie MANSON (Ind),OMG,Sandy COWIE (Ind),skipped,skipped,skipped,skipped,,7
540,Leslie MANSON (Ind),OMG,Sandy COWIE (Ind),skipped,skipped,skipped,skipped,,7
541,Leslie MANSON (Ind),OMG,Sandy COWIE (Ind),skipped,skipped,skipped,skipped,,7
542,Leslie MANSON (Ind),OMG,Sandy COWIE (Ind),skipped,skipped,skipped,skipped,,7
543,Leslie MANSON (Ind),OMG,Sandy COWIE (Ind),skipped,skipped,skipped,skipped,,7
544,Leslie MANSON (Ind),OMG,Sandy COWIE (Ind),skipped,skipped,skipped,skipped,,7
545,Leslie MANSON (Ind),OMG,Sandy COWIE (Ind),skipped,skipped,skipped,skipped,,7
546,Leslie MANSON (Ind),OMG,Sandy COWIE (Ind),skipped,skipped,skipped,skipped,,7
547,Leslie MANSON (Ind),OMG,Sandy COWIE (Ind),skipped,skipped,skipped,skipped,,7
548,Leslie MANSON (Ind),OMG,Sandy COWIE (Ind),skipped,skipped,skipped,skipped,,7
549,Leslie MANSON (Ind),OMG,Sandy COWIE (Ind),skipped,skipped,skipped,skipped,,7
550,Leslie MANSON (Ind),OMG,Sandy COWIE (Ind),skipped,skipped,skipped,skipped,,7
551,Leslie MANSON (Ind),OMG,Sandy COWIE (Ind),skipped,skipped,skipped,skipped,,7
552,Leslie MANSON (Ind),OMG,Sandy COWIE (Ind),skipped,skipped,skipped,skipped,,7
553,Leslie MANSON (Ind),OMG,Sandy COWIE (Ind),skipped,skipped,skipped,skipped,,7
554,Leslie MANSON (Ind),OMG,Sandy COWIE (Ind),skipped,skipped,skipped,skipped,,7
555,Leslie MANSON (Ind),OMG,Sandy COWIE (Ind),skipped,skipped,skipped,skipped,,7
556,Leslie MANSON (Ind),OMG,Sandy COWIE (Ind),skipped,skipped,skipped,skipped,,7
557,Leslie MANSON (Ind),OMG,Sandy COWIE (Ind),skipped,skipped,skipped,skipped,,7
558,Leslie MANSON (Ind),OMG,Sandy COWIE (Ind),skipped,skipped,skipped,skipped,,7
559,Leslie MANSON (Ind),OMG,Sandy COWIE (Ind),skipped,skipped,skipped,skipped,,7
560,Leslie MANSON (Ind),OMG,Sandy COWIE (Ind),Barbara LESLIE (Ind),skipped,skipped,skipped,,7
561,Leslie MANSON (Ind),OMG,Sandy COWIE (Ind),Barbara LESLIE (Ind),skipped,skipped,skipped,,7
562,Leslie MANSON (Ind),OMG,Sandy COWIE (Ind),Barbara LESLIE (Ind),skipped,skipped,skipped,,7
563,Leslie MANSON (Ind),OMG,Sandy COWIE (Ind),Barbara LESLIE (Ind),skipped,skipped,skipped,,7
564,Leslie MANSON (Ind),OMG,Sandy COWIE (Ind),Barbara LESLIE (Ind),skipped,skipped,skipped,,7
565,Leslie MANSON (Ind),OMG,Sandy COWIE (Ind),Barbara LESLIE (Ind),Barbara FOULKES (Ind),Alastair MACLEOD (Ind),Max THOMAS (Ind),,7
566,Leslie MANSON (Ind),OMG,Sandy COWIE (Ind),Barbara LESLIE (Ind),Barbara FOULKES (Ind),Alastair MACLEOD (Ind),Max THOMAS (Ind),,7
567,Leslie MANSON (Ind),OMG,Sandy COWIE (Ind),Barbara FOULKES (Ind),skipped,skipped,skipped,,7
568,Leslie MANSON (Ind),OMG,Sandy COWIE (Ind),Barbara FOULKES (Ind),skipped,skipped,skipped,,7
569,Leslie MANSON (Ind),OMG,Sandy COWIE (Ind),Barbara FOULKES (Ind),skipped,skipped,skipped,,7
570,Leslie MANSON (Ind),OMG,Sandy COWIE (Ind),Barbara FOULKES (Ind),skipped,skipped,skipped,,7
571,Leslie MANSON (Ind),OMG,Sandy COWIE (Ind),Barbara FOULKES (Ind),skipped,skipped,skipped,,7
572,Leslie MANSON (Ind),OMG,Sandy COWIE (Ind),Barbara FOULKES (Ind),skipped,skipped,skipped,,7
573,Leslie MANSON (Ind),OMG,Sandy COWIE (Ind),Barbara FOULKES (Ind),skipped,skipped,skipped,,7
574,Leslie MANSON (Ind),OMG,Sandy COWIE (Ind),Barbara FOULKES (Ind),skipped,skipped,skipped,,7
575,Leslie MANSON (Ind),OMG,Sandy COWIE (Ind),Barbara FOULKES (Ind),skipped,skipped,skipped,,7
576,Leslie MANSON (Ind),OMG,Sandy COWIE (Ind),Barbara FOULKES (Ind),skipped,skipped,skipped,,7
577,Leslie MANSON (Ind),OMG,Sandy COWIE (Ind),Barbara FOULKES (Ind),skipped,skipped,skipped,,7
578,Leslie MANSON (Ind),OMG,Sandy COWIE (Ind),Barbara FOULKES (Ind),skipped,skipped,skipped,,7
579,Leslie MANSON (Ind),OMG,Sandy COWIE (Ind),Barbara FOULKES (Ind),skipped,skipped,skipped,,7
580,Leslie MANSON (Ind),OMG,Sandy COWIE (Ind),Barbara FOULKES (Ind),skipped,skipped,skipped,,7
581,Leslie MANSON (Ind),OMG,Sandy COWIE (Ind),Barbara FOULKES (Ind),skipped,skipped,skipped,,7
582,Leslie MANSON (Ind),OMG,Sandy COWIE (Ind),Barbara FOULKES (Ind),skipped,skipped,skipped,,7
583,Leslie MANSON (Ind),OMG,Sandy COWIE (Ind),Barbara FOULKES (Ind),skipped,skipped,skipped,,7
584,Leslie MANSON (Ind),OMG,Sandy COWIE (Ind),Barbara FOULKES (Ind),skipped,skipped,skipped,,7
585,Leslie MANSON (Ind),OMG,Sandy COWIE (Ind),Barbara FOULKES (Ind),skipped,skipped,skipped,,7
586,Leslie MANSON (Ind),OMG,Sandy COWIE (Ind),Barbara FOULKES (Ind),skipped,skipped,skipped,,7
587,Leslie MANSON (Ind),OMG,Sandy COWIE (Ind),Barbara FOULKES (Ind),skipped,skipped,skipped,,7
588,Leslie MANSON (Ind),OMG,Sandy COWIE (Ind),Barbara FOULKES (Ind),skipped,skipped,skipped,,7
589,Leslie MANSON (Ind),OMG,Sandy COWIE (Ind),Barbara FOULKES (Ind),Alastair MACLEOD (Ind),Barbara LESLIE (Ind),Max THOMAS (Ind),,7
590,Leslie MANSON (Ind),OMG,Sandy COWIE (Ind),Alastair MACLEOD (Ind),skipped,skipped,skipped,,7
591,Leslie MANSON (Ind),OMG,Sandy COWIE (Ind),Alastair MACLEOD (Ind),skipped,skipped,skipped,,7
592,Leslie MANSON (Ind),OMG,Sandy COWIE (Ind),Alastair MACLEOD (Ind),skipped,skipped,skipped,,7
593,Leslie MANSON (Ind),OMG,Sandy COWIE (Ind),Alastair MACLEOD (Ind),skipped,skipped,skipped,,7
594,Leslie MANSON (Ind),OMG,Sandy COWIE (Ind),Alastair MACLEOD (Ind),skipped,skipped,skipped,,7
595,Leslie MANSON (Ind),OMG,Sandy COWIE (Ind),Alastair MACLEOD (Ind),skipped,skipped,skipped,,7
596,Leslie MANSON (Ind),OMG,Sandy COWIE (Ind),Alastair MACLEOD (Ind),skipped,skipped,skipped,,7
597,Leslie MANSON (Ind),OMG,Sandy COWIE (Ind),Alastair MACLEOD (Ind),skipped,skipped,skipped,,7
598,Leslie MANSON (Ind),OMG,Sandy COWIE (Ind),Alastair MACLEOD (Ind),skipped,skipped,skipped,,7
599,Leslie MANSON (Ind),OMG,Sandy COWIE (Ind),Alastair MACLEOD (Ind),Barbara LESLIE (Ind),skipped,skipped,,7
600,Leslie MANSON (Ind),OMG,Sandy COWIE (Ind),Alastair MACLEOD (Ind),Barbara LESLIE (Ind),Barbara FOULKES (Ind),Max THOMAS (Ind),,7
601,Leslie MANSON (Ind),OMG,Sandy COWIE (Ind),Alastair MACLEOD (Ind),Barbara LESLIE (Ind),Barbara FOULKES (Ind),Max THOMAS (Ind),,7
602,Leslie MANSON (Ind),OMG,Sandy COWIE (Ind),Alastair MACLEOD (Ind),Max THOMAS (Ind),Barbara FOULKES (Ind),Barbara LESLIE (Ind),,7
603,Leslie MANSON (Ind),OMG,Sandy COWIE (Ind),Alastair MACLEOD (Ind),Barbara FOULKES (Ind),skipped,skipped,,7
604,Leslie MANSON (Ind),OMG,Sandy COWIE (Ind),Alastair MACLEOD (Ind),Barbara FOULKES (Ind),Barbara LESLIE (Ind),Max THOMAS (Ind),,7
605,Leslie MANSON (Ind),OMG,Barbara FOULKES (Ind),skipped,skipped,skipped,skipped,,7
606,Leslie MANSON (Ind),OMG,Barbara FOULKES (Ind),skipped,skipped,skipped,skipped,,7
607,Leslie MANSON (Ind),OMG,Barbara FOULKES (Ind),skipped,skipped,skipped,skipped,,7
608,Leslie MANSON (Ind),OMG,Barbara FOULKES (Ind),skipped,skipped,skipped,skipped,,7
609,Leslie MANSON (Ind),OMG,Barbara FOULKES (Ind),skipped,skipped,skipped,skipped,,7
610,Leslie MANSON (Ind),OMG,Barbara FOULKES (Ind),skipped,skipped,skipped,skipped,,7
611,Leslie MANSON (Ind),OMG,Barbara FOULKES (Ind),skipped,skipped,skipped,skipped,,7
612,Leslie MANSON (Ind),OMG,Barbara FOULKES (Ind),skipped,skipped,skipped,skipped,,7
613,Leslie MANSON (Ind),OMG,Barbara FOULKES (Ind),skipped,skipped,skipped,skipped,,7
614,Leslie MANSON (Ind),OMG,Barbara FOULKES (Ind),skipped,skipped,skipped,skipped,,7
615,Leslie MANSON (Ind),OMG,Barbara FOULKES (Ind),skipped,skipped,skipped,skipped,,7
616,Leslie MANSON (Ind),OMG,Barbara FOULKES (Ind),skipped,skipped,skipped,skipped,,7
617,Leslie MANSON (Ind),OMG,Barbara FOULKES (Ind),skipped,skipped,skipped,skipped,,7
618,Leslie MANSON (Ind),OMG,Barbara FOULKES (Ind),skipped,skipped,skipped,skipped,,7
619,Leslie MANSON (Ind),OMG,Barbara FOULKES (Ind),skipped,skipped,skipped,skipped,,7
620,Leslie MANSON (Ind),OMG,Barbara FOULKES (Ind),skipped,skipped,skipped,skipped,,7
621,Leslie MANSON (Ind),OMG,Barbara FOULKES (Ind),skipped,skipped,skipped,skipped,,7
622,Leslie MANSON (Ind),OMG,Barbara FOULKES (Ind),skipped,skipped,skipped,skipped,,7
623,Leslie MANSON (Ind),OMG,Barbara FOULKES (Ind),skipped,skipped,skipped,skipped,,7
624,Leslie MANSON (Ind),OMG,Barbara FOULKES (Ind),skipped,skipped,skipped,skipped,,7
625,Leslie MANSON (Ind),OMG,Barbara FOULKES (Ind),skipped,skipped,skipped,skipped,,7
626,Leslie MANSON (Ind),OMG,Barbara FOULKES (Ind),skipped,skipped,skipped,skipped,,7
627,Leslie MANSON (Ind),OMG,Barbara FOULKES (Ind),skipped,skipped,skipped,skipped,,7
628,Leslie MANSON (Ind),OMG,Barbara FOULKES (Ind),skipped,skipped,skipped,skipped,,7
629,Leslie MANSON (Ind),OMG,Barbara FOULKES (Ind),skipped,skipped,skipped,skipped,,7
630,Leslie MANSON (Ind),OMG,Barbara FOULKES (Ind),skipped,skipped,skipped,skipped,,7
631,Leslie MANSON (Ind),OMG,Barbara FOULKES (Ind),skipped,skipped,skipped,skipped,,7
632,Leslie MANSON (Ind),OMG,Barbara FOULKES (Ind),skipped,skipped,skipped,skipped,,7
633,Leslie MANSON (Ind),OMG,Barbara FOULKES (Ind),skipped,skipped,skipped,skipped,,7
634,Leslie MANSON (Ind),OMG,Barbara FOULKES (Ind),skipped,skipped,skipped,skipped,,7
635,Leslie MANSON (Ind),OMG,Barbara FOULKES (Ind),skipped,skipped,skipped,skipped,,7
636,Leslie MANSON (Ind),OMG,Barbara FOULKES (Ind),skipped,skipped,skipped,skipped,,7
637,Leslie MANSON (Ind),OMG,Barbara FOULKES (Ind),Barbara LESLIE (Ind),skipped,skipped,skipped,,7
638,Leslie MANSON (Ind),OMG,Barbara FOULKES (Ind),Barbara LESLIE (Ind),skipped,skipped,skipped,,7
639,Leslie MANSON (Ind),OMG,Barbara FOULKES (Ind),Barbara LESLIE (Ind),skipped,skipped,skipped,,7
640,Leslie MANSON (Ind),OMG,Barbara FOULKES (Ind),Barbara LESLIE (Ind),skipped,skipped,skipped,,7
641,Leslie MANSON (Ind),OMG,Barbara FOULKES (Ind),Barbara LESLIE (Ind),skipped,skipped,skipped,,7
642,Leslie MANSON (Ind),OMG,Barbara FOULKES (Ind),Barbara LESLIE (Ind),skipped,skipped,skipped,,7
643,Leslie MANSON (Ind),OMG,Barbara FOULKES (Ind),Barbara LESLIE (Ind),skipped,skipped,skipped,,7
644,Leslie MANSON (Ind),OMG,Barbara FOULKES (Ind),Barbara LESLIE (Ind),skipped,skipped,skipped,,7
645,Leslie MANSON (Ind),OMG,Barbara FOULKES (Ind),Barbara LESLIE (Ind),Sandy COWIE (Ind),skipped,skipped,,7
646,Leslie MANSON (Ind),OMG,Barbara FOULKES (Ind),Barbara LESLIE (Ind),Sandy COWIE (Ind),skipped,skipped,,7
647,Leslie MANSON (Ind),OMG,Barbara FOULKES (Ind),Barbara LESLIE (Ind),Sandy COWIE (Ind),skipped,skipped,,7
648,Leslie MANSON (Ind),OMG,Barbara FOULKES (Ind),Barbara LESLIE (Ind),Sandy COWIE (Ind),Alastair MACLEOD (Ind),Max THOMAS (Ind),,7
649,Leslie MANSON (Ind),OMG,Barbara FOULKES (Ind),Barbara LESLIE (Ind),Alastair MACLEOD (Ind),skipped,skipped,,7
650,Leslie MANSON (Ind),OMG,Barbara FOULKES (Ind),Barbara LESLIE (Ind),Alastair MACLEOD (Ind),Max THOMAS (Ind),Sandy COWIE (Ind),,7
651,Leslie MANSON (Ind),OMG,Barbara FOULKES (Ind),Barbara LESLIE (Ind),Alastair MACLEOD (Ind),Sandy COWIE (Ind),Max THOMAS (Ind),,7
652,Leslie MANSON (Ind),OMG,Barbara FOULKES (Ind),Max THOMAS (Ind),skipped,skipped,skipped,,7
653,Leslie MANSON (Ind),OMG,Barbara FOULKES (Ind),Max THOMAS (Ind),skipped,skipped,skipped,,7
654,Leslie MANSON (Ind),OMG,Barbara FOULKES (Ind),Sandy COWIE (Ind),skipped,skipped,skipped,,7
655,Leslie MANSON (Ind),OMG,Barbara FOULKES (Ind),Sandy COWIE (Ind),skipped,skipped,skipped,,7
656,Leslie MANSON (Ind),OMG,Barbara FOULKES (Ind),Sandy COWIE (Ind),skipped,skipped,skipped,,7
657,Leslie MANSON (Ind),OMG,Barbara FOULKES (Ind),Sandy COWIE (Ind),skipped,skipped,skipped,,7
658,Leslie MANSON (Ind),OMG,Barbara FOULKES (Ind),Sandy COWIE (Ind),skipped,skipped,skipped,,7
659,Leslie MANSON (Ind),OMG,Barbara FOULKES (Ind),Sandy COWIE (Ind),skipped,skipped,skipped,,7
660,Leslie MANSON (Ind),OMG,Barbara FOULKES (Ind),Sandy COWIE (Ind),skipped,skipped,skipped,,7
661,Leslie MANSON (Ind),OMG,Barbara FOULKES (Ind),Sandy COWIE (Ind),skipped,skipped,skipped,,7
662,Leslie MANSON (Ind),OMG,Barbara FOULKES (Ind),Sandy COWIE (Ind),skipped,skipped,skipped,,7
663,Leslie MANSON (Ind),OMG,Barbara FOULKES (Ind),Sandy COWIE (Ind),skipped,skipped,skipped,,7
664,Leslie MANSON (Ind),OMG,Barbara FOULKES (Ind),Sandy COWIE (Ind),skipped,skipped,skipped,,7
665,Leslie MANSON (Ind),OMG,Barbara FOULKES (Ind),Sandy COWIE (Ind),skipped,skipped,skipped,,7
666,Leslie MANSON (Ind),OMG,Barbara FOULKES (Ind),Sandy COWIE (Ind),skipped,skipped,skipped,,7
667,Leslie MANSON (Ind),OMG,Barbara FOULKES (Ind),Sandy COWIE (Ind),skipped,skipped,skipped,,7
668,Leslie MANSON (Ind),OMG,Barbara FOULKES (Ind),Sandy COWIE (Ind),Barbara LESLIE (Ind),skipped,skipped,,7
669,Leslie MANSON (Ind),OMG,Barbara FOULKES (Ind),Sandy COWIE (Ind),Barbara LESLIE (Ind),Alastair MACLEOD (Ind),skipped,,7
670,Leslie MANSON (Ind),OMG,Barbara FOULKES (Ind),Sandy COWIE (Ind),Barbara LESLIE (Ind),Alastair MACLEOD (Ind),Max THOMAS (Ind),,7
671,Leslie MANSON (Ind),OMG,Barbara FOULKES (Ind),Sandy COWIE (Ind),Max THOMAS (Ind),Barbara LESLIE (Ind),Alastair MACLEOD (Ind),,7
672,Leslie MANSON (Ind),OMG,Barbara FOULKES (Ind),Sandy COWIE (Ind),Alastair MACLEOD (Ind),Barbara LESLIE (Ind),Max THOMAS (Ind),,7
673,Leslie MANSON (Ind),OMG,Barbara FOULKES (Ind),Sandy COWIE (Ind),Alastair MACLEOD (Ind),Barbara LESLIE (Ind),Max THOMAS (Ind),,7
674,Leslie MANSON (Ind),OMG,Barbara FOULKES (Ind),Alastair MACLEOD (Ind),skipped,skipped,skipped,,7
675,Leslie MANSON (Ind),OMG,Barbara FOULKES (Ind),Alastair MACLEOD (Ind),skipped,skipped,skipped,,7
676,Leslie MANSON (Ind),OMG,Barbara FOULKES (Ind),Alastair MACLEOD (Ind),skipped,skipped,skipped,,7
677,Leslie MANSON (Ind),OMG,Barbara FOULKES (Ind),Alastair MACLEOD (Ind),skipped,skipped,skipped,,7
678,Leslie MANSON (Ind),OMG,Barbara FOULKES (Ind),Alastair MACLEOD (Ind),skipped,skipped,skipped,,7
679,Leslie MANSON (Ind),OMG,Barbara FOULKES (Ind),Alastair MACLEOD (Ind),skipped,skipped,skipped,,7
680,Leslie MANSON (Ind),OMG,Barbara FOULKES (Ind),Alastair MACLEOD (Ind),skipped,skipped,skipped,,7
681,Leslie MANSON (Ind),OMG,Barbara FOULKES (Ind),Alastair MACLEOD (Ind),Barbara LESLIE (Ind),Max THOMAS (Ind),Sandy COWIE (Ind),,7
682,Leslie MANSON (Ind),OMG,Barbara FOULKES (Ind),Alastair MACLEOD (Ind),Barbara LESLIE (Ind),Sandy COWIE (Ind),Max THOMAS (Ind),,7
683,Leslie MANSON (Ind),OMG,Barbara FOULKES (Ind),Alastair MACLEOD (Ind),Sandy COWIE (Ind),Barbara LESLIE (Ind),Max THOMAS (Ind),,7
684,Leslie MANSON (Ind),OMG,Alastair MACLEOD (Ind),skipped,skipped,skipped,skipped,,7
685,Leslie MANSON (Ind),OMG,Alastair MACLEOD (Ind),skipped,skipped,skipped,skipped,,7
686,Leslie MANSON (Ind),OMG,Alastair MACLEOD (Ind),skipped,skipped,skipped,skipped,,7
687,Leslie MANSON (Ind),OMG,Alastair MACLEOD (Ind),skipped,skipped,skipped,skipped,,7
688,Leslie MANSON (Ind),OMG,Alastair MACLEOD (Ind),skipped,skipped,skipped,skipped,,7
689,Leslie MANSON (Ind),OMG,Alastair MACLEOD (Ind),skipped,skipped,skipped,skipped,,7
690,Leslie MANSON (Ind),OMG,Alastair MACLEOD (Ind),Barbara LESLIE (Ind),skipped,skipped,skipped,,7
691,Leslie MANSON (Ind),OMG,Alastair MACLEOD (Ind),Barbara LESLIE (Ind),Barbara FOULKES (Ind),skipped,skipped,,7
692,Leslie MANSON (Ind),OMG,Alastair MACLEOD (Ind),Barbara LESLIE (Ind),Barbara FOULKES (Ind),skipped,skipped,,7
693,Leslie MANSON (Ind),OMG,Alastair MACLEOD (Ind),Barbara LESLIE (Ind),Barbara FOULKES (Ind),Sandy COWIE (Ind),Max THOMAS (Ind),,7
694,Leslie MANSON (Ind),OMG,Alastair MACLEOD (Ind),Max THOMAS (Ind),skipped,skipped,skipped,,7
695,Leslie MANSON (Ind),OMG,Alastair MACLEOD (Ind),Max THOMAS (Ind),Sandy COWIE (Ind),Barbara LESLIE (Ind),Barbara FOULKES (Ind),,7
696,Leslie MANSON (Ind),OMG,Alastair MACLEOD (Ind),Sandy COWIE (Ind),skipped,skipped,skipped,,7
697,Leslie MANSON (Ind),OMG,Alastair MACLEOD (Ind),Sandy COWIE (Ind),skipped,skipped,skipped,,7
698,Leslie MANSON (Ind),OMG,Alastair MACLEOD (Ind),Sandy COWIE (Ind),skipped,skipped,skipped,,7
699,Leslie MANSON (Ind),OMG,Alastair MACLEOD (Ind),Sandy COWIE (Ind),skipped,skipped,skipped,,7
700,Leslie MANSON (Ind),OMG,Alastair MACLEOD (Ind),Sandy COWIE (Ind),Barbara FOULKES (Ind),skipped,skipped,,7
701,Leslie MANSON (Ind),OMG,Alastair MACLEOD (Ind),Sandy COWIE (Ind),Barbara FOULKES (Ind),Barbara LESLIE (Ind),Max THOMAS (Ind),,7
702,Leslie MANSON (Ind),OMG,Alastair MACLEOD (Ind),Barbara FOULKES (Ind),skipped,skipped,skipped,,7
703,Leslie MANSON (Ind),OMG,Alastair MACLEOD (Ind),Barbara FOULKES (Ind),skipped,skipped,skipped,,7
704,Leslie MANSON (Ind),OMG,Alastair MACLEOD (Ind),Barbara FOULKES (Ind),skipped,skipped,skipped,,7
705,Leslie MANSON (Ind),OMG,Alastair MACLEOD (Ind),Barbara FOULKES (Ind),skipped,skipped,skipped,,7
706,Leslie MANSON (Ind),OMG,Alastair MACLEOD (Ind),Barbara FOULKES (Ind),skipped,skipped,skipped,,7
707,Leslie MANSON (Ind),OMG,Alastair MACLEOD (Ind),Barbara FOULKES (Ind),skipped,skipped,skipped,,7
708,Leslie MANSON (Ind),OMG,Alastair MACLEOD (Ind),Barbara FOULKES (Ind),skipped,skipped,skipped,,7
709,Leslie MANSON (Ind),OMG,Alastair MACLEOD (Ind),Barbara FOULKES (Ind),skipped,skipped,skipped,,7
710,Leslie MANSON (Ind),OMG,Alastair MACLEOD (Ind),Barbara FOULKES (Ind),Sandy COWIE (Ind),skipped,skipped,,7
711,Leslie MANSON (Ind),OMG,Alastair MACLEOD (Ind),Barbara FOULKES (Ind),Sandy COWIE (Ind),Max THOMAS (Ind),Barbara LESLIE (Ind),,7
712,Leslie MANSON (Ind),Alastair MACLEOD (Ind),skipped,skipped,skipped,skipped,skipped,,7
713,Leslie MANSON (Ind),Alastair MACLEOD (Ind),skipped,skipped,skipped,skipped,skipped,,7
714,Leslie MANSON (Ind),Alastair MACLEOD (Ind),skipped,skipped,skipped,skipped,skipped,,7
715,Leslie MANSON (Ind),Alastair MACLEOD (Ind),skipped,skipped,skipped,skipped,skipped,,7
716,Leslie MANSON (Ind),Alastair MACLEOD (Ind),skipped,skipped,skipped,skipped,skipped,,7
717,Leslie MANSON (Ind),Alastair MACLEOD (Ind),skipped,skipped,skipped,skipped,skipped,,7
718,Leslie MANSON (Ind),Alastair MACLEOD (Ind),skipped,skipped,skipped,skipped,skipped,,7
719,Leslie MANSON (Ind),Alastair MACLEOD (Ind),skipped,skipped,skipped,skipped,skipped,,7
720,Leslie MANSON (Ind),Alastair MACLEOD (Ind),skipped,skipped,skipped,skipped,skipped,,7
721,Leslie MANSON (Ind),Alastair MACLEOD (Ind),skipped,skipped,skipped,skipped,skipped,,7
722,Leslie MANSON (Ind),Alastair MACLEOD (Ind),skipped,skipped,skipped,skipped,skipped,,7
723,Leslie MANSON (Ind),Alastair MACLEOD (Ind),skipped,skipped,skipped,skipped,skipped,,7
724,Leslie MANSON (Ind),Alastair MACLEOD (Ind),skipped,skipped,skipped,skipped,skipped,,7
725,Leslie MANSON (Ind),Alastair MACLEOD (Ind),Barbara LESLIE (Ind),Sandy COWIE (Ind),Barbara FOULKES (Ind),OMG,Max THOMAS (Ind),,7
726,Leslie MANSON (Ind),Alastair MACLEOD (Ind),Barbara LESLIE (Ind),Sandy COWIE (Ind),OMG,Barbara FOULKES (Ind),Max THOMAS (Ind),,7
727,Leslie MANSON (Ind),Alastair MACLEOD (Ind),Barbara LESLIE (Ind),Barbara FOULKES (Ind),skipped,skipped,skipped,,7
728,Leslie MANSON (Ind),Alastair MACLEOD (Ind),Barbara LESLIE (Ind),Barbara FOULKES (Ind),Sandy COWIE (Ind),Max THOMAS (Ind),OMG,,7
729,Leslie MANSON (Ind),Alastair MACLEOD (Ind),Barbara LESLIE (Ind),Barbara FOULKES (Ind),Sandy COWIE (Ind),OMG,Max THOMAS (Ind),,7
730,Leslie MANSON (Ind),Alastair MACLEOD (Ind),Barbara LESLIE (Ind),Barbara FOULKES (Ind),Sandy COWIE (Ind),OMG,Max THOMAS (Ind),,7
731,Leslie MANSON (Ind),Alastair MACLEOD (Ind),Barbara LESLIE (Ind),Barbara FOULKES (Ind),Sandy COWIE (Ind),OMG,Max THOMAS (Ind),,7
732,Leslie MANSON (Ind),Alastair MACLEOD (Ind),Barbara LESLIE (Ind),OMG,Sandy COWIE (Ind),Barbara FOULKES (Ind),Max THOMAS (Ind),,7
733,Leslie MANSON (Ind),Alastair MACLEOD (Ind),Max THOMAS (Ind),skipped,skipped,skipped,skipped,,7
734,Leslie MANSON (Ind),Alastair MACLEOD (Ind),Max THOMAS (Ind),skipped,skipped,skipped,skipped,,7
735,Leslie MANSON (Ind),Alastair MACLEOD (Ind),Max THOMAS (Ind),skipped,skipped,skipped,skipped,,7
736,Leslie MANSON (Ind),Alastair MACLEOD (Ind),Max THOMAS (Ind),Sandy COWIE (Ind),Barbara FOULKES (Ind),Barbara LESLIE (Ind),OMG,,7
737,Leslie MANSON (Ind),Alastair MACLEOD (Ind),Sandy COWIE (Ind),skipped,skipped,skipped,skipped,,7
738,Leslie MANSON (Ind),Alastair MACLEOD (Ind),Sandy COWIE (Ind),skipped,skipped,skipped,skipped,,7
739,Leslie MANSON (Ind),Alastair MACLEOD (Ind),Sandy COWIE (Ind),skipped,skipped,skipped,skipped,,7
740,Leslie MANSON (Ind),Alastair MACLEOD (Ind),Sandy COWIE (Ind),skipped,skipped,skipped,skipped,,7
741,Leslie MANSON (Ind),Alastair MACLEOD (Ind),Sandy COWIE (Ind),OMG,skipped,skipped,skipped,,7
742,Leslie MANSON (Ind),Alastair MACLEOD (Ind),Sandy COWIE (Ind),OMG,Barbara FOULKES (Ind),skipped,skipped,,7
743,Leslie MANSON (Ind),Alastair MACLEOD (Ind),Sandy COWIE (Ind),OMG,Barbara FOULKES (Ind),Barbara LESLIE (Ind),Max THOMAS (Ind),,7
744,Leslie MANSON (Ind),Alastair MACLEOD (Ind),Barbara FOULKES (Ind),skipped,skipped,skipped,skipped,,7
745,Leslie MANSON (Ind),Alastair MACLEOD (Ind),Barbara FOULKES (Ind),skipped,skipped,skipped,skipped,,7
746,Leslie MANSON (Ind),Alastair MACLEOD (Ind),Barbara FOULKES (Ind),skipped,skipped,skipped,skipped,,7
747,Leslie MANSON (Ind),Alastair MACLEOD (Ind),Barbara FOULKES (Ind),skipped,skipped,skipped,skipped,,7
748,Leslie MANSON (Ind),Alastair MACLEOD (Ind),Barbara FOULKES (Ind),Barbara LESLIE (Ind),skipped,skipped,skipped,,7
749,Leslie MANSON (Ind),Alastair MACLEOD (Ind),Barbara FOULKES (Ind),Sandy COWIE (Ind),skipped,skipped,skipped,,7
750,Leslie MANSON (Ind),Alastair MACLEOD (Ind),Barbara FOULKES (Ind),Sandy COWIE (Ind),skipped,skipped,skipped,,7
751,Leslie MANSON (Ind),Alastair MACLEOD (Ind),Barbara FOULKES (Ind),OMG,skipped,skipped,skipped,,7
752,Leslie MANSON (Ind),Alastair MACLEOD (Ind),Barbara FOULKES (Ind),OMG,skipped,skipped,skipped,,7
753,Leslie MANSON (Ind),Alastair MACLEOD (Ind),OMG,skipped,skipped,skipped,skipped,,7
754,Leslie MANSON (Ind),Alastair MACLEOD (Ind),OMG,skipped,skipped,skipped,skipped,,7
755,Leslie MANSON (Ind),Alastair MACLEOD (Ind),OMG,skipped,skipped,skipped,skipped,,7
756,Leslie MANSON (Ind),Alastair MACLEOD (Ind),OMG,skipped,skipped,skipped,skipped,,7
757,Leslie MANSON (Ind),Alastair MACLEOD (Ind),OMG,skipped,skipped,skipped,skipped,,7
758,Leslie MANSON (Ind),Alastair MACLEOD (Ind),OMG,skipped,skipped,skipped,skipped,,7
759,Leslie MANSON (Ind),Alastair MACLEOD (Ind),OMG,skipped,skipped,skipped,skipped,,7
760,Leslie MANSON (Ind),Alastair MACLEOD (Ind),OMG,skipped,skipped,skipped,skipped,,7
761,Leslie MANSON (Ind),Alastair MACLEOD (Ind),OMG,Barbara LESLIE (Ind),skipped,skipped,skipped,,7
762,Leslie MANSON (Ind),Alastair MACLEOD (Ind),OMG,Max THOMAS (Ind),Sandy COWIE (Ind),Barbara LESLIE (Ind),Barbara FOULKES (Ind),,7
763,Leslie MANSON (Ind),Alastair MACLEOD (Ind),OMG,Sandy COWIE (Ind),Barbara FOULKES (Ind),skipped,skipped,,7
764,Leslie MANSON (Ind),Alastair MACLEOD (Ind),OMG,Barbara FOULKES (Ind),skipped,skipped,skipped,,7
765,Sandy COWIE (Ind),skipped,skipped,skipped,skipped,skipped,skipped,,7
766,Sandy COWIE (Ind),skipped,skipped,skipped,skipped,skipped,skipped,,7
767,Sandy COWIE (Ind),skipped,skipped,skipped,skipped,skipped,skipped,,7
768,Sandy COWIE (Ind),skipped,skipped,skipped,skipped,skipped,skipped,,7
769,Sandy COWIE (Ind),skipped,skipped,skipped,skipped,skipped,skipped,,7
770,Sandy COWIE (Ind),skipped,skipped,skipped,skipped,skipped,skipped,,7
771,Sandy COWIE (Ind),skipped,skipped,skipped,skipped,skipped,skipped,,7
772,Sandy COWIE (Ind),skipped,skipped,skipped,skipped,skipped,skipped,,7
773,Sandy COWIE (Ind),skipped,skipped,skipped,skipped,skipped,skipped,,7
774,Sandy COWIE (Ind),skipped,skipped,skipped,skipped,skipped,skipped,,7
775,Sandy COWIE (Ind),skipped,skipped,skipped,skipped,skipped,skipped,,7
776,Sandy COWIE (Ind),skipped,skipped,skipped,skipped,skipped,skipped,,7
777,Sandy COWIE (Ind),Barbara LESLIE (Ind),skipped,skipped,skipped,skipped,skipped,,7
778,Sandy COWIE (Ind),Barbara LESLIE (Ind),skipped,skipped,skipped,skipped,skipped,,7
779,Sandy COWIE (Ind),Barbara LESLIE (Ind),skipped,skipped,skipped,skipped,skipped,,7
780,Sandy COWIE (Ind),Barbara LESLIE (Ind),skipped,skipped,skipped,skipped,skipped,,7
781,Sandy COWIE (Ind),Barbara LESLIE (Ind),skipped,skipped,skipped,skipped,skipped,,7
782,Sandy COWIE (Ind),Barbara LESLIE (Ind),Max THOMAS (Ind),Barbara FOULKES (Ind),skipped,skipped,skipped,,7
783,Sandy COWIE (Ind),Barbara LESLIE (Ind),Leslie MANSON (Ind),skipped,skipped,skipped,skipped,,7
784,Sandy COWIE (Ind),Barbara LESLIE (Ind),Leslie MANSON (Ind),skipped,skipped,skipped,skipped,,7
785,Sandy COWIE (Ind),Barbara LESLIE (Ind),Leslie MANSON (Ind),Barbara FOULKES (Ind),Alastair MACLEOD (Ind),Max THOMAS (Ind),OMG,,7
786,Sandy COWIE (Ind),Barbara LESLIE (Ind),Leslie MANSON (Ind),OMG,Barbara FOULKES (Ind),Max THOMAS (Ind),Alastair MACLEOD (Ind),,7
787,Sandy COWIE (Ind),Barbara LESLIE (Ind),Leslie MANSON (Ind),Alastair MACLEOD (Ind),skipped,skipped,skipped,,7
788,Sandy COWIE (Ind),Barbara LESLIE (Ind),Leslie MANSON (Ind),Alastair MACLEOD (Ind),skipped,skipped,skipped,,7
789,Sandy COWIE (Ind),Barbara LESLIE (Ind),Barbara FOULKES (Ind),skipped,skipped,skipped,skipped,,7
790,Sandy COWIE (Ind),Barbara LESLIE (Ind),Barbara FOULKES (Ind),skipped,skipped,skipped,skipped,,7
791,Sandy COWIE (Ind),Barbara LESLIE (Ind),Barbara FOULKES (Ind),Alastair MACLEOD (Ind),skipped,skipped,skipped,,7
792,Sandy COWIE (Ind),Barbara LESLIE (Ind),Barbara FOULKES (Ind),Alastair MACLEOD (Ind),skipped,skipped,skipped,,7
793,Sandy COWIE (Ind),Barbara LESLIE (Ind),OMG,skipped,skipped,skipped,skipped,,7
794,Sandy COWIE (Ind),Barbara LESLIE (Ind),OMG,skipped,skipped,skipped,skipped,,7
795,Sandy COWIE (Ind),Barbara LESLIE (Ind),OMG,skipped,skipped,skipped,skipped,,7
796,Sandy COWIE (Ind),Barbara LESLIE (Ind),OMG,Leslie MANSON (Ind),skipped,skipped,skipped,,7
797,Sandy COWIE (Ind),Barbara LESLIE (Ind),OMG,Alastair MACLEOD (Ind),Leslie MANSON (Ind),skipped,skipped,,7
798,Sandy COWIE (Ind),Barbara LESLIE (Ind),Alastair MACLEOD (Ind),skipped,skipped,skipped,skipped,,7
799,Sandy COWIE (Ind),Max THOMAS (Ind),OMG,Barbara LESLIE (Ind),skipped,skipped,skipped,,7
800,Sandy COWIE (Ind),Leslie MANSON (Ind),skipped,skipped,skipped,skipped,skipped,,7
801,Sandy COWIE (Ind),Leslie MANSON (Ind),skipped,skipped,skipped,skipped,skipped,,7
802,Sandy COWIE (Ind),Leslie MANSON (Ind),skipped,skipped,skipped,skipped,skipped,,7
803,Sandy COWIE (Ind),Leslie MANSON (Ind),skipped,skipped,skipped,skipped,skipped,,7
804,Sandy COWIE (Ind),Leslie MANSON (Ind),skipped,skipped,skipped,skipped,skipped,,7
805,Sandy COWIE (Ind),Leslie MANSON (Ind),skipped,skipped,skipped,skipped,skipped,,7
806,Sandy COWIE (Ind),Leslie MANSON (Ind),Barbara LESLIE (Ind),skipped,skipped,skipped,skipped,,7
807,Sandy COWIE (Ind),Leslie MANSON (Ind),Barbara LESLIE (Ind),skipped,skipped,skipped,skipped,,7
808,Sandy COWIE (Ind),Leslie MANSON (Ind),Barbara LESLIE (Ind),skipped,skipped,skipped,skipped,,7
809,Sandy COWIE (Ind),Leslie MANSON (Ind),Barbara LESLIE (Ind),Max THOMAS (Ind),OMG,Alastair MACLEOD (Ind),Barbara FOULKES (Ind),,7
810,Sandy COWIE (Ind),Leslie MANSON (Ind),Barbara LESLIE (Ind),Barbara FOULKES (Ind),OMG,Alastair MACLEOD (Ind),Max THOMAS (Ind),,7
811,Sandy COWIE (Ind),Leslie MANSON (Ind),Barbara LESLIE (Ind),OMG,skipped,skipped,skipped,,7
812,Sandy COWIE (Ind),Leslie MANSON (Ind),Barbara LESLIE (Ind),OMG,skipped,skipped,skipped,,7
813,Sandy COWIE (Ind),Leslie MANSON (Ind),Barbara LESLIE (Ind),Alastair MACLEOD (Ind),skipped,skipped,skipped,,7
814,Sandy COWIE (Ind),Leslie MANSON (Ind),Max THOMAS (Ind),Alastair MACLEOD (Ind),skipped,skipped,skipped,,7
815,Sandy COWIE (Ind),Leslie MANSON (Ind),Barbara FOULKES (Ind),skipped,skipped,skipped,skipped,,7
816,Sandy COWIE (Ind),Leslie MANSON (Ind),Barbara FOULKES (Ind),skipped,skipped,skipped,skipped,,7
817,Sandy COWIE (Ind),Leslie MANSON (Ind),Barbara FOULKES (Ind),Barbara LESLIE (Ind),Alastair MACLEOD (Ind),Max THOMAS (Ind),OMG,,7
818,Sandy COWIE (Ind),Leslie MANSON (Ind),Barbara FOULKES (Ind),OMG,Alastair MACLEOD (Ind),Barbara LESLIE (Ind),Max THOMAS (Ind),,7
819,Sandy COWIE (Ind),Leslie MANSON (Ind),Barbara FOULKES (Ind),Alastair MACLEOD (Ind),skipped,skipped,skipped,,7
820,Sandy COWIE (Ind),Leslie MANSON (Ind),Barbara FOULKES (Ind),Alastair MACLEOD (Ind),OMG,Max THOMAS (Ind),Barbara LESLIE (Ind),,7
821,Sandy COWIE (Ind),Leslie MANSON (Ind),OMG,skipped,skipped,skipped,skipped,,7
822,Sandy COWIE (Ind),Leslie MANSON (Ind),OMG,skipped,skipped,skipped,skipped,,7
823,Sandy COWIE (Ind),Leslie MANSON (Ind),OMG,skipped,skipped,skipped,skipped,,7
824,Sandy COWIE (Ind),Leslie MANSON (Ind),OMG,skipped,skipped,skipped,skipped,,7
825,Sandy COWIE (Ind),Leslie MANSON (Ind),OMG,skipped,skipped,skipped,skipped,,7
826,Sandy COWIE (Ind),Leslie MANSON (Ind),OMG,skipped,skipped,skipped,skipped,,7
827,Sandy COWIE (Ind),Leslie MANSON (Ind),OMG,skipped,skipped,skipped,skipped,,7
828,Sandy COWIE (Ind),Leslie MANSON (Ind),OMG,skipped,skipped,skipped,skipped,,7
829,Sandy COWIE (Ind),Leslie MANSON (Ind),OMG,skipped,skipped,skipped,skipped,,7
830,Sandy COWIE (Ind),Leslie MANSON (Ind),OMG,skipped,skipped,skipped,skipped,,7
831,Sandy COWIE (Ind),Leslie MANSON (Ind),OMG,skipped,skipped,skipped,skipped,,7
832,Sandy COWIE (Ind),Leslie MANSON (Ind),OMG,skipped,skipped,skipped,skipped,,7
833,Sandy COWIE (Ind),Leslie MANSON (Ind),OMG,skipped,skipped,skipped,skipped,,7
834,Sandy COWIE (Ind),Leslie MANSON (Ind),OMG,skipped,skipped,skipped,skipped,,7
835,Sandy COWIE (Ind),Leslie MANSON (Ind),OMG,Barbara LESLIE (Ind),skipped,skipped,skipped,,7
836,Sandy COWIE (Ind),Leslie MANSON (Ind),OMG,Barbara LESLIE (Ind),skipped,skipped,skipped,,7
837,Sandy COWIE (Ind),Leslie MANSON (Ind),OMG,Barbara LESLIE (Ind),skipped,skipped,skipped,,7
838,Sandy COWIE (Ind),Leslie MANSON (Ind),OMG,Barbara LESLIE (Ind),skipped,skipped,skipped,,7
839,Sandy COWIE (Ind),Leslie MANSON (Ind),OMG,Barbara LESLIE (Ind),Barbara FOULKES (Ind),Alastair MACLEOD (Ind),Max THOMAS (Ind),,7
840,Sandy COWIE (Ind),Leslie MANSON (Ind),OMG,Barbara FOULKES (Ind),skipped,skipped,skipped,,7
841,Sandy COWIE (Ind),Leslie MANSON (Ind),OMG,Barbara FOULKES (Ind),skipped,skipped,skipped,,7
842,Sandy COWIE (Ind),Leslie MANSON (Ind),OMG,Barbara FOULKES (Ind),skipped,skipped,skipped,,7
843,Sandy COWIE (Ind),Leslie MANSON (Ind),OMG,Barbara FOULKES (Ind),skipped,skipped,skipped,,7
844,Sandy COWIE (Ind),Leslie MANSON (Ind),OMG,Barbara FOULKES (Ind),skipped,skipped,skipped,,7
845,Sandy COWIE (Ind),Leslie MANSON (Ind),OMG,Barbara FOULKES (Ind),skipped,skipped,skipped,,7
846,Sandy COWIE (Ind),Leslie MANSON (Ind),OMG,Alastair MACLEOD (Ind),skipped,skipped,skipped,,7
847,Sandy COWIE (Ind),Leslie MANSON (Ind),OMG,Alastair MACLEOD (Ind),skipped,skipped,skipped,,7
848,Sandy COWIE (Ind),Leslie MANSON (Ind),Alastair MACLEOD (Ind),skipped,skipped,skipped,skipped,,7
849,Sandy COWIE (Ind),Leslie MANSON (Ind),Alastair MACLEOD (Ind),Barbara FOULKES (Ind),OMG,skipped,skipped,,7
850,Sandy COWIE (Ind),Leslie MANSON (Ind),Alastair MACLEOD (Ind),OMG,skipped,skipped,skipped,,7
851,Sandy COWIE (Ind),Barbara FOULKES (Ind),Barbara LESLIE (Ind),Leslie MANSON (Ind),OMG,Alastair MACLEOD (Ind),Max THOMAS (Ind),,7
852,Sandy COWIE (Ind),Barbara FOULKES (Ind),Barbara LESLIE (Ind),Alastair MACLEOD (Ind),Leslie MANSON (Ind),OMG,skipped,,7
853,Sandy COWIE (Ind),Barbara FOULKES (Ind),Leslie MANSON (Ind),skipped,skipped,skipped,skipped,,7
854,Sandy COWIE (Ind),Barbara FOULKES (Ind),Leslie MANSON (Ind),skipped,skipped,skipped,skipped,,7
855,Sandy COWIE (Ind),Barbara FOULKES (Ind),Leslie MANSON (Ind),Barbara LESLIE (Ind),skipped,skipped,skipped,,7
856,Sandy COWIE (Ind),Barbara FOULKES (Ind),Leslie MANSON (Ind),OMG,skipped,skipped,skipped,,7
857,Sandy COWIE (Ind),Barbara FOULKES (Ind),Leslie MANSON (Ind),OMG,skipped,skipped,skipped,,7
858,Sandy COWIE (Ind),Barbara FOULKES (Ind),Leslie MANSON (Ind),OMG,skipped,skipped,skipped,,7
859,Sandy COWIE (Ind),Barbara FOULKES (Ind),OMG,skipped,skipped,skipped,skipped,,7
860,Sandy COWIE (Ind),Barbara FOULKES (Ind),OMG,skipped,skipped,skipped,skipped,,7
861,Sandy COWIE (Ind),Barbara FOULKES (Ind),OMG,Barbara LESLIE (Ind),Max THOMAS (Ind),Alastair MACLEOD (Ind),Leslie MANSON (Ind),,7
862,Sandy COWIE (Ind),Barbara FOULKES (Ind),OMG,Barbara LESLIE (Ind),Leslie MANSON (Ind),Alastair MACLEOD (Ind),Max THOMAS (Ind),,7
863,Sandy COWIE (Ind),Barbara FOULKES (Ind),OMG,Leslie MANSON (Ind),skipped,skipped,skipped,,7
864,Sandy COWIE (Ind),Barbara FOULKES (Ind),OMG,Leslie MANSON (Ind),Alastair MACLEOD (Ind),Barbara LESLIE (Ind),Max THOMAS (Ind),,7
865,Sandy COWIE (Ind),Barbara FOULKES (Ind),Alastair MACLEOD (Ind),skipped,skipped,skipped,skipped,,7
866,Sandy COWIE (Ind),Barbara FOULKES (Ind),Alastair MACLEOD (Ind),OMG,Barbara LESLIE (Ind),skipped,skipped,,7
867,Sandy COWIE (Ind),OMG,skipped,skipped,skipped,skipped,skipped,,7
868,Sandy COWIE (Ind),OMG,skipped,skipped,skipped,skipped,skipped,,7
869,Sandy COWIE (Ind),OMG,skipped,skipped,skipped,skipped,skipped,,7
870,Sandy COWIE (Ind),OMG,skipped,skipped,skipped,skipped,skipped,,7
871,Sandy COWIE (Ind),OMG,skipped,skipped,skipped,skipped,skipped,,7
872,Sandy COWIE (Ind),OMG,skipped,skipped,skipped,skipped,skipped,,7
873,Sandy COWIE (Ind),OMG,skipped,skipped,skipped,skipped,skipped,,7
874,Sandy COWIE (Ind),OMG,skipped,skipped,skipped,skipped,skipped,,7
875,Sandy COWIE (Ind),OMG,skipped,skipped,skipped,skipped,skipped,,7
876,Sandy COWIE (Ind),OMG,skipped,skipped,skipped,skipped,skipped,,7
877,Sandy COWIE (Ind),OMG,Barbara LESLIE (Ind),skipped,skipped,skipped,skipped,,7
878,Sandy COWIE (Ind),OMG,Barbara LESLIE (Ind),skipped,skipped,skipped,skipped,,7
879,Sandy COWIE (Ind),OMG,Barbara LESLIE (Ind),Max THOMAS (Ind),Leslie MANSON (Ind),Alastair MACLEOD (Ind),Barbara FOULKES (Ind),,7
880,Sandy COWIE (Ind),OMG,Barbara LESLIE (Ind),Max THOMAS (Ind),Alastair MACLEOD (Ind),Barbara FOULKES (Ind),Leslie MANSON (Ind),,7
881,Sandy COWIE (Ind),OMG,Barbara LESLIE (Ind),Max THOMAS (Ind),Alastair MACLEOD (Ind),Barbara FOULKES (Ind),Leslie MANSON (Ind),,7
882,Sandy COWIE (Ind),OMG,Barbara LESLIE (Ind),Max THOMAS (Ind),Alastair MACLEOD (Ind),Barbara FOULKES (Ind),Leslie MANSON (Ind),,7
883,Sandy COWIE (Ind),OMG,Barbara LESLIE (Ind),Leslie MANSON (Ind),skipped,skipped,skipped,,7
884,Sandy COWIE (Ind),OMG,Barbara LESLIE (Ind),Leslie MANSON (Ind),skipped,skipped,skipped,,7
885,Sandy COWIE (Ind),OMG,Barbara LESLIE (Ind),Barbara FOULKES (Ind),Alastair MACLEOD (Ind),Leslie MANSON (Ind),skipped,,7
886,Sandy COWIE (Ind),OMG,Barbara LESLIE (Ind),Alastair MACLEOD (Ind),skipped,skipped,skipped,,7
887,Sandy COWIE (Ind),OMG,Max THOMAS (Ind),skipped,skipped,skipped,skipped,,7
888,Sandy COWIE (Ind),OMG,Leslie MANSON (Ind),skipped,skipped,skipped,skipped,,7
889,Sandy COWIE (Ind),OMG,Leslie MANSON (Ind),skipped,skipped,skipped,skipped,,7
890,Sandy COWIE (Ind),OMG,Leslie MANSON (Ind),skipped,skipped,skipped,skipped,,7
891,Sandy COWIE (Ind),OMG,Leslie MANSON (Ind),skipped,skipped,skipped,skipped,,7
892,Sandy COWIE (Ind),OMG,Leslie MANSON (Ind),skipped,skipped,skipped,skipped,,7
893,Sandy COWIE (Ind),OMG,Leslie MANSON (Ind),skipped,skipped,skipped,skipped,,7
894,Sandy COWIE (Ind),OMG,Leslie MANSON (Ind),skipped,skipped,skipped,skipped,,7
895,Sandy COWIE (Ind),OMG,Leslie MANSON (Ind),Barbara FOULKES (Ind),skipped,skipped,skipped,,7
896,Sandy COWIE (Ind),OMG,Leslie MANSON (Ind),Barbara FOULKES (Ind),skipped,skipped,skipped,,7
897,Sandy COWIE (Ind),OMG,Leslie MANSON (Ind),Barbara FOULKES (Ind),skipped,skipped,skipped,,7
898,Sandy COWIE (Ind),OMG,Leslie MANSON (Ind),Barbara FOULKES (Ind),skipped,skipped,skipped,,7
899,Sandy COWIE (Ind),OMG,Leslie MANSON (Ind),Barbara FOULKES (Ind),skipped,skipped,skipped,,7
900,Sandy COWIE (Ind),OMG,Leslie MANSON (Ind),Barbara FOULKES (Ind),skipped,skipped,skipped,,7
901,Sandy COWIE (Ind),OMG,Leslie MANSON (Ind),Barbara FOULKES (Ind),skipped,skipped,skipped,,7
902,Sandy COWIE (Ind),OMG,Barbara FOULKES (Ind),skipped,skipped,skipped,skipped,,7
903,Sandy COWIE (Ind),OMG,Barbara FOULKES (Ind),skipped,skipped,skipped,skipped,,7
904,Sandy COWIE (Ind),OMG,Barbara FOULKES (Ind),Barbara LESLIE (Ind),skipped,skipped,skipped,,7
905,Sandy COWIE (Ind),OMG,Barbara FOULKES (Ind),Barbara LESLIE (Ind),Leslie MANSON (Ind),Alastair MACLEOD (Ind),Max THOMAS (Ind),,7
906,Sandy COWIE (Ind),OMG,Barbara FOULKES (Ind),Leslie MANSON (Ind),skipped,skipped,skipped,,7
907,Sandy COWIE (Ind),OMG,Alastair MACLEOD (Ind),skipped,skipped,skipped,skipped,,7
908,Sandy COWIE (Ind),OMG,Alastair MACLEOD (Ind),Max THOMAS (Ind),skipped,skipped,skipped,,7
909,Sandy COWIE (Ind),OMG,Alastair MACLEOD (Ind),Max THOMAS (Ind),skipped,skipped,skipped,,7
910,Sandy COWIE (Ind),OMG,Alastair MACLEOD (Ind),Leslie MANSON (Ind),Barbara LESLIE (Ind),Barbara FOULKES (Ind),Max THOMAS (Ind),,7
911,Sandy COWIE (Ind),Alastair MACLEOD (Ind),skipped,skipped,skipped,skipped,skipped,,7
912,Sandy COWIE (Ind),Alastair MACLEOD (Ind),skipped,skipped,skipped,skipped,skipped,,7
913,Sandy COWIE (Ind),Alastair MACLEOD (Ind),skipped,skipped,skipped,skipped,skipped,,7
914,Sandy COWIE (Ind),Alastair MACLEOD (Ind),Barbara LESLIE (Ind),Barbara FOULKES (Ind),Leslie MANSON (Ind),OMG,Max THOMAS (Ind),,7
915,Sandy COWIE (Ind),Alastair MACLEOD (Ind),Leslie MANSON (Ind),skipped,skipped,skipped,skipped,,7
916,Sandy COWIE (Ind),Alastair MACLEOD (Ind),Leslie MANSON (Ind),skipped,skipped,skipped,skipped,,7
917,Sandy COWIE (Ind),Alastair MACLEOD (Ind),Leslie MANSON (Ind),skipped,skipped,skipped,skipped,,7
918,Sandy COWIE (Ind),Alastair MACLEOD (Ind),Leslie MANSON (Ind),Barbara FOULKES (Ind),Barbara LESLIE (Ind),skipped,skipped,,7
919,Sandy COWIE (Ind),Alastair MACLEOD (Ind),Leslie MANSON (Ind),OMG,skipped,skipped,skipped,,7
920,Sandy COWIE (Ind),Alastair MACLEOD (Ind),Leslie MANSON (Ind),OMG,skipped,skipped,skipped,,7
921,Sandy COWIE (Ind),Alastair MACLEOD (Ind),Leslie MANSON (Ind),OMG,skipped,skipped,skipped,,7
922,Sandy COWIE (Ind),Alastair MACLEOD (Ind),Barbara FOULKES (Ind),skipped,skipped,skipped,skipped,,7
923,Sandy COWIE (Ind),Alastair MACLEOD (Ind),OMG,skipped,skipped,skipped,skipped,,7
924,Sandy COWIE (Ind),Alastair MACLEOD (Ind),OMG,Leslie MANSON (Ind),skipped,skipped,skipped,,7
925,Barbara FOULKES (Ind),skipped,skipped,skipped,skipped,skipped,skipped,,7
926,Barbara FOULKES (Ind),skipped,skipped,skipped,skipped,skipped,skipped,,7
927,Barbara FOULKES (Ind),skipped,skipped,skipped,skipped,skipped,skipped,,7
928,Barbara FOULKES (Ind),skipped,skipped,skipped,skipped,skipped,skipped,,7
929,Barbara FOULKES (Ind),skipped,skipped,skipped,skipped,skipped,skipped,,7
930,Barbara FOULKES (Ind),skipped,skipped,skipped,skipped,skipped,skipped,,7
931,Barbara FOULKES (Ind),skipped,skipped,skipped,skipped,skipped,skipped,,7
932,Barbara FOULKES (Ind),skipped,skipped,skipped,skipped,skipped,skipped,,7
933,Barbara FOULKES (Ind),skipped,skipped,skipped,skipped,skipped,skipped,,7
934,Barbara FOULKES (Ind),skipped,skipped,skipped,skipped,skipped,skipped,,7
935,Barbara FOULKES (Ind),skipped,skipped,skipped,skipped,skipped,skipped,,7
936,Barbara FOULKES (Ind),skipped,skipped,skipped,skipped,skipped,skipped,,7
937,Barbara FOULKES (Ind),skipped,skipped,skipped,skipped,skipped,skipped,,7
938,Barbara FOULKES (Ind),skipped,skipped,skipped,skipped,skipped,skipped,,7
939,Barbara FOULKES (Ind),skipped,skipped,skipped,skipped,skipped,skipped,,7
940,Barbara FOULKES (Ind),skipped,skipped,skipped,skipped,skipped,skipped,,7
941,Barbara FOULKES (Ind),Barbara LESLIE (Ind),skipped,skipped,skipped,skipped,skipped,,7
942,Barbara FOULKES (Ind),Barbara LESLIE (Ind),skipped,skipped,skipped,skipped,skipped,,7
943,Barbara FOULKES (Ind),Barbara LESLIE (Ind),Leslie MANSON (Ind),skipped,skipped,skipped,skipped,,7
944,Barbara FOULKES (Ind),Barbara LESLIE (Ind),Leslie MANSON (Ind),skipped,skipped,skipped,skipped,,7
945,Barbara FOULKES (Ind),Barbara LESLIE (Ind),Leslie MANSON (Ind),skipped,skipped,skipped,skipped,,7
946,Barbara FOULKES (Ind),Barbara LESLIE (Ind),Leslie MANSON (Ind),skipped,skipped,skipped,skipped,,7
947,Barbara FOULKES (Ind),Barbara LESLIE (Ind),Leslie MANSON (Ind),Alastair MACLEOD (Ind),skipped,skipped,skipped,,7
948,Barbara FOULKES (Ind),Barbara LESLIE (Ind),Sandy COWIE (Ind),skipped,skipped,skipped,skipped,,7
949,Barbara FOULKES (Ind),Barbara LESLIE (Ind),Sandy COWIE (Ind),skipped,skipped,skipped,skipped,,7
950,Barbara FOULKES (Ind),Barbara LESLIE (Ind),Sandy COWIE (Ind),Max THOMAS (Ind),Alastair MACLEOD (Ind),OMG,Leslie MANSON (Ind),,7
951,Barbara FOULKES (Ind),Barbara LESLIE (Ind),Sandy COWIE (Ind),Leslie MANSON (Ind),OMG,Alastair MACLEOD (Ind),Max THOMAS (Ind),,7
952,Barbara FOULKES (Ind),Barbara LESLIE (Ind),Sandy COWIE (Ind),OMG,Alastair MACLEOD (Ind),Max THOMAS (Ind),Leslie MANSON (Ind),,7
953,Barbara FOULKES (Ind),Barbara LESLIE (Ind),Sandy COWIE (Ind),Alastair MACLEOD (Ind),skipped,skipped,skipped,,7
954,Barbara FOULKES (Ind),Barbara LESLIE (Ind),Sandy COWIE (Ind),Alastair MACLEOD (Ind),OMG,Max THOMAS (Ind),Leslie MANSON (Ind),,7
955,Barbara FOULKES (Ind),Barbara LESLIE (Ind),OMG,skipped,skipped,skipped,skipped,,7
956,Barbara FOULKES (Ind),Barbara LESLIE (Ind),OMG,Leslie MANSON (Ind),skipped,skipped,skipped,,7
957,Barbara FOULKES (Ind),Barbara LESLIE (Ind),OMG,Leslie MANSON (Ind),skipped,skipped,skipped,,7
958,Barbara FOULKES (Ind),Barbara LESLIE (Ind),OMG,Leslie MANSON (Ind),skipped,skipped,skipped,,7
959,Barbara FOULKES (Ind),Barbara LESLIE (Ind),OMG,Sandy COWIE (Ind),Max THOMAS (Ind),Alastair MACLEOD (Ind),Leslie MANSON (Ind),,7
960,Barbara FOULKES (Ind),Barbara LESLIE (Ind),Alastair MACLEOD (Ind),skipped,skipped,skipped,skipped,,7
961,Barbara FOULKES (Ind),Barbara LESLIE (Ind),Alastair MACLEOD (Ind),Leslie MANSON (Ind),Sandy COWIE (Ind),Max THOMAS (Ind),OMG,,7
962,Barbara FOULKES (Ind),Barbara LESLIE (Ind),Alastair MACLEOD (Ind),Leslie MANSON (Ind),Sandy COWIE (Ind),OMG,Max THOMAS (Ind),,7
963,Barbara FOULKES (Ind),Barbara LESLIE (Ind),Alastair MACLEOD (Ind),Sandy COWIE (Ind),skipped,skipped,skipped,,7
964,Barbara FOULKES (Ind),Leslie MANSON (Ind),skipped,skipped,skipped,skipped,skipped,,7
965,Barbara FOULKES (Ind),Leslie MANSON (Ind),skipped,skipped,skipped,skipped,skipped,,7
966,Barbara FOULKES (Ind),Leslie MANSON (Ind),skipped,skipped,skipped,skipped,skipped,,7
967,Barbara FOULKES (Ind),Leslie MANSON (Ind),skipped,skipped,skipped,skipped,skipped,,7
968,Barbara FOULKES (Ind),Leslie MANSON (Ind),skipped,skipped,skipped,skipped,skipped,,7
969,Barbara FOULKES (Ind),Leslie MANSON (Ind),skipped,skipped,skipped,skipped,skipped,,7
970,Barbara FOULKES (Ind),Leslie MANSON (Ind),skipped,skipped,skipped,skipped,skipped,,7
971,Barbara FOULKES (Ind),Leslie MANSON (Ind),skipped,skipped,skipped,skipped,skipped,,7
972,Barbara FOULKES (Ind),Leslie MANSON (Ind),skipped,skipped,skipped,skipped,skipped,,7
973,Barbara FOULKES (Ind),Leslie MANSON (Ind),Barbara LESLIE (Ind),skipped,skipped,skipped,skipped,,7
974,Barbara FOULKES (Ind),Leslie MANSON (Ind),Barbara LESLIE (Ind),skipped,skipped,skipped,skipped,,7
975,Barbara FOULKES (Ind),Leslie MANSON (Ind),Barbara LESLIE (Ind),skipped,skipped,skipped,skipped,,7
976,Barbara FOULKES (Ind),Leslie MANSON (Ind),Barbara LESLIE (Ind),Sandy COWIE (Ind),skipped,skipped,skipped,,7
977,Barbara FOULKES (Ind),Leslie MANSON (Ind),Barbara LESLIE (Ind),Sandy COWIE (Ind),OMG,skipped,skipped,,7
978,Barbara FOULKES (Ind),Leslie MANSON (Ind),Barbara LESLIE (Ind),Sandy COWIE (Ind),Alastair MACLEOD (Ind),OMG,Max THOMAS (Ind),,7
979,Barbara FOULKES (Ind),Leslie MANSON (Ind),Barbara LESLIE (Ind),OMG,Alastair MACLEOD (Ind),Max THOMAS (Ind),Sandy COWIE (Ind),,7
980,Barbara FOULKES (Ind),Leslie MANSON (Ind),Barbara LESLIE (Ind),Alastair MACLEOD (Ind),OMG,Sandy COWIE (Ind),Max THOMAS (Ind),,7
981,Barbara FOULKES (Ind),Leslie MANSON (Ind),Max THOMAS (Ind),Sandy COWIE (Ind),skipped,skipped,skipped,,7
982,Barbara FOULKES (Ind),Leslie MANSON (Ind),Sandy COWIE (Ind),Barbara LESLIE (Ind),skipped,skipped,skipped,,7
983,Barbara FOULKES (Ind),Leslie MANSON (Ind),Sandy COWIE (Ind),OMG,skipped,skipped,skipped,,7
984,Barbara FOULKES (Ind),Leslie MANSON (Ind),Sandy COWIE (Ind),OMG,skipped,skipped,skipped,,7
985,Barbara FOULKES (Ind),Leslie MANSON (Ind),OMG,skipped,skipped,skipped,skipped,,7
986,Barbara FOULKES (Ind),Leslie MANSON (Ind),OMG,skipped,skipped,skipped,skipped,,7
987,Barbara FOULKES (Ind),Leslie MANSON (Ind),OMG,skipped,skipped,skipped,skipped,,7
988,Barbara FOULKES (Ind),Leslie MANSON (Ind),OMG,skipped,skipped,skipped,skipped,,7
989,Barbara FOULKES (Ind),Leslie MANSON (Ind),OMG,skipped,skipped,skipped,skipped,,7
990,Barbara FOULKES (Ind),Leslie MANSON (Ind),OMG,skipped,skipped,skipped,skipped,,7
991,Barbara FOULKES (Ind),Leslie MANSON (Ind),OMG,skipped,skipped,skipped,skipped,,7
992,Barbara FOULKES (Ind),Leslie MANSON (Ind),OMG,skipped,skipped,skipped,skipped,,7
993,Barbara FOULKES (Ind),Leslie MANSON (Ind),OMG,skipped,skipped,skipped,skipped,,7
994,Barbara FOULKES (Ind),Leslie MANSON (Ind),OMG,Barbara LESLIE (Ind),skipped,skipped,skipped,,7
995,Barbara FOULKES (Ind),Leslie MANSON (Ind),OMG,Barbara LESLIE (Ind),skipped,skipped,skipped,,7
996,Barbara FOULKES (Ind),Leslie MANSON (Ind),OMG,Barbara LESLIE (Ind),Alastair MACLEOD (Ind),Sandy COWIE (Ind),Max THOMAS (Ind),,7
997,Barbara FOULKES (Ind),Leslie MANSON (Ind),OMG,Max THOMAS (Ind),skipped,skipped,skipped,,7
998,Barbara FOULKES (Ind),Leslie MANSON (Ind),OMG,Sandy COWIE (Ind),skipped,skipped,skipped,,7
999,Barbara FOULKES (Ind),Leslie MANSON (Ind),OMG,Sandy COWIE (Ind),skipped,skipped,skipped,,7
1000,Barbara FOULKES (Ind),Leslie MANSON (Ind),OMG,Sandy COWIE (Ind),Max THOMAS (Ind),Alastair MACLEOD (Ind),Barbara LESLIE (Ind),,7
1001,Barbara FOULKES (Ind),Leslie MANSON (Ind),OMG,Sandy COWIE (Ind),Alastair MACLEOD (Ind),Barbara LESLIE (Ind),Max THOMAS (Ind),,7
1002,Barbara FOULKES (Ind),Leslie MANSON (Ind),OMG,Sandy COWIE (Ind),Alastair MACLEOD (Ind),Barbara LESLIE (Ind),Max THOMAS (Ind),,7
1003,Barbara FOULKES (Ind),Leslie MANSON (Ind),OMG,Alastair MACLEOD (Ind),skipped,skipped,skipped,,7
1004,Barbara FOULKES (Ind),Leslie MANSON (Ind),OMG,Alastair MACLEOD (Ind),Barbara LESLIE (Ind),Max THOMAS (Ind),Sandy COWIE (Ind),,7
1005,Barbara FOULKES (Ind),Leslie MANSON (Ind),Alastair MACLEOD (Ind),skipped,skipped,skipped,skipped,,7
1006,Barbara FOULKES (Ind),Leslie MANSON (Ind),Alastair MACLEOD (Ind),skipped,skipped,skipped,skipped,,7
1007,Barbara FOULKES (Ind),Leslie MANSON (Ind),Alastair MACLEOD (Ind),OMG,skipped,skipped,skipped,,7
1008,Barbara FOULKES (Ind),Leslie MANSON (Ind),Alastair MACLEOD (Ind),OMG,skipped,skipped,skipped,,7
1009,Barbara FOULKES (Ind),Sandy COWIE (Ind),skipped,skipped,skipped,skipped,skipped,,7
1010,Barbara FOULKES (Ind),Sandy COWIE (Ind),skipped,skipped,skipped,skipped,skipped,,7
1011,Barbara FOULKES (Ind),Sandy COWIE (Ind),skipped,skipped,skipped,skipped,skipped,,7
1012,Barbara FOULKES (Ind),Sandy COWIE (Ind),skipped,skipped,skipped,skipped,skipped,,7
1013,Barbara FOULKES (Ind),Sandy COWIE (Ind),skipped,skipped,skipped,skipped,skipped,,7
1014,Barbara FOULKES (Ind),Sandy COWIE (Ind),skipped,skipped,skipped,skipped,skipped,,7
1015,Barbara FOULKES (Ind),Sandy COWIE (Ind),skipped,skipped,skipped,skipped,skipped,,7
1016,Barbara FOULKES (Ind),Sandy COWIE (Ind),Barbara LESLIE (Ind),skipped,skipped,skipped,skipped,,7
1017,Barbara FOULKES (Ind),Sandy COWIE (Ind),Barbara LESLIE (Ind),Alastair MACLEOD (Ind),Leslie MANSON (Ind),OMG,skipped,,7
1018,Barbara FOULKES (Ind),Sandy COWIE (Ind),Barbara LESLIE (Ind),Alastair MACLEOD (Ind),Leslie MANSON (Ind),OMG,Max THOMAS (Ind),,7
1019,Barbara FOULKES (Ind),Sandy COWIE (Ind),Leslie MANSON (Ind),skipped,skipped,skipped,skipped,,7
1020,Barbara FOULKES (Ind),Sandy COWIE (Ind),Leslie MANSON (Ind),skipped,skipped,skipped,skipped,,7
1021,Barbara FOULKES (Ind),Sandy COWIE (Ind),Leslie MANSON (Ind),Barbara LESLIE (Ind),skipped,skipped,skipped,,7
1022,Barbara FOULKES (Ind),Sandy COWIE (Ind),Leslie MANSON (Ind),OMG,skipped,skipped,skipped,,7
1023,Barbara FOULKES (Ind),Sandy COWIE (Ind),Leslie MANSON (Ind),OMG,Alastair MACLEOD (Ind),Barbara LESLIE (Ind),Max THOMAS (Ind),,7
1024,Barbara FOULKES (Ind),Sandy COWIE (Ind),Leslie MANSON (Ind),Alastair MACLEOD (Ind),Barbara LESLIE (Ind),OMG,Max THOMAS (Ind),,7
1025,Barbara FOULKES (Ind),Sandy COWIE (Ind),OMG,skipped,skipped,skipped,skipped,,7
1026,Barbara FOULKES (Ind),Sandy COWIE (Ind),OMG,skipped,skipped,skipped,skipped,,7
1027,Barbara FOULKES (Ind),Sandy COWIE (Ind),OMG,skipped,skipped,skipped,skipped,,7
1028,Barbara FOULKES (Ind),Sandy COWIE (Ind),Alastair MACLEOD (Ind),skipped,skipped,skipped,skipped,,7
1029,Barbara FOULKES (Ind),Sandy COWIE (Ind),Alastair MACLEOD (Ind),skipped,skipped,skipped,skipped,,7
1030,Barbara FOULKES (Ind),Sandy COWIE (Ind),Alastair MACLEOD (Ind),skipped,skipped,skipped,skipped,,7
1031,Barbara FOULKES (Ind),Sandy COWIE (Ind),Alastair MACLEOD (Ind),Leslie MANSON (Ind),skipped,skipped,skipped,,7
1032,Barbara FOULKES (Ind),OMG,skipped,skipped,skipped,skipped,skipped,,7
1033,Barbara FOULKES (Ind),OMG,skipped,skipped,skipped,skipped,skipped,,7
1034,Barbara FOULKES (Ind),OMG,skipped,skipped,skipped,skipped,skipped,,7
1035,Barbara FOULKES (Ind),OMG,skipped,skipped,skipped,skipped,skipped,,7
1036,Barbara FOULKES (Ind),OMG,skipped,skipped,skipped,skipped,skipped,,7
1037,Barbara FOULKES (Ind),OMG,skipped,skipped,skipped,skipped,skipped,,7
1038,Barbara FOULKES (Ind),OMG,skipped,skipped,skipped,skipped,skipped,,7
1039,Barbara FOULKES (Ind),OMG,Barbara LESLIE (Ind),skipped,skipped,skipped,skipped,,7
1040,Barbara FOULKES (Ind),OMG,Barbara LESLIE (Ind),skipped,skipped,skipped,skipped,,7
1041,Barbara FOULKES (Ind),OMG,Barbara LESLIE (Ind),skipped,skipped,skipped,skipped,,7
1042,Barbara FOULKES (Ind),OMG,Barbara LESLIE (Ind),Leslie MANSON (Ind),Sandy COWIE (Ind),Alastair MACLEOD (Ind),Max THOMAS (Ind),,7
1043,Barbara FOULKES (Ind),OMG,Barbara LESLIE (Ind),Leslie MANSON (Ind),Alastair MACLEOD (Ind),Sandy COWIE (Ind),Max THOMAS (Ind),,7
1044,Barbara FOULKES (Ind),OMG,Leslie MANSON (Ind),skipped,skipped,skipped,skipped,,7
1045,Barbara FOULKES (Ind),OMG,Leslie MANSON (Ind),skipped,skipped,skipped,skipped,,7
1046,Barbara FOULKES (Ind),OMG,Leslie MANSON (Ind),skipped,skipped,skipped,skipped,,7
1047,Barbara FOULKES (Ind),OMG,Leslie MANSON (Ind),skipped,skipped,skipped,skipped,,7
1048,Barbara FOULKES (Ind),OMG,Leslie MANSON (Ind),skipped,skipped,skipped,skipped,,7
1049,Barbara FOULKES (Ind),OMG,Leslie MANSON (Ind),skipped,skipped,skipped,skipped,,7
1050,Barbara FOULKES (Ind),OMG,Leslie MANSON (Ind),skipped,skipped,skipped,skipped,,7
1051,Barbara FOULKES (Ind),OMG,Leslie MANSON (Ind),skipped,skipped,skipped,skipped,,7
1052,Barbara FOULKES (Ind),OMG,Leslie MANSON (Ind),Max THOMAS (Ind),skipped,skipped,skipped,,7
1053,Barbara FOULKES (Ind),OMG,Leslie MANSON (Ind),Sandy COWIE (Ind),skipped,skipped,skipped,,7
1054,Barbara FOULKES (Ind),OMG,Leslie MANSON (Ind),Sandy COWIE (Ind),skipped,skipped,skipped,,7
1055,Barbara FOULKES (Ind),OMG,Leslie MANSON (Ind),Alastair MACLEOD (Ind),skipped,skipped,skipped,,7
1056,Barbara FOULKES (Ind),OMG,Leslie MANSON (Ind),Alastair MACLEOD (Ind),skipped,skipped,skipped,,7
1057,Barbara FOULKES (Ind),OMG,Leslie MANSON (Ind),Alastair MACLEOD (Ind),skipped,skipped,skipped,,7
1058,Barbara FOULKES (Ind),OMG,Leslie MANSON (Ind),Alastair MACLEOD (Ind),skipped,skipped,skipped,,7
1059,Barbara FOULKES (Ind),OMG,Sandy COWIE (Ind),skipped,skipped,skipped,skipped,,7
1060,Barbara FOULKES (Ind),OMG,Sandy COWIE (Ind),skipped,skipped,skipped,skipped,,7
1061,Barbara FOULKES (Ind),OMG,Sandy COWIE (Ind),Barbara LESLIE (Ind),skipped,skipped,skipped,,7
1062,Barbara FOULKES (Ind),OMG,Sandy COWIE (Ind),Alastair MACLEOD (Ind),Barbara LESLIE (Ind),Max THOMAS (Ind),Leslie MANSON (Ind),,7
1063,Barbara FOULKES (Ind),OMG,Alastair MACLEOD (Ind),skipped,skipped,skipped,skipped,,7
1064,Barbara FOULKES (Ind),OMG,Alastair MACLEOD (Ind),skipped,skipped,skipped,skipped,,7
1065,Barbara FOULKES (Ind),OMG,Alastair MACLEOD (Ind),skipped,skipped,skipped,skipped,,7
1066,Barbara FOULKES (Ind),OMG,Alastair MACLEOD (Ind),Leslie MANSON (Ind),skipped,skipped,skipped,,7
1067,Barbara FOULKES (Ind),OMG,Alastair MACLEOD (Ind),Leslie MANSON (Ind),skipped,skipped,skipped,,7
1068,Barbara FOULKES (Ind),Alastair MACLEOD (Ind),Leslie MANSON (Ind),skipped,skipped,skipped,skipped,,7
1069,Barbara FOULKES (Ind),Alastair MACLEOD (Ind),Leslie MANSON (Ind),OMG,skipped,skipped,skipped,,7
1070,Barbara FOULKES (Ind),Alastair MACLEOD (Ind),Sandy COWIE (Ind),skipped,skipped,skipped,skipped,,7
1071,Barbara FOULKES (Ind),Alastair MACLEOD (Ind),Sandy COWIE (Ind),skipped,skipped,skipped,skipped,,7
1072,Barbara FOULKES (Ind),Alastair MACLEOD (Ind),Sandy COWIE (Ind),Barbara LESLIE (Ind),skipped,skipped,skipped,,7
1073,Barbara FOULKES (Ind),Alastair MACLEOD (Ind),Sandy COWIE (Ind),Max THOMAS (Ind),skipped,skipped,skipped,,7
1074,Barbara FOULKES (Ind),Alastair MACLEOD (Ind),OMG,Sandy COWIE (Ind),skipped,skipped,skipped,,7
1075,OMG,skipped,skipped,skipped,skipped,skipped,skipped,,7
1076,OMG,skipped,skipped,skipped,skipped,skipped,skipped,,7
1077,OMG,skipped,skipped,skipped,skipped,skipped,skipped,,7
1078,OMG,skipped,skipped,skipped,skipped,skipped,skipped,,7
1079,OMG,skipped,skipped,skipped,skipped,skipped,skipped,,7
1080,OMG,skipped,skipped,skipped,skipped,skipped,skipped,,7
1081,OMG,skipped,skipped,skipped,skipped,skipped,skipped,,7
1082,OMG,skipped,skipped,skipped,skipped,skipped,skipped,,7
1083,OMG,skipped,skipped,skipped,skipped,skipped,skipped,,7
1084,OMG,skipped,skipped,skipped,skipped,skipped,skipped,,7
1085,OMG,skipped,skipped,skipped,skipped,skipped,skipped,,7
1086,OMG,skipped,skipped,skipped,skipped,skipped,skipped,,7
1087,OMG,skipped,skipped,skipped,skipped,skipped,skipped,,7
1088,OMG,skipped,skipped,skipped,skipped,skipped,skipped,,7
1089,OMG,skipped,skipped,skipped,skipped,skipped,skipped,,7
1090,OMG,skipped,skipped,skipped,skipped,skipped,skipped,,7
1091,OMG,skipped,skipped,skipped,skipped,skipped,skipped,,7
1092,OMG,skipped,skipped,skipped,skipped,skipped,skipped,,7
1093,OMG,skipped,skipped,skipped,skipped,skipped,skipped,,7
1094,OMG,skipped,skipped,skipped,skipped,skipped,skipped,,7
1095,OMG,skipped,skipped,skipped,skipped,skipped,skipped,,7
1096,OMG,skipped,skipped,skipped,skipped,skipped,skipped,,7
1097,OMG,skipped,skipped,skipped,skipped,skipped,skipped,,7
1098,OMG,skipped,skipped,skipped,skipped,skipped,skipped,,7
1099,OMG,skipped,skipped,skipped,skipped,skipped,skipped,,7
1100,OMG,skipped,skipped,skipped,skipped,skipped,skipped,,7
1101,OMG,skipped,skipped,skipped,skipped,skipped,skipped,,7
1102,OMG,skipped,skipped,skipped,skipped,skipped,skipped,,7
1103,OMG,skipped,skipped,skipped,skipped,skipped,skipped,,7
1104,OMG,skipped,skipped,skipped,skipped,skipped,skipped,,7
1105,OMG,skipped,skipped,skipped,skipped,skipped,skipped,,7
1106,OMG,skipped,skipped,skipped,skipped,skipped,skipped,,7
1107,OMG,skipped,skipped,skipped,skipped,skipped,skipped,,7
1108,OMG,skipped,skipped,skipped,skipped,skipped,skipped,,7
1109,OMG,skipped,skipped,skipped,skipped,skipped,skipped,,7
1110,OMG,skipped,skipped,skipped,skipped,skipped,skipped,,7
1111,OMG,skipped,skipped,skipped,skipped,skipped,skipped,,7
1112,OMG,Barbara LESLIE (Ind),skipped,skipped,skipped,skipped,skipped,,7
1113,OMG,Barbara LESLIE (Ind),skipped,skipped,skipped,skipped,skipped,,7
1114,OMG,Barbara LESLIE (Ind),skipped,skipped,skipped,skipped,skipped,,7
1115,OMG,Barbara LESLIE (Ind),skipped,skipped,skipped,skipped,skipped,,7
1116,OMG,Barbara LESLIE (Ind),skipped,skipped,skipped,skipped,skipped,,7
1117,OMG,Barbara LESLIE (Ind),skipped,skipped,skipped,skipped,skipped,,7
1118,OMG,Barbara LESLIE (Ind),skipped,skipped,skipped,skipped,skipped,,7
1119,OMG,Barbara LESLIE (Ind),Leslie MANSON (Ind),skipped,skipped,skipped,skipped,,7
1120,OMG,Barbara LESLIE (Ind),Leslie MANSON (Ind),skipped,skipped,skipped,skipped,,7
1121,OMG,Barbara LESLIE (Ind),Leslie MANSON (Ind),Max THOMAS (Ind),Sandy COWIE (Ind),Alastair MACLEOD (Ind),Barbara FOULKES (Ind),,7
1122,OMG,Barbara LESLIE (Ind),Leslie MANSON (Ind),Barbara FOULKES (Ind),skipped,skipped,skipped,,7
1123,OMG,Barbara LESLIE (Ind),Leslie MANSON (Ind),Barbara FOULKES (Ind),skipped,skipped,skipped,,7
1124,OMG,Barbara LESLIE (Ind),Sandy COWIE (Ind),skipped,skipped,skipped,skipped,,7
1125,OMG,Barbara LESLIE (Ind),Sandy COWIE (Ind),skipped,skipped,skipped,skipped,,7
1126,OMG,Barbara LESLIE (Ind),Sandy COWIE (Ind),skipped,skipped,skipped,skipped,,7
1127,OMG,Barbara LESLIE (Ind),Sandy COWIE (Ind),skipped,skipped,skipped,skipped,,7
1128,OMG,Barbara LESLIE (Ind),Sandy COWIE (Ind),skipped,skipped,skipped,skipped,,7
1129,OMG,Barbara LESLIE (Ind),Sandy COWIE (Ind),Leslie MANSON (Ind),skipped,skipped,skipped,,7
1130,OMG,Barbara LESLIE (Ind),Sandy COWIE (Ind),Leslie MANSON (Ind),skipped,skipped,skipped,,7
1131,OMG,Barbara LESLIE (Ind),Barbara FOULKES (Ind),skipped,skipped,skipped,skipped,,7
1132,OMG,Barbara LESLIE (Ind),Barbara FOULKES (Ind),skipped,skipped,skipped,skipped,,7
1133,OMG,Barbara LESLIE (Ind),Barbara FOULKES (Ind),Leslie MANSON (Ind),skipped,skipped,skipped,,7
1134,OMG,Barbara LESLIE (Ind),Barbara FOULKES (Ind),Sandy COWIE (Ind),skipped,skipped,skipped,,7
1135,OMG,Barbara LESLIE (Ind),Barbara FOULKES (Ind),Sandy COWIE (Ind),Leslie MANSON (Ind),Alastair MACLEOD (Ind),Max THOMAS (Ind),,7
1136,OMG,Barbara LESLIE (Ind),Barbara FOULKES (Ind),Sandy COWIE (Ind),Leslie MANSON (Ind),Alastair MACLEOD (Ind),Max THOMAS (Ind),,7
1137,OMG,Barbara LESLIE (Ind),Alastair MACLEOD (Ind),Sandy COWIE (Ind),skipped,skipped,skipped,,7
1138,OMG,Max THOMAS (Ind),skipped,skipped,skipped,skipped,skipped,,7
1139,OMG,Max THOMAS (Ind),skipped,skipped,skipped,skipped,skipped,,7
1140,OMG,Max THOMAS (Ind),Sandy COWIE (Ind),skipped,skipped,skipped,skipped,,7
1141,OMG,Max THOMAS (Ind),Alastair MACLEOD (Ind),skipped,skipped,skipped,skipped,,7
1142,OMG,Max THOMAS (Ind),Alastair MACLEOD (Ind),skipped,skipped,skipped,skipped,,7
1143,OMG,Max THOMAS (Ind),Alastair MACLEOD (Ind),skipped,skipped,skipped,skipped,,7
1144,OMG,Max THOMAS (Ind),Alastair MACLEOD (Ind),Sandy COWIE (Ind),Leslie MANSON (Ind),Barbara LESLIE (Ind),Barbara FOULKES (Ind),,7
1145,OMG,Leslie MANSON (Ind),skipped,skipped,skipped,skipped,skipped,,7
1146,OMG,Leslie MANSON (Ind),skipped,skipped,skipped,skipped,skipped,,7
1147,OMG,Leslie MANSON (Ind),skipped,skipped,skipped,skipped,skipped,,7
1148,OMG,Leslie MANSON (Ind),skipped,skipped,skipped,skipped,skipped,,7
1149,OMG,Leslie MANSON (Ind),skipped,skipped,skipped,skipped,skipped,,7
1150,OMG,Leslie MANSON (Ind),skipped,skipped,skipped,skipped,skipped,,7
1151,OMG,Leslie MANSON (Ind),skipped,skipped,skipped,skipped,skipped,,7
1152,OMG,Leslie MANSON (Ind),skipped,skipped,skipped,skipped,skipped,,7
1153,OMG,Leslie MANSON (Ind),skipped,skipped,skipped,skipped,skipped,,7
1154,OMG,Leslie MANSON (Ind),skipped,skipped,skipped,skipped,skipped,,7
1155,OMG,Leslie MANSON (Ind),skipped,skipped,skipped,skipped,skipped,,7
1156,OMG,Leslie MANSON (Ind),skipped,skipped,skipped,skipped,skipped,,7
1157,OMG,Leslie MANSON (Ind),skipped,skipped,skipped,skipped,skipped,,7
1158,OMG,Leslie MANSON (Ind),skipped,skipped,skipped,skipped,skipped,,7
1159,OMG,Leslie MANSON (Ind),skipped,skipped,skipped,skipped,skipped,,7
1160,OMG,Leslie MANSON (Ind),skipped,skipped,skipped,skipped,skipped,,7
1161,OMG,Leslie MANSON (Ind),skipped,skipped,skipped,skipped,skipped,,7
1162,OMG,Leslie MANSON (Ind),skipped,skipped,skipped,skipped,skipped,,7
1163,OMG,Leslie MANSON (Ind),skipped,skipped,skipped,skipped,skipped,,7
1164,OMG,Leslie MANSON (Ind),skipped,skipped,skipped,skipped,skipped,,7
1165,OMG,Leslie MANSON (Ind),skipped,skipped,skipped,skipped,skipped,,7
1166,OMG,Leslie MANSON (Ind),skipped,skipped,skipped,skipped,skipped,,7
1167,OMG,Leslie MANSON (Ind),skipped,skipped,skipped,skipped,skipped,,7
1168,OMG,Leslie MANSON (Ind),skipped,skipped,skipped,skipped,skipped,,7
1169,OMG,Leslie MANSON (Ind),skipped,skipped,skipped,skipped,skipped,,7
1170,OMG,Leslie MANSON (Ind),skipped,skipped,skipped,skipped,skipped,,7
1171,OMG,Leslie MANSON (Ind),skipped,skipped,skipped,skipped,skipped,,7
1172,OMG,Leslie MANSON (Ind),skipped,skipped,skipped,skipped,skipped,,7
1173,OMG,Leslie MANSON (Ind),skipped,skipped,skipped,skipped,skipped,,7
1174,OMG,Leslie MANSON (Ind),skipped,skipped,skipped,skipped,skipped,,7
1175,OMG,Leslie MANSON (Ind),skipped,skipped,skipped,skipped,skipped,,7
1176,OMG,Leslie MANSON (Ind),skipped,skipped,skipped,skipped,skipped,,7
1177,OMG,Leslie MANSON (Ind),skipped,skipped,skipped,skipped,skipped,,7
1178,OMG,Leslie MANSON (Ind),skipped,skipped,skipped,skipped,skipped,,7
1179,OMG,Leslie MANSON (Ind),skipped,skipped,skipped,skipped,skipped,,7
1180,OMG,Leslie MANSON (Ind),skipped,skipped,skipped,skipped,skipped,,7
1181,OMG,Leslie MANSON (Ind),Barbara LESLIE (Ind),skipped,skipped,skipped,skipped,,7
1182,OMG,Leslie MANSON (Ind),Barbara LESLIE (Ind),skipped,skipped,skipped,skipped,,7
1183,OMG,Leslie MANSON (Ind),Barbara LESLIE (Ind),skipped,skipped,skipped,skipped,,7
1184,OMG,Leslie MANSON (Ind),Barbara LESLIE (Ind),skipped,skipped,skipped,skipped,,7
1185,OMG,Leslie MANSON (Ind),Barbara LESLIE (Ind),skipped,skipped,skipped,skipped,,7
1186,OMG,Leslie MANSON (Ind),Barbara LESLIE (Ind),skipped,skipped,skipped,skipped,,7
1187,OMG,Leslie MANSON (Ind),Barbara LESLIE (Ind),skipped,skipped,skipped,skipped,,7
1188,OMG,Leslie MANSON (Ind),Barbara LESLIE (Ind),skipped,skipped,skipped,skipped,,7
1189,OMG,Leslie MANSON (Ind),Barbara LESLIE (Ind),skipped,skipped,skipped,skipped,,7
1190,OMG,Leslie MANSON (Ind),Barbara LESLIE (Ind),skipped,skipped,skipped,skipped,,7
1191,OMG,Leslie MANSON (Ind),Barbara LESLIE (Ind),skipped,skipped,skipped,skipped,,7
1192,OMG,Leslie MANSON (Ind),Barbara LESLIE (Ind),skipped,skipped,skipped,skipped,,7
1193,OMG,Leslie MANSON (Ind),Barbara LESLIE (Ind),skipped,skipped,skipped,skipped,,7
1194,OMG,Leslie MANSON (Ind),Barbara LESLIE (Ind),skipped,skipped,skipped,skipped,,7
1195,OMG,Leslie MANSON (Ind),Barbara LESLIE (Ind),skipped,skipped,skipped,skipped,,7
1196,OMG,Leslie MANSON (Ind),Barbara LESLIE (Ind),Max THOMAS (Ind),Alastair MACLEOD (Ind),skipped,skipped,,7
1197,OMG,Leslie MANSON (Ind),Barbara LESLIE (Ind),Max THOMAS (Ind),Alastair MACLEOD (Ind),Barbara FOULKES (Ind),Sandy COWIE (Ind),,7
1198,OMG,Leslie MANSON (Ind),Barbara LESLIE (Ind),Sandy COWIE (Ind),Alastair MACLEOD (Ind),skipped,skipped,,7
1199,OMG,Leslie MANSON (Ind),Barbara LESLIE (Ind),Barbara FOULKES (Ind),skipped,skipped,skipped,,7
1200,OMG,Leslie MANSON (Ind),Barbara LESLIE (Ind),Alastair MACLEOD (Ind),skipped,skipped,skipped,,7
1201,OMG,Leslie MANSON (Ind),Barbara LESLIE (Ind),Alastair MACLEOD (Ind),skipped,skipped,skipped,,7
1202,OMG,Leslie MANSON (Ind),Max THOMAS (Ind),skipped,skipped,skipped,skipped,,7
1203,OMG,Leslie MANSON (Ind),Max THOMAS (Ind),Sandy COWIE (Ind),skipped,skipped,skipped,,7
1204,OMG,Leslie MANSON (Ind),Sandy COWIE (Ind),skipped,skipped,skipped,skipped,,7
1205,OMG,Leslie MANSON (Ind),Sandy COWIE (Ind),skipped,skipped,skipped,skipped,,7
1206,OMG,Leslie MANSON (Ind),Sandy COWIE (Ind),skipped,skipped,skipped,skipped,,7
1207,OMG,Leslie MANSON (Ind),Sandy COWIE (Ind),skipped,skipped,skipped,skipped,,7
1208,OMG,Leslie MANSON (Ind),Sandy COWIE (Ind),skipped,skipped,skipped,skipped,,7
1209,OMG,Leslie MANSON (Ind),Sandy COWIE (Ind),skipped,skipped,skipped,skipped,,7
1210,OMG,Leslie MANSON (Ind),Sandy COWIE (Ind),skipped,skipped,skipped,skipped,,7
1211,OMG,Leslie MANSON (Ind),Sandy COWIE (Ind),skipped,skipped,skipped,skipped,,7
1212,OMG,Leslie MANSON (Ind),Sandy COWIE (Ind),skipped,skipped,skipped,skipped,,7
1213,OMG,Leslie MANSON (Ind),Sandy COWIE (Ind),skipped,skipped,skipped,skipped,,7
1214,OMG,Leslie MANSON (Ind),Sandy COWIE (Ind),skipped,skipped,skipped,skipped,,7
1215,OMG,Leslie MANSON (Ind),Sandy COWIE (Ind),skipped,skipped,skipped,skipped,,7
1216,OMG,Leslie MANSON (Ind),Sandy COWIE (Ind),skipped,skipped,skipped,skipped,,7
1217,OMG,Leslie MANSON (Ind),Sandy COWIE (Ind),skipped,skipped,skipped,skipped,,7
1218,OMG,Leslie MANSON (Ind),Sandy COWIE (Ind),skipped,skipped,skipped,skipped,,7
1219,OMG,Leslie MANSON (Ind),Sandy COWIE (Ind),skipped,skipped,skipped,skipped,,7
1220,OMG,Leslie MANSON (Ind),Sandy COWIE (Ind),skipped,skipped,skipped,skipped,,7
1221,OMG,Leslie MANSON (Ind),Sandy COWIE (Ind),skipped,skipped,skipped,skipped,,7
1222,OMG,Leslie MANSON (Ind),Sandy COWIE (Ind),skipped,skipped,skipped,skipped,,7
1223,OMG,Leslie MANSON (Ind),Sandy COWIE (Ind),Barbara LESLIE (Ind),skipped,skipped,skipped,,7
1224,OMG,Leslie MANSON (Ind),Sandy COWIE (Ind),Barbara LESLIE (Ind),Barbara FOULKES (Ind),Max THOMAS (Ind),skipped,,7
1225,OMG,Leslie MANSON (Ind),Sandy COWIE (Ind),Barbara LESLIE (Ind),Alastair MACLEOD (Ind),Barbara FOULKES (Ind),skipped,,7
1226,OMG,Leslie MANSON (Ind),Sandy COWIE (Ind),Barbara LESLIE (Ind),Alastair MACLEOD (Ind),Barbara FOULKES (Ind),Max THOMAS (Ind),,7
1227,OMG,Leslie MANSON (Ind),Sandy COWIE (Ind),Max THOMAS (Ind),skipped,skipped,skipped,,7
1228,OMG,Leslie MANSON (Ind),Sandy COWIE (Ind),Barbara FOULKES (Ind),skipped,skipped,skipped,,7
1229,OMG,Leslie MANSON (Ind),Sandy COWIE (Ind),Barbara FOULKES (Ind),skipped,skipped,skipped,,7
1230,OMG,Leslie MANSON (Ind),Sandy COWIE (Ind),Barbara FOULKES (Ind),skipped,skipped,skipped,,7
1231,OMG,Leslie MANSON (Ind),Sandy COWIE (Ind),Barbara FOULKES (Ind),skipped,skipped,skipped,,7
1232,OMG,Leslie MANSON (Ind),Sandy COWIE (Ind),Barbara FOULKES (Ind),skipped,skipped,skipped,,7
1233,OMG,Leslie MANSON (Ind),Sandy COWIE (Ind),Barbara FOULKES (Ind),skipped,skipped,skipped,,7
1234,OMG,Leslie MANSON (Ind),Sandy COWIE (Ind),Barbara FOULKES (Ind),skipped,skipped,skipped,,7
1235,OMG,Leslie MANSON (Ind),Sandy COWIE (Ind),Barbara FOULKES (Ind),skipped,skipped,skipped,,7
1236,OMG,Leslie MANSON (Ind),Sandy COWIE (Ind),Barbara FOULKES (Ind),skipped,skipped,skipped,,7
1237,OMG,Leslie MANSON (Ind),Sandy COWIE (Ind),Barbara FOULKES (Ind),skipped,skipped,skipped,,7
1238,OMG,Leslie MANSON (Ind),Sandy COWIE (Ind),Barbara FOULKES (Ind),skipped,skipped,skipped,,7
1239,OMG,Leslie MANSON (Ind),Sandy COWIE (Ind),Barbara FOULKES (Ind),skipped,skipped,skipped,,7
1240,OMG,Leslie MANSON (Ind),Sandy COWIE (Ind),Barbara FOULKES (Ind),skipped,skipped,skipped,,7
1241,OMG,Leslie MANSON (Ind),Sandy COWIE (Ind),Barbara FOULKES (Ind),skipped,skipped,skipped,,7
1242,OMG,Leslie MANSON (Ind),Sandy COWIE (Ind),Barbara FOULKES (Ind),Max THOMAS (Ind),Alastair MACLEOD (Ind),Barbara LESLIE (Ind),,7
1243,OMG,Leslie MANSON (Ind),Sandy COWIE (Ind),Alastair MACLEOD (Ind),skipped,skipped,skipped,,7
1244,OMG,Leslie MANSON (Ind),Sandy COWIE (Ind),Alastair MACLEOD (Ind),skipped,skipped,skipped,,7
1245,OMG,Leslie MANSON (Ind),Sandy COWIE (Ind),Alastair MACLEOD (Ind),skipped,skipped,skipped,,7
1246,OMG,Leslie MANSON (Ind),Sandy COWIE (Ind),Alastair MACLEOD (Ind),skipped,skipped,skipped,,7
1247,OMG,Leslie MANSON (Ind),Sandy COWIE (Ind),Alastair MACLEOD (Ind),skipped,skipped,skipped,,7
1248,OMG,Leslie MANSON (Ind),Sandy COWIE (Ind),Alastair MACLEOD (Ind),Barbara FOULKES (Ind),Barbara LESLIE (Ind),Max THOMAS (Ind),,7
1249,OMG,Leslie MANSON (Ind),Barbara FOULKES (Ind),skipped,skipped,skipped,skipped,,7
1250,OMG,Leslie MANSON (Ind),Barbara FOULKES (Ind),skipped,skipped,skipped,skipped,,7
1251,OMG,Leslie MANSON (Ind),Barbara FOULKES (Ind),skipped,skipped,skipped,skipped,,7
1252,OMG,Leslie MANSON (Ind),Barbara FOULKES (Ind),skipped,skipped,skipped,skipped,,7
1253,OMG,Leslie MANSON (Ind),Barbara FOULKES (Ind),skipped,skipped,skipped,skipped,,7
1254,OMG,Leslie MANSON (Ind),Barbara FOULKES (Ind),skipped,skipped,skipped,skipped,,7
1255,OMG,Leslie MANSON (Ind),Barbara FOULKES (Ind),skipped,skipped,skipped,skipped,,7
1256,OMG,Leslie MANSON (Ind),Barbara FOULKES (Ind),skipped,skipped,skipped,skipped,,7
1257,OMG,Leslie MANSON (Ind),Barbara FOULKES (Ind),skipped,skipped,skipped,skipped,,7
1258,OMG,Leslie MANSON (Ind),Barbara FOULKES (Ind),skipped,skipped,skipped,skipped,,7
1259,OMG,Leslie MANSON (Ind),Barbara FOULKES (Ind),skipped,skipped,skipped,skipped,,7
1260,OMG,Leslie MANSON (Ind),Barbara FOULKES (Ind),skipped,skipped,skipped,skipped,,7
1261,OMG,Leslie MANSON (Ind),Barbara FOULKES (Ind),skipped,skipped,skipped,skipped,,7
1262,OMG,Leslie MANSON (Ind),Barbara FOULKES (Ind),Barbara LESLIE (Ind),skipped,skipped,skipped,,7
1263,OMG,Leslie MANSON (Ind),Barbara FOULKES (Ind),Barbara LESLIE (Ind),skipped,skipped,skipped,,7
1264,OMG,Leslie MANSON (Ind),Barbara FOULKES (Ind),Barbara LESLIE (Ind),Max THOMAS (Ind),Alastair MACLEOD (Ind),Sandy COWIE (Ind),,7
1265,OMG,Leslie MANSON (Ind),Barbara FOULKES (Ind),Barbara LESLIE (Ind),Sandy COWIE (Ind),Alastair MACLEOD (Ind),Max THOMAS (Ind),,7
1266,OMG,Leslie MANSON (Ind),Barbara FOULKES (Ind),Barbara LESLIE (Ind),Sandy COWIE (Ind),Alastair MACLEOD (Ind),Max THOMAS (Ind),,7
1267,OMG,Leslie MANSON (Ind),Barbara FOULKES (Ind),Barbara LESLIE (Ind),Alastair MACLEOD (Ind),Sandy COWIE (Ind),skipped,,7
1268,OMG,Leslie MANSON (Ind),Barbara FOULKES (Ind),Sandy COWIE (Ind),skipped,skipped,skipped,,7
1269,OMG,Leslie MANSON (Ind),Barbara FOULKES (Ind),Sandy COWIE (Ind),skipped,skipped,skipped,,7
1270,OMG,Leslie MANSON (Ind),Barbara FOULKES (Ind),Sandy COWIE (Ind),skipped,skipped,skipped,,7
1271,OMG,Leslie MANSON (Ind),Barbara FOULKES (Ind),Sandy COWIE (Ind),skipped,skipped,skipped,,7
1272,OMG,Leslie MANSON (Ind),Barbara FOULKES (Ind),Sandy COWIE (Ind),skipped,skipped,skipped,,7
1273,OMG,Leslie MANSON (Ind),Barbara FOULKES (Ind),Sandy COWIE (Ind),skipped,skipped,skipped,,7
1274,OMG,Leslie MANSON (Ind),Barbara FOULKES (Ind),Sandy COWIE (Ind),skipped,skipped,skipped,,7
1275,OMG,Leslie MANSON (Ind),Barbara FOULKES (Ind),Sandy COWIE (Ind),skipped,skipped,skipped,,7
1276,OMG,Leslie MANSON (Ind),Barbara FOULKES (Ind),Sandy COWIE (Ind),Barbara LESLIE (Ind),Max THOMAS (Ind),Alastair MACLEOD (Ind),,7
1277,OMG,Leslie MANSON (Ind),Barbara FOULKES (Ind),Sandy COWIE (Ind),Barbara LESLIE (Ind),Max THOMAS (Ind),Alastair MACLEOD (Ind),,7
1278,OMG,Leslie MANSON (Ind),Barbara FOULKES (Ind),Sandy COWIE (Ind),Barbara LESLIE (Ind),Alastair MACLEOD (Ind),Max THOMAS (Ind),,7
1279,OMG,Leslie MANSON (Ind),Barbara FOULKES (Ind),Sandy COWIE (Ind),Alastair MACLEOD (Ind),skipped,skipped,,7
1280,OMG,Leslie MANSON (Ind),Barbara FOULKES (Ind),Sandy COWIE (Ind),Alastair MACLEOD (Ind),skipped,skipped,,7
1281,OMG,Leslie MANSON (Ind),Barbara FOULKES (Ind),Alastair MACLEOD (Ind),skipped,skipped,skipped,,7
1282,OMG,Leslie MANSON (Ind),Barbara FOULKES (Ind),Alastair MACLEOD (Ind),skipped,skipped,skipped,,7
1283,OMG,Leslie MANSON (Ind),Barbara FOULKES (Ind),Alastair MACLEOD (Ind),skipped,skipped,skipped,,7
1284,OMG,Leslie MANSON (Ind),Barbara FOULKES (Ind),Alastair MACLEOD (Ind),Barbara LESLIE (Ind),skipped,skipped,,7
1285,OMG,Leslie MANSON (Ind),Alastair MACLEOD (Ind),skipped,skipped,skipped,skipped,,7
1286,OMG,Leslie MANSON (Ind),Alastair MACLEOD (Ind),skipped,skipped,skipped,skipped,,7
1287,OMG,Leslie MANSON (Ind),Alastair MACLEOD (Ind),skipped,skipped,skipped,skipped,,7
1288,OMG,Leslie MANSON (Ind),Alastair MACLEOD (Ind),skipped,skipped,skipped,skipped,,7
1289,OMG,Leslie MANSON (Ind),Alastair MACLEOD (Ind),skipped,skipped,skipped,skipped,,7
1290,OMG,Leslie MANSON (Ind),Alastair MACLEOD (Ind),Barbara LESLIE (Ind),skipped,skipped,skipped,,7
1291,OMG,Leslie MANSON (Ind),Alastair MACLEOD (Ind),Barbara LESLIE (Ind),Barbara FOULKES (Ind),skipped,skipped,,7
1292,OMG,Leslie MANSON (Ind),Alastair MACLEOD (Ind),Barbara LESLIE (Ind),Barbara FOULKES (Ind),Max THOMAS (Ind),Sandy COWIE (Ind),,7
1293,OMG,Leslie MANSON (Ind),Alastair MACLEOD (Ind),Max THOMAS (Ind),skipped,skipped,skipped,,7
1294,OMG,Leslie MANSON (Ind),Alastair MACLEOD (Ind),Max THOMAS (Ind),skipped,skipped,skipped,,7
1295,OMG,Leslie MANSON (Ind),Alastair MACLEOD (Ind),Max THOMAS (Ind),skipped,skipped,skipped,,7
1296,OMG,Leslie MANSON (Ind),Alastair MACLEOD (Ind),Sandy COWIE (Ind),skipped,skipped,skipped,,7
1297,OMG,Leslie MANSON (Ind),Alastair MACLEOD (Ind),Sandy COWIE (Ind),skipped,skipped,skipped,,7
1298,OMG,Leslie MANSON (Ind),Alastair MACLEOD (Ind),Sandy COWIE (Ind),skipped,skipped,skipped,,7
1299,OMG,Leslie MANSON (Ind),Alastair MACLEOD (Ind),Sandy COWIE (Ind),Barbara LESLIE (Ind),Barbara FOULKES (Ind),Max THOMAS (Ind),,7
1300,OMG,Leslie MANSON (Ind),Alastair MACLEOD (Ind),Barbara FOULKES (Ind),skipped,skipped,skipped,,7
1301,OMG,Leslie MANSON (Ind),Alastair MACLEOD (Ind),Barbara FOULKES (Ind),skipped,skipped,skipped,,7
1302,OMG,Leslie MANSON (Ind),Alastair MACLEOD (Ind),Barbara FOULKES (Ind),Sandy COWIE (Ind),Barbara LESLIE (Ind),Max THOMAS (Ind),,7
1303,OMG,Sandy COWIE (Ind),skipped,skipped,skipped,skipped,skipped,,7
1304,OMG,Sandy COWIE (Ind),skipped,skipped,skipped,skipped,skipped,,7
1305,OMG,Sandy COWIE (Ind),skipped,skipped,skipped,skipped,skipped,,7
1306,OMG,Sandy COWIE (Ind),skipped,skipped,skipped,skipped,skipped,,7
1307,OMG,Sandy COWIE (Ind),skipped,skipped,skipped,skipped,skipped,,7
1308,OMG,Sandy COWIE (Ind),skipped,skipped,skipped,skipped,skipped,,7
1309,OMG,Sandy COWIE (Ind),skipped,skipped,skipped,skipped,skipped,,7
1310,OMG,Sandy COWIE (Ind),skipped,skipped,skipped,skipped,skipped,,7
1311,OMG,Sandy COWIE (Ind),skipped,skipped,skipped,skipped,skipped,,7
1312,OMG,Sandy COWIE (Ind),skipped,skipped,skipped,skipped,skipped,,7
1313,OMG,Sandy COWIE (Ind),Barbara LESLIE (Ind),skipped,skipped,skipped,skipped,,7
1314,OMG,Sandy COWIE (Ind),Barbara LESLIE (Ind),skipped,skipped,skipped,skipped,,7
1315,OMG,Sandy COWIE (Ind),Barbara LESLIE (Ind),skipped,skipped,skipped,skipped,,7
1316,OMG,Sandy COWIE (Ind),Barbara LESLIE (Ind),Leslie MANSON (Ind),Barbara FOULKES (Ind),skipped,skipped,,7
1317,OMG,Sandy COWIE (Ind),Barbara LESLIE (Ind),Barbara FOULKES (Ind),Max THOMAS (Ind),Alastair MACLEOD (Ind),Leslie MANSON (Ind),,7
1318,OMG,Sandy COWIE (Ind),Max THOMAS (Ind),skipped,skipped,skipped,skipped,,7
1319,OMG,Sandy COWIE (Ind),Leslie MANSON (Ind),skipped,skipped,skipped,skipped,,7
1320,OMG,Sandy COWIE (Ind),Leslie MANSON (Ind),skipped,skipped,skipped,skipped,,7
1321,OMG,Sandy COWIE (Ind),Leslie MANSON (Ind),skipped,skipped,skipped,skipped,,7
1322,OMG,Sandy COWIE (Ind),Leslie MANSON (Ind),skipped,skipped,skipped,skipped,,7
1323,OMG,Sandy COWIE (Ind),Leslie MANSON (Ind),skipped,skipped,skipped,skipped,,7
1324,OMG,Sandy COWIE (Ind),Leslie MANSON (Ind),skipped,skipped,skipped,skipped,,7
1325,OMG,Sandy COWIE (Ind),Leslie MANSON (Ind),Barbara FOULKES (Ind),skipped,skipped,skipped,,7
1326,OMG,Sandy COWIE (Ind),Leslie MANSON (Ind),Barbara FOULKES (Ind),skipped,skipped,skipped,,7
1327,OMG,Sandy COWIE (Ind),Leslie MANSON (Ind),Barbara FOULKES (Ind),Alastair MACLEOD (Ind),skipped,skipped,,7
1328,OMG,Sandy COWIE (Ind),Leslie MANSON (Ind),Alastair MACLEOD (Ind),Barbara LESLIE (Ind),Barbara FOULKES (Ind),Max THOMAS (Ind),,7
1329,OMG,Sandy COWIE (Ind),Barbara FOULKES (Ind),skipped,skipped,skipped,skipped,,7
1330,OMG,Sandy COWIE (Ind),Barbara FOULKES (Ind),skipped,skipped,skipped,skipped,,7
1331,OMG,Sandy COWIE (Ind),Barbara FOULKES (Ind),skipped,skipped,skipped,skipped,,7
1332,OMG,Sandy COWIE (Ind),Barbara FOULKES (Ind),skipped,skipped,skipped,skipped,,7
1333,OMG,Sandy COWIE (Ind),Barbara FOULKES (Ind),skipped,skipped,skipped,skipped,,7
1334,OMG,Sandy COWIE (Ind),Barbara FOULKES (Ind),Barbara LESLIE (Ind),skipped,skipped,skipped,,7
1335,OMG,Sandy COWIE (Ind),Barbara FOULKES (Ind),Leslie MANSON (Ind),skipped,skipped,skipped,,7
1336,OMG,Sandy COWIE (Ind),Barbara FOULKES (Ind),Alastair MACLEOD (Ind),Leslie MANSON (Ind),Max THOMAS (Ind),Barbara LESLIE (Ind),,7
1337,OMG,Sandy COWIE (Ind),Alastair MACLEOD (Ind),skipped,skipped,skipped,skipped,,7
1338,OMG,Sandy COWIE (Ind),Alastair MACLEOD (Ind),skipped,skipped,skipped,skipped,,7
1339,OMG,Sandy COWIE (Ind),Alastair MACLEOD (Ind),skipped,skipped,skipped,skipped,,7
1340,OMG,Sandy COWIE (Ind),Alastair MACLEOD (Ind),skipped,skipped,skipped,skipped,,7
1341,OMG,Sandy COWIE (Ind),Alastair MACLEOD (Ind),Leslie MANSON (Ind),skipped,skipped,skipped,,7
1342,OMG,Sandy COWIE (Ind),Alastair MACLEOD (Ind),Leslie MANSON (Ind),skipped,skipped,skipped,,7
1343,OMG,Barbara FOULKES (Ind),skipped,skipped,skipped,skipped,skipped,,7
1344,OMG,Barbara FOULKES (Ind),skipped,skipped,skipped,skipped,skipped,,7
1345,OMG,Barbara FOULKES (Ind),skipped,skipped,skipped,skipped,skipped,,7
1346,OMG,Barbara FOULKES (Ind),skipped,skipped,skipped,skipped,skipped,,7
1347,OMG,Barbara FOULKES (Ind),skipped,skipped,skipped,skipped,skipped,,7
1348,OMG,Barbara FOULKES (Ind),skipped,skipped,skipped,skipped,skipped,,7
1349,OMG,Barbara FOULKES (Ind),skipped,skipped,skipped,skipped,skipped,,7
1350,OMG,Barbara FOULKES (Ind),skipped,skipped,skipped,skipped,skipped,,7
1351,OMG,Barbara FOULKES (Ind),Barbara LESLIE (Ind),skipped,skipped,skipped,skipped,,7
1352,OMG,Barbara FOULKES (Ind),Barbara LESLIE (Ind),skipped,skipped,skipped,skipped,,7
1353,OMG,Barbara FOULKES (Ind),Barbara LESLIE (Ind),skipped,skipped,skipped,skipped,,7
1354,OMG,Barbara FOULKES (Ind),Barbara LESLIE (Ind),Sandy COWIE (Ind),skipped,skipped,skipped,,7
1355,OMG,Barbara FOULKES (Ind),Barbara LESLIE (Ind),Sandy COWIE (Ind),skipped,skipped,skipped,,7
1356,OMG,Barbara FOULKES (Ind),Barbara LESLIE (Ind),Sandy COWIE (Ind),skipped,skipped,skipped,,7
1357,OMG,Barbara FOULKES (Ind),Barbara LESLIE (Ind),Alastair MACLEOD (Ind),Sandy COWIE (Ind),skipped,skipped,,7
1358,OMG,Barbara FOULKES (Ind),Barbara LESLIE (Ind),Alastair MACLEOD (Ind),Sandy COWIE (Ind),Max THOMAS (Ind),Leslie MANSON (Ind),,7
1359,OMG,Barbara FOULKES (Ind),Leslie MANSON (Ind),skipped,skipped,skipped,skipped,,7
1360,OMG,Barbara FOULKES (Ind),Leslie MANSON (Ind),skipped,skipped,skipped,skipped,,7
1361,OMG,Barbara FOULKES (Ind),Leslie MANSON (Ind),skipped,skipped,skipped,skipped,,7
1362,OMG,Barbara FOULKES (Ind),Leslie MANSON (Ind),skipped,skipped,skipped,skipped,,7
1363,OMG,Barbara FOULKES (Ind),Leslie MANSON (Ind),skipped,skipped,skipped,skipped,,7
1364,OMG,Barbara FOULKES (Ind),Leslie MANSON (Ind),skipped,skipped,skipped,skipped,,7
1365,OMG,Barbara FOULKES (Ind),Leslie MANSON (Ind),skipped,skipped,skipped,skipped,,7
1366,OMG,Barbara FOULKES (Ind),Leslie MANSON (Ind),skipped,skipped,skipped,skipped,,7
1367,OMG,Barbara FOULKES (Ind),Leslie MANSON (Ind),Barbara LESLIE (Ind),skipped,skipped,skipped,,7
1368,OMG,Barbara FOULKES (Ind),Leslie MANSON (Ind),Barbara LESLIE (Ind),Sandy COWIE (Ind),Alastair MACLEOD (Ind),Max THOMAS (Ind),,7
1369,OMG,Barbara FOULKES (Ind),Leslie MANSON (Ind),Barbara LESLIE (Ind),Alastair MACLEOD (Ind),Sandy COWIE (Ind),Max THOMAS (Ind),,7
1370,OMG,Barbara FOULKES (Ind),Leslie MANSON (Ind),Sandy COWIE (Ind),skipped,skipped,skipped,,7
1371,OMG,Barbara FOULKES (Ind),Leslie MANSON (Ind),Sandy COWIE (Ind),skipped,skipped,skipped,,7
1372,OMG,Barbara FOULKES (Ind),Leslie MANSON (Ind),Sandy COWIE (Ind),skipped,skipped,skipped,,7
1373,OMG,Barbara FOULKES (Ind),Leslie MANSON (Ind),Sandy COWIE (Ind),skipped,skipped,skipped,,7
1374,OMG,Barbara FOULKES (Ind),Leslie MANSON (Ind),Sandy COWIE (Ind),skipped,skipped,skipped,,7
1375,OMG,Barbara FOULKES (Ind),Leslie MANSON (Ind),Alastair MACLEOD (Ind),skipped,skipped,skipped,,7
1376,OMG,Barbara FOULKES (Ind),Leslie MANSON (Ind),Alastair MACLEOD (Ind),Barbara LESLIE (Ind),Sandy COWIE (Ind),Max THOMAS (Ind),,7
1377,OMG,Barbara FOULKES (Ind),Leslie MANSON (Ind),Alastair MACLEOD (Ind),Sandy COWIE (Ind),Barbara LESLIE (Ind),Max THOMAS (Ind),,7
1378,OMG,Barbara FOULKES (Ind),Sandy COWIE (Ind),skipped,skipped,skipped,skipped,,7
1379,OMG,Barbara FOULKES (Ind),Sandy COWIE (Ind),skipped,skipped,skipped,skipped,,7
1380,OMG,Barbara FOULKES (Ind),Sandy COWIE (Ind),skipped,skipped,skipped,skipped,,7
1381,OMG,Barbara FOULKES (Ind),Sandy COWIE (Ind),skipped,skipped,skipped,skipped,,7
1382,OMG,Barbara FOULKES (Ind),Sandy COWIE (Ind),skipped,skipped,skipped,skipped,,7
1383,OMG,Barbara FOULKES (Ind),Sandy COWIE (Ind),Leslie MANSON (Ind),skipped,skipped,skipped,,7
1384,OMG,Barbara FOULKES (Ind),Sandy COWIE (Ind),Leslie MANSON (Ind),Barbara LESLIE (Ind),skipped,skipped,,7
1385,OMG,Barbara FOULKES (Ind),Sandy COWIE (Ind),Alastair MACLEOD (Ind),Barbara LESLIE (Ind),skipped,skipped,,7
1386,OMG,Barbara FOULKES (Ind),Sandy COWIE (Ind),Alastair MACLEOD (Ind),Leslie MANSON (Ind),skipped,skipped,,7
1387,OMG,Barbara FOULKES (Ind),Alastair MACLEOD (Ind),skipped,skipped,skipped,skipped,,7
1388,OMG,Barbara FOULKES (Ind),Alastair MACLEOD (Ind),skipped,skipped,skipped,skipped,,7
1389,OMG,Barbara FOULKES (Ind),Alastair MACLEOD (Ind),Barbara LESLIE (Ind),skipped,skipped,skipped,,7
1390,OMG,Barbara FOULKES (Ind),Alastair MACLEOD (Ind),Leslie MANSON (Ind),skipped,skipped,skipped,,7
1391,OMG,Barbara FOULKES (Ind),Alastair MACLEOD (Ind),Sandy COWIE (Ind),skipped,skipped,skipped,,7
1392,OMG,Alastair MACLEOD (Ind),skipped,skipped,skipped,skipped,skipped,,7
1393,OMG,Alastair MACLEOD (Ind),skipped,skipped,skipped,skipped,skipped,,7
1394,OMG,Alastair MACLEOD (Ind),skipped,skipped,skipped,skipped,skipped,,7
1395,OMG,Alastair MACLEOD (Ind),Barbara LESLIE (Ind),Leslie MANSON (Ind),skipped,skipped,skipped,,7
1396,OMG,Alastair MACLEOD (Ind),Leslie MANSON (Ind),skipped,skipped,skipped,skipped,,7
1397,OMG,Alastair MACLEOD (Ind),Leslie MANSON (Ind),Barbara LESLIE (Ind),Sandy COWIE (Ind),skipped,skipped,,7
1398,OMG,Alastair MACLEOD (Ind),Leslie MANSON (Ind),Max THOMAS (Ind),skipped,skipped,skipped,,7
1399,OMG,Alastair MACLEOD (Ind),Sandy COWIE (Ind),skipped,skipped,skipped,skipped,,7
1400,OMG,Alastair MACLEOD (Ind),Sandy COWIE (Ind),skipped,skipped,skipped,skipped,,7
1401,OMG,Alastair MACLEOD (Ind),Sandy COWIE (Ind),skipped,skipped,skipped,skipped,,7
1402,OMG,Alastair MACLEOD (Ind),Sandy COWIE (Ind),Barbara LESLIE (Ind),Leslie MANSON (Ind),Barbara FOULKES (Ind),Max THOMAS (Ind),,7
1403,OMG,Alastair MACLEOD (Ind),Sandy COWIE (Ind),Max THOMAS (Ind),skipped,skipped,skipped,,7
1404,OMG,Alastair MACLEOD (Ind),Sandy COWIE (Ind),Leslie MANSON (Ind),skipped,skipped,skipped,,7
1405,OMG,Alastair MACLEOD (Ind),Barbara FOULKES (Ind),skipped,skipped,skipped,skipped,,7
1406,OMG,Alastair MACLEOD (Ind),Barbara FOULKES (Ind),skipped,skipped,skipped,skipped,,7
1407,OMG,Alastair MACLEOD (Ind),Barbara FOULKES (Ind),Leslie MANSON (Ind),Sandy COWIE (Ind),Max THOMAS (Ind),Barbara LESLIE (Ind),,7
1408,Alastair MACLEOD (Ind),skipped,skipped,skipped,skipped,skipped,skipped,,7
1409,Alastair MACLEOD (Ind),skipped,skipped,skipped,skipped,skipped,skipped,,7
1410,Alastair MACLEOD (Ind),skipped,skipped,skipped,skipped,skipped,skipped,,7
1411,Alastair MACLEOD (Ind),skipped,skipped,skipped,skipped,skipped,skipped,,7
1412,Alastair MACLEOD (Ind),skipped,skipped,skipped,skipped,skipped,skipped,,7
1413,Alastair MACLEOD (Ind),skipped,skipped,skipped,skipped,skipped,skipped,,7
1414,Alastair MACLEOD (Ind),Barbara LESLIE (Ind),skipped,skipped,skipped,skipped,skipped,,7
1415,Alastair MACLEOD (Ind),Barbara LESLIE (Ind),skipped,skipped,skipped,skipped,skipped,,7
1416,Alastair MACLEOD (Ind),Barbara LESLIE (Ind),skipped,skipped,skipped,skipped,skipped,,7
1417,Alastair MACLEOD (Ind),Barbara LESLIE (Ind),Leslie MANSON (Ind),skipped,skipped,skipped,skipped,,7
1418,Alastair MACLEOD (Ind),Barbara LESLIE (Ind),Sandy COWIE (Ind),Leslie MANSON (Ind),Barbara FOULKES (Ind),OMG,Max THOMAS (Ind),,7
1419,Alastair MACLEOD (Ind),Max THOMAS (Ind),Sandy COWIE (Ind),skipped,skipped,skipped,skipped,,7
1420,Alastair MACLEOD (Ind),Max THOMAS (Ind),Barbara FOULKES (Ind),skipped,skipped,skipped,skipped,,7
1421,Alastair MACLEOD (Ind),Leslie MANSON (Ind),skipped,skipped,skipped,skipped,skipped,,7
1422,Alastair MACLEOD (Ind),Leslie MANSON (Ind),Barbara LESLIE (Ind),skipped,skipped,skipped,skipped,,7
1423,Alastair MACLEOD (Ind),Leslie MANSON (Ind),Sandy COWIE (Ind),Barbara FOULKES (Ind),Barbara LESLIE (Ind),OMG,Max THOMAS (Ind),,7
1424,Alastair MACLEOD (Ind),Leslie MANSON (Ind),Barbara FOULKES (Ind),OMG,skipped,skipped,skipped,,7
1425,Alastair MACLEOD (Ind),Leslie MANSON (Ind),Barbara FOULKES (Ind),OMG,Max THOMAS (Ind),Barbara LESLIE (Ind),Sandy COWIE (Ind),,7
1426,Alastair MACLEOD (Ind),Leslie MANSON (Ind),OMG,skipped,skipped,skipped,skipped,,7
1427,Alastair MACLEOD (Ind),Leslie MANSON (Ind),OMG,skipped,skipped,skipped,skipped,,7
1428,Alastair MACLEOD (Ind),Leslie MANSON (Ind),OMG,skipped,skipped,skipped,skipped,,7
1429,Alastair MACLEOD (Ind),Sandy COWIE (Ind),Max THOMAS (Ind),Barbara LESLIE (Ind),Barbara FOULKES (Ind),OMG,Leslie MANSON (Ind),,7
1430,Alastair MACLEOD (Ind),Sandy COWIE (Ind),Leslie MANSON (Ind),skipped,skipped,skipped,skipped,,7
1431,Alastair MACLEOD (Ind),Sandy COWIE (Ind),Leslie MANSON (Ind),Barbara FOULKES (Ind),skipped,skipped,skipped,,7
1432,Alastair MACLEOD (Ind),Sandy COWIE (Ind),Leslie MANSON (Ind),Barbara FOULKES (Ind),Barbara LESLIE (Ind),Max THOMAS (Ind),skipped,,7
1433,Alastair MACLEOD (Ind),Sandy COWIE (Ind),Barbara FOULKES (Ind),skipped,skipped,skipped,skipped,,7
1434,Alastair MACLEOD (Ind),Sandy COWIE (Ind),OMG,skipped,skipped,skipped,skipped,,7
1435,Alastair MACLEOD (Ind),Sandy COWIE (Ind),OMG,Barbara LESLIE (Ind),skipped,skipped,skipped,,7
1436,Alastair MACLEOD (Ind),Sandy COWIE (Ind),OMG,Leslie MANSON (Ind),skipped,skipped,skipped,,7
1437,Alastair MACLEOD (Ind),Barbara FOULKES (Ind),skipped,skipped,skipped,skipped,skipped,,7
1438,Alastair MACLEOD (Ind),Barbara FOULKES (Ind),skipped,skipped,skipped,skipped,skipped,,7
1439,Alastair MACLEOD (Ind),Barbara FOULKES (Ind),Barbara LESLIE (Ind),Max THOMAS (Ind),skipped,skipped,skipped,,7
1440,Alastair MACLEOD (Ind),Barbara FOULKES (Ind),Leslie MANSON (Ind),Barbara LESLIE (Ind),Max THOMAS (Ind),Sandy COWIE (Ind),OMG,,7
1441,Alastair MACLEOD (Ind),OMG,skipped,skipped,skipped,skipped,skipped,,7
1442,Alastair MACLEOD (Ind),OMG,Leslie MANSON (Ind),Barbara FOULKES (Ind),Sandy COWIE (Ind),Max THOMAS (Ind),Barbara LESLIE (Ind),,7
1443,Alastair MACLEOD (Ind),OMG,Sandy COWIE (Ind),skipped,skipped,skipped,skipped,,7
1444,Alastair MACLEOD (Ind),OMG,Sandy COWIE (Ind),Barbara LESLIE (Ind),skipped,skipped,skipped,,7
1445,Alastair MACLEOD (Ind),OMG,Sandy COWIE (Ind),Leslie MANSON (Ind),skipped,skipped,skipped,,7
1446,Alastair MACLEOD (Ind),OMG,Sandy COWIE (Ind),Barbara FOULKES (Ind),Barbara LESLIE (Ind),Max THOMAS (Ind),Leslie MANSON (Ind),,7
