voterId,rank1,rank2,rank3,rank4,rank5,rank6,rank7,numSeats,numCands
0,Julie FLEMING (RISE) (UNKNOWN),skipped,skipped,skipped,skipped,skipped,skipped,,7
1,Julie FLEMING (RISE) (UNKNOWN),skipped,skipped,skipped,skipped,skipped,skipped,,7
2,Julie FLEMING (RISE) (UNKNOWN),skipped,skipped,skipped,skipped,skipped,skipped,,7
3,Julie FLEMING (RISE) (UNKNOWN),skipped,skipped,skipped,skipped,skipped,skipped,,7
4,Julie FLEMING (RISE) (UNKNOWN),skipped,skipped,skipped,skipped,skipped,skipped,,7
5,Julie FLEMING (RISE) (UNKNOWN),skipped,skipped,skipped,skipped,skipped,skipped,,7
6,Julie FLEMING (RISE) (UNKNOWN),skipped,skipped,skipped,skipped,skipped,skipped,,7
7,Julie FLEMING (RISE) (UNKNOWN),skipped,skipped,skipped,skipped,skipped,skipped,,7
8,Julie FLEMING (RISE) (UNKNOWN),skipped,skipped,skipped,skipped,skipped,skipped,,7
9,Julie FLEMING (RISE) (UNKNOWN),skipped,skipped,skipped,skipped,skipped,skipped,,7
10,Julie FLEMING (RISE) (UNKNOWN),skipped,skipped,skipped,skipped,skipped,skipped,,7
11,Julie FLEMING (RISE) (UNKNOWN),skipped,skipped,skipped,skipped,skipped,skipped,,7
12,Julie FLEMING (RISE) (UNKNOWN),skipped,skipped,skipped,skipped,skipped,skipped,,7
13,Julie FLEMING (RISE) (UNKNOWN),skipped,skipped,skipped,skipped,skipped,skipped,,7
14,Julie FLEMING (RISE) (UNKNOWN),skipped,skipped,skipped,skipped,skipped,skipped,,7
15,Julie FLEMING (RISE) (UNKNOWN),skipped,skipped,skipped,skipped,skipped,skipped,,7
16,Julie FLEMING (RISE) (UNKNOWN),skipped,skipped,skipped,skipped,skipped,skipped,,7
17,Julie FLEMING (RISE) (UNKNOWN),skipped,skipped,skipped,skipped,skipped,skipped,,7
18,Julie FLEMING (RISE) (UNKNOWN),skipped,skipped,skipped,skipped,skipped,skipped,,7
19,Julie FLEMING (RISE) (UNKNOWN),skipped,skipped,skipped,skipped,skipped,skipped,,7
20,Julie FLEMING (RISE) (UNKNOWN),skipped,skipped,skipped,skipped,skipped,skipped,,7
21,Julie FLEMING (RISE) (UNKNOWN),skipped,skipped,skipped,skipped,skipped,skipped,,7
22,Julie FLEMING (RISE) (UNKNOWN),skipped,skipped,skipped,skipped,skipped,skipped,,7
23,Julie FLEMING (RISE) (UNKNOWN),skipped,skipped,skipped,skipped,skipped,skipped,,7
24,Julie FLEMING (RISE) (UNKNOWN),skipped,skipped,skipped,skipped,skipped,skipped,,7
25,Julie FLEMING (RISE) (UNKNOWN),skipped,skipped,skipped,skipped,skipped,skipped,,7
26,Julie FLEMING (RISE) (UNKNOWN),skipped,skipped,skipped,skipped,skipped,skipped,,7
27,Julie FLEMING (RISE) (UNKNOWN),skipped,skipped,skipped,skipped,skipped,skipped,,7
28,Julie FLEMING (RISE) (UNKNOWN),skipped,skipped,skipped,skipped,skipped,skipped,,7
29,Julie FLEMING (RISE) (UNKNOWN),skipped,skipped,skipped,skipped,skipped,skipped,,7
30,Julie FLEMING (RISE) (UNKNOWN),skipped,skipped,skipped,skipped,skipped,skipped,,7
31,Julie FLEMING (RISE) (UNKNOWN),skipped,skipped,skipped,skipped,skipped,skipped,,7
32,Julie FLEMING (RISE) (UNKNOWN),Paul KELLY (Lab),skipped,skipped,skipped,skipped,skipped,,7
33,Julie FLEMING (RISE) (UNKNOWN),Paul KELLY (Lab),skipped,skipped,skipped,skipped,skipped,,7
34,Julie FLEMING (RISE) (UNKNOWN),Paul KELLY (Lab),skipped,skipped,skipped,skipped,skipped,,7
35,Julie FLEMING (RISE) (UNKNOWN),Paul KELLY (Lab),skipped,skipped,skipped,skipped,skipped,,7
36,Julie FLEMING (RISE) (UNKNOWN),Paul KELLY (Lab),skipped,skipped,skipped,skipped,skipped,,7
37,Julie FLEMING (RISE) (UNKNOWN),Paul KELLY (Lab),skipped,skipped,skipped,skipped,skipped,,7
38,Julie FLEMING (RISE) (UNKNOWN),Paul KELLY (Lab),Elaine MCSPADDEN (IANL) (UNKNOWN),Annette VALENTINE (SNP),skipped,skipped,skipped,,7
39,Julie FLEMING (RISE) (UNKNOWN),Paul KELLY (Lab),Elaine MCSPADDEN (IANL) (UNKNOWN),Annette VALENTINE (SNP),skipped,skipped,skipped,,7
40,Julie FLEMING (RISE) (UNKNOWN),Paul KELLY (Lab),Elaine MCSPADDEN (IANL) (UNKNOWN),Meghan GALLACHER (Con),skipped,skipped,skipped,,7
41,Julie FLEMING (RISE) (UNKNOWN),Paul KELLY (Lab),Elaine MCSPADDEN (IANL) (UNKNOWN),Meghan GALLACHER (Con),Annette VALENTINE (SNP),skipped,skipped,,7
42,Julie FLEMING (RISE) (UNKNOWN),Paul KELLY (Lab),Jamie SUPER (SNP),skipped,skipped,skipped,skipped,,7
43,Julie FLEMING (RISE) (UNKNOWN),Paul KELLY (Lab),Jamie SUPER (SNP),skipped,skipped,skipped,skipped,,7
44,Julie FLEMING (RISE) (UNKNOWN),Paul KELLY (Lab),Elaine MCSPADDEN (IANL) (UNKNOWN),Annette VALENTINE (SNP),Meghan GALLACHER (Con),skipped,skipped,,7
45,Julie FLEMING (RISE) (UNKNOWN),Paul KELLY (Lab),skipped,skipped,skipped,skipped,skipped,,7
46,Julie FLEMING (RISE) (UNKNOWN),Paul KELLY (Lab),skipped,skipped,skipped,skipped,skipped,,7
47,Julie FLEMING (RISE) (UNKNOWN),Paul KELLY (Lab),skipped,skipped,skipped,skipped,skipped,,7
48,Julie FLEMING (RISE) (UNKNOWN),Paul KELLY (Lab),skipped,skipped,skipped,skipped,skipped,,7
49,Julie FLEMING (RISE) (UNKNOWN),Paul KELLY (Lab),skipped,skipped,skipped,skipped,skipped,,7
50,Julie FLEMING (RISE) (UNKNOWN),Paul KELLY (Lab),Elaine MCSPADDEN (IANL) (UNKNOWN),Annette VALENTINE (SNP),Meghan GALLACHER (Con),skipped,skipped,,7
51,Julie FLEMING (RISE) (UNKNOWN),Paul KELLY (Lab),Annette VALENTINE (SNP),Meghan GALLACHER (Con),Elaine MCSPADDEN (IANL) (UNKNOWN),skipped,skipped,,7
52,Julie FLEMING (RISE) (UNKNOWN),Paul KELLY (Lab),Annette VALENTINE (SNP),skipped,skipped,skipped,skipped,,7
53,Julie FLEMING (RISE) (UNKNOWN),Paul KELLY (Lab),Meghan GALLACHER (Con),skipped,skipped,skipped,skipped,,7
54,Julie FLEMING (RISE) (UNKNOWN),Paul KELLY (Lab),Annette VALENTINE (SNP),skipped,skipped,skipped,skipped,,7
55,Julie FLEMING (RISE) (UNKNOWN),Paul KELLY (Lab),Annette VALENTINE (SNP),skipped,skipped,skipped,skipped,,7
56,Julie FLEMING (RISE) (UNKNOWN),Paul KELLY (Lab),Annette VALENTINE (SNP),skipped,skipped,skipped,skipped,,7
57,Julie FLEMING (RISE) (UNKNOWN),Paul KELLY (Lab),Meghan GALLACHER (Con),skipped,skipped,skipped,skipped,,7
58,Julie FLEMING (RISE) (UNKNOWN),Paul KELLY (Lab),Meghan GALLACHER (Con),skipped,skipped,skipped,skipped,,7
59,Julie FLEMING (RISE) (UNKNOWN),Paul KELLY (Lab),Meghan GALLACHER (Con),Elaine MCSPADDEN (IANL) (UNKNOWN),skipped,skipped,skipped,,7
60,Julie FLEMING (RISE) (UNKNOWN),Paul KELLY (Lab),Meghan GALLACHER (Con),Elaine MCSPADDEN (IANL) (UNKNOWN),Annette VALENTINE (SNP),skipped,skipped,,7
61,Julie FLEMING (RISE) (UNKNOWN),Elaine MCSPADDEN (IANL) (UNKNOWN),skipped,skipped,skipped,skipped,skipped,,7
62,Julie FLEMING (RISE) (UNKNOWN),Elaine MCSPADDEN (IANL) (UNKNOWN),skipped,skipped,skipped,skipped,skipped,,7
63,Julie FLEMING (RISE) (UNKNOWN),Elaine MCSPADDEN (IANL) (UNKNOWN),skipped,skipped,skipped,skipped,skipped,,7
64,Julie FLEMING (RISE) (UNKNOWN),Elaine MCSPADDEN (IANL) (UNKNOWN),skipped,skipped,skipped,skipped,skipped,,7
65,Julie FLEMING (RISE) (UNKNOWN),Elaine MCSPADDEN (IANL) (UNKNOWN),skipped,skipped,skipped,skipped,skipped,,7
66,Julie FLEMING (RISE) (UNKNOWN),Elaine MCSPADDEN (IANL) (UNKNOWN),skipped,skipped,skipped,skipped,skipped,,7
67,Julie FLEMING (RISE) (UNKNOWN),Elaine MCSPADDEN (IANL) (UNKNOWN),skipped,skipped,skipped,skipped,skipped,,7
68,Julie FLEMING (RISE) (UNKNOWN),Elaine MCSPADDEN (IANL) (UNKNOWN),skipped,skipped,skipped,skipped,skipped,,7
69,Julie FLEMING (RISE) (UNKNOWN),Elaine MCSPADDEN (IANL) (UNKNOWN),skipped,skipped,skipped,skipped,skipped,,7
70,Julie FLEMING (RISE) (UNKNOWN),Elaine MCSPADDEN (IANL) (UNKNOWN),skipped,skipped,skipped,skipped,skipped,,7
71,Julie FLEMING (RISE) (UNKNOWN),Elaine MCSPADDEN (IANL) (UNKNOWN),Paul KELLY (Lab),skipped,skipped,skipped,skipped,,7
72,Julie FLEMING (RISE) (UNKNOWN),Elaine MCSPADDEN (IANL) (UNKNOWN),Paul KELLY (Lab),skipped,skipped,skipped,skipped,,7
73,Julie FLEMING (RISE) (UNKNOWN),Elaine MCSPADDEN (IANL) (UNKNOWN),Paul KELLY (Lab),skipped,skipped,skipped,skipped,,7
74,Julie FLEMING (RISE) (UNKNOWN),Elaine MCSPADDEN (IANL) (UNKNOWN),Annette VALENTINE (SNP),Paul KELLY (Lab),skipped,skipped,skipped,,7
75,Julie FLEMING (RISE) (UNKNOWN),Elaine MCSPADDEN (IANL) (UNKNOWN),Annette VALENTINE (SNP),Paul KELLY (Lab),Meghan GALLACHER (Con),skipped,skipped,,7
76,Julie FLEMING (RISE) (UNKNOWN),Elaine MCSPADDEN (IANL) (UNKNOWN),Michael Edward ROSS (Lab),skipped,skipped,skipped,skipped,,7
77,Julie FLEMING (RISE) (UNKNOWN),Elaine MCSPADDEN (IANL) (UNKNOWN),Michael Edward ROSS (Lab),skipped,skipped,skipped,skipped,,7
78,Julie FLEMING (RISE) (UNKNOWN),Elaine MCSPADDEN (IANL) (UNKNOWN),Michael Edward ROSS (Lab),skipped,skipped,skipped,skipped,,7
79,Julie FLEMING (RISE) (UNKNOWN),Elaine MCSPADDEN (IANL) (UNKNOWN),Paul KELLY (Lab),Annette VALENTINE (SNP),Meghan GALLACHER (Con),skipped,skipped,,7
80,Julie FLEMING (RISE) (UNKNOWN),Elaine MCSPADDEN (IANL) (UNKNOWN),Paul KELLY (Lab),Meghan GALLACHER (Con),Annette VALENTINE (SNP),skipped,skipped,,7
81,Julie FLEMING (RISE) (UNKNOWN),Elaine MCSPADDEN (IANL) (UNKNOWN),Annette VALENTINE (SNP),skipped,skipped,skipped,skipped,,7
82,Julie FLEMING (RISE) (UNKNOWN),Elaine MCSPADDEN (IANL) (UNKNOWN),Annette VALENTINE (SNP),skipped,skipped,skipped,skipped,,7
83,Julie FLEMING (RISE) (UNKNOWN),Elaine MCSPADDEN (IANL) (UNKNOWN),Annette VALENTINE (SNP),skipped,skipped,skipped,skipped,,7
84,Julie FLEMING (RISE) (UNKNOWN),Elaine MCSPADDEN (IANL) (UNKNOWN),Annette VALENTINE (SNP),skipped,skipped,skipped,skipped,,7
85,Julie FLEMING (RISE) (UNKNOWN),Elaine MCSPADDEN (IANL) (UNKNOWN),Annette VALENTINE (SNP),Paul KELLY (Lab),Meghan GALLACHER (Con),skipped,skipped,,7
86,Julie FLEMING (RISE) (UNKNOWN),Elaine MCSPADDEN (IANL) (UNKNOWN),Annette VALENTINE (SNP),skipped,skipped,skipped,skipped,,7
87,Julie FLEMING (RISE) (UNKNOWN),Elaine MCSPADDEN (IANL) (UNKNOWN),Annette VALENTINE (SNP),skipped,skipped,skipped,skipped,,7
88,Julie FLEMING (RISE) (UNKNOWN),Elaine MCSPADDEN (IANL) (UNKNOWN),Annette VALENTINE (SNP),Paul KELLY (Lab),skipped,skipped,skipped,,7
89,Julie FLEMING (RISE) (UNKNOWN),Elaine MCSPADDEN (IANL) (UNKNOWN),Meghan GALLACHER (Con),skipped,skipped,skipped,skipped,,7
90,Julie FLEMING (RISE) (UNKNOWN),Elaine MCSPADDEN (IANL) (UNKNOWN),Meghan GALLACHER (Con),skipped,skipped,skipped,skipped,,7
91,Julie FLEMING (RISE) (UNKNOWN),Elaine MCSPADDEN (IANL) (UNKNOWN),Meghan GALLACHER (Con),skipped,skipped,skipped,skipped,,7
92,Julie FLEMING (RISE) (UNKNOWN),Elaine MCSPADDEN (IANL) (UNKNOWN),Meghan GALLACHER (Con),skipped,skipped,skipped,skipped,,7
93,Julie FLEMING (RISE) (UNKNOWN),Elaine MCSPADDEN (IANL) (UNKNOWN),Meghan GALLACHER (Con),skipped,skipped,skipped,skipped,,7
94,Julie FLEMING (RISE) (UNKNOWN),Elaine MCSPADDEN (IANL) (UNKNOWN),Meghan GALLACHER (Con),skipped,skipped,skipped,skipped,,7
95,Julie FLEMING (RISE) (UNKNOWN),Elaine MCSPADDEN (IANL) (UNKNOWN),Meghan GALLACHER (Con),skipped,skipped,skipped,skipped,,7
96,Julie FLEMING (RISE) (UNKNOWN),Elaine MCSPADDEN (IANL) (UNKNOWN),Meghan GALLACHER (Con),Paul KELLY (Lab),Annette VALENTINE (SNP),skipped,skipped,,7
97,Julie FLEMING (RISE) (UNKNOWN),Jamie SUPER (SNP),skipped,skipped,skipped,skipped,skipped,,7
98,Julie FLEMING (RISE) (UNKNOWN),Jamie SUPER (SNP),skipped,skipped,skipped,skipped,skipped,,7
99,Julie FLEMING (RISE) (UNKNOWN),Jamie SUPER (SNP),skipped,skipped,skipped,skipped,skipped,,7
100,Julie FLEMING (RISE) (UNKNOWN),Jamie SUPER (SNP),skipped,skipped,skipped,skipped,skipped,,7
101,Julie FLEMING (RISE) (UNKNOWN),Jamie SUPER (SNP),skipped,skipped,skipped,skipped,skipped,,7
102,Julie FLEMING (RISE) (UNKNOWN),Jamie SUPER (SNP),skipped,skipped,skipped,skipped,skipped,,7
103,Julie FLEMING (RISE) (UNKNOWN),Jamie SUPER (SNP),skipped,skipped,skipped,skipped,skipped,,7
104,Julie FLEMING (RISE) (UNKNOWN),Jamie SUPER (SNP),Paul KELLY (Lab),skipped,skipped,skipped,skipped,,7
105,Julie FLEMING (RISE) (UNKNOWN),Paul KELLY (Lab),Annette VALENTINE (SNP),Elaine MCSPADDEN (IANL) (UNKNOWN),Meghan GALLACHER (Con),skipped,skipped,,7
106,Julie FLEMING (RISE) (UNKNOWN),Jamie SUPER (SNP),Elaine MCSPADDEN (IANL) (UNKNOWN),skipped,skipped,skipped,skipped,,7
107,Julie FLEMING (RISE) (UNKNOWN),Jamie SUPER (SNP),Elaine MCSPADDEN (IANL) (UNKNOWN),skipped,skipped,skipped,skipped,,7
108,Julie FLEMING (RISE) (UNKNOWN),Elaine MCSPADDEN (IANL) (UNKNOWN),Annette VALENTINE (SNP),skipped,skipped,skipped,skipped,,7
109,Julie FLEMING (RISE) (UNKNOWN),Jamie SUPER (SNP),Michael Edward ROSS (Lab),skipped,skipped,skipped,skipped,,7
110,Julie FLEMING (RISE) (UNKNOWN),Jamie SUPER (SNP),Michael Edward ROSS (Lab),skipped,skipped,skipped,skipped,,7
111,Julie FLEMING (RISE) (UNKNOWN),Jamie SUPER (SNP),Michael Edward ROSS (Lab),skipped,skipped,skipped,skipped,,7
112,Julie FLEMING (RISE) (UNKNOWN),Annette VALENTINE (SNP),skipped,skipped,skipped,skipped,skipped,,7
113,Julie FLEMING (RISE) (UNKNOWN),Annette VALENTINE (SNP),skipped,skipped,skipped,skipped,skipped,,7
114,Julie FLEMING (RISE) (UNKNOWN),Annette VALENTINE (SNP),skipped,skipped,skipped,skipped,skipped,,7
115,Julie FLEMING (RISE) (UNKNOWN),Annette VALENTINE (SNP),skipped,skipped,skipped,skipped,skipped,,7
116,Julie FLEMING (RISE) (UNKNOWN),Annette VALENTINE (SNP),skipped,skipped,skipped,skipped,skipped,,7
117,Julie FLEMING (RISE) (UNKNOWN),Annette VALENTINE (SNP),skipped,skipped,skipped,skipped,skipped,,7
118,Julie FLEMING (RISE) (UNKNOWN),Annette VALENTINE (SNP),skipped,skipped,skipped,skipped,skipped,,7
119,Julie FLEMING (RISE) (UNKNOWN),Annette VALENTINE (SNP),Paul KELLY (Lab),Elaine MCSPADDEN (IANL) (UNKNOWN),skipped,skipped,skipped,,7
120,Julie FLEMING (RISE) (UNKNOWN),Annette VALENTINE (SNP),Paul KELLY (Lab),Elaine MCSPADDEN (IANL) (UNKNOWN),Meghan GALLACHER (Con),skipped,skipped,,7
121,Julie FLEMING (RISE) (UNKNOWN),Annette VALENTINE (SNP),Elaine MCSPADDEN (IANL) (UNKNOWN),Paul KELLY (Lab),Meghan GALLACHER (Con),skipped,skipped,,7
122,Julie FLEMING (RISE) (UNKNOWN),Annette VALENTINE (SNP),Elaine MCSPADDEN (IANL) (UNKNOWN),Paul KELLY (Lab),Meghan GALLACHER (Con),skipped,skipped,,7
123,Julie FLEMING (RISE) (UNKNOWN),Annette VALENTINE (SNP),Paul KELLY (Lab),Elaine MCSPADDEN (IANL) (UNKNOWN),Meghan GALLACHER (Con),skipped,skipped,,7
124,Julie FLEMING (RISE) (UNKNOWN),Annette VALENTINE (SNP),Paul KELLY (Lab),Elaine MCSPADDEN (IANL) (UNKNOWN),Meghan GALLACHER (Con),skipped,skipped,,7
125,Julie FLEMING (RISE) (UNKNOWN),Annette VALENTINE (SNP),Paul KELLY (Lab),Elaine MCSPADDEN (IANL) (UNKNOWN),Meghan GALLACHER (Con),skipped,skipped,,7
126,Julie FLEMING (RISE) (UNKNOWN),Annette VALENTINE (SNP),Elaine MCSPADDEN (IANL) (UNKNOWN),Paul KELLY (Lab),Meghan GALLACHER (Con),skipped,skipped,,7
127,Julie FLEMING (RISE) (UNKNOWN),Jamie SUPER (SNP),Meghan GALLACHER (Con),skipped,skipped,skipped,skipped,,7
128,Julie FLEMING (RISE) (UNKNOWN),Michael Edward ROSS (Lab),skipped,skipped,skipped,skipped,skipped,,7
129,Julie FLEMING (RISE) (UNKNOWN),Michael Edward ROSS (Lab),skipped,skipped,skipped,skipped,skipped,,7
130,Julie FLEMING (RISE) (UNKNOWN),Michael Edward ROSS (Lab),skipped,skipped,skipped,skipped,skipped,,7
131,Julie FLEMING (RISE) (UNKNOWN),Paul KELLY (Lab),skipped,skipped,skipped,skipped,skipped,,7
132,Julie FLEMING (RISE) (UNKNOWN),Paul KELLY (Lab),skipped,skipped,skipped,skipped,skipped,,7
133,Julie FLEMING (RISE) (UNKNOWN),Paul KELLY (Lab),skipped,skipped,skipped,skipped,skipped,,7
134,Julie FLEMING (RISE) (UNKNOWN),Paul KELLY (Lab),Annette VALENTINE (SNP),skipped,skipped,skipped,skipped,,7
135,Julie FLEMING (RISE) (UNKNOWN),Paul KELLY (Lab),Annette VALENTINE (SNP),Elaine MCSPADDEN (IANL) (UNKNOWN),Meghan GALLACHER (Con),skipped,skipped,,7
136,Julie FLEMING (RISE) (UNKNOWN),Paul KELLY (Lab),Annette VALENTINE (SNP),Elaine MCSPADDEN (IANL) (UNKNOWN),Meghan GALLACHER (Con),skipped,skipped,,7
137,Julie FLEMING (RISE) (UNKNOWN),Paul KELLY (Lab),Meghan GALLACHER (Con),Annette VALENTINE (SNP),skipped,skipped,skipped,,7
138,Julie FLEMING (RISE) (UNKNOWN),Michael Edward ROSS (Lab),Elaine MCSPADDEN (IANL) (UNKNOWN),skipped,skipped,skipped,skipped,,7
139,Julie FLEMING (RISE) (UNKNOWN),Michael Edward ROSS (Lab),Annette VALENTINE (SNP),skipped,skipped,skipped,skipped,,7
140,Julie FLEMING (RISE) (UNKNOWN),Michael Edward ROSS (Lab),Annette VALENTINE (SNP),skipped,skipped,skipped,skipped,,7
141,Julie FLEMING (RISE) (UNKNOWN),Michael Edward ROSS (Lab),Meghan GALLACHER (Con),skipped,skipped,skipped,skipped,,7
142,Julie FLEMING (RISE) (UNKNOWN),Meghan GALLACHER (Con),Elaine MCSPADDEN (IANL) (UNKNOWN),Paul KELLY (Lab),Annette VALENTINE (SNP),skipped,skipped,,7
143,Julie FLEMING (RISE) (UNKNOWN),Annette VALENTINE (SNP),skipped,skipped,skipped,skipped,skipped,,7
144,Julie FLEMING (RISE) (UNKNOWN),Annette VALENTINE (SNP),Elaine MCSPADDEN (IANL) (UNKNOWN),Paul KELLY (Lab),skipped,skipped,skipped,,7
145,Julie FLEMING (RISE) (UNKNOWN),Annette VALENTINE (SNP),skipped,skipped,skipped,skipped,skipped,,7
146,Julie FLEMING (RISE) (UNKNOWN),Annette VALENTINE (SNP),skipped,skipped,skipped,skipped,skipped,,7
147,Julie FLEMING (RISE) (UNKNOWN),Annette VALENTINE (SNP),skipped,skipped,skipped,skipped,skipped,,7
148,Julie FLEMING (RISE) (UNKNOWN),Annette VALENTINE (SNP),skipped,skipped,skipped,skipped,skipped,,7
149,Julie FLEMING (RISE) (UNKNOWN),Annette VALENTINE (SNP),skipped,skipped,skipped,skipped,skipped,,7
150,Julie FLEMING (RISE) (UNKNOWN),Annette VALENTINE (SNP),Paul KELLY (Lab),skipped,skipped,skipped,skipped,,7
151,Julie FLEMING (RISE) (UNKNOWN),Annette VALENTINE (SNP),Paul KELLY (Lab),Elaine MCSPADDEN (IANL) (UNKNOWN),skipped,skipped,skipped,,7
152,Julie FLEMING (RISE) (UNKNOWN),Annette VALENTINE (SNP),Elaine MCSPADDEN (IANL) (UNKNOWN),skipped,skipped,skipped,skipped,,7
153,Julie FLEMING (RISE) (UNKNOWN),Annette VALENTINE (SNP),Elaine MCSPADDEN (IANL) (UNKNOWN),Paul KELLY (Lab),Meghan GALLACHER (Con),skipped,skipped,,7
154,Julie FLEMING (RISE) (UNKNOWN),Annette VALENTINE (SNP),Elaine MCSPADDEN (IANL) (UNKNOWN),Paul KELLY (Lab),Meghan GALLACHER (Con),skipped,skipped,,7
155,Julie FLEMING (RISE) (UNKNOWN),Annette VALENTINE (SNP),Elaine MCSPADDEN (IANL) (UNKNOWN),Paul KELLY (Lab),Meghan GALLACHER (Con),skipped,skipped,,7
156,Julie FLEMING (RISE) (UNKNOWN),Annette VALENTINE (SNP),Paul KELLY (Lab),skipped,skipped,skipped,skipped,,7
157,Julie FLEMING (RISE) (UNKNOWN),Annette VALENTINE (SNP),Paul KELLY (Lab),skipped,skipped,skipped,skipped,,7
158,Julie FLEMING (RISE) (UNKNOWN),Annette VALENTINE (SNP),Paul KELLY (Lab),Elaine MCSPADDEN (IANL) (UNKNOWN),skipped,skipped,skipped,,7
159,Julie FLEMING (RISE) (UNKNOWN),Annette VALENTINE (SNP),Paul KELLY (Lab),Elaine MCSPADDEN (IANL) (UNKNOWN),skipped,skipped,skipped,,7
160,Julie FLEMING (RISE) (UNKNOWN),Annette VALENTINE (SNP),Paul KELLY (Lab),Elaine MCSPADDEN (IANL) (UNKNOWN),Meghan GALLACHER (Con),skipped,skipped,,7
161,Julie FLEMING (RISE) (UNKNOWN),Annette VALENTINE (SNP),Michael Edward ROSS (Lab),Elaine MCSPADDEN (IANL) (UNKNOWN),skipped,skipped,skipped,,7
162,Julie FLEMING (RISE) (UNKNOWN),Annette VALENTINE (SNP),Meghan GALLACHER (Con),Paul KELLY (Lab),Elaine MCSPADDEN (IANL) (UNKNOWN),skipped,skipped,,7
163,Julie FLEMING (RISE) (UNKNOWN),Annette VALENTINE (SNP),Michael Edward ROSS (Lab),skipped,skipped,skipped,skipped,,7
164,Julie FLEMING (RISE) (UNKNOWN),Annette VALENTINE (SNP),Michael Edward ROSS (Lab),skipped,skipped,skipped,skipped,,7
165,Julie FLEMING (RISE) (UNKNOWN),Annette VALENTINE (SNP),Paul KELLY (Lab),skipped,skipped,skipped,skipped,,7
166,Julie FLEMING (RISE) (UNKNOWN),Annette VALENTINE (SNP),Paul KELLY (Lab),skipped,skipped,skipped,skipped,,7
167,Julie FLEMING (RISE) (UNKNOWN),Annette VALENTINE (SNP),Elaine MCSPADDEN (IANL) (UNKNOWN),Paul KELLY (Lab),Meghan GALLACHER (Con),skipped,skipped,,7
168,Julie FLEMING (RISE) (UNKNOWN),Annette VALENTINE (SNP),Meghan GALLACHER (Con),Paul KELLY (Lab),Elaine MCSPADDEN (IANL) (UNKNOWN),skipped,skipped,,7
169,Julie FLEMING (RISE) (UNKNOWN),Annette VALENTINE (SNP),Meghan GALLACHER (Con),Paul KELLY (Lab),Elaine MCSPADDEN (IANL) (UNKNOWN),skipped,skipped,,7
170,Julie FLEMING (RISE) (UNKNOWN),Meghan GALLACHER (Con),skipped,skipped,skipped,skipped,skipped,,7
171,Julie FLEMING (RISE) (UNKNOWN),Meghan GALLACHER (Con),skipped,skipped,skipped,skipped,skipped,,7
172,Julie FLEMING (RISE) (UNKNOWN),Meghan GALLACHER (Con),skipped,skipped,skipped,skipped,skipped,,7
173,Julie FLEMING (RISE) (UNKNOWN),Meghan GALLACHER (Con),skipped,skipped,skipped,skipped,skipped,,7
174,Julie FLEMING (RISE) (UNKNOWN),Meghan GALLACHER (Con),skipped,skipped,skipped,skipped,skipped,,7
175,Julie FLEMING (RISE) (UNKNOWN),Meghan GALLACHER (Con),Paul KELLY (Lab),skipped,skipped,skipped,skipped,,7
176,Julie FLEMING (RISE) (UNKNOWN),Meghan GALLACHER (Con),Paul KELLY (Lab),skipped,skipped,skipped,skipped,,7
177,Julie FLEMING (RISE) (UNKNOWN),Meghan GALLACHER (Con),Paul KELLY (Lab),skipped,skipped,skipped,skipped,,7
178,Julie FLEMING (RISE) (UNKNOWN),Meghan GALLACHER (Con),Paul KELLY (Lab),skipped,skipped,skipped,skipped,,7
179,Julie FLEMING (RISE) (UNKNOWN),Meghan GALLACHER (Con),Paul KELLY (Lab),skipped,skipped,skipped,skipped,,7
180,Julie FLEMING (RISE) (UNKNOWN),Meghan GALLACHER (Con),Elaine MCSPADDEN (IANL) (UNKNOWN),skipped,skipped,skipped,skipped,,7
181,Julie FLEMING (RISE) (UNKNOWN),Meghan GALLACHER (Con),Elaine MCSPADDEN (IANL) (UNKNOWN),Paul KELLY (Lab),skipped,skipped,skipped,,7
182,Julie FLEMING (RISE) (UNKNOWN),Meghan GALLACHER (Con),Elaine MCSPADDEN (IANL) (UNKNOWN),Paul KELLY (Lab),Annette VALENTINE (SNP),skipped,skipped,,7
183,Julie FLEMING (RISE) (UNKNOWN),Meghan GALLACHER (Con),Elaine MCSPADDEN (IANL) (UNKNOWN),Paul KELLY (Lab),Annette VALENTINE (SNP),skipped,skipped,,7
184,Julie FLEMING (RISE) (UNKNOWN),Meghan GALLACHER (Con),Michael Edward ROSS (Lab),skipped,skipped,skipped,skipped,,7
185,Julie FLEMING (RISE) (UNKNOWN),Meghan GALLACHER (Con),Paul KELLY (Lab),skipped,skipped,skipped,skipped,,7
186,Paul KELLY (Lab),skipped,skipped,skipped,skipped,skipped,skipped,,7
187,Paul KELLY (Lab),skipped,skipped,skipped,skipped,skipped,skipped,,7
188,Paul KELLY (Lab),skipped,skipped,skipped,skipped,skipped,skipped,,7
189,Paul KELLY (Lab),skipped,skipped,skipped,skipped,skipped,skipped,,7
190,Paul KELLY (Lab),skipped,skipped,skipped,skipped,skipped,skipped,,7
191,Paul KELLY (Lab),skipped,skipped,skipped,skipped,skipped,skipped,,7
192,Paul KELLY (Lab),skipped,skipped,skipped,skipped,skipped,skipped,,7
193,Paul KELLY (Lab),skipped,skipped,skipped,skipped,skipped,skipped,,7
194,Paul KELLY (Lab),skipped,skipped,skipped,skipped,skipped,skipped,,7
195,Paul KELLY (Lab),skipped,skipped,skipped,skipped,skipped,skipped,,7
196,Paul KELLY (Lab),skipped,skipped,skipped,skipped,skipped,skipped,,7
197,Paul KELLY (Lab),skipped,skipped,skipped,skipped,skipped,skipped,,7
198,Paul KELLY (Lab),skipped,skipped,skipped,skipped,skipped,skipped,,7
199,Paul KELLY (Lab),skipped,skipped,skipped,skipped,skipped,skipped,,7
200,Paul KELLY (Lab),skipped,skipped,skipped,skipped,skipped,skipped,,7
201,Paul KELLY (Lab),skipped,skipped,skipped,skipped,skipped,skipped,,7
202,Paul KELLY (Lab),skipped,skipped,skipped,skipped,skipped,skipped,,7
203,Paul KELLY (Lab),skipped,skipped,skipped,skipped,skipped,skipped,,7
204,Paul KELLY (Lab),skipped,skipped,skipped,skipped,skipped,skipped,,7
205,Paul KELLY (Lab),skipped,skipped,skipped,skipped,skipped,skipped,,7
206,Paul KELLY (Lab),skipped,skipped,skipped,skipped,skipped,skipped,,7
207,Paul KELLY (Lab),skipped,skipped,skipped,skipped,skipped,skipped,,7
208,Paul KELLY (Lab),skipped,skipped,skipped,skipped,skipped,skipped,,7
209,Paul KELLY (Lab),skipped,skipped,skipped,skipped,skipped,skipped,,7
210,Paul KELLY (Lab),skipped,skipped,skipped,skipped,skipped,skipped,,7
211,Paul KELLY (Lab),skipped,skipped,skipped,skipped,skipped,skipped,,7
212,Paul KELLY (Lab),skipped,skipped,skipped,skipped,skipped,skipped,,7
213,Paul KELLY (Lab),skipped,skipped,skipped,skipped,skipped,skipped,,7
214,Paul KELLY (Lab),skipped,skipped,skipped,skipped,skipped,skipped,,7
215,Paul KELLY (Lab),skipped,skipped,skipped,skipped,skipped,skipped,,7
216,Paul KELLY (Lab),skipped,skipped,skipped,skipped,skipped,skipped,,7
217,Paul KELLY (Lab),skipped,skipped,skipped,skipped,skipped,skipped,,7
218,Paul KELLY (Lab),skipped,skipped,skipped,skipped,skipped,skipped,,7
219,Paul KELLY (Lab),skipped,skipped,skipped,skipped,skipped,skipped,,7
220,Paul KELLY (Lab),skipped,skipped,skipped,skipped,skipped,skipped,,7
221,Paul KELLY (Lab),skipped,skipped,skipped,skipped,skipped,skipped,,7
222,Paul KELLY (Lab),skipped,skipped,skipped,skipped,skipped,skipped,,7
223,Paul KELLY (Lab),skipped,skipped,skipped,skipped,skipped,skipped,,7
224,Paul KELLY (Lab),skipped,skipped,skipped,skipped,skipped,skipped,,7
225,Paul KELLY (Lab),skipped,skipped,skipped,skipped,skipped,skipped,,7
226,Paul KELLY (Lab),skipped,skipped,skipped,skipped,skipped,skipped,,7
227,Paul KELLY (Lab),skipped,skipped,skipped,skipped,skipped,skipped,,7
228,Paul KELLY (Lab),skipped,skipped,skipped,skipped,skipped,skipped,,7
229,Paul KELLY (Lab),skipped,skipped,skipped,skipped,skipped,skipped,,7
230,Paul KELLY (Lab),skipped,skipped,skipped,skipped,skipped,skipped,,7
231,Paul KELLY (Lab),skipped,skipped,skipped,skipped,skipped,skipped,,7
232,Paul KELLY (Lab),skipped,skipped,skipped,skipped,skipped,skipped,,7
233,Paul KELLY (Lab),skipped,skipped,skipped,skipped,skipped,skipped,,7
234,Paul KELLY (Lab),skipped,skipped,skipped,skipped,skipped,skipped,,7
235,Paul KELLY (Lab),skipped,skipped,skipped,skipped,skipped,skipped,,7
236,Paul KELLY (Lab),skipped,skipped,skipped,skipped,skipped,skipped,,7
237,Paul KELLY (Lab),skipped,skipped,skipped,skipped,skipped,skipped,,7
238,Paul KELLY (Lab),skipped,skipped,skipped,skipped,skipped,skipped,,7
239,Paul KELLY (Lab),skipped,skipped,skipped,skipped,skipped,skipped,,7
240,Paul KELLY (Lab),skipped,skipped,skipped,skipped,skipped,skipped,,7
241,Paul KELLY (Lab),skipped,skipped,skipped,skipped,skipped,skipped,,7
242,Paul KELLY (Lab),skipped,skipped,skipped,skipped,skipped,skipped,,7
243,Paul KELLY (Lab),skipped,skipped,skipped,skipped,skipped,skipped,,7
244,Paul KELLY (Lab),skipped,skipped,skipped,skipped,skipped,skipped,,7
245,Paul KELLY (Lab),skipped,skipped,skipped,skipped,skipped,skipped,,7
246,Paul KELLY (Lab),skipped,skipped,skipped,skipped,skipped,skipped,,7
247,Paul KELLY (Lab),skipped,skipped,skipped,skipped,skipped,skipped,,7
248,Paul KELLY (Lab),skipped,skipped,skipped,skipped,skipped,skipped,,7
249,Paul KELLY (Lab),skipped,skipped,skipped,skipped,skipped,skipped,,7
250,Paul KELLY (Lab),skipped,skipped,skipped,skipped,skipped,skipped,,7
251,Paul KELLY (Lab),skipped,skipped,skipped,skipped,skipped,skipped,,7
252,Paul KELLY (Lab),skipped,skipped,skipped,skipped,skipped,skipped,,7
253,Paul KELLY (Lab),skipped,skipped,skipped,skipped,skipped,skipped,,7
254,Paul KELLY (Lab),skipped,skipped,skipped,skipped,skipped,skipped,,7
255,Paul KELLY (Lab),skipped,skipped,skipped,skipped,skipped,skipped,,7
256,Paul KELLY (Lab),skipped,skipped,skipped,skipped,skipped,skipped,,7
257,Paul KELLY (Lab),skipped,skipped,skipped,skipped,skipped,skipped,,7
258,Paul KELLY (Lab),skipped,skipped,skipped,skipped,skipped,skipped,,7
259,Paul KELLY (Lab),skipped,skipped,skipped,skipped,skipped,skipped,,7
260,Paul KELLY (Lab),skipped,skipped,skipped,skipped,skipped,skipped,,7
261,Paul KELLY (Lab),skipped,skipped,skipped,skipped,skipped,skipped,,7
262,Paul KELLY (Lab),skipped,skipped,skipped,skipped,skipped,skipped,,7
263,Paul KELLY (Lab),skipped,skipped,skipped,skipped,skipped,skipped,,7
264,Paul KELLY (Lab),skipped,skipped,skipped,skipped,skipped,skipped,,7
265,Paul KELLY (Lab),skipped,skipped,skipped,skipped,skipped,skipped,,7
266,Paul KELLY (Lab),skipped,skipped,skipped,skipped,skipped,skipped,,7
267,Paul KELLY (Lab),skipped,skipped,skipped,skipped,skipped,skipped,,7
268,Paul KELLY (Lab),skipped,skipped,skipped,skipped,skipped,skipped,,7
269,Paul KELLY (Lab),skipped,skipped,skipped,skipped,skipped,skipped,,7
270,Paul KELLY (Lab),Julie FLEMING (RISE) (UNKNOWN),skipped,skipped,skipped,skipped,skipped,,7
271,Paul KELLY (Lab),Julie FLEMING (RISE) (UNKNOWN),skipped,skipped,skipped,skipped,skipped,,7
272,Paul KELLY (Lab),Julie FLEMING (RISE) (UNKNOWN),skipped,skipped,skipped,skipped,skipped,,7
273,Paul KELLY (Lab),Julie FLEMING (RISE) (UNKNOWN),Elaine MCSPADDEN (IANL) (UNKNOWN),skipped,skipped,skipped,skipped,,7
274,Paul KELLY (Lab),Julie FLEMING (RISE) (UNKNOWN),Elaine MCSPADDEN (IANL) (UNKNOWN),skipped,skipped,skipped,skipped,,7
275,Paul KELLY (Lab),Julie FLEMING (RISE) (UNKNOWN),Elaine MCSPADDEN (IANL) (UNKNOWN),skipped,skipped,skipped,skipped,,7
276,Paul KELLY (Lab),Julie FLEMING (RISE) (UNKNOWN),Elaine MCSPADDEN (IANL) (UNKNOWN),skipped,skipped,skipped,skipped,,7
277,Paul KELLY (Lab),Julie FLEMING (RISE) (UNKNOWN),Elaine MCSPADDEN (IANL) (UNKNOWN),skipped,skipped,skipped,skipped,,7
278,Paul KELLY (Lab),Julie FLEMING (RISE) (UNKNOWN),Elaine MCSPADDEN (IANL) (UNKNOWN),skipped,skipped,skipped,skipped,,7
279,Paul KELLY (Lab),Julie FLEMING (RISE) (UNKNOWN),skipped,skipped,skipped,skipped,skipped,,7
280,Paul KELLY (Lab),Julie FLEMING (RISE) (UNKNOWN),skipped,skipped,skipped,skipped,skipped,,7
281,Paul KELLY (Lab),Julie FLEMING (RISE) (UNKNOWN),Elaine MCSPADDEN (IANL) (UNKNOWN),skipped,skipped,skipped,skipped,,7
282,Paul KELLY (Lab),Julie FLEMING (RISE) (UNKNOWN),Annette VALENTINE (SNP),skipped,skipped,skipped,skipped,,7
283,Paul KELLY (Lab),Julie FLEMING (RISE) (UNKNOWN),Annette VALENTINE (SNP),Elaine MCSPADDEN (IANL) (UNKNOWN),Meghan GALLACHER (Con),skipped,skipped,,7
284,Paul KELLY (Lab),Julie FLEMING (RISE) (UNKNOWN),Meghan GALLACHER (Con),Elaine MCSPADDEN (IANL) (UNKNOWN),Annette VALENTINE (SNP),skipped,skipped,,7
285,Paul KELLY (Lab),Julie FLEMING (RISE) (UNKNOWN),Meghan GALLACHER (Con),Elaine MCSPADDEN (IANL) (UNKNOWN),Annette VALENTINE (SNP),skipped,skipped,,7
286,Paul KELLY (Lab),Julie FLEMING (RISE) (UNKNOWN),Annette VALENTINE (SNP),skipped,skipped,skipped,skipped,,7
287,Paul KELLY (Lab),Julie FLEMING (RISE) (UNKNOWN),Annette VALENTINE (SNP),skipped,skipped,skipped,skipped,,7
288,Paul KELLY (Lab),Julie FLEMING (RISE) (UNKNOWN),Meghan GALLACHER (Con),skipped,skipped,skipped,skipped,,7
289,Paul KELLY (Lab),Julie FLEMING (RISE) (UNKNOWN),Meghan GALLACHER (Con),skipped,skipped,skipped,skipped,,7
290,Paul KELLY (Lab),Julie FLEMING (RISE) (UNKNOWN),Meghan GALLACHER (Con),skipped,skipped,skipped,skipped,,7
291,Paul KELLY (Lab),Julie FLEMING (RISE) (UNKNOWN),Meghan GALLACHER (Con),Elaine MCSPADDEN (IANL) (UNKNOWN),Annette VALENTINE (SNP),skipped,skipped,,7
292,Paul KELLY (Lab),Julie FLEMING (RISE) (UNKNOWN),Meghan GALLACHER (Con),Elaine MCSPADDEN (IANL) (UNKNOWN),Annette VALENTINE (SNP),skipped,skipped,,7
293,Paul KELLY (Lab),Julie FLEMING (RISE) (UNKNOWN),Meghan GALLACHER (Con),Elaine MCSPADDEN (IANL) (UNKNOWN),Annette VALENTINE (SNP),skipped,skipped,,7
294,Paul KELLY (Lab),Julie FLEMING (RISE) (UNKNOWN),Meghan GALLACHER (Con),Annette VALENTINE (SNP),Elaine MCSPADDEN (IANL) (UNKNOWN),skipped,skipped,,7
295,Paul KELLY (Lab),Elaine MCSPADDEN (IANL) (UNKNOWN),skipped,skipped,skipped,skipped,skipped,,7
296,Paul KELLY (Lab),Elaine MCSPADDEN (IANL) (UNKNOWN),skipped,skipped,skipped,skipped,skipped,,7
297,Paul KELLY (Lab),Elaine MCSPADDEN (IANL) (UNKNOWN),Julie FLEMING (RISE) (UNKNOWN),Meghan GALLACHER (Con),Annette VALENTINE (SNP),skipped,skipped,,7
298,Paul KELLY (Lab),Elaine MCSPADDEN (IANL) (UNKNOWN),skipped,skipped,skipped,skipped,skipped,,7
299,Paul KELLY (Lab),Elaine MCSPADDEN (IANL) (UNKNOWN),skipped,skipped,skipped,skipped,skipped,,7
300,Paul KELLY (Lab),Elaine MCSPADDEN (IANL) (UNKNOWN),skipped,skipped,skipped,skipped,skipped,,7
301,Paul KELLY (Lab),Elaine MCSPADDEN (IANL) (UNKNOWN),skipped,skipped,skipped,skipped,skipped,,7
302,Paul KELLY (Lab),Elaine MCSPADDEN (IANL) (UNKNOWN),skipped,skipped,skipped,skipped,skipped,,7
303,Paul KELLY (Lab),Elaine MCSPADDEN (IANL) (UNKNOWN),Annette VALENTINE (SNP),Meghan GALLACHER (Con),Julie FLEMING (RISE) (UNKNOWN),skipped,skipped,,7
304,Paul KELLY (Lab),Elaine MCSPADDEN (IANL) (UNKNOWN),Annette VALENTINE (SNP),skipped,skipped,skipped,skipped,,7
305,Paul KELLY (Lab),Elaine MCSPADDEN (IANL) (UNKNOWN),Meghan GALLACHER (Con),skipped,skipped,skipped,skipped,,7
306,Paul KELLY (Lab),Elaine MCSPADDEN (IANL) (UNKNOWN),Meghan GALLACHER (Con),skipped,skipped,skipped,skipped,,7
307,Paul KELLY (Lab),Jamie SUPER (SNP),skipped,skipped,skipped,skipped,skipped,,7
308,Paul KELLY (Lab),Jamie SUPER (SNP),skipped,skipped,skipped,skipped,skipped,,7
309,Paul KELLY (Lab),Jamie SUPER (SNP),skipped,skipped,skipped,skipped,skipped,,7
310,Paul KELLY (Lab),Jamie SUPER (SNP),Julie FLEMING (RISE) (UNKNOWN),skipped,skipped,skipped,skipped,,7
311,Paul KELLY (Lab),Jamie SUPER (SNP),Julie FLEMING (RISE) (UNKNOWN),skipped,skipped,skipped,skipped,,7
312,Paul KELLY (Lab),Elaine MCSPADDEN (IANL) (UNKNOWN),Annette VALENTINE (SNP),Julie FLEMING (RISE) (UNKNOWN),Meghan GALLACHER (Con),skipped,skipped,,7
313,Paul KELLY (Lab),Jamie SUPER (SNP),skipped,skipped,skipped,skipped,skipped,,7
314,Paul KELLY (Lab),Jamie SUPER (SNP),skipped,skipped,skipped,skipped,skipped,,7
315,Paul KELLY (Lab),Jamie SUPER (SNP),skipped,skipped,skipped,skipped,skipped,,7
316,Paul KELLY (Lab),Jamie SUPER (SNP),skipped,skipped,skipped,skipped,skipped,,7
317,Paul KELLY (Lab),Jamie SUPER (SNP),skipped,skipped,skipped,skipped,skipped,,7
318,Paul KELLY (Lab),Jamie SUPER (SNP),Julie FLEMING (RISE) (UNKNOWN),skipped,skipped,skipped,skipped,,7
319,Paul KELLY (Lab),Annette VALENTINE (SNP),skipped,skipped,skipped,skipped,skipped,,7
320,Paul KELLY (Lab),Annette VALENTINE (SNP),skipped,skipped,skipped,skipped,skipped,,7
321,Paul KELLY (Lab),Annette VALENTINE (SNP),skipped,skipped,skipped,skipped,skipped,,7
322,Paul KELLY (Lab),Annette VALENTINE (SNP),skipped,skipped,skipped,skipped,skipped,,7
323,Paul KELLY (Lab),Annette VALENTINE (SNP),skipped,skipped,skipped,skipped,skipped,,7
324,Paul KELLY (Lab),Annette VALENTINE (SNP),skipped,skipped,skipped,skipped,skipped,,7
325,Paul KELLY (Lab),Annette VALENTINE (SNP),skipped,skipped,skipped,skipped,skipped,,7
326,Paul KELLY (Lab),Annette VALENTINE (SNP),skipped,skipped,skipped,skipped,skipped,,7
327,Paul KELLY (Lab),Annette VALENTINE (SNP),skipped,skipped,skipped,skipped,skipped,,7
328,Paul KELLY (Lab),Annette VALENTINE (SNP),skipped,skipped,skipped,skipped,skipped,,7
329,Paul KELLY (Lab),Annette VALENTINE (SNP),skipped,skipped,skipped,skipped,skipped,,7
330,Paul KELLY (Lab),Annette VALENTINE (SNP),skipped,skipped,skipped,skipped,skipped,,7
331,Paul KELLY (Lab),Annette VALENTINE (SNP),skipped,skipped,skipped,skipped,skipped,,7
332,Paul KELLY (Lab),Annette VALENTINE (SNP),skipped,skipped,skipped,skipped,skipped,,7
333,Paul KELLY (Lab),Annette VALENTINE (SNP),skipped,skipped,skipped,skipped,skipped,,7
334,Paul KELLY (Lab),Annette VALENTINE (SNP),skipped,skipped,skipped,skipped,skipped,,7
335,Paul KELLY (Lab),Annette VALENTINE (SNP),skipped,skipped,skipped,skipped,skipped,,7
336,Paul KELLY (Lab),Annette VALENTINE (SNP),skipped,skipped,skipped,skipped,skipped,,7
337,Paul KELLY (Lab),Annette VALENTINE (SNP),skipped,skipped,skipped,skipped,skipped,,7
338,Paul KELLY (Lab),Annette VALENTINE (SNP),skipped,skipped,skipped,skipped,skipped,,7
339,Paul KELLY (Lab),Annette VALENTINE (SNP),skipped,skipped,skipped,skipped,skipped,,7
340,Paul KELLY (Lab),Annette VALENTINE (SNP),Julie FLEMING (RISE) (UNKNOWN),skipped,skipped,skipped,skipped,,7
341,Paul KELLY (Lab),Annette VALENTINE (SNP),Julie FLEMING (RISE) (UNKNOWN),Elaine MCSPADDEN (IANL) (UNKNOWN),Meghan GALLACHER (Con),skipped,skipped,,7
342,Paul KELLY (Lab),Annette VALENTINE (SNP),Meghan GALLACHER (Con),Elaine MCSPADDEN (IANL) (UNKNOWN),Julie FLEMING (RISE) (UNKNOWN),skipped,skipped,,7
343,Paul KELLY (Lab),Jamie SUPER (SNP),Meghan GALLACHER (Con),skipped,skipped,skipped,skipped,,7
344,Paul KELLY (Lab),skipped,skipped,skipped,skipped,skipped,skipped,,7
345,Paul KELLY (Lab),skipped,skipped,skipped,skipped,skipped,skipped,,7
346,Paul KELLY (Lab),skipped,skipped,skipped,skipped,skipped,skipped,,7
347,Paul KELLY (Lab),skipped,skipped,skipped,skipped,skipped,skipped,,7
348,Paul KELLY (Lab),skipped,skipped,skipped,skipped,skipped,skipped,,7
349,Paul KELLY (Lab),skipped,skipped,skipped,skipped,skipped,skipped,,7
350,Paul KELLY (Lab),skipped,skipped,skipped,skipped,skipped,skipped,,7
351,Paul KELLY (Lab),skipped,skipped,skipped,skipped,skipped,skipped,,7
352,Paul KELLY (Lab),skipped,skipped,skipped,skipped,skipped,skipped,,7
353,Paul KELLY (Lab),skipped,skipped,skipped,skipped,skipped,skipped,,7
354,Paul KELLY (Lab),skipped,skipped,skipped,skipped,skipped,skipped,,7
355,Paul KELLY (Lab),skipped,skipped,skipped,skipped,skipped,skipped,,7
356,Paul KELLY (Lab),skipped,skipped,skipped,skipped,skipped,skipped,,7
357,Paul KELLY (Lab),skipped,skipped,skipped,skipped,skipped,skipped,,7
358,Paul KELLY (Lab),skipped,skipped,skipped,skipped,skipped,skipped,,7
359,Paul KELLY (Lab),skipped,skipped,skipped,skipped,skipped,skipped,,7
360,Paul KELLY (Lab),skipped,skipped,skipped,skipped,skipped,skipped,,7
361,Paul KELLY (Lab),skipped,skipped,skipped,skipped,skipped,skipped,,7
362,Paul KELLY (Lab),skipped,skipped,skipped,skipped,skipped,skipped,,7
363,Paul KELLY (Lab),skipped,skipped,skipped,skipped,skipped,skipped,,7
364,Paul KELLY (Lab),skipped,skipped,skipped,skipped,skipped,skipped,,7
365,Paul KELLY (Lab),skipped,skipped,skipped,skipped,skipped,skipped,,7
366,Paul KELLY (Lab),skipped,skipped,skipped,skipped,skipped,skipped,,7
367,Paul KELLY (Lab),skipped,skipped,skipped,skipped,skipped,skipped,,7
368,Paul KELLY (Lab),skipped,skipped,skipped,skipped,skipped,skipped,,7
369,Paul KELLY (Lab),skipped,skipped,skipped,skipped,skipped,skipped,,7
370,Paul KELLY (Lab),skipped,skipped,skipped,skipped,skipped,skipped,,7
371,Paul KELLY (Lab),skipped,skipped,skipped,skipped,skipped,skipped,,7
372,Paul KELLY (Lab),skipped,skipped,skipped,skipped,skipped,skipped,,7
373,Paul KELLY (Lab),skipped,skipped,skipped,skipped,skipped,skipped,,7
374,Paul KELLY (Lab),skipped,skipped,skipped,skipped,skipped,skipped,,7
375,Paul KELLY (Lab),skipped,skipped,skipped,skipped,skipped,skipped,,7
376,Paul KELLY (Lab),skipped,skipped,skipped,skipped,skipped,skipped,,7
377,Paul KELLY (Lab),skipped,skipped,skipped,skipped,skipped,skipped,,7
378,Paul KELLY (Lab),skipped,skipped,skipped,skipped,skipped,skipped,,7
379,Paul KELLY (Lab),skipped,skipped,skipped,skipped,skipped,skipped,,7
380,Paul KELLY (Lab),skipped,skipped,skipped,skipped,skipped,skipped,,7
381,Paul KELLY (Lab),skipped,skipped,skipped,skipped,skipped,skipped,,7
382,Paul KELLY (Lab),skipped,skipped,skipped,skipped,skipped,skipped,,7
383,Paul KELLY (Lab),skipped,skipped,skipped,skipped,skipped,skipped,,7
384,Paul KELLY (Lab),skipped,skipped,skipped,skipped,skipped,skipped,,7
385,Paul KELLY (Lab),skipped,skipped,skipped,skipped,skipped,skipped,,7
386,Paul KELLY (Lab),skipped,skipped,skipped,skipped,skipped,skipped,,7
387,Paul KELLY (Lab),skipped,skipped,skipped,skipped,skipped,skipped,,7
388,Paul KELLY (Lab),skipped,skipped,skipped,skipped,skipped,skipped,,7
389,Paul KELLY (Lab),skipped,skipped,skipped,skipped,skipped,skipped,,7
390,Paul KELLY (Lab),skipped,skipped,skipped,skipped,skipped,skipped,,7
391,Paul KELLY (Lab),skipped,skipped,skipped,skipped,skipped,skipped,,7
392,Paul KELLY (Lab),skipped,skipped,skipped,skipped,skipped,skipped,,7
393,Paul KELLY (Lab),skipped,skipped,skipped,skipped,skipped,skipped,,7
394,Paul KELLY (Lab),skipped,skipped,skipped,skipped,skipped,skipped,,7
395,Paul KELLY (Lab),skipped,skipped,skipped,skipped,skipped,skipped,,7
396,Paul KELLY (Lab),skipped,skipped,skipped,skipped,skipped,skipped,,7
397,Paul KELLY (Lab),skipped,skipped,skipped,skipped,skipped,skipped,,7
398,Paul KELLY (Lab),skipped,skipped,skipped,skipped,skipped,skipped,,7
399,Paul KELLY (Lab),skipped,skipped,skipped,skipped,skipped,skipped,,7
400,Paul KELLY (Lab),skipped,skipped,skipped,skipped,skipped,skipped,,7
401,Paul KELLY (Lab),skipped,skipped,skipped,skipped,skipped,skipped,,7
402,Paul KELLY (Lab),skipped,skipped,skipped,skipped,skipped,skipped,,7
403,Paul KELLY (Lab),skipped,skipped,skipped,skipped,skipped,skipped,,7
404,Paul KELLY (Lab),skipped,skipped,skipped,skipped,skipped,skipped,,7
405,Paul KELLY (Lab),skipped,skipped,skipped,skipped,skipped,skipped,,7
406,Paul KELLY (Lab),skipped,skipped,skipped,skipped,skipped,skipped,,7
407,Paul KELLY (Lab),skipped,skipped,skipped,skipped,skipped,skipped,,7
408,Paul KELLY (Lab),skipped,skipped,skipped,skipped,skipped,skipped,,7
409,Paul KELLY (Lab),skipped,skipped,skipped,skipped,skipped,skipped,,7
410,Paul KELLY (Lab),skipped,skipped,skipped,skipped,skipped,skipped,,7
411,Paul KELLY (Lab),skipped,skipped,skipped,skipped,skipped,skipped,,7
412,Paul KELLY (Lab),skipped,skipped,skipped,skipped,skipped,skipped,,7
413,Paul KELLY (Lab),skipped,skipped,skipped,skipped,skipped,skipped,,7
414,Paul KELLY (Lab),skipped,skipped,skipped,skipped,skipped,skipped,,7
415,Paul KELLY (Lab),skipped,skipped,skipped,skipped,skipped,skipped,,7
416,Paul KELLY (Lab),skipped,skipped,skipped,skipped,skipped,skipped,,7
417,Paul KELLY (Lab),skipped,skipped,skipped,skipped,skipped,skipped,,7
418,Paul KELLY (Lab),skipped,skipped,skipped,skipped,skipped,skipped,,7
419,Paul KELLY (Lab),skipped,skipped,skipped,skipped,skipped,skipped,,7
420,Paul KELLY (Lab),skipped,skipped,skipped,skipped,skipped,skipped,,7
421,Paul KELLY (Lab),skipped,skipped,skipped,skipped,skipped,skipped,,7
422,Paul KELLY (Lab),skipped,skipped,skipped,skipped,skipped,skipped,,7
423,Paul KELLY (Lab),skipped,skipped,skipped,skipped,skipped,skipped,,7
424,Paul KELLY (Lab),skipped,skipped,skipped,skipped,skipped,skipped,,7
425,Paul KELLY (Lab),skipped,skipped,skipped,skipped,skipped,skipped,,7
426,Paul KELLY (Lab),skipped,skipped,skipped,skipped,skipped,skipped,,7
427,Paul KELLY (Lab),skipped,skipped,skipped,skipped,skipped,skipped,,7
428,Paul KELLY (Lab),skipped,skipped,skipped,skipped,skipped,skipped,,7
429,Paul KELLY (Lab),skipped,skipped,skipped,skipped,skipped,skipped,,7
430,Paul KELLY (Lab),skipped,skipped,skipped,skipped,skipped,skipped,,7
431,Paul KELLY (Lab),skipped,skipped,skipped,skipped,skipped,skipped,,7
432,Paul KELLY (Lab),skipped,skipped,skipped,skipped,skipped,skipped,,7
433,Paul KELLY (Lab),skipped,skipped,skipped,skipped,skipped,skipped,,7
434,Paul KELLY (Lab),skipped,skipped,skipped,skipped,skipped,skipped,,7
435,Paul KELLY (Lab),skipped,skipped,skipped,skipped,skipped,skipped,,7
436,Paul KELLY (Lab),skipped,skipped,skipped,skipped,skipped,skipped,,7
437,Paul KELLY (Lab),skipped,skipped,skipped,skipped,skipped,skipped,,7
438,Paul KELLY (Lab),skipped,skipped,skipped,skipped,skipped,skipped,,7
439,Paul KELLY (Lab),skipped,skipped,skipped,skipped,skipped,skipped,,7
440,Paul KELLY (Lab),skipped,skipped,skipped,skipped,skipped,skipped,,7
441,Paul KELLY (Lab),skipped,skipped,skipped,skipped,skipped,skipped,,7
442,Paul KELLY (Lab),skipped,skipped,skipped,skipped,skipped,skipped,,7
443,Paul KELLY (Lab),skipped,skipped,skipped,skipped,skipped,skipped,,7
444,Paul KELLY (Lab),skipped,skipped,skipped,skipped,skipped,skipped,,7
445,Paul KELLY (Lab),skipped,skipped,skipped,skipped,skipped,skipped,,7
446,Paul KELLY (Lab),skipped,skipped,skipped,skipped,skipped,skipped,,7
447,Paul KELLY (Lab),skipped,skipped,skipped,skipped,skipped,skipped,,7
448,Paul KELLY (Lab),skipped,skipped,skipped,skipped,skipped,skipped,,7
449,Paul KELLY (Lab),skipped,skipped,skipped,skipped,skipped,skipped,,7
450,Paul KELLY (Lab),skipped,skipped,skipped,skipped,skipped,skipped,,7
451,Paul KELLY (Lab),skipped,skipped,skipped,skipped,skipped,skipped,,7
452,Paul KELLY (Lab),skipped,skipped,skipped,skipped,skipped,skipped,,7
453,Paul KELLY (Lab),skipped,skipped,skipped,skipped,skipped,skipped,,7
454,Paul KELLY (Lab),skipped,skipped,skipped,skipped,skipped,skipped,,7
455,Paul KELLY (Lab),skipped,skipped,skipped,skipped,skipped,skipped,,7
456,Paul KELLY (Lab),skipped,skipped,skipped,skipped,skipped,skipped,,7
457,Paul KELLY (Lab),skipped,skipped,skipped,skipped,skipped,skipped,,7
458,Paul KELLY (Lab),skipped,skipped,skipped,skipped,skipped,skipped,,7
459,Paul KELLY (Lab),skipped,skipped,skipped,skipped,skipped,skipped,,7
460,Paul KELLY (Lab),skipped,skipped,skipped,skipped,skipped,skipped,,7
461,Paul KELLY (Lab),skipped,skipped,skipped,skipped,skipped,skipped,,7
462,Paul KELLY (Lab),skipped,skipped,skipped,skipped,skipped,skipped,,7
463,Paul KELLY (Lab),skipped,skipped,skipped,skipped,skipped,skipped,,7
464,Paul KELLY (Lab),skipped,skipped,skipped,skipped,skipped,skipped,,7
465,Paul KELLY (Lab),skipped,skipped,skipped,skipped,skipped,skipped,,7
466,Paul KELLY (Lab),skipped,skipped,skipped,skipped,skipped,skipped,,7
467,Paul KELLY (Lab),skipped,skipped,skipped,skipped,skipped,skipped,,7
468,Paul KELLY (Lab),skipped,skipped,skipped,skipped,skipped,skipped,,7
469,Paul KELLY (Lab),skipped,skipped,skipped,skipped,skipped,skipped,,7
470,Paul KELLY (Lab),skipped,skipped,skipped,skipped,skipped,skipped,,7
471,Paul KELLY (Lab),skipped,skipped,skipped,skipped,skipped,skipped,,7
472,Paul KELLY (Lab),skipped,skipped,skipped,skipped,skipped,skipped,,7
473,Paul KELLY (Lab),skipped,skipped,skipped,skipped,skipped,skipped,,7
474,Paul KELLY (Lab),skipped,skipped,skipped,skipped,skipped,skipped,,7
475,Paul KELLY (Lab),skipped,skipped,skipped,skipped,skipped,skipped,,7
476,Paul KELLY (Lab),skipped,skipped,skipped,skipped,skipped,skipped,,7
477,Paul KELLY (Lab),skipped,skipped,skipped,skipped,skipped,skipped,,7
478,Paul KELLY (Lab),skipped,skipped,skipped,skipped,skipped,skipped,,7
479,Paul KELLY (Lab),skipped,skipped,skipped,skipped,skipped,skipped,,7
480,Paul KELLY (Lab),skipped,skipped,skipped,skipped,skipped,skipped,,7
481,Paul KELLY (Lab),skipped,skipped,skipped,skipped,skipped,skipped,,7
482,Paul KELLY (Lab),skipped,skipped,skipped,skipped,skipped,skipped,,7
483,Paul KELLY (Lab),skipped,skipped,skipped,skipped,skipped,skipped,,7
484,Paul KELLY (Lab),skipped,skipped,skipped,skipped,skipped,skipped,,7
485,Paul KELLY (Lab),skipped,skipped,skipped,skipped,skipped,skipped,,7
486,Paul KELLY (Lab),skipped,skipped,skipped,skipped,skipped,skipped,,7
487,Paul KELLY (Lab),skipped,skipped,skipped,skipped,skipped,skipped,,7
488,Paul KELLY (Lab),skipped,skipped,skipped,skipped,skipped,skipped,,7
489,Paul KELLY (Lab),skipped,skipped,skipped,skipped,skipped,skipped,,7
490,Paul KELLY (Lab),skipped,skipped,skipped,skipped,skipped,skipped,,7
491,Paul KELLY (Lab),skipped,skipped,skipped,skipped,skipped,skipped,,7
492,Paul KELLY (Lab),skipped,skipped,skipped,skipped,skipped,skipped,,7
493,Paul KELLY (Lab),skipped,skipped,skipped,skipped,skipped,skipped,,7
494,Paul KELLY (Lab),skipped,skipped,skipped,skipped,skipped,skipped,,7
495,Paul KELLY (Lab),skipped,skipped,skipped,skipped,skipped,skipped,,7
496,Paul KELLY (Lab),skipped,skipped,skipped,skipped,skipped,skipped,,7
497,Paul KELLY (Lab),skipped,skipped,skipped,skipped,skipped,skipped,,7
498,Paul KELLY (Lab),skipped,skipped,skipped,skipped,skipped,skipped,,7
499,Paul KELLY (Lab),skipped,skipped,skipped,skipped,skipped,skipped,,7
500,Paul KELLY (Lab),skipped,skipped,skipped,skipped,skipped,skipped,,7
501,Paul KELLY (Lab),skipped,skipped,skipped,skipped,skipped,skipped,,7
502,Paul KELLY (Lab),skipped,skipped,skipped,skipped,skipped,skipped,,7
503,Paul KELLY (Lab),skipped,skipped,skipped,skipped,skipped,skipped,,7
504,Paul KELLY (Lab),skipped,skipped,skipped,skipped,skipped,skipped,,7
505,Paul KELLY (Lab),skipped,skipped,skipped,skipped,skipped,skipped,,7
506,Paul KELLY (Lab),skipped,skipped,skipped,skipped,skipped,skipped,,7
507,Paul KELLY (Lab),skipped,skipped,skipped,skipped,skipped,skipped,,7
508,Paul KELLY (Lab),skipped,skipped,skipped,skipped,skipped,skipped,,7
509,Paul KELLY (Lab),skipped,skipped,skipped,skipped,skipped,skipped,,7
510,Paul KELLY (Lab),skipped,skipped,skipped,skipped,skipped,skipped,,7
511,Paul KELLY (Lab),skipped,skipped,skipped,skipped,skipped,skipped,,7
512,Paul KELLY (Lab),skipped,skipped,skipped,skipped,skipped,skipped,,7
513,Paul KELLY (Lab),skipped,skipped,skipped,skipped,skipped,skipped,,7
514,Paul KELLY (Lab),skipped,skipped,skipped,skipped,skipped,skipped,,7
515,Paul KELLY (Lab),skipped,skipped,skipped,skipped,skipped,skipped,,7
516,Paul KELLY (Lab),skipped,skipped,skipped,skipped,skipped,skipped,,7
517,Paul KELLY (Lab),skipped,skipped,skipped,skipped,skipped,skipped,,7
518,Paul KELLY (Lab),skipped,skipped,skipped,skipped,skipped,skipped,,7
519,Paul KELLY (Lab),skipped,skipped,skipped,skipped,skipped,skipped,,7
520,Paul KELLY (Lab),skipped,skipped,skipped,skipped,skipped,skipped,,7
521,Paul KELLY (Lab),skipped,skipped,skipped,skipped,skipped,skipped,,7
522,Paul KELLY (Lab),skipped,skipped,skipped,skipped,skipped,skipped,,7
523,Paul KELLY (Lab),skipped,skipped,skipped,skipped,skipped,skipped,,7
524,Paul KELLY (Lab),skipped,skipped,skipped,skipped,skipped,skipped,,7
525,Paul KELLY (Lab),skipped,skipped,skipped,skipped,skipped,skipped,,7
526,Paul KELLY (Lab),skipped,skipped,skipped,skipped,skipped,skipped,,7
527,Paul KELLY (Lab),skipped,skipped,skipped,skipped,skipped,skipped,,7
528,Paul KELLY (Lab),skipped,skipped,skipped,skipped,skipped,skipped,,7
529,Paul KELLY (Lab),skipped,skipped,skipped,skipped,skipped,skipped,,7
530,Paul KELLY (Lab),skipped,skipped,skipped,skipped,skipped,skipped,,7
531,Paul KELLY (Lab),skipped,skipped,skipped,skipped,skipped,skipped,,7
532,Paul KELLY (Lab),skipped,skipped,skipped,skipped,skipped,skipped,,7
533,Paul KELLY (Lab),skipped,skipped,skipped,skipped,skipped,skipped,,7
534,Paul KELLY (Lab),skipped,skipped,skipped,skipped,skipped,skipped,,7
535,Paul KELLY (Lab),skipped,skipped,skipped,skipped,skipped,skipped,,7
536,Paul KELLY (Lab),skipped,skipped,skipped,skipped,skipped,skipped,,7
537,Paul KELLY (Lab),skipped,skipped,skipped,skipped,skipped,skipped,,7
538,Paul KELLY (Lab),skipped,skipped,skipped,skipped,skipped,skipped,,7
539,Paul KELLY (Lab),skipped,skipped,skipped,skipped,skipped,skipped,,7
540,Paul KELLY (Lab),skipped,skipped,skipped,skipped,skipped,skipped,,7
541,Paul KELLY (Lab),skipped,skipped,skipped,skipped,skipped,skipped,,7
542,Paul KELLY (Lab),skipped,skipped,skipped,skipped,skipped,skipped,,7
543,Paul KELLY (Lab),skipped,skipped,skipped,skipped,skipped,skipped,,7
544,Paul KELLY (Lab),skipped,skipped,skipped,skipped,skipped,skipped,,7
545,Paul KELLY (Lab),skipped,skipped,skipped,skipped,skipped,skipped,,7
546,Paul KELLY (Lab),skipped,skipped,skipped,skipped,skipped,skipped,,7
547,Paul KELLY (Lab),skipped,skipped,skipped,skipped,skipped,skipped,,7
548,Paul KELLY (Lab),skipped,skipped,skipped,skipped,skipped,skipped,,7
549,Paul KELLY (Lab),skipped,skipped,skipped,skipped,skipped,skipped,,7
550,Paul KELLY (Lab),skipped,skipped,skipped,skipped,skipped,skipped,,7
551,Paul KELLY (Lab),skipped,skipped,skipped,skipped,skipped,skipped,,7
552,Paul KELLY (Lab),skipped,skipped,skipped,skipped,skipped,skipped,,7
553,Paul KELLY (Lab),skipped,skipped,skipped,skipped,skipped,skipped,,7
554,Paul KELLY (Lab),skipped,skipped,skipped,skipped,skipped,skipped,,7
555,Paul KELLY (Lab),skipped,skipped,skipped,skipped,skipped,skipped,,7
556,Paul KELLY (Lab),skipped,skipped,skipped,skipped,skipped,skipped,,7
557,Paul KELLY (Lab),skipped,skipped,skipped,skipped,skipped,skipped,,7
558,Paul KELLY (Lab),skipped,skipped,skipped,skipped,skipped,skipped,,7
559,Paul KELLY (Lab),skipped,skipped,skipped,skipped,skipped,skipped,,7
560,Paul KELLY (Lab),skipped,skipped,skipped,skipped,skipped,skipped,,7
561,Paul KELLY (Lab),skipped,skipped,skipped,skipped,skipped,skipped,,7
562,Paul KELLY (Lab),skipped,skipped,skipped,skipped,skipped,skipped,,7
563,Paul KELLY (Lab),skipped,skipped,skipped,skipped,skipped,skipped,,7
564,Paul KELLY (Lab),skipped,skipped,skipped,skipped,skipped,skipped,,7
565,Paul KELLY (Lab),skipped,skipped,skipped,skipped,skipped,skipped,,7
566,Paul KELLY (Lab),skipped,skipped,skipped,skipped,skipped,skipped,,7
567,Paul KELLY (Lab),skipped,skipped,skipped,skipped,skipped,skipped,,7
568,Paul KELLY (Lab),skipped,skipped,skipped,skipped,skipped,skipped,,7
569,Paul KELLY (Lab),skipped,skipped,skipped,skipped,skipped,skipped,,7
570,Paul KELLY (Lab),skipped,skipped,skipped,skipped,skipped,skipped,,7
571,Paul KELLY (Lab),skipped,skipped,skipped,skipped,skipped,skipped,,7
572,Paul KELLY (Lab),skipped,skipped,skipped,skipped,skipped,skipped,,7
573,Paul KELLY (Lab),skipped,skipped,skipped,skipped,skipped,skipped,,7
574,Paul KELLY (Lab),skipped,skipped,skipped,skipped,skipped,skipped,,7
575,Paul KELLY (Lab),skipped,skipped,skipped,skipped,skipped,skipped,,7
576,Paul KELLY (Lab),skipped,skipped,skipped,skipped,skipped,skipped,,7
577,Paul KELLY (Lab),skipped,skipped,skipped,skipped,skipped,skipped,,7
578,Paul KELLY (Lab),skipped,skipped,skipped,skipped,skipped,skipped,,7
579,Paul KELLY (Lab),skipped,skipped,skipped,skipped,skipped,skipped,,7
580,Paul KELLY (Lab),skipped,skipped,skipped,skipped,skipped,skipped,,7
581,Paul KELLY (Lab),skipped,skipped,skipped,skipped,skipped,skipped,,7
582,Paul KELLY (Lab),skipped,skipped,skipped,skipped,skipped,skipped,,7
583,Paul KELLY (Lab),skipped,skipped,skipped,skipped,skipped,skipped,,7
584,Paul KELLY (Lab),skipped,skipped,skipped,skipped,skipped,skipped,,7
585,Paul KELLY (Lab),skipped,skipped,skipped,skipped,skipped,skipped,,7
586,Paul KELLY (Lab),skipped,skipped,skipped,skipped,skipped,skipped,,7
587,Paul KELLY (Lab),skipped,skipped,skipped,skipped,skipped,skipped,,7
588,Paul KELLY (Lab),skipped,skipped,skipped,skipped,skipped,skipped,,7
589,Paul KELLY (Lab),skipped,skipped,skipped,skipped,skipped,skipped,,7
590,Paul KELLY (Lab),skipped,skipped,skipped,skipped,skipped,skipped,,7
591,Paul KELLY (Lab),skipped,skipped,skipped,skipped,skipped,skipped,,7
592,Paul KELLY (Lab),skipped,skipped,skipped,skipped,skipped,skipped,,7
593,Paul KELLY (Lab),skipped,skipped,skipped,skipped,skipped,skipped,,7
594,Paul KELLY (Lab),skipped,skipped,skipped,skipped,skipped,skipped,,7
595,Paul KELLY (Lab),skipped,skipped,skipped,skipped,skipped,skipped,,7
596,Paul KELLY (Lab),skipped,skipped,skipped,skipped,skipped,skipped,,7
597,Paul KELLY (Lab),skipped,skipped,skipped,skipped,skipped,skipped,,7
598,Paul KELLY (Lab),skipped,skipped,skipped,skipped,skipped,skipped,,7
599,Paul KELLY (Lab),skipped,skipped,skipped,skipped,skipped,skipped,,7
600,Paul KELLY (Lab),skipped,skipped,skipped,skipped,skipped,skipped,,7
601,Paul KELLY (Lab),skipped,skipped,skipped,skipped,skipped,skipped,,7
602,Paul KELLY (Lab),skipped,skipped,skipped,skipped,skipped,skipped,,7
603,Paul KELLY (Lab),skipped,skipped,skipped,skipped,skipped,skipped,,7
604,Paul KELLY (Lab),skipped,skipped,skipped,skipped,skipped,skipped,,7
605,Paul KELLY (Lab),skipped,skipped,skipped,skipped,skipped,skipped,,7
606,Paul KELLY (Lab),skipped,skipped,skipped,skipped,skipped,skipped,,7
607,Paul KELLY (Lab),skipped,skipped,skipped,skipped,skipped,skipped,,7
608,Paul KELLY (Lab),skipped,skipped,skipped,skipped,skipped,skipped,,7
609,Paul KELLY (Lab),skipped,skipped,skipped,skipped,skipped,skipped,,7
610,Paul KELLY (Lab),skipped,skipped,skipped,skipped,skipped,skipped,,7
611,Paul KELLY (Lab),skipped,skipped,skipped,skipped,skipped,skipped,,7
612,Paul KELLY (Lab),skipped,skipped,skipped,skipped,skipped,skipped,,7
613,Paul KELLY (Lab),skipped,skipped,skipped,skipped,skipped,skipped,,7
614,Paul KELLY (Lab),skipped,skipped,skipped,skipped,skipped,skipped,,7
615,Paul KELLY (Lab),skipped,skipped,skipped,skipped,skipped,skipped,,7
616,Paul KELLY (Lab),skipped,skipped,skipped,skipped,skipped,skipped,,7
617,Paul KELLY (Lab),skipped,skipped,skipped,skipped,skipped,skipped,,7
618,Paul KELLY (Lab),skipped,skipped,skipped,skipped,skipped,skipped,,7
619,Paul KELLY (Lab),skipped,skipped,skipped,skipped,skipped,skipped,,7
620,Paul KELLY (Lab),skipped,skipped,skipped,skipped,skipped,skipped,,7
621,Paul KELLY (Lab),skipped,skipped,skipped,skipped,skipped,skipped,,7
622,Paul KELLY (Lab),skipped,skipped,skipped,skipped,skipped,skipped,,7
623,Paul KELLY (Lab),skipped,skipped,skipped,skipped,skipped,skipped,,7
624,Paul KELLY (Lab),skipped,skipped,skipped,skipped,skipped,skipped,,7
625,Paul KELLY (Lab),skipped,skipped,skipped,skipped,skipped,skipped,,7
626,Paul KELLY (Lab),skipped,skipped,skipped,skipped,skipped,skipped,,7
627,Paul KELLY (Lab),skipped,skipped,skipped,skipped,skipped,skipped,,7
628,Paul KELLY (Lab),skipped,skipped,skipped,skipped,skipped,skipped,,7
629,Paul KELLY (Lab),skipped,skipped,skipped,skipped,skipped,skipped,,7
630,Paul KELLY (Lab),skipped,skipped,skipped,skipped,skipped,skipped,,7
631,Paul KELLY (Lab),skipped,skipped,skipped,skipped,skipped,skipped,,7
632,Paul KELLY (Lab),skipped,skipped,skipped,skipped,skipped,skipped,,7
633,Paul KELLY (Lab),skipped,skipped,skipped,skipped,skipped,skipped,,7
634,Paul KELLY (Lab),skipped,skipped,skipped,skipped,skipped,skipped,,7
635,Paul KELLY (Lab),skipped,skipped,skipped,skipped,skipped,skipped,,7
636,Paul KELLY (Lab),skipped,skipped,skipped,skipped,skipped,skipped,,7
637,Paul KELLY (Lab),skipped,skipped,skipped,skipped,skipped,skipped,,7
638,Paul KELLY (Lab),skipped,skipped,skipped,skipped,skipped,skipped,,7
639,Paul KELLY (Lab),skipped,skipped,skipped,skipped,skipped,skipped,,7
640,Paul KELLY (Lab),skipped,skipped,skipped,skipped,skipped,skipped,,7
641,Paul KELLY (Lab),skipped,skipped,skipped,skipped,skipped,skipped,,7
642,Paul KELLY (Lab),skipped,skipped,skipped,skipped,skipped,skipped,,7
643,Paul KELLY (Lab),skipped,skipped,skipped,skipped,skipped,skipped,,7
644,Paul KELLY (Lab),skipped,skipped,skipped,skipped,skipped,skipped,,7
645,Paul KELLY (Lab),skipped,skipped,skipped,skipped,skipped,skipped,,7
646,Paul KELLY (Lab),skipped,skipped,skipped,skipped,skipped,skipped,,7
647,Paul KELLY (Lab),skipped,skipped,skipped,skipped,skipped,skipped,,7
648,Paul KELLY (Lab),skipped,skipped,skipped,skipped,skipped,skipped,,7
649,Paul KELLY (Lab),skipped,skipped,skipped,skipped,skipped,skipped,,7
650,Paul KELLY (Lab),skipped,skipped,skipped,skipped,skipped,skipped,,7
651,Paul KELLY (Lab),skipped,skipped,skipped,skipped,skipped,skipped,,7
652,Paul KELLY (Lab),skipped,skipped,skipped,skipped,skipped,skipped,,7
653,Paul KELLY (Lab),skipped,skipped,skipped,skipped,skipped,skipped,,7
654,Paul KELLY (Lab),skipped,skipped,skipped,skipped,skipped,skipped,,7
655,Paul KELLY (Lab),skipped,skipped,skipped,skipped,skipped,skipped,,7
656,Paul KELLY (Lab),skipped,skipped,skipped,skipped,skipped,skipped,,7
657,Paul KELLY (Lab),skipped,skipped,skipped,skipped,skipped,skipped,,7
658,Paul KELLY (Lab),skipped,skipped,skipped,skipped,skipped,skipped,,7
659,Paul KELLY (Lab),skipped,skipped,skipped,skipped,skipped,skipped,,7
660,Paul KELLY (Lab),skipped,skipped,skipped,skipped,skipped,skipped,,7
661,Paul KELLY (Lab),skipped,skipped,skipped,skipped,skipped,skipped,,7
662,Paul KELLY (Lab),skipped,skipped,skipped,skipped,skipped,skipped,,7
663,Paul KELLY (Lab),skipped,skipped,skipped,skipped,skipped,skipped,,7
664,Paul KELLY (Lab),skipped,skipped,skipped,skipped,skipped,skipped,,7
665,Paul KELLY (Lab),skipped,skipped,skipped,skipped,skipped,skipped,,7
666,Paul KELLY (Lab),skipped,skipped,skipped,skipped,skipped,skipped,,7
667,Paul KELLY (Lab),skipped,skipped,skipped,skipped,skipped,skipped,,7
668,Paul KELLY (Lab),skipped,skipped,skipped,skipped,skipped,skipped,,7
669,Paul KELLY (Lab),skipped,skipped,skipped,skipped,skipped,skipped,,7
670,Paul KELLY (Lab),skipped,skipped,skipped,skipped,skipped,skipped,,7
671,Paul KELLY (Lab),skipped,skipped,skipped,skipped,skipped,skipped,,7
672,Paul KELLY (Lab),skipped,skipped,skipped,skipped,skipped,skipped,,7
673,Paul KELLY (Lab),skipped,skipped,skipped,skipped,skipped,skipped,,7
674,Paul KELLY (Lab),skipped,skipped,skipped,skipped,skipped,skipped,,7
675,Paul KELLY (Lab),skipped,skipped,skipped,skipped,skipped,skipped,,7
676,Paul KELLY (Lab),skipped,skipped,skipped,skipped,skipped,skipped,,7
677,Paul KELLY (Lab),skipped,skipped,skipped,skipped,skipped,skipped,,7
678,Paul KELLY (Lab),skipped,skipped,skipped,skipped,skipped,skipped,,7
679,Paul KELLY (Lab),skipped,skipped,skipped,skipped,skipped,skipped,,7
680,Paul KELLY (Lab),skipped,skipped,skipped,skipped,skipped,skipped,,7
681,Paul KELLY (Lab),skipped,skipped,skipped,skipped,skipped,skipped,,7
682,Paul KELLY (Lab),skipped,skipped,skipped,skipped,skipped,skipped,,7
683,Paul KELLY (Lab),skipped,skipped,skipped,skipped,skipped,skipped,,7
684,Paul KELLY (Lab),skipped,skipped,skipped,skipped,skipped,skipped,,7
685,Paul KELLY (Lab),skipped,skipped,skipped,skipped,skipped,skipped,,7
686,Paul KELLY (Lab),skipped,skipped,skipped,skipped,skipped,skipped,,7
687,Paul KELLY (Lab),skipped,skipped,skipped,skipped,skipped,skipped,,7
688,Paul KELLY (Lab),skipped,skipped,skipped,skipped,skipped,skipped,,7
689,Paul KELLY (Lab),skipped,skipped,skipped,skipped,skipped,skipped,,7
690,Paul KELLY (Lab),skipped,skipped,skipped,skipped,skipped,skipped,,7
691,Paul KELLY (Lab),skipped,skipped,skipped,skipped,skipped,skipped,,7
692,Paul KELLY (Lab),Julie FLEMING (RISE) (UNKNOWN),skipped,skipped,skipped,skipped,skipped,,7
693,Paul KELLY (Lab),Julie FLEMING (RISE) (UNKNOWN),skipped,skipped,skipped,skipped,skipped,,7
694,Paul KELLY (Lab),Julie FLEMING (RISE) (UNKNOWN),skipped,skipped,skipped,skipped,skipped,,7
695,Paul KELLY (Lab),Julie FLEMING (RISE) (UNKNOWN),skipped,skipped,skipped,skipped,skipped,,7
696,Paul KELLY (Lab),Julie FLEMING (RISE) (UNKNOWN),skipped,skipped,skipped,skipped,skipped,,7
697,Paul KELLY (Lab),Julie FLEMING (RISE) (UNKNOWN),skipped,skipped,skipped,skipped,skipped,,7
698,Paul KELLY (Lab),Julie FLEMING (RISE) (UNKNOWN),skipped,skipped,skipped,skipped,skipped,,7
699,Paul KELLY (Lab),Julie FLEMING (RISE) (UNKNOWN),skipped,skipped,skipped,skipped,skipped,,7
700,Paul KELLY (Lab),Julie FLEMING (RISE) (UNKNOWN),skipped,skipped,skipped,skipped,skipped,,7
701,Paul KELLY (Lab),Julie FLEMING (RISE) (UNKNOWN),skipped,skipped,skipped,skipped,skipped,,7
702,Paul KELLY (Lab),Julie FLEMING (RISE) (UNKNOWN),skipped,skipped,skipped,skipped,skipped,,7
703,Paul KELLY (Lab),Julie FLEMING (RISE) (UNKNOWN),skipped,skipped,skipped,skipped,skipped,,7
704,Paul KELLY (Lab),Julie FLEMING (RISE) (UNKNOWN),skipped,skipped,skipped,skipped,skipped,,7
705,Paul KELLY (Lab),Julie FLEMING (RISE) (UNKNOWN),skipped,skipped,skipped,skipped,skipped,,7
706,Paul KELLY (Lab),Julie FLEMING (RISE) (UNKNOWN),skipped,skipped,skipped,skipped,skipped,,7
707,Paul KELLY (Lab),Julie FLEMING (RISE) (UNKNOWN),skipped,skipped,skipped,skipped,skipped,,7
708,Paul KELLY (Lab),Julie FLEMING (RISE) (UNKNOWN),skipped,skipped,skipped,skipped,skipped,,7
709,Paul KELLY (Lab),Julie FLEMING (RISE) (UNKNOWN),skipped,skipped,skipped,skipped,skipped,,7
710,Paul KELLY (Lab),Julie FLEMING (RISE) (UNKNOWN),skipped,skipped,skipped,skipped,skipped,,7
711,Paul KELLY (Lab),Julie FLEMING (RISE) (UNKNOWN),skipped,skipped,skipped,skipped,skipped,,7
712,Paul KELLY (Lab),Julie FLEMING (RISE) (UNKNOWN),skipped,skipped,skipped,skipped,skipped,,7
713,Paul KELLY (Lab),Julie FLEMING (RISE) (UNKNOWN),skipped,skipped,skipped,skipped,skipped,,7
714,Paul KELLY (Lab),Julie FLEMING (RISE) (UNKNOWN),skipped,skipped,skipped,skipped,skipped,,7
715,Paul KELLY (Lab),Julie FLEMING (RISE) (UNKNOWN),skipped,skipped,skipped,skipped,skipped,,7
716,Paul KELLY (Lab),Julie FLEMING (RISE) (UNKNOWN),skipped,skipped,skipped,skipped,skipped,,7
717,Paul KELLY (Lab),Julie FLEMING (RISE) (UNKNOWN),skipped,skipped,skipped,skipped,skipped,,7
718,Paul KELLY (Lab),Julie FLEMING (RISE) (UNKNOWN),skipped,skipped,skipped,skipped,skipped,,7
719,Paul KELLY (Lab),Julie FLEMING (RISE) (UNKNOWN),skipped,skipped,skipped,skipped,skipped,,7
720,Paul KELLY (Lab),Julie FLEMING (RISE) (UNKNOWN),skipped,skipped,skipped,skipped,skipped,,7
721,Paul KELLY (Lab),Julie FLEMING (RISE) (UNKNOWN),skipped,skipped,skipped,skipped,skipped,,7
722,Paul KELLY (Lab),Julie FLEMING (RISE) (UNKNOWN),skipped,skipped,skipped,skipped,skipped,,7
723,Paul KELLY (Lab),Julie FLEMING (RISE) (UNKNOWN),skipped,skipped,skipped,skipped,skipped,,7
724,Paul KELLY (Lab),Julie FLEMING (RISE) (UNKNOWN),skipped,skipped,skipped,skipped,skipped,,7
725,Paul KELLY (Lab),Julie FLEMING (RISE) (UNKNOWN),skipped,skipped,skipped,skipped,skipped,,7
726,Paul KELLY (Lab),Julie FLEMING (RISE) (UNKNOWN),skipped,skipped,skipped,skipped,skipped,,7
727,Paul KELLY (Lab),Julie FLEMING (RISE) (UNKNOWN),skipped,skipped,skipped,skipped,skipped,,7
728,Paul KELLY (Lab),Julie FLEMING (RISE) (UNKNOWN),skipped,skipped,skipped,skipped,skipped,,7
729,Paul KELLY (Lab),Julie FLEMING (RISE) (UNKNOWN),skipped,skipped,skipped,skipped,skipped,,7
730,Paul KELLY (Lab),Julie FLEMING (RISE) (UNKNOWN),skipped,skipped,skipped,skipped,skipped,,7
731,Paul KELLY (Lab),Julie FLEMING (RISE) (UNKNOWN),skipped,skipped,skipped,skipped,skipped,,7
732,Paul KELLY (Lab),Julie FLEMING (RISE) (UNKNOWN),skipped,skipped,skipped,skipped,skipped,,7
733,Paul KELLY (Lab),Julie FLEMING (RISE) (UNKNOWN),skipped,skipped,skipped,skipped,skipped,,7
734,Paul KELLY (Lab),Julie FLEMING (RISE) (UNKNOWN),skipped,skipped,skipped,skipped,skipped,,7
735,Paul KELLY (Lab),Julie FLEMING (RISE) (UNKNOWN),skipped,skipped,skipped,skipped,skipped,,7
736,Paul KELLY (Lab),Julie FLEMING (RISE) (UNKNOWN),Elaine MCSPADDEN (IANL) (UNKNOWN),skipped,skipped,skipped,skipped,,7
737,Paul KELLY (Lab),Julie FLEMING (RISE) (UNKNOWN),Elaine MCSPADDEN (IANL) (UNKNOWN),skipped,skipped,skipped,skipped,,7
738,Paul KELLY (Lab),Julie FLEMING (RISE) (UNKNOWN),Elaine MCSPADDEN (IANL) (UNKNOWN),skipped,skipped,skipped,skipped,,7
739,Paul KELLY (Lab),Julie FLEMING (RISE) (UNKNOWN),Elaine MCSPADDEN (IANL) (UNKNOWN),Annette VALENTINE (SNP),Meghan GALLACHER (Con),skipped,skipped,,7
740,Paul KELLY (Lab),Julie FLEMING (RISE) (UNKNOWN),Elaine MCSPADDEN (IANL) (UNKNOWN),Meghan GALLACHER (Con),Annette VALENTINE (SNP),skipped,skipped,,7
741,Paul KELLY (Lab),Julie FLEMING (RISE) (UNKNOWN),Elaine MCSPADDEN (IANL) (UNKNOWN),Annette VALENTINE (SNP),Meghan GALLACHER (Con),skipped,skipped,,7
742,Paul KELLY (Lab),Julie FLEMING (RISE) (UNKNOWN),Elaine MCSPADDEN (IANL) (UNKNOWN),Meghan GALLACHER (Con),skipped,skipped,skipped,,7
743,Paul KELLY (Lab),Julie FLEMING (RISE) (UNKNOWN),Elaine MCSPADDEN (IANL) (UNKNOWN),Meghan GALLACHER (Con),Annette VALENTINE (SNP),skipped,skipped,,7
744,Paul KELLY (Lab),Julie FLEMING (RISE) (UNKNOWN),Elaine MCSPADDEN (IANL) (UNKNOWN),Meghan GALLACHER (Con),Annette VALENTINE (SNP),skipped,skipped,,7
745,Paul KELLY (Lab),Julie FLEMING (RISE) (UNKNOWN),Elaine MCSPADDEN (IANL) (UNKNOWN),Meghan GALLACHER (Con),Annette VALENTINE (SNP),skipped,skipped,,7
746,Paul KELLY (Lab),Julie FLEMING (RISE) (UNKNOWN),Elaine MCSPADDEN (IANL) (UNKNOWN),Meghan GALLACHER (Con),Annette VALENTINE (SNP),skipped,skipped,,7
747,Paul KELLY (Lab),Julie FLEMING (RISE) (UNKNOWN),Elaine MCSPADDEN (IANL) (UNKNOWN),Meghan GALLACHER (Con),Annette VALENTINE (SNP),skipped,skipped,,7
748,Paul KELLY (Lab),Julie FLEMING (RISE) (UNKNOWN),Annette VALENTINE (SNP),skipped,skipped,skipped,skipped,,7
749,Paul KELLY (Lab),Julie FLEMING (RISE) (UNKNOWN),Annette VALENTINE (SNP),Elaine MCSPADDEN (IANL) (UNKNOWN),Meghan GALLACHER (Con),skipped,skipped,,7
750,Paul KELLY (Lab),Julie FLEMING (RISE) (UNKNOWN),Annette VALENTINE (SNP),Elaine MCSPADDEN (IANL) (UNKNOWN),Meghan GALLACHER (Con),skipped,skipped,,7
751,Paul KELLY (Lab),Julie FLEMING (RISE) (UNKNOWN),Annette VALENTINE (SNP),Elaine MCSPADDEN (IANL) (UNKNOWN),Meghan GALLACHER (Con),skipped,skipped,,7
752,Paul KELLY (Lab),Julie FLEMING (RISE) (UNKNOWN),Meghan GALLACHER (Con),skipped,skipped,skipped,skipped,,7
753,Paul KELLY (Lab),Julie FLEMING (RISE) (UNKNOWN),Meghan GALLACHER (Con),skipped,skipped,skipped,skipped,,7
754,Paul KELLY (Lab),Julie FLEMING (RISE) (UNKNOWN),Meghan GALLACHER (Con),Elaine MCSPADDEN (IANL) (UNKNOWN),Annette VALENTINE (SNP),skipped,skipped,,7
755,Paul KELLY (Lab),Julie FLEMING (RISE) (UNKNOWN),Meghan GALLACHER (Con),Elaine MCSPADDEN (IANL) (UNKNOWN),Annette VALENTINE (SNP),skipped,skipped,,7
756,Paul KELLY (Lab),Julie FLEMING (RISE) (UNKNOWN),Meghan GALLACHER (Con),Elaine MCSPADDEN (IANL) (UNKNOWN),Annette VALENTINE (SNP),skipped,skipped,,7
757,Paul KELLY (Lab),Julie FLEMING (RISE) (UNKNOWN),Meghan GALLACHER (Con),Elaine MCSPADDEN (IANL) (UNKNOWN),Annette VALENTINE (SNP),skipped,skipped,,7
758,Paul KELLY (Lab),Julie FLEMING (RISE) (UNKNOWN),Meghan GALLACHER (Con),Elaine MCSPADDEN (IANL) (UNKNOWN),Annette VALENTINE (SNP),skipped,skipped,,7
759,Paul KELLY (Lab),Julie FLEMING (RISE) (UNKNOWN),Meghan GALLACHER (Con),Annette VALENTINE (SNP),skipped,skipped,skipped,,7
760,Paul KELLY (Lab),Elaine MCSPADDEN (IANL) (UNKNOWN),skipped,skipped,skipped,skipped,skipped,,7
761,Paul KELLY (Lab),Elaine MCSPADDEN (IANL) (UNKNOWN),skipped,skipped,skipped,skipped,skipped,,7
762,Paul KELLY (Lab),Elaine MCSPADDEN (IANL) (UNKNOWN),skipped,skipped,skipped,skipped,skipped,,7
763,Paul KELLY (Lab),Elaine MCSPADDEN (IANL) (UNKNOWN),skipped,skipped,skipped,skipped,skipped,,7
764,Paul KELLY (Lab),Elaine MCSPADDEN (IANL) (UNKNOWN),skipped,skipped,skipped,skipped,skipped,,7
765,Paul KELLY (Lab),Elaine MCSPADDEN (IANL) (UNKNOWN),skipped,skipped,skipped,skipped,skipped,,7
766,Paul KELLY (Lab),Elaine MCSPADDEN (IANL) (UNKNOWN),skipped,skipped,skipped,skipped,skipped,,7
767,Paul KELLY (Lab),Elaine MCSPADDEN (IANL) (UNKNOWN),skipped,skipped,skipped,skipped,skipped,,7
768,Paul KELLY (Lab),Elaine MCSPADDEN (IANL) (UNKNOWN),skipped,skipped,skipped,skipped,skipped,,7
769,Paul KELLY (Lab),Elaine MCSPADDEN (IANL) (UNKNOWN),skipped,skipped,skipped,skipped,skipped,,7
770,Paul KELLY (Lab),Elaine MCSPADDEN (IANL) (UNKNOWN),skipped,skipped,skipped,skipped,skipped,,7
771,Paul KELLY (Lab),Elaine MCSPADDEN (IANL) (UNKNOWN),skipped,skipped,skipped,skipped,skipped,,7
772,Paul KELLY (Lab),Elaine MCSPADDEN (IANL) (UNKNOWN),skipped,skipped,skipped,skipped,skipped,,7
773,Paul KELLY (Lab),Elaine MCSPADDEN (IANL) (UNKNOWN),skipped,skipped,skipped,skipped,skipped,,7
774,Paul KELLY (Lab),Elaine MCSPADDEN (IANL) (UNKNOWN),skipped,skipped,skipped,skipped,skipped,,7
775,Paul KELLY (Lab),Elaine MCSPADDEN (IANL) (UNKNOWN),skipped,skipped,skipped,skipped,skipped,,7
776,Paul KELLY (Lab),Elaine MCSPADDEN (IANL) (UNKNOWN),skipped,skipped,skipped,skipped,skipped,,7
777,Paul KELLY (Lab),Elaine MCSPADDEN (IANL) (UNKNOWN),skipped,skipped,skipped,skipped,skipped,,7
778,Paul KELLY (Lab),Elaine MCSPADDEN (IANL) (UNKNOWN),skipped,skipped,skipped,skipped,skipped,,7
779,Paul KELLY (Lab),Elaine MCSPADDEN (IANL) (UNKNOWN),skipped,skipped,skipped,skipped,skipped,,7
780,Paul KELLY (Lab),Elaine MCSPADDEN (IANL) (UNKNOWN),skipped,skipped,skipped,skipped,skipped,,7
781,Paul KELLY (Lab),Elaine MCSPADDEN (IANL) (UNKNOWN),skipped,skipped,skipped,skipped,skipped,,7
782,Paul KELLY (Lab),Elaine MCSPADDEN (IANL) (UNKNOWN),skipped,skipped,skipped,skipped,skipped,,7
783,Paul KELLY (Lab),Elaine MCSPADDEN (IANL) (UNKNOWN),skipped,skipped,skipped,skipped,skipped,,7
784,Paul KELLY (Lab),Elaine MCSPADDEN (IANL) (UNKNOWN),skipped,skipped,skipped,skipped,skipped,,7
785,Paul KELLY (Lab),Elaine MCSPADDEN (IANL) (UNKNOWN),skipped,skipped,skipped,skipped,skipped,,7
786,Paul KELLY (Lab),Elaine MCSPADDEN (IANL) (UNKNOWN),skipped,skipped,skipped,skipped,skipped,,7
787,Paul KELLY (Lab),Elaine MCSPADDEN (IANL) (UNKNOWN),skipped,skipped,skipped,skipped,skipped,,7
788,Paul KELLY (Lab),Elaine MCSPADDEN (IANL) (UNKNOWN),Julie FLEMING (RISE) (UNKNOWN),skipped,skipped,skipped,skipped,,7
789,Paul KELLY (Lab),Elaine MCSPADDEN (IANL) (UNKNOWN),Julie FLEMING (RISE) (UNKNOWN),skipped,skipped,skipped,skipped,,7
790,Paul KELLY (Lab),Elaine MCSPADDEN (IANL) (UNKNOWN),Julie FLEMING (RISE) (UNKNOWN),Annette VALENTINE (SNP),Meghan GALLACHER (Con),skipped,skipped,,7
791,Paul KELLY (Lab),Elaine MCSPADDEN (IANL) (UNKNOWN),Julie FLEMING (RISE) (UNKNOWN),Annette VALENTINE (SNP),Meghan GALLACHER (Con),skipped,skipped,,7
792,Paul KELLY (Lab),Elaine MCSPADDEN (IANL) (UNKNOWN),Julie FLEMING (RISE) (UNKNOWN),Meghan GALLACHER (Con),Annette VALENTINE (SNP),skipped,skipped,,7
793,Paul KELLY (Lab),Elaine MCSPADDEN (IANL) (UNKNOWN),Julie FLEMING (RISE) (UNKNOWN),Meghan GALLACHER (Con),Annette VALENTINE (SNP),skipped,skipped,,7
794,Paul KELLY (Lab),Elaine MCSPADDEN (IANL) (UNKNOWN),Julie FLEMING (RISE) (UNKNOWN),Meghan GALLACHER (Con),Annette VALENTINE (SNP),skipped,skipped,,7
795,Paul KELLY (Lab),Elaine MCSPADDEN (IANL) (UNKNOWN),Julie FLEMING (RISE) (UNKNOWN),Meghan GALLACHER (Con),Annette VALENTINE (SNP),skipped,skipped,,7
796,Paul KELLY (Lab),Elaine MCSPADDEN (IANL) (UNKNOWN),Annette VALENTINE (SNP),Julie FLEMING (RISE) (UNKNOWN),Meghan GALLACHER (Con),skipped,skipped,,7
797,Paul KELLY (Lab),Elaine MCSPADDEN (IANL) (UNKNOWN),Annette VALENTINE (SNP),Julie FLEMING (RISE) (UNKNOWN),Meghan GALLACHER (Con),skipped,skipped,,7
798,Paul KELLY (Lab),Elaine MCSPADDEN (IANL) (UNKNOWN),Annette VALENTINE (SNP),Meghan GALLACHER (Con),Julie FLEMING (RISE) (UNKNOWN),skipped,skipped,,7
799,Paul KELLY (Lab),Elaine MCSPADDEN (IANL) (UNKNOWN),Meghan GALLACHER (Con),skipped,skipped,skipped,skipped,,7
800,Paul KELLY (Lab),Elaine MCSPADDEN (IANL) (UNKNOWN),Meghan GALLACHER (Con),skipped,skipped,skipped,skipped,,7
801,Paul KELLY (Lab),Elaine MCSPADDEN (IANL) (UNKNOWN),Meghan GALLACHER (Con),skipped,skipped,skipped,skipped,,7
802,Paul KELLY (Lab),Elaine MCSPADDEN (IANL) (UNKNOWN),Meghan GALLACHER (Con),Julie FLEMING (RISE) (UNKNOWN),Annette VALENTINE (SNP),skipped,skipped,,7
803,Paul KELLY (Lab),Elaine MCSPADDEN (IANL) (UNKNOWN),Meghan GALLACHER (Con),Julie FLEMING (RISE) (UNKNOWN),Annette VALENTINE (SNP),skipped,skipped,,7
804,Paul KELLY (Lab),Elaine MCSPADDEN (IANL) (UNKNOWN),Meghan GALLACHER (Con),Annette VALENTINE (SNP),Julie FLEMING (RISE) (UNKNOWN),skipped,skipped,,7
805,Paul KELLY (Lab),Jamie SUPER (SNP),skipped,skipped,skipped,skipped,skipped,,7
806,Paul KELLY (Lab),Jamie SUPER (SNP),skipped,skipped,skipped,skipped,skipped,,7
807,Paul KELLY (Lab),Jamie SUPER (SNP),skipped,skipped,skipped,skipped,skipped,,7
808,Paul KELLY (Lab),Jamie SUPER (SNP),skipped,skipped,skipped,skipped,skipped,,7
809,Paul KELLY (Lab),Jamie SUPER (SNP),skipped,skipped,skipped,skipped,skipped,,7
810,Paul KELLY (Lab),Jamie SUPER (SNP),skipped,skipped,skipped,skipped,skipped,,7
811,Paul KELLY (Lab),Jamie SUPER (SNP),skipped,skipped,skipped,skipped,skipped,,7
812,Paul KELLY (Lab),Jamie SUPER (SNP),skipped,skipped,skipped,skipped,skipped,,7
813,Paul KELLY (Lab),Jamie SUPER (SNP),skipped,skipped,skipped,skipped,skipped,,7
814,Paul KELLY (Lab),Jamie SUPER (SNP),skipped,skipped,skipped,skipped,skipped,,7
815,Paul KELLY (Lab),Jamie SUPER (SNP),skipped,skipped,skipped,skipped,skipped,,7
816,Paul KELLY (Lab),Jamie SUPER (SNP),skipped,skipped,skipped,skipped,skipped,,7
817,Paul KELLY (Lab),Jamie SUPER (SNP),skipped,skipped,skipped,skipped,skipped,,7
818,Paul KELLY (Lab),Jamie SUPER (SNP),skipped,skipped,skipped,skipped,skipped,,7
819,Paul KELLY (Lab),Jamie SUPER (SNP),skipped,skipped,skipped,skipped,skipped,,7
820,Paul KELLY (Lab),Jamie SUPER (SNP),skipped,skipped,skipped,skipped,skipped,,7
821,Paul KELLY (Lab),Jamie SUPER (SNP),skipped,skipped,skipped,skipped,skipped,,7
822,Paul KELLY (Lab),Jamie SUPER (SNP),skipped,skipped,skipped,skipped,skipped,,7
823,Paul KELLY (Lab),Jamie SUPER (SNP),skipped,skipped,skipped,skipped,skipped,,7
824,Paul KELLY (Lab),Jamie SUPER (SNP),skipped,skipped,skipped,skipped,skipped,,7
825,Paul KELLY (Lab),Jamie SUPER (SNP),skipped,skipped,skipped,skipped,skipped,,7
826,Paul KELLY (Lab),Jamie SUPER (SNP),skipped,skipped,skipped,skipped,skipped,,7
827,Paul KELLY (Lab),Jamie SUPER (SNP),skipped,skipped,skipped,skipped,skipped,,7
828,Paul KELLY (Lab),Jamie SUPER (SNP),skipped,skipped,skipped,skipped,skipped,,7
829,Paul KELLY (Lab),Jamie SUPER (SNP),skipped,skipped,skipped,skipped,skipped,,7
830,Paul KELLY (Lab),Jamie SUPER (SNP),skipped,skipped,skipped,skipped,skipped,,7
831,Paul KELLY (Lab),Jamie SUPER (SNP),skipped,skipped,skipped,skipped,skipped,,7
832,Paul KELLY (Lab),Jamie SUPER (SNP),skipped,skipped,skipped,skipped,skipped,,7
833,Paul KELLY (Lab),Jamie SUPER (SNP),skipped,skipped,skipped,skipped,skipped,,7
834,Paul KELLY (Lab),Jamie SUPER (SNP),skipped,skipped,skipped,skipped,skipped,,7
835,Paul KELLY (Lab),Jamie SUPER (SNP),Julie FLEMING (RISE) (UNKNOWN),skipped,skipped,skipped,skipped,,7
836,Paul KELLY (Lab),Julie FLEMING (RISE) (UNKNOWN),Annette VALENTINE (SNP),Elaine MCSPADDEN (IANL) (UNKNOWN),skipped,skipped,skipped,,7
837,Paul KELLY (Lab),Annette VALENTINE (SNP),skipped,skipped,skipped,skipped,skipped,,7
838,Paul KELLY (Lab),Annette VALENTINE (SNP),skipped,skipped,skipped,skipped,skipped,,7
839,Paul KELLY (Lab),Annette VALENTINE (SNP),skipped,skipped,skipped,skipped,skipped,,7
840,Paul KELLY (Lab),Annette VALENTINE (SNP),skipped,skipped,skipped,skipped,skipped,,7
841,Paul KELLY (Lab),Annette VALENTINE (SNP),skipped,skipped,skipped,skipped,skipped,,7
842,Paul KELLY (Lab),Annette VALENTINE (SNP),skipped,skipped,skipped,skipped,skipped,,7
843,Paul KELLY (Lab),Annette VALENTINE (SNP),skipped,skipped,skipped,skipped,skipped,,7
844,Paul KELLY (Lab),Annette VALENTINE (SNP),skipped,skipped,skipped,skipped,skipped,,7
845,Paul KELLY (Lab),Annette VALENTINE (SNP),skipped,skipped,skipped,skipped,skipped,,7
846,Paul KELLY (Lab),Annette VALENTINE (SNP),skipped,skipped,skipped,skipped,skipped,,7
847,Paul KELLY (Lab),Annette VALENTINE (SNP),skipped,skipped,skipped,skipped,skipped,,7
848,Paul KELLY (Lab),Annette VALENTINE (SNP),Julie FLEMING (RISE) (UNKNOWN),skipped,skipped,skipped,skipped,,7
849,Paul KELLY (Lab),Annette VALENTINE (SNP),Julie FLEMING (RISE) (UNKNOWN),Elaine MCSPADDEN (IANL) (UNKNOWN),Meghan GALLACHER (Con),skipped,skipped,,7
850,Paul KELLY (Lab),Annette VALENTINE (SNP),Julie FLEMING (RISE) (UNKNOWN),Elaine MCSPADDEN (IANL) (UNKNOWN),Meghan GALLACHER (Con),skipped,skipped,,7
851,Paul KELLY (Lab),Annette VALENTINE (SNP),Julie FLEMING (RISE) (UNKNOWN),Meghan GALLACHER (Con),Elaine MCSPADDEN (IANL) (UNKNOWN),skipped,skipped,,7
852,Paul KELLY (Lab),Annette VALENTINE (SNP),Julie FLEMING (RISE) (UNKNOWN),Meghan GALLACHER (Con),Elaine MCSPADDEN (IANL) (UNKNOWN),skipped,skipped,,7
853,Paul KELLY (Lab),Annette VALENTINE (SNP),Julie FLEMING (RISE) (UNKNOWN),Meghan GALLACHER (Con),Elaine MCSPADDEN (IANL) (UNKNOWN),skipped,skipped,,7
854,Paul KELLY (Lab),Annette VALENTINE (SNP),Julie FLEMING (RISE) (UNKNOWN),Meghan GALLACHER (Con),Elaine MCSPADDEN (IANL) (UNKNOWN),skipped,skipped,,7
855,Paul KELLY (Lab),Annette VALENTINE (SNP),Elaine MCSPADDEN (IANL) (UNKNOWN),skipped,skipped,skipped,skipped,,7
856,Paul KELLY (Lab),Annette VALENTINE (SNP),Elaine MCSPADDEN (IANL) (UNKNOWN),skipped,skipped,skipped,skipped,,7
857,Paul KELLY (Lab),Annette VALENTINE (SNP),Elaine MCSPADDEN (IANL) (UNKNOWN),Julie FLEMING (RISE) (UNKNOWN),Meghan GALLACHER (Con),skipped,skipped,,7
858,Paul KELLY (Lab),Annette VALENTINE (SNP),Elaine MCSPADDEN (IANL) (UNKNOWN),Julie FLEMING (RISE) (UNKNOWN),Meghan GALLACHER (Con),skipped,skipped,,7
859,Paul KELLY (Lab),Annette VALENTINE (SNP),Elaine MCSPADDEN (IANL) (UNKNOWN),Julie FLEMING (RISE) (UNKNOWN),Meghan GALLACHER (Con),skipped,skipped,,7
860,Paul KELLY (Lab),Annette VALENTINE (SNP),Elaine MCSPADDEN (IANL) (UNKNOWN),Julie FLEMING (RISE) (UNKNOWN),Meghan GALLACHER (Con),skipped,skipped,,7
861,Paul KELLY (Lab),Annette VALENTINE (SNP),Elaine MCSPADDEN (IANL) (UNKNOWN),Meghan GALLACHER (Con),Julie FLEMING (RISE) (UNKNOWN),skipped,skipped,,7
862,Paul KELLY (Lab),Annette VALENTINE (SNP),Elaine MCSPADDEN (IANL) (UNKNOWN),Meghan GALLACHER (Con),Julie FLEMING (RISE) (UNKNOWN),skipped,skipped,,7
863,Paul KELLY (Lab),Annette VALENTINE (SNP),Elaine MCSPADDEN (IANL) (UNKNOWN),Meghan GALLACHER (Con),Julie FLEMING (RISE) (UNKNOWN),skipped,skipped,,7
864,Paul KELLY (Lab),Annette VALENTINE (SNP),skipped,skipped,skipped,skipped,skipped,,7
865,Paul KELLY (Lab),Annette VALENTINE (SNP),skipped,skipped,skipped,skipped,skipped,,7
866,Paul KELLY (Lab),Annette VALENTINE (SNP),skipped,skipped,skipped,skipped,skipped,,7
867,Paul KELLY (Lab),Annette VALENTINE (SNP),skipped,skipped,skipped,skipped,skipped,,7
868,Paul KELLY (Lab),Annette VALENTINE (SNP),skipped,skipped,skipped,skipped,skipped,,7
869,Paul KELLY (Lab),Annette VALENTINE (SNP),skipped,skipped,skipped,skipped,skipped,,7
870,Paul KELLY (Lab),Annette VALENTINE (SNP),skipped,skipped,skipped,skipped,skipped,,7
871,Paul KELLY (Lab),Annette VALENTINE (SNP),skipped,skipped,skipped,skipped,skipped,,7
872,Paul KELLY (Lab),Annette VALENTINE (SNP),skipped,skipped,skipped,skipped,skipped,,7
873,Paul KELLY (Lab),Annette VALENTINE (SNP),skipped,skipped,skipped,skipped,skipped,,7
874,Paul KELLY (Lab),Annette VALENTINE (SNP),skipped,skipped,skipped,skipped,skipped,,7
875,Paul KELLY (Lab),Annette VALENTINE (SNP),skipped,skipped,skipped,skipped,skipped,,7
876,Paul KELLY (Lab),Annette VALENTINE (SNP),skipped,skipped,skipped,skipped,skipped,,7
877,Paul KELLY (Lab),Annette VALENTINE (SNP),skipped,skipped,skipped,skipped,skipped,,7
878,Paul KELLY (Lab),Annette VALENTINE (SNP),skipped,skipped,skipped,skipped,skipped,,7
879,Paul KELLY (Lab),Annette VALENTINE (SNP),skipped,skipped,skipped,skipped,skipped,,7
880,Paul KELLY (Lab),Annette VALENTINE (SNP),skipped,skipped,skipped,skipped,skipped,,7
881,Paul KELLY (Lab),Annette VALENTINE (SNP),skipped,skipped,skipped,skipped,skipped,,7
882,Paul KELLY (Lab),Annette VALENTINE (SNP),skipped,skipped,skipped,skipped,skipped,,7
883,Paul KELLY (Lab),Annette VALENTINE (SNP),skipped,skipped,skipped,skipped,skipped,,7
884,Paul KELLY (Lab),Annette VALENTINE (SNP),skipped,skipped,skipped,skipped,skipped,,7
885,Paul KELLY (Lab),Annette VALENTINE (SNP),skipped,skipped,skipped,skipped,skipped,,7
886,Paul KELLY (Lab),Annette VALENTINE (SNP),skipped,skipped,skipped,skipped,skipped,,7
887,Paul KELLY (Lab),Annette VALENTINE (SNP),skipped,skipped,skipped,skipped,skipped,,7
888,Paul KELLY (Lab),Annette VALENTINE (SNP),skipped,skipped,skipped,skipped,skipped,,7
889,Paul KELLY (Lab),Annette VALENTINE (SNP),skipped,skipped,skipped,skipped,skipped,,7
890,Paul KELLY (Lab),Annette VALENTINE (SNP),skipped,skipped,skipped,skipped,skipped,,7
891,Paul KELLY (Lab),Annette VALENTINE (SNP),skipped,skipped,skipped,skipped,skipped,,7
892,Paul KELLY (Lab),Annette VALENTINE (SNP),skipped,skipped,skipped,skipped,skipped,,7
893,Paul KELLY (Lab),Annette VALENTINE (SNP),skipped,skipped,skipped,skipped,skipped,,7
894,Paul KELLY (Lab),Annette VALENTINE (SNP),skipped,skipped,skipped,skipped,skipped,,7
895,Paul KELLY (Lab),Annette VALENTINE (SNP),skipped,skipped,skipped,skipped,skipped,,7
896,Paul KELLY (Lab),Annette VALENTINE (SNP),skipped,skipped,skipped,skipped,skipped,,7
897,Paul KELLY (Lab),Annette VALENTINE (SNP),skipped,skipped,skipped,skipped,skipped,,7
898,Paul KELLY (Lab),Annette VALENTINE (SNP),skipped,skipped,skipped,skipped,skipped,,7
899,Paul KELLY (Lab),Annette VALENTINE (SNP),Julie FLEMING (RISE) (UNKNOWN),skipped,skipped,skipped,skipped,,7
900,Paul KELLY (Lab),Annette VALENTINE (SNP),skipped,skipped,skipped,skipped,skipped,,7
901,Paul KELLY (Lab),Annette VALENTINE (SNP),skipped,skipped,skipped,skipped,skipped,,7
902,Paul KELLY (Lab),Annette VALENTINE (SNP),skipped,skipped,skipped,skipped,skipped,,7
903,Paul KELLY (Lab),Annette VALENTINE (SNP),skipped,skipped,skipped,skipped,skipped,,7
904,Paul KELLY (Lab),Annette VALENTINE (SNP),skipped,skipped,skipped,skipped,skipped,,7
905,Paul KELLY (Lab),Annette VALENTINE (SNP),skipped,skipped,skipped,skipped,skipped,,7
906,Paul KELLY (Lab),Annette VALENTINE (SNP),skipped,skipped,skipped,skipped,skipped,,7
907,Paul KELLY (Lab),Annette VALENTINE (SNP),skipped,skipped,skipped,skipped,skipped,,7
908,Paul KELLY (Lab),Annette VALENTINE (SNP),skipped,skipped,skipped,skipped,skipped,,7
909,Paul KELLY (Lab),Annette VALENTINE (SNP),skipped,skipped,skipped,skipped,skipped,,7
910,Paul KELLY (Lab),Annette VALENTINE (SNP),skipped,skipped,skipped,skipped,skipped,,7
911,Paul KELLY (Lab),Annette VALENTINE (SNP),skipped,skipped,skipped,skipped,skipped,,7
912,Paul KELLY (Lab),Annette VALENTINE (SNP),skipped,skipped,skipped,skipped,skipped,,7
913,Paul KELLY (Lab),Annette VALENTINE (SNP),Julie FLEMING (RISE) (UNKNOWN),skipped,skipped,skipped,skipped,,7
914,Paul KELLY (Lab),Annette VALENTINE (SNP),Julie FLEMING (RISE) (UNKNOWN),skipped,skipped,skipped,skipped,,7
915,Paul KELLY (Lab),Annette VALENTINE (SNP),Julie FLEMING (RISE) (UNKNOWN),Elaine MCSPADDEN (IANL) (UNKNOWN),Meghan GALLACHER (Con),skipped,skipped,,7
916,Paul KELLY (Lab),Annette VALENTINE (SNP),Julie FLEMING (RISE) (UNKNOWN),Elaine MCSPADDEN (IANL) (UNKNOWN),Meghan GALLACHER (Con),skipped,skipped,,7
917,Paul KELLY (Lab),Annette VALENTINE (SNP),Julie FLEMING (RISE) (UNKNOWN),Elaine MCSPADDEN (IANL) (UNKNOWN),Meghan GALLACHER (Con),skipped,skipped,,7
918,Paul KELLY (Lab),Annette VALENTINE (SNP),Julie FLEMING (RISE) (UNKNOWN),Elaine MCSPADDEN (IANL) (UNKNOWN),Meghan GALLACHER (Con),skipped,skipped,,7
919,Paul KELLY (Lab),Annette VALENTINE (SNP),Elaine MCSPADDEN (IANL) (UNKNOWN),Julie FLEMING (RISE) (UNKNOWN),Meghan GALLACHER (Con),skipped,skipped,,7
920,Paul KELLY (Lab),Annette VALENTINE (SNP),Elaine MCSPADDEN (IANL) (UNKNOWN),Julie FLEMING (RISE) (UNKNOWN),Meghan GALLACHER (Con),skipped,skipped,,7
921,Paul KELLY (Lab),Annette VALENTINE (SNP),Elaine MCSPADDEN (IANL) (UNKNOWN),Julie FLEMING (RISE) (UNKNOWN),Meghan GALLACHER (Con),skipped,skipped,,7
922,Paul KELLY (Lab),Annette VALENTINE (SNP),Elaine MCSPADDEN (IANL) (UNKNOWN),Julie FLEMING (RISE) (UNKNOWN),Meghan GALLACHER (Con),skipped,skipped,,7
923,Paul KELLY (Lab),Annette VALENTINE (SNP),Elaine MCSPADDEN (IANL) (UNKNOWN),Meghan GALLACHER (Con),Julie FLEMING (RISE) (UNKNOWN),skipped,skipped,,7
924,Paul KELLY (Lab),Annette VALENTINE (SNP),Elaine MCSPADDEN (IANL) (UNKNOWN),Meghan GALLACHER (Con),Julie FLEMING (RISE) (UNKNOWN),skipped,skipped,,7
925,Paul KELLY (Lab),Annette VALENTINE (SNP),Meghan GALLACHER (Con),Julie FLEMING (RISE) (UNKNOWN),Elaine MCSPADDEN (IANL) (UNKNOWN),skipped,skipped,,7
926,Paul KELLY (Lab),Annette VALENTINE (SNP),Meghan GALLACHER (Con),Elaine MCSPADDEN (IANL) (UNKNOWN),Julie FLEMING (RISE) (UNKNOWN),skipped,skipped,,7
927,Paul KELLY (Lab),Annette VALENTINE (SNP),Meghan GALLACHER (Con),Elaine MCSPADDEN (IANL) (UNKNOWN),Julie FLEMING (RISE) (UNKNOWN),skipped,skipped,,7
928,Paul KELLY (Lab),Annette VALENTINE (SNP),Meghan GALLACHER (Con),Elaine MCSPADDEN (IANL) (UNKNOWN),Julie FLEMING (RISE) (UNKNOWN),skipped,skipped,,7
929,Paul KELLY (Lab),Annette VALENTINE (SNP),Meghan GALLACHER (Con),skipped,skipped,skipped,skipped,,7
930,Paul KELLY (Lab),Meghan GALLACHER (Con),skipped,skipped,skipped,skipped,skipped,,7
931,Paul KELLY (Lab),Meghan GALLACHER (Con),skipped,skipped,skipped,skipped,skipped,,7
932,Paul KELLY (Lab),Meghan GALLACHER (Con),skipped,skipped,skipped,skipped,skipped,,7
933,Paul KELLY (Lab),Meghan GALLACHER (Con),skipped,skipped,skipped,skipped,skipped,,7
934,Paul KELLY (Lab),Meghan GALLACHER (Con),skipped,skipped,skipped,skipped,skipped,,7
935,Paul KELLY (Lab),Meghan GALLACHER (Con),skipped,skipped,skipped,skipped,skipped,,7
936,Paul KELLY (Lab),Meghan GALLACHER (Con),skipped,skipped,skipped,skipped,skipped,,7
937,Paul KELLY (Lab),Meghan GALLACHER (Con),skipped,skipped,skipped,skipped,skipped,,7
938,Paul KELLY (Lab),Meghan GALLACHER (Con),skipped,skipped,skipped,skipped,skipped,,7
939,Paul KELLY (Lab),Meghan GALLACHER (Con),skipped,skipped,skipped,skipped,skipped,,7
940,Paul KELLY (Lab),Meghan GALLACHER (Con),skipped,skipped,skipped,skipped,skipped,,7
941,Paul KELLY (Lab),Meghan GALLACHER (Con),skipped,skipped,skipped,skipped,skipped,,7
942,Paul KELLY (Lab),Meghan GALLACHER (Con),skipped,skipped,skipped,skipped,skipped,,7
943,Paul KELLY (Lab),Meghan GALLACHER (Con),skipped,skipped,skipped,skipped,skipped,,7
944,Paul KELLY (Lab),Meghan GALLACHER (Con),skipped,skipped,skipped,skipped,skipped,,7
945,Paul KELLY (Lab),Meghan GALLACHER (Con),skipped,skipped,skipped,skipped,skipped,,7
946,Paul KELLY (Lab),Meghan GALLACHER (Con),skipped,skipped,skipped,skipped,skipped,,7
947,Paul KELLY (Lab),Meghan GALLACHER (Con),skipped,skipped,skipped,skipped,skipped,,7
948,Paul KELLY (Lab),Meghan GALLACHER (Con),skipped,skipped,skipped,skipped,skipped,,7
949,Paul KELLY (Lab),Meghan GALLACHER (Con),skipped,skipped,skipped,skipped,skipped,,7
950,Paul KELLY (Lab),Meghan GALLACHER (Con),skipped,skipped,skipped,skipped,skipped,,7
951,Paul KELLY (Lab),Meghan GALLACHER (Con),skipped,skipped,skipped,skipped,skipped,,7
952,Paul KELLY (Lab),Meghan GALLACHER (Con),skipped,skipped,skipped,skipped,skipped,,7
953,Paul KELLY (Lab),Meghan GALLACHER (Con),skipped,skipped,skipped,skipped,skipped,,7
954,Paul KELLY (Lab),Meghan GALLACHER (Con),skipped,skipped,skipped,skipped,skipped,,7
955,Paul KELLY (Lab),Meghan GALLACHER (Con),skipped,skipped,skipped,skipped,skipped,,7
956,Paul KELLY (Lab),Meghan GALLACHER (Con),skipped,skipped,skipped,skipped,skipped,,7
957,Paul KELLY (Lab),Meghan GALLACHER (Con),skipped,skipped,skipped,skipped,skipped,,7
958,Paul KELLY (Lab),Meghan GALLACHER (Con),skipped,skipped,skipped,skipped,skipped,,7
959,Paul KELLY (Lab),Meghan GALLACHER (Con),skipped,skipped,skipped,skipped,skipped,,7
960,Paul KELLY (Lab),Meghan GALLACHER (Con),skipped,skipped,skipped,skipped,skipped,,7
961,Paul KELLY (Lab),Meghan GALLACHER (Con),skipped,skipped,skipped,skipped,skipped,,7
962,Paul KELLY (Lab),Meghan GALLACHER (Con),skipped,skipped,skipped,skipped,skipped,,7
963,Paul KELLY (Lab),Meghan GALLACHER (Con),skipped,skipped,skipped,skipped,skipped,,7
964,Paul KELLY (Lab),Meghan GALLACHER (Con),skipped,skipped,skipped,skipped,skipped,,7
965,Paul KELLY (Lab),Meghan GALLACHER (Con),skipped,skipped,skipped,skipped,skipped,,7
966,Paul KELLY (Lab),Meghan GALLACHER (Con),skipped,skipped,skipped,skipped,skipped,,7
967,Paul KELLY (Lab),Meghan GALLACHER (Con),skipped,skipped,skipped,skipped,skipped,,7
968,Paul KELLY (Lab),Meghan GALLACHER (Con),skipped,skipped,skipped,skipped,skipped,,7
969,Paul KELLY (Lab),Meghan GALLACHER (Con),skipped,skipped,skipped,skipped,skipped,,7
970,Paul KELLY (Lab),Meghan GALLACHER (Con),skipped,skipped,skipped,skipped,skipped,,7
971,Paul KELLY (Lab),Meghan GALLACHER (Con),skipped,skipped,skipped,skipped,skipped,,7
972,Paul KELLY (Lab),Meghan GALLACHER (Con),skipped,skipped,skipped,skipped,skipped,,7
973,Paul KELLY (Lab),Meghan GALLACHER (Con),skipped,skipped,skipped,skipped,skipped,,7
974,Paul KELLY (Lab),Meghan GALLACHER (Con),skipped,skipped,skipped,skipped,skipped,,7
975,Paul KELLY (Lab),Meghan GALLACHER (Con),skipped,skipped,skipped,skipped,skipped,,7
976,Paul KELLY (Lab),Meghan GALLACHER (Con),skipped,skipped,skipped,skipped,skipped,,7
977,Paul KELLY (Lab),Meghan GALLACHER (Con),skipped,skipped,skipped,skipped,skipped,,7
978,Paul KELLY (Lab),Meghan GALLACHER (Con),skipped,skipped,skipped,skipped,skipped,,7
979,Paul KELLY (Lab),Meghan GALLACHER (Con),skipped,skipped,skipped,skipped,skipped,,7
980,Paul KELLY (Lab),Meghan GALLACHER (Con),skipped,skipped,skipped,skipped,skipped,,7
981,Paul KELLY (Lab),Meghan GALLACHER (Con),skipped,skipped,skipped,skipped,skipped,,7
982,Paul KELLY (Lab),Meghan GALLACHER (Con),skipped,skipped,skipped,skipped,skipped,,7
983,Paul KELLY (Lab),Meghan GALLACHER (Con),skipped,skipped,skipped,skipped,skipped,,7
984,Paul KELLY (Lab),Meghan GALLACHER (Con),skipped,skipped,skipped,skipped,skipped,,7
985,Paul KELLY (Lab),Meghan GALLACHER (Con),skipped,skipped,skipped,skipped,skipped,,7
986,Paul KELLY (Lab),Meghan GALLACHER (Con),skipped,skipped,skipped,skipped,skipped,,7
987,Paul KELLY (Lab),Meghan GALLACHER (Con),skipped,skipped,skipped,skipped,skipped,,7
988,Paul KELLY (Lab),Meghan GALLACHER (Con),skipped,skipped,skipped,skipped,skipped,,7
989,Paul KELLY (Lab),Meghan GALLACHER (Con),skipped,skipped,skipped,skipped,skipped,,7
990,Paul KELLY (Lab),Meghan GALLACHER (Con),skipped,skipped,skipped,skipped,skipped,,7
991,Paul KELLY (Lab),Meghan GALLACHER (Con),skipped,skipped,skipped,skipped,skipped,,7
992,Paul KELLY (Lab),Meghan GALLACHER (Con),skipped,skipped,skipped,skipped,skipped,,7
993,Paul KELLY (Lab),Meghan GALLACHER (Con),skipped,skipped,skipped,skipped,skipped,,7
994,Paul KELLY (Lab),Meghan GALLACHER (Con),skipped,skipped,skipped,skipped,skipped,,7
995,Paul KELLY (Lab),Meghan GALLACHER (Con),skipped,skipped,skipped,skipped,skipped,,7
996,Paul KELLY (Lab),Meghan GALLACHER (Con),skipped,skipped,skipped,skipped,skipped,,7
997,Paul KELLY (Lab),Meghan GALLACHER (Con),skipped,skipped,skipped,skipped,skipped,,7
998,Paul KELLY (Lab),Meghan GALLACHER (Con),skipped,skipped,skipped,skipped,skipped,,7
999,Paul KELLY (Lab),Meghan GALLACHER (Con),skipped,skipped,skipped,skipped,skipped,,7
1000,Paul KELLY (Lab),Meghan GALLACHER (Con),skipped,skipped,skipped,skipped,skipped,,7
1001,Paul KELLY (Lab),Meghan GALLACHER (Con),skipped,skipped,skipped,skipped,skipped,,7
1002,Paul KELLY (Lab),Meghan GALLACHER (Con),skipped,skipped,skipped,skipped,skipped,,7
1003,Paul KELLY (Lab),Meghan GALLACHER (Con),skipped,skipped,skipped,skipped,skipped,,7
1004,Paul KELLY (Lab),Meghan GALLACHER (Con),skipped,skipped,skipped,skipped,skipped,,7
1005,Paul KELLY (Lab),Meghan GALLACHER (Con),skipped,skipped,skipped,skipped,skipped,,7
1006,Paul KELLY (Lab),Meghan GALLACHER (Con),skipped,skipped,skipped,skipped,skipped,,7
1007,Paul KELLY (Lab),Meghan GALLACHER (Con),Julie FLEMING (RISE) (UNKNOWN),skipped,skipped,skipped,skipped,,7
1008,Paul KELLY (Lab),Meghan GALLACHER (Con),Julie FLEMING (RISE) (UNKNOWN),Elaine MCSPADDEN (IANL) (UNKNOWN),skipped,skipped,skipped,,7
1009,Paul KELLY (Lab),Meghan GALLACHER (Con),Julie FLEMING (RISE) (UNKNOWN),Elaine MCSPADDEN (IANL) (UNKNOWN),skipped,skipped,skipped,,7
1010,Paul KELLY (Lab),Meghan GALLACHER (Con),Julie FLEMING (RISE) (UNKNOWN),Elaine MCSPADDEN (IANL) (UNKNOWN),Annette VALENTINE (SNP),skipped,skipped,,7
1011,Paul KELLY (Lab),Meghan GALLACHER (Con),Julie FLEMING (RISE) (UNKNOWN),Elaine MCSPADDEN (IANL) (UNKNOWN),Annette VALENTINE (SNP),skipped,skipped,,7
1012,Paul KELLY (Lab),Meghan GALLACHER (Con),Julie FLEMING (RISE) (UNKNOWN),Elaine MCSPADDEN (IANL) (UNKNOWN),Annette VALENTINE (SNP),skipped,skipped,,7
1013,Paul KELLY (Lab),Meghan GALLACHER (Con),Julie FLEMING (RISE) (UNKNOWN),Elaine MCSPADDEN (IANL) (UNKNOWN),Annette VALENTINE (SNP),skipped,skipped,,7
1014,Paul KELLY (Lab),Meghan GALLACHER (Con),Julie FLEMING (RISE) (UNKNOWN),Elaine MCSPADDEN (IANL) (UNKNOWN),Annette VALENTINE (SNP),skipped,skipped,,7
1015,Paul KELLY (Lab),Meghan GALLACHER (Con),Julie FLEMING (RISE) (UNKNOWN),Annette VALENTINE (SNP),skipped,skipped,skipped,,7
1016,Paul KELLY (Lab),Meghan GALLACHER (Con),Elaine MCSPADDEN (IANL) (UNKNOWN),skipped,skipped,skipped,skipped,,7
1017,Paul KELLY (Lab),Meghan GALLACHER (Con),Elaine MCSPADDEN (IANL) (UNKNOWN),skipped,skipped,skipped,skipped,,7
1018,Paul KELLY (Lab),Meghan GALLACHER (Con),Elaine MCSPADDEN (IANL) (UNKNOWN),skipped,skipped,skipped,skipped,,7
1019,Paul KELLY (Lab),Meghan GALLACHER (Con),Elaine MCSPADDEN (IANL) (UNKNOWN),skipped,skipped,skipped,skipped,,7
1020,Paul KELLY (Lab),Meghan GALLACHER (Con),Elaine MCSPADDEN (IANL) (UNKNOWN),skipped,skipped,skipped,skipped,,7
1021,Paul KELLY (Lab),Meghan GALLACHER (Con),Elaine MCSPADDEN (IANL) (UNKNOWN),Julie FLEMING (RISE) (UNKNOWN),skipped,skipped,skipped,,7
1022,Paul KELLY (Lab),Meghan GALLACHER (Con),Elaine MCSPADDEN (IANL) (UNKNOWN),Julie FLEMING (RISE) (UNKNOWN),skipped,skipped,skipped,,7
1023,Paul KELLY (Lab),Meghan GALLACHER (Con),Elaine MCSPADDEN (IANL) (UNKNOWN),Julie FLEMING (RISE) (UNKNOWN),Annette VALENTINE (SNP),skipped,skipped,,7
1024,Paul KELLY (Lab),Meghan GALLACHER (Con),Elaine MCSPADDEN (IANL) (UNKNOWN),Julie FLEMING (RISE) (UNKNOWN),Annette VALENTINE (SNP),skipped,skipped,,7
1025,Paul KELLY (Lab),Meghan GALLACHER (Con),Elaine MCSPADDEN (IANL) (UNKNOWN),Julie FLEMING (RISE) (UNKNOWN),Annette VALENTINE (SNP),skipped,skipped,,7
1026,Paul KELLY (Lab),Meghan GALLACHER (Con),Elaine MCSPADDEN (IANL) (UNKNOWN),Julie FLEMING (RISE) (UNKNOWN),Annette VALENTINE (SNP),skipped,skipped,,7
1027,Paul KELLY (Lab),Meghan GALLACHER (Con),Elaine MCSPADDEN (IANL) (UNKNOWN),Julie FLEMING (RISE) (UNKNOWN),Annette VALENTINE (SNP),skipped,skipped,,7
1028,Paul KELLY (Lab),Meghan GALLACHER (Con),Elaine MCSPADDEN (IANL) (UNKNOWN),Julie FLEMING (RISE) (UNKNOWN),Annette VALENTINE (SNP),skipped,skipped,,7
1029,Paul KELLY (Lab),Meghan GALLACHER (Con),Elaine MCSPADDEN (IANL) (UNKNOWN),Julie FLEMING (RISE) (UNKNOWN),Annette VALENTINE (SNP),skipped,skipped,,7
1030,Paul KELLY (Lab),Meghan GALLACHER (Con),Elaine MCSPADDEN (IANL) (UNKNOWN),Julie FLEMING (RISE) (UNKNOWN),Annette VALENTINE (SNP),skipped,skipped,,7
1031,Paul KELLY (Lab),Meghan GALLACHER (Con),Elaine MCSPADDEN (IANL) (UNKNOWN),Annette VALENTINE (SNP),Julie FLEMING (RISE) (UNKNOWN),skipped,skipped,,7
1032,Paul KELLY (Lab),Meghan GALLACHER (Con),Elaine MCSPADDEN (IANL) (UNKNOWN),Annette VALENTINE (SNP),Julie FLEMING (RISE) (UNKNOWN),skipped,skipped,,7
1033,Paul KELLY (Lab),Meghan GALLACHER (Con),Annette VALENTINE (SNP),Julie FLEMING (RISE) (UNKNOWN),Elaine MCSPADDEN (IANL) (UNKNOWN),skipped,skipped,,7
1034,Paul KELLY (Lab),Meghan GALLACHER (Con),Annette VALENTINE (SNP),Elaine MCSPADDEN (IANL) (UNKNOWN),Julie FLEMING (RISE) (UNKNOWN),skipped,skipped,,7
1035,Paul KELLY (Lab),Annette VALENTINE (SNP),skipped,skipped,skipped,skipped,skipped,,7
1036,Paul KELLY (Lab),Annette VALENTINE (SNP),skipped,skipped,skipped,skipped,skipped,,7
1037,Paul KELLY (Lab),Annette VALENTINE (SNP),skipped,skipped,skipped,skipped,skipped,,7
1038,Paul KELLY (Lab),Annette VALENTINE (SNP),skipped,skipped,skipped,skipped,skipped,,7
1039,Paul KELLY (Lab),Annette VALENTINE (SNP),Julie FLEMING (RISE) (UNKNOWN),skipped,skipped,skipped,skipped,,7
1040,Paul KELLY (Lab),Annette VALENTINE (SNP),Julie FLEMING (RISE) (UNKNOWN),skipped,skipped,skipped,skipped,,7
1041,Paul KELLY (Lab),Annette VALENTINE (SNP),Julie FLEMING (RISE) (UNKNOWN),skipped,skipped,skipped,skipped,,7
1042,Paul KELLY (Lab),Annette VALENTINE (SNP),Julie FLEMING (RISE) (UNKNOWN),skipped,skipped,skipped,skipped,,7
1043,Paul KELLY (Lab),Annette VALENTINE (SNP),Julie FLEMING (RISE) (UNKNOWN),skipped,skipped,skipped,skipped,,7
1044,Paul KELLY (Lab),Annette VALENTINE (SNP),Julie FLEMING (RISE) (UNKNOWN),Meghan GALLACHER (Con),Elaine MCSPADDEN (IANL) (UNKNOWN),skipped,skipped,,7
1045,Paul KELLY (Lab),Annette VALENTINE (SNP),skipped,skipped,skipped,skipped,skipped,,7
1046,Paul KELLY (Lab),Annette VALENTINE (SNP),skipped,skipped,skipped,skipped,skipped,,7
1047,Paul KELLY (Lab),Annette VALENTINE (SNP),skipped,skipped,skipped,skipped,skipped,,7
1048,Paul KELLY (Lab),Annette VALENTINE (SNP),skipped,skipped,skipped,skipped,skipped,,7
1049,Paul KELLY (Lab),Annette VALENTINE (SNP),skipped,skipped,skipped,skipped,skipped,,7
1050,Paul KELLY (Lab),Annette VALENTINE (SNP),skipped,skipped,skipped,skipped,skipped,,7
1051,Paul KELLY (Lab),Annette VALENTINE (SNP),skipped,skipped,skipped,skipped,skipped,,7
1052,Paul KELLY (Lab),Annette VALENTINE (SNP),Julie FLEMING (RISE) (UNKNOWN),Elaine MCSPADDEN (IANL) (UNKNOWN),Meghan GALLACHER (Con),skipped,skipped,,7
1053,Paul KELLY (Lab),Annette VALENTINE (SNP),skipped,skipped,skipped,skipped,skipped,,7
1054,Paul KELLY (Lab),Annette VALENTINE (SNP),skipped,skipped,skipped,skipped,skipped,,7
1055,Paul KELLY (Lab),Annette VALENTINE (SNP),Julie FLEMING (RISE) (UNKNOWN),Elaine MCSPADDEN (IANL) (UNKNOWN),Meghan GALLACHER (Con),skipped,skipped,,7
1056,Paul KELLY (Lab),Annette VALENTINE (SNP),Julie FLEMING (RISE) (UNKNOWN),Elaine MCSPADDEN (IANL) (UNKNOWN),Meghan GALLACHER (Con),skipped,skipped,,7
1057,Paul KELLY (Lab),Annette VALENTINE (SNP),skipped,skipped,skipped,skipped,skipped,,7
1058,Paul KELLY (Lab),Annette VALENTINE (SNP),skipped,skipped,skipped,skipped,skipped,,7
1059,Paul KELLY (Lab),Annette VALENTINE (SNP),skipped,skipped,skipped,skipped,skipped,,7
1060,Paul KELLY (Lab),Annette VALENTINE (SNP),skipped,skipped,skipped,skipped,skipped,,7
1061,Paul KELLY (Lab),Annette VALENTINE (SNP),skipped,skipped,skipped,skipped,skipped,,7
1062,Paul KELLY (Lab),Annette VALENTINE (SNP),skipped,skipped,skipped,skipped,skipped,,7
1063,Paul KELLY (Lab),Annette VALENTINE (SNP),Julie FLEMING (RISE) (UNKNOWN),Elaine MCSPADDEN (IANL) (UNKNOWN),Meghan GALLACHER (Con),skipped,skipped,,7
1064,Paul KELLY (Lab),Annette VALENTINE (SNP),Meghan GALLACHER (Con),skipped,skipped,skipped,skipped,,7
1065,Paul KELLY (Lab),Meghan GALLACHER (Con),skipped,skipped,skipped,skipped,skipped,,7
1066,Paul KELLY (Lab),Meghan GALLACHER (Con),skipped,skipped,skipped,skipped,skipped,,7
1067,Paul KELLY (Lab),Meghan GALLACHER (Con),skipped,skipped,skipped,skipped,skipped,,7
1068,Paul KELLY (Lab),Meghan GALLACHER (Con),skipped,skipped,skipped,skipped,skipped,,7
1069,Paul KELLY (Lab),Meghan GALLACHER (Con),skipped,skipped,skipped,skipped,skipped,,7
1070,Paul KELLY (Lab),Meghan GALLACHER (Con),skipped,skipped,skipped,skipped,skipped,,7
1071,Paul KELLY (Lab),Meghan GALLACHER (Con),skipped,skipped,skipped,skipped,skipped,,7
1072,Paul KELLY (Lab),Meghan GALLACHER (Con),skipped,skipped,skipped,skipped,skipped,,7
1073,Paul KELLY (Lab),Meghan GALLACHER (Con),skipped,skipped,skipped,skipped,skipped,,7
1074,Paul KELLY (Lab),Meghan GALLACHER (Con),skipped,skipped,skipped,skipped,skipped,,7
1075,Paul KELLY (Lab),Meghan GALLACHER (Con),skipped,skipped,skipped,skipped,skipped,,7
1076,Paul KELLY (Lab),Meghan GALLACHER (Con),skipped,skipped,skipped,skipped,skipped,,7
1077,Paul KELLY (Lab),Meghan GALLACHER (Con),Julie FLEMING (RISE) (UNKNOWN),skipped,skipped,skipped,skipped,,7
1078,Paul KELLY (Lab),Meghan GALLACHER (Con),Julie FLEMING (RISE) (UNKNOWN),skipped,skipped,skipped,skipped,,7
1079,Paul KELLY (Lab),Meghan GALLACHER (Con),Julie FLEMING (RISE) (UNKNOWN),skipped,skipped,skipped,skipped,,7
1080,Paul KELLY (Lab),Meghan GALLACHER (Con),Julie FLEMING (RISE) (UNKNOWN),Elaine MCSPADDEN (IANL) (UNKNOWN),Annette VALENTINE (SNP),skipped,skipped,,7
1081,Paul KELLY (Lab),Meghan GALLACHER (Con),Elaine MCSPADDEN (IANL) (UNKNOWN),skipped,skipped,skipped,skipped,,7
1082,Paul KELLY (Lab),Meghan GALLACHER (Con),Elaine MCSPADDEN (IANL) (UNKNOWN),Julie FLEMING (RISE) (UNKNOWN),Annette VALENTINE (SNP),skipped,skipped,,7
1083,Paul KELLY (Lab),Meghan GALLACHER (Con),skipped,skipped,skipped,skipped,skipped,,7
1084,Paul KELLY (Lab),Meghan GALLACHER (Con),skipped,skipped,skipped,skipped,skipped,,7
1085,Paul KELLY (Lab),Meghan GALLACHER (Con),skipped,skipped,skipped,skipped,skipped,,7
1086,Paul KELLY (Lab),Meghan GALLACHER (Con),skipped,skipped,skipped,skipped,skipped,,7
1087,Paul KELLY (Lab),Meghan GALLACHER (Con),skipped,skipped,skipped,skipped,skipped,,7
1088,Paul KELLY (Lab),Meghan GALLACHER (Con),skipped,skipped,skipped,skipped,skipped,,7
1089,Paul KELLY (Lab),Meghan GALLACHER (Con),skipped,skipped,skipped,skipped,skipped,,7
1090,Paul KELLY (Lab),Meghan GALLACHER (Con),skipped,skipped,skipped,skipped,skipped,,7
1091,Paul KELLY (Lab),Meghan GALLACHER (Con),skipped,skipped,skipped,skipped,skipped,,7
1092,Paul KELLY (Lab),Meghan GALLACHER (Con),skipped,skipped,skipped,skipped,skipped,,7
1093,Paul KELLY (Lab),Meghan GALLACHER (Con),skipped,skipped,skipped,skipped,skipped,,7
1094,Paul KELLY (Lab),Meghan GALLACHER (Con),skipped,skipped,skipped,skipped,skipped,,7
1095,Paul KELLY (Lab),Meghan GALLACHER (Con),skipped,skipped,skipped,skipped,skipped,,7
1096,Paul KELLY (Lab),Meghan GALLACHER (Con),skipped,skipped,skipped,skipped,skipped,,7
1097,Paul KELLY (Lab),Meghan GALLACHER (Con),skipped,skipped,skipped,skipped,skipped,,7
1098,Paul KELLY (Lab),Meghan GALLACHER (Con),Julie FLEMING (RISE) (UNKNOWN),skipped,skipped,skipped,skipped,,7
1099,Paul KELLY (Lab),Meghan GALLACHER (Con),Elaine MCSPADDEN (IANL) (UNKNOWN),skipped,skipped,skipped,skipped,,7
1100,Paul KELLY (Lab),Meghan GALLACHER (Con),Elaine MCSPADDEN (IANL) (UNKNOWN),Julie FLEMING (RISE) (UNKNOWN),Annette VALENTINE (SNP),skipped,skipped,,7
1101,Paul KELLY (Lab),Meghan GALLACHER (Con),Elaine MCSPADDEN (IANL) (UNKNOWN),Annette VALENTINE (SNP),Julie FLEMING (RISE) (UNKNOWN),skipped,skipped,,7
1102,Paul KELLY (Lab),Meghan GALLACHER (Con),Annette VALENTINE (SNP),Julie FLEMING (RISE) (UNKNOWN),Elaine MCSPADDEN (IANL) (UNKNOWN),skipped,skipped,,7
1103,Elaine MCSPADDEN (IANL) (UNKNOWN),skipped,skipped,skipped,skipped,skipped,skipped,,7
1104,Elaine MCSPADDEN (IANL) (UNKNOWN),skipped,skipped,skipped,skipped,skipped,skipped,,7
1105,Elaine MCSPADDEN (IANL) (UNKNOWN),skipped,skipped,skipped,skipped,skipped,skipped,,7
1106,Elaine MCSPADDEN (IANL) (UNKNOWN),skipped,skipped,skipped,skipped,skipped,skipped,,7
1107,Elaine MCSPADDEN (IANL) (UNKNOWN),skipped,skipped,skipped,skipped,skipped,skipped,,7
1108,Elaine MCSPADDEN (IANL) (UNKNOWN),skipped,skipped,skipped,skipped,skipped,skipped,,7
1109,Elaine MCSPADDEN (IANL) (UNKNOWN),skipped,skipped,skipped,skipped,skipped,skipped,,7
1110,Elaine MCSPADDEN (IANL) (UNKNOWN),skipped,skipped,skipped,skipped,skipped,skipped,,7
1111,Elaine MCSPADDEN (IANL) (UNKNOWN),skipped,skipped,skipped,skipped,skipped,skipped,,7
1112,Elaine MCSPADDEN (IANL) (UNKNOWN),skipped,skipped,skipped,skipped,skipped,skipped,,7
1113,Elaine MCSPADDEN (IANL) (UNKNOWN),skipped,skipped,skipped,skipped,skipped,skipped,,7
1114,Elaine MCSPADDEN (IANL) (UNKNOWN),skipped,skipped,skipped,skipped,skipped,skipped,,7
1115,Elaine MCSPADDEN (IANL) (UNKNOWN),skipped,skipped,skipped,skipped,skipped,skipped,,7
1116,Elaine MCSPADDEN (IANL) (UNKNOWN),Julie FLEMING (RISE) (UNKNOWN),skipped,skipped,skipped,skipped,skipped,,7
1117,Elaine MCSPADDEN (IANL) (UNKNOWN),Julie FLEMING (RISE) (UNKNOWN),skipped,skipped,skipped,skipped,skipped,,7
1118,Elaine MCSPADDEN (IANL) (UNKNOWN),Julie FLEMING (RISE) (UNKNOWN),skipped,skipped,skipped,skipped,skipped,,7
1119,Elaine MCSPADDEN (IANL) (UNKNOWN),Julie FLEMING (RISE) (UNKNOWN),skipped,skipped,skipped,skipped,skipped,,7
1120,Elaine MCSPADDEN (IANL) (UNKNOWN),Julie FLEMING (RISE) (UNKNOWN),skipped,skipped,skipped,skipped,skipped,,7
1121,Elaine MCSPADDEN (IANL) (UNKNOWN),Julie FLEMING (RISE) (UNKNOWN),skipped,skipped,skipped,skipped,skipped,,7
1122,Elaine MCSPADDEN (IANL) (UNKNOWN),Julie FLEMING (RISE) (UNKNOWN),skipped,skipped,skipped,skipped,skipped,,7
1123,Elaine MCSPADDEN (IANL) (UNKNOWN),Julie FLEMING (RISE) (UNKNOWN),Paul KELLY (Lab),skipped,skipped,skipped,skipped,,7
1124,Elaine MCSPADDEN (IANL) (UNKNOWN),Julie FLEMING (RISE) (UNKNOWN),Paul KELLY (Lab),skipped,skipped,skipped,skipped,,7
1125,Elaine MCSPADDEN (IANL) (UNKNOWN),Julie FLEMING (RISE) (UNKNOWN),Paul KELLY (Lab),skipped,skipped,skipped,skipped,,7
1126,Elaine MCSPADDEN (IANL) (UNKNOWN),Julie FLEMING (RISE) (UNKNOWN),Jamie SUPER (SNP),skipped,skipped,skipped,skipped,,7
1127,Elaine MCSPADDEN (IANL) (UNKNOWN),Julie FLEMING (RISE) (UNKNOWN),Annette VALENTINE (SNP),Paul KELLY (Lab),Meghan GALLACHER (Con),skipped,skipped,,7
1128,Elaine MCSPADDEN (IANL) (UNKNOWN),Julie FLEMING (RISE) (UNKNOWN),Paul KELLY (Lab),Meghan GALLACHER (Con),skipped,skipped,skipped,,7
1129,Elaine MCSPADDEN (IANL) (UNKNOWN),Julie FLEMING (RISE) (UNKNOWN),Annette VALENTINE (SNP),skipped,skipped,skipped,skipped,,7
1130,Elaine MCSPADDEN (IANL) (UNKNOWN),Julie FLEMING (RISE) (UNKNOWN),Annette VALENTINE (SNP),skipped,skipped,skipped,skipped,,7
1131,Elaine MCSPADDEN (IANL) (UNKNOWN),Julie FLEMING (RISE) (UNKNOWN),Annette VALENTINE (SNP),Meghan GALLACHER (Con),Paul KELLY (Lab),skipped,skipped,,7
1132,Elaine MCSPADDEN (IANL) (UNKNOWN),Julie FLEMING (RISE) (UNKNOWN),Annette VALENTINE (SNP),Michael Edward ROSS (Lab),skipped,skipped,skipped,,7
1133,Elaine MCSPADDEN (IANL) (UNKNOWN),Julie FLEMING (RISE) (UNKNOWN),Meghan GALLACHER (Con),skipped,skipped,skipped,skipped,,7
1134,Elaine MCSPADDEN (IANL) (UNKNOWN),Julie FLEMING (RISE) (UNKNOWN),Meghan GALLACHER (Con),skipped,skipped,skipped,skipped,,7
1135,Elaine MCSPADDEN (IANL) (UNKNOWN),Julie FLEMING (RISE) (UNKNOWN),Meghan GALLACHER (Con),skipped,skipped,skipped,skipped,,7
1136,Elaine MCSPADDEN (IANL) (UNKNOWN),Julie FLEMING (RISE) (UNKNOWN),Meghan GALLACHER (Con),Paul KELLY (Lab),Annette VALENTINE (SNP),skipped,skipped,,7
1137,Elaine MCSPADDEN (IANL) (UNKNOWN),Paul KELLY (Lab),Annette VALENTINE (SNP),Julie FLEMING (RISE) (UNKNOWN),Meghan GALLACHER (Con),skipped,skipped,,7
1138,Elaine MCSPADDEN (IANL) (UNKNOWN),Paul KELLY (Lab),skipped,skipped,skipped,skipped,skipped,,7
1139,Elaine MCSPADDEN (IANL) (UNKNOWN),Paul KELLY (Lab),skipped,skipped,skipped,skipped,skipped,,7
1140,Elaine MCSPADDEN (IANL) (UNKNOWN),Paul KELLY (Lab),Annette VALENTINE (SNP),Meghan GALLACHER (Con),Julie FLEMING (RISE) (UNKNOWN),skipped,skipped,,7
1141,Elaine MCSPADDEN (IANL) (UNKNOWN),Paul KELLY (Lab),Meghan GALLACHER (Con),skipped,skipped,skipped,skipped,,7
1142,Elaine MCSPADDEN (IANL) (UNKNOWN),Paul KELLY (Lab),Meghan GALLACHER (Con),Julie FLEMING (RISE) (UNKNOWN),Annette VALENTINE (SNP),skipped,skipped,,7
1143,Elaine MCSPADDEN (IANL) (UNKNOWN),Jamie SUPER (SNP),Julie FLEMING (RISE) (UNKNOWN),Paul KELLY (Lab),skipped,skipped,skipped,,7
1144,Elaine MCSPADDEN (IANL) (UNKNOWN),Jamie SUPER (SNP),Paul KELLY (Lab),skipped,skipped,skipped,skipped,,7
1145,Elaine MCSPADDEN (IANL) (UNKNOWN),Paul KELLY (Lab),Annette VALENTINE (SNP),skipped,skipped,skipped,skipped,,7
1146,Elaine MCSPADDEN (IANL) (UNKNOWN),Jamie SUPER (SNP),Michael Edward ROSS (Lab),skipped,skipped,skipped,skipped,,7
1147,Elaine MCSPADDEN (IANL) (UNKNOWN),Annette VALENTINE (SNP),skipped,skipped,skipped,skipped,skipped,,7
1148,Elaine MCSPADDEN (IANL) (UNKNOWN),Annette VALENTINE (SNP),skipped,skipped,skipped,skipped,skipped,,7
1149,Elaine MCSPADDEN (IANL) (UNKNOWN),Annette VALENTINE (SNP),skipped,skipped,skipped,skipped,skipped,,7
1150,Elaine MCSPADDEN (IANL) (UNKNOWN),Annette VALENTINE (SNP),Julie FLEMING (RISE) (UNKNOWN),Paul KELLY (Lab),Meghan GALLACHER (Con),skipped,skipped,,7
1151,Elaine MCSPADDEN (IANL) (UNKNOWN),Annette VALENTINE (SNP),Paul KELLY (Lab),Julie FLEMING (RISE) (UNKNOWN),Meghan GALLACHER (Con),skipped,skipped,,7
1152,Elaine MCSPADDEN (IANL) (UNKNOWN),Annette VALENTINE (SNP),Paul KELLY (Lab),Julie FLEMING (RISE) (UNKNOWN),Meghan GALLACHER (Con),skipped,skipped,,7
1153,Elaine MCSPADDEN (IANL) (UNKNOWN),Michael Edward ROSS (Lab),skipped,skipped,skipped,skipped,skipped,,7
1154,Elaine MCSPADDEN (IANL) (UNKNOWN),Michael Edward ROSS (Lab),Julie FLEMING (RISE) (UNKNOWN),skipped,skipped,skipped,skipped,,7
1155,Elaine MCSPADDEN (IANL) (UNKNOWN),Michael Edward ROSS (Lab),Julie FLEMING (RISE) (UNKNOWN),skipped,skipped,skipped,skipped,,7
1156,Elaine MCSPADDEN (IANL) (UNKNOWN),Paul KELLY (Lab),skipped,skipped,skipped,skipped,skipped,,7
1157,Elaine MCSPADDEN (IANL) (UNKNOWN),Paul KELLY (Lab),skipped,skipped,skipped,skipped,skipped,,7
1158,Elaine MCSPADDEN (IANL) (UNKNOWN),Paul KELLY (Lab),skipped,skipped,skipped,skipped,skipped,,7
1159,Elaine MCSPADDEN (IANL) (UNKNOWN),Paul KELLY (Lab),Julie FLEMING (RISE) (UNKNOWN),Meghan GALLACHER (Con),skipped,skipped,skipped,,7
1160,Elaine MCSPADDEN (IANL) (UNKNOWN),Michael Edward ROSS (Lab),Jamie SUPER (SNP),skipped,skipped,skipped,skipped,,7
1161,Elaine MCSPADDEN (IANL) (UNKNOWN),Michael Edward ROSS (Lab),Meghan GALLACHER (Con),skipped,skipped,skipped,skipped,,7
1162,Elaine MCSPADDEN (IANL) (UNKNOWN),Michael Edward ROSS (Lab),Meghan GALLACHER (Con),skipped,skipped,skipped,skipped,,7
1163,Elaine MCSPADDEN (IANL) (UNKNOWN),Michael Edward ROSS (Lab),Meghan GALLACHER (Con),skipped,skipped,skipped,skipped,,7
1164,Elaine MCSPADDEN (IANL) (UNKNOWN),Michael Edward ROSS (Lab),Meghan GALLACHER (Con),skipped,skipped,skipped,skipped,,7
1165,Elaine MCSPADDEN (IANL) (UNKNOWN),Michael Edward ROSS (Lab),Meghan GALLACHER (Con),skipped,skipped,skipped,skipped,,7
1166,Elaine MCSPADDEN (IANL) (UNKNOWN),Michael Edward ROSS (Lab),Meghan GALLACHER (Con),skipped,skipped,skipped,skipped,,7
1167,Elaine MCSPADDEN (IANL) (UNKNOWN),Annette VALENTINE (SNP),skipped,skipped,skipped,skipped,skipped,,7
1168,Elaine MCSPADDEN (IANL) (UNKNOWN),Annette VALENTINE (SNP),Julie FLEMING (RISE) (UNKNOWN),Paul KELLY (Lab),Meghan GALLACHER (Con),skipped,skipped,,7
1169,Elaine MCSPADDEN (IANL) (UNKNOWN),Annette VALENTINE (SNP),Paul KELLY (Lab),Julie FLEMING (RISE) (UNKNOWN),Meghan GALLACHER (Con),skipped,skipped,,7
1170,Elaine MCSPADDEN (IANL) (UNKNOWN),Annette VALENTINE (SNP),skipped,skipped,skipped,skipped,skipped,,7
1171,Elaine MCSPADDEN (IANL) (UNKNOWN),Annette VALENTINE (SNP),skipped,skipped,skipped,skipped,skipped,,7
1172,Elaine MCSPADDEN (IANL) (UNKNOWN),Annette VALENTINE (SNP),Meghan GALLACHER (Con),skipped,skipped,skipped,skipped,,7
1173,Elaine MCSPADDEN (IANL) (UNKNOWN),Meghan GALLACHER (Con),skipped,skipped,skipped,skipped,skipped,,7
1174,Elaine MCSPADDEN (IANL) (UNKNOWN),Meghan GALLACHER (Con),skipped,skipped,skipped,skipped,skipped,,7
1175,Elaine MCSPADDEN (IANL) (UNKNOWN),Meghan GALLACHER (Con),skipped,skipped,skipped,skipped,skipped,,7
1176,Elaine MCSPADDEN (IANL) (UNKNOWN),Meghan GALLACHER (Con),Julie FLEMING (RISE) (UNKNOWN),skipped,skipped,skipped,skipped,,7
1177,Elaine MCSPADDEN (IANL) (UNKNOWN),Meghan GALLACHER (Con),Julie FLEMING (RISE) (UNKNOWN),skipped,skipped,skipped,skipped,,7
1178,Elaine MCSPADDEN (IANL) (UNKNOWN),Meghan GALLACHER (Con),Julie FLEMING (RISE) (UNKNOWN),skipped,skipped,skipped,skipped,,7
1179,Elaine MCSPADDEN (IANL) (UNKNOWN),Meghan GALLACHER (Con),Julie FLEMING (RISE) (UNKNOWN),Paul KELLY (Lab),Annette VALENTINE (SNP),skipped,skipped,,7
1180,Elaine MCSPADDEN (IANL) (UNKNOWN),Meghan GALLACHER (Con),Julie FLEMING (RISE) (UNKNOWN),Paul KELLY (Lab),Annette VALENTINE (SNP),skipped,skipped,,7
1181,Elaine MCSPADDEN (IANL) (UNKNOWN),Meghan GALLACHER (Con),Julie FLEMING (RISE) (UNKNOWN),Annette VALENTINE (SNP),Paul KELLY (Lab),skipped,skipped,,7
1182,Elaine MCSPADDEN (IANL) (UNKNOWN),Meghan GALLACHER (Con),Julie FLEMING (RISE) (UNKNOWN),Paul KELLY (Lab),skipped,skipped,skipped,,7
1183,Elaine MCSPADDEN (IANL) (UNKNOWN),Meghan GALLACHER (Con),Julie FLEMING (RISE) (UNKNOWN),Paul KELLY (Lab),skipped,skipped,skipped,,7
1184,Elaine MCSPADDEN (IANL) (UNKNOWN),Meghan GALLACHER (Con),Paul KELLY (Lab),skipped,skipped,skipped,skipped,,7
1185,Elaine MCSPADDEN (IANL) (UNKNOWN),Meghan GALLACHER (Con),Paul KELLY (Lab),skipped,skipped,skipped,skipped,,7
1186,Elaine MCSPADDEN (IANL) (UNKNOWN),Meghan GALLACHER (Con),Paul KELLY (Lab),skipped,skipped,skipped,skipped,,7
1187,Elaine MCSPADDEN (IANL) (UNKNOWN),Meghan GALLACHER (Con),Paul KELLY (Lab),skipped,skipped,skipped,skipped,,7
1188,Elaine MCSPADDEN (IANL) (UNKNOWN),Meghan GALLACHER (Con),Paul KELLY (Lab),skipped,skipped,skipped,skipped,,7
1189,Elaine MCSPADDEN (IANL) (UNKNOWN),Meghan GALLACHER (Con),Annette VALENTINE (SNP),skipped,skipped,skipped,skipped,,7
1190,Jamie SUPER (SNP),skipped,skipped,skipped,skipped,skipped,skipped,,7
1191,Jamie SUPER (SNP),skipped,skipped,skipped,skipped,skipped,skipped,,7
1192,Jamie SUPER (SNP),skipped,skipped,skipped,skipped,skipped,skipped,,7
1193,Jamie SUPER (SNP),skipped,skipped,skipped,skipped,skipped,skipped,,7
1194,Jamie SUPER (SNP),skipped,skipped,skipped,skipped,skipped,skipped,,7
1195,Jamie SUPER (SNP),skipped,skipped,skipped,skipped,skipped,skipped,,7
1196,Jamie SUPER (SNP),skipped,skipped,skipped,skipped,skipped,skipped,,7
1197,Jamie SUPER (SNP),skipped,skipped,skipped,skipped,skipped,skipped,,7
1198,Jamie SUPER (SNP),skipped,skipped,skipped,skipped,skipped,skipped,,7
1199,Jamie SUPER (SNP),skipped,skipped,skipped,skipped,skipped,skipped,,7
1200,Jamie SUPER (SNP),skipped,skipped,skipped,skipped,skipped,skipped,,7
1201,Jamie SUPER (SNP),skipped,skipped,skipped,skipped,skipped,skipped,,7
1202,Jamie SUPER (SNP),skipped,skipped,skipped,skipped,skipped,skipped,,7
1203,Jamie SUPER (SNP),skipped,skipped,skipped,skipped,skipped,skipped,,7
1204,Jamie SUPER (SNP),skipped,skipped,skipped,skipped,skipped,skipped,,7
1205,Jamie SUPER (SNP),skipped,skipped,skipped,skipped,skipped,skipped,,7
1206,Jamie SUPER (SNP),skipped,skipped,skipped,skipped,skipped,skipped,,7
1207,Jamie SUPER (SNP),skipped,skipped,skipped,skipped,skipped,skipped,,7
1208,Jamie SUPER (SNP),skipped,skipped,skipped,skipped,skipped,skipped,,7
1209,Jamie SUPER (SNP),skipped,skipped,skipped,skipped,skipped,skipped,,7
1210,Jamie SUPER (SNP),skipped,skipped,skipped,skipped,skipped,skipped,,7
1211,Jamie SUPER (SNP),skipped,skipped,skipped,skipped,skipped,skipped,,7
1212,Jamie SUPER (SNP),skipped,skipped,skipped,skipped,skipped,skipped,,7
1213,Jamie SUPER (SNP),skipped,skipped,skipped,skipped,skipped,skipped,,7
1214,Jamie SUPER (SNP),skipped,skipped,skipped,skipped,skipped,skipped,,7
1215,Jamie SUPER (SNP),skipped,skipped,skipped,skipped,skipped,skipped,,7
1216,Jamie SUPER (SNP),skipped,skipped,skipped,skipped,skipped,skipped,,7
1217,Jamie SUPER (SNP),skipped,skipped,skipped,skipped,skipped,skipped,,7
1218,Jamie SUPER (SNP),skipped,skipped,skipped,skipped,skipped,skipped,,7
1219,Jamie SUPER (SNP),skipped,skipped,skipped,skipped,skipped,skipped,,7
1220,Jamie SUPER (SNP),skipped,skipped,skipped,skipped,skipped,skipped,,7
1221,Jamie SUPER (SNP),skipped,skipped,skipped,skipped,skipped,skipped,,7
1222,Jamie SUPER (SNP),skipped,skipped,skipped,skipped,skipped,skipped,,7
1223,Jamie SUPER (SNP),skipped,skipped,skipped,skipped,skipped,skipped,,7
1224,Jamie SUPER (SNP),skipped,skipped,skipped,skipped,skipped,skipped,,7
1225,Jamie SUPER (SNP),skipped,skipped,skipped,skipped,skipped,skipped,,7
1226,Jamie SUPER (SNP),Julie FLEMING (RISE) (UNKNOWN),skipped,skipped,skipped,skipped,skipped,,7
1227,Jamie SUPER (SNP),Julie FLEMING (RISE) (UNKNOWN),skipped,skipped,skipped,skipped,skipped,,7
1228,Jamie SUPER (SNP),Julie FLEMING (RISE) (UNKNOWN),Elaine MCSPADDEN (IANL) (UNKNOWN),skipped,skipped,skipped,skipped,,7
1229,Jamie SUPER (SNP),Julie FLEMING (RISE) (UNKNOWN),Elaine MCSPADDEN (IANL) (UNKNOWN),skipped,skipped,skipped,skipped,,7
1230,Julie FLEMING (RISE) (UNKNOWN),Elaine MCSPADDEN (IANL) (UNKNOWN),Annette VALENTINE (SNP),skipped,skipped,skipped,skipped,,7
1231,Jamie SUPER (SNP),Julie FLEMING (RISE) (UNKNOWN),Michael Edward ROSS (Lab),skipped,skipped,skipped,skipped,,7
1232,Jamie SUPER (SNP),Julie FLEMING (RISE) (UNKNOWN),Paul KELLY (Lab),skipped,skipped,skipped,skipped,,7
1233,Julie FLEMING (RISE) (UNKNOWN),Annette VALENTINE (SNP),skipped,skipped,skipped,skipped,skipped,,7
1234,Julie FLEMING (RISE) (UNKNOWN),Annette VALENTINE (SNP),skipped,skipped,skipped,skipped,skipped,,7
1235,Julie FLEMING (RISE) (UNKNOWN),Annette VALENTINE (SNP),Paul KELLY (Lab),Meghan GALLACHER (Con),Elaine MCSPADDEN (IANL) (UNKNOWN),skipped,skipped,,7
1236,Julie FLEMING (RISE) (UNKNOWN),Annette VALENTINE (SNP),Elaine MCSPADDEN (IANL) (UNKNOWN),skipped,skipped,skipped,skipped,,7
1237,Julie FLEMING (RISE) (UNKNOWN),Annette VALENTINE (SNP),Elaine MCSPADDEN (IANL) (UNKNOWN),Michael Edward ROSS (Lab),skipped,skipped,skipped,,7
1238,Jamie SUPER (SNP),Paul KELLY (Lab),skipped,skipped,skipped,skipped,skipped,,7
1239,Jamie SUPER (SNP),Paul KELLY (Lab),skipped,skipped,skipped,skipped,skipped,,7
1240,Jamie SUPER (SNP),Paul KELLY (Lab),skipped,skipped,skipped,skipped,skipped,,7
1241,Jamie SUPER (SNP),Paul KELLY (Lab),skipped,skipped,skipped,skipped,skipped,,7
1242,Jamie SUPER (SNP),Paul KELLY (Lab),Julie FLEMING (RISE) (UNKNOWN),skipped,skipped,skipped,skipped,,7
1243,Jamie SUPER (SNP),Paul KELLY (Lab),skipped,skipped,skipped,skipped,skipped,,7
1244,Jamie SUPER (SNP),Paul KELLY (Lab),skipped,skipped,skipped,skipped,skipped,,7
1245,Jamie SUPER (SNP),Paul KELLY (Lab),skipped,skipped,skipped,skipped,skipped,,7
1246,Paul KELLY (Lab),Annette VALENTINE (SNP),skipped,skipped,skipped,skipped,skipped,,7
1247,Paul KELLY (Lab),Annette VALENTINE (SNP),Julie FLEMING (RISE) (UNKNOWN),Elaine MCSPADDEN (IANL) (UNKNOWN),Meghan GALLACHER (Con),skipped,skipped,,7
1248,Paul KELLY (Lab),Annette VALENTINE (SNP),skipped,skipped,skipped,skipped,skipped,,7
1249,Paul KELLY (Lab),Annette VALENTINE (SNP),skipped,skipped,skipped,skipped,skipped,,7
1250,Paul KELLY (Lab),Annette VALENTINE (SNP),skipped,skipped,skipped,skipped,skipped,,7
1251,Paul KELLY (Lab),Annette VALENTINE (SNP),skipped,skipped,skipped,skipped,skipped,,7
1252,Paul KELLY (Lab),Annette VALENTINE (SNP),skipped,skipped,skipped,skipped,skipped,,7
1253,Paul KELLY (Lab),Annette VALENTINE (SNP),Meghan GALLACHER (Con),Julie FLEMING (RISE) (UNKNOWN),Elaine MCSPADDEN (IANL) (UNKNOWN),skipped,skipped,,7
1254,Paul KELLY (Lab),Meghan GALLACHER (Con),Julie FLEMING (RISE) (UNKNOWN),Annette VALENTINE (SNP),skipped,skipped,skipped,,7
1255,Jamie SUPER (SNP),Elaine MCSPADDEN (IANL) (UNKNOWN),skipped,skipped,skipped,skipped,skipped,,7
1256,Elaine MCSPADDEN (IANL) (UNKNOWN),Annette VALENTINE (SNP),skipped,skipped,skipped,skipped,skipped,,7
1257,Elaine MCSPADDEN (IANL) (UNKNOWN),Meghan GALLACHER (Con),Annette VALENTINE (SNP),Paul KELLY (Lab),Julie FLEMING (RISE) (UNKNOWN),skipped,skipped,,7
1258,Jamie SUPER (SNP),Michael Edward ROSS (Lab),skipped,skipped,skipped,skipped,skipped,,7
1259,Jamie SUPER (SNP),Michael Edward ROSS (Lab),skipped,skipped,skipped,skipped,skipped,,7
1260,Jamie SUPER (SNP),Michael Edward ROSS (Lab),skipped,skipped,skipped,skipped,skipped,,7
1261,Jamie SUPER (SNP),Michael Edward ROSS (Lab),skipped,skipped,skipped,skipped,skipped,,7
1262,Jamie SUPER (SNP),Paul KELLY (Lab),skipped,skipped,skipped,skipped,skipped,,7
1263,Jamie SUPER (SNP),Paul KELLY (Lab),skipped,skipped,skipped,skipped,skipped,,7
1264,Jamie SUPER (SNP),Paul KELLY (Lab),skipped,skipped,skipped,skipped,skipped,,7
1265,Jamie SUPER (SNP),Paul KELLY (Lab),skipped,skipped,skipped,skipped,skipped,,7
1266,Michael Edward ROSS (Lab),Annette VALENTINE (SNP),skipped,skipped,skipped,skipped,skipped,,7
1267,Michael Edward ROSS (Lab),Annette VALENTINE (SNP),skipped,skipped,skipped,skipped,skipped,,7
1268,Michael Edward ROSS (Lab),Annette VALENTINE (SNP),skipped,skipped,skipped,skipped,skipped,,7
1269,Michael Edward ROSS (Lab),Annette VALENTINE (SNP),skipped,skipped,skipped,skipped,skipped,,7
1270,Annette VALENTINE (SNP),Paul KELLY (Lab),skipped,skipped,skipped,skipped,skipped,,7
1271,Annette VALENTINE (SNP),Paul KELLY (Lab),Julie FLEMING (RISE) (UNKNOWN),Elaine MCSPADDEN (IANL) (UNKNOWN),Meghan GALLACHER (Con),skipped,skipped,,7
1272,Annette VALENTINE (SNP),Paul KELLY (Lab),Julie FLEMING (RISE) (UNKNOWN),Elaine MCSPADDEN (IANL) (UNKNOWN),Meghan GALLACHER (Con),skipped,skipped,,7
1273,Annette VALENTINE (SNP),Paul KELLY (Lab),Meghan GALLACHER (Con),skipped,skipped,skipped,skipped,,7
1274,Jamie SUPER (SNP),Michael Edward ROSS (Lab),Meghan GALLACHER (Con),skipped,skipped,skipped,skipped,,7
1275,Annette VALENTINE (SNP),skipped,skipped,skipped,skipped,skipped,skipped,,7
1276,Annette VALENTINE (SNP),skipped,skipped,skipped,skipped,skipped,skipped,,7
1277,Annette VALENTINE (SNP),skipped,skipped,skipped,skipped,skipped,skipped,,7
1278,Annette VALENTINE (SNP),skipped,skipped,skipped,skipped,skipped,skipped,,7
1279,Annette VALENTINE (SNP),skipped,skipped,skipped,skipped,skipped,skipped,,7
1280,Annette VALENTINE (SNP),skipped,skipped,skipped,skipped,skipped,skipped,,7
1281,Annette VALENTINE (SNP),skipped,skipped,skipped,skipped,skipped,skipped,,7
1282,Annette VALENTINE (SNP),skipped,skipped,skipped,skipped,skipped,skipped,,7
1283,Annette VALENTINE (SNP),skipped,skipped,skipped,skipped,skipped,skipped,,7
1284,Annette VALENTINE (SNP),skipped,skipped,skipped,skipped,skipped,skipped,,7
1285,Annette VALENTINE (SNP),skipped,skipped,skipped,skipped,skipped,skipped,,7
1286,Annette VALENTINE (SNP),skipped,skipped,skipped,skipped,skipped,skipped,,7
1287,Annette VALENTINE (SNP),skipped,skipped,skipped,skipped,skipped,skipped,,7
1288,Annette VALENTINE (SNP),skipped,skipped,skipped,skipped,skipped,skipped,,7
1289,Annette VALENTINE (SNP),skipped,skipped,skipped,skipped,skipped,skipped,,7
1290,Annette VALENTINE (SNP),skipped,skipped,skipped,skipped,skipped,skipped,,7
1291,Annette VALENTINE (SNP),skipped,skipped,skipped,skipped,skipped,skipped,,7
1292,Annette VALENTINE (SNP),skipped,skipped,skipped,skipped,skipped,skipped,,7
1293,Annette VALENTINE (SNP),skipped,skipped,skipped,skipped,skipped,skipped,,7
1294,Annette VALENTINE (SNP),skipped,skipped,skipped,skipped,skipped,skipped,,7
1295,Annette VALENTINE (SNP),skipped,skipped,skipped,skipped,skipped,skipped,,7
1296,Annette VALENTINE (SNP),skipped,skipped,skipped,skipped,skipped,skipped,,7
1297,Annette VALENTINE (SNP),skipped,skipped,skipped,skipped,skipped,skipped,,7
1298,Annette VALENTINE (SNP),skipped,skipped,skipped,skipped,skipped,skipped,,7
1299,Annette VALENTINE (SNP),skipped,skipped,skipped,skipped,skipped,skipped,,7
1300,Annette VALENTINE (SNP),skipped,skipped,skipped,skipped,skipped,skipped,,7
1301,Annette VALENTINE (SNP),skipped,skipped,skipped,skipped,skipped,skipped,,7
1302,Annette VALENTINE (SNP),skipped,skipped,skipped,skipped,skipped,skipped,,7
1303,Annette VALENTINE (SNP),skipped,skipped,skipped,skipped,skipped,skipped,,7
1304,Annette VALENTINE (SNP),skipped,skipped,skipped,skipped,skipped,skipped,,7
1305,Annette VALENTINE (SNP),skipped,skipped,skipped,skipped,skipped,skipped,,7
1306,Annette VALENTINE (SNP),skipped,skipped,skipped,skipped,skipped,skipped,,7
1307,Annette VALENTINE (SNP),skipped,skipped,skipped,skipped,skipped,skipped,,7
1308,Annette VALENTINE (SNP),skipped,skipped,skipped,skipped,skipped,skipped,,7
1309,Annette VALENTINE (SNP),skipped,skipped,skipped,skipped,skipped,skipped,,7
1310,Annette VALENTINE (SNP),skipped,skipped,skipped,skipped,skipped,skipped,,7
1311,Annette VALENTINE (SNP),skipped,skipped,skipped,skipped,skipped,skipped,,7
1312,Annette VALENTINE (SNP),skipped,skipped,skipped,skipped,skipped,skipped,,7
1313,Annette VALENTINE (SNP),skipped,skipped,skipped,skipped,skipped,skipped,,7
1314,Annette VALENTINE (SNP),skipped,skipped,skipped,skipped,skipped,skipped,,7
1315,Annette VALENTINE (SNP),skipped,skipped,skipped,skipped,skipped,skipped,,7
1316,Annette VALENTINE (SNP),skipped,skipped,skipped,skipped,skipped,skipped,,7
1317,Annette VALENTINE (SNP),skipped,skipped,skipped,skipped,skipped,skipped,,7
1318,Annette VALENTINE (SNP),skipped,skipped,skipped,skipped,skipped,skipped,,7
1319,Annette VALENTINE (SNP),skipped,skipped,skipped,skipped,skipped,skipped,,7
1320,Annette VALENTINE (SNP),skipped,skipped,skipped,skipped,skipped,skipped,,7
1321,Annette VALENTINE (SNP),skipped,skipped,skipped,skipped,skipped,skipped,,7
1322,Annette VALENTINE (SNP),skipped,skipped,skipped,skipped,skipped,skipped,,7
1323,Annette VALENTINE (SNP),skipped,skipped,skipped,skipped,skipped,skipped,,7
1324,Annette VALENTINE (SNP),skipped,skipped,skipped,skipped,skipped,skipped,,7
1325,Annette VALENTINE (SNP),skipped,skipped,skipped,skipped,skipped,skipped,,7
1326,Annette VALENTINE (SNP),skipped,skipped,skipped,skipped,skipped,skipped,,7
1327,Annette VALENTINE (SNP),skipped,skipped,skipped,skipped,skipped,skipped,,7
1328,Annette VALENTINE (SNP),skipped,skipped,skipped,skipped,skipped,skipped,,7
1329,Annette VALENTINE (SNP),skipped,skipped,skipped,skipped,skipped,skipped,,7
1330,Annette VALENTINE (SNP),skipped,skipped,skipped,skipped,skipped,skipped,,7
1331,Annette VALENTINE (SNP),skipped,skipped,skipped,skipped,skipped,skipped,,7
1332,Annette VALENTINE (SNP),skipped,skipped,skipped,skipped,skipped,skipped,,7
1333,Annette VALENTINE (SNP),skipped,skipped,skipped,skipped,skipped,skipped,,7
1334,Annette VALENTINE (SNP),skipped,skipped,skipped,skipped,skipped,skipped,,7
1335,Annette VALENTINE (SNP),skipped,skipped,skipped,skipped,skipped,skipped,,7
1336,Annette VALENTINE (SNP),skipped,skipped,skipped,skipped,skipped,skipped,,7
1337,Annette VALENTINE (SNP),skipped,skipped,skipped,skipped,skipped,skipped,,7
1338,Annette VALENTINE (SNP),skipped,skipped,skipped,skipped,skipped,skipped,,7
1339,Annette VALENTINE (SNP),skipped,skipped,skipped,skipped,skipped,skipped,,7
1340,Annette VALENTINE (SNP),skipped,skipped,skipped,skipped,skipped,skipped,,7
1341,Annette VALENTINE (SNP),skipped,skipped,skipped,skipped,skipped,skipped,,7
1342,Annette VALENTINE (SNP),skipped,skipped,skipped,skipped,skipped,skipped,,7
1343,Annette VALENTINE (SNP),skipped,skipped,skipped,skipped,skipped,skipped,,7
1344,Annette VALENTINE (SNP),skipped,skipped,skipped,skipped,skipped,skipped,,7
1345,Annette VALENTINE (SNP),skipped,skipped,skipped,skipped,skipped,skipped,,7
1346,Annette VALENTINE (SNP),skipped,skipped,skipped,skipped,skipped,skipped,,7
1347,Annette VALENTINE (SNP),skipped,skipped,skipped,skipped,skipped,skipped,,7
1348,Annette VALENTINE (SNP),skipped,skipped,skipped,skipped,skipped,skipped,,7
1349,Annette VALENTINE (SNP),skipped,skipped,skipped,skipped,skipped,skipped,,7
1350,Annette VALENTINE (SNP),skipped,skipped,skipped,skipped,skipped,skipped,,7
1351,Annette VALENTINE (SNP),skipped,skipped,skipped,skipped,skipped,skipped,,7
1352,Annette VALENTINE (SNP),skipped,skipped,skipped,skipped,skipped,skipped,,7
1353,Annette VALENTINE (SNP),skipped,skipped,skipped,skipped,skipped,skipped,,7
1354,Annette VALENTINE (SNP),skipped,skipped,skipped,skipped,skipped,skipped,,7
1355,Annette VALENTINE (SNP),skipped,skipped,skipped,skipped,skipped,skipped,,7
1356,Annette VALENTINE (SNP),skipped,skipped,skipped,skipped,skipped,skipped,,7
1357,Annette VALENTINE (SNP),skipped,skipped,skipped,skipped,skipped,skipped,,7
1358,Annette VALENTINE (SNP),skipped,skipped,skipped,skipped,skipped,skipped,,7
1359,Annette VALENTINE (SNP),skipped,skipped,skipped,skipped,skipped,skipped,,7
1360,Annette VALENTINE (SNP),skipped,skipped,skipped,skipped,skipped,skipped,,7
1361,Annette VALENTINE (SNP),skipped,skipped,skipped,skipped,skipped,skipped,,7
1362,Annette VALENTINE (SNP),skipped,skipped,skipped,skipped,skipped,skipped,,7
1363,Annette VALENTINE (SNP),skipped,skipped,skipped,skipped,skipped,skipped,,7
1364,Annette VALENTINE (SNP),skipped,skipped,skipped,skipped,skipped,skipped,,7
1365,Annette VALENTINE (SNP),skipped,skipped,skipped,skipped,skipped,skipped,,7
1366,Annette VALENTINE (SNP),skipped,skipped,skipped,skipped,skipped,skipped,,7
1367,Annette VALENTINE (SNP),skipped,skipped,skipped,skipped,skipped,skipped,,7
1368,Annette VALENTINE (SNP),skipped,skipped,skipped,skipped,skipped,skipped,,7
1369,Annette VALENTINE (SNP),skipped,skipped,skipped,skipped,skipped,skipped,,7
1370,Annette VALENTINE (SNP),skipped,skipped,skipped,skipped,skipped,skipped,,7
1371,Annette VALENTINE (SNP),skipped,skipped,skipped,skipped,skipped,skipped,,7
1372,Annette VALENTINE (SNP),skipped,skipped,skipped,skipped,skipped,skipped,,7
1373,Annette VALENTINE (SNP),skipped,skipped,skipped,skipped,skipped,skipped,,7
1374,Annette VALENTINE (SNP),skipped,skipped,skipped,skipped,skipped,skipped,,7
1375,Annette VALENTINE (SNP),skipped,skipped,skipped,skipped,skipped,skipped,,7
1376,Annette VALENTINE (SNP),skipped,skipped,skipped,skipped,skipped,skipped,,7
1377,Annette VALENTINE (SNP),skipped,skipped,skipped,skipped,skipped,skipped,,7
1378,Annette VALENTINE (SNP),skipped,skipped,skipped,skipped,skipped,skipped,,7
1379,Annette VALENTINE (SNP),skipped,skipped,skipped,skipped,skipped,skipped,,7
1380,Annette VALENTINE (SNP),skipped,skipped,skipped,skipped,skipped,skipped,,7
1381,Annette VALENTINE (SNP),skipped,skipped,skipped,skipped,skipped,skipped,,7
1382,Annette VALENTINE (SNP),skipped,skipped,skipped,skipped,skipped,skipped,,7
1383,Annette VALENTINE (SNP),skipped,skipped,skipped,skipped,skipped,skipped,,7
1384,Annette VALENTINE (SNP),skipped,skipped,skipped,skipped,skipped,skipped,,7
1385,Annette VALENTINE (SNP),skipped,skipped,skipped,skipped,skipped,skipped,,7
1386,Annette VALENTINE (SNP),skipped,skipped,skipped,skipped,skipped,skipped,,7
1387,Annette VALENTINE (SNP),skipped,skipped,skipped,skipped,skipped,skipped,,7
1388,Annette VALENTINE (SNP),skipped,skipped,skipped,skipped,skipped,skipped,,7
1389,Annette VALENTINE (SNP),skipped,skipped,skipped,skipped,skipped,skipped,,7
1390,Annette VALENTINE (SNP),skipped,skipped,skipped,skipped,skipped,skipped,,7
1391,Annette VALENTINE (SNP),skipped,skipped,skipped,skipped,skipped,skipped,,7
1392,Annette VALENTINE (SNP),skipped,skipped,skipped,skipped,skipped,skipped,,7
1393,Annette VALENTINE (SNP),skipped,skipped,skipped,skipped,skipped,skipped,,7
1394,Annette VALENTINE (SNP),skipped,skipped,skipped,skipped,skipped,skipped,,7
1395,Annette VALENTINE (SNP),skipped,skipped,skipped,skipped,skipped,skipped,,7
1396,Annette VALENTINE (SNP),skipped,skipped,skipped,skipped,skipped,skipped,,7
1397,Annette VALENTINE (SNP),skipped,skipped,skipped,skipped,skipped,skipped,,7
1398,Annette VALENTINE (SNP),skipped,skipped,skipped,skipped,skipped,skipped,,7
1399,Annette VALENTINE (SNP),skipped,skipped,skipped,skipped,skipped,skipped,,7
1400,Annette VALENTINE (SNP),skipped,skipped,skipped,skipped,skipped,skipped,,7
1401,Annette VALENTINE (SNP),skipped,skipped,skipped,skipped,skipped,skipped,,7
1402,Annette VALENTINE (SNP),skipped,skipped,skipped,skipped,skipped,skipped,,7
1403,Annette VALENTINE (SNP),skipped,skipped,skipped,skipped,skipped,skipped,,7
1404,Annette VALENTINE (SNP),skipped,skipped,skipped,skipped,skipped,skipped,,7
1405,Annette VALENTINE (SNP),skipped,skipped,skipped,skipped,skipped,skipped,,7
1406,Annette VALENTINE (SNP),skipped,skipped,skipped,skipped,skipped,skipped,,7
1407,Annette VALENTINE (SNP),skipped,skipped,skipped,skipped,skipped,skipped,,7
1408,Annette VALENTINE (SNP),skipped,skipped,skipped,skipped,skipped,skipped,,7
1409,Annette VALENTINE (SNP),skipped,skipped,skipped,skipped,skipped,skipped,,7
1410,Annette VALENTINE (SNP),skipped,skipped,skipped,skipped,skipped,skipped,,7
1411,Annette VALENTINE (SNP),skipped,skipped,skipped,skipped,skipped,skipped,,7
1412,Annette VALENTINE (SNP),skipped,skipped,skipped,skipped,skipped,skipped,,7
1413,Annette VALENTINE (SNP),skipped,skipped,skipped,skipped,skipped,skipped,,7
1414,Annette VALENTINE (SNP),skipped,skipped,skipped,skipped,skipped,skipped,,7
1415,Annette VALENTINE (SNP),skipped,skipped,skipped,skipped,skipped,skipped,,7
1416,Annette VALENTINE (SNP),skipped,skipped,skipped,skipped,skipped,skipped,,7
1417,Annette VALENTINE (SNP),skipped,skipped,skipped,skipped,skipped,skipped,,7
1418,Annette VALENTINE (SNP),skipped,skipped,skipped,skipped,skipped,skipped,,7
1419,Annette VALENTINE (SNP),skipped,skipped,skipped,skipped,skipped,skipped,,7
1420,Annette VALENTINE (SNP),skipped,skipped,skipped,skipped,skipped,skipped,,7
1421,Annette VALENTINE (SNP),skipped,skipped,skipped,skipped,skipped,skipped,,7
1422,Annette VALENTINE (SNP),skipped,skipped,skipped,skipped,skipped,skipped,,7
1423,Annette VALENTINE (SNP),skipped,skipped,skipped,skipped,skipped,skipped,,7
1424,Annette VALENTINE (SNP),skipped,skipped,skipped,skipped,skipped,skipped,,7
1425,Annette VALENTINE (SNP),skipped,skipped,skipped,skipped,skipped,skipped,,7
1426,Annette VALENTINE (SNP),skipped,skipped,skipped,skipped,skipped,skipped,,7
1427,Annette VALENTINE (SNP),skipped,skipped,skipped,skipped,skipped,skipped,,7
1428,Annette VALENTINE (SNP),skipped,skipped,skipped,skipped,skipped,skipped,,7
1429,Annette VALENTINE (SNP),skipped,skipped,skipped,skipped,skipped,skipped,,7
1430,Annette VALENTINE (SNP),skipped,skipped,skipped,skipped,skipped,skipped,,7
1431,Annette VALENTINE (SNP),skipped,skipped,skipped,skipped,skipped,skipped,,7
1432,Annette VALENTINE (SNP),skipped,skipped,skipped,skipped,skipped,skipped,,7
1433,Annette VALENTINE (SNP),skipped,skipped,skipped,skipped,skipped,skipped,,7
1434,Annette VALENTINE (SNP),skipped,skipped,skipped,skipped,skipped,skipped,,7
1435,Annette VALENTINE (SNP),skipped,skipped,skipped,skipped,skipped,skipped,,7
1436,Annette VALENTINE (SNP),skipped,skipped,skipped,skipped,skipped,skipped,,7
1437,Annette VALENTINE (SNP),skipped,skipped,skipped,skipped,skipped,skipped,,7
1438,Annette VALENTINE (SNP),skipped,skipped,skipped,skipped,skipped,skipped,,7
1439,Annette VALENTINE (SNP),skipped,skipped,skipped,skipped,skipped,skipped,,7
1440,Annette VALENTINE (SNP),skipped,skipped,skipped,skipped,skipped,skipped,,7
1441,Annette VALENTINE (SNP),skipped,skipped,skipped,skipped,skipped,skipped,,7
1442,Annette VALENTINE (SNP),skipped,skipped,skipped,skipped,skipped,skipped,,7
1443,Annette VALENTINE (SNP),skipped,skipped,skipped,skipped,skipped,skipped,,7
1444,Annette VALENTINE (SNP),skipped,skipped,skipped,skipped,skipped,skipped,,7
1445,Annette VALENTINE (SNP),skipped,skipped,skipped,skipped,skipped,skipped,,7
1446,Annette VALENTINE (SNP),skipped,skipped,skipped,skipped,skipped,skipped,,7
1447,Annette VALENTINE (SNP),skipped,skipped,skipped,skipped,skipped,skipped,,7
1448,Annette VALENTINE (SNP),skipped,skipped,skipped,skipped,skipped,skipped,,7
1449,Annette VALENTINE (SNP),skipped,skipped,skipped,skipped,skipped,skipped,,7
1450,Annette VALENTINE (SNP),skipped,skipped,skipped,skipped,skipped,skipped,,7
1451,Annette VALENTINE (SNP),skipped,skipped,skipped,skipped,skipped,skipped,,7
1452,Annette VALENTINE (SNP),skipped,skipped,skipped,skipped,skipped,skipped,,7
1453,Annette VALENTINE (SNP),skipped,skipped,skipped,skipped,skipped,skipped,,7
1454,Annette VALENTINE (SNP),skipped,skipped,skipped,skipped,skipped,skipped,,7
1455,Annette VALENTINE (SNP),skipped,skipped,skipped,skipped,skipped,skipped,,7
1456,Annette VALENTINE (SNP),skipped,skipped,skipped,skipped,skipped,skipped,,7
1457,Annette VALENTINE (SNP),skipped,skipped,skipped,skipped,skipped,skipped,,7
1458,Annette VALENTINE (SNP),skipped,skipped,skipped,skipped,skipped,skipped,,7
1459,Annette VALENTINE (SNP),skipped,skipped,skipped,skipped,skipped,skipped,,7
1460,Annette VALENTINE (SNP),skipped,skipped,skipped,skipped,skipped,skipped,,7
1461,Annette VALENTINE (SNP),skipped,skipped,skipped,skipped,skipped,skipped,,7
1462,Annette VALENTINE (SNP),skipped,skipped,skipped,skipped,skipped,skipped,,7
1463,Annette VALENTINE (SNP),skipped,skipped,skipped,skipped,skipped,skipped,,7
1464,Annette VALENTINE (SNP),skipped,skipped,skipped,skipped,skipped,skipped,,7
1465,Annette VALENTINE (SNP),skipped,skipped,skipped,skipped,skipped,skipped,,7
1466,Annette VALENTINE (SNP),skipped,skipped,skipped,skipped,skipped,skipped,,7
1467,Annette VALENTINE (SNP),skipped,skipped,skipped,skipped,skipped,skipped,,7
1468,Annette VALENTINE (SNP),skipped,skipped,skipped,skipped,skipped,skipped,,7
1469,Annette VALENTINE (SNP),skipped,skipped,skipped,skipped,skipped,skipped,,7
1470,Annette VALENTINE (SNP),skipped,skipped,skipped,skipped,skipped,skipped,,7
1471,Annette VALENTINE (SNP),skipped,skipped,skipped,skipped,skipped,skipped,,7
1472,Annette VALENTINE (SNP),skipped,skipped,skipped,skipped,skipped,skipped,,7
1473,Annette VALENTINE (SNP),skipped,skipped,skipped,skipped,skipped,skipped,,7
1474,Annette VALENTINE (SNP),skipped,skipped,skipped,skipped,skipped,skipped,,7
1475,Annette VALENTINE (SNP),skipped,skipped,skipped,skipped,skipped,skipped,,7
1476,Annette VALENTINE (SNP),skipped,skipped,skipped,skipped,skipped,skipped,,7
1477,Annette VALENTINE (SNP),skipped,skipped,skipped,skipped,skipped,skipped,,7
1478,Annette VALENTINE (SNP),skipped,skipped,skipped,skipped,skipped,skipped,,7
1479,Annette VALENTINE (SNP),skipped,skipped,skipped,skipped,skipped,skipped,,7
1480,Annette VALENTINE (SNP),skipped,skipped,skipped,skipped,skipped,skipped,,7
1481,Annette VALENTINE (SNP),skipped,skipped,skipped,skipped,skipped,skipped,,7
1482,Annette VALENTINE (SNP),skipped,skipped,skipped,skipped,skipped,skipped,,7
1483,Annette VALENTINE (SNP),skipped,skipped,skipped,skipped,skipped,skipped,,7
1484,Annette VALENTINE (SNP),skipped,skipped,skipped,skipped,skipped,skipped,,7
1485,Annette VALENTINE (SNP),skipped,skipped,skipped,skipped,skipped,skipped,,7
1486,Annette VALENTINE (SNP),skipped,skipped,skipped,skipped,skipped,skipped,,7
1487,Annette VALENTINE (SNP),skipped,skipped,skipped,skipped,skipped,skipped,,7
1488,Annette VALENTINE (SNP),skipped,skipped,skipped,skipped,skipped,skipped,,7
1489,Annette VALENTINE (SNP),skipped,skipped,skipped,skipped,skipped,skipped,,7
1490,Annette VALENTINE (SNP),skipped,skipped,skipped,skipped,skipped,skipped,,7
1491,Annette VALENTINE (SNP),skipped,skipped,skipped,skipped,skipped,skipped,,7
1492,Annette VALENTINE (SNP),skipped,skipped,skipped,skipped,skipped,skipped,,7
1493,Annette VALENTINE (SNP),skipped,skipped,skipped,skipped,skipped,skipped,,7
1494,Annette VALENTINE (SNP),skipped,skipped,skipped,skipped,skipped,skipped,,7
1495,Annette VALENTINE (SNP),skipped,skipped,skipped,skipped,skipped,skipped,,7
1496,Annette VALENTINE (SNP),skipped,skipped,skipped,skipped,skipped,skipped,,7
1497,Annette VALENTINE (SNP),skipped,skipped,skipped,skipped,skipped,skipped,,7
1498,Annette VALENTINE (SNP),skipped,skipped,skipped,skipped,skipped,skipped,,7
1499,Annette VALENTINE (SNP),skipped,skipped,skipped,skipped,skipped,skipped,,7
1500,Annette VALENTINE (SNP),skipped,skipped,skipped,skipped,skipped,skipped,,7
1501,Annette VALENTINE (SNP),skipped,skipped,skipped,skipped,skipped,skipped,,7
1502,Annette VALENTINE (SNP),skipped,skipped,skipped,skipped,skipped,skipped,,7
1503,Annette VALENTINE (SNP),skipped,skipped,skipped,skipped,skipped,skipped,,7
1504,Annette VALENTINE (SNP),skipped,skipped,skipped,skipped,skipped,skipped,,7
1505,Annette VALENTINE (SNP),skipped,skipped,skipped,skipped,skipped,skipped,,7
1506,Annette VALENTINE (SNP),skipped,skipped,skipped,skipped,skipped,skipped,,7
1507,Annette VALENTINE (SNP),skipped,skipped,skipped,skipped,skipped,skipped,,7
1508,Annette VALENTINE (SNP),skipped,skipped,skipped,skipped,skipped,skipped,,7
1509,Annette VALENTINE (SNP),skipped,skipped,skipped,skipped,skipped,skipped,,7
1510,Annette VALENTINE (SNP),skipped,skipped,skipped,skipped,skipped,skipped,,7
1511,Annette VALENTINE (SNP),skipped,skipped,skipped,skipped,skipped,skipped,,7
1512,Annette VALENTINE (SNP),skipped,skipped,skipped,skipped,skipped,skipped,,7
1513,Annette VALENTINE (SNP),skipped,skipped,skipped,skipped,skipped,skipped,,7
1514,Annette VALENTINE (SNP),skipped,skipped,skipped,skipped,skipped,skipped,,7
1515,Annette VALENTINE (SNP),skipped,skipped,skipped,skipped,skipped,skipped,,7
1516,Annette VALENTINE (SNP),skipped,skipped,skipped,skipped,skipped,skipped,,7
1517,Annette VALENTINE (SNP),skipped,skipped,skipped,skipped,skipped,skipped,,7
1518,Annette VALENTINE (SNP),skipped,skipped,skipped,skipped,skipped,skipped,,7
1519,Annette VALENTINE (SNP),skipped,skipped,skipped,skipped,skipped,skipped,,7
1520,Annette VALENTINE (SNP),skipped,skipped,skipped,skipped,skipped,skipped,,7
1521,Annette VALENTINE (SNP),skipped,skipped,skipped,skipped,skipped,skipped,,7
1522,Annette VALENTINE (SNP),skipped,skipped,skipped,skipped,skipped,skipped,,7
1523,Annette VALENTINE (SNP),Julie FLEMING (RISE) (UNKNOWN),skipped,skipped,skipped,skipped,skipped,,7
1524,Annette VALENTINE (SNP),Julie FLEMING (RISE) (UNKNOWN),skipped,skipped,skipped,skipped,skipped,,7
1525,Annette VALENTINE (SNP),Julie FLEMING (RISE) (UNKNOWN),skipped,skipped,skipped,skipped,skipped,,7
1526,Annette VALENTINE (SNP),Julie FLEMING (RISE) (UNKNOWN),skipped,skipped,skipped,skipped,skipped,,7
1527,Annette VALENTINE (SNP),Julie FLEMING (RISE) (UNKNOWN),skipped,skipped,skipped,skipped,skipped,,7
1528,Annette VALENTINE (SNP),Julie FLEMING (RISE) (UNKNOWN),skipped,skipped,skipped,skipped,skipped,,7
1529,Annette VALENTINE (SNP),Julie FLEMING (RISE) (UNKNOWN),skipped,skipped,skipped,skipped,skipped,,7
1530,Annette VALENTINE (SNP),Julie FLEMING (RISE) (UNKNOWN),skipped,skipped,skipped,skipped,skipped,,7
1531,Annette VALENTINE (SNP),Julie FLEMING (RISE) (UNKNOWN),skipped,skipped,skipped,skipped,skipped,,7
1532,Annette VALENTINE (SNP),Julie FLEMING (RISE) (UNKNOWN),skipped,skipped,skipped,skipped,skipped,,7
1533,Annette VALENTINE (SNP),Julie FLEMING (RISE) (UNKNOWN),skipped,skipped,skipped,skipped,skipped,,7
1534,Annette VALENTINE (SNP),Julie FLEMING (RISE) (UNKNOWN),skipped,skipped,skipped,skipped,skipped,,7
1535,Annette VALENTINE (SNP),Julie FLEMING (RISE) (UNKNOWN),skipped,skipped,skipped,skipped,skipped,,7
1536,Annette VALENTINE (SNP),Julie FLEMING (RISE) (UNKNOWN),skipped,skipped,skipped,skipped,skipped,,7
1537,Annette VALENTINE (SNP),Julie FLEMING (RISE) (UNKNOWN),skipped,skipped,skipped,skipped,skipped,,7
1538,Annette VALENTINE (SNP),Julie FLEMING (RISE) (UNKNOWN),skipped,skipped,skipped,skipped,skipped,,7
1539,Annette VALENTINE (SNP),Julie FLEMING (RISE) (UNKNOWN),skipped,skipped,skipped,skipped,skipped,,7
1540,Annette VALENTINE (SNP),Julie FLEMING (RISE) (UNKNOWN),skipped,skipped,skipped,skipped,skipped,,7
1541,Annette VALENTINE (SNP),Julie FLEMING (RISE) (UNKNOWN),skipped,skipped,skipped,skipped,skipped,,7
1542,Annette VALENTINE (SNP),Julie FLEMING (RISE) (UNKNOWN),skipped,skipped,skipped,skipped,skipped,,7
1543,Annette VALENTINE (SNP),Julie FLEMING (RISE) (UNKNOWN),skipped,skipped,skipped,skipped,skipped,,7
1544,Annette VALENTINE (SNP),Julie FLEMING (RISE) (UNKNOWN),skipped,skipped,skipped,skipped,skipped,,7
1545,Annette VALENTINE (SNP),Julie FLEMING (RISE) (UNKNOWN),skipped,skipped,skipped,skipped,skipped,,7
1546,Annette VALENTINE (SNP),Julie FLEMING (RISE) (UNKNOWN),skipped,skipped,skipped,skipped,skipped,,7
1547,Annette VALENTINE (SNP),Julie FLEMING (RISE) (UNKNOWN),skipped,skipped,skipped,skipped,skipped,,7
1548,Annette VALENTINE (SNP),Julie FLEMING (RISE) (UNKNOWN),skipped,skipped,skipped,skipped,skipped,,7
1549,Annette VALENTINE (SNP),Julie FLEMING (RISE) (UNKNOWN),skipped,skipped,skipped,skipped,skipped,,7
1550,Annette VALENTINE (SNP),Julie FLEMING (RISE) (UNKNOWN),skipped,skipped,skipped,skipped,skipped,,7
1551,Annette VALENTINE (SNP),Julie FLEMING (RISE) (UNKNOWN),skipped,skipped,skipped,skipped,skipped,,7
1552,Annette VALENTINE (SNP),Julie FLEMING (RISE) (UNKNOWN),skipped,skipped,skipped,skipped,skipped,,7
1553,Annette VALENTINE (SNP),Julie FLEMING (RISE) (UNKNOWN),skipped,skipped,skipped,skipped,skipped,,7
1554,Annette VALENTINE (SNP),Julie FLEMING (RISE) (UNKNOWN),skipped,skipped,skipped,skipped,skipped,,7
1555,Annette VALENTINE (SNP),Julie FLEMING (RISE) (UNKNOWN),skipped,skipped,skipped,skipped,skipped,,7
1556,Annette VALENTINE (SNP),Julie FLEMING (RISE) (UNKNOWN),skipped,skipped,skipped,skipped,skipped,,7
1557,Annette VALENTINE (SNP),Julie FLEMING (RISE) (UNKNOWN),skipped,skipped,skipped,skipped,skipped,,7
1558,Annette VALENTINE (SNP),Julie FLEMING (RISE) (UNKNOWN),skipped,skipped,skipped,skipped,skipped,,7
1559,Annette VALENTINE (SNP),Julie FLEMING (RISE) (UNKNOWN),skipped,skipped,skipped,skipped,skipped,,7
1560,Annette VALENTINE (SNP),Julie FLEMING (RISE) (UNKNOWN),skipped,skipped,skipped,skipped,skipped,,7
1561,Annette VALENTINE (SNP),Julie FLEMING (RISE) (UNKNOWN),skipped,skipped,skipped,skipped,skipped,,7
1562,Annette VALENTINE (SNP),Julie FLEMING (RISE) (UNKNOWN),skipped,skipped,skipped,skipped,skipped,,7
1563,Annette VALENTINE (SNP),Julie FLEMING (RISE) (UNKNOWN),skipped,skipped,skipped,skipped,skipped,,7
1564,Annette VALENTINE (SNP),Julie FLEMING (RISE) (UNKNOWN),skipped,skipped,skipped,skipped,skipped,,7
1565,Annette VALENTINE (SNP),Julie FLEMING (RISE) (UNKNOWN),skipped,skipped,skipped,skipped,skipped,,7
1566,Annette VALENTINE (SNP),Julie FLEMING (RISE) (UNKNOWN),skipped,skipped,skipped,skipped,skipped,,7
1567,Annette VALENTINE (SNP),Julie FLEMING (RISE) (UNKNOWN),skipped,skipped,skipped,skipped,skipped,,7
1568,Annette VALENTINE (SNP),Julie FLEMING (RISE) (UNKNOWN),skipped,skipped,skipped,skipped,skipped,,7
1569,Annette VALENTINE (SNP),Julie FLEMING (RISE) (UNKNOWN),skipped,skipped,skipped,skipped,skipped,,7
1570,Annette VALENTINE (SNP),Julie FLEMING (RISE) (UNKNOWN),skipped,skipped,skipped,skipped,skipped,,7
1571,Annette VALENTINE (SNP),Julie FLEMING (RISE) (UNKNOWN),skipped,skipped,skipped,skipped,skipped,,7
1572,Annette VALENTINE (SNP),Julie FLEMING (RISE) (UNKNOWN),skipped,skipped,skipped,skipped,skipped,,7
1573,Annette VALENTINE (SNP),Julie FLEMING (RISE) (UNKNOWN),skipped,skipped,skipped,skipped,skipped,,7
1574,Annette VALENTINE (SNP),Julie FLEMING (RISE) (UNKNOWN),skipped,skipped,skipped,skipped,skipped,,7
1575,Annette VALENTINE (SNP),Julie FLEMING (RISE) (UNKNOWN),skipped,skipped,skipped,skipped,skipped,,7
1576,Annette VALENTINE (SNP),Julie FLEMING (RISE) (UNKNOWN),skipped,skipped,skipped,skipped,skipped,,7
1577,Annette VALENTINE (SNP),Julie FLEMING (RISE) (UNKNOWN),skipped,skipped,skipped,skipped,skipped,,7
1578,Annette VALENTINE (SNP),Julie FLEMING (RISE) (UNKNOWN),skipped,skipped,skipped,skipped,skipped,,7
1579,Annette VALENTINE (SNP),Julie FLEMING (RISE) (UNKNOWN),skipped,skipped,skipped,skipped,skipped,,7
1580,Annette VALENTINE (SNP),Julie FLEMING (RISE) (UNKNOWN),skipped,skipped,skipped,skipped,skipped,,7
1581,Annette VALENTINE (SNP),Julie FLEMING (RISE) (UNKNOWN),skipped,skipped,skipped,skipped,skipped,,7
1582,Annette VALENTINE (SNP),Julie FLEMING (RISE) (UNKNOWN),skipped,skipped,skipped,skipped,skipped,,7
1583,Annette VALENTINE (SNP),Julie FLEMING (RISE) (UNKNOWN),skipped,skipped,skipped,skipped,skipped,,7
1584,Annette VALENTINE (SNP),Julie FLEMING (RISE) (UNKNOWN),skipped,skipped,skipped,skipped,skipped,,7
1585,Annette VALENTINE (SNP),Julie FLEMING (RISE) (UNKNOWN),skipped,skipped,skipped,skipped,skipped,,7
1586,Annette VALENTINE (SNP),Julie FLEMING (RISE) (UNKNOWN),skipped,skipped,skipped,skipped,skipped,,7
1587,Annette VALENTINE (SNP),Julie FLEMING (RISE) (UNKNOWN),skipped,skipped,skipped,skipped,skipped,,7
1588,Annette VALENTINE (SNP),Julie FLEMING (RISE) (UNKNOWN),skipped,skipped,skipped,skipped,skipped,,7
1589,Annette VALENTINE (SNP),Julie FLEMING (RISE) (UNKNOWN),skipped,skipped,skipped,skipped,skipped,,7
1590,Annette VALENTINE (SNP),Julie FLEMING (RISE) (UNKNOWN),skipped,skipped,skipped,skipped,skipped,,7
1591,Annette VALENTINE (SNP),Julie FLEMING (RISE) (UNKNOWN),skipped,skipped,skipped,skipped,skipped,,7
1592,Annette VALENTINE (SNP),Julie FLEMING (RISE) (UNKNOWN),skipped,skipped,skipped,skipped,skipped,,7
1593,Annette VALENTINE (SNP),Julie FLEMING (RISE) (UNKNOWN),skipped,skipped,skipped,skipped,skipped,,7
1594,Annette VALENTINE (SNP),Julie FLEMING (RISE) (UNKNOWN),skipped,skipped,skipped,skipped,skipped,,7
1595,Annette VALENTINE (SNP),Julie FLEMING (RISE) (UNKNOWN),skipped,skipped,skipped,skipped,skipped,,7
1596,Annette VALENTINE (SNP),Julie FLEMING (RISE) (UNKNOWN),skipped,skipped,skipped,skipped,skipped,,7
1597,Annette VALENTINE (SNP),Julie FLEMING (RISE) (UNKNOWN),skipped,skipped,skipped,skipped,skipped,,7
1598,Annette VALENTINE (SNP),Julie FLEMING (RISE) (UNKNOWN),skipped,skipped,skipped,skipped,skipped,,7
1599,Annette VALENTINE (SNP),Julie FLEMING (RISE) (UNKNOWN),skipped,skipped,skipped,skipped,skipped,,7
1600,Annette VALENTINE (SNP),Julie FLEMING (RISE) (UNKNOWN),Paul KELLY (Lab),Elaine MCSPADDEN (IANL) (UNKNOWN),Meghan GALLACHER (Con),skipped,skipped,,7
1601,Annette VALENTINE (SNP),Julie FLEMING (RISE) (UNKNOWN),Paul KELLY (Lab),Elaine MCSPADDEN (IANL) (UNKNOWN),Meghan GALLACHER (Con),skipped,skipped,,7
1602,Annette VALENTINE (SNP),Julie FLEMING (RISE) (UNKNOWN),Paul KELLY (Lab),skipped,skipped,skipped,skipped,,7
1603,Annette VALENTINE (SNP),Julie FLEMING (RISE) (UNKNOWN),Paul KELLY (Lab),Elaine MCSPADDEN (IANL) (UNKNOWN),skipped,skipped,skipped,,7
1604,Annette VALENTINE (SNP),Julie FLEMING (RISE) (UNKNOWN),Paul KELLY (Lab),Elaine MCSPADDEN (IANL) (UNKNOWN),skipped,skipped,skipped,,7
1605,Annette VALENTINE (SNP),Julie FLEMING (RISE) (UNKNOWN),Paul KELLY (Lab),Elaine MCSPADDEN (IANL) (UNKNOWN),Meghan GALLACHER (Con),skipped,skipped,,7
1606,Annette VALENTINE (SNP),Julie FLEMING (RISE) (UNKNOWN),Paul KELLY (Lab),Elaine MCSPADDEN (IANL) (UNKNOWN),Meghan GALLACHER (Con),skipped,skipped,,7
1607,Annette VALENTINE (SNP),Julie FLEMING (RISE) (UNKNOWN),Paul KELLY (Lab),Elaine MCSPADDEN (IANL) (UNKNOWN),Meghan GALLACHER (Con),skipped,skipped,,7
1608,Annette VALENTINE (SNP),Julie FLEMING (RISE) (UNKNOWN),Paul KELLY (Lab),Elaine MCSPADDEN (IANL) (UNKNOWN),Meghan GALLACHER (Con),skipped,skipped,,7
1609,Annette VALENTINE (SNP),Julie FLEMING (RISE) (UNKNOWN),Paul KELLY (Lab),Elaine MCSPADDEN (IANL) (UNKNOWN),Meghan GALLACHER (Con),skipped,skipped,,7
1610,Annette VALENTINE (SNP),Julie FLEMING (RISE) (UNKNOWN),Paul KELLY (Lab),Elaine MCSPADDEN (IANL) (UNKNOWN),Meghan GALLACHER (Con),skipped,skipped,,7
1611,Annette VALENTINE (SNP),Julie FLEMING (RISE) (UNKNOWN),Paul KELLY (Lab),Elaine MCSPADDEN (IANL) (UNKNOWN),Meghan GALLACHER (Con),skipped,skipped,,7
1612,Annette VALENTINE (SNP),Julie FLEMING (RISE) (UNKNOWN),Paul KELLY (Lab),Elaine MCSPADDEN (IANL) (UNKNOWN),Meghan GALLACHER (Con),skipped,skipped,,7
1613,Annette VALENTINE (SNP),Julie FLEMING (RISE) (UNKNOWN),Paul KELLY (Lab),Elaine MCSPADDEN (IANL) (UNKNOWN),Meghan GALLACHER (Con),skipped,skipped,,7
1614,Annette VALENTINE (SNP),Julie FLEMING (RISE) (UNKNOWN),Paul KELLY (Lab),Elaine MCSPADDEN (IANL) (UNKNOWN),Meghan GALLACHER (Con),skipped,skipped,,7
1615,Annette VALENTINE (SNP),Julie FLEMING (RISE) (UNKNOWN),Paul KELLY (Lab),Elaine MCSPADDEN (IANL) (UNKNOWN),Meghan GALLACHER (Con),skipped,skipped,,7
1616,Annette VALENTINE (SNP),Julie FLEMING (RISE) (UNKNOWN),Paul KELLY (Lab),Elaine MCSPADDEN (IANL) (UNKNOWN),Meghan GALLACHER (Con),skipped,skipped,,7
1617,Annette VALENTINE (SNP),Julie FLEMING (RISE) (UNKNOWN),Paul KELLY (Lab),Meghan GALLACHER (Con),Elaine MCSPADDEN (IANL) (UNKNOWN),skipped,skipped,,7
1618,Annette VALENTINE (SNP),Julie FLEMING (RISE) (UNKNOWN),Paul KELLY (Lab),Meghan GALLACHER (Con),Elaine MCSPADDEN (IANL) (UNKNOWN),skipped,skipped,,7
1619,Annette VALENTINE (SNP),Julie FLEMING (RISE) (UNKNOWN),Paul KELLY (Lab),Meghan GALLACHER (Con),Elaine MCSPADDEN (IANL) (UNKNOWN),skipped,skipped,,7
1620,Annette VALENTINE (SNP),Julie FLEMING (RISE) (UNKNOWN),Paul KELLY (Lab),Meghan GALLACHER (Con),Elaine MCSPADDEN (IANL) (UNKNOWN),skipped,skipped,,7
1621,Annette VALENTINE (SNP),Julie FLEMING (RISE) (UNKNOWN),Elaine MCSPADDEN (IANL) (UNKNOWN),skipped,skipped,skipped,skipped,,7
1622,Annette VALENTINE (SNP),Julie FLEMING (RISE) (UNKNOWN),Elaine MCSPADDEN (IANL) (UNKNOWN),skipped,skipped,skipped,skipped,,7
1623,Annette VALENTINE (SNP),Julie FLEMING (RISE) (UNKNOWN),Elaine MCSPADDEN (IANL) (UNKNOWN),skipped,skipped,skipped,skipped,,7
1624,Annette VALENTINE (SNP),Julie FLEMING (RISE) (UNKNOWN),Elaine MCSPADDEN (IANL) (UNKNOWN),skipped,skipped,skipped,skipped,,7
1625,Annette VALENTINE (SNP),Julie FLEMING (RISE) (UNKNOWN),Elaine MCSPADDEN (IANL) (UNKNOWN),skipped,skipped,skipped,skipped,,7
1626,Annette VALENTINE (SNP),Julie FLEMING (RISE) (UNKNOWN),Elaine MCSPADDEN (IANL) (UNKNOWN),skipped,skipped,skipped,skipped,,7
1627,Annette VALENTINE (SNP),Julie FLEMING (RISE) (UNKNOWN),Elaine MCSPADDEN (IANL) (UNKNOWN),skipped,skipped,skipped,skipped,,7
1628,Annette VALENTINE (SNP),Julie FLEMING (RISE) (UNKNOWN),Elaine MCSPADDEN (IANL) (UNKNOWN),skipped,skipped,skipped,skipped,,7
1629,Annette VALENTINE (SNP),Julie FLEMING (RISE) (UNKNOWN),Elaine MCSPADDEN (IANL) (UNKNOWN),skipped,skipped,skipped,skipped,,7
1630,Annette VALENTINE (SNP),Julie FLEMING (RISE) (UNKNOWN),Elaine MCSPADDEN (IANL) (UNKNOWN),skipped,skipped,skipped,skipped,,7
1631,Annette VALENTINE (SNP),Julie FLEMING (RISE) (UNKNOWN),Elaine MCSPADDEN (IANL) (UNKNOWN),skipped,skipped,skipped,skipped,,7
1632,Annette VALENTINE (SNP),Julie FLEMING (RISE) (UNKNOWN),Elaine MCSPADDEN (IANL) (UNKNOWN),Paul KELLY (Lab),skipped,skipped,skipped,,7
1633,Annette VALENTINE (SNP),Julie FLEMING (RISE) (UNKNOWN),Elaine MCSPADDEN (IANL) (UNKNOWN),Paul KELLY (Lab),Meghan GALLACHER (Con),skipped,skipped,,7
1634,Annette VALENTINE (SNP),Julie FLEMING (RISE) (UNKNOWN),Elaine MCSPADDEN (IANL) (UNKNOWN),Paul KELLY (Lab),Meghan GALLACHER (Con),skipped,skipped,,7
1635,Annette VALENTINE (SNP),Julie FLEMING (RISE) (UNKNOWN),Elaine MCSPADDEN (IANL) (UNKNOWN),Paul KELLY (Lab),Meghan GALLACHER (Con),skipped,skipped,,7
1636,Annette VALENTINE (SNP),Julie FLEMING (RISE) (UNKNOWN),Elaine MCSPADDEN (IANL) (UNKNOWN),Paul KELLY (Lab),Meghan GALLACHER (Con),skipped,skipped,,7
1637,Annette VALENTINE (SNP),Julie FLEMING (RISE) (UNKNOWN),Elaine MCSPADDEN (IANL) (UNKNOWN),Paul KELLY (Lab),Meghan GALLACHER (Con),skipped,skipped,,7
1638,Annette VALENTINE (SNP),Julie FLEMING (RISE) (UNKNOWN),Elaine MCSPADDEN (IANL) (UNKNOWN),Paul KELLY (Lab),Meghan GALLACHER (Con),skipped,skipped,,7
1639,Annette VALENTINE (SNP),Julie FLEMING (RISE) (UNKNOWN),Elaine MCSPADDEN (IANL) (UNKNOWN),Paul KELLY (Lab),Meghan GALLACHER (Con),skipped,skipped,,7
1640,Annette VALENTINE (SNP),Julie FLEMING (RISE) (UNKNOWN),Elaine MCSPADDEN (IANL) (UNKNOWN),Paul KELLY (Lab),Meghan GALLACHER (Con),skipped,skipped,,7
1641,Annette VALENTINE (SNP),Julie FLEMING (RISE) (UNKNOWN),Elaine MCSPADDEN (IANL) (UNKNOWN),Paul KELLY (Lab),Meghan GALLACHER (Con),skipped,skipped,,7
1642,Annette VALENTINE (SNP),Julie FLEMING (RISE) (UNKNOWN),Elaine MCSPADDEN (IANL) (UNKNOWN),Paul KELLY (Lab),Meghan GALLACHER (Con),skipped,skipped,,7
1643,Annette VALENTINE (SNP),Julie FLEMING (RISE) (UNKNOWN),Elaine MCSPADDEN (IANL) (UNKNOWN),Paul KELLY (Lab),Meghan GALLACHER (Con),skipped,skipped,,7
1644,Annette VALENTINE (SNP),Julie FLEMING (RISE) (UNKNOWN),Elaine MCSPADDEN (IANL) (UNKNOWN),Paul KELLY (Lab),Meghan GALLACHER (Con),skipped,skipped,,7
1645,Annette VALENTINE (SNP),Julie FLEMING (RISE) (UNKNOWN),Elaine MCSPADDEN (IANL) (UNKNOWN),Paul KELLY (Lab),Meghan GALLACHER (Con),skipped,skipped,,7
1646,Annette VALENTINE (SNP),Julie FLEMING (RISE) (UNKNOWN),Elaine MCSPADDEN (IANL) (UNKNOWN),Paul KELLY (Lab),Meghan GALLACHER (Con),skipped,skipped,,7
1647,Annette VALENTINE (SNP),Julie FLEMING (RISE) (UNKNOWN),Elaine MCSPADDEN (IANL) (UNKNOWN),Paul KELLY (Lab),Meghan GALLACHER (Con),skipped,skipped,,7
1648,Annette VALENTINE (SNP),Julie FLEMING (RISE) (UNKNOWN),Elaine MCSPADDEN (IANL) (UNKNOWN),Paul KELLY (Lab),Meghan GALLACHER (Con),skipped,skipped,,7
1649,Annette VALENTINE (SNP),Julie FLEMING (RISE) (UNKNOWN),Elaine MCSPADDEN (IANL) (UNKNOWN),Paul KELLY (Lab),Meghan GALLACHER (Con),skipped,skipped,,7
1650,Annette VALENTINE (SNP),Julie FLEMING (RISE) (UNKNOWN),Elaine MCSPADDEN (IANL) (UNKNOWN),Paul KELLY (Lab),Meghan GALLACHER (Con),skipped,skipped,,7
1651,Annette VALENTINE (SNP),Julie FLEMING (RISE) (UNKNOWN),Elaine MCSPADDEN (IANL) (UNKNOWN),Paul KELLY (Lab),Meghan GALLACHER (Con),skipped,skipped,,7
1652,Annette VALENTINE (SNP),Julie FLEMING (RISE) (UNKNOWN),Elaine MCSPADDEN (IANL) (UNKNOWN),Paul KELLY (Lab),Meghan GALLACHER (Con),skipped,skipped,,7
1653,Annette VALENTINE (SNP),Julie FLEMING (RISE) (UNKNOWN),Elaine MCSPADDEN (IANL) (UNKNOWN),Paul KELLY (Lab),Meghan GALLACHER (Con),skipped,skipped,,7
1654,Annette VALENTINE (SNP),Julie FLEMING (RISE) (UNKNOWN),Elaine MCSPADDEN (IANL) (UNKNOWN),Paul KELLY (Lab),Meghan GALLACHER (Con),skipped,skipped,,7
1655,Annette VALENTINE (SNP),Julie FLEMING (RISE) (UNKNOWN),Elaine MCSPADDEN (IANL) (UNKNOWN),Paul KELLY (Lab),Meghan GALLACHER (Con),skipped,skipped,,7
1656,Annette VALENTINE (SNP),Julie FLEMING (RISE) (UNKNOWN),Elaine MCSPADDEN (IANL) (UNKNOWN),Paul KELLY (Lab),Meghan GALLACHER (Con),skipped,skipped,,7
1657,Annette VALENTINE (SNP),Julie FLEMING (RISE) (UNKNOWN),Elaine MCSPADDEN (IANL) (UNKNOWN),Paul KELLY (Lab),skipped,skipped,skipped,,7
1658,Annette VALENTINE (SNP),Julie FLEMING (RISE) (UNKNOWN),Elaine MCSPADDEN (IANL) (UNKNOWN),Paul KELLY (Lab),Meghan GALLACHER (Con),skipped,skipped,,7
1659,Annette VALENTINE (SNP),Julie FLEMING (RISE) (UNKNOWN),Elaine MCSPADDEN (IANL) (UNKNOWN),Paul KELLY (Lab),Meghan GALLACHER (Con),skipped,skipped,,7
1660,Annette VALENTINE (SNP),Julie FLEMING (RISE) (UNKNOWN),Elaine MCSPADDEN (IANL) (UNKNOWN),Paul KELLY (Lab),Meghan GALLACHER (Con),skipped,skipped,,7
1661,Annette VALENTINE (SNP),Julie FLEMING (RISE) (UNKNOWN),Elaine MCSPADDEN (IANL) (UNKNOWN),Paul KELLY (Lab),Meghan GALLACHER (Con),skipped,skipped,,7
1662,Annette VALENTINE (SNP),Julie FLEMING (RISE) (UNKNOWN),Elaine MCSPADDEN (IANL) (UNKNOWN),Paul KELLY (Lab),Meghan GALLACHER (Con),skipped,skipped,,7
1663,Annette VALENTINE (SNP),Julie FLEMING (RISE) (UNKNOWN),Elaine MCSPADDEN (IANL) (UNKNOWN),Paul KELLY (Lab),Meghan GALLACHER (Con),skipped,skipped,,7
1664,Annette VALENTINE (SNP),Julie FLEMING (RISE) (UNKNOWN),Elaine MCSPADDEN (IANL) (UNKNOWN),Paul KELLY (Lab),Meghan GALLACHER (Con),skipped,skipped,,7
1665,Annette VALENTINE (SNP),Julie FLEMING (RISE) (UNKNOWN),Elaine MCSPADDEN (IANL) (UNKNOWN),Paul KELLY (Lab),Meghan GALLACHER (Con),skipped,skipped,,7
1666,Annette VALENTINE (SNP),Julie FLEMING (RISE) (UNKNOWN),Elaine MCSPADDEN (IANL) (UNKNOWN),Paul KELLY (Lab),Meghan GALLACHER (Con),skipped,skipped,,7
1667,Annette VALENTINE (SNP),Julie FLEMING (RISE) (UNKNOWN),Elaine MCSPADDEN (IANL) (UNKNOWN),Paul KELLY (Lab),Meghan GALLACHER (Con),skipped,skipped,,7
1668,Annette VALENTINE (SNP),Julie FLEMING (RISE) (UNKNOWN),Elaine MCSPADDEN (IANL) (UNKNOWN),Paul KELLY (Lab),Meghan GALLACHER (Con),skipped,skipped,,7
1669,Annette VALENTINE (SNP),Julie FLEMING (RISE) (UNKNOWN),Elaine MCSPADDEN (IANL) (UNKNOWN),Paul KELLY (Lab),Meghan GALLACHER (Con),skipped,skipped,,7
1670,Annette VALENTINE (SNP),Julie FLEMING (RISE) (UNKNOWN),Elaine MCSPADDEN (IANL) (UNKNOWN),Paul KELLY (Lab),Meghan GALLACHER (Con),skipped,skipped,,7
1671,Annette VALENTINE (SNP),Julie FLEMING (RISE) (UNKNOWN),Elaine MCSPADDEN (IANL) (UNKNOWN),Paul KELLY (Lab),Meghan GALLACHER (Con),skipped,skipped,,7
1672,Annette VALENTINE (SNP),Julie FLEMING (RISE) (UNKNOWN),Elaine MCSPADDEN (IANL) (UNKNOWN),Paul KELLY (Lab),Meghan GALLACHER (Con),skipped,skipped,,7
1673,Annette VALENTINE (SNP),Julie FLEMING (RISE) (UNKNOWN),Elaine MCSPADDEN (IANL) (UNKNOWN),Paul KELLY (Lab),Meghan GALLACHER (Con),skipped,skipped,,7
1674,Annette VALENTINE (SNP),Julie FLEMING (RISE) (UNKNOWN),Elaine MCSPADDEN (IANL) (UNKNOWN),Paul KELLY (Lab),Meghan GALLACHER (Con),skipped,skipped,,7
1675,Annette VALENTINE (SNP),Julie FLEMING (RISE) (UNKNOWN),Elaine MCSPADDEN (IANL) (UNKNOWN),Paul KELLY (Lab),Meghan GALLACHER (Con),skipped,skipped,,7
1676,Annette VALENTINE (SNP),Julie FLEMING (RISE) (UNKNOWN),Elaine MCSPADDEN (IANL) (UNKNOWN),Paul KELLY (Lab),Meghan GALLACHER (Con),skipped,skipped,,7
1677,Annette VALENTINE (SNP),Julie FLEMING (RISE) (UNKNOWN),Elaine MCSPADDEN (IANL) (UNKNOWN),Paul KELLY (Lab),Meghan GALLACHER (Con),skipped,skipped,,7
1678,Annette VALENTINE (SNP),Julie FLEMING (RISE) (UNKNOWN),Elaine MCSPADDEN (IANL) (UNKNOWN),Paul KELLY (Lab),Meghan GALLACHER (Con),skipped,skipped,,7
1679,Annette VALENTINE (SNP),Julie FLEMING (RISE) (UNKNOWN),Elaine MCSPADDEN (IANL) (UNKNOWN),Paul KELLY (Lab),Meghan GALLACHER (Con),skipped,skipped,,7
1680,Annette VALENTINE (SNP),Julie FLEMING (RISE) (UNKNOWN),Elaine MCSPADDEN (IANL) (UNKNOWN),Paul KELLY (Lab),Meghan GALLACHER (Con),skipped,skipped,,7
1681,Annette VALENTINE (SNP),Julie FLEMING (RISE) (UNKNOWN),Elaine MCSPADDEN (IANL) (UNKNOWN),Paul KELLY (Lab),Meghan GALLACHER (Con),skipped,skipped,,7
1682,Annette VALENTINE (SNP),Julie FLEMING (RISE) (UNKNOWN),Elaine MCSPADDEN (IANL) (UNKNOWN),Paul KELLY (Lab),Meghan GALLACHER (Con),skipped,skipped,,7
1683,Annette VALENTINE (SNP),Julie FLEMING (RISE) (UNKNOWN),Elaine MCSPADDEN (IANL) (UNKNOWN),Paul KELLY (Lab),Meghan GALLACHER (Con),skipped,skipped,,7
1684,Annette VALENTINE (SNP),Julie FLEMING (RISE) (UNKNOWN),Elaine MCSPADDEN (IANL) (UNKNOWN),Paul KELLY (Lab),Meghan GALLACHER (Con),skipped,skipped,,7
1685,Annette VALENTINE (SNP),Julie FLEMING (RISE) (UNKNOWN),Elaine MCSPADDEN (IANL) (UNKNOWN),Paul KELLY (Lab),Meghan GALLACHER (Con),skipped,skipped,,7
1686,Annette VALENTINE (SNP),Julie FLEMING (RISE) (UNKNOWN),Elaine MCSPADDEN (IANL) (UNKNOWN),Paul KELLY (Lab),Meghan GALLACHER (Con),skipped,skipped,,7
1687,Annette VALENTINE (SNP),Julie FLEMING (RISE) (UNKNOWN),Elaine MCSPADDEN (IANL) (UNKNOWN),Paul KELLY (Lab),Meghan GALLACHER (Con),skipped,skipped,,7
1688,Annette VALENTINE (SNP),Julie FLEMING (RISE) (UNKNOWN),Elaine MCSPADDEN (IANL) (UNKNOWN),Paul KELLY (Lab),Meghan GALLACHER (Con),skipped,skipped,,7
1689,Annette VALENTINE (SNP),Julie FLEMING (RISE) (UNKNOWN),Elaine MCSPADDEN (IANL) (UNKNOWN),Meghan GALLACHER (Con),Paul KELLY (Lab),skipped,skipped,,7
1690,Annette VALENTINE (SNP),Julie FLEMING (RISE) (UNKNOWN),Elaine MCSPADDEN (IANL) (UNKNOWN),Meghan GALLACHER (Con),Paul KELLY (Lab),skipped,skipped,,7
1691,Annette VALENTINE (SNP),Julie FLEMING (RISE) (UNKNOWN),Elaine MCSPADDEN (IANL) (UNKNOWN),Meghan GALLACHER (Con),Paul KELLY (Lab),skipped,skipped,,7
1692,Annette VALENTINE (SNP),Julie FLEMING (RISE) (UNKNOWN),Elaine MCSPADDEN (IANL) (UNKNOWN),Meghan GALLACHER (Con),Paul KELLY (Lab),skipped,skipped,,7
1693,Annette VALENTINE (SNP),Julie FLEMING (RISE) (UNKNOWN),Michael Edward ROSS (Lab),skipped,skipped,skipped,skipped,,7
1694,Annette VALENTINE (SNP),Julie FLEMING (RISE) (UNKNOWN),Michael Edward ROSS (Lab),skipped,skipped,skipped,skipped,,7
1695,Annette VALENTINE (SNP),Julie FLEMING (RISE) (UNKNOWN),Paul KELLY (Lab),skipped,skipped,skipped,skipped,,7
1696,Annette VALENTINE (SNP),Julie FLEMING (RISE) (UNKNOWN),Paul KELLY (Lab),Elaine MCSPADDEN (IANL) (UNKNOWN),Meghan GALLACHER (Con),skipped,skipped,,7
1697,Annette VALENTINE (SNP),Julie FLEMING (RISE) (UNKNOWN),Paul KELLY (Lab),Elaine MCSPADDEN (IANL) (UNKNOWN),Meghan GALLACHER (Con),skipped,skipped,,7
1698,Annette VALENTINE (SNP),Julie FLEMING (RISE) (UNKNOWN),Paul KELLY (Lab),Elaine MCSPADDEN (IANL) (UNKNOWN),Meghan GALLACHER (Con),skipped,skipped,,7
1699,Annette VALENTINE (SNP),Julie FLEMING (RISE) (UNKNOWN),Paul KELLY (Lab),Elaine MCSPADDEN (IANL) (UNKNOWN),Meghan GALLACHER (Con),skipped,skipped,,7
1700,Annette VALENTINE (SNP),Julie FLEMING (RISE) (UNKNOWN),Paul KELLY (Lab),Elaine MCSPADDEN (IANL) (UNKNOWN),Meghan GALLACHER (Con),skipped,skipped,,7
1701,Annette VALENTINE (SNP),Julie FLEMING (RISE) (UNKNOWN),Paul KELLY (Lab),Elaine MCSPADDEN (IANL) (UNKNOWN),Meghan GALLACHER (Con),skipped,skipped,,7
1702,Annette VALENTINE (SNP),Julie FLEMING (RISE) (UNKNOWN),Paul KELLY (Lab),Meghan GALLACHER (Con),Elaine MCSPADDEN (IANL) (UNKNOWN),skipped,skipped,,7
1703,Annette VALENTINE (SNP),Julie FLEMING (RISE) (UNKNOWN),Elaine MCSPADDEN (IANL) (UNKNOWN),Paul KELLY (Lab),Meghan GALLACHER (Con),skipped,skipped,,7
1704,Annette VALENTINE (SNP),Julie FLEMING (RISE) (UNKNOWN),Meghan GALLACHER (Con),Paul KELLY (Lab),Elaine MCSPADDEN (IANL) (UNKNOWN),skipped,skipped,,7
1705,Annette VALENTINE (SNP),Julie FLEMING (RISE) (UNKNOWN),Meghan GALLACHER (Con),Paul KELLY (Lab),Elaine MCSPADDEN (IANL) (UNKNOWN),skipped,skipped,,7
1706,Annette VALENTINE (SNP),Julie FLEMING (RISE) (UNKNOWN),Meghan GALLACHER (Con),Elaine MCSPADDEN (IANL) (UNKNOWN),Paul KELLY (Lab),skipped,skipped,,7
1707,Annette VALENTINE (SNP),Julie FLEMING (RISE) (UNKNOWN),Meghan GALLACHER (Con),Elaine MCSPADDEN (IANL) (UNKNOWN),Paul KELLY (Lab),skipped,skipped,,7
1708,Annette VALENTINE (SNP),Julie FLEMING (RISE) (UNKNOWN),Meghan GALLACHER (Con),Elaine MCSPADDEN (IANL) (UNKNOWN),Paul KELLY (Lab),skipped,skipped,,7
1709,Annette VALENTINE (SNP),Julie FLEMING (RISE) (UNKNOWN),Meghan GALLACHER (Con),Elaine MCSPADDEN (IANL) (UNKNOWN),Paul KELLY (Lab),skipped,skipped,,7
1710,Annette VALENTINE (SNP),Paul KELLY (Lab),skipped,skipped,skipped,skipped,skipped,,7
1711,Annette VALENTINE (SNP),Paul KELLY (Lab),skipped,skipped,skipped,skipped,skipped,,7
1712,Annette VALENTINE (SNP),Paul KELLY (Lab),skipped,skipped,skipped,skipped,skipped,,7
1713,Annette VALENTINE (SNP),Paul KELLY (Lab),skipped,skipped,skipped,skipped,skipped,,7
1714,Annette VALENTINE (SNP),Paul KELLY (Lab),skipped,skipped,skipped,skipped,skipped,,7
1715,Annette VALENTINE (SNP),Paul KELLY (Lab),skipped,skipped,skipped,skipped,skipped,,7
1716,Annette VALENTINE (SNP),Paul KELLY (Lab),skipped,skipped,skipped,skipped,skipped,,7
1717,Annette VALENTINE (SNP),Paul KELLY (Lab),skipped,skipped,skipped,skipped,skipped,,7
1718,Annette VALENTINE (SNP),Paul KELLY (Lab),skipped,skipped,skipped,skipped,skipped,,7
1719,Annette VALENTINE (SNP),Paul KELLY (Lab),skipped,skipped,skipped,skipped,skipped,,7
1720,Annette VALENTINE (SNP),Paul KELLY (Lab),skipped,skipped,skipped,skipped,skipped,,7
1721,Annette VALENTINE (SNP),Paul KELLY (Lab),skipped,skipped,skipped,skipped,skipped,,7
1722,Annette VALENTINE (SNP),Paul KELLY (Lab),skipped,skipped,skipped,skipped,skipped,,7
1723,Annette VALENTINE (SNP),Paul KELLY (Lab),skipped,skipped,skipped,skipped,skipped,,7
1724,Annette VALENTINE (SNP),Paul KELLY (Lab),skipped,skipped,skipped,skipped,skipped,,7
1725,Annette VALENTINE (SNP),Paul KELLY (Lab),skipped,skipped,skipped,skipped,skipped,,7
1726,Annette VALENTINE (SNP),Paul KELLY (Lab),skipped,skipped,skipped,skipped,skipped,,7
1727,Annette VALENTINE (SNP),Paul KELLY (Lab),skipped,skipped,skipped,skipped,skipped,,7
1728,Annette VALENTINE (SNP),Paul KELLY (Lab),skipped,skipped,skipped,skipped,skipped,,7
1729,Annette VALENTINE (SNP),Paul KELLY (Lab),skipped,skipped,skipped,skipped,skipped,,7
1730,Annette VALENTINE (SNP),Paul KELLY (Lab),skipped,skipped,skipped,skipped,skipped,,7
1731,Annette VALENTINE (SNP),Paul KELLY (Lab),skipped,skipped,skipped,skipped,skipped,,7
1732,Annette VALENTINE (SNP),Paul KELLY (Lab),skipped,skipped,skipped,skipped,skipped,,7
1733,Annette VALENTINE (SNP),Paul KELLY (Lab),skipped,skipped,skipped,skipped,skipped,,7
1734,Annette VALENTINE (SNP),Paul KELLY (Lab),skipped,skipped,skipped,skipped,skipped,,7
1735,Annette VALENTINE (SNP),Paul KELLY (Lab),skipped,skipped,skipped,skipped,skipped,,7
1736,Annette VALENTINE (SNP),Paul KELLY (Lab),skipped,skipped,skipped,skipped,skipped,,7
1737,Annette VALENTINE (SNP),Paul KELLY (Lab),skipped,skipped,skipped,skipped,skipped,,7
1738,Annette VALENTINE (SNP),Paul KELLY (Lab),skipped,skipped,skipped,skipped,skipped,,7
1739,Annette VALENTINE (SNP),Paul KELLY (Lab),Elaine MCSPADDEN (IANL) (UNKNOWN),Julie FLEMING (RISE) (UNKNOWN),Meghan GALLACHER (Con),skipped,skipped,,7
1740,Annette VALENTINE (SNP),Paul KELLY (Lab),skipped,skipped,skipped,skipped,skipped,,7
1741,Annette VALENTINE (SNP),Paul KELLY (Lab),skipped,skipped,skipped,skipped,skipped,,7
1742,Annette VALENTINE (SNP),Paul KELLY (Lab),skipped,skipped,skipped,skipped,skipped,,7
1743,Annette VALENTINE (SNP),Paul KELLY (Lab),skipped,skipped,skipped,skipped,skipped,,7
1744,Annette VALENTINE (SNP),Paul KELLY (Lab),skipped,skipped,skipped,skipped,skipped,,7
1745,Annette VALENTINE (SNP),Paul KELLY (Lab),skipped,skipped,skipped,skipped,skipped,,7
1746,Annette VALENTINE (SNP),Paul KELLY (Lab),skipped,skipped,skipped,skipped,skipped,,7
1747,Annette VALENTINE (SNP),Paul KELLY (Lab),skipped,skipped,skipped,skipped,skipped,,7
1748,Annette VALENTINE (SNP),Paul KELLY (Lab),skipped,skipped,skipped,skipped,skipped,,7
1749,Annette VALENTINE (SNP),Paul KELLY (Lab),skipped,skipped,skipped,skipped,skipped,,7
1750,Annette VALENTINE (SNP),Paul KELLY (Lab),skipped,skipped,skipped,skipped,skipped,,7
1751,Annette VALENTINE (SNP),Paul KELLY (Lab),Julie FLEMING (RISE) (UNKNOWN),skipped,skipped,skipped,skipped,,7
1752,Annette VALENTINE (SNP),Paul KELLY (Lab),Julie FLEMING (RISE) (UNKNOWN),Elaine MCSPADDEN (IANL) (UNKNOWN),Meghan GALLACHER (Con),skipped,skipped,,7
1753,Annette VALENTINE (SNP),Paul KELLY (Lab),Julie FLEMING (RISE) (UNKNOWN),Elaine MCSPADDEN (IANL) (UNKNOWN),Meghan GALLACHER (Con),skipped,skipped,,7
1754,Annette VALENTINE (SNP),Paul KELLY (Lab),Julie FLEMING (RISE) (UNKNOWN),Elaine MCSPADDEN (IANL) (UNKNOWN),Meghan GALLACHER (Con),skipped,skipped,,7
1755,Annette VALENTINE (SNP),Paul KELLY (Lab),Julie FLEMING (RISE) (UNKNOWN),Elaine MCSPADDEN (IANL) (UNKNOWN),Meghan GALLACHER (Con),skipped,skipped,,7
1756,Annette VALENTINE (SNP),Paul KELLY (Lab),Julie FLEMING (RISE) (UNKNOWN),Elaine MCSPADDEN (IANL) (UNKNOWN),Meghan GALLACHER (Con),skipped,skipped,,7
1757,Annette VALENTINE (SNP),Paul KELLY (Lab),Julie FLEMING (RISE) (UNKNOWN),Elaine MCSPADDEN (IANL) (UNKNOWN),Meghan GALLACHER (Con),skipped,skipped,,7
1758,Annette VALENTINE (SNP),Paul KELLY (Lab),Julie FLEMING (RISE) (UNKNOWN),Meghan GALLACHER (Con),Elaine MCSPADDEN (IANL) (UNKNOWN),skipped,skipped,,7
1759,Annette VALENTINE (SNP),Paul KELLY (Lab),Elaine MCSPADDEN (IANL) (UNKNOWN),skipped,skipped,skipped,skipped,,7
1760,Annette VALENTINE (SNP),Paul KELLY (Lab),Elaine MCSPADDEN (IANL) (UNKNOWN),Julie FLEMING (RISE) (UNKNOWN),Meghan GALLACHER (Con),skipped,skipped,,7
1761,Annette VALENTINE (SNP),Paul KELLY (Lab),Elaine MCSPADDEN (IANL) (UNKNOWN),Julie FLEMING (RISE) (UNKNOWN),Meghan GALLACHER (Con),skipped,skipped,,7
1762,Annette VALENTINE (SNP),Paul KELLY (Lab),Elaine MCSPADDEN (IANL) (UNKNOWN),Julie FLEMING (RISE) (UNKNOWN),Meghan GALLACHER (Con),skipped,skipped,,7
1763,Annette VALENTINE (SNP),Paul KELLY (Lab),Elaine MCSPADDEN (IANL) (UNKNOWN),Julie FLEMING (RISE) (UNKNOWN),Meghan GALLACHER (Con),skipped,skipped,,7
1764,Annette VALENTINE (SNP),Paul KELLY (Lab),Elaine MCSPADDEN (IANL) (UNKNOWN),Julie FLEMING (RISE) (UNKNOWN),Meghan GALLACHER (Con),skipped,skipped,,7
1765,Annette VALENTINE (SNP),Paul KELLY (Lab),Elaine MCSPADDEN (IANL) (UNKNOWN),Julie FLEMING (RISE) (UNKNOWN),Meghan GALLACHER (Con),skipped,skipped,,7
1766,Annette VALENTINE (SNP),Paul KELLY (Lab),Elaine MCSPADDEN (IANL) (UNKNOWN),Meghan GALLACHER (Con),Julie FLEMING (RISE) (UNKNOWN),skipped,skipped,,7
1767,Annette VALENTINE (SNP),Paul KELLY (Lab),Elaine MCSPADDEN (IANL) (UNKNOWN),Meghan GALLACHER (Con),Julie FLEMING (RISE) (UNKNOWN),skipped,skipped,,7
1768,Annette VALENTINE (SNP),Paul KELLY (Lab),Elaine MCSPADDEN (IANL) (UNKNOWN),Meghan GALLACHER (Con),Julie FLEMING (RISE) (UNKNOWN),skipped,skipped,,7
1769,Annette VALENTINE (SNP),Paul KELLY (Lab),Meghan GALLACHER (Con),skipped,skipped,skipped,skipped,,7
1770,Annette VALENTINE (SNP),Paul KELLY (Lab),Meghan GALLACHER (Con),Julie FLEMING (RISE) (UNKNOWN),skipped,skipped,skipped,,7
1771,Annette VALENTINE (SNP),Paul KELLY (Lab),Meghan GALLACHER (Con),Elaine MCSPADDEN (IANL) (UNKNOWN),Julie FLEMING (RISE) (UNKNOWN),skipped,skipped,,7
1772,Annette VALENTINE (SNP),Paul KELLY (Lab),Meghan GALLACHER (Con),skipped,skipped,skipped,skipped,,7
1773,Annette VALENTINE (SNP),Elaine MCSPADDEN (IANL) (UNKNOWN),skipped,skipped,skipped,skipped,skipped,,7
1774,Annette VALENTINE (SNP),Elaine MCSPADDEN (IANL) (UNKNOWN),skipped,skipped,skipped,skipped,skipped,,7
1775,Annette VALENTINE (SNP),Elaine MCSPADDEN (IANL) (UNKNOWN),skipped,skipped,skipped,skipped,skipped,,7
1776,Annette VALENTINE (SNP),Elaine MCSPADDEN (IANL) (UNKNOWN),skipped,skipped,skipped,skipped,skipped,,7
1777,Annette VALENTINE (SNP),Elaine MCSPADDEN (IANL) (UNKNOWN),skipped,skipped,skipped,skipped,skipped,,7
1778,Annette VALENTINE (SNP),Elaine MCSPADDEN (IANL) (UNKNOWN),skipped,skipped,skipped,skipped,skipped,,7
1779,Annette VALENTINE (SNP),Elaine MCSPADDEN (IANL) (UNKNOWN),skipped,skipped,skipped,skipped,skipped,,7
1780,Annette VALENTINE (SNP),Elaine MCSPADDEN (IANL) (UNKNOWN),skipped,skipped,skipped,skipped,skipped,,7
1781,Annette VALENTINE (SNP),Elaine MCSPADDEN (IANL) (UNKNOWN),skipped,skipped,skipped,skipped,skipped,,7
1782,Annette VALENTINE (SNP),Elaine MCSPADDEN (IANL) (UNKNOWN),skipped,skipped,skipped,skipped,skipped,,7
1783,Annette VALENTINE (SNP),Elaine MCSPADDEN (IANL) (UNKNOWN),skipped,skipped,skipped,skipped,skipped,,7
1784,Annette VALENTINE (SNP),Elaine MCSPADDEN (IANL) (UNKNOWN),skipped,skipped,skipped,skipped,skipped,,7
1785,Annette VALENTINE (SNP),Elaine MCSPADDEN (IANL) (UNKNOWN),skipped,skipped,skipped,skipped,skipped,,7
1786,Annette VALENTINE (SNP),Elaine MCSPADDEN (IANL) (UNKNOWN),skipped,skipped,skipped,skipped,skipped,,7
1787,Annette VALENTINE (SNP),Elaine MCSPADDEN (IANL) (UNKNOWN),skipped,skipped,skipped,skipped,skipped,,7
1788,Annette VALENTINE (SNP),Elaine MCSPADDEN (IANL) (UNKNOWN),skipped,skipped,skipped,skipped,skipped,,7
1789,Annette VALENTINE (SNP),Elaine MCSPADDEN (IANL) (UNKNOWN),skipped,skipped,skipped,skipped,skipped,,7
1790,Annette VALENTINE (SNP),Elaine MCSPADDEN (IANL) (UNKNOWN),skipped,skipped,skipped,skipped,skipped,,7
1791,Annette VALENTINE (SNP),Elaine MCSPADDEN (IANL) (UNKNOWN),skipped,skipped,skipped,skipped,skipped,,7
1792,Annette VALENTINE (SNP),Elaine MCSPADDEN (IANL) (UNKNOWN),skipped,skipped,skipped,skipped,skipped,,7
1793,Annette VALENTINE (SNP),Elaine MCSPADDEN (IANL) (UNKNOWN),skipped,skipped,skipped,skipped,skipped,,7
1794,Annette VALENTINE (SNP),Elaine MCSPADDEN (IANL) (UNKNOWN),skipped,skipped,skipped,skipped,skipped,,7
1795,Annette VALENTINE (SNP),Elaine MCSPADDEN (IANL) (UNKNOWN),skipped,skipped,skipped,skipped,skipped,,7
1796,Annette VALENTINE (SNP),Elaine MCSPADDEN (IANL) (UNKNOWN),skipped,skipped,skipped,skipped,skipped,,7
1797,Annette VALENTINE (SNP),Elaine MCSPADDEN (IANL) (UNKNOWN),skipped,skipped,skipped,skipped,skipped,,7
1798,Annette VALENTINE (SNP),Elaine MCSPADDEN (IANL) (UNKNOWN),skipped,skipped,skipped,skipped,skipped,,7
1799,Annette VALENTINE (SNP),Elaine MCSPADDEN (IANL) (UNKNOWN),skipped,skipped,skipped,skipped,skipped,,7
1800,Annette VALENTINE (SNP),Elaine MCSPADDEN (IANL) (UNKNOWN),skipped,skipped,skipped,skipped,skipped,,7
1801,Annette VALENTINE (SNP),Elaine MCSPADDEN (IANL) (UNKNOWN),skipped,skipped,skipped,skipped,skipped,,7
1802,Annette VALENTINE (SNP),Elaine MCSPADDEN (IANL) (UNKNOWN),skipped,skipped,skipped,skipped,skipped,,7
1803,Annette VALENTINE (SNP),Elaine MCSPADDEN (IANL) (UNKNOWN),skipped,skipped,skipped,skipped,skipped,,7
1804,Annette VALENTINE (SNP),Elaine MCSPADDEN (IANL) (UNKNOWN),skipped,skipped,skipped,skipped,skipped,,7
1805,Annette VALENTINE (SNP),Elaine MCSPADDEN (IANL) (UNKNOWN),skipped,skipped,skipped,skipped,skipped,,7
1806,Annette VALENTINE (SNP),Elaine MCSPADDEN (IANL) (UNKNOWN),skipped,skipped,skipped,skipped,skipped,,7
1807,Annette VALENTINE (SNP),Elaine MCSPADDEN (IANL) (UNKNOWN),skipped,skipped,skipped,skipped,skipped,,7
1808,Annette VALENTINE (SNP),Elaine MCSPADDEN (IANL) (UNKNOWN),Julie FLEMING (RISE) (UNKNOWN),skipped,skipped,skipped,skipped,,7
1809,Annette VALENTINE (SNP),Elaine MCSPADDEN (IANL) (UNKNOWN),Julie FLEMING (RISE) (UNKNOWN),skipped,skipped,skipped,skipped,,7
1810,Annette VALENTINE (SNP),Elaine MCSPADDEN (IANL) (UNKNOWN),Julie FLEMING (RISE) (UNKNOWN),skipped,skipped,skipped,skipped,,7
1811,Annette VALENTINE (SNP),Elaine MCSPADDEN (IANL) (UNKNOWN),Julie FLEMING (RISE) (UNKNOWN),skipped,skipped,skipped,skipped,,7
1812,Annette VALENTINE (SNP),Elaine MCSPADDEN (IANL) (UNKNOWN),Julie FLEMING (RISE) (UNKNOWN),Paul KELLY (Lab),Meghan GALLACHER (Con),skipped,skipped,,7
1813,Annette VALENTINE (SNP),Elaine MCSPADDEN (IANL) (UNKNOWN),Julie FLEMING (RISE) (UNKNOWN),Paul KELLY (Lab),Meghan GALLACHER (Con),skipped,skipped,,7
1814,Annette VALENTINE (SNP),Elaine MCSPADDEN (IANL) (UNKNOWN),Julie FLEMING (RISE) (UNKNOWN),Paul KELLY (Lab),Meghan GALLACHER (Con),skipped,skipped,,7
1815,Annette VALENTINE (SNP),Elaine MCSPADDEN (IANL) (UNKNOWN),Julie FLEMING (RISE) (UNKNOWN),Paul KELLY (Lab),Meghan GALLACHER (Con),skipped,skipped,,7
1816,Annette VALENTINE (SNP),Elaine MCSPADDEN (IANL) (UNKNOWN),Julie FLEMING (RISE) (UNKNOWN),Paul KELLY (Lab),Meghan GALLACHER (Con),skipped,skipped,,7
1817,Annette VALENTINE (SNP),Elaine MCSPADDEN (IANL) (UNKNOWN),Julie FLEMING (RISE) (UNKNOWN),Paul KELLY (Lab),Meghan GALLACHER (Con),skipped,skipped,,7
1818,Annette VALENTINE (SNP),Elaine MCSPADDEN (IANL) (UNKNOWN),Julie FLEMING (RISE) (UNKNOWN),Paul KELLY (Lab),Meghan GALLACHER (Con),skipped,skipped,,7
1819,Annette VALENTINE (SNP),Elaine MCSPADDEN (IANL) (UNKNOWN),Julie FLEMING (RISE) (UNKNOWN),Paul KELLY (Lab),Meghan GALLACHER (Con),skipped,skipped,,7
1820,Annette VALENTINE (SNP),Elaine MCSPADDEN (IANL) (UNKNOWN),Julie FLEMING (RISE) (UNKNOWN),Paul KELLY (Lab),Meghan GALLACHER (Con),skipped,skipped,,7
1821,Annette VALENTINE (SNP),Elaine MCSPADDEN (IANL) (UNKNOWN),Julie FLEMING (RISE) (UNKNOWN),Paul KELLY (Lab),Meghan GALLACHER (Con),skipped,skipped,,7
1822,Annette VALENTINE (SNP),Elaine MCSPADDEN (IANL) (UNKNOWN),Julie FLEMING (RISE) (UNKNOWN),Paul KELLY (Lab),Meghan GALLACHER (Con),skipped,skipped,,7
1823,Annette VALENTINE (SNP),Elaine MCSPADDEN (IANL) (UNKNOWN),Julie FLEMING (RISE) (UNKNOWN),Paul KELLY (Lab),Meghan GALLACHER (Con),skipped,skipped,,7
1824,Annette VALENTINE (SNP),Elaine MCSPADDEN (IANL) (UNKNOWN),Julie FLEMING (RISE) (UNKNOWN),Paul KELLY (Lab),Meghan GALLACHER (Con),skipped,skipped,,7
1825,Annette VALENTINE (SNP),Elaine MCSPADDEN (IANL) (UNKNOWN),Julie FLEMING (RISE) (UNKNOWN),Meghan GALLACHER (Con),Paul KELLY (Lab),skipped,skipped,,7
1826,Annette VALENTINE (SNP),Elaine MCSPADDEN (IANL) (UNKNOWN),Julie FLEMING (RISE) (UNKNOWN),Meghan GALLACHER (Con),Paul KELLY (Lab),skipped,skipped,,7
1827,Annette VALENTINE (SNP),Elaine MCSPADDEN (IANL) (UNKNOWN),Julie FLEMING (RISE) (UNKNOWN),Meghan GALLACHER (Con),Paul KELLY (Lab),skipped,skipped,,7
1828,Annette VALENTINE (SNP),Elaine MCSPADDEN (IANL) (UNKNOWN),Paul KELLY (Lab),skipped,skipped,skipped,skipped,,7
1829,Annette VALENTINE (SNP),Elaine MCSPADDEN (IANL) (UNKNOWN),Paul KELLY (Lab),Julie FLEMING (RISE) (UNKNOWN),Meghan GALLACHER (Con),skipped,skipped,,7
1830,Annette VALENTINE (SNP),Elaine MCSPADDEN (IANL) (UNKNOWN),Paul KELLY (Lab),Julie FLEMING (RISE) (UNKNOWN),Meghan GALLACHER (Con),skipped,skipped,,7
1831,Annette VALENTINE (SNP),Elaine MCSPADDEN (IANL) (UNKNOWN),Paul KELLY (Lab),Julie FLEMING (RISE) (UNKNOWN),Meghan GALLACHER (Con),skipped,skipped,,7
1832,Annette VALENTINE (SNP),Elaine MCSPADDEN (IANL) (UNKNOWN),Paul KELLY (Lab),Meghan GALLACHER (Con),Julie FLEMING (RISE) (UNKNOWN),skipped,skipped,,7
1833,Annette VALENTINE (SNP),Elaine MCSPADDEN (IANL) (UNKNOWN),Paul KELLY (Lab),Meghan GALLACHER (Con),Julie FLEMING (RISE) (UNKNOWN),skipped,skipped,,7
1834,Annette VALENTINE (SNP),Elaine MCSPADDEN (IANL) (UNKNOWN),Paul KELLY (Lab),Meghan GALLACHER (Con),Julie FLEMING (RISE) (UNKNOWN),skipped,skipped,,7
1835,Annette VALENTINE (SNP),Elaine MCSPADDEN (IANL) (UNKNOWN),Meghan GALLACHER (Con),skipped,skipped,skipped,skipped,,7
1836,Annette VALENTINE (SNP),Elaine MCSPADDEN (IANL) (UNKNOWN),Meghan GALLACHER (Con),skipped,skipped,skipped,skipped,,7
1837,Annette VALENTINE (SNP),Elaine MCSPADDEN (IANL) (UNKNOWN),Meghan GALLACHER (Con),Julie FLEMING (RISE) (UNKNOWN),Paul KELLY (Lab),skipped,skipped,,7
1838,Annette VALENTINE (SNP),Elaine MCSPADDEN (IANL) (UNKNOWN),Meghan GALLACHER (Con),Julie FLEMING (RISE) (UNKNOWN),Paul KELLY (Lab),skipped,skipped,,7
1839,Annette VALENTINE (SNP),Elaine MCSPADDEN (IANL) (UNKNOWN),Meghan GALLACHER (Con),Julie FLEMING (RISE) (UNKNOWN),Paul KELLY (Lab),skipped,skipped,,7
1840,Annette VALENTINE (SNP),Michael Edward ROSS (Lab),skipped,skipped,skipped,skipped,skipped,,7
1841,Annette VALENTINE (SNP),Michael Edward ROSS (Lab),skipped,skipped,skipped,skipped,skipped,,7
1842,Annette VALENTINE (SNP),Michael Edward ROSS (Lab),skipped,skipped,skipped,skipped,skipped,,7
1843,Annette VALENTINE (SNP),Michael Edward ROSS (Lab),skipped,skipped,skipped,skipped,skipped,,7
1844,Annette VALENTINE (SNP),Michael Edward ROSS (Lab),skipped,skipped,skipped,skipped,skipped,,7
1845,Annette VALENTINE (SNP),Michael Edward ROSS (Lab),skipped,skipped,skipped,skipped,skipped,,7
1846,Annette VALENTINE (SNP),Michael Edward ROSS (Lab),skipped,skipped,skipped,skipped,skipped,,7
1847,Annette VALENTINE (SNP),Michael Edward ROSS (Lab),skipped,skipped,skipped,skipped,skipped,,7
1848,Annette VALENTINE (SNP),Michael Edward ROSS (Lab),skipped,skipped,skipped,skipped,skipped,,7
1849,Annette VALENTINE (SNP),Michael Edward ROSS (Lab),skipped,skipped,skipped,skipped,skipped,,7
1850,Annette VALENTINE (SNP),Michael Edward ROSS (Lab),skipped,skipped,skipped,skipped,skipped,,7
1851,Annette VALENTINE (SNP),Michael Edward ROSS (Lab),skipped,skipped,skipped,skipped,skipped,,7
1852,Annette VALENTINE (SNP),Michael Edward ROSS (Lab),skipped,skipped,skipped,skipped,skipped,,7
1853,Annette VALENTINE (SNP),Michael Edward ROSS (Lab),skipped,skipped,skipped,skipped,skipped,,7
1854,Annette VALENTINE (SNP),Michael Edward ROSS (Lab),skipped,skipped,skipped,skipped,skipped,,7
1855,Annette VALENTINE (SNP),Michael Edward ROSS (Lab),skipped,skipped,skipped,skipped,skipped,,7
1856,Annette VALENTINE (SNP),Michael Edward ROSS (Lab),skipped,skipped,skipped,skipped,skipped,,7
1857,Annette VALENTINE (SNP),Michael Edward ROSS (Lab),skipped,skipped,skipped,skipped,skipped,,7
1858,Annette VALENTINE (SNP),Michael Edward ROSS (Lab),skipped,skipped,skipped,skipped,skipped,,7
1859,Annette VALENTINE (SNP),Michael Edward ROSS (Lab),skipped,skipped,skipped,skipped,skipped,,7
1860,Annette VALENTINE (SNP),Michael Edward ROSS (Lab),skipped,skipped,skipped,skipped,skipped,,7
1861,Annette VALENTINE (SNP),Michael Edward ROSS (Lab),skipped,skipped,skipped,skipped,skipped,,7
1862,Annette VALENTINE (SNP),Michael Edward ROSS (Lab),skipped,skipped,skipped,skipped,skipped,,7
1863,Annette VALENTINE (SNP),Michael Edward ROSS (Lab),skipped,skipped,skipped,skipped,skipped,,7
1864,Annette VALENTINE (SNP),Michael Edward ROSS (Lab),skipped,skipped,skipped,skipped,skipped,,7
1865,Annette VALENTINE (SNP),Michael Edward ROSS (Lab),skipped,skipped,skipped,skipped,skipped,,7
1866,Annette VALENTINE (SNP),Michael Edward ROSS (Lab),skipped,skipped,skipped,skipped,skipped,,7
1867,Annette VALENTINE (SNP),Michael Edward ROSS (Lab),skipped,skipped,skipped,skipped,skipped,,7
1868,Annette VALENTINE (SNP),Michael Edward ROSS (Lab),skipped,skipped,skipped,skipped,skipped,,7
1869,Annette VALENTINE (SNP),Michael Edward ROSS (Lab),skipped,skipped,skipped,skipped,skipped,,7
1870,Annette VALENTINE (SNP),Michael Edward ROSS (Lab),skipped,skipped,skipped,skipped,skipped,,7
1871,Annette VALENTINE (SNP),Michael Edward ROSS (Lab),skipped,skipped,skipped,skipped,skipped,,7
1872,Annette VALENTINE (SNP),Michael Edward ROSS (Lab),skipped,skipped,skipped,skipped,skipped,,7
1873,Annette VALENTINE (SNP),Michael Edward ROSS (Lab),skipped,skipped,skipped,skipped,skipped,,7
1874,Annette VALENTINE (SNP),Michael Edward ROSS (Lab),skipped,skipped,skipped,skipped,skipped,,7
1875,Annette VALENTINE (SNP),Michael Edward ROSS (Lab),skipped,skipped,skipped,skipped,skipped,,7
1876,Annette VALENTINE (SNP),Michael Edward ROSS (Lab),skipped,skipped,skipped,skipped,skipped,,7
1877,Annette VALENTINE (SNP),Michael Edward ROSS (Lab),skipped,skipped,skipped,skipped,skipped,,7
1878,Annette VALENTINE (SNP),Michael Edward ROSS (Lab),skipped,skipped,skipped,skipped,skipped,,7
1879,Annette VALENTINE (SNP),Michael Edward ROSS (Lab),skipped,skipped,skipped,skipped,skipped,,7
1880,Annette VALENTINE (SNP),Michael Edward ROSS (Lab),Julie FLEMING (RISE) (UNKNOWN),skipped,skipped,skipped,skipped,,7
1881,Annette VALENTINE (SNP),Paul KELLY (Lab),skipped,skipped,skipped,skipped,skipped,,7
1882,Annette VALENTINE (SNP),Paul KELLY (Lab),skipped,skipped,skipped,skipped,skipped,,7
1883,Annette VALENTINE (SNP),Paul KELLY (Lab),skipped,skipped,skipped,skipped,skipped,,7
1884,Annette VALENTINE (SNP),Paul KELLY (Lab),skipped,skipped,skipped,skipped,skipped,,7
1885,Annette VALENTINE (SNP),Paul KELLY (Lab),skipped,skipped,skipped,skipped,skipped,,7
1886,Annette VALENTINE (SNP),Paul KELLY (Lab),skipped,skipped,skipped,skipped,skipped,,7
1887,Annette VALENTINE (SNP),Paul KELLY (Lab),skipped,skipped,skipped,skipped,skipped,,7
1888,Annette VALENTINE (SNP),Paul KELLY (Lab),skipped,skipped,skipped,skipped,skipped,,7
1889,Annette VALENTINE (SNP),Paul KELLY (Lab),skipped,skipped,skipped,skipped,skipped,,7
1890,Annette VALENTINE (SNP),Paul KELLY (Lab),skipped,skipped,skipped,skipped,skipped,,7
1891,Annette VALENTINE (SNP),Paul KELLY (Lab),skipped,skipped,skipped,skipped,skipped,,7
1892,Annette VALENTINE (SNP),Paul KELLY (Lab),skipped,skipped,skipped,skipped,skipped,,7
1893,Annette VALENTINE (SNP),Paul KELLY (Lab),skipped,skipped,skipped,skipped,skipped,,7
1894,Annette VALENTINE (SNP),Paul KELLY (Lab),skipped,skipped,skipped,skipped,skipped,,7
1895,Annette VALENTINE (SNP),Paul KELLY (Lab),skipped,skipped,skipped,skipped,skipped,,7
1896,Annette VALENTINE (SNP),Paul KELLY (Lab),skipped,skipped,skipped,skipped,skipped,,7
1897,Annette VALENTINE (SNP),Paul KELLY (Lab),skipped,skipped,skipped,skipped,skipped,,7
1898,Annette VALENTINE (SNP),Paul KELLY (Lab),skipped,skipped,skipped,skipped,skipped,,7
1899,Annette VALENTINE (SNP),Paul KELLY (Lab),Julie FLEMING (RISE) (UNKNOWN),Elaine MCSPADDEN (IANL) (UNKNOWN),skipped,skipped,skipped,,7
1900,Annette VALENTINE (SNP),Paul KELLY (Lab),Julie FLEMING (RISE) (UNKNOWN),Elaine MCSPADDEN (IANL) (UNKNOWN),skipped,skipped,skipped,,7
1901,Annette VALENTINE (SNP),Paul KELLY (Lab),Julie FLEMING (RISE) (UNKNOWN),Elaine MCSPADDEN (IANL) (UNKNOWN),Meghan GALLACHER (Con),skipped,skipped,,7
1902,Annette VALENTINE (SNP),Paul KELLY (Lab),Julie FLEMING (RISE) (UNKNOWN),Elaine MCSPADDEN (IANL) (UNKNOWN),Meghan GALLACHER (Con),skipped,skipped,,7
1903,Annette VALENTINE (SNP),Paul KELLY (Lab),Julie FLEMING (RISE) (UNKNOWN),Elaine MCSPADDEN (IANL) (UNKNOWN),Meghan GALLACHER (Con),skipped,skipped,,7
1904,Annette VALENTINE (SNP),Paul KELLY (Lab),Julie FLEMING (RISE) (UNKNOWN),Elaine MCSPADDEN (IANL) (UNKNOWN),Meghan GALLACHER (Con),skipped,skipped,,7
1905,Annette VALENTINE (SNP),Paul KELLY (Lab),Julie FLEMING (RISE) (UNKNOWN),Elaine MCSPADDEN (IANL) (UNKNOWN),Meghan GALLACHER (Con),skipped,skipped,,7
1906,Annette VALENTINE (SNP),Paul KELLY (Lab),Julie FLEMING (RISE) (UNKNOWN),Elaine MCSPADDEN (IANL) (UNKNOWN),Meghan GALLACHER (Con),skipped,skipped,,7
1907,Annette VALENTINE (SNP),Paul KELLY (Lab),Julie FLEMING (RISE) (UNKNOWN),Elaine MCSPADDEN (IANL) (UNKNOWN),Meghan GALLACHER (Con),skipped,skipped,,7
1908,Annette VALENTINE (SNP),Paul KELLY (Lab),Julie FLEMING (RISE) (UNKNOWN),Elaine MCSPADDEN (IANL) (UNKNOWN),Meghan GALLACHER (Con),skipped,skipped,,7
1909,Annette VALENTINE (SNP),Paul KELLY (Lab),Julie FLEMING (RISE) (UNKNOWN),Elaine MCSPADDEN (IANL) (UNKNOWN),Meghan GALLACHER (Con),skipped,skipped,,7
1910,Annette VALENTINE (SNP),Paul KELLY (Lab),Julie FLEMING (RISE) (UNKNOWN),Meghan GALLACHER (Con),Elaine MCSPADDEN (IANL) (UNKNOWN),skipped,skipped,,7
1911,Annette VALENTINE (SNP),Paul KELLY (Lab),Elaine MCSPADDEN (IANL) (UNKNOWN),Julie FLEMING (RISE) (UNKNOWN),skipped,skipped,skipped,,7
1912,Annette VALENTINE (SNP),Paul KELLY (Lab),Elaine MCSPADDEN (IANL) (UNKNOWN),Julie FLEMING (RISE) (UNKNOWN),Meghan GALLACHER (Con),skipped,skipped,,7
1913,Annette VALENTINE (SNP),Paul KELLY (Lab),Elaine MCSPADDEN (IANL) (UNKNOWN),Julie FLEMING (RISE) (UNKNOWN),Meghan GALLACHER (Con),skipped,skipped,,7
1914,Annette VALENTINE (SNP),Paul KELLY (Lab),Elaine MCSPADDEN (IANL) (UNKNOWN),Julie FLEMING (RISE) (UNKNOWN),Meghan GALLACHER (Con),skipped,skipped,,7
1915,Annette VALENTINE (SNP),Paul KELLY (Lab),Elaine MCSPADDEN (IANL) (UNKNOWN),Julie FLEMING (RISE) (UNKNOWN),Meghan GALLACHER (Con),skipped,skipped,,7
1916,Annette VALENTINE (SNP),Paul KELLY (Lab),Elaine MCSPADDEN (IANL) (UNKNOWN),Meghan GALLACHER (Con),Julie FLEMING (RISE) (UNKNOWN),skipped,skipped,,7
1917,Annette VALENTINE (SNP),Paul KELLY (Lab),Elaine MCSPADDEN (IANL) (UNKNOWN),Meghan GALLACHER (Con),Julie FLEMING (RISE) (UNKNOWN),skipped,skipped,,7
1918,Annette VALENTINE (SNP),Paul KELLY (Lab),Elaine MCSPADDEN (IANL) (UNKNOWN),Meghan GALLACHER (Con),Julie FLEMING (RISE) (UNKNOWN),skipped,skipped,,7
1919,Annette VALENTINE (SNP),Paul KELLY (Lab),Elaine MCSPADDEN (IANL) (UNKNOWN),Meghan GALLACHER (Con),Julie FLEMING (RISE) (UNKNOWN),skipped,skipped,,7
1920,Annette VALENTINE (SNP),Paul KELLY (Lab),Elaine MCSPADDEN (IANL) (UNKNOWN),Meghan GALLACHER (Con),Julie FLEMING (RISE) (UNKNOWN),skipped,skipped,,7
1921,Annette VALENTINE (SNP),Paul KELLY (Lab),Elaine MCSPADDEN (IANL) (UNKNOWN),Meghan GALLACHER (Con),Julie FLEMING (RISE) (UNKNOWN),skipped,skipped,,7
1922,Annette VALENTINE (SNP),Paul KELLY (Lab),Meghan GALLACHER (Con),Julie FLEMING (RISE) (UNKNOWN),Elaine MCSPADDEN (IANL) (UNKNOWN),skipped,skipped,,7
1923,Annette VALENTINE (SNP),Paul KELLY (Lab),Meghan GALLACHER (Con),Julie FLEMING (RISE) (UNKNOWN),Elaine MCSPADDEN (IANL) (UNKNOWN),skipped,skipped,,7
1924,Annette VALENTINE (SNP),Paul KELLY (Lab),Meghan GALLACHER (Con),Julie FLEMING (RISE) (UNKNOWN),Elaine MCSPADDEN (IANL) (UNKNOWN),skipped,skipped,,7
1925,Annette VALENTINE (SNP),Paul KELLY (Lab),Meghan GALLACHER (Con),Julie FLEMING (RISE) (UNKNOWN),Elaine MCSPADDEN (IANL) (UNKNOWN),skipped,skipped,,7
1926,Annette VALENTINE (SNP),Paul KELLY (Lab),Meghan GALLACHER (Con),Elaine MCSPADDEN (IANL) (UNKNOWN),Julie FLEMING (RISE) (UNKNOWN),skipped,skipped,,7
1927,Annette VALENTINE (SNP),Elaine MCSPADDEN (IANL) (UNKNOWN),Julie FLEMING (RISE) (UNKNOWN),Paul KELLY (Lab),Meghan GALLACHER (Con),skipped,skipped,,7
1928,Annette VALENTINE (SNP),Elaine MCSPADDEN (IANL) (UNKNOWN),Paul KELLY (Lab),Julie FLEMING (RISE) (UNKNOWN),skipped,skipped,skipped,,7
1929,Annette VALENTINE (SNP),Elaine MCSPADDEN (IANL) (UNKNOWN),Paul KELLY (Lab),Julie FLEMING (RISE) (UNKNOWN),Meghan GALLACHER (Con),skipped,skipped,,7
1930,Annette VALENTINE (SNP),Elaine MCSPADDEN (IANL) (UNKNOWN),Paul KELLY (Lab),Julie FLEMING (RISE) (UNKNOWN),Meghan GALLACHER (Con),skipped,skipped,,7
1931,Annette VALENTINE (SNP),Meghan GALLACHER (Con),skipped,skipped,skipped,skipped,skipped,,7
1932,Annette VALENTINE (SNP),Meghan GALLACHER (Con),skipped,skipped,skipped,skipped,skipped,,7
1933,Annette VALENTINE (SNP),Meghan GALLACHER (Con),skipped,skipped,skipped,skipped,skipped,,7
1934,Annette VALENTINE (SNP),Meghan GALLACHER (Con),skipped,skipped,skipped,skipped,skipped,,7
1935,Annette VALENTINE (SNP),Meghan GALLACHER (Con),skipped,skipped,skipped,skipped,skipped,,7
1936,Annette VALENTINE (SNP),Meghan GALLACHER (Con),skipped,skipped,skipped,skipped,skipped,,7
1937,Annette VALENTINE (SNP),Meghan GALLACHER (Con),skipped,skipped,skipped,skipped,skipped,,7
1938,Annette VALENTINE (SNP),Meghan GALLACHER (Con),skipped,skipped,skipped,skipped,skipped,,7
1939,Annette VALENTINE (SNP),Meghan GALLACHER (Con),skipped,skipped,skipped,skipped,skipped,,7
1940,Annette VALENTINE (SNP),Meghan GALLACHER (Con),skipped,skipped,skipped,skipped,skipped,,7
1941,Annette VALENTINE (SNP),Meghan GALLACHER (Con),skipped,skipped,skipped,skipped,skipped,,7
1942,Annette VALENTINE (SNP),Meghan GALLACHER (Con),skipped,skipped,skipped,skipped,skipped,,7
1943,Annette VALENTINE (SNP),Meghan GALLACHER (Con),skipped,skipped,skipped,skipped,skipped,,7
1944,Annette VALENTINE (SNP),Meghan GALLACHER (Con),skipped,skipped,skipped,skipped,skipped,,7
1945,Annette VALENTINE (SNP),Meghan GALLACHER (Con),skipped,skipped,skipped,skipped,skipped,,7
1946,Annette VALENTINE (SNP),Meghan GALLACHER (Con),Elaine MCSPADDEN (IANL) (UNKNOWN),skipped,skipped,skipped,skipped,,7
1947,Annette VALENTINE (SNP),Meghan GALLACHER (Con),Elaine MCSPADDEN (IANL) (UNKNOWN),Julie FLEMING (RISE) (UNKNOWN),skipped,skipped,skipped,,7
1948,Annette VALENTINE (SNP),Meghan GALLACHER (Con),Paul KELLY (Lab),skipped,skipped,skipped,skipped,,7
1949,Jamie SUPER (SNP),Meghan GALLACHER (Con),Paul KELLY (Lab),skipped,skipped,skipped,skipped,,7
1950,Jamie SUPER (SNP),Meghan GALLACHER (Con),Elaine MCSPADDEN (IANL) (UNKNOWN),skipped,skipped,skipped,skipped,,7
1951,Jamie SUPER (SNP),Meghan GALLACHER (Con),Michael Edward ROSS (Lab),skipped,skipped,skipped,skipped,,7
1952,Meghan GALLACHER (Con),Annette VALENTINE (SNP),skipped,skipped,skipped,skipped,skipped,,7
1953,Michael Edward ROSS (Lab),skipped,skipped,skipped,skipped,skipped,skipped,,7
1954,Michael Edward ROSS (Lab),skipped,skipped,skipped,skipped,skipped,skipped,,7
1955,Michael Edward ROSS (Lab),skipped,skipped,skipped,skipped,skipped,skipped,,7
1956,Michael Edward ROSS (Lab),skipped,skipped,skipped,skipped,skipped,skipped,,7
1957,Michael Edward ROSS (Lab),skipped,skipped,skipped,skipped,skipped,skipped,,7
1958,Michael Edward ROSS (Lab),skipped,skipped,skipped,skipped,skipped,skipped,,7
1959,Michael Edward ROSS (Lab),skipped,skipped,skipped,skipped,skipped,skipped,,7
1960,Michael Edward ROSS (Lab),skipped,skipped,skipped,skipped,skipped,skipped,,7
1961,Michael Edward ROSS (Lab),skipped,skipped,skipped,skipped,skipped,skipped,,7
1962,Michael Edward ROSS (Lab),skipped,skipped,skipped,skipped,skipped,skipped,,7
1963,Michael Edward ROSS (Lab),skipped,skipped,skipped,skipped,skipped,skipped,,7
1964,Michael Edward ROSS (Lab),skipped,skipped,skipped,skipped,skipped,skipped,,7
1965,Michael Edward ROSS (Lab),skipped,skipped,skipped,skipped,skipped,skipped,,7
1966,Michael Edward ROSS (Lab),skipped,skipped,skipped,skipped,skipped,skipped,,7
1967,Michael Edward ROSS (Lab),skipped,skipped,skipped,skipped,skipped,skipped,,7
1968,Michael Edward ROSS (Lab),skipped,skipped,skipped,skipped,skipped,skipped,,7
1969,Michael Edward ROSS (Lab),skipped,skipped,skipped,skipped,skipped,skipped,,7
1970,Michael Edward ROSS (Lab),skipped,skipped,skipped,skipped,skipped,skipped,,7
1971,Michael Edward ROSS (Lab),skipped,skipped,skipped,skipped,skipped,skipped,,7
1972,Michael Edward ROSS (Lab),skipped,skipped,skipped,skipped,skipped,skipped,,7
1973,Michael Edward ROSS (Lab),skipped,skipped,skipped,skipped,skipped,skipped,,7
1974,Michael Edward ROSS (Lab),skipped,skipped,skipped,skipped,skipped,skipped,,7
1975,Michael Edward ROSS (Lab),skipped,skipped,skipped,skipped,skipped,skipped,,7
1976,Michael Edward ROSS (Lab),skipped,skipped,skipped,skipped,skipped,skipped,,7
1977,Michael Edward ROSS (Lab),skipped,skipped,skipped,skipped,skipped,skipped,,7
1978,Michael Edward ROSS (Lab),skipped,skipped,skipped,skipped,skipped,skipped,,7
1979,Michael Edward ROSS (Lab),skipped,skipped,skipped,skipped,skipped,skipped,,7
1980,Michael Edward ROSS (Lab),skipped,skipped,skipped,skipped,skipped,skipped,,7
1981,Michael Edward ROSS (Lab),skipped,skipped,skipped,skipped,skipped,skipped,,7
1982,Michael Edward ROSS (Lab),skipped,skipped,skipped,skipped,skipped,skipped,,7
1983,Michael Edward ROSS (Lab),skipped,skipped,skipped,skipped,skipped,skipped,,7
1984,Michael Edward ROSS (Lab),skipped,skipped,skipped,skipped,skipped,skipped,,7
1985,Michael Edward ROSS (Lab),skipped,skipped,skipped,skipped,skipped,skipped,,7
1986,Michael Edward ROSS (Lab),skipped,skipped,skipped,skipped,skipped,skipped,,7
1987,Michael Edward ROSS (Lab),skipped,skipped,skipped,skipped,skipped,skipped,,7
1988,Michael Edward ROSS (Lab),skipped,skipped,skipped,skipped,skipped,skipped,,7
1989,Michael Edward ROSS (Lab),skipped,skipped,skipped,skipped,skipped,skipped,,7
1990,Michael Edward ROSS (Lab),skipped,skipped,skipped,skipped,skipped,skipped,,7
1991,Michael Edward ROSS (Lab),skipped,skipped,skipped,skipped,skipped,skipped,,7
1992,Michael Edward ROSS (Lab),skipped,skipped,skipped,skipped,skipped,skipped,,7
1993,Michael Edward ROSS (Lab),skipped,skipped,skipped,skipped,skipped,skipped,,7
1994,Michael Edward ROSS (Lab),skipped,skipped,skipped,skipped,skipped,skipped,,7
1995,Michael Edward ROSS (Lab),skipped,skipped,skipped,skipped,skipped,skipped,,7
1996,Michael Edward ROSS (Lab),skipped,skipped,skipped,skipped,skipped,skipped,,7
1997,Michael Edward ROSS (Lab),skipped,skipped,skipped,skipped,skipped,skipped,,7
1998,Michael Edward ROSS (Lab),skipped,skipped,skipped,skipped,skipped,skipped,,7
1999,Michael Edward ROSS (Lab),skipped,skipped,skipped,skipped,skipped,skipped,,7
2000,Michael Edward ROSS (Lab),skipped,skipped,skipped,skipped,skipped,skipped,,7
2001,Michael Edward ROSS (Lab),skipped,skipped,skipped,skipped,skipped,skipped,,7
2002,Michael Edward ROSS (Lab),skipped,skipped,skipped,skipped,skipped,skipped,,7
2003,Michael Edward ROSS (Lab),Julie FLEMING (RISE) (UNKNOWN),skipped,skipped,skipped,skipped,skipped,,7
2004,Julie FLEMING (RISE) (UNKNOWN),Paul KELLY (Lab),skipped,skipped,skipped,skipped,skipped,,7
2005,Julie FLEMING (RISE) (UNKNOWN),Paul KELLY (Lab),Elaine MCSPADDEN (IANL) (UNKNOWN),skipped,skipped,skipped,skipped,,7
2006,Julie FLEMING (RISE) (UNKNOWN),Paul KELLY (Lab),Jamie SUPER (SNP),skipped,skipped,skipped,skipped,,7
2007,Julie FLEMING (RISE) (UNKNOWN),Paul KELLY (Lab),Annette VALENTINE (SNP),skipped,skipped,skipped,skipped,,7
2008,Julie FLEMING (RISE) (UNKNOWN),Annette VALENTINE (SNP),Meghan GALLACHER (Con),Elaine MCSPADDEN (IANL) (UNKNOWN),Paul KELLY (Lab),skipped,skipped,,7
2009,Michael Edward ROSS (Lab),Julie FLEMING (RISE) (UNKNOWN),Annette VALENTINE (SNP),skipped,skipped,skipped,skipped,,7
2010,Julie FLEMING (RISE) (UNKNOWN),Annette VALENTINE (SNP),Paul KELLY (Lab),Elaine MCSPADDEN (IANL) (UNKNOWN),Meghan GALLACHER (Con),skipped,skipped,,7
2011,Paul KELLY (Lab),skipped,skipped,skipped,skipped,skipped,skipped,,7
2012,Paul KELLY (Lab),skipped,skipped,skipped,skipped,skipped,skipped,,7
2013,Paul KELLY (Lab),skipped,skipped,skipped,skipped,skipped,skipped,,7
2014,Paul KELLY (Lab),skipped,skipped,skipped,skipped,skipped,skipped,,7
2015,Paul KELLY (Lab),skipped,skipped,skipped,skipped,skipped,skipped,,7
2016,Paul KELLY (Lab),skipped,skipped,skipped,skipped,skipped,skipped,,7
2017,Paul KELLY (Lab),skipped,skipped,skipped,skipped,skipped,skipped,,7
2018,Paul KELLY (Lab),skipped,skipped,skipped,skipped,skipped,skipped,,7
2019,Paul KELLY (Lab),skipped,skipped,skipped,skipped,skipped,skipped,,7
2020,Paul KELLY (Lab),skipped,skipped,skipped,skipped,skipped,skipped,,7
2021,Paul KELLY (Lab),skipped,skipped,skipped,skipped,skipped,skipped,,7
2022,Paul KELLY (Lab),skipped,skipped,skipped,skipped,skipped,skipped,,7
2023,Paul KELLY (Lab),skipped,skipped,skipped,skipped,skipped,skipped,,7
2024,Paul KELLY (Lab),skipped,skipped,skipped,skipped,skipped,skipped,,7
2025,Paul KELLY (Lab),skipped,skipped,skipped,skipped,skipped,skipped,,7
2026,Paul KELLY (Lab),skipped,skipped,skipped,skipped,skipped,skipped,,7
2027,Paul KELLY (Lab),skipped,skipped,skipped,skipped,skipped,skipped,,7
2028,Paul KELLY (Lab),skipped,skipped,skipped,skipped,skipped,skipped,,7
2029,Paul KELLY (Lab),skipped,skipped,skipped,skipped,skipped,skipped,,7
2030,Paul KELLY (Lab),skipped,skipped,skipped,skipped,skipped,skipped,,7
2031,Paul KELLY (Lab),skipped,skipped,skipped,skipped,skipped,skipped,,7
2032,Paul KELLY (Lab),skipped,skipped,skipped,skipped,skipped,skipped,,7
2033,Paul KELLY (Lab),skipped,skipped,skipped,skipped,skipped,skipped,,7
2034,Paul KELLY (Lab),skipped,skipped,skipped,skipped,skipped,skipped,,7
2035,Paul KELLY (Lab),skipped,skipped,skipped,skipped,skipped,skipped,,7
2036,Paul KELLY (Lab),skipped,skipped,skipped,skipped,skipped,skipped,,7
2037,Paul KELLY (Lab),skipped,skipped,skipped,skipped,skipped,skipped,,7
2038,Paul KELLY (Lab),skipped,skipped,skipped,skipped,skipped,skipped,,7
2039,Paul KELLY (Lab),skipped,skipped,skipped,skipped,skipped,skipped,,7
2040,Paul KELLY (Lab),skipped,skipped,skipped,skipped,skipped,skipped,,7
2041,Paul KELLY (Lab),skipped,skipped,skipped,skipped,skipped,skipped,,7
2042,Paul KELLY (Lab),skipped,skipped,skipped,skipped,skipped,skipped,,7
2043,Paul KELLY (Lab),skipped,skipped,skipped,skipped,skipped,skipped,,7
2044,Paul KELLY (Lab),skipped,skipped,skipped,skipped,skipped,skipped,,7
2045,Paul KELLY (Lab),skipped,skipped,skipped,skipped,skipped,skipped,,7
2046,Paul KELLY (Lab),skipped,skipped,skipped,skipped,skipped,skipped,,7
2047,Paul KELLY (Lab),skipped,skipped,skipped,skipped,skipped,skipped,,7
2048,Paul KELLY (Lab),skipped,skipped,skipped,skipped,skipped,skipped,,7
2049,Paul KELLY (Lab),skipped,skipped,skipped,skipped,skipped,skipped,,7
2050,Paul KELLY (Lab),skipped,skipped,skipped,skipped,skipped,skipped,,7
2051,Paul KELLY (Lab),skipped,skipped,skipped,skipped,skipped,skipped,,7
2052,Paul KELLY (Lab),skipped,skipped,skipped,skipped,skipped,skipped,,7
2053,Paul KELLY (Lab),skipped,skipped,skipped,skipped,skipped,skipped,,7
2054,Paul KELLY (Lab),skipped,skipped,skipped,skipped,skipped,skipped,,7
2055,Paul KELLY (Lab),skipped,skipped,skipped,skipped,skipped,skipped,,7
2056,Paul KELLY (Lab),skipped,skipped,skipped,skipped,skipped,skipped,,7
2057,Paul KELLY (Lab),skipped,skipped,skipped,skipped,skipped,skipped,,7
2058,Paul KELLY (Lab),skipped,skipped,skipped,skipped,skipped,skipped,,7
2059,Paul KELLY (Lab),skipped,skipped,skipped,skipped,skipped,skipped,,7
2060,Paul KELLY (Lab),skipped,skipped,skipped,skipped,skipped,skipped,,7
2061,Paul KELLY (Lab),skipped,skipped,skipped,skipped,skipped,skipped,,7
2062,Paul KELLY (Lab),skipped,skipped,skipped,skipped,skipped,skipped,,7
2063,Paul KELLY (Lab),skipped,skipped,skipped,skipped,skipped,skipped,,7
2064,Paul KELLY (Lab),skipped,skipped,skipped,skipped,skipped,skipped,,7
2065,Paul KELLY (Lab),skipped,skipped,skipped,skipped,skipped,skipped,,7
2066,Paul KELLY (Lab),skipped,skipped,skipped,skipped,skipped,skipped,,7
2067,Paul KELLY (Lab),skipped,skipped,skipped,skipped,skipped,skipped,,7
2068,Paul KELLY (Lab),skipped,skipped,skipped,skipped,skipped,skipped,,7
2069,Paul KELLY (Lab),skipped,skipped,skipped,skipped,skipped,skipped,,7
2070,Paul KELLY (Lab),skipped,skipped,skipped,skipped,skipped,skipped,,7
2071,Paul KELLY (Lab),skipped,skipped,skipped,skipped,skipped,skipped,,7
2072,Paul KELLY (Lab),skipped,skipped,skipped,skipped,skipped,skipped,,7
2073,Paul KELLY (Lab),skipped,skipped,skipped,skipped,skipped,skipped,,7
2074,Paul KELLY (Lab),skipped,skipped,skipped,skipped,skipped,skipped,,7
2075,Paul KELLY (Lab),skipped,skipped,skipped,skipped,skipped,skipped,,7
2076,Paul KELLY (Lab),skipped,skipped,skipped,skipped,skipped,skipped,,7
2077,Paul KELLY (Lab),skipped,skipped,skipped,skipped,skipped,skipped,,7
2078,Paul KELLY (Lab),skipped,skipped,skipped,skipped,skipped,skipped,,7
2079,Paul KELLY (Lab),skipped,skipped,skipped,skipped,skipped,skipped,,7
2080,Paul KELLY (Lab),skipped,skipped,skipped,skipped,skipped,skipped,,7
2081,Paul KELLY (Lab),skipped,skipped,skipped,skipped,skipped,skipped,,7
2082,Paul KELLY (Lab),skipped,skipped,skipped,skipped,skipped,skipped,,7
2083,Paul KELLY (Lab),skipped,skipped,skipped,skipped,skipped,skipped,,7
2084,Paul KELLY (Lab),skipped,skipped,skipped,skipped,skipped,skipped,,7
2085,Paul KELLY (Lab),skipped,skipped,skipped,skipped,skipped,skipped,,7
2086,Paul KELLY (Lab),skipped,skipped,skipped,skipped,skipped,skipped,,7
2087,Paul KELLY (Lab),skipped,skipped,skipped,skipped,skipped,skipped,,7
2088,Paul KELLY (Lab),skipped,skipped,skipped,skipped,skipped,skipped,,7
2089,Paul KELLY (Lab),skipped,skipped,skipped,skipped,skipped,skipped,,7
2090,Paul KELLY (Lab),skipped,skipped,skipped,skipped,skipped,skipped,,7
2091,Paul KELLY (Lab),skipped,skipped,skipped,skipped,skipped,skipped,,7
2092,Paul KELLY (Lab),skipped,skipped,skipped,skipped,skipped,skipped,,7
2093,Paul KELLY (Lab),skipped,skipped,skipped,skipped,skipped,skipped,,7
2094,Paul KELLY (Lab),skipped,skipped,skipped,skipped,skipped,skipped,,7
2095,Paul KELLY (Lab),skipped,skipped,skipped,skipped,skipped,skipped,,7
2096,Paul KELLY (Lab),skipped,skipped,skipped,skipped,skipped,skipped,,7
2097,Paul KELLY (Lab),skipped,skipped,skipped,skipped,skipped,skipped,,7
2098,Paul KELLY (Lab),skipped,skipped,skipped,skipped,skipped,skipped,,7
2099,Paul KELLY (Lab),skipped,skipped,skipped,skipped,skipped,skipped,,7
2100,Paul KELLY (Lab),skipped,skipped,skipped,skipped,skipped,skipped,,7
2101,Paul KELLY (Lab),skipped,skipped,skipped,skipped,skipped,skipped,,7
2102,Paul KELLY (Lab),skipped,skipped,skipped,skipped,skipped,skipped,,7
2103,Paul KELLY (Lab),skipped,skipped,skipped,skipped,skipped,skipped,,7
2104,Paul KELLY (Lab),skipped,skipped,skipped,skipped,skipped,skipped,,7
2105,Paul KELLY (Lab),skipped,skipped,skipped,skipped,skipped,skipped,,7
2106,Paul KELLY (Lab),skipped,skipped,skipped,skipped,skipped,skipped,,7
2107,Paul KELLY (Lab),skipped,skipped,skipped,skipped,skipped,skipped,,7
2108,Paul KELLY (Lab),skipped,skipped,skipped,skipped,skipped,skipped,,7
2109,Paul KELLY (Lab),skipped,skipped,skipped,skipped,skipped,skipped,,7
2110,Paul KELLY (Lab),skipped,skipped,skipped,skipped,skipped,skipped,,7
2111,Paul KELLY (Lab),skipped,skipped,skipped,skipped,skipped,skipped,,7
2112,Paul KELLY (Lab),skipped,skipped,skipped,skipped,skipped,skipped,,7
2113,Paul KELLY (Lab),skipped,skipped,skipped,skipped,skipped,skipped,,7
2114,Paul KELLY (Lab),skipped,skipped,skipped,skipped,skipped,skipped,,7
2115,Paul KELLY (Lab),skipped,skipped,skipped,skipped,skipped,skipped,,7
2116,Paul KELLY (Lab),skipped,skipped,skipped,skipped,skipped,skipped,,7
2117,Paul KELLY (Lab),skipped,skipped,skipped,skipped,skipped,skipped,,7
2118,Paul KELLY (Lab),skipped,skipped,skipped,skipped,skipped,skipped,,7
2119,Paul KELLY (Lab),skipped,skipped,skipped,skipped,skipped,skipped,,7
2120,Paul KELLY (Lab),skipped,skipped,skipped,skipped,skipped,skipped,,7
2121,Paul KELLY (Lab),skipped,skipped,skipped,skipped,skipped,skipped,,7
2122,Paul KELLY (Lab),skipped,skipped,skipped,skipped,skipped,skipped,,7
2123,Paul KELLY (Lab),skipped,skipped,skipped,skipped,skipped,skipped,,7
2124,Paul KELLY (Lab),skipped,skipped,skipped,skipped,skipped,skipped,,7
2125,Paul KELLY (Lab),skipped,skipped,skipped,skipped,skipped,skipped,,7
2126,Paul KELLY (Lab),skipped,skipped,skipped,skipped,skipped,skipped,,7
2127,Paul KELLY (Lab),skipped,skipped,skipped,skipped,skipped,skipped,,7
2128,Paul KELLY (Lab),skipped,skipped,skipped,skipped,skipped,skipped,,7
2129,Paul KELLY (Lab),skipped,skipped,skipped,skipped,skipped,skipped,,7
2130,Paul KELLY (Lab),skipped,skipped,skipped,skipped,skipped,skipped,,7
2131,Paul KELLY (Lab),skipped,skipped,skipped,skipped,skipped,skipped,,7
2132,Paul KELLY (Lab),skipped,skipped,skipped,skipped,skipped,skipped,,7
2133,Paul KELLY (Lab),skipped,skipped,skipped,skipped,skipped,skipped,,7
2134,Paul KELLY (Lab),skipped,skipped,skipped,skipped,skipped,skipped,,7
2135,Paul KELLY (Lab),skipped,skipped,skipped,skipped,skipped,skipped,,7
2136,Paul KELLY (Lab),skipped,skipped,skipped,skipped,skipped,skipped,,7
2137,Paul KELLY (Lab),skipped,skipped,skipped,skipped,skipped,skipped,,7
2138,Paul KELLY (Lab),skipped,skipped,skipped,skipped,skipped,skipped,,7
2139,Paul KELLY (Lab),skipped,skipped,skipped,skipped,skipped,skipped,,7
2140,Paul KELLY (Lab),skipped,skipped,skipped,skipped,skipped,skipped,,7
2141,Paul KELLY (Lab),skipped,skipped,skipped,skipped,skipped,skipped,,7
2142,Paul KELLY (Lab),skipped,skipped,skipped,skipped,skipped,skipped,,7
2143,Paul KELLY (Lab),skipped,skipped,skipped,skipped,skipped,skipped,,7
2144,Paul KELLY (Lab),skipped,skipped,skipped,skipped,skipped,skipped,,7
2145,Paul KELLY (Lab),skipped,skipped,skipped,skipped,skipped,skipped,,7
2146,Paul KELLY (Lab),skipped,skipped,skipped,skipped,skipped,skipped,,7
2147,Paul KELLY (Lab),skipped,skipped,skipped,skipped,skipped,skipped,,7
2148,Paul KELLY (Lab),skipped,skipped,skipped,skipped,skipped,skipped,,7
2149,Paul KELLY (Lab),skipped,skipped,skipped,skipped,skipped,skipped,,7
2150,Paul KELLY (Lab),skipped,skipped,skipped,skipped,skipped,skipped,,7
2151,Paul KELLY (Lab),skipped,skipped,skipped,skipped,skipped,skipped,,7
2152,Paul KELLY (Lab),skipped,skipped,skipped,skipped,skipped,skipped,,7
2153,Paul KELLY (Lab),skipped,skipped,skipped,skipped,skipped,skipped,,7
2154,Paul KELLY (Lab),skipped,skipped,skipped,skipped,skipped,skipped,,7
2155,Paul KELLY (Lab),skipped,skipped,skipped,skipped,skipped,skipped,,7
2156,Paul KELLY (Lab),skipped,skipped,skipped,skipped,skipped,skipped,,7
2157,Paul KELLY (Lab),skipped,skipped,skipped,skipped,skipped,skipped,,7
2158,Paul KELLY (Lab),skipped,skipped,skipped,skipped,skipped,skipped,,7
2159,Paul KELLY (Lab),skipped,skipped,skipped,skipped,skipped,skipped,,7
2160,Paul KELLY (Lab),skipped,skipped,skipped,skipped,skipped,skipped,,7
2161,Paul KELLY (Lab),skipped,skipped,skipped,skipped,skipped,skipped,,7
2162,Paul KELLY (Lab),skipped,skipped,skipped,skipped,skipped,skipped,,7
2163,Paul KELLY (Lab),skipped,skipped,skipped,skipped,skipped,skipped,,7
2164,Paul KELLY (Lab),skipped,skipped,skipped,skipped,skipped,skipped,,7
2165,Paul KELLY (Lab),skipped,skipped,skipped,skipped,skipped,skipped,,7
2166,Paul KELLY (Lab),skipped,skipped,skipped,skipped,skipped,skipped,,7
2167,Paul KELLY (Lab),skipped,skipped,skipped,skipped,skipped,skipped,,7
2168,Paul KELLY (Lab),skipped,skipped,skipped,skipped,skipped,skipped,,7
2169,Paul KELLY (Lab),skipped,skipped,skipped,skipped,skipped,skipped,,7
2170,Paul KELLY (Lab),skipped,skipped,skipped,skipped,skipped,skipped,,7
2171,Paul KELLY (Lab),skipped,skipped,skipped,skipped,skipped,skipped,,7
2172,Paul KELLY (Lab),skipped,skipped,skipped,skipped,skipped,skipped,,7
2173,Paul KELLY (Lab),skipped,skipped,skipped,skipped,skipped,skipped,,7
2174,Paul KELLY (Lab),skipped,skipped,skipped,skipped,skipped,skipped,,7
2175,Paul KELLY (Lab),skipped,skipped,skipped,skipped,skipped,skipped,,7
2176,Paul KELLY (Lab),skipped,skipped,skipped,skipped,skipped,skipped,,7
2177,Paul KELLY (Lab),skipped,skipped,skipped,skipped,skipped,skipped,,7
2178,Paul KELLY (Lab),skipped,skipped,skipped,skipped,skipped,skipped,,7
2179,Paul KELLY (Lab),skipped,skipped,skipped,skipped,skipped,skipped,,7
2180,Paul KELLY (Lab),skipped,skipped,skipped,skipped,skipped,skipped,,7
2181,Paul KELLY (Lab),skipped,skipped,skipped,skipped,skipped,skipped,,7
2182,Paul KELLY (Lab),skipped,skipped,skipped,skipped,skipped,skipped,,7
2183,Paul KELLY (Lab),skipped,skipped,skipped,skipped,skipped,skipped,,7
2184,Paul KELLY (Lab),skipped,skipped,skipped,skipped,skipped,skipped,,7
2185,Paul KELLY (Lab),skipped,skipped,skipped,skipped,skipped,skipped,,7
2186,Paul KELLY (Lab),skipped,skipped,skipped,skipped,skipped,skipped,,7
2187,Paul KELLY (Lab),skipped,skipped,skipped,skipped,skipped,skipped,,7
2188,Paul KELLY (Lab),skipped,skipped,skipped,skipped,skipped,skipped,,7
2189,Paul KELLY (Lab),skipped,skipped,skipped,skipped,skipped,skipped,,7
2190,Paul KELLY (Lab),skipped,skipped,skipped,skipped,skipped,skipped,,7
2191,Paul KELLY (Lab),skipped,skipped,skipped,skipped,skipped,skipped,,7
2192,Paul KELLY (Lab),skipped,skipped,skipped,skipped,skipped,skipped,,7
2193,Paul KELLY (Lab),skipped,skipped,skipped,skipped,skipped,skipped,,7
2194,Paul KELLY (Lab),skipped,skipped,skipped,skipped,skipped,skipped,,7
2195,Paul KELLY (Lab),skipped,skipped,skipped,skipped,skipped,skipped,,7
2196,Paul KELLY (Lab),skipped,skipped,skipped,skipped,skipped,skipped,,7
2197,Paul KELLY (Lab),skipped,skipped,skipped,skipped,skipped,skipped,,7
2198,Paul KELLY (Lab),skipped,skipped,skipped,skipped,skipped,skipped,,7
2199,Paul KELLY (Lab),skipped,skipped,skipped,skipped,skipped,skipped,,7
2200,Paul KELLY (Lab),skipped,skipped,skipped,skipped,skipped,skipped,,7
2201,Paul KELLY (Lab),skipped,skipped,skipped,skipped,skipped,skipped,,7
2202,Paul KELLY (Lab),skipped,skipped,skipped,skipped,skipped,skipped,,7
2203,Paul KELLY (Lab),skipped,skipped,skipped,skipped,skipped,skipped,,7
2204,Paul KELLY (Lab),skipped,skipped,skipped,skipped,skipped,skipped,,7
2205,Paul KELLY (Lab),skipped,skipped,skipped,skipped,skipped,skipped,,7
2206,Paul KELLY (Lab),skipped,skipped,skipped,skipped,skipped,skipped,,7
2207,Paul KELLY (Lab),skipped,skipped,skipped,skipped,skipped,skipped,,7
2208,Paul KELLY (Lab),skipped,skipped,skipped,skipped,skipped,skipped,,7
2209,Paul KELLY (Lab),skipped,skipped,skipped,skipped,skipped,skipped,,7
2210,Paul KELLY (Lab),skipped,skipped,skipped,skipped,skipped,skipped,,7
2211,Paul KELLY (Lab),skipped,skipped,skipped,skipped,skipped,skipped,,7
2212,Paul KELLY (Lab),skipped,skipped,skipped,skipped,skipped,skipped,,7
2213,Paul KELLY (Lab),skipped,skipped,skipped,skipped,skipped,skipped,,7
2214,Paul KELLY (Lab),skipped,skipped,skipped,skipped,skipped,skipped,,7
2215,Paul KELLY (Lab),skipped,skipped,skipped,skipped,skipped,skipped,,7
2216,Paul KELLY (Lab),skipped,skipped,skipped,skipped,skipped,skipped,,7
2217,Paul KELLY (Lab),skipped,skipped,skipped,skipped,skipped,skipped,,7
2218,Paul KELLY (Lab),skipped,skipped,skipped,skipped,skipped,skipped,,7
2219,Paul KELLY (Lab),skipped,skipped,skipped,skipped,skipped,skipped,,7
2220,Paul KELLY (Lab),skipped,skipped,skipped,skipped,skipped,skipped,,7
2221,Paul KELLY (Lab),skipped,skipped,skipped,skipped,skipped,skipped,,7
2222,Paul KELLY (Lab),skipped,skipped,skipped,skipped,skipped,skipped,,7
2223,Paul KELLY (Lab),skipped,skipped,skipped,skipped,skipped,skipped,,7
2224,Paul KELLY (Lab),skipped,skipped,skipped,skipped,skipped,skipped,,7
2225,Paul KELLY (Lab),skipped,skipped,skipped,skipped,skipped,skipped,,7
2226,Paul KELLY (Lab),skipped,skipped,skipped,skipped,skipped,skipped,,7
2227,Paul KELLY (Lab),skipped,skipped,skipped,skipped,skipped,skipped,,7
2228,Paul KELLY (Lab),skipped,skipped,skipped,skipped,skipped,skipped,,7
2229,Paul KELLY (Lab),skipped,skipped,skipped,skipped,skipped,skipped,,7
2230,Paul KELLY (Lab),skipped,skipped,skipped,skipped,skipped,skipped,,7
2231,Paul KELLY (Lab),skipped,skipped,skipped,skipped,skipped,skipped,,7
2232,Paul KELLY (Lab),skipped,skipped,skipped,skipped,skipped,skipped,,7
2233,Paul KELLY (Lab),skipped,skipped,skipped,skipped,skipped,skipped,,7
2234,Paul KELLY (Lab),skipped,skipped,skipped,skipped,skipped,skipped,,7
2235,Paul KELLY (Lab),skipped,skipped,skipped,skipped,skipped,skipped,,7
2236,Paul KELLY (Lab),skipped,skipped,skipped,skipped,skipped,skipped,,7
2237,Paul KELLY (Lab),skipped,skipped,skipped,skipped,skipped,skipped,,7
2238,Paul KELLY (Lab),skipped,skipped,skipped,skipped,skipped,skipped,,7
2239,Paul KELLY (Lab),skipped,skipped,skipped,skipped,skipped,skipped,,7
2240,Paul KELLY (Lab),skipped,skipped,skipped,skipped,skipped,skipped,,7
2241,Paul KELLY (Lab),skipped,skipped,skipped,skipped,skipped,skipped,,7
2242,Paul KELLY (Lab),skipped,skipped,skipped,skipped,skipped,skipped,,7
2243,Paul KELLY (Lab),skipped,skipped,skipped,skipped,skipped,skipped,,7
2244,Paul KELLY (Lab),skipped,skipped,skipped,skipped,skipped,skipped,,7
2245,Paul KELLY (Lab),skipped,skipped,skipped,skipped,skipped,skipped,,7
2246,Paul KELLY (Lab),skipped,skipped,skipped,skipped,skipped,skipped,,7
2247,Paul KELLY (Lab),skipped,skipped,skipped,skipped,skipped,skipped,,7
2248,Paul KELLY (Lab),Julie FLEMING (RISE) (UNKNOWN),skipped,skipped,skipped,skipped,skipped,,7
2249,Paul KELLY (Lab),Julie FLEMING (RISE) (UNKNOWN),skipped,skipped,skipped,skipped,skipped,,7
2250,Paul KELLY (Lab),Julie FLEMING (RISE) (UNKNOWN),skipped,skipped,skipped,skipped,skipped,,7
2251,Paul KELLY (Lab),Julie FLEMING (RISE) (UNKNOWN),skipped,skipped,skipped,skipped,skipped,,7
2252,Paul KELLY (Lab),Julie FLEMING (RISE) (UNKNOWN),skipped,skipped,skipped,skipped,skipped,,7
2253,Paul KELLY (Lab),Julie FLEMING (RISE) (UNKNOWN),skipped,skipped,skipped,skipped,skipped,,7
2254,Paul KELLY (Lab),Julie FLEMING (RISE) (UNKNOWN),skipped,skipped,skipped,skipped,skipped,,7
2255,Paul KELLY (Lab),Julie FLEMING (RISE) (UNKNOWN),skipped,skipped,skipped,skipped,skipped,,7
2256,Paul KELLY (Lab),Julie FLEMING (RISE) (UNKNOWN),skipped,skipped,skipped,skipped,skipped,,7
2257,Paul KELLY (Lab),Julie FLEMING (RISE) (UNKNOWN),skipped,skipped,skipped,skipped,skipped,,7
2258,Paul KELLY (Lab),Julie FLEMING (RISE) (UNKNOWN),skipped,skipped,skipped,skipped,skipped,,7
2259,Paul KELLY (Lab),Julie FLEMING (RISE) (UNKNOWN),skipped,skipped,skipped,skipped,skipped,,7
2260,Paul KELLY (Lab),Julie FLEMING (RISE) (UNKNOWN),skipped,skipped,skipped,skipped,skipped,,7
2261,Paul KELLY (Lab),Julie FLEMING (RISE) (UNKNOWN),skipped,skipped,skipped,skipped,skipped,,7
2262,Paul KELLY (Lab),Julie FLEMING (RISE) (UNKNOWN),skipped,skipped,skipped,skipped,skipped,,7
2263,Paul KELLY (Lab),Julie FLEMING (RISE) (UNKNOWN),skipped,skipped,skipped,skipped,skipped,,7
2264,Paul KELLY (Lab),Julie FLEMING (RISE) (UNKNOWN),skipped,skipped,skipped,skipped,skipped,,7
2265,Paul KELLY (Lab),Julie FLEMING (RISE) (UNKNOWN),skipped,skipped,skipped,skipped,skipped,,7
2266,Paul KELLY (Lab),Julie FLEMING (RISE) (UNKNOWN),skipped,skipped,skipped,skipped,skipped,,7
2267,Paul KELLY (Lab),Julie FLEMING (RISE) (UNKNOWN),skipped,skipped,skipped,skipped,skipped,,7
2268,Paul KELLY (Lab),Julie FLEMING (RISE) (UNKNOWN),skipped,skipped,skipped,skipped,skipped,,7
2269,Paul KELLY (Lab),Julie FLEMING (RISE) (UNKNOWN),skipped,skipped,skipped,skipped,skipped,,7
2270,Paul KELLY (Lab),Julie FLEMING (RISE) (UNKNOWN),skipped,skipped,skipped,skipped,skipped,,7
2271,Paul KELLY (Lab),Julie FLEMING (RISE) (UNKNOWN),skipped,skipped,skipped,skipped,skipped,,7
2272,Paul KELLY (Lab),Julie FLEMING (RISE) (UNKNOWN),skipped,skipped,skipped,skipped,skipped,,7
2273,Paul KELLY (Lab),Julie FLEMING (RISE) (UNKNOWN),skipped,skipped,skipped,skipped,skipped,,7
2274,Paul KELLY (Lab),Julie FLEMING (RISE) (UNKNOWN),skipped,skipped,skipped,skipped,skipped,,7
2275,Paul KELLY (Lab),Julie FLEMING (RISE) (UNKNOWN),skipped,skipped,skipped,skipped,skipped,,7
2276,Paul KELLY (Lab),Julie FLEMING (RISE) (UNKNOWN),skipped,skipped,skipped,skipped,skipped,,7
2277,Paul KELLY (Lab),Julie FLEMING (RISE) (UNKNOWN),skipped,skipped,skipped,skipped,skipped,,7
2278,Paul KELLY (Lab),Julie FLEMING (RISE) (UNKNOWN),Elaine MCSPADDEN (IANL) (UNKNOWN),skipped,skipped,skipped,skipped,,7
2279,Paul KELLY (Lab),Julie FLEMING (RISE) (UNKNOWN),Elaine MCSPADDEN (IANL) (UNKNOWN),skipped,skipped,skipped,skipped,,7
2280,Paul KELLY (Lab),Julie FLEMING (RISE) (UNKNOWN),Elaine MCSPADDEN (IANL) (UNKNOWN),Annette VALENTINE (SNP),Meghan GALLACHER (Con),skipped,skipped,,7
2281,Paul KELLY (Lab),Julie FLEMING (RISE) (UNKNOWN),Elaine MCSPADDEN (IANL) (UNKNOWN),Annette VALENTINE (SNP),Meghan GALLACHER (Con),skipped,skipped,,7
2282,Paul KELLY (Lab),Julie FLEMING (RISE) (UNKNOWN),Elaine MCSPADDEN (IANL) (UNKNOWN),Annette VALENTINE (SNP),Meghan GALLACHER (Con),skipped,skipped,,7
2283,Paul KELLY (Lab),Julie FLEMING (RISE) (UNKNOWN),Elaine MCSPADDEN (IANL) (UNKNOWN),Annette VALENTINE (SNP),Meghan GALLACHER (Con),skipped,skipped,,7
2284,Paul KELLY (Lab),Julie FLEMING (RISE) (UNKNOWN),Elaine MCSPADDEN (IANL) (UNKNOWN),Annette VALENTINE (SNP),Meghan GALLACHER (Con),skipped,skipped,,7
2285,Paul KELLY (Lab),Julie FLEMING (RISE) (UNKNOWN),Elaine MCSPADDEN (IANL) (UNKNOWN),Meghan GALLACHER (Con),Annette VALENTINE (SNP),skipped,skipped,,7
2286,Paul KELLY (Lab),Julie FLEMING (RISE) (UNKNOWN),Elaine MCSPADDEN (IANL) (UNKNOWN),Meghan GALLACHER (Con),Annette VALENTINE (SNP),skipped,skipped,,7
2287,Paul KELLY (Lab),Julie FLEMING (RISE) (UNKNOWN),Elaine MCSPADDEN (IANL) (UNKNOWN),Meghan GALLACHER (Con),Annette VALENTINE (SNP),skipped,skipped,,7
2288,Paul KELLY (Lab),Julie FLEMING (RISE) (UNKNOWN),Elaine MCSPADDEN (IANL) (UNKNOWN),Meghan GALLACHER (Con),Annette VALENTINE (SNP),skipped,skipped,,7
2289,Paul KELLY (Lab),Julie FLEMING (RISE) (UNKNOWN),Annette VALENTINE (SNP),skipped,skipped,skipped,skipped,,7
2290,Paul KELLY (Lab),Julie FLEMING (RISE) (UNKNOWN),Annette VALENTINE (SNP),skipped,skipped,skipped,skipped,,7
2291,Paul KELLY (Lab),Julie FLEMING (RISE) (UNKNOWN),Annette VALENTINE (SNP),Elaine MCSPADDEN (IANL) (UNKNOWN),Meghan GALLACHER (Con),skipped,skipped,,7
2292,Paul KELLY (Lab),Julie FLEMING (RISE) (UNKNOWN),Annette VALENTINE (SNP),Elaine MCSPADDEN (IANL) (UNKNOWN),Meghan GALLACHER (Con),skipped,skipped,,7
2293,Paul KELLY (Lab),Julie FLEMING (RISE) (UNKNOWN),Annette VALENTINE (SNP),Meghan GALLACHER (Con),skipped,skipped,skipped,,7
2294,Paul KELLY (Lab),Julie FLEMING (RISE) (UNKNOWN),Annette VALENTINE (SNP),Elaine MCSPADDEN (IANL) (UNKNOWN),Meghan GALLACHER (Con),skipped,skipped,,7
2295,Paul KELLY (Lab),Julie FLEMING (RISE) (UNKNOWN),Annette VALENTINE (SNP),Elaine MCSPADDEN (IANL) (UNKNOWN),skipped,skipped,skipped,,7
2296,Paul KELLY (Lab),Julie FLEMING (RISE) (UNKNOWN),Annette VALENTINE (SNP),Elaine MCSPADDEN (IANL) (UNKNOWN),Meghan GALLACHER (Con),skipped,skipped,,7
2297,Paul KELLY (Lab),Julie FLEMING (RISE) (UNKNOWN),Annette VALENTINE (SNP),Elaine MCSPADDEN (IANL) (UNKNOWN),Meghan GALLACHER (Con),skipped,skipped,,7
2298,Paul KELLY (Lab),Julie FLEMING (RISE) (UNKNOWN),Meghan GALLACHER (Con),Elaine MCSPADDEN (IANL) (UNKNOWN),Annette VALENTINE (SNP),skipped,skipped,,7
2299,Paul KELLY (Lab),Elaine MCSPADDEN (IANL) (UNKNOWN),skipped,skipped,skipped,skipped,skipped,,7
2300,Paul KELLY (Lab),Elaine MCSPADDEN (IANL) (UNKNOWN),skipped,skipped,skipped,skipped,skipped,,7
2301,Paul KELLY (Lab),Elaine MCSPADDEN (IANL) (UNKNOWN),skipped,skipped,skipped,skipped,skipped,,7
2302,Paul KELLY (Lab),Elaine MCSPADDEN (IANL) (UNKNOWN),skipped,skipped,skipped,skipped,skipped,,7
2303,Paul KELLY (Lab),Elaine MCSPADDEN (IANL) (UNKNOWN),skipped,skipped,skipped,skipped,skipped,,7
2304,Paul KELLY (Lab),Elaine MCSPADDEN (IANL) (UNKNOWN),skipped,skipped,skipped,skipped,skipped,,7
2305,Paul KELLY (Lab),Elaine MCSPADDEN (IANL) (UNKNOWN),skipped,skipped,skipped,skipped,skipped,,7
2306,Paul KELLY (Lab),Elaine MCSPADDEN (IANL) (UNKNOWN),skipped,skipped,skipped,skipped,skipped,,7
2307,Paul KELLY (Lab),Elaine MCSPADDEN (IANL) (UNKNOWN),skipped,skipped,skipped,skipped,skipped,,7
2308,Paul KELLY (Lab),Elaine MCSPADDEN (IANL) (UNKNOWN),skipped,skipped,skipped,skipped,skipped,,7
2309,Paul KELLY (Lab),Elaine MCSPADDEN (IANL) (UNKNOWN),skipped,skipped,skipped,skipped,skipped,,7
2310,Paul KELLY (Lab),Elaine MCSPADDEN (IANL) (UNKNOWN),skipped,skipped,skipped,skipped,skipped,,7
2311,Paul KELLY (Lab),Elaine MCSPADDEN (IANL) (UNKNOWN),skipped,skipped,skipped,skipped,skipped,,7
2312,Paul KELLY (Lab),Elaine MCSPADDEN (IANL) (UNKNOWN),skipped,skipped,skipped,skipped,skipped,,7
2313,Paul KELLY (Lab),Elaine MCSPADDEN (IANL) (UNKNOWN),skipped,skipped,skipped,skipped,skipped,,7
2314,Paul KELLY (Lab),Elaine MCSPADDEN (IANL) (UNKNOWN),skipped,skipped,skipped,skipped,skipped,,7
2315,Paul KELLY (Lab),Elaine MCSPADDEN (IANL) (UNKNOWN),Julie FLEMING (RISE) (UNKNOWN),skipped,skipped,skipped,skipped,,7
2316,Paul KELLY (Lab),Elaine MCSPADDEN (IANL) (UNKNOWN),Julie FLEMING (RISE) (UNKNOWN),skipped,skipped,skipped,skipped,,7
2317,Paul KELLY (Lab),Elaine MCSPADDEN (IANL) (UNKNOWN),Julie FLEMING (RISE) (UNKNOWN),Annette VALENTINE (SNP),Meghan GALLACHER (Con),skipped,skipped,,7
2318,Paul KELLY (Lab),Elaine MCSPADDEN (IANL) (UNKNOWN),Julie FLEMING (RISE) (UNKNOWN),Meghan GALLACHER (Con),Annette VALENTINE (SNP),skipped,skipped,,7
2319,Paul KELLY (Lab),Elaine MCSPADDEN (IANL) (UNKNOWN),Julie FLEMING (RISE) (UNKNOWN),Meghan GALLACHER (Con),Annette VALENTINE (SNP),skipped,skipped,,7
2320,Paul KELLY (Lab),Elaine MCSPADDEN (IANL) (UNKNOWN),Annette VALENTINE (SNP),Julie FLEMING (RISE) (UNKNOWN),Meghan GALLACHER (Con),skipped,skipped,,7
2321,Paul KELLY (Lab),Elaine MCSPADDEN (IANL) (UNKNOWN),Annette VALENTINE (SNP),Julie FLEMING (RISE) (UNKNOWN),Meghan GALLACHER (Con),skipped,skipped,,7
2322,Paul KELLY (Lab),Elaine MCSPADDEN (IANL) (UNKNOWN),Meghan GALLACHER (Con),Annette VALENTINE (SNP),Julie FLEMING (RISE) (UNKNOWN),skipped,skipped,,7
2323,Paul KELLY (Lab),Jamie SUPER (SNP),skipped,skipped,skipped,skipped,skipped,,7
2324,Paul KELLY (Lab),Jamie SUPER (SNP),skipped,skipped,skipped,skipped,skipped,,7
2325,Paul KELLY (Lab),Jamie SUPER (SNP),skipped,skipped,skipped,skipped,skipped,,7
2326,Paul KELLY (Lab),Jamie SUPER (SNP),skipped,skipped,skipped,skipped,skipped,,7
2327,Paul KELLY (Lab),Jamie SUPER (SNP),skipped,skipped,skipped,skipped,skipped,,7
2328,Paul KELLY (Lab),Jamie SUPER (SNP),skipped,skipped,skipped,skipped,skipped,,7
2329,Paul KELLY (Lab),Elaine MCSPADDEN (IANL) (UNKNOWN),Annette VALENTINE (SNP),Julie FLEMING (RISE) (UNKNOWN),Meghan GALLACHER (Con),skipped,skipped,,7
2330,Paul KELLY (Lab),Annette VALENTINE (SNP),skipped,skipped,skipped,skipped,skipped,,7
2331,Paul KELLY (Lab),Annette VALENTINE (SNP),skipped,skipped,skipped,skipped,skipped,,7
2332,Paul KELLY (Lab),Annette VALENTINE (SNP),skipped,skipped,skipped,skipped,skipped,,7
2333,Paul KELLY (Lab),Annette VALENTINE (SNP),skipped,skipped,skipped,skipped,skipped,,7
2334,Paul KELLY (Lab),Annette VALENTINE (SNP),Julie FLEMING (RISE) (UNKNOWN),skipped,skipped,skipped,skipped,,7
2335,Paul KELLY (Lab),Annette VALENTINE (SNP),Julie FLEMING (RISE) (UNKNOWN),Elaine MCSPADDEN (IANL) (UNKNOWN),Meghan GALLACHER (Con),skipped,skipped,,7
2336,Paul KELLY (Lab),Annette VALENTINE (SNP),Julie FLEMING (RISE) (UNKNOWN),Elaine MCSPADDEN (IANL) (UNKNOWN),Meghan GALLACHER (Con),skipped,skipped,,7
2337,Paul KELLY (Lab),Annette VALENTINE (SNP),Julie FLEMING (RISE) (UNKNOWN),Elaine MCSPADDEN (IANL) (UNKNOWN),Meghan GALLACHER (Con),skipped,skipped,,7
2338,Paul KELLY (Lab),Annette VALENTINE (SNP),Julie FLEMING (RISE) (UNKNOWN),Meghan GALLACHER (Con),Elaine MCSPADDEN (IANL) (UNKNOWN),skipped,skipped,,7
2339,Paul KELLY (Lab),Annette VALENTINE (SNP),Julie FLEMING (RISE) (UNKNOWN),Meghan GALLACHER (Con),Elaine MCSPADDEN (IANL) (UNKNOWN),skipped,skipped,,7
2340,Paul KELLY (Lab),Annette VALENTINE (SNP),Elaine MCSPADDEN (IANL) (UNKNOWN),Julie FLEMING (RISE) (UNKNOWN),Meghan GALLACHER (Con),skipped,skipped,,7
2341,Paul KELLY (Lab),Annette VALENTINE (SNP),Elaine MCSPADDEN (IANL) (UNKNOWN),Meghan GALLACHER (Con),Julie FLEMING (RISE) (UNKNOWN),skipped,skipped,,7
2342,Paul KELLY (Lab),Annette VALENTINE (SNP),Elaine MCSPADDEN (IANL) (UNKNOWN),Meghan GALLACHER (Con),Julie FLEMING (RISE) (UNKNOWN),skipped,skipped,,7
2343,Paul KELLY (Lab),Annette VALENTINE (SNP),Elaine MCSPADDEN (IANL) (UNKNOWN),Meghan GALLACHER (Con),Julie FLEMING (RISE) (UNKNOWN),skipped,skipped,,7
2344,Paul KELLY (Lab),Annette VALENTINE (SNP),Meghan GALLACHER (Con),Julie FLEMING (RISE) (UNKNOWN),Elaine MCSPADDEN (IANL) (UNKNOWN),skipped,skipped,,7
2345,Paul KELLY (Lab),Annette VALENTINE (SNP),Meghan GALLACHER (Con),Julie FLEMING (RISE) (UNKNOWN),Elaine MCSPADDEN (IANL) (UNKNOWN),skipped,skipped,,7
2346,Paul KELLY (Lab),Annette VALENTINE (SNP),skipped,skipped,skipped,skipped,skipped,,7
2347,Paul KELLY (Lab),Annette VALENTINE (SNP),skipped,skipped,skipped,skipped,skipped,,7
2348,Paul KELLY (Lab),Annette VALENTINE (SNP),skipped,skipped,skipped,skipped,skipped,,7
2349,Paul KELLY (Lab),Annette VALENTINE (SNP),skipped,skipped,skipped,skipped,skipped,,7
2350,Paul KELLY (Lab),Annette VALENTINE (SNP),skipped,skipped,skipped,skipped,skipped,,7
2351,Paul KELLY (Lab),Annette VALENTINE (SNP),skipped,skipped,skipped,skipped,skipped,,7
2352,Paul KELLY (Lab),Annette VALENTINE (SNP),skipped,skipped,skipped,skipped,skipped,,7
2353,Paul KELLY (Lab),Annette VALENTINE (SNP),skipped,skipped,skipped,skipped,skipped,,7
2354,Paul KELLY (Lab),Annette VALENTINE (SNP),skipped,skipped,skipped,skipped,skipped,,7
2355,Paul KELLY (Lab),Annette VALENTINE (SNP),skipped,skipped,skipped,skipped,skipped,,7
2356,Paul KELLY (Lab),Annette VALENTINE (SNP),skipped,skipped,skipped,skipped,skipped,,7
2357,Paul KELLY (Lab),Annette VALENTINE (SNP),skipped,skipped,skipped,skipped,skipped,,7
2358,Paul KELLY (Lab),Annette VALENTINE (SNP),skipped,skipped,skipped,skipped,skipped,,7
2359,Paul KELLY (Lab),Annette VALENTINE (SNP),skipped,skipped,skipped,skipped,skipped,,7
2360,Paul KELLY (Lab),Annette VALENTINE (SNP),skipped,skipped,skipped,skipped,skipped,,7
2361,Paul KELLY (Lab),Annette VALENTINE (SNP),skipped,skipped,skipped,skipped,skipped,,7
2362,Paul KELLY (Lab),Annette VALENTINE (SNP),skipped,skipped,skipped,skipped,skipped,,7
2363,Paul KELLY (Lab),Annette VALENTINE (SNP),skipped,skipped,skipped,skipped,skipped,,7
2364,Paul KELLY (Lab),Annette VALENTINE (SNP),skipped,skipped,skipped,skipped,skipped,,7
2365,Paul KELLY (Lab),Annette VALENTINE (SNP),skipped,skipped,skipped,skipped,skipped,,7
2366,Paul KELLY (Lab),Annette VALENTINE (SNP),Elaine MCSPADDEN (IANL) (UNKNOWN),skipped,skipped,skipped,skipped,,7
2367,Paul KELLY (Lab),Annette VALENTINE (SNP),Elaine MCSPADDEN (IANL) (UNKNOWN),skipped,skipped,skipped,skipped,,7
2368,Paul KELLY (Lab),Annette VALENTINE (SNP),skipped,skipped,skipped,skipped,skipped,,7
2369,Paul KELLY (Lab),Annette VALENTINE (SNP),skipped,skipped,skipped,skipped,skipped,,7
2370,Paul KELLY (Lab),Annette VALENTINE (SNP),skipped,skipped,skipped,skipped,skipped,,7
2371,Paul KELLY (Lab),Annette VALENTINE (SNP),skipped,skipped,skipped,skipped,skipped,,7
2372,Paul KELLY (Lab),Annette VALENTINE (SNP),skipped,skipped,skipped,skipped,skipped,,7
2373,Paul KELLY (Lab),Annette VALENTINE (SNP),skipped,skipped,skipped,skipped,skipped,,7
2374,Paul KELLY (Lab),Annette VALENTINE (SNP),skipped,skipped,skipped,skipped,skipped,,7
2375,Paul KELLY (Lab),Annette VALENTINE (SNP),skipped,skipped,skipped,skipped,skipped,,7
2376,Paul KELLY (Lab),Annette VALENTINE (SNP),Julie FLEMING (RISE) (UNKNOWN),skipped,skipped,skipped,skipped,,7
2377,Paul KELLY (Lab),Annette VALENTINE (SNP),Julie FLEMING (RISE) (UNKNOWN),Elaine MCSPADDEN (IANL) (UNKNOWN),Meghan GALLACHER (Con),skipped,skipped,,7
2378,Paul KELLY (Lab),Annette VALENTINE (SNP),Julie FLEMING (RISE) (UNKNOWN),Meghan GALLACHER (Con),Elaine MCSPADDEN (IANL) (UNKNOWN),skipped,skipped,,7
2379,Paul KELLY (Lab),Annette VALENTINE (SNP),Elaine MCSPADDEN (IANL) (UNKNOWN),Julie FLEMING (RISE) (UNKNOWN),Meghan GALLACHER (Con),skipped,skipped,,7
2380,Paul KELLY (Lab),Meghan GALLACHER (Con),skipped,skipped,skipped,skipped,skipped,,7
2381,Paul KELLY (Lab),Meghan GALLACHER (Con),skipped,skipped,skipped,skipped,skipped,,7
2382,Paul KELLY (Lab),Meghan GALLACHER (Con),skipped,skipped,skipped,skipped,skipped,,7
2383,Paul KELLY (Lab),Meghan GALLACHER (Con),skipped,skipped,skipped,skipped,skipped,,7
2384,Paul KELLY (Lab),Meghan GALLACHER (Con),skipped,skipped,skipped,skipped,skipped,,7
2385,Paul KELLY (Lab),Meghan GALLACHER (Con),skipped,skipped,skipped,skipped,skipped,,7
2386,Paul KELLY (Lab),Meghan GALLACHER (Con),skipped,skipped,skipped,skipped,skipped,,7
2387,Paul KELLY (Lab),Meghan GALLACHER (Con),skipped,skipped,skipped,skipped,skipped,,7
2388,Paul KELLY (Lab),Meghan GALLACHER (Con),skipped,skipped,skipped,skipped,skipped,,7
2389,Paul KELLY (Lab),Meghan GALLACHER (Con),skipped,skipped,skipped,skipped,skipped,,7
2390,Paul KELLY (Lab),Meghan GALLACHER (Con),skipped,skipped,skipped,skipped,skipped,,7
2391,Paul KELLY (Lab),Meghan GALLACHER (Con),skipped,skipped,skipped,skipped,skipped,,7
2392,Paul KELLY (Lab),Meghan GALLACHER (Con),skipped,skipped,skipped,skipped,skipped,,7
2393,Paul KELLY (Lab),Meghan GALLACHER (Con),skipped,skipped,skipped,skipped,skipped,,7
2394,Paul KELLY (Lab),Meghan GALLACHER (Con),skipped,skipped,skipped,skipped,skipped,,7
2395,Paul KELLY (Lab),Meghan GALLACHER (Con),skipped,skipped,skipped,skipped,skipped,,7
2396,Paul KELLY (Lab),Meghan GALLACHER (Con),skipped,skipped,skipped,skipped,skipped,,7
2397,Paul KELLY (Lab),Meghan GALLACHER (Con),skipped,skipped,skipped,skipped,skipped,,7
2398,Paul KELLY (Lab),Meghan GALLACHER (Con),skipped,skipped,skipped,skipped,skipped,,7
2399,Paul KELLY (Lab),Meghan GALLACHER (Con),skipped,skipped,skipped,skipped,skipped,,7
2400,Paul KELLY (Lab),Meghan GALLACHER (Con),skipped,skipped,skipped,skipped,skipped,,7
2401,Paul KELLY (Lab),Meghan GALLACHER (Con),skipped,skipped,skipped,skipped,skipped,,7
2402,Paul KELLY (Lab),Meghan GALLACHER (Con),skipped,skipped,skipped,skipped,skipped,,7
2403,Paul KELLY (Lab),Meghan GALLACHER (Con),skipped,skipped,skipped,skipped,skipped,,7
2404,Paul KELLY (Lab),Meghan GALLACHER (Con),skipped,skipped,skipped,skipped,skipped,,7
2405,Paul KELLY (Lab),Meghan GALLACHER (Con),skipped,skipped,skipped,skipped,skipped,,7
2406,Paul KELLY (Lab),Meghan GALLACHER (Con),skipped,skipped,skipped,skipped,skipped,,7
2407,Paul KELLY (Lab),Meghan GALLACHER (Con),skipped,skipped,skipped,skipped,skipped,,7
2408,Paul KELLY (Lab),Meghan GALLACHER (Con),skipped,skipped,skipped,skipped,skipped,,7
2409,Paul KELLY (Lab),Meghan GALLACHER (Con),skipped,skipped,skipped,skipped,skipped,,7
2410,Paul KELLY (Lab),Meghan GALLACHER (Con),skipped,skipped,skipped,skipped,skipped,,7
2411,Paul KELLY (Lab),Meghan GALLACHER (Con),skipped,skipped,skipped,skipped,skipped,,7
2412,Paul KELLY (Lab),Meghan GALLACHER (Con),skipped,skipped,skipped,skipped,skipped,,7
2413,Paul KELLY (Lab),Meghan GALLACHER (Con),skipped,skipped,skipped,skipped,skipped,,7
2414,Paul KELLY (Lab),Meghan GALLACHER (Con),skipped,skipped,skipped,skipped,skipped,,7
2415,Paul KELLY (Lab),Meghan GALLACHER (Con),skipped,skipped,skipped,skipped,skipped,,7
2416,Paul KELLY (Lab),Meghan GALLACHER (Con),skipped,skipped,skipped,skipped,skipped,,7
2417,Paul KELLY (Lab),Meghan GALLACHER (Con),skipped,skipped,skipped,skipped,skipped,,7
2418,Paul KELLY (Lab),Meghan GALLACHER (Con),skipped,skipped,skipped,skipped,skipped,,7
2419,Paul KELLY (Lab),Meghan GALLACHER (Con),skipped,skipped,skipped,skipped,skipped,,7
2420,Paul KELLY (Lab),Meghan GALLACHER (Con),skipped,skipped,skipped,skipped,skipped,,7
2421,Paul KELLY (Lab),Meghan GALLACHER (Con),skipped,skipped,skipped,skipped,skipped,,7
2422,Paul KELLY (Lab),Meghan GALLACHER (Con),skipped,skipped,skipped,skipped,skipped,,7
2423,Paul KELLY (Lab),Meghan GALLACHER (Con),skipped,skipped,skipped,skipped,skipped,,7
2424,Paul KELLY (Lab),Meghan GALLACHER (Con),skipped,skipped,skipped,skipped,skipped,,7
2425,Paul KELLY (Lab),Meghan GALLACHER (Con),skipped,skipped,skipped,skipped,skipped,,7
2426,Paul KELLY (Lab),Meghan GALLACHER (Con),skipped,skipped,skipped,skipped,skipped,,7
2427,Paul KELLY (Lab),Meghan GALLACHER (Con),skipped,skipped,skipped,skipped,skipped,,7
2428,Paul KELLY (Lab),Meghan GALLACHER (Con),skipped,skipped,skipped,skipped,skipped,,7
2429,Paul KELLY (Lab),Meghan GALLACHER (Con),skipped,skipped,skipped,skipped,skipped,,7
2430,Paul KELLY (Lab),Meghan GALLACHER (Con),skipped,skipped,skipped,skipped,skipped,,7
2431,Paul KELLY (Lab),Meghan GALLACHER (Con),skipped,skipped,skipped,skipped,skipped,,7
2432,Paul KELLY (Lab),Meghan GALLACHER (Con),skipped,skipped,skipped,skipped,skipped,,7
2433,Paul KELLY (Lab),Meghan GALLACHER (Con),skipped,skipped,skipped,skipped,skipped,,7
2434,Paul KELLY (Lab),Meghan GALLACHER (Con),skipped,skipped,skipped,skipped,skipped,,7
2435,Paul KELLY (Lab),Meghan GALLACHER (Con),skipped,skipped,skipped,skipped,skipped,,7
2436,Paul KELLY (Lab),Meghan GALLACHER (Con),skipped,skipped,skipped,skipped,skipped,,7
2437,Paul KELLY (Lab),Meghan GALLACHER (Con),skipped,skipped,skipped,skipped,skipped,,7
2438,Paul KELLY (Lab),Meghan GALLACHER (Con),skipped,skipped,skipped,skipped,skipped,,7
2439,Paul KELLY (Lab),Meghan GALLACHER (Con),skipped,skipped,skipped,skipped,skipped,,7
2440,Paul KELLY (Lab),Meghan GALLACHER (Con),skipped,skipped,skipped,skipped,skipped,,7
2441,Paul KELLY (Lab),Meghan GALLACHER (Con),skipped,skipped,skipped,skipped,skipped,,7
2442,Paul KELLY (Lab),Meghan GALLACHER (Con),skipped,skipped,skipped,skipped,skipped,,7
2443,Paul KELLY (Lab),Meghan GALLACHER (Con),skipped,skipped,skipped,skipped,skipped,,7
2444,Paul KELLY (Lab),Meghan GALLACHER (Con),skipped,skipped,skipped,skipped,skipped,,7
2445,Paul KELLY (Lab),Meghan GALLACHER (Con),skipped,skipped,skipped,skipped,skipped,,7
2446,Paul KELLY (Lab),Meghan GALLACHER (Con),skipped,skipped,skipped,skipped,skipped,,7
2447,Paul KELLY (Lab),Meghan GALLACHER (Con),skipped,skipped,skipped,skipped,skipped,,7
2448,Paul KELLY (Lab),Meghan GALLACHER (Con),skipped,skipped,skipped,skipped,skipped,,7
2449,Paul KELLY (Lab),Meghan GALLACHER (Con),skipped,skipped,skipped,skipped,skipped,,7
2450,Paul KELLY (Lab),Meghan GALLACHER (Con),skipped,skipped,skipped,skipped,skipped,,7
2451,Paul KELLY (Lab),Meghan GALLACHER (Con),skipped,skipped,skipped,skipped,skipped,,7
2452,Paul KELLY (Lab),Meghan GALLACHER (Con),skipped,skipped,skipped,skipped,skipped,,7
2453,Paul KELLY (Lab),Meghan GALLACHER (Con),skipped,skipped,skipped,skipped,skipped,,7
2454,Paul KELLY (Lab),Meghan GALLACHER (Con),skipped,skipped,skipped,skipped,skipped,,7
2455,Paul KELLY (Lab),Meghan GALLACHER (Con),skipped,skipped,skipped,skipped,skipped,,7
2456,Paul KELLY (Lab),Meghan GALLACHER (Con),skipped,skipped,skipped,skipped,skipped,,7
2457,Paul KELLY (Lab),Meghan GALLACHER (Con),skipped,skipped,skipped,skipped,skipped,,7
2458,Paul KELLY (Lab),Meghan GALLACHER (Con),skipped,skipped,skipped,skipped,skipped,,7
2459,Paul KELLY (Lab),Meghan GALLACHER (Con),skipped,skipped,skipped,skipped,skipped,,7
2460,Paul KELLY (Lab),Meghan GALLACHER (Con),skipped,skipped,skipped,skipped,skipped,,7
2461,Paul KELLY (Lab),Meghan GALLACHER (Con),skipped,skipped,skipped,skipped,skipped,,7
2462,Paul KELLY (Lab),Meghan GALLACHER (Con),skipped,skipped,skipped,skipped,skipped,,7
2463,Paul KELLY (Lab),Meghan GALLACHER (Con),skipped,skipped,skipped,skipped,skipped,,7
2464,Paul KELLY (Lab),Meghan GALLACHER (Con),skipped,skipped,skipped,skipped,skipped,,7
2465,Paul KELLY (Lab),Meghan GALLACHER (Con),Julie FLEMING (RISE) (UNKNOWN),Elaine MCSPADDEN (IANL) (UNKNOWN),Annette VALENTINE (SNP),skipped,skipped,,7
2466,Paul KELLY (Lab),Meghan GALLACHER (Con),Julie FLEMING (RISE) (UNKNOWN),Elaine MCSPADDEN (IANL) (UNKNOWN),Annette VALENTINE (SNP),skipped,skipped,,7
2467,Paul KELLY (Lab),Meghan GALLACHER (Con),Julie FLEMING (RISE) (UNKNOWN),Elaine MCSPADDEN (IANL) (UNKNOWN),Annette VALENTINE (SNP),skipped,skipped,,7
2468,Paul KELLY (Lab),Meghan GALLACHER (Con),Julie FLEMING (RISE) (UNKNOWN),Elaine MCSPADDEN (IANL) (UNKNOWN),Annette VALENTINE (SNP),skipped,skipped,,7
2469,Paul KELLY (Lab),Meghan GALLACHER (Con),Julie FLEMING (RISE) (UNKNOWN),Elaine MCSPADDEN (IANL) (UNKNOWN),Annette VALENTINE (SNP),skipped,skipped,,7
2470,Paul KELLY (Lab),Meghan GALLACHER (Con),Julie FLEMING (RISE) (UNKNOWN),Elaine MCSPADDEN (IANL) (UNKNOWN),Annette VALENTINE (SNP),skipped,skipped,,7
2471,Paul KELLY (Lab),Meghan GALLACHER (Con),Julie FLEMING (RISE) (UNKNOWN),Elaine MCSPADDEN (IANL) (UNKNOWN),Annette VALENTINE (SNP),skipped,skipped,,7
2472,Paul KELLY (Lab),Meghan GALLACHER (Con),Julie FLEMING (RISE) (UNKNOWN),Elaine MCSPADDEN (IANL) (UNKNOWN),Annette VALENTINE (SNP),skipped,skipped,,7
2473,Paul KELLY (Lab),Meghan GALLACHER (Con),Julie FLEMING (RISE) (UNKNOWN),Elaine MCSPADDEN (IANL) (UNKNOWN),Annette VALENTINE (SNP),skipped,skipped,,7
2474,Paul KELLY (Lab),Meghan GALLACHER (Con),Julie FLEMING (RISE) (UNKNOWN),Elaine MCSPADDEN (IANL) (UNKNOWN),Annette VALENTINE (SNP),skipped,skipped,,7
2475,Paul KELLY (Lab),Meghan GALLACHER (Con),Julie FLEMING (RISE) (UNKNOWN),Jamie SUPER (SNP),skipped,skipped,skipped,,7
2476,Paul KELLY (Lab),Meghan GALLACHER (Con),Elaine MCSPADDEN (IANL) (UNKNOWN),skipped,skipped,skipped,skipped,,7
2477,Paul KELLY (Lab),Meghan GALLACHER (Con),Elaine MCSPADDEN (IANL) (UNKNOWN),skipped,skipped,skipped,skipped,,7
2478,Paul KELLY (Lab),Meghan GALLACHER (Con),Elaine MCSPADDEN (IANL) (UNKNOWN),Julie FLEMING (RISE) (UNKNOWN),Annette VALENTINE (SNP),skipped,skipped,,7
2479,Paul KELLY (Lab),Meghan GALLACHER (Con),Elaine MCSPADDEN (IANL) (UNKNOWN),Julie FLEMING (RISE) (UNKNOWN),Annette VALENTINE (SNP),skipped,skipped,,7
2480,Paul KELLY (Lab),Meghan GALLACHER (Con),Elaine MCSPADDEN (IANL) (UNKNOWN),Julie FLEMING (RISE) (UNKNOWN),Annette VALENTINE (SNP),skipped,skipped,,7
2481,Paul KELLY (Lab),Meghan GALLACHER (Con),Elaine MCSPADDEN (IANL) (UNKNOWN),Julie FLEMING (RISE) (UNKNOWN),Annette VALENTINE (SNP),skipped,skipped,,7
2482,Paul KELLY (Lab),Meghan GALLACHER (Con),Elaine MCSPADDEN (IANL) (UNKNOWN),Julie FLEMING (RISE) (UNKNOWN),Annette VALENTINE (SNP),skipped,skipped,,7
2483,Paul KELLY (Lab),Meghan GALLACHER (Con),Elaine MCSPADDEN (IANL) (UNKNOWN),Julie FLEMING (RISE) (UNKNOWN),Annette VALENTINE (SNP),skipped,skipped,,7
2484,Paul KELLY (Lab),Meghan GALLACHER (Con),Annette VALENTINE (SNP),Elaine MCSPADDEN (IANL) (UNKNOWN),Julie FLEMING (RISE) (UNKNOWN),skipped,skipped,,7
2485,Paul KELLY (Lab),Meghan GALLACHER (Con),Annette VALENTINE (SNP),Elaine MCSPADDEN (IANL) (UNKNOWN),Julie FLEMING (RISE) (UNKNOWN),skipped,skipped,,7
2486,Paul KELLY (Lab),Meghan GALLACHER (Con),Annette VALENTINE (SNP),skipped,skipped,skipped,skipped,,7
2487,Michael Edward ROSS (Lab),Elaine MCSPADDEN (IANL) (UNKNOWN),skipped,skipped,skipped,skipped,skipped,,7
2488,Michael Edward ROSS (Lab),Elaine MCSPADDEN (IANL) (UNKNOWN),skipped,skipped,skipped,skipped,skipped,,7
2489,Michael Edward ROSS (Lab),Elaine MCSPADDEN (IANL) (UNKNOWN),Julie FLEMING (RISE) (UNKNOWN),skipped,skipped,skipped,skipped,,7
2490,Elaine MCSPADDEN (IANL) (UNKNOWN),Paul KELLY (Lab),skipped,skipped,skipped,skipped,skipped,,7
2491,Jamie SUPER (SNP),Julie FLEMING (RISE) (UNKNOWN),Paul KELLY (Lab),skipped,skipped,skipped,skipped,,7
2492,Jamie SUPER (SNP),Paul KELLY (Lab),skipped,skipped,skipped,skipped,skipped,,7
2493,Michael Edward ROSS (Lab),Jamie SUPER (SNP),Elaine MCSPADDEN (IANL) (UNKNOWN),skipped,skipped,skipped,skipped,,7
2494,Michael Edward ROSS (Lab),Annette VALENTINE (SNP),skipped,skipped,skipped,skipped,skipped,,7
2495,Michael Edward ROSS (Lab),Annette VALENTINE (SNP),skipped,skipped,skipped,skipped,skipped,,7
2496,Michael Edward ROSS (Lab),Annette VALENTINE (SNP),skipped,skipped,skipped,skipped,skipped,,7
2497,Michael Edward ROSS (Lab),Annette VALENTINE (SNP),skipped,skipped,skipped,skipped,skipped,,7
2498,Michael Edward ROSS (Lab),Annette VALENTINE (SNP),skipped,skipped,skipped,skipped,skipped,,7
2499,Michael Edward ROSS (Lab),Annette VALENTINE (SNP),skipped,skipped,skipped,skipped,skipped,,7
2500,Michael Edward ROSS (Lab),Annette VALENTINE (SNP),skipped,skipped,skipped,skipped,skipped,,7
2501,Michael Edward ROSS (Lab),Annette VALENTINE (SNP),skipped,skipped,skipped,skipped,skipped,,7
2502,Michael Edward ROSS (Lab),Annette VALENTINE (SNP),skipped,skipped,skipped,skipped,skipped,,7
2503,Michael Edward ROSS (Lab),Annette VALENTINE (SNP),skipped,skipped,skipped,skipped,skipped,,7
2504,Michael Edward ROSS (Lab),Annette VALENTINE (SNP),skipped,skipped,skipped,skipped,skipped,,7
2505,Michael Edward ROSS (Lab),Annette VALENTINE (SNP),skipped,skipped,skipped,skipped,skipped,,7
2506,Michael Edward ROSS (Lab),Annette VALENTINE (SNP),skipped,skipped,skipped,skipped,skipped,,7
2507,Annette VALENTINE (SNP),Julie FLEMING (RISE) (UNKNOWN),Elaine MCSPADDEN (IANL) (UNKNOWN),Paul KELLY (Lab),Meghan GALLACHER (Con),skipped,skipped,,7
2508,Annette VALENTINE (SNP),Paul KELLY (Lab),skipped,skipped,skipped,skipped,skipped,,7
2509,Annette VALENTINE (SNP),Paul KELLY (Lab),Julie FLEMING (RISE) (UNKNOWN),Elaine MCSPADDEN (IANL) (UNKNOWN),Meghan GALLACHER (Con),skipped,skipped,,7
2510,Annette VALENTINE (SNP),Paul KELLY (Lab),Elaine MCSPADDEN (IANL) (UNKNOWN),Meghan GALLACHER (Con),Julie FLEMING (RISE) (UNKNOWN),skipped,skipped,,7
2511,Annette VALENTINE (SNP),Paul KELLY (Lab),Meghan GALLACHER (Con),Elaine MCSPADDEN (IANL) (UNKNOWN),Julie FLEMING (RISE) (UNKNOWN),skipped,skipped,,7
2512,Annette VALENTINE (SNP),Elaine MCSPADDEN (IANL) (UNKNOWN),Paul KELLY (Lab),Julie FLEMING (RISE) (UNKNOWN),Meghan GALLACHER (Con),skipped,skipped,,7
2513,Michael Edward ROSS (Lab),Annette VALENTINE (SNP),Meghan GALLACHER (Con),skipped,skipped,skipped,skipped,,7
2514,Annette VALENTINE (SNP),Meghan GALLACHER (Con),Paul KELLY (Lab),Julie FLEMING (RISE) (UNKNOWN),skipped,skipped,skipped,,7
2515,Michael Edward ROSS (Lab),Annette VALENTINE (SNP),skipped,skipped,skipped,skipped,skipped,,7
2516,Michael Edward ROSS (Lab),Annette VALENTINE (SNP),skipped,skipped,skipped,skipped,skipped,,7
2517,Michael Edward ROSS (Lab),Annette VALENTINE (SNP),skipped,skipped,skipped,skipped,skipped,,7
2518,Michael Edward ROSS (Lab),Annette VALENTINE (SNP),skipped,skipped,skipped,skipped,skipped,,7
2519,Michael Edward ROSS (Lab),Annette VALENTINE (SNP),skipped,skipped,skipped,skipped,skipped,,7
2520,Michael Edward ROSS (Lab),Annette VALENTINE (SNP),skipped,skipped,skipped,skipped,skipped,,7
2521,Michael Edward ROSS (Lab),Annette VALENTINE (SNP),skipped,skipped,skipped,skipped,skipped,,7
2522,Michael Edward ROSS (Lab),Annette VALENTINE (SNP),skipped,skipped,skipped,skipped,skipped,,7
2523,Michael Edward ROSS (Lab),Annette VALENTINE (SNP),skipped,skipped,skipped,skipped,skipped,,7
2524,Michael Edward ROSS (Lab),Annette VALENTINE (SNP),Julie FLEMING (RISE) (UNKNOWN),skipped,skipped,skipped,skipped,,7
2525,Annette VALENTINE (SNP),Paul KELLY (Lab),skipped,skipped,skipped,skipped,skipped,,7
2526,Annette VALENTINE (SNP),Paul KELLY (Lab),skipped,skipped,skipped,skipped,skipped,,7
2527,Annette VALENTINE (SNP),Paul KELLY (Lab),skipped,skipped,skipped,skipped,skipped,,7
2528,Annette VALENTINE (SNP),Paul KELLY (Lab),skipped,skipped,skipped,skipped,skipped,,7
2529,Annette VALENTINE (SNP),Paul KELLY (Lab),skipped,skipped,skipped,skipped,skipped,,7
2530,Annette VALENTINE (SNP),Paul KELLY (Lab),skipped,skipped,skipped,skipped,skipped,,7
2531,Annette VALENTINE (SNP),Paul KELLY (Lab),skipped,skipped,skipped,skipped,skipped,,7
2532,Annette VALENTINE (SNP),Paul KELLY (Lab),skipped,skipped,skipped,skipped,skipped,,7
2533,Annette VALENTINE (SNP),Paul KELLY (Lab),skipped,skipped,skipped,skipped,skipped,,7
2534,Annette VALENTINE (SNP),Paul KELLY (Lab),Julie FLEMING (RISE) (UNKNOWN),Elaine MCSPADDEN (IANL) (UNKNOWN),Meghan GALLACHER (Con),skipped,skipped,,7
2535,Michael Edward ROSS (Lab),Annette VALENTINE (SNP),Elaine MCSPADDEN (IANL) (UNKNOWN),skipped,skipped,skipped,skipped,,7
2536,Michael Edward ROSS (Lab),Annette VALENTINE (SNP),skipped,skipped,skipped,skipped,skipped,,7
2537,Michael Edward ROSS (Lab),Annette VALENTINE (SNP),skipped,skipped,skipped,skipped,skipped,,7
2538,Michael Edward ROSS (Lab),Annette VALENTINE (SNP),skipped,skipped,skipped,skipped,skipped,,7
2539,Michael Edward ROSS (Lab),Annette VALENTINE (SNP),skipped,skipped,skipped,skipped,skipped,,7
2540,Michael Edward ROSS (Lab),Annette VALENTINE (SNP),skipped,skipped,skipped,skipped,skipped,,7
2541,Michael Edward ROSS (Lab),Annette VALENTINE (SNP),skipped,skipped,skipped,skipped,skipped,,7
2542,Michael Edward ROSS (Lab),Annette VALENTINE (SNP),skipped,skipped,skipped,skipped,skipped,,7
2543,Annette VALENTINE (SNP),Paul KELLY (Lab),skipped,skipped,skipped,skipped,skipped,,7
2544,Annette VALENTINE (SNP),Paul KELLY (Lab),skipped,skipped,skipped,skipped,skipped,,7
2545,Annette VALENTINE (SNP),Paul KELLY (Lab),Elaine MCSPADDEN (IANL) (UNKNOWN),Julie FLEMING (RISE) (UNKNOWN),Meghan GALLACHER (Con),skipped,skipped,,7
2546,Annette VALENTINE (SNP),Elaine MCSPADDEN (IANL) (UNKNOWN),Meghan GALLACHER (Con),Paul KELLY (Lab),Julie FLEMING (RISE) (UNKNOWN),skipped,skipped,,7
2547,Michael Edward ROSS (Lab),Annette VALENTINE (SNP),Meghan GALLACHER (Con),skipped,skipped,skipped,skipped,,7
2548,Michael Edward ROSS (Lab),Annette VALENTINE (SNP),Meghan GALLACHER (Con),skipped,skipped,skipped,skipped,,7
2549,Michael Edward ROSS (Lab),Meghan GALLACHER (Con),skipped,skipped,skipped,skipped,skipped,,7
2550,Michael Edward ROSS (Lab),Meghan GALLACHER (Con),skipped,skipped,skipped,skipped,skipped,,7
2551,Michael Edward ROSS (Lab),Meghan GALLACHER (Con),skipped,skipped,skipped,skipped,skipped,,7
2552,Michael Edward ROSS (Lab),Meghan GALLACHER (Con),skipped,skipped,skipped,skipped,skipped,,7
2553,Michael Edward ROSS (Lab),Meghan GALLACHER (Con),skipped,skipped,skipped,skipped,skipped,,7
2554,Michael Edward ROSS (Lab),Meghan GALLACHER (Con),skipped,skipped,skipped,skipped,skipped,,7
2555,Michael Edward ROSS (Lab),Meghan GALLACHER (Con),skipped,skipped,skipped,skipped,skipped,,7
2556,Michael Edward ROSS (Lab),Meghan GALLACHER (Con),skipped,skipped,skipped,skipped,skipped,,7
2557,Michael Edward ROSS (Lab),Meghan GALLACHER (Con),skipped,skipped,skipped,skipped,skipped,,7
2558,Michael Edward ROSS (Lab),Meghan GALLACHER (Con),skipped,skipped,skipped,skipped,skipped,,7
2559,Michael Edward ROSS (Lab),Meghan GALLACHER (Con),skipped,skipped,skipped,skipped,skipped,,7
2560,Michael Edward ROSS (Lab),Meghan GALLACHER (Con),skipped,skipped,skipped,skipped,skipped,,7
2561,Michael Edward ROSS (Lab),Meghan GALLACHER (Con),skipped,skipped,skipped,skipped,skipped,,7
2562,Michael Edward ROSS (Lab),Meghan GALLACHER (Con),Julie FLEMING (RISE) (UNKNOWN),skipped,skipped,skipped,skipped,,7
2563,Michael Edward ROSS (Lab),Meghan GALLACHER (Con),Julie FLEMING (RISE) (UNKNOWN),skipped,skipped,skipped,skipped,,7
2564,Meghan GALLACHER (Con),Julie FLEMING (RISE) (UNKNOWN),Paul KELLY (Lab),Elaine MCSPADDEN (IANL) (UNKNOWN),Annette VALENTINE (SNP),skipped,skipped,,7
2565,Meghan GALLACHER (Con),Paul KELLY (Lab),skipped,skipped,skipped,skipped,skipped,,7
2566,Meghan GALLACHER (Con),Paul KELLY (Lab),skipped,skipped,skipped,skipped,skipped,,7
2567,Meghan GALLACHER (Con),Paul KELLY (Lab),skipped,skipped,skipped,skipped,skipped,,7
2568,Meghan GALLACHER (Con),Paul KELLY (Lab),skipped,skipped,skipped,skipped,skipped,,7
2569,Meghan GALLACHER (Con),Paul KELLY (Lab),skipped,skipped,skipped,skipped,skipped,,7
2570,Meghan GALLACHER (Con),Paul KELLY (Lab),skipped,skipped,skipped,skipped,skipped,,7
2571,Meghan GALLACHER (Con),Paul KELLY (Lab),skipped,skipped,skipped,skipped,skipped,,7
2572,Meghan GALLACHER (Con),Paul KELLY (Lab),skipped,skipped,skipped,skipped,skipped,,7
2573,Meghan GALLACHER (Con),Paul KELLY (Lab),skipped,skipped,skipped,skipped,skipped,,7
2574,Meghan GALLACHER (Con),Paul KELLY (Lab),skipped,skipped,skipped,skipped,skipped,,7
2575,Meghan GALLACHER (Con),Paul KELLY (Lab),skipped,skipped,skipped,skipped,skipped,,7
2576,Meghan GALLACHER (Con),Paul KELLY (Lab),skipped,skipped,skipped,skipped,skipped,,7
2577,Meghan GALLACHER (Con),Paul KELLY (Lab),Julie FLEMING (RISE) (UNKNOWN),Annette VALENTINE (SNP),Elaine MCSPADDEN (IANL) (UNKNOWN),skipped,skipped,,7
2578,Meghan GALLACHER (Con),Paul KELLY (Lab),Elaine MCSPADDEN (IANL) (UNKNOWN),Julie FLEMING (RISE) (UNKNOWN),Annette VALENTINE (SNP),skipped,skipped,,7
2579,Meghan GALLACHER (Con),Paul KELLY (Lab),Annette VALENTINE (SNP),Elaine MCSPADDEN (IANL) (UNKNOWN),Julie FLEMING (RISE) (UNKNOWN),skipped,skipped,,7
2580,Michael Edward ROSS (Lab),Meghan GALLACHER (Con),Elaine MCSPADDEN (IANL) (UNKNOWN),skipped,skipped,skipped,skipped,,7
2581,Michael Edward ROSS (Lab),Meghan GALLACHER (Con),Elaine MCSPADDEN (IANL) (UNKNOWN),skipped,skipped,skipped,skipped,,7
2582,Michael Edward ROSS (Lab),Meghan GALLACHER (Con),Elaine MCSPADDEN (IANL) (UNKNOWN),skipped,skipped,skipped,skipped,,7
2583,Michael Edward ROSS (Lab),Meghan GALLACHER (Con),Elaine MCSPADDEN (IANL) (UNKNOWN),skipped,skipped,skipped,skipped,,7
2584,Michael Edward ROSS (Lab),Meghan GALLACHER (Con),Elaine MCSPADDEN (IANL) (UNKNOWN),skipped,skipped,skipped,skipped,,7
2585,Meghan GALLACHER (Con),Elaine MCSPADDEN (IANL) (UNKNOWN),Julie FLEMING (RISE) (UNKNOWN),Paul KELLY (Lab),Annette VALENTINE (SNP),skipped,skipped,,7
2586,Meghan GALLACHER (Con),Elaine MCSPADDEN (IANL) (UNKNOWN),Paul KELLY (Lab),Julie FLEMING (RISE) (UNKNOWN),skipped,skipped,skipped,,7
2587,Meghan GALLACHER (Con),Annette VALENTINE (SNP),Julie FLEMING (RISE) (UNKNOWN),Paul KELLY (Lab),Elaine MCSPADDEN (IANL) (UNKNOWN),skipped,skipped,,7
2588,Michael Edward ROSS (Lab),Meghan GALLACHER (Con),Annette VALENTINE (SNP),skipped,skipped,skipped,skipped,,7
2589,Michael Edward ROSS (Lab),Meghan GALLACHER (Con),Annette VALENTINE (SNP),skipped,skipped,skipped,skipped,,7
2590,Michael Edward ROSS (Lab),Meghan GALLACHER (Con),Annette VALENTINE (SNP),skipped,skipped,skipped,skipped,,7
2591,Annette VALENTINE (SNP),skipped,skipped,skipped,skipped,skipped,skipped,,7
2592,Annette VALENTINE (SNP),skipped,skipped,skipped,skipped,skipped,skipped,,7
2593,Annette VALENTINE (SNP),skipped,skipped,skipped,skipped,skipped,skipped,,7
2594,Annette VALENTINE (SNP),skipped,skipped,skipped,skipped,skipped,skipped,,7
2595,Annette VALENTINE (SNP),skipped,skipped,skipped,skipped,skipped,skipped,,7
2596,Annette VALENTINE (SNP),skipped,skipped,skipped,skipped,skipped,skipped,,7
2597,Annette VALENTINE (SNP),skipped,skipped,skipped,skipped,skipped,skipped,,7
2598,Annette VALENTINE (SNP),skipped,skipped,skipped,skipped,skipped,skipped,,7
2599,Annette VALENTINE (SNP),skipped,skipped,skipped,skipped,skipped,skipped,,7
2600,Annette VALENTINE (SNP),skipped,skipped,skipped,skipped,skipped,skipped,,7
2601,Annette VALENTINE (SNP),skipped,skipped,skipped,skipped,skipped,skipped,,7
2602,Annette VALENTINE (SNP),skipped,skipped,skipped,skipped,skipped,skipped,,7
2603,Annette VALENTINE (SNP),skipped,skipped,skipped,skipped,skipped,skipped,,7
2604,Annette VALENTINE (SNP),skipped,skipped,skipped,skipped,skipped,skipped,,7
2605,Annette VALENTINE (SNP),skipped,skipped,skipped,skipped,skipped,skipped,,7
2606,Annette VALENTINE (SNP),skipped,skipped,skipped,skipped,skipped,skipped,,7
2607,Annette VALENTINE (SNP),skipped,skipped,skipped,skipped,skipped,skipped,,7
2608,Annette VALENTINE (SNP),skipped,skipped,skipped,skipped,skipped,skipped,,7
2609,Annette VALENTINE (SNP),skipped,skipped,skipped,skipped,skipped,skipped,,7
2610,Annette VALENTINE (SNP),skipped,skipped,skipped,skipped,skipped,skipped,,7
2611,Annette VALENTINE (SNP),skipped,skipped,skipped,skipped,skipped,skipped,,7
2612,Annette VALENTINE (SNP),skipped,skipped,skipped,skipped,skipped,skipped,,7
2613,Annette VALENTINE (SNP),skipped,skipped,skipped,skipped,skipped,skipped,,7
2614,Annette VALENTINE (SNP),skipped,skipped,skipped,skipped,skipped,skipped,,7
2615,Annette VALENTINE (SNP),skipped,skipped,skipped,skipped,skipped,skipped,,7
2616,Annette VALENTINE (SNP),skipped,skipped,skipped,skipped,skipped,skipped,,7
2617,Annette VALENTINE (SNP),skipped,skipped,skipped,skipped,skipped,skipped,,7
2618,Annette VALENTINE (SNP),skipped,skipped,skipped,skipped,skipped,skipped,,7
2619,Annette VALENTINE (SNP),skipped,skipped,skipped,skipped,skipped,skipped,,7
2620,Annette VALENTINE (SNP),skipped,skipped,skipped,skipped,skipped,skipped,,7
2621,Annette VALENTINE (SNP),skipped,skipped,skipped,skipped,skipped,skipped,,7
2622,Annette VALENTINE (SNP),skipped,skipped,skipped,skipped,skipped,skipped,,7
2623,Annette VALENTINE (SNP),skipped,skipped,skipped,skipped,skipped,skipped,,7
2624,Annette VALENTINE (SNP),skipped,skipped,skipped,skipped,skipped,skipped,,7
2625,Annette VALENTINE (SNP),skipped,skipped,skipped,skipped,skipped,skipped,,7
2626,Annette VALENTINE (SNP),skipped,skipped,skipped,skipped,skipped,skipped,,7
2627,Annette VALENTINE (SNP),skipped,skipped,skipped,skipped,skipped,skipped,,7
2628,Annette VALENTINE (SNP),skipped,skipped,skipped,skipped,skipped,skipped,,7
2629,Annette VALENTINE (SNP),skipped,skipped,skipped,skipped,skipped,skipped,,7
2630,Annette VALENTINE (SNP),skipped,skipped,skipped,skipped,skipped,skipped,,7
2631,Annette VALENTINE (SNP),skipped,skipped,skipped,skipped,skipped,skipped,,7
2632,Annette VALENTINE (SNP),skipped,skipped,skipped,skipped,skipped,skipped,,7
2633,Annette VALENTINE (SNP),skipped,skipped,skipped,skipped,skipped,skipped,,7
2634,Annette VALENTINE (SNP),skipped,skipped,skipped,skipped,skipped,skipped,,7
2635,Annette VALENTINE (SNP),skipped,skipped,skipped,skipped,skipped,skipped,,7
2636,Annette VALENTINE (SNP),skipped,skipped,skipped,skipped,skipped,skipped,,7
2637,Annette VALENTINE (SNP),skipped,skipped,skipped,skipped,skipped,skipped,,7
2638,Annette VALENTINE (SNP),skipped,skipped,skipped,skipped,skipped,skipped,,7
2639,Annette VALENTINE (SNP),skipped,skipped,skipped,skipped,skipped,skipped,,7
2640,Annette VALENTINE (SNP),skipped,skipped,skipped,skipped,skipped,skipped,,7
2641,Annette VALENTINE (SNP),skipped,skipped,skipped,skipped,skipped,skipped,,7
2642,Annette VALENTINE (SNP),Julie FLEMING (RISE) (UNKNOWN),skipped,skipped,skipped,skipped,skipped,,7
2643,Annette VALENTINE (SNP),Julie FLEMING (RISE) (UNKNOWN),skipped,skipped,skipped,skipped,skipped,,7
2644,Annette VALENTINE (SNP),Julie FLEMING (RISE) (UNKNOWN),skipped,skipped,skipped,skipped,skipped,,7
2645,Annette VALENTINE (SNP),Julie FLEMING (RISE) (UNKNOWN),skipped,skipped,skipped,skipped,skipped,,7
2646,Annette VALENTINE (SNP),Julie FLEMING (RISE) (UNKNOWN),skipped,skipped,skipped,skipped,skipped,,7
2647,Annette VALENTINE (SNP),Julie FLEMING (RISE) (UNKNOWN),skipped,skipped,skipped,skipped,skipped,,7
2648,Annette VALENTINE (SNP),Julie FLEMING (RISE) (UNKNOWN),skipped,skipped,skipped,skipped,skipped,,7
2649,Annette VALENTINE (SNP),Julie FLEMING (RISE) (UNKNOWN),Paul KELLY (Lab),Elaine MCSPADDEN (IANL) (UNKNOWN),Meghan GALLACHER (Con),skipped,skipped,,7
2650,Annette VALENTINE (SNP),Julie FLEMING (RISE) (UNKNOWN),Elaine MCSPADDEN (IANL) (UNKNOWN),skipped,skipped,skipped,skipped,,7
2651,Annette VALENTINE (SNP),Julie FLEMING (RISE) (UNKNOWN),Elaine MCSPADDEN (IANL) (UNKNOWN),Paul KELLY (Lab),Meghan GALLACHER (Con),skipped,skipped,,7
2652,Annette VALENTINE (SNP),Julie FLEMING (RISE) (UNKNOWN),Elaine MCSPADDEN (IANL) (UNKNOWN),skipped,skipped,skipped,skipped,,7
2653,Annette VALENTINE (SNP),Julie FLEMING (RISE) (UNKNOWN),Elaine MCSPADDEN (IANL) (UNKNOWN),Paul KELLY (Lab),Meghan GALLACHER (Con),skipped,skipped,,7
2654,Annette VALENTINE (SNP),Julie FLEMING (RISE) (UNKNOWN),skipped,skipped,skipped,skipped,skipped,,7
2655,Annette VALENTINE (SNP),Julie FLEMING (RISE) (UNKNOWN),skipped,skipped,skipped,skipped,skipped,,7
2656,Annette VALENTINE (SNP),Julie FLEMING (RISE) (UNKNOWN),skipped,skipped,skipped,skipped,skipped,,7
2657,Annette VALENTINE (SNP),Julie FLEMING (RISE) (UNKNOWN),skipped,skipped,skipped,skipped,skipped,,7
2658,Annette VALENTINE (SNP),Julie FLEMING (RISE) (UNKNOWN),skipped,skipped,skipped,skipped,skipped,,7
2659,Annette VALENTINE (SNP),Julie FLEMING (RISE) (UNKNOWN),skipped,skipped,skipped,skipped,skipped,,7
2660,Annette VALENTINE (SNP),Julie FLEMING (RISE) (UNKNOWN),skipped,skipped,skipped,skipped,skipped,,7
2661,Annette VALENTINE (SNP),Julie FLEMING (RISE) (UNKNOWN),Elaine MCSPADDEN (IANL) (UNKNOWN),Paul KELLY (Lab),Meghan GALLACHER (Con),skipped,skipped,,7
2662,Annette VALENTINE (SNP),Julie FLEMING (RISE) (UNKNOWN),Michael Edward ROSS (Lab),skipped,skipped,skipped,skipped,,7
2663,Annette VALENTINE (SNP),Julie FLEMING (RISE) (UNKNOWN),Paul KELLY (Lab),Elaine MCSPADDEN (IANL) (UNKNOWN),Meghan GALLACHER (Con),skipped,skipped,,7
2664,Annette VALENTINE (SNP),Julie FLEMING (RISE) (UNKNOWN),Elaine MCSPADDEN (IANL) (UNKNOWN),Paul KELLY (Lab),Meghan GALLACHER (Con),skipped,skipped,,7
2665,Annette VALENTINE (SNP),Julie FLEMING (RISE) (UNKNOWN),Elaine MCSPADDEN (IANL) (UNKNOWN),Paul KELLY (Lab),Meghan GALLACHER (Con),skipped,skipped,,7
2666,Annette VALENTINE (SNP),Julie FLEMING (RISE) (UNKNOWN),Meghan GALLACHER (Con),skipped,skipped,skipped,skipped,,7
2667,Annette VALENTINE (SNP),Paul KELLY (Lab),skipped,skipped,skipped,skipped,skipped,,7
2668,Annette VALENTINE (SNP),Paul KELLY (Lab),skipped,skipped,skipped,skipped,skipped,,7
2669,Annette VALENTINE (SNP),Paul KELLY (Lab),skipped,skipped,skipped,skipped,skipped,,7
2670,Annette VALENTINE (SNP),Paul KELLY (Lab),skipped,skipped,skipped,skipped,skipped,,7
2671,Annette VALENTINE (SNP),Paul KELLY (Lab),skipped,skipped,skipped,skipped,skipped,,7
2672,Annette VALENTINE (SNP),Paul KELLY (Lab),skipped,skipped,skipped,skipped,skipped,,7
2673,Annette VALENTINE (SNP),Paul KELLY (Lab),Julie FLEMING (RISE) (UNKNOWN),skipped,skipped,skipped,skipped,,7
2674,Annette VALENTINE (SNP),Paul KELLY (Lab),Julie FLEMING (RISE) (UNKNOWN),skipped,skipped,skipped,skipped,,7
2675,Annette VALENTINE (SNP),Paul KELLY (Lab),Elaine MCSPADDEN (IANL) (UNKNOWN),Meghan GALLACHER (Con),Julie FLEMING (RISE) (UNKNOWN),skipped,skipped,,7
2676,Annette VALENTINE (SNP),Paul KELLY (Lab),skipped,skipped,skipped,skipped,skipped,,7
2677,Annette VALENTINE (SNP),Paul KELLY (Lab),skipped,skipped,skipped,skipped,skipped,,7
2678,Annette VALENTINE (SNP),Paul KELLY (Lab),skipped,skipped,skipped,skipped,skipped,,7
2679,Annette VALENTINE (SNP),Paul KELLY (Lab),Julie FLEMING (RISE) (UNKNOWN),skipped,skipped,skipped,skipped,,7
2680,Annette VALENTINE (SNP),Paul KELLY (Lab),skipped,skipped,skipped,skipped,skipped,,7
2681,Annette VALENTINE (SNP),Paul KELLY (Lab),skipped,skipped,skipped,skipped,skipped,,7
2682,Annette VALENTINE (SNP),Paul KELLY (Lab),skipped,skipped,skipped,skipped,skipped,,7
2683,Annette VALENTINE (SNP),Paul KELLY (Lab),Meghan GALLACHER (Con),Julie FLEMING (RISE) (UNKNOWN),Elaine MCSPADDEN (IANL) (UNKNOWN),skipped,skipped,,7
2684,Annette VALENTINE (SNP),Paul KELLY (Lab),skipped,skipped,skipped,skipped,skipped,,7
2685,Annette VALENTINE (SNP),Paul KELLY (Lab),skipped,skipped,skipped,skipped,skipped,,7
2686,Annette VALENTINE (SNP),Paul KELLY (Lab),skipped,skipped,skipped,skipped,skipped,,7
2687,Annette VALENTINE (SNP),Paul KELLY (Lab),skipped,skipped,skipped,skipped,skipped,,7
2688,Annette VALENTINE (SNP),Paul KELLY (Lab),skipped,skipped,skipped,skipped,skipped,,7
2689,Annette VALENTINE (SNP),Paul KELLY (Lab),skipped,skipped,skipped,skipped,skipped,,7
2690,Annette VALENTINE (SNP),Paul KELLY (Lab),skipped,skipped,skipped,skipped,skipped,,7
2691,Annette VALENTINE (SNP),Paul KELLY (Lab),skipped,skipped,skipped,skipped,skipped,,7
2692,Annette VALENTINE (SNP),Paul KELLY (Lab),skipped,skipped,skipped,skipped,skipped,,7
2693,Annette VALENTINE (SNP),Paul KELLY (Lab),skipped,skipped,skipped,skipped,skipped,,7
2694,Annette VALENTINE (SNP),Paul KELLY (Lab),Elaine MCSPADDEN (IANL) (UNKNOWN),Julie FLEMING (RISE) (UNKNOWN),Meghan GALLACHER (Con),skipped,skipped,,7
2695,Annette VALENTINE (SNP),Paul KELLY (Lab),Meghan GALLACHER (Con),skipped,skipped,skipped,skipped,,7
2696,Annette VALENTINE (SNP),Paul KELLY (Lab),Meghan GALLACHER (Con),skipped,skipped,skipped,skipped,,7
2697,Annette VALENTINE (SNP),Paul KELLY (Lab),Meghan GALLACHER (Con),skipped,skipped,skipped,skipped,,7
2698,Annette VALENTINE (SNP),Paul KELLY (Lab),Meghan GALLACHER (Con),skipped,skipped,skipped,skipped,,7
2699,Annette VALENTINE (SNP),Elaine MCSPADDEN (IANL) (UNKNOWN),skipped,skipped,skipped,skipped,skipped,,7
2700,Annette VALENTINE (SNP),Elaine MCSPADDEN (IANL) (UNKNOWN),Julie FLEMING (RISE) (UNKNOWN),skipped,skipped,skipped,skipped,,7
2701,Annette VALENTINE (SNP),Elaine MCSPADDEN (IANL) (UNKNOWN),Julie FLEMING (RISE) (UNKNOWN),skipped,skipped,skipped,skipped,,7
2702,Annette VALENTINE (SNP),Elaine MCSPADDEN (IANL) (UNKNOWN),Julie FLEMING (RISE) (UNKNOWN),skipped,skipped,skipped,skipped,,7
2703,Annette VALENTINE (SNP),Elaine MCSPADDEN (IANL) (UNKNOWN),Julie FLEMING (RISE) (UNKNOWN),skipped,skipped,skipped,skipped,,7
2704,Annette VALENTINE (SNP),Elaine MCSPADDEN (IANL) (UNKNOWN),Julie FLEMING (RISE) (UNKNOWN),skipped,skipped,skipped,skipped,,7
2705,Annette VALENTINE (SNP),Elaine MCSPADDEN (IANL) (UNKNOWN),Paul KELLY (Lab),Julie FLEMING (RISE) (UNKNOWN),Meghan GALLACHER (Con),skipped,skipped,,7
2706,Annette VALENTINE (SNP),Elaine MCSPADDEN (IANL) (UNKNOWN),skipped,skipped,skipped,skipped,skipped,,7
2707,Annette VALENTINE (SNP),Elaine MCSPADDEN (IANL) (UNKNOWN),skipped,skipped,skipped,skipped,skipped,,7
2708,Annette VALENTINE (SNP),Elaine MCSPADDEN (IANL) (UNKNOWN),skipped,skipped,skipped,skipped,skipped,,7
2709,Annette VALENTINE (SNP),Elaine MCSPADDEN (IANL) (UNKNOWN),Paul KELLY (Lab),Julie FLEMING (RISE) (UNKNOWN),skipped,skipped,skipped,,7
2710,Annette VALENTINE (SNP),skipped,skipped,skipped,skipped,skipped,skipped,,7
2711,Annette VALENTINE (SNP),skipped,skipped,skipped,skipped,skipped,skipped,,7
2712,Annette VALENTINE (SNP),skipped,skipped,skipped,skipped,skipped,skipped,,7
2713,Annette VALENTINE (SNP),skipped,skipped,skipped,skipped,skipped,skipped,,7
2714,Annette VALENTINE (SNP),skipped,skipped,skipped,skipped,skipped,skipped,,7
2715,Annette VALENTINE (SNP),skipped,skipped,skipped,skipped,skipped,skipped,,7
2716,Annette VALENTINE (SNP),skipped,skipped,skipped,skipped,skipped,skipped,,7
2717,Annette VALENTINE (SNP),skipped,skipped,skipped,skipped,skipped,skipped,,7
2718,Annette VALENTINE (SNP),skipped,skipped,skipped,skipped,skipped,skipped,,7
2719,Annette VALENTINE (SNP),skipped,skipped,skipped,skipped,skipped,skipped,,7
2720,Annette VALENTINE (SNP),skipped,skipped,skipped,skipped,skipped,skipped,,7
2721,Annette VALENTINE (SNP),skipped,skipped,skipped,skipped,skipped,skipped,,7
2722,Annette VALENTINE (SNP),skipped,skipped,skipped,skipped,skipped,skipped,,7
2723,Annette VALENTINE (SNP),skipped,skipped,skipped,skipped,skipped,skipped,,7
2724,Annette VALENTINE (SNP),skipped,skipped,skipped,skipped,skipped,skipped,,7
2725,Annette VALENTINE (SNP),skipped,skipped,skipped,skipped,skipped,skipped,,7
2726,Annette VALENTINE (SNP),skipped,skipped,skipped,skipped,skipped,skipped,,7
2727,Annette VALENTINE (SNP),skipped,skipped,skipped,skipped,skipped,skipped,,7
2728,Annette VALENTINE (SNP),skipped,skipped,skipped,skipped,skipped,skipped,,7
2729,Annette VALENTINE (SNP),skipped,skipped,skipped,skipped,skipped,skipped,,7
2730,Annette VALENTINE (SNP),skipped,skipped,skipped,skipped,skipped,skipped,,7
2731,Annette VALENTINE (SNP),skipped,skipped,skipped,skipped,skipped,skipped,,7
2732,Annette VALENTINE (SNP),skipped,skipped,skipped,skipped,skipped,skipped,,7
2733,Annette VALENTINE (SNP),skipped,skipped,skipped,skipped,skipped,skipped,,7
2734,Annette VALENTINE (SNP),skipped,skipped,skipped,skipped,skipped,skipped,,7
2735,Annette VALENTINE (SNP),skipped,skipped,skipped,skipped,skipped,skipped,,7
2736,Annette VALENTINE (SNP),skipped,skipped,skipped,skipped,skipped,skipped,,7
2737,Annette VALENTINE (SNP),skipped,skipped,skipped,skipped,skipped,skipped,,7
2738,Annette VALENTINE (SNP),skipped,skipped,skipped,skipped,skipped,skipped,,7
2739,Annette VALENTINE (SNP),skipped,skipped,skipped,skipped,skipped,skipped,,7
2740,Annette VALENTINE (SNP),skipped,skipped,skipped,skipped,skipped,skipped,,7
2741,Annette VALENTINE (SNP),skipped,skipped,skipped,skipped,skipped,skipped,,7
2742,Annette VALENTINE (SNP),skipped,skipped,skipped,skipped,skipped,skipped,,7
2743,Annette VALENTINE (SNP),skipped,skipped,skipped,skipped,skipped,skipped,,7
2744,Annette VALENTINE (SNP),skipped,skipped,skipped,skipped,skipped,skipped,,7
2745,Annette VALENTINE (SNP),skipped,skipped,skipped,skipped,skipped,skipped,,7
2746,Annette VALENTINE (SNP),skipped,skipped,skipped,skipped,skipped,skipped,,7
2747,Annette VALENTINE (SNP),skipped,skipped,skipped,skipped,skipped,skipped,,7
2748,Annette VALENTINE (SNP),skipped,skipped,skipped,skipped,skipped,skipped,,7
2749,Annette VALENTINE (SNP),skipped,skipped,skipped,skipped,skipped,skipped,,7
2750,Annette VALENTINE (SNP),skipped,skipped,skipped,skipped,skipped,skipped,,7
2751,Annette VALENTINE (SNP),skipped,skipped,skipped,skipped,skipped,skipped,,7
2752,Annette VALENTINE (SNP),skipped,skipped,skipped,skipped,skipped,skipped,,7
2753,Annette VALENTINE (SNP),skipped,skipped,skipped,skipped,skipped,skipped,,7
2754,Annette VALENTINE (SNP),skipped,skipped,skipped,skipped,skipped,skipped,,7
2755,Annette VALENTINE (SNP),skipped,skipped,skipped,skipped,skipped,skipped,,7
2756,Annette VALENTINE (SNP),skipped,skipped,skipped,skipped,skipped,skipped,,7
2757,Annette VALENTINE (SNP),skipped,skipped,skipped,skipped,skipped,skipped,,7
2758,Annette VALENTINE (SNP),skipped,skipped,skipped,skipped,skipped,skipped,,7
2759,Annette VALENTINE (SNP),skipped,skipped,skipped,skipped,skipped,skipped,,7
2760,Annette VALENTINE (SNP),skipped,skipped,skipped,skipped,skipped,skipped,,7
2761,Annette VALENTINE (SNP),skipped,skipped,skipped,skipped,skipped,skipped,,7
2762,Annette VALENTINE (SNP),skipped,skipped,skipped,skipped,skipped,skipped,,7
2763,Annette VALENTINE (SNP),skipped,skipped,skipped,skipped,skipped,skipped,,7
2764,Annette VALENTINE (SNP),skipped,skipped,skipped,skipped,skipped,skipped,,7
2765,Annette VALENTINE (SNP),skipped,skipped,skipped,skipped,skipped,skipped,,7
2766,Annette VALENTINE (SNP),skipped,skipped,skipped,skipped,skipped,skipped,,7
2767,Annette VALENTINE (SNP),skipped,skipped,skipped,skipped,skipped,skipped,,7
2768,Annette VALENTINE (SNP),skipped,skipped,skipped,skipped,skipped,skipped,,7
2769,Annette VALENTINE (SNP),skipped,skipped,skipped,skipped,skipped,skipped,,7
2770,Annette VALENTINE (SNP),skipped,skipped,skipped,skipped,skipped,skipped,,7
2771,Annette VALENTINE (SNP),skipped,skipped,skipped,skipped,skipped,skipped,,7
2772,Annette VALENTINE (SNP),skipped,skipped,skipped,skipped,skipped,skipped,,7
2773,Annette VALENTINE (SNP),skipped,skipped,skipped,skipped,skipped,skipped,,7
2774,Annette VALENTINE (SNP),skipped,skipped,skipped,skipped,skipped,skipped,,7
2775,Annette VALENTINE (SNP),skipped,skipped,skipped,skipped,skipped,skipped,,7
2776,Annette VALENTINE (SNP),skipped,skipped,skipped,skipped,skipped,skipped,,7
2777,Annette VALENTINE (SNP),skipped,skipped,skipped,skipped,skipped,skipped,,7
2778,Annette VALENTINE (SNP),skipped,skipped,skipped,skipped,skipped,skipped,,7
2779,Annette VALENTINE (SNP),skipped,skipped,skipped,skipped,skipped,skipped,,7
2780,Annette VALENTINE (SNP),skipped,skipped,skipped,skipped,skipped,skipped,,7
2781,Annette VALENTINE (SNP),skipped,skipped,skipped,skipped,skipped,skipped,,7
2782,Annette VALENTINE (SNP),skipped,skipped,skipped,skipped,skipped,skipped,,7
2783,Annette VALENTINE (SNP),skipped,skipped,skipped,skipped,skipped,skipped,,7
2784,Annette VALENTINE (SNP),skipped,skipped,skipped,skipped,skipped,skipped,,7
2785,Annette VALENTINE (SNP),skipped,skipped,skipped,skipped,skipped,skipped,,7
2786,Annette VALENTINE (SNP),skipped,skipped,skipped,skipped,skipped,skipped,,7
2787,Annette VALENTINE (SNP),skipped,skipped,skipped,skipped,skipped,skipped,,7
2788,Annette VALENTINE (SNP),skipped,skipped,skipped,skipped,skipped,skipped,,7
2789,Annette VALENTINE (SNP),skipped,skipped,skipped,skipped,skipped,skipped,,7
2790,Annette VALENTINE (SNP),skipped,skipped,skipped,skipped,skipped,skipped,,7
2791,Annette VALENTINE (SNP),skipped,skipped,skipped,skipped,skipped,skipped,,7
2792,Annette VALENTINE (SNP),skipped,skipped,skipped,skipped,skipped,skipped,,7
2793,Annette VALENTINE (SNP),skipped,skipped,skipped,skipped,skipped,skipped,,7
2794,Annette VALENTINE (SNP),skipped,skipped,skipped,skipped,skipped,skipped,,7
2795,Annette VALENTINE (SNP),skipped,skipped,skipped,skipped,skipped,skipped,,7
2796,Annette VALENTINE (SNP),skipped,skipped,skipped,skipped,skipped,skipped,,7
2797,Annette VALENTINE (SNP),skipped,skipped,skipped,skipped,skipped,skipped,,7
2798,Annette VALENTINE (SNP),skipped,skipped,skipped,skipped,skipped,skipped,,7
2799,Annette VALENTINE (SNP),skipped,skipped,skipped,skipped,skipped,skipped,,7
2800,Annette VALENTINE (SNP),skipped,skipped,skipped,skipped,skipped,skipped,,7
2801,Annette VALENTINE (SNP),skipped,skipped,skipped,skipped,skipped,skipped,,7
2802,Annette VALENTINE (SNP),skipped,skipped,skipped,skipped,skipped,skipped,,7
2803,Annette VALENTINE (SNP),skipped,skipped,skipped,skipped,skipped,skipped,,7
2804,Annette VALENTINE (SNP),skipped,skipped,skipped,skipped,skipped,skipped,,7
2805,Annette VALENTINE (SNP),skipped,skipped,skipped,skipped,skipped,skipped,,7
2806,Annette VALENTINE (SNP),skipped,skipped,skipped,skipped,skipped,skipped,,7
2807,Annette VALENTINE (SNP),skipped,skipped,skipped,skipped,skipped,skipped,,7
2808,Annette VALENTINE (SNP),skipped,skipped,skipped,skipped,skipped,skipped,,7
2809,Annette VALENTINE (SNP),skipped,skipped,skipped,skipped,skipped,skipped,,7
2810,Annette VALENTINE (SNP),skipped,skipped,skipped,skipped,skipped,skipped,,7
2811,Annette VALENTINE (SNP),skipped,skipped,skipped,skipped,skipped,skipped,,7
2812,Annette VALENTINE (SNP),skipped,skipped,skipped,skipped,skipped,skipped,,7
2813,Annette VALENTINE (SNP),skipped,skipped,skipped,skipped,skipped,skipped,,7
2814,Annette VALENTINE (SNP),skipped,skipped,skipped,skipped,skipped,skipped,,7
2815,Annette VALENTINE (SNP),skipped,skipped,skipped,skipped,skipped,skipped,,7
2816,Annette VALENTINE (SNP),skipped,skipped,skipped,skipped,skipped,skipped,,7
2817,Annette VALENTINE (SNP),skipped,skipped,skipped,skipped,skipped,skipped,,7
2818,Annette VALENTINE (SNP),skipped,skipped,skipped,skipped,skipped,skipped,,7
2819,Annette VALENTINE (SNP),skipped,skipped,skipped,skipped,skipped,skipped,,7
2820,Annette VALENTINE (SNP),skipped,skipped,skipped,skipped,skipped,skipped,,7
2821,Annette VALENTINE (SNP),skipped,skipped,skipped,skipped,skipped,skipped,,7
2822,Annette VALENTINE (SNP),skipped,skipped,skipped,skipped,skipped,skipped,,7
2823,Annette VALENTINE (SNP),skipped,skipped,skipped,skipped,skipped,skipped,,7
2824,Annette VALENTINE (SNP),skipped,skipped,skipped,skipped,skipped,skipped,,7
2825,Annette VALENTINE (SNP),skipped,skipped,skipped,skipped,skipped,skipped,,7
2826,Annette VALENTINE (SNP),skipped,skipped,skipped,skipped,skipped,skipped,,7
2827,Annette VALENTINE (SNP),skipped,skipped,skipped,skipped,skipped,skipped,,7
2828,Annette VALENTINE (SNP),skipped,skipped,skipped,skipped,skipped,skipped,,7
2829,Annette VALENTINE (SNP),skipped,skipped,skipped,skipped,skipped,skipped,,7
2830,Annette VALENTINE (SNP),skipped,skipped,skipped,skipped,skipped,skipped,,7
2831,Annette VALENTINE (SNP),skipped,skipped,skipped,skipped,skipped,skipped,,7
2832,Annette VALENTINE (SNP),skipped,skipped,skipped,skipped,skipped,skipped,,7
2833,Annette VALENTINE (SNP),skipped,skipped,skipped,skipped,skipped,skipped,,7
2834,Annette VALENTINE (SNP),skipped,skipped,skipped,skipped,skipped,skipped,,7
2835,Annette VALENTINE (SNP),skipped,skipped,skipped,skipped,skipped,skipped,,7
2836,Annette VALENTINE (SNP),skipped,skipped,skipped,skipped,skipped,skipped,,7
2837,Annette VALENTINE (SNP),skipped,skipped,skipped,skipped,skipped,skipped,,7
2838,Annette VALENTINE (SNP),skipped,skipped,skipped,skipped,skipped,skipped,,7
2839,Annette VALENTINE (SNP),skipped,skipped,skipped,skipped,skipped,skipped,,7
2840,Annette VALENTINE (SNP),skipped,skipped,skipped,skipped,skipped,skipped,,7
2841,Annette VALENTINE (SNP),skipped,skipped,skipped,skipped,skipped,skipped,,7
2842,Annette VALENTINE (SNP),skipped,skipped,skipped,skipped,skipped,skipped,,7
2843,Annette VALENTINE (SNP),skipped,skipped,skipped,skipped,skipped,skipped,,7
2844,Annette VALENTINE (SNP),skipped,skipped,skipped,skipped,skipped,skipped,,7
2845,Annette VALENTINE (SNP),skipped,skipped,skipped,skipped,skipped,skipped,,7
2846,Annette VALENTINE (SNP),skipped,skipped,skipped,skipped,skipped,skipped,,7
2847,Annette VALENTINE (SNP),skipped,skipped,skipped,skipped,skipped,skipped,,7
2848,Annette VALENTINE (SNP),skipped,skipped,skipped,skipped,skipped,skipped,,7
2849,Annette VALENTINE (SNP),skipped,skipped,skipped,skipped,skipped,skipped,,7
2850,Annette VALENTINE (SNP),skipped,skipped,skipped,skipped,skipped,skipped,,7
2851,Annette VALENTINE (SNP),skipped,skipped,skipped,skipped,skipped,skipped,,7
2852,Annette VALENTINE (SNP),skipped,skipped,skipped,skipped,skipped,skipped,,7
2853,Annette VALENTINE (SNP),skipped,skipped,skipped,skipped,skipped,skipped,,7
2854,Annette VALENTINE (SNP),skipped,skipped,skipped,skipped,skipped,skipped,,7
2855,Annette VALENTINE (SNP),skipped,skipped,skipped,skipped,skipped,skipped,,7
2856,Annette VALENTINE (SNP),skipped,skipped,skipped,skipped,skipped,skipped,,7
2857,Annette VALENTINE (SNP),skipped,skipped,skipped,skipped,skipped,skipped,,7
2858,Annette VALENTINE (SNP),skipped,skipped,skipped,skipped,skipped,skipped,,7
2859,Annette VALENTINE (SNP),skipped,skipped,skipped,skipped,skipped,skipped,,7
2860,Annette VALENTINE (SNP),skipped,skipped,skipped,skipped,skipped,skipped,,7
2861,Annette VALENTINE (SNP),skipped,skipped,skipped,skipped,skipped,skipped,,7
2862,Annette VALENTINE (SNP),skipped,skipped,skipped,skipped,skipped,skipped,,7
2863,Annette VALENTINE (SNP),skipped,skipped,skipped,skipped,skipped,skipped,,7
2864,Annette VALENTINE (SNP),skipped,skipped,skipped,skipped,skipped,skipped,,7
2865,Annette VALENTINE (SNP),skipped,skipped,skipped,skipped,skipped,skipped,,7
2866,Annette VALENTINE (SNP),skipped,skipped,skipped,skipped,skipped,skipped,,7
2867,Annette VALENTINE (SNP),skipped,skipped,skipped,skipped,skipped,skipped,,7
2868,Annette VALENTINE (SNP),skipped,skipped,skipped,skipped,skipped,skipped,,7
2869,Annette VALENTINE (SNP),skipped,skipped,skipped,skipped,skipped,skipped,,7
2870,Annette VALENTINE (SNP),skipped,skipped,skipped,skipped,skipped,skipped,,7
2871,Annette VALENTINE (SNP),skipped,skipped,skipped,skipped,skipped,skipped,,7
2872,Annette VALENTINE (SNP),skipped,skipped,skipped,skipped,skipped,skipped,,7
2873,Annette VALENTINE (SNP),skipped,skipped,skipped,skipped,skipped,skipped,,7
2874,Annette VALENTINE (SNP),skipped,skipped,skipped,skipped,skipped,skipped,,7
2875,Annette VALENTINE (SNP),skipped,skipped,skipped,skipped,skipped,skipped,,7
2876,Annette VALENTINE (SNP),skipped,skipped,skipped,skipped,skipped,skipped,,7
2877,Annette VALENTINE (SNP),skipped,skipped,skipped,skipped,skipped,skipped,,7
2878,Annette VALENTINE (SNP),skipped,skipped,skipped,skipped,skipped,skipped,,7
2879,Annette VALENTINE (SNP),skipped,skipped,skipped,skipped,skipped,skipped,,7
2880,Annette VALENTINE (SNP),skipped,skipped,skipped,skipped,skipped,skipped,,7
2881,Annette VALENTINE (SNP),skipped,skipped,skipped,skipped,skipped,skipped,,7
2882,Annette VALENTINE (SNP),skipped,skipped,skipped,skipped,skipped,skipped,,7
2883,Annette VALENTINE (SNP),skipped,skipped,skipped,skipped,skipped,skipped,,7
2884,Annette VALENTINE (SNP),skipped,skipped,skipped,skipped,skipped,skipped,,7
2885,Annette VALENTINE (SNP),skipped,skipped,skipped,skipped,skipped,skipped,,7
2886,Annette VALENTINE (SNP),skipped,skipped,skipped,skipped,skipped,skipped,,7
2887,Annette VALENTINE (SNP),skipped,skipped,skipped,skipped,skipped,skipped,,7
2888,Annette VALENTINE (SNP),skipped,skipped,skipped,skipped,skipped,skipped,,7
2889,Annette VALENTINE (SNP),skipped,skipped,skipped,skipped,skipped,skipped,,7
2890,Annette VALENTINE (SNP),skipped,skipped,skipped,skipped,skipped,skipped,,7
2891,Annette VALENTINE (SNP),skipped,skipped,skipped,skipped,skipped,skipped,,7
2892,Annette VALENTINE (SNP),skipped,skipped,skipped,skipped,skipped,skipped,,7
2893,Annette VALENTINE (SNP),skipped,skipped,skipped,skipped,skipped,skipped,,7
2894,Annette VALENTINE (SNP),skipped,skipped,skipped,skipped,skipped,skipped,,7
2895,Annette VALENTINE (SNP),skipped,skipped,skipped,skipped,skipped,skipped,,7
2896,Annette VALENTINE (SNP),skipped,skipped,skipped,skipped,skipped,skipped,,7
2897,Annette VALENTINE (SNP),skipped,skipped,skipped,skipped,skipped,skipped,,7
2898,Annette VALENTINE (SNP),skipped,skipped,skipped,skipped,skipped,skipped,,7
2899,Annette VALENTINE (SNP),skipped,skipped,skipped,skipped,skipped,skipped,,7
2900,Annette VALENTINE (SNP),skipped,skipped,skipped,skipped,skipped,skipped,,7
2901,Annette VALENTINE (SNP),skipped,skipped,skipped,skipped,skipped,skipped,,7
2902,Annette VALENTINE (SNP),skipped,skipped,skipped,skipped,skipped,skipped,,7
2903,Annette VALENTINE (SNP),skipped,skipped,skipped,skipped,skipped,skipped,,7
2904,Annette VALENTINE (SNP),skipped,skipped,skipped,skipped,skipped,skipped,,7
2905,Annette VALENTINE (SNP),skipped,skipped,skipped,skipped,skipped,skipped,,7
2906,Annette VALENTINE (SNP),skipped,skipped,skipped,skipped,skipped,skipped,,7
2907,Annette VALENTINE (SNP),skipped,skipped,skipped,skipped,skipped,skipped,,7
2908,Annette VALENTINE (SNP),skipped,skipped,skipped,skipped,skipped,skipped,,7
2909,Annette VALENTINE (SNP),skipped,skipped,skipped,skipped,skipped,skipped,,7
2910,Annette VALENTINE (SNP),skipped,skipped,skipped,skipped,skipped,skipped,,7
2911,Annette VALENTINE (SNP),skipped,skipped,skipped,skipped,skipped,skipped,,7
2912,Annette VALENTINE (SNP),skipped,skipped,skipped,skipped,skipped,skipped,,7
2913,Annette VALENTINE (SNP),skipped,skipped,skipped,skipped,skipped,skipped,,7
2914,Annette VALENTINE (SNP),skipped,skipped,skipped,skipped,skipped,skipped,,7
2915,Annette VALENTINE (SNP),skipped,skipped,skipped,skipped,skipped,skipped,,7
2916,Annette VALENTINE (SNP),skipped,skipped,skipped,skipped,skipped,skipped,,7
2917,Annette VALENTINE (SNP),skipped,skipped,skipped,skipped,skipped,skipped,,7
2918,Annette VALENTINE (SNP),skipped,skipped,skipped,skipped,skipped,skipped,,7
2919,Annette VALENTINE (SNP),skipped,skipped,skipped,skipped,skipped,skipped,,7
2920,Annette VALENTINE (SNP),skipped,skipped,skipped,skipped,skipped,skipped,,7
2921,Annette VALENTINE (SNP),skipped,skipped,skipped,skipped,skipped,skipped,,7
2922,Annette VALENTINE (SNP),skipped,skipped,skipped,skipped,skipped,skipped,,7
2923,Annette VALENTINE (SNP),skipped,skipped,skipped,skipped,skipped,skipped,,7
2924,Annette VALENTINE (SNP),skipped,skipped,skipped,skipped,skipped,skipped,,7
2925,Annette VALENTINE (SNP),skipped,skipped,skipped,skipped,skipped,skipped,,7
2926,Annette VALENTINE (SNP),skipped,skipped,skipped,skipped,skipped,skipped,,7
2927,Annette VALENTINE (SNP),skipped,skipped,skipped,skipped,skipped,skipped,,7
2928,Annette VALENTINE (SNP),skipped,skipped,skipped,skipped,skipped,skipped,,7
2929,Annette VALENTINE (SNP),skipped,skipped,skipped,skipped,skipped,skipped,,7
2930,Annette VALENTINE (SNP),skipped,skipped,skipped,skipped,skipped,skipped,,7
2931,Annette VALENTINE (SNP),skipped,skipped,skipped,skipped,skipped,skipped,,7
2932,Annette VALENTINE (SNP),skipped,skipped,skipped,skipped,skipped,skipped,,7
2933,Annette VALENTINE (SNP),skipped,skipped,skipped,skipped,skipped,skipped,,7
2934,Annette VALENTINE (SNP),skipped,skipped,skipped,skipped,skipped,skipped,,7
2935,Annette VALENTINE (SNP),skipped,skipped,skipped,skipped,skipped,skipped,,7
2936,Annette VALENTINE (SNP),skipped,skipped,skipped,skipped,skipped,skipped,,7
2937,Annette VALENTINE (SNP),skipped,skipped,skipped,skipped,skipped,skipped,,7
2938,Annette VALENTINE (SNP),skipped,skipped,skipped,skipped,skipped,skipped,,7
2939,Annette VALENTINE (SNP),skipped,skipped,skipped,skipped,skipped,skipped,,7
2940,Annette VALENTINE (SNP),skipped,skipped,skipped,skipped,skipped,skipped,,7
2941,Annette VALENTINE (SNP),skipped,skipped,skipped,skipped,skipped,skipped,,7
2942,Annette VALENTINE (SNP),skipped,skipped,skipped,skipped,skipped,skipped,,7
2943,Annette VALENTINE (SNP),skipped,skipped,skipped,skipped,skipped,skipped,,7
2944,Annette VALENTINE (SNP),skipped,skipped,skipped,skipped,skipped,skipped,,7
2945,Annette VALENTINE (SNP),skipped,skipped,skipped,skipped,skipped,skipped,,7
2946,Annette VALENTINE (SNP),skipped,skipped,skipped,skipped,skipped,skipped,,7
2947,Annette VALENTINE (SNP),skipped,skipped,skipped,skipped,skipped,skipped,,7
2948,Annette VALENTINE (SNP),skipped,skipped,skipped,skipped,skipped,skipped,,7
2949,Annette VALENTINE (SNP),skipped,skipped,skipped,skipped,skipped,skipped,,7
2950,Annette VALENTINE (SNP),skipped,skipped,skipped,skipped,skipped,skipped,,7
2951,Annette VALENTINE (SNP),skipped,skipped,skipped,skipped,skipped,skipped,,7
2952,Annette VALENTINE (SNP),skipped,skipped,skipped,skipped,skipped,skipped,,7
2953,Annette VALENTINE (SNP),skipped,skipped,skipped,skipped,skipped,skipped,,7
2954,Annette VALENTINE (SNP),skipped,skipped,skipped,skipped,skipped,skipped,,7
2955,Annette VALENTINE (SNP),skipped,skipped,skipped,skipped,skipped,skipped,,7
2956,Annette VALENTINE (SNP),skipped,skipped,skipped,skipped,skipped,skipped,,7
2957,Annette VALENTINE (SNP),skipped,skipped,skipped,skipped,skipped,skipped,,7
2958,Annette VALENTINE (SNP),skipped,skipped,skipped,skipped,skipped,skipped,,7
2959,Annette VALENTINE (SNP),skipped,skipped,skipped,skipped,skipped,skipped,,7
2960,Annette VALENTINE (SNP),skipped,skipped,skipped,skipped,skipped,skipped,,7
2961,Annette VALENTINE (SNP),skipped,skipped,skipped,skipped,skipped,skipped,,7
2962,Annette VALENTINE (SNP),skipped,skipped,skipped,skipped,skipped,skipped,,7
2963,Annette VALENTINE (SNP),skipped,skipped,skipped,skipped,skipped,skipped,,7
2964,Annette VALENTINE (SNP),skipped,skipped,skipped,skipped,skipped,skipped,,7
2965,Annette VALENTINE (SNP),skipped,skipped,skipped,skipped,skipped,skipped,,7
2966,Annette VALENTINE (SNP),skipped,skipped,skipped,skipped,skipped,skipped,,7
2967,Annette VALENTINE (SNP),skipped,skipped,skipped,skipped,skipped,skipped,,7
2968,Annette VALENTINE (SNP),skipped,skipped,skipped,skipped,skipped,skipped,,7
2969,Annette VALENTINE (SNP),skipped,skipped,skipped,skipped,skipped,skipped,,7
2970,Annette VALENTINE (SNP),skipped,skipped,skipped,skipped,skipped,skipped,,7
2971,Annette VALENTINE (SNP),skipped,skipped,skipped,skipped,skipped,skipped,,7
2972,Annette VALENTINE (SNP),skipped,skipped,skipped,skipped,skipped,skipped,,7
2973,Annette VALENTINE (SNP),skipped,skipped,skipped,skipped,skipped,skipped,,7
2974,Annette VALENTINE (SNP),skipped,skipped,skipped,skipped,skipped,skipped,,7
2975,Annette VALENTINE (SNP),skipped,skipped,skipped,skipped,skipped,skipped,,7
2976,Annette VALENTINE (SNP),skipped,skipped,skipped,skipped,skipped,skipped,,7
2977,Annette VALENTINE (SNP),skipped,skipped,skipped,skipped,skipped,skipped,,7
2978,Annette VALENTINE (SNP),skipped,skipped,skipped,skipped,skipped,skipped,,7
2979,Annette VALENTINE (SNP),skipped,skipped,skipped,skipped,skipped,skipped,,7
2980,Annette VALENTINE (SNP),skipped,skipped,skipped,skipped,skipped,skipped,,7
2981,Annette VALENTINE (SNP),skipped,skipped,skipped,skipped,skipped,skipped,,7
2982,Annette VALENTINE (SNP),skipped,skipped,skipped,skipped,skipped,skipped,,7
2983,Annette VALENTINE (SNP),skipped,skipped,skipped,skipped,skipped,skipped,,7
2984,Annette VALENTINE (SNP),skipped,skipped,skipped,skipped,skipped,skipped,,7
2985,Annette VALENTINE (SNP),skipped,skipped,skipped,skipped,skipped,skipped,,7
2986,Annette VALENTINE (SNP),skipped,skipped,skipped,skipped,skipped,skipped,,7
2987,Annette VALENTINE (SNP),skipped,skipped,skipped,skipped,skipped,skipped,,7
2988,Annette VALENTINE (SNP),skipped,skipped,skipped,skipped,skipped,skipped,,7
2989,Annette VALENTINE (SNP),skipped,skipped,skipped,skipped,skipped,skipped,,7
2990,Annette VALENTINE (SNP),skipped,skipped,skipped,skipped,skipped,skipped,,7
2991,Annette VALENTINE (SNP),skipped,skipped,skipped,skipped,skipped,skipped,,7
2992,Annette VALENTINE (SNP),skipped,skipped,skipped,skipped,skipped,skipped,,7
2993,Annette VALENTINE (SNP),skipped,skipped,skipped,skipped,skipped,skipped,,7
2994,Annette VALENTINE (SNP),skipped,skipped,skipped,skipped,skipped,skipped,,7
2995,Annette VALENTINE (SNP),skipped,skipped,skipped,skipped,skipped,skipped,,7
2996,Annette VALENTINE (SNP),skipped,skipped,skipped,skipped,skipped,skipped,,7
2997,Annette VALENTINE (SNP),skipped,skipped,skipped,skipped,skipped,skipped,,7
2998,Annette VALENTINE (SNP),skipped,skipped,skipped,skipped,skipped,skipped,,7
2999,Annette VALENTINE (SNP),skipped,skipped,skipped,skipped,skipped,skipped,,7
3000,Annette VALENTINE (SNP),skipped,skipped,skipped,skipped,skipped,skipped,,7
3001,Annette VALENTINE (SNP),skipped,skipped,skipped,skipped,skipped,skipped,,7
3002,Annette VALENTINE (SNP),skipped,skipped,skipped,skipped,skipped,skipped,,7
3003,Annette VALENTINE (SNP),skipped,skipped,skipped,skipped,skipped,skipped,,7
3004,Annette VALENTINE (SNP),skipped,skipped,skipped,skipped,skipped,skipped,,7
3005,Annette VALENTINE (SNP),skipped,skipped,skipped,skipped,skipped,skipped,,7
3006,Annette VALENTINE (SNP),skipped,skipped,skipped,skipped,skipped,skipped,,7
3007,Annette VALENTINE (SNP),skipped,skipped,skipped,skipped,skipped,skipped,,7
3008,Annette VALENTINE (SNP),skipped,skipped,skipped,skipped,skipped,skipped,,7
3009,Annette VALENTINE (SNP),skipped,skipped,skipped,skipped,skipped,skipped,,7
3010,Annette VALENTINE (SNP),skipped,skipped,skipped,skipped,skipped,skipped,,7
3011,Annette VALENTINE (SNP),skipped,skipped,skipped,skipped,skipped,skipped,,7
3012,Annette VALENTINE (SNP),skipped,skipped,skipped,skipped,skipped,skipped,,7
3013,Annette VALENTINE (SNP),Julie FLEMING (RISE) (UNKNOWN),skipped,skipped,skipped,skipped,skipped,,7
3014,Annette VALENTINE (SNP),Julie FLEMING (RISE) (UNKNOWN),skipped,skipped,skipped,skipped,skipped,,7
3015,Annette VALENTINE (SNP),Julie FLEMING (RISE) (UNKNOWN),skipped,skipped,skipped,skipped,skipped,,7
3016,Annette VALENTINE (SNP),Julie FLEMING (RISE) (UNKNOWN),skipped,skipped,skipped,skipped,skipped,,7
3017,Annette VALENTINE (SNP),Julie FLEMING (RISE) (UNKNOWN),skipped,skipped,skipped,skipped,skipped,,7
3018,Annette VALENTINE (SNP),Julie FLEMING (RISE) (UNKNOWN),skipped,skipped,skipped,skipped,skipped,,7
3019,Annette VALENTINE (SNP),Julie FLEMING (RISE) (UNKNOWN),skipped,skipped,skipped,skipped,skipped,,7
3020,Annette VALENTINE (SNP),Julie FLEMING (RISE) (UNKNOWN),skipped,skipped,skipped,skipped,skipped,,7
3021,Annette VALENTINE (SNP),Julie FLEMING (RISE) (UNKNOWN),skipped,skipped,skipped,skipped,skipped,,7
3022,Annette VALENTINE (SNP),Julie FLEMING (RISE) (UNKNOWN),skipped,skipped,skipped,skipped,skipped,,7
3023,Annette VALENTINE (SNP),Julie FLEMING (RISE) (UNKNOWN),skipped,skipped,skipped,skipped,skipped,,7
3024,Annette VALENTINE (SNP),Julie FLEMING (RISE) (UNKNOWN),skipped,skipped,skipped,skipped,skipped,,7
3025,Annette VALENTINE (SNP),Julie FLEMING (RISE) (UNKNOWN),skipped,skipped,skipped,skipped,skipped,,7
3026,Annette VALENTINE (SNP),Julie FLEMING (RISE) (UNKNOWN),skipped,skipped,skipped,skipped,skipped,,7
3027,Annette VALENTINE (SNP),Julie FLEMING (RISE) (UNKNOWN),skipped,skipped,skipped,skipped,skipped,,7
3028,Annette VALENTINE (SNP),Julie FLEMING (RISE) (UNKNOWN),skipped,skipped,skipped,skipped,skipped,,7
3029,Annette VALENTINE (SNP),Julie FLEMING (RISE) (UNKNOWN),skipped,skipped,skipped,skipped,skipped,,7
3030,Annette VALENTINE (SNP),Julie FLEMING (RISE) (UNKNOWN),skipped,skipped,skipped,skipped,skipped,,7
3031,Annette VALENTINE (SNP),Julie FLEMING (RISE) (UNKNOWN),skipped,skipped,skipped,skipped,skipped,,7
3032,Annette VALENTINE (SNP),Julie FLEMING (RISE) (UNKNOWN),skipped,skipped,skipped,skipped,skipped,,7
3033,Annette VALENTINE (SNP),Julie FLEMING (RISE) (UNKNOWN),skipped,skipped,skipped,skipped,skipped,,7
3034,Annette VALENTINE (SNP),Julie FLEMING (RISE) (UNKNOWN),skipped,skipped,skipped,skipped,skipped,,7
3035,Annette VALENTINE (SNP),Julie FLEMING (RISE) (UNKNOWN),skipped,skipped,skipped,skipped,skipped,,7
3036,Annette VALENTINE (SNP),Julie FLEMING (RISE) (UNKNOWN),skipped,skipped,skipped,skipped,skipped,,7
3037,Annette VALENTINE (SNP),Julie FLEMING (RISE) (UNKNOWN),skipped,skipped,skipped,skipped,skipped,,7
3038,Annette VALENTINE (SNP),Julie FLEMING (RISE) (UNKNOWN),skipped,skipped,skipped,skipped,skipped,,7
3039,Annette VALENTINE (SNP),Julie FLEMING (RISE) (UNKNOWN),skipped,skipped,skipped,skipped,skipped,,7
3040,Annette VALENTINE (SNP),Julie FLEMING (RISE) (UNKNOWN),skipped,skipped,skipped,skipped,skipped,,7
3041,Annette VALENTINE (SNP),Julie FLEMING (RISE) (UNKNOWN),skipped,skipped,skipped,skipped,skipped,,7
3042,Annette VALENTINE (SNP),Julie FLEMING (RISE) (UNKNOWN),skipped,skipped,skipped,skipped,skipped,,7
3043,Annette VALENTINE (SNP),Julie FLEMING (RISE) (UNKNOWN),skipped,skipped,skipped,skipped,skipped,,7
3044,Annette VALENTINE (SNP),Julie FLEMING (RISE) (UNKNOWN),skipped,skipped,skipped,skipped,skipped,,7
3045,Annette VALENTINE (SNP),Julie FLEMING (RISE) (UNKNOWN),skipped,skipped,skipped,skipped,skipped,,7
3046,Annette VALENTINE (SNP),Julie FLEMING (RISE) (UNKNOWN),skipped,skipped,skipped,skipped,skipped,,7
3047,Annette VALENTINE (SNP),Julie FLEMING (RISE) (UNKNOWN),skipped,skipped,skipped,skipped,skipped,,7
3048,Annette VALENTINE (SNP),Julie FLEMING (RISE) (UNKNOWN),skipped,skipped,skipped,skipped,skipped,,7
3049,Annette VALENTINE (SNP),Julie FLEMING (RISE) (UNKNOWN),skipped,skipped,skipped,skipped,skipped,,7
3050,Annette VALENTINE (SNP),Julie FLEMING (RISE) (UNKNOWN),skipped,skipped,skipped,skipped,skipped,,7
3051,Annette VALENTINE (SNP),Julie FLEMING (RISE) (UNKNOWN),skipped,skipped,skipped,skipped,skipped,,7
3052,Annette VALENTINE (SNP),Julie FLEMING (RISE) (UNKNOWN),skipped,skipped,skipped,skipped,skipped,,7
3053,Annette VALENTINE (SNP),Julie FLEMING (RISE) (UNKNOWN),skipped,skipped,skipped,skipped,skipped,,7
3054,Annette VALENTINE (SNP),Julie FLEMING (RISE) (UNKNOWN),skipped,skipped,skipped,skipped,skipped,,7
3055,Annette VALENTINE (SNP),Julie FLEMING (RISE) (UNKNOWN),skipped,skipped,skipped,skipped,skipped,,7
3056,Annette VALENTINE (SNP),Julie FLEMING (RISE) (UNKNOWN),skipped,skipped,skipped,skipped,skipped,,7
3057,Annette VALENTINE (SNP),Julie FLEMING (RISE) (UNKNOWN),skipped,skipped,skipped,skipped,skipped,,7
3058,Annette VALENTINE (SNP),Julie FLEMING (RISE) (UNKNOWN),skipped,skipped,skipped,skipped,skipped,,7
3059,Annette VALENTINE (SNP),Julie FLEMING (RISE) (UNKNOWN),skipped,skipped,skipped,skipped,skipped,,7
3060,Annette VALENTINE (SNP),Julie FLEMING (RISE) (UNKNOWN),skipped,skipped,skipped,skipped,skipped,,7
3061,Annette VALENTINE (SNP),Julie FLEMING (RISE) (UNKNOWN),skipped,skipped,skipped,skipped,skipped,,7
3062,Annette VALENTINE (SNP),Julie FLEMING (RISE) (UNKNOWN),skipped,skipped,skipped,skipped,skipped,,7
3063,Annette VALENTINE (SNP),Julie FLEMING (RISE) (UNKNOWN),skipped,skipped,skipped,skipped,skipped,,7
3064,Annette VALENTINE (SNP),Julie FLEMING (RISE) (UNKNOWN),skipped,skipped,skipped,skipped,skipped,,7
3065,Annette VALENTINE (SNP),Julie FLEMING (RISE) (UNKNOWN),skipped,skipped,skipped,skipped,skipped,,7
3066,Annette VALENTINE (SNP),Julie FLEMING (RISE) (UNKNOWN),skipped,skipped,skipped,skipped,skipped,,7
3067,Annette VALENTINE (SNP),Julie FLEMING (RISE) (UNKNOWN),skipped,skipped,skipped,skipped,skipped,,7
3068,Annette VALENTINE (SNP),Julie FLEMING (RISE) (UNKNOWN),skipped,skipped,skipped,skipped,skipped,,7
3069,Annette VALENTINE (SNP),Julie FLEMING (RISE) (UNKNOWN),skipped,skipped,skipped,skipped,skipped,,7
3070,Annette VALENTINE (SNP),Julie FLEMING (RISE) (UNKNOWN),skipped,skipped,skipped,skipped,skipped,,7
3071,Annette VALENTINE (SNP),Julie FLEMING (RISE) (UNKNOWN),skipped,skipped,skipped,skipped,skipped,,7
3072,Annette VALENTINE (SNP),Julie FLEMING (RISE) (UNKNOWN),skipped,skipped,skipped,skipped,skipped,,7
3073,Annette VALENTINE (SNP),Julie FLEMING (RISE) (UNKNOWN),skipped,skipped,skipped,skipped,skipped,,7
3074,Annette VALENTINE (SNP),Julie FLEMING (RISE) (UNKNOWN),skipped,skipped,skipped,skipped,skipped,,7
3075,Annette VALENTINE (SNP),Julie FLEMING (RISE) (UNKNOWN),skipped,skipped,skipped,skipped,skipped,,7
3076,Annette VALENTINE (SNP),Julie FLEMING (RISE) (UNKNOWN),skipped,skipped,skipped,skipped,skipped,,7
3077,Annette VALENTINE (SNP),Julie FLEMING (RISE) (UNKNOWN),skipped,skipped,skipped,skipped,skipped,,7
3078,Annette VALENTINE (SNP),Julie FLEMING (RISE) (UNKNOWN),skipped,skipped,skipped,skipped,skipped,,7
3079,Annette VALENTINE (SNP),Julie FLEMING (RISE) (UNKNOWN),skipped,skipped,skipped,skipped,skipped,,7
3080,Annette VALENTINE (SNP),Julie FLEMING (RISE) (UNKNOWN),skipped,skipped,skipped,skipped,skipped,,7
3081,Annette VALENTINE (SNP),Julie FLEMING (RISE) (UNKNOWN),skipped,skipped,skipped,skipped,skipped,,7
3082,Annette VALENTINE (SNP),Julie FLEMING (RISE) (UNKNOWN),skipped,skipped,skipped,skipped,skipped,,7
3083,Annette VALENTINE (SNP),Julie FLEMING (RISE) (UNKNOWN),skipped,skipped,skipped,skipped,skipped,,7
3084,Annette VALENTINE (SNP),Julie FLEMING (RISE) (UNKNOWN),skipped,skipped,skipped,skipped,skipped,,7
3085,Annette VALENTINE (SNP),Julie FLEMING (RISE) (UNKNOWN),skipped,skipped,skipped,skipped,skipped,,7
3086,Annette VALENTINE (SNP),Julie FLEMING (RISE) (UNKNOWN),skipped,skipped,skipped,skipped,skipped,,7
3087,Annette VALENTINE (SNP),Julie FLEMING (RISE) (UNKNOWN),skipped,skipped,skipped,skipped,skipped,,7
3088,Annette VALENTINE (SNP),Julie FLEMING (RISE) (UNKNOWN),skipped,skipped,skipped,skipped,skipped,,7
3089,Annette VALENTINE (SNP),Julie FLEMING (RISE) (UNKNOWN),skipped,skipped,skipped,skipped,skipped,,7
3090,Annette VALENTINE (SNP),Julie FLEMING (RISE) (UNKNOWN),skipped,skipped,skipped,skipped,skipped,,7
3091,Annette VALENTINE (SNP),Julie FLEMING (RISE) (UNKNOWN),skipped,skipped,skipped,skipped,skipped,,7
3092,Annette VALENTINE (SNP),Julie FLEMING (RISE) (UNKNOWN),skipped,skipped,skipped,skipped,skipped,,7
3093,Annette VALENTINE (SNP),Julie FLEMING (RISE) (UNKNOWN),skipped,skipped,skipped,skipped,skipped,,7
3094,Annette VALENTINE (SNP),Julie FLEMING (RISE) (UNKNOWN),skipped,skipped,skipped,skipped,skipped,,7
3095,Annette VALENTINE (SNP),Julie FLEMING (RISE) (UNKNOWN),skipped,skipped,skipped,skipped,skipped,,7
3096,Annette VALENTINE (SNP),Julie FLEMING (RISE) (UNKNOWN),skipped,skipped,skipped,skipped,skipped,,7
3097,Annette VALENTINE (SNP),Julie FLEMING (RISE) (UNKNOWN),skipped,skipped,skipped,skipped,skipped,,7
3098,Annette VALENTINE (SNP),Julie FLEMING (RISE) (UNKNOWN),skipped,skipped,skipped,skipped,skipped,,7
3099,Annette VALENTINE (SNP),Julie FLEMING (RISE) (UNKNOWN),skipped,skipped,skipped,skipped,skipped,,7
3100,Annette VALENTINE (SNP),Julie FLEMING (RISE) (UNKNOWN),skipped,skipped,skipped,skipped,skipped,,7
3101,Annette VALENTINE (SNP),Julie FLEMING (RISE) (UNKNOWN),skipped,skipped,skipped,skipped,skipped,,7
3102,Annette VALENTINE (SNP),Julie FLEMING (RISE) (UNKNOWN),skipped,skipped,skipped,skipped,skipped,,7
3103,Annette VALENTINE (SNP),Julie FLEMING (RISE) (UNKNOWN),skipped,skipped,skipped,skipped,skipped,,7
3104,Annette VALENTINE (SNP),Julie FLEMING (RISE) (UNKNOWN),Paul KELLY (Lab),skipped,skipped,skipped,skipped,,7
3105,Annette VALENTINE (SNP),Julie FLEMING (RISE) (UNKNOWN),Paul KELLY (Lab),skipped,skipped,skipped,skipped,,7
3106,Annette VALENTINE (SNP),Julie FLEMING (RISE) (UNKNOWN),Paul KELLY (Lab),Elaine MCSPADDEN (IANL) (UNKNOWN),Meghan GALLACHER (Con),skipped,skipped,,7
3107,Annette VALENTINE (SNP),Julie FLEMING (RISE) (UNKNOWN),Paul KELLY (Lab),Elaine MCSPADDEN (IANL) (UNKNOWN),Meghan GALLACHER (Con),skipped,skipped,,7
3108,Annette VALENTINE (SNP),Julie FLEMING (RISE) (UNKNOWN),Paul KELLY (Lab),skipped,skipped,skipped,skipped,,7
3109,Annette VALENTINE (SNP),Julie FLEMING (RISE) (UNKNOWN),Paul KELLY (Lab),Elaine MCSPADDEN (IANL) (UNKNOWN),skipped,skipped,skipped,,7
3110,Annette VALENTINE (SNP),Julie FLEMING (RISE) (UNKNOWN),Paul KELLY (Lab),Elaine MCSPADDEN (IANL) (UNKNOWN),skipped,skipped,skipped,,7
3111,Annette VALENTINE (SNP),Julie FLEMING (RISE) (UNKNOWN),Paul KELLY (Lab),Elaine MCSPADDEN (IANL) (UNKNOWN),Meghan GALLACHER (Con),skipped,skipped,,7
3112,Annette VALENTINE (SNP),Julie FLEMING (RISE) (UNKNOWN),Paul KELLY (Lab),Elaine MCSPADDEN (IANL) (UNKNOWN),Meghan GALLACHER (Con),skipped,skipped,,7
3113,Annette VALENTINE (SNP),Julie FLEMING (RISE) (UNKNOWN),Paul KELLY (Lab),Elaine MCSPADDEN (IANL) (UNKNOWN),Meghan GALLACHER (Con),skipped,skipped,,7
3114,Annette VALENTINE (SNP),Julie FLEMING (RISE) (UNKNOWN),Paul KELLY (Lab),Elaine MCSPADDEN (IANL) (UNKNOWN),Meghan GALLACHER (Con),skipped,skipped,,7
3115,Annette VALENTINE (SNP),Julie FLEMING (RISE) (UNKNOWN),Paul KELLY (Lab),Elaine MCSPADDEN (IANL) (UNKNOWN),Meghan GALLACHER (Con),skipped,skipped,,7
3116,Annette VALENTINE (SNP),Julie FLEMING (RISE) (UNKNOWN),Paul KELLY (Lab),Elaine MCSPADDEN (IANL) (UNKNOWN),Meghan GALLACHER (Con),skipped,skipped,,7
3117,Annette VALENTINE (SNP),Julie FLEMING (RISE) (UNKNOWN),Paul KELLY (Lab),Elaine MCSPADDEN (IANL) (UNKNOWN),Meghan GALLACHER (Con),skipped,skipped,,7
3118,Annette VALENTINE (SNP),Julie FLEMING (RISE) (UNKNOWN),Elaine MCSPADDEN (IANL) (UNKNOWN),skipped,skipped,skipped,skipped,,7
3119,Annette VALENTINE (SNP),Julie FLEMING (RISE) (UNKNOWN),Elaine MCSPADDEN (IANL) (UNKNOWN),skipped,skipped,skipped,skipped,,7
3120,Annette VALENTINE (SNP),Julie FLEMING (RISE) (UNKNOWN),Elaine MCSPADDEN (IANL) (UNKNOWN),skipped,skipped,skipped,skipped,,7
3121,Annette VALENTINE (SNP),Julie FLEMING (RISE) (UNKNOWN),Elaine MCSPADDEN (IANL) (UNKNOWN),skipped,skipped,skipped,skipped,,7
3122,Annette VALENTINE (SNP),Julie FLEMING (RISE) (UNKNOWN),Elaine MCSPADDEN (IANL) (UNKNOWN),skipped,skipped,skipped,skipped,,7
3123,Annette VALENTINE (SNP),Julie FLEMING (RISE) (UNKNOWN),Elaine MCSPADDEN (IANL) (UNKNOWN),skipped,skipped,skipped,skipped,,7
3124,Annette VALENTINE (SNP),Julie FLEMING (RISE) (UNKNOWN),Elaine MCSPADDEN (IANL) (UNKNOWN),Paul KELLY (Lab),skipped,skipped,skipped,,7
3125,Annette VALENTINE (SNP),Julie FLEMING (RISE) (UNKNOWN),Elaine MCSPADDEN (IANL) (UNKNOWN),Paul KELLY (Lab),skipped,skipped,skipped,,7
3126,Annette VALENTINE (SNP),Julie FLEMING (RISE) (UNKNOWN),Elaine MCSPADDEN (IANL) (UNKNOWN),Paul KELLY (Lab),skipped,skipped,skipped,,7
3127,Annette VALENTINE (SNP),Julie FLEMING (RISE) (UNKNOWN),Elaine MCSPADDEN (IANL) (UNKNOWN),Paul KELLY (Lab),Meghan GALLACHER (Con),skipped,skipped,,7
3128,Annette VALENTINE (SNP),Julie FLEMING (RISE) (UNKNOWN),Elaine MCSPADDEN (IANL) (UNKNOWN),Paul KELLY (Lab),Meghan GALLACHER (Con),skipped,skipped,,7
3129,Annette VALENTINE (SNP),Julie FLEMING (RISE) (UNKNOWN),Elaine MCSPADDEN (IANL) (UNKNOWN),Paul KELLY (Lab),Meghan GALLACHER (Con),skipped,skipped,,7
3130,Annette VALENTINE (SNP),Julie FLEMING (RISE) (UNKNOWN),Elaine MCSPADDEN (IANL) (UNKNOWN),Paul KELLY (Lab),Meghan GALLACHER (Con),skipped,skipped,,7
3131,Annette VALENTINE (SNP),Julie FLEMING (RISE) (UNKNOWN),Elaine MCSPADDEN (IANL) (UNKNOWN),Paul KELLY (Lab),Meghan GALLACHER (Con),skipped,skipped,,7
3132,Annette VALENTINE (SNP),Julie FLEMING (RISE) (UNKNOWN),Elaine MCSPADDEN (IANL) (UNKNOWN),Paul KELLY (Lab),Meghan GALLACHER (Con),skipped,skipped,,7
3133,Annette VALENTINE (SNP),Julie FLEMING (RISE) (UNKNOWN),Elaine MCSPADDEN (IANL) (UNKNOWN),Paul KELLY (Lab),Meghan GALLACHER (Con),skipped,skipped,,7
3134,Annette VALENTINE (SNP),Julie FLEMING (RISE) (UNKNOWN),Elaine MCSPADDEN (IANL) (UNKNOWN),Paul KELLY (Lab),Meghan GALLACHER (Con),skipped,skipped,,7
3135,Annette VALENTINE (SNP),Julie FLEMING (RISE) (UNKNOWN),Elaine MCSPADDEN (IANL) (UNKNOWN),Paul KELLY (Lab),Meghan GALLACHER (Con),skipped,skipped,,7
3136,Annette VALENTINE (SNP),Julie FLEMING (RISE) (UNKNOWN),Elaine MCSPADDEN (IANL) (UNKNOWN),Paul KELLY (Lab),Meghan GALLACHER (Con),skipped,skipped,,7
3137,Annette VALENTINE (SNP),Julie FLEMING (RISE) (UNKNOWN),Elaine MCSPADDEN (IANL) (UNKNOWN),Paul KELLY (Lab),Meghan GALLACHER (Con),skipped,skipped,,7
3138,Annette VALENTINE (SNP),Julie FLEMING (RISE) (UNKNOWN),Elaine MCSPADDEN (IANL) (UNKNOWN),Paul KELLY (Lab),Meghan GALLACHER (Con),skipped,skipped,,7
3139,Annette VALENTINE (SNP),Julie FLEMING (RISE) (UNKNOWN),Elaine MCSPADDEN (IANL) (UNKNOWN),Paul KELLY (Lab),Meghan GALLACHER (Con),skipped,skipped,,7
3140,Annette VALENTINE (SNP),Julie FLEMING (RISE) (UNKNOWN),Elaine MCSPADDEN (IANL) (UNKNOWN),Paul KELLY (Lab),Meghan GALLACHER (Con),skipped,skipped,,7
3141,Annette VALENTINE (SNP),Julie FLEMING (RISE) (UNKNOWN),Elaine MCSPADDEN (IANL) (UNKNOWN),Paul KELLY (Lab),Meghan GALLACHER (Con),skipped,skipped,,7
3142,Annette VALENTINE (SNP),Julie FLEMING (RISE) (UNKNOWN),Elaine MCSPADDEN (IANL) (UNKNOWN),Paul KELLY (Lab),Meghan GALLACHER (Con),skipped,skipped,,7
3143,Annette VALENTINE (SNP),Julie FLEMING (RISE) (UNKNOWN),Elaine MCSPADDEN (IANL) (UNKNOWN),Paul KELLY (Lab),Meghan GALLACHER (Con),skipped,skipped,,7
3144,Annette VALENTINE (SNP),Julie FLEMING (RISE) (UNKNOWN),Elaine MCSPADDEN (IANL) (UNKNOWN),Paul KELLY (Lab),Meghan GALLACHER (Con),skipped,skipped,,7
3145,Annette VALENTINE (SNP),Julie FLEMING (RISE) (UNKNOWN),Elaine MCSPADDEN (IANL) (UNKNOWN),Paul KELLY (Lab),Meghan GALLACHER (Con),skipped,skipped,,7
3146,Annette VALENTINE (SNP),Julie FLEMING (RISE) (UNKNOWN),Elaine MCSPADDEN (IANL) (UNKNOWN),Paul KELLY (Lab),Meghan GALLACHER (Con),skipped,skipped,,7
3147,Annette VALENTINE (SNP),Julie FLEMING (RISE) (UNKNOWN),Elaine MCSPADDEN (IANL) (UNKNOWN),Paul KELLY (Lab),Meghan GALLACHER (Con),skipped,skipped,,7
3148,Annette VALENTINE (SNP),Julie FLEMING (RISE) (UNKNOWN),Elaine MCSPADDEN (IANL) (UNKNOWN),Paul KELLY (Lab),Meghan GALLACHER (Con),skipped,skipped,,7
3149,Annette VALENTINE (SNP),Julie FLEMING (RISE) (UNKNOWN),Elaine MCSPADDEN (IANL) (UNKNOWN),Paul KELLY (Lab),Meghan GALLACHER (Con),skipped,skipped,,7
3150,Annette VALENTINE (SNP),Julie FLEMING (RISE) (UNKNOWN),Elaine MCSPADDEN (IANL) (UNKNOWN),Paul KELLY (Lab),skipped,skipped,skipped,,7
3151,Annette VALENTINE (SNP),Julie FLEMING (RISE) (UNKNOWN),Elaine MCSPADDEN (IANL) (UNKNOWN),Paul KELLY (Lab),skipped,skipped,skipped,,7
3152,Annette VALENTINE (SNP),Julie FLEMING (RISE) (UNKNOWN),Elaine MCSPADDEN (IANL) (UNKNOWN),Paul KELLY (Lab),Meghan GALLACHER (Con),skipped,skipped,,7
3153,Annette VALENTINE (SNP),Julie FLEMING (RISE) (UNKNOWN),Elaine MCSPADDEN (IANL) (UNKNOWN),Paul KELLY (Lab),Meghan GALLACHER (Con),skipped,skipped,,7
3154,Annette VALENTINE (SNP),Julie FLEMING (RISE) (UNKNOWN),Elaine MCSPADDEN (IANL) (UNKNOWN),Paul KELLY (Lab),Meghan GALLACHER (Con),skipped,skipped,,7
3155,Annette VALENTINE (SNP),Julie FLEMING (RISE) (UNKNOWN),Elaine MCSPADDEN (IANL) (UNKNOWN),Paul KELLY (Lab),Meghan GALLACHER (Con),skipped,skipped,,7
3156,Annette VALENTINE (SNP),Julie FLEMING (RISE) (UNKNOWN),Elaine MCSPADDEN (IANL) (UNKNOWN),Paul KELLY (Lab),Meghan GALLACHER (Con),skipped,skipped,,7
3157,Annette VALENTINE (SNP),Julie FLEMING (RISE) (UNKNOWN),Elaine MCSPADDEN (IANL) (UNKNOWN),Paul KELLY (Lab),Meghan GALLACHER (Con),skipped,skipped,,7
3158,Annette VALENTINE (SNP),Julie FLEMING (RISE) (UNKNOWN),Elaine MCSPADDEN (IANL) (UNKNOWN),Paul KELLY (Lab),Meghan GALLACHER (Con),skipped,skipped,,7
3159,Annette VALENTINE (SNP),Julie FLEMING (RISE) (UNKNOWN),Elaine MCSPADDEN (IANL) (UNKNOWN),Paul KELLY (Lab),Meghan GALLACHER (Con),skipped,skipped,,7
3160,Annette VALENTINE (SNP),Julie FLEMING (RISE) (UNKNOWN),Elaine MCSPADDEN (IANL) (UNKNOWN),Paul KELLY (Lab),Meghan GALLACHER (Con),skipped,skipped,,7
3161,Annette VALENTINE (SNP),Julie FLEMING (RISE) (UNKNOWN),Elaine MCSPADDEN (IANL) (UNKNOWN),Paul KELLY (Lab),Meghan GALLACHER (Con),skipped,skipped,,7
3162,Annette VALENTINE (SNP),Julie FLEMING (RISE) (UNKNOWN),Elaine MCSPADDEN (IANL) (UNKNOWN),Paul KELLY (Lab),Meghan GALLACHER (Con),skipped,skipped,,7
3163,Annette VALENTINE (SNP),Julie FLEMING (RISE) (UNKNOWN),Elaine MCSPADDEN (IANL) (UNKNOWN),Paul KELLY (Lab),Meghan GALLACHER (Con),skipped,skipped,,7
3164,Annette VALENTINE (SNP),Julie FLEMING (RISE) (UNKNOWN),Elaine MCSPADDEN (IANL) (UNKNOWN),Paul KELLY (Lab),Meghan GALLACHER (Con),skipped,skipped,,7
3165,Annette VALENTINE (SNP),Julie FLEMING (RISE) (UNKNOWN),Elaine MCSPADDEN (IANL) (UNKNOWN),Paul KELLY (Lab),Meghan GALLACHER (Con),skipped,skipped,,7
3166,Annette VALENTINE (SNP),Julie FLEMING (RISE) (UNKNOWN),Elaine MCSPADDEN (IANL) (UNKNOWN),Paul KELLY (Lab),Meghan GALLACHER (Con),skipped,skipped,,7
3167,Annette VALENTINE (SNP),Julie FLEMING (RISE) (UNKNOWN),Elaine MCSPADDEN (IANL) (UNKNOWN),Paul KELLY (Lab),Meghan GALLACHER (Con),skipped,skipped,,7
3168,Annette VALENTINE (SNP),Julie FLEMING (RISE) (UNKNOWN),Elaine MCSPADDEN (IANL) (UNKNOWN),Paul KELLY (Lab),Meghan GALLACHER (Con),skipped,skipped,,7
3169,Annette VALENTINE (SNP),Julie FLEMING (RISE) (UNKNOWN),Elaine MCSPADDEN (IANL) (UNKNOWN),Paul KELLY (Lab),Meghan GALLACHER (Con),skipped,skipped,,7
3170,Annette VALENTINE (SNP),Julie FLEMING (RISE) (UNKNOWN),Elaine MCSPADDEN (IANL) (UNKNOWN),Paul KELLY (Lab),Meghan GALLACHER (Con),skipped,skipped,,7
3171,Annette VALENTINE (SNP),Julie FLEMING (RISE) (UNKNOWN),Elaine MCSPADDEN (IANL) (UNKNOWN),Paul KELLY (Lab),Meghan GALLACHER (Con),skipped,skipped,,7
3172,Annette VALENTINE (SNP),Julie FLEMING (RISE) (UNKNOWN),Elaine MCSPADDEN (IANL) (UNKNOWN),Paul KELLY (Lab),Meghan GALLACHER (Con),skipped,skipped,,7
3173,Annette VALENTINE (SNP),Julie FLEMING (RISE) (UNKNOWN),Elaine MCSPADDEN (IANL) (UNKNOWN),Paul KELLY (Lab),Meghan GALLACHER (Con),skipped,skipped,,7
3174,Annette VALENTINE (SNP),Julie FLEMING (RISE) (UNKNOWN),Elaine MCSPADDEN (IANL) (UNKNOWN),Paul KELLY (Lab),Meghan GALLACHER (Con),skipped,skipped,,7
3175,Annette VALENTINE (SNP),Julie FLEMING (RISE) (UNKNOWN),Elaine MCSPADDEN (IANL) (UNKNOWN),Paul KELLY (Lab),Meghan GALLACHER (Con),skipped,skipped,,7
3176,Annette VALENTINE (SNP),Julie FLEMING (RISE) (UNKNOWN),Elaine MCSPADDEN (IANL) (UNKNOWN),Meghan GALLACHER (Con),Paul KELLY (Lab),skipped,skipped,,7
3177,Annette VALENTINE (SNP),Julie FLEMING (RISE) (UNKNOWN),Elaine MCSPADDEN (IANL) (UNKNOWN),Meghan GALLACHER (Con),Paul KELLY (Lab),skipped,skipped,,7
3178,Annette VALENTINE (SNP),Julie FLEMING (RISE) (UNKNOWN),Elaine MCSPADDEN (IANL) (UNKNOWN),Meghan GALLACHER (Con),Paul KELLY (Lab),skipped,skipped,,7
3179,Annette VALENTINE (SNP),Julie FLEMING (RISE) (UNKNOWN),Elaine MCSPADDEN (IANL) (UNKNOWN),Meghan GALLACHER (Con),Paul KELLY (Lab),skipped,skipped,,7
3180,Annette VALENTINE (SNP),Julie FLEMING (RISE) (UNKNOWN),Elaine MCSPADDEN (IANL) (UNKNOWN),Meghan GALLACHER (Con),Paul KELLY (Lab),skipped,skipped,,7
3181,Annette VALENTINE (SNP),Julie FLEMING (RISE) (UNKNOWN),Michael Edward ROSS (Lab),skipped,skipped,skipped,skipped,,7
3182,Annette VALENTINE (SNP),Julie FLEMING (RISE) (UNKNOWN),Paul KELLY (Lab),skipped,skipped,skipped,skipped,,7
3183,Annette VALENTINE (SNP),Julie FLEMING (RISE) (UNKNOWN),Paul KELLY (Lab),skipped,skipped,skipped,skipped,,7
3184,Annette VALENTINE (SNP),Julie FLEMING (RISE) (UNKNOWN),Paul KELLY (Lab),skipped,skipped,skipped,skipped,,7
3185,Annette VALENTINE (SNP),Julie FLEMING (RISE) (UNKNOWN),Paul KELLY (Lab),Elaine MCSPADDEN (IANL) (UNKNOWN),skipped,skipped,skipped,,7
3186,Annette VALENTINE (SNP),Julie FLEMING (RISE) (UNKNOWN),Paul KELLY (Lab),Elaine MCSPADDEN (IANL) (UNKNOWN),Meghan GALLACHER (Con),skipped,skipped,,7
3187,Annette VALENTINE (SNP),Julie FLEMING (RISE) (UNKNOWN),Paul KELLY (Lab),Elaine MCSPADDEN (IANL) (UNKNOWN),Meghan GALLACHER (Con),skipped,skipped,,7
3188,Annette VALENTINE (SNP),Julie FLEMING (RISE) (UNKNOWN),Paul KELLY (Lab),Elaine MCSPADDEN (IANL) (UNKNOWN),Meghan GALLACHER (Con),skipped,skipped,,7
3189,Annette VALENTINE (SNP),Julie FLEMING (RISE) (UNKNOWN),Paul KELLY (Lab),Elaine MCSPADDEN (IANL) (UNKNOWN),Meghan GALLACHER (Con),skipped,skipped,,7
3190,Annette VALENTINE (SNP),Julie FLEMING (RISE) (UNKNOWN),Paul KELLY (Lab),Elaine MCSPADDEN (IANL) (UNKNOWN),Meghan GALLACHER (Con),skipped,skipped,,7
3191,Annette VALENTINE (SNP),Julie FLEMING (RISE) (UNKNOWN),Paul KELLY (Lab),Elaine MCSPADDEN (IANL) (UNKNOWN),Meghan GALLACHER (Con),skipped,skipped,,7
3192,Annette VALENTINE (SNP),Julie FLEMING (RISE) (UNKNOWN),Paul KELLY (Lab),Elaine MCSPADDEN (IANL) (UNKNOWN),Meghan GALLACHER (Con),skipped,skipped,,7
3193,Annette VALENTINE (SNP),Julie FLEMING (RISE) (UNKNOWN),Paul KELLY (Lab),Elaine MCSPADDEN (IANL) (UNKNOWN),Meghan GALLACHER (Con),skipped,skipped,,7
3194,Annette VALENTINE (SNP),Julie FLEMING (RISE) (UNKNOWN),Paul KELLY (Lab),Meghan GALLACHER (Con),Elaine MCSPADDEN (IANL) (UNKNOWN),skipped,skipped,,7
3195,Annette VALENTINE (SNP),Julie FLEMING (RISE) (UNKNOWN),Paul KELLY (Lab),Meghan GALLACHER (Con),Elaine MCSPADDEN (IANL) (UNKNOWN),skipped,skipped,,7
3196,Annette VALENTINE (SNP),Julie FLEMING (RISE) (UNKNOWN),Meghan GALLACHER (Con),Paul KELLY (Lab),Elaine MCSPADDEN (IANL) (UNKNOWN),skipped,skipped,,7
3197,Annette VALENTINE (SNP),Julie FLEMING (RISE) (UNKNOWN),Meghan GALLACHER (Con),Elaine MCSPADDEN (IANL) (UNKNOWN),Paul KELLY (Lab),skipped,skipped,,7
3198,Annette VALENTINE (SNP),Paul KELLY (Lab),skipped,skipped,skipped,skipped,skipped,,7
3199,Annette VALENTINE (SNP),Paul KELLY (Lab),skipped,skipped,skipped,skipped,skipped,,7
3200,Annette VALENTINE (SNP),Paul KELLY (Lab),skipped,skipped,skipped,skipped,skipped,,7
3201,Annette VALENTINE (SNP),Paul KELLY (Lab),skipped,skipped,skipped,skipped,skipped,,7
3202,Annette VALENTINE (SNP),Paul KELLY (Lab),skipped,skipped,skipped,skipped,skipped,,7
3203,Annette VALENTINE (SNP),Paul KELLY (Lab),skipped,skipped,skipped,skipped,skipped,,7
3204,Annette VALENTINE (SNP),Paul KELLY (Lab),skipped,skipped,skipped,skipped,skipped,,7
3205,Annette VALENTINE (SNP),Paul KELLY (Lab),skipped,skipped,skipped,skipped,skipped,,7
3206,Annette VALENTINE (SNP),Paul KELLY (Lab),skipped,skipped,skipped,skipped,skipped,,7
3207,Annette VALENTINE (SNP),Paul KELLY (Lab),skipped,skipped,skipped,skipped,skipped,,7
3208,Annette VALENTINE (SNP),Paul KELLY (Lab),skipped,skipped,skipped,skipped,skipped,,7
3209,Annette VALENTINE (SNP),Paul KELLY (Lab),skipped,skipped,skipped,skipped,skipped,,7
3210,Annette VALENTINE (SNP),Paul KELLY (Lab),skipped,skipped,skipped,skipped,skipped,,7
3211,Annette VALENTINE (SNP),Paul KELLY (Lab),skipped,skipped,skipped,skipped,skipped,,7
3212,Annette VALENTINE (SNP),Paul KELLY (Lab),skipped,skipped,skipped,skipped,skipped,,7
3213,Annette VALENTINE (SNP),Paul KELLY (Lab),skipped,skipped,skipped,skipped,skipped,,7
3214,Annette VALENTINE (SNP),Paul KELLY (Lab),skipped,skipped,skipped,skipped,skipped,,7
3215,Annette VALENTINE (SNP),Paul KELLY (Lab),skipped,skipped,skipped,skipped,skipped,,7
3216,Annette VALENTINE (SNP),Paul KELLY (Lab),skipped,skipped,skipped,skipped,skipped,,7
3217,Annette VALENTINE (SNP),Paul KELLY (Lab),skipped,skipped,skipped,skipped,skipped,,7
3218,Annette VALENTINE (SNP),Paul KELLY (Lab),skipped,skipped,skipped,skipped,skipped,,7
3219,Annette VALENTINE (SNP),Paul KELLY (Lab),skipped,skipped,skipped,skipped,skipped,,7
3220,Annette VALENTINE (SNP),Paul KELLY (Lab),skipped,skipped,skipped,skipped,skipped,,7
3221,Annette VALENTINE (SNP),Paul KELLY (Lab),skipped,skipped,skipped,skipped,skipped,,7
3222,Annette VALENTINE (SNP),Paul KELLY (Lab),skipped,skipped,skipped,skipped,skipped,,7
3223,Annette VALENTINE (SNP),Paul KELLY (Lab),skipped,skipped,skipped,skipped,skipped,,7
3224,Annette VALENTINE (SNP),Paul KELLY (Lab),skipped,skipped,skipped,skipped,skipped,,7
3225,Annette VALENTINE (SNP),Paul KELLY (Lab),skipped,skipped,skipped,skipped,skipped,,7
3226,Annette VALENTINE (SNP),Paul KELLY (Lab),skipped,skipped,skipped,skipped,skipped,,7
3227,Annette VALENTINE (SNP),Paul KELLY (Lab),Julie FLEMING (RISE) (UNKNOWN),skipped,skipped,skipped,skipped,,7
3228,Annette VALENTINE (SNP),Paul KELLY (Lab),Elaine MCSPADDEN (IANL) (UNKNOWN),skipped,skipped,skipped,skipped,,7
3229,Annette VALENTINE (SNP),Paul KELLY (Lab),skipped,skipped,skipped,skipped,skipped,,7
3230,Annette VALENTINE (SNP),Paul KELLY (Lab),skipped,skipped,skipped,skipped,skipped,,7
3231,Annette VALENTINE (SNP),Paul KELLY (Lab),skipped,skipped,skipped,skipped,skipped,,7
3232,Annette VALENTINE (SNP),Paul KELLY (Lab),skipped,skipped,skipped,skipped,skipped,,7
3233,Annette VALENTINE (SNP),Paul KELLY (Lab),skipped,skipped,skipped,skipped,skipped,,7
3234,Annette VALENTINE (SNP),Paul KELLY (Lab),skipped,skipped,skipped,skipped,skipped,,7
3235,Annette VALENTINE (SNP),Paul KELLY (Lab),skipped,skipped,skipped,skipped,skipped,,7
3236,Annette VALENTINE (SNP),Paul KELLY (Lab),skipped,skipped,skipped,skipped,skipped,,7
3237,Annette VALENTINE (SNP),Paul KELLY (Lab),skipped,skipped,skipped,skipped,skipped,,7
3238,Annette VALENTINE (SNP),Paul KELLY (Lab),skipped,skipped,skipped,skipped,skipped,,7
3239,Annette VALENTINE (SNP),Paul KELLY (Lab),skipped,skipped,skipped,skipped,skipped,,7
3240,Annette VALENTINE (SNP),Paul KELLY (Lab),skipped,skipped,skipped,skipped,skipped,,7
3241,Annette VALENTINE (SNP),Paul KELLY (Lab),Julie FLEMING (RISE) (UNKNOWN),skipped,skipped,skipped,skipped,,7
3242,Annette VALENTINE (SNP),Paul KELLY (Lab),Julie FLEMING (RISE) (UNKNOWN),skipped,skipped,skipped,skipped,,7
3243,Annette VALENTINE (SNP),Paul KELLY (Lab),Julie FLEMING (RISE) (UNKNOWN),Elaine MCSPADDEN (IANL) (UNKNOWN),Meghan GALLACHER (Con),skipped,skipped,,7
3244,Annette VALENTINE (SNP),Paul KELLY (Lab),Julie FLEMING (RISE) (UNKNOWN),Elaine MCSPADDEN (IANL) (UNKNOWN),Meghan GALLACHER (Con),skipped,skipped,,7
3245,Annette VALENTINE (SNP),Paul KELLY (Lab),Julie FLEMING (RISE) (UNKNOWN),Elaine MCSPADDEN (IANL) (UNKNOWN),Meghan GALLACHER (Con),skipped,skipped,,7
3246,Annette VALENTINE (SNP),Paul KELLY (Lab),Julie FLEMING (RISE) (UNKNOWN),Elaine MCSPADDEN (IANL) (UNKNOWN),Meghan GALLACHER (Con),skipped,skipped,,7
3247,Annette VALENTINE (SNP),Paul KELLY (Lab),Julie FLEMING (RISE) (UNKNOWN),Elaine MCSPADDEN (IANL) (UNKNOWN),Meghan GALLACHER (Con),skipped,skipped,,7
3248,Annette VALENTINE (SNP),Paul KELLY (Lab),Julie FLEMING (RISE) (UNKNOWN),Elaine MCSPADDEN (IANL) (UNKNOWN),Meghan GALLACHER (Con),skipped,skipped,,7
3249,Annette VALENTINE (SNP),Paul KELLY (Lab),Julie FLEMING (RISE) (UNKNOWN),Elaine MCSPADDEN (IANL) (UNKNOWN),Meghan GALLACHER (Con),skipped,skipped,,7
3250,Annette VALENTINE (SNP),Paul KELLY (Lab),Julie FLEMING (RISE) (UNKNOWN),Elaine MCSPADDEN (IANL) (UNKNOWN),Meghan GALLACHER (Con),skipped,skipped,,7
3251,Annette VALENTINE (SNP),Paul KELLY (Lab),Julie FLEMING (RISE) (UNKNOWN),Elaine MCSPADDEN (IANL) (UNKNOWN),Meghan GALLACHER (Con),skipped,skipped,,7
3252,Annette VALENTINE (SNP),Paul KELLY (Lab),Julie FLEMING (RISE) (UNKNOWN),Meghan GALLACHER (Con),skipped,skipped,skipped,,7
3253,Annette VALENTINE (SNP),Paul KELLY (Lab),Julie FLEMING (RISE) (UNKNOWN),Meghan GALLACHER (Con),Elaine MCSPADDEN (IANL) (UNKNOWN),skipped,skipped,,7
3254,Annette VALENTINE (SNP),Paul KELLY (Lab),Julie FLEMING (RISE) (UNKNOWN),Meghan GALLACHER (Con),Elaine MCSPADDEN (IANL) (UNKNOWN),skipped,skipped,,7
3255,Annette VALENTINE (SNP),Paul KELLY (Lab),Elaine MCSPADDEN (IANL) (UNKNOWN),skipped,skipped,skipped,skipped,,7
3256,Annette VALENTINE (SNP),Paul KELLY (Lab),Elaine MCSPADDEN (IANL) (UNKNOWN),Julie FLEMING (RISE) (UNKNOWN),Meghan GALLACHER (Con),skipped,skipped,,7
3257,Annette VALENTINE (SNP),Paul KELLY (Lab),Elaine MCSPADDEN (IANL) (UNKNOWN),Julie FLEMING (RISE) (UNKNOWN),Meghan GALLACHER (Con),skipped,skipped,,7
3258,Annette VALENTINE (SNP),Paul KELLY (Lab),Elaine MCSPADDEN (IANL) (UNKNOWN),Julie FLEMING (RISE) (UNKNOWN),Meghan GALLACHER (Con),skipped,skipped,,7
3259,Annette VALENTINE (SNP),Paul KELLY (Lab),Elaine MCSPADDEN (IANL) (UNKNOWN),Julie FLEMING (RISE) (UNKNOWN),Meghan GALLACHER (Con),skipped,skipped,,7
3260,Annette VALENTINE (SNP),Paul KELLY (Lab),Elaine MCSPADDEN (IANL) (UNKNOWN),Julie FLEMING (RISE) (UNKNOWN),Meghan GALLACHER (Con),skipped,skipped,,7
3261,Annette VALENTINE (SNP),Paul KELLY (Lab),Elaine MCSPADDEN (IANL) (UNKNOWN),Julie FLEMING (RISE) (UNKNOWN),Meghan GALLACHER (Con),skipped,skipped,,7
3262,Annette VALENTINE (SNP),Paul KELLY (Lab),Elaine MCSPADDEN (IANL) (UNKNOWN),Meghan GALLACHER (Con),Julie FLEMING (RISE) (UNKNOWN),skipped,skipped,,7
3263,Annette VALENTINE (SNP),Paul KELLY (Lab),Elaine MCSPADDEN (IANL) (UNKNOWN),Meghan GALLACHER (Con),Julie FLEMING (RISE) (UNKNOWN),skipped,skipped,,7
3264,Annette VALENTINE (SNP),Paul KELLY (Lab),Elaine MCSPADDEN (IANL) (UNKNOWN),Meghan GALLACHER (Con),Julie FLEMING (RISE) (UNKNOWN),skipped,skipped,,7
3265,Annette VALENTINE (SNP),Paul KELLY (Lab),Meghan GALLACHER (Con),Julie FLEMING (RISE) (UNKNOWN),Elaine MCSPADDEN (IANL) (UNKNOWN),skipped,skipped,,7
3266,Annette VALENTINE (SNP),Paul KELLY (Lab),Meghan GALLACHER (Con),Elaine MCSPADDEN (IANL) (UNKNOWN),Julie FLEMING (RISE) (UNKNOWN),skipped,skipped,,7
3267,Annette VALENTINE (SNP),Paul KELLY (Lab),Meghan GALLACHER (Con),Elaine MCSPADDEN (IANL) (UNKNOWN),Julie FLEMING (RISE) (UNKNOWN),skipped,skipped,,7
3268,Annette VALENTINE (SNP),Paul KELLY (Lab),Meghan GALLACHER (Con),Elaine MCSPADDEN (IANL) (UNKNOWN),Julie FLEMING (RISE) (UNKNOWN),skipped,skipped,,7
3269,Annette VALENTINE (SNP),Elaine MCSPADDEN (IANL) (UNKNOWN),skipped,skipped,skipped,skipped,skipped,,7
3270,Annette VALENTINE (SNP),Elaine MCSPADDEN (IANL) (UNKNOWN),skipped,skipped,skipped,skipped,skipped,,7
3271,Annette VALENTINE (SNP),Elaine MCSPADDEN (IANL) (UNKNOWN),skipped,skipped,skipped,skipped,skipped,,7
3272,Annette VALENTINE (SNP),Elaine MCSPADDEN (IANL) (UNKNOWN),skipped,skipped,skipped,skipped,skipped,,7
3273,Annette VALENTINE (SNP),Elaine MCSPADDEN (IANL) (UNKNOWN),skipped,skipped,skipped,skipped,skipped,,7
3274,Annette VALENTINE (SNP),Elaine MCSPADDEN (IANL) (UNKNOWN),skipped,skipped,skipped,skipped,skipped,,7
3275,Annette VALENTINE (SNP),Elaine MCSPADDEN (IANL) (UNKNOWN),skipped,skipped,skipped,skipped,skipped,,7
3276,Annette VALENTINE (SNP),Elaine MCSPADDEN (IANL) (UNKNOWN),skipped,skipped,skipped,skipped,skipped,,7
3277,Annette VALENTINE (SNP),Elaine MCSPADDEN (IANL) (UNKNOWN),skipped,skipped,skipped,skipped,skipped,,7
3278,Annette VALENTINE (SNP),Elaine MCSPADDEN (IANL) (UNKNOWN),skipped,skipped,skipped,skipped,skipped,,7
3279,Annette VALENTINE (SNP),Elaine MCSPADDEN (IANL) (UNKNOWN),skipped,skipped,skipped,skipped,skipped,,7
3280,Annette VALENTINE (SNP),Elaine MCSPADDEN (IANL) (UNKNOWN),skipped,skipped,skipped,skipped,skipped,,7
3281,Annette VALENTINE (SNP),Elaine MCSPADDEN (IANL) (UNKNOWN),skipped,skipped,skipped,skipped,skipped,,7
3282,Annette VALENTINE (SNP),Elaine MCSPADDEN (IANL) (UNKNOWN),skipped,skipped,skipped,skipped,skipped,,7
3283,Annette VALENTINE (SNP),Elaine MCSPADDEN (IANL) (UNKNOWN),skipped,skipped,skipped,skipped,skipped,,7
3284,Annette VALENTINE (SNP),Elaine MCSPADDEN (IANL) (UNKNOWN),skipped,skipped,skipped,skipped,skipped,,7
3285,Annette VALENTINE (SNP),Elaine MCSPADDEN (IANL) (UNKNOWN),skipped,skipped,skipped,skipped,skipped,,7
3286,Annette VALENTINE (SNP),Elaine MCSPADDEN (IANL) (UNKNOWN),skipped,skipped,skipped,skipped,skipped,,7
3287,Annette VALENTINE (SNP),Elaine MCSPADDEN (IANL) (UNKNOWN),skipped,skipped,skipped,skipped,skipped,,7
3288,Annette VALENTINE (SNP),Elaine MCSPADDEN (IANL) (UNKNOWN),skipped,skipped,skipped,skipped,skipped,,7
3289,Annette VALENTINE (SNP),Elaine MCSPADDEN (IANL) (UNKNOWN),skipped,skipped,skipped,skipped,skipped,,7
3290,Annette VALENTINE (SNP),Elaine MCSPADDEN (IANL) (UNKNOWN),skipped,skipped,skipped,skipped,skipped,,7
3291,Annette VALENTINE (SNP),Elaine MCSPADDEN (IANL) (UNKNOWN),skipped,skipped,skipped,skipped,skipped,,7
3292,Annette VALENTINE (SNP),Elaine MCSPADDEN (IANL) (UNKNOWN),skipped,skipped,skipped,skipped,skipped,,7
3293,Annette VALENTINE (SNP),Elaine MCSPADDEN (IANL) (UNKNOWN),skipped,skipped,skipped,skipped,skipped,,7
3294,Annette VALENTINE (SNP),Elaine MCSPADDEN (IANL) (UNKNOWN),skipped,skipped,skipped,skipped,skipped,,7
3295,Annette VALENTINE (SNP),Elaine MCSPADDEN (IANL) (UNKNOWN),skipped,skipped,skipped,skipped,skipped,,7
3296,Annette VALENTINE (SNP),Elaine MCSPADDEN (IANL) (UNKNOWN),skipped,skipped,skipped,skipped,skipped,,7
3297,Annette VALENTINE (SNP),Elaine MCSPADDEN (IANL) (UNKNOWN),skipped,skipped,skipped,skipped,skipped,,7
3298,Annette VALENTINE (SNP),Elaine MCSPADDEN (IANL) (UNKNOWN),skipped,skipped,skipped,skipped,skipped,,7
3299,Annette VALENTINE (SNP),Elaine MCSPADDEN (IANL) (UNKNOWN),skipped,skipped,skipped,skipped,skipped,,7
3300,Annette VALENTINE (SNP),Elaine MCSPADDEN (IANL) (UNKNOWN),skipped,skipped,skipped,skipped,skipped,,7
3301,Annette VALENTINE (SNP),Elaine MCSPADDEN (IANL) (UNKNOWN),skipped,skipped,skipped,skipped,skipped,,7
3302,Annette VALENTINE (SNP),Elaine MCSPADDEN (IANL) (UNKNOWN),skipped,skipped,skipped,skipped,skipped,,7
3303,Annette VALENTINE (SNP),Elaine MCSPADDEN (IANL) (UNKNOWN),skipped,skipped,skipped,skipped,skipped,,7
3304,Annette VALENTINE (SNP),Elaine MCSPADDEN (IANL) (UNKNOWN),skipped,skipped,skipped,skipped,skipped,,7
3305,Annette VALENTINE (SNP),Elaine MCSPADDEN (IANL) (UNKNOWN),skipped,skipped,skipped,skipped,skipped,,7
3306,Annette VALENTINE (SNP),Elaine MCSPADDEN (IANL) (UNKNOWN),skipped,skipped,skipped,skipped,skipped,,7
3307,Annette VALENTINE (SNP),Elaine MCSPADDEN (IANL) (UNKNOWN),skipped,skipped,skipped,skipped,skipped,,7
3308,Annette VALENTINE (SNP),Elaine MCSPADDEN (IANL) (UNKNOWN),skipped,skipped,skipped,skipped,skipped,,7
3309,Annette VALENTINE (SNP),Elaine MCSPADDEN (IANL) (UNKNOWN),skipped,skipped,skipped,skipped,skipped,,7
3310,Annette VALENTINE (SNP),Elaine MCSPADDEN (IANL) (UNKNOWN),skipped,skipped,skipped,skipped,skipped,,7
3311,Annette VALENTINE (SNP),Elaine MCSPADDEN (IANL) (UNKNOWN),skipped,skipped,skipped,skipped,skipped,,7
3312,Annette VALENTINE (SNP),Elaine MCSPADDEN (IANL) (UNKNOWN),skipped,skipped,skipped,skipped,skipped,,7
3313,Annette VALENTINE (SNP),Elaine MCSPADDEN (IANL) (UNKNOWN),skipped,skipped,skipped,skipped,skipped,,7
3314,Annette VALENTINE (SNP),Elaine MCSPADDEN (IANL) (UNKNOWN),skipped,skipped,skipped,skipped,skipped,,7
3315,Annette VALENTINE (SNP),Elaine MCSPADDEN (IANL) (UNKNOWN),skipped,skipped,skipped,skipped,skipped,,7
3316,Annette VALENTINE (SNP),Elaine MCSPADDEN (IANL) (UNKNOWN),skipped,skipped,skipped,skipped,skipped,,7
3317,Annette VALENTINE (SNP),Elaine MCSPADDEN (IANL) (UNKNOWN),skipped,skipped,skipped,skipped,skipped,,7
3318,Annette VALENTINE (SNP),Elaine MCSPADDEN (IANL) (UNKNOWN),Julie FLEMING (RISE) (UNKNOWN),skipped,skipped,skipped,skipped,,7
3319,Annette VALENTINE (SNP),Elaine MCSPADDEN (IANL) (UNKNOWN),Julie FLEMING (RISE) (UNKNOWN),skipped,skipped,skipped,skipped,,7
3320,Annette VALENTINE (SNP),Elaine MCSPADDEN (IANL) (UNKNOWN),Julie FLEMING (RISE) (UNKNOWN),skipped,skipped,skipped,skipped,,7
3321,Annette VALENTINE (SNP),Elaine MCSPADDEN (IANL) (UNKNOWN),Julie FLEMING (RISE) (UNKNOWN),skipped,skipped,skipped,skipped,,7
3322,Annette VALENTINE (SNP),Elaine MCSPADDEN (IANL) (UNKNOWN),Julie FLEMING (RISE) (UNKNOWN),skipped,skipped,skipped,skipped,,7
3323,Annette VALENTINE (SNP),Elaine MCSPADDEN (IANL) (UNKNOWN),Julie FLEMING (RISE) (UNKNOWN),skipped,skipped,skipped,skipped,,7
3324,Annette VALENTINE (SNP),Elaine MCSPADDEN (IANL) (UNKNOWN),Julie FLEMING (RISE) (UNKNOWN),skipped,skipped,skipped,skipped,,7
3325,Annette VALENTINE (SNP),Elaine MCSPADDEN (IANL) (UNKNOWN),Julie FLEMING (RISE) (UNKNOWN),Paul KELLY (Lab),skipped,skipped,skipped,,7
3326,Annette VALENTINE (SNP),Elaine MCSPADDEN (IANL) (UNKNOWN),Julie FLEMING (RISE) (UNKNOWN),Paul KELLY (Lab),skipped,skipped,skipped,,7
3327,Annette VALENTINE (SNP),Elaine MCSPADDEN (IANL) (UNKNOWN),Julie FLEMING (RISE) (UNKNOWN),Paul KELLY (Lab),Meghan GALLACHER (Con),skipped,skipped,,7
3328,Annette VALENTINE (SNP),Elaine MCSPADDEN (IANL) (UNKNOWN),Julie FLEMING (RISE) (UNKNOWN),Paul KELLY (Lab),Meghan GALLACHER (Con),skipped,skipped,,7
3329,Annette VALENTINE (SNP),Elaine MCSPADDEN (IANL) (UNKNOWN),Julie FLEMING (RISE) (UNKNOWN),Paul KELLY (Lab),Meghan GALLACHER (Con),skipped,skipped,,7
3330,Annette VALENTINE (SNP),Elaine MCSPADDEN (IANL) (UNKNOWN),Julie FLEMING (RISE) (UNKNOWN),Paul KELLY (Lab),Meghan GALLACHER (Con),skipped,skipped,,7
3331,Annette VALENTINE (SNP),Elaine MCSPADDEN (IANL) (UNKNOWN),Julie FLEMING (RISE) (UNKNOWN),Paul KELLY (Lab),Meghan GALLACHER (Con),skipped,skipped,,7
3332,Annette VALENTINE (SNP),Elaine MCSPADDEN (IANL) (UNKNOWN),Julie FLEMING (RISE) (UNKNOWN),Paul KELLY (Lab),Meghan GALLACHER (Con),skipped,skipped,,7
3333,Annette VALENTINE (SNP),Elaine MCSPADDEN (IANL) (UNKNOWN),Julie FLEMING (RISE) (UNKNOWN),Paul KELLY (Lab),Meghan GALLACHER (Con),skipped,skipped,,7
3334,Annette VALENTINE (SNP),Elaine MCSPADDEN (IANL) (UNKNOWN),Julie FLEMING (RISE) (UNKNOWN),Paul KELLY (Lab),Meghan GALLACHER (Con),skipped,skipped,,7
3335,Annette VALENTINE (SNP),Elaine MCSPADDEN (IANL) (UNKNOWN),Julie FLEMING (RISE) (UNKNOWN),Paul KELLY (Lab),Meghan GALLACHER (Con),skipped,skipped,,7
3336,Annette VALENTINE (SNP),Elaine MCSPADDEN (IANL) (UNKNOWN),Julie FLEMING (RISE) (UNKNOWN),Paul KELLY (Lab),Meghan GALLACHER (Con),skipped,skipped,,7
3337,Annette VALENTINE (SNP),Elaine MCSPADDEN (IANL) (UNKNOWN),Julie FLEMING (RISE) (UNKNOWN),Paul KELLY (Lab),Meghan GALLACHER (Con),skipped,skipped,,7
3338,Annette VALENTINE (SNP),Elaine MCSPADDEN (IANL) (UNKNOWN),Julie FLEMING (RISE) (UNKNOWN),Paul KELLY (Lab),Meghan GALLACHER (Con),skipped,skipped,,7
3339,Annette VALENTINE (SNP),Elaine MCSPADDEN (IANL) (UNKNOWN),Julie FLEMING (RISE) (UNKNOWN),Paul KELLY (Lab),Meghan GALLACHER (Con),skipped,skipped,,7
3340,Annette VALENTINE (SNP),Elaine MCSPADDEN (IANL) (UNKNOWN),Julie FLEMING (RISE) (UNKNOWN),Paul KELLY (Lab),Meghan GALLACHER (Con),skipped,skipped,,7
3341,Annette VALENTINE (SNP),Elaine MCSPADDEN (IANL) (UNKNOWN),Julie FLEMING (RISE) (UNKNOWN),Paul KELLY (Lab),Meghan GALLACHER (Con),skipped,skipped,,7
3342,Annette VALENTINE (SNP),Elaine MCSPADDEN (IANL) (UNKNOWN),Julie FLEMING (RISE) (UNKNOWN),Meghan GALLACHER (Con),Paul KELLY (Lab),skipped,skipped,,7
3343,Annette VALENTINE (SNP),Elaine MCSPADDEN (IANL) (UNKNOWN),Julie FLEMING (RISE) (UNKNOWN),Meghan GALLACHER (Con),Paul KELLY (Lab),skipped,skipped,,7
3344,Annette VALENTINE (SNP),Elaine MCSPADDEN (IANL) (UNKNOWN),Julie FLEMING (RISE) (UNKNOWN),Meghan GALLACHER (Con),Paul KELLY (Lab),skipped,skipped,,7
3345,Annette VALENTINE (SNP),Elaine MCSPADDEN (IANL) (UNKNOWN),Julie FLEMING (RISE) (UNKNOWN),Meghan GALLACHER (Con),Paul KELLY (Lab),skipped,skipped,,7
3346,Annette VALENTINE (SNP),Elaine MCSPADDEN (IANL) (UNKNOWN),Julie FLEMING (RISE) (UNKNOWN),Meghan GALLACHER (Con),Paul KELLY (Lab),skipped,skipped,,7
3347,Annette VALENTINE (SNP),Elaine MCSPADDEN (IANL) (UNKNOWN),Paul KELLY (Lab),Julie FLEMING (RISE) (UNKNOWN),Meghan GALLACHER (Con),skipped,skipped,,7
3348,Annette VALENTINE (SNP),Elaine MCSPADDEN (IANL) (UNKNOWN),Paul KELLY (Lab),Meghan GALLACHER (Con),Julie FLEMING (RISE) (UNKNOWN),skipped,skipped,,7
3349,Annette VALENTINE (SNP),Elaine MCSPADDEN (IANL) (UNKNOWN),Michael Edward ROSS (Lab),skipped,skipped,skipped,skipped,,7
3350,Annette VALENTINE (SNP),Elaine MCSPADDEN (IANL) (UNKNOWN),Julie FLEMING (RISE) (UNKNOWN),Paul KELLY (Lab),Meghan GALLACHER (Con),skipped,skipped,,7
3351,Annette VALENTINE (SNP),Elaine MCSPADDEN (IANL) (UNKNOWN),Paul KELLY (Lab),Julie FLEMING (RISE) (UNKNOWN),Meghan GALLACHER (Con),skipped,skipped,,7
3352,Annette VALENTINE (SNP),Elaine MCSPADDEN (IANL) (UNKNOWN),Paul KELLY (Lab),Julie FLEMING (RISE) (UNKNOWN),Meghan GALLACHER (Con),skipped,skipped,,7
3353,Annette VALENTINE (SNP),Elaine MCSPADDEN (IANL) (UNKNOWN),Paul KELLY (Lab),Julie FLEMING (RISE) (UNKNOWN),Meghan GALLACHER (Con),skipped,skipped,,7
3354,Annette VALENTINE (SNP),Elaine MCSPADDEN (IANL) (UNKNOWN),Meghan GALLACHER (Con),skipped,skipped,skipped,skipped,,7
3355,Annette VALENTINE (SNP),Elaine MCSPADDEN (IANL) (UNKNOWN),Meghan GALLACHER (Con),Julie FLEMING (RISE) (UNKNOWN),Paul KELLY (Lab),skipped,skipped,,7
3356,Annette VALENTINE (SNP),Michael Edward ROSS (Lab),skipped,skipped,skipped,skipped,skipped,,7
3357,Annette VALENTINE (SNP),Michael Edward ROSS (Lab),skipped,skipped,skipped,skipped,skipped,,7
3358,Annette VALENTINE (SNP),Michael Edward ROSS (Lab),skipped,skipped,skipped,skipped,skipped,,7
3359,Annette VALENTINE (SNP),Michael Edward ROSS (Lab),skipped,skipped,skipped,skipped,skipped,,7
3360,Annette VALENTINE (SNP),Michael Edward ROSS (Lab),skipped,skipped,skipped,skipped,skipped,,7
3361,Annette VALENTINE (SNP),Michael Edward ROSS (Lab),skipped,skipped,skipped,skipped,skipped,,7
3362,Annette VALENTINE (SNP),Michael Edward ROSS (Lab),skipped,skipped,skipped,skipped,skipped,,7
3363,Annette VALENTINE (SNP),Michael Edward ROSS (Lab),skipped,skipped,skipped,skipped,skipped,,7
3364,Annette VALENTINE (SNP),Michael Edward ROSS (Lab),skipped,skipped,skipped,skipped,skipped,,7
3365,Annette VALENTINE (SNP),Michael Edward ROSS (Lab),skipped,skipped,skipped,skipped,skipped,,7
3366,Annette VALENTINE (SNP),Michael Edward ROSS (Lab),skipped,skipped,skipped,skipped,skipped,,7
3367,Annette VALENTINE (SNP),Michael Edward ROSS (Lab),skipped,skipped,skipped,skipped,skipped,,7
3368,Annette VALENTINE (SNP),Michael Edward ROSS (Lab),skipped,skipped,skipped,skipped,skipped,,7
3369,Annette VALENTINE (SNP),Michael Edward ROSS (Lab),skipped,skipped,skipped,skipped,skipped,,7
3370,Annette VALENTINE (SNP),Michael Edward ROSS (Lab),skipped,skipped,skipped,skipped,skipped,,7
3371,Annette VALENTINE (SNP),Michael Edward ROSS (Lab),skipped,skipped,skipped,skipped,skipped,,7
3372,Annette VALENTINE (SNP),Michael Edward ROSS (Lab),skipped,skipped,skipped,skipped,skipped,,7
3373,Annette VALENTINE (SNP),Michael Edward ROSS (Lab),skipped,skipped,skipped,skipped,skipped,,7
3374,Annette VALENTINE (SNP),Michael Edward ROSS (Lab),skipped,skipped,skipped,skipped,skipped,,7
3375,Annette VALENTINE (SNP),Michael Edward ROSS (Lab),skipped,skipped,skipped,skipped,skipped,,7
3376,Annette VALENTINE (SNP),Michael Edward ROSS (Lab),skipped,skipped,skipped,skipped,skipped,,7
3377,Annette VALENTINE (SNP),Michael Edward ROSS (Lab),skipped,skipped,skipped,skipped,skipped,,7
3378,Annette VALENTINE (SNP),Michael Edward ROSS (Lab),skipped,skipped,skipped,skipped,skipped,,7
3379,Annette VALENTINE (SNP),Michael Edward ROSS (Lab),skipped,skipped,skipped,skipped,skipped,,7
3380,Annette VALENTINE (SNP),Michael Edward ROSS (Lab),skipped,skipped,skipped,skipped,skipped,,7
3381,Annette VALENTINE (SNP),Michael Edward ROSS (Lab),skipped,skipped,skipped,skipped,skipped,,7
3382,Annette VALENTINE (SNP),Michael Edward ROSS (Lab),skipped,skipped,skipped,skipped,skipped,,7
3383,Annette VALENTINE (SNP),Michael Edward ROSS (Lab),skipped,skipped,skipped,skipped,skipped,,7
3384,Annette VALENTINE (SNP),Michael Edward ROSS (Lab),skipped,skipped,skipped,skipped,skipped,,7
3385,Annette VALENTINE (SNP),Michael Edward ROSS (Lab),skipped,skipped,skipped,skipped,skipped,,7
3386,Annette VALENTINE (SNP),Michael Edward ROSS (Lab),skipped,skipped,skipped,skipped,skipped,,7
3387,Annette VALENTINE (SNP),Michael Edward ROSS (Lab),skipped,skipped,skipped,skipped,skipped,,7
3388,Annette VALENTINE (SNP),Michael Edward ROSS (Lab),skipped,skipped,skipped,skipped,skipped,,7
3389,Annette VALENTINE (SNP),Michael Edward ROSS (Lab),skipped,skipped,skipped,skipped,skipped,,7
3390,Annette VALENTINE (SNP),Michael Edward ROSS (Lab),skipped,skipped,skipped,skipped,skipped,,7
3391,Annette VALENTINE (SNP),Michael Edward ROSS (Lab),skipped,skipped,skipped,skipped,skipped,,7
3392,Annette VALENTINE (SNP),Michael Edward ROSS (Lab),skipped,skipped,skipped,skipped,skipped,,7
3393,Annette VALENTINE (SNP),Michael Edward ROSS (Lab),skipped,skipped,skipped,skipped,skipped,,7
3394,Annette VALENTINE (SNP),Michael Edward ROSS (Lab),skipped,skipped,skipped,skipped,skipped,,7
3395,Annette VALENTINE (SNP),Michael Edward ROSS (Lab),skipped,skipped,skipped,skipped,skipped,,7
3396,Annette VALENTINE (SNP),Michael Edward ROSS (Lab),skipped,skipped,skipped,skipped,skipped,,7
3397,Annette VALENTINE (SNP),Michael Edward ROSS (Lab),skipped,skipped,skipped,skipped,skipped,,7
3398,Annette VALENTINE (SNP),Michael Edward ROSS (Lab),skipped,skipped,skipped,skipped,skipped,,7
3399,Annette VALENTINE (SNP),Michael Edward ROSS (Lab),skipped,skipped,skipped,skipped,skipped,,7
3400,Annette VALENTINE (SNP),Michael Edward ROSS (Lab),skipped,skipped,skipped,skipped,skipped,,7
3401,Annette VALENTINE (SNP),Michael Edward ROSS (Lab),skipped,skipped,skipped,skipped,skipped,,7
3402,Annette VALENTINE (SNP),Michael Edward ROSS (Lab),skipped,skipped,skipped,skipped,skipped,,7
3403,Annette VALENTINE (SNP),Michael Edward ROSS (Lab),skipped,skipped,skipped,skipped,skipped,,7
3404,Annette VALENTINE (SNP),Michael Edward ROSS (Lab),skipped,skipped,skipped,skipped,skipped,,7
3405,Annette VALENTINE (SNP),Michael Edward ROSS (Lab),skipped,skipped,skipped,skipped,skipped,,7
3406,Annette VALENTINE (SNP),Michael Edward ROSS (Lab),skipped,skipped,skipped,skipped,skipped,,7
3407,Annette VALENTINE (SNP),Michael Edward ROSS (Lab),skipped,skipped,skipped,skipped,skipped,,7
3408,Annette VALENTINE (SNP),Michael Edward ROSS (Lab),skipped,skipped,skipped,skipped,skipped,,7
3409,Annette VALENTINE (SNP),Michael Edward ROSS (Lab),skipped,skipped,skipped,skipped,skipped,,7
3410,Annette VALENTINE (SNP),Michael Edward ROSS (Lab),skipped,skipped,skipped,skipped,skipped,,7
3411,Annette VALENTINE (SNP),Michael Edward ROSS (Lab),skipped,skipped,skipped,skipped,skipped,,7
3412,Annette VALENTINE (SNP),Michael Edward ROSS (Lab),skipped,skipped,skipped,skipped,skipped,,7
3413,Annette VALENTINE (SNP),Michael Edward ROSS (Lab),Julie FLEMING (RISE) (UNKNOWN),skipped,skipped,skipped,skipped,,7
3414,Annette VALENTINE (SNP),Michael Edward ROSS (Lab),Julie FLEMING (RISE) (UNKNOWN),skipped,skipped,skipped,skipped,,7
3415,Annette VALENTINE (SNP),Julie FLEMING (RISE) (UNKNOWN),Paul KELLY (Lab),Elaine MCSPADDEN (IANL) (UNKNOWN),Meghan GALLACHER (Con),skipped,skipped,,7
3416,Annette VALENTINE (SNP),Julie FLEMING (RISE) (UNKNOWN),Paul KELLY (Lab),Elaine MCSPADDEN (IANL) (UNKNOWN),Meghan GALLACHER (Con),skipped,skipped,,7
3417,Annette VALENTINE (SNP),Julie FLEMING (RISE) (UNKNOWN),Paul KELLY (Lab),Elaine MCSPADDEN (IANL) (UNKNOWN),Meghan GALLACHER (Con),skipped,skipped,,7
3418,Annette VALENTINE (SNP),Julie FLEMING (RISE) (UNKNOWN),Elaine MCSPADDEN (IANL) (UNKNOWN),Paul KELLY (Lab),skipped,skipped,skipped,,7
3419,Annette VALENTINE (SNP),Julie FLEMING (RISE) (UNKNOWN),Elaine MCSPADDEN (IANL) (UNKNOWN),Paul KELLY (Lab),Meghan GALLACHER (Con),skipped,skipped,,7
3420,Annette VALENTINE (SNP),Julie FLEMING (RISE) (UNKNOWN),Elaine MCSPADDEN (IANL) (UNKNOWN),Meghan GALLACHER (Con),Paul KELLY (Lab),skipped,skipped,,7
3421,Annette VALENTINE (SNP),Paul KELLY (Lab),skipped,skipped,skipped,skipped,skipped,,7
3422,Annette VALENTINE (SNP),Paul KELLY (Lab),skipped,skipped,skipped,skipped,skipped,,7
3423,Annette VALENTINE (SNP),Paul KELLY (Lab),skipped,skipped,skipped,skipped,skipped,,7
3424,Annette VALENTINE (SNP),Paul KELLY (Lab),skipped,skipped,skipped,skipped,skipped,,7
3425,Annette VALENTINE (SNP),Paul KELLY (Lab),skipped,skipped,skipped,skipped,skipped,,7
3426,Annette VALENTINE (SNP),Paul KELLY (Lab),skipped,skipped,skipped,skipped,skipped,,7
3427,Annette VALENTINE (SNP),Paul KELLY (Lab),skipped,skipped,skipped,skipped,skipped,,7
3428,Annette VALENTINE (SNP),Paul KELLY (Lab),skipped,skipped,skipped,skipped,skipped,,7
3429,Annette VALENTINE (SNP),Paul KELLY (Lab),skipped,skipped,skipped,skipped,skipped,,7
3430,Annette VALENTINE (SNP),Paul KELLY (Lab),skipped,skipped,skipped,skipped,skipped,,7
3431,Annette VALENTINE (SNP),Paul KELLY (Lab),skipped,skipped,skipped,skipped,skipped,,7
3432,Annette VALENTINE (SNP),Paul KELLY (Lab),skipped,skipped,skipped,skipped,skipped,,7
3433,Annette VALENTINE (SNP),Paul KELLY (Lab),skipped,skipped,skipped,skipped,skipped,,7
3434,Annette VALENTINE (SNP),Paul KELLY (Lab),skipped,skipped,skipped,skipped,skipped,,7
3435,Annette VALENTINE (SNP),Paul KELLY (Lab),skipped,skipped,skipped,skipped,skipped,,7
3436,Annette VALENTINE (SNP),Paul KELLY (Lab),skipped,skipped,skipped,skipped,skipped,,7
3437,Annette VALENTINE (SNP),Paul KELLY (Lab),skipped,skipped,skipped,skipped,skipped,,7
3438,Annette VALENTINE (SNP),Paul KELLY (Lab),skipped,skipped,skipped,skipped,skipped,,7
3439,Annette VALENTINE (SNP),Paul KELLY (Lab),skipped,skipped,skipped,skipped,skipped,,7
3440,Annette VALENTINE (SNP),Paul KELLY (Lab),skipped,skipped,skipped,skipped,skipped,,7
3441,Annette VALENTINE (SNP),Paul KELLY (Lab),skipped,skipped,skipped,skipped,skipped,,7
3442,Annette VALENTINE (SNP),Paul KELLY (Lab),skipped,skipped,skipped,skipped,skipped,,7
3443,Annette VALENTINE (SNP),Paul KELLY (Lab),skipped,skipped,skipped,skipped,skipped,,7
3444,Annette VALENTINE (SNP),Paul KELLY (Lab),skipped,skipped,skipped,skipped,skipped,,7
3445,Annette VALENTINE (SNP),Paul KELLY (Lab),skipped,skipped,skipped,skipped,skipped,,7
3446,Annette VALENTINE (SNP),Paul KELLY (Lab),skipped,skipped,skipped,skipped,skipped,,7
3447,Annette VALENTINE (SNP),Paul KELLY (Lab),skipped,skipped,skipped,skipped,skipped,,7
3448,Annette VALENTINE (SNP),Paul KELLY (Lab),skipped,skipped,skipped,skipped,skipped,,7
3449,Annette VALENTINE (SNP),Paul KELLY (Lab),skipped,skipped,skipped,skipped,skipped,,7
3450,Annette VALENTINE (SNP),Paul KELLY (Lab),Julie FLEMING (RISE) (UNKNOWN),skipped,skipped,skipped,skipped,,7
3451,Annette VALENTINE (SNP),Paul KELLY (Lab),Julie FLEMING (RISE) (UNKNOWN),skipped,skipped,skipped,skipped,,7
3452,Annette VALENTINE (SNP),Paul KELLY (Lab),Julie FLEMING (RISE) (UNKNOWN),Elaine MCSPADDEN (IANL) (UNKNOWN),skipped,skipped,skipped,,7
3453,Annette VALENTINE (SNP),Paul KELLY (Lab),Julie FLEMING (RISE) (UNKNOWN),Elaine MCSPADDEN (IANL) (UNKNOWN),skipped,skipped,skipped,,7
3454,Annette VALENTINE (SNP),Paul KELLY (Lab),Julie FLEMING (RISE) (UNKNOWN),Elaine MCSPADDEN (IANL) (UNKNOWN),Meghan GALLACHER (Con),skipped,skipped,,7
3455,Annette VALENTINE (SNP),Paul KELLY (Lab),Julie FLEMING (RISE) (UNKNOWN),Elaine MCSPADDEN (IANL) (UNKNOWN),Meghan GALLACHER (Con),skipped,skipped,,7
3456,Annette VALENTINE (SNP),Paul KELLY (Lab),Julie FLEMING (RISE) (UNKNOWN),Elaine MCSPADDEN (IANL) (UNKNOWN),Meghan GALLACHER (Con),skipped,skipped,,7
3457,Annette VALENTINE (SNP),Paul KELLY (Lab),Julie FLEMING (RISE) (UNKNOWN),Elaine MCSPADDEN (IANL) (UNKNOWN),Meghan GALLACHER (Con),skipped,skipped,,7
3458,Annette VALENTINE (SNP),Paul KELLY (Lab),Julie FLEMING (RISE) (UNKNOWN),Elaine MCSPADDEN (IANL) (UNKNOWN),Meghan GALLACHER (Con),skipped,skipped,,7
3459,Annette VALENTINE (SNP),Paul KELLY (Lab),Julie FLEMING (RISE) (UNKNOWN),Elaine MCSPADDEN (IANL) (UNKNOWN),Meghan GALLACHER (Con),skipped,skipped,,7
3460,Annette VALENTINE (SNP),Paul KELLY (Lab),Julie FLEMING (RISE) (UNKNOWN),Elaine MCSPADDEN (IANL) (UNKNOWN),Meghan GALLACHER (Con),skipped,skipped,,7
3461,Annette VALENTINE (SNP),Paul KELLY (Lab),Julie FLEMING (RISE) (UNKNOWN),Elaine MCSPADDEN (IANL) (UNKNOWN),Meghan GALLACHER (Con),skipped,skipped,,7
3462,Annette VALENTINE (SNP),Paul KELLY (Lab),Julie FLEMING (RISE) (UNKNOWN),Elaine MCSPADDEN (IANL) (UNKNOWN),Meghan GALLACHER (Con),skipped,skipped,,7
3463,Annette VALENTINE (SNP),Paul KELLY (Lab),Julie FLEMING (RISE) (UNKNOWN),Elaine MCSPADDEN (IANL) (UNKNOWN),Meghan GALLACHER (Con),skipped,skipped,,7
3464,Annette VALENTINE (SNP),Paul KELLY (Lab),Julie FLEMING (RISE) (UNKNOWN),Elaine MCSPADDEN (IANL) (UNKNOWN),Meghan GALLACHER (Con),skipped,skipped,,7
3465,Annette VALENTINE (SNP),Paul KELLY (Lab),Julie FLEMING (RISE) (UNKNOWN),Elaine MCSPADDEN (IANL) (UNKNOWN),Meghan GALLACHER (Con),skipped,skipped,,7
3466,Annette VALENTINE (SNP),Paul KELLY (Lab),Julie FLEMING (RISE) (UNKNOWN),Elaine MCSPADDEN (IANL) (UNKNOWN),Meghan GALLACHER (Con),skipped,skipped,,7
3467,Annette VALENTINE (SNP),Paul KELLY (Lab),Julie FLEMING (RISE) (UNKNOWN),Elaine MCSPADDEN (IANL) (UNKNOWN),Meghan GALLACHER (Con),skipped,skipped,,7
3468,Annette VALENTINE (SNP),Paul KELLY (Lab),Julie FLEMING (RISE) (UNKNOWN),Meghan GALLACHER (Con),Elaine MCSPADDEN (IANL) (UNKNOWN),skipped,skipped,,7
3469,Annette VALENTINE (SNP),Paul KELLY (Lab),Julie FLEMING (RISE) (UNKNOWN),Meghan GALLACHER (Con),Elaine MCSPADDEN (IANL) (UNKNOWN),skipped,skipped,,7
3470,Annette VALENTINE (SNP),Paul KELLY (Lab),Julie FLEMING (RISE) (UNKNOWN),Meghan GALLACHER (Con),Elaine MCSPADDEN (IANL) (UNKNOWN),skipped,skipped,,7
3471,Annette VALENTINE (SNP),Paul KELLY (Lab),Elaine MCSPADDEN (IANL) (UNKNOWN),skipped,skipped,skipped,skipped,,7
3472,Annette VALENTINE (SNP),Paul KELLY (Lab),Elaine MCSPADDEN (IANL) (UNKNOWN),skipped,skipped,skipped,skipped,,7
3473,Annette VALENTINE (SNP),Paul KELLY (Lab),Elaine MCSPADDEN (IANL) (UNKNOWN),Julie FLEMING (RISE) (UNKNOWN),Meghan GALLACHER (Con),skipped,skipped,,7
3474,Annette VALENTINE (SNP),Paul KELLY (Lab),Elaine MCSPADDEN (IANL) (UNKNOWN),Julie FLEMING (RISE) (UNKNOWN),Meghan GALLACHER (Con),skipped,skipped,,7
3475,Annette VALENTINE (SNP),Paul KELLY (Lab),Elaine MCSPADDEN (IANL) (UNKNOWN),Julie FLEMING (RISE) (UNKNOWN),Meghan GALLACHER (Con),skipped,skipped,,7
3476,Annette VALENTINE (SNP),Paul KELLY (Lab),Elaine MCSPADDEN (IANL) (UNKNOWN),Julie FLEMING (RISE) (UNKNOWN),Meghan GALLACHER (Con),skipped,skipped,,7
3477,Annette VALENTINE (SNP),Paul KELLY (Lab),Elaine MCSPADDEN (IANL) (UNKNOWN),Julie FLEMING (RISE) (UNKNOWN),Meghan GALLACHER (Con),skipped,skipped,,7
3478,Annette VALENTINE (SNP),Paul KELLY (Lab),Elaine MCSPADDEN (IANL) (UNKNOWN),Julie FLEMING (RISE) (UNKNOWN),Meghan GALLACHER (Con),skipped,skipped,,7
3479,Annette VALENTINE (SNP),Paul KELLY (Lab),Elaine MCSPADDEN (IANL) (UNKNOWN),Julie FLEMING (RISE) (UNKNOWN),Meghan GALLACHER (Con),skipped,skipped,,7
3480,Annette VALENTINE (SNP),Paul KELLY (Lab),Elaine MCSPADDEN (IANL) (UNKNOWN),Julie FLEMING (RISE) (UNKNOWN),Meghan GALLACHER (Con),skipped,skipped,,7
3481,Annette VALENTINE (SNP),Paul KELLY (Lab),Meghan GALLACHER (Con),skipped,skipped,skipped,skipped,,7
3482,Annette VALENTINE (SNP),Paul KELLY (Lab),Meghan GALLACHER (Con),Julie FLEMING (RISE) (UNKNOWN),Elaine MCSPADDEN (IANL) (UNKNOWN),skipped,skipped,,7
3483,Annette VALENTINE (SNP),Paul KELLY (Lab),Meghan GALLACHER (Con),Julie FLEMING (RISE) (UNKNOWN),Elaine MCSPADDEN (IANL) (UNKNOWN),skipped,skipped,,7
3484,Annette VALENTINE (SNP),Paul KELLY (Lab),Meghan GALLACHER (Con),Elaine MCSPADDEN (IANL) (UNKNOWN),Julie FLEMING (RISE) (UNKNOWN),skipped,skipped,,7
3485,Annette VALENTINE (SNP),Paul KELLY (Lab),Meghan GALLACHER (Con),Elaine MCSPADDEN (IANL) (UNKNOWN),Julie FLEMING (RISE) (UNKNOWN),skipped,skipped,,7
3486,Annette VALENTINE (SNP),Paul KELLY (Lab),Meghan GALLACHER (Con),Elaine MCSPADDEN (IANL) (UNKNOWN),Julie FLEMING (RISE) (UNKNOWN),skipped,skipped,,7
3487,Annette VALENTINE (SNP),Paul KELLY (Lab),Meghan GALLACHER (Con),Elaine MCSPADDEN (IANL) (UNKNOWN),Julie FLEMING (RISE) (UNKNOWN),skipped,skipped,,7
3488,Annette VALENTINE (SNP),Michael Edward ROSS (Lab),Elaine MCSPADDEN (IANL) (UNKNOWN),Julie FLEMING (RISE) (UNKNOWN),skipped,skipped,skipped,,7
3489,Annette VALENTINE (SNP),Elaine MCSPADDEN (IANL) (UNKNOWN),Paul KELLY (Lab),skipped,skipped,skipped,skipped,,7
3490,Annette VALENTINE (SNP),Elaine MCSPADDEN (IANL) (UNKNOWN),Paul KELLY (Lab),Julie FLEMING (RISE) (UNKNOWN),Meghan GALLACHER (Con),skipped,skipped,,7
3491,Annette VALENTINE (SNP),Elaine MCSPADDEN (IANL) (UNKNOWN),Paul KELLY (Lab),Meghan GALLACHER (Con),Julie FLEMING (RISE) (UNKNOWN),skipped,skipped,,7
3492,Annette VALENTINE (SNP),Meghan GALLACHER (Con),Paul KELLY (Lab),Elaine MCSPADDEN (IANL) (UNKNOWN),Julie FLEMING (RISE) (UNKNOWN),skipped,skipped,,7
3493,Annette VALENTINE (SNP),Meghan GALLACHER (Con),skipped,skipped,skipped,skipped,skipped,,7
3494,Annette VALENTINE (SNP),Meghan GALLACHER (Con),skipped,skipped,skipped,skipped,skipped,,7
3495,Annette VALENTINE (SNP),Meghan GALLACHER (Con),skipped,skipped,skipped,skipped,skipped,,7
3496,Annette VALENTINE (SNP),Meghan GALLACHER (Con),skipped,skipped,skipped,skipped,skipped,,7
3497,Annette VALENTINE (SNP),Meghan GALLACHER (Con),skipped,skipped,skipped,skipped,skipped,,7
3498,Annette VALENTINE (SNP),Meghan GALLACHER (Con),skipped,skipped,skipped,skipped,skipped,,7
3499,Annette VALENTINE (SNP),Meghan GALLACHER (Con),skipped,skipped,skipped,skipped,skipped,,7
3500,Annette VALENTINE (SNP),Meghan GALLACHER (Con),skipped,skipped,skipped,skipped,skipped,,7
3501,Annette VALENTINE (SNP),Meghan GALLACHER (Con),skipped,skipped,skipped,skipped,skipped,,7
3502,Annette VALENTINE (SNP),Meghan GALLACHER (Con),skipped,skipped,skipped,skipped,skipped,,7
3503,Annette VALENTINE (SNP),Meghan GALLACHER (Con),skipped,skipped,skipped,skipped,skipped,,7
3504,Annette VALENTINE (SNP),Meghan GALLACHER (Con),skipped,skipped,skipped,skipped,skipped,,7
3505,Annette VALENTINE (SNP),Meghan GALLACHER (Con),skipped,skipped,skipped,skipped,skipped,,7
3506,Annette VALENTINE (SNP),Meghan GALLACHER (Con),skipped,skipped,skipped,skipped,skipped,,7
3507,Annette VALENTINE (SNP),Meghan GALLACHER (Con),skipped,skipped,skipped,skipped,skipped,,7
3508,Annette VALENTINE (SNP),Meghan GALLACHER (Con),skipped,skipped,skipped,skipped,skipped,,7
3509,Annette VALENTINE (SNP),Meghan GALLACHER (Con),skipped,skipped,skipped,skipped,skipped,,7
3510,Annette VALENTINE (SNP),Meghan GALLACHER (Con),skipped,skipped,skipped,skipped,skipped,,7
3511,Annette VALENTINE (SNP),Meghan GALLACHER (Con),Julie FLEMING (RISE) (UNKNOWN),Elaine MCSPADDEN (IANL) (UNKNOWN),Paul KELLY (Lab),skipped,skipped,,7
3512,Annette VALENTINE (SNP),Meghan GALLACHER (Con),Julie FLEMING (RISE) (UNKNOWN),Elaine MCSPADDEN (IANL) (UNKNOWN),Paul KELLY (Lab),skipped,skipped,,7
3513,Annette VALENTINE (SNP),Meghan GALLACHER (Con),Elaine MCSPADDEN (IANL) (UNKNOWN),Julie FLEMING (RISE) (UNKNOWN),skipped,skipped,skipped,,7
3514,Annette VALENTINE (SNP),Meghan GALLACHER (Con),Elaine MCSPADDEN (IANL) (UNKNOWN),Julie FLEMING (RISE) (UNKNOWN),Paul KELLY (Lab),skipped,skipped,,7
3515,Annette VALENTINE (SNP),Meghan GALLACHER (Con),Elaine MCSPADDEN (IANL) (UNKNOWN),Julie FLEMING (RISE) (UNKNOWN),Paul KELLY (Lab),skipped,skipped,,7
3516,Annette VALENTINE (SNP),Michael Edward ROSS (Lab),skipped,skipped,skipped,skipped,skipped,,7
3517,Annette VALENTINE (SNP),Michael Edward ROSS (Lab),skipped,skipped,skipped,skipped,skipped,,7
3518,Annette VALENTINE (SNP),Michael Edward ROSS (Lab),skipped,skipped,skipped,skipped,skipped,,7
3519,Annette VALENTINE (SNP),Michael Edward ROSS (Lab),skipped,skipped,skipped,skipped,skipped,,7
3520,Annette VALENTINE (SNP),Michael Edward ROSS (Lab),skipped,skipped,skipped,skipped,skipped,,7
3521,Annette VALENTINE (SNP),Michael Edward ROSS (Lab),skipped,skipped,skipped,skipped,skipped,,7
3522,Annette VALENTINE (SNP),Michael Edward ROSS (Lab),skipped,skipped,skipped,skipped,skipped,,7
3523,Annette VALENTINE (SNP),Michael Edward ROSS (Lab),Julie FLEMING (RISE) (UNKNOWN),skipped,skipped,skipped,skipped,,7
3524,Annette VALENTINE (SNP),Michael Edward ROSS (Lab),Julie FLEMING (RISE) (UNKNOWN),skipped,skipped,skipped,skipped,,7
3525,Annette VALENTINE (SNP),Julie FLEMING (RISE) (UNKNOWN),Paul KELLY (Lab),skipped,skipped,skipped,skipped,,7
3526,Annette VALENTINE (SNP),Michael Edward ROSS (Lab),Julie FLEMING (RISE) (UNKNOWN),skipped,skipped,skipped,skipped,,7
3527,Annette VALENTINE (SNP),Paul KELLY (Lab),skipped,skipped,skipped,skipped,skipped,,7
3528,Annette VALENTINE (SNP),Paul KELLY (Lab),skipped,skipped,skipped,skipped,skipped,,7
3529,Annette VALENTINE (SNP),Paul KELLY (Lab),skipped,skipped,skipped,skipped,skipped,,7
3530,Annette VALENTINE (SNP),Michael Edward ROSS (Lab),Elaine MCSPADDEN (IANL) (UNKNOWN),Julie FLEMING (RISE) (UNKNOWN),Meghan GALLACHER (Con),skipped,skipped,,7
3531,Annette VALENTINE (SNP),Michael Edward ROSS (Lab),skipped,skipped,skipped,skipped,skipped,,7
3532,Annette VALENTINE (SNP),Michael Edward ROSS (Lab),skipped,skipped,skipped,skipped,skipped,,7
3533,Annette VALENTINE (SNP),Paul KELLY (Lab),skipped,skipped,skipped,skipped,skipped,,7
3534,Annette VALENTINE (SNP),Paul KELLY (Lab),skipped,skipped,skipped,skipped,skipped,,7
3535,Annette VALENTINE (SNP),Paul KELLY (Lab),Elaine MCSPADDEN (IANL) (UNKNOWN),Julie FLEMING (RISE) (UNKNOWN),Meghan GALLACHER (Con),skipped,skipped,,7
3536,Annette VALENTINE (SNP),Paul KELLY (Lab),Elaine MCSPADDEN (IANL) (UNKNOWN),Meghan GALLACHER (Con),Julie FLEMING (RISE) (UNKNOWN),skipped,skipped,,7
3537,Annette VALENTINE (SNP),Michael Edward ROSS (Lab),Meghan GALLACHER (Con),skipped,skipped,skipped,skipped,,7
3538,Annette VALENTINE (SNP),Michael Edward ROSS (Lab),Meghan GALLACHER (Con),skipped,skipped,skipped,skipped,,7
3539,Annette VALENTINE (SNP),Meghan GALLACHER (Con),skipped,skipped,skipped,skipped,skipped,,7
3540,Annette VALENTINE (SNP),Meghan GALLACHER (Con),skipped,skipped,skipped,skipped,skipped,,7
3541,Annette VALENTINE (SNP),Meghan GALLACHER (Con),skipped,skipped,skipped,skipped,skipped,,7
3542,Annette VALENTINE (SNP),Meghan GALLACHER (Con),skipped,skipped,skipped,skipped,skipped,,7
3543,Annette VALENTINE (SNP),Meghan GALLACHER (Con),skipped,skipped,skipped,skipped,skipped,,7
3544,Annette VALENTINE (SNP),Meghan GALLACHER (Con),skipped,skipped,skipped,skipped,skipped,,7
3545,Annette VALENTINE (SNP),Meghan GALLACHER (Con),Julie FLEMING (RISE) (UNKNOWN),skipped,skipped,skipped,skipped,,7
3546,Annette VALENTINE (SNP),Meghan GALLACHER (Con),Elaine MCSPADDEN (IANL) (UNKNOWN),Julie FLEMING (RISE) (UNKNOWN),Paul KELLY (Lab),skipped,skipped,,7
3547,Annette VALENTINE (SNP),Meghan GALLACHER (Con),skipped,skipped,skipped,skipped,skipped,,7
3548,Annette VALENTINE (SNP),Meghan GALLACHER (Con),skipped,skipped,skipped,skipped,skipped,,7
3549,Annette VALENTINE (SNP),Meghan GALLACHER (Con),skipped,skipped,skipped,skipped,skipped,,7
3550,Annette VALENTINE (SNP),Meghan GALLACHER (Con),skipped,skipped,skipped,skipped,skipped,,7
3551,Annette VALENTINE (SNP),Meghan GALLACHER (Con),Julie FLEMING (RISE) (UNKNOWN),Elaine MCSPADDEN (IANL) (UNKNOWN),Paul KELLY (Lab),skipped,skipped,,7
3552,Annette VALENTINE (SNP),Meghan GALLACHER (Con),Michael Edward ROSS (Lab),skipped,skipped,skipped,skipped,,7
3553,Annette VALENTINE (SNP),Meghan GALLACHER (Con),Michael Edward ROSS (Lab),skipped,skipped,skipped,skipped,,7
3554,Annette VALENTINE (SNP),Meghan GALLACHER (Con),Paul KELLY (Lab),Elaine MCSPADDEN (IANL) (UNKNOWN),Julie FLEMING (RISE) (UNKNOWN),skipped,skipped,,7
3555,Meghan GALLACHER (Con),skipped,skipped,skipped,skipped,skipped,skipped,,7
3556,Meghan GALLACHER (Con),skipped,skipped,skipped,skipped,skipped,skipped,,7
3557,Meghan GALLACHER (Con),skipped,skipped,skipped,skipped,skipped,skipped,,7
3558,Meghan GALLACHER (Con),skipped,skipped,skipped,skipped,skipped,skipped,,7
3559,Meghan GALLACHER (Con),skipped,skipped,skipped,skipped,skipped,skipped,,7
3560,Meghan GALLACHER (Con),skipped,skipped,skipped,skipped,skipped,skipped,,7
3561,Meghan GALLACHER (Con),skipped,skipped,skipped,skipped,skipped,skipped,,7
3562,Meghan GALLACHER (Con),skipped,skipped,skipped,skipped,skipped,skipped,,7
3563,Meghan GALLACHER (Con),skipped,skipped,skipped,skipped,skipped,skipped,,7
3564,Meghan GALLACHER (Con),skipped,skipped,skipped,skipped,skipped,skipped,,7
3565,Meghan GALLACHER (Con),skipped,skipped,skipped,skipped,skipped,skipped,,7
3566,Meghan GALLACHER (Con),skipped,skipped,skipped,skipped,skipped,skipped,,7
3567,Meghan GALLACHER (Con),skipped,skipped,skipped,skipped,skipped,skipped,,7
3568,Meghan GALLACHER (Con),skipped,skipped,skipped,skipped,skipped,skipped,,7
3569,Meghan GALLACHER (Con),skipped,skipped,skipped,skipped,skipped,skipped,,7
3570,Meghan GALLACHER (Con),skipped,skipped,skipped,skipped,skipped,skipped,,7
3571,Meghan GALLACHER (Con),skipped,skipped,skipped,skipped,skipped,skipped,,7
3572,Meghan GALLACHER (Con),skipped,skipped,skipped,skipped,skipped,skipped,,7
3573,Meghan GALLACHER (Con),skipped,skipped,skipped,skipped,skipped,skipped,,7
3574,Meghan GALLACHER (Con),skipped,skipped,skipped,skipped,skipped,skipped,,7
3575,Meghan GALLACHER (Con),skipped,skipped,skipped,skipped,skipped,skipped,,7
3576,Meghan GALLACHER (Con),skipped,skipped,skipped,skipped,skipped,skipped,,7
3577,Meghan GALLACHER (Con),skipped,skipped,skipped,skipped,skipped,skipped,,7
3578,Meghan GALLACHER (Con),skipped,skipped,skipped,skipped,skipped,skipped,,7
3579,Meghan GALLACHER (Con),skipped,skipped,skipped,skipped,skipped,skipped,,7
3580,Meghan GALLACHER (Con),skipped,skipped,skipped,skipped,skipped,skipped,,7
3581,Meghan GALLACHER (Con),skipped,skipped,skipped,skipped,skipped,skipped,,7
3582,Meghan GALLACHER (Con),skipped,skipped,skipped,skipped,skipped,skipped,,7
3583,Meghan GALLACHER (Con),skipped,skipped,skipped,skipped,skipped,skipped,,7
3584,Meghan GALLACHER (Con),skipped,skipped,skipped,skipped,skipped,skipped,,7
3585,Meghan GALLACHER (Con),skipped,skipped,skipped,skipped,skipped,skipped,,7
3586,Meghan GALLACHER (Con),skipped,skipped,skipped,skipped,skipped,skipped,,7
3587,Meghan GALLACHER (Con),skipped,skipped,skipped,skipped,skipped,skipped,,7
3588,Meghan GALLACHER (Con),skipped,skipped,skipped,skipped,skipped,skipped,,7
3589,Meghan GALLACHER (Con),skipped,skipped,skipped,skipped,skipped,skipped,,7
3590,Meghan GALLACHER (Con),skipped,skipped,skipped,skipped,skipped,skipped,,7
3591,Meghan GALLACHER (Con),skipped,skipped,skipped,skipped,skipped,skipped,,7
3592,Meghan GALLACHER (Con),skipped,skipped,skipped,skipped,skipped,skipped,,7
3593,Meghan GALLACHER (Con),skipped,skipped,skipped,skipped,skipped,skipped,,7
3594,Meghan GALLACHER (Con),skipped,skipped,skipped,skipped,skipped,skipped,,7
3595,Meghan GALLACHER (Con),skipped,skipped,skipped,skipped,skipped,skipped,,7
3596,Meghan GALLACHER (Con),skipped,skipped,skipped,skipped,skipped,skipped,,7
3597,Meghan GALLACHER (Con),skipped,skipped,skipped,skipped,skipped,skipped,,7
3598,Meghan GALLACHER (Con),skipped,skipped,skipped,skipped,skipped,skipped,,7
3599,Meghan GALLACHER (Con),skipped,skipped,skipped,skipped,skipped,skipped,,7
3600,Meghan GALLACHER (Con),skipped,skipped,skipped,skipped,skipped,skipped,,7
3601,Meghan GALLACHER (Con),skipped,skipped,skipped,skipped,skipped,skipped,,7
3602,Meghan GALLACHER (Con),skipped,skipped,skipped,skipped,skipped,skipped,,7
3603,Meghan GALLACHER (Con),skipped,skipped,skipped,skipped,skipped,skipped,,7
3604,Meghan GALLACHER (Con),skipped,skipped,skipped,skipped,skipped,skipped,,7
3605,Meghan GALLACHER (Con),skipped,skipped,skipped,skipped,skipped,skipped,,7
3606,Meghan GALLACHER (Con),skipped,skipped,skipped,skipped,skipped,skipped,,7
3607,Meghan GALLACHER (Con),skipped,skipped,skipped,skipped,skipped,skipped,,7
3608,Meghan GALLACHER (Con),skipped,skipped,skipped,skipped,skipped,skipped,,7
3609,Meghan GALLACHER (Con),skipped,skipped,skipped,skipped,skipped,skipped,,7
3610,Meghan GALLACHER (Con),skipped,skipped,skipped,skipped,skipped,skipped,,7
3611,Meghan GALLACHER (Con),skipped,skipped,skipped,skipped,skipped,skipped,,7
3612,Meghan GALLACHER (Con),skipped,skipped,skipped,skipped,skipped,skipped,,7
3613,Meghan GALLACHER (Con),skipped,skipped,skipped,skipped,skipped,skipped,,7
3614,Meghan GALLACHER (Con),skipped,skipped,skipped,skipped,skipped,skipped,,7
3615,Meghan GALLACHER (Con),skipped,skipped,skipped,skipped,skipped,skipped,,7
3616,Meghan GALLACHER (Con),skipped,skipped,skipped,skipped,skipped,skipped,,7
3617,Meghan GALLACHER (Con),skipped,skipped,skipped,skipped,skipped,skipped,,7
3618,Meghan GALLACHER (Con),skipped,skipped,skipped,skipped,skipped,skipped,,7
3619,Meghan GALLACHER (Con),skipped,skipped,skipped,skipped,skipped,skipped,,7
3620,Meghan GALLACHER (Con),skipped,skipped,skipped,skipped,skipped,skipped,,7
3621,Meghan GALLACHER (Con),skipped,skipped,skipped,skipped,skipped,skipped,,7
3622,Meghan GALLACHER (Con),skipped,skipped,skipped,skipped,skipped,skipped,,7
3623,Meghan GALLACHER (Con),skipped,skipped,skipped,skipped,skipped,skipped,,7
3624,Meghan GALLACHER (Con),skipped,skipped,skipped,skipped,skipped,skipped,,7
3625,Meghan GALLACHER (Con),skipped,skipped,skipped,skipped,skipped,skipped,,7
3626,Meghan GALLACHER (Con),skipped,skipped,skipped,skipped,skipped,skipped,,7
3627,Meghan GALLACHER (Con),skipped,skipped,skipped,skipped,skipped,skipped,,7
3628,Meghan GALLACHER (Con),skipped,skipped,skipped,skipped,skipped,skipped,,7
3629,Meghan GALLACHER (Con),skipped,skipped,skipped,skipped,skipped,skipped,,7
3630,Meghan GALLACHER (Con),skipped,skipped,skipped,skipped,skipped,skipped,,7
3631,Meghan GALLACHER (Con),skipped,skipped,skipped,skipped,skipped,skipped,,7
3632,Meghan GALLACHER (Con),skipped,skipped,skipped,skipped,skipped,skipped,,7
3633,Meghan GALLACHER (Con),skipped,skipped,skipped,skipped,skipped,skipped,,7
3634,Meghan GALLACHER (Con),skipped,skipped,skipped,skipped,skipped,skipped,,7
3635,Meghan GALLACHER (Con),skipped,skipped,skipped,skipped,skipped,skipped,,7
3636,Meghan GALLACHER (Con),skipped,skipped,skipped,skipped,skipped,skipped,,7
3637,Meghan GALLACHER (Con),skipped,skipped,skipped,skipped,skipped,skipped,,7
3638,Meghan GALLACHER (Con),skipped,skipped,skipped,skipped,skipped,skipped,,7
3639,Meghan GALLACHER (Con),skipped,skipped,skipped,skipped,skipped,skipped,,7
3640,Meghan GALLACHER (Con),skipped,skipped,skipped,skipped,skipped,skipped,,7
3641,Meghan GALLACHER (Con),skipped,skipped,skipped,skipped,skipped,skipped,,7
3642,Meghan GALLACHER (Con),skipped,skipped,skipped,skipped,skipped,skipped,,7
3643,Meghan GALLACHER (Con),skipped,skipped,skipped,skipped,skipped,skipped,,7
3644,Meghan GALLACHER (Con),skipped,skipped,skipped,skipped,skipped,skipped,,7
3645,Meghan GALLACHER (Con),skipped,skipped,skipped,skipped,skipped,skipped,,7
3646,Meghan GALLACHER (Con),skipped,skipped,skipped,skipped,skipped,skipped,,7
3647,Meghan GALLACHER (Con),skipped,skipped,skipped,skipped,skipped,skipped,,7
3648,Meghan GALLACHER (Con),skipped,skipped,skipped,skipped,skipped,skipped,,7
3649,Meghan GALLACHER (Con),skipped,skipped,skipped,skipped,skipped,skipped,,7
3650,Meghan GALLACHER (Con),skipped,skipped,skipped,skipped,skipped,skipped,,7
3651,Meghan GALLACHER (Con),skipped,skipped,skipped,skipped,skipped,skipped,,7
3652,Meghan GALLACHER (Con),skipped,skipped,skipped,skipped,skipped,skipped,,7
3653,Meghan GALLACHER (Con),skipped,skipped,skipped,skipped,skipped,skipped,,7
3654,Meghan GALLACHER (Con),skipped,skipped,skipped,skipped,skipped,skipped,,7
3655,Meghan GALLACHER (Con),skipped,skipped,skipped,skipped,skipped,skipped,,7
3656,Meghan GALLACHER (Con),skipped,skipped,skipped,skipped,skipped,skipped,,7
3657,Meghan GALLACHER (Con),skipped,skipped,skipped,skipped,skipped,skipped,,7
3658,Meghan GALLACHER (Con),skipped,skipped,skipped,skipped,skipped,skipped,,7
3659,Meghan GALLACHER (Con),skipped,skipped,skipped,skipped,skipped,skipped,,7
3660,Meghan GALLACHER (Con),skipped,skipped,skipped,skipped,skipped,skipped,,7
3661,Meghan GALLACHER (Con),skipped,skipped,skipped,skipped,skipped,skipped,,7
3662,Meghan GALLACHER (Con),skipped,skipped,skipped,skipped,skipped,skipped,,7
3663,Meghan GALLACHER (Con),skipped,skipped,skipped,skipped,skipped,skipped,,7
3664,Meghan GALLACHER (Con),skipped,skipped,skipped,skipped,skipped,skipped,,7
3665,Meghan GALLACHER (Con),skipped,skipped,skipped,skipped,skipped,skipped,,7
3666,Meghan GALLACHER (Con),skipped,skipped,skipped,skipped,skipped,skipped,,7
3667,Meghan GALLACHER (Con),skipped,skipped,skipped,skipped,skipped,skipped,,7
3668,Meghan GALLACHER (Con),skipped,skipped,skipped,skipped,skipped,skipped,,7
3669,Meghan GALLACHER (Con),skipped,skipped,skipped,skipped,skipped,skipped,,7
3670,Meghan GALLACHER (Con),skipped,skipped,skipped,skipped,skipped,skipped,,7
3671,Meghan GALLACHER (Con),skipped,skipped,skipped,skipped,skipped,skipped,,7
3672,Meghan GALLACHER (Con),skipped,skipped,skipped,skipped,skipped,skipped,,7
3673,Meghan GALLACHER (Con),skipped,skipped,skipped,skipped,skipped,skipped,,7
3674,Meghan GALLACHER (Con),skipped,skipped,skipped,skipped,skipped,skipped,,7
3675,Meghan GALLACHER (Con),skipped,skipped,skipped,skipped,skipped,skipped,,7
3676,Meghan GALLACHER (Con),skipped,skipped,skipped,skipped,skipped,skipped,,7
3677,Meghan GALLACHER (Con),skipped,skipped,skipped,skipped,skipped,skipped,,7
3678,Meghan GALLACHER (Con),skipped,skipped,skipped,skipped,skipped,skipped,,7
3679,Meghan GALLACHER (Con),skipped,skipped,skipped,skipped,skipped,skipped,,7
3680,Meghan GALLACHER (Con),skipped,skipped,skipped,skipped,skipped,skipped,,7
3681,Meghan GALLACHER (Con),skipped,skipped,skipped,skipped,skipped,skipped,,7
3682,Meghan GALLACHER (Con),skipped,skipped,skipped,skipped,skipped,skipped,,7
3683,Meghan GALLACHER (Con),skipped,skipped,skipped,skipped,skipped,skipped,,7
3684,Meghan GALLACHER (Con),skipped,skipped,skipped,skipped,skipped,skipped,,7
3685,Meghan GALLACHER (Con),skipped,skipped,skipped,skipped,skipped,skipped,,7
3686,Meghan GALLACHER (Con),skipped,skipped,skipped,skipped,skipped,skipped,,7
3687,Meghan GALLACHER (Con),skipped,skipped,skipped,skipped,skipped,skipped,,7
3688,Meghan GALLACHER (Con),skipped,skipped,skipped,skipped,skipped,skipped,,7
3689,Meghan GALLACHER (Con),skipped,skipped,skipped,skipped,skipped,skipped,,7
3690,Meghan GALLACHER (Con),skipped,skipped,skipped,skipped,skipped,skipped,,7
3691,Meghan GALLACHER (Con),skipped,skipped,skipped,skipped,skipped,skipped,,7
3692,Meghan GALLACHER (Con),skipped,skipped,skipped,skipped,skipped,skipped,,7
3693,Meghan GALLACHER (Con),skipped,skipped,skipped,skipped,skipped,skipped,,7
3694,Meghan GALLACHER (Con),skipped,skipped,skipped,skipped,skipped,skipped,,7
3695,Meghan GALLACHER (Con),skipped,skipped,skipped,skipped,skipped,skipped,,7
3696,Meghan GALLACHER (Con),skipped,skipped,skipped,skipped,skipped,skipped,,7
3697,Meghan GALLACHER (Con),skipped,skipped,skipped,skipped,skipped,skipped,,7
3698,Meghan GALLACHER (Con),skipped,skipped,skipped,skipped,skipped,skipped,,7
3699,Meghan GALLACHER (Con),skipped,skipped,skipped,skipped,skipped,skipped,,7
3700,Meghan GALLACHER (Con),skipped,skipped,skipped,skipped,skipped,skipped,,7
3701,Meghan GALLACHER (Con),skipped,skipped,skipped,skipped,skipped,skipped,,7
3702,Meghan GALLACHER (Con),skipped,skipped,skipped,skipped,skipped,skipped,,7
3703,Meghan GALLACHER (Con),skipped,skipped,skipped,skipped,skipped,skipped,,7
3704,Meghan GALLACHER (Con),skipped,skipped,skipped,skipped,skipped,skipped,,7
3705,Meghan GALLACHER (Con),skipped,skipped,skipped,skipped,skipped,skipped,,7
3706,Meghan GALLACHER (Con),skipped,skipped,skipped,skipped,skipped,skipped,,7
3707,Meghan GALLACHER (Con),skipped,skipped,skipped,skipped,skipped,skipped,,7
3708,Meghan GALLACHER (Con),skipped,skipped,skipped,skipped,skipped,skipped,,7
3709,Meghan GALLACHER (Con),skipped,skipped,skipped,skipped,skipped,skipped,,7
3710,Meghan GALLACHER (Con),skipped,skipped,skipped,skipped,skipped,skipped,,7
3711,Meghan GALLACHER (Con),skipped,skipped,skipped,skipped,skipped,skipped,,7
3712,Meghan GALLACHER (Con),skipped,skipped,skipped,skipped,skipped,skipped,,7
3713,Meghan GALLACHER (Con),skipped,skipped,skipped,skipped,skipped,skipped,,7
3714,Meghan GALLACHER (Con),skipped,skipped,skipped,skipped,skipped,skipped,,7
3715,Meghan GALLACHER (Con),skipped,skipped,skipped,skipped,skipped,skipped,,7
3716,Meghan GALLACHER (Con),skipped,skipped,skipped,skipped,skipped,skipped,,7
3717,Meghan GALLACHER (Con),skipped,skipped,skipped,skipped,skipped,skipped,,7
3718,Meghan GALLACHER (Con),skipped,skipped,skipped,skipped,skipped,skipped,,7
3719,Meghan GALLACHER (Con),skipped,skipped,skipped,skipped,skipped,skipped,,7
3720,Meghan GALLACHER (Con),skipped,skipped,skipped,skipped,skipped,skipped,,7
3721,Meghan GALLACHER (Con),skipped,skipped,skipped,skipped,skipped,skipped,,7
3722,Meghan GALLACHER (Con),skipped,skipped,skipped,skipped,skipped,skipped,,7
3723,Meghan GALLACHER (Con),skipped,skipped,skipped,skipped,skipped,skipped,,7
3724,Meghan GALLACHER (Con),skipped,skipped,skipped,skipped,skipped,skipped,,7
3725,Meghan GALLACHER (Con),skipped,skipped,skipped,skipped,skipped,skipped,,7
3726,Meghan GALLACHER (Con),skipped,skipped,skipped,skipped,skipped,skipped,,7
3727,Meghan GALLACHER (Con),skipped,skipped,skipped,skipped,skipped,skipped,,7
3728,Meghan GALLACHER (Con),skipped,skipped,skipped,skipped,skipped,skipped,,7
3729,Meghan GALLACHER (Con),skipped,skipped,skipped,skipped,skipped,skipped,,7
3730,Meghan GALLACHER (Con),skipped,skipped,skipped,skipped,skipped,skipped,,7
3731,Meghan GALLACHER (Con),skipped,skipped,skipped,skipped,skipped,skipped,,7
3732,Meghan GALLACHER (Con),skipped,skipped,skipped,skipped,skipped,skipped,,7
3733,Meghan GALLACHER (Con),skipped,skipped,skipped,skipped,skipped,skipped,,7
3734,Meghan GALLACHER (Con),skipped,skipped,skipped,skipped,skipped,skipped,,7
3735,Meghan GALLACHER (Con),skipped,skipped,skipped,skipped,skipped,skipped,,7
3736,Meghan GALLACHER (Con),skipped,skipped,skipped,skipped,skipped,skipped,,7
3737,Meghan GALLACHER (Con),skipped,skipped,skipped,skipped,skipped,skipped,,7
3738,Meghan GALLACHER (Con),skipped,skipped,skipped,skipped,skipped,skipped,,7
3739,Meghan GALLACHER (Con),skipped,skipped,skipped,skipped,skipped,skipped,,7
3740,Meghan GALLACHER (Con),skipped,skipped,skipped,skipped,skipped,skipped,,7
3741,Meghan GALLACHER (Con),skipped,skipped,skipped,skipped,skipped,skipped,,7
3742,Meghan GALLACHER (Con),skipped,skipped,skipped,skipped,skipped,skipped,,7
3743,Meghan GALLACHER (Con),skipped,skipped,skipped,skipped,skipped,skipped,,7
3744,Meghan GALLACHER (Con),skipped,skipped,skipped,skipped,skipped,skipped,,7
3745,Meghan GALLACHER (Con),skipped,skipped,skipped,skipped,skipped,skipped,,7
3746,Meghan GALLACHER (Con),skipped,skipped,skipped,skipped,skipped,skipped,,7
3747,Meghan GALLACHER (Con),skipped,skipped,skipped,skipped,skipped,skipped,,7
3748,Meghan GALLACHER (Con),skipped,skipped,skipped,skipped,skipped,skipped,,7
3749,Meghan GALLACHER (Con),skipped,skipped,skipped,skipped,skipped,skipped,,7
3750,Meghan GALLACHER (Con),skipped,skipped,skipped,skipped,skipped,skipped,,7
3751,Meghan GALLACHER (Con),skipped,skipped,skipped,skipped,skipped,skipped,,7
3752,Meghan GALLACHER (Con),skipped,skipped,skipped,skipped,skipped,skipped,,7
3753,Meghan GALLACHER (Con),skipped,skipped,skipped,skipped,skipped,skipped,,7
3754,Meghan GALLACHER (Con),skipped,skipped,skipped,skipped,skipped,skipped,,7
3755,Meghan GALLACHER (Con),skipped,skipped,skipped,skipped,skipped,skipped,,7
3756,Meghan GALLACHER (Con),skipped,skipped,skipped,skipped,skipped,skipped,,7
3757,Meghan GALLACHER (Con),skipped,skipped,skipped,skipped,skipped,skipped,,7
3758,Meghan GALLACHER (Con),skipped,skipped,skipped,skipped,skipped,skipped,,7
3759,Meghan GALLACHER (Con),skipped,skipped,skipped,skipped,skipped,skipped,,7
3760,Meghan GALLACHER (Con),skipped,skipped,skipped,skipped,skipped,skipped,,7
3761,Meghan GALLACHER (Con),skipped,skipped,skipped,skipped,skipped,skipped,,7
3762,Meghan GALLACHER (Con),skipped,skipped,skipped,skipped,skipped,skipped,,7
3763,Meghan GALLACHER (Con),skipped,skipped,skipped,skipped,skipped,skipped,,7
3764,Meghan GALLACHER (Con),skipped,skipped,skipped,skipped,skipped,skipped,,7
3765,Meghan GALLACHER (Con),skipped,skipped,skipped,skipped,skipped,skipped,,7
3766,Meghan GALLACHER (Con),skipped,skipped,skipped,skipped,skipped,skipped,,7
3767,Meghan GALLACHER (Con),skipped,skipped,skipped,skipped,skipped,skipped,,7
3768,Meghan GALLACHER (Con),skipped,skipped,skipped,skipped,skipped,skipped,,7
3769,Meghan GALLACHER (Con),skipped,skipped,skipped,skipped,skipped,skipped,,7
3770,Meghan GALLACHER (Con),skipped,skipped,skipped,skipped,skipped,skipped,,7
3771,Meghan GALLACHER (Con),skipped,skipped,skipped,skipped,skipped,skipped,,7
3772,Meghan GALLACHER (Con),skipped,skipped,skipped,skipped,skipped,skipped,,7
3773,Meghan GALLACHER (Con),skipped,skipped,skipped,skipped,skipped,skipped,,7
3774,Meghan GALLACHER (Con),skipped,skipped,skipped,skipped,skipped,skipped,,7
3775,Meghan GALLACHER (Con),skipped,skipped,skipped,skipped,skipped,skipped,,7
3776,Meghan GALLACHER (Con),skipped,skipped,skipped,skipped,skipped,skipped,,7
3777,Meghan GALLACHER (Con),skipped,skipped,skipped,skipped,skipped,skipped,,7
3778,Meghan GALLACHER (Con),skipped,skipped,skipped,skipped,skipped,skipped,,7
3779,Meghan GALLACHER (Con),skipped,skipped,skipped,skipped,skipped,skipped,,7
3780,Meghan GALLACHER (Con),skipped,skipped,skipped,skipped,skipped,skipped,,7
3781,Meghan GALLACHER (Con),skipped,skipped,skipped,skipped,skipped,skipped,,7
3782,Meghan GALLACHER (Con),skipped,skipped,skipped,skipped,skipped,skipped,,7
3783,Meghan GALLACHER (Con),skipped,skipped,skipped,skipped,skipped,skipped,,7
3784,Meghan GALLACHER (Con),skipped,skipped,skipped,skipped,skipped,skipped,,7
3785,Meghan GALLACHER (Con),skipped,skipped,skipped,skipped,skipped,skipped,,7
3786,Meghan GALLACHER (Con),skipped,skipped,skipped,skipped,skipped,skipped,,7
3787,Meghan GALLACHER (Con),skipped,skipped,skipped,skipped,skipped,skipped,,7
3788,Meghan GALLACHER (Con),skipped,skipped,skipped,skipped,skipped,skipped,,7
3789,Meghan GALLACHER (Con),skipped,skipped,skipped,skipped,skipped,skipped,,7
3790,Meghan GALLACHER (Con),skipped,skipped,skipped,skipped,skipped,skipped,,7
3791,Meghan GALLACHER (Con),skipped,skipped,skipped,skipped,skipped,skipped,,7
3792,Meghan GALLACHER (Con),skipped,skipped,skipped,skipped,skipped,skipped,,7
3793,Meghan GALLACHER (Con),skipped,skipped,skipped,skipped,skipped,skipped,,7
3794,Meghan GALLACHER (Con),skipped,skipped,skipped,skipped,skipped,skipped,,7
3795,Meghan GALLACHER (Con),skipped,skipped,skipped,skipped,skipped,skipped,,7
3796,Meghan GALLACHER (Con),skipped,skipped,skipped,skipped,skipped,skipped,,7
3797,Meghan GALLACHER (Con),skipped,skipped,skipped,skipped,skipped,skipped,,7
3798,Meghan GALLACHER (Con),skipped,skipped,skipped,skipped,skipped,skipped,,7
3799,Meghan GALLACHER (Con),skipped,skipped,skipped,skipped,skipped,skipped,,7
3800,Meghan GALLACHER (Con),skipped,skipped,skipped,skipped,skipped,skipped,,7
3801,Meghan GALLACHER (Con),skipped,skipped,skipped,skipped,skipped,skipped,,7
3802,Meghan GALLACHER (Con),skipped,skipped,skipped,skipped,skipped,skipped,,7
3803,Meghan GALLACHER (Con),skipped,skipped,skipped,skipped,skipped,skipped,,7
3804,Meghan GALLACHER (Con),skipped,skipped,skipped,skipped,skipped,skipped,,7
3805,Meghan GALLACHER (Con),skipped,skipped,skipped,skipped,skipped,skipped,,7
3806,Meghan GALLACHER (Con),skipped,skipped,skipped,skipped,skipped,skipped,,7
3807,Meghan GALLACHER (Con),skipped,skipped,skipped,skipped,skipped,skipped,,7
3808,Meghan GALLACHER (Con),skipped,skipped,skipped,skipped,skipped,skipped,,7
3809,Meghan GALLACHER (Con),skipped,skipped,skipped,skipped,skipped,skipped,,7
3810,Meghan GALLACHER (Con),skipped,skipped,skipped,skipped,skipped,skipped,,7
3811,Meghan GALLACHER (Con),skipped,skipped,skipped,skipped,skipped,skipped,,7
3812,Meghan GALLACHER (Con),skipped,skipped,skipped,skipped,skipped,skipped,,7
3813,Meghan GALLACHER (Con),skipped,skipped,skipped,skipped,skipped,skipped,,7
3814,Meghan GALLACHER (Con),skipped,skipped,skipped,skipped,skipped,skipped,,7
3815,Meghan GALLACHER (Con),skipped,skipped,skipped,skipped,skipped,skipped,,7
3816,Meghan GALLACHER (Con),skipped,skipped,skipped,skipped,skipped,skipped,,7
3817,Meghan GALLACHER (Con),skipped,skipped,skipped,skipped,skipped,skipped,,7
3818,Meghan GALLACHER (Con),skipped,skipped,skipped,skipped,skipped,skipped,,7
3819,Meghan GALLACHER (Con),skipped,skipped,skipped,skipped,skipped,skipped,,7
3820,Meghan GALLACHER (Con),skipped,skipped,skipped,skipped,skipped,skipped,,7
3821,Meghan GALLACHER (Con),skipped,skipped,skipped,skipped,skipped,skipped,,7
3822,Meghan GALLACHER (Con),skipped,skipped,skipped,skipped,skipped,skipped,,7
3823,Meghan GALLACHER (Con),skipped,skipped,skipped,skipped,skipped,skipped,,7
3824,Meghan GALLACHER (Con),skipped,skipped,skipped,skipped,skipped,skipped,,7
3825,Meghan GALLACHER (Con),skipped,skipped,skipped,skipped,skipped,skipped,,7
3826,Meghan GALLACHER (Con),skipped,skipped,skipped,skipped,skipped,skipped,,7
3827,Meghan GALLACHER (Con),skipped,skipped,skipped,skipped,skipped,skipped,,7
3828,Meghan GALLACHER (Con),skipped,skipped,skipped,skipped,skipped,skipped,,7
3829,Meghan GALLACHER (Con),skipped,skipped,skipped,skipped,skipped,skipped,,7
3830,Meghan GALLACHER (Con),skipped,skipped,skipped,skipped,skipped,skipped,,7
3831,Meghan GALLACHER (Con),skipped,skipped,skipped,skipped,skipped,skipped,,7
3832,Meghan GALLACHER (Con),skipped,skipped,skipped,skipped,skipped,skipped,,7
3833,Meghan GALLACHER (Con),skipped,skipped,skipped,skipped,skipped,skipped,,7
3834,Meghan GALLACHER (Con),skipped,skipped,skipped,skipped,skipped,skipped,,7
3835,Meghan GALLACHER (Con),skipped,skipped,skipped,skipped,skipped,skipped,,7
3836,Meghan GALLACHER (Con),skipped,skipped,skipped,skipped,skipped,skipped,,7
3837,Meghan GALLACHER (Con),skipped,skipped,skipped,skipped,skipped,skipped,,7
3838,Meghan GALLACHER (Con),skipped,skipped,skipped,skipped,skipped,skipped,,7
3839,Meghan GALLACHER (Con),skipped,skipped,skipped,skipped,skipped,skipped,,7
3840,Meghan GALLACHER (Con),skipped,skipped,skipped,skipped,skipped,skipped,,7
3841,Meghan GALLACHER (Con),skipped,skipped,skipped,skipped,skipped,skipped,,7
3842,Meghan GALLACHER (Con),skipped,skipped,skipped,skipped,skipped,skipped,,7
3843,Meghan GALLACHER (Con),skipped,skipped,skipped,skipped,skipped,skipped,,7
3844,Meghan GALLACHER (Con),skipped,skipped,skipped,skipped,skipped,skipped,,7
3845,Meghan GALLACHER (Con),skipped,skipped,skipped,skipped,skipped,skipped,,7
3846,Meghan GALLACHER (Con),skipped,skipped,skipped,skipped,skipped,skipped,,7
3847,Meghan GALLACHER (Con),skipped,skipped,skipped,skipped,skipped,skipped,,7
3848,Meghan GALLACHER (Con),skipped,skipped,skipped,skipped,skipped,skipped,,7
3849,Meghan GALLACHER (Con),skipped,skipped,skipped,skipped,skipped,skipped,,7
3850,Meghan GALLACHER (Con),skipped,skipped,skipped,skipped,skipped,skipped,,7
3851,Meghan GALLACHER (Con),skipped,skipped,skipped,skipped,skipped,skipped,,7
3852,Meghan GALLACHER (Con),skipped,skipped,skipped,skipped,skipped,skipped,,7
3853,Meghan GALLACHER (Con),skipped,skipped,skipped,skipped,skipped,skipped,,7
3854,Meghan GALLACHER (Con),skipped,skipped,skipped,skipped,skipped,skipped,,7
3855,Meghan GALLACHER (Con),skipped,skipped,skipped,skipped,skipped,skipped,,7
3856,Meghan GALLACHER (Con),skipped,skipped,skipped,skipped,skipped,skipped,,7
3857,Meghan GALLACHER (Con),skipped,skipped,skipped,skipped,skipped,skipped,,7
3858,Meghan GALLACHER (Con),skipped,skipped,skipped,skipped,skipped,skipped,,7
3859,Meghan GALLACHER (Con),skipped,skipped,skipped,skipped,skipped,skipped,,7
3860,Meghan GALLACHER (Con),skipped,skipped,skipped,skipped,skipped,skipped,,7
3861,Meghan GALLACHER (Con),skipped,skipped,skipped,skipped,skipped,skipped,,7
3862,Meghan GALLACHER (Con),skipped,skipped,skipped,skipped,skipped,skipped,,7
3863,Meghan GALLACHER (Con),skipped,skipped,skipped,skipped,skipped,skipped,,7
3864,Meghan GALLACHER (Con),skipped,skipped,skipped,skipped,skipped,skipped,,7
3865,Meghan GALLACHER (Con),skipped,skipped,skipped,skipped,skipped,skipped,,7
3866,Meghan GALLACHER (Con),skipped,skipped,skipped,skipped,skipped,skipped,,7
3867,Meghan GALLACHER (Con),skipped,skipped,skipped,skipped,skipped,skipped,,7
3868,Meghan GALLACHER (Con),skipped,skipped,skipped,skipped,skipped,skipped,,7
3869,Meghan GALLACHER (Con),skipped,skipped,skipped,skipped,skipped,skipped,,7
3870,Meghan GALLACHER (Con),skipped,skipped,skipped,skipped,skipped,skipped,,7
3871,Meghan GALLACHER (Con),skipped,skipped,skipped,skipped,skipped,skipped,,7
3872,Meghan GALLACHER (Con),skipped,skipped,skipped,skipped,skipped,skipped,,7
3873,Meghan GALLACHER (Con),skipped,skipped,skipped,skipped,skipped,skipped,,7
3874,Meghan GALLACHER (Con),skipped,skipped,skipped,skipped,skipped,skipped,,7
3875,Meghan GALLACHER (Con),skipped,skipped,skipped,skipped,skipped,skipped,,7
3876,Meghan GALLACHER (Con),skipped,skipped,skipped,skipped,skipped,skipped,,7
3877,Meghan GALLACHER (Con),skipped,skipped,skipped,skipped,skipped,skipped,,7
3878,Meghan GALLACHER (Con),skipped,skipped,skipped,skipped,skipped,skipped,,7
3879,Meghan GALLACHER (Con),skipped,skipped,skipped,skipped,skipped,skipped,,7
3880,Meghan GALLACHER (Con),skipped,skipped,skipped,skipped,skipped,skipped,,7
3881,Meghan GALLACHER (Con),skipped,skipped,skipped,skipped,skipped,skipped,,7
3882,Meghan GALLACHER (Con),skipped,skipped,skipped,skipped,skipped,skipped,,7
3883,Meghan GALLACHER (Con),skipped,skipped,skipped,skipped,skipped,skipped,,7
3884,Meghan GALLACHER (Con),skipped,skipped,skipped,skipped,skipped,skipped,,7
3885,Meghan GALLACHER (Con),skipped,skipped,skipped,skipped,skipped,skipped,,7
3886,Meghan GALLACHER (Con),skipped,skipped,skipped,skipped,skipped,skipped,,7
3887,Meghan GALLACHER (Con),skipped,skipped,skipped,skipped,skipped,skipped,,7
3888,Meghan GALLACHER (Con),skipped,skipped,skipped,skipped,skipped,skipped,,7
3889,Meghan GALLACHER (Con),skipped,skipped,skipped,skipped,skipped,skipped,,7
3890,Meghan GALLACHER (Con),skipped,skipped,skipped,skipped,skipped,skipped,,7
3891,Meghan GALLACHER (Con),skipped,skipped,skipped,skipped,skipped,skipped,,7
3892,Meghan GALLACHER (Con),skipped,skipped,skipped,skipped,skipped,skipped,,7
3893,Meghan GALLACHER (Con),skipped,skipped,skipped,skipped,skipped,skipped,,7
3894,Meghan GALLACHER (Con),skipped,skipped,skipped,skipped,skipped,skipped,,7
3895,Meghan GALLACHER (Con),skipped,skipped,skipped,skipped,skipped,skipped,,7
3896,Meghan GALLACHER (Con),skipped,skipped,skipped,skipped,skipped,skipped,,7
3897,Meghan GALLACHER (Con),skipped,skipped,skipped,skipped,skipped,skipped,,7
3898,Meghan GALLACHER (Con),skipped,skipped,skipped,skipped,skipped,skipped,,7
3899,Meghan GALLACHER (Con),skipped,skipped,skipped,skipped,skipped,skipped,,7
3900,Meghan GALLACHER (Con),skipped,skipped,skipped,skipped,skipped,skipped,,7
3901,Meghan GALLACHER (Con),skipped,skipped,skipped,skipped,skipped,skipped,,7
3902,Meghan GALLACHER (Con),skipped,skipped,skipped,skipped,skipped,skipped,,7
3903,Meghan GALLACHER (Con),skipped,skipped,skipped,skipped,skipped,skipped,,7
3904,Meghan GALLACHER (Con),skipped,skipped,skipped,skipped,skipped,skipped,,7
3905,Meghan GALLACHER (Con),skipped,skipped,skipped,skipped,skipped,skipped,,7
3906,Meghan GALLACHER (Con),skipped,skipped,skipped,skipped,skipped,skipped,,7
3907,Meghan GALLACHER (Con),skipped,skipped,skipped,skipped,skipped,skipped,,7
3908,Meghan GALLACHER (Con),skipped,skipped,skipped,skipped,skipped,skipped,,7
3909,Meghan GALLACHER (Con),skipped,skipped,skipped,skipped,skipped,skipped,,7
3910,Meghan GALLACHER (Con),skipped,skipped,skipped,skipped,skipped,skipped,,7
3911,Meghan GALLACHER (Con),skipped,skipped,skipped,skipped,skipped,skipped,,7
3912,Meghan GALLACHER (Con),skipped,skipped,skipped,skipped,skipped,skipped,,7
3913,Meghan GALLACHER (Con),skipped,skipped,skipped,skipped,skipped,skipped,,7
3914,Meghan GALLACHER (Con),skipped,skipped,skipped,skipped,skipped,skipped,,7
3915,Meghan GALLACHER (Con),skipped,skipped,skipped,skipped,skipped,skipped,,7
3916,Meghan GALLACHER (Con),skipped,skipped,skipped,skipped,skipped,skipped,,7
3917,Meghan GALLACHER (Con),skipped,skipped,skipped,skipped,skipped,skipped,,7
3918,Meghan GALLACHER (Con),skipped,skipped,skipped,skipped,skipped,skipped,,7
3919,Meghan GALLACHER (Con),skipped,skipped,skipped,skipped,skipped,skipped,,7
3920,Meghan GALLACHER (Con),skipped,skipped,skipped,skipped,skipped,skipped,,7
3921,Meghan GALLACHER (Con),skipped,skipped,skipped,skipped,skipped,skipped,,7
3922,Meghan GALLACHER (Con),skipped,skipped,skipped,skipped,skipped,skipped,,7
3923,Meghan GALLACHER (Con),skipped,skipped,skipped,skipped,skipped,skipped,,7
3924,Meghan GALLACHER (Con),skipped,skipped,skipped,skipped,skipped,skipped,,7
3925,Meghan GALLACHER (Con),skipped,skipped,skipped,skipped,skipped,skipped,,7
3926,Meghan GALLACHER (Con),skipped,skipped,skipped,skipped,skipped,skipped,,7
3927,Meghan GALLACHER (Con),skipped,skipped,skipped,skipped,skipped,skipped,,7
3928,Meghan GALLACHER (Con),skipped,skipped,skipped,skipped,skipped,skipped,,7
3929,Meghan GALLACHER (Con),skipped,skipped,skipped,skipped,skipped,skipped,,7
3930,Meghan GALLACHER (Con),skipped,skipped,skipped,skipped,skipped,skipped,,7
3931,Meghan GALLACHER (Con),skipped,skipped,skipped,skipped,skipped,skipped,,7
3932,Meghan GALLACHER (Con),skipped,skipped,skipped,skipped,skipped,skipped,,7
3933,Meghan GALLACHER (Con),skipped,skipped,skipped,skipped,skipped,skipped,,7
3934,Meghan GALLACHER (Con),skipped,skipped,skipped,skipped,skipped,skipped,,7
3935,Meghan GALLACHER (Con),skipped,skipped,skipped,skipped,skipped,skipped,,7
3936,Meghan GALLACHER (Con),skipped,skipped,skipped,skipped,skipped,skipped,,7
3937,Meghan GALLACHER (Con),skipped,skipped,skipped,skipped,skipped,skipped,,7
3938,Meghan GALLACHER (Con),skipped,skipped,skipped,skipped,skipped,skipped,,7
3939,Meghan GALLACHER (Con),skipped,skipped,skipped,skipped,skipped,skipped,,7
3940,Meghan GALLACHER (Con),skipped,skipped,skipped,skipped,skipped,skipped,,7
3941,Meghan GALLACHER (Con),skipped,skipped,skipped,skipped,skipped,skipped,,7
3942,Meghan GALLACHER (Con),skipped,skipped,skipped,skipped,skipped,skipped,,7
3943,Meghan GALLACHER (Con),Julie FLEMING (RISE) (UNKNOWN),skipped,skipped,skipped,skipped,skipped,,7
3944,Meghan GALLACHER (Con),Julie FLEMING (RISE) (UNKNOWN),skipped,skipped,skipped,skipped,skipped,,7
3945,Meghan GALLACHER (Con),Julie FLEMING (RISE) (UNKNOWN),skipped,skipped,skipped,skipped,skipped,,7
3946,Meghan GALLACHER (Con),Julie FLEMING (RISE) (UNKNOWN),skipped,skipped,skipped,skipped,skipped,,7
3947,Meghan GALLACHER (Con),Julie FLEMING (RISE) (UNKNOWN),skipped,skipped,skipped,skipped,skipped,,7
3948,Meghan GALLACHER (Con),Julie FLEMING (RISE) (UNKNOWN),skipped,skipped,skipped,skipped,skipped,,7
3949,Meghan GALLACHER (Con),Julie FLEMING (RISE) (UNKNOWN),skipped,skipped,skipped,skipped,skipped,,7
3950,Meghan GALLACHER (Con),Julie FLEMING (RISE) (UNKNOWN),skipped,skipped,skipped,skipped,skipped,,7
3951,Meghan GALLACHER (Con),Julie FLEMING (RISE) (UNKNOWN),skipped,skipped,skipped,skipped,skipped,,7
3952,Meghan GALLACHER (Con),Julie FLEMING (RISE) (UNKNOWN),skipped,skipped,skipped,skipped,skipped,,7
3953,Meghan GALLACHER (Con),Julie FLEMING (RISE) (UNKNOWN),skipped,skipped,skipped,skipped,skipped,,7
3954,Meghan GALLACHER (Con),Julie FLEMING (RISE) (UNKNOWN),skipped,skipped,skipped,skipped,skipped,,7
3955,Meghan GALLACHER (Con),Julie FLEMING (RISE) (UNKNOWN),skipped,skipped,skipped,skipped,skipped,,7
3956,Meghan GALLACHER (Con),Julie FLEMING (RISE) (UNKNOWN),skipped,skipped,skipped,skipped,skipped,,7
3957,Meghan GALLACHER (Con),Julie FLEMING (RISE) (UNKNOWN),Paul KELLY (Lab),skipped,skipped,skipped,skipped,,7
3958,Meghan GALLACHER (Con),Julie FLEMING (RISE) (UNKNOWN),Paul KELLY (Lab),skipped,skipped,skipped,skipped,,7
3959,Meghan GALLACHER (Con),Julie FLEMING (RISE) (UNKNOWN),Paul KELLY (Lab),skipped,skipped,skipped,skipped,,7
3960,Meghan GALLACHER (Con),Julie FLEMING (RISE) (UNKNOWN),Paul KELLY (Lab),skipped,skipped,skipped,skipped,,7
3961,Meghan GALLACHER (Con),Julie FLEMING (RISE) (UNKNOWN),Paul KELLY (Lab),Elaine MCSPADDEN (IANL) (UNKNOWN),skipped,skipped,skipped,,7
3962,Meghan GALLACHER (Con),Julie FLEMING (RISE) (UNKNOWN),Paul KELLY (Lab),Elaine MCSPADDEN (IANL) (UNKNOWN),Annette VALENTINE (SNP),skipped,skipped,,7
3963,Meghan GALLACHER (Con),Julie FLEMING (RISE) (UNKNOWN),Paul KELLY (Lab),Elaine MCSPADDEN (IANL) (UNKNOWN),skipped,skipped,skipped,,7
3964,Meghan GALLACHER (Con),Julie FLEMING (RISE) (UNKNOWN),Elaine MCSPADDEN (IANL) (UNKNOWN),skipped,skipped,skipped,skipped,,7
3965,Meghan GALLACHER (Con),Julie FLEMING (RISE) (UNKNOWN),Elaine MCSPADDEN (IANL) (UNKNOWN),skipped,skipped,skipped,skipped,,7
3966,Meghan GALLACHER (Con),Julie FLEMING (RISE) (UNKNOWN),Elaine MCSPADDEN (IANL) (UNKNOWN),skipped,skipped,skipped,skipped,,7
3967,Meghan GALLACHER (Con),Julie FLEMING (RISE) (UNKNOWN),Elaine MCSPADDEN (IANL) (UNKNOWN),skipped,skipped,skipped,skipped,,7
3968,Meghan GALLACHER (Con),Julie FLEMING (RISE) (UNKNOWN),Elaine MCSPADDEN (IANL) (UNKNOWN),skipped,skipped,skipped,skipped,,7
3969,Meghan GALLACHER (Con),Julie FLEMING (RISE) (UNKNOWN),Elaine MCSPADDEN (IANL) (UNKNOWN),skipped,skipped,skipped,skipped,,7
3970,Meghan GALLACHER (Con),Julie FLEMING (RISE) (UNKNOWN),Elaine MCSPADDEN (IANL) (UNKNOWN),skipped,skipped,skipped,skipped,,7
3971,Meghan GALLACHER (Con),Julie FLEMING (RISE) (UNKNOWN),Elaine MCSPADDEN (IANL) (UNKNOWN),skipped,skipped,skipped,skipped,,7
3972,Meghan GALLACHER (Con),Julie FLEMING (RISE) (UNKNOWN),Elaine MCSPADDEN (IANL) (UNKNOWN),skipped,skipped,skipped,skipped,,7
3973,Meghan GALLACHER (Con),Julie FLEMING (RISE) (UNKNOWN),Elaine MCSPADDEN (IANL) (UNKNOWN),skipped,skipped,skipped,skipped,,7
3974,Meghan GALLACHER (Con),Julie FLEMING (RISE) (UNKNOWN),Elaine MCSPADDEN (IANL) (UNKNOWN),skipped,skipped,skipped,skipped,,7
3975,Meghan GALLACHER (Con),Julie FLEMING (RISE) (UNKNOWN),Elaine MCSPADDEN (IANL) (UNKNOWN),skipped,skipped,skipped,skipped,,7
3976,Meghan GALLACHER (Con),Julie FLEMING (RISE) (UNKNOWN),Elaine MCSPADDEN (IANL) (UNKNOWN),skipped,skipped,skipped,skipped,,7
3977,Meghan GALLACHER (Con),Julie FLEMING (RISE) (UNKNOWN),Elaine MCSPADDEN (IANL) (UNKNOWN),skipped,skipped,skipped,skipped,,7
3978,Meghan GALLACHER (Con),Julie FLEMING (RISE) (UNKNOWN),Elaine MCSPADDEN (IANL) (UNKNOWN),skipped,skipped,skipped,skipped,,7
3979,Meghan GALLACHER (Con),Julie FLEMING (RISE) (UNKNOWN),Elaine MCSPADDEN (IANL) (UNKNOWN),skipped,skipped,skipped,skipped,,7
3980,Meghan GALLACHER (Con),Julie FLEMING (RISE) (UNKNOWN),Elaine MCSPADDEN (IANL) (UNKNOWN),skipped,skipped,skipped,skipped,,7
3981,Meghan GALLACHER (Con),Julie FLEMING (RISE) (UNKNOWN),Elaine MCSPADDEN (IANL) (UNKNOWN),skipped,skipped,skipped,skipped,,7
3982,Meghan GALLACHER (Con),Julie FLEMING (RISE) (UNKNOWN),Elaine MCSPADDEN (IANL) (UNKNOWN),skipped,skipped,skipped,skipped,,7
3983,Meghan GALLACHER (Con),Julie FLEMING (RISE) (UNKNOWN),Elaine MCSPADDEN (IANL) (UNKNOWN),skipped,skipped,skipped,skipped,,7
3984,Meghan GALLACHER (Con),Julie FLEMING (RISE) (UNKNOWN),Elaine MCSPADDEN (IANL) (UNKNOWN),Paul KELLY (Lab),skipped,skipped,skipped,,7
3985,Meghan GALLACHER (Con),Julie FLEMING (RISE) (UNKNOWN),Elaine MCSPADDEN (IANL) (UNKNOWN),Paul KELLY (Lab),skipped,skipped,skipped,,7
3986,Meghan GALLACHER (Con),Julie FLEMING (RISE) (UNKNOWN),Elaine MCSPADDEN (IANL) (UNKNOWN),Paul KELLY (Lab),Annette VALENTINE (SNP),skipped,skipped,,7
3987,Meghan GALLACHER (Con),Julie FLEMING (RISE) (UNKNOWN),Elaine MCSPADDEN (IANL) (UNKNOWN),Paul KELLY (Lab),Annette VALENTINE (SNP),skipped,skipped,,7
3988,Meghan GALLACHER (Con),Julie FLEMING (RISE) (UNKNOWN),Elaine MCSPADDEN (IANL) (UNKNOWN),Paul KELLY (Lab),Annette VALENTINE (SNP),skipped,skipped,,7
3989,Meghan GALLACHER (Con),Julie FLEMING (RISE) (UNKNOWN),Elaine MCSPADDEN (IANL) (UNKNOWN),Paul KELLY (Lab),Annette VALENTINE (SNP),skipped,skipped,,7
3990,Meghan GALLACHER (Con),Julie FLEMING (RISE) (UNKNOWN),Elaine MCSPADDEN (IANL) (UNKNOWN),Paul KELLY (Lab),Annette VALENTINE (SNP),skipped,skipped,,7
3991,Meghan GALLACHER (Con),Julie FLEMING (RISE) (UNKNOWN),Elaine MCSPADDEN (IANL) (UNKNOWN),Annette VALENTINE (SNP),Paul KELLY (Lab),skipped,skipped,,7
3992,Meghan GALLACHER (Con),Julie FLEMING (RISE) (UNKNOWN),Elaine MCSPADDEN (IANL) (UNKNOWN),Paul KELLY (Lab),Annette VALENTINE (SNP),skipped,skipped,,7
3993,Meghan GALLACHER (Con),Julie FLEMING (RISE) (UNKNOWN),Elaine MCSPADDEN (IANL) (UNKNOWN),Paul KELLY (Lab),Annette VALENTINE (SNP),skipped,skipped,,7
3994,Meghan GALLACHER (Con),Julie FLEMING (RISE) (UNKNOWN),Annette VALENTINE (SNP),Paul KELLY (Lab),skipped,skipped,skipped,,7
3995,Meghan GALLACHER (Con),Julie FLEMING (RISE) (UNKNOWN),Annette VALENTINE (SNP),Paul KELLY (Lab),Elaine MCSPADDEN (IANL) (UNKNOWN),skipped,skipped,,7
3996,Meghan GALLACHER (Con),Julie FLEMING (RISE) (UNKNOWN),Michael Edward ROSS (Lab),skipped,skipped,skipped,skipped,,7
3997,Meghan GALLACHER (Con),Julie FLEMING (RISE) (UNKNOWN),Michael Edward ROSS (Lab),skipped,skipped,skipped,skipped,,7
3998,Meghan GALLACHER (Con),Julie FLEMING (RISE) (UNKNOWN),Michael Edward ROSS (Lab),skipped,skipped,skipped,skipped,,7
3999,Meghan GALLACHER (Con),Julie FLEMING (RISE) (UNKNOWN),Michael Edward ROSS (Lab),skipped,skipped,skipped,skipped,,7
4000,Meghan GALLACHER (Con),Julie FLEMING (RISE) (UNKNOWN),Paul KELLY (Lab),skipped,skipped,skipped,skipped,,7
4001,Meghan GALLACHER (Con),Julie FLEMING (RISE) (UNKNOWN),Annette VALENTINE (SNP),Elaine MCSPADDEN (IANL) (UNKNOWN),skipped,skipped,skipped,,7
4002,Meghan GALLACHER (Con),Julie FLEMING (RISE) (UNKNOWN),Annette VALENTINE (SNP),Elaine MCSPADDEN (IANL) (UNKNOWN),Paul KELLY (Lab),skipped,skipped,,7
4003,Meghan GALLACHER (Con),Paul KELLY (Lab),skipped,skipped,skipped,skipped,skipped,,7
4004,Meghan GALLACHER (Con),Paul KELLY (Lab),skipped,skipped,skipped,skipped,skipped,,7
4005,Meghan GALLACHER (Con),Paul KELLY (Lab),skipped,skipped,skipped,skipped,skipped,,7
4006,Meghan GALLACHER (Con),Paul KELLY (Lab),skipped,skipped,skipped,skipped,skipped,,7
4007,Meghan GALLACHER (Con),Paul KELLY (Lab),skipped,skipped,skipped,skipped,skipped,,7
4008,Meghan GALLACHER (Con),Paul KELLY (Lab),skipped,skipped,skipped,skipped,skipped,,7
4009,Meghan GALLACHER (Con),Paul KELLY (Lab),skipped,skipped,skipped,skipped,skipped,,7
4010,Meghan GALLACHER (Con),Paul KELLY (Lab),skipped,skipped,skipped,skipped,skipped,,7
4011,Meghan GALLACHER (Con),Paul KELLY (Lab),skipped,skipped,skipped,skipped,skipped,,7
4012,Meghan GALLACHER (Con),Paul KELLY (Lab),skipped,skipped,skipped,skipped,skipped,,7
4013,Meghan GALLACHER (Con),Paul KELLY (Lab),skipped,skipped,skipped,skipped,skipped,,7
4014,Meghan GALLACHER (Con),Paul KELLY (Lab),skipped,skipped,skipped,skipped,skipped,,7
4015,Meghan GALLACHER (Con),Paul KELLY (Lab),skipped,skipped,skipped,skipped,skipped,,7
4016,Meghan GALLACHER (Con),Paul KELLY (Lab),skipped,skipped,skipped,skipped,skipped,,7
4017,Meghan GALLACHER (Con),Paul KELLY (Lab),skipped,skipped,skipped,skipped,skipped,,7
4018,Meghan GALLACHER (Con),Paul KELLY (Lab),skipped,skipped,skipped,skipped,skipped,,7
4019,Meghan GALLACHER (Con),Paul KELLY (Lab),skipped,skipped,skipped,skipped,skipped,,7
4020,Meghan GALLACHER (Con),Paul KELLY (Lab),skipped,skipped,skipped,skipped,skipped,,7
4021,Meghan GALLACHER (Con),Paul KELLY (Lab),skipped,skipped,skipped,skipped,skipped,,7
4022,Meghan GALLACHER (Con),Paul KELLY (Lab),skipped,skipped,skipped,skipped,skipped,,7
4023,Meghan GALLACHER (Con),Paul KELLY (Lab),skipped,skipped,skipped,skipped,skipped,,7
4024,Meghan GALLACHER (Con),Paul KELLY (Lab),skipped,skipped,skipped,skipped,skipped,,7
4025,Meghan GALLACHER (Con),Paul KELLY (Lab),skipped,skipped,skipped,skipped,skipped,,7
4026,Meghan GALLACHER (Con),Paul KELLY (Lab),skipped,skipped,skipped,skipped,skipped,,7
4027,Meghan GALLACHER (Con),Paul KELLY (Lab),skipped,skipped,skipped,skipped,skipped,,7
4028,Meghan GALLACHER (Con),Paul KELLY (Lab),skipped,skipped,skipped,skipped,skipped,,7
4029,Meghan GALLACHER (Con),Paul KELLY (Lab),skipped,skipped,skipped,skipped,skipped,,7
4030,Meghan GALLACHER (Con),Paul KELLY (Lab),Julie FLEMING (RISE) (UNKNOWN),skipped,skipped,skipped,skipped,,7
4031,Meghan GALLACHER (Con),Paul KELLY (Lab),Julie FLEMING (RISE) (UNKNOWN),skipped,skipped,skipped,skipped,,7
4032,Meghan GALLACHER (Con),Paul KELLY (Lab),Julie FLEMING (RISE) (UNKNOWN),Elaine MCSPADDEN (IANL) (UNKNOWN),Annette VALENTINE (SNP),skipped,skipped,,7
4033,Meghan GALLACHER (Con),Paul KELLY (Lab),Elaine MCSPADDEN (IANL) (UNKNOWN),skipped,skipped,skipped,skipped,,7
4034,Meghan GALLACHER (Con),Paul KELLY (Lab),Elaine MCSPADDEN (IANL) (UNKNOWN),skipped,skipped,skipped,skipped,,7
4035,Meghan GALLACHER (Con),Paul KELLY (Lab),Elaine MCSPADDEN (IANL) (UNKNOWN),skipped,skipped,skipped,skipped,,7
4036,Meghan GALLACHER (Con),Paul KELLY (Lab),Elaine MCSPADDEN (IANL) (UNKNOWN),skipped,skipped,skipped,skipped,,7
4037,Meghan GALLACHER (Con),Paul KELLY (Lab),Elaine MCSPADDEN (IANL) (UNKNOWN),skipped,skipped,skipped,skipped,,7
4038,Meghan GALLACHER (Con),Paul KELLY (Lab),Elaine MCSPADDEN (IANL) (UNKNOWN),skipped,skipped,skipped,skipped,,7
4039,Meghan GALLACHER (Con),Paul KELLY (Lab),Elaine MCSPADDEN (IANL) (UNKNOWN),skipped,skipped,skipped,skipped,,7
4040,Meghan GALLACHER (Con),Paul KELLY (Lab),Elaine MCSPADDEN (IANL) (UNKNOWN),Julie FLEMING (RISE) (UNKNOWN),Annette VALENTINE (SNP),skipped,skipped,,7
4041,Meghan GALLACHER (Con),Paul KELLY (Lab),Elaine MCSPADDEN (IANL) (UNKNOWN),Julie FLEMING (RISE) (UNKNOWN),Annette VALENTINE (SNP),skipped,skipped,,7
4042,Meghan GALLACHER (Con),Paul KELLY (Lab),Elaine MCSPADDEN (IANL) (UNKNOWN),Julie FLEMING (RISE) (UNKNOWN),Annette VALENTINE (SNP),skipped,skipped,,7
4043,Meghan GALLACHER (Con),Paul KELLY (Lab),Elaine MCSPADDEN (IANL) (UNKNOWN),Julie FLEMING (RISE) (UNKNOWN),Annette VALENTINE (SNP),skipped,skipped,,7
4044,Meghan GALLACHER (Con),Paul KELLY (Lab),Elaine MCSPADDEN (IANL) (UNKNOWN),Julie FLEMING (RISE) (UNKNOWN),Annette VALENTINE (SNP),skipped,skipped,,7
4045,Meghan GALLACHER (Con),Paul KELLY (Lab),Jamie SUPER (SNP),skipped,skipped,skipped,skipped,,7
4046,Meghan GALLACHER (Con),Paul KELLY (Lab),skipped,skipped,skipped,skipped,skipped,,7
4047,Meghan GALLACHER (Con),Paul KELLY (Lab),skipped,skipped,skipped,skipped,skipped,,7
4048,Meghan GALLACHER (Con),Paul KELLY (Lab),skipped,skipped,skipped,skipped,skipped,,7
4049,Meghan GALLACHER (Con),Paul KELLY (Lab),skipped,skipped,skipped,skipped,skipped,,7
4050,Meghan GALLACHER (Con),Paul KELLY (Lab),skipped,skipped,skipped,skipped,skipped,,7
4051,Meghan GALLACHER (Con),Paul KELLY (Lab),skipped,skipped,skipped,skipped,skipped,,7
4052,Meghan GALLACHER (Con),Paul KELLY (Lab),skipped,skipped,skipped,skipped,skipped,,7
4053,Meghan GALLACHER (Con),Paul KELLY (Lab),skipped,skipped,skipped,skipped,skipped,,7
4054,Meghan GALLACHER (Con),Paul KELLY (Lab),skipped,skipped,skipped,skipped,skipped,,7
4055,Meghan GALLACHER (Con),Paul KELLY (Lab),skipped,skipped,skipped,skipped,skipped,,7
4056,Meghan GALLACHER (Con),Paul KELLY (Lab),skipped,skipped,skipped,skipped,skipped,,7
4057,Meghan GALLACHER (Con),Paul KELLY (Lab),skipped,skipped,skipped,skipped,skipped,,7
4058,Meghan GALLACHER (Con),Paul KELLY (Lab),skipped,skipped,skipped,skipped,skipped,,7
4059,Meghan GALLACHER (Con),Paul KELLY (Lab),skipped,skipped,skipped,skipped,skipped,,7
4060,Meghan GALLACHER (Con),Paul KELLY (Lab),skipped,skipped,skipped,skipped,skipped,,7
4061,Meghan GALLACHER (Con),Paul KELLY (Lab),skipped,skipped,skipped,skipped,skipped,,7
4062,Meghan GALLACHER (Con),Paul KELLY (Lab),skipped,skipped,skipped,skipped,skipped,,7
4063,Meghan GALLACHER (Con),Paul KELLY (Lab),skipped,skipped,skipped,skipped,skipped,,7
4064,Meghan GALLACHER (Con),Paul KELLY (Lab),skipped,skipped,skipped,skipped,skipped,,7
4065,Meghan GALLACHER (Con),Paul KELLY (Lab),skipped,skipped,skipped,skipped,skipped,,7
4066,Meghan GALLACHER (Con),Paul KELLY (Lab),skipped,skipped,skipped,skipped,skipped,,7
4067,Meghan GALLACHER (Con),Paul KELLY (Lab),skipped,skipped,skipped,skipped,skipped,,7
4068,Meghan GALLACHER (Con),Paul KELLY (Lab),skipped,skipped,skipped,skipped,skipped,,7
4069,Meghan GALLACHER (Con),Paul KELLY (Lab),skipped,skipped,skipped,skipped,skipped,,7
4070,Meghan GALLACHER (Con),Paul KELLY (Lab),skipped,skipped,skipped,skipped,skipped,,7
4071,Meghan GALLACHER (Con),Paul KELLY (Lab),skipped,skipped,skipped,skipped,skipped,,7
4072,Meghan GALLACHER (Con),Paul KELLY (Lab),skipped,skipped,skipped,skipped,skipped,,7
4073,Meghan GALLACHER (Con),Paul KELLY (Lab),skipped,skipped,skipped,skipped,skipped,,7
4074,Meghan GALLACHER (Con),Paul KELLY (Lab),skipped,skipped,skipped,skipped,skipped,,7
4075,Meghan GALLACHER (Con),Paul KELLY (Lab),skipped,skipped,skipped,skipped,skipped,,7
4076,Meghan GALLACHER (Con),Paul KELLY (Lab),skipped,skipped,skipped,skipped,skipped,,7
4077,Meghan GALLACHER (Con),Paul KELLY (Lab),skipped,skipped,skipped,skipped,skipped,,7
4078,Meghan GALLACHER (Con),Paul KELLY (Lab),skipped,skipped,skipped,skipped,skipped,,7
4079,Meghan GALLACHER (Con),Paul KELLY (Lab),skipped,skipped,skipped,skipped,skipped,,7
4080,Meghan GALLACHER (Con),Paul KELLY (Lab),skipped,skipped,skipped,skipped,skipped,,7
4081,Meghan GALLACHER (Con),Paul KELLY (Lab),skipped,skipped,skipped,skipped,skipped,,7
4082,Meghan GALLACHER (Con),Paul KELLY (Lab),skipped,skipped,skipped,skipped,skipped,,7
4083,Meghan GALLACHER (Con),Paul KELLY (Lab),skipped,skipped,skipped,skipped,skipped,,7
4084,Meghan GALLACHER (Con),Paul KELLY (Lab),skipped,skipped,skipped,skipped,skipped,,7
4085,Meghan GALLACHER (Con),Paul KELLY (Lab),skipped,skipped,skipped,skipped,skipped,,7
4086,Meghan GALLACHER (Con),Paul KELLY (Lab),skipped,skipped,skipped,skipped,skipped,,7
4087,Meghan GALLACHER (Con),Paul KELLY (Lab),skipped,skipped,skipped,skipped,skipped,,7
4088,Meghan GALLACHER (Con),Paul KELLY (Lab),skipped,skipped,skipped,skipped,skipped,,7
4089,Meghan GALLACHER (Con),Paul KELLY (Lab),skipped,skipped,skipped,skipped,skipped,,7
4090,Meghan GALLACHER (Con),Paul KELLY (Lab),skipped,skipped,skipped,skipped,skipped,,7
4091,Meghan GALLACHER (Con),Paul KELLY (Lab),skipped,skipped,skipped,skipped,skipped,,7
4092,Meghan GALLACHER (Con),Paul KELLY (Lab),skipped,skipped,skipped,skipped,skipped,,7
4093,Meghan GALLACHER (Con),Paul KELLY (Lab),skipped,skipped,skipped,skipped,skipped,,7
4094,Meghan GALLACHER (Con),Paul KELLY (Lab),skipped,skipped,skipped,skipped,skipped,,7
4095,Meghan GALLACHER (Con),Paul KELLY (Lab),skipped,skipped,skipped,skipped,skipped,,7
4096,Meghan GALLACHER (Con),Paul KELLY (Lab),skipped,skipped,skipped,skipped,skipped,,7
4097,Meghan GALLACHER (Con),Paul KELLY (Lab),skipped,skipped,skipped,skipped,skipped,,7
4098,Meghan GALLACHER (Con),Paul KELLY (Lab),skipped,skipped,skipped,skipped,skipped,,7
4099,Meghan GALLACHER (Con),Paul KELLY (Lab),skipped,skipped,skipped,skipped,skipped,,7
4100,Meghan GALLACHER (Con),Paul KELLY (Lab),skipped,skipped,skipped,skipped,skipped,,7
4101,Meghan GALLACHER (Con),Paul KELLY (Lab),skipped,skipped,skipped,skipped,skipped,,7
4102,Meghan GALLACHER (Con),Paul KELLY (Lab),skipped,skipped,skipped,skipped,skipped,,7
4103,Meghan GALLACHER (Con),Paul KELLY (Lab),skipped,skipped,skipped,skipped,skipped,,7
4104,Meghan GALLACHER (Con),Paul KELLY (Lab),skipped,skipped,skipped,skipped,skipped,,7
4105,Meghan GALLACHER (Con),Paul KELLY (Lab),skipped,skipped,skipped,skipped,skipped,,7
4106,Meghan GALLACHER (Con),Paul KELLY (Lab),skipped,skipped,skipped,skipped,skipped,,7
4107,Meghan GALLACHER (Con),Paul KELLY (Lab),skipped,skipped,skipped,skipped,skipped,,7
4108,Meghan GALLACHER (Con),Paul KELLY (Lab),skipped,skipped,skipped,skipped,skipped,,7
4109,Meghan GALLACHER (Con),Paul KELLY (Lab),skipped,skipped,skipped,skipped,skipped,,7
4110,Meghan GALLACHER (Con),Paul KELLY (Lab),skipped,skipped,skipped,skipped,skipped,,7
4111,Meghan GALLACHER (Con),Paul KELLY (Lab),skipped,skipped,skipped,skipped,skipped,,7
4112,Meghan GALLACHER (Con),Paul KELLY (Lab),skipped,skipped,skipped,skipped,skipped,,7
4113,Meghan GALLACHER (Con),Paul KELLY (Lab),skipped,skipped,skipped,skipped,skipped,,7
4114,Meghan GALLACHER (Con),Paul KELLY (Lab),skipped,skipped,skipped,skipped,skipped,,7
4115,Meghan GALLACHER (Con),Paul KELLY (Lab),skipped,skipped,skipped,skipped,skipped,,7
4116,Meghan GALLACHER (Con),Paul KELLY (Lab),skipped,skipped,skipped,skipped,skipped,,7
4117,Meghan GALLACHER (Con),Paul KELLY (Lab),skipped,skipped,skipped,skipped,skipped,,7
4118,Meghan GALLACHER (Con),Paul KELLY (Lab),skipped,skipped,skipped,skipped,skipped,,7
4119,Meghan GALLACHER (Con),Paul KELLY (Lab),skipped,skipped,skipped,skipped,skipped,,7
4120,Meghan GALLACHER (Con),Paul KELLY (Lab),skipped,skipped,skipped,skipped,skipped,,7
4121,Meghan GALLACHER (Con),Paul KELLY (Lab),skipped,skipped,skipped,skipped,skipped,,7
4122,Meghan GALLACHER (Con),Paul KELLY (Lab),skipped,skipped,skipped,skipped,skipped,,7
4123,Meghan GALLACHER (Con),Paul KELLY (Lab),skipped,skipped,skipped,skipped,skipped,,7
4124,Meghan GALLACHER (Con),Paul KELLY (Lab),skipped,skipped,skipped,skipped,skipped,,7
4125,Meghan GALLACHER (Con),Paul KELLY (Lab),skipped,skipped,skipped,skipped,skipped,,7
4126,Meghan GALLACHER (Con),Paul KELLY (Lab),skipped,skipped,skipped,skipped,skipped,,7
4127,Meghan GALLACHER (Con),Paul KELLY (Lab),skipped,skipped,skipped,skipped,skipped,,7
4128,Meghan GALLACHER (Con),Paul KELLY (Lab),skipped,skipped,skipped,skipped,skipped,,7
4129,Meghan GALLACHER (Con),Paul KELLY (Lab),skipped,skipped,skipped,skipped,skipped,,7
4130,Meghan GALLACHER (Con),Paul KELLY (Lab),skipped,skipped,skipped,skipped,skipped,,7
4131,Meghan GALLACHER (Con),Paul KELLY (Lab),skipped,skipped,skipped,skipped,skipped,,7
4132,Meghan GALLACHER (Con),Paul KELLY (Lab),skipped,skipped,skipped,skipped,skipped,,7
4133,Meghan GALLACHER (Con),Paul KELLY (Lab),skipped,skipped,skipped,skipped,skipped,,7
4134,Meghan GALLACHER (Con),Paul KELLY (Lab),skipped,skipped,skipped,skipped,skipped,,7
4135,Meghan GALLACHER (Con),Paul KELLY (Lab),skipped,skipped,skipped,skipped,skipped,,7
4136,Meghan GALLACHER (Con),Paul KELLY (Lab),skipped,skipped,skipped,skipped,skipped,,7
4137,Meghan GALLACHER (Con),Paul KELLY (Lab),skipped,skipped,skipped,skipped,skipped,,7
4138,Meghan GALLACHER (Con),Paul KELLY (Lab),skipped,skipped,skipped,skipped,skipped,,7
4139,Meghan GALLACHER (Con),Paul KELLY (Lab),skipped,skipped,skipped,skipped,skipped,,7
4140,Meghan GALLACHER (Con),Paul KELLY (Lab),skipped,skipped,skipped,skipped,skipped,,7
4141,Meghan GALLACHER (Con),Paul KELLY (Lab),skipped,skipped,skipped,skipped,skipped,,7
4142,Meghan GALLACHER (Con),Paul KELLY (Lab),skipped,skipped,skipped,skipped,skipped,,7
4143,Meghan GALLACHER (Con),Paul KELLY (Lab),skipped,skipped,skipped,skipped,skipped,,7
4144,Meghan GALLACHER (Con),Paul KELLY (Lab),skipped,skipped,skipped,skipped,skipped,,7
4145,Meghan GALLACHER (Con),Paul KELLY (Lab),skipped,skipped,skipped,skipped,skipped,,7
4146,Meghan GALLACHER (Con),Paul KELLY (Lab),skipped,skipped,skipped,skipped,skipped,,7
4147,Meghan GALLACHER (Con),Paul KELLY (Lab),skipped,skipped,skipped,skipped,skipped,,7
4148,Meghan GALLACHER (Con),Paul KELLY (Lab),skipped,skipped,skipped,skipped,skipped,,7
4149,Meghan GALLACHER (Con),Paul KELLY (Lab),skipped,skipped,skipped,skipped,skipped,,7
4150,Meghan GALLACHER (Con),Paul KELLY (Lab),skipped,skipped,skipped,skipped,skipped,,7
4151,Meghan GALLACHER (Con),Paul KELLY (Lab),skipped,skipped,skipped,skipped,skipped,,7
4152,Meghan GALLACHER (Con),Paul KELLY (Lab),skipped,skipped,skipped,skipped,skipped,,7
4153,Meghan GALLACHER (Con),Paul KELLY (Lab),skipped,skipped,skipped,skipped,skipped,,7
4154,Meghan GALLACHER (Con),Paul KELLY (Lab),skipped,skipped,skipped,skipped,skipped,,7
4155,Meghan GALLACHER (Con),Paul KELLY (Lab),skipped,skipped,skipped,skipped,skipped,,7
4156,Meghan GALLACHER (Con),Paul KELLY (Lab),skipped,skipped,skipped,skipped,skipped,,7
4157,Meghan GALLACHER (Con),Paul KELLY (Lab),skipped,skipped,skipped,skipped,skipped,,7
4158,Meghan GALLACHER (Con),Paul KELLY (Lab),skipped,skipped,skipped,skipped,skipped,,7
4159,Meghan GALLACHER (Con),Paul KELLY (Lab),skipped,skipped,skipped,skipped,skipped,,7
4160,Meghan GALLACHER (Con),Paul KELLY (Lab),skipped,skipped,skipped,skipped,skipped,,7
4161,Meghan GALLACHER (Con),Paul KELLY (Lab),skipped,skipped,skipped,skipped,skipped,,7
4162,Meghan GALLACHER (Con),Paul KELLY (Lab),skipped,skipped,skipped,skipped,skipped,,7
4163,Meghan GALLACHER (Con),Paul KELLY (Lab),skipped,skipped,skipped,skipped,skipped,,7
4164,Meghan GALLACHER (Con),Paul KELLY (Lab),skipped,skipped,skipped,skipped,skipped,,7
4165,Meghan GALLACHER (Con),Paul KELLY (Lab),Julie FLEMING (RISE) (UNKNOWN),Elaine MCSPADDEN (IANL) (UNKNOWN),skipped,skipped,skipped,,7
4166,Meghan GALLACHER (Con),Paul KELLY (Lab),Julie FLEMING (RISE) (UNKNOWN),Elaine MCSPADDEN (IANL) (UNKNOWN),skipped,skipped,skipped,,7
4167,Meghan GALLACHER (Con),Paul KELLY (Lab),Julie FLEMING (RISE) (UNKNOWN),Elaine MCSPADDEN (IANL) (UNKNOWN),skipped,skipped,skipped,,7
4168,Meghan GALLACHER (Con),Paul KELLY (Lab),Julie FLEMING (RISE) (UNKNOWN),Elaine MCSPADDEN (IANL) (UNKNOWN),Annette VALENTINE (SNP),skipped,skipped,,7
4169,Meghan GALLACHER (Con),Paul KELLY (Lab),Julie FLEMING (RISE) (UNKNOWN),Elaine MCSPADDEN (IANL) (UNKNOWN),Annette VALENTINE (SNP),skipped,skipped,,7
4170,Meghan GALLACHER (Con),Paul KELLY (Lab),Julie FLEMING (RISE) (UNKNOWN),Elaine MCSPADDEN (IANL) (UNKNOWN),Annette VALENTINE (SNP),skipped,skipped,,7
4171,Meghan GALLACHER (Con),Paul KELLY (Lab),Julie FLEMING (RISE) (UNKNOWN),Elaine MCSPADDEN (IANL) (UNKNOWN),Annette VALENTINE (SNP),skipped,skipped,,7
4172,Meghan GALLACHER (Con),Paul KELLY (Lab),Julie FLEMING (RISE) (UNKNOWN),Annette VALENTINE (SNP),skipped,skipped,skipped,,7
4173,Meghan GALLACHER (Con),Paul KELLY (Lab),Elaine MCSPADDEN (IANL) (UNKNOWN),Julie FLEMING (RISE) (UNKNOWN),skipped,skipped,skipped,,7
4174,Meghan GALLACHER (Con),Paul KELLY (Lab),Elaine MCSPADDEN (IANL) (UNKNOWN),Julie FLEMING (RISE) (UNKNOWN),skipped,skipped,skipped,,7
4175,Meghan GALLACHER (Con),Paul KELLY (Lab),Elaine MCSPADDEN (IANL) (UNKNOWN),Julie FLEMING (RISE) (UNKNOWN),skipped,skipped,skipped,,7
4176,Meghan GALLACHER (Con),Paul KELLY (Lab),Elaine MCSPADDEN (IANL) (UNKNOWN),Julie FLEMING (RISE) (UNKNOWN),Jamie SUPER (SNP),skipped,skipped,,7
4177,Meghan GALLACHER (Con),Paul KELLY (Lab),Elaine MCSPADDEN (IANL) (UNKNOWN),Julie FLEMING (RISE) (UNKNOWN),Annette VALENTINE (SNP),skipped,skipped,,7
4178,Meghan GALLACHER (Con),Paul KELLY (Lab),Elaine MCSPADDEN (IANL) (UNKNOWN),Julie FLEMING (RISE) (UNKNOWN),Annette VALENTINE (SNP),skipped,skipped,,7
4179,Meghan GALLACHER (Con),Paul KELLY (Lab),Elaine MCSPADDEN (IANL) (UNKNOWN),Julie FLEMING (RISE) (UNKNOWN),Annette VALENTINE (SNP),skipped,skipped,,7
4180,Meghan GALLACHER (Con),Paul KELLY (Lab),Elaine MCSPADDEN (IANL) (UNKNOWN),Julie FLEMING (RISE) (UNKNOWN),Annette VALENTINE (SNP),skipped,skipped,,7
4181,Meghan GALLACHER (Con),Paul KELLY (Lab),Elaine MCSPADDEN (IANL) (UNKNOWN),Julie FLEMING (RISE) (UNKNOWN),Annette VALENTINE (SNP),skipped,skipped,,7
4182,Meghan GALLACHER (Con),Paul KELLY (Lab),Elaine MCSPADDEN (IANL) (UNKNOWN),Julie FLEMING (RISE) (UNKNOWN),Annette VALENTINE (SNP),skipped,skipped,,7
4183,Meghan GALLACHER (Con),Paul KELLY (Lab),Elaine MCSPADDEN (IANL) (UNKNOWN),Julie FLEMING (RISE) (UNKNOWN),Annette VALENTINE (SNP),skipped,skipped,,7
4184,Meghan GALLACHER (Con),Paul KELLY (Lab),Elaine MCSPADDEN (IANL) (UNKNOWN),Julie FLEMING (RISE) (UNKNOWN),Annette VALENTINE (SNP),skipped,skipped,,7
4185,Meghan GALLACHER (Con),Paul KELLY (Lab),Elaine MCSPADDEN (IANL) (UNKNOWN),Annette VALENTINE (SNP),Julie FLEMING (RISE) (UNKNOWN),skipped,skipped,,7
4186,Meghan GALLACHER (Con),Paul KELLY (Lab),Annette VALENTINE (SNP),skipped,skipped,skipped,skipped,,7
4187,Meghan GALLACHER (Con),Paul KELLY (Lab),Annette VALENTINE (SNP),skipped,skipped,skipped,skipped,,7
4188,Meghan GALLACHER (Con),Paul KELLY (Lab),Annette VALENTINE (SNP),Julie FLEMING (RISE) (UNKNOWN),Elaine MCSPADDEN (IANL) (UNKNOWN),skipped,skipped,,7
4189,Meghan GALLACHER (Con),Paul KELLY (Lab),Annette VALENTINE (SNP),Elaine MCSPADDEN (IANL) (UNKNOWN),Julie FLEMING (RISE) (UNKNOWN),skipped,skipped,,7
4190,Meghan GALLACHER (Con),Paul KELLY (Lab),Annette VALENTINE (SNP),skipped,skipped,skipped,skipped,,7
4191,Meghan GALLACHER (Con),Paul KELLY (Lab),Annette VALENTINE (SNP),skipped,skipped,skipped,skipped,,7
4192,Meghan GALLACHER (Con),Paul KELLY (Lab),Annette VALENTINE (SNP),skipped,skipped,skipped,skipped,,7
4193,Meghan GALLACHER (Con),Paul KELLY (Lab),Annette VALENTINE (SNP),skipped,skipped,skipped,skipped,,7
4194,Meghan GALLACHER (Con),Elaine MCSPADDEN (IANL) (UNKNOWN),skipped,skipped,skipped,skipped,skipped,,7
4195,Meghan GALLACHER (Con),Elaine MCSPADDEN (IANL) (UNKNOWN),skipped,skipped,skipped,skipped,skipped,,7
4196,Meghan GALLACHER (Con),Elaine MCSPADDEN (IANL) (UNKNOWN),skipped,skipped,skipped,skipped,skipped,,7
4197,Meghan GALLACHER (Con),Elaine MCSPADDEN (IANL) (UNKNOWN),skipped,skipped,skipped,skipped,skipped,,7
4198,Meghan GALLACHER (Con),Elaine MCSPADDEN (IANL) (UNKNOWN),skipped,skipped,skipped,skipped,skipped,,7
4199,Meghan GALLACHER (Con),Elaine MCSPADDEN (IANL) (UNKNOWN),skipped,skipped,skipped,skipped,skipped,,7
4200,Meghan GALLACHER (Con),Elaine MCSPADDEN (IANL) (UNKNOWN),skipped,skipped,skipped,skipped,skipped,,7
4201,Meghan GALLACHER (Con),Elaine MCSPADDEN (IANL) (UNKNOWN),skipped,skipped,skipped,skipped,skipped,,7
4202,Meghan GALLACHER (Con),Elaine MCSPADDEN (IANL) (UNKNOWN),skipped,skipped,skipped,skipped,skipped,,7
4203,Meghan GALLACHER (Con),Elaine MCSPADDEN (IANL) (UNKNOWN),skipped,skipped,skipped,skipped,skipped,,7
4204,Meghan GALLACHER (Con),Elaine MCSPADDEN (IANL) (UNKNOWN),skipped,skipped,skipped,skipped,skipped,,7
4205,Meghan GALLACHER (Con),Elaine MCSPADDEN (IANL) (UNKNOWN),skipped,skipped,skipped,skipped,skipped,,7
4206,Meghan GALLACHER (Con),Elaine MCSPADDEN (IANL) (UNKNOWN),skipped,skipped,skipped,skipped,skipped,,7
4207,Meghan GALLACHER (Con),Elaine MCSPADDEN (IANL) (UNKNOWN),skipped,skipped,skipped,skipped,skipped,,7
4208,Meghan GALLACHER (Con),Elaine MCSPADDEN (IANL) (UNKNOWN),skipped,skipped,skipped,skipped,skipped,,7
4209,Meghan GALLACHER (Con),Elaine MCSPADDEN (IANL) (UNKNOWN),skipped,skipped,skipped,skipped,skipped,,7
4210,Meghan GALLACHER (Con),Elaine MCSPADDEN (IANL) (UNKNOWN),skipped,skipped,skipped,skipped,skipped,,7
4211,Meghan GALLACHER (Con),Elaine MCSPADDEN (IANL) (UNKNOWN),skipped,skipped,skipped,skipped,skipped,,7
4212,Meghan GALLACHER (Con),Elaine MCSPADDEN (IANL) (UNKNOWN),skipped,skipped,skipped,skipped,skipped,,7
4213,Meghan GALLACHER (Con),Elaine MCSPADDEN (IANL) (UNKNOWN),skipped,skipped,skipped,skipped,skipped,,7
4214,Meghan GALLACHER (Con),Elaine MCSPADDEN (IANL) (UNKNOWN),skipped,skipped,skipped,skipped,skipped,,7
4215,Meghan GALLACHER (Con),Elaine MCSPADDEN (IANL) (UNKNOWN),skipped,skipped,skipped,skipped,skipped,,7
4216,Meghan GALLACHER (Con),Elaine MCSPADDEN (IANL) (UNKNOWN),skipped,skipped,skipped,skipped,skipped,,7
4217,Meghan GALLACHER (Con),Elaine MCSPADDEN (IANL) (UNKNOWN),skipped,skipped,skipped,skipped,skipped,,7
4218,Meghan GALLACHER (Con),Elaine MCSPADDEN (IANL) (UNKNOWN),skipped,skipped,skipped,skipped,skipped,,7
4219,Meghan GALLACHER (Con),Elaine MCSPADDEN (IANL) (UNKNOWN),skipped,skipped,skipped,skipped,skipped,,7
4220,Meghan GALLACHER (Con),Elaine MCSPADDEN (IANL) (UNKNOWN),skipped,skipped,skipped,skipped,skipped,,7
4221,Meghan GALLACHER (Con),Elaine MCSPADDEN (IANL) (UNKNOWN),skipped,skipped,skipped,skipped,skipped,,7
4222,Meghan GALLACHER (Con),Elaine MCSPADDEN (IANL) (UNKNOWN),skipped,skipped,skipped,skipped,skipped,,7
4223,Meghan GALLACHER (Con),Elaine MCSPADDEN (IANL) (UNKNOWN),skipped,skipped,skipped,skipped,skipped,,7
4224,Meghan GALLACHER (Con),Elaine MCSPADDEN (IANL) (UNKNOWN),skipped,skipped,skipped,skipped,skipped,,7
4225,Meghan GALLACHER (Con),Elaine MCSPADDEN (IANL) (UNKNOWN),skipped,skipped,skipped,skipped,skipped,,7
4226,Meghan GALLACHER (Con),Elaine MCSPADDEN (IANL) (UNKNOWN),skipped,skipped,skipped,skipped,skipped,,7
4227,Meghan GALLACHER (Con),Elaine MCSPADDEN (IANL) (UNKNOWN),skipped,skipped,skipped,skipped,skipped,,7
4228,Meghan GALLACHER (Con),Elaine MCSPADDEN (IANL) (UNKNOWN),skipped,skipped,skipped,skipped,skipped,,7
4229,Meghan GALLACHER (Con),Elaine MCSPADDEN (IANL) (UNKNOWN),skipped,skipped,skipped,skipped,skipped,,7
4230,Meghan GALLACHER (Con),Elaine MCSPADDEN (IANL) (UNKNOWN),skipped,skipped,skipped,skipped,skipped,,7
4231,Meghan GALLACHER (Con),Elaine MCSPADDEN (IANL) (UNKNOWN),skipped,skipped,skipped,skipped,skipped,,7
4232,Meghan GALLACHER (Con),Elaine MCSPADDEN (IANL) (UNKNOWN),skipped,skipped,skipped,skipped,skipped,,7
4233,Meghan GALLACHER (Con),Elaine MCSPADDEN (IANL) (UNKNOWN),skipped,skipped,skipped,skipped,skipped,,7
4234,Meghan GALLACHER (Con),Elaine MCSPADDEN (IANL) (UNKNOWN),skipped,skipped,skipped,skipped,skipped,,7
4235,Meghan GALLACHER (Con),Elaine MCSPADDEN (IANL) (UNKNOWN),skipped,skipped,skipped,skipped,skipped,,7
4236,Meghan GALLACHER (Con),Elaine MCSPADDEN (IANL) (UNKNOWN),skipped,skipped,skipped,skipped,skipped,,7
4237,Meghan GALLACHER (Con),Elaine MCSPADDEN (IANL) (UNKNOWN),skipped,skipped,skipped,skipped,skipped,,7
4238,Meghan GALLACHER (Con),Elaine MCSPADDEN (IANL) (UNKNOWN),skipped,skipped,skipped,skipped,skipped,,7
4239,Meghan GALLACHER (Con),Elaine MCSPADDEN (IANL) (UNKNOWN),skipped,skipped,skipped,skipped,skipped,,7
4240,Meghan GALLACHER (Con),Elaine MCSPADDEN (IANL) (UNKNOWN),skipped,skipped,skipped,skipped,skipped,,7
4241,Meghan GALLACHER (Con),Elaine MCSPADDEN (IANL) (UNKNOWN),skipped,skipped,skipped,skipped,skipped,,7
4242,Meghan GALLACHER (Con),Elaine MCSPADDEN (IANL) (UNKNOWN),skipped,skipped,skipped,skipped,skipped,,7
4243,Meghan GALLACHER (Con),Elaine MCSPADDEN (IANL) (UNKNOWN),skipped,skipped,skipped,skipped,skipped,,7
4244,Meghan GALLACHER (Con),Elaine MCSPADDEN (IANL) (UNKNOWN),skipped,skipped,skipped,skipped,skipped,,7
4245,Meghan GALLACHER (Con),Elaine MCSPADDEN (IANL) (UNKNOWN),skipped,skipped,skipped,skipped,skipped,,7
4246,Meghan GALLACHER (Con),Elaine MCSPADDEN (IANL) (UNKNOWN),skipped,skipped,skipped,skipped,skipped,,7
4247,Meghan GALLACHER (Con),Elaine MCSPADDEN (IANL) (UNKNOWN),Julie FLEMING (RISE) (UNKNOWN),skipped,skipped,skipped,skipped,,7
4248,Meghan GALLACHER (Con),Elaine MCSPADDEN (IANL) (UNKNOWN),Julie FLEMING (RISE) (UNKNOWN),skipped,skipped,skipped,skipped,,7
4249,Meghan GALLACHER (Con),Elaine MCSPADDEN (IANL) (UNKNOWN),Julie FLEMING (RISE) (UNKNOWN),skipped,skipped,skipped,skipped,,7
4250,Meghan GALLACHER (Con),Elaine MCSPADDEN (IANL) (UNKNOWN),Julie FLEMING (RISE) (UNKNOWN),skipped,skipped,skipped,skipped,,7
4251,Meghan GALLACHER (Con),Elaine MCSPADDEN (IANL) (UNKNOWN),Julie FLEMING (RISE) (UNKNOWN),skipped,skipped,skipped,skipped,,7
4252,Meghan GALLACHER (Con),Elaine MCSPADDEN (IANL) (UNKNOWN),Julie FLEMING (RISE) (UNKNOWN),skipped,skipped,skipped,skipped,,7
4253,Meghan GALLACHER (Con),Elaine MCSPADDEN (IANL) (UNKNOWN),Julie FLEMING (RISE) (UNKNOWN),skipped,skipped,skipped,skipped,,7
4254,Meghan GALLACHER (Con),Elaine MCSPADDEN (IANL) (UNKNOWN),Julie FLEMING (RISE) (UNKNOWN),skipped,skipped,skipped,skipped,,7
4255,Meghan GALLACHER (Con),Elaine MCSPADDEN (IANL) (UNKNOWN),Julie FLEMING (RISE) (UNKNOWN),skipped,skipped,skipped,skipped,,7
4256,Meghan GALLACHER (Con),Elaine MCSPADDEN (IANL) (UNKNOWN),Julie FLEMING (RISE) (UNKNOWN),skipped,skipped,skipped,skipped,,7
4257,Meghan GALLACHER (Con),Elaine MCSPADDEN (IANL) (UNKNOWN),Julie FLEMING (RISE) (UNKNOWN),skipped,skipped,skipped,skipped,,7
4258,Meghan GALLACHER (Con),Elaine MCSPADDEN (IANL) (UNKNOWN),Julie FLEMING (RISE) (UNKNOWN),skipped,skipped,skipped,skipped,,7
4259,Meghan GALLACHER (Con),Elaine MCSPADDEN (IANL) (UNKNOWN),Julie FLEMING (RISE) (UNKNOWN),skipped,skipped,skipped,skipped,,7
4260,Meghan GALLACHER (Con),Elaine MCSPADDEN (IANL) (UNKNOWN),Julie FLEMING (RISE) (UNKNOWN),skipped,skipped,skipped,skipped,,7
4261,Meghan GALLACHER (Con),Elaine MCSPADDEN (IANL) (UNKNOWN),Julie FLEMING (RISE) (UNKNOWN),skipped,skipped,skipped,skipped,,7
4262,Meghan GALLACHER (Con),Elaine MCSPADDEN (IANL) (UNKNOWN),Julie FLEMING (RISE) (UNKNOWN),skipped,skipped,skipped,skipped,,7
4263,Meghan GALLACHER (Con),Elaine MCSPADDEN (IANL) (UNKNOWN),Julie FLEMING (RISE) (UNKNOWN),skipped,skipped,skipped,skipped,,7
4264,Meghan GALLACHER (Con),Elaine MCSPADDEN (IANL) (UNKNOWN),Julie FLEMING (RISE) (UNKNOWN),skipped,skipped,skipped,skipped,,7
4265,Meghan GALLACHER (Con),Elaine MCSPADDEN (IANL) (UNKNOWN),Julie FLEMING (RISE) (UNKNOWN),Paul KELLY (Lab),Annette VALENTINE (SNP),skipped,skipped,,7
4266,Meghan GALLACHER (Con),Elaine MCSPADDEN (IANL) (UNKNOWN),Julie FLEMING (RISE) (UNKNOWN),Paul KELLY (Lab),Annette VALENTINE (SNP),skipped,skipped,,7
4267,Meghan GALLACHER (Con),Elaine MCSPADDEN (IANL) (UNKNOWN),Julie FLEMING (RISE) (UNKNOWN),Paul KELLY (Lab),Annette VALENTINE (SNP),skipped,skipped,,7
4268,Meghan GALLACHER (Con),Elaine MCSPADDEN (IANL) (UNKNOWN),Julie FLEMING (RISE) (UNKNOWN),Paul KELLY (Lab),Annette VALENTINE (SNP),skipped,skipped,,7
4269,Meghan GALLACHER (Con),Elaine MCSPADDEN (IANL) (UNKNOWN),Julie FLEMING (RISE) (UNKNOWN),Paul KELLY (Lab),Annette VALENTINE (SNP),skipped,skipped,,7
4270,Meghan GALLACHER (Con),Elaine MCSPADDEN (IANL) (UNKNOWN),Julie FLEMING (RISE) (UNKNOWN),Paul KELLY (Lab),Annette VALENTINE (SNP),skipped,skipped,,7
4271,Meghan GALLACHER (Con),Elaine MCSPADDEN (IANL) (UNKNOWN),Julie FLEMING (RISE) (UNKNOWN),Paul KELLY (Lab),Annette VALENTINE (SNP),skipped,skipped,,7
4272,Meghan GALLACHER (Con),Elaine MCSPADDEN (IANL) (UNKNOWN),Julie FLEMING (RISE) (UNKNOWN),Annette VALENTINE (SNP),Paul KELLY (Lab),skipped,skipped,,7
4273,Meghan GALLACHER (Con),Elaine MCSPADDEN (IANL) (UNKNOWN),Julie FLEMING (RISE) (UNKNOWN),Annette VALENTINE (SNP),Paul KELLY (Lab),skipped,skipped,,7
4274,Meghan GALLACHER (Con),Elaine MCSPADDEN (IANL) (UNKNOWN),Paul KELLY (Lab),skipped,skipped,skipped,skipped,,7
4275,Meghan GALLACHER (Con),Elaine MCSPADDEN (IANL) (UNKNOWN),Paul KELLY (Lab),skipped,skipped,skipped,skipped,,7
4276,Meghan GALLACHER (Con),Elaine MCSPADDEN (IANL) (UNKNOWN),Paul KELLY (Lab),skipped,skipped,skipped,skipped,,7
4277,Meghan GALLACHER (Con),Elaine MCSPADDEN (IANL) (UNKNOWN),Paul KELLY (Lab),skipped,skipped,skipped,skipped,,7
4278,Meghan GALLACHER (Con),Elaine MCSPADDEN (IANL) (UNKNOWN),Paul KELLY (Lab),skipped,skipped,skipped,skipped,,7
4279,Meghan GALLACHER (Con),Elaine MCSPADDEN (IANL) (UNKNOWN),Paul KELLY (Lab),skipped,skipped,skipped,skipped,,7
4280,Meghan GALLACHER (Con),Elaine MCSPADDEN (IANL) (UNKNOWN),Paul KELLY (Lab),skipped,skipped,skipped,skipped,,7
4281,Meghan GALLACHER (Con),Elaine MCSPADDEN (IANL) (UNKNOWN),Paul KELLY (Lab),skipped,skipped,skipped,skipped,,7
4282,Meghan GALLACHER (Con),Elaine MCSPADDEN (IANL) (UNKNOWN),Paul KELLY (Lab),skipped,skipped,skipped,skipped,,7
4283,Meghan GALLACHER (Con),Elaine MCSPADDEN (IANL) (UNKNOWN),Paul KELLY (Lab),skipped,skipped,skipped,skipped,,7
4284,Meghan GALLACHER (Con),Elaine MCSPADDEN (IANL) (UNKNOWN),Paul KELLY (Lab),Julie FLEMING (RISE) (UNKNOWN),skipped,skipped,skipped,,7
4285,Meghan GALLACHER (Con),Elaine MCSPADDEN (IANL) (UNKNOWN),Paul KELLY (Lab),Julie FLEMING (RISE) (UNKNOWN),Annette VALENTINE (SNP),skipped,skipped,,7
4286,Meghan GALLACHER (Con),Elaine MCSPADDEN (IANL) (UNKNOWN),Paul KELLY (Lab),skipped,skipped,skipped,skipped,,7
4287,Meghan GALLACHER (Con),Elaine MCSPADDEN (IANL) (UNKNOWN),Paul KELLY (Lab),skipped,skipped,skipped,skipped,,7
4288,Meghan GALLACHER (Con),Elaine MCSPADDEN (IANL) (UNKNOWN),Paul KELLY (Lab),Julie FLEMING (RISE) (UNKNOWN),Annette VALENTINE (SNP),skipped,skipped,,7
4289,Meghan GALLACHER (Con),Elaine MCSPADDEN (IANL) (UNKNOWN),Paul KELLY (Lab),Julie FLEMING (RISE) (UNKNOWN),Annette VALENTINE (SNP),skipped,skipped,,7
4290,Meghan GALLACHER (Con),Elaine MCSPADDEN (IANL) (UNKNOWN),Paul KELLY (Lab),Julie FLEMING (RISE) (UNKNOWN),Annette VALENTINE (SNP),skipped,skipped,,7
4291,Meghan GALLACHER (Con),Elaine MCSPADDEN (IANL) (UNKNOWN),Paul KELLY (Lab),Annette VALENTINE (SNP),Julie FLEMING (RISE) (UNKNOWN),skipped,skipped,,7
4292,Meghan GALLACHER (Con),Elaine MCSPADDEN (IANL) (UNKNOWN),Jamie SUPER (SNP),skipped,skipped,skipped,skipped,,7
4293,Meghan GALLACHER (Con),Elaine MCSPADDEN (IANL) (UNKNOWN),Annette VALENTINE (SNP),skipped,skipped,skipped,skipped,,7
4294,Meghan GALLACHER (Con),Elaine MCSPADDEN (IANL) (UNKNOWN),Michael Edward ROSS (Lab),skipped,skipped,skipped,skipped,,7
4295,Meghan GALLACHER (Con),Elaine MCSPADDEN (IANL) (UNKNOWN),Michael Edward ROSS (Lab),skipped,skipped,skipped,skipped,,7
4296,Meghan GALLACHER (Con),Elaine MCSPADDEN (IANL) (UNKNOWN),Michael Edward ROSS (Lab),skipped,skipped,skipped,skipped,,7
4297,Meghan GALLACHER (Con),Elaine MCSPADDEN (IANL) (UNKNOWN),Michael Edward ROSS (Lab),skipped,skipped,skipped,skipped,,7
4298,Meghan GALLACHER (Con),Elaine MCSPADDEN (IANL) (UNKNOWN),Michael Edward ROSS (Lab),skipped,skipped,skipped,skipped,,7
4299,Meghan GALLACHER (Con),Elaine MCSPADDEN (IANL) (UNKNOWN),Michael Edward ROSS (Lab),skipped,skipped,skipped,skipped,,7
4300,Meghan GALLACHER (Con),Elaine MCSPADDEN (IANL) (UNKNOWN),Michael Edward ROSS (Lab),skipped,skipped,skipped,skipped,,7
4301,Meghan GALLACHER (Con),Elaine MCSPADDEN (IANL) (UNKNOWN),Michael Edward ROSS (Lab),skipped,skipped,skipped,skipped,,7
4302,Meghan GALLACHER (Con),Elaine MCSPADDEN (IANL) (UNKNOWN),Michael Edward ROSS (Lab),skipped,skipped,skipped,skipped,,7
4303,Meghan GALLACHER (Con),Elaine MCSPADDEN (IANL) (UNKNOWN),Michael Edward ROSS (Lab),skipped,skipped,skipped,skipped,,7
4304,Meghan GALLACHER (Con),Elaine MCSPADDEN (IANL) (UNKNOWN),Michael Edward ROSS (Lab),skipped,skipped,skipped,skipped,,7
4305,Meghan GALLACHER (Con),Elaine MCSPADDEN (IANL) (UNKNOWN),Paul KELLY (Lab),skipped,skipped,skipped,skipped,,7
4306,Meghan GALLACHER (Con),Elaine MCSPADDEN (IANL) (UNKNOWN),Paul KELLY (Lab),skipped,skipped,skipped,skipped,,7
4307,Meghan GALLACHER (Con),Elaine MCSPADDEN (IANL) (UNKNOWN),Paul KELLY (Lab),skipped,skipped,skipped,skipped,,7
4308,Meghan GALLACHER (Con),Elaine MCSPADDEN (IANL) (UNKNOWN),Paul KELLY (Lab),skipped,skipped,skipped,skipped,,7
4309,Meghan GALLACHER (Con),Elaine MCSPADDEN (IANL) (UNKNOWN),Paul KELLY (Lab),skipped,skipped,skipped,skipped,,7
4310,Meghan GALLACHER (Con),Elaine MCSPADDEN (IANL) (UNKNOWN),Paul KELLY (Lab),skipped,skipped,skipped,skipped,,7
4311,Meghan GALLACHER (Con),Elaine MCSPADDEN (IANL) (UNKNOWN),Paul KELLY (Lab),skipped,skipped,skipped,skipped,,7
4312,Meghan GALLACHER (Con),Elaine MCSPADDEN (IANL) (UNKNOWN),Paul KELLY (Lab),Julie FLEMING (RISE) (UNKNOWN),Annette VALENTINE (SNP),skipped,skipped,,7
4313,Meghan GALLACHER (Con),Elaine MCSPADDEN (IANL) (UNKNOWN),Paul KELLY (Lab),Julie FLEMING (RISE) (UNKNOWN),Annette VALENTINE (SNP),skipped,skipped,,7
4314,Meghan GALLACHER (Con),Elaine MCSPADDEN (IANL) (UNKNOWN),Paul KELLY (Lab),Annette VALENTINE (SNP),Julie FLEMING (RISE) (UNKNOWN),skipped,skipped,,7
4315,Meghan GALLACHER (Con),Elaine MCSPADDEN (IANL) (UNKNOWN),Michael Edward ROSS (Lab),Annette VALENTINE (SNP),skipped,skipped,skipped,,7
4316,Meghan GALLACHER (Con),Elaine MCSPADDEN (IANL) (UNKNOWN),Annette VALENTINE (SNP),skipped,skipped,skipped,skipped,,7
4317,Meghan GALLACHER (Con),Elaine MCSPADDEN (IANL) (UNKNOWN),Annette VALENTINE (SNP),skipped,skipped,skipped,skipped,,7
4318,Meghan GALLACHER (Con),Elaine MCSPADDEN (IANL) (UNKNOWN),Annette VALENTINE (SNP),Julie FLEMING (RISE) (UNKNOWN),skipped,skipped,skipped,,7
4319,Meghan GALLACHER (Con),Elaine MCSPADDEN (IANL) (UNKNOWN),Annette VALENTINE (SNP),skipped,skipped,skipped,skipped,,7
4320,Meghan GALLACHER (Con),Jamie SUPER (SNP),skipped,skipped,skipped,skipped,skipped,,7
4321,Meghan GALLACHER (Con),Jamie SUPER (SNP),skipped,skipped,skipped,skipped,skipped,,7
4322,Meghan GALLACHER (Con),Jamie SUPER (SNP),skipped,skipped,skipped,skipped,skipped,,7
4323,Meghan GALLACHER (Con),Jamie SUPER (SNP),Julie FLEMING (RISE) (UNKNOWN),skipped,skipped,skipped,skipped,,7
4324,Meghan GALLACHER (Con),Jamie SUPER (SNP),Paul KELLY (Lab),skipped,skipped,skipped,skipped,,7
4325,Meghan GALLACHER (Con),Jamie SUPER (SNP),Elaine MCSPADDEN (IANL) (UNKNOWN),skipped,skipped,skipped,skipped,,7
4326,Meghan GALLACHER (Con),Elaine MCSPADDEN (IANL) (UNKNOWN),Annette VALENTINE (SNP),Julie FLEMING (RISE) (UNKNOWN),Paul KELLY (Lab),skipped,skipped,,7
4327,Meghan GALLACHER (Con),Jamie SUPER (SNP),Michael Edward ROSS (Lab),skipped,skipped,skipped,skipped,,7
4328,Meghan GALLACHER (Con),Annette VALENTINE (SNP),skipped,skipped,skipped,skipped,skipped,,7
4329,Meghan GALLACHER (Con),Annette VALENTINE (SNP),skipped,skipped,skipped,skipped,skipped,,7
4330,Meghan GALLACHER (Con),Annette VALENTINE (SNP),skipped,skipped,skipped,skipped,skipped,,7
4331,Meghan GALLACHER (Con),Annette VALENTINE (SNP),skipped,skipped,skipped,skipped,skipped,,7
4332,Meghan GALLACHER (Con),Annette VALENTINE (SNP),skipped,skipped,skipped,skipped,skipped,,7
4333,Meghan GALLACHER (Con),Annette VALENTINE (SNP),skipped,skipped,skipped,skipped,skipped,,7
4334,Meghan GALLACHER (Con),Annette VALENTINE (SNP),skipped,skipped,skipped,skipped,skipped,,7
4335,Meghan GALLACHER (Con),Annette VALENTINE (SNP),skipped,skipped,skipped,skipped,skipped,,7
4336,Meghan GALLACHER (Con),Annette VALENTINE (SNP),skipped,skipped,skipped,skipped,skipped,,7
4337,Meghan GALLACHER (Con),Annette VALENTINE (SNP),skipped,skipped,skipped,skipped,skipped,,7
4338,Meghan GALLACHER (Con),Annette VALENTINE (SNP),skipped,skipped,skipped,skipped,skipped,,7
4339,Meghan GALLACHER (Con),Annette VALENTINE (SNP),skipped,skipped,skipped,skipped,skipped,,7
4340,Meghan GALLACHER (Con),Annette VALENTINE (SNP),Julie FLEMING (RISE) (UNKNOWN),Paul KELLY (Lab),Elaine MCSPADDEN (IANL) (UNKNOWN),skipped,skipped,,7
4341,Meghan GALLACHER (Con),Annette VALENTINE (SNP),Julie FLEMING (RISE) (UNKNOWN),Paul KELLY (Lab),Elaine MCSPADDEN (IANL) (UNKNOWN),skipped,skipped,,7
4342,Meghan GALLACHER (Con),Annette VALENTINE (SNP),Elaine MCSPADDEN (IANL) (UNKNOWN),skipped,skipped,skipped,skipped,,7
4343,Meghan GALLACHER (Con),Michael Edward ROSS (Lab),skipped,skipped,skipped,skipped,skipped,,7
4344,Meghan GALLACHER (Con),Michael Edward ROSS (Lab),skipped,skipped,skipped,skipped,skipped,,7
4345,Meghan GALLACHER (Con),Michael Edward ROSS (Lab),skipped,skipped,skipped,skipped,skipped,,7
4346,Meghan GALLACHER (Con),Michael Edward ROSS (Lab),skipped,skipped,skipped,skipped,skipped,,7
4347,Meghan GALLACHER (Con),Michael Edward ROSS (Lab),skipped,skipped,skipped,skipped,skipped,,7
4348,Meghan GALLACHER (Con),Michael Edward ROSS (Lab),skipped,skipped,skipped,skipped,skipped,,7
4349,Meghan GALLACHER (Con),Michael Edward ROSS (Lab),skipped,skipped,skipped,skipped,skipped,,7
4350,Meghan GALLACHER (Con),Michael Edward ROSS (Lab),skipped,skipped,skipped,skipped,skipped,,7
4351,Meghan GALLACHER (Con),Michael Edward ROSS (Lab),skipped,skipped,skipped,skipped,skipped,,7
4352,Meghan GALLACHER (Con),Michael Edward ROSS (Lab),skipped,skipped,skipped,skipped,skipped,,7
4353,Meghan GALLACHER (Con),Michael Edward ROSS (Lab),skipped,skipped,skipped,skipped,skipped,,7
4354,Meghan GALLACHER (Con),Michael Edward ROSS (Lab),skipped,skipped,skipped,skipped,skipped,,7
4355,Meghan GALLACHER (Con),Michael Edward ROSS (Lab),skipped,skipped,skipped,skipped,skipped,,7
4356,Meghan GALLACHER (Con),Michael Edward ROSS (Lab),skipped,skipped,skipped,skipped,skipped,,7
4357,Meghan GALLACHER (Con),Michael Edward ROSS (Lab),skipped,skipped,skipped,skipped,skipped,,7
4358,Meghan GALLACHER (Con),Michael Edward ROSS (Lab),skipped,skipped,skipped,skipped,skipped,,7
4359,Meghan GALLACHER (Con),Michael Edward ROSS (Lab),skipped,skipped,skipped,skipped,skipped,,7
4360,Meghan GALLACHER (Con),Michael Edward ROSS (Lab),skipped,skipped,skipped,skipped,skipped,,7
4361,Meghan GALLACHER (Con),Michael Edward ROSS (Lab),skipped,skipped,skipped,skipped,skipped,,7
4362,Meghan GALLACHER (Con),Michael Edward ROSS (Lab),skipped,skipped,skipped,skipped,skipped,,7
4363,Meghan GALLACHER (Con),Michael Edward ROSS (Lab),skipped,skipped,skipped,skipped,skipped,,7
4364,Meghan GALLACHER (Con),Michael Edward ROSS (Lab),skipped,skipped,skipped,skipped,skipped,,7
4365,Meghan GALLACHER (Con),Michael Edward ROSS (Lab),skipped,skipped,skipped,skipped,skipped,,7
4366,Meghan GALLACHER (Con),Michael Edward ROSS (Lab),skipped,skipped,skipped,skipped,skipped,,7
4367,Meghan GALLACHER (Con),Michael Edward ROSS (Lab),skipped,skipped,skipped,skipped,skipped,,7
4368,Meghan GALLACHER (Con),Michael Edward ROSS (Lab),skipped,skipped,skipped,skipped,skipped,,7
4369,Meghan GALLACHER (Con),Michael Edward ROSS (Lab),skipped,skipped,skipped,skipped,skipped,,7
4370,Meghan GALLACHER (Con),Michael Edward ROSS (Lab),skipped,skipped,skipped,skipped,skipped,,7
4371,Meghan GALLACHER (Con),Michael Edward ROSS (Lab),skipped,skipped,skipped,skipped,skipped,,7
4372,Meghan GALLACHER (Con),Michael Edward ROSS (Lab),skipped,skipped,skipped,skipped,skipped,,7
4373,Meghan GALLACHER (Con),Michael Edward ROSS (Lab),skipped,skipped,skipped,skipped,skipped,,7
4374,Meghan GALLACHER (Con),Michael Edward ROSS (Lab),skipped,skipped,skipped,skipped,skipped,,7
4375,Meghan GALLACHER (Con),Michael Edward ROSS (Lab),skipped,skipped,skipped,skipped,skipped,,7
4376,Meghan GALLACHER (Con),Michael Edward ROSS (Lab),skipped,skipped,skipped,skipped,skipped,,7
4377,Meghan GALLACHER (Con),Michael Edward ROSS (Lab),skipped,skipped,skipped,skipped,skipped,,7
4378,Meghan GALLACHER (Con),Michael Edward ROSS (Lab),skipped,skipped,skipped,skipped,skipped,,7
4379,Meghan GALLACHER (Con),Michael Edward ROSS (Lab),skipped,skipped,skipped,skipped,skipped,,7
4380,Meghan GALLACHER (Con),Michael Edward ROSS (Lab),skipped,skipped,skipped,skipped,skipped,,7
4381,Meghan GALLACHER (Con),Michael Edward ROSS (Lab),skipped,skipped,skipped,skipped,skipped,,7
4382,Meghan GALLACHER (Con),Michael Edward ROSS (Lab),skipped,skipped,skipped,skipped,skipped,,7
4383,Meghan GALLACHER (Con),Michael Edward ROSS (Lab),skipped,skipped,skipped,skipped,skipped,,7
4384,Meghan GALLACHER (Con),Michael Edward ROSS (Lab),skipped,skipped,skipped,skipped,skipped,,7
4385,Meghan GALLACHER (Con),Michael Edward ROSS (Lab),skipped,skipped,skipped,skipped,skipped,,7
4386,Meghan GALLACHER (Con),Michael Edward ROSS (Lab),skipped,skipped,skipped,skipped,skipped,,7
4387,Meghan GALLACHER (Con),Michael Edward ROSS (Lab),skipped,skipped,skipped,skipped,skipped,,7
4388,Meghan GALLACHER (Con),Michael Edward ROSS (Lab),skipped,skipped,skipped,skipped,skipped,,7
4389,Meghan GALLACHER (Con),Michael Edward ROSS (Lab),skipped,skipped,skipped,skipped,skipped,,7
4390,Meghan GALLACHER (Con),Michael Edward ROSS (Lab),Julie FLEMING (RISE) (UNKNOWN),skipped,skipped,skipped,skipped,,7
4391,Meghan GALLACHER (Con),Michael Edward ROSS (Lab),Julie FLEMING (RISE) (UNKNOWN),skipped,skipped,skipped,skipped,,7
4392,Meghan GALLACHER (Con),Michael Edward ROSS (Lab),Julie FLEMING (RISE) (UNKNOWN),skipped,skipped,skipped,skipped,,7
4393,Meghan GALLACHER (Con),Michael Edward ROSS (Lab),Julie FLEMING (RISE) (UNKNOWN),skipped,skipped,skipped,skipped,,7
4394,Meghan GALLACHER (Con),Julie FLEMING (RISE) (UNKNOWN),Paul KELLY (Lab),skipped,skipped,skipped,skipped,,7
4395,Meghan GALLACHER (Con),Julie FLEMING (RISE) (UNKNOWN),Elaine MCSPADDEN (IANL) (UNKNOWN),Annette VALENTINE (SNP),Paul KELLY (Lab),skipped,skipped,,7
4396,Meghan GALLACHER (Con),Paul KELLY (Lab),skipped,skipped,skipped,skipped,skipped,,7
4397,Meghan GALLACHER (Con),Paul KELLY (Lab),skipped,skipped,skipped,skipped,skipped,,7
4398,Meghan GALLACHER (Con),Paul KELLY (Lab),skipped,skipped,skipped,skipped,skipped,,7
4399,Meghan GALLACHER (Con),Paul KELLY (Lab),skipped,skipped,skipped,skipped,skipped,,7
4400,Meghan GALLACHER (Con),Paul KELLY (Lab),skipped,skipped,skipped,skipped,skipped,,7
4401,Meghan GALLACHER (Con),Paul KELLY (Lab),skipped,skipped,skipped,skipped,skipped,,7
4402,Meghan GALLACHER (Con),Paul KELLY (Lab),skipped,skipped,skipped,skipped,skipped,,7
4403,Meghan GALLACHER (Con),Paul KELLY (Lab),skipped,skipped,skipped,skipped,skipped,,7
4404,Meghan GALLACHER (Con),Paul KELLY (Lab),skipped,skipped,skipped,skipped,skipped,,7
4405,Meghan GALLACHER (Con),Paul KELLY (Lab),skipped,skipped,skipped,skipped,skipped,,7
4406,Meghan GALLACHER (Con),Paul KELLY (Lab),skipped,skipped,skipped,skipped,skipped,,7
4407,Meghan GALLACHER (Con),Paul KELLY (Lab),skipped,skipped,skipped,skipped,skipped,,7
4408,Meghan GALLACHER (Con),Paul KELLY (Lab),skipped,skipped,skipped,skipped,skipped,,7
4409,Meghan GALLACHER (Con),Paul KELLY (Lab),skipped,skipped,skipped,skipped,skipped,,7
4410,Meghan GALLACHER (Con),Paul KELLY (Lab),skipped,skipped,skipped,skipped,skipped,,7
4411,Meghan GALLACHER (Con),Paul KELLY (Lab),skipped,skipped,skipped,skipped,skipped,,7
4412,Meghan GALLACHER (Con),Paul KELLY (Lab),skipped,skipped,skipped,skipped,skipped,,7
4413,Meghan GALLACHER (Con),Paul KELLY (Lab),skipped,skipped,skipped,skipped,skipped,,7
4414,Meghan GALLACHER (Con),Paul KELLY (Lab),skipped,skipped,skipped,skipped,skipped,,7
4415,Meghan GALLACHER (Con),Paul KELLY (Lab),skipped,skipped,skipped,skipped,skipped,,7
4416,Meghan GALLACHER (Con),Paul KELLY (Lab),skipped,skipped,skipped,skipped,skipped,,7
4417,Meghan GALLACHER (Con),Paul KELLY (Lab),skipped,skipped,skipped,skipped,skipped,,7
4418,Meghan GALLACHER (Con),Paul KELLY (Lab),skipped,skipped,skipped,skipped,skipped,,7
4419,Meghan GALLACHER (Con),Paul KELLY (Lab),skipped,skipped,skipped,skipped,skipped,,7
4420,Meghan GALLACHER (Con),Paul KELLY (Lab),skipped,skipped,skipped,skipped,skipped,,7
4421,Meghan GALLACHER (Con),Paul KELLY (Lab),skipped,skipped,skipped,skipped,skipped,,7
4422,Meghan GALLACHER (Con),Paul KELLY (Lab),skipped,skipped,skipped,skipped,skipped,,7
4423,Meghan GALLACHER (Con),Paul KELLY (Lab),skipped,skipped,skipped,skipped,skipped,,7
4424,Meghan GALLACHER (Con),Paul KELLY (Lab),skipped,skipped,skipped,skipped,skipped,,7
4425,Meghan GALLACHER (Con),Paul KELLY (Lab),skipped,skipped,skipped,skipped,skipped,,7
4426,Meghan GALLACHER (Con),Paul KELLY (Lab),skipped,skipped,skipped,skipped,skipped,,7
4427,Meghan GALLACHER (Con),Paul KELLY (Lab),skipped,skipped,skipped,skipped,skipped,,7
4428,Meghan GALLACHER (Con),Paul KELLY (Lab),skipped,skipped,skipped,skipped,skipped,,7
4429,Meghan GALLACHER (Con),Paul KELLY (Lab),skipped,skipped,skipped,skipped,skipped,,7
4430,Meghan GALLACHER (Con),Paul KELLY (Lab),skipped,skipped,skipped,skipped,skipped,,7
4431,Meghan GALLACHER (Con),Paul KELLY (Lab),skipped,skipped,skipped,skipped,skipped,,7
4432,Meghan GALLACHER (Con),Paul KELLY (Lab),skipped,skipped,skipped,skipped,skipped,,7
4433,Meghan GALLACHER (Con),Paul KELLY (Lab),skipped,skipped,skipped,skipped,skipped,,7
4434,Meghan GALLACHER (Con),Paul KELLY (Lab),skipped,skipped,skipped,skipped,skipped,,7
4435,Meghan GALLACHER (Con),Paul KELLY (Lab),skipped,skipped,skipped,skipped,skipped,,7
4436,Meghan GALLACHER (Con),Paul KELLY (Lab),skipped,skipped,skipped,skipped,skipped,,7
4437,Meghan GALLACHER (Con),Paul KELLY (Lab),skipped,skipped,skipped,skipped,skipped,,7
4438,Meghan GALLACHER (Con),Paul KELLY (Lab),skipped,skipped,skipped,skipped,skipped,,7
4439,Meghan GALLACHER (Con),Paul KELLY (Lab),skipped,skipped,skipped,skipped,skipped,,7
4440,Meghan GALLACHER (Con),Paul KELLY (Lab),skipped,skipped,skipped,skipped,skipped,,7
4441,Meghan GALLACHER (Con),Paul KELLY (Lab),skipped,skipped,skipped,skipped,skipped,,7
4442,Meghan GALLACHER (Con),Paul KELLY (Lab),skipped,skipped,skipped,skipped,skipped,,7
4443,Meghan GALLACHER (Con),Paul KELLY (Lab),skipped,skipped,skipped,skipped,skipped,,7
4444,Meghan GALLACHER (Con),Paul KELLY (Lab),skipped,skipped,skipped,skipped,skipped,,7
4445,Meghan GALLACHER (Con),Paul KELLY (Lab),skipped,skipped,skipped,skipped,skipped,,7
4446,Meghan GALLACHER (Con),Paul KELLY (Lab),skipped,skipped,skipped,skipped,skipped,,7
4447,Meghan GALLACHER (Con),Paul KELLY (Lab),skipped,skipped,skipped,skipped,skipped,,7
4448,Meghan GALLACHER (Con),Paul KELLY (Lab),skipped,skipped,skipped,skipped,skipped,,7
4449,Meghan GALLACHER (Con),Paul KELLY (Lab),skipped,skipped,skipped,skipped,skipped,,7
4450,Meghan GALLACHER (Con),Paul KELLY (Lab),skipped,skipped,skipped,skipped,skipped,,7
4451,Meghan GALLACHER (Con),Paul KELLY (Lab),skipped,skipped,skipped,skipped,skipped,,7
4452,Meghan GALLACHER (Con),Paul KELLY (Lab),skipped,skipped,skipped,skipped,skipped,,7
4453,Meghan GALLACHER (Con),Paul KELLY (Lab),skipped,skipped,skipped,skipped,skipped,,7
4454,Meghan GALLACHER (Con),Paul KELLY (Lab),skipped,skipped,skipped,skipped,skipped,,7
4455,Meghan GALLACHER (Con),Paul KELLY (Lab),skipped,skipped,skipped,skipped,skipped,,7
4456,Meghan GALLACHER (Con),Paul KELLY (Lab),skipped,skipped,skipped,skipped,skipped,,7
4457,Meghan GALLACHER (Con),Paul KELLY (Lab),skipped,skipped,skipped,skipped,skipped,,7
4458,Meghan GALLACHER (Con),Paul KELLY (Lab),skipped,skipped,skipped,skipped,skipped,,7
4459,Meghan GALLACHER (Con),Paul KELLY (Lab),skipped,skipped,skipped,skipped,skipped,,7
4460,Meghan GALLACHER (Con),Paul KELLY (Lab),skipped,skipped,skipped,skipped,skipped,,7
4461,Meghan GALLACHER (Con),Paul KELLY (Lab),skipped,skipped,skipped,skipped,skipped,,7
4462,Meghan GALLACHER (Con),Paul KELLY (Lab),skipped,skipped,skipped,skipped,skipped,,7
4463,Meghan GALLACHER (Con),Paul KELLY (Lab),skipped,skipped,skipped,skipped,skipped,,7
4464,Meghan GALLACHER (Con),Paul KELLY (Lab),skipped,skipped,skipped,skipped,skipped,,7
4465,Meghan GALLACHER (Con),Paul KELLY (Lab),skipped,skipped,skipped,skipped,skipped,,7
4466,Meghan GALLACHER (Con),Paul KELLY (Lab),skipped,skipped,skipped,skipped,skipped,,7
4467,Meghan GALLACHER (Con),Paul KELLY (Lab),skipped,skipped,skipped,skipped,skipped,,7
4468,Meghan GALLACHER (Con),Paul KELLY (Lab),skipped,skipped,skipped,skipped,skipped,,7
4469,Meghan GALLACHER (Con),Paul KELLY (Lab),skipped,skipped,skipped,skipped,skipped,,7
4470,Meghan GALLACHER (Con),Paul KELLY (Lab),skipped,skipped,skipped,skipped,skipped,,7
4471,Meghan GALLACHER (Con),Paul KELLY (Lab),skipped,skipped,skipped,skipped,skipped,,7
4472,Meghan GALLACHER (Con),Paul KELLY (Lab),skipped,skipped,skipped,skipped,skipped,,7
4473,Meghan GALLACHER (Con),Paul KELLY (Lab),skipped,skipped,skipped,skipped,skipped,,7
4474,Meghan GALLACHER (Con),Paul KELLY (Lab),skipped,skipped,skipped,skipped,skipped,,7
4475,Meghan GALLACHER (Con),Paul KELLY (Lab),skipped,skipped,skipped,skipped,skipped,,7
4476,Meghan GALLACHER (Con),Paul KELLY (Lab),Julie FLEMING (RISE) (UNKNOWN),Elaine MCSPADDEN (IANL) (UNKNOWN),skipped,skipped,skipped,,7
4477,Meghan GALLACHER (Con),Paul KELLY (Lab),Julie FLEMING (RISE) (UNKNOWN),Elaine MCSPADDEN (IANL) (UNKNOWN),Annette VALENTINE (SNP),skipped,skipped,,7
4478,Meghan GALLACHER (Con),Paul KELLY (Lab),Julie FLEMING (RISE) (UNKNOWN),Elaine MCSPADDEN (IANL) (UNKNOWN),Annette VALENTINE (SNP),skipped,skipped,,7
4479,Meghan GALLACHER (Con),Paul KELLY (Lab),Julie FLEMING (RISE) (UNKNOWN),Elaine MCSPADDEN (IANL) (UNKNOWN),Annette VALENTINE (SNP),skipped,skipped,,7
4480,Meghan GALLACHER (Con),Paul KELLY (Lab),Julie FLEMING (RISE) (UNKNOWN),Elaine MCSPADDEN (IANL) (UNKNOWN),Annette VALENTINE (SNP),skipped,skipped,,7
4481,Meghan GALLACHER (Con),Paul KELLY (Lab),Julie FLEMING (RISE) (UNKNOWN),Elaine MCSPADDEN (IANL) (UNKNOWN),Annette VALENTINE (SNP),skipped,skipped,,7
4482,Meghan GALLACHER (Con),Paul KELLY (Lab),Elaine MCSPADDEN (IANL) (UNKNOWN),skipped,skipped,skipped,skipped,,7
4483,Meghan GALLACHER (Con),Paul KELLY (Lab),Elaine MCSPADDEN (IANL) (UNKNOWN),skipped,skipped,skipped,skipped,,7
4484,Meghan GALLACHER (Con),Paul KELLY (Lab),Elaine MCSPADDEN (IANL) (UNKNOWN),skipped,skipped,skipped,skipped,,7
4485,Meghan GALLACHER (Con),Paul KELLY (Lab),Elaine MCSPADDEN (IANL) (UNKNOWN),skipped,skipped,skipped,skipped,,7
4486,Meghan GALLACHER (Con),Paul KELLY (Lab),Elaine MCSPADDEN (IANL) (UNKNOWN),Julie FLEMING (RISE) (UNKNOWN),skipped,skipped,skipped,,7
4487,Meghan GALLACHER (Con),Paul KELLY (Lab),Elaine MCSPADDEN (IANL) (UNKNOWN),Julie FLEMING (RISE) (UNKNOWN),Annette VALENTINE (SNP),skipped,skipped,,7
4488,Meghan GALLACHER (Con),Paul KELLY (Lab),Elaine MCSPADDEN (IANL) (UNKNOWN),Julie FLEMING (RISE) (UNKNOWN),Annette VALENTINE (SNP),skipped,skipped,,7
4489,Meghan GALLACHER (Con),Paul KELLY (Lab),Elaine MCSPADDEN (IANL) (UNKNOWN),Julie FLEMING (RISE) (UNKNOWN),Annette VALENTINE (SNP),skipped,skipped,,7
4490,Meghan GALLACHER (Con),Paul KELLY (Lab),Elaine MCSPADDEN (IANL) (UNKNOWN),Julie FLEMING (RISE) (UNKNOWN),Annette VALENTINE (SNP),skipped,skipped,,7
4491,Meghan GALLACHER (Con),Paul KELLY (Lab),Elaine MCSPADDEN (IANL) (UNKNOWN),Julie FLEMING (RISE) (UNKNOWN),Annette VALENTINE (SNP),skipped,skipped,,7
4492,Meghan GALLACHER (Con),Paul KELLY (Lab),Elaine MCSPADDEN (IANL) (UNKNOWN),Julie FLEMING (RISE) (UNKNOWN),Annette VALENTINE (SNP),skipped,skipped,,7
4493,Meghan GALLACHER (Con),Paul KELLY (Lab),Elaine MCSPADDEN (IANL) (UNKNOWN),Julie FLEMING (RISE) (UNKNOWN),Annette VALENTINE (SNP),skipped,skipped,,7
4494,Meghan GALLACHER (Con),Paul KELLY (Lab),Elaine MCSPADDEN (IANL) (UNKNOWN),Julie FLEMING (RISE) (UNKNOWN),Annette VALENTINE (SNP),skipped,skipped,,7
4495,Meghan GALLACHER (Con),Paul KELLY (Lab),Elaine MCSPADDEN (IANL) (UNKNOWN),Annette VALENTINE (SNP),Julie FLEMING (RISE) (UNKNOWN),skipped,skipped,,7
4496,Meghan GALLACHER (Con),Paul KELLY (Lab),Annette VALENTINE (SNP),Elaine MCSPADDEN (IANL) (UNKNOWN),Julie FLEMING (RISE) (UNKNOWN),skipped,skipped,,7
4497,Meghan GALLACHER (Con),Paul KELLY (Lab),Annette VALENTINE (SNP),skipped,skipped,skipped,skipped,,7
4498,Meghan GALLACHER (Con),Paul KELLY (Lab),Annette VALENTINE (SNP),Julie FLEMING (RISE) (UNKNOWN),Elaine MCSPADDEN (IANL) (UNKNOWN),skipped,skipped,,7
4499,Meghan GALLACHER (Con),Michael Edward ROSS (Lab),Elaine MCSPADDEN (IANL) (UNKNOWN),skipped,skipped,skipped,skipped,,7
4500,Meghan GALLACHER (Con),Michael Edward ROSS (Lab),Elaine MCSPADDEN (IANL) (UNKNOWN),skipped,skipped,skipped,skipped,,7
4501,Meghan GALLACHER (Con),Michael Edward ROSS (Lab),Elaine MCSPADDEN (IANL) (UNKNOWN),skipped,skipped,skipped,skipped,,7
4502,Meghan GALLACHER (Con),Michael Edward ROSS (Lab),Elaine MCSPADDEN (IANL) (UNKNOWN),skipped,skipped,skipped,skipped,,7
4503,Meghan GALLACHER (Con),Michael Edward ROSS (Lab),Elaine MCSPADDEN (IANL) (UNKNOWN),skipped,skipped,skipped,skipped,,7
4504,Meghan GALLACHER (Con),Michael Edward ROSS (Lab),Elaine MCSPADDEN (IANL) (UNKNOWN),skipped,skipped,skipped,skipped,,7
4505,Meghan GALLACHER (Con),Michael Edward ROSS (Lab),Elaine MCSPADDEN (IANL) (UNKNOWN),skipped,skipped,skipped,skipped,,7
4506,Meghan GALLACHER (Con),Michael Edward ROSS (Lab),Elaine MCSPADDEN (IANL) (UNKNOWN),skipped,skipped,skipped,skipped,,7
4507,Meghan GALLACHER (Con),Michael Edward ROSS (Lab),Elaine MCSPADDEN (IANL) (UNKNOWN),skipped,skipped,skipped,skipped,,7
4508,Meghan GALLACHER (Con),Michael Edward ROSS (Lab),Elaine MCSPADDEN (IANL) (UNKNOWN),skipped,skipped,skipped,skipped,,7
4509,Meghan GALLACHER (Con),Elaine MCSPADDEN (IANL) (UNKNOWN),Julie FLEMING (RISE) (UNKNOWN),Paul KELLY (Lab),skipped,skipped,skipped,,7
4510,Meghan GALLACHER (Con),Elaine MCSPADDEN (IANL) (UNKNOWN),Paul KELLY (Lab),skipped,skipped,skipped,skipped,,7
4511,Meghan GALLACHER (Con),Elaine MCSPADDEN (IANL) (UNKNOWN),Paul KELLY (Lab),skipped,skipped,skipped,skipped,,7
4512,Meghan GALLACHER (Con),Elaine MCSPADDEN (IANL) (UNKNOWN),Annette VALENTINE (SNP),Paul KELLY (Lab),Julie FLEMING (RISE) (UNKNOWN),skipped,skipped,,7
4513,Meghan GALLACHER (Con),Michael Edward ROSS (Lab),Jamie SUPER (SNP),skipped,skipped,skipped,skipped,,7
4514,Meghan GALLACHER (Con),Michael Edward ROSS (Lab),Jamie SUPER (SNP),skipped,skipped,skipped,skipped,,7
4515,Meghan GALLACHER (Con),Michael Edward ROSS (Lab),Jamie SUPER (SNP),skipped,skipped,skipped,skipped,,7
4516,Meghan GALLACHER (Con),Michael Edward ROSS (Lab),Jamie SUPER (SNP),skipped,skipped,skipped,skipped,,7
4517,Meghan GALLACHER (Con),Michael Edward ROSS (Lab),Annette VALENTINE (SNP),skipped,skipped,skipped,skipped,,7
4518,Meghan GALLACHER (Con),Michael Edward ROSS (Lab),Annette VALENTINE (SNP),skipped,skipped,skipped,skipped,,7
4519,Meghan GALLACHER (Con),Michael Edward ROSS (Lab),Annette VALENTINE (SNP),skipped,skipped,skipped,skipped,,7
4520,Meghan GALLACHER (Con),Michael Edward ROSS (Lab),Annette VALENTINE (SNP),skipped,skipped,skipped,skipped,,7
4521,Meghan GALLACHER (Con),Michael Edward ROSS (Lab),Annette VALENTINE (SNP),skipped,skipped,skipped,skipped,,7
4522,Meghan GALLACHER (Con),Michael Edward ROSS (Lab),Annette VALENTINE (SNP),skipped,skipped,skipped,skipped,,7
4523,Meghan GALLACHER (Con),Michael Edward ROSS (Lab),Annette VALENTINE (SNP),skipped,skipped,skipped,skipped,,7
4524,Meghan GALLACHER (Con),Annette VALENTINE (SNP),skipped,skipped,skipped,skipped,skipped,,7
4525,Meghan GALLACHER (Con),Annette VALENTINE (SNP),skipped,skipped,skipped,skipped,skipped,,7
4526,Meghan GALLACHER (Con),Annette VALENTINE (SNP),skipped,skipped,skipped,skipped,skipped,,7
4527,Meghan GALLACHER (Con),Annette VALENTINE (SNP),skipped,skipped,skipped,skipped,skipped,,7
4528,Meghan GALLACHER (Con),Annette VALENTINE (SNP),skipped,skipped,skipped,skipped,skipped,,7
4529,Meghan GALLACHER (Con),Annette VALENTINE (SNP),skipped,skipped,skipped,skipped,skipped,,7
4530,Meghan GALLACHER (Con),Annette VALENTINE (SNP),skipped,skipped,skipped,skipped,skipped,,7
4531,Meghan GALLACHER (Con),Annette VALENTINE (SNP),skipped,skipped,skipped,skipped,skipped,,7
4532,Meghan GALLACHER (Con),Annette VALENTINE (SNP),skipped,skipped,skipped,skipped,skipped,,7
4533,Meghan GALLACHER (Con),Annette VALENTINE (SNP),skipped,skipped,skipped,skipped,skipped,,7
4534,Meghan GALLACHER (Con),Annette VALENTINE (SNP),skipped,skipped,skipped,skipped,skipped,,7
4535,Meghan GALLACHER (Con),Annette VALENTINE (SNP),Julie FLEMING (RISE) (UNKNOWN),skipped,skipped,skipped,skipped,,7
4536,Meghan GALLACHER (Con),Annette VALENTINE (SNP),Paul KELLY (Lab),skipped,skipped,skipped,skipped,,7
4537,Meghan GALLACHER (Con),Annette VALENTINE (SNP),Paul KELLY (Lab),skipped,skipped,skipped,skipped,,7
4538,Meghan GALLACHER (Con),Annette VALENTINE (SNP),Paul KELLY (Lab),Elaine MCSPADDEN (IANL) (UNKNOWN),Julie FLEMING (RISE) (UNKNOWN),skipped,skipped,,7
4539,Meghan GALLACHER (Con),Annette VALENTINE (SNP),Paul KELLY (Lab),Elaine MCSPADDEN (IANL) (UNKNOWN),Julie FLEMING (RISE) (UNKNOWN),skipped,skipped,,7
4540,Meghan GALLACHER (Con),Annette VALENTINE (SNP),Elaine MCSPADDEN (IANL) (UNKNOWN),skipped,skipped,skipped,skipped,,7
4541,Meghan GALLACHER (Con),Annette VALENTINE (SNP),Elaine MCSPADDEN (IANL) (UNKNOWN),skipped,skipped,skipped,skipped,,7
4542,Meghan GALLACHER (Con),Annette VALENTINE (SNP),skipped,skipped,skipped,skipped,skipped,,7
4543,Meghan GALLACHER (Con),Annette VALENTINE (SNP),skipped,skipped,skipped,skipped,skipped,,7
4544,Meghan GALLACHER (Con),Annette VALENTINE (SNP),skipped,skipped,skipped,skipped,skipped,,7
4545,Meghan GALLACHER (Con),Annette VALENTINE (SNP),skipped,skipped,skipped,skipped,skipped,,7
4546,Meghan GALLACHER (Con),Annette VALENTINE (SNP),skipped,skipped,skipped,skipped,skipped,,7
4547,Meghan GALLACHER (Con),Annette VALENTINE (SNP),skipped,skipped,skipped,skipped,skipped,,7
4548,Meghan GALLACHER (Con),Annette VALENTINE (SNP),skipped,skipped,skipped,skipped,skipped,,7
4549,Meghan GALLACHER (Con),Annette VALENTINE (SNP),skipped,skipped,skipped,skipped,skipped,,7
4550,Meghan GALLACHER (Con),Annette VALENTINE (SNP),Julie FLEMING (RISE) (UNKNOWN),Paul KELLY (Lab),Elaine MCSPADDEN (IANL) (UNKNOWN),skipped,skipped,,7
4551,Meghan GALLACHER (Con),Annette VALENTINE (SNP),Julie FLEMING (RISE) (UNKNOWN),Elaine MCSPADDEN (IANL) (UNKNOWN),Paul KELLY (Lab),skipped,skipped,,7
4552,Meghan GALLACHER (Con),Annette VALENTINE (SNP),Julie FLEMING (RISE) (UNKNOWN),Elaine MCSPADDEN (IANL) (UNKNOWN),Paul KELLY (Lab),skipped,skipped,,7
4553,Meghan GALLACHER (Con),Annette VALENTINE (SNP),Elaine MCSPADDEN (IANL) (UNKNOWN),Julie FLEMING (RISE) (UNKNOWN),Paul KELLY (Lab),skipped,skipped,,7
4554,Meghan GALLACHER (Con),Annette VALENTINE (SNP),Elaine MCSPADDEN (IANL) (UNKNOWN),Julie FLEMING (RISE) (UNKNOWN),Paul KELLY (Lab),skipped,skipped,,7
4555,Meghan GALLACHER (Con),Annette VALENTINE (SNP),Elaine MCSPADDEN (IANL) (UNKNOWN),Paul KELLY (Lab),Julie FLEMING (RISE) (UNKNOWN),skipped,skipped,,7
4556,Meghan GALLACHER (Con),Annette VALENTINE (SNP),Paul KELLY (Lab),Julie FLEMING (RISE) (UNKNOWN),Elaine MCSPADDEN (IANL) (UNKNOWN),skipped,skipped,,7
