precincts,tally_type,ballotID,rank1,rank2,rank3,numSeats,numCands
454500,Election Day - Insight,76343,CORINA LOPEZ,MIA OUSLEY,LEAH HALL,1,3
454500,Election Day - Insight,76344,LEAH HALL,MIA OUSLEY,CORINA LOPEZ,1,3
454500,Election Day - Insight,76345,MIA OUSLEY,LEAH HALL,CORINA LOPEZ,1,3
454500,Election Day - Insight,76350,CORINA LOPEZ,MIA OUSLEY,skipped,1,3
454500,Election Day - Insight,76351,LEAH HALL,skipped,skipped,1,3
454500,Election Day - Insight,76352,LEAH HALL,MIA OUSLEY,CORINA LOPEZ,1,3
454500,Election Day - Insight,76353,CORINA LOPEZ,skipped,skipped,1,3
454500,Election Day - Insight,76354,CORINA LOPEZ,skipped,skipped,1,3
454500,Election Day - Insight,76355,MIA OUSLEY,LEAH HALL,CORINA LOPEZ,1,3
454500,Election Day - Insight,76356,LEAH HALL,skipped,skipped,1,3
454500,Election Day - Insight,76358,MIA OUSLEY,LEAH HALL,CORINA LOPEZ,1,3
454500,Election Day - Insight,76359,LEAH HALL,MIA OUSLEY,CORINA LOPEZ,1,3
454500,Election Day - Insight,76360,CORINA LOPEZ,LEAH HALL,skipped,1,3
454500,Election Day - Insight,76361,MIA OUSLEY,LEAH HALL,CORINA LOPEZ,1,3
454500,Election Day - Insight,76362,CORINA LOPEZ,LEAH HALL,skipped,1,3
454500,Election Day - Insight,76363,MIA OUSLEY,skipped,skipped,1,3
454500,Election Day - Insight,76364,CORINA LOPEZ,skipped,skipped,1,3
454500,Election Day - Insight,76365,MIA OUSLEY,skipped,skipped,1,3
454500,Election Day - Insight,76366,MIA OUSLEY,skipped,skipped,1,3
454500,Election Day - Insight,76367,LEAH HALL,MIA OUSLEY,CORINA LOPEZ,1,3
454500,Election Day - Insight,76368,CORINA LOPEZ,MIA OUSLEY,LEAH HALL,1,3
454500,Election Day - Insight,76369,CORINA LOPEZ,MIA OUSLEY,LEAH HALL,1,3
454500,Election Day - Insight,76370,LEAH HALL,MIA OUSLEY,CORINA LOPEZ,1,3
454500,Election Day - Insight,76371,CORINA LOPEZ,skipped,skipped,1,3
454500,Election Day - Insight,76372,CORINA LOPEZ,LEAH HALL,MIA OUSLEY,1,3
454500,Election Day - Insight,76373,MIA OUSLEY,LEAH HALL,skipped,1,3
454500,Election Day - Insight,76374,CORINA LOPEZ,skipped,skipped,1,3
454500,Election Day - Insight,76375,CORINA LOPEZ,skipped,skipped,1,3
454500,Election Day - Insight,76376,MIA OUSLEY,LEAH HALL,CORINA LOPEZ,1,3
454500,Election Day - Insight,76377,CORINA LOPEZ,MIA OUSLEY,LEAH HALL,1,3
454500,Election Day - Insight,76378,LEAH HALL,MIA OUSLEY,CORINA LOPEZ,1,3
454500,Election Day - Insight,76379,LEAH HALL,MIA OUSLEY,CORINA LOPEZ,1,3
454500,Election Day - Insight,76380,LEAH HALL,MIA OUSLEY,CORINA LOPEZ,1,3
454500,Election Day - Insight,76381,LEAH HALL,CORINA LOPEZ,skipped,1,3
454500,Election Day - Insight,76382,LEAH HALL,CORINA LOPEZ,skipped,1,3
454500,Election Day - Insight,76383,CORINA LOPEZ,LEAH HALL,MIA OUSLEY,1,3
454500,Election Day - Insight,76384,LEAH HALL,MIA OUSLEY,CORINA LOPEZ,1,3
454500,Election Day - Insight,76385,MIA OUSLEY,LEAH HALL,CORINA LOPEZ,1,3
454500,Election Day - Insight,76386,CORINA LOPEZ,skipped,skipped,1,3
454500,Election Day - Insight,76387,CORINA LOPEZ,skipped,skipped,1,3
454500,Election Day - Insight,76388,CORINA LOPEZ,skipped,skipped,1,3
454500,Election Day - Insight,76389,CORINA LOPEZ,LEAH HALL,MIA OUSLEY,1,3
454500,Election Day - Insight,76390,CORINA LOPEZ,LEAH HALL,MIA OUSLEY,1,3
454500,Election Day - Insight,76391,LEAH HALL,CORINA LOPEZ,MIA OUSLEY,1,3
454500,Election Day - Insight,76392,CORINA LOPEZ,LEAH HALL,MIA OUSLEY,1,3
454500,Election Day - Insight,76393,CORINA LOPEZ,MIA OUSLEY,skipped,1,3
454500,Election Day - Insight,76395,LEAH HALL,skipped,skipped,1,3
454500,Election Day - Insight,76396,CORINA LOPEZ,MIA OUSLEY,skipped,1,3
454500,Election Day - Insight,76397,CORINA LOPEZ,LEAH HALL,skipped,1,3
454500,Election Day - Insight,76398,CORINA LOPEZ,skipped,skipped,1,3
454500,Election Day - Insight,76399,LEAH HALL,MIA OUSLEY,CORINA LOPEZ,1,3
454500,Election Day - Insight,76400,MIA OUSLEY,skipped,skipped,1,3
454500,Election Day - Insight,76401,LEAH HALL,skipped,skipped,1,3
454500,Election Day - Insight,76402,LEAH HALL,skipped,skipped,1,3
454500,Election Day - Insight,76403,CORINA LOPEZ,MIA OUSLEY,LEAH HALL,1,3
454500,Election Day - Insight,76404,MIA OUSLEY,CORINA LOPEZ,LEAH HALL,1,3
454500,Election Day - Insight,76405,MIA OUSLEY,CORINA LOPEZ,LEAH HALL,1,3
454500,Election Day - Insight,76407,CORINA LOPEZ,MIA OUSLEY,LEAH HALL,1,3
454500,Election Day - Insight,76408,LEAH HALL,MIA OUSLEY,CORINA LOPEZ,1,3
454500,Election Day - Insight,76409,CORINA LOPEZ,LEAH HALL,MIA OUSLEY,1,3
454500,Election Day - Insight,76411,CORINA LOPEZ,LEAH HALL,skipped,1,3
454500,Election Day - Insight,76412,CORINA LOPEZ,LEAH HALL,MIA OUSLEY,1,3
454500,Election Day - Insight,76413,MIA OUSLEY,CORINA LOPEZ,LEAH HALL,1,3
454500,Election Day - Insight,76415,CORINA LOPEZ,LEAH HALL,MIA OUSLEY,1,3
454500,Election Day - Insight,76416,CORINA LOPEZ,MIA OUSLEY,LEAH HALL,1,3
454500,Election Day - Insight,76417,LEAH HALL,MIA OUSLEY,CORINA LOPEZ,1,3
454500,Election Day - Insight,76418,LEAH HALL,CORINA LOPEZ,MIA OUSLEY,1,3
454500,Election Day - Insight,76419,CORINA LOPEZ,MIA OUSLEY,LEAH HALL,1,3
454500,Election Day - Insight,76420,CORINA LOPEZ,MIA OUSLEY,LEAH HALL,1,3
454500,Election Day - Insight,76421,CORINA LOPEZ,MIA OUSLEY,LEAH HALL,1,3
454500,Election Day - Insight,76422,MIA OUSLEY,CORINA LOPEZ,LEAH HALL,1,3
454500,Election Day - Insight,76423,CORINA LOPEZ,MIA OUSLEY,LEAH HALL,1,3
454500,Election Day - Insight,76424,LEAH HALL,skipped,skipped,1,3
454500,Election Day - Insight,76425,MIA OUSLEY,LEAH HALL,CORINA LOPEZ,1,3
454500,Election Day - Insight,76427,MIA OUSLEY,skipped,skipped,1,3
454500,Election Day - Insight,76428,CORINA LOPEZ,MIA OUSLEY,LEAH HALL,1,3
454500,Election Day - Insight,76429,CORINA LOPEZ,skipped,skipped,1,3
454500,Election Day - Insight,76430,CORINA LOPEZ,MIA OUSLEY,skipped,1,3
454500,Election Day - Insight,76431,CORINA LOPEZ,MIA OUSLEY,LEAH HALL,1,3
454500,Election Day - Insight,76433,LEAH HALL,MIA OUSLEY,CORINA LOPEZ,1,3
454500,Election Day - Insight,76434,MIA OUSLEY,skipped,skipped,1,3
454500,Election Day - Insight,76435,LEAH HALL,skipped,skipped,1,3
454500,Election Day - Insight,76436,CORINA LOPEZ,LEAH HALL,MIA OUSLEY,1,3
454500,Election Day - Insight,76437,LEAH HALL,skipped,skipped,1,3
452400,Election Day - Insight,76738,CORINA LOPEZ,skipped,skipped,1,3
452400,Election Day - Insight,76739,LEAH HALL,MIA OUSLEY,CORINA LOPEZ,1,3
452400,Election Day - Insight,76740,MIA OUSLEY,skipped,skipped,1,3
452400,Election Day - Insight,76742,CORINA LOPEZ,skipped,skipped,1,3
452400,Election Day - Insight,76743,MIA OUSLEY,skipped,skipped,1,3
452400,Election Day - Insight,76744,CORINA LOPEZ,MIA OUSLEY,LEAH HALL,1,3
452400,Election Day - Insight,76745,MIA OUSLEY,CORINA LOPEZ,LEAH HALL,1,3
452400,Election Day - Insight,76746,LEAH HALL,MIA OUSLEY,CORINA LOPEZ,1,3
452400,Election Day - Insight,76747,CORINA LOPEZ,LEAH HALL,MIA OUSLEY,1,3
452400,Election Day - Insight,76748,LEAH HALL,MIA OUSLEY,CORINA LOPEZ,1,3
452400,Election Day - Insight,76749,CORINA LOPEZ,MIA OUSLEY,skipped,1,3
452400,Election Day - Insight,76750,MIA OUSLEY,CORINA LOPEZ,LEAH HALL,1,3
452400,Election Day - Insight,76759,CORINA LOPEZ,skipped,skipped,1,3
452400,Election Day - Insight,76761,CORINA LOPEZ,LEAH HALL,MIA OUSLEY,1,3
452400,Election Day - Insight,76763,MIA OUSLEY,CORINA LOPEZ,LEAH HALL,1,3
452400,Election Day - Insight,76764,LEAH HALL,MIA OUSLEY,CORINA LOPEZ,1,3
452400,Election Day - Insight,76765,CORINA LOPEZ,skipped,skipped,1,3
452400,Election Day - Insight,76766,MIA OUSLEY,CORINA LOPEZ,LEAH HALL,1,3
452400,Election Day - Insight,76767,CORINA LOPEZ,LEAH HALL,MIA OUSLEY,1,3
452400,Election Day - Insight,76768,CORINA LOPEZ,skipped,skipped,1,3
452400,Election Day - Insight,76769,CORINA LOPEZ,MIA OUSLEY,LEAH HALL,1,3
452400,Election Day - Insight,76770,LEAH HALL,skipped,skipped,1,3
452400,Election Day - Insight,76771,CORINA LOPEZ,skipped,skipped,1,3
452400,Election Day - Insight,76772,LEAH HALL,skipped,skipped,1,3
452400,Election Day - Insight,76773,MIA OUSLEY,skipped,skipped,1,3
452400,Election Day - Insight,76774,CORINA LOPEZ,MIA OUSLEY,LEAH HALL,1,3
452400,Election Day - Insight,76775,LEAH HALL,MIA OUSLEY,CORINA LOPEZ,1,3
452400,Election Day - Insight,76776,CORINA LOPEZ,MIA OUSLEY,LEAH HALL,1,3
452400,Election Day - Insight,76777,CORINA LOPEZ,MIA OUSLEY,LEAH HALL,1,3
452400,Election Day - Insight,76778,MIA OUSLEY,skipped,skipped,1,3
452400,Election Day - Insight,76779,MIA OUSLEY,CORINA LOPEZ,LEAH HALL,1,3
452400,Election Day - Insight,76780,LEAH HALL,MIA OUSLEY,CORINA LOPEZ,1,3
452400,Election Day - Insight,76781,CORINA LOPEZ,skipped,skipped,1,3
452400,Election Day - Insight,76782,CORINA LOPEZ,LEAH HALL,MIA OUSLEY,1,3
452400,Election Day - Insight,76783,LEAH HALL,skipped,skipped,1,3
452400,Election Day - Insight,76785,CORINA LOPEZ,MIA OUSLEY,LEAH HALL,1,3
452400,Election Day - Insight,76786,LEAH HALL,MIA OUSLEY,CORINA LOPEZ,1,3
452400,Election Day - Insight,76787,CORINA LOPEZ,MIA OUSLEY,LEAH HALL,1,3
452400,Election Day - Insight,76788,CORINA LOPEZ,skipped,skipped,1,3
452400,Election Day - Insight,76789,LEAH HALL,CORINA LOPEZ,MIA OUSLEY,1,3
452400,Election Day - Insight,76790,CORINA LOPEZ,LEAH HALL,MIA OUSLEY,1,3
452400,Election Day - Insight,76792,MIA OUSLEY,CORINA LOPEZ,skipped,1,3
452400,Election Day - Insight,76793,MIA OUSLEY,LEAH HALL,CORINA LOPEZ,1,3
452400,Election Day - Insight,76794,LEAH HALL,skipped,skipped,1,3
452400,Election Day - Insight,76795,LEAH HALL,MIA OUSLEY,CORINA LOPEZ,1,3
452400,Election Day - Insight,76796,LEAH HALL,CORINA LOPEZ,skipped,1,3
452400,Election Day - Insight,76797,CORINA LOPEZ,MIA OUSLEY,LEAH HALL,1,3
452400,Election Day - Insight,76798,CORINA LOPEZ,skipped,skipped,1,3
452400,Election Day - Insight,76799,MIA OUSLEY,CORINA LOPEZ,LEAH HALL,1,3
452400,Election Day - Insight,76800,CORINA LOPEZ,LEAH HALL,MIA OUSLEY,1,3
452400,Election Day - Insight,76802,CORINA LOPEZ,skipped,skipped,1,3
452400,Election Day - Insight,76803,CORINA LOPEZ,LEAH HALL,MIA OUSLEY,1,3
452400,Election Day - Insight,76804,CORINA LOPEZ,MIA OUSLEY,LEAH HALL,1,3
452400,Election Day - Insight,76805,MIA OUSLEY,LEAH HALL,CORINA LOPEZ,1,3
452400,Election Day - Insight,76806,MIA OUSLEY,LEAH HALL,CORINA LOPEZ,1,3
452400,Election Day - Insight,76808,CORINA LOPEZ,LEAH HALL,MIA OUSLEY,1,3
452400,Election Day - Insight,76809,CORINA LOPEZ,MIA OUSLEY,LEAH HALL,1,3
452400,Election Day - Insight,76811,CORINA LOPEZ,skipped,skipped,1,3
452400,Election Day - Insight,76812,LEAH HALL,CORINA LOPEZ,MIA OUSLEY,1,3
452400,Election Day - Insight,76813,CORINA LOPEZ,skipped,skipped,1,3
452400,Election Day - Insight,76814,CORINA LOPEZ,LEAH HALL,MIA OUSLEY,1,3
452400,Election Day - Insight,76815,CORINA LOPEZ,skipped,skipped,1,3
452400,Election Day - Insight,76816,MIA OUSLEY,LEAH HALL,CORINA LOPEZ,1,3
452400,Election Day - Insight,76817,LEAH HALL,skipped,skipped,1,3
452400,Election Day - Insight,76818,MIA OUSLEY,CORINA LOPEZ,LEAH HALL,1,3
452400,Election Day - Insight,76820,CORINA LOPEZ,LEAH HALL,MIA OUSLEY,1,3
452400,Election Day - Insight,76821,CORINA LOPEZ,LEAH HALL,MIA OUSLEY,1,3
452400,Election Day - Insight,76822,LEAH HALL,MIA OUSLEY,CORINA LOPEZ,1,3
452400,Election Day - Insight,76823,CORINA LOPEZ,MIA OUSLEY,LEAH HALL,1,3
452400,Election Day - Insight,76825,CORINA LOPEZ,skipped,skipped,1,3
452400,Election Day - Insight,76826,CORINA LOPEZ,LEAH HALL,skipped,1,3
452400,Election Day - Insight,76827,CORINA LOPEZ,MIA OUSLEY,LEAH HALL,1,3
452400,Election Day - Insight,76828,LEAH HALL,skipped,skipped,1,3
452400,Election Day - Insight,76829,CORINA LOPEZ,MIA OUSLEY,LEAH HALL,1,3
452400,Election Day - Insight,76830,CORINA LOPEZ,MIA OUSLEY,LEAH HALL,1,3
452400,Election Day - Insight,76831,CORINA LOPEZ,MIA OUSLEY,LEAH HALL,1,3
452400,Election Day - Insight,76832,LEAH HALL,MIA OUSLEY,CORINA LOPEZ,1,3
452400,Election Day - Insight,76833,LEAH HALL,MIA OUSLEY,CORINA LOPEZ,1,3
452400,Election Day - Insight,76834,CORINA LOPEZ,MIA OUSLEY,LEAH HALL,1,3
452400,Election Day - Insight,76835,LEAH HALL,CORINA LOPEZ,MIA OUSLEY,1,3
452400,Election Day - Insight,76836,LEAH HALL,CORINA LOPEZ,skipped,1,3
452400,Election Day - Insight,76837,CORINA LOPEZ,LEAH HALL,MIA OUSLEY,1,3
452400,Election Day - Insight,76838,CORINA LOPEZ,skipped,skipped,1,3
452400,Election Day - Insight,76840,LEAH HALL,MIA OUSLEY,CORINA LOPEZ,1,3
452400,Election Day - Insight,76841,CORINA LOPEZ,skipped,skipped,1,3
452400,Election Day - Insight,76842,LEAH HALL,MIA OUSLEY,CORINA LOPEZ,1,3
452400,Election Day - Insight,76843,CORINA LOPEZ,skipped,skipped,1,3
452400,Election Day - Insight,76844,LEAH HALL,CORINA LOPEZ,MIA OUSLEY,1,3
452400,Election Day - Insight,76845,CORINA LOPEZ,MIA OUSLEY,LEAH HALL,1,3
452400,Election Day - Insight,76846,MIA OUSLEY,skipped,skipped,1,3
452400,Election Day - Insight,76848,LEAH HALL,skipped,skipped,1,3
452400,Election Day - Insight,76849,CORINA LOPEZ,LEAH HALL,MIA OUSLEY,1,3
458200,Election Day - Insight,77235,LEAH HALL,MIA OUSLEY,CORINA LOPEZ,1,3
458200,Election Day - Insight,77236,CORINA LOPEZ,LEAH HALL,MIA OUSLEY,1,3
458200,Election Day - Insight,77237,CORINA LOPEZ,skipped,skipped,1,3
458200,Election Day - Insight,77238,CORINA LOPEZ,skipped,skipped,1,3
458200,Election Day - Insight,77240,CORINA LOPEZ,MIA OUSLEY,LEAH HALL,1,3
458200,Election Day - Insight,77241,CORINA LOPEZ,MIA OUSLEY,LEAH HALL,1,3
458200,Election Day - Insight,77242,CORINA LOPEZ,LEAH HALL,MIA OUSLEY,1,3
458200,Election Day - Insight,77243,LEAH HALL,CORINA LOPEZ,skipped,1,3
458200,Election Day - Insight,77245,LEAH HALL,skipped,skipped,1,3
458200,Election Day - Insight,77246,CORINA LOPEZ,LEAH HALL,MIA OUSLEY,1,3
458200,Election Day - Insight,77247,CORINA LOPEZ,LEAH HALL,MIA OUSLEY,1,3
458200,Election Day - Insight,77248,LEAH HALL,skipped,skipped,1,3
458200,Election Day - Insight,77249,LEAH HALL,skipped,skipped,1,3
458200,Election Day - Insight,77250,CORINA LOPEZ,skipped,skipped,1,3
458200,Election Day - Insight,77252,CORINA LOPEZ,skipped,skipped,1,3
458200,Election Day - Insight,77254,MIA OUSLEY,LEAH HALL,skipped,1,3
458200,Election Day - Insight,77255,LEAH HALL,skipped,skipped,1,3
458200,Election Day - Insight,77256,LEAH HALL,skipped,skipped,1,3
458200,Election Day - Insight,77257,LEAH HALL,skipped,skipped,1,3
458200,Election Day - Insight,77258,CORINA LOPEZ,skipped,skipped,1,3
458200,Election Day - Insight,77259,CORINA LOPEZ,LEAH HALL,skipped,1,3
458200,Election Day - Insight,77260,MIA OUSLEY,CORINA LOPEZ,LEAH HALL,1,3
458200,Election Day - Insight,77261,LEAH HALL,CORINA LOPEZ,MIA OUSLEY,1,3
458200,Election Day - Insight,77262,CORINA LOPEZ,LEAH HALL,MIA OUSLEY,1,3
458200,Election Day - Insight,77263,MIA OUSLEY,CORINA LOPEZ,LEAH HALL,1,3
458200,Election Day - Insight,77265,LEAH HALL,skipped,skipped,1,3
458200,Election Day - Insight,77266,CORINA LOPEZ,LEAH HALL,skipped,1,3
458200,Election Day - Insight,77268,CORINA LOPEZ,MIA OUSLEY,LEAH HALL,1,3
458200,Election Day - Insight,77269,CORINA LOPEZ,skipped,skipped,1,3
458200,Election Day - Insight,77270,CORINA LOPEZ,skipped,skipped,1,3
458200,Election Day - Insight,77271,CORINA LOPEZ,skipped,skipped,1,3
458200,Election Day - Insight,77272,CORINA LOPEZ,MIA OUSLEY,LEAH HALL,1,3
458200,Election Day - Insight,77273,CORINA LOPEZ,skipped,skipped,1,3
458200,Election Day - Insight,77274,CORINA LOPEZ,skipped,skipped,1,3
458200,Election Day - Insight,77275,CORINA LOPEZ,skipped,skipped,1,3
458200,Election Day - Insight,77276,CORINA LOPEZ,skipped,skipped,1,3
458200,Election Day - Insight,77277,CORINA LOPEZ,MIA OUSLEY,LEAH HALL,1,3
458200,Election Day - Insight,77278,CORINA LOPEZ,MIA OUSLEY,LEAH HALL,1,3
458200,Election Day - Insight,77279,CORINA LOPEZ,skipped,skipped,1,3
458200,Election Day - Insight,77280,LEAH HALL,MIA OUSLEY,CORINA LOPEZ,1,3
458200,Election Day - Insight,77281,CORINA LOPEZ,LEAH HALL,MIA OUSLEY,1,3
458200,Election Day - Insight,77282,CORINA LOPEZ,MIA OUSLEY,LEAH HALL,1,3
458200,Election Day - Insight,77283,CORINA LOPEZ,MIA OUSLEY,LEAH HALL,1,3
458200,Election Day - Insight,77284,MIA OUSLEY,LEAH HALL,CORINA LOPEZ,1,3
458200,Election Day - Insight,77296,CORINA LOPEZ,MIA OUSLEY,LEAH HALL,1,3
458200,Election Day - Insight,77297,LEAH HALL,MIA OUSLEY,CORINA LOPEZ,1,3
458200,Election Day - Insight,77298,CORINA LOPEZ,LEAH HALL,skipped,1,3
458200,Election Day - Insight,77299,MIA OUSLEY,skipped,skipped,1,3
458200,Election Day - Insight,77300,CORINA LOPEZ,MIA OUSLEY,LEAH HALL,1,3
458200,Election Day - Insight,77301,LEAH HALL,CORINA LOPEZ,skipped,1,3
458200,Election Day - Insight,77302,CORINA LOPEZ,LEAH HALL,MIA OUSLEY,1,3
458200,Election Day - Insight,77303,MIA OUSLEY,skipped,skipped,1,3
458200,Election Day - Insight,77304,CORINA LOPEZ,LEAH HALL,MIA OUSLEY,1,3
458200,Election Day - Insight,77305,LEAH HALL,skipped,skipped,1,3
458200,Election Day - Insight,77307,CORINA LOPEZ,MIA OUSLEY,LEAH HALL,1,3
458200,Election Day - Insight,77308,LEAH HALL,CORINA LOPEZ,MIA OUSLEY,1,3
458200,Election Day - Insight,77309,CORINA LOPEZ,LEAH HALL,MIA OUSLEY,1,3
458200,Election Day - Insight,77311,CORINA LOPEZ,LEAH HALL,skipped,1,3
458200,Election Day - Insight,77312,MIA OUSLEY,LEAH HALL,skipped,1,3
458200,Election Day - Insight,77313,CORINA LOPEZ,LEAH HALL,skipped,1,3
458200,Election Day - Insight,77314,MIA OUSLEY,CORINA LOPEZ,LEAH HALL,1,3
458200,Election Day - Insight,77315,MIA OUSLEY,CORINA LOPEZ,LEAH HALL,1,3
458200,Election Day - Insight,77316,CORINA LOPEZ,LEAH HALL,skipped,1,3
458200,Election Day - Insight,77318,CORINA LOPEZ,LEAH HALL,MIA OUSLEY,1,3
458200,Election Day - Insight,77319,CORINA LOPEZ,MIA OUSLEY,LEAH HALL,1,3
458200,Election Day - Insight,77320,CORINA LOPEZ,MIA OUSLEY,LEAH HALL,1,3
458200,Election Day - Insight,77321,LEAH HALL,MIA OUSLEY,CORINA LOPEZ,1,3
458200,Election Day - Insight,77322,CORINA LOPEZ,LEAH HALL,MIA OUSLEY,1,3
458200,Election Day - Insight,77323,LEAH HALL,CORINA LOPEZ,MIA OUSLEY,1,3
458200,Election Day - Insight,77324,LEAH HALL,skipped,skipped,1,3
458200,Election Day - Insight,77325,LEAH HALL,CORINA LOPEZ,MIA OUSLEY,1,3
458200,Election Day - Insight,77326,CORINA LOPEZ,skipped,skipped,1,3
458200,Election Day - Insight,77328,CORINA LOPEZ,MIA OUSLEY,LEAH HALL,1,3
458200,Election Day - Insight,77329,MIA OUSLEY,LEAH HALL,CORINA LOPEZ,1,3
458200,Election Day - Insight,77330,MIA OUSLEY,LEAH HALL,CORINA LOPEZ,1,3
458200,Election Day - Insight,77331,CORINA LOPEZ,LEAH HALL,MIA OUSLEY,1,3
458200,Election Day - Insight,77333,MIA OUSLEY,LEAH HALL,skipped,1,3
458200,Election Day - Insight,77334,CORINA LOPEZ,skipped,skipped,1,3
458200,Election Day - Insight,77336,CORINA LOPEZ,skipped,skipped,1,3
458200,Election Day - Insight,77337,CORINA LOPEZ,skipped,skipped,1,3
458200,Election Day - Insight,77338,MIA OUSLEY,CORINA LOPEZ,LEAH HALL,1,3
458200,Election Day - Insight,77339,LEAH HALL,skipped,skipped,1,3
458200,Election Day - Insight,77340,LEAH HALL,CORINA LOPEZ,MIA OUSLEY,1,3
458200,Election Day - Insight,77341,MIA OUSLEY,skipped,skipped,1,3
458200,Election Day - Insight,77342,MIA OUSLEY,LEAH HALL,skipped,1,3
458200,Election Day - Insight,77343,MIA OUSLEY,CORINA LOPEZ,LEAH HALL,1,3
458200,Election Day - Insight,77344,MIA OUSLEY,LEAH HALL,CORINA LOPEZ,1,3
458200,Election Day - Insight,77345,CORINA LOPEZ,MIA OUSLEY,skipped,1,3
458200,Election Day - Insight,77346,CORINA LOPEZ,LEAH HALL,MIA OUSLEY,1,3
458200,Election Day - Insight,77347,MIA OUSLEY,LEAH HALL,CORINA LOPEZ,1,3
458200,Election Day - Insight,77348,MIA OUSLEY,LEAH HALL,CORINA LOPEZ,1,3
458200,Election Day - Insight,77349,LEAH HALL,MIA OUSLEY,CORINA LOPEZ,1,3
458200,Election Day - Insight,77351,MIA OUSLEY,skipped,skipped,1,3
458200,Election Day - Insight,77352,LEAH HALL,skipped,skipped,1,3
458200,Election Day - Insight,77354,LEAH HALL,MIA OUSLEY,skipped,1,3
458200,Election Day - Insight,77357,CORINA LOPEZ,LEAH HALL,MIA OUSLEY,1,3
458200,Election Day - Insight,77358,CORINA LOPEZ,LEAH HALL,MIA OUSLEY,1,3
458200,Election Day - Insight,77359,CORINA LOPEZ,skipped,skipped,1,3
458200,Election Day - Insight,77360,MIA OUSLEY,CORINA LOPEZ,LEAH HALL,1,3
458200,Election Day - Insight,77361,MIA OUSLEY,CORINA LOPEZ,LEAH HALL,1,3
458200,Election Day - Insight,77362,CORINA LOPEZ,MIA OUSLEY,LEAH HALL,1,3
458200,Election Day - Insight,77363,LEAH HALL,CORINA LOPEZ,MIA OUSLEY,1,3
458200,Election Day - Insight,77364,LEAH HALL,MIA OUSLEY,CORINA LOPEZ,1,3
458200,Election Day - Insight,77365,CORINA LOPEZ,MIA OUSLEY,LEAH HALL,1,3
458200,Election Day - Insight,77366,CORINA LOPEZ,skipped,skipped,1,3
458200,Election Day - Insight,77367,CORINA LOPEZ,skipped,skipped,1,3
458200,Election Day - Insight,77368,MIA OUSLEY,CORINA LOPEZ,skipped,1,3
458200,Election Day - Insight,77369,MIA OUSLEY,skipped,skipped,1,3
458200,Election Day - Insight,77370,MIA OUSLEY,skipped,skipped,1,3
458200,Election Day - Insight,77371,CORINA LOPEZ,LEAH HALL,MIA OUSLEY,1,3
458200,Election Day - Insight,77372,CORINA LOPEZ,LEAH HALL,MIA OUSLEY,1,3
458200,Election Day - Insight,77373,MIA OUSLEY,skipped,skipped,1,3
458200,Election Day - Insight,77374,LEAH HALL,MIA OUSLEY,CORINA LOPEZ,1,3
458200,Election Day - Insight,77375,MIA OUSLEY,CORINA LOPEZ,LEAH HALL,1,3
458200,Election Day - Insight,77376,LEAH HALL,CORINA LOPEZ,skipped,1,3
458200,Election Day - Insight,77377,LEAH HALL,skipped,skipped,1,3
458200,Election Day - Insight,77378,LEAH HALL,MIA OUSLEY,CORINA LOPEZ,1,3
458200,Election Day - Insight,77379,CORINA LOPEZ,MIA OUSLEY,LEAH HALL,1,3
458200,Election Day - Insight,77380,CORINA LOPEZ,MIA OUSLEY,LEAH HALL,1,3
458200,Election Day - Insight,77381,CORINA LOPEZ,MIA OUSLEY,LEAH HALL,1,3
458200,Election Day - Insight,77382,CORINA LOPEZ,skipped,skipped,1,3
458200,Election Day - Insight,77383,MIA OUSLEY,LEAH HALL,CORINA LOPEZ,1,3
458200,Election Day - Insight,77384,CORINA LOPEZ,MIA OUSLEY,LEAH HALL,1,3
458200,Election Day - Insight,77385,CORINA LOPEZ,MIA OUSLEY,LEAH HALL,1,3
458200,Election Day - Insight,77387,CORINA LOPEZ,skipped,skipped,1,3
458200,Election Day - Insight,77388,MIA OUSLEY,LEAH HALL,skipped,1,3
458200,Election Day - Insight,77389,LEAH HALL,skipped,skipped,1,3
458200,Election Day - Insight,77390,LEAH HALL,MIA OUSLEY,CORINA LOPEZ,1,3
458200,Election Day - Insight,77392,CORINA LOPEZ,MIA OUSLEY,LEAH HALL,1,3
458200,Election Day - Insight,77393,CORINA LOPEZ,skipped,skipped,1,3
458200,Election Day - Insight,77394,MIA OUSLEY,LEAH HALL,skipped,1,3
458200,Election Day - Insight,77395,CORINA LOPEZ,LEAH HALL,MIA OUSLEY,1,3
458200,Election Day - Insight,77397,CORINA LOPEZ,skipped,skipped,1,3
454100,Election Day - Insight,78368,CORINA LOPEZ,skipped,skipped,1,3
454100,Election Day - Insight,78369,LEAH HALL,MIA OUSLEY,CORINA LOPEZ,1,3
454100,Election Day - Insight,78370,CORINA LOPEZ,skipped,skipped,1,3
454100,Election Day - Insight,78371,CORINA LOPEZ,MIA OUSLEY,LEAH HALL,1,3
454100,Election Day - Insight,78372,LEAH HALL,skipped,skipped,1,3
454100,Election Day - Insight,78373,CORINA LOPEZ,skipped,skipped,1,3
454100,Election Day - Insight,78374,CORINA LOPEZ,skipped,skipped,1,3
454100,Election Day - Insight,78375,CORINA LOPEZ,skipped,skipped,1,3
454100,Election Day - Insight,78376,CORINA LOPEZ,MIA OUSLEY,LEAH HALL,1,3
454100,Election Day - Insight,78377,MIA OUSLEY,LEAH HALL,CORINA LOPEZ,1,3
454100,Election Day - Insight,78378,CORINA LOPEZ,LEAH HALL,skipped,1,3
454100,Election Day - Insight,78379,CORINA LOPEZ,LEAH HALL,MIA OUSLEY,1,3
454100,Election Day - Insight,78380,CORINA LOPEZ,skipped,skipped,1,3
454100,Election Day - Insight,78381,MIA OUSLEY,CORINA LOPEZ,LEAH HALL,1,3
454100,Election Day - Insight,78382,LEAH HALL,CORINA LOPEZ,MIA OUSLEY,1,3
454100,Election Day - Insight,78383,MIA OUSLEY,skipped,skipped,1,3
454100,Election Day - Insight,78384,CORINA LOPEZ,MIA OUSLEY,skipped,1,3
454100,Election Day - Insight,78385,LEAH HALL,CORINA LOPEZ,MIA OUSLEY,1,3
454100,Election Day - Insight,78386,CORINA LOPEZ,LEAH HALL,MIA OUSLEY,1,3
454100,Election Day - Insight,78387,CORINA LOPEZ,MIA OUSLEY,LEAH HALL,1,3
454100,Election Day - Insight,78388,CORINA LOPEZ,skipped,skipped,1,3
454100,Election Day - Insight,78389,LEAH HALL,skipped,skipped,1,3
454100,Election Day - Insight,78390,LEAH HALL,MIA OUSLEY,CORINA LOPEZ,1,3
454100,Election Day - Insight,78391,CORINA LOPEZ,skipped,skipped,1,3
454100,Election Day - Insight,78392,CORINA LOPEZ,skipped,skipped,1,3
454100,Election Day - Insight,78393,CORINA LOPEZ,skipped,skipped,1,3
454100,Election Day - Insight,78394,CORINA LOPEZ,MIA OUSLEY,LEAH HALL,1,3
454100,Election Day - Insight,78399,CORINA LOPEZ,LEAH HALL,MIA OUSLEY,1,3
454100,Election Day - Insight,78400,CORINA LOPEZ,MIA OUSLEY,LEAH HALL,1,3
454100,Election Day - Insight,78402,CORINA LOPEZ,LEAH HALL,skipped,1,3
454100,Election Day - Insight,78403,CORINA LOPEZ,MIA OUSLEY,LEAH HALL,1,3
454100,Election Day - Insight,78404,CORINA LOPEZ,skipped,skipped,1,3
454100,Election Day - Insight,78406,MIA OUSLEY,CORINA LOPEZ,LEAH HALL,1,3
454100,Election Day - Insight,78407,MIA OUSLEY,CORINA LOPEZ,LEAH HALL,1,3
454100,Election Day - Insight,78408,CORINA LOPEZ,MIA OUSLEY,LEAH HALL,1,3
454100,Election Day - Insight,78410,LEAH HALL,skipped,skipped,1,3
454100,Election Day - Insight,78411,CORINA LOPEZ,MIA OUSLEY,LEAH HALL,1,3
454100,Election Day - Insight,78412,CORINA LOPEZ,MIA OUSLEY,LEAH HALL,1,3
454100,Election Day - Insight,78413,LEAH HALL,MIA OUSLEY,CORINA LOPEZ,1,3
454100,Election Day - Insight,78415,CORINA LOPEZ,skipped,skipped,1,3
454100,Election Day - Insight,78416,CORINA LOPEZ,skipped,skipped,1,3
454100,Election Day - Insight,78417,CORINA LOPEZ,skipped,skipped,1,3
454100,Election Day - Insight,78418,MIA OUSLEY,LEAH HALL,CORINA LOPEZ,1,3
454100,Election Day - Insight,78419,LEAH HALL,MIA OUSLEY,CORINA LOPEZ,1,3
454100,Election Day - Insight,78420,MIA OUSLEY,CORINA LOPEZ,LEAH HALL,1,3
454100,Election Day - Insight,78422,MIA OUSLEY,CORINA LOPEZ,LEAH HALL,1,3
454100,Election Day - Insight,78423,MIA OUSLEY,CORINA LOPEZ,LEAH HALL,1,3
454100,Election Day - Insight,78424,CORINA LOPEZ,skipped,skipped,1,3
454100,Election Day - Insight,78425,LEAH HALL,skipped,skipped,1,3
454100,Election Day - Insight,78426,LEAH HALL,MIA OUSLEY,CORINA LOPEZ,1,3
454100,Election Day - Insight,78428,CORINA LOPEZ,MIA OUSLEY,LEAH HALL,1,3
454100,Election Day - Insight,78429,CORINA LOPEZ,MIA OUSLEY,LEAH HALL,1,3
454100,Election Day - Insight,78430,CORINA LOPEZ,skipped,skipped,1,3
454100,Election Day - Insight,78431,LEAH HALL,skipped,skipped,1,3
454100,Election Day - Insight,78432,CORINA LOPEZ,LEAH HALL,MIA OUSLEY,1,3
454100,Election Day - Insight,78433,CORINA LOPEZ,skipped,skipped,1,3
454100,Election Day - Insight,78434,CORINA LOPEZ,skipped,skipped,1,3
454100,Election Day - Insight,78435,MIA OUSLEY,CORINA LOPEZ,LEAH HALL,1,3
454100,Election Day - Insight,78436,LEAH HALL,skipped,skipped,1,3
454100,Election Day - Insight,78437,LEAH HALL,MIA OUSLEY,CORINA LOPEZ,1,3
454100,Election Day - Insight,78438,LEAH HALL,CORINA LOPEZ,MIA OUSLEY,1,3
454100,Election Day - Insight,78439,CORINA LOPEZ,LEAH HALL,MIA OUSLEY,1,3
454100,Election Day - Insight,78440,LEAH HALL,skipped,skipped,1,3
458900,Election Day - Insight,78527,CORINA LOPEZ,LEAH HALL,MIA OUSLEY,1,3
458900,Election Day - Insight,78528,CORINA LOPEZ,LEAH HALL,skipped,1,3
458900,Election Day - Insight,78532,CORINA LOPEZ,LEAH HALL,MIA OUSLEY,1,3
458900,Election Day - Insight,78533,LEAH HALL,CORINA LOPEZ,MIA OUSLEY,1,3
458900,Election Day - Insight,78534,LEAH HALL,CORINA LOPEZ,MIA OUSLEY,1,3
458900,Election Day - Insight,78535,MIA OUSLEY,skipped,skipped,1,3
458900,Election Day - Insight,78537,LEAH HALL,skipped,skipped,1,3
458900,Election Day - Insight,78538,LEAH HALL,MIA OUSLEY,skipped,1,3
458900,Election Day - Insight,78539,CORINA LOPEZ,skipped,skipped,1,3
458900,Election Day - Insight,78540,LEAH HALL,skipped,skipped,1,3
458900,Election Day - Insight,78541,CORINA LOPEZ,LEAH HALL,MIA OUSLEY,1,3
458900,Election Day - Insight,78542,CORINA LOPEZ,LEAH HALL,MIA OUSLEY,1,3
458900,Election Day - Insight,78543,CORINA LOPEZ,LEAH HALL,MIA OUSLEY,1,3
458900,Election Day - Insight,78544,CORINA LOPEZ,MIA OUSLEY,LEAH HALL,1,3
458900,Election Day - Insight,78545,CORINA LOPEZ,LEAH HALL,MIA OUSLEY,1,3
458900,Election Day - Insight,78546,CORINA LOPEZ,LEAH HALL,MIA OUSLEY,1,3
458900,Election Day - Insight,78547,LEAH HALL,CORINA LOPEZ,MIA OUSLEY,1,3
458900,Election Day - Insight,78548,MIA OUSLEY,CORINA LOPEZ,skipped,1,3
458900,Election Day - Insight,78549,CORINA LOPEZ,MIA OUSLEY,LEAH HALL,1,3
458900,Election Day - Insight,78550,LEAH HALL,skipped,skipped,1,3
458900,Election Day - Insight,78551,MIA OUSLEY,skipped,skipped,1,3
458900,Election Day - Insight,78552,CORINA LOPEZ,skipped,skipped,1,3
458900,Election Day - Insight,78553,CORINA LOPEZ,MIA OUSLEY,LEAH HALL,1,3
458900,Election Day - Insight,78555,LEAH HALL,MIA OUSLEY,CORINA LOPEZ,1,3
458900,Election Day - Insight,78556,LEAH HALL,skipped,skipped,1,3
458900,Election Day - Insight,78557,MIA OUSLEY,CORINA LOPEZ,skipped,1,3
458900,Election Day - Insight,78558,LEAH HALL,CORINA LOPEZ,MIA OUSLEY,1,3
458900,Election Day - Insight,78559,CORINA LOPEZ,MIA OUSLEY,LEAH HALL,1,3
458900,Election Day - Insight,78560,MIA OUSLEY,CORINA LOPEZ,LEAH HALL,1,3
458900,Election Day - Insight,78561,CORINA LOPEZ,MIA OUSLEY,LEAH HALL,1,3
458900,Election Day - Insight,78562,CORINA LOPEZ,LEAH HALL,MIA OUSLEY,1,3
458900,Election Day - Insight,78563,CORINA LOPEZ,LEAH HALL,MIA OUSLEY,1,3
458900,Election Day - Insight,78564,MIA OUSLEY,CORINA LOPEZ,LEAH HALL,1,3
458900,Election Day - Insight,78565,LEAH HALL,MIA OUSLEY,CORINA LOPEZ,1,3
458900,Election Day - Insight,78566,MIA OUSLEY,skipped,skipped,1,3
458900,Election Day - Insight,78567,CORINA LOPEZ,MIA OUSLEY,LEAH HALL,1,3
458900,Election Day - Insight,78568,MIA OUSLEY,LEAH HALL,CORINA LOPEZ,1,3
458900,Election Day - Insight,78569,CORINA LOPEZ,skipped,skipped,1,3
458900,Election Day - Insight,78570,CORINA LOPEZ,LEAH HALL,MIA OUSLEY,1,3
458900,Election Day - Insight,78571,CORINA LOPEZ,MIA OUSLEY,LEAH HALL,1,3
458900,Election Day - Insight,78572,CORINA LOPEZ,skipped,skipped,1,3
458900,Election Day - Insight,78573,MIA OUSLEY,CORINA LOPEZ,LEAH HALL,1,3
458900,Election Day - Insight,78574,LEAH HALL,skipped,skipped,1,3
458900,Election Day - Insight,78576,CORINA LOPEZ,skipped,skipped,1,3
458900,Election Day - Insight,78577,CORINA LOPEZ,skipped,skipped,1,3
458900,Election Day - Insight,78578,CORINA LOPEZ,skipped,skipped,1,3
458900,Election Day - Insight,78579,CORINA LOPEZ,skipped,skipped,1,3
458900,Election Day - Insight,78583,MIA OUSLEY,LEAH HALL,CORINA LOPEZ,1,3
458500,Election Day - Insight,80036,LEAH HALL,MIA OUSLEY,CORINA LOPEZ,1,3
458500,Election Day - Insight,80038,MIA OUSLEY,LEAH HALL,CORINA LOPEZ,1,3
458500,Election Day - Insight,80039,CORINA LOPEZ,skipped,skipped,1,3
458500,Election Day - Insight,80040,LEAH HALL,skipped,skipped,1,3
458500,Election Day - Insight,80041,CORINA LOPEZ,MIA OUSLEY,LEAH HALL,1,3
458500,Election Day - Insight,80042,MIA OUSLEY,skipped,skipped,1,3
458500,Election Day - Insight,80043,LEAH HALL,CORINA LOPEZ,MIA OUSLEY,1,3
458500,Election Day - Insight,80044,CORINA LOPEZ,skipped,skipped,1,3
458500,Election Day - Insight,80045,LEAH HALL,MIA OUSLEY,CORINA LOPEZ,1,3
458500,Election Day - Insight,80053,CORINA LOPEZ,MIA OUSLEY,LEAH HALL,1,3
458500,Election Day - Insight,80054,MIA OUSLEY,skipped,skipped,1,3
458500,Election Day - Insight,80056,CORINA LOPEZ,MIA OUSLEY,LEAH HALL,1,3
458500,Election Day - Insight,80057,CORINA LOPEZ,skipped,skipped,1,3
458500,Election Day - Insight,80058,CORINA LOPEZ,skipped,skipped,1,3
458500,Election Day - Insight,80059,CORINA LOPEZ,skipped,skipped,1,3
458500,Election Day - Insight,80060,CORINA LOPEZ,LEAH HALL,MIA OUSLEY,1,3
458500,Election Day - Insight,80061,CORINA LOPEZ,skipped,skipped,1,3
458500,Election Day - Insight,80062,LEAH HALL,MIA OUSLEY,CORINA LOPEZ,1,3
458500,Election Day - Insight,80063,CORINA LOPEZ,LEAH HALL,MIA OUSLEY,1,3
458500,Election Day - Insight,80064,LEAH HALL,skipped,skipped,1,3
458500,Election Day - Insight,80065,CORINA LOPEZ,skipped,skipped,1,3
458500,Election Day - Insight,80066,CORINA LOPEZ,MIA OUSLEY,LEAH HALL,1,3
458500,Election Day - Insight,80067,CORINA LOPEZ,LEAH HALL,MIA OUSLEY,1,3
458500,Election Day - Insight,80068,LEAH HALL,CORINA LOPEZ,MIA OUSLEY,1,3
458500,Election Day - Insight,80069,LEAH HALL,CORINA LOPEZ,MIA OUSLEY,1,3
458500,Election Day - Insight,80070,CORINA LOPEZ,MIA OUSLEY,LEAH HALL,1,3
458500,Election Day - Insight,80071,LEAH HALL,CORINA LOPEZ,MIA OUSLEY,1,3
458500,Election Day - Insight,80072,LEAH HALL,CORINA LOPEZ,MIA OUSLEY,1,3
458500,Election Day - Insight,80073,CORINA LOPEZ,LEAH HALL,MIA OUSLEY,1,3
458500,Election Day - Insight,80074,CORINA LOPEZ,LEAH HALL,MIA OUSLEY,1,3
458500,Election Day - Insight,80075,MIA OUSLEY,CORINA LOPEZ,LEAH HALL,1,3
458500,Election Day - Insight,80076,LEAH HALL,MIA OUSLEY,CORINA LOPEZ,1,3
458500,Election Day - Insight,80077,CORINA LOPEZ,LEAH HALL,MIA OUSLEY,1,3
458500,Election Day - Insight,80078,LEAH HALL,MIA OUSLEY,CORINA LOPEZ,1,3
458500,Election Day - Insight,80079,LEAH HALL,skipped,skipped,1,3
458500,Election Day - Insight,80080,LEAH HALL,CORINA LOPEZ,MIA OUSLEY,1,3
458500,Election Day - Insight,80081,LEAH HALL,MIA OUSLEY,CORINA LOPEZ,1,3
458500,Election Day - Insight,80082,CORINA LOPEZ,MIA OUSLEY,LEAH HALL,1,3
458500,Election Day - Insight,80083,CORINA LOPEZ,MIA OUSLEY,LEAH HALL,1,3
458500,Election Day - Insight,80085,CORINA LOPEZ,LEAH HALL,MIA OUSLEY,1,3
458500,Election Day - Insight,80086,CORINA LOPEZ,skipped,skipped,1,3
458500,Election Day - Insight,80087,LEAH HALL,MIA OUSLEY,CORINA LOPEZ,1,3
458500,Election Day - Insight,80088,CORINA LOPEZ,LEAH HALL,MIA OUSLEY,1,3
458500,Election Day - Insight,80089,CORINA LOPEZ,skipped,skipped,1,3
458500,Election Day - Insight,80090,CORINA LOPEZ,LEAH HALL,MIA OUSLEY,1,3
458500,Election Day - Insight,80091,CORINA LOPEZ,MIA OUSLEY,LEAH HALL,1,3
458500,Election Day - Insight,80092,CORINA LOPEZ,skipped,skipped,1,3
458500,Election Day - Insight,80093,CORINA LOPEZ,MIA OUSLEY,LEAH HALL,1,3
458500,Election Day - Insight,80094,LEAH HALL,MIA OUSLEY,CORINA LOPEZ,1,3
458500,Election Day - Insight,80095,CORINA LOPEZ,MIA OUSLEY,LEAH HALL,1,3
458500,Election Day - Insight,80096,CORINA LOPEZ,MIA OUSLEY,LEAH HALL,1,3
458500,Election Day - Insight,80097,CORINA LOPEZ,skipped,skipped,1,3
458500,Election Day - Insight,80098,LEAH HALL,MIA OUSLEY,CORINA LOPEZ,1,3
458500,Election Day - Insight,80099,MIA OUSLEY,CORINA LOPEZ,LEAH HALL,1,3
458500,Election Day - Insight,80100,CORINA LOPEZ,LEAH HALL,MIA OUSLEY,1,3
458500,Election Day - Insight,80101,MIA OUSLEY,LEAH HALL,CORINA LOPEZ,1,3
458500,Election Day - Insight,80102,LEAH HALL,CORINA LOPEZ,skipped,1,3
458500,Election Day - Insight,80103,CORINA LOPEZ,skipped,skipped,1,3
458500,Election Day - Insight,80106,CORINA LOPEZ,LEAH HALL,MIA OUSLEY,1,3
458500,Election Day - Insight,80107,MIA OUSLEY,LEAH HALL,CORINA LOPEZ,1,3
458500,Election Day - Insight,80108,CORINA LOPEZ,skipped,skipped,1,3
458500,Election Day - Insight,80109,LEAH HALL,skipped,skipped,1,3
458500,Election Day - Insight,80110,LEAH HALL,MIA OUSLEY,CORINA LOPEZ,1,3
458500,Election Day - Insight,80111,LEAH HALL,MIA OUSLEY,CORINA LOPEZ,1,3
458500,Election Day - Insight,80112,MIA OUSLEY,LEAH HALL,CORINA LOPEZ,1,3
458500,Election Day - Insight,80113,CORINA LOPEZ,MIA OUSLEY,LEAH HALL,1,3
458500,Election Day - Insight,80114,LEAH HALL,MIA OUSLEY,CORINA LOPEZ,1,3
458500,Election Day - Insight,80115,MIA OUSLEY,LEAH HALL,CORINA LOPEZ,1,3
458500,Election Day - Insight,80116,MIA OUSLEY,CORINA LOPEZ,LEAH HALL,1,3
458500,Election Day - Insight,80117,CORINA LOPEZ,MIA OUSLEY,LEAH HALL,1,3
458500,Election Day - Insight,80118,LEAH HALL,CORINA LOPEZ,MIA OUSLEY,1,3
458500,Election Day - Insight,80119,MIA OUSLEY,skipped,skipped,1,3
458500,Election Day - Insight,80120,CORINA LOPEZ,MIA OUSLEY,LEAH HALL,1,3
453300,Election Day - Insight,83836,MIA OUSLEY,LEAH HALL,CORINA LOPEZ,1,3
453300,Election Day - Insight,83837,CORINA LOPEZ,skipped,skipped,1,3
453300,Election Day - Insight,83838,MIA OUSLEY,skipped,skipped,1,3
453300,Election Day - Insight,83839,CORINA LOPEZ,skipped,skipped,1,3
453300,Election Day - Insight,83840,CORINA LOPEZ,skipped,skipped,1,3
453300,Election Day - Insight,83841,MIA OUSLEY,LEAH HALL,CORINA LOPEZ,1,3
453300,Election Day - Insight,83842,CORINA LOPEZ,MIA OUSLEY,LEAH HALL,1,3
453300,Election Day - Insight,83843,CORINA LOPEZ,skipped,skipped,1,3
453300,Election Day - Insight,83844,CORINA LOPEZ,skipped,skipped,1,3
453300,Election Day - Insight,83846,CORINA LOPEZ,skipped,skipped,1,3
453300,Election Day - Insight,83847,CORINA LOPEZ,skipped,skipped,1,3
453300,Election Day - Insight,83848,CORINA LOPEZ,skipped,skipped,1,3
453300,Election Day - Insight,83849,CORINA LOPEZ,LEAH HALL,skipped,1,3
453300,Election Day - Insight,83850,LEAH HALL,MIA OUSLEY,skipped,1,3
453300,Election Day - Insight,83851,CORINA LOPEZ,MIA OUSLEY,LEAH HALL,1,3
453300,Election Day - Insight,83852,LEAH HALL,skipped,skipped,1,3
453300,Election Day - Insight,83853,CORINA LOPEZ,skipped,skipped,1,3
453300,Election Day - Insight,83854,LEAH HALL,MIA OUSLEY,CORINA LOPEZ,1,3
453300,Election Day - Insight,83856,LEAH HALL,MIA OUSLEY,skipped,1,3
453300,Election Day - Insight,83857,LEAH HALL,skipped,skipped,1,3
453300,Election Day - Insight,83858,LEAH HALL,skipped,skipped,1,3
453300,Election Day - Insight,83859,MIA OUSLEY,skipped,skipped,1,3
453300,Election Day - Insight,83860,MIA OUSLEY,CORINA LOPEZ,LEAH HALL,1,3
453300,Election Day - Insight,83862,CORINA LOPEZ,skipped,skipped,1,3
453300,Election Day - Insight,83863,CORINA LOPEZ,skipped,skipped,1,3
453300,Election Day - Insight,83864,CORINA LOPEZ,MIA OUSLEY,LEAH HALL,1,3
453300,Election Day - Insight,83865,MIA OUSLEY,skipped,skipped,1,3
453300,Election Day - Insight,83866,CORINA LOPEZ,LEAH HALL,MIA OUSLEY,1,3
453300,Election Day - Insight,83867,LEAH HALL,CORINA LOPEZ,MIA OUSLEY,1,3
453300,Election Day - Insight,83869,LEAH HALL,CORINA LOPEZ,MIA OUSLEY,1,3
453300,Election Day - Insight,83870,CORINA LOPEZ,MIA OUSLEY,LEAH HALL,1,3
453300,Election Day - Insight,83871,LEAH HALL,MIA OUSLEY,CORINA LOPEZ,1,3
453300,Election Day - Insight,83874,CORINA LOPEZ,LEAH HALL,MIA OUSLEY,1,3
453300,Election Day - Insight,83875,CORINA LOPEZ,MIA OUSLEY,LEAH HALL,1,3
453300,Election Day - Insight,83876,CORINA LOPEZ,LEAH HALL,skipped,1,3
453300,Election Day - Insight,83877,LEAH HALL,MIA OUSLEY,CORINA LOPEZ,1,3
453300,Election Day - Insight,83878,LEAH HALL,CORINA LOPEZ,skipped,1,3
453300,Election Day - Insight,83879,CORINA LOPEZ,MIA OUSLEY,LEAH HALL,1,3
453300,Election Day - Insight,83881,CORINA LOPEZ,LEAH HALL,MIA OUSLEY,1,3
453300,Election Day - Insight,83882,MIA OUSLEY,CORINA LOPEZ,LEAH HALL,1,3
453300,Election Day - Insight,83883,CORINA LOPEZ,skipped,skipped,1,3
453300,Election Day - Insight,83884,CORINA LOPEZ,LEAH HALL,MIA OUSLEY,1,3
453300,Election Day - Insight,83885,MIA OUSLEY,CORINA LOPEZ,LEAH HALL,1,3
453300,Election Day - Insight,83886,CORINA LOPEZ,MIA OUSLEY,LEAH HALL,1,3
453300,Election Day - Insight,83887,MIA OUSLEY,LEAH HALL,skipped,1,3
453300,Election Day - Insight,83888,CORINA LOPEZ,MIA OUSLEY,LEAH HALL,1,3
453300,Election Day - Insight,83889,CORINA LOPEZ,LEAH HALL,MIA OUSLEY,1,3
453300,Election Day - Insight,83892,LEAH HALL,CORINA LOPEZ,MIA OUSLEY,1,3
457100,Election Day - Insight,83893,LEAH HALL,MIA OUSLEY,skipped,1,3
457100,Election Day - Insight,83894,CORINA LOPEZ,MIA OUSLEY,LEAH HALL,1,3
457100,Election Day - Insight,83896,MIA OUSLEY,skipped,skipped,1,3
457100,Election Day - Insight,83897,MIA OUSLEY,CORINA LOPEZ,LEAH HALL,1,3
457100,Election Day - Insight,83898,MIA OUSLEY,skipped,skipped,1,3
457100,Election Day - Insight,83899,LEAH HALL,MIA OUSLEY,CORINA LOPEZ,1,3
457100,Election Day - Insight,83900,CORINA LOPEZ,MIA OUSLEY,LEAH HALL,1,3
457100,Election Day - Insight,83901,MIA OUSLEY,skipped,skipped,1,3
457100,Election Day - Insight,83902,CORINA LOPEZ,LEAH HALL,MIA OUSLEY,1,3
457100,Election Day - Insight,83903,MIA OUSLEY,CORINA LOPEZ,LEAH HALL,1,3
457100,Election Day - Insight,83904,MIA OUSLEY,LEAH HALL,CORINA LOPEZ,1,3
457100,Election Day - Insight,83905,LEAH HALL,MIA OUSLEY,skipped,1,3
457100,Election Day - Insight,83906,LEAH HALL,MIA OUSLEY,CORINA LOPEZ,1,3
457100,Election Day - Insight,83907,CORINA LOPEZ,MIA OUSLEY,LEAH HALL,1,3
457100,Election Day - Insight,83908,CORINA LOPEZ,skipped,skipped,1,3
457100,Election Day - Insight,83909,CORINA LOPEZ,skipped,skipped,1,3
457100,Election Day - Insight,83910,LEAH HALL,skipped,skipped,1,3
457100,Election Day - Insight,83911,LEAH HALL,MIA OUSLEY,skipped,1,3
457100,Election Day - Insight,83912,MIA OUSLEY,skipped,skipped,1,3
457100,Election Day - Insight,83913,CORINA LOPEZ,MIA OUSLEY,LEAH HALL,1,3
457100,Election Day - Insight,83914,CORINA LOPEZ,skipped,skipped,1,3
457100,Election Day - Insight,83915,CORINA LOPEZ,skipped,skipped,1,3
457100,Election Day - Insight,83916,LEAH HALL,CORINA LOPEZ,MIA OUSLEY,1,3
457100,Election Day - Insight,83917,LEAH HALL,skipped,skipped,1,3
457100,Election Day - Insight,83918,CORINA LOPEZ,MIA OUSLEY,LEAH HALL,1,3
457100,Election Day - Insight,83919,CORINA LOPEZ,LEAH HALL,MIA OUSLEY,1,3
457100,Election Day - Insight,83920,CORINA LOPEZ,skipped,skipped,1,3
457100,Election Day - Insight,83921,LEAH HALL,CORINA LOPEZ,MIA OUSLEY,1,3
457100,Election Day - Insight,83922,LEAH HALL,MIA OUSLEY,CORINA LOPEZ,1,3
457100,Election Day - Insight,83923,CORINA LOPEZ,LEAH HALL,MIA OUSLEY,1,3
457100,Election Day - Insight,83924,LEAH HALL,skipped,skipped,1,3
457100,Election Day - Insight,83925,LEAH HALL,MIA OUSLEY,CORINA LOPEZ,1,3
457100,Election Day - Insight,83926,CORINA LOPEZ,skipped,skipped,1,3
457100,Election Day - Insight,83927,MIA OUSLEY,CORINA LOPEZ,LEAH HALL,1,3
457100,Election Day - Insight,83928,MIA OUSLEY,LEAH HALL,CORINA LOPEZ,1,3
457100,Election Day - Insight,83929,MIA OUSLEY,skipped,skipped,1,3
457100,Election Day - Insight,83930,MIA OUSLEY,CORINA LOPEZ,LEAH HALL,1,3
457100,Election Day - Insight,83931,MIA OUSLEY,LEAH HALL,CORINA LOPEZ,1,3
457100,Election Day - Insight,83932,LEAH HALL,skipped,skipped,1,3
457100,Election Day - Insight,83933,MIA OUSLEY,skipped,skipped,1,3
457100,Election Day - Insight,83934,MIA OUSLEY,LEAH HALL,CORINA LOPEZ,1,3
457100,Election Day - Insight,83935,LEAH HALL,skipped,skipped,1,3
457100,Election Day - Insight,83936,MIA OUSLEY,CORINA LOPEZ,LEAH HALL,1,3
457100,Election Day - Insight,83937,LEAH HALL,CORINA LOPEZ,MIA OUSLEY,1,3
457100,Election Day - Insight,83938,LEAH HALL,MIA OUSLEY,skipped,1,3
457100,Election Day - Insight,83940,MIA OUSLEY,LEAH HALL,CORINA LOPEZ,1,3
457100,Election Day - Insight,83941,CORINA LOPEZ,skipped,skipped,1,3
457100,Election Day - Insight,83942,CORINA LOPEZ,LEAH HALL,MIA OUSLEY,1,3
457100,Election Day - Insight,83943,CORINA LOPEZ,MIA OUSLEY,LEAH HALL,1,3
457100,Election Day - Insight,83944,LEAH HALL,skipped,skipped,1,3
457100,Election Day - Insight,83945,LEAH HALL,MIA OUSLEY,skipped,1,3
457100,Election Day - Insight,83946,LEAH HALL,MIA OUSLEY,CORINA LOPEZ,1,3
457100,Election Day - Insight,83947,LEAH HALL,skipped,skipped,1,3
457100,Election Day - Insight,83948,CORINA LOPEZ,LEAH HALL,MIA OUSLEY,1,3
457100,Election Day - Insight,83949,LEAH HALL,skipped,skipped,1,3
457100,Election Day - Insight,83950,CORINA LOPEZ,MIA OUSLEY,LEAH HALL,1,3
457100,Election Day - Insight,83951,LEAH HALL,CORINA LOPEZ,skipped,1,3
457100,Election Day - Insight,83952,LEAH HALL,CORINA LOPEZ,MIA OUSLEY,1,3
457100,Election Day - Insight,83953,CORINA LOPEZ,MIA OUSLEY,LEAH HALL,1,3
457100,Election Day - Insight,83954,MIA OUSLEY,LEAH HALL,CORINA LOPEZ,1,3
457100,Election Day - Insight,83955,LEAH HALL,MIA OUSLEY,CORINA LOPEZ,1,3
457100,Election Day - Insight,83956,CORINA LOPEZ,LEAH HALL,MIA OUSLEY,1,3
457100,Election Day - Insight,83957,MIA OUSLEY,CORINA LOPEZ,LEAH HALL,1,3
457100,Election Day - Insight,83958,LEAH HALL,CORINA LOPEZ,MIA OUSLEY,1,3
457100,Election Day - Insight,83959,CORINA LOPEZ,LEAH HALL,MIA OUSLEY,1,3
457100,Election Day - Insight,83960,CORINA LOPEZ,skipped,skipped,1,3
457100,Election Day - Insight,83961,CORINA LOPEZ,MIA OUSLEY,skipped,1,3
457100,Election Day - Insight,83962,CORINA LOPEZ,LEAH HALL,MIA OUSLEY,1,3
457100,Election Day - Insight,83963,MIA OUSLEY,LEAH HALL,CORINA LOPEZ,1,3
457100,Election Day - Insight,83965,MIA OUSLEY,skipped,skipped,1,3
457100,Election Day - Insight,83966,MIA OUSLEY,skipped,skipped,1,3
457100,Election Day - Insight,83967,CORINA LOPEZ,MIA OUSLEY,skipped,1,3
457100,Election Day - Insight,83968,MIA OUSLEY,skipped,skipped,1,3
457100,Election Day - Insight,83969,CORINA LOPEZ,MIA OUSLEY,LEAH HALL,1,3
457100,Election Day - Insight,83970,MIA OUSLEY,CORINA LOPEZ,LEAH HALL,1,3
457100,Election Day - Insight,83971,CORINA LOPEZ,MIA OUSLEY,LEAH HALL,1,3
457100,Election Day - Insight,83972,LEAH HALL,CORINA LOPEZ,MIA OUSLEY,1,3
457100,Election Day - Insight,83973,CORINA LOPEZ,skipped,skipped,1,3
457100,Election Day - Insight,83974,CORINA LOPEZ,skipped,skipped,1,3
457900,Election Day - Insight,84062,CORINA LOPEZ,MIA OUSLEY,LEAH HALL,1,3
457900,Election Day - Insight,84064,LEAH HALL,CORINA LOPEZ,MIA OUSLEY,1,3
457900,Election Day - Insight,84065,LEAH HALL,skipped,skipped,1,3
457900,Election Day - Insight,84066,MIA OUSLEY,LEAH HALL,skipped,1,3
457900,Election Day - Insight,84067,CORINA LOPEZ,MIA OUSLEY,LEAH HALL,1,3
457900,Election Day - Insight,84068,LEAH HALL,skipped,skipped,1,3
457900,Election Day - Insight,84069,CORINA LOPEZ,LEAH HALL,MIA OUSLEY,1,3
457900,Election Day - Insight,84070,CORINA LOPEZ,LEAH HALL,MIA OUSLEY,1,3
457900,Election Day - Insight,84071,MIA OUSLEY,LEAH HALL,CORINA LOPEZ,1,3
457900,Election Day - Insight,84072,LEAH HALL,CORINA LOPEZ,MIA OUSLEY,1,3
457900,Election Day - Insight,84073,LEAH HALL,MIA OUSLEY,CORINA LOPEZ,1,3
457900,Election Day - Insight,84074,LEAH HALL,skipped,skipped,1,3
457900,Election Day - Insight,84075,MIA OUSLEY,skipped,skipped,1,3
457900,Election Day - Insight,84076,MIA OUSLEY,CORINA LOPEZ,LEAH HALL,1,3
457900,Election Day - Insight,84077,MIA OUSLEY,LEAH HALL,CORINA LOPEZ,1,3
457900,Election Day - Insight,84078,CORINA LOPEZ,LEAH HALL,MIA OUSLEY,1,3
457900,Election Day - Insight,84079,LEAH HALL,skipped,skipped,1,3
457900,Election Day - Insight,84080,CORINA LOPEZ,LEAH HALL,MIA OUSLEY,1,3
457900,Election Day - Insight,84081,CORINA LOPEZ,LEAH HALL,MIA OUSLEY,1,3
457900,Election Day - Insight,84082,CORINA LOPEZ,skipped,skipped,1,3
457900,Election Day - Insight,84083,CORINA LOPEZ,skipped,skipped,1,3
457900,Election Day - Insight,84084,LEAH HALL,CORINA LOPEZ,MIA OUSLEY,1,3
457900,Election Day - Insight,84086,MIA OUSLEY,skipped,skipped,1,3
457900,Election Day - Insight,84087,LEAH HALL,MIA OUSLEY,CORINA LOPEZ,1,3
457900,Election Day - Insight,84088,MIA OUSLEY,CORINA LOPEZ,LEAH HALL,1,3
457900,Election Day - Insight,84089,CORINA LOPEZ,skipped,skipped,1,3
457900,Election Day - Insight,84090,LEAH HALL,MIA OUSLEY,skipped,1,3
457900,Election Day - Insight,84091,CORINA LOPEZ,skipped,skipped,1,3
457900,Election Day - Insight,84092,CORINA LOPEZ,skipped,skipped,1,3
457900,Election Day - Insight,84093,MIA OUSLEY,CORINA LOPEZ,LEAH HALL,1,3
457900,Election Day - Insight,84094,CORINA LOPEZ,skipped,skipped,1,3
457900,Election Day - Insight,84096,MIA OUSLEY,skipped,skipped,1,3
457900,Election Day - Insight,84097,LEAH HALL,CORINA LOPEZ,MIA OUSLEY,1,3
457900,Election Day - Insight,84098,CORINA LOPEZ,skipped,skipped,1,3
457900,Election Day - Insight,84099,CORINA LOPEZ,MIA OUSLEY,LEAH HALL,1,3
457900,Election Day - Insight,84100,LEAH HALL,CORINA LOPEZ,MIA OUSLEY,1,3
457900,Election Day - Insight,84109,LEAH HALL,skipped,skipped,1,3
457900,Election Day - Insight,84110,CORINA LOPEZ,LEAH HALL,MIA OUSLEY,1,3
457900,Election Day - Insight,84111,CORINA LOPEZ,skipped,skipped,1,3
457900,Election Day - Insight,84112,LEAH HALL,MIA OUSLEY,CORINA LOPEZ,1,3
457900,Election Day - Insight,84113,MIA OUSLEY,skipped,skipped,1,3
457900,Election Day - Insight,84114,CORINA LOPEZ,skipped,skipped,1,3
457900,Election Day - Insight,84115,LEAH HALL,MIA OUSLEY,CORINA LOPEZ,1,3
457900,Election Day - Insight,84116,LEAH HALL,skipped,skipped,1,3
457900,Election Day - Insight,84117,CORINA LOPEZ,LEAH HALL,MIA OUSLEY,1,3
457900,Election Day - Insight,84118,LEAH HALL,CORINA LOPEZ,skipped,1,3
457900,Election Day - Insight,84119,CORINA LOPEZ,MIA OUSLEY,skipped,1,3
457900,Election Day - Insight,84120,CORINA LOPEZ,skipped,skipped,1,3
457900,Election Day - Insight,84122,MIA OUSLEY,CORINA LOPEZ,LEAH HALL,1,3
457900,Election Day - Insight,84123,CORINA LOPEZ,MIA OUSLEY,LEAH HALL,1,3
457900,Election Day - Insight,84124,LEAH HALL,skipped,skipped,1,3
457900,Election Day - Insight,84125,MIA OUSLEY,CORINA LOPEZ,LEAH HALL,1,3
457900,Election Day - Insight,84126,CORINA LOPEZ,MIA OUSLEY,LEAH HALL,1,3
457900,Election Day - Insight,84128,LEAH HALL,CORINA LOPEZ,MIA OUSLEY,1,3
457900,Election Day - Insight,84129,CORINA LOPEZ,MIA OUSLEY,skipped,1,3
457900,Election Day - Insight,84130,CORINA LOPEZ,MIA OUSLEY,LEAH HALL,1,3
457900,Election Day - Insight,84131,MIA OUSLEY,skipped,skipped,1,3
457900,Election Day - Insight,84132,CORINA LOPEZ,skipped,skipped,1,3
457900,Election Day - Insight,84133,MIA OUSLEY,skipped,skipped,1,3
457900,Election Day - Insight,84134,LEAH HALL,skipped,skipped,1,3
457900,Election Day - Insight,84135,MIA OUSLEY,CORINA LOPEZ,skipped,1,3
457900,Election Day - Insight,84136,LEAH HALL,MIA OUSLEY,CORINA LOPEZ,1,3
457900,Election Day - Insight,84137,MIA OUSLEY,CORINA LOPEZ,skipped,1,3
457900,Election Day - Insight,84138,MIA OUSLEY,skipped,skipped,1,3
457900,Election Day - Insight,84139,CORINA LOPEZ,MIA OUSLEY,LEAH HALL,1,3
457900,Election Day - Insight,84140,MIA OUSLEY,skipped,skipped,1,3
457900,Election Day - Insight,84142,LEAH HALL,CORINA LOPEZ,MIA OUSLEY,1,3
457900,Election Day - Insight,84145,CORINA LOPEZ,skipped,skipped,1,3
457900,Election Day - Insight,84146,LEAH HALL,CORINA LOPEZ,MIA OUSLEY,1,3
457900,Election Day - Insight,84147,CORINA LOPEZ,skipped,skipped,1,3
457900,Election Day - Insight,84148,LEAH HALL,CORINA LOPEZ,MIA OUSLEY,1,3
457900,Election Day - Insight,84149,CORINA LOPEZ,skipped,skipped,1,3
457700,Election Day - Insight,84152,MIA OUSLEY,CORINA LOPEZ,skipped,1,3
457700,Election Day - Insight,84153,LEAH HALL,MIA OUSLEY,skipped,1,3
457700,Election Day - Insight,84154,LEAH HALL,MIA OUSLEY,CORINA LOPEZ,1,3
457700,Election Day - Insight,84156,LEAH HALL,skipped,skipped,1,3
457700,Election Day - Insight,84157,CORINA LOPEZ,LEAH HALL,skipped,1,3
457700,Election Day - Insight,84158,MIA OUSLEY,LEAH HALL,CORINA LOPEZ,1,3
457700,Election Day - Insight,84159,CORINA LOPEZ,skipped,skipped,1,3
457700,Election Day - Insight,84160,LEAH HALL,CORINA LOPEZ,MIA OUSLEY,1,3
457700,Election Day - Insight,84161,MIA OUSLEY,LEAH HALL,CORINA LOPEZ,1,3
457700,Election Day - Insight,84162,LEAH HALL,CORINA LOPEZ,MIA OUSLEY,1,3
457700,Election Day - Insight,84163,LEAH HALL,CORINA LOPEZ,MIA OUSLEY,1,3
457700,Election Day - Insight,84164,MIA OUSLEY,LEAH HALL,CORINA LOPEZ,1,3
457700,Election Day - Insight,84167,LEAH HALL,CORINA LOPEZ,skipped,1,3
457700,Election Day - Insight,84168,MIA OUSLEY,LEAH HALL,CORINA LOPEZ,1,3
457700,Election Day - Insight,84169,MIA OUSLEY,skipped,skipped,1,3
457700,Election Day - Insight,84170,MIA OUSLEY,skipped,skipped,1,3
457700,Election Day - Insight,84171,CORINA LOPEZ,MIA OUSLEY,skipped,1,3
457700,Election Day - Insight,84172,CORINA LOPEZ,MIA OUSLEY,LEAH HALL,1,3
457700,Election Day - Insight,84173,CORINA LOPEZ,skipped,skipped,1,3
457700,Election Day - Insight,84174,LEAH HALL,MIA OUSLEY,CORINA LOPEZ,1,3
457700,Election Day - Insight,84175,LEAH HALL,skipped,skipped,1,3
457700,Election Day - Insight,84176,CORINA LOPEZ,LEAH HALL,MIA OUSLEY,1,3
457700,Election Day - Insight,84177,LEAH HALL,CORINA LOPEZ,MIA OUSLEY,1,3
457700,Election Day - Insight,84178,LEAH HALL,CORINA LOPEZ,MIA OUSLEY,1,3
457700,Election Day - Insight,84179,CORINA LOPEZ,skipped,skipped,1,3
457700,Election Day - Insight,84180,CORINA LOPEZ,skipped,skipped,1,3
457700,Election Day - Insight,84181,CORINA LOPEZ,skipped,skipped,1,3
457700,Election Day - Insight,84182,CORINA LOPEZ,LEAH HALL,skipped,1,3
457700,Election Day - Insight,84183,LEAH HALL,MIA OUSLEY,CORINA LOPEZ,1,3
457700,Election Day - Insight,84184,MIA OUSLEY,CORINA LOPEZ,LEAH HALL,1,3
457700,Election Day - Insight,84185,LEAH HALL,MIA OUSLEY,CORINA LOPEZ,1,3
457700,Election Day - Insight,84186,MIA OUSLEY,LEAH HALL,CORINA LOPEZ,1,3
457700,Election Day - Insight,84187,CORINA LOPEZ,skipped,skipped,1,3
457700,Election Day - Insight,84188,LEAH HALL,CORINA LOPEZ,MIA OUSLEY,1,3
457700,Election Day - Insight,84189,CORINA LOPEZ,LEAH HALL,MIA OUSLEY,1,3
457700,Election Day - Insight,84190,LEAH HALL,skipped,skipped,1,3
457700,Election Day - Insight,84191,LEAH HALL,skipped,skipped,1,3
457700,Election Day - Insight,84192,LEAH HALL,CORINA LOPEZ,MIA OUSLEY,1,3
457700,Election Day - Insight,84193,LEAH HALL,MIA OUSLEY,CORINA LOPEZ,1,3
457700,Election Day - Insight,84194,LEAH HALL,MIA OUSLEY,CORINA LOPEZ,1,3
457700,Election Day - Insight,84195,LEAH HALL,CORINA LOPEZ,MIA OUSLEY,1,3
457700,Election Day - Insight,84196,MIA OUSLEY,CORINA LOPEZ,LEAH HALL,1,3
457700,Election Day - Insight,84197,MIA OUSLEY,skipped,skipped,1,3
457700,Election Day - Insight,84198,MIA OUSLEY,LEAH HALL,CORINA LOPEZ,1,3
457700,Election Day - Insight,84199,MIA OUSLEY,CORINA LOPEZ,skipped,1,3
457700,Election Day - Insight,84200,LEAH HALL,MIA OUSLEY,skipped,1,3
457700,Election Day - Insight,84201,CORINA LOPEZ,LEAH HALL,MIA OUSLEY,1,3
457700,Election Day - Insight,84202,CORINA LOPEZ,LEAH HALL,MIA OUSLEY,1,3
457700,Election Day - Insight,84203,MIA OUSLEY,LEAH HALL,skipped,1,3
457700,Election Day - Insight,84204,CORINA LOPEZ,skipped,skipped,1,3
457700,Election Day - Insight,84205,MIA OUSLEY,skipped,skipped,1,3
457700,Election Day - Insight,84206,CORINA LOPEZ,skipped,skipped,1,3
457700,Election Day - Insight,84207,LEAH HALL,CORINA LOPEZ,MIA OUSLEY,1,3
457700,Election Day - Insight,84208,CORINA LOPEZ,skipped,skipped,1,3
457700,Election Day - Insight,84209,MIA OUSLEY,CORINA LOPEZ,LEAH HALL,1,3
457700,Election Day - Insight,84210,LEAH HALL,CORINA LOPEZ,MIA OUSLEY,1,3
457700,Election Day - Insight,84211,CORINA LOPEZ,LEAH HALL,MIA OUSLEY,1,3
457700,Election Day - Insight,84212,CORINA LOPEZ,skipped,skipped,1,3
457700,Election Day - Insight,84213,LEAH HALL,MIA OUSLEY,skipped,1,3
457700,Election Day - Insight,84214,LEAH HALL,skipped,skipped,1,3
457700,Election Day - Insight,84217,LEAH HALL,MIA OUSLEY,CORINA LOPEZ,1,3
457700,Election Day - Insight,84218,LEAH HALL,MIA OUSLEY,CORINA LOPEZ,1,3
457700,Election Day - Insight,84219,MIA OUSLEY,LEAH HALL,CORINA LOPEZ,1,3
457700,Election Day - Insight,84220,CORINA LOPEZ,LEAH HALL,MIA OUSLEY,1,3
457700,Election Day - Insight,84221,CORINA LOPEZ,LEAH HALL,MIA OUSLEY,1,3
457700,Election Day - Insight,84222,CORINA LOPEZ,skipped,skipped,1,3
457700,Election Day - Insight,84223,CORINA LOPEZ,skipped,skipped,1,3
457700,Election Day - Insight,84224,CORINA LOPEZ,MIA OUSLEY,LEAH HALL,1,3
457700,Election Day - Insight,84225,LEAH HALL,skipped,skipped,1,3
457700,Election Day - Insight,84226,MIA OUSLEY,CORINA LOPEZ,LEAH HALL,1,3
457700,Election Day - Insight,84227,CORINA LOPEZ,LEAH HALL,MIA OUSLEY,1,3
457700,Election Day - Insight,84229,CORINA LOPEZ,skipped,skipped,1,3
457700,Election Day - Insight,84230,CORINA LOPEZ,LEAH HALL,MIA OUSLEY,1,3
457700,Election Day - Insight,84231,LEAH HALL,MIA OUSLEY,CORINA LOPEZ,1,3
457700,Election Day - Insight,84233,MIA OUSLEY,skipped,skipped,1,3
457700,Election Day - Insight,84234,MIA OUSLEY,CORINA LOPEZ,LEAH HALL,1,3
457700,Election Day - Insight,84237,LEAH HALL,skipped,skipped,1,3
457700,Election Day - Insight,84238,CORINA LOPEZ,LEAH HALL,MIA OUSLEY,1,3
457700,Election Day - Insight,84239,CORINA LOPEZ,MIA OUSLEY,LEAH HALL,1,3
457700,Election Day - Insight,84240,CORINA LOPEZ,MIA OUSLEY,LEAH HALL,1,3
457700,Election Day - Insight,84241,MIA OUSLEY,LEAH HALL,skipped,1,3
457700,Election Day - Insight,84242,MIA OUSLEY,LEAH HALL,CORINA LOPEZ,1,3
457700,Election Day - Insight,84243,CORINA LOPEZ,LEAH HALL,MIA OUSLEY,1,3
457700,Election Day - Insight,84244,CORINA LOPEZ,LEAH HALL,MIA OUSLEY,1,3
457700,Election Day - Insight,84245,CORINA LOPEZ,skipped,skipped,1,3
457700,Election Day - Insight,84246,MIA OUSLEY,CORINA LOPEZ,LEAH HALL,1,3
457700,Election Day - Insight,84248,MIA OUSLEY,skipped,skipped,1,3
457700,Election Day - Insight,84250,CORINA LOPEZ,skipped,skipped,1,3
457700,Election Day - Insight,84251,MIA OUSLEY,CORINA LOPEZ,skipped,1,3
457700,Election Day - Insight,84252,LEAH HALL,MIA OUSLEY,skipped,1,3
457700,Election Day - Insight,84253,MIA OUSLEY,CORINA LOPEZ,LEAH HALL,1,3
457700,Election Day - Insight,84254,LEAH HALL,MIA OUSLEY,skipped,1,3
457700,Election Day - Insight,84256,LEAH HALL,skipped,skipped,1,3
457700,Election Day - Insight,84260,LEAH HALL,CORINA LOPEZ,MIA OUSLEY,1,3
457700,Election Day - Insight,84261,MIA OUSLEY,LEAH HALL,CORINA LOPEZ,1,3
457700,Election Day - Insight,84262,LEAH HALL,MIA OUSLEY,skipped,1,3
457700,Election Day - Insight,84263,LEAH HALL,MIA OUSLEY,skipped,1,3
457700,Election Day - Insight,84264,CORINA LOPEZ,skipped,skipped,1,3
457700,Election Day - Insight,84265,LEAH HALL,MIA OUSLEY,CORINA LOPEZ,1,3
457700,Election Day - Insight,84266,CORINA LOPEZ,MIA OUSLEY,LEAH HALL,1,3
457700,Election Day - Insight,84267,MIA OUSLEY,CORINA LOPEZ,LEAH HALL,1,3
457700,Election Day - Insight,84269,MIA OUSLEY,LEAH HALL,skipped,1,3
457700,Election Day - Insight,84270,MIA OUSLEY,skipped,skipped,1,3
457700,Election Day - Insight,84271,MIA OUSLEY,CORINA LOPEZ,LEAH HALL,1,3
457700,Election Day - Insight,84272,MIA OUSLEY,LEAH HALL,CORINA LOPEZ,1,3
457700,Election Day - Insight,84273,LEAH HALL,MIA OUSLEY,CORINA LOPEZ,1,3
457700,Election Day - Insight,84274,MIA OUSLEY,LEAH HALL,CORINA LOPEZ,1,3
457700,Election Day - Insight,84275,MIA OUSLEY,LEAH HALL,skipped,1,3
457700,Election Day - Insight,84277,CORINA LOPEZ,MIA OUSLEY,LEAH HALL,1,3
457700,Election Day - Insight,84278,LEAH HALL,skipped,skipped,1,3
457700,Election Day - Insight,84279,LEAH HALL,CORINA LOPEZ,MIA OUSLEY,1,3
457700,Election Day - Insight,84280,MIA OUSLEY,LEAH HALL,skipped,1,3
457700,Election Day - Insight,84281,CORINA LOPEZ,MIA OUSLEY,LEAH HALL,1,3
457700,Election Day - Insight,84282,CORINA LOPEZ,MIA OUSLEY,LEAH HALL,1,3
457700,Election Day - Insight,84283,CORINA LOPEZ,LEAH HALL,MIA OUSLEY,1,3
457700,Election Day - Insight,84285,CORINA LOPEZ,MIA OUSLEY,LEAH HALL,1,3
457700,Election Day - Insight,84286,MIA OUSLEY,LEAH HALL,skipped,1,3
457700,Election Day - Insight,84287,LEAH HALL,MIA OUSLEY,CORINA LOPEZ,1,3
457700,Election Day - Insight,84288,CORINA LOPEZ,skipped,skipped,1,3
457700,Election Day - Insight,84289,CORINA LOPEZ,MIA OUSLEY,LEAH HALL,1,3
457700,Election Day - Insight,84290,MIA OUSLEY,CORINA LOPEZ,LEAH HALL,1,3
457700,Election Day - Insight,84291,LEAH HALL,CORINA LOPEZ,skipped,1,3
457700,Election Day - Insight,84292,MIA OUSLEY,CORINA LOPEZ,LEAH HALL,1,3
457700,Election Day - Insight,84293,CORINA LOPEZ,skipped,skipped,1,3
457700,Election Day - Insight,84294,LEAH HALL,skipped,skipped,1,3
457700,Election Day - Insight,84295,CORINA LOPEZ,LEAH HALL,MIA OUSLEY,1,3
457700,Election Day - Insight,84296,MIA OUSLEY,LEAH HALL,skipped,1,3
457700,Election Day - Insight,84297,CORINA LOPEZ,skipped,skipped,1,3
457700,Election Day - Insight,84298,MIA OUSLEY,LEAH HALL,CORINA LOPEZ,1,3
457700,Election Day - Insight,84299,CORINA LOPEZ,skipped,skipped,1,3
457700,Election Day - Insight,84300,MIA OUSLEY,skipped,skipped,1,3
457700,Election Day - Insight,84301,LEAH HALL,MIA OUSLEY,CORINA LOPEZ,1,3
457700,Election Day - Insight,84303,MIA OUSLEY,skipped,skipped,1,3
457700,Election Day - Insight,84304,MIA OUSLEY,skipped,skipped,1,3
457700,Election Day - Insight,84305,LEAH HALL,MIA OUSLEY,CORINA LOPEZ,1,3
457700,Election Day - Insight,84306,LEAH HALL,MIA OUSLEY,CORINA LOPEZ,1,3
457700,Election Day - Insight,84307,CORINA LOPEZ,LEAH HALL,MIA OUSLEY,1,3
457700,Election Day - Insight,84308,LEAH HALL,skipped,skipped,1,3
457700,Election Day - Insight,84309,MIA OUSLEY,CORINA LOPEZ,skipped,1,3
457700,Election Day - Insight,84310,LEAH HALL,MIA OUSLEY,CORINA LOPEZ,1,3
457700,Election Day - Insight,84311,MIA OUSLEY,LEAH HALL,CORINA LOPEZ,1,3
457700,Election Day - Insight,84312,MIA OUSLEY,CORINA LOPEZ,skipped,1,3
457300,Election Day - Insight,84776,LEAH HALL,CORINA LOPEZ,MIA OUSLEY,1,3
457300,Election Day - Insight,84777,CORINA LOPEZ,MIA OUSLEY,LEAH HALL,1,3
457300,Election Day - Insight,84778,CORINA LOPEZ,LEAH HALL,MIA OUSLEY,1,3
457300,Election Day - Insight,84779,CORINA LOPEZ,LEAH HALL,MIA OUSLEY,1,3
457300,Election Day - Insight,84780,CORINA LOPEZ,LEAH HALL,MIA OUSLEY,1,3
457300,Election Day - Insight,84781,LEAH HALL,skipped,skipped,1,3
457300,Election Day - Insight,84782,LEAH HALL,MIA OUSLEY,CORINA LOPEZ,1,3
457300,Election Day - Insight,84783,LEAH HALL,MIA OUSLEY,CORINA LOPEZ,1,3
457300,Election Day - Insight,84784,MIA OUSLEY,skipped,skipped,1,3
457300,Election Day - Insight,84785,MIA OUSLEY,skipped,skipped,1,3
457300,Election Day - Insight,84786,LEAH HALL,skipped,skipped,1,3
457300,Election Day - Insight,84787,CORINA LOPEZ,LEAH HALL,MIA OUSLEY,1,3
457300,Election Day - Insight,84788,MIA OUSLEY,CORINA LOPEZ,LEAH HALL,1,3
457300,Election Day - Insight,84792,LEAH HALL,CORINA LOPEZ,MIA OUSLEY,1,3
457300,Election Day - Insight,84793,CORINA LOPEZ,MIA OUSLEY,LEAH HALL,1,3
457300,Election Day - Insight,84794,CORINA LOPEZ,skipped,skipped,1,3
457300,Election Day - Insight,84795,LEAH HALL,MIA OUSLEY,skipped,1,3
457300,Election Day - Insight,84796,LEAH HALL,MIA OUSLEY,skipped,1,3
457300,Election Day - Insight,84797,MIA OUSLEY,LEAH HALL,skipped,1,3
457300,Election Day - Insight,84798,MIA OUSLEY,skipped,skipped,1,3
457300,Election Day - Insight,84799,MIA OUSLEY,LEAH HALL,CORINA LOPEZ,1,3
457300,Election Day - Insight,84800,LEAH HALL,MIA OUSLEY,skipped,1,3
457300,Election Day - Insight,84801,CORINA LOPEZ,LEAH HALL,MIA OUSLEY,1,3
457300,Election Day - Insight,84802,MIA OUSLEY,CORINA LOPEZ,skipped,1,3
457300,Election Day - Insight,84803,MIA OUSLEY,LEAH HALL,CORINA LOPEZ,1,3
457300,Election Day - Insight,84804,CORINA LOPEZ,skipped,skipped,1,3
457300,Election Day - Insight,84805,MIA OUSLEY,skipped,skipped,1,3
457300,Election Day - Insight,84806,CORINA LOPEZ,MIA OUSLEY,LEAH HALL,1,3
457300,Election Day - Insight,84807,MIA OUSLEY,CORINA LOPEZ,LEAH HALL,1,3
457300,Election Day - Insight,84808,MIA OUSLEY,LEAH HALL,CORINA LOPEZ,1,3
457300,Election Day - Insight,84809,LEAH HALL,CORINA LOPEZ,MIA OUSLEY,1,3
457300,Election Day - Insight,84810,MIA OUSLEY,LEAH HALL,CORINA LOPEZ,1,3
457300,Election Day - Insight,84811,MIA OUSLEY,skipped,skipped,1,3
457300,Election Day - Insight,84812,CORINA LOPEZ,MIA OUSLEY,LEAH HALL,1,3
457300,Election Day - Insight,84820,CORINA LOPEZ,LEAH HALL,MIA OUSLEY,1,3
457300,Election Day - Insight,84821,MIA OUSLEY,skipped,skipped,1,3
457300,Election Day - Insight,84822,CORINA LOPEZ,LEAH HALL,MIA OUSLEY,1,3
457300,Election Day - Insight,84823,LEAH HALL,CORINA LOPEZ,skipped,1,3
457300,Election Day - Insight,84824,MIA OUSLEY,CORINA LOPEZ,skipped,1,3
457300,Election Day - Insight,84825,CORINA LOPEZ,LEAH HALL,MIA OUSLEY,1,3
457300,Election Day - Insight,84826,LEAH HALL,skipped,skipped,1,3
457300,Election Day - Insight,84827,CORINA LOPEZ,LEAH HALL,MIA OUSLEY,1,3
457300,Election Day - Insight,84828,MIA OUSLEY,CORINA LOPEZ,LEAH HALL,1,3
457300,Election Day - Insight,84829,MIA OUSLEY,LEAH HALL,CORINA LOPEZ,1,3
457300,Election Day - Insight,84830,MIA OUSLEY,CORINA LOPEZ,skipped,1,3
457300,Election Day - Insight,84832,CORINA LOPEZ,skipped,skipped,1,3
457300,Election Day - Insight,84833,LEAH HALL,MIA OUSLEY,CORINA LOPEZ,1,3
457300,Election Day - Insight,84834,CORINA LOPEZ,skipped,skipped,1,3
457300,Election Day - Insight,84835,MIA OUSLEY,skipped,skipped,1,3
457300,Election Day - Insight,84837,MIA OUSLEY,LEAH HALL,CORINA LOPEZ,1,3
457300,Election Day - Insight,84838,CORINA LOPEZ,MIA OUSLEY,LEAH HALL,1,3
457300,Election Day - Insight,84839,CORINA LOPEZ,skipped,skipped,1,3
457300,Election Day - Insight,84840,MIA OUSLEY,skipped,skipped,1,3
457300,Election Day - Insight,84841,CORINA LOPEZ,skipped,skipped,1,3
457300,Election Day - Insight,84843,MIA OUSLEY,CORINA LOPEZ,LEAH HALL,1,3
457300,Election Day - Insight,84844,CORINA LOPEZ,MIA OUSLEY,LEAH HALL,1,3
457300,Election Day - Insight,84845,MIA OUSLEY,skipped,skipped,1,3
457300,Election Day - Insight,84846,LEAH HALL,skipped,skipped,1,3
457300,Election Day - Insight,84847,CORINA LOPEZ,MIA OUSLEY,LEAH HALL,1,3
457300,Election Day - Insight,84848,MIA OUSLEY,CORINA LOPEZ,skipped,1,3
457300,Election Day - Insight,84849,CORINA LOPEZ,skipped,skipped,1,3
457300,Election Day - Insight,84850,CORINA LOPEZ,LEAH HALL,MIA OUSLEY,1,3
457300,Election Day - Insight,84851,CORINA LOPEZ,LEAH HALL,MIA OUSLEY,1,3
457300,Election Day - Insight,84852,MIA OUSLEY,CORINA LOPEZ,LEAH HALL,1,3
457300,Election Day - Insight,84853,CORINA LOPEZ,MIA OUSLEY,skipped,1,3
457300,Election Day - Insight,84854,MIA OUSLEY,LEAH HALL,skipped,1,3
457300,Election Day - Insight,84855,MIA OUSLEY,LEAH HALL,CORINA LOPEZ,1,3
457300,Election Day - Insight,84856,MIA OUSLEY,CORINA LOPEZ,LEAH HALL,1,3
457300,Election Day - Insight,84857,MIA OUSLEY,LEAH HALL,CORINA LOPEZ,1,3
457300,Election Day - Insight,84858,CORINA LOPEZ,skipped,skipped,1,3
457300,Election Day - Insight,84859,LEAH HALL,skipped,skipped,1,3
457300,Election Day - Insight,84860,CORINA LOPEZ,skipped,skipped,1,3
457300,Election Day - Insight,84861,CORINA LOPEZ,LEAH HALL,MIA OUSLEY,1,3
457300,Election Day - Insight,84862,CORINA LOPEZ,LEAH HALL,skipped,1,3
457300,Election Day - Insight,84863,LEAH HALL,MIA OUSLEY,CORINA LOPEZ,1,3
457300,Election Day - Insight,84864,CORINA LOPEZ,MIA OUSLEY,LEAH HALL,1,3
457300,Election Day - Insight,84865,LEAH HALL,CORINA LOPEZ,MIA OUSLEY,1,3
457300,Election Day - Insight,84866,MIA OUSLEY,CORINA LOPEZ,skipped,1,3
457300,Election Day - Insight,84868,CORINA LOPEZ,LEAH HALL,MIA OUSLEY,1,3
457300,Election Day - Insight,84869,MIA OUSLEY,CORINA LOPEZ,LEAH HALL,1,3
457300,Election Day - Insight,84870,MIA OUSLEY,skipped,skipped,1,3
457300,Election Day - Insight,84871,MIA OUSLEY,CORINA LOPEZ,skipped,1,3
457300,Election Day - Insight,84872,MIA OUSLEY,CORINA LOPEZ,skipped,1,3
457300,Election Day - Insight,84873,CORINA LOPEZ,LEAH HALL,MIA OUSLEY,1,3
457300,Election Day - Insight,84874,CORINA LOPEZ,skipped,skipped,1,3
457300,Election Day - Insight,84875,CORINA LOPEZ,MIA OUSLEY,LEAH HALL,1,3
457300,Election Day - Insight,84876,CORINA LOPEZ,MIA OUSLEY,LEAH HALL,1,3
457300,Election Day - Insight,84877,CORINA LOPEZ,skipped,skipped,1,3
457300,Election Day - Insight,84878,LEAH HALL,CORINA LOPEZ,MIA OUSLEY,1,3
457300,Election Day - Insight,84879,MIA OUSLEY,CORINA LOPEZ,skipped,1,3
457300,Election Day - Insight,84880,LEAH HALL,MIA OUSLEY,CORINA LOPEZ,1,3
457300,Election Day - Insight,84882,MIA OUSLEY,LEAH HALL,CORINA LOPEZ,1,3
457300,Election Day - Insight,84883,MIA OUSLEY,CORINA LOPEZ,LEAH HALL,1,3
457300,Election Day - Insight,84885,CORINA LOPEZ,MIA OUSLEY,LEAH HALL,1,3
457300,Election Day - Insight,84886,LEAH HALL,MIA OUSLEY,skipped,1,3
457300,Election Day - Insight,84887,CORINA LOPEZ,skipped,skipped,1,3
457300,Election Day - Insight,84888,MIA OUSLEY,LEAH HALL,CORINA LOPEZ,1,3
457300,Election Day - Insight,84889,CORINA LOPEZ,LEAH HALL,MIA OUSLEY,1,3
457300,Election Day - Insight,84890,LEAH HALL,CORINA LOPEZ,MIA OUSLEY,1,3
457300,Election Day - Insight,84891,LEAH HALL,skipped,skipped,1,3
457300,Election Day - Insight,84892,LEAH HALL,skipped,skipped,1,3
457300,Election Day - Insight,84893,LEAH HALL,skipped,skipped,1,3
457300,Election Day - Insight,84895,CORINA LOPEZ,MIA OUSLEY,skipped,1,3
457300,Election Day - Insight,84897,CORINA LOPEZ,LEAH HALL,MIA OUSLEY,1,3
457300,Election Day - Insight,84899,LEAH HALL,CORINA LOPEZ,MIA OUSLEY,1,3
457300,Election Day - Insight,84900,CORINA LOPEZ,skipped,skipped,1,3
457300,Election Day - Insight,84901,LEAH HALL,MIA OUSLEY,CORINA LOPEZ,1,3
457300,Election Day - Insight,84902,CORINA LOPEZ,MIA OUSLEY,LEAH HALL,1,3
457300,Election Day - Insight,84903,MIA OUSLEY,LEAH HALL,CORINA LOPEZ,1,3
457300,Election Day - Insight,84904,MIA OUSLEY,CORINA LOPEZ,LEAH HALL,1,3
457300,Election Day - Insight,84905,CORINA LOPEZ,skipped,skipped,1,3
457300,Election Day - Insight,84906,LEAH HALL,skipped,skipped,1,3
457300,Election Day - Insight,84907,CORINA LOPEZ,MIA OUSLEY,LEAH HALL,1,3
457300,Election Day - Insight,84908,MIA OUSLEY,skipped,skipped,1,3
457300,Election Day - Insight,84911,MIA OUSLEY,LEAH HALL,CORINA LOPEZ,1,3
457300,Election Day - Insight,84912,MIA OUSLEY,LEAH HALL,CORINA LOPEZ,1,3
453920,Election Day - Insight,85264,CORINA LOPEZ,skipped,skipped,1,3
453920,Election Day - Insight,85265,LEAH HALL,MIA OUSLEY,skipped,1,3
453920,Election Day - Insight,85266,CORINA LOPEZ,LEAH HALL,skipped,1,3
453920,Election Day - Insight,85267,CORINA LOPEZ,LEAH HALL,MIA OUSLEY,1,3
453920,Election Day - Insight,85268,CORINA LOPEZ,LEAH HALL,MIA OUSLEY,1,3
453920,Election Day - Insight,85269,CORINA LOPEZ,LEAH HALL,MIA OUSLEY,1,3
453920,Election Day - Insight,85270,MIA OUSLEY,LEAH HALL,CORINA LOPEZ,1,3
453920,Election Day - Insight,85271,CORINA LOPEZ,skipped,skipped,1,3
453920,Election Day - Insight,85272,LEAH HALL,CORINA LOPEZ,MIA OUSLEY,1,3
453920,Election Day - Insight,85273,CORINA LOPEZ,skipped,skipped,1,3
453920,Election Day - Insight,85274,LEAH HALL,skipped,skipped,1,3
453920,Election Day - Insight,85275,CORINA LOPEZ,LEAH HALL,MIA OUSLEY,1,3
453920,Election Day - Insight,85276,CORINA LOPEZ,skipped,skipped,1,3
453920,Election Day - Insight,85277,LEAH HALL,CORINA LOPEZ,MIA OUSLEY,1,3
453920,Election Day - Insight,85278,LEAH HALL,CORINA LOPEZ,skipped,1,3
453920,Election Day - Insight,85279,CORINA LOPEZ,LEAH HALL,MIA OUSLEY,1,3
453920,Election Day - Insight,85280,LEAH HALL,CORINA LOPEZ,MIA OUSLEY,1,3
453920,Election Day - Insight,85281,MIA OUSLEY,LEAH HALL,CORINA LOPEZ,1,3
453920,Election Day - Insight,85282,CORINA LOPEZ,skipped,skipped,1,3
453920,Election Day - Insight,85283,CORINA LOPEZ,skipped,skipped,1,3
453920,Election Day - Insight,85284,CORINA LOPEZ,skipped,skipped,1,3
453920,Election Day - Insight,85285,LEAH HALL,skipped,skipped,1,3
453920,Election Day - Insight,85289,CORINA LOPEZ,skipped,skipped,1,3
453920,Election Day - Insight,85290,CORINA LOPEZ,MIA OUSLEY,LEAH HALL,1,3
453920,Election Day - Insight,85291,MIA OUSLEY,LEAH HALL,CORINA LOPEZ,1,3
453920,Election Day - Insight,85292,CORINA LOPEZ,MIA OUSLEY,LEAH HALL,1,3
453920,Election Day - Insight,85294,CORINA LOPEZ,LEAH HALL,MIA OUSLEY,1,3
453920,Election Day - Insight,85295,LEAH HALL,CORINA LOPEZ,MIA OUSLEY,1,3
453920,Election Day - Insight,85296,MIA OUSLEY,LEAH HALL,skipped,1,3
453920,Election Day - Insight,85297,MIA OUSLEY,LEAH HALL,CORINA LOPEZ,1,3
453920,Election Day - Insight,85298,CORINA LOPEZ,LEAH HALL,MIA OUSLEY,1,3
453920,Election Day - Insight,85299,CORINA LOPEZ,LEAH HALL,MIA OUSLEY,1,3
453920,Election Day - Insight,85300,CORINA LOPEZ,LEAH HALL,MIA OUSLEY,1,3
453920,Election Day - Insight,85301,CORINA LOPEZ,LEAH HALL,MIA OUSLEY,1,3
453920,Election Day - Insight,85302,MIA OUSLEY,skipped,skipped,1,3
453920,Election Day - Insight,85303,CORINA LOPEZ,MIA OUSLEY,LEAH HALL,1,3
453920,Election Day - Insight,85304,LEAH HALL,MIA OUSLEY,CORINA LOPEZ,1,3
453920,Election Day - Insight,85305,CORINA LOPEZ,MIA OUSLEY,LEAH HALL,1,3
453920,Election Day - Insight,85306,CORINA LOPEZ,LEAH HALL,MIA OUSLEY,1,3
450610,Election Day - Insight,85453,CORINA LOPEZ,MIA OUSLEY,LEAH HALL,1,3
450610,Election Day - Insight,85454,MIA OUSLEY,LEAH HALL,CORINA LOPEZ,1,3
450610,Election Day - Insight,85456,CORINA LOPEZ,skipped,skipped,1,3
450610,Election Day - Insight,85457,CORINA LOPEZ,skipped,skipped,1,3
450610,Election Day - Insight,85458,CORINA LOPEZ,LEAH HALL,MIA OUSLEY,1,3
450610,Election Day - Insight,85459,LEAH HALL,MIA OUSLEY,CORINA LOPEZ,1,3
450610,Election Day - Insight,85460,CORINA LOPEZ,MIA OUSLEY,skipped,1,3
450610,Election Day - Insight,85461,LEAH HALL,skipped,skipped,1,3
450610,Election Day - Insight,85462,LEAH HALL,CORINA LOPEZ,MIA OUSLEY,1,3
450610,Election Day - Insight,85463,CORINA LOPEZ,skipped,skipped,1,3
450610,Election Day - Insight,85464,CORINA LOPEZ,skipped,skipped,1,3
450610,Election Day - Insight,85465,CORINA LOPEZ,MIA OUSLEY,LEAH HALL,1,3
450610,Election Day - Insight,85467,CORINA LOPEZ,MIA OUSLEY,LEAH HALL,1,3
450610,Election Day - Insight,85468,CORINA LOPEZ,skipped,skipped,1,3
450610,Election Day - Insight,85469,MIA OUSLEY,CORINA LOPEZ,LEAH HALL,1,3
450610,Election Day - Insight,85470,CORINA LOPEZ,LEAH HALL,MIA OUSLEY,1,3
450610,Election Day - Insight,85471,CORINA LOPEZ,skipped,skipped,1,3
450610,Election Day - Insight,85472,CORINA LOPEZ,skipped,skipped,1,3
450610,Election Day - Insight,85473,CORINA LOPEZ,MIA OUSLEY,LEAH HALL,1,3
450610,Election Day - Insight,85474,MIA OUSLEY,skipped,skipped,1,3
450610,Election Day - Insight,85478,CORINA LOPEZ,skipped,skipped,1,3
450610,Election Day - Insight,85479,CORINA LOPEZ,MIA OUSLEY,LEAH HALL,1,3
450610,Election Day - Insight,85480,CORINA LOPEZ,MIA OUSLEY,LEAH HALL,1,3
450610,Election Day - Insight,85482,MIA OUSLEY,skipped,skipped,1,3
450610,Election Day - Insight,85483,LEAH HALL,skipped,skipped,1,3
450610,Election Day - Insight,85484,LEAH HALL,skipped,skipped,1,3
450610,Election Day - Insight,85485,CORINA LOPEZ,LEAH HALL,MIA OUSLEY,1,3
450610,Election Day - Insight,85496,CORINA LOPEZ,skipped,skipped,1,3
450610,Election Day - Insight,85497,CORINA LOPEZ,LEAH HALL,MIA OUSLEY,1,3
450610,Election Day - Insight,85498,LEAH HALL,CORINA LOPEZ,MIA OUSLEY,1,3
450610,Election Day - Insight,85499,CORINA LOPEZ,MIA OUSLEY,LEAH HALL,1,3
450610,Election Day - Insight,85501,CORINA LOPEZ,skipped,skipped,1,3
450610,Election Day - Insight,85502,CORINA LOPEZ,MIA OUSLEY,skipped,1,3
450610,Election Day - Insight,85503,CORINA LOPEZ,MIA OUSLEY,skipped,1,3
450610,Election Day - Insight,85504,CORINA LOPEZ,skipped,skipped,1,3
450610,Election Day - Insight,85505,CORINA LOPEZ,skipped,skipped,1,3
450610,Election Day - Insight,85506,LEAH HALL,MIA OUSLEY,CORINA LOPEZ,1,3
450610,Election Day - Insight,85507,CORINA LOPEZ,skipped,skipped,1,3
450610,Election Day - Insight,85509,CORINA LOPEZ,skipped,skipped,1,3
450610,Election Day - Insight,85510,CORINA LOPEZ,MIA OUSLEY,LEAH HALL,1,3
450610,Election Day - Insight,85511,CORINA LOPEZ,LEAH HALL,MIA OUSLEY,1,3
450610,Election Day - Insight,85512,CORINA LOPEZ,MIA OUSLEY,LEAH HALL,1,3
450610,Election Day - Insight,85513,CORINA LOPEZ,MIA OUSLEY,LEAH HALL,1,3
450610,Election Day - Insight,85514,CORINA LOPEZ,skipped,skipped,1,3
450610,Election Day - Insight,85515,CORINA LOPEZ,LEAH HALL,MIA OUSLEY,1,3
450610,Election Day - Insight,85516,CORINA LOPEZ,MIA OUSLEY,LEAH HALL,1,3
450610,Election Day - Insight,85517,LEAH HALL,CORINA LOPEZ,MIA OUSLEY,1,3
450610,Election Day - Insight,85519,CORINA LOPEZ,MIA OUSLEY,LEAH HALL,1,3
450610,Election Day - Insight,85520,CORINA LOPEZ,MIA OUSLEY,LEAH HALL,1,3
450610,Election Day - Insight,85521,CORINA LOPEZ,skipped,skipped,1,3
450610,Election Day - Insight,85523,CORINA LOPEZ,MIA OUSLEY,LEAH HALL,1,3
450610,Election Day - Insight,85524,LEAH HALL,MIA OUSLEY,CORINA LOPEZ,1,3
450610,Election Day - Insight,85526,MIA OUSLEY,CORINA LOPEZ,skipped,1,3
450610,Election Day - Insight,85527,MIA OUSLEY,CORINA LOPEZ,LEAH HALL,1,3
450610,Election Day - Insight,85528,MIA OUSLEY,CORINA LOPEZ,LEAH HALL,1,3
450610,Election Day - Insight,85529,MIA OUSLEY,skipped,skipped,1,3
450610,Election Day - Insight,85530,CORINA LOPEZ,skipped,skipped,1,3
450610,Election Day - Insight,85531,MIA OUSLEY,skipped,skipped,1,3
450610,Election Day - Insight,85532,CORINA LOPEZ,MIA OUSLEY,LEAH HALL,1,3
450610,Election Day - Insight,85533,MIA OUSLEY,skipped,skipped,1,3
450610,Election Day - Insight,85534,CORINA LOPEZ,skipped,skipped,1,3
450610,Election Day - Insight,85536,CORINA LOPEZ,skipped,skipped,1,3
450610,Election Day - Insight,85537,MIA OUSLEY,skipped,skipped,1,3
450610,Election Day - Insight,85540,MIA OUSLEY,CORINA LOPEZ,LEAH HALL,1,3
450610,Election Day - Insight,85541,LEAH HALL,skipped,skipped,1,3
450610,Election Day - Insight,85542,MIA OUSLEY,CORINA LOPEZ,LEAH HALL,1,3
450610,Election Day - Insight,85543,MIA OUSLEY,skipped,skipped,1,3
450610,Election Day - Insight,85544,LEAH HALL,CORINA LOPEZ,MIA OUSLEY,1,3
450610,Election Day - Insight,85545,LEAH HALL,skipped,skipped,1,3
450610,Election Day - Insight,85546,LEAH HALL,CORINA LOPEZ,MIA OUSLEY,1,3
450610,Election Day - Insight,85549,MIA OUSLEY,LEAH HALL,CORINA LOPEZ,1,3
450610,Election Day - Insight,85550,CORINA LOPEZ,MIA OUSLEY,LEAH HALL,1,3
450610,Election Day - Insight,85552,LEAH HALL,CORINA LOPEZ,skipped,1,3
450610,Election Day - Insight,85553,CORINA LOPEZ,skipped,skipped,1,3
450610,Election Day - Insight,85554,CORINA LOPEZ,skipped,skipped,1,3
450610,Election Day - Insight,85555,LEAH HALL,CORINA LOPEZ,MIA OUSLEY,1,3
450610,Election Day - Insight,85556,MIA OUSLEY,skipped,skipped,1,3
450610,Election Day - Insight,85557,MIA OUSLEY,CORINA LOPEZ,LEAH HALL,1,3
450610,Election Day - Insight,85558,CORINA LOPEZ,MIA OUSLEY,skipped,1,3
450610,Election Day - Insight,85559,CORINA LOPEZ,MIA OUSLEY,LEAH HALL,1,3
450610,Election Day - Insight,85560,MIA OUSLEY,CORINA LOPEZ,LEAH HALL,1,3
450610,Election Day - Insight,85561,CORINA LOPEZ,MIA OUSLEY,LEAH HALL,1,3
450610,Election Day - Insight,85562,CORINA LOPEZ,MIA OUSLEY,LEAH HALL,1,3
450610,Election Day - Insight,85563,CORINA LOPEZ,LEAH HALL,MIA OUSLEY,1,3
450610,Election Day - Insight,85564,MIA OUSLEY,LEAH HALL,CORINA LOPEZ,1,3
450610,Election Day - Insight,85565,LEAH HALL,MIA OUSLEY,CORINA LOPEZ,1,3
450610,Election Day - Insight,85566,LEAH HALL,MIA OUSLEY,CORINA LOPEZ,1,3
450610,Election Day - Insight,85567,MIA OUSLEY,CORINA LOPEZ,LEAH HALL,1,3
450610,Election Day - Insight,85568,MIA OUSLEY,CORINA LOPEZ,LEAH HALL,1,3
450610,Election Day - Insight,85570,CORINA LOPEZ,MIA OUSLEY,skipped,1,3
450610,Election Day - Insight,85571,MIA OUSLEY,CORINA LOPEZ,skipped,1,3
450610,Election Day - Insight,85572,LEAH HALL,MIA OUSLEY,skipped,1,3
450610,Election Day - Insight,85573,CORINA LOPEZ,MIA OUSLEY,LEAH HALL,1,3
450610,Election Day - Insight,85574,MIA OUSLEY,skipped,skipped,1,3
450610,Election Day - Insight,85576,MIA OUSLEY,LEAH HALL,skipped,1,3
450610,Election Day - Insight,85577,MIA OUSLEY,CORINA LOPEZ,LEAH HALL,1,3
450610,Election Day - Insight,85578,CORINA LOPEZ,MIA OUSLEY,LEAH HALL,1,3
450610,Election Day - Insight,85579,CORINA LOPEZ,skipped,skipped,1,3
450610,Election Day - Insight,85581,LEAH HALL,skipped,skipped,1,3
457400,Election Day - Insight,86019,CORINA LOPEZ,skipped,skipped,1,3
457400,Election Day - Insight,86021,LEAH HALL,CORINA LOPEZ,MIA OUSLEY,1,3
457400,Election Day - Insight,86023,LEAH HALL,skipped,skipped,1,3
457400,Election Day - Insight,86024,CORINA LOPEZ,LEAH HALL,MIA OUSLEY,1,3
457400,Election Day - Insight,86025,CORINA LOPEZ,LEAH HALL,MIA OUSLEY,1,3
457400,Election Day - Insight,86026,MIA OUSLEY,LEAH HALL,CORINA LOPEZ,1,3
457400,Election Day - Insight,86027,CORINA LOPEZ,MIA OUSLEY,LEAH HALL,1,3
457400,Election Day - Insight,86028,MIA OUSLEY,skipped,skipped,1,3
457400,Election Day - Insight,86030,CORINA LOPEZ,MIA OUSLEY,skipped,1,3
457400,Election Day - Insight,86031,CORINA LOPEZ,MIA OUSLEY,skipped,1,3
457400,Election Day - Insight,86032,CORINA LOPEZ,MIA OUSLEY,skipped,1,3
457400,Election Day - Insight,86033,LEAH HALL,skipped,skipped,1,3
457400,Election Day - Insight,86034,CORINA LOPEZ,skipped,skipped,1,3
457400,Election Day - Insight,86035,CORINA LOPEZ,MIA OUSLEY,LEAH HALL,1,3
457400,Election Day - Insight,86036,MIA OUSLEY,LEAH HALL,CORINA LOPEZ,1,3
457400,Election Day - Insight,86037,LEAH HALL,MIA OUSLEY,CORINA LOPEZ,1,3
457400,Election Day - Insight,86038,CORINA LOPEZ,skipped,skipped,1,3
457400,Election Day - Insight,86039,LEAH HALL,CORINA LOPEZ,MIA OUSLEY,1,3
457400,Election Day - Insight,86040,CORINA LOPEZ,MIA OUSLEY,LEAH HALL,1,3
457400,Election Day - Insight,86041,CORINA LOPEZ,skipped,skipped,1,3
457400,Election Day - Insight,86042,MIA OUSLEY,LEAH HALL,skipped,1,3
457400,Election Day - Insight,86044,MIA OUSLEY,LEAH HALL,CORINA LOPEZ,1,3
457400,Election Day - Insight,86045,CORINA LOPEZ,MIA OUSLEY,skipped,1,3
457400,Election Day - Insight,86046,CORINA LOPEZ,LEAH HALL,MIA OUSLEY,1,3
457400,Election Day - Insight,86047,CORINA LOPEZ,LEAH HALL,MIA OUSLEY,1,3
457400,Election Day - Insight,86048,CORINA LOPEZ,LEAH HALL,MIA OUSLEY,1,3
457400,Election Day - Insight,86049,MIA OUSLEY,CORINA LOPEZ,skipped,1,3
457400,Election Day - Insight,86050,MIA OUSLEY,skipped,skipped,1,3
457400,Election Day - Insight,86051,CORINA LOPEZ,MIA OUSLEY,LEAH HALL,1,3
457400,Election Day - Insight,86052,LEAH HALL,MIA OUSLEY,CORINA LOPEZ,1,3
457400,Election Day - Insight,86053,CORINA LOPEZ,MIA OUSLEY,LEAH HALL,1,3
457400,Election Day - Insight,86054,LEAH HALL,MIA OUSLEY,CORINA LOPEZ,1,3
457400,Election Day - Insight,86055,CORINA LOPEZ,skipped,skipped,1,3
457400,Election Day - Insight,86056,CORINA LOPEZ,skipped,skipped,1,3
457400,Election Day - Insight,86057,CORINA LOPEZ,skipped,skipped,1,3
457400,Election Day - Insight,86058,CORINA LOPEZ,MIA OUSLEY,skipped,1,3
457400,Election Day - Insight,86059,MIA OUSLEY,skipped,skipped,1,3
457400,Election Day - Insight,86060,MIA OUSLEY,LEAH HALL,CORINA LOPEZ,1,3
457400,Election Day - Insight,86061,MIA OUSLEY,LEAH HALL,CORINA LOPEZ,1,3
457400,Election Day - Insight,86062,CORINA LOPEZ,skipped,skipped,1,3
457400,Election Day - Insight,86071,MIA OUSLEY,CORINA LOPEZ,LEAH HALL,1,3
457400,Election Day - Insight,86072,CORINA LOPEZ,LEAH HALL,MIA OUSLEY,1,3
457400,Election Day - Insight,86073,LEAH HALL,MIA OUSLEY,CORINA LOPEZ,1,3
457400,Election Day - Insight,86074,LEAH HALL,MIA OUSLEY,CORINA LOPEZ,1,3
457400,Election Day - Insight,86076,CORINA LOPEZ,LEAH HALL,MIA OUSLEY,1,3
457400,Election Day - Insight,86077,CORINA LOPEZ,skipped,skipped,1,3
457400,Election Day - Insight,86078,CORINA LOPEZ,LEAH HALL,MIA OUSLEY,1,3
457400,Election Day - Insight,86079,CORINA LOPEZ,MIA OUSLEY,LEAH HALL,1,3
457400,Election Day - Insight,86080,MIA OUSLEY,CORINA LOPEZ,skipped,1,3
457400,Election Day - Insight,86081,CORINA LOPEZ,LEAH HALL,MIA OUSLEY,1,3
457400,Election Day - Insight,86082,MIA OUSLEY,CORINA LOPEZ,skipped,1,3
457400,Election Day - Insight,86083,LEAH HALL,skipped,skipped,1,3
457400,Election Day - Insight,86084,MIA OUSLEY,LEAH HALL,CORINA LOPEZ,1,3
457400,Election Day - Insight,86085,CORINA LOPEZ,skipped,skipped,1,3
457400,Election Day - Insight,86086,LEAH HALL,MIA OUSLEY,CORINA LOPEZ,1,3
457400,Election Day - Insight,86087,CORINA LOPEZ,skipped,skipped,1,3
457400,Election Day - Insight,86088,LEAH HALL,CORINA LOPEZ,MIA OUSLEY,1,3
457400,Election Day - Insight,86089,MIA OUSLEY,skipped,skipped,1,3
457400,Election Day - Insight,86090,CORINA LOPEZ,LEAH HALL,skipped,1,3
457400,Election Day - Insight,86091,LEAH HALL,MIA OUSLEY,CORINA LOPEZ,1,3
457400,Election Day - Insight,86092,CORINA LOPEZ,LEAH HALL,MIA OUSLEY,1,3
457400,Election Day - Insight,86093,CORINA LOPEZ,LEAH HALL,MIA OUSLEY,1,3
457400,Election Day - Insight,86094,CORINA LOPEZ,MIA OUSLEY,LEAH HALL,1,3
457400,Election Day - Insight,86095,CORINA LOPEZ,MIA OUSLEY,LEAH HALL,1,3
457400,Election Day - Insight,86096,CORINA LOPEZ,skipped,skipped,1,3
457400,Election Day - Insight,86097,LEAH HALL,CORINA LOPEZ,MIA OUSLEY,1,3
457400,Election Day - Insight,86098,LEAH HALL,CORINA LOPEZ,MIA OUSLEY,1,3
457400,Election Day - Insight,86099,LEAH HALL,CORINA LOPEZ,MIA OUSLEY,1,3
457400,Election Day - Insight,86101,MIA OUSLEY,CORINA LOPEZ,LEAH HALL,1,3
457400,Election Day - Insight,86102,MIA OUSLEY,CORINA LOPEZ,skipped,1,3
457400,Election Day - Insight,86103,CORINA LOPEZ,MIA OUSLEY,LEAH HALL,1,3
457400,Election Day - Insight,86104,CORINA LOPEZ,LEAH HALL,MIA OUSLEY,1,3
457400,Election Day - Insight,86105,MIA OUSLEY,skipped,skipped,1,3
457400,Election Day - Insight,86107,CORINA LOPEZ,skipped,skipped,1,3
457400,Election Day - Insight,86108,LEAH HALL,MIA OUSLEY,CORINA LOPEZ,1,3
457400,Election Day - Insight,86109,CORINA LOPEZ,skipped,skipped,1,3
457400,Election Day - Insight,86110,LEAH HALL,CORINA LOPEZ,MIA OUSLEY,1,3
457400,Election Day - Insight,86111,LEAH HALL,CORINA LOPEZ,MIA OUSLEY,1,3
457400,Election Day - Insight,86112,MIA OUSLEY,LEAH HALL,CORINA LOPEZ,1,3
457400,Election Day - Insight,86113,CORINA LOPEZ,LEAH HALL,MIA OUSLEY,1,3
457400,Election Day - Insight,86114,LEAH HALL,skipped,skipped,1,3
457400,Election Day - Insight,86116,CORINA LOPEZ,LEAH HALL,MIA OUSLEY,1,3
457400,Election Day - Insight,86117,MIA OUSLEY,LEAH HALL,CORINA LOPEZ,1,3
457400,Election Day - Insight,86118,LEAH HALL,CORINA LOPEZ,MIA OUSLEY,1,3
457400,Election Day - Insight,86119,CORINA LOPEZ,LEAH HALL,skipped,1,3
457400,Election Day - Insight,86120,CORINA LOPEZ,LEAH HALL,skipped,1,3
457400,Election Day - Insight,86121,CORINA LOPEZ,skipped,skipped,1,3
457400,Election Day - Insight,86122,CORINA LOPEZ,skipped,skipped,1,3
457400,Election Day - Insight,86123,CORINA LOPEZ,skipped,skipped,1,3
457400,Election Day - Insight,86124,CORINA LOPEZ,skipped,skipped,1,3
457400,Election Day - Insight,86125,CORINA LOPEZ,LEAH HALL,MIA OUSLEY,1,3
457400,Election Day - Insight,86126,LEAH HALL,CORINA LOPEZ,skipped,1,3
457400,Election Day - Insight,86127,CORINA LOPEZ,MIA OUSLEY,skipped,1,3
457400,Election Day - Insight,86128,CORINA LOPEZ,LEAH HALL,MIA OUSLEY,1,3
457400,Election Day - Insight,86130,CORINA LOPEZ,skipped,skipped,1,3
457400,Election Day - Insight,86131,CORINA LOPEZ,LEAH HALL,MIA OUSLEY,1,3
457400,Election Day - Insight,86132,LEAH HALL,CORINA LOPEZ,skipped,1,3
457400,Election Day - Insight,86133,MIA OUSLEY,LEAH HALL,CORINA LOPEZ,1,3
457400,Election Day - Insight,86134,CORINA LOPEZ,LEAH HALL,MIA OUSLEY,1,3
457400,Election Day - Insight,86135,CORINA LOPEZ,MIA OUSLEY,LEAH HALL,1,3
457400,Election Day - Insight,86136,LEAH HALL,MIA OUSLEY,CORINA LOPEZ,1,3
457400,Election Day - Insight,86137,CORINA LOPEZ,skipped,skipped,1,3
457400,Election Day - Insight,86138,LEAH HALL,CORINA LOPEZ,MIA OUSLEY,1,3
457400,Election Day - Insight,86139,CORINA LOPEZ,MIA OUSLEY,LEAH HALL,1,3
457400,Election Day - Insight,86140,LEAH HALL,skipped,skipped,1,3
457400,Election Day - Insight,86141,LEAH HALL,skipped,skipped,1,3
457400,Election Day - Insight,86142,CORINA LOPEZ,MIA OUSLEY,LEAH HALL,1,3
457400,Election Day - Insight,86143,MIA OUSLEY,CORINA LOPEZ,LEAH HALL,1,3
457400,Election Day - Insight,86144,LEAH HALL,CORINA LOPEZ,skipped,1,3
457500,Election Day - Insight,86798,MIA OUSLEY,CORINA LOPEZ,LEAH HALL,1,3
457500,Election Day - Insight,86799,LEAH HALL,skipped,skipped,1,3
457500,Election Day - Insight,86800,CORINA LOPEZ,skipped,skipped,1,3
457500,Election Day - Insight,86801,CORINA LOPEZ,LEAH HALL,MIA OUSLEY,1,3
457500,Election Day - Insight,86802,MIA OUSLEY,LEAH HALL,CORINA LOPEZ,1,3
457500,Election Day - Insight,86803,MIA OUSLEY,CORINA LOPEZ,LEAH HALL,1,3
457500,Election Day - Insight,86805,MIA OUSLEY,skipped,skipped,1,3
457500,Election Day - Insight,86806,LEAH HALL,skipped,skipped,1,3
457500,Election Day - Insight,86808,MIA OUSLEY,CORINA LOPEZ,LEAH HALL,1,3
457500,Election Day - Insight,86809,CORINA LOPEZ,MIA OUSLEY,LEAH HALL,1,3
457500,Election Day - Insight,86811,MIA OUSLEY,CORINA LOPEZ,skipped,1,3
457500,Election Day - Insight,86812,CORINA LOPEZ,LEAH HALL,MIA OUSLEY,1,3
457500,Election Day - Insight,86813,CORINA LOPEZ,MIA OUSLEY,LEAH HALL,1,3
457500,Election Day - Insight,86814,MIA OUSLEY,LEAH HALL,skipped,1,3
457500,Election Day - Insight,86815,MIA OUSLEY,skipped,skipped,1,3
457500,Election Day - Insight,86816,CORINA LOPEZ,LEAH HALL,MIA OUSLEY,1,3
457500,Election Day - Insight,86818,MIA OUSLEY,CORINA LOPEZ,LEAH HALL,1,3
457500,Election Day - Insight,86819,CORINA LOPEZ,LEAH HALL,MIA OUSLEY,1,3
457500,Election Day - Insight,86820,CORINA LOPEZ,LEAH HALL,skipped,1,3
457500,Election Day - Insight,86821,CORINA LOPEZ,MIA OUSLEY,LEAH HALL,1,3
457500,Election Day - Insight,86822,CORINA LOPEZ,LEAH HALL,MIA OUSLEY,1,3
457500,Election Day - Insight,86823,CORINA LOPEZ,LEAH HALL,MIA OUSLEY,1,3
457500,Election Day - Insight,86824,CORINA LOPEZ,MIA OUSLEY,LEAH HALL,1,3
457500,Election Day - Insight,86825,CORINA LOPEZ,MIA OUSLEY,LEAH HALL,1,3
457500,Election Day - Insight,86828,LEAH HALL,MIA OUSLEY,CORINA LOPEZ,1,3
457500,Election Day - Insight,86829,MIA OUSLEY,skipped,skipped,1,3
457500,Election Day - Insight,86830,CORINA LOPEZ,MIA OUSLEY,LEAH HALL,1,3
457500,Election Day - Insight,86832,LEAH HALL,skipped,skipped,1,3
457500,Election Day - Insight,86833,CORINA LOPEZ,MIA OUSLEY,LEAH HALL,1,3
457500,Election Day - Insight,86834,MIA OUSLEY,LEAH HALL,CORINA LOPEZ,1,3
457500,Election Day - Insight,86835,CORINA LOPEZ,skipped,skipped,1,3
457500,Election Day - Insight,86836,CORINA LOPEZ,skipped,skipped,1,3
457500,Election Day - Insight,86842,CORINA LOPEZ,skipped,skipped,1,3
457500,Election Day - Insight,86843,CORINA LOPEZ,skipped,skipped,1,3
457500,Election Day - Insight,86844,CORINA LOPEZ,skipped,skipped,1,3
457500,Election Day - Insight,86845,LEAH HALL,MIA OUSLEY,skipped,1,3
457500,Election Day - Insight,86846,CORINA LOPEZ,LEAH HALL,MIA OUSLEY,1,3
457500,Election Day - Insight,86847,CORINA LOPEZ,skipped,skipped,1,3
457500,Election Day - Insight,86849,LEAH HALL,CORINA LOPEZ,MIA OUSLEY,1,3
457500,Election Day - Insight,86850,CORINA LOPEZ,skipped,skipped,1,3
457500,Election Day - Insight,86851,CORINA LOPEZ,skipped,skipped,1,3
457500,Election Day - Insight,86852,CORINA LOPEZ,skipped,skipped,1,3
457500,Election Day - Insight,86853,CORINA LOPEZ,skipped,skipped,1,3
457500,Election Day - Insight,86854,CORINA LOPEZ,MIA OUSLEY,LEAH HALL,1,3
457500,Election Day - Insight,86855,CORINA LOPEZ,skipped,skipped,1,3
457500,Election Day - Insight,86856,LEAH HALL,MIA OUSLEY,CORINA LOPEZ,1,3
457500,Election Day - Insight,86857,LEAH HALL,MIA OUSLEY,CORINA LOPEZ,1,3
457500,Election Day - Insight,86858,CORINA LOPEZ,MIA OUSLEY,skipped,1,3
457500,Election Day - Insight,86859,LEAH HALL,MIA OUSLEY,skipped,1,3
457500,Election Day - Insight,86860,LEAH HALL,skipped,skipped,1,3
457500,Election Day - Insight,86862,CORINA LOPEZ,LEAH HALL,MIA OUSLEY,1,3
457500,Election Day - Insight,86863,CORINA LOPEZ,MIA OUSLEY,skipped,1,3
457500,Election Day - Insight,86864,MIA OUSLEY,CORINA LOPEZ,LEAH HALL,1,3
457500,Election Day - Insight,86865,CORINA LOPEZ,LEAH HALL,MIA OUSLEY,1,3
457500,Election Day - Insight,86866,CORINA LOPEZ,LEAH HALL,MIA OUSLEY,1,3
457500,Election Day - Insight,86867,LEAH HALL,skipped,skipped,1,3
457500,Election Day - Insight,86868,LEAH HALL,CORINA LOPEZ,MIA OUSLEY,1,3
457500,Election Day - Insight,86869,LEAH HALL,skipped,skipped,1,3
457500,Election Day - Insight,86870,LEAH HALL,CORINA LOPEZ,MIA OUSLEY,1,3
457500,Election Day - Insight,86871,MIA OUSLEY,CORINA LOPEZ,skipped,1,3
457500,Election Day - Insight,86872,MIA OUSLEY,LEAH HALL,skipped,1,3
457500,Election Day - Insight,86873,CORINA LOPEZ,skipped,skipped,1,3
457500,Election Day - Insight,86874,MIA OUSLEY,CORINA LOPEZ,LEAH HALL,1,3
457500,Election Day - Insight,86875,LEAH HALL,CORINA LOPEZ,MIA OUSLEY,1,3
457500,Election Day - Insight,86876,CORINA LOPEZ,skipped,skipped,1,3
457500,Election Day - Insight,86877,CORINA LOPEZ,skipped,skipped,1,3
457500,Election Day - Insight,86878,MIA OUSLEY,LEAH HALL,CORINA LOPEZ,1,3
457500,Election Day - Insight,86879,CORINA LOPEZ,MIA OUSLEY,skipped,1,3
457500,Election Day - Insight,86880,CORINA LOPEZ,MIA OUSLEY,LEAH HALL,1,3
457500,Election Day - Insight,86881,CORINA LOPEZ,LEAH HALL,skipped,1,3
457500,Election Day - Insight,86882,CORINA LOPEZ,skipped,skipped,1,3
457500,Election Day - Insight,86883,MIA OUSLEY,skipped,skipped,1,3
457500,Election Day - Insight,86884,CORINA LOPEZ,skipped,skipped,1,3
457500,Election Day - Insight,86885,MIA OUSLEY,LEAH HALL,CORINA LOPEZ,1,3
457500,Election Day - Insight,86886,MIA OUSLEY,CORINA LOPEZ,LEAH HALL,1,3
457500,Election Day - Insight,86887,LEAH HALL,skipped,skipped,1,3
457500,Election Day - Insight,86888,CORINA LOPEZ,MIA OUSLEY,LEAH HALL,1,3
457500,Election Day - Insight,86889,LEAH HALL,MIA OUSLEY,CORINA LOPEZ,1,3
457500,Election Day - Insight,86890,LEAH HALL,MIA OUSLEY,CORINA LOPEZ,1,3
457500,Election Day - Insight,86891,CORINA LOPEZ,LEAH HALL,skipped,1,3
457500,Election Day - Insight,86892,CORINA LOPEZ,MIA OUSLEY,LEAH HALL,1,3
457500,Election Day - Insight,86894,CORINA LOPEZ,MIA OUSLEY,LEAH HALL,1,3
457500,Election Day - Insight,86895,MIA OUSLEY,LEAH HALL,CORINA LOPEZ,1,3
457500,Election Day - Insight,86896,CORINA LOPEZ,MIA OUSLEY,LEAH HALL,1,3
457500,Election Day - Insight,86897,LEAH HALL,MIA OUSLEY,CORINA LOPEZ,1,3
457500,Election Day - Insight,86900,MIA OUSLEY,skipped,skipped,1,3
457500,Election Day - Insight,86901,LEAH HALL,CORINA LOPEZ,MIA OUSLEY,1,3
457500,Election Day - Insight,86902,CORINA LOPEZ,LEAH HALL,MIA OUSLEY,1,3
457500,Election Day - Insight,86903,LEAH HALL,MIA OUSLEY,CORINA LOPEZ,1,3
457500,Election Day - Insight,86904,LEAH HALL,CORINA LOPEZ,MIA OUSLEY,1,3
457500,Election Day - Insight,86905,MIA OUSLEY,LEAH HALL,CORINA LOPEZ,1,3
457500,Election Day - Insight,86906,LEAH HALL,skipped,skipped,1,3
457500,Election Day - Insight,86907,LEAH HALL,skipped,skipped,1,3
457500,Election Day - Insight,86908,CORINA LOPEZ,skipped,skipped,1,3
457500,Election Day - Insight,86909,CORINA LOPEZ,MIA OUSLEY,skipped,1,3
457500,Election Day - Insight,86910,CORINA LOPEZ,MIA OUSLEY,LEAH HALL,1,3
457500,Election Day - Insight,86911,LEAH HALL,skipped,skipped,1,3
457500,Election Day - Insight,86912,LEAH HALL,CORINA LOPEZ,MIA OUSLEY,1,3
457500,Election Day - Insight,86913,CORINA LOPEZ,MIA OUSLEY,LEAH HALL,1,3
457500,Election Day - Insight,86915,CORINA LOPEZ,LEAH HALL,MIA OUSLEY,1,3
457500,Election Day - Insight,86917,LEAH HALL,MIA OUSLEY,CORINA LOPEZ,1,3
457500,Election Day - Insight,86918,CORINA LOPEZ,LEAH HALL,MIA OUSLEY,1,3
457500,Election Day - Insight,86919,MIA OUSLEY,LEAH HALL,CORINA LOPEZ,1,3
457500,Election Day - Insight,86920,CORINA LOPEZ,MIA OUSLEY,LEAH HALL,1,3
457500,Election Day - Insight,86921,CORINA LOPEZ,LEAH HALL,MIA OUSLEY,1,3
457500,Election Day - Insight,86923,MIA OUSLEY,CORINA LOPEZ,LEAH HALL,1,3
457500,Election Day - Insight,86924,CORINA LOPEZ,MIA OUSLEY,LEAH HALL,1,3
457500,Election Day - Insight,86925,LEAH HALL,CORINA LOPEZ,MIA OUSLEY,1,3
457500,Election Day - Insight,86926,LEAH HALL,CORINA LOPEZ,skipped,1,3
457500,Election Day - Insight,86927,CORINA LOPEZ,LEAH HALL,MIA OUSLEY,1,3
457500,Election Day - Insight,86928,CORINA LOPEZ,LEAH HALL,MIA OUSLEY,1,3
457500,Election Day - Insight,86929,CORINA LOPEZ,skipped,skipped,1,3
457500,Election Day - Insight,86930,LEAH HALL,MIA OUSLEY,CORINA LOPEZ,1,3
457500,Election Day - Insight,86931,CORINA LOPEZ,skipped,skipped,1,3
457500,Election Day - Insight,86932,CORINA LOPEZ,LEAH HALL,MIA OUSLEY,1,3
457500,Election Day - Insight,86933,LEAH HALL,MIA OUSLEY,CORINA LOPEZ,1,3
457500,Election Day - Insight,86938,CORINA LOPEZ,skipped,skipped,1,3
457500,Election Day - Insight,86939,CORINA LOPEZ,skipped,skipped,1,3
457500,Election Day - Insight,86940,LEAH HALL,skipped,skipped,1,3
457500,Election Day - Insight,86941,MIA OUSLEY,LEAH HALL,skipped,1,3
457500,Election Day - Insight,86942,MIA OUSLEY,LEAH HALL,skipped,1,3
457500,Election Day - Insight,86943,MIA OUSLEY,LEAH HALL,skipped,1,3
457500,Election Day - Insight,86944,LEAH HALL,CORINA LOPEZ,MIA OUSLEY,1,3
457500,Election Day - Insight,86945,MIA OUSLEY,skipped,skipped,1,3
457500,Election Day - Insight,86946,CORINA LOPEZ,LEAH HALL,MIA OUSLEY,1,3
457500,Election Day - Insight,86947,CORINA LOPEZ,LEAH HALL,MIA OUSLEY,1,3
457500,Election Day - Insight,86948,MIA OUSLEY,CORINA LOPEZ,LEAH HALL,1,3
457500,Election Day - Insight,86949,CORINA LOPEZ,skipped,skipped,1,3
457500,Election Day - Insight,86950,MIA OUSLEY,CORINA LOPEZ,skipped,1,3
457500,Election Day - Insight,86951,CORINA LOPEZ,MIA OUSLEY,LEAH HALL,1,3
457500,Election Day - Insight,86952,CORINA LOPEZ,LEAH HALL,MIA OUSLEY,1,3
457500,Election Day - Insight,86953,LEAH HALL,CORINA LOPEZ,skipped,1,3
457500,Election Day - Insight,86954,CORINA LOPEZ,MIA OUSLEY,LEAH HALL,1,3
457500,Election Day - Insight,86956,CORINA LOPEZ,LEAH HALL,MIA OUSLEY,1,3
457500,Election Day - Insight,86957,CORINA LOPEZ,LEAH HALL,MIA OUSLEY,1,3
457500,Election Day - Insight,86958,CORINA LOPEZ,skipped,skipped,1,3
457500,Election Day - Insight,86959,CORINA LOPEZ,skipped,skipped,1,3
457500,Election Day - Insight,86960,CORINA LOPEZ,LEAH HALL,MIA OUSLEY,1,3
457500,Election Day - Insight,86961,MIA OUSLEY,CORINA LOPEZ,skipped,1,3
457500,Election Day - Insight,86962,CORINA LOPEZ,skipped,skipped,1,3
457500,Election Day - Insight,86963,CORINA LOPEZ,MIA OUSLEY,skipped,1,3
457500,Election Day - Insight,86964,LEAH HALL,MIA OUSLEY,CORINA LOPEZ,1,3
457500,Election Day - Insight,86966,LEAH HALL,skipped,skipped,1,3
457500,Election Day - Insight,86967,CORINA LOPEZ,skipped,skipped,1,3
457500,Election Day - Insight,86968,CORINA LOPEZ,skipped,skipped,1,3
457500,Election Day - Insight,86969,LEAH HALL,skipped,skipped,1,3
457500,Election Day - Insight,86970,MIA OUSLEY,LEAH HALL,CORINA LOPEZ,1,3
457500,Election Day - Insight,86971,MIA OUSLEY,CORINA LOPEZ,LEAH HALL,1,3
457500,Election Day - Insight,86972,LEAH HALL,skipped,skipped,1,3
457500,Election Day - Insight,86973,MIA OUSLEY,CORINA LOPEZ,skipped,1,3
457500,Election Day - Insight,86975,CORINA LOPEZ,skipped,skipped,1,3
457500,Election Day - Insight,86976,LEAH HALL,MIA OUSLEY,skipped,1,3
457500,Election Day - Insight,86977,LEAH HALL,CORINA LOPEZ,MIA OUSLEY,1,3
457500,Election Day - Insight,86978,MIA OUSLEY,LEAH HALL,skipped,1,3
457500,Election Day - Insight,86979,MIA OUSLEY,LEAH HALL,CORINA LOPEZ,1,3
457500,Election Day - Insight,86980,CORINA LOPEZ,LEAH HALL,MIA OUSLEY,1,3
455700,Election Day - Insight,89494,CORINA LOPEZ,skipped,skipped,1,3
455700,Election Day - Insight,89495,MIA OUSLEY,skipped,skipped,1,3
455700,Election Day - Insight,89496,CORINA LOPEZ,LEAH HALL,MIA OUSLEY,1,3
455700,Election Day - Insight,89497,CORINA LOPEZ,LEAH HALL,MIA OUSLEY,1,3
455700,Election Day - Insight,89498,CORINA LOPEZ,MIA OUSLEY,LEAH HALL,1,3
455700,Election Day - Insight,89499,MIA OUSLEY,LEAH HALL,skipped,1,3
455700,Election Day - Insight,89500,CORINA LOPEZ,MIA OUSLEY,LEAH HALL,1,3
455700,Election Day - Insight,89501,CORINA LOPEZ,MIA OUSLEY,LEAH HALL,1,3
455700,Election Day - Insight,89503,CORINA LOPEZ,LEAH HALL,MIA OUSLEY,1,3
455700,Election Day - Insight,89504,LEAH HALL,skipped,skipped,1,3
455700,Election Day - Insight,89505,LEAH HALL,MIA OUSLEY,CORINA LOPEZ,1,3
455700,Election Day - Insight,89506,CORINA LOPEZ,skipped,skipped,1,3
455700,Election Day - Insight,89509,CORINA LOPEZ,skipped,skipped,1,3
455700,Election Day - Insight,89510,MIA OUSLEY,LEAH HALL,CORINA LOPEZ,1,3
455700,Election Day - Insight,89511,MIA OUSLEY,CORINA LOPEZ,LEAH HALL,1,3
455700,Election Day - Insight,89512,CORINA LOPEZ,LEAH HALL,MIA OUSLEY,1,3
455700,Election Day - Insight,89513,CORINA LOPEZ,skipped,skipped,1,3
455700,Election Day - Insight,89514,MIA OUSLEY,skipped,skipped,1,3
455700,Election Day - Insight,89515,MIA OUSLEY,skipped,skipped,1,3
455700,Election Day - Insight,89516,MIA OUSLEY,LEAH HALL,CORINA LOPEZ,1,3
455700,Election Day - Insight,89517,LEAH HALL,MIA OUSLEY,CORINA LOPEZ,1,3
455700,Election Day - Insight,89518,CORINA LOPEZ,MIA OUSLEY,LEAH HALL,1,3
455700,Election Day - Insight,89519,LEAH HALL,MIA OUSLEY,skipped,1,3
455700,Election Day - Insight,89520,CORINA LOPEZ,MIA OUSLEY,LEAH HALL,1,3
455700,Election Day - Insight,89521,CORINA LOPEZ,LEAH HALL,MIA OUSLEY,1,3
455700,Election Day - Insight,89522,CORINA LOPEZ,LEAH HALL,MIA OUSLEY,1,3
455700,Election Day - Insight,89523,CORINA LOPEZ,MIA OUSLEY,LEAH HALL,1,3
455700,Election Day - Insight,89524,CORINA LOPEZ,skipped,skipped,1,3
455700,Election Day - Insight,89525,CORINA LOPEZ,skipped,skipped,1,3
455700,Election Day - Insight,89526,CORINA LOPEZ,MIA OUSLEY,LEAH HALL,1,3
455700,Election Day - Insight,89527,CORINA LOPEZ,MIA OUSLEY,LEAH HALL,1,3
455700,Election Day - Insight,89528,CORINA LOPEZ,LEAH HALL,MIA OUSLEY,1,3
455700,Election Day - Insight,89529,CORINA LOPEZ,LEAH HALL,skipped,1,3
455700,Election Day - Insight,89530,LEAH HALL,MIA OUSLEY,CORINA LOPEZ,1,3
455700,Election Day - Insight,89531,LEAH HALL,skipped,skipped,1,3
455700,Election Day - Insight,89532,CORINA LOPEZ,skipped,skipped,1,3
455700,Election Day - Insight,89533,CORINA LOPEZ,skipped,skipped,1,3
455700,Election Day - Insight,89542,CORINA LOPEZ,LEAH HALL,MIA OUSLEY,1,3
455700,Election Day - Insight,89543,CORINA LOPEZ,MIA OUSLEY,LEAH HALL,1,3
455700,Election Day - Insight,89544,CORINA LOPEZ,MIA OUSLEY,LEAH HALL,1,3
455700,Election Day - Insight,89545,CORINA LOPEZ,MIA OUSLEY,LEAH HALL,1,3
455700,Election Day - Insight,89546,MIA OUSLEY,skipped,skipped,1,3
455700,Election Day - Insight,89547,CORINA LOPEZ,MIA OUSLEY,LEAH HALL,1,3
455700,Election Day - Insight,89548,LEAH HALL,skipped,skipped,1,3
455700,Election Day - Insight,89550,CORINA LOPEZ,MIA OUSLEY,LEAH HALL,1,3
455700,Election Day - Insight,89552,MIA OUSLEY,LEAH HALL,CORINA LOPEZ,1,3
455700,Election Day - Insight,89553,CORINA LOPEZ,MIA OUSLEY,LEAH HALL,1,3
455700,Election Day - Insight,89554,MIA OUSLEY,skipped,skipped,1,3
455700,Election Day - Insight,89555,CORINA LOPEZ,MIA OUSLEY,LEAH HALL,1,3
455700,Election Day - Insight,89556,CORINA LOPEZ,MIA OUSLEY,LEAH HALL,1,3
455700,Election Day - Insight,89557,CORINA LOPEZ,LEAH HALL,MIA OUSLEY,1,3
455700,Election Day - Insight,89558,MIA OUSLEY,CORINA LOPEZ,skipped,1,3
455700,Election Day - Insight,89559,CORINA LOPEZ,skipped,skipped,1,3
455700,Election Day - Insight,89560,CORINA LOPEZ,LEAH HALL,MIA OUSLEY,1,3
455700,Election Day - Insight,89562,CORINA LOPEZ,skipped,skipped,1,3
458800,Election Day - Insight,89717,CORINA LOPEZ,MIA OUSLEY,LEAH HALL,1,3
458800,Election Day - Insight,89718,LEAH HALL,skipped,skipped,1,3
458800,Election Day - Insight,89719,MIA OUSLEY,skipped,skipped,1,3
458800,Election Day - Insight,89720,MIA OUSLEY,CORINA LOPEZ,LEAH HALL,1,3
458800,Election Day - Insight,89721,MIA OUSLEY,skipped,skipped,1,3
458800,Election Day - Insight,89722,MIA OUSLEY,CORINA LOPEZ,skipped,1,3
458800,Election Day - Insight,89723,MIA OUSLEY,skipped,skipped,1,3
458800,Election Day - Insight,89724,MIA OUSLEY,CORINA LOPEZ,LEAH HALL,1,3
458800,Election Day - Insight,89726,CORINA LOPEZ,skipped,skipped,1,3
458800,Election Day - Insight,89729,CORINA LOPEZ,LEAH HALL,skipped,1,3
458800,Election Day - Insight,89730,MIA OUSLEY,skipped,skipped,1,3
458800,Election Day - Insight,89731,LEAH HALL,MIA OUSLEY,CORINA LOPEZ,1,3
458800,Election Day - Insight,89732,CORINA LOPEZ,skipped,skipped,1,3
458800,Election Day - Insight,89733,MIA OUSLEY,skipped,skipped,1,3
458800,Election Day - Insight,89737,CORINA LOPEZ,skipped,skipped,1,3
458800,Election Day - Insight,89738,CORINA LOPEZ,skipped,skipped,1,3
458800,Election Day - Insight,89739,CORINA LOPEZ,MIA OUSLEY,skipped,1,3
458800,Election Day - Insight,89740,CORINA LOPEZ,LEAH HALL,MIA OUSLEY,1,3
458800,Election Day - Insight,89741,LEAH HALL,CORINA LOPEZ,MIA OUSLEY,1,3
458800,Election Day - Insight,89743,CORINA LOPEZ,skipped,skipped,1,3
458800,Election Day - Insight,89744,MIA OUSLEY,LEAH HALL,CORINA LOPEZ,1,3
458800,Election Day - Insight,89745,LEAH HALL,MIA OUSLEY,skipped,1,3
458800,Election Day - Insight,89746,CORINA LOPEZ,skipped,skipped,1,3
458800,Election Day - Insight,89747,CORINA LOPEZ,LEAH HALL,MIA OUSLEY,1,3
458800,Election Day - Insight,89748,LEAH HALL,CORINA LOPEZ,MIA OUSLEY,1,3
458800,Election Day - Insight,89749,MIA OUSLEY,LEAH HALL,CORINA LOPEZ,1,3
458800,Election Day - Insight,89750,CORINA LOPEZ,skipped,skipped,1,3
458800,Election Day - Insight,89751,LEAH HALL,CORINA LOPEZ,MIA OUSLEY,1,3
458800,Election Day - Insight,89752,CORINA LOPEZ,skipped,skipped,1,3
458800,Election Day - Insight,89754,LEAH HALL,MIA OUSLEY,CORINA LOPEZ,1,3
458800,Election Day - Insight,89755,LEAH HALL,CORINA LOPEZ,MIA OUSLEY,1,3
458800,Election Day - Insight,89756,LEAH HALL,MIA OUSLEY,CORINA LOPEZ,1,3
458800,Election Day - Insight,89757,CORINA LOPEZ,skipped,skipped,1,3
458800,Election Day - Insight,89758,CORINA LOPEZ,MIA OUSLEY,LEAH HALL,1,3
458800,Election Day - Insight,89759,CORINA LOPEZ,skipped,skipped,1,3
458800,Election Day - Insight,89760,LEAH HALL,CORINA LOPEZ,skipped,1,3
458800,Election Day - Insight,89761,CORINA LOPEZ,MIA OUSLEY,LEAH HALL,1,3
458800,Election Day - Insight,89762,MIA OUSLEY,CORINA LOPEZ,LEAH HALL,1,3
458800,Election Day - Insight,89763,CORINA LOPEZ,LEAH HALL,MIA OUSLEY,1,3
458800,Election Day - Insight,89766,MIA OUSLEY,LEAH HALL,CORINA LOPEZ,1,3
458800,Election Day - Insight,89767,MIA OUSLEY,LEAH HALL,CORINA LOPEZ,1,3
458800,Election Day - Insight,89768,LEAH HALL,MIA OUSLEY,CORINA LOPEZ,1,3
458800,Election Day - Insight,89769,MIA OUSLEY,skipped,skipped,1,3
458800,Election Day - Insight,89771,CORINA LOPEZ,skipped,skipped,1,3
458800,Election Day - Insight,89772,CORINA LOPEZ,skipped,skipped,1,3
458800,Election Day - Insight,89773,CORINA LOPEZ,LEAH HALL,MIA OUSLEY,1,3
458800,Election Day - Insight,89774,MIA OUSLEY,CORINA LOPEZ,skipped,1,3
458800,Election Day - Insight,89775,CORINA LOPEZ,skipped,skipped,1,3
458800,Election Day - Insight,89776,CORINA LOPEZ,MIA OUSLEY,LEAH HALL,1,3
458800,Election Day - Insight,89777,CORINA LOPEZ,MIA OUSLEY,LEAH HALL,1,3
458800,Election Day - Insight,89778,CORINA LOPEZ,skipped,skipped,1,3
458800,Election Day - Insight,89779,CORINA LOPEZ,LEAH HALL,MIA OUSLEY,1,3
458800,Election Day - Insight,89782,MIA OUSLEY,CORINA LOPEZ,skipped,1,3
458800,Election Day - Insight,89783,LEAH HALL,MIA OUSLEY,CORINA LOPEZ,1,3
458800,Election Day - Insight,89784,MIA OUSLEY,LEAH HALL,CORINA LOPEZ,1,3
458800,Election Day - Insight,89785,CORINA LOPEZ,LEAH HALL,MIA OUSLEY,1,3
458800,Election Day - Insight,89786,MIA OUSLEY,LEAH HALL,CORINA LOPEZ,1,3
458800,Election Day - Insight,89787,CORINA LOPEZ,MIA OUSLEY,LEAH HALL,1,3
458800,Election Day - Insight,89788,CORINA LOPEZ,skipped,skipped,1,3
458800,Election Day - Insight,89789,LEAH HALL,MIA OUSLEY,skipped,1,3
458800,Election Day - Insight,89790,MIA OUSLEY,LEAH HALL,CORINA LOPEZ,1,3
458800,Election Day - Insight,89791,CORINA LOPEZ,LEAH HALL,MIA OUSLEY,1,3
458800,Election Day - Insight,89792,CORINA LOPEZ,MIA OUSLEY,LEAH HALL,1,3
458800,Election Day - Insight,89793,CORINA LOPEZ,MIA OUSLEY,LEAH HALL,1,3
458800,Election Day - Insight,89794,CORINA LOPEZ,LEAH HALL,MIA OUSLEY,1,3
458800,Election Day - Insight,89795,CORINA LOPEZ,MIA OUSLEY,LEAH HALL,1,3
458800,Election Day - Insight,89796,CORINA LOPEZ,MIA OUSLEY,LEAH HALL,1,3
458800,Election Day - Insight,89798,LEAH HALL,CORINA LOPEZ,MIA OUSLEY,1,3
458800,Election Day - Insight,89799,CORINA LOPEZ,skipped,skipped,1,3
458800,Election Day - Insight,89800,CORINA LOPEZ,LEAH HALL,MIA OUSLEY,1,3
458800,Election Day - Insight,89801,CORINA LOPEZ,LEAH HALL,skipped,1,3
458800,Election Day - Insight,89802,CORINA LOPEZ,MIA OUSLEY,LEAH HALL,1,3
458800,Election Day - Insight,89803,LEAH HALL,skipped,skipped,1,3
452500,Election Day - Insight,90573,CORINA LOPEZ,MIA OUSLEY,LEAH HALL,1,3
452500,Election Day - Insight,90574,CORINA LOPEZ,LEAH HALL,MIA OUSLEY,1,3
452500,Election Day - Insight,90575,CORINA LOPEZ,skipped,skipped,1,3
452500,Election Day - Insight,90576,MIA OUSLEY,skipped,skipped,1,3
452500,Election Day - Insight,90577,CORINA LOPEZ,skipped,skipped,1,3
452500,Election Day - Insight,90578,CORINA LOPEZ,skipped,skipped,1,3
452500,Election Day - Insight,90579,LEAH HALL,CORINA LOPEZ,MIA OUSLEY,1,3
452500,Election Day - Insight,90580,CORINA LOPEZ,LEAH HALL,MIA OUSLEY,1,3
452500,Election Day - Insight,90581,CORINA LOPEZ,LEAH HALL,MIA OUSLEY,1,3
452500,Election Day - Insight,90582,CORINA LOPEZ,skipped,skipped,1,3
452500,Election Day - Insight,90589,LEAH HALL,CORINA LOPEZ,skipped,1,3
452500,Election Day - Insight,90590,CORINA LOPEZ,MIA OUSLEY,skipped,1,3
452500,Election Day - Insight,90591,LEAH HALL,CORINA LOPEZ,skipped,1,3
452500,Election Day - Insight,90593,CORINA LOPEZ,LEAH HALL,skipped,1,3
452500,Election Day - Insight,90594,LEAH HALL,MIA OUSLEY,CORINA LOPEZ,1,3
452500,Election Day - Insight,90595,CORINA LOPEZ,skipped,skipped,1,3
452500,Election Day - Insight,90596,LEAH HALL,MIA OUSLEY,CORINA LOPEZ,1,3
452500,Election Day - Insight,90597,MIA OUSLEY,skipped,skipped,1,3
452500,Election Day - Insight,90598,CORINA LOPEZ,skipped,skipped,1,3
452500,Election Day - Insight,90599,LEAH HALL,CORINA LOPEZ,skipped,1,3
452500,Election Day - Insight,90600,LEAH HALL,skipped,skipped,1,3
452500,Election Day - Insight,90601,MIA OUSLEY,LEAH HALL,CORINA LOPEZ,1,3
452500,Election Day - Insight,90602,MIA OUSLEY,CORINA LOPEZ,LEAH HALL,1,3
452500,Election Day - Insight,90603,CORINA LOPEZ,MIA OUSLEY,skipped,1,3
452500,Election Day - Insight,90604,MIA OUSLEY,skipped,skipped,1,3
452500,Election Day - Insight,90605,LEAH HALL,CORINA LOPEZ,MIA OUSLEY,1,3
452500,Election Day - Insight,90606,CORINA LOPEZ,MIA OUSLEY,LEAH HALL,1,3
452500,Election Day - Insight,90607,LEAH HALL,CORINA LOPEZ,MIA OUSLEY,1,3
452500,Election Day - Insight,90609,CORINA LOPEZ,LEAH HALL,skipped,1,3
452500,Election Day - Insight,90612,LEAH HALL,MIA OUSLEY,CORINA LOPEZ,1,3
452500,Election Day - Insight,90613,LEAH HALL,CORINA LOPEZ,MIA OUSLEY,1,3
452500,Election Day - Insight,90614,CORINA LOPEZ,skipped,skipped,1,3
452500,Election Day - Insight,90617,LEAH HALL,skipped,skipped,1,3
452500,Election Day - Insight,90618,CORINA LOPEZ,skipped,skipped,1,3
452500,Election Day - Insight,90619,CORINA LOPEZ,MIA OUSLEY,LEAH HALL,1,3
452500,Election Day - Insight,90620,CORINA LOPEZ,LEAH HALL,MIA OUSLEY,1,3
452500,Election Day - Insight,90621,CORINA LOPEZ,LEAH HALL,MIA OUSLEY,1,3
452500,Election Day - Insight,90622,LEAH HALL,MIA OUSLEY,CORINA LOPEZ,1,3
452500,Election Day - Insight,90623,CORINA LOPEZ,LEAH HALL,skipped,1,3
452500,Election Day - Insight,90624,CORINA LOPEZ,MIA OUSLEY,LEAH HALL,1,3
452500,Election Day - Insight,90625,CORINA LOPEZ,MIA OUSLEY,LEAH HALL,1,3
452500,Election Day - Insight,90626,CORINA LOPEZ,LEAH HALL,MIA OUSLEY,1,3
452500,Election Day - Insight,90628,CORINA LOPEZ,skipped,skipped,1,3
452500,Election Day - Insight,90629,LEAH HALL,CORINA LOPEZ,skipped,1,3
452500,Election Day - Insight,90630,CORINA LOPEZ,skipped,skipped,1,3
452500,Election Day - Insight,90631,CORINA LOPEZ,LEAH HALL,MIA OUSLEY,1,3
452500,Election Day - Insight,90632,LEAH HALL,CORINA LOPEZ,MIA OUSLEY,1,3
452500,Election Day - Insight,90633,LEAH HALL,skipped,skipped,1,3
452500,Election Day - Insight,90635,CORINA LOPEZ,MIA OUSLEY,LEAH HALL,1,3
452500,Election Day - Insight,90636,CORINA LOPEZ,skipped,skipped,1,3
452500,Election Day - Insight,90637,CORINA LOPEZ,skipped,skipped,1,3
452500,Election Day - Insight,90638,CORINA LOPEZ,LEAH HALL,MIA OUSLEY,1,3
452500,Election Day - Insight,90639,CORINA LOPEZ,MIA OUSLEY,LEAH HALL,1,3
452500,Election Day - Insight,90640,CORINA LOPEZ,skipped,skipped,1,3
452500,Election Day - Insight,90641,CORINA LOPEZ,LEAH HALL,MIA OUSLEY,1,3
452500,Election Day - Insight,90642,CORINA LOPEZ,skipped,skipped,1,3
452500,Election Day - Insight,90643,CORINA LOPEZ,LEAH HALL,MIA OUSLEY,1,3
452500,Election Day - Insight,90644,MIA OUSLEY,CORINA LOPEZ,LEAH HALL,1,3
452500,Election Day - Insight,90645,LEAH HALL,skipped,skipped,1,3
451000,Election Day - Insight,92566,LEAH HALL,skipped,skipped,1,3
451000,Election Day - Insight,92567,CORINA LOPEZ,LEAH HALL,MIA OUSLEY,1,3
451000,Election Day - Insight,92568,CORINA LOPEZ,LEAH HALL,MIA OUSLEY,1,3
451000,Election Day - Insight,92569,MIA OUSLEY,LEAH HALL,CORINA LOPEZ,1,3
451000,Election Day - Insight,92570,MIA OUSLEY,CORINA LOPEZ,LEAH HALL,1,3
451000,Election Day - Insight,92571,CORINA LOPEZ,LEAH HALL,MIA OUSLEY,1,3
451000,Election Day - Insight,92572,MIA OUSLEY,CORINA LOPEZ,LEAH HALL,1,3
451000,Election Day - Insight,92575,LEAH HALL,skipped,skipped,1,3
451000,Election Day - Insight,92576,MIA OUSLEY,skipped,skipped,1,3
451000,Election Day - Insight,92577,LEAH HALL,MIA OUSLEY,CORINA LOPEZ,1,3
451000,Election Day - Insight,92578,MIA OUSLEY,CORINA LOPEZ,LEAH HALL,1,3
451000,Election Day - Insight,92579,CORINA LOPEZ,MIA OUSLEY,skipped,1,3
451000,Election Day - Insight,92580,LEAH HALL,skipped,skipped,1,3
451000,Election Day - Insight,92581,LEAH HALL,skipped,skipped,1,3
451000,Election Day - Insight,92582,LEAH HALL,skipped,skipped,1,3
451000,Election Day - Insight,92583,CORINA LOPEZ,MIA OUSLEY,LEAH HALL,1,3
451000,Election Day - Insight,92584,LEAH HALL,CORINA LOPEZ,MIA OUSLEY,1,3
451000,Election Day - Insight,92586,CORINA LOPEZ,MIA OUSLEY,LEAH HALL,1,3
451000,Election Day - Insight,92587,MIA OUSLEY,skipped,skipped,1,3
451000,Election Day - Insight,92588,MIA OUSLEY,skipped,skipped,1,3
451000,Election Day - Insight,92589,MIA OUSLEY,LEAH HALL,skipped,1,3
451000,Election Day - Insight,92590,MIA OUSLEY,LEAH HALL,CORINA LOPEZ,1,3
451000,Election Day - Insight,92591,CORINA LOPEZ,skipped,skipped,1,3
451000,Election Day - Insight,92592,LEAH HALL,CORINA LOPEZ,MIA OUSLEY,1,3
451000,Election Day - Insight,92593,MIA OUSLEY,skipped,skipped,1,3
451000,Election Day - Insight,92594,CORINA LOPEZ,skipped,skipped,1,3
451000,Election Day - Insight,92595,MIA OUSLEY,CORINA LOPEZ,LEAH HALL,1,3
451000,Election Day - Insight,92596,MIA OUSLEY,CORINA LOPEZ,LEAH HALL,1,3
451000,Election Day - Insight,92599,MIA OUSLEY,CORINA LOPEZ,skipped,1,3
451000,Election Day - Insight,92600,CORINA LOPEZ,skipped,skipped,1,3
451000,Election Day - Insight,92601,CORINA LOPEZ,skipped,skipped,1,3
451000,Election Day - Insight,92602,CORINA LOPEZ,skipped,skipped,1,3
451000,Election Day - Insight,92603,CORINA LOPEZ,skipped,skipped,1,3
451000,Election Day - Insight,92604,MIA OUSLEY,LEAH HALL,CORINA LOPEZ,1,3
451000,Election Day - Insight,92605,LEAH HALL,CORINA LOPEZ,skipped,1,3
451000,Election Day - Insight,92606,CORINA LOPEZ,skipped,skipped,1,3
451000,Election Day - Insight,92607,CORINA LOPEZ,MIA OUSLEY,LEAH HALL,1,3
451000,Election Day - Insight,92608,CORINA LOPEZ,MIA OUSLEY,LEAH HALL,1,3
451000,Election Day - Insight,92609,CORINA LOPEZ,LEAH HALL,MIA OUSLEY,1,3
451000,Election Day - Insight,92610,MIA OUSLEY,skipped,skipped,1,3
451000,Election Day - Insight,92611,CORINA LOPEZ,LEAH HALL,skipped,1,3
451000,Election Day - Insight,92612,CORINA LOPEZ,MIA OUSLEY,LEAH HALL,1,3
451000,Election Day - Insight,92613,LEAH HALL,skipped,skipped,1,3
451000,Election Day - Insight,92630,CORINA LOPEZ,skipped,skipped,1,3
451000,Election Day - Insight,92632,MIA OUSLEY,LEAH HALL,CORINA LOPEZ,1,3
451000,Election Day - Insight,92633,MIA OUSLEY,LEAH HALL,CORINA LOPEZ,1,3
451000,Election Day - Insight,92634,CORINA LOPEZ,MIA OUSLEY,LEAH HALL,1,3
451000,Election Day - Insight,92635,LEAH HALL,MIA OUSLEY,CORINA LOPEZ,1,3
451000,Election Day - Insight,92636,LEAH HALL,CORINA LOPEZ,skipped,1,3
451000,Election Day - Insight,92637,LEAH HALL,MIA OUSLEY,skipped,1,3
451000,Election Day - Insight,92638,MIA OUSLEY,LEAH HALL,CORINA LOPEZ,1,3
451000,Election Day - Insight,92639,MIA OUSLEY,LEAH HALL,CORINA LOPEZ,1,3
451000,Election Day - Insight,92640,CORINA LOPEZ,MIA OUSLEY,LEAH HALL,1,3
451000,Election Day - Insight,92641,CORINA LOPEZ,MIA OUSLEY,LEAH HALL,1,3
451000,Election Day - Insight,92642,LEAH HALL,MIA OUSLEY,CORINA LOPEZ,1,3
451000,Election Day - Insight,92643,CORINA LOPEZ,MIA OUSLEY,LEAH HALL,1,3
451000,Election Day - Insight,92644,MIA OUSLEY,CORINA LOPEZ,LEAH HALL,1,3
451000,Election Day - Insight,92645,CORINA LOPEZ,MIA OUSLEY,LEAH HALL,1,3
451000,Election Day - Insight,92646,MIA OUSLEY,skipped,skipped,1,3
451000,Election Day - Insight,92647,CORINA LOPEZ,skipped,skipped,1,3
451000,Election Day - Insight,92648,LEAH HALL,MIA OUSLEY,CORINA LOPEZ,1,3
451000,Election Day - Insight,92650,CORINA LOPEZ,LEAH HALL,MIA OUSLEY,1,3
451000,Election Day - Insight,92651,CORINA LOPEZ,LEAH HALL,MIA OUSLEY,1,3
451000,Election Day - Insight,92652,CORINA LOPEZ,LEAH HALL,MIA OUSLEY,1,3
451000,Election Day - Insight,92653,CORINA LOPEZ,skipped,skipped,1,3
451000,Election Day - Insight,92654,CORINA LOPEZ,MIA OUSLEY,skipped,1,3
451000,Election Day - Insight,92655,CORINA LOPEZ,MIA OUSLEY,LEAH HALL,1,3
451000,Election Day - Insight,92657,MIA OUSLEY,skipped,skipped,1,3
451000,Election Day - Insight,92658,MIA OUSLEY,skipped,skipped,1,3
451000,Election Day - Insight,92659,CORINA LOPEZ,skipped,skipped,1,3
451000,Election Day - Insight,92661,CORINA LOPEZ,MIA OUSLEY,LEAH HALL,1,3
451000,Election Day - Insight,92662,CORINA LOPEZ,MIA OUSLEY,LEAH HALL,1,3
451000,Election Day - Insight,92663,MIA OUSLEY,LEAH HALL,skipped,1,3
451000,Election Day - Insight,92664,CORINA LOPEZ,MIA OUSLEY,LEAH HALL,1,3
451000,Election Day - Insight,92665,CORINA LOPEZ,skipped,skipped,1,3
451000,Election Day - Insight,92666,LEAH HALL,CORINA LOPEZ,MIA OUSLEY,1,3
451000,Election Day - Insight,92667,CORINA LOPEZ,skipped,skipped,1,3
451000,Election Day - Insight,92668,LEAH HALL,MIA OUSLEY,CORINA LOPEZ,1,3
451000,Election Day - Insight,92669,CORINA LOPEZ,LEAH HALL,MIA OUSLEY,1,3
451000,Election Day - Insight,92670,CORINA LOPEZ,skipped,skipped,1,3
451000,Election Day - Insight,92671,LEAH HALL,CORINA LOPEZ,MIA OUSLEY,1,3
451000,Election Day - Insight,92672,MIA OUSLEY,CORINA LOPEZ,LEAH HALL,1,3
451000,Election Day - Insight,92674,LEAH HALL,CORINA LOPEZ,MIA OUSLEY,1,3
451000,Election Day - Insight,92675,CORINA LOPEZ,skipped,skipped,1,3
451000,Election Day - Insight,92677,CORINA LOPEZ,MIA OUSLEY,LEAH HALL,1,3
451000,Election Day - Insight,92678,LEAH HALL,MIA OUSLEY,CORINA LOPEZ,1,3
451000,Election Day - Insight,92679,CORINA LOPEZ,skipped,skipped,1,3
451000,Election Day - Insight,92680,LEAH HALL,MIA OUSLEY,CORINA LOPEZ,1,3
451000,Election Day - Insight,92681,MIA OUSLEY,skipped,skipped,1,3
451000,Election Day - Insight,92682,CORINA LOPEZ,LEAH HALL,MIA OUSLEY,1,3
451000,Election Day - Insight,92683,CORINA LOPEZ,LEAH HALL,MIA OUSLEY,1,3
451000,Election Day - Insight,92684,CORINA LOPEZ,LEAH HALL,MIA OUSLEY,1,3
451000,Election Day - Insight,92685,CORINA LOPEZ,MIA OUSLEY,skipped,1,3
451000,Election Day - Insight,92686,CORINA LOPEZ,LEAH HALL,MIA OUSLEY,1,3
451000,Election Day - Insight,92687,CORINA LOPEZ,LEAH HALL,MIA OUSLEY,1,3
451000,Election Day - Insight,92688,MIA OUSLEY,CORINA LOPEZ,LEAH HALL,1,3
451000,Election Day - Insight,92689,LEAH HALL,skipped,skipped,1,3
451000,Election Day - Insight,92690,CORINA LOPEZ,skipped,skipped,1,3
451000,Election Day - Insight,92691,CORINA LOPEZ,skipped,skipped,1,3
451000,Election Day - Insight,92692,CORINA LOPEZ,LEAH HALL,MIA OUSLEY,1,3
451000,Election Day - Insight,92693,MIA OUSLEY,skipped,skipped,1,3
451000,Election Day - Insight,92695,MIA OUSLEY,skipped,skipped,1,3
451000,Election Day - Insight,92696,MIA OUSLEY,skipped,skipped,1,3
451000,Election Day - Insight,92697,CORINA LOPEZ,MIA OUSLEY,LEAH HALL,1,3
451000,Election Day - Insight,92698,CORINA LOPEZ,LEAH HALL,MIA OUSLEY,1,3
451000,Election Day - Insight,92699,CORINA LOPEZ,skipped,skipped,1,3
451000,Election Day - Insight,92700,CORINA LOPEZ,MIA OUSLEY,skipped,1,3
451000,Election Day - Insight,92702,LEAH HALL,MIA OUSLEY,skipped,1,3
451000,Election Day - Insight,92703,MIA OUSLEY,LEAH HALL,CORINA LOPEZ,1,3
451000,Election Day - Insight,92704,CORINA LOPEZ,skipped,skipped,1,3
451000,Election Day - Insight,92705,CORINA LOPEZ,MIA OUSLEY,LEAH HALL,1,3
451000,Election Day - Insight,92706,CORINA LOPEZ,skipped,skipped,1,3
451000,Election Day - Insight,92707,MIA OUSLEY,LEAH HALL,CORINA LOPEZ,1,3
451000,Election Day - Insight,92708,CORINA LOPEZ,MIA OUSLEY,LEAH HALL,1,3
451000,Election Day - Insight,92712,CORINA LOPEZ,LEAH HALL,MIA OUSLEY,1,3
451000,Election Day - Insight,92717,LEAH HALL,MIA OUSLEY,CORINA LOPEZ,1,3
451000,Election Day - Insight,92718,CORINA LOPEZ,MIA OUSLEY,skipped,1,3
451000,Election Day - Insight,92719,CORINA LOPEZ,LEAH HALL,MIA OUSLEY,1,3
451000,Election Day - Insight,92720,MIA OUSLEY,CORINA LOPEZ,LEAH HALL,1,3
451000,Election Day - Insight,92721,CORINA LOPEZ,LEAH HALL,MIA OUSLEY,1,3
451000,Election Day - Insight,92723,CORINA LOPEZ,LEAH HALL,skipped,1,3
451000,Election Day - Insight,92724,LEAH HALL,MIA OUSLEY,CORINA LOPEZ,1,3
451000,Election Day - Insight,92725,MIA OUSLEY,CORINA LOPEZ,LEAH HALL,1,3
451000,Election Day - Insight,92726,MIA OUSLEY,LEAH HALL,CORINA LOPEZ,1,3
451000,Election Day - Insight,92728,LEAH HALL,skipped,skipped,1,3
451000,Election Day - Insight,92729,LEAH HALL,skipped,skipped,1,3
451000,Election Day - Insight,92730,MIA OUSLEY,CORINA LOPEZ,LEAH HALL,1,3
451000,Election Day - Insight,92731,CORINA LOPEZ,MIA OUSLEY,LEAH HALL,1,3
451000,Election Day - Insight,92732,CORINA LOPEZ,skipped,skipped,1,3
451000,Election Day - Insight,92733,LEAH HALL,skipped,skipped,1,3
451000,Election Day - Insight,92734,LEAH HALL,CORINA LOPEZ,MIA OUSLEY,1,3
451000,Election Day - Insight,92735,LEAH HALL,MIA OUSLEY,CORINA LOPEZ,1,3
451000,Election Day - Insight,92736,CORINA LOPEZ,MIA OUSLEY,LEAH HALL,1,3
451000,Election Day - Insight,92737,CORINA LOPEZ,LEAH HALL,MIA OUSLEY,1,3
451000,Election Day - Insight,92738,LEAH HALL,MIA OUSLEY,CORINA LOPEZ,1,3
451000,Election Day - Insight,92739,MIA OUSLEY,skipped,skipped,1,3
451000,Election Day - Insight,92740,CORINA LOPEZ,LEAH HALL,MIA OUSLEY,1,3
451000,Election Day - Insight,92741,CORINA LOPEZ,skipped,skipped,1,3
450400,Election Day - Insight,92854,CORINA LOPEZ,skipped,skipped,1,3
450400,Election Day - Insight,92855,CORINA LOPEZ,LEAH HALL,MIA OUSLEY,1,3
450400,Election Day - Insight,92857,CORINA LOPEZ,MIA OUSLEY,skipped,1,3
450400,Election Day - Insight,92858,CORINA LOPEZ,skipped,skipped,1,3
450400,Election Day - Insight,92859,LEAH HALL,MIA OUSLEY,CORINA LOPEZ,1,3
450400,Election Day - Insight,92860,CORINA LOPEZ,MIA OUSLEY,LEAH HALL,1,3
450400,Election Day - Insight,92863,CORINA LOPEZ,skipped,skipped,1,3
450400,Election Day - Insight,92864,CORINA LOPEZ,skipped,skipped,1,3
450400,Election Day - Insight,92865,CORINA LOPEZ,LEAH HALL,MIA OUSLEY,1,3
453100,Election Day - Insight,94150,LEAH HALL,MIA OUSLEY,CORINA LOPEZ,1,3
453100,Election Day - Insight,94151,LEAH HALL,MIA OUSLEY,skipped,1,3
453100,Election Day - Insight,94152,LEAH HALL,CORINA LOPEZ,MIA OUSLEY,1,3
453100,Election Day - Insight,94153,LEAH HALL,skipped,skipped,1,3
453100,Election Day - Insight,94155,MIA OUSLEY,CORINA LOPEZ,LEAH HALL,1,3
453100,Election Day - Insight,94156,CORINA LOPEZ,skipped,skipped,1,3
453100,Election Day - Insight,94157,CORINA LOPEZ,LEAH HALL,skipped,1,3
453100,Election Day - Insight,94158,CORINA LOPEZ,skipped,skipped,1,3
453100,Election Day - Insight,94159,LEAH HALL,skipped,skipped,1,3
453100,Election Day - Insight,94160,CORINA LOPEZ,MIA OUSLEY,LEAH HALL,1,3
453100,Election Day - Insight,94161,CORINA LOPEZ,LEAH HALL,MIA OUSLEY,1,3
453100,Election Day - Insight,94162,MIA OUSLEY,skipped,skipped,1,3
453100,Election Day - Insight,94163,MIA OUSLEY,skipped,skipped,1,3
453100,Election Day - Insight,94164,CORINA LOPEZ,skipped,skipped,1,3
453100,Election Day - Insight,94165,CORINA LOPEZ,skipped,skipped,1,3
453100,Election Day - Insight,94166,CORINA LOPEZ,skipped,skipped,1,3
453100,Election Day - Insight,94167,LEAH HALL,CORINA LOPEZ,MIA OUSLEY,1,3
453100,Election Day - Insight,94179,CORINA LOPEZ,MIA OUSLEY,LEAH HALL,1,3
453100,Election Day - Insight,94180,CORINA LOPEZ,MIA OUSLEY,LEAH HALL,1,3
453100,Election Day - Insight,94181,CORINA LOPEZ,MIA OUSLEY,LEAH HALL,1,3
453100,Election Day - Insight,94182,MIA OUSLEY,CORINA LOPEZ,LEAH HALL,1,3
453100,Election Day - Insight,94183,MIA OUSLEY,CORINA LOPEZ,LEAH HALL,1,3
453100,Election Day - Insight,94184,LEAH HALL,skipped,skipped,1,3
453100,Election Day - Insight,94185,CORINA LOPEZ,skipped,skipped,1,3
453100,Election Day - Insight,94186,MIA OUSLEY,CORINA LOPEZ,LEAH HALL,1,3
453100,Election Day - Insight,94187,CORINA LOPEZ,MIA OUSLEY,LEAH HALL,1,3
453100,Election Day - Insight,94188,CORINA LOPEZ,LEAH HALL,MIA OUSLEY,1,3
453100,Election Day - Insight,94189,CORINA LOPEZ,LEAH HALL,skipped,1,3
453100,Election Day - Insight,94190,MIA OUSLEY,LEAH HALL,skipped,1,3
453100,Election Day - Insight,94192,LEAH HALL,MIA OUSLEY,CORINA LOPEZ,1,3
453100,Election Day - Insight,94194,CORINA LOPEZ,skipped,skipped,1,3
453100,Election Day - Insight,94195,CORINA LOPEZ,LEAH HALL,MIA OUSLEY,1,3
453100,Election Day - Insight,94197,CORINA LOPEZ,MIA OUSLEY,skipped,1,3
453100,Election Day - Insight,94198,MIA OUSLEY,skipped,skipped,1,3
453100,Election Day - Insight,94200,MIA OUSLEY,CORINA LOPEZ,LEAH HALL,1,3
453100,Election Day - Insight,94201,LEAH HALL,skipped,skipped,1,3
453100,Election Day - Insight,94203,LEAH HALL,MIA OUSLEY,CORINA LOPEZ,1,3
453100,Election Day - Insight,94204,LEAH HALL,skipped,skipped,1,3
453100,Election Day - Insight,94205,CORINA LOPEZ,MIA OUSLEY,LEAH HALL,1,3
453100,Election Day - Insight,94206,CORINA LOPEZ,skipped,skipped,1,3
453100,Election Day - Insight,94207,CORINA LOPEZ,skipped,skipped,1,3
453100,Election Day - Insight,94209,LEAH HALL,CORINA LOPEZ,MIA OUSLEY,1,3
453100,Election Day - Insight,94210,LEAH HALL,skipped,skipped,1,3
453100,Election Day - Insight,94211,MIA OUSLEY,CORINA LOPEZ,LEAH HALL,1,3
453100,Election Day - Insight,94213,CORINA LOPEZ,skipped,skipped,1,3
453100,Election Day - Insight,94214,CORINA LOPEZ,skipped,skipped,1,3
453100,Election Day - Insight,94215,CORINA LOPEZ,skipped,skipped,1,3
453100,Election Day - Insight,94216,CORINA LOPEZ,skipped,skipped,1,3
453100,Election Day - Insight,94217,CORINA LOPEZ,skipped,skipped,1,3
453100,Election Day - Insight,94218,CORINA LOPEZ,MIA OUSLEY,LEAH HALL,1,3
453100,Election Day - Insight,94219,LEAH HALL,skipped,skipped,1,3
453100,Election Day - Insight,94220,CORINA LOPEZ,LEAH HALL,MIA OUSLEY,1,3
453100,Election Day - Insight,94221,CORINA LOPEZ,LEAH HALL,MIA OUSLEY,1,3
453100,Election Day - Insight,94222,CORINA LOPEZ,skipped,skipped,1,3
453100,Election Day - Insight,94223,CORINA LOPEZ,MIA OUSLEY,LEAH HALL,1,3
453100,Election Day - Insight,94224,CORINA LOPEZ,LEAH HALL,MIA OUSLEY,1,3
453100,Election Day - Insight,94225,LEAH HALL,skipped,skipped,1,3
453100,Election Day - Insight,94226,CORINA LOPEZ,LEAH HALL,MIA OUSLEY,1,3
453100,Election Day - Insight,94227,CORINA LOPEZ,skipped,skipped,1,3
453100,Election Day - Insight,94230,CORINA LOPEZ,MIA OUSLEY,LEAH HALL,1,3
453100,Election Day - Insight,94231,CORINA LOPEZ,MIA OUSLEY,skipped,1,3
453100,Election Day - Insight,94232,CORINA LOPEZ,skipped,skipped,1,3
453100,Election Day - Insight,94233,CORINA LOPEZ,skipped,skipped,1,3
453100,Election Day - Insight,94234,MIA OUSLEY,CORINA LOPEZ,skipped,1,3
453100,Election Day - Insight,94235,MIA OUSLEY,LEAH HALL,CORINA LOPEZ,1,3
453100,Election Day - Insight,94236,LEAH HALL,CORINA LOPEZ,MIA OUSLEY,1,3
453100,Election Day - Insight,94237,CORINA LOPEZ,MIA OUSLEY,LEAH HALL,1,3
453100,Election Day - Insight,94238,CORINA LOPEZ,skipped,skipped,1,3
453100,Election Day - Insight,94239,CORINA LOPEZ,skipped,skipped,1,3
453100,Election Day - Insight,94240,LEAH HALL,skipped,skipped,1,3
453100,Election Day - Insight,94241,CORINA LOPEZ,skipped,skipped,1,3
453100,Election Day - Insight,94242,LEAH HALL,CORINA LOPEZ,MIA OUSLEY,1,3
453100,Election Day - Insight,94243,LEAH HALL,skipped,skipped,1,3
453100,Election Day - Insight,94244,CORINA LOPEZ,MIA OUSLEY,LEAH HALL,1,3
453100,Election Day - Insight,94245,LEAH HALL,CORINA LOPEZ,skipped,1,3
453100,Election Day - Insight,94248,CORINA LOPEZ,skipped,skipped,1,3
453100,Election Day - Insight,94249,CORINA LOPEZ,skipped,skipped,1,3
453100,Election Day - Insight,94250,CORINA LOPEZ,LEAH HALL,MIA OUSLEY,1,3
453100,Election Day - Insight,94251,CORINA LOPEZ,LEAH HALL,skipped,1,3
453100,Election Day - Insight,94252,LEAH HALL,CORINA LOPEZ,MIA OUSLEY,1,3
453100,Election Day - Insight,94253,MIA OUSLEY,LEAH HALL,CORINA LOPEZ,1,3
453100,Election Day - Insight,94254,CORINA LOPEZ,MIA OUSLEY,LEAH HALL,1,3
453100,Election Day - Insight,94255,MIA OUSLEY,skipped,skipped,1,3
453100,Election Day - Insight,94256,MIA OUSLEY,skipped,skipped,1,3
453100,Election Day - Insight,94257,MIA OUSLEY,skipped,skipped,1,3
453100,Election Day - Insight,94258,LEAH HALL,skipped,skipped,1,3
453100,Election Day - Insight,94261,MIA OUSLEY,CORINA LOPEZ,LEAH HALL,1,3
453100,Election Day - Insight,94262,CORINA LOPEZ,MIA OUSLEY,LEAH HALL,1,3
453100,Election Day - Insight,94264,LEAH HALL,MIA OUSLEY,CORINA LOPEZ,1,3
453100,Election Day - Insight,94265,CORINA LOPEZ,MIA OUSLEY,LEAH HALL,1,3
453100,Election Day - Insight,94266,MIA OUSLEY,CORINA LOPEZ,LEAH HALL,1,3
453100,Election Day - Insight,94267,CORINA LOPEZ,MIA OUSLEY,LEAH HALL,1,3
453100,Election Day - Insight,94268,CORINA LOPEZ,MIA OUSLEY,LEAH HALL,1,3
453100,Election Day - Insight,94269,CORINA LOPEZ,skipped,skipped,1,3
453100,Election Day - Insight,94270,CORINA LOPEZ,MIA OUSLEY,LEAH HALL,1,3
453100,Election Day - Insight,94271,CORINA LOPEZ,LEAH HALL,MIA OUSLEY,1,3
453100,Election Day - Insight,94272,CORINA LOPEZ,MIA OUSLEY,LEAH HALL,1,3
453100,Election Day - Insight,94273,CORINA LOPEZ,skipped,skipped,1,3
453100,Election Day - Insight,94274,CORINA LOPEZ,LEAH HALL,MIA OUSLEY,1,3
453100,Election Day - Insight,94275,CORINA LOPEZ,MIA OUSLEY,LEAH HALL,1,3
453100,Election Day - Insight,94276,MIA OUSLEY,LEAH HALL,CORINA LOPEZ,1,3
453100,Election Day - Insight,94277,CORINA LOPEZ,skipped,skipped,1,3
453100,Election Day - Insight,94278,CORINA LOPEZ,MIA OUSLEY,LEAH HALL,1,3
453100,Election Day - Insight,94279,MIA OUSLEY,CORINA LOPEZ,LEAH HALL,1,3
453100,Election Day - Insight,94280,LEAH HALL,MIA OUSLEY,CORINA LOPEZ,1,3
453100,Election Day - Insight,94281,CORINA LOPEZ,LEAH HALL,skipped,1,3
453100,Election Day - Insight,94282,CORINA LOPEZ,LEAH HALL,skipped,1,3
453100,Election Day - Insight,94283,LEAH HALL,MIA OUSLEY,CORINA LOPEZ,1,3
453100,Election Day - Insight,94284,LEAH HALL,CORINA LOPEZ,MIA OUSLEY,1,3
453100,Election Day - Insight,94285,LEAH HALL,skipped,skipped,1,3
453100,Election Day - Insight,94286,LEAH HALL,CORINA LOPEZ,MIA OUSLEY,1,3
453100,Election Day - Insight,94287,MIA OUSLEY,skipped,skipped,1,3
453100,Election Day - Insight,94288,MIA OUSLEY,skipped,skipped,1,3
453100,Election Day - Insight,94289,LEAH HALL,CORINA LOPEZ,MIA OUSLEY,1,3
453100,Election Day - Insight,94290,CORINA LOPEZ,skipped,skipped,1,3
453100,Election Day - Insight,94291,CORINA LOPEZ,MIA OUSLEY,LEAH HALL,1,3
453100,Election Day - Insight,94292,MIA OUSLEY,LEAH HALL,CORINA LOPEZ,1,3
451510,Election Day - Insight,94420,CORINA LOPEZ,skipped,skipped,1,3
451510,Election Day - Insight,94421,LEAH HALL,CORINA LOPEZ,MIA OUSLEY,1,3
451510,Election Day - Insight,94422,LEAH HALL,MIA OUSLEY,CORINA LOPEZ,1,3
451510,Election Day - Insight,94423,LEAH HALL,MIA OUSLEY,CORINA LOPEZ,1,3
451510,Election Day - Insight,94435,CORINA LOPEZ,MIA OUSLEY,LEAH HALL,1,3
451510,Election Day - Insight,94436,MIA OUSLEY,skipped,skipped,1,3
451510,Election Day - Insight,94437,LEAH HALL,skipped,skipped,1,3
451510,Election Day - Insight,94438,CORINA LOPEZ,skipped,skipped,1,3
451510,Election Day - Insight,94439,LEAH HALL,MIA OUSLEY,CORINA LOPEZ,1,3
451510,Election Day - Insight,94440,MIA OUSLEY,CORINA LOPEZ,skipped,1,3
451510,Election Day - Insight,94442,CORINA LOPEZ,MIA OUSLEY,skipped,1,3
451510,Election Day - Insight,94443,CORINA LOPEZ,LEAH HALL,MIA OUSLEY,1,3
451510,Election Day - Insight,94444,CORINA LOPEZ,skipped,skipped,1,3
451510,Election Day - Insight,94445,CORINA LOPEZ,skipped,skipped,1,3
451510,Election Day - Insight,94446,CORINA LOPEZ,LEAH HALL,MIA OUSLEY,1,3
451510,Election Day - Insight,94447,MIA OUSLEY,skipped,skipped,1,3
451510,Election Day - Insight,94448,CORINA LOPEZ,LEAH HALL,MIA OUSLEY,1,3
451510,Election Day - Insight,94449,MIA OUSLEY,LEAH HALL,CORINA LOPEZ,1,3
451510,Election Day - Insight,94451,CORINA LOPEZ,MIA OUSLEY,LEAH HALL,1,3
451510,Election Day - Insight,94452,CORINA LOPEZ,MIA OUSLEY,LEAH HALL,1,3
451510,Election Day - Insight,94453,MIA OUSLEY,skipped,skipped,1,3
451510,Election Day - Insight,94454,MIA OUSLEY,CORINA LOPEZ,skipped,1,3
451510,Election Day - Insight,94455,CORINA LOPEZ,skipped,skipped,1,3
451510,Election Day - Insight,94456,CORINA LOPEZ,LEAH HALL,MIA OUSLEY,1,3
451510,Election Day - Insight,94457,MIA OUSLEY,CORINA LOPEZ,LEAH HALL,1,3
451510,Election Day - Insight,94458,MIA OUSLEY,skipped,skipped,1,3
451510,Election Day - Insight,94460,LEAH HALL,CORINA LOPEZ,MIA OUSLEY,1,3
451510,Election Day - Insight,94461,LEAH HALL,MIA OUSLEY,CORINA LOPEZ,1,3
451510,Election Day - Insight,94462,LEAH HALL,CORINA LOPEZ,MIA OUSLEY,1,3
451510,Election Day - Insight,94463,LEAH HALL,CORINA LOPEZ,MIA OUSLEY,1,3
451510,Election Day - Insight,94464,CORINA LOPEZ,LEAH HALL,MIA OUSLEY,1,3
451510,Election Day - Insight,94465,CORINA LOPEZ,skipped,skipped,1,3
451510,Election Day - Insight,94466,LEAH HALL,skipped,skipped,1,3
451510,Election Day - Insight,94467,LEAH HALL,CORINA LOPEZ,skipped,1,3
451510,Election Day - Insight,94468,CORINA LOPEZ,MIA OUSLEY,LEAH HALL,1,3
451510,Election Day - Insight,94471,CORINA LOPEZ,skipped,skipped,1,3
451510,Election Day - Insight,94472,CORINA LOPEZ,skipped,skipped,1,3
451510,Election Day - Insight,94473,MIA OUSLEY,CORINA LOPEZ,LEAH HALL,1,3
451510,Election Day - Insight,94474,CORINA LOPEZ,skipped,skipped,1,3
451510,Election Day - Insight,94475,CORINA LOPEZ,LEAH HALL,MIA OUSLEY,1,3
451510,Election Day - Insight,94476,LEAH HALL,MIA OUSLEY,CORINA LOPEZ,1,3
451510,Election Day - Insight,94477,CORINA LOPEZ,LEAH HALL,MIA OUSLEY,1,3
451510,Election Day - Insight,94478,CORINA LOPEZ,MIA OUSLEY,LEAH HALL,1,3
451510,Election Day - Insight,94479,LEAH HALL,MIA OUSLEY,CORINA LOPEZ,1,3
451510,Election Day - Insight,94480,CORINA LOPEZ,skipped,skipped,1,3
451510,Election Day - Insight,94481,CORINA LOPEZ,MIA OUSLEY,LEAH HALL,1,3
451510,Election Day - Insight,94482,CORINA LOPEZ,MIA OUSLEY,LEAH HALL,1,3
451510,Election Day - Insight,94483,MIA OUSLEY,LEAH HALL,CORINA LOPEZ,1,3
451510,Election Day - Insight,94484,LEAH HALL,skipped,skipped,1,3
451510,Election Day - Insight,94485,MIA OUSLEY,LEAH HALL,CORINA LOPEZ,1,3
451510,Election Day - Insight,94486,LEAH HALL,MIA OUSLEY,CORINA LOPEZ,1,3
451510,Election Day - Insight,94487,CORINA LOPEZ,LEAH HALL,MIA OUSLEY,1,3
451510,Election Day - Insight,94488,LEAH HALL,skipped,skipped,1,3
451510,Election Day - Insight,94489,CORINA LOPEZ,LEAH HALL,MIA OUSLEY,1,3
451510,Election Day - Insight,94490,CORINA LOPEZ,skipped,skipped,1,3
451510,Election Day - Insight,94491,LEAH HALL,CORINA LOPEZ,MIA OUSLEY,1,3
451510,Election Day - Insight,94492,LEAH HALL,CORINA LOPEZ,MIA OUSLEY,1,3
451510,Election Day - Insight,94493,CORINA LOPEZ,MIA OUSLEY,LEAH HALL,1,3
451510,Election Day - Insight,94494,CORINA LOPEZ,skipped,skipped,1,3
451510,Election Day - Insight,94495,LEAH HALL,MIA OUSLEY,CORINA LOPEZ,1,3
451510,Election Day - Insight,94496,MIA OUSLEY,LEAH HALL,CORINA LOPEZ,1,3
451510,Election Day - Insight,94497,CORINA LOPEZ,skipped,skipped,1,3
451510,Election Day - Insight,94498,MIA OUSLEY,CORINA LOPEZ,LEAH HALL,1,3
451510,Election Day - Insight,94499,MIA OUSLEY,CORINA LOPEZ,LEAH HALL,1,3
451510,Election Day - Insight,94502,LEAH HALL,skipped,skipped,1,3
451510,Election Day - Insight,94506,CORINA LOPEZ,MIA OUSLEY,LEAH HALL,1,3
451510,Election Day - Insight,94507,CORINA LOPEZ,LEAH HALL,MIA OUSLEY,1,3
451510,Election Day - Insight,94508,CORINA LOPEZ,skipped,skipped,1,3
451510,Election Day - Insight,94509,CORINA LOPEZ,skipped,skipped,1,3
451510,Election Day - Insight,94511,CORINA LOPEZ,MIA OUSLEY,LEAH HALL,1,3
451510,Election Day - Insight,94512,MIA OUSLEY,CORINA LOPEZ,skipped,1,3
451510,Election Day - Insight,94513,CORINA LOPEZ,skipped,skipped,1,3
451510,Election Day - Insight,94514,LEAH HALL,CORINA LOPEZ,MIA OUSLEY,1,3
451510,Election Day - Insight,94515,LEAH HALL,CORINA LOPEZ,MIA OUSLEY,1,3
451510,Election Day - Insight,94516,CORINA LOPEZ,skipped,skipped,1,3
451510,Election Day - Insight,94517,CORINA LOPEZ,MIA OUSLEY,LEAH HALL,1,3
451510,Election Day - Insight,94518,LEAH HALL,MIA OUSLEY,CORINA LOPEZ,1,3
451510,Election Day - Insight,94519,LEAH HALL,CORINA LOPEZ,skipped,1,3
451510,Election Day - Insight,94520,CORINA LOPEZ,LEAH HALL,MIA OUSLEY,1,3
451510,Election Day - Insight,94521,CORINA LOPEZ,MIA OUSLEY,LEAH HALL,1,3
451510,Election Day - Insight,94523,CORINA LOPEZ,MIA OUSLEY,LEAH HALL,1,3
451510,Election Day - Insight,94526,MIA OUSLEY,LEAH HALL,CORINA LOPEZ,1,3
451510,Election Day - Insight,94527,MIA OUSLEY,CORINA LOPEZ,LEAH HALL,1,3
451510,Election Day - Insight,94528,MIA OUSLEY,skipped,skipped,1,3
451510,Election Day - Insight,94529,LEAH HALL,MIA OUSLEY,CORINA LOPEZ,1,3
451510,Election Day - Insight,94530,LEAH HALL,CORINA LOPEZ,MIA OUSLEY,1,3
451510,Election Day - Insight,94532,CORINA LOPEZ,MIA OUSLEY,LEAH HALL,1,3
451510,Election Day - Insight,94533,LEAH HALL,MIA OUSLEY,CORINA LOPEZ,1,3
451510,Election Day - Insight,94534,CORINA LOPEZ,skipped,skipped,1,3
451510,Election Day - Insight,94535,LEAH HALL,MIA OUSLEY,CORINA LOPEZ,1,3
451510,Election Day - Insight,94536,LEAH HALL,MIA OUSLEY,CORINA LOPEZ,1,3
451510,Election Day - Insight,94537,MIA OUSLEY,CORINA LOPEZ,skipped,1,3
451510,Election Day - Insight,94538,CORINA LOPEZ,skipped,skipped,1,3
451510,Election Day - Insight,94539,CORINA LOPEZ,skipped,skipped,1,3
451510,Election Day - Insight,94540,CORINA LOPEZ,LEAH HALL,skipped,1,3
451510,Election Day - Insight,94541,CORINA LOPEZ,skipped,skipped,1,3
451510,Election Day - Insight,94542,MIA OUSLEY,LEAH HALL,skipped,1,3
451510,Election Day - Insight,94543,LEAH HALL,MIA OUSLEY,CORINA LOPEZ,1,3
451510,Election Day - Insight,94544,LEAH HALL,MIA OUSLEY,CORINA LOPEZ,1,3
451510,Election Day - Insight,94545,LEAH HALL,MIA OUSLEY,CORINA LOPEZ,1,3
451510,Election Day - Insight,94547,CORINA LOPEZ,LEAH HALL,MIA OUSLEY,1,3
451510,Election Day - Insight,94548,MIA OUSLEY,CORINA LOPEZ,skipped,1,3
451510,Election Day - Insight,94549,MIA OUSLEY,skipped,skipped,1,3
451510,Election Day - Insight,94550,CORINA LOPEZ,LEAH HALL,MIA OUSLEY,1,3
451510,Election Day - Insight,94551,LEAH HALL,skipped,skipped,1,3
451510,Election Day - Insight,94552,CORINA LOPEZ,MIA OUSLEY,LEAH HALL,1,3
451510,Election Day - Insight,94553,CORINA LOPEZ,LEAH HALL,MIA OUSLEY,1,3
451510,Election Day - Insight,94554,LEAH HALL,CORINA LOPEZ,MIA OUSLEY,1,3
451510,Election Day - Insight,94555,CORINA LOPEZ,MIA OUSLEY,LEAH HALL,1,3
451510,Election Day - Insight,94556,LEAH HALL,skipped,skipped,1,3
451510,Election Day - Insight,94557,CORINA LOPEZ,skipped,skipped,1,3
451510,Election Day - Insight,94558,LEAH HALL,CORINA LOPEZ,MIA OUSLEY,1,3
451510,Election Day - Insight,94559,MIA OUSLEY,CORINA LOPEZ,LEAH HALL,1,3
451510,Election Day - Insight,94560,LEAH HALL,skipped,skipped,1,3
451510,Election Day - Insight,94561,MIA OUSLEY,skipped,skipped,1,3
451510,Election Day - Insight,94562,CORINA LOPEZ,skipped,skipped,1,3
453400,Election Day - Insight,95079,CORINA LOPEZ,skipped,skipped,1,3
453400,Election Day - Insight,95080,CORINA LOPEZ,skipped,skipped,1,3
453400,Election Day - Insight,95081,CORINA LOPEZ,skipped,skipped,1,3
453400,Election Day - Insight,95082,CORINA LOPEZ,MIA OUSLEY,LEAH HALL,1,3
453400,Election Day - Insight,95083,LEAH HALL,CORINA LOPEZ,MIA OUSLEY,1,3
453400,Election Day - Insight,95084,CORINA LOPEZ,LEAH HALL,MIA OUSLEY,1,3
453400,Election Day - Insight,95085,MIA OUSLEY,CORINA LOPEZ,LEAH HALL,1,3
453400,Election Day - Insight,95086,CORINA LOPEZ,LEAH HALL,MIA OUSLEY,1,3
453400,Election Day - Insight,95087,CORINA LOPEZ,LEAH HALL,MIA OUSLEY,1,3
453400,Election Day - Insight,95088,MIA OUSLEY,CORINA LOPEZ,LEAH HALL,1,3
453400,Election Day - Insight,95089,MIA OUSLEY,CORINA LOPEZ,LEAH HALL,1,3
453400,Election Day - Insight,95090,CORINA LOPEZ,LEAH HALL,MIA OUSLEY,1,3
453400,Election Day - Insight,95091,CORINA LOPEZ,LEAH HALL,skipped,1,3
453400,Election Day - Insight,95092,CORINA LOPEZ,LEAH HALL,skipped,1,3
453400,Election Day - Insight,95093,CORINA LOPEZ,MIA OUSLEY,LEAH HALL,1,3
453400,Election Day - Insight,95102,MIA OUSLEY,CORINA LOPEZ,LEAH HALL,1,3
453400,Election Day - Insight,95103,CORINA LOPEZ,MIA OUSLEY,LEAH HALL,1,3
453400,Election Day - Insight,95104,CORINA LOPEZ,skipped,skipped,1,3
453400,Election Day - Insight,95105,MIA OUSLEY,CORINA LOPEZ,LEAH HALL,1,3
453400,Election Day - Insight,95106,CORINA LOPEZ,MIA OUSLEY,LEAH HALL,1,3
453400,Election Day - Insight,95107,LEAH HALL,skipped,skipped,1,3
453400,Election Day - Insight,95108,LEAH HALL,skipped,skipped,1,3
453400,Election Day - Insight,95109,CORINA LOPEZ,skipped,skipped,1,3
453400,Election Day - Insight,95110,CORINA LOPEZ,MIA OUSLEY,LEAH HALL,1,3
453400,Election Day - Insight,95111,CORINA LOPEZ,MIA OUSLEY,LEAH HALL,1,3
453400,Election Day - Insight,95112,LEAH HALL,CORINA LOPEZ,skipped,1,3
453400,Election Day - Insight,95113,LEAH HALL,MIA OUSLEY,CORINA LOPEZ,1,3
453400,Election Day - Insight,95114,MIA OUSLEY,LEAH HALL,CORINA LOPEZ,1,3
453400,Election Day - Insight,95115,LEAH HALL,MIA OUSLEY,CORINA LOPEZ,1,3
453400,Election Day - Insight,95116,CORINA LOPEZ,LEAH HALL,MIA OUSLEY,1,3
453400,Election Day - Insight,95117,CORINA LOPEZ,skipped,skipped,1,3
453400,Election Day - Insight,95118,LEAH HALL,skipped,skipped,1,3
453400,Election Day - Insight,95119,CORINA LOPEZ,LEAH HALL,MIA OUSLEY,1,3
453400,Election Day - Insight,95120,LEAH HALL,MIA OUSLEY,CORINA LOPEZ,1,3
453400,Election Day - Insight,95121,LEAH HALL,MIA OUSLEY,CORINA LOPEZ,1,3
453400,Election Day - Insight,95122,CORINA LOPEZ,LEAH HALL,MIA OUSLEY,1,3
453400,Election Day - Insight,95123,CORINA LOPEZ,MIA OUSLEY,LEAH HALL,1,3
453400,Election Day - Insight,95125,CORINA LOPEZ,LEAH HALL,skipped,1,3
453400,Election Day - Insight,95127,CORINA LOPEZ,skipped,skipped,1,3
453400,Election Day - Insight,95128,CORINA LOPEZ,MIA OUSLEY,LEAH HALL,1,3
453400,Election Day - Insight,95129,LEAH HALL,CORINA LOPEZ,MIA OUSLEY,1,3
453400,Election Day - Insight,95130,CORINA LOPEZ,skipped,skipped,1,3
453400,Election Day - Insight,95131,LEAH HALL,skipped,skipped,1,3
453400,Election Day - Insight,95132,MIA OUSLEY,CORINA LOPEZ,LEAH HALL,1,3
453400,Election Day - Insight,95133,CORINA LOPEZ,LEAH HALL,skipped,1,3
453400,Election Day - Insight,95134,CORINA LOPEZ,MIA OUSLEY,LEAH HALL,1,3
453400,Election Day - Insight,95135,MIA OUSLEY,CORINA LOPEZ,LEAH HALL,1,3
453400,Election Day - Insight,95136,CORINA LOPEZ,LEAH HALL,MIA OUSLEY,1,3
453400,Election Day - Insight,95137,LEAH HALL,skipped,skipped,1,3
453400,Election Day - Insight,95138,LEAH HALL,MIA OUSLEY,CORINA LOPEZ,1,3
453400,Election Day - Insight,95139,LEAH HALL,skipped,skipped,1,3
453400,Election Day - Insight,95140,CORINA LOPEZ,skipped,skipped,1,3
453400,Election Day - Insight,95141,CORINA LOPEZ,LEAH HALL,MIA OUSLEY,1,3
453400,Election Day - Insight,95142,CORINA LOPEZ,MIA OUSLEY,LEAH HALL,1,3
453400,Election Day - Insight,95143,LEAH HALL,MIA OUSLEY,CORINA LOPEZ,1,3
453400,Election Day - Insight,95144,LEAH HALL,MIA OUSLEY,CORINA LOPEZ,1,3
453400,Election Day - Insight,95145,CORINA LOPEZ,LEAH HALL,MIA OUSLEY,1,3
453400,Election Day - Insight,95146,CORINA LOPEZ,skipped,skipped,1,3
453400,Election Day - Insight,95148,LEAH HALL,CORINA LOPEZ,MIA OUSLEY,1,3
453400,Election Day - Insight,95149,CORINA LOPEZ,MIA OUSLEY,LEAH HALL,1,3
453400,Election Day - Insight,95150,CORINA LOPEZ,MIA OUSLEY,LEAH HALL,1,3
453400,Election Day - Insight,95151,CORINA LOPEZ,LEAH HALL,MIA OUSLEY,1,3
453400,Election Day - Insight,95152,CORINA LOPEZ,LEAH HALL,skipped,1,3
453400,Election Day - Insight,95153,CORINA LOPEZ,MIA OUSLEY,LEAH HALL,1,3
453400,Election Day - Insight,95155,LEAH HALL,MIA OUSLEY,CORINA LOPEZ,1,3
453400,Election Day - Insight,95156,CORINA LOPEZ,LEAH HALL,MIA OUSLEY,1,3
453400,Election Day - Insight,95157,MIA OUSLEY,LEAH HALL,CORINA LOPEZ,1,3
453400,Election Day - Insight,95159,CORINA LOPEZ,LEAH HALL,MIA OUSLEY,1,3
453400,Election Day - Insight,95160,LEAH HALL,CORINA LOPEZ,skipped,1,3
453400,Election Day - Insight,95161,MIA OUSLEY,CORINA LOPEZ,LEAH HALL,1,3
453400,Election Day - Insight,95162,CORINA LOPEZ,LEAH HALL,MIA OUSLEY,1,3
453400,Election Day - Insight,95163,LEAH HALL,CORINA LOPEZ,MIA OUSLEY,1,3
453400,Election Day - Insight,95164,MIA OUSLEY,LEAH HALL,CORINA LOPEZ,1,3
453400,Election Day - Insight,95165,LEAH HALL,skipped,skipped,1,3
453400,Election Day - Insight,95166,LEAH HALL,MIA OUSLEY,CORINA LOPEZ,1,3
453400,Election Day - Insight,95167,CORINA LOPEZ,skipped,skipped,1,3
453400,Election Day - Insight,95168,CORINA LOPEZ,LEAH HALL,MIA OUSLEY,1,3
453400,Election Day - Insight,95169,MIA OUSLEY,skipped,skipped,1,3
453400,Election Day - Insight,95170,CORINA LOPEZ,LEAH HALL,MIA OUSLEY,1,3
453400,Election Day - Insight,95171,MIA OUSLEY,skipped,skipped,1,3
452200,Election Day - Insight,100203,MIA OUSLEY,CORINA LOPEZ,skipped,1,3
452200,Election Day - Insight,100204,MIA OUSLEY,CORINA LOPEZ,skipped,1,3
452200,Election Day - Insight,100205,CORINA LOPEZ,MIA OUSLEY,LEAH HALL,1,3
452200,Election Day - Insight,100207,LEAH HALL,MIA OUSLEY,CORINA LOPEZ,1,3
452200,Election Day - Insight,100222,LEAH HALL,CORINA LOPEZ,MIA OUSLEY,1,3
452200,Election Day - Insight,100223,CORINA LOPEZ,MIA OUSLEY,LEAH HALL,1,3
452200,Election Day - Insight,100224,CORINA LOPEZ,LEAH HALL,MIA OUSLEY,1,3
452200,Election Day - Insight,100225,CORINA LOPEZ,skipped,skipped,1,3
452200,Election Day - Insight,100226,CORINA LOPEZ,skipped,skipped,1,3
452200,Election Day - Insight,100227,CORINA LOPEZ,skipped,skipped,1,3
452200,Election Day - Insight,100233,MIA OUSLEY,LEAH HALL,CORINA LOPEZ,1,3
452200,Election Day - Insight,100234,CORINA LOPEZ,MIA OUSLEY,LEAH HALL,1,3
452200,Election Day - Insight,100235,MIA OUSLEY,CORINA LOPEZ,LEAH HALL,1,3
452200,Election Day - Insight,100236,CORINA LOPEZ,MIA OUSLEY,LEAH HALL,1,3
452200,Election Day - Insight,100237,CORINA LOPEZ,skipped,skipped,1,3
452200,Election Day - Insight,100238,LEAH HALL,MIA OUSLEY,CORINA LOPEZ,1,3
452200,Election Day - Insight,100239,CORINA LOPEZ,LEAH HALL,MIA OUSLEY,1,3
452200,Election Day - Insight,100240,CORINA LOPEZ,MIA OUSLEY,LEAH HALL,1,3
452200,Election Day - Insight,100242,LEAH HALL,MIA OUSLEY,CORINA LOPEZ,1,3
452200,Election Day - Insight,100243,CORINA LOPEZ,LEAH HALL,MIA OUSLEY,1,3
452200,Election Day - Insight,100246,LEAH HALL,MIA OUSLEY,CORINA LOPEZ,1,3
452200,Election Day - Insight,100247,CORINA LOPEZ,LEAH HALL,MIA OUSLEY,1,3
452200,Election Day - Insight,100248,CORINA LOPEZ,LEAH HALL,MIA OUSLEY,1,3
452200,Election Day - Insight,100249,CORINA LOPEZ,MIA OUSLEY,LEAH HALL,1,3
452200,Election Day - Insight,100250,LEAH HALL,CORINA LOPEZ,MIA OUSLEY,1,3
452200,Election Day - Insight,100251,CORINA LOPEZ,MIA OUSLEY,LEAH HALL,1,3
452200,Election Day - Insight,100252,MIA OUSLEY,LEAH HALL,skipped,1,3
452200,Election Day - Insight,100254,CORINA LOPEZ,skipped,skipped,1,3
452200,Election Day - Insight,100257,CORINA LOPEZ,skipped,skipped,1,3
452200,Election Day - Insight,100258,CORINA LOPEZ,LEAH HALL,skipped,1,3
452200,Election Day - Insight,100259,MIA OUSLEY,skipped,skipped,1,3
452200,Election Day - Insight,100260,MIA OUSLEY,skipped,skipped,1,3
452200,Election Day - Insight,100261,CORINA LOPEZ,LEAH HALL,MIA OUSLEY,1,3
452200,Election Day - Insight,100262,CORINA LOPEZ,MIA OUSLEY,LEAH HALL,1,3
452200,Election Day - Insight,100263,CORINA LOPEZ,skipped,skipped,1,3
452200,Election Day - Insight,100264,CORINA LOPEZ,skipped,skipped,1,3
452200,Election Day - Insight,100265,CORINA LOPEZ,skipped,skipped,1,3
452200,Election Day - Insight,100266,CORINA LOPEZ,MIA OUSLEY,LEAH HALL,1,3
452200,Election Day - Insight,100267,CORINA LOPEZ,MIA OUSLEY,LEAH HALL,1,3
452200,Election Day - Insight,100268,CORINA LOPEZ,MIA OUSLEY,LEAH HALL,1,3
452200,Election Day - Insight,100269,CORINA LOPEZ,LEAH HALL,skipped,1,3
452200,Election Day - Insight,100270,CORINA LOPEZ,skipped,skipped,1,3
452200,Election Day - Insight,100271,LEAH HALL,MIA OUSLEY,skipped,1,3
452200,Election Day - Insight,100273,CORINA LOPEZ,skipped,skipped,1,3
452200,Election Day - Insight,100275,MIA OUSLEY,CORINA LOPEZ,LEAH HALL,1,3
452200,Election Day - Insight,100276,CORINA LOPEZ,skipped,skipped,1,3
452200,Election Day - Insight,100277,CORINA LOPEZ,MIA OUSLEY,LEAH HALL,1,3
452200,Election Day - Insight,100278,LEAH HALL,MIA OUSLEY,CORINA LOPEZ,1,3
452200,Election Day - Insight,100279,CORINA LOPEZ,LEAH HALL,MIA OUSLEY,1,3
452200,Election Day - Insight,100280,MIA OUSLEY,skipped,skipped,1,3
452200,Election Day - Insight,100281,CORINA LOPEZ,LEAH HALL,MIA OUSLEY,1,3
452200,Election Day - Insight,100282,CORINA LOPEZ,LEAH HALL,MIA OUSLEY,1,3
452200,Election Day - Insight,100283,CORINA LOPEZ,LEAH HALL,MIA OUSLEY,1,3
452200,Election Day - Insight,100284,LEAH HALL,CORINA LOPEZ,skipped,1,3
452200,Election Day - Insight,100286,CORINA LOPEZ,MIA OUSLEY,LEAH HALL,1,3
452200,Election Day - Insight,100287,LEAH HALL,skipped,skipped,1,3
452200,Election Day - Insight,100288,CORINA LOPEZ,LEAH HALL,MIA OUSLEY,1,3
452200,Election Day - Insight,100289,CORINA LOPEZ,LEAH HALL,MIA OUSLEY,1,3
452200,Election Day - Insight,100290,CORINA LOPEZ,LEAH HALL,MIA OUSLEY,1,3
452200,Election Day - Insight,100291,CORINA LOPEZ,LEAH HALL,MIA OUSLEY,1,3
452200,Election Day - Insight,100292,CORINA LOPEZ,skipped,skipped,1,3
452200,Election Day - Insight,100294,CORINA LOPEZ,MIA OUSLEY,skipped,1,3
452200,Election Day - Insight,100295,CORINA LOPEZ,MIA OUSLEY,LEAH HALL,1,3
452200,Election Day - Insight,100296,MIA OUSLEY,CORINA LOPEZ,LEAH HALL,1,3
452200,Election Day - Insight,100297,CORINA LOPEZ,skipped,skipped,1,3
452200,Election Day - Insight,100298,CORINA LOPEZ,skipped,skipped,1,3
452200,Election Day - Insight,100299,CORINA LOPEZ,skipped,skipped,1,3
452200,Election Day - Insight,100300,CORINA LOPEZ,skipped,skipped,1,3
452200,Election Day - Insight,100301,CORINA LOPEZ,LEAH HALL,MIA OUSLEY,1,3
452200,Election Day - Insight,100302,CORINA LOPEZ,MIA OUSLEY,LEAH HALL,1,3
452200,Election Day - Insight,100303,CORINA LOPEZ,MIA OUSLEY,LEAH HALL,1,3
452200,Election Day - Insight,100304,CORINA LOPEZ,LEAH HALL,MIA OUSLEY,1,3
452200,Election Day - Insight,100305,MIA OUSLEY,LEAH HALL,CORINA LOPEZ,1,3
452200,Election Day - Insight,100306,CORINA LOPEZ,MIA OUSLEY,LEAH HALL,1,3
452200,Election Day - Insight,100307,CORINA LOPEZ,MIA OUSLEY,LEAH HALL,1,3
452200,Election Day - Insight,100310,CORINA LOPEZ,MIA OUSLEY,LEAH HALL,1,3
452200,Election Day - Insight,100311,CORINA LOPEZ,MIA OUSLEY,LEAH HALL,1,3
452200,Election Day - Insight,100312,CORINA LOPEZ,skipped,skipped,1,3
452200,Election Day - Insight,100313,CORINA LOPEZ,MIA OUSLEY,LEAH HALL,1,3
452200,Election Day - Insight,100314,LEAH HALL,skipped,skipped,1,3
452200,Election Day - Insight,100315,CORINA LOPEZ,LEAH HALL,MIA OUSLEY,1,3
452200,Election Day - Insight,100316,CORINA LOPEZ,LEAH HALL,MIA OUSLEY,1,3
452200,Election Day - Insight,100317,CORINA LOPEZ,skipped,skipped,1,3
452200,Election Day - Insight,100318,MIA OUSLEY,LEAH HALL,CORINA LOPEZ,1,3
452200,Election Day - Insight,100319,CORINA LOPEZ,skipped,skipped,1,3
452200,Election Day - Insight,100320,MIA OUSLEY,CORINA LOPEZ,LEAH HALL,1,3
452200,Election Day - Insight,100321,CORINA LOPEZ,MIA OUSLEY,LEAH HALL,1,3
452200,Election Day - Insight,100322,CORINA LOPEZ,MIA OUSLEY,LEAH HALL,1,3
452200,Election Day - Insight,100324,MIA OUSLEY,LEAH HALL,CORINA LOPEZ,1,3
452200,Election Day - Insight,100325,MIA OUSLEY,LEAH HALL,CORINA LOPEZ,1,3
452200,Election Day - Insight,100326,CORINA LOPEZ,skipped,skipped,1,3
452200,Election Day - Insight,100327,LEAH HALL,CORINA LOPEZ,MIA OUSLEY,1,3
452200,Election Day - Insight,100328,CORINA LOPEZ,LEAH HALL,MIA OUSLEY,1,3
452200,Election Day - Insight,100330,MIA OUSLEY,LEAH HALL,CORINA LOPEZ,1,3
452200,Election Day - Insight,100331,MIA OUSLEY,CORINA LOPEZ,LEAH HALL,1,3
452200,Election Day - Insight,100332,MIA OUSLEY,CORINA LOPEZ,LEAH HALL,1,3
452200,Election Day - Insight,100333,CORINA LOPEZ,skipped,skipped,1,3
452200,Election Day - Insight,100334,CORINA LOPEZ,MIA OUSLEY,LEAH HALL,1,3
452200,Election Day - Insight,100335,CORINA LOPEZ,skipped,skipped,1,3
452200,Election Day - Insight,100336,CORINA LOPEZ,MIA OUSLEY,LEAH HALL,1,3
452200,Election Day - Insight,100337,LEAH HALL,MIA OUSLEY,CORINA LOPEZ,1,3
452200,Election Day - Insight,100338,CORINA LOPEZ,skipped,skipped,1,3
452200,Election Day - Insight,100339,CORINA LOPEZ,skipped,skipped,1,3
452200,Election Day - Insight,100340,CORINA LOPEZ,LEAH HALL,MIA OUSLEY,1,3
452200,Election Day - Insight,100341,CORINA LOPEZ,LEAH HALL,MIA OUSLEY,1,3
452200,Election Day - Insight,100342,LEAH HALL,MIA OUSLEY,CORINA LOPEZ,1,3
452200,Election Day - Insight,100343,CORINA LOPEZ,MIA OUSLEY,LEAH HALL,1,3
452200,Election Day - Insight,100344,CORINA LOPEZ,LEAH HALL,skipped,1,3
452200,Election Day - Insight,100345,CORINA LOPEZ,LEAH HALL,MIA OUSLEY,1,3
452200,Election Day - Insight,100346,MIA OUSLEY,skipped,skipped,1,3
452200,Election Day - Insight,100347,MIA OUSLEY,CORINA LOPEZ,LEAH HALL,1,3
452200,Election Day - Insight,100348,MIA OUSLEY,skipped,skipped,1,3
452200,Election Day - Insight,100349,LEAH HALL,MIA OUSLEY,CORINA LOPEZ,1,3
452200,Election Day - Insight,100350,CORINA LOPEZ,LEAH HALL,MIA OUSLEY,1,3
452200,Election Day - Insight,100351,CORINA LOPEZ,skipped,skipped,1,3
452200,Election Day - Insight,100353,CORINA LOPEZ,skipped,skipped,1,3
452200,Election Day - Insight,100355,CORINA LOPEZ,MIA OUSLEY,LEAH HALL,1,3
452200,Election Day - Insight,100356,CORINA LOPEZ,skipped,skipped,1,3
452200,Election Day - Insight,100357,MIA OUSLEY,LEAH HALL,skipped,1,3
452200,Election Day - Insight,100359,CORINA LOPEZ,MIA OUSLEY,LEAH HALL,1,3
452200,Election Day - Insight,100360,CORINA LOPEZ,MIA OUSLEY,skipped,1,3
452200,Election Day - Insight,100361,CORINA LOPEZ,skipped,skipped,1,3
452200,Election Day - Insight,100363,LEAH HALL,CORINA LOPEZ,MIA OUSLEY,1,3
452200,Election Day - Insight,100364,MIA OUSLEY,CORINA LOPEZ,LEAH HALL,1,3
452200,Election Day - Insight,100365,CORINA LOPEZ,skipped,skipped,1,3
452200,Election Day - Insight,100366,CORINA LOPEZ,skipped,skipped,1,3
452200,Election Day - Insight,100367,MIA OUSLEY,CORINA LOPEZ,LEAH HALL,1,3
452200,Election Day - Insight,100368,CORINA LOPEZ,skipped,skipped,1,3
452200,Election Day - Insight,100369,MIA OUSLEY,CORINA LOPEZ,skipped,1,3
452200,Election Day - Insight,100370,LEAH HALL,MIA OUSLEY,CORINA LOPEZ,1,3
452200,Election Day - Insight,100371,CORINA LOPEZ,MIA OUSLEY,LEAH HALL,1,3
452200,Election Day - Insight,100372,CORINA LOPEZ,MIA OUSLEY,skipped,1,3
452200,Election Day - Insight,100373,LEAH HALL,MIA OUSLEY,CORINA LOPEZ,1,3
452200,Election Day - Insight,100374,CORINA LOPEZ,LEAH HALL,skipped,1,3
456600,Election Day - Insight,100375,MIA OUSLEY,LEAH HALL,skipped,1,3
456600,Election Day - Insight,100376,MIA OUSLEY,CORINA LOPEZ,skipped,1,3
456600,Election Day - Insight,100379,MIA OUSLEY,CORINA LOPEZ,LEAH HALL,1,3
456600,Election Day - Insight,100381,LEAH HALL,CORINA LOPEZ,MIA OUSLEY,1,3
456600,Election Day - Insight,100382,LEAH HALL,skipped,skipped,1,3
456600,Election Day - Insight,100383,CORINA LOPEZ,MIA OUSLEY,LEAH HALL,1,3
456600,Election Day - Insight,100384,LEAH HALL,skipped,skipped,1,3
456600,Election Day - Insight,100385,CORINA LOPEZ,MIA OUSLEY,LEAH HALL,1,3
456600,Election Day - Insight,100387,LEAH HALL,MIA OUSLEY,CORINA LOPEZ,1,3
456600,Election Day - Insight,100388,CORINA LOPEZ,skipped,skipped,1,3
456600,Election Day - Insight,100389,CORINA LOPEZ,LEAH HALL,skipped,1,3
456600,Election Day - Insight,100390,CORINA LOPEZ,MIA OUSLEY,LEAH HALL,1,3
456600,Election Day - Insight,100391,LEAH HALL,CORINA LOPEZ,skipped,1,3
456600,Election Day - Insight,100392,LEAH HALL,MIA OUSLEY,CORINA LOPEZ,1,3
456600,Election Day - Insight,100393,MIA OUSLEY,LEAH HALL,CORINA LOPEZ,1,3
456600,Election Day - Insight,100394,LEAH HALL,MIA OUSLEY,CORINA LOPEZ,1,3
456600,Election Day - Insight,100395,CORINA LOPEZ,MIA OUSLEY,LEAH HALL,1,3
456600,Election Day - Insight,100396,CORINA LOPEZ,LEAH HALL,skipped,1,3
456600,Election Day - Insight,100398,LEAH HALL,CORINA LOPEZ,MIA OUSLEY,1,3
456600,Election Day - Insight,100399,LEAH HALL,skipped,skipped,1,3
456600,Election Day - Insight,100400,MIA OUSLEY,CORINA LOPEZ,LEAH HALL,1,3
456600,Election Day - Insight,100401,MIA OUSLEY,LEAH HALL,CORINA LOPEZ,1,3
456600,Election Day - Insight,100402,CORINA LOPEZ,MIA OUSLEY,skipped,1,3
456600,Election Day - Insight,100403,LEAH HALL,MIA OUSLEY,CORINA LOPEZ,1,3
456600,Election Day - Insight,100404,MIA OUSLEY,LEAH HALL,CORINA LOPEZ,1,3
456600,Election Day - Insight,100405,CORINA LOPEZ,skipped,skipped,1,3
456600,Election Day - Insight,100407,CORINA LOPEZ,LEAH HALL,skipped,1,3
456600,Election Day - Insight,100410,CORINA LOPEZ,LEAH HALL,MIA OUSLEY,1,3
456600,Election Day - Insight,100412,CORINA LOPEZ,skipped,skipped,1,3
456600,Election Day - Insight,100420,LEAH HALL,MIA OUSLEY,CORINA LOPEZ,1,3
456600,Election Day - Insight,100421,CORINA LOPEZ,MIA OUSLEY,LEAH HALL,1,3
456600,Election Day - Insight,100422,CORINA LOPEZ,MIA OUSLEY,skipped,1,3
456600,Election Day - Insight,100423,LEAH HALL,skipped,skipped,1,3
456600,Election Day - Insight,100424,MIA OUSLEY,CORINA LOPEZ,skipped,1,3
456600,Election Day - Insight,100425,CORINA LOPEZ,LEAH HALL,skipped,1,3
456600,Election Day - Insight,100426,CORINA LOPEZ,skipped,skipped,1,3
456600,Election Day - Insight,100427,CORINA LOPEZ,skipped,skipped,1,3
456600,Election Day - Insight,100428,MIA OUSLEY,skipped,skipped,1,3
456600,Election Day - Insight,100429,CORINA LOPEZ,LEAH HALL,MIA OUSLEY,1,3
456600,Election Day - Insight,100430,CORINA LOPEZ,MIA OUSLEY,LEAH HALL,1,3
456600,Election Day - Insight,100432,MIA OUSLEY,CORINA LOPEZ,skipped,1,3
456600,Election Day - Insight,100433,MIA OUSLEY,skipped,skipped,1,3
456600,Election Day - Insight,100434,CORINA LOPEZ,LEAH HALL,MIA OUSLEY,1,3
456600,Election Day - Insight,100435,LEAH HALL,skipped,skipped,1,3
456600,Election Day - Insight,100436,CORINA LOPEZ,LEAH HALL,skipped,1,3
456600,Election Day - Insight,100440,LEAH HALL,CORINA LOPEZ,skipped,1,3
456600,Election Day - Insight,100441,CORINA LOPEZ,LEAH HALL,MIA OUSLEY,1,3
456600,Election Day - Insight,100443,LEAH HALL,CORINA LOPEZ,skipped,1,3
456600,Election Day - Insight,100445,CORINA LOPEZ,MIA OUSLEY,LEAH HALL,1,3
456600,Election Day - Insight,100446,LEAH HALL,skipped,skipped,1,3
456600,Election Day - Insight,100447,LEAH HALL,skipped,skipped,1,3
456600,Election Day - Insight,100448,MIA OUSLEY,skipped,skipped,1,3
456600,Election Day - Insight,100449,LEAH HALL,MIA OUSLEY,CORINA LOPEZ,1,3
456600,Election Day - Insight,100450,LEAH HALL,MIA OUSLEY,CORINA LOPEZ,1,3
456600,Election Day - Insight,100451,LEAH HALL,skipped,skipped,1,3
456600,Election Day - Insight,100452,CORINA LOPEZ,MIA OUSLEY,skipped,1,3
456600,Election Day - Insight,100453,MIA OUSLEY,CORINA LOPEZ,LEAH HALL,1,3
456600,Election Day - Insight,100454,MIA OUSLEY,CORINA LOPEZ,LEAH HALL,1,3
456600,Election Day - Insight,100455,CORINA LOPEZ,skipped,skipped,1,3
456600,Election Day - Insight,100456,CORINA LOPEZ,MIA OUSLEY,skipped,1,3
456600,Election Day - Insight,100457,CORINA LOPEZ,skipped,skipped,1,3
456600,Election Day - Insight,100458,LEAH HALL,CORINA LOPEZ,MIA OUSLEY,1,3
456600,Election Day - Insight,100459,CORINA LOPEZ,LEAH HALL,MIA OUSLEY,1,3
456600,Election Day - Insight,100460,MIA OUSLEY,LEAH HALL,skipped,1,3
456600,Election Day - Insight,100461,CORINA LOPEZ,MIA OUSLEY,LEAH HALL,1,3
456600,Election Day - Insight,100462,CORINA LOPEZ,skipped,skipped,1,3
456600,Election Day - Insight,100463,CORINA LOPEZ,skipped,skipped,1,3
456600,Election Day - Insight,100464,MIA OUSLEY,skipped,skipped,1,3
456600,Election Day - Insight,100465,CORINA LOPEZ,skipped,skipped,1,3
456600,Election Day - Insight,100466,CORINA LOPEZ,LEAH HALL,MIA OUSLEY,1,3
456600,Election Day - Insight,100468,MIA OUSLEY,skipped,skipped,1,3
456600,Election Day - Insight,100469,CORINA LOPEZ,MIA OUSLEY,LEAH HALL,1,3
456600,Election Day - Insight,100470,CORINA LOPEZ,skipped,skipped,1,3
456600,Election Day - Insight,100471,LEAH HALL,MIA OUSLEY,CORINA LOPEZ,1,3
456600,Election Day - Insight,100472,MIA OUSLEY,skipped,skipped,1,3
456600,Election Day - Insight,100473,MIA OUSLEY,CORINA LOPEZ,LEAH HALL,1,3
456600,Election Day - Insight,100474,MIA OUSLEY,CORINA LOPEZ,LEAH HALL,1,3
456600,Election Day - Insight,100475,MIA OUSLEY,LEAH HALL,skipped,1,3
456600,Election Day - Insight,100476,LEAH HALL,CORINA LOPEZ,skipped,1,3
456600,Election Day - Insight,100477,CORINA LOPEZ,LEAH HALL,skipped,1,3
456600,Election Day - Insight,100478,CORINA LOPEZ,MIA OUSLEY,LEAH HALL,1,3
456600,Election Day - Insight,100479,MIA OUSLEY,LEAH HALL,skipped,1,3
456600,Election Day - Insight,100480,LEAH HALL,CORINA LOPEZ,skipped,1,3
456600,Election Day - Insight,100481,CORINA LOPEZ,MIA OUSLEY,LEAH HALL,1,3
456600,Election Day - Insight,100482,LEAH HALL,CORINA LOPEZ,MIA OUSLEY,1,3
456600,Election Day - Insight,100483,MIA OUSLEY,CORINA LOPEZ,skipped,1,3
456600,Election Day - Insight,100484,LEAH HALL,MIA OUSLEY,skipped,1,3
456600,Election Day - Insight,100485,CORINA LOPEZ,MIA OUSLEY,LEAH HALL,1,3
456600,Election Day - Insight,100486,LEAH HALL,skipped,skipped,1,3
456600,Election Day - Insight,100487,CORINA LOPEZ,MIA OUSLEY,LEAH HALL,1,3
456600,Election Day - Insight,100488,LEAH HALL,skipped,skipped,1,3
456600,Election Day - Insight,100490,MIA OUSLEY,skipped,skipped,1,3
456600,Election Day - Insight,100491,MIA OUSLEY,skipped,skipped,1,3
456600,Election Day - Insight,100492,CORINA LOPEZ,LEAH HALL,MIA OUSLEY,1,3
456600,Election Day - Insight,100493,CORINA LOPEZ,LEAH HALL,MIA OUSLEY,1,3
456600,Election Day - Insight,100494,CORINA LOPEZ,skipped,skipped,1,3
456600,Election Day - Insight,100495,LEAH HALL,CORINA LOPEZ,skipped,1,3
456600,Election Day - Insight,100496,LEAH HALL,MIA OUSLEY,CORINA LOPEZ,1,3
456600,Election Day - Insight,100497,MIA OUSLEY,CORINA LOPEZ,LEAH HALL,1,3
456600,Election Day - Insight,100498,MIA OUSLEY,CORINA LOPEZ,LEAH HALL,1,3
456600,Election Day - Insight,100499,LEAH HALL,CORINA LOPEZ,MIA OUSLEY,1,3
456600,Election Day - Insight,100500,CORINA LOPEZ,MIA OUSLEY,skipped,1,3
456600,Election Day - Insight,100501,LEAH HALL,skipped,skipped,1,3
456600,Election Day - Insight,100502,CORINA LOPEZ,LEAH HALL,MIA OUSLEY,1,3
456600,Election Day - Insight,100505,LEAH HALL,MIA OUSLEY,CORINA LOPEZ,1,3
456600,Election Day - Insight,100506,CORINA LOPEZ,LEAH HALL,skipped,1,3
456600,Election Day - Insight,100507,CORINA LOPEZ,MIA OUSLEY,LEAH HALL,1,3
456600,Election Day - Insight,100508,CORINA LOPEZ,LEAH HALL,MIA OUSLEY,1,3
456600,Election Day - Insight,100509,LEAH HALL,skipped,skipped,1,3
456600,Election Day - Insight,100510,CORINA LOPEZ,skipped,skipped,1,3
456600,Election Day - Insight,100512,CORINA LOPEZ,MIA OUSLEY,LEAH HALL,1,3
456600,Election Day - Insight,100513,CORINA LOPEZ,MIA OUSLEY,skipped,1,3
456600,Election Day - Insight,100514,CORINA LOPEZ,MIA OUSLEY,LEAH HALL,1,3
456600,Election Day - Insight,100515,CORINA LOPEZ,LEAH HALL,MIA OUSLEY,1,3
456600,Election Day - Insight,100516,LEAH HALL,CORINA LOPEZ,MIA OUSLEY,1,3
456600,Election Day - Insight,100517,CORINA LOPEZ,MIA OUSLEY,LEAH HALL,1,3
456600,Election Day - Insight,100518,MIA OUSLEY,skipped,skipped,1,3
456600,Election Day - Insight,100519,LEAH HALL,skipped,skipped,1,3
456600,Election Day - Insight,100520,LEAH HALL,skipped,skipped,1,3
451600,Election Day - Insight,100699,CORINA LOPEZ,skipped,skipped,1,3
451600,Election Day - Insight,100701,MIA OUSLEY,skipped,skipped,1,3
451600,Election Day - Insight,100702,CORINA LOPEZ,MIA OUSLEY,LEAH HALL,1,3
451600,Election Day - Insight,100703,CORINA LOPEZ,LEAH HALL,MIA OUSLEY,1,3
451600,Election Day - Insight,100704,LEAH HALL,CORINA LOPEZ,MIA OUSLEY,1,3
451600,Election Day - Insight,100706,MIA OUSLEY,skipped,skipped,1,3
451600,Election Day - Insight,100707,CORINA LOPEZ,LEAH HALL,MIA OUSLEY,1,3
451600,Election Day - Insight,100708,CORINA LOPEZ,MIA OUSLEY,LEAH HALL,1,3
451600,Election Day - Insight,100709,CORINA LOPEZ,skipped,skipped,1,3
451600,Election Day - Insight,100710,CORINA LOPEZ,skipped,skipped,1,3
451600,Election Day - Insight,100711,CORINA LOPEZ,skipped,skipped,1,3
451600,Election Day - Insight,100712,CORINA LOPEZ,skipped,skipped,1,3
451600,Election Day - Insight,100713,CORINA LOPEZ,skipped,skipped,1,3
451600,Election Day - Insight,100714,CORINA LOPEZ,MIA OUSLEY,LEAH HALL,1,3
451600,Election Day - Insight,100715,CORINA LOPEZ,LEAH HALL,MIA OUSLEY,1,3
451600,Election Day - Insight,100716,MIA OUSLEY,LEAH HALL,CORINA LOPEZ,1,3
451600,Election Day - Insight,100717,MIA OUSLEY,LEAH HALL,CORINA LOPEZ,1,3
451600,Election Day - Insight,100718,MIA OUSLEY,CORINA LOPEZ,LEAH HALL,1,3
451600,Election Day - Insight,100719,MIA OUSLEY,skipped,skipped,1,3
451600,Election Day - Insight,100720,CORINA LOPEZ,MIA OUSLEY,LEAH HALL,1,3
451600,Election Day - Insight,100721,CORINA LOPEZ,LEAH HALL,skipped,1,3
451600,Election Day - Insight,100722,CORINA LOPEZ,LEAH HALL,skipped,1,3
451600,Election Day - Insight,100723,MIA OUSLEY,LEAH HALL,CORINA LOPEZ,1,3
451600,Election Day - Insight,100724,CORINA LOPEZ,MIA OUSLEY,LEAH HALL,1,3
451600,Election Day - Insight,100725,LEAH HALL,MIA OUSLEY,CORINA LOPEZ,1,3
451600,Election Day - Insight,100726,MIA OUSLEY,skipped,skipped,1,3
451600,Election Day - Insight,100727,CORINA LOPEZ,skipped,skipped,1,3
451600,Election Day - Insight,100728,CORINA LOPEZ,skipped,skipped,1,3
451600,Election Day - Insight,100729,LEAH HALL,MIA OUSLEY,CORINA LOPEZ,1,3
451600,Election Day - Insight,100738,LEAH HALL,MIA OUSLEY,CORINA LOPEZ,1,3
451600,Election Day - Insight,100739,CORINA LOPEZ,LEAH HALL,MIA OUSLEY,1,3
451600,Election Day - Insight,100743,CORINA LOPEZ,LEAH HALL,MIA OUSLEY,1,3
451600,Election Day - Insight,100744,LEAH HALL,skipped,skipped,1,3
451600,Election Day - Insight,100745,LEAH HALL,skipped,skipped,1,3
451600,Election Day - Insight,100747,MIA OUSLEY,CORINA LOPEZ,LEAH HALL,1,3
451600,Election Day - Insight,100748,CORINA LOPEZ,MIA OUSLEY,LEAH HALL,1,3
451600,Election Day - Insight,100750,MIA OUSLEY,CORINA LOPEZ,skipped,1,3
451600,Election Day - Insight,100751,LEAH HALL,MIA OUSLEY,CORINA LOPEZ,1,3
451600,Election Day - Insight,100752,CORINA LOPEZ,skipped,skipped,1,3
451600,Election Day - Insight,100753,LEAH HALL,CORINA LOPEZ,MIA OUSLEY,1,3
451600,Election Day - Insight,100754,LEAH HALL,skipped,skipped,1,3
451600,Election Day - Insight,100755,CORINA LOPEZ,LEAH HALL,skipped,1,3
451600,Election Day - Insight,100756,CORINA LOPEZ,MIA OUSLEY,LEAH HALL,1,3
451600,Election Day - Insight,100757,CORINA LOPEZ,skipped,skipped,1,3
451600,Election Day - Insight,100758,CORINA LOPEZ,skipped,skipped,1,3
451600,Election Day - Insight,100759,CORINA LOPEZ,skipped,skipped,1,3
451600,Election Day - Insight,100760,CORINA LOPEZ,MIA OUSLEY,LEAH HALL,1,3
451600,Election Day - Insight,100761,MIA OUSLEY,skipped,skipped,1,3
451600,Election Day - Insight,100762,MIA OUSLEY,skipped,skipped,1,3
451600,Election Day - Insight,100763,MIA OUSLEY,skipped,skipped,1,3
451600,Election Day - Insight,100764,MIA OUSLEY,CORINA LOPEZ,LEAH HALL,1,3
451600,Election Day - Insight,100765,LEAH HALL,CORINA LOPEZ,MIA OUSLEY,1,3
451600,Election Day - Insight,100766,CORINA LOPEZ,skipped,skipped,1,3
451600,Election Day - Insight,100767,CORINA LOPEZ,LEAH HALL,MIA OUSLEY,1,3
451600,Election Day - Insight,100769,CORINA LOPEZ,MIA OUSLEY,LEAH HALL,1,3
451600,Election Day - Insight,100770,CORINA LOPEZ,LEAH HALL,MIA OUSLEY,1,3
451600,Election Day - Insight,100771,MIA OUSLEY,skipped,skipped,1,3
451600,Election Day - Insight,100772,MIA OUSLEY,LEAH HALL,CORINA LOPEZ,1,3
451600,Election Day - Insight,100773,CORINA LOPEZ,LEAH HALL,MIA OUSLEY,1,3
451600,Election Day - Insight,100774,CORINA LOPEZ,skipped,skipped,1,3
451600,Election Day - Insight,100775,MIA OUSLEY,CORINA LOPEZ,LEAH HALL,1,3
451600,Election Day - Insight,100776,CORINA LOPEZ,skipped,skipped,1,3
451600,Election Day - Insight,100777,CORINA LOPEZ,skipped,skipped,1,3
451600,Election Day - Insight,100778,MIA OUSLEY,skipped,skipped,1,3
451600,Election Day - Insight,100779,CORINA LOPEZ,LEAH HALL,skipped,1,3
451600,Election Day - Insight,100780,CORINA LOPEZ,skipped,skipped,1,3
451600,Election Day - Insight,100781,CORINA LOPEZ,MIA OUSLEY,LEAH HALL,1,3
451600,Election Day - Insight,100782,CORINA LOPEZ,MIA OUSLEY,skipped,1,3
451600,Election Day - Insight,100783,CORINA LOPEZ,MIA OUSLEY,LEAH HALL,1,3
451600,Election Day - Insight,100784,CORINA LOPEZ,LEAH HALL,MIA OUSLEY,1,3
451600,Election Day - Insight,100785,CORINA LOPEZ,LEAH HALL,MIA OUSLEY,1,3
451600,Election Day - Insight,100786,CORINA LOPEZ,skipped,skipped,1,3
451600,Election Day - Insight,100787,CORINA LOPEZ,skipped,skipped,1,3
451600,Election Day - Insight,100788,CORINA LOPEZ,MIA OUSLEY,LEAH HALL,1,3
451600,Election Day - Insight,100789,CORINA LOPEZ,MIA OUSLEY,skipped,1,3
451600,Election Day - Insight,100790,MIA OUSLEY,skipped,skipped,1,3
451600,Election Day - Insight,100791,CORINA LOPEZ,MIA OUSLEY,LEAH HALL,1,3
451600,Election Day - Insight,100793,CORINA LOPEZ,skipped,skipped,1,3
451600,Election Day - Insight,100794,CORINA LOPEZ,LEAH HALL,MIA OUSLEY,1,3
451600,Election Day - Insight,100795,CORINA LOPEZ,skipped,skipped,1,3
451600,Election Day - Insight,100796,CORINA LOPEZ,skipped,skipped,1,3
451600,Election Day - Insight,100797,CORINA LOPEZ,skipped,skipped,1,3
451600,Election Day - Insight,100798,CORINA LOPEZ,skipped,skipped,1,3
451600,Election Day - Insight,100799,CORINA LOPEZ,MIA OUSLEY,skipped,1,3
451600,Election Day - Insight,100802,CORINA LOPEZ,MIA OUSLEY,LEAH HALL,1,3
451600,Election Day - Insight,100803,LEAH HALL,skipped,skipped,1,3
451600,Election Day - Insight,100804,CORINA LOPEZ,MIA OUSLEY,LEAH HALL,1,3
451600,Election Day - Insight,100805,MIA OUSLEY,skipped,skipped,1,3
451600,Election Day - Insight,100806,CORINA LOPEZ,LEAH HALL,MIA OUSLEY,1,3
451600,Election Day - Insight,100809,CORINA LOPEZ,MIA OUSLEY,LEAH HALL,1,3
451600,Election Day - Insight,100810,CORINA LOPEZ,skipped,skipped,1,3
451600,Election Day - Insight,100811,MIA OUSLEY,CORINA LOPEZ,skipped,1,3
451600,Election Day - Insight,100812,LEAH HALL,skipped,skipped,1,3
451600,Election Day - Insight,100813,CORINA LOPEZ,skipped,skipped,1,3
451600,Election Day - Insight,100814,MIA OUSLEY,CORINA LOPEZ,LEAH HALL,1,3
451600,Election Day - Insight,100815,MIA OUSLEY,CORINA LOPEZ,LEAH HALL,1,3
451600,Election Day - Insight,100816,LEAH HALL,CORINA LOPEZ,MIA OUSLEY,1,3
451600,Election Day - Insight,100817,LEAH HALL,MIA OUSLEY,CORINA LOPEZ,1,3
451600,Election Day - Insight,100818,LEAH HALL,skipped,skipped,1,3
451600,Election Day - Insight,100819,LEAH HALL,skipped,skipped,1,3
451600,Election Day - Insight,100820,CORINA LOPEZ,LEAH HALL,MIA OUSLEY,1,3
451600,Election Day - Insight,100821,CORINA LOPEZ,LEAH HALL,MIA OUSLEY,1,3
451600,Election Day - Insight,100822,CORINA LOPEZ,LEAH HALL,MIA OUSLEY,1,3
451600,Election Day - Insight,100824,MIA OUSLEY,skipped,skipped,1,3
451600,Election Day - Insight,100825,MIA OUSLEY,CORINA LOPEZ,LEAH HALL,1,3
451600,Election Day - Insight,100826,MIA OUSLEY,skipped,skipped,1,3
451600,Election Day - Insight,100827,MIA OUSLEY,CORINA LOPEZ,LEAH HALL,1,3
451600,Election Day - Insight,100828,CORINA LOPEZ,LEAH HALL,MIA OUSLEY,1,3
451600,Election Day - Insight,100829,CORINA LOPEZ,LEAH HALL,MIA OUSLEY,1,3
451600,Election Day - Insight,100830,CORINA LOPEZ,LEAH HALL,MIA OUSLEY,1,3
451600,Election Day - Insight,100831,LEAH HALL,MIA OUSLEY,CORINA LOPEZ,1,3
451600,Election Day - Insight,100832,MIA OUSLEY,CORINA LOPEZ,skipped,1,3
451600,Election Day - Insight,100833,LEAH HALL,skipped,skipped,1,3
451600,Election Day - Insight,100834,LEAH HALL,skipped,skipped,1,3
451600,Election Day - Insight,100835,CORINA LOPEZ,skipped,skipped,1,3
451600,Election Day - Insight,100836,CORINA LOPEZ,skipped,skipped,1,3
455300,Election Day - Insight,100837,MIA OUSLEY,skipped,skipped,1,3
455300,Election Day - Insight,100838,CORINA LOPEZ,skipped,skipped,1,3
455300,Election Day - Insight,100839,CORINA LOPEZ,skipped,skipped,1,3
455300,Election Day - Insight,100840,CORINA LOPEZ,skipped,skipped,1,3
455300,Election Day - Insight,100841,CORINA LOPEZ,skipped,skipped,1,3
455300,Election Day - Insight,100842,MIA OUSLEY,CORINA LOPEZ,LEAH HALL,1,3
455300,Election Day - Insight,100843,LEAH HALL,CORINA LOPEZ,skipped,1,3
455300,Election Day - Insight,100844,LEAH HALL,CORINA LOPEZ,MIA OUSLEY,1,3
455300,Election Day - Insight,100845,CORINA LOPEZ,MIA OUSLEY,LEAH HALL,1,3
455300,Election Day - Insight,100846,LEAH HALL,skipped,skipped,1,3
455300,Election Day - Insight,100849,MIA OUSLEY,CORINA LOPEZ,LEAH HALL,1,3
455300,Election Day - Insight,100850,LEAH HALL,MIA OUSLEY,CORINA LOPEZ,1,3
455300,Election Day - Insight,100851,CORINA LOPEZ,LEAH HALL,MIA OUSLEY,1,3
455300,Election Day - Insight,100852,CORINA LOPEZ,LEAH HALL,MIA OUSLEY,1,3
455300,Election Day - Insight,100853,MIA OUSLEY,LEAH HALL,CORINA LOPEZ,1,3
455300,Election Day - Insight,100854,CORINA LOPEZ,MIA OUSLEY,LEAH HALL,1,3
455300,Election Day - Insight,100855,CORINA LOPEZ,MIA OUSLEY,LEAH HALL,1,3
455300,Election Day - Insight,100856,LEAH HALL,MIA OUSLEY,CORINA LOPEZ,1,3
455300,Election Day - Insight,100857,CORINA LOPEZ,MIA OUSLEY,LEAH HALL,1,3
455300,Election Day - Insight,100858,LEAH HALL,skipped,skipped,1,3
455300,Election Day - Insight,100859,CORINA LOPEZ,MIA OUSLEY,LEAH HALL,1,3
455300,Election Day - Insight,100860,MIA OUSLEY,CORINA LOPEZ,skipped,1,3
455300,Election Day - Insight,100861,LEAH HALL,CORINA LOPEZ,skipped,1,3
455300,Election Day - Insight,100862,CORINA LOPEZ,LEAH HALL,MIA OUSLEY,1,3
455300,Election Day - Insight,100863,CORINA LOPEZ,MIA OUSLEY,LEAH HALL,1,3
455300,Election Day - Insight,100864,CORINA LOPEZ,MIA OUSLEY,LEAH HALL,1,3
455300,Election Day - Insight,100865,CORINA LOPEZ,skipped,skipped,1,3
455300,Election Day - Insight,100866,CORINA LOPEZ,MIA OUSLEY,skipped,1,3
455300,Election Day - Insight,100867,CORINA LOPEZ,LEAH HALL,MIA OUSLEY,1,3
455300,Election Day - Insight,100868,MIA OUSLEY,skipped,skipped,1,3
455300,Election Day - Insight,100869,LEAH HALL,skipped,skipped,1,3
455300,Election Day - Insight,100870,CORINA LOPEZ,MIA OUSLEY,LEAH HALL,1,3
455300,Election Day - Insight,100871,CORINA LOPEZ,LEAH HALL,skipped,1,3
455300,Election Day - Insight,100872,CORINA LOPEZ,skipped,skipped,1,3
455300,Election Day - Insight,100873,MIA OUSLEY,skipped,skipped,1,3
455300,Election Day - Insight,100874,MIA OUSLEY,LEAH HALL,skipped,1,3
455300,Election Day - Insight,100875,CORINA LOPEZ,MIA OUSLEY,LEAH HALL,1,3
455300,Election Day - Insight,100877,CORINA LOPEZ,skipped,skipped,1,3
455300,Election Day - Insight,100878,CORINA LOPEZ,LEAH HALL,MIA OUSLEY,1,3
455300,Election Day - Insight,100880,MIA OUSLEY,CORINA LOPEZ,LEAH HALL,1,3
455300,Election Day - Insight,100881,CORINA LOPEZ,skipped,skipped,1,3
455300,Election Day - Insight,100882,MIA OUSLEY,skipped,skipped,1,3
455300,Election Day - Insight,100883,CORINA LOPEZ,LEAH HALL,MIA OUSLEY,1,3
455300,Election Day - Insight,100886,LEAH HALL,MIA OUSLEY,skipped,1,3
455300,Election Day - Insight,100887,LEAH HALL,skipped,skipped,1,3
455300,Election Day - Insight,100888,CORINA LOPEZ,skipped,skipped,1,3
455300,Election Day - Insight,100889,LEAH HALL,MIA OUSLEY,CORINA LOPEZ,1,3
455300,Election Day - Insight,100890,CORINA LOPEZ,skipped,skipped,1,3
455300,Election Day - Insight,100891,CORINA LOPEZ,LEAH HALL,MIA OUSLEY,1,3
455300,Election Day - Insight,100892,LEAH HALL,MIA OUSLEY,CORINA LOPEZ,1,3
455300,Election Day - Insight,100894,CORINA LOPEZ,MIA OUSLEY,skipped,1,3
455300,Election Day - Insight,100895,CORINA LOPEZ,LEAH HALL,MIA OUSLEY,1,3
455300,Election Day - Insight,100896,CORINA LOPEZ,LEAH HALL,skipped,1,3
455300,Election Day - Insight,100897,LEAH HALL,skipped,skipped,1,3
455300,Election Day - Insight,100898,CORINA LOPEZ,LEAH HALL,skipped,1,3
455300,Election Day - Insight,100900,MIA OUSLEY,CORINA LOPEZ,skipped,1,3
455300,Election Day - Insight,100901,CORINA LOPEZ,skipped,skipped,1,3
455300,Election Day - Insight,100902,CORINA LOPEZ,LEAH HALL,MIA OUSLEY,1,3
455300,Election Day - Insight,100903,CORINA LOPEZ,MIA OUSLEY,skipped,1,3
455300,Election Day - Insight,100904,CORINA LOPEZ,MIA OUSLEY,LEAH HALL,1,3
455300,Election Day - Insight,100906,LEAH HALL,skipped,skipped,1,3
455300,Election Day - Insight,100907,CORINA LOPEZ,skipped,skipped,1,3
455300,Election Day - Insight,100909,CORINA LOPEZ,skipped,skipped,1,3
455300,Election Day - Insight,100910,MIA OUSLEY,skipped,skipped,1,3
455300,Election Day - Insight,100911,MIA OUSLEY,LEAH HALL,skipped,1,3
455300,Election Day - Insight,100912,CORINA LOPEZ,LEAH HALL,MIA OUSLEY,1,3
455300,Election Day - Insight,100913,CORINA LOPEZ,MIA OUSLEY,LEAH HALL,1,3
455300,Election Day - Insight,100914,CORINA LOPEZ,LEAH HALL,MIA OUSLEY,1,3
455300,Election Day - Insight,100915,CORINA LOPEZ,MIA OUSLEY,LEAH HALL,1,3
455300,Election Day - Insight,100916,LEAH HALL,skipped,skipped,1,3
455300,Election Day - Insight,100917,LEAH HALL,skipped,skipped,1,3
455300,Election Day - Insight,100918,CORINA LOPEZ,skipped,skipped,1,3
455300,Election Day - Insight,100919,MIA OUSLEY,skipped,skipped,1,3
455300,Election Day - Insight,100920,CORINA LOPEZ,MIA OUSLEY,LEAH HALL,1,3
455300,Election Day - Insight,100921,CORINA LOPEZ,LEAH HALL,MIA OUSLEY,1,3
455300,Election Day - Insight,100922,CORINA LOPEZ,LEAH HALL,MIA OUSLEY,1,3
455300,Election Day - Insight,100924,CORINA LOPEZ,skipped,skipped,1,3
455300,Election Day - Insight,100925,MIA OUSLEY,LEAH HALL,CORINA LOPEZ,1,3
455300,Election Day - Insight,100927,CORINA LOPEZ,skipped,skipped,1,3
455300,Election Day - Insight,100928,CORINA LOPEZ,LEAH HALL,MIA OUSLEY,1,3
455300,Election Day - Insight,100930,CORINA LOPEZ,skipped,skipped,1,3
455300,Election Day - Insight,100931,CORINA LOPEZ,skipped,skipped,1,3
455300,Election Day - Insight,100932,MIA OUSLEY,LEAH HALL,CORINA LOPEZ,1,3
455300,Election Day - Insight,100934,MIA OUSLEY,CORINA LOPEZ,LEAH HALL,1,3
455300,Election Day - Insight,100935,CORINA LOPEZ,LEAH HALL,skipped,1,3
455300,Election Day - Insight,100936,CORINA LOPEZ,skipped,skipped,1,3
455300,Election Day - Insight,100937,MIA OUSLEY,LEAH HALL,CORINA LOPEZ,1,3
455400,Election Day - Insight,101501,CORINA LOPEZ,skipped,skipped,1,3
455400,Election Day - Insight,101502,CORINA LOPEZ,LEAH HALL,MIA OUSLEY,1,3
455400,Election Day - Insight,101503,MIA OUSLEY,skipped,skipped,1,3
455400,Election Day - Insight,101504,CORINA LOPEZ,LEAH HALL,MIA OUSLEY,1,3
455400,Election Day - Insight,101505,MIA OUSLEY,LEAH HALL,skipped,1,3
455400,Election Day - Insight,101506,CORINA LOPEZ,MIA OUSLEY,LEAH HALL,1,3
455400,Election Day - Insight,101507,LEAH HALL,skipped,skipped,1,3
455400,Election Day - Insight,101508,LEAH HALL,MIA OUSLEY,CORINA LOPEZ,1,3
455400,Election Day - Insight,101509,CORINA LOPEZ,LEAH HALL,MIA OUSLEY,1,3
455400,Election Day - Insight,101510,CORINA LOPEZ,LEAH HALL,MIA OUSLEY,1,3
455400,Election Day - Insight,101511,CORINA LOPEZ,LEAH HALL,MIA OUSLEY,1,3
455400,Election Day - Insight,101512,LEAH HALL,MIA OUSLEY,CORINA LOPEZ,1,3
455400,Election Day - Insight,101513,CORINA LOPEZ,MIA OUSLEY,LEAH HALL,1,3
455400,Election Day - Insight,101514,LEAH HALL,skipped,skipped,1,3
455400,Election Day - Insight,101515,CORINA LOPEZ,MIA OUSLEY,LEAH HALL,1,3
455400,Election Day - Insight,101516,CORINA LOPEZ,skipped,skipped,1,3
455400,Election Day - Insight,101517,CORINA LOPEZ,MIA OUSLEY,LEAH HALL,1,3
455400,Election Day - Insight,101518,LEAH HALL,skipped,skipped,1,3
455400,Election Day - Insight,101519,CORINA LOPEZ,skipped,skipped,1,3
455400,Election Day - Insight,101520,MIA OUSLEY,CORINA LOPEZ,LEAH HALL,1,3
455400,Election Day - Insight,101521,MIA OUSLEY,LEAH HALL,skipped,1,3
455400,Election Day - Insight,101522,CORINA LOPEZ,MIA OUSLEY,LEAH HALL,1,3
455400,Election Day - Insight,101523,CORINA LOPEZ,LEAH HALL,MIA OUSLEY,1,3
455400,Election Day - Insight,101524,CORINA LOPEZ,MIA OUSLEY,LEAH HALL,1,3
455400,Election Day - Insight,101525,LEAH HALL,CORINA LOPEZ,skipped,1,3
455400,Election Day - Insight,101526,MIA OUSLEY,LEAH HALL,CORINA LOPEZ,1,3
455400,Election Day - Insight,101527,LEAH HALL,MIA OUSLEY,skipped,1,3
455400,Election Day - Insight,101528,LEAH HALL,MIA OUSLEY,CORINA LOPEZ,1,3
455400,Election Day - Insight,101529,CORINA LOPEZ,MIA OUSLEY,LEAH HALL,1,3
455400,Election Day - Insight,101530,CORINA LOPEZ,LEAH HALL,MIA OUSLEY,1,3
455400,Election Day - Insight,101531,CORINA LOPEZ,skipped,skipped,1,3
455400,Election Day - Insight,101532,CORINA LOPEZ,skipped,skipped,1,3
455400,Election Day - Insight,101534,CORINA LOPEZ,LEAH HALL,MIA OUSLEY,1,3
455400,Election Day - Insight,101535,CORINA LOPEZ,MIA OUSLEY,LEAH HALL,1,3
455400,Election Day - Insight,101536,LEAH HALL,skipped,skipped,1,3
455400,Election Day - Insight,101537,LEAH HALL,CORINA LOPEZ,skipped,1,3
455400,Election Day - Insight,101538,MIA OUSLEY,CORINA LOPEZ,LEAH HALL,1,3
455400,Election Day - Insight,101540,CORINA LOPEZ,skipped,skipped,1,3
455400,Election Day - Insight,101542,CORINA LOPEZ,MIA OUSLEY,LEAH HALL,1,3
455400,Election Day - Insight,101543,CORINA LOPEZ,MIA OUSLEY,LEAH HALL,1,3
455400,Election Day - Insight,101544,CORINA LOPEZ,MIA OUSLEY,LEAH HALL,1,3
455400,Election Day - Insight,101545,LEAH HALL,CORINA LOPEZ,MIA OUSLEY,1,3
455400,Election Day - Insight,101547,LEAH HALL,CORINA LOPEZ,MIA OUSLEY,1,3
455400,Election Day - Insight,101548,CORINA LOPEZ,LEAH HALL,MIA OUSLEY,1,3
455400,Election Day - Insight,101549,MIA OUSLEY,CORINA LOPEZ,LEAH HALL,1,3
455400,Election Day - Insight,101550,CORINA LOPEZ,skipped,skipped,1,3
455400,Election Day - Insight,101551,CORINA LOPEZ,skipped,skipped,1,3
455400,Election Day - Insight,101552,LEAH HALL,MIA OUSLEY,CORINA LOPEZ,1,3
455400,Election Day - Insight,101555,CORINA LOPEZ,LEAH HALL,MIA OUSLEY,1,3
455400,Election Day - Insight,101556,CORINA LOPEZ,LEAH HALL,MIA OUSLEY,1,3
455400,Election Day - Insight,101557,CORINA LOPEZ,LEAH HALL,MIA OUSLEY,1,3
455400,Election Day - Insight,101559,MIA OUSLEY,CORINA LOPEZ,skipped,1,3
455400,Election Day - Insight,101560,LEAH HALL,MIA OUSLEY,CORINA LOPEZ,1,3
455400,Election Day - Insight,101561,MIA OUSLEY,CORINA LOPEZ,LEAH HALL,1,3
455400,Election Day - Insight,101563,CORINA LOPEZ,LEAH HALL,MIA OUSLEY,1,3
455400,Election Day - Insight,101564,CORINA LOPEZ,skipped,skipped,1,3
455400,Election Day - Insight,101565,CORINA LOPEZ,LEAH HALL,MIA OUSLEY,1,3
455400,Election Day - Insight,101566,CORINA LOPEZ,LEAH HALL,MIA OUSLEY,1,3
455400,Election Day - Insight,101567,MIA OUSLEY,skipped,skipped,1,3
455400,Election Day - Insight,101569,CORINA LOPEZ,skipped,skipped,1,3
455400,Election Day - Insight,101570,CORINA LOPEZ,MIA OUSLEY,LEAH HALL,1,3
455400,Election Day - Insight,101571,CORINA LOPEZ,LEAH HALL,MIA OUSLEY,1,3
455400,Election Day - Insight,101572,LEAH HALL,MIA OUSLEY,CORINA LOPEZ,1,3
455400,Election Day - Insight,101573,CORINA LOPEZ,skipped,skipped,1,3
455400,Election Day - Insight,101574,MIA OUSLEY,skipped,skipped,1,3
450300,Election Day - Insight,101846,LEAH HALL,CORINA LOPEZ,MIA OUSLEY,1,3
450300,Election Day - Insight,101847,LEAH HALL,CORINA LOPEZ,MIA OUSLEY,1,3
450300,Election Day - Insight,101850,CORINA LOPEZ,LEAH HALL,MIA OUSLEY,1,3
450300,Election Day - Insight,101851,LEAH HALL,CORINA LOPEZ,MIA OUSLEY,1,3
450300,Election Day - Insight,101852,CORINA LOPEZ,skipped,skipped,1,3
450300,Election Day - Insight,101853,CORINA LOPEZ,skipped,skipped,1,3
450300,Election Day - Insight,101854,CORINA LOPEZ,skipped,skipped,1,3
450300,Election Day - Insight,101855,CORINA LOPEZ,MIA OUSLEY,LEAH HALL,1,3
450300,Election Day - Insight,101856,CORINA LOPEZ,skipped,skipped,1,3
450300,Election Day - Insight,101857,LEAH HALL,skipped,skipped,1,3
450300,Election Day - Insight,101858,CORINA LOPEZ,skipped,skipped,1,3
450300,Election Day - Insight,101859,CORINA LOPEZ,skipped,skipped,1,3
450300,Election Day - Insight,101860,MIA OUSLEY,skipped,skipped,1,3
450300,Election Day - Insight,101861,MIA OUSLEY,LEAH HALL,skipped,1,3
450300,Election Day - Insight,101863,CORINA LOPEZ,skipped,skipped,1,3
450300,Election Day - Insight,101864,CORINA LOPEZ,skipped,skipped,1,3
450300,Election Day - Insight,101865,CORINA LOPEZ,skipped,skipped,1,3
450300,Election Day - Insight,101866,MIA OUSLEY,LEAH HALL,CORINA LOPEZ,1,3
450300,Election Day - Insight,101867,CORINA LOPEZ,MIA OUSLEY,LEAH HALL,1,3
450300,Election Day - Insight,101868,CORINA LOPEZ,MIA OUSLEY,LEAH HALL,1,3
450300,Election Day - Insight,101869,CORINA LOPEZ,MIA OUSLEY,skipped,1,3
450300,Election Day - Insight,101870,LEAH HALL,skipped,skipped,1,3
450300,Election Day - Insight,101871,LEAH HALL,MIA OUSLEY,CORINA LOPEZ,1,3
450300,Election Day - Insight,101872,LEAH HALL,MIA OUSLEY,CORINA LOPEZ,1,3
450300,Election Day - Insight,101873,MIA OUSLEY,LEAH HALL,skipped,1,3
450300,Election Day - Insight,101884,MIA OUSLEY,CORINA LOPEZ,LEAH HALL,1,3
450300,Election Day - Insight,101885,MIA OUSLEY,CORINA LOPEZ,LEAH HALL,1,3
450300,Election Day - Insight,101886,MIA OUSLEY,LEAH HALL,CORINA LOPEZ,1,3
450300,Election Day - Insight,101887,MIA OUSLEY,LEAH HALL,CORINA LOPEZ,1,3
450300,Election Day - Insight,101888,CORINA LOPEZ,skipped,skipped,1,3
450300,Election Day - Insight,101889,CORINA LOPEZ,skipped,skipped,1,3
450300,Election Day - Insight,101890,CORINA LOPEZ,skipped,skipped,1,3
450300,Election Day - Insight,101891,LEAH HALL,skipped,skipped,1,3
450300,Election Day - Insight,101892,MIA OUSLEY,CORINA LOPEZ,LEAH HALL,1,3
450300,Election Day - Insight,101893,LEAH HALL,skipped,skipped,1,3
450300,Election Day - Insight,101894,MIA OUSLEY,LEAH HALL,CORINA LOPEZ,1,3
450300,Election Day - Insight,101895,LEAH HALL,MIA OUSLEY,CORINA LOPEZ,1,3
450300,Election Day - Insight,101896,MIA OUSLEY,CORINA LOPEZ,LEAH HALL,1,3
450300,Election Day - Insight,101897,CORINA LOPEZ,MIA OUSLEY,LEAH HALL,1,3
450300,Election Day - Insight,101898,MIA OUSLEY,LEAH HALL,CORINA LOPEZ,1,3
450300,Election Day - Insight,101899,LEAH HALL,skipped,skipped,1,3
450300,Election Day - Insight,101900,MIA OUSLEY,CORINA LOPEZ,skipped,1,3
450300,Election Day - Insight,101901,LEAH HALL,CORINA LOPEZ,MIA OUSLEY,1,3
450300,Election Day - Insight,101902,LEAH HALL,skipped,skipped,1,3
450300,Election Day - Insight,101903,CORINA LOPEZ,LEAH HALL,MIA OUSLEY,1,3
450300,Election Day - Insight,101904,CORINA LOPEZ,MIA OUSLEY,LEAH HALL,1,3
450300,Election Day - Insight,101905,CORINA LOPEZ,skipped,skipped,1,3
450300,Election Day - Insight,101906,CORINA LOPEZ,MIA OUSLEY,LEAH HALL,1,3
450300,Election Day - Insight,101907,LEAH HALL,skipped,skipped,1,3
450300,Election Day - Insight,101909,LEAH HALL,skipped,skipped,1,3
450300,Election Day - Insight,101910,MIA OUSLEY,LEAH HALL,CORINA LOPEZ,1,3
450300,Election Day - Insight,101911,MIA OUSLEY,skipped,skipped,1,3
450300,Election Day - Insight,101913,MIA OUSLEY,skipped,skipped,1,3
450300,Election Day - Insight,101914,CORINA LOPEZ,MIA OUSLEY,LEAH HALL,1,3
450300,Election Day - Insight,101915,CORINA LOPEZ,LEAH HALL,skipped,1,3
450300,Election Day - Insight,101916,CORINA LOPEZ,MIA OUSLEY,LEAH HALL,1,3
450300,Election Day - Insight,101917,CORINA LOPEZ,MIA OUSLEY,LEAH HALL,1,3
450300,Election Day - Insight,101920,LEAH HALL,skipped,skipped,1,3
450300,Election Day - Insight,101921,CORINA LOPEZ,LEAH HALL,MIA OUSLEY,1,3
450300,Election Day - Insight,101922,LEAH HALL,CORINA LOPEZ,MIA OUSLEY,1,3
450300,Election Day - Insight,101923,LEAH HALL,MIA OUSLEY,CORINA LOPEZ,1,3
450300,Election Day - Insight,101925,LEAH HALL,MIA OUSLEY,skipped,1,3
450300,Election Day - Insight,101926,MIA OUSLEY,CORINA LOPEZ,LEAH HALL,1,3
450300,Election Day - Insight,101927,CORINA LOPEZ,MIA OUSLEY,LEAH HALL,1,3
450300,Election Day - Insight,101928,LEAH HALL,MIA OUSLEY,skipped,1,3
450300,Election Day - Insight,101929,LEAH HALL,MIA OUSLEY,skipped,1,3
450300,Election Day - Insight,101931,CORINA LOPEZ,skipped,skipped,1,3
450300,Election Day - Insight,101933,CORINA LOPEZ,MIA OUSLEY,skipped,1,3
450300,Election Day - Insight,101934,MIA OUSLEY,LEAH HALL,skipped,1,3
450300,Election Day - Insight,101935,MIA OUSLEY,skipped,skipped,1,3
450300,Election Day - Insight,101936,CORINA LOPEZ,MIA OUSLEY,LEAH HALL,1,3
450300,Election Day - Insight,101937,CORINA LOPEZ,skipped,skipped,1,3
450300,Election Day - Insight,101938,CORINA LOPEZ,skipped,skipped,1,3
450300,Election Day - Insight,101939,CORINA LOPEZ,LEAH HALL,MIA OUSLEY,1,3
450300,Election Day - Insight,101940,LEAH HALL,CORINA LOPEZ,MIA OUSLEY,1,3
450300,Election Day - Insight,101941,CORINA LOPEZ,MIA OUSLEY,LEAH HALL,1,3
450300,Election Day - Insight,101942,CORINA LOPEZ,LEAH HALL,MIA OUSLEY,1,3
450300,Election Day - Insight,101943,LEAH HALL,CORINA LOPEZ,MIA OUSLEY,1,3
450300,Election Day - Insight,101945,MIA OUSLEY,LEAH HALL,CORINA LOPEZ,1,3
450300,Election Day - Insight,101946,CORINA LOPEZ,LEAH HALL,MIA OUSLEY,1,3
450300,Election Day - Insight,101947,LEAH HALL,MIA OUSLEY,CORINA LOPEZ,1,3
450300,Election Day - Insight,101948,CORINA LOPEZ,LEAH HALL,skipped,1,3
450300,Election Day - Insight,101949,CORINA LOPEZ,MIA OUSLEY,LEAH HALL,1,3
450300,Election Day - Insight,101950,CORINA LOPEZ,LEAH HALL,MIA OUSLEY,1,3
450300,Election Day - Insight,101951,CORINA LOPEZ,MIA OUSLEY,LEAH HALL,1,3
455000,Election Day - Insight,101952,LEAH HALL,MIA OUSLEY,CORINA LOPEZ,1,3
455000,Election Day - Insight,101953,MIA OUSLEY,LEAH HALL,CORINA LOPEZ,1,3
455000,Election Day - Insight,101954,CORINA LOPEZ,LEAH HALL,MIA OUSLEY,1,3
455000,Election Day - Insight,101956,CORINA LOPEZ,MIA OUSLEY,LEAH HALL,1,3
455000,Election Day - Insight,101957,CORINA LOPEZ,skipped,skipped,1,3
455000,Election Day - Insight,101960,LEAH HALL,skipped,skipped,1,3
455000,Election Day - Insight,101961,CORINA LOPEZ,LEAH HALL,MIA OUSLEY,1,3
455000,Election Day - Insight,101962,CORINA LOPEZ,LEAH HALL,MIA OUSLEY,1,3
455000,Election Day - Insight,101963,CORINA LOPEZ,skipped,skipped,1,3
455000,Election Day - Insight,101964,CORINA LOPEZ,MIA OUSLEY,LEAH HALL,1,3
455000,Election Day - Insight,101965,LEAH HALL,MIA OUSLEY,CORINA LOPEZ,1,3
455000,Election Day - Insight,101966,CORINA LOPEZ,skipped,skipped,1,3
455000,Election Day - Insight,101967,CORINA LOPEZ,skipped,skipped,1,3
455000,Election Day - Insight,101968,CORINA LOPEZ,MIA OUSLEY,skipped,1,3
455000,Election Day - Insight,101969,CORINA LOPEZ,skipped,skipped,1,3
455000,Election Day - Insight,101970,CORINA LOPEZ,skipped,skipped,1,3
455000,Election Day - Insight,101971,LEAH HALL,MIA OUSLEY,CORINA LOPEZ,1,3
455000,Election Day - Insight,101972,CORINA LOPEZ,skipped,skipped,1,3
455000,Election Day - Insight,101973,CORINA LOPEZ,LEAH HALL,skipped,1,3
455000,Election Day - Insight,101974,CORINA LOPEZ,LEAH HALL,MIA OUSLEY,1,3
455000,Election Day - Insight,101975,CORINA LOPEZ,LEAH HALL,MIA OUSLEY,1,3
455000,Election Day - Insight,101976,MIA OUSLEY,skipped,skipped,1,3
455000,Election Day - Insight,101978,LEAH HALL,CORINA LOPEZ,skipped,1,3
455000,Election Day - Insight,101979,MIA OUSLEY,CORINA LOPEZ,skipped,1,3
455000,Election Day - Insight,101980,CORINA LOPEZ,LEAH HALL,MIA OUSLEY,1,3
455000,Election Day - Insight,101982,CORINA LOPEZ,skipped,skipped,1,3
455000,Election Day - Insight,101983,MIA OUSLEY,CORINA LOPEZ,LEAH HALL,1,3
455000,Election Day - Insight,101984,CORINA LOPEZ,skipped,skipped,1,3
455000,Election Day - Insight,101985,CORINA LOPEZ,MIA OUSLEY,LEAH HALL,1,3
455000,Election Day - Insight,101986,CORINA LOPEZ,MIA OUSLEY,LEAH HALL,1,3
455000,Election Day - Insight,101987,MIA OUSLEY,CORINA LOPEZ,LEAH HALL,1,3
455000,Election Day - Insight,101988,CORINA LOPEZ,LEAH HALL,MIA OUSLEY,1,3
455000,Election Day - Insight,101989,CORINA LOPEZ,skipped,skipped,1,3
455000,Election Day - Insight,101990,LEAH HALL,CORINA LOPEZ,MIA OUSLEY,1,3
455000,Election Day - Insight,101991,LEAH HALL,MIA OUSLEY,CORINA LOPEZ,1,3
455000,Election Day - Insight,101993,CORINA LOPEZ,MIA OUSLEY,LEAH HALL,1,3
455000,Election Day - Insight,101994,CORINA LOPEZ,skipped,skipped,1,3
455000,Election Day - Insight,101997,CORINA LOPEZ,skipped,skipped,1,3
455000,Election Day - Insight,101999,CORINA LOPEZ,LEAH HALL,MIA OUSLEY,1,3
455000,Election Day - Insight,102000,CORINA LOPEZ,MIA OUSLEY,LEAH HALL,1,3
455000,Election Day - Insight,102001,MIA OUSLEY,LEAH HALL,CORINA LOPEZ,1,3
455000,Election Day - Insight,102002,CORINA LOPEZ,skipped,skipped,1,3
455000,Election Day - Insight,102003,LEAH HALL,CORINA LOPEZ,MIA OUSLEY,1,3
455900,Election Day - Insight,102250,LEAH HALL,CORINA LOPEZ,skipped,1,3
455900,Election Day - Insight,102251,LEAH HALL,CORINA LOPEZ,MIA OUSLEY,1,3
455900,Election Day - Insight,102252,CORINA LOPEZ,LEAH HALL,MIA OUSLEY,1,3
455900,Election Day - Insight,102253,CORINA LOPEZ,LEAH HALL,MIA OUSLEY,1,3
455900,Election Day - Insight,102254,MIA OUSLEY,CORINA LOPEZ,skipped,1,3
455900,Election Day - Insight,102255,MIA OUSLEY,CORINA LOPEZ,LEAH HALL,1,3
455900,Election Day - Insight,102256,LEAH HALL,skipped,skipped,1,3
455900,Election Day - Insight,102257,MIA OUSLEY,CORINA LOPEZ,LEAH HALL,1,3
455900,Election Day - Insight,102258,CORINA LOPEZ,LEAH HALL,MIA OUSLEY,1,3
455900,Election Day - Insight,102259,CORINA LOPEZ,skipped,skipped,1,3
455900,Election Day - Insight,102260,MIA OUSLEY,LEAH HALL,CORINA LOPEZ,1,3
455900,Election Day - Insight,102261,MIA OUSLEY,CORINA LOPEZ,LEAH HALL,1,3
455900,Election Day - Insight,102263,MIA OUSLEY,CORINA LOPEZ,LEAH HALL,1,3
455900,Election Day - Insight,102264,LEAH HALL,MIA OUSLEY,skipped,1,3
455900,Election Day - Insight,102265,CORINA LOPEZ,MIA OUSLEY,LEAH HALL,1,3
455900,Election Day - Insight,102266,CORINA LOPEZ,MIA OUSLEY,LEAH HALL,1,3
455900,Election Day - Insight,102272,MIA OUSLEY,CORINA LOPEZ,LEAH HALL,1,3
455900,Election Day - Insight,102273,CORINA LOPEZ,skipped,skipped,1,3
455900,Election Day - Insight,102274,CORINA LOPEZ,skipped,skipped,1,3
455900,Election Day - Insight,102275,CORINA LOPEZ,LEAH HALL,skipped,1,3
455900,Election Day - Insight,102276,CORINA LOPEZ,LEAH HALL,MIA OUSLEY,1,3
455900,Election Day - Insight,102277,LEAH HALL,skipped,skipped,1,3
455900,Election Day - Insight,102278,MIA OUSLEY,skipped,skipped,1,3
455900,Election Day - Insight,102279,MIA OUSLEY,skipped,skipped,1,3
455900,Election Day - Insight,102280,CORINA LOPEZ,LEAH HALL,skipped,1,3
455900,Election Day - Insight,102281,CORINA LOPEZ,LEAH HALL,MIA OUSLEY,1,3
455900,Election Day - Insight,102282,LEAH HALL,MIA OUSLEY,CORINA LOPEZ,1,3
455900,Election Day - Insight,102283,LEAH HALL,MIA OUSLEY,CORINA LOPEZ,1,3
455900,Election Day - Insight,102284,CORINA LOPEZ,LEAH HALL,skipped,1,3
455900,Election Day - Insight,102285,MIA OUSLEY,CORINA LOPEZ,LEAH HALL,1,3
455900,Election Day - Insight,102286,MIA OUSLEY,LEAH HALL,CORINA LOPEZ,1,3
455900,Election Day - Insight,102287,CORINA LOPEZ,skipped,skipped,1,3
455900,Election Day - Insight,102288,CORINA LOPEZ,MIA OUSLEY,LEAH HALL,1,3
455900,Election Day - Insight,102291,MIA OUSLEY,skipped,skipped,1,3
455900,Election Day - Insight,102292,LEAH HALL,MIA OUSLEY,CORINA LOPEZ,1,3
455900,Election Day - Insight,102293,CORINA LOPEZ,MIA OUSLEY,LEAH HALL,1,3
455900,Election Day - Insight,102294,MIA OUSLEY,LEAH HALL,CORINA LOPEZ,1,3
455900,Election Day - Insight,102295,LEAH HALL,skipped,skipped,1,3
455900,Election Day - Insight,102296,CORINA LOPEZ,MIA OUSLEY,LEAH HALL,1,3
455900,Election Day - Insight,102297,CORINA LOPEZ,LEAH HALL,MIA OUSLEY,1,3
455900,Election Day - Insight,102313,MIA OUSLEY,LEAH HALL,CORINA LOPEZ,1,3
455900,Election Day - Insight,102314,CORINA LOPEZ,MIA OUSLEY,LEAH HALL,1,3
455900,Election Day - Insight,102315,CORINA LOPEZ,skipped,skipped,1,3
455900,Election Day - Insight,102316,LEAH HALL,skipped,skipped,1,3
455900,Election Day - Insight,102317,LEAH HALL,CORINA LOPEZ,MIA OUSLEY,1,3
455900,Election Day - Insight,102318,CORINA LOPEZ,MIA OUSLEY,LEAH HALL,1,3
455900,Election Day - Insight,102319,CORINA LOPEZ,MIA OUSLEY,LEAH HALL,1,3
455900,Election Day - Insight,102320,CORINA LOPEZ,MIA OUSLEY,LEAH HALL,1,3
455900,Election Day - Insight,102321,MIA OUSLEY,CORINA LOPEZ,LEAH HALL,1,3
455900,Election Day - Insight,102323,LEAH HALL,CORINA LOPEZ,MIA OUSLEY,1,3
455900,Election Day - Insight,102324,CORINA LOPEZ,MIA OUSLEY,skipped,1,3
455900,Election Day - Insight,102325,LEAH HALL,CORINA LOPEZ,MIA OUSLEY,1,3
455900,Election Day - Insight,102326,CORINA LOPEZ,skipped,skipped,1,3
455900,Election Day - Insight,102327,CORINA LOPEZ,MIA OUSLEY,LEAH HALL,1,3
455900,Election Day - Insight,102328,MIA OUSLEY,CORINA LOPEZ,LEAH HALL,1,3
455900,Election Day - Insight,102329,CORINA LOPEZ,MIA OUSLEY,LEAH HALL,1,3
455900,Election Day - Insight,102330,CORINA LOPEZ,MIA OUSLEY,LEAH HALL,1,3
455900,Election Day - Insight,102331,CORINA LOPEZ,skipped,skipped,1,3
455900,Election Day - Insight,102335,CORINA LOPEZ,LEAH HALL,MIA OUSLEY,1,3
455900,Election Day - Insight,102336,MIA OUSLEY,skipped,skipped,1,3
455900,Election Day - Insight,102337,LEAH HALL,skipped,skipped,1,3
455900,Election Day - Insight,102338,MIA OUSLEY,LEAH HALL,CORINA LOPEZ,1,3
455900,Election Day - Insight,102339,LEAH HALL,skipped,skipped,1,3
455900,Election Day - Insight,102340,CORINA LOPEZ,MIA OUSLEY,LEAH HALL,1,3
455900,Election Day - Insight,102341,CORINA LOPEZ,MIA OUSLEY,LEAH HALL,1,3
455900,Election Day - Insight,102342,CORINA LOPEZ,MIA OUSLEY,LEAH HALL,1,3
455900,Election Day - Insight,102343,CORINA LOPEZ,MIA OUSLEY,LEAH HALL,1,3
455900,Election Day - Insight,102344,CORINA LOPEZ,LEAH HALL,MIA OUSLEY,1,3
455900,Election Day - Insight,102345,CORINA LOPEZ,LEAH HALL,MIA OUSLEY,1,3
455900,Election Day - Insight,102346,CORINA LOPEZ,LEAH HALL,MIA OUSLEY,1,3
455900,Election Day - Insight,102347,MIA OUSLEY,LEAH HALL,CORINA LOPEZ,1,3
455900,Election Day - Insight,102348,MIA OUSLEY,skipped,skipped,1,3
455900,Election Day - Insight,102349,MIA OUSLEY,CORINA LOPEZ,LEAH HALL,1,3
455900,Election Day - Insight,102350,MIA OUSLEY,skipped,skipped,1,3
455900,Election Day - Insight,102351,CORINA LOPEZ,skipped,skipped,1,3
455900,Election Day - Insight,102352,CORINA LOPEZ,skipped,skipped,1,3
455900,Election Day - Insight,102353,CORINA LOPEZ,skipped,skipped,1,3
455900,Election Day - Insight,102354,CORINA LOPEZ,skipped,skipped,1,3
455900,Election Day - Insight,102355,MIA OUSLEY,skipped,skipped,1,3
455900,Election Day - Insight,102356,CORINA LOPEZ,LEAH HALL,MIA OUSLEY,1,3
455900,Election Day - Insight,102357,CORINA LOPEZ,MIA OUSLEY,LEAH HALL,1,3
455900,Election Day - Insight,102358,CORINA LOPEZ,MIA OUSLEY,LEAH HALL,1,3
455900,Election Day - Insight,102359,LEAH HALL,CORINA LOPEZ,skipped,1,3
455900,Election Day - Insight,102360,LEAH HALL,CORINA LOPEZ,MIA OUSLEY,1,3
455900,Election Day - Insight,102362,CORINA LOPEZ,MIA OUSLEY,LEAH HALL,1,3
455900,Election Day - Insight,102363,CORINA LOPEZ,MIA OUSLEY,skipped,1,3
455900,Election Day - Insight,102364,CORINA LOPEZ,MIA OUSLEY,LEAH HALL,1,3
455900,Election Day - Insight,102365,LEAH HALL,skipped,skipped,1,3
455900,Election Day - Insight,102366,MIA OUSLEY,skipped,skipped,1,3
455900,Election Day - Insight,102367,MIA OUSLEY,skipped,skipped,1,3
455900,Election Day - Insight,102368,CORINA LOPEZ,MIA OUSLEY,LEAH HALL,1,3
455900,Election Day - Insight,102369,LEAH HALL,CORINA LOPEZ,MIA OUSLEY,1,3
455900,Election Day - Insight,102370,LEAH HALL,skipped,skipped,1,3
455900,Election Day - Insight,102371,LEAH HALL,CORINA LOPEZ,MIA OUSLEY,1,3
455900,Election Day - Insight,102372,CORINA LOPEZ,LEAH HALL,MIA OUSLEY,1,3
455900,Election Day - Insight,102374,LEAH HALL,CORINA LOPEZ,skipped,1,3
455900,Election Day - Insight,102378,CORINA LOPEZ,LEAH HALL,MIA OUSLEY,1,3
455900,Election Day - Insight,102379,CORINA LOPEZ,skipped,skipped,1,3
455900,Election Day - Insight,102380,CORINA LOPEZ,MIA OUSLEY,LEAH HALL,1,3
455900,Election Day - Insight,102381,MIA OUSLEY,CORINA LOPEZ,LEAH HALL,1,3
455900,Election Day - Insight,102382,MIA OUSLEY,LEAH HALL,CORINA LOPEZ,1,3
455900,Election Day - Insight,102383,MIA OUSLEY,skipped,skipped,1,3
455900,Election Day - Insight,102384,CORINA LOPEZ,skipped,skipped,1,3
455900,Election Day - Insight,102385,CORINA LOPEZ,LEAH HALL,MIA OUSLEY,1,3
455900,Election Day - Insight,102387,MIA OUSLEY,CORINA LOPEZ,LEAH HALL,1,3
455900,Election Day - Insight,102388,LEAH HALL,skipped,skipped,1,3
455900,Election Day - Insight,102390,LEAH HALL,MIA OUSLEY,CORINA LOPEZ,1,3
455900,Election Day - Insight,102391,MIA OUSLEY,LEAH HALL,CORINA LOPEZ,1,3
455900,Election Day - Insight,102393,MIA OUSLEY,skipped,skipped,1,3
455900,Election Day - Insight,102394,LEAH HALL,skipped,skipped,1,3
455900,Election Day - Insight,102395,LEAH HALL,MIA OUSLEY,CORINA LOPEZ,1,3
455900,Election Day - Insight,102396,MIA OUSLEY,CORINA LOPEZ,LEAH HALL,1,3
455900,Election Day - Insight,102397,CORINA LOPEZ,skipped,skipped,1,3
455900,Election Day - Insight,102398,CORINA LOPEZ,LEAH HALL,MIA OUSLEY,1,3
455900,Election Day - Insight,102399,MIA OUSLEY,LEAH HALL,skipped,1,3
455900,Election Day - Insight,102400,LEAH HALL,skipped,skipped,1,3
455900,Election Day - Insight,102401,CORINA LOPEZ,MIA OUSLEY,LEAH HALL,1,3
455900,Election Day - Insight,102402,CORINA LOPEZ,MIA OUSLEY,LEAH HALL,1,3
455900,Election Day - Insight,102403,CORINA LOPEZ,LEAH HALL,MIA OUSLEY,1,3
455900,Election Day - Insight,102404,CORINA LOPEZ,MIA OUSLEY,skipped,1,3
455900,Election Day - Insight,102405,LEAH HALL,MIA OUSLEY,CORINA LOPEZ,1,3
455900,Election Day - Insight,102406,CORINA LOPEZ,LEAH HALL,MIA OUSLEY,1,3
455900,Election Day - Insight,102407,CORINA LOPEZ,MIA OUSLEY,LEAH HALL,1,3
455900,Election Day - Insight,102408,CORINA LOPEZ,skipped,skipped,1,3
455900,Election Day - Insight,102409,CORINA LOPEZ,skipped,skipped,1,3
455900,Election Day - Insight,102410,CORINA LOPEZ,skipped,skipped,1,3
455900,Election Day - Insight,102411,CORINA LOPEZ,skipped,skipped,1,3
455900,Election Day - Insight,102412,CORINA LOPEZ,LEAH HALL,skipped,1,3
455900,Election Day - Insight,102413,CORINA LOPEZ,MIA OUSLEY,LEAH HALL,1,3
455900,Election Day - Insight,102414,CORINA LOPEZ,skipped,skipped,1,3
455900,Election Day - Insight,102416,CORINA LOPEZ,skipped,skipped,1,3
455900,Election Day - Insight,102417,LEAH HALL,CORINA LOPEZ,MIA OUSLEY,1,3
455900,Election Day - Insight,102418,MIA OUSLEY,CORINA LOPEZ,LEAH HALL,1,3
455900,Election Day - Insight,102419,MIA OUSLEY,CORINA LOPEZ,LEAH HALL,1,3
455900,Election Day - Insight,102420,MIA OUSLEY,CORINA LOPEZ,LEAH HALL,1,3
455900,Election Day - Insight,102421,CORINA LOPEZ,MIA OUSLEY,LEAH HALL,1,3
455900,Election Day - Insight,102422,CORINA LOPEZ,MIA OUSLEY,LEAH HALL,1,3
455900,Election Day - Insight,102423,CORINA LOPEZ,MIA OUSLEY,LEAH HALL,1,3
455900,Election Day - Insight,102424,CORINA LOPEZ,LEAH HALL,MIA OUSLEY,1,3
455900,Election Day - Insight,102425,MIA OUSLEY,CORINA LOPEZ,LEAH HALL,1,3
455900,Election Day - Insight,102426,CORINA LOPEZ,LEAH HALL,MIA OUSLEY,1,3
455900,Election Day - Insight,102427,CORINA LOPEZ,MIA OUSLEY,skipped,1,3
455900,Election Day - Insight,102428,CORINA LOPEZ,MIA OUSLEY,LEAH HALL,1,3
455900,Election Day - Insight,102429,CORINA LOPEZ,skipped,skipped,1,3
455900,Election Day - Insight,102430,CORINA LOPEZ,MIA OUSLEY,LEAH HALL,1,3
455900,Election Day - Insight,102431,CORINA LOPEZ,LEAH HALL,MIA OUSLEY,1,3
455900,Election Day - Insight,102432,MIA OUSLEY,CORINA LOPEZ,LEAH HALL,1,3
455900,Election Day - Insight,102433,CORINA LOPEZ,MIA OUSLEY,LEAH HALL,1,3
455900,Election Day - Insight,102434,CORINA LOPEZ,MIA OUSLEY,LEAH HALL,1,3
455900,Election Day - Insight,102435,CORINA LOPEZ,skipped,skipped,1,3
455900,Election Day - Insight,102436,CORINA LOPEZ,LEAH HALL,MIA OUSLEY,1,3
455900,Election Day - Insight,102437,MIA OUSLEY,LEAH HALL,skipped,1,3
455900,Election Day - Insight,102438,CORINA LOPEZ,LEAH HALL,MIA OUSLEY,1,3
455900,Election Day - Insight,102439,CORINA LOPEZ,skipped,skipped,1,3
455900,Election Day - Insight,102440,CORINA LOPEZ,LEAH HALL,MIA OUSLEY,1,3
455900,Election Day - Insight,102441,MIA OUSLEY,skipped,skipped,1,3
455900,Election Day - Insight,102442,CORINA LOPEZ,MIA OUSLEY,skipped,1,3
455900,Election Day - Insight,102443,CORINA LOPEZ,skipped,skipped,1,3
455900,Election Day - Insight,102444,CORINA LOPEZ,LEAH HALL,MIA OUSLEY,1,3
455900,Election Day - Insight,102445,MIA OUSLEY,CORINA LOPEZ,skipped,1,3
455900,Election Day - Insight,102446,LEAH HALL,CORINA LOPEZ,MIA OUSLEY,1,3
455900,Election Day - Insight,102448,LEAH HALL,MIA OUSLEY,CORINA LOPEZ,1,3
455900,Election Day - Insight,102449,LEAH HALL,skipped,skipped,1,3
455900,Election Day - Insight,102450,MIA OUSLEY,LEAH HALL,CORINA LOPEZ,1,3
455900,Election Day - Insight,102451,CORINA LOPEZ,skipped,skipped,1,3
455900,Election Day - Insight,102452,LEAH HALL,MIA OUSLEY,skipped,1,3
455900,Election Day - Insight,102453,CORINA LOPEZ,LEAH HALL,MIA OUSLEY,1,3
455900,Election Day - Insight,102454,CORINA LOPEZ,skipped,skipped,1,3
455900,Election Day - Insight,102456,MIA OUSLEY,CORINA LOPEZ,LEAH HALL,1,3
455900,Election Day - Insight,102457,CORINA LOPEZ,skipped,skipped,1,3
455900,Election Day - Insight,102458,CORINA LOPEZ,skipped,skipped,1,3
455900,Election Day - Insight,102459,MIA OUSLEY,skipped,skipped,1,3
455900,Election Day - Insight,102460,MIA OUSLEY,skipped,skipped,1,3
455900,Election Day - Insight,102461,LEAH HALL,CORINA LOPEZ,MIA OUSLEY,1,3
455900,Election Day - Insight,102462,LEAH HALL,CORINA LOPEZ,skipped,1,3
455900,Election Day - Insight,102463,LEAH HALL,CORINA LOPEZ,MIA OUSLEY,1,3
455900,Election Day - Insight,102464,CORINA LOPEZ,skipped,skipped,1,3
455900,Election Day - Insight,102465,CORINA LOPEZ,LEAH HALL,skipped,1,3
455900,Election Day - Insight,102466,CORINA LOPEZ,MIA OUSLEY,LEAH HALL,1,3
455900,Election Day - Insight,102467,CORINA LOPEZ,LEAH HALL,MIA OUSLEY,1,3
455900,Election Day - Insight,102468,CORINA LOPEZ,LEAH HALL,MIA OUSLEY,1,3
455900,Election Day - Insight,102469,MIA OUSLEY,LEAH HALL,CORINA LOPEZ,1,3
455900,Election Day - Insight,102470,CORINA LOPEZ,skipped,skipped,1,3
455900,Election Day - Insight,102471,CORINA LOPEZ,MIA OUSLEY,skipped,1,3
455900,Election Day - Insight,102472,LEAH HALL,CORINA LOPEZ,MIA OUSLEY,1,3
455900,Election Day - Insight,102473,CORINA LOPEZ,MIA OUSLEY,LEAH HALL,1,3
455900,Election Day - Insight,102474,LEAH HALL,CORINA LOPEZ,MIA OUSLEY,1,3
455900,Election Day - Insight,102475,CORINA LOPEZ,MIA OUSLEY,LEAH HALL,1,3
455900,Election Day - Insight,102476,CORINA LOPEZ,MIA OUSLEY,LEAH HALL,1,3
455900,Election Day - Insight,102477,CORINA LOPEZ,MIA OUSLEY,LEAH HALL,1,3
455900,Election Day - Insight,102478,LEAH HALL,MIA OUSLEY,CORINA LOPEZ,1,3
455900,Election Day - Insight,102479,CORINA LOPEZ,skipped,skipped,1,3
455900,Election Day - Insight,102480,LEAH HALL,MIA OUSLEY,CORINA LOPEZ,1,3
455900,Election Day - Insight,102481,CORINA LOPEZ,skipped,skipped,1,3
455900,Election Day - Insight,102482,MIA OUSLEY,CORINA LOPEZ,LEAH HALL,1,3
455900,Election Day - Insight,102483,CORINA LOPEZ,LEAH HALL,MIA OUSLEY,1,3
455900,Election Day - Insight,102484,CORINA LOPEZ,MIA OUSLEY,LEAH HALL,1,3
455500,Election Day - Insight,105119,CORINA LOPEZ,LEAH HALL,skipped,1,3
455500,Election Day - Insight,105120,LEAH HALL,skipped,skipped,1,3
455500,Election Day - Insight,105121,MIA OUSLEY,CORINA LOPEZ,LEAH HALL,1,3
455500,Election Day - Insight,105123,LEAH HALL,CORINA LOPEZ,MIA OUSLEY,1,3
455500,Election Day - Insight,105124,LEAH HALL,MIA OUSLEY,CORINA LOPEZ,1,3
455500,Election Day - Insight,105125,MIA OUSLEY,LEAH HALL,CORINA LOPEZ,1,3
455500,Election Day - Insight,105126,CORINA LOPEZ,skipped,skipped,1,3
455500,Election Day - Insight,105127,CORINA LOPEZ,skipped,skipped,1,3
455500,Election Day - Insight,105128,CORINA LOPEZ,skipped,skipped,1,3
455500,Election Day - Insight,105129,MIA OUSLEY,skipped,skipped,1,3
455500,Election Day - Insight,105130,MIA OUSLEY,skipped,skipped,1,3
455500,Election Day - Insight,105131,LEAH HALL,MIA OUSLEY,skipped,1,3
455500,Election Day - Insight,105135,CORINA LOPEZ,LEAH HALL,skipped,1,3
455500,Election Day - Insight,105136,MIA OUSLEY,CORINA LOPEZ,skipped,1,3
455500,Election Day - Insight,105137,LEAH HALL,CORINA LOPEZ,MIA OUSLEY,1,3
455500,Election Day - Insight,105138,LEAH HALL,skipped,skipped,1,3
455500,Election Day - Insight,105139,CORINA LOPEZ,skipped,skipped,1,3
455500,Election Day - Insight,105140,CORINA LOPEZ,LEAH HALL,MIA OUSLEY,1,3
455500,Election Day - Insight,105141,LEAH HALL,skipped,skipped,1,3
455500,Election Day - Insight,105143,CORINA LOPEZ,MIA OUSLEY,LEAH HALL,1,3
455500,Election Day - Insight,105144,CORINA LOPEZ,LEAH HALL,skipped,1,3
455500,Election Day - Insight,105145,LEAH HALL,skipped,skipped,1,3
455500,Election Day - Insight,105146,CORINA LOPEZ,LEAH HALL,MIA OUSLEY,1,3
455500,Election Day - Insight,105147,MIA OUSLEY,LEAH HALL,CORINA LOPEZ,1,3
455500,Election Day - Insight,105148,LEAH HALL,skipped,skipped,1,3
455500,Election Day - Insight,105149,CORINA LOPEZ,skipped,skipped,1,3
455500,Election Day - Insight,105150,LEAH HALL,skipped,skipped,1,3
455500,Election Day - Insight,105151,MIA OUSLEY,skipped,skipped,1,3
455500,Election Day - Insight,105152,LEAH HALL,MIA OUSLEY,CORINA LOPEZ,1,3
455500,Election Day - Insight,105153,LEAH HALL,MIA OUSLEY,skipped,1,3
455500,Election Day - Insight,105154,CORINA LOPEZ,LEAH HALL,MIA OUSLEY,1,3
455500,Election Day - Insight,105155,CORINA LOPEZ,skipped,skipped,1,3
455500,Election Day - Insight,105156,CORINA LOPEZ,skipped,skipped,1,3
455500,Election Day - Insight,105159,CORINA LOPEZ,LEAH HALL,MIA OUSLEY,1,3
455500,Election Day - Insight,105160,LEAH HALL,MIA OUSLEY,CORINA LOPEZ,1,3
455500,Election Day - Insight,105161,LEAH HALL,MIA OUSLEY,CORINA LOPEZ,1,3
455500,Election Day - Insight,105162,CORINA LOPEZ,LEAH HALL,MIA OUSLEY,1,3
455500,Election Day - Insight,105163,MIA OUSLEY,CORINA LOPEZ,LEAH HALL,1,3
455500,Election Day - Insight,105164,LEAH HALL,MIA OUSLEY,skipped,1,3
455500,Election Day - Insight,105165,LEAH HALL,MIA OUSLEY,skipped,1,3
455500,Election Day - Insight,105166,CORINA LOPEZ,skipped,skipped,1,3
455500,Election Day - Insight,105168,CORINA LOPEZ,MIA OUSLEY,LEAH HALL,1,3
455500,Election Day - Insight,105169,CORINA LOPEZ,skipped,skipped,1,3
455500,Election Day - Insight,105170,CORINA LOPEZ,MIA OUSLEY,LEAH HALL,1,3
455500,Election Day - Insight,105171,LEAH HALL,skipped,skipped,1,3
455500,Election Day - Insight,105172,MIA OUSLEY,LEAH HALL,CORINA LOPEZ,1,3
455500,Election Day - Insight,105173,LEAH HALL,skipped,skipped,1,3
455500,Election Day - Insight,105174,LEAH HALL,MIA OUSLEY,CORINA LOPEZ,1,3
455500,Election Day - Insight,105175,CORINA LOPEZ,MIA OUSLEY,skipped,1,3
455500,Election Day - Insight,105176,LEAH HALL,skipped,skipped,1,3
455500,Election Day - Insight,105177,CORINA LOPEZ,MIA OUSLEY,LEAH HALL,1,3
455500,Election Day - Insight,105178,CORINA LOPEZ,skipped,skipped,1,3
455500,Election Day - Insight,105179,CORINA LOPEZ,LEAH HALL,MIA OUSLEY,1,3
455500,Election Day - Insight,105180,LEAH HALL,skipped,skipped,1,3
455500,Election Day - Insight,105181,CORINA LOPEZ,MIA OUSLEY,LEAH HALL,1,3
455500,Election Day - Insight,105182,CORINA LOPEZ,LEAH HALL,MIA OUSLEY,1,3
455500,Election Day - Insight,105183,MIA OUSLEY,CORINA LOPEZ,skipped,1,3
455500,Election Day - Insight,105184,CORINA LOPEZ,MIA OUSLEY,LEAH HALL,1,3
455500,Election Day - Insight,105185,CORINA LOPEZ,MIA OUSLEY,skipped,1,3
455500,Election Day - Insight,105186,CORINA LOPEZ,MIA OUSLEY,LEAH HALL,1,3
455500,Election Day - Insight,105187,CORINA LOPEZ,LEAH HALL,MIA OUSLEY,1,3
455500,Election Day - Insight,105188,MIA OUSLEY,skipped,skipped,1,3
452100,Election Day - Insight,107003,MIA OUSLEY,skipped,skipped,1,3
452100,Election Day - Insight,107004,CORINA LOPEZ,MIA OUSLEY,LEAH HALL,1,3
452100,Election Day - Insight,107005,MIA OUSLEY,skipped,skipped,1,3
452100,Election Day - Insight,107006,CORINA LOPEZ,LEAH HALL,MIA OUSLEY,1,3
452100,Election Day - Insight,107007,CORINA LOPEZ,MIA OUSLEY,LEAH HALL,1,3
452100,Election Day - Insight,107008,CORINA LOPEZ,LEAH HALL,MIA OUSLEY,1,3
452100,Election Day - Insight,107009,CORINA LOPEZ,LEAH HALL,skipped,1,3
452100,Election Day - Insight,107010,CORINA LOPEZ,LEAH HALL,skipped,1,3
452100,Election Day - Insight,107012,CORINA LOPEZ,MIA OUSLEY,LEAH HALL,1,3
452100,Election Day - Insight,107025,LEAH HALL,skipped,skipped,1,3
452100,Election Day - Insight,107026,CORINA LOPEZ,skipped,skipped,1,3
452100,Election Day - Insight,107027,MIA OUSLEY,LEAH HALL,CORINA LOPEZ,1,3
452100,Election Day - Insight,107029,LEAH HALL,skipped,skipped,1,3
452100,Election Day - Insight,107030,LEAH HALL,CORINA LOPEZ,skipped,1,3
452100,Election Day - Insight,107031,CORINA LOPEZ,LEAH HALL,MIA OUSLEY,1,3
452100,Election Day - Insight,107032,CORINA LOPEZ,skipped,skipped,1,3
452100,Election Day - Insight,107033,LEAH HALL,MIA OUSLEY,CORINA LOPEZ,1,3
452100,Election Day - Insight,107034,MIA OUSLEY,skipped,skipped,1,3
452100,Election Day - Insight,107035,LEAH HALL,MIA OUSLEY,CORINA LOPEZ,1,3
452100,Election Day - Insight,107036,CORINA LOPEZ,MIA OUSLEY,skipped,1,3
452100,Election Day - Insight,107037,MIA OUSLEY,LEAH HALL,skipped,1,3
452100,Election Day - Insight,107038,MIA OUSLEY,skipped,skipped,1,3
452100,Election Day - Insight,107039,CORINA LOPEZ,skipped,skipped,1,3
452100,Election Day - Insight,107041,CORINA LOPEZ,MIA OUSLEY,LEAH HALL,1,3
452100,Election Day - Insight,107042,CORINA LOPEZ,skipped,skipped,1,3
452100,Election Day - Insight,107046,MIA OUSLEY,CORINA LOPEZ,skipped,1,3
452100,Election Day - Insight,107047,CORINA LOPEZ,skipped,skipped,1,3
452100,Election Day - Insight,107048,CORINA LOPEZ,MIA OUSLEY,LEAH HALL,1,3
452100,Election Day - Insight,107049,CORINA LOPEZ,LEAH HALL,skipped,1,3
452100,Election Day - Insight,107050,CORINA LOPEZ,MIA OUSLEY,LEAH HALL,1,3
452100,Election Day - Insight,107051,CORINA LOPEZ,LEAH HALL,MIA OUSLEY,1,3
452100,Election Day - Insight,107052,CORINA LOPEZ,skipped,skipped,1,3
452100,Election Day - Insight,107053,CORINA LOPEZ,skipped,skipped,1,3
452100,Election Day - Insight,107054,LEAH HALL,MIA OUSLEY,CORINA LOPEZ,1,3
452100,Election Day - Insight,107055,MIA OUSLEY,CORINA LOPEZ,LEAH HALL,1,3
452100,Election Day - Insight,107056,CORINA LOPEZ,skipped,skipped,1,3
452100,Election Day - Insight,107057,CORINA LOPEZ,skipped,skipped,1,3
452100,Election Day - Insight,107058,MIA OUSLEY,CORINA LOPEZ,LEAH HALL,1,3
452100,Election Day - Insight,107060,LEAH HALL,skipped,skipped,1,3
452100,Election Day - Insight,107061,CORINA LOPEZ,skipped,skipped,1,3
452100,Election Day - Insight,107062,CORINA LOPEZ,skipped,skipped,1,3
452100,Election Day - Insight,107065,LEAH HALL,MIA OUSLEY,skipped,1,3
452100,Election Day - Insight,107066,LEAH HALL,MIA OUSLEY,CORINA LOPEZ,1,3
452100,Election Day - Insight,107068,CORINA LOPEZ,skipped,skipped,1,3
452100,Election Day - Insight,107069,LEAH HALL,MIA OUSLEY,CORINA LOPEZ,1,3
452100,Election Day - Insight,107070,MIA OUSLEY,LEAH HALL,CORINA LOPEZ,1,3
452100,Election Day - Insight,107071,MIA OUSLEY,LEAH HALL,CORINA LOPEZ,1,3
452100,Election Day - Insight,107072,LEAH HALL,CORINA LOPEZ,MIA OUSLEY,1,3
452100,Election Day - Insight,107074,LEAH HALL,skipped,skipped,1,3
452100,Election Day - Insight,107076,MIA OUSLEY,LEAH HALL,CORINA LOPEZ,1,3
452100,Election Day - Insight,107077,CORINA LOPEZ,skipped,skipped,1,3
452100,Election Day - Insight,107078,CORINA LOPEZ,MIA OUSLEY,LEAH HALL,1,3
452100,Election Day - Insight,107080,LEAH HALL,MIA OUSLEY,CORINA LOPEZ,1,3
452100,Election Day - Insight,107081,CORINA LOPEZ,skipped,skipped,1,3
452100,Election Day - Insight,107082,LEAH HALL,MIA OUSLEY,CORINA LOPEZ,1,3
452100,Election Day - Insight,107083,MIA OUSLEY,CORINA LOPEZ,skipped,1,3
452100,Election Day - Insight,107084,CORINA LOPEZ,skipped,skipped,1,3
452100,Election Day - Insight,107085,LEAH HALL,CORINA LOPEZ,MIA OUSLEY,1,3
452100,Election Day - Insight,107086,CORINA LOPEZ,MIA OUSLEY,LEAH HALL,1,3
452100,Election Day - Insight,107087,CORINA LOPEZ,MIA OUSLEY,LEAH HALL,1,3
452100,Election Day - Insight,107088,CORINA LOPEZ,skipped,skipped,1,3
452100,Election Day - Insight,107089,MIA OUSLEY,CORINA LOPEZ,LEAH HALL,1,3
452100,Election Day - Insight,107090,CORINA LOPEZ,skipped,skipped,1,3
452100,Election Day - Insight,107091,CORINA LOPEZ,skipped,skipped,1,3
452100,Election Day - Insight,107093,CORINA LOPEZ,LEAH HALL,MIA OUSLEY,1,3
452100,Election Day - Insight,107094,CORINA LOPEZ,LEAH HALL,MIA OUSLEY,1,3
452100,Election Day - Insight,107095,CORINA LOPEZ,LEAH HALL,MIA OUSLEY,1,3
452100,Election Day - Insight,107096,CORINA LOPEZ,skipped,skipped,1,3
452100,Election Day - Insight,107097,CORINA LOPEZ,MIA OUSLEY,LEAH HALL,1,3
452100,Election Day - Insight,107098,CORINA LOPEZ,LEAH HALL,skipped,1,3
452100,Election Day - Insight,107099,LEAH HALL,CORINA LOPEZ,MIA OUSLEY,1,3
452100,Election Day - Insight,107100,CORINA LOPEZ,LEAH HALL,MIA OUSLEY,1,3
452100,Election Day - Insight,107101,LEAH HALL,MIA OUSLEY,CORINA LOPEZ,1,3
452100,Election Day - Insight,107104,CORINA LOPEZ,LEAH HALL,MIA OUSLEY,1,3
452100,Election Day - Insight,107105,CORINA LOPEZ,LEAH HALL,MIA OUSLEY,1,3
452100,Election Day - Insight,107106,CORINA LOPEZ,LEAH HALL,skipped,1,3
452100,Election Day - Insight,107108,CORINA LOPEZ,skipped,skipped,1,3
452100,Election Day - Insight,107109,MIA OUSLEY,LEAH HALL,CORINA LOPEZ,1,3
452100,Election Day - Insight,107110,LEAH HALL,skipped,skipped,1,3
452100,Election Day - Insight,107112,CORINA LOPEZ,LEAH HALL,MIA OUSLEY,1,3
452100,Election Day - Insight,107113,CORINA LOPEZ,skipped,skipped,1,3
452100,Election Day - Insight,107114,CORINA LOPEZ,LEAH HALL,MIA OUSLEY,1,3
452100,Election Day - Insight,107115,CORINA LOPEZ,LEAH HALL,MIA OUSLEY,1,3
452100,Election Day - Insight,107116,CORINA LOPEZ,skipped,skipped,1,3
452100,Election Day - Insight,107117,CORINA LOPEZ,MIA OUSLEY,LEAH HALL,1,3
452100,Election Day - Insight,107118,MIA OUSLEY,skipped,skipped,1,3
452100,Election Day - Insight,107119,CORINA LOPEZ,MIA OUSLEY,LEAH HALL,1,3
452100,Election Day - Insight,107120,CORINA LOPEZ,skipped,skipped,1,3
452100,Election Day - Insight,107121,MIA OUSLEY,CORINA LOPEZ,LEAH HALL,1,3
452100,Election Day - Insight,107122,CORINA LOPEZ,MIA OUSLEY,LEAH HALL,1,3
452100,Election Day - Insight,107123,CORINA LOPEZ,MIA OUSLEY,LEAH HALL,1,3
452100,Election Day - Insight,107124,CORINA LOPEZ,MIA OUSLEY,LEAH HALL,1,3
452100,Election Day - Insight,107125,LEAH HALL,CORINA LOPEZ,MIA OUSLEY,1,3
452100,Election Day - Insight,107126,LEAH HALL,skipped,skipped,1,3
452100,Election Day - Insight,107127,MIA OUSLEY,CORINA LOPEZ,LEAH HALL,1,3
452100,Election Day - Insight,107128,MIA OUSLEY,skipped,skipped,1,3
452100,Election Day - Insight,107129,CORINA LOPEZ,LEAH HALL,MIA OUSLEY,1,3
452100,Election Day - Insight,107131,LEAH HALL,CORINA LOPEZ,skipped,1,3
452100,Election Day - Insight,107132,CORINA LOPEZ,LEAH HALL,MIA OUSLEY,1,3
452100,Election Day - Insight,107133,CORINA LOPEZ,MIA OUSLEY,LEAH HALL,1,3
452100,Election Day - Insight,107134,CORINA LOPEZ,MIA OUSLEY,LEAH HALL,1,3
452100,Election Day - Insight,107135,CORINA LOPEZ,MIA OUSLEY,LEAH HALL,1,3
452100,Election Day - Insight,107136,MIA OUSLEY,CORINA LOPEZ,LEAH HALL,1,3
452100,Election Day - Insight,107137,LEAH HALL,CORINA LOPEZ,MIA OUSLEY,1,3
458300,Election Day - Insight,109844,CORINA LOPEZ,MIA OUSLEY,LEAH HALL,1,3
458300,Election Day - Insight,109845,LEAH HALL,MIA OUSLEY,skipped,1,3
458300,Election Day - Insight,109846,CORINA LOPEZ,skipped,skipped,1,3
458300,Election Day - Insight,109847,LEAH HALL,CORINA LOPEZ,MIA OUSLEY,1,3
458300,Election Day - Insight,109848,LEAH HALL,CORINA LOPEZ,MIA OUSLEY,1,3
458300,Election Day - Insight,109849,MIA OUSLEY,CORINA LOPEZ,LEAH HALL,1,3
458300,Election Day - Insight,109850,LEAH HALL,CORINA LOPEZ,MIA OUSLEY,1,3
458300,Election Day - Insight,109852,LEAH HALL,skipped,skipped,1,3
458300,Election Day - Insight,109853,CORINA LOPEZ,skipped,skipped,1,3
458300,Election Day - Insight,109854,MIA OUSLEY,LEAH HALL,CORINA LOPEZ,1,3
458300,Election Day - Insight,109855,LEAH HALL,CORINA LOPEZ,MIA OUSLEY,1,3
458300,Election Day - Insight,109856,CORINA LOPEZ,LEAH HALL,MIA OUSLEY,1,3
458300,Election Day - Insight,109857,CORINA LOPEZ,skipped,skipped,1,3
458300,Election Day - Insight,109858,LEAH HALL,MIA OUSLEY,CORINA LOPEZ,1,3
458300,Election Day - Insight,109859,CORINA LOPEZ,skipped,skipped,1,3
458300,Election Day - Insight,109861,MIA OUSLEY,LEAH HALL,CORINA LOPEZ,1,3
458300,Election Day - Insight,109862,MIA OUSLEY,CORINA LOPEZ,LEAH HALL,1,3
458300,Election Day - Insight,109863,MIA OUSLEY,CORINA LOPEZ,LEAH HALL,1,3
458300,Election Day - Insight,109864,CORINA LOPEZ,LEAH HALL,skipped,1,3
458300,Election Day - Insight,109865,MIA OUSLEY,skipped,skipped,1,3
458300,Election Day - Insight,109866,CORINA LOPEZ,LEAH HALL,skipped,1,3
458300,Election Day - Insight,109867,CORINA LOPEZ,MIA OUSLEY,LEAH HALL,1,3
458300,Election Day - Insight,109870,CORINA LOPEZ,skipped,skipped,1,3
458300,Election Day - Insight,109871,LEAH HALL,MIA OUSLEY,skipped,1,3
458300,Election Day - Insight,109872,CORINA LOPEZ,skipped,skipped,1,3
458300,Election Day - Insight,109873,CORINA LOPEZ,LEAH HALL,MIA OUSLEY,1,3
458300,Election Day - Insight,109874,CORINA LOPEZ,skipped,skipped,1,3
458300,Election Day - Insight,109875,MIA OUSLEY,LEAH HALL,CORINA LOPEZ,1,3
458300,Election Day - Insight,109876,MIA OUSLEY,skipped,skipped,1,3
458300,Election Day - Insight,109877,CORINA LOPEZ,LEAH HALL,MIA OUSLEY,1,3
458300,Election Day - Insight,109878,MIA OUSLEY,CORINA LOPEZ,LEAH HALL,1,3
458300,Election Day - Insight,109879,CORINA LOPEZ,MIA OUSLEY,LEAH HALL,1,3
458300,Election Day - Insight,109880,LEAH HALL,MIA OUSLEY,CORINA LOPEZ,1,3
458300,Election Day - Insight,109881,CORINA LOPEZ,skipped,skipped,1,3
458300,Election Day - Insight,109882,CORINA LOPEZ,skipped,skipped,1,3
458300,Election Day - Insight,109883,CORINA LOPEZ,skipped,skipped,1,3
458300,Election Day - Insight,109884,CORINA LOPEZ,MIA OUSLEY,LEAH HALL,1,3
458300,Election Day - Insight,109885,CORINA LOPEZ,LEAH HALL,skipped,1,3
458300,Election Day - Insight,109886,CORINA LOPEZ,skipped,skipped,1,3
458300,Election Day - Insight,109887,LEAH HALL,MIA OUSLEY,CORINA LOPEZ,1,3
458300,Election Day - Insight,109888,CORINA LOPEZ,LEAH HALL,MIA OUSLEY,1,3
458300,Election Day - Insight,109889,MIA OUSLEY,CORINA LOPEZ,skipped,1,3
458300,Election Day - Insight,109890,CORINA LOPEZ,MIA OUSLEY,LEAH HALL,1,3
458300,Election Day - Insight,109891,CORINA LOPEZ,MIA OUSLEY,LEAH HALL,1,3
458300,Election Day - Insight,109894,MIA OUSLEY,LEAH HALL,CORINA LOPEZ,1,3
458300,Election Day - Insight,109895,MIA OUSLEY,CORINA LOPEZ,skipped,1,3
458300,Election Day - Insight,109896,CORINA LOPEZ,LEAH HALL,MIA OUSLEY,1,3
458300,Election Day - Insight,109897,LEAH HALL,skipped,skipped,1,3
458300,Election Day - Insight,109898,CORINA LOPEZ,skipped,skipped,1,3
458300,Election Day - Insight,109899,CORINA LOPEZ,skipped,skipped,1,3
458300,Election Day - Insight,109900,CORINA LOPEZ,MIA OUSLEY,LEAH HALL,1,3
458300,Election Day - Insight,109901,CORINA LOPEZ,MIA OUSLEY,skipped,1,3
458300,Election Day - Insight,109902,CORINA LOPEZ,LEAH HALL,MIA OUSLEY,1,3
458300,Election Day - Insight,109903,CORINA LOPEZ,MIA OUSLEY,LEAH HALL,1,3
458300,Election Day - Insight,109904,LEAH HALL,CORINA LOPEZ,MIA OUSLEY,1,3
458300,Election Day - Insight,109905,CORINA LOPEZ,skipped,skipped,1,3
458300,Election Day - Insight,109906,LEAH HALL,MIA OUSLEY,skipped,1,3
458300,Election Day - Insight,109908,CORINA LOPEZ,MIA OUSLEY,LEAH HALL,1,3
458300,Election Day - Insight,109909,MIA OUSLEY,LEAH HALL,skipped,1,3
458300,Election Day - Insight,109910,LEAH HALL,MIA OUSLEY,CORINA LOPEZ,1,3
458300,Election Day - Insight,109911,CORINA LOPEZ,skipped,skipped,1,3
458300,Election Day - Insight,109912,LEAH HALL,skipped,skipped,1,3
458300,Election Day - Insight,109913,LEAH HALL,CORINA LOPEZ,MIA OUSLEY,1,3
458300,Election Day - Insight,109914,CORINA LOPEZ,LEAH HALL,MIA OUSLEY,1,3
458300,Election Day - Insight,109915,LEAH HALL,skipped,skipped,1,3
458300,Election Day - Insight,109916,LEAH HALL,MIA OUSLEY,CORINA LOPEZ,1,3
458300,Election Day - Insight,109917,MIA OUSLEY,CORINA LOPEZ,LEAH HALL,1,3
458300,Election Day - Insight,109918,CORINA LOPEZ,skipped,skipped,1,3
458300,Election Day - Insight,109919,CORINA LOPEZ,skipped,skipped,1,3
458300,Election Day - Insight,109920,MIA OUSLEY,CORINA LOPEZ,LEAH HALL,1,3
458300,Election Day - Insight,109921,CORINA LOPEZ,LEAH HALL,MIA OUSLEY,1,3
458300,Election Day - Insight,109923,LEAH HALL,MIA OUSLEY,CORINA LOPEZ,1,3
458300,Election Day - Insight,109924,CORINA LOPEZ,MIA OUSLEY,LEAH HALL,1,3
458300,Election Day - Insight,109926,CORINA LOPEZ,MIA OUSLEY,LEAH HALL,1,3
458300,Election Day - Insight,109927,CORINA LOPEZ,MIA OUSLEY,LEAH HALL,1,3
458300,Election Day - Insight,109928,CORINA LOPEZ,MIA OUSLEY,LEAH HALL,1,3
458300,Election Day - Insight,109929,CORINA LOPEZ,MIA OUSLEY,LEAH HALL,1,3
458300,Election Day - Insight,109930,MIA OUSLEY,CORINA LOPEZ,skipped,1,3
458300,Election Day - Insight,109931,CORINA LOPEZ,MIA OUSLEY,LEAH HALL,1,3
458300,Election Day - Insight,109932,LEAH HALL,skipped,skipped,1,3
458300,Election Day - Insight,109933,LEAH HALL,CORINA LOPEZ,MIA OUSLEY,1,3
458300,Election Day - Insight,109934,LEAH HALL,CORINA LOPEZ,MIA OUSLEY,1,3
458300,Election Day - Insight,109935,CORINA LOPEZ,LEAH HALL,skipped,1,3
458300,Election Day - Insight,109936,CORINA LOPEZ,skipped,skipped,1,3
458300,Election Day - Insight,109939,LEAH HALL,CORINA LOPEZ,MIA OUSLEY,1,3
458300,Election Day - Insight,109940,LEAH HALL,CORINA LOPEZ,MIA OUSLEY,1,3
458300,Election Day - Insight,109943,CORINA LOPEZ,skipped,skipped,1,3
458300,Election Day - Insight,109944,LEAH HALL,MIA OUSLEY,CORINA LOPEZ,1,3
458300,Election Day - Insight,109945,CORINA LOPEZ,MIA OUSLEY,LEAH HALL,1,3
458300,Election Day - Insight,109946,CORINA LOPEZ,LEAH HALL,MIA OUSLEY,1,3
458300,Election Day - Insight,109947,CORINA LOPEZ,skipped,skipped,1,3
458300,Election Day - Insight,109948,CORINA LOPEZ,LEAH HALL,MIA OUSLEY,1,3
458300,Election Day - Insight,109949,LEAH HALL,skipped,skipped,1,3
458300,Election Day - Insight,109951,CORINA LOPEZ,LEAH HALL,MIA OUSLEY,1,3
458300,Election Day - Insight,109952,LEAH HALL,CORINA LOPEZ,MIA OUSLEY,1,3
458300,Election Day - Insight,109953,CORINA LOPEZ,MIA OUSLEY,LEAH HALL,1,3
458300,Election Day - Insight,109954,CORINA LOPEZ,MIA OUSLEY,LEAH HALL,1,3
458300,Election Day - Insight,109955,CORINA LOPEZ,MIA OUSLEY,skipped,1,3
458300,Election Day - Insight,109956,CORINA LOPEZ,MIA OUSLEY,LEAH HALL,1,3
458300,Election Day - Insight,109957,CORINA LOPEZ,MIA OUSLEY,LEAH HALL,1,3
458300,Election Day - Insight,109958,CORINA LOPEZ,skipped,skipped,1,3
458300,Election Day - Insight,109959,CORINA LOPEZ,MIA OUSLEY,LEAH HALL,1,3
458300,Election Day - Insight,109960,MIA OUSLEY,LEAH HALL,CORINA LOPEZ,1,3
458300,Election Day - Insight,109961,MIA OUSLEY,CORINA LOPEZ,LEAH HALL,1,3
458300,Election Day - Insight,109962,MIA OUSLEY,skipped,skipped,1,3
458300,Election Day - Insight,109963,CORINA LOPEZ,MIA OUSLEY,LEAH HALL,1,3
458300,Election Day - Insight,109964,CORINA LOPEZ,skipped,skipped,1,3
458300,Election Day - Insight,109965,CORINA LOPEZ,LEAH HALL,MIA OUSLEY,1,3
458300,Election Day - Insight,109966,LEAH HALL,skipped,skipped,1,3
458300,Election Day - Insight,109967,LEAH HALL,MIA OUSLEY,CORINA LOPEZ,1,3
458300,Election Day - Insight,109968,CORINA LOPEZ,skipped,skipped,1,3
458300,Election Day - Insight,109970,CORINA LOPEZ,LEAH HALL,MIA OUSLEY,1,3
458300,Election Day - Insight,109971,MIA OUSLEY,CORINA LOPEZ,LEAH HALL,1,3
458300,Election Day - Insight,109972,LEAH HALL,skipped,skipped,1,3
458300,Election Day - Insight,109973,CORINA LOPEZ,skipped,skipped,1,3
458300,Election Day - Insight,109974,CORINA LOPEZ,MIA OUSLEY,skipped,1,3
458300,Election Day - Insight,109975,CORINA LOPEZ,skipped,skipped,1,3
458300,Election Day - Insight,109976,CORINA LOPEZ,skipped,skipped,1,3
458300,Election Day - Insight,109977,CORINA LOPEZ,skipped,skipped,1,3
458300,Election Day - Insight,109978,MIA OUSLEY,CORINA LOPEZ,LEAH HALL,1,3
458300,Election Day - Insight,109979,CORINA LOPEZ,MIA OUSLEY,LEAH HALL,1,3
458300,Election Day - Insight,109980,CORINA LOPEZ,skipped,skipped,1,3
458300,Election Day - Insight,109981,CORINA LOPEZ,skipped,skipped,1,3
458300,Election Day - Insight,109982,CORINA LOPEZ,skipped,skipped,1,3
458300,Election Day - Insight,109983,LEAH HALL,MIA OUSLEY,CORINA LOPEZ,1,3
458300,Election Day - Insight,109984,CORINA LOPEZ,skipped,skipped,1,3
458300,Election Day - Insight,109985,CORINA LOPEZ,skipped,skipped,1,3
458300,Election Day - Insight,109986,CORINA LOPEZ,skipped,skipped,1,3
458300,Election Day - Insight,109988,CORINA LOPEZ,skipped,skipped,1,3
458300,Election Day - Insight,109989,CORINA LOPEZ,skipped,skipped,1,3
458300,Election Day - Insight,109990,LEAH HALL,skipped,skipped,1,3
458300,Election Day - Insight,109991,LEAH HALL,skipped,skipped,1,3
458300,Election Day - Insight,109992,CORINA LOPEZ,skipped,skipped,1,3
458300,Election Day - Insight,109993,CORINA LOPEZ,MIA OUSLEY,LEAH HALL,1,3
458300,Election Day - Insight,109994,CORINA LOPEZ,skipped,skipped,1,3
458300,Election Day - Insight,109995,CORINA LOPEZ,MIA OUSLEY,skipped,1,3
458300,Election Day - Insight,109997,CORINA LOPEZ,MIA OUSLEY,LEAH HALL,1,3
453900,Election Day - Insight,111846,CORINA LOPEZ,skipped,skipped,1,3
453900,Election Day - Insight,111847,CORINA LOPEZ,skipped,skipped,1,3
453900,Election Day - Insight,111848,CORINA LOPEZ,skipped,skipped,1,3
453900,Election Day - Insight,111849,CORINA LOPEZ,MIA OUSLEY,LEAH HALL,1,3
453900,Election Day - Insight,111850,MIA OUSLEY,CORINA LOPEZ,LEAH HALL,1,3
453900,Election Day - Insight,111851,MIA OUSLEY,CORINA LOPEZ,LEAH HALL,1,3
453900,Election Day - Insight,111852,MIA OUSLEY,CORINA LOPEZ,skipped,1,3
453900,Election Day - Insight,111853,CORINA LOPEZ,skipped,skipped,1,3
453900,Election Day - Insight,111854,CORINA LOPEZ,MIA OUSLEY,LEAH HALL,1,3
453900,Election Day - Insight,111855,CORINA LOPEZ,MIA OUSLEY,LEAH HALL,1,3
453900,Election Day - Insight,111856,CORINA LOPEZ,skipped,skipped,1,3
453900,Election Day - Insight,111857,CORINA LOPEZ,skipped,skipped,1,3
453900,Election Day - Insight,111858,CORINA LOPEZ,skipped,skipped,1,3
453900,Election Day - Insight,111859,CORINA LOPEZ,MIA OUSLEY,LEAH HALL,1,3
453900,Election Day - Insight,111860,CORINA LOPEZ,MIA OUSLEY,LEAH HALL,1,3
453900,Election Day - Insight,111861,CORINA LOPEZ,skipped,skipped,1,3
453900,Election Day - Insight,111862,CORINA LOPEZ,skipped,skipped,1,3
453900,Election Day - Insight,111863,MIA OUSLEY,CORINA LOPEZ,LEAH HALL,1,3
453900,Election Day - Insight,111864,CORINA LOPEZ,skipped,skipped,1,3
453900,Election Day - Insight,111866,CORINA LOPEZ,LEAH HALL,MIA OUSLEY,1,3
453900,Election Day - Insight,111867,CORINA LOPEZ,MIA OUSLEY,LEAH HALL,1,3
453900,Election Day - Insight,111868,LEAH HALL,MIA OUSLEY,CORINA LOPEZ,1,3
453900,Election Day - Insight,111869,MIA OUSLEY,skipped,skipped,1,3
453900,Election Day - Insight,111872,MIA OUSLEY,CORINA LOPEZ,LEAH HALL,1,3
453900,Election Day - Insight,111873,LEAH HALL,CORINA LOPEZ,MIA OUSLEY,1,3
453900,Election Day - Insight,111874,CORINA LOPEZ,skipped,skipped,1,3
453900,Election Day - Insight,111875,CORINA LOPEZ,skipped,skipped,1,3
453900,Election Day - Insight,111876,LEAH HALL,skipped,skipped,1,3
453900,Election Day - Insight,111877,CORINA LOPEZ,MIA OUSLEY,LEAH HALL,1,3
453900,Election Day - Insight,111878,CORINA LOPEZ,skipped,skipped,1,3
453900,Election Day - Insight,111879,CORINA LOPEZ,MIA OUSLEY,LEAH HALL,1,3
453900,Election Day - Insight,111880,LEAH HALL,CORINA LOPEZ,skipped,1,3
453900,Election Day - Insight,111881,CORINA LOPEZ,skipped,skipped,1,3
453900,Election Day - Insight,111883,CORINA LOPEZ,LEAH HALL,MIA OUSLEY,1,3
453900,Election Day - Insight,111884,MIA OUSLEY,LEAH HALL,CORINA LOPEZ,1,3
453900,Election Day - Insight,111885,CORINA LOPEZ,LEAH HALL,MIA OUSLEY,1,3
453900,Election Day - Insight,111886,CORINA LOPEZ,MIA OUSLEY,LEAH HALL,1,3
453900,Election Day - Insight,111887,CORINA LOPEZ,MIA OUSLEY,LEAH HALL,1,3
453900,Election Day - Insight,111891,CORINA LOPEZ,LEAH HALL,MIA OUSLEY,1,3
453900,Election Day - Insight,111892,CORINA LOPEZ,MIA OUSLEY,LEAH HALL,1,3
453900,Election Day - Insight,111893,MIA OUSLEY,LEAH HALL,skipped,1,3
453900,Election Day - Insight,111894,CORINA LOPEZ,skipped,skipped,1,3
453900,Election Day - Insight,111896,CORINA LOPEZ,skipped,skipped,1,3
453900,Election Day - Insight,111897,CORINA LOPEZ,skipped,skipped,1,3
453900,Election Day - Insight,111898,CORINA LOPEZ,skipped,skipped,1,3
453900,Election Day - Insight,111899,CORINA LOPEZ,MIA OUSLEY,LEAH HALL,1,3
453900,Election Day - Insight,111900,CORINA LOPEZ,LEAH HALL,MIA OUSLEY,1,3
453900,Election Day - Insight,111905,CORINA LOPEZ,MIA OUSLEY,LEAH HALL,1,3
453900,Election Day - Insight,111906,LEAH HALL,MIA OUSLEY,CORINA LOPEZ,1,3
453900,Election Day - Insight,111907,CORINA LOPEZ,skipped,skipped,1,3
453900,Election Day - Insight,111908,CORINA LOPEZ,skipped,skipped,1,3
453900,Election Day - Insight,111909,CORINA LOPEZ,skipped,skipped,1,3
453900,Election Day - Insight,111910,LEAH HALL,MIA OUSLEY,CORINA LOPEZ,1,3
453900,Election Day - Insight,111911,CORINA LOPEZ,LEAH HALL,MIA OUSLEY,1,3
453900,Election Day - Insight,111913,CORINA LOPEZ,MIA OUSLEY,LEAH HALL,1,3
453900,Election Day - Insight,111914,CORINA LOPEZ,LEAH HALL,skipped,1,3
453900,Election Day - Insight,111915,CORINA LOPEZ,skipped,skipped,1,3
453900,Election Day - Insight,111916,CORINA LOPEZ,skipped,skipped,1,3
453900,Election Day - Insight,111917,CORINA LOPEZ,skipped,skipped,1,3
453900,Election Day - Insight,111918,MIA OUSLEY,LEAH HALL,CORINA LOPEZ,1,3
453900,Election Day - Insight,111919,LEAH HALL,skipped,skipped,1,3
453900,Election Day - Insight,111920,CORINA LOPEZ,MIA OUSLEY,LEAH HALL,1,3
453900,Election Day - Insight,111921,MIA OUSLEY,skipped,skipped,1,3
453900,Election Day - Insight,111922,CORINA LOPEZ,skipped,skipped,1,3
453900,Election Day - Insight,111923,CORINA LOPEZ,MIA OUSLEY,LEAH HALL,1,3
453900,Election Day - Insight,111924,CORINA LOPEZ,skipped,skipped,1,3
453900,Election Day - Insight,111925,CORINA LOPEZ,skipped,skipped,1,3
453900,Election Day - Insight,111926,CORINA LOPEZ,skipped,skipped,1,3
453900,Election Day - Insight,111927,MIA OUSLEY,skipped,skipped,1,3
453900,Election Day - Insight,111928,CORINA LOPEZ,LEAH HALL,MIA OUSLEY,1,3
453900,Election Day - Insight,111929,CORINA LOPEZ,LEAH HALL,MIA OUSLEY,1,3
453900,Election Day - Insight,111930,CORINA LOPEZ,LEAH HALL,MIA OUSLEY,1,3
453900,Election Day - Insight,111932,CORINA LOPEZ,LEAH HALL,MIA OUSLEY,1,3
453900,Election Day - Insight,111933,LEAH HALL,skipped,skipped,1,3
453900,Election Day - Insight,111934,LEAH HALL,CORINA LOPEZ,skipped,1,3
453900,Election Day - Insight,111936,CORINA LOPEZ,skipped,skipped,1,3
453900,Election Day - Insight,111937,CORINA LOPEZ,LEAH HALL,MIA OUSLEY,1,3
453900,Election Day - Insight,111938,CORINA LOPEZ,MIA OUSLEY,LEAH HALL,1,3
453900,Election Day - Insight,111939,LEAH HALL,MIA OUSLEY,CORINA LOPEZ,1,3
453900,Election Day - Insight,111940,CORINA LOPEZ,MIA OUSLEY,LEAH HALL,1,3
453900,Election Day - Insight,111941,LEAH HALL,CORINA LOPEZ,skipped,1,3
453900,Election Day - Insight,111942,MIA OUSLEY,LEAH HALL,CORINA LOPEZ,1,3
453900,Election Day - Insight,111943,CORINA LOPEZ,skipped,skipped,1,3
453900,Election Day - Insight,111945,CORINA LOPEZ,LEAH HALL,MIA OUSLEY,1,3
453900,Election Day - Insight,111946,LEAH HALL,MIA OUSLEY,CORINA LOPEZ,1,3
453900,Election Day - Insight,111947,LEAH HALL,MIA OUSLEY,CORINA LOPEZ,1,3
453900,Election Day - Insight,111948,LEAH HALL,MIA OUSLEY,CORINA LOPEZ,1,3
453900,Election Day - Insight,111949,CORINA LOPEZ,LEAH HALL,MIA OUSLEY,1,3
453900,Election Day - Insight,111950,CORINA LOPEZ,MIA OUSLEY,LEAH HALL,1,3
453900,Election Day - Insight,111951,CORINA LOPEZ,MIA OUSLEY,LEAH HALL,1,3
453900,Election Day - Insight,111952,CORINA LOPEZ,MIA OUSLEY,LEAH HALL,1,3
453900,Election Day - Insight,111953,MIA OUSLEY,CORINA LOPEZ,LEAH HALL,1,3
453900,Election Day - Insight,111954,MIA OUSLEY,CORINA LOPEZ,LEAH HALL,1,3
453900,Election Day - Insight,111955,LEAH HALL,CORINA LOPEZ,skipped,1,3
453900,Election Day - Insight,111956,MIA OUSLEY,LEAH HALL,CORINA LOPEZ,1,3
453900,Election Day - Insight,111957,CORINA LOPEZ,MIA OUSLEY,LEAH HALL,1,3
453900,Election Day - Insight,111958,LEAH HALL,skipped,skipped,1,3
453900,Election Day - Insight,111959,LEAH HALL,MIA OUSLEY,CORINA LOPEZ,1,3
453900,Election Day - Insight,111960,LEAH HALL,CORINA LOPEZ,MIA OUSLEY,1,3
453900,Election Day - Insight,111961,CORINA LOPEZ,skipped,skipped,1,3
453900,Election Day - Insight,111962,CORINA LOPEZ,LEAH HALL,MIA OUSLEY,1,3
453900,Election Day - Insight,111965,MIA OUSLEY,LEAH HALL,CORINA LOPEZ,1,3
453900,Election Day - Insight,111966,CORINA LOPEZ,MIA OUSLEY,LEAH HALL,1,3
453900,Election Day - Insight,111967,CORINA LOPEZ,skipped,skipped,1,3
456500,Election Day - Insight,115149,CORINA LOPEZ,MIA OUSLEY,skipped,1,3
456500,Election Day - Insight,115150,CORINA LOPEZ,skipped,skipped,1,3
456500,Election Day - Insight,115151,CORINA LOPEZ,LEAH HALL,MIA OUSLEY,1,3
456500,Election Day - Insight,115152,LEAH HALL,skipped,skipped,1,3
456500,Election Day - Insight,115153,CORINA LOPEZ,LEAH HALL,skipped,1,3
456500,Election Day - Insight,115154,CORINA LOPEZ,MIA OUSLEY,LEAH HALL,1,3
456500,Election Day - Insight,115155,CORINA LOPEZ,MIA OUSLEY,LEAH HALL,1,3
456500,Election Day - Insight,115156,LEAH HALL,CORINA LOPEZ,skipped,1,3
456500,Election Day - Insight,115159,MIA OUSLEY,CORINA LOPEZ,LEAH HALL,1,3
456500,Election Day - Insight,115160,LEAH HALL,skipped,skipped,1,3
456500,Election Day - Insight,115161,LEAH HALL,skipped,skipped,1,3
456500,Election Day - Insight,115162,MIA OUSLEY,LEAH HALL,skipped,1,3
456500,Election Day - Insight,115164,CORINA LOPEZ,MIA OUSLEY,LEAH HALL,1,3
456500,Election Day - Insight,115165,LEAH HALL,MIA OUSLEY,CORINA LOPEZ,1,3
456500,Election Day - Insight,115166,LEAH HALL,skipped,skipped,1,3
456500,Election Day - Insight,115167,LEAH HALL,MIA OUSLEY,CORINA LOPEZ,1,3
456500,Election Day - Insight,115168,LEAH HALL,skipped,skipped,1,3
456500,Election Day - Insight,115169,LEAH HALL,CORINA LOPEZ,skipped,1,3
456500,Election Day - Insight,115170,LEAH HALL,CORINA LOPEZ,MIA OUSLEY,1,3
456500,Election Day - Insight,115171,LEAH HALL,CORINA LOPEZ,MIA OUSLEY,1,3
456500,Election Day - Insight,115172,LEAH HALL,CORINA LOPEZ,MIA OUSLEY,1,3
456500,Election Day - Insight,115174,CORINA LOPEZ,skipped,skipped,1,3
456500,Election Day - Insight,115175,CORINA LOPEZ,skipped,skipped,1,3
456500,Election Day - Insight,115176,CORINA LOPEZ,skipped,skipped,1,3
456500,Election Day - Insight,115177,MIA OUSLEY,skipped,skipped,1,3
456500,Election Day - Insight,115178,MIA OUSLEY,CORINA LOPEZ,LEAH HALL,1,3
456500,Election Day - Insight,115179,CORINA LOPEZ,MIA OUSLEY,LEAH HALL,1,3
456500,Election Day - Insight,115180,LEAH HALL,CORINA LOPEZ,MIA OUSLEY,1,3
456500,Election Day - Insight,115181,CORINA LOPEZ,LEAH HALL,MIA OUSLEY,1,3
456500,Election Day - Insight,115182,CORINA LOPEZ,skipped,skipped,1,3
456500,Election Day - Insight,115192,MIA OUSLEY,CORINA LOPEZ,LEAH HALL,1,3
456500,Election Day - Insight,115193,CORINA LOPEZ,skipped,skipped,1,3
456500,Election Day - Insight,115194,LEAH HALL,MIA OUSLEY,skipped,1,3
456500,Election Day - Insight,115195,LEAH HALL,MIA OUSLEY,CORINA LOPEZ,1,3
456500,Election Day - Insight,115196,CORINA LOPEZ,skipped,skipped,1,3
456500,Election Day - Insight,115197,CORINA LOPEZ,skipped,skipped,1,3
456500,Election Day - Insight,115198,CORINA LOPEZ,skipped,skipped,1,3
456500,Election Day - Insight,115199,LEAH HALL,CORINA LOPEZ,MIA OUSLEY,1,3
456500,Election Day - Insight,115200,CORINA LOPEZ,LEAH HALL,MIA OUSLEY,1,3
456500,Election Day - Insight,115201,MIA OUSLEY,CORINA LOPEZ,LEAH HALL,1,3
456500,Election Day - Insight,115202,CORINA LOPEZ,MIA OUSLEY,LEAH HALL,1,3
456500,Election Day - Insight,115203,MIA OUSLEY,skipped,skipped,1,3
456500,Election Day - Insight,115204,CORINA LOPEZ,MIA OUSLEY,skipped,1,3
456500,Election Day - Insight,115206,CORINA LOPEZ,skipped,skipped,1,3
456500,Election Day - Insight,115207,CORINA LOPEZ,skipped,skipped,1,3
456500,Election Day - Insight,115208,CORINA LOPEZ,MIA OUSLEY,LEAH HALL,1,3
456500,Election Day - Insight,115211,CORINA LOPEZ,MIA OUSLEY,skipped,1,3
456500,Election Day - Insight,115213,CORINA LOPEZ,MIA OUSLEY,LEAH HALL,1,3
456500,Election Day - Insight,115214,CORINA LOPEZ,skipped,skipped,1,3
456500,Election Day - Insight,115215,LEAH HALL,MIA OUSLEY,CORINA LOPEZ,1,3
456500,Election Day - Insight,115216,CORINA LOPEZ,skipped,skipped,1,3
456500,Election Day - Insight,115217,CORINA LOPEZ,LEAH HALL,skipped,1,3
456500,Election Day - Insight,115218,LEAH HALL,CORINA LOPEZ,MIA OUSLEY,1,3
456500,Election Day - Insight,115219,CORINA LOPEZ,LEAH HALL,MIA OUSLEY,1,3
456500,Election Day - Insight,115220,CORINA LOPEZ,LEAH HALL,MIA OUSLEY,1,3
456500,Election Day - Insight,115221,CORINA LOPEZ,LEAH HALL,MIA OUSLEY,1,3
456500,Election Day - Insight,115222,MIA OUSLEY,skipped,skipped,1,3
456500,Election Day - Insight,115223,CORINA LOPEZ,MIA OUSLEY,LEAH HALL,1,3
456500,Election Day - Insight,115224,LEAH HALL,CORINA LOPEZ,MIA OUSLEY,1,3
456500,Election Day - Insight,115226,CORINA LOPEZ,LEAH HALL,MIA OUSLEY,1,3
456500,Election Day - Insight,115227,CORINA LOPEZ,LEAH HALL,MIA OUSLEY,1,3
456500,Election Day - Insight,115228,CORINA LOPEZ,LEAH HALL,MIA OUSLEY,1,3
456500,Election Day - Insight,115229,LEAH HALL,MIA OUSLEY,CORINA LOPEZ,1,3
456500,Election Day - Insight,115230,MIA OUSLEY,CORINA LOPEZ,LEAH HALL,1,3
456500,Election Day - Insight,115231,MIA OUSLEY,CORINA LOPEZ,LEAH HALL,1,3
456500,Election Day - Insight,115232,CORINA LOPEZ,MIA OUSLEY,LEAH HALL,1,3
456500,Election Day - Insight,115233,LEAH HALL,CORINA LOPEZ,MIA OUSLEY,1,3
456500,Election Day - Insight,115234,LEAH HALL,MIA OUSLEY,CORINA LOPEZ,1,3
456500,Election Day - Insight,115235,CORINA LOPEZ,MIA OUSLEY,LEAH HALL,1,3
456500,Election Day - Insight,115236,CORINA LOPEZ,skipped,skipped,1,3
456500,Election Day - Insight,115237,MIA OUSLEY,skipped,skipped,1,3
456500,Election Day - Insight,115238,LEAH HALL,MIA OUSLEY,CORINA LOPEZ,1,3
456500,Election Day - Insight,115239,CORINA LOPEZ,LEAH HALL,MIA OUSLEY,1,3
456500,Election Day - Insight,115240,CORINA LOPEZ,LEAH HALL,MIA OUSLEY,1,3
456500,Election Day - Insight,115241,MIA OUSLEY,CORINA LOPEZ,LEAH HALL,1,3
456500,Election Day - Insight,115242,CORINA LOPEZ,LEAH HALL,MIA OUSLEY,1,3
456500,Election Day - Insight,115243,MIA OUSLEY,LEAH HALL,CORINA LOPEZ,1,3
456500,Election Day - Insight,115245,CORINA LOPEZ,skipped,skipped,1,3
456500,Election Day - Insight,115246,CORINA LOPEZ,skipped,skipped,1,3
456500,Election Day - Insight,115247,LEAH HALL,MIA OUSLEY,CORINA LOPEZ,1,3
456500,Election Day - Insight,115248,CORINA LOPEZ,skipped,skipped,1,3
456500,Election Day - Insight,115250,LEAH HALL,CORINA LOPEZ,MIA OUSLEY,1,3
456500,Election Day - Insight,115251,CORINA LOPEZ,LEAH HALL,MIA OUSLEY,1,3
456500,Election Day - Insight,115252,MIA OUSLEY,CORINA LOPEZ,skipped,1,3
456500,Election Day - Insight,115253,MIA OUSLEY,CORINA LOPEZ,LEAH HALL,1,3
456500,Election Day - Insight,115254,CORINA LOPEZ,MIA OUSLEY,LEAH HALL,1,3
456500,Election Day - Insight,115255,MIA OUSLEY,LEAH HALL,CORINA LOPEZ,1,3
456500,Election Day - Insight,115256,LEAH HALL,CORINA LOPEZ,MIA OUSLEY,1,3
456500,Election Day - Insight,115257,LEAH HALL,MIA OUSLEY,CORINA LOPEZ,1,3
456500,Election Day - Insight,115258,CORINA LOPEZ,skipped,skipped,1,3
456500,Election Day - Insight,115259,CORINA LOPEZ,MIA OUSLEY,LEAH HALL,1,3
456500,Election Day - Insight,115260,LEAH HALL,CORINA LOPEZ,MIA OUSLEY,1,3
456500,Election Day - Insight,115261,MIA OUSLEY,CORINA LOPEZ,skipped,1,3
456500,Election Day - Insight,115262,MIA OUSLEY,CORINA LOPEZ,skipped,1,3
456500,Election Day - Insight,115263,CORINA LOPEZ,skipped,skipped,1,3
456500,Election Day - Insight,115264,LEAH HALL,CORINA LOPEZ,MIA OUSLEY,1,3
456500,Election Day - Insight,115265,CORINA LOPEZ,skipped,skipped,1,3
456500,Election Day - Insight,115267,MIA OUSLEY,CORINA LOPEZ,LEAH HALL,1,3
456500,Election Day - Insight,115268,LEAH HALL,skipped,skipped,1,3
456500,Election Day - Insight,115269,CORINA LOPEZ,skipped,skipped,1,3
456500,Election Day - Insight,115270,LEAH HALL,skipped,skipped,1,3
456500,Election Day - Insight,115271,LEAH HALL,MIA OUSLEY,CORINA LOPEZ,1,3
456500,Election Day - Insight,115272,MIA OUSLEY,CORINA LOPEZ,skipped,1,3
456500,Election Day - Insight,115273,LEAH HALL,skipped,skipped,1,3
456500,Election Day - Insight,115274,CORINA LOPEZ,LEAH HALL,MIA OUSLEY,1,3
456500,Election Day - Insight,115275,MIA OUSLEY,CORINA LOPEZ,LEAH HALL,1,3
456500,Election Day - Insight,115276,MIA OUSLEY,CORINA LOPEZ,skipped,1,3
456500,Election Day - Insight,115278,CORINA LOPEZ,LEAH HALL,MIA OUSLEY,1,3
456500,Election Day - Insight,115279,CORINA LOPEZ,LEAH HALL,skipped,1,3
456500,Election Day - Insight,115280,CORINA LOPEZ,LEAH HALL,MIA OUSLEY,1,3
451700,Election Day - Insight,121802,CORINA LOPEZ,LEAH HALL,skipped,1,3
451700,Election Day - Insight,121803,CORINA LOPEZ,LEAH HALL,MIA OUSLEY,1,3
451700,Election Day - Insight,121804,CORINA LOPEZ,MIA OUSLEY,LEAH HALL,1,3
451700,Election Day - Insight,121805,CORINA LOPEZ,skipped,skipped,1,3
451700,Election Day - Insight,121806,CORINA LOPEZ,skipped,skipped,1,3
451700,Election Day - Insight,121807,CORINA LOPEZ,MIA OUSLEY,LEAH HALL,1,3
451700,Election Day - Insight,121808,CORINA LOPEZ,skipped,skipped,1,3
451700,Election Day - Insight,121809,CORINA LOPEZ,skipped,skipped,1,3
451700,Election Day - Insight,121810,CORINA LOPEZ,skipped,skipped,1,3
451700,Election Day - Insight,121812,MIA OUSLEY,LEAH HALL,CORINA LOPEZ,1,3
451700,Election Day - Insight,121813,CORINA LOPEZ,skipped,skipped,1,3
451700,Election Day - Insight,121814,MIA OUSLEY,LEAH HALL,CORINA LOPEZ,1,3
451700,Election Day - Insight,121821,MIA OUSLEY,CORINA LOPEZ,LEAH HALL,1,3
451700,Election Day - Insight,121822,CORINA LOPEZ,skipped,skipped,1,3
451700,Election Day - Insight,121823,LEAH HALL,MIA OUSLEY,CORINA LOPEZ,1,3
451700,Election Day - Insight,121824,CORINA LOPEZ,skipped,skipped,1,3
451700,Election Day - Insight,121825,LEAH HALL,MIA OUSLEY,CORINA LOPEZ,1,3
451700,Election Day - Insight,121826,CORINA LOPEZ,MIA OUSLEY,LEAH HALL,1,3
451700,Election Day - Insight,121827,MIA OUSLEY,skipped,skipped,1,3
451700,Election Day - Insight,121828,MIA OUSLEY,skipped,skipped,1,3
451700,Election Day - Insight,121829,CORINA LOPEZ,MIA OUSLEY,LEAH HALL,1,3
451700,Election Day - Insight,121830,LEAH HALL,MIA OUSLEY,skipped,1,3
451700,Election Day - Insight,121831,MIA OUSLEY,skipped,skipped,1,3
451700,Election Day - Insight,121832,MIA OUSLEY,CORINA LOPEZ,skipped,1,3
451700,Election Day - Insight,121833,CORINA LOPEZ,LEAH HALL,MIA OUSLEY,1,3
451700,Election Day - Insight,121834,LEAH HALL,MIA OUSLEY,CORINA LOPEZ,1,3
451700,Election Day - Insight,121835,MIA OUSLEY,skipped,skipped,1,3
451700,Election Day - Insight,121836,MIA OUSLEY,LEAH HALL,CORINA LOPEZ,1,3
451700,Election Day - Insight,121837,MIA OUSLEY,LEAH HALL,CORINA LOPEZ,1,3
451700,Election Day - Insight,121838,LEAH HALL,MIA OUSLEY,CORINA LOPEZ,1,3
451700,Election Day - Insight,121839,LEAH HALL,CORINA LOPEZ,MIA OUSLEY,1,3
451700,Election Day - Insight,121840,CORINA LOPEZ,LEAH HALL,MIA OUSLEY,1,3
451700,Election Day - Insight,121841,CORINA LOPEZ,skipped,skipped,1,3
451700,Election Day - Insight,121842,CORINA LOPEZ,MIA OUSLEY,LEAH HALL,1,3
451700,Election Day - Insight,121843,CORINA LOPEZ,MIA OUSLEY,LEAH HALL,1,3
451700,Election Day - Insight,121844,LEAH HALL,CORINA LOPEZ,MIA OUSLEY,1,3
451700,Election Day - Insight,121845,LEAH HALL,CORINA LOPEZ,skipped,1,3
451700,Election Day - Insight,121847,LEAH HALL,CORINA LOPEZ,MIA OUSLEY,1,3
451700,Election Day - Insight,121848,CORINA LOPEZ,skipped,skipped,1,3
451700,Election Day - Insight,121849,LEAH HALL,skipped,skipped,1,3
451700,Election Day - Insight,121852,LEAH HALL,MIA OUSLEY,CORINA LOPEZ,1,3
451700,Election Day - Insight,121853,LEAH HALL,skipped,skipped,1,3
451700,Election Day - Insight,121854,CORINA LOPEZ,skipped,skipped,1,3
451700,Election Day - Insight,121855,CORINA LOPEZ,LEAH HALL,MIA OUSLEY,1,3
451700,Election Day - Insight,121856,CORINA LOPEZ,skipped,skipped,1,3
451700,Election Day - Insight,121857,CORINA LOPEZ,skipped,skipped,1,3
451700,Election Day - Insight,121858,CORINA LOPEZ,MIA OUSLEY,LEAH HALL,1,3
451700,Election Day - Insight,121859,CORINA LOPEZ,skipped,skipped,1,3
451700,Election Day - Insight,121860,CORINA LOPEZ,skipped,skipped,1,3
451700,Election Day - Insight,121861,CORINA LOPEZ,LEAH HALL,skipped,1,3
451700,Election Day - Insight,121862,CORINA LOPEZ,skipped,skipped,1,3
451700,Election Day - Insight,121863,MIA OUSLEY,CORINA LOPEZ,LEAH HALL,1,3
451700,Election Day - Insight,121864,CORINA LOPEZ,LEAH HALL,MIA OUSLEY,1,3
451700,Election Day - Insight,121865,CORINA LOPEZ,MIA OUSLEY,LEAH HALL,1,3
451700,Election Day - Insight,121866,CORINA LOPEZ,MIA OUSLEY,LEAH HALL,1,3
451700,Election Day - Insight,121868,CORINA LOPEZ,LEAH HALL,MIA OUSLEY,1,3
451700,Election Day - Insight,121869,LEAH HALL,CORINA LOPEZ,skipped,1,3
451700,Election Day - Insight,121870,LEAH HALL,MIA OUSLEY,skipped,1,3
451700,Election Day - Insight,121871,CORINA LOPEZ,LEAH HALL,MIA OUSLEY,1,3
451700,Election Day - Insight,121872,LEAH HALL,MIA OUSLEY,CORINA LOPEZ,1,3
451700,Election Day - Insight,121873,CORINA LOPEZ,LEAH HALL,MIA OUSLEY,1,3
451700,Election Day - Insight,121874,CORINA LOPEZ,MIA OUSLEY,LEAH HALL,1,3
451700,Election Day - Insight,121875,LEAH HALL,MIA OUSLEY,CORINA LOPEZ,1,3
451700,Election Day - Insight,121876,MIA OUSLEY,CORINA LOPEZ,LEAH HALL,1,3
451700,Election Day - Insight,121877,CORINA LOPEZ,MIA OUSLEY,LEAH HALL,1,3
451700,Election Day - Insight,121878,CORINA LOPEZ,MIA OUSLEY,LEAH HALL,1,3
451700,Election Day - Insight,121880,CORINA LOPEZ,MIA OUSLEY,LEAH HALL,1,3
451700,Election Day - Insight,121881,LEAH HALL,CORINA LOPEZ,skipped,1,3
451700,Election Day - Insight,121882,LEAH HALL,CORINA LOPEZ,MIA OUSLEY,1,3
451700,Election Day - Insight,121883,CORINA LOPEZ,skipped,skipped,1,3
451700,Election Day - Insight,121884,CORINA LOPEZ,LEAH HALL,MIA OUSLEY,1,3
451700,Election Day - Insight,121885,MIA OUSLEY,CORINA LOPEZ,LEAH HALL,1,3
451700,Election Day - Insight,121886,CORINA LOPEZ,MIA OUSLEY,LEAH HALL,1,3
451700,Election Day - Insight,121887,CORINA LOPEZ,LEAH HALL,MIA OUSLEY,1,3
451700,Election Day - Insight,121888,CORINA LOPEZ,LEAH HALL,MIA OUSLEY,1,3
451700,Election Day - Insight,121889,LEAH HALL,CORINA LOPEZ,MIA OUSLEY,1,3
451700,Election Day - Insight,121890,CORINA LOPEZ,MIA OUSLEY,skipped,1,3
451700,Election Day - Insight,121891,LEAH HALL,skipped,skipped,1,3
451700,Election Day - Insight,121892,LEAH HALL,skipped,skipped,1,3
451700,Election Day - Insight,121893,LEAH HALL,CORINA LOPEZ,skipped,1,3
451700,Election Day - Insight,121894,MIA OUSLEY,LEAH HALL,CORINA LOPEZ,1,3
451700,Election Day - Insight,121895,MIA OUSLEY,CORINA LOPEZ,LEAH HALL,1,3
451700,Election Day - Insight,121896,CORINA LOPEZ,LEAH HALL,MIA OUSLEY,1,3
451700,Election Day - Insight,121897,LEAH HALL,MIA OUSLEY,CORINA LOPEZ,1,3
451700,Election Day - Insight,121898,CORINA LOPEZ,MIA OUSLEY,skipped,1,3
451700,Election Day - Insight,121899,LEAH HALL,CORINA LOPEZ,MIA OUSLEY,1,3
451700,Election Day - Insight,121901,LEAH HALL,CORINA LOPEZ,skipped,1,3
451700,Election Day - Insight,121902,CORINA LOPEZ,MIA OUSLEY,LEAH HALL,1,3
451700,Election Day - Insight,121903,LEAH HALL,MIA OUSLEY,CORINA LOPEZ,1,3
451700,Election Day - Insight,121904,CORINA LOPEZ,skipped,skipped,1,3
451700,Election Day - Insight,121905,CORINA LOPEZ,LEAH HALL,MIA OUSLEY,1,3
451700,Election Day - Insight,121906,MIA OUSLEY,skipped,skipped,1,3
451700,Election Day - Insight,121907,CORINA LOPEZ,skipped,skipped,1,3
451700,Election Day - Insight,121908,CORINA LOPEZ,MIA OUSLEY,LEAH HALL,1,3
451700,Election Day - Insight,121909,MIA OUSLEY,skipped,skipped,1,3
451700,Election Day - Insight,121910,CORINA LOPEZ,skipped,skipped,1,3
451700,Election Day - Insight,121911,MIA OUSLEY,LEAH HALL,CORINA LOPEZ,1,3
451700,Election Day - Insight,121912,LEAH HALL,MIA OUSLEY,CORINA LOPEZ,1,3
451700,Election Day - Insight,121913,CORINA LOPEZ,LEAH HALL,MIA OUSLEY,1,3
451700,Election Day - Insight,121914,CORINA LOPEZ,MIA OUSLEY,LEAH HALL,1,3
451700,Election Day - Insight,121915,CORINA LOPEZ,LEAH HALL,MIA OUSLEY,1,3
451700,Election Day - Insight,121916,CORINA LOPEZ,skipped,skipped,1,3
451700,Election Day - Insight,121917,CORINA LOPEZ,MIA OUSLEY,LEAH HALL,1,3
451700,Election Day - Insight,121918,CORINA LOPEZ,LEAH HALL,MIA OUSLEY,1,3
451700,Election Day - Insight,121919,CORINA LOPEZ,MIA OUSLEY,LEAH HALL,1,3
451700,Election Day - Insight,121920,MIA OUSLEY,LEAH HALL,CORINA LOPEZ,1,3
451700,Election Day - Insight,121921,CORINA LOPEZ,skipped,skipped,1,3
451700,Election Day - Insight,121922,LEAH HALL,CORINA LOPEZ,MIA OUSLEY,1,3
450800,Election Day - Insight,123871,LEAH HALL,MIA OUSLEY,CORINA LOPEZ,1,3
450800,Election Day - Insight,123872,LEAH HALL,CORINA LOPEZ,MIA OUSLEY,1,3
450800,Election Day - Insight,123873,MIA OUSLEY,skipped,skipped,1,3
450800,Election Day - Insight,123875,MIA OUSLEY,LEAH HALL,skipped,1,3
450800,Election Day - Insight,123877,CORINA LOPEZ,LEAH HALL,MIA OUSLEY,1,3
450800,Election Day - Insight,123878,CORINA LOPEZ,LEAH HALL,MIA OUSLEY,1,3
450800,Election Day - Insight,123879,CORINA LOPEZ,MIA OUSLEY,LEAH HALL,1,3
450800,Election Day - Insight,123880,LEAH HALL,CORINA LOPEZ,MIA OUSLEY,1,3
450800,Election Day - Insight,123881,LEAH HALL,MIA OUSLEY,skipped,1,3
450800,Election Day - Insight,123882,CORINA LOPEZ,LEAH HALL,skipped,1,3
450800,Election Day - Insight,123883,CORINA LOPEZ,MIA OUSLEY,LEAH HALL,1,3
450800,Election Day - Insight,123884,CORINA LOPEZ,MIA OUSLEY,LEAH HALL,1,3
450800,Election Day - Insight,123885,CORINA LOPEZ,skipped,skipped,1,3
450800,Election Day - Insight,123887,MIA OUSLEY,CORINA LOPEZ,LEAH HALL,1,3
450800,Election Day - Insight,123888,LEAH HALL,MIA OUSLEY,CORINA LOPEZ,1,3
450800,Election Day - Insight,123889,CORINA LOPEZ,MIA OUSLEY,LEAH HALL,1,3
450800,Election Day - Insight,123890,CORINA LOPEZ,LEAH HALL,MIA OUSLEY,1,3
450800,Election Day - Insight,123891,MIA OUSLEY,CORINA LOPEZ,LEAH HALL,1,3
450800,Election Day - Insight,123903,CORINA LOPEZ,LEAH HALL,MIA OUSLEY,1,3
450800,Election Day - Insight,123905,MIA OUSLEY,LEAH HALL,skipped,1,3
450800,Election Day - Insight,123906,MIA OUSLEY,CORINA LOPEZ,skipped,1,3
450800,Election Day - Insight,123907,CORINA LOPEZ,skipped,skipped,1,3
450800,Election Day - Insight,123908,LEAH HALL,MIA OUSLEY,CORINA LOPEZ,1,3
450800,Election Day - Insight,123909,LEAH HALL,MIA OUSLEY,CORINA LOPEZ,1,3
450800,Election Day - Insight,123910,LEAH HALL,skipped,skipped,1,3
450800,Election Day - Insight,123911,MIA OUSLEY,skipped,skipped,1,3
450800,Election Day - Insight,123912,CORINA LOPEZ,skipped,skipped,1,3
450800,Election Day - Insight,123913,CORINA LOPEZ,skipped,skipped,1,3
450800,Election Day - Insight,123914,CORINA LOPEZ,MIA OUSLEY,LEAH HALL,1,3
450800,Election Day - Insight,123915,CORINA LOPEZ,LEAH HALL,skipped,1,3
450800,Election Day - Insight,123916,CORINA LOPEZ,MIA OUSLEY,LEAH HALL,1,3
450800,Election Day - Insight,123917,CORINA LOPEZ,LEAH HALL,MIA OUSLEY,1,3
450800,Election Day - Insight,123918,CORINA LOPEZ,MIA OUSLEY,LEAH HALL,1,3
450800,Election Day - Insight,123919,CORINA LOPEZ,skipped,skipped,1,3
450800,Election Day - Insight,123920,LEAH HALL,CORINA LOPEZ,skipped,1,3
450800,Election Day - Insight,123921,LEAH HALL,CORINA LOPEZ,skipped,1,3
450800,Election Day - Insight,123922,MIA OUSLEY,CORINA LOPEZ,LEAH HALL,1,3
450800,Election Day - Insight,123923,CORINA LOPEZ,skipped,skipped,1,3
450800,Election Day - Insight,123924,CORINA LOPEZ,skipped,skipped,1,3
450800,Election Day - Insight,123925,CORINA LOPEZ,MIA OUSLEY,LEAH HALL,1,3
450800,Election Day - Insight,123926,LEAH HALL,MIA OUSLEY,CORINA LOPEZ,1,3
450800,Election Day - Insight,123927,LEAH HALL,skipped,skipped,1,3
450800,Election Day - Insight,123928,CORINA LOPEZ,LEAH HALL,MIA OUSLEY,1,3
450800,Election Day - Insight,123929,CORINA LOPEZ,LEAH HALL,MIA OUSLEY,1,3
450800,Election Day - Insight,123930,MIA OUSLEY,CORINA LOPEZ,LEAH HALL,1,3
450800,Election Day - Insight,123931,CORINA LOPEZ,skipped,skipped,1,3
450800,Election Day - Insight,123933,CORINA LOPEZ,MIA OUSLEY,LEAH HALL,1,3
450800,Election Day - Insight,123934,CORINA LOPEZ,MIA OUSLEY,LEAH HALL,1,3
450800,Election Day - Insight,123935,CORINA LOPEZ,MIA OUSLEY,LEAH HALL,1,3
450800,Election Day - Insight,123936,CORINA LOPEZ,skipped,skipped,1,3
450800,Election Day - Insight,123937,LEAH HALL,CORINA LOPEZ,MIA OUSLEY,1,3
450800,Election Day - Insight,123938,LEAH HALL,CORINA LOPEZ,skipped,1,3
450800,Election Day - Insight,123939,MIA OUSLEY,skipped,skipped,1,3
450800,Election Day - Insight,123940,CORINA LOPEZ,LEAH HALL,MIA OUSLEY,1,3
450800,Election Day - Insight,123941,MIA OUSLEY,CORINA LOPEZ,skipped,1,3
450800,Election Day - Insight,123942,CORINA LOPEZ,LEAH HALL,MIA OUSLEY,1,3
450800,Election Day - Insight,123943,MIA OUSLEY,LEAH HALL,CORINA LOPEZ,1,3
450800,Election Day - Insight,123944,LEAH HALL,CORINA LOPEZ,MIA OUSLEY,1,3
450800,Election Day - Insight,123945,LEAH HALL,CORINA LOPEZ,MIA OUSLEY,1,3
450800,Election Day - Insight,123946,MIA OUSLEY,LEAH HALL,CORINA LOPEZ,1,3
450800,Election Day - Insight,123947,CORINA LOPEZ,MIA OUSLEY,skipped,1,3
450800,Election Day - Insight,123948,CORINA LOPEZ,skipped,skipped,1,3
450800,Election Day - Insight,123949,CORINA LOPEZ,MIA OUSLEY,LEAH HALL,1,3
450800,Election Day - Insight,123952,MIA OUSLEY,LEAH HALL,CORINA LOPEZ,1,3
450800,Election Day - Insight,123953,CORINA LOPEZ,LEAH HALL,MIA OUSLEY,1,3
450800,Election Day - Insight,123954,MIA OUSLEY,CORINA LOPEZ,LEAH HALL,1,3
450800,Election Day - Insight,123955,LEAH HALL,MIA OUSLEY,skipped,1,3
453500,Election Day - Insight,123956,CORINA LOPEZ,MIA OUSLEY,LEAH HALL,1,3
453500,Election Day - Insight,123957,CORINA LOPEZ,MIA OUSLEY,LEAH HALL,1,3
453500,Election Day - Insight,123958,MIA OUSLEY,LEAH HALL,CORINA LOPEZ,1,3
453500,Election Day - Insight,123968,CORINA LOPEZ,LEAH HALL,MIA OUSLEY,1,3
453500,Election Day - Insight,123969,MIA OUSLEY,skipped,skipped,1,3
453500,Election Day - Insight,123970,CORINA LOPEZ,skipped,skipped,1,3
453500,Election Day - Insight,123971,MIA OUSLEY,CORINA LOPEZ,skipped,1,3
453500,Election Day - Insight,123973,LEAH HALL,CORINA LOPEZ,MIA OUSLEY,1,3
453500,Election Day - Insight,123974,LEAH HALL,MIA OUSLEY,CORINA LOPEZ,1,3
453500,Election Day - Insight,123975,LEAH HALL,MIA OUSLEY,CORINA LOPEZ,1,3
453500,Election Day - Insight,123976,CORINA LOPEZ,skipped,skipped,1,3
453500,Election Day - Insight,123977,CORINA LOPEZ,skipped,skipped,1,3
453500,Election Day - Insight,123978,CORINA LOPEZ,skipped,skipped,1,3
453500,Election Day - Insight,123980,LEAH HALL,skipped,skipped,1,3
453500,Election Day - Insight,123981,CORINA LOPEZ,skipped,skipped,1,3
453500,Election Day - Insight,123982,CORINA LOPEZ,skipped,skipped,1,3
453500,Election Day - Insight,123983,CORINA LOPEZ,skipped,skipped,1,3
453500,Election Day - Insight,123984,CORINA LOPEZ,skipped,skipped,1,3
453500,Election Day - Insight,123985,LEAH HALL,MIA OUSLEY,CORINA LOPEZ,1,3
453500,Election Day - Insight,123986,MIA OUSLEY,LEAH HALL,CORINA LOPEZ,1,3
453500,Election Day - Insight,123987,CORINA LOPEZ,MIA OUSLEY,LEAH HALL,1,3
453500,Election Day - Insight,123988,CORINA LOPEZ,skipped,skipped,1,3
453500,Election Day - Insight,123989,LEAH HALL,skipped,skipped,1,3
453500,Election Day - Insight,123991,LEAH HALL,CORINA LOPEZ,MIA OUSLEY,1,3
453500,Election Day - Insight,123992,MIA OUSLEY,CORINA LOPEZ,LEAH HALL,1,3
453500,Election Day - Insight,123993,CORINA LOPEZ,MIA OUSLEY,LEAH HALL,1,3
453500,Election Day - Insight,123994,CORINA LOPEZ,skipped,skipped,1,3
453500,Election Day - Insight,123995,MIA OUSLEY,skipped,skipped,1,3
453500,Election Day - Insight,123996,CORINA LOPEZ,skipped,skipped,1,3
453500,Election Day - Insight,123997,LEAH HALL,CORINA LOPEZ,skipped,1,3
453500,Election Day - Insight,123998,LEAH HALL,skipped,skipped,1,3
453500,Election Day - Insight,123999,CORINA LOPEZ,skipped,skipped,1,3
453500,Election Day - Insight,124000,MIA OUSLEY,LEAH HALL,skipped,1,3
453500,Election Day - Insight,124001,CORINA LOPEZ,skipped,skipped,1,3
453500,Election Day - Insight,124002,CORINA LOPEZ,LEAH HALL,MIA OUSLEY,1,3
453500,Election Day - Insight,124003,CORINA LOPEZ,LEAH HALL,MIA OUSLEY,1,3
453500,Election Day - Insight,124004,CORINA LOPEZ,LEAH HALL,MIA OUSLEY,1,3
453500,Election Day - Insight,124005,MIA OUSLEY,LEAH HALL,CORINA LOPEZ,1,3
453500,Election Day - Insight,124006,LEAH HALL,MIA OUSLEY,CORINA LOPEZ,1,3
453500,Election Day - Insight,124008,CORINA LOPEZ,LEAH HALL,MIA OUSLEY,1,3
453500,Election Day - Insight,124009,MIA OUSLEY,LEAH HALL,CORINA LOPEZ,1,3
453500,Election Day - Insight,124010,CORINA LOPEZ,MIA OUSLEY,LEAH HALL,1,3
453500,Election Day - Insight,124011,CORINA LOPEZ,MIA OUSLEY,skipped,1,3
453500,Election Day - Insight,124012,LEAH HALL,MIA OUSLEY,CORINA LOPEZ,1,3
453500,Election Day - Insight,124013,LEAH HALL,MIA OUSLEY,CORINA LOPEZ,1,3
453500,Election Day - Insight,124014,CORINA LOPEZ,LEAH HALL,MIA OUSLEY,1,3
453500,Election Day - Insight,124015,CORINA LOPEZ,MIA OUSLEY,LEAH HALL,1,3
453500,Election Day - Insight,124017,MIA OUSLEY,LEAH HALL,CORINA LOPEZ,1,3
453500,Election Day - Insight,124018,CORINA LOPEZ,MIA OUSLEY,LEAH HALL,1,3
453500,Election Day - Insight,124019,CORINA LOPEZ,LEAH HALL,MIA OUSLEY,1,3
453500,Election Day - Insight,124020,CORINA LOPEZ,LEAH HALL,skipped,1,3
453500,Election Day - Insight,124021,MIA OUSLEY,LEAH HALL,CORINA LOPEZ,1,3
453500,Election Day - Insight,124022,CORINA LOPEZ,MIA OUSLEY,LEAH HALL,1,3
453500,Election Day - Insight,124023,CORINA LOPEZ,LEAH HALL,MIA OUSLEY,1,3
453500,Election Day - Insight,124024,MIA OUSLEY,LEAH HALL,skipped,1,3
453500,Election Day - Insight,124025,LEAH HALL,skipped,skipped,1,3
453500,Election Day - Insight,124026,CORINA LOPEZ,LEAH HALL,MIA OUSLEY,1,3
453500,Election Day - Insight,124027,CORINA LOPEZ,MIA OUSLEY,LEAH HALL,1,3
453500,Election Day - Insight,124028,CORINA LOPEZ,LEAH HALL,MIA OUSLEY,1,3
453500,Election Day - Insight,124029,CORINA LOPEZ,LEAH HALL,MIA OUSLEY,1,3
453500,Election Day - Insight,124030,CORINA LOPEZ,MIA OUSLEY,LEAH HALL,1,3
453500,Election Day - Insight,124031,CORINA LOPEZ,skipped,skipped,1,3
453500,Election Day - Insight,124032,CORINA LOPEZ,skipped,skipped,1,3
453500,Election Day - Insight,124033,LEAH HALL,skipped,skipped,1,3
453500,Election Day - Insight,124034,LEAH HALL,skipped,skipped,1,3
453500,Election Day - Insight,124035,CORINA LOPEZ,skipped,skipped,1,3
453500,Election Day - Insight,124036,CORINA LOPEZ,skipped,skipped,1,3
453500,Election Day - Insight,124037,MIA OUSLEY,LEAH HALL,CORINA LOPEZ,1,3
453500,Election Day - Insight,124038,CORINA LOPEZ,skipped,skipped,1,3
453500,Election Day - Insight,124039,CORINA LOPEZ,MIA OUSLEY,LEAH HALL,1,3
453500,Election Day - Insight,124040,CORINA LOPEZ,MIA OUSLEY,LEAH HALL,1,3
453500,Election Day - Insight,124042,CORINA LOPEZ,skipped,skipped,1,3
453500,Election Day - Insight,124043,LEAH HALL,skipped,skipped,1,3
453500,Election Day - Insight,124044,CORINA LOPEZ,skipped,skipped,1,3
453500,Election Day - Insight,124045,LEAH HALL,MIA OUSLEY,CORINA LOPEZ,1,3
453500,Election Day - Insight,124046,LEAH HALL,MIA OUSLEY,CORINA LOPEZ,1,3
453500,Election Day - Insight,124047,LEAH HALL,skipped,skipped,1,3
453500,Election Day - Insight,124048,CORINA LOPEZ,MIA OUSLEY,LEAH HALL,1,3
453500,Election Day - Insight,124049,CORINA LOPEZ,skipped,skipped,1,3
453500,Election Day - Insight,124050,MIA OUSLEY,skipped,skipped,1,3
453500,Election Day - Insight,124051,MIA OUSLEY,skipped,skipped,1,3
453500,Election Day - Insight,124052,CORINA LOPEZ,skipped,skipped,1,3
453500,Election Day - Insight,124054,MIA OUSLEY,LEAH HALL,CORINA LOPEZ,1,3
453500,Election Day - Insight,124055,CORINA LOPEZ,MIA OUSLEY,LEAH HALL,1,3
453500,Election Day - Insight,124056,CORINA LOPEZ,skipped,skipped,1,3
453500,Election Day - Insight,124057,CORINA LOPEZ,skipped,skipped,1,3
453500,Election Day - Insight,124058,CORINA LOPEZ,MIA OUSLEY,LEAH HALL,1,3
453500,Election Day - Insight,124059,LEAH HALL,MIA OUSLEY,CORINA LOPEZ,1,3
453500,Election Day - Insight,124060,CORINA LOPEZ,LEAH HALL,MIA OUSLEY,1,3
453500,Election Day - Insight,124061,LEAH HALL,MIA OUSLEY,CORINA LOPEZ,1,3
453500,Election Day - Insight,124062,LEAH HALL,skipped,skipped,1,3
453500,Election Day - Insight,124063,CORINA LOPEZ,skipped,skipped,1,3
453500,Election Day - Insight,124064,CORINA LOPEZ,skipped,skipped,1,3
453500,Election Day - Insight,124065,CORINA LOPEZ,skipped,skipped,1,3
453500,Election Day - Insight,124066,MIA OUSLEY,LEAH HALL,skipped,1,3
453500,Election Day - Insight,124067,CORINA LOPEZ,MIA OUSLEY,LEAH HALL,1,3
453500,Election Day - Insight,124068,CORINA LOPEZ,MIA OUSLEY,LEAH HALL,1,3
453500,Election Day - Insight,124069,CORINA LOPEZ,MIA OUSLEY,LEAH HALL,1,3
453500,Election Day - Insight,124070,CORINA LOPEZ,LEAH HALL,MIA OUSLEY,1,3
453500,Election Day - Insight,124071,MIA OUSLEY,skipped,skipped,1,3
453500,Election Day - Insight,124072,CORINA LOPEZ,LEAH HALL,MIA OUSLEY,1,3
453500,Election Day - Insight,124073,CORINA LOPEZ,MIA OUSLEY,LEAH HALL,1,3
453500,Election Day - Insight,124074,CORINA LOPEZ,MIA OUSLEY,LEAH HALL,1,3
453500,Election Day - Insight,124075,MIA OUSLEY,CORINA LOPEZ,skipped,1,3
453500,Election Day - Insight,124076,CORINA LOPEZ,skipped,skipped,1,3
453500,Election Day - Insight,124077,CORINA LOPEZ,skipped,skipped,1,3
453500,Election Day - Insight,124078,CORINA LOPEZ,MIA OUSLEY,LEAH HALL,1,3
453500,Election Day - Insight,124079,LEAH HALL,MIA OUSLEY,CORINA LOPEZ,1,3
453500,Election Day - Insight,124080,LEAH HALL,CORINA LOPEZ,MIA OUSLEY,1,3
453500,Election Day - Insight,124081,MIA OUSLEY,skipped,skipped,1,3
453500,Election Day - Insight,124082,CORINA LOPEZ,MIA OUSLEY,LEAH HALL,1,3
453500,Election Day - Insight,124083,CORINA LOPEZ,skipped,skipped,1,3
453500,Election Day - Insight,124085,CORINA LOPEZ,MIA OUSLEY,LEAH HALL,1,3
453500,Election Day - Insight,124086,MIA OUSLEY,LEAH HALL,CORINA LOPEZ,1,3
456900,Election Day - Insight,125144,CORINA LOPEZ,MIA OUSLEY,skipped,1,3
456900,Election Day - Insight,125145,MIA OUSLEY,CORINA LOPEZ,LEAH HALL,1,3
456900,Election Day - Insight,125146,MIA OUSLEY,LEAH HALL,skipped,1,3
456900,Election Day - Insight,125148,CORINA LOPEZ,LEAH HALL,skipped,1,3
456900,Election Day - Insight,125149,CORINA LOPEZ,skipped,skipped,1,3
456900,Election Day - Insight,125150,CORINA LOPEZ,LEAH HALL,skipped,1,3
456900,Election Day - Insight,125151,CORINA LOPEZ,MIA OUSLEY,LEAH HALL,1,3
456900,Election Day - Insight,125152,CORINA LOPEZ,MIA OUSLEY,LEAH HALL,1,3
456900,Election Day - Insight,125153,CORINA LOPEZ,MIA OUSLEY,LEAH HALL,1,3
456900,Election Day - Insight,125154,MIA OUSLEY,CORINA LOPEZ,LEAH HALL,1,3
456900,Election Day - Insight,125156,CORINA LOPEZ,MIA OUSLEY,skipped,1,3
456900,Election Day - Insight,125157,CORINA LOPEZ,skipped,skipped,1,3
456900,Election Day - Insight,125159,CORINA LOPEZ,skipped,skipped,1,3
456900,Election Day - Insight,125160,MIA OUSLEY,skipped,skipped,1,3
456900,Election Day - Insight,125161,LEAH HALL,skipped,skipped,1,3
456900,Election Day - Insight,125162,CORINA LOPEZ,MIA OUSLEY,LEAH HALL,1,3
456900,Election Day - Insight,125163,CORINA LOPEZ,LEAH HALL,MIA OUSLEY,1,3
456900,Election Day - Insight,125164,MIA OUSLEY,skipped,skipped,1,3
456900,Election Day - Insight,125165,CORINA LOPEZ,LEAH HALL,MIA OUSLEY,1,3
456900,Election Day - Insight,125166,LEAH HALL,MIA OUSLEY,CORINA LOPEZ,1,3
456900,Election Day - Insight,125167,CORINA LOPEZ,LEAH HALL,MIA OUSLEY,1,3
456900,Election Day - Insight,125168,CORINA LOPEZ,MIA OUSLEY,LEAH HALL,1,3
456900,Election Day - Insight,125169,MIA OUSLEY,skipped,skipped,1,3
456900,Election Day - Insight,125181,CORINA LOPEZ,LEAH HALL,MIA OUSLEY,1,3
456900,Election Day - Insight,125183,CORINA LOPEZ,MIA OUSLEY,LEAH HALL,1,3
456900,Election Day - Insight,125184,CORINA LOPEZ,MIA OUSLEY,LEAH HALL,1,3
456900,Election Day - Insight,125185,CORINA LOPEZ,MIA OUSLEY,LEAH HALL,1,3
456900,Election Day - Insight,125186,CORINA LOPEZ,MIA OUSLEY,LEAH HALL,1,3
456900,Election Day - Insight,125187,MIA OUSLEY,CORINA LOPEZ,LEAH HALL,1,3
456900,Election Day - Insight,125188,CORINA LOPEZ,skipped,skipped,1,3
456900,Election Day - Insight,125191,CORINA LOPEZ,LEAH HALL,skipped,1,3
456900,Election Day - Insight,125192,LEAH HALL,skipped,skipped,1,3
456900,Election Day - Insight,125193,LEAH HALL,skipped,skipped,1,3
456900,Election Day - Insight,125194,CORINA LOPEZ,MIA OUSLEY,LEAH HALL,1,3
456900,Election Day - Insight,125195,MIA OUSLEY,LEAH HALL,skipped,1,3
456900,Election Day - Insight,125196,CORINA LOPEZ,skipped,skipped,1,3
456900,Election Day - Insight,125199,LEAH HALL,skipped,skipped,1,3
456900,Election Day - Insight,125200,LEAH HALL,skipped,skipped,1,3
456900,Election Day - Insight,125201,LEAH HALL,skipped,skipped,1,3
456900,Election Day - Insight,125202,LEAH HALL,skipped,skipped,1,3
456900,Election Day - Insight,125203,MIA OUSLEY,CORINA LOPEZ,LEAH HALL,1,3
456900,Election Day - Insight,125204,LEAH HALL,MIA OUSLEY,CORINA LOPEZ,1,3
456900,Election Day - Insight,125205,CORINA LOPEZ,skipped,skipped,1,3
456900,Election Day - Insight,125206,MIA OUSLEY,CORINA LOPEZ,skipped,1,3
456900,Election Day - Insight,125208,LEAH HALL,CORINA LOPEZ,MIA OUSLEY,1,3
456900,Election Day - Insight,125209,MIA OUSLEY,LEAH HALL,CORINA LOPEZ,1,3
456900,Election Day - Insight,125210,CORINA LOPEZ,MIA OUSLEY,skipped,1,3
456900,Election Day - Insight,125211,CORINA LOPEZ,MIA OUSLEY,LEAH HALL,1,3
456900,Election Day - Insight,125212,LEAH HALL,CORINA LOPEZ,MIA OUSLEY,1,3
456900,Election Day - Insight,125213,MIA OUSLEY,LEAH HALL,skipped,1,3
456900,Election Day - Insight,125214,MIA OUSLEY,LEAH HALL,CORINA LOPEZ,1,3
456900,Election Day - Insight,125216,CORINA LOPEZ,MIA OUSLEY,LEAH HALL,1,3
456900,Election Day - Insight,125218,CORINA LOPEZ,LEAH HALL,MIA OUSLEY,1,3
456900,Election Day - Insight,125219,MIA OUSLEY,skipped,skipped,1,3
456900,Election Day - Insight,125220,CORINA LOPEZ,MIA OUSLEY,LEAH HALL,1,3
456900,Election Day - Insight,125222,MIA OUSLEY,CORINA LOPEZ,skipped,1,3
456900,Election Day - Insight,125226,LEAH HALL,skipped,skipped,1,3
456900,Election Day - Insight,125227,LEAH HALL,MIA OUSLEY,CORINA LOPEZ,1,3
456900,Election Day - Insight,125228,CORINA LOPEZ,skipped,skipped,1,3
456900,Election Day - Insight,125229,CORINA LOPEZ,skipped,skipped,1,3
456900,Election Day - Insight,125230,CORINA LOPEZ,LEAH HALL,skipped,1,3
456900,Election Day - Insight,125231,CORINA LOPEZ,MIA OUSLEY,LEAH HALL,1,3
456900,Election Day - Insight,125233,CORINA LOPEZ,MIA OUSLEY,skipped,1,3
456900,Election Day - Insight,125234,MIA OUSLEY,CORINA LOPEZ,skipped,1,3
456900,Election Day - Insight,125235,CORINA LOPEZ,MIA OUSLEY,LEAH HALL,1,3
456900,Election Day - Insight,125236,CORINA LOPEZ,MIA OUSLEY,LEAH HALL,1,3
456900,Election Day - Insight,125237,LEAH HALL,MIA OUSLEY,CORINA LOPEZ,1,3
456900,Election Day - Insight,125238,LEAH HALL,skipped,skipped,1,3
456200,Election Day - Insight,127230,LEAH HALL,skipped,skipped,1,3
456200,Election Day - Insight,127231,LEAH HALL,skipped,skipped,1,3
456200,Election Day - Insight,127232,CORINA LOPEZ,MIA OUSLEY,LEAH HALL,1,3
456200,Election Day - Insight,127233,MIA OUSLEY,CORINA LOPEZ,LEAH HALL,1,3
456200,Election Day - Insight,127236,LEAH HALL,skipped,skipped,1,3
456200,Election Day - Insight,127237,LEAH HALL,skipped,skipped,1,3
456200,Election Day - Insight,127238,MIA OUSLEY,LEAH HALL,CORINA LOPEZ,1,3
456200,Election Day - Insight,127239,CORINA LOPEZ,LEAH HALL,MIA OUSLEY,1,3
456200,Election Day - Insight,127241,LEAH HALL,skipped,skipped,1,3
456200,Election Day - Insight,127242,LEAH HALL,skipped,skipped,1,3
456200,Election Day - Insight,127243,LEAH HALL,skipped,skipped,1,3
456200,Election Day - Insight,127244,LEAH HALL,skipped,skipped,1,3
456200,Election Day - Insight,127245,CORINA LOPEZ,MIA OUSLEY,LEAH HALL,1,3
456200,Election Day - Insight,127246,CORINA LOPEZ,MIA OUSLEY,LEAH HALL,1,3
456200,Election Day - Insight,127248,MIA OUSLEY,skipped,skipped,1,3
456200,Election Day - Insight,127250,CORINA LOPEZ,MIA OUSLEY,LEAH HALL,1,3
456200,Election Day - Insight,127251,CORINA LOPEZ,LEAH HALL,skipped,1,3
456200,Election Day - Insight,127252,CORINA LOPEZ,MIA OUSLEY,skipped,1,3
456200,Election Day - Insight,127253,MIA OUSLEY,LEAH HALL,CORINA LOPEZ,1,3
456200,Election Day - Insight,127254,MIA OUSLEY,LEAH HALL,CORINA LOPEZ,1,3
456200,Election Day - Insight,127255,CORINA LOPEZ,LEAH HALL,skipped,1,3
456200,Election Day - Insight,127256,CORINA LOPEZ,MIA OUSLEY,LEAH HALL,1,3
456200,Election Day - Insight,127257,CORINA LOPEZ,skipped,skipped,1,3
456200,Election Day - Insight,127258,CORINA LOPEZ,skipped,skipped,1,3
456200,Election Day - Insight,127259,CORINA LOPEZ,LEAH HALL,MIA OUSLEY,1,3
456200,Election Day - Insight,127260,CORINA LOPEZ,skipped,skipped,1,3
456200,Election Day - Insight,127261,CORINA LOPEZ,LEAH HALL,MIA OUSLEY,1,3
456200,Election Day - Insight,127262,CORINA LOPEZ,skipped,skipped,1,3
456200,Election Day - Insight,127263,CORINA LOPEZ,skipped,skipped,1,3
456200,Election Day - Insight,127264,CORINA LOPEZ,LEAH HALL,MIA OUSLEY,1,3
456200,Election Day - Insight,127271,LEAH HALL,MIA OUSLEY,CORINA LOPEZ,1,3
456200,Election Day - Insight,127272,LEAH HALL,MIA OUSLEY,CORINA LOPEZ,1,3
456200,Election Day - Insight,127273,LEAH HALL,MIA OUSLEY,skipped,1,3
456200,Election Day - Insight,127274,CORINA LOPEZ,skipped,skipped,1,3
456200,Election Day - Insight,127275,CORINA LOPEZ,skipped,skipped,1,3
456200,Election Day - Insight,127276,CORINA LOPEZ,LEAH HALL,MIA OUSLEY,1,3
456200,Election Day - Insight,127277,CORINA LOPEZ,MIA OUSLEY,LEAH HALL,1,3
456200,Election Day - Insight,127278,MIA OUSLEY,CORINA LOPEZ,LEAH HALL,1,3
456200,Election Day - Insight,127279,MIA OUSLEY,skipped,skipped,1,3
456200,Election Day - Insight,127280,LEAH HALL,MIA OUSLEY,CORINA LOPEZ,1,3
456200,Election Day - Insight,127281,LEAH HALL,CORINA LOPEZ,MIA OUSLEY,1,3
456200,Election Day - Insight,127282,MIA OUSLEY,CORINA LOPEZ,LEAH HALL,1,3
456200,Election Day - Insight,127283,LEAH HALL,MIA OUSLEY,skipped,1,3
456200,Election Day - Insight,127284,CORINA LOPEZ,LEAH HALL,skipped,1,3
456200,Election Day - Insight,127286,LEAH HALL,MIA OUSLEY,CORINA LOPEZ,1,3
456200,Election Day - Insight,127287,LEAH HALL,CORINA LOPEZ,MIA OUSLEY,1,3
456200,Election Day - Insight,127288,CORINA LOPEZ,skipped,skipped,1,3
456200,Election Day - Insight,127289,LEAH HALL,skipped,skipped,1,3
456200,Election Day - Insight,127290,MIA OUSLEY,CORINA LOPEZ,LEAH HALL,1,3
456200,Election Day - Insight,127291,LEAH HALL,skipped,skipped,1,3
456200,Election Day - Insight,127292,LEAH HALL,MIA OUSLEY,CORINA LOPEZ,1,3
456200,Election Day - Insight,127293,CORINA LOPEZ,LEAH HALL,MIA OUSLEY,1,3
456200,Election Day - Insight,127294,CORINA LOPEZ,skipped,skipped,1,3
456200,Election Day - Insight,127295,CORINA LOPEZ,skipped,skipped,1,3
456200,Election Day - Insight,127296,LEAH HALL,MIA OUSLEY,CORINA LOPEZ,1,3
456200,Election Day - Insight,127297,CORINA LOPEZ,skipped,skipped,1,3
456200,Election Day - Insight,127298,LEAH HALL,CORINA LOPEZ,MIA OUSLEY,1,3
456200,Election Day - Insight,127299,LEAH HALL,skipped,skipped,1,3
456200,Election Day - Insight,127300,LEAH HALL,CORINA LOPEZ,MIA OUSLEY,1,3
456200,Election Day - Insight,127301,CORINA LOPEZ,MIA OUSLEY,LEAH HALL,1,3
456200,Election Day - Insight,127302,LEAH HALL,CORINA LOPEZ,skipped,1,3
456200,Election Day - Insight,127304,LEAH HALL,CORINA LOPEZ,MIA OUSLEY,1,3
456200,Election Day - Insight,127305,MIA OUSLEY,CORINA LOPEZ,LEAH HALL,1,3
456200,Election Day - Insight,127306,CORINA LOPEZ,skipped,skipped,1,3
456200,Election Day - Insight,127307,MIA OUSLEY,LEAH HALL,CORINA LOPEZ,1,3
456200,Election Day - Insight,127308,CORINA LOPEZ,MIA OUSLEY,LEAH HALL,1,3
456200,Election Day - Insight,127309,CORINA LOPEZ,MIA OUSLEY,LEAH HALL,1,3
456200,Election Day - Insight,127312,CORINA LOPEZ,skipped,skipped,1,3
456200,Election Day - Insight,127313,CORINA LOPEZ,LEAH HALL,skipped,1,3
456200,Election Day - Insight,127314,MIA OUSLEY,CORINA LOPEZ,LEAH HALL,1,3
456200,Election Day - Insight,127315,CORINA LOPEZ,skipped,skipped,1,3
456200,Election Day - Insight,127316,MIA OUSLEY,skipped,skipped,1,3
456200,Election Day - Insight,127317,LEAH HALL,MIA OUSLEY,skipped,1,3
456200,Election Day - Insight,127318,LEAH HALL,MIA OUSLEY,CORINA LOPEZ,1,3
456200,Election Day - Insight,127319,MIA OUSLEY,skipped,skipped,1,3
456200,Election Day - Insight,127320,CORINA LOPEZ,LEAH HALL,MIA OUSLEY,1,3
456200,Election Day - Insight,127322,CORINA LOPEZ,LEAH HALL,MIA OUSLEY,1,3
456200,Election Day - Insight,127323,CORINA LOPEZ,LEAH HALL,MIA OUSLEY,1,3
456200,Election Day - Insight,127324,CORINA LOPEZ,MIA OUSLEY,LEAH HALL,1,3
456200,Election Day - Insight,127325,CORINA LOPEZ,LEAH HALL,MIA OUSLEY,1,3
456200,Election Day - Insight,127326,CORINA LOPEZ,skipped,skipped,1,3
456200,Election Day - Insight,127327,CORINA LOPEZ,skipped,skipped,1,3
456200,Election Day - Insight,127328,CORINA LOPEZ,MIA OUSLEY,LEAH HALL,1,3
456200,Election Day - Insight,127329,CORINA LOPEZ,MIA OUSLEY,LEAH HALL,1,3
456200,Election Day - Insight,127330,MIA OUSLEY,LEAH HALL,CORINA LOPEZ,1,3
456200,Election Day - Insight,127331,LEAH HALL,MIA OUSLEY,CORINA LOPEZ,1,3
456200,Election Day - Insight,127332,MIA OUSLEY,LEAH HALL,CORINA LOPEZ,1,3
456200,Election Day - Insight,127333,LEAH HALL,MIA OUSLEY,CORINA LOPEZ,1,3
456200,Election Day - Insight,127334,MIA OUSLEY,LEAH HALL,CORINA LOPEZ,1,3
456200,Election Day - Insight,127335,CORINA LOPEZ,skipped,skipped,1,3
456200,Election Day - Insight,127336,CORINA LOPEZ,skipped,skipped,1,3
456200,Election Day - Insight,127337,CORINA LOPEZ,skipped,skipped,1,3
456200,Election Day - Insight,127338,LEAH HALL,MIA OUSLEY,CORINA LOPEZ,1,3
458200,Vote by Mail - 400C,130809,LEAH HALL,CORINA LOPEZ,MIA OUSLEY,1,3
458200,Vote by Mail - 400C,130810,CORINA LOPEZ,MIA OUSLEY,LEAH HALL,1,3
458200,Vote by Mail - 400C,130811,LEAH HALL,skipped,skipped,1,3
458200,Vote by Mail - 400C,130812,CORINA LOPEZ,skipped,skipped,1,3
458200,Vote by Mail - 400C,130813,CORINA LOPEZ,MIA OUSLEY,LEAH HALL,1,3
458200,Vote by Mail - 400C,130814,CORINA LOPEZ,LEAH HALL,MIA OUSLEY,1,3
458200,Vote by Mail - 400C,130815,MIA OUSLEY,LEAH HALL,skipped,1,3
458200,Vote by Mail - 400C,130816,CORINA LOPEZ,skipped,skipped,1,3
458200,Vote by Mail - 400C,130817,LEAH HALL,MIA OUSLEY,skipped,1,3
458200,Vote by Mail - 400C,130818,CORINA LOPEZ,skipped,skipped,1,3
458200,Vote by Mail - 400C,130819,MIA OUSLEY,LEAH HALL,CORINA LOPEZ,1,3
458200,Vote by Mail - 400C,130820,CORINA LOPEZ,MIA OUSLEY,LEAH HALL,1,3
458200,Vote by Mail - 400C,130821,MIA OUSLEY,CORINA LOPEZ,skipped,1,3
458200,Vote by Mail - 400C,130822,CORINA LOPEZ,MIA OUSLEY,LEAH HALL,1,3
458200,Vote by Mail - 400C,130823,LEAH HALL,MIA OUSLEY,CORINA LOPEZ,1,3
458200,Vote by Mail - 400C,130824,LEAH HALL,MIA OUSLEY,CORINA LOPEZ,1,3
458200,Vote by Mail - 400C,130825,CORINA LOPEZ,skipped,skipped,1,3
458200,Vote by Mail - 400C,130826,CORINA LOPEZ,MIA OUSLEY,LEAH HALL,1,3
458200,Vote by Mail - 400C,130827,CORINA LOPEZ,LEAH HALL,MIA OUSLEY,1,3
458200,Vote by Mail - 400C,130828,LEAH HALL,CORINA LOPEZ,MIA OUSLEY,1,3
458200,Vote by Mail - 400C,130829,LEAH HALL,MIA OUSLEY,CORINA LOPEZ,1,3
458200,Vote by Mail - 400C,130831,CORINA LOPEZ,LEAH HALL,MIA OUSLEY,1,3
458200,Vote by Mail - 400C,130832,CORINA LOPEZ,skipped,skipped,1,3
458200,Vote by Mail - 400C,130833,CORINA LOPEZ,MIA OUSLEY,LEAH HALL,1,3
458200,Vote by Mail - 400C,130834,MIA OUSLEY,CORINA LOPEZ,LEAH HALL,1,3
458200,Vote by Mail - 400C,130835,LEAH HALL,CORINA LOPEZ,MIA OUSLEY,1,3
458200,Vote by Mail - 400C,130836,MIA OUSLEY,CORINA LOPEZ,LEAH HALL,1,3
458200,Vote by Mail - 400C,130837,CORINA LOPEZ,MIA OUSLEY,LEAH HALL,1,3
458200,Vote by Mail - 400C,130838,LEAH HALL,MIA OUSLEY,CORINA LOPEZ,1,3
458200,Vote by Mail - 400C,130839,CORINA LOPEZ,MIA OUSLEY,LEAH HALL,1,3
458200,Vote by Mail - 400C,130840,CORINA LOPEZ,MIA OUSLEY,LEAH HALL,1,3
458200,Vote by Mail - 400C,130841,CORINA LOPEZ,MIA OUSLEY,LEAH HALL,1,3
458200,Vote by Mail - 400C,130842,CORINA LOPEZ,MIA OUSLEY,LEAH HALL,1,3
458200,Vote by Mail - 400C,130843,LEAH HALL,MIA OUSLEY,CORINA LOPEZ,1,3
458200,Vote by Mail - 400C,130844,MIA OUSLEY,skipped,skipped,1,3
458200,Vote by Mail - 400C,130845,CORINA LOPEZ,LEAH HALL,MIA OUSLEY,1,3
458200,Vote by Mail - 400C,130846,CORINA LOPEZ,LEAH HALL,MIA OUSLEY,1,3
458200,Vote by Mail - 400C,130847,MIA OUSLEY,CORINA LOPEZ,LEAH HALL,1,3
458200,Vote by Mail - 400C,130848,CORINA LOPEZ,LEAH HALL,MIA OUSLEY,1,3
458200,Vote by Mail - 400C,130849,LEAH HALL,skipped,skipped,1,3
458200,Vote by Mail - 400C,130851,LEAH HALL,MIA OUSLEY,CORINA LOPEZ,1,3
458200,Vote by Mail - 400C,130852,CORINA LOPEZ,LEAH HALL,MIA OUSLEY,1,3
458200,Vote by Mail - 400C,130853,LEAH HALL,skipped,skipped,1,3
458200,Vote by Mail - 400C,130854,CORINA LOPEZ,skipped,skipped,1,3
458200,Vote by Mail - 400C,130855,CORINA LOPEZ,MIA OUSLEY,LEAH HALL,1,3
458200,Vote by Mail - 400C,130856,MIA OUSLEY,CORINA LOPEZ,skipped,1,3
458200,Vote by Mail - 400C,130857,LEAH HALL,skipped,skipped,1,3
458800,Vote by Mail - 400C,130858,CORINA LOPEZ,LEAH HALL,MIA OUSLEY,1,3
458800,Vote by Mail - 400C,130859,CORINA LOPEZ,LEAH HALL,MIA OUSLEY,1,3
458800,Vote by Mail - 400C,130860,CORINA LOPEZ,skipped,skipped,1,3
458800,Vote by Mail - 400C,130861,CORINA LOPEZ,LEAH HALL,MIA OUSLEY,1,3
458800,Vote by Mail - 400C,130862,MIA OUSLEY,CORINA LOPEZ,LEAH HALL,1,3
458800,Vote by Mail - 400C,130863,CORINA LOPEZ,LEAH HALL,MIA OUSLEY,1,3
458800,Vote by Mail - 400C,130864,MIA OUSLEY,LEAH HALL,skipped,1,3
458800,Vote by Mail - 400C,130865,CORINA LOPEZ,MIA OUSLEY,LEAH HALL,1,3
458800,Vote by Mail - 400C,130866,CORINA LOPEZ,skipped,skipped,1,3
458800,Vote by Mail - 400C,130868,LEAH HALL,CORINA LOPEZ,MIA OUSLEY,1,3
458800,Vote by Mail - 400C,130869,CORINA LOPEZ,skipped,skipped,1,3
458800,Vote by Mail - 400C,130870,MIA OUSLEY,CORINA LOPEZ,LEAH HALL,1,3
458800,Vote by Mail - 400C,130871,CORINA LOPEZ,skipped,skipped,1,3
458800,Vote by Mail - 400C,130872,CORINA LOPEZ,MIA OUSLEY,LEAH HALL,1,3
458800,Vote by Mail - 400C,130873,CORINA LOPEZ,skipped,skipped,1,3
458800,Vote by Mail - 400C,130874,CORINA LOPEZ,skipped,skipped,1,3
458800,Vote by Mail - 400C,130875,MIA OUSLEY,CORINA LOPEZ,LEAH HALL,1,3
458800,Vote by Mail - 400C,130876,CORINA LOPEZ,MIA OUSLEY,LEAH HALL,1,3
458800,Vote by Mail - 400C,130877,CORINA LOPEZ,skipped,skipped,1,3
458800,Vote by Mail - 400C,130878,CORINA LOPEZ,LEAH HALL,MIA OUSLEY,1,3
458800,Vote by Mail - 400C,130879,CORINA LOPEZ,LEAH HALL,MIA OUSLEY,1,3
458800,Vote by Mail - 400C,130880,CORINA LOPEZ,skipped,skipped,1,3
458800,Vote by Mail - 400C,130882,CORINA LOPEZ,MIA OUSLEY,LEAH HALL,1,3
458800,Vote by Mail - 400C,130883,CORINA LOPEZ,skipped,skipped,1,3
458800,Vote by Mail - 400C,130884,CORINA LOPEZ,skipped,skipped,1,3
458800,Vote by Mail - 400C,130885,CORINA LOPEZ,skipped,skipped,1,3
458800,Vote by Mail - 400C,130886,CORINA LOPEZ,MIA OUSLEY,LEAH HALL,1,3
458800,Vote by Mail - 400C,130887,CORINA LOPEZ,LEAH HALL,MIA OUSLEY,1,3
458800,Vote by Mail - 400C,130888,CORINA LOPEZ,LEAH HALL,MIA OUSLEY,1,3
458800,Vote by Mail - 400C,130890,MIA OUSLEY,LEAH HALL,CORINA LOPEZ,1,3
455900,Vote by Mail - 400C,135081,CORINA LOPEZ,MIA OUSLEY,LEAH HALL,1,3
455900,Vote by Mail - 400C,135082,CORINA LOPEZ,skipped,skipped,1,3
455900,Vote by Mail - 400C,135084,LEAH HALL,CORINA LOPEZ,skipped,1,3
455900,Vote by Mail - 400C,135086,CORINA LOPEZ,MIA OUSLEY,LEAH HALL,1,3
455900,Vote by Mail - 400C,135087,MIA OUSLEY,CORINA LOPEZ,skipped,1,3
455900,Vote by Mail - 400C,135088,MIA OUSLEY,CORINA LOPEZ,LEAH HALL,1,3
455900,Vote by Mail - 400C,135089,CORINA LOPEZ,LEAH HALL,skipped,1,3
455900,Vote by Mail - 400C,135090,CORINA LOPEZ,skipped,skipped,1,3
455900,Vote by Mail - 400C,135091,CORINA LOPEZ,LEAH HALL,MIA OUSLEY,1,3
455900,Vote by Mail - 400C,135092,CORINA LOPEZ,MIA OUSLEY,LEAH HALL,1,3
455900,Vote by Mail - 400C,135093,MIA OUSLEY,LEAH HALL,CORINA LOPEZ,1,3
455900,Vote by Mail - 400C,135094,CORINA LOPEZ,MIA OUSLEY,LEAH HALL,1,3
455900,Vote by Mail - 400C,135095,CORINA LOPEZ,LEAH HALL,skipped,1,3
455900,Vote by Mail - 400C,135096,CORINA LOPEZ,LEAH HALL,MIA OUSLEY,1,3
455900,Vote by Mail - 400C,135097,LEAH HALL,skipped,skipped,1,3
455900,Vote by Mail - 400C,135098,MIA OUSLEY,CORINA LOPEZ,LEAH HALL,1,3
455900,Vote by Mail - 400C,135099,CORINA LOPEZ,MIA OUSLEY,LEAH HALL,1,3
455900,Vote by Mail - 400C,135100,CORINA LOPEZ,skipped,skipped,1,3
455900,Vote by Mail - 400C,135101,CORINA LOPEZ,skipped,skipped,1,3
455900,Vote by Mail - 400C,135102,CORINA LOPEZ,skipped,skipped,1,3
455900,Vote by Mail - 400C,135103,CORINA LOPEZ,LEAH HALL,MIA OUSLEY,1,3
455900,Vote by Mail - 400C,135104,LEAH HALL,MIA OUSLEY,CORINA LOPEZ,1,3
455900,Vote by Mail - 400C,135105,LEAH HALL,skipped,skipped,1,3
455900,Vote by Mail - 400C,135106,CORINA LOPEZ,MIA OUSLEY,LEAH HALL,1,3
455900,Vote by Mail - 400C,135107,CORINA LOPEZ,MIA OUSLEY,LEAH HALL,1,3
455900,Vote by Mail - 400C,135108,LEAH HALL,MIA OUSLEY,CORINA LOPEZ,1,3
455900,Vote by Mail - 400C,135109,CORINA LOPEZ,MIA OUSLEY,LEAH HALL,1,3
455900,Vote by Mail - 400C,135110,LEAH HALL,skipped,skipped,1,3
455900,Vote by Mail - 400C,135111,LEAH HALL,skipped,skipped,1,3
455900,Vote by Mail - 400C,135112,CORINA LOPEZ,MIA OUSLEY,LEAH HALL,1,3
455900,Vote by Mail - 400C,135113,CORINA LOPEZ,MIA OUSLEY,LEAH HALL,1,3
455900,Vote by Mail - 400C,135114,LEAH HALL,MIA OUSLEY,CORINA LOPEZ,1,3
455900,Vote by Mail - 400C,135115,CORINA LOPEZ,MIA OUSLEY,LEAH HALL,1,3
455900,Vote by Mail - 400C,135116,CORINA LOPEZ,MIA OUSLEY,LEAH HALL,1,3
455900,Vote by Mail - 400C,135117,CORINA LOPEZ,skipped,skipped,1,3
455900,Vote by Mail - 400C,135118,LEAH HALL,MIA OUSLEY,CORINA LOPEZ,1,3
455900,Vote by Mail - 400C,135119,LEAH HALL,MIA OUSLEY,CORINA LOPEZ,1,3
455900,Vote by Mail - 400C,135120,CORINA LOPEZ,MIA OUSLEY,LEAH HALL,1,3
455900,Vote by Mail - 400C,135121,CORINA LOPEZ,LEAH HALL,MIA OUSLEY,1,3
455900,Vote by Mail - 400C,135122,CORINA LOPEZ,LEAH HALL,skipped,1,3
455900,Vote by Mail - 400C,135123,LEAH HALL,CORINA LOPEZ,MIA OUSLEY,1,3
455900,Vote by Mail - 400C,135124,CORINA LOPEZ,MIA OUSLEY,LEAH HALL,1,3
455900,Vote by Mail - 400C,135125,LEAH HALL,MIA OUSLEY,CORINA LOPEZ,1,3
455900,Vote by Mail - 400C,135126,MIA OUSLEY,CORINA LOPEZ,LEAH HALL,1,3
455900,Vote by Mail - 400C,135127,MIA OUSLEY,CORINA LOPEZ,LEAH HALL,1,3
455900,Vote by Mail - 400C,135128,CORINA LOPEZ,LEAH HALL,MIA OUSLEY,1,3
455900,Vote by Mail - 400C,135130,LEAH HALL,MIA OUSLEY,CORINA LOPEZ,1,3
455900,Vote by Mail - 400C,135131,LEAH HALL,MIA OUSLEY,CORINA LOPEZ,1,3
455900,Vote by Mail - 400C,135132,CORINA LOPEZ,MIA OUSLEY,LEAH HALL,1,3
455900,Vote by Mail - 400C,135133,CORINA LOPEZ,skipped,skipped,1,3
455900,Vote by Mail - 400C,135134,MIA OUSLEY,CORINA LOPEZ,LEAH HALL,1,3
455900,Vote by Mail - 400C,135135,LEAH HALL,CORINA LOPEZ,MIA OUSLEY,1,3
455900,Vote by Mail - 400C,135136,MIA OUSLEY,CORINA LOPEZ,LEAH HALL,1,3
455900,Vote by Mail - 400C,135137,CORINA LOPEZ,MIA OUSLEY,LEAH HALL,1,3
455900,Vote by Mail - 400C,135138,CORINA LOPEZ,skipped,skipped,1,3
455900,Vote by Mail - 400C,135139,CORINA LOPEZ,MIA OUSLEY,LEAH HALL,1,3
455900,Vote by Mail - 400C,135140,CORINA LOPEZ,MIA OUSLEY,LEAH HALL,1,3
455900,Vote by Mail - 400C,135141,MIA OUSLEY,skipped,skipped,1,3
455900,Vote by Mail - 400C,135143,CORINA LOPEZ,MIA OUSLEY,LEAH HALL,1,3
455900,Vote by Mail - 400C,135144,MIA OUSLEY,CORINA LOPEZ,LEAH HALL,1,3
455900,Vote by Mail - 400C,135145,MIA OUSLEY,CORINA LOPEZ,LEAH HALL,1,3
455900,Vote by Mail - 400C,135146,MIA OUSLEY,CORINA LOPEZ,LEAH HALL,1,3
455900,Vote by Mail - 400C,135147,LEAH HALL,skipped,skipped,1,3
455900,Vote by Mail - 400C,135148,CORINA LOPEZ,skipped,skipped,1,3
455900,Vote by Mail - 400C,135149,CORINA LOPEZ,MIA OUSLEY,LEAH HALL,1,3
455900,Vote by Mail - 400C,135150,MIA OUSLEY,CORINA LOPEZ,LEAH HALL,1,3
455900,Vote by Mail - 400C,135151,CORINA LOPEZ,MIA OUSLEY,LEAH HALL,1,3
455900,Vote by Mail - 400C,135152,LEAH HALL,CORINA LOPEZ,MIA OUSLEY,1,3
455900,Vote by Mail - 400C,135153,LEAH HALL,CORINA LOPEZ,MIA OUSLEY,1,3
455900,Vote by Mail - 400C,135154,CORINA LOPEZ,MIA OUSLEY,LEAH HALL,1,3
455900,Vote by Mail - 400C,135155,LEAH HALL,CORINA LOPEZ,MIA OUSLEY,1,3
455900,Vote by Mail - 400C,135156,LEAH HALL,skipped,skipped,1,3
455900,Vote by Mail - 400C,135157,CORINA LOPEZ,skipped,skipped,1,3
455900,Vote by Mail - 400C,135159,CORINA LOPEZ,skipped,skipped,1,3
455900,Vote by Mail - 400C,135160,CORINA LOPEZ,skipped,skipped,1,3
455900,Vote by Mail - 400C,135161,LEAH HALL,skipped,skipped,1,3
455900,Vote by Mail - 400C,135162,MIA OUSLEY,CORINA LOPEZ,LEAH HALL,1,3
455900,Vote by Mail - 400C,135163,LEAH HALL,skipped,skipped,1,3
455900,Vote by Mail - 400C,135164,LEAH HALL,skipped,skipped,1,3
455900,Vote by Mail - 400C,135165,CORINA LOPEZ,LEAH HALL,skipped,1,3
455900,Vote by Mail - 400C,135166,CORINA LOPEZ,MIA OUSLEY,LEAH HALL,1,3
455900,Vote by Mail - 400C,135167,MIA OUSLEY,CORINA LOPEZ,LEAH HALL,1,3
455900,Vote by Mail - 400C,135168,CORINA LOPEZ,LEAH HALL,MIA OUSLEY,1,3
455900,Vote by Mail - 400C,135169,CORINA LOPEZ,LEAH HALL,MIA OUSLEY,1,3
455900,Vote by Mail - 400C,135171,CORINA LOPEZ,skipped,skipped,1,3
455900,Vote by Mail - 400C,135172,CORINA LOPEZ,skipped,skipped,1,3
455900,Vote by Mail - 400C,135173,CORINA LOPEZ,skipped,skipped,1,3
455900,Vote by Mail - 400C,135174,LEAH HALL,MIA OUSLEY,CORINA LOPEZ,1,3
455900,Vote by Mail - 400C,135175,CORINA LOPEZ,MIA OUSLEY,LEAH HALL,1,3
455900,Vote by Mail - 400C,135176,MIA OUSLEY,CORINA LOPEZ,LEAH HALL,1,3
456600,Vote by Mail - 400C,135177,CORINA LOPEZ,skipped,skipped,1,3
456600,Vote by Mail - 400C,135178,CORINA LOPEZ,skipped,skipped,1,3
456600,Vote by Mail - 400C,135179,CORINA LOPEZ,LEAH HALL,MIA OUSLEY,1,3
456600,Vote by Mail - 400C,135180,MIA OUSLEY,CORINA LOPEZ,LEAH HALL,1,3
456600,Vote by Mail - 400C,135181,LEAH HALL,skipped,skipped,1,3
456600,Vote by Mail - 400C,135182,MIA OUSLEY,CORINA LOPEZ,LEAH HALL,1,3
456600,Vote by Mail - 400C,135183,LEAH HALL,CORINA LOPEZ,MIA OUSLEY,1,3
456600,Vote by Mail - 400C,135184,MIA OUSLEY,LEAH HALL,CORINA LOPEZ,1,3
456600,Vote by Mail - 400C,135185,LEAH HALL,MIA OUSLEY,CORINA LOPEZ,1,3
456600,Vote by Mail - 400C,135186,LEAH HALL,MIA OUSLEY,CORINA LOPEZ,1,3
456600,Vote by Mail - 400C,135187,CORINA LOPEZ,MIA OUSLEY,skipped,1,3
456600,Vote by Mail - 400C,135188,MIA OUSLEY,CORINA LOPEZ,LEAH HALL,1,3
456600,Vote by Mail - 400C,135189,LEAH HALL,CORINA LOPEZ,skipped,1,3
456600,Vote by Mail - 400C,135190,LEAH HALL,skipped,skipped,1,3
456600,Vote by Mail - 400C,135191,LEAH HALL,MIA OUSLEY,CORINA LOPEZ,1,3
456600,Vote by Mail - 400C,135192,CORINA LOPEZ,skipped,skipped,1,3
456600,Vote by Mail - 400C,135193,CORINA LOPEZ,MIA OUSLEY,LEAH HALL,1,3
456600,Vote by Mail - 400C,135194,CORINA LOPEZ,MIA OUSLEY,LEAH HALL,1,3
456600,Vote by Mail - 400C,135195,CORINA LOPEZ,MIA OUSLEY,LEAH HALL,1,3
456600,Vote by Mail - 400C,135196,CORINA LOPEZ,LEAH HALL,MIA OUSLEY,1,3
456600,Vote by Mail - 400C,135197,CORINA LOPEZ,MIA OUSLEY,LEAH HALL,1,3
456600,Vote by Mail - 400C,135198,MIA OUSLEY,CORINA LOPEZ,skipped,1,3
456600,Vote by Mail - 400C,135199,CORINA LOPEZ,skipped,skipped,1,3
456600,Vote by Mail - 400C,135200,CORINA LOPEZ,LEAH HALL,MIA OUSLEY,1,3
456600,Vote by Mail - 400C,135201,LEAH HALL,MIA OUSLEY,CORINA LOPEZ,1,3
456600,Vote by Mail - 400C,135202,MIA OUSLEY,LEAH HALL,CORINA LOPEZ,1,3
456600,Vote by Mail - 400C,135203,LEAH HALL,skipped,skipped,1,3
456600,Vote by Mail - 400C,135204,CORINA LOPEZ,MIA OUSLEY,LEAH HALL,1,3
456600,Vote by Mail - 400C,135205,CORINA LOPEZ,LEAH HALL,MIA OUSLEY,1,3
456600,Vote by Mail - 400C,135206,CORINA LOPEZ,skipped,skipped,1,3
456600,Vote by Mail - 400C,135207,CORINA LOPEZ,skipped,skipped,1,3
456600,Vote by Mail - 400C,135208,CORINA LOPEZ,skipped,skipped,1,3
456600,Vote by Mail - 400C,135209,MIA OUSLEY,CORINA LOPEZ,LEAH HALL,1,3
456600,Vote by Mail - 400C,135210,CORINA LOPEZ,MIA OUSLEY,LEAH HALL,1,3
456600,Vote by Mail - 400C,135211,CORINA LOPEZ,skipped,skipped,1,3
456600,Vote by Mail - 400C,135212,CORINA LOPEZ,MIA OUSLEY,LEAH HALL,1,3
456600,Vote by Mail - 400C,135213,MIA OUSLEY,skipped,skipped,1,3
456600,Vote by Mail - 400C,135214,MIA OUSLEY,CORINA LOPEZ,LEAH HALL,1,3
456600,Vote by Mail - 400C,135215,MIA OUSLEY,CORINA LOPEZ,skipped,1,3
456600,Vote by Mail - 400C,135216,MIA OUSLEY,CORINA LOPEZ,skipped,1,3
456600,Vote by Mail - 400C,135217,MIA OUSLEY,skipped,skipped,1,3
456600,Vote by Mail - 400C,135218,LEAH HALL,MIA OUSLEY,CORINA LOPEZ,1,3
456600,Vote by Mail - 400C,135219,CORINA LOPEZ,LEAH HALL,MIA OUSLEY,1,3
456600,Vote by Mail - 400C,135220,MIA OUSLEY,skipped,skipped,1,3
456600,Vote by Mail - 400C,135221,LEAH HALL,MIA OUSLEY,CORINA LOPEZ,1,3
456600,Vote by Mail - 400C,135222,CORINA LOPEZ,MIA OUSLEY,LEAH HALL,1,3
456600,Vote by Mail - 400C,135223,MIA OUSLEY,skipped,skipped,1,3
456600,Vote by Mail - 400C,135225,MIA OUSLEY,skipped,skipped,1,3
456600,Vote by Mail - 400C,135227,LEAH HALL,MIA OUSLEY,CORINA LOPEZ,1,3
456600,Vote by Mail - 400C,135229,MIA OUSLEY,LEAH HALL,CORINA LOPEZ,1,3
456600,Vote by Mail - 400C,135230,MIA OUSLEY,CORINA LOPEZ,skipped,1,3
456600,Vote by Mail - 400C,135231,LEAH HALL,MIA OUSLEY,skipped,1,3
456600,Vote by Mail - 400C,135232,CORINA LOPEZ,skipped,skipped,1,3
456600,Vote by Mail - 400C,135233,MIA OUSLEY,CORINA LOPEZ,LEAH HALL,1,3
456600,Vote by Mail - 400C,135234,LEAH HALL,MIA OUSLEY,CORINA LOPEZ,1,3
456600,Vote by Mail - 400C,135235,LEAH HALL,skipped,skipped,1,3
456600,Vote by Mail - 400C,135237,CORINA LOPEZ,skipped,skipped,1,3
456600,Vote by Mail - 400C,135239,CORINA LOPEZ,LEAH HALL,MIA OUSLEY,1,3
456600,Vote by Mail - 400C,135240,CORINA LOPEZ,MIA OUSLEY,LEAH HALL,1,3
456600,Vote by Mail - 400C,135241,MIA OUSLEY,CORINA LOPEZ,skipped,1,3
456600,Vote by Mail - 400C,135242,CORINA LOPEZ,skipped,skipped,1,3
456600,Vote by Mail - 400C,135243,CORINA LOPEZ,MIA OUSLEY,LEAH HALL,1,3
456600,Vote by Mail - 400C,135244,MIA OUSLEY,LEAH HALL,CORINA LOPEZ,1,3
456600,Vote by Mail - 400C,135245,CORINA LOPEZ,MIA OUSLEY,LEAH HALL,1,3
456600,Vote by Mail - 400C,135247,LEAH HALL,CORINA LOPEZ,MIA OUSLEY,1,3
456600,Vote by Mail - 400C,135248,CORINA LOPEZ,MIA OUSLEY,LEAH HALL,1,3
456600,Vote by Mail - 400C,135250,CORINA LOPEZ,MIA OUSLEY,LEAH HALL,1,3
456600,Vote by Mail - 400C,135251,CORINA LOPEZ,MIA OUSLEY,LEAH HALL,1,3
456600,Vote by Mail - 400C,135252,MIA OUSLEY,skipped,skipped,1,3
456600,Vote by Mail - 400C,135253,CORINA LOPEZ,MIA OUSLEY,LEAH HALL,1,3
456600,Vote by Mail - 400C,135254,CORINA LOPEZ,MIA OUSLEY,LEAH HALL,1,3
456600,Vote by Mail - 400C,135255,MIA OUSLEY,skipped,skipped,1,3
456600,Vote by Mail - 400C,135256,CORINA LOPEZ,MIA OUSLEY,LEAH HALL,1,3
456600,Vote by Mail - 400C,135257,CORINA LOPEZ,MIA OUSLEY,LEAH HALL,1,3
456600,Vote by Mail - 400C,135258,CORINA LOPEZ,MIA OUSLEY,LEAH HALL,1,3
456600,Vote by Mail - 400C,135259,LEAH HALL,CORINA LOPEZ,MIA OUSLEY,1,3
450610,Vote by Mail - 400C,137511,MIA OUSLEY,CORINA LOPEZ,LEAH HALL,1,3
450610,Vote by Mail - 400C,137513,CORINA LOPEZ,LEAH HALL,MIA OUSLEY,1,3
450610,Vote by Mail - 400C,137514,CORINA LOPEZ,MIA OUSLEY,LEAH HALL,1,3
450610,Vote by Mail - 400C,137515,CORINA LOPEZ,skipped,skipped,1,3
450610,Vote by Mail - 400C,137516,CORINA LOPEZ,skipped,skipped,1,3
450610,Vote by Mail - 400C,137517,LEAH HALL,MIA OUSLEY,CORINA LOPEZ,1,3
450610,Vote by Mail - 400C,137518,CORINA LOPEZ,MIA OUSLEY,LEAH HALL,1,3
450610,Vote by Mail - 400C,137519,CORINA LOPEZ,LEAH HALL,MIA OUSLEY,1,3
450610,Vote by Mail - 400C,137520,CORINA LOPEZ,LEAH HALL,skipped,1,3
450610,Vote by Mail - 400C,137521,MIA OUSLEY,skipped,skipped,1,3
450610,Vote by Mail - 400C,137522,CORINA LOPEZ,skipped,skipped,1,3
450610,Vote by Mail - 400C,137523,MIA OUSLEY,CORINA LOPEZ,LEAH HALL,1,3
450610,Vote by Mail - 400C,137524,LEAH HALL,skipped,skipped,1,3
450610,Vote by Mail - 400C,137525,CORINA LOPEZ,LEAH HALL,MIA OUSLEY,1,3
450610,Vote by Mail - 400C,137526,CORINA LOPEZ,skipped,skipped,1,3
450610,Vote by Mail - 400C,137527,CORINA LOPEZ,skipped,skipped,1,3
450610,Vote by Mail - 400C,137528,CORINA LOPEZ,skipped,skipped,1,3
450610,Vote by Mail - 400C,137529,MIA OUSLEY,LEAH HALL,skipped,1,3
450610,Vote by Mail - 400C,137530,CORINA LOPEZ,LEAH HALL,MIA OUSLEY,1,3
450610,Vote by Mail - 400C,137531,CORINA LOPEZ,skipped,skipped,1,3
450610,Vote by Mail - 400C,137532,CORINA LOPEZ,LEAH HALL,MIA OUSLEY,1,3
450610,Vote by Mail - 400C,137533,CORINA LOPEZ,skipped,skipped,1,3
450610,Vote by Mail - 400C,137534,CORINA LOPEZ,LEAH HALL,MIA OUSLEY,1,3
450610,Vote by Mail - 400C,137535,CORINA LOPEZ,MIA OUSLEY,LEAH HALL,1,3
450610,Vote by Mail - 400C,137536,MIA OUSLEY,skipped,skipped,1,3
450610,Vote by Mail - 400C,137537,CORINA LOPEZ,LEAH HALL,MIA OUSLEY,1,3
450610,Vote by Mail - 400C,137538,CORINA LOPEZ,skipped,skipped,1,3
450610,Vote by Mail - 400C,137539,CORINA LOPEZ,MIA OUSLEY,LEAH HALL,1,3
450610,Vote by Mail - 400C,137540,CORINA LOPEZ,skipped,skipped,1,3
450610,Vote by Mail - 400C,137541,CORINA LOPEZ,LEAH HALL,MIA OUSLEY,1,3
450610,Vote by Mail - 400C,137542,LEAH HALL,MIA OUSLEY,CORINA LOPEZ,1,3
450610,Vote by Mail - 400C,137543,CORINA LOPEZ,skipped,skipped,1,3
450610,Vote by Mail - 400C,137544,MIA OUSLEY,CORINA LOPEZ,skipped,1,3
450610,Vote by Mail - 400C,137545,CORINA LOPEZ,skipped,skipped,1,3
450610,Vote by Mail - 400C,137546,LEAH HALL,CORINA LOPEZ,MIA OUSLEY,1,3
450610,Vote by Mail - 400C,137547,CORINA LOPEZ,skipped,skipped,1,3
450610,Vote by Mail - 400C,137548,CORINA LOPEZ,skipped,skipped,1,3
450610,Vote by Mail - 400C,137549,CORINA LOPEZ,LEAH HALL,MIA OUSLEY,1,3
450610,Vote by Mail - 400C,137550,CORINA LOPEZ,skipped,skipped,1,3
450610,Vote by Mail - 400C,137551,CORINA LOPEZ,skipped,skipped,1,3
450610,Vote by Mail - 400C,137552,CORINA LOPEZ,skipped,skipped,1,3
450610,Vote by Mail - 400C,137553,MIA OUSLEY,CORINA LOPEZ,LEAH HALL,1,3
450610,Vote by Mail - 400C,137554,MIA OUSLEY,CORINA LOPEZ,LEAH HALL,1,3
450610,Vote by Mail - 400C,137555,LEAH HALL,MIA OUSLEY,CORINA LOPEZ,1,3
450610,Vote by Mail - 400C,137556,LEAH HALL,skipped,skipped,1,3
450610,Vote by Mail - 400C,137557,LEAH HALL,MIA OUSLEY,CORINA LOPEZ,1,3
450610,Vote by Mail - 400C,137558,CORINA LOPEZ,skipped,skipped,1,3
450610,Vote by Mail - 400C,137559,CORINA LOPEZ,MIA OUSLEY,LEAH HALL,1,3
450610,Vote by Mail - 400C,137560,CORINA LOPEZ,MIA OUSLEY,LEAH HALL,1,3
450610,Vote by Mail - 400C,137561,CORINA LOPEZ,skipped,skipped,1,3
450610,Vote by Mail - 400C,137562,CORINA LOPEZ,MIA OUSLEY,LEAH HALL,1,3
450610,Vote by Mail - 400C,137563,CORINA LOPEZ,MIA OUSLEY,LEAH HALL,1,3
450610,Vote by Mail - 400C,137564,LEAH HALL,MIA OUSLEY,skipped,1,3
450610,Vote by Mail - 400C,137566,LEAH HALL,MIA OUSLEY,CORINA LOPEZ,1,3
450610,Vote by Mail - 400C,137567,CORINA LOPEZ,skipped,skipped,1,3
450610,Vote by Mail - 400C,137569,CORINA LOPEZ,MIA OUSLEY,LEAH HALL,1,3
450610,Vote by Mail - 400C,137570,CORINA LOPEZ,skipped,skipped,1,3
450610,Vote by Mail - 400C,137571,CORINA LOPEZ,LEAH HALL,MIA OUSLEY,1,3
450610,Vote by Mail - 400C,137572,CORINA LOPEZ,LEAH HALL,MIA OUSLEY,1,3
450610,Vote by Mail - 400C,137573,CORINA LOPEZ,skipped,skipped,1,3
450610,Vote by Mail - 400C,137574,CORINA LOPEZ,skipped,skipped,1,3
450610,Vote by Mail - 400C,137575,LEAH HALL,CORINA LOPEZ,MIA OUSLEY,1,3
450610,Vote by Mail - 400C,137576,CORINA LOPEZ,LEAH HALL,MIA OUSLEY,1,3
450610,Vote by Mail - 400C,137577,CORINA LOPEZ,LEAH HALL,MIA OUSLEY,1,3
450610,Vote by Mail - 400C,137578,CORINA LOPEZ,skipped,skipped,1,3
450610,Vote by Mail - 400C,137579,CORINA LOPEZ,skipped,skipped,1,3
450610,Vote by Mail - 400C,137581,CORINA LOPEZ,LEAH HALL,MIA OUSLEY,1,3
450610,Vote by Mail - 400C,137582,CORINA LOPEZ,MIA OUSLEY,LEAH HALL,1,3
450610,Vote by Mail - 400C,137583,CORINA LOPEZ,LEAH HALL,MIA OUSLEY,1,3
450610,Vote by Mail - 400C,137584,CORINA LOPEZ,skipped,skipped,1,3
450610,Vote by Mail - 400C,137585,CORINA LOPEZ,LEAH HALL,MIA OUSLEY,1,3
450610,Vote by Mail - 400C,137586,CORINA LOPEZ,skipped,skipped,1,3
450610,Vote by Mail - 400C,137587,LEAH HALL,MIA OUSLEY,CORINA LOPEZ,1,3
450610,Vote by Mail - 400C,137588,CORINA LOPEZ,MIA OUSLEY,LEAH HALL,1,3
450610,Vote by Mail - 400C,137589,CORINA LOPEZ,skipped,skipped,1,3
450610,Vote by Mail - 400C,137590,CORINA LOPEZ,LEAH HALL,MIA OUSLEY,1,3
450610,Vote by Mail - 400C,137591,CORINA LOPEZ,MIA OUSLEY,LEAH HALL,1,3
450610,Vote by Mail - 400C,137592,MIA OUSLEY,CORINA LOPEZ,LEAH HALL,1,3
450610,Vote by Mail - 400C,137593,CORINA LOPEZ,skipped,skipped,1,3
450610,Vote by Mail - 400C,137594,CORINA LOPEZ,skipped,skipped,1,3
450610,Vote by Mail - 400C,137595,CORINA LOPEZ,skipped,skipped,1,3
450610,Vote by Mail - 400C,137596,CORINA LOPEZ,skipped,skipped,1,3
450610,Vote by Mail - 400C,137597,LEAH HALL,CORINA LOPEZ,skipped,1,3
450610,Vote by Mail - 400C,137598,CORINA LOPEZ,skipped,skipped,1,3
450610,Vote by Mail - 400C,137599,CORINA LOPEZ,MIA OUSLEY,LEAH HALL,1,3
450610,Vote by Mail - 400C,137600,MIA OUSLEY,CORINA LOPEZ,LEAH HALL,1,3
450610,Vote by Mail - 400C,137601,CORINA LOPEZ,MIA OUSLEY,LEAH HALL,1,3
450610,Vote by Mail - 400C,137602,CORINA LOPEZ,LEAH HALL,MIA OUSLEY,1,3
450800,Vote by Mail - 400C,137603,LEAH HALL,MIA OUSLEY,CORINA LOPEZ,1,3
450800,Vote by Mail - 400C,137604,LEAH HALL,MIA OUSLEY,CORINA LOPEZ,1,3
450800,Vote by Mail - 400C,137605,CORINA LOPEZ,skipped,skipped,1,3
450800,Vote by Mail - 400C,137606,CORINA LOPEZ,MIA OUSLEY,LEAH HALL,1,3
450800,Vote by Mail - 400C,137607,LEAH HALL,MIA OUSLEY,CORINA LOPEZ,1,3
450800,Vote by Mail - 400C,137608,CORINA LOPEZ,MIA OUSLEY,LEAH HALL,1,3
450800,Vote by Mail - 400C,137609,MIA OUSLEY,LEAH HALL,CORINA LOPEZ,1,3
450800,Vote by Mail - 400C,137610,CORINA LOPEZ,LEAH HALL,MIA OUSLEY,1,3
450800,Vote by Mail - 400C,137611,CORINA LOPEZ,skipped,skipped,1,3
450800,Vote by Mail - 400C,137612,CORINA LOPEZ,LEAH HALL,MIA OUSLEY,1,3
450800,Vote by Mail - 400C,137613,CORINA LOPEZ,MIA OUSLEY,LEAH HALL,1,3
450800,Vote by Mail - 400C,137614,CORINA LOPEZ,LEAH HALL,MIA OUSLEY,1,3
450800,Vote by Mail - 400C,137615,CORINA LOPEZ,skipped,skipped,1,3
450800,Vote by Mail - 400C,137616,MIA OUSLEY,skipped,skipped,1,3
450800,Vote by Mail - 400C,137617,LEAH HALL,skipped,skipped,1,3
450800,Vote by Mail - 400C,137618,CORINA LOPEZ,MIA OUSLEY,LEAH HALL,1,3
450800,Vote by Mail - 400C,137619,MIA OUSLEY,CORINA LOPEZ,LEAH HALL,1,3
450800,Vote by Mail - 400C,137620,CORINA LOPEZ,MIA OUSLEY,LEAH HALL,1,3
450800,Vote by Mail - 400C,137621,CORINA LOPEZ,MIA OUSLEY,LEAH HALL,1,3
450800,Vote by Mail - 400C,137622,CORINA LOPEZ,LEAH HALL,MIA OUSLEY,1,3
450800,Vote by Mail - 400C,137623,CORINA LOPEZ,LEAH HALL,MIA OUSLEY,1,3
450800,Vote by Mail - 400C,137624,CORINA LOPEZ,MIA OUSLEY,LEAH HALL,1,3
450800,Vote by Mail - 400C,137625,CORINA LOPEZ,LEAH HALL,MIA OUSLEY,1,3
450800,Vote by Mail - 400C,137626,CORINA LOPEZ,skipped,skipped,1,3
450800,Vote by Mail - 400C,137627,CORINA LOPEZ,MIA OUSLEY,LEAH HALL,1,3
450800,Vote by Mail - 400C,137628,CORINA LOPEZ,LEAH HALL,MIA OUSLEY,1,3
450800,Vote by Mail - 400C,137629,CORINA LOPEZ,skipped,skipped,1,3
450800,Vote by Mail - 400C,137630,CORINA LOPEZ,skipped,skipped,1,3
450800,Vote by Mail - 400C,137631,MIA OUSLEY,LEAH HALL,skipped,1,3
450800,Vote by Mail - 400C,137632,LEAH HALL,CORINA LOPEZ,MIA OUSLEY,1,3
450800,Vote by Mail - 400C,137633,CORINA LOPEZ,LEAH HALL,MIA OUSLEY,1,3
450800,Vote by Mail - 400C,137634,MIA OUSLEY,CORINA LOPEZ,LEAH HALL,1,3
450800,Vote by Mail - 400C,137635,CORINA LOPEZ,MIA OUSLEY,LEAH HALL,1,3
450800,Vote by Mail - 400C,137636,CORINA LOPEZ,LEAH HALL,MIA OUSLEY,1,3
450800,Vote by Mail - 400C,137637,LEAH HALL,MIA OUSLEY,CORINA LOPEZ,1,3
450800,Vote by Mail - 400C,137638,MIA OUSLEY,LEAH HALL,skipped,1,3
450800,Vote by Mail - 400C,137639,CORINA LOPEZ,MIA OUSLEY,LEAH HALL,1,3
450800,Vote by Mail - 400C,137640,CORINA LOPEZ,MIA OUSLEY,LEAH HALL,1,3
450800,Vote by Mail - 400C,137641,LEAH HALL,MIA OUSLEY,CORINA LOPEZ,1,3
450800,Vote by Mail - 400C,137642,LEAH HALL,MIA OUSLEY,CORINA LOPEZ,1,3
450800,Vote by Mail - 400C,137643,LEAH HALL,MIA OUSLEY,CORINA LOPEZ,1,3
450800,Vote by Mail - 400C,137644,CORINA LOPEZ,MIA OUSLEY,LEAH HALL,1,3
450800,Vote by Mail - 400C,137645,CORINA LOPEZ,LEAH HALL,MIA OUSLEY,1,3
453500,Vote by Mail - 400C,137646,CORINA LOPEZ,MIA OUSLEY,LEAH HALL,1,3
453500,Vote by Mail - 400C,137647,CORINA LOPEZ,MIA OUSLEY,skipped,1,3
453500,Vote by Mail - 400C,137648,CORINA LOPEZ,MIA OUSLEY,skipped,1,3
453500,Vote by Mail - 400C,137649,MIA OUSLEY,CORINA LOPEZ,LEAH HALL,1,3
453500,Vote by Mail - 400C,137650,CORINA LOPEZ,LEAH HALL,MIA OUSLEY,1,3
453500,Vote by Mail - 400C,137651,CORINA LOPEZ,MIA OUSLEY,LEAH HALL,1,3
453500,Vote by Mail - 400C,137652,CORINA LOPEZ,MIA OUSLEY,LEAH HALL,1,3
453500,Vote by Mail - 400C,137653,CORINA LOPEZ,skipped,skipped,1,3
453500,Vote by Mail - 400C,137655,MIA OUSLEY,LEAH HALL,skipped,1,3
453500,Vote by Mail - 400C,137656,CORINA LOPEZ,MIA OUSLEY,LEAH HALL,1,3
453500,Vote by Mail - 400C,137657,CORINA LOPEZ,MIA OUSLEY,LEAH HALL,1,3
453500,Vote by Mail - 400C,137658,LEAH HALL,MIA OUSLEY,CORINA LOPEZ,1,3
453500,Vote by Mail - 400C,137659,MIA OUSLEY,skipped,skipped,1,3
453500,Vote by Mail - 400C,137660,CORINA LOPEZ,skipped,skipped,1,3
453500,Vote by Mail - 400C,137661,CORINA LOPEZ,LEAH HALL,MIA OUSLEY,1,3
453500,Vote by Mail - 400C,137662,MIA OUSLEY,CORINA LOPEZ,LEAH HALL,1,3
453500,Vote by Mail - 400C,137663,MIA OUSLEY,LEAH HALL,CORINA LOPEZ,1,3
453500,Vote by Mail - 400C,137664,MIA OUSLEY,CORINA LOPEZ,LEAH HALL,1,3
453500,Vote by Mail - 400C,137665,MIA OUSLEY,skipped,skipped,1,3
453500,Vote by Mail - 400C,137666,MIA OUSLEY,skipped,skipped,1,3
453500,Vote by Mail - 400C,137667,CORINA LOPEZ,skipped,skipped,1,3
453500,Vote by Mail - 400C,137668,MIA OUSLEY,CORINA LOPEZ,skipped,1,3
453500,Vote by Mail - 400C,137669,CORINA LOPEZ,skipped,skipped,1,3
453500,Vote by Mail - 400C,137670,MIA OUSLEY,skipped,skipped,1,3
453500,Vote by Mail - 400C,137671,CORINA LOPEZ,skipped,skipped,1,3
453500,Vote by Mail - 400C,137672,CORINA LOPEZ,MIA OUSLEY,LEAH HALL,1,3
453500,Vote by Mail - 400C,137673,CORINA LOPEZ,skipped,skipped,1,3
453500,Vote by Mail - 400C,137674,MIA OUSLEY,CORINA LOPEZ,skipped,1,3
453500,Vote by Mail - 400C,137675,CORINA LOPEZ,skipped,skipped,1,3
453500,Vote by Mail - 400C,137676,CORINA LOPEZ,MIA OUSLEY,skipped,1,3
453500,Vote by Mail - 400C,137677,LEAH HALL,MIA OUSLEY,CORINA LOPEZ,1,3
453500,Vote by Mail - 400C,137678,CORINA LOPEZ,MIA OUSLEY,skipped,1,3
453500,Vote by Mail - 400C,137679,MIA OUSLEY,skipped,skipped,1,3
453500,Vote by Mail - 400C,137680,LEAH HALL,MIA OUSLEY,CORINA LOPEZ,1,3
453500,Vote by Mail - 400C,137681,CORINA LOPEZ,LEAH HALL,MIA OUSLEY,1,3
453500,Vote by Mail - 400C,137682,CORINA LOPEZ,MIA OUSLEY,LEAH HALL,1,3
453500,Vote by Mail - 400C,137683,CORINA LOPEZ,MIA OUSLEY,LEAH HALL,1,3
453500,Vote by Mail - 400C,137684,CORINA LOPEZ,MIA OUSLEY,LEAH HALL,1,3
453500,Vote by Mail - 400C,137685,MIA OUSLEY,CORINA LOPEZ,LEAH HALL,1,3
453500,Vote by Mail - 400C,137686,CORINA LOPEZ,MIA OUSLEY,LEAH HALL,1,3
453500,Vote by Mail - 400C,137687,CORINA LOPEZ,skipped,skipped,1,3
453500,Vote by Mail - 400C,137688,LEAH HALL,skipped,skipped,1,3
453500,Vote by Mail - 400C,137689,CORINA LOPEZ,MIA OUSLEY,LEAH HALL,1,3
453500,Vote by Mail - 400C,137690,MIA OUSLEY,CORINA LOPEZ,LEAH HALL,1,3
453500,Vote by Mail - 400C,137691,CORINA LOPEZ,LEAH HALL,skipped,1,3
453500,Vote by Mail - 400C,137692,MIA OUSLEY,CORINA LOPEZ,skipped,1,3
453500,Vote by Mail - 400C,137693,CORINA LOPEZ,skipped,skipped,1,3
453500,Vote by Mail - 400C,137694,CORINA LOPEZ,LEAH HALL,MIA OUSLEY,1,3
453500,Vote by Mail - 400C,137696,CORINA LOPEZ,skipped,skipped,1,3
453500,Vote by Mail - 400C,137697,CORINA LOPEZ,skipped,skipped,1,3
453500,Vote by Mail - 400C,137698,MIA OUSLEY,LEAH HALL,skipped,1,3
453500,Vote by Mail - 400C,137699,CORINA LOPEZ,skipped,skipped,1,3
453500,Vote by Mail - 400C,137701,MIA OUSLEY,CORINA LOPEZ,LEAH HALL,1,3
453500,Vote by Mail - 400C,137702,CORINA LOPEZ,skipped,skipped,1,3
453500,Vote by Mail - 400C,137703,CORINA LOPEZ,skipped,skipped,1,3
453500,Vote by Mail - 400C,137704,CORINA LOPEZ,LEAH HALL,MIA OUSLEY,1,3
453500,Vote by Mail - 400C,137705,MIA OUSLEY,LEAH HALL,CORINA LOPEZ,1,3
453500,Vote by Mail - 400C,137706,LEAH HALL,CORINA LOPEZ,MIA OUSLEY,1,3
453500,Vote by Mail - 400C,137707,CORINA LOPEZ,skipped,skipped,1,3
453500,Vote by Mail - 400C,137708,CORINA LOPEZ,skipped,skipped,1,3
453500,Vote by Mail - 400C,137709,CORINA LOPEZ,skipped,skipped,1,3
453500,Vote by Mail - 400C,137710,CORINA LOPEZ,MIA OUSLEY,LEAH HALL,1,3
453500,Vote by Mail - 400C,137711,CORINA LOPEZ,LEAH HALL,MIA OUSLEY,1,3
453500,Vote by Mail - 400C,137712,CORINA LOPEZ,skipped,skipped,1,3
453500,Vote by Mail - 400C,137713,CORINA LOPEZ,MIA OUSLEY,LEAH HALL,1,3
453500,Vote by Mail - 400C,137714,LEAH HALL,MIA OUSLEY,CORINA LOPEZ,1,3
453500,Vote by Mail - 400C,137715,CORINA LOPEZ,MIA OUSLEY,LEAH HALL,1,3
453500,Vote by Mail - 400C,137717,CORINA LOPEZ,skipped,skipped,1,3
453500,Vote by Mail - 400C,137718,CORINA LOPEZ,skipped,skipped,1,3
453500,Vote by Mail - 400C,137720,CORINA LOPEZ,MIA OUSLEY,LEAH HALL,1,3
453500,Vote by Mail - 400C,137721,MIA OUSLEY,LEAH HALL,skipped,1,3
453500,Vote by Mail - 400C,137722,CORINA LOPEZ,LEAH HALL,MIA OUSLEY,1,3
453500,Vote by Mail - 400C,137723,CORINA LOPEZ,MIA OUSLEY,LEAH HALL,1,3
453920,Vote by Mail - 400C,137724,LEAH HALL,MIA OUSLEY,CORINA LOPEZ,1,3
453920,Vote by Mail - 400C,137725,LEAH HALL,MIA OUSLEY,CORINA LOPEZ,1,3
453920,Vote by Mail - 400C,137726,CORINA LOPEZ,MIA OUSLEY,LEAH HALL,1,3
453920,Vote by Mail - 400C,137727,MIA OUSLEY,skipped,skipped,1,3
453920,Vote by Mail - 400C,137729,CORINA LOPEZ,MIA OUSLEY,LEAH HALL,1,3
453920,Vote by Mail - 400C,137730,LEAH HALL,CORINA LOPEZ,MIA OUSLEY,1,3
453920,Vote by Mail - 400C,137731,CORINA LOPEZ,LEAH HALL,MIA OUSLEY,1,3
453920,Vote by Mail - 400C,137732,MIA OUSLEY,LEAH HALL,CORINA LOPEZ,1,3
453920,Vote by Mail - 400C,137733,CORINA LOPEZ,LEAH HALL,MIA OUSLEY,1,3
453920,Vote by Mail - 400C,137735,CORINA LOPEZ,skipped,skipped,1,3
453920,Vote by Mail - 400C,137736,LEAH HALL,MIA OUSLEY,CORINA LOPEZ,1,3
453920,Vote by Mail - 400C,137737,CORINA LOPEZ,skipped,skipped,1,3
453920,Vote by Mail - 400C,137738,CORINA LOPEZ,LEAH HALL,MIA OUSLEY,1,3
453920,Vote by Mail - 400C,137739,CORINA LOPEZ,MIA OUSLEY,LEAH HALL,1,3
453920,Vote by Mail - 400C,137740,CORINA LOPEZ,LEAH HALL,MIA OUSLEY,1,3
453920,Vote by Mail - 400C,137741,CORINA LOPEZ,MIA OUSLEY,LEAH HALL,1,3
453920,Vote by Mail - 400C,137742,CORINA LOPEZ,MIA OUSLEY,LEAH HALL,1,3
453920,Vote by Mail - 400C,137743,CORINA LOPEZ,LEAH HALL,MIA OUSLEY,1,3
453920,Vote by Mail - 400C,137744,LEAH HALL,skipped,skipped,1,3
453920,Vote by Mail - 400C,137745,CORINA LOPEZ,MIA OUSLEY,LEAH HALL,1,3
456500,Vote by Mail - 400C,137746,CORINA LOPEZ,LEAH HALL,MIA OUSLEY,1,3
456500,Vote by Mail - 400C,137749,MIA OUSLEY,CORINA LOPEZ,LEAH HALL,1,3
456500,Vote by Mail - 400C,137750,LEAH HALL,CORINA LOPEZ,MIA OUSLEY,1,3
456500,Vote by Mail - 400C,137751,MIA OUSLEY,CORINA LOPEZ,LEAH HALL,1,3
456500,Vote by Mail - 400C,137752,CORINA LOPEZ,MIA OUSLEY,LEAH HALL,1,3
456500,Vote by Mail - 400C,137753,LEAH HALL,MIA OUSLEY,CORINA LOPEZ,1,3
456500,Vote by Mail - 400C,137754,LEAH HALL,MIA OUSLEY,CORINA LOPEZ,1,3
456500,Vote by Mail - 400C,137755,CORINA LOPEZ,LEAH HALL,MIA OUSLEY,1,3
456500,Vote by Mail - 400C,137756,CORINA LOPEZ,MIA OUSLEY,skipped,1,3
456500,Vote by Mail - 400C,137757,CORINA LOPEZ,skipped,skipped,1,3
456500,Vote by Mail - 400C,137758,CORINA LOPEZ,LEAH HALL,skipped,1,3
456500,Vote by Mail - 400C,137759,MIA OUSLEY,LEAH HALL,CORINA LOPEZ,1,3
456500,Vote by Mail - 400C,137760,CORINA LOPEZ,MIA OUSLEY,LEAH HALL,1,3
456500,Vote by Mail - 400C,137761,LEAH HALL,MIA OUSLEY,CORINA LOPEZ,1,3
456500,Vote by Mail - 400C,137763,CORINA LOPEZ,skipped,skipped,1,3
456500,Vote by Mail - 400C,137764,CORINA LOPEZ,LEAH HALL,skipped,1,3
456500,Vote by Mail - 400C,137765,LEAH HALL,MIA OUSLEY,CORINA LOPEZ,1,3
456500,Vote by Mail - 400C,137766,CORINA LOPEZ,MIA OUSLEY,LEAH HALL,1,3
456500,Vote by Mail - 400C,137767,LEAH HALL,MIA OUSLEY,CORINA LOPEZ,1,3
456500,Vote by Mail - 400C,137768,CORINA LOPEZ,skipped,skipped,1,3
456500,Vote by Mail - 400C,137769,CORINA LOPEZ,LEAH HALL,MIA OUSLEY,1,3
456500,Vote by Mail - 400C,137770,CORINA LOPEZ,LEAH HALL,skipped,1,3
456500,Vote by Mail - 400C,137771,MIA OUSLEY,CORINA LOPEZ,skipped,1,3
456500,Vote by Mail - 400C,137772,MIA OUSLEY,CORINA LOPEZ,skipped,1,3
456500,Vote by Mail - 400C,137773,LEAH HALL,MIA OUSLEY,CORINA LOPEZ,1,3
456500,Vote by Mail - 400C,137774,MIA OUSLEY,skipped,skipped,1,3
457400,Vote by Mail - 400C,137775,CORINA LOPEZ,LEAH HALL,MIA OUSLEY,1,3
457400,Vote by Mail - 400C,137776,LEAH HALL,CORINA LOPEZ,MIA OUSLEY,1,3
457400,Vote by Mail - 400C,137778,MIA OUSLEY,CORINA LOPEZ,skipped,1,3
457400,Vote by Mail - 400C,137779,LEAH HALL,skipped,skipped,1,3
457400,Vote by Mail - 400C,137780,CORINA LOPEZ,LEAH HALL,MIA OUSLEY,1,3
457400,Vote by Mail - 400C,137781,LEAH HALL,CORINA LOPEZ,MIA OUSLEY,1,3
457400,Vote by Mail - 400C,137782,CORINA LOPEZ,LEAH HALL,MIA OUSLEY,1,3
457400,Vote by Mail - 400C,137783,CORINA LOPEZ,MIA OUSLEY,LEAH HALL,1,3
457400,Vote by Mail - 400C,137784,LEAH HALL,skipped,skipped,1,3
457400,Vote by Mail - 400C,137785,LEAH HALL,CORINA LOPEZ,MIA OUSLEY,1,3
457400,Vote by Mail - 400C,137786,LEAH HALL,skipped,skipped,1,3
457400,Vote by Mail - 400C,137787,MIA OUSLEY,skipped,skipped,1,3
457400,Vote by Mail - 400C,137788,CORINA LOPEZ,skipped,skipped,1,3
457400,Vote by Mail - 400C,137789,MIA OUSLEY,CORINA LOPEZ,skipped,1,3
457400,Vote by Mail - 400C,137790,MIA OUSLEY,skipped,skipped,1,3
457400,Vote by Mail - 400C,137791,LEAH HALL,MIA OUSLEY,CORINA LOPEZ,1,3
457400,Vote by Mail - 400C,137792,CORINA LOPEZ,MIA OUSLEY,LEAH HALL,1,3
457400,Vote by Mail - 400C,137793,CORINA LOPEZ,MIA OUSLEY,LEAH HALL,1,3
457400,Vote by Mail - 400C,137794,MIA OUSLEY,LEAH HALL,skipped,1,3
457400,Vote by Mail - 400C,137795,LEAH HALL,CORINA LOPEZ,MIA OUSLEY,1,3
457400,Vote by Mail - 400C,137796,CORINA LOPEZ,MIA OUSLEY,LEAH HALL,1,3
457400,Vote by Mail - 400C,137797,CORINA LOPEZ,LEAH HALL,MIA OUSLEY,1,3
457400,Vote by Mail - 400C,137798,CORINA LOPEZ,MIA OUSLEY,LEAH HALL,1,3
457400,Vote by Mail - 400C,137799,CORINA LOPEZ,skipped,skipped,1,3
457400,Vote by Mail - 400C,137800,CORINA LOPEZ,MIA OUSLEY,LEAH HALL,1,3
457400,Vote by Mail - 400C,137801,CORINA LOPEZ,MIA OUSLEY,LEAH HALL,1,3
457400,Vote by Mail - 400C,137802,CORINA LOPEZ,MIA OUSLEY,LEAH HALL,1,3
457400,Vote by Mail - 400C,137803,LEAH HALL,skipped,skipped,1,3
457400,Vote by Mail - 400C,137804,CORINA LOPEZ,skipped,skipped,1,3
457400,Vote by Mail - 400C,137805,LEAH HALL,skipped,skipped,1,3
457400,Vote by Mail - 400C,137806,LEAH HALL,CORINA LOPEZ,skipped,1,3
457400,Vote by Mail - 400C,137807,MIA OUSLEY,skipped,skipped,1,3
457400,Vote by Mail - 400C,137808,CORINA LOPEZ,LEAH HALL,MIA OUSLEY,1,3
457400,Vote by Mail - 400C,137809,CORINA LOPEZ,MIA OUSLEY,LEAH HALL,1,3
457400,Vote by Mail - 400C,137810,CORINA LOPEZ,skipped,skipped,1,3
457400,Vote by Mail - 400C,137811,CORINA LOPEZ,MIA OUSLEY,LEAH HALL,1,3
457400,Vote by Mail - 400C,137812,MIA OUSLEY,LEAH HALL,skipped,1,3
457400,Vote by Mail - 400C,137813,CORINA LOPEZ,skipped,skipped,1,3
457400,Vote by Mail - 400C,137814,LEAH HALL,skipped,skipped,1,3
457400,Vote by Mail - 400C,137815,MIA OUSLEY,CORINA LOPEZ,LEAH HALL,1,3
457400,Vote by Mail - 400C,137816,CORINA LOPEZ,skipped,skipped,1,3
457400,Vote by Mail - 400C,137817,MIA OUSLEY,skipped,skipped,1,3
457400,Vote by Mail - 400C,137818,MIA OUSLEY,skipped,skipped,1,3
457400,Vote by Mail - 400C,137819,CORINA LOPEZ,LEAH HALL,MIA OUSLEY,1,3
457400,Vote by Mail - 400C,137820,LEAH HALL,MIA OUSLEY,CORINA LOPEZ,1,3
457400,Vote by Mail - 400C,137821,CORINA LOPEZ,LEAH HALL,MIA OUSLEY,1,3
457400,Vote by Mail - 400C,137822,LEAH HALL,skipped,skipped,1,3
457400,Vote by Mail - 400C,137823,LEAH HALL,skipped,skipped,1,3
457400,Vote by Mail - 400C,137824,CORINA LOPEZ,LEAH HALL,skipped,1,3
457500,Vote by Mail - 400C,137825,LEAH HALL,MIA OUSLEY,CORINA LOPEZ,1,3
457500,Vote by Mail - 400C,137826,MIA OUSLEY,CORINA LOPEZ,LEAH HALL,1,3
457500,Vote by Mail - 400C,137827,CORINA LOPEZ,LEAH HALL,MIA OUSLEY,1,3
457500,Vote by Mail - 400C,137828,CORINA LOPEZ,skipped,skipped,1,3
457500,Vote by Mail - 400C,137829,LEAH HALL,CORINA LOPEZ,MIA OUSLEY,1,3
457500,Vote by Mail - 400C,137830,MIA OUSLEY,CORINA LOPEZ,LEAH HALL,1,3
457500,Vote by Mail - 400C,137831,LEAH HALL,skipped,skipped,1,3
457500,Vote by Mail - 400C,137832,CORINA LOPEZ,MIA OUSLEY,LEAH HALL,1,3
457500,Vote by Mail - 400C,137833,CORINA LOPEZ,LEAH HALL,MIA OUSLEY,1,3
457500,Vote by Mail - 400C,137834,CORINA LOPEZ,LEAH HALL,skipped,1,3
457500,Vote by Mail - 400C,137835,CORINA LOPEZ,MIA OUSLEY,LEAH HALL,1,3
457500,Vote by Mail - 400C,137836,CORINA LOPEZ,LEAH HALL,skipped,1,3
457500,Vote by Mail - 400C,137837,LEAH HALL,CORINA LOPEZ,MIA OUSLEY,1,3
457500,Vote by Mail - 400C,137838,LEAH HALL,CORINA LOPEZ,MIA OUSLEY,1,3
457500,Vote by Mail - 400C,137839,MIA OUSLEY,skipped,skipped,1,3
457500,Vote by Mail - 400C,137840,MIA OUSLEY,skipped,skipped,1,3
457500,Vote by Mail - 400C,137841,CORINA LOPEZ,skipped,skipped,1,3
457500,Vote by Mail - 400C,137842,LEAH HALL,skipped,skipped,1,3
457500,Vote by Mail - 400C,137844,LEAH HALL,MIA OUSLEY,skipped,1,3
457500,Vote by Mail - 400C,137845,CORINA LOPEZ,skipped,skipped,1,3
457500,Vote by Mail - 400C,137846,MIA OUSLEY,LEAH HALL,CORINA LOPEZ,1,3
457500,Vote by Mail - 400C,137847,LEAH HALL,MIA OUSLEY,CORINA LOPEZ,1,3
457500,Vote by Mail - 400C,137848,LEAH HALL,skipped,skipped,1,3
457500,Vote by Mail - 400C,137849,CORINA LOPEZ,MIA OUSLEY,skipped,1,3
457500,Vote by Mail - 400C,137850,LEAH HALL,skipped,skipped,1,3
457500,Vote by Mail - 400C,137851,LEAH HALL,CORINA LOPEZ,MIA OUSLEY,1,3
457500,Vote by Mail - 400C,137852,CORINA LOPEZ,MIA OUSLEY,LEAH HALL,1,3
457500,Vote by Mail - 400C,137853,LEAH HALL,CORINA LOPEZ,MIA OUSLEY,1,3
457500,Vote by Mail - 400C,137854,CORINA LOPEZ,skipped,skipped,1,3
457500,Vote by Mail - 400C,137855,CORINA LOPEZ,MIA OUSLEY,LEAH HALL,1,3
457500,Vote by Mail - 400C,137856,CORINA LOPEZ,LEAH HALL,MIA OUSLEY,1,3
457500,Vote by Mail - 400C,137857,LEAH HALL,MIA OUSLEY,CORINA LOPEZ,1,3
457500,Vote by Mail - 400C,137859,CORINA LOPEZ,LEAH HALL,MIA OUSLEY,1,3
457500,Vote by Mail - 400C,137860,LEAH HALL,skipped,skipped,1,3
457500,Vote by Mail - 400C,137861,CORINA LOPEZ,MIA OUSLEY,LEAH HALL,1,3
457500,Vote by Mail - 400C,137862,LEAH HALL,skipped,skipped,1,3
457500,Vote by Mail - 400C,137863,CORINA LOPEZ,MIA OUSLEY,LEAH HALL,1,3
457500,Vote by Mail - 400C,137864,CORINA LOPEZ,skipped,skipped,1,3
457500,Vote by Mail - 400C,137865,CORINA LOPEZ,MIA OUSLEY,LEAH HALL,1,3
457500,Vote by Mail - 400C,137866,CORINA LOPEZ,skipped,skipped,1,3
457500,Vote by Mail - 400C,137867,CORINA LOPEZ,skipped,skipped,1,3
457500,Vote by Mail - 400C,137868,LEAH HALL,CORINA LOPEZ,MIA OUSLEY,1,3
457500,Vote by Mail - 400C,137870,CORINA LOPEZ,MIA OUSLEY,LEAH HALL,1,3
457500,Vote by Mail - 400C,137871,CORINA LOPEZ,LEAH HALL,MIA OUSLEY,1,3
457500,Vote by Mail - 400C,137872,CORINA LOPEZ,MIA OUSLEY,LEAH HALL,1,3
457500,Vote by Mail - 400C,137873,MIA OUSLEY,LEAH HALL,CORINA LOPEZ,1,3
457500,Vote by Mail - 400C,137874,CORINA LOPEZ,MIA OUSLEY,LEAH HALL,1,3
457500,Vote by Mail - 400C,137876,MIA OUSLEY,skipped,skipped,1,3
457500,Vote by Mail - 400C,137877,CORINA LOPEZ,MIA OUSLEY,skipped,1,3
457500,Vote by Mail - 400C,137878,CORINA LOPEZ,skipped,skipped,1,3
457700,Vote by Mail - 400C,137879,CORINA LOPEZ,MIA OUSLEY,LEAH HALL,1,3
457700,Vote by Mail - 400C,137880,MIA OUSLEY,LEAH HALL,skipped,1,3
457700,Vote by Mail - 400C,137881,LEAH HALL,MIA OUSLEY,CORINA LOPEZ,1,3
457700,Vote by Mail - 400C,137882,MIA OUSLEY,LEAH HALL,CORINA LOPEZ,1,3
457700,Vote by Mail - 400C,137883,CORINA LOPEZ,skipped,skipped,1,3
457700,Vote by Mail - 400C,137884,LEAH HALL,MIA OUSLEY,CORINA LOPEZ,1,3
457700,Vote by Mail - 400C,137885,MIA OUSLEY,CORINA LOPEZ,LEAH HALL,1,3
457700,Vote by Mail - 400C,137886,MIA OUSLEY,CORINA LOPEZ,LEAH HALL,1,3
457700,Vote by Mail - 400C,137887,MIA OUSLEY,LEAH HALL,CORINA LOPEZ,1,3
457700,Vote by Mail - 400C,137888,MIA OUSLEY,LEAH HALL,CORINA LOPEZ,1,3
457700,Vote by Mail - 400C,137889,CORINA LOPEZ,MIA OUSLEY,LEAH HALL,1,3
457700,Vote by Mail - 400C,137890,MIA OUSLEY,skipped,skipped,1,3
457700,Vote by Mail - 400C,137891,MIA OUSLEY,LEAH HALL,CORINA LOPEZ,1,3
457700,Vote by Mail - 400C,137892,MIA OUSLEY,skipped,skipped,1,3
457700,Vote by Mail - 400C,137893,CORINA LOPEZ,skipped,skipped,1,3
457700,Vote by Mail - 400C,137894,MIA OUSLEY,skipped,skipped,1,3
457700,Vote by Mail - 400C,137895,CORINA LOPEZ,MIA OUSLEY,LEAH HALL,1,3
457700,Vote by Mail - 400C,137896,CORINA LOPEZ,MIA OUSLEY,LEAH HALL,1,3
457700,Vote by Mail - 400C,137898,CORINA LOPEZ,MIA OUSLEY,LEAH HALL,1,3
457700,Vote by Mail - 400C,137899,CORINA LOPEZ,LEAH HALL,MIA OUSLEY,1,3
457700,Vote by Mail - 400C,137900,MIA OUSLEY,skipped,skipped,1,3
457700,Vote by Mail - 400C,137901,LEAH HALL,CORINA LOPEZ,MIA OUSLEY,1,3
457700,Vote by Mail - 400C,137902,CORINA LOPEZ,MIA OUSLEY,LEAH HALL,1,3
457700,Vote by Mail - 400C,137903,MIA OUSLEY,LEAH HALL,CORINA LOPEZ,1,3
457700,Vote by Mail - 400C,137904,CORINA LOPEZ,LEAH HALL,MIA OUSLEY,1,3
457700,Vote by Mail - 400C,137906,LEAH HALL,skipped,skipped,1,3
457700,Vote by Mail - 400C,137908,CORINA LOPEZ,MIA OUSLEY,LEAH HALL,1,3
457700,Vote by Mail - 400C,137909,LEAH HALL,CORINA LOPEZ,MIA OUSLEY,1,3
457700,Vote by Mail - 400C,137910,CORINA LOPEZ,MIA OUSLEY,LEAH HALL,1,3
457700,Vote by Mail - 400C,137911,LEAH HALL,skipped,skipped,1,3
457700,Vote by Mail - 400C,137912,LEAH HALL,MIA OUSLEY,CORINA LOPEZ,1,3
457700,Vote by Mail - 400C,137913,LEAH HALL,skipped,skipped,1,3
457700,Vote by Mail - 400C,137914,CORINA LOPEZ,MIA OUSLEY,skipped,1,3
457700,Vote by Mail - 400C,137915,LEAH HALL,CORINA LOPEZ,MIA OUSLEY,1,3
457700,Vote by Mail - 400C,137916,CORINA LOPEZ,LEAH HALL,MIA OUSLEY,1,3
457700,Vote by Mail - 400C,137917,LEAH HALL,skipped,skipped,1,3
457700,Vote by Mail - 400C,137918,LEAH HALL,skipped,skipped,1,3
457700,Vote by Mail - 400C,137919,CORINA LOPEZ,MIA OUSLEY,LEAH HALL,1,3
457700,Vote by Mail - 400C,137920,CORINA LOPEZ,LEAH HALL,skipped,1,3
457700,Vote by Mail - 400C,137921,LEAH HALL,CORINA LOPEZ,MIA OUSLEY,1,3
457700,Vote by Mail - 400C,137922,MIA OUSLEY,LEAH HALL,CORINA LOPEZ,1,3
457700,Vote by Mail - 400C,137923,CORINA LOPEZ,MIA OUSLEY,LEAH HALL,1,3
457700,Vote by Mail - 400C,137924,CORINA LOPEZ,MIA OUSLEY,LEAH HALL,1,3
457700,Vote by Mail - 400C,137925,MIA OUSLEY,LEAH HALL,CORINA LOPEZ,1,3
457700,Vote by Mail - 400C,137926,LEAH HALL,skipped,skipped,1,3
457700,Vote by Mail - 400C,137927,MIA OUSLEY,skipped,skipped,1,3
457700,Vote by Mail - 400C,137928,CORINA LOPEZ,MIA OUSLEY,LEAH HALL,1,3
457700,Vote by Mail - 400C,137929,CORINA LOPEZ,skipped,skipped,1,3
457700,Vote by Mail - 400C,137930,LEAH HALL,CORINA LOPEZ,MIA OUSLEY,1,3
457700,Vote by Mail - 400C,137931,LEAH HALL,CORINA LOPEZ,MIA OUSLEY,1,3
457700,Vote by Mail - 400C,137932,MIA OUSLEY,CORINA LOPEZ,skipped,1,3
457700,Vote by Mail - 400C,137933,CORINA LOPEZ,MIA OUSLEY,skipped,1,3
457700,Vote by Mail - 400C,137934,LEAH HALL,skipped,skipped,1,3
457700,Vote by Mail - 400C,137935,LEAH HALL,skipped,skipped,1,3
457700,Vote by Mail - 400C,137936,CORINA LOPEZ,LEAH HALL,MIA OUSLEY,1,3
457700,Vote by Mail - 400C,137937,LEAH HALL,MIA OUSLEY,CORINA LOPEZ,1,3
457700,Vote by Mail - 400C,137938,MIA OUSLEY,CORINA LOPEZ,LEAH HALL,1,3
457700,Vote by Mail - 400C,137939,MIA OUSLEY,LEAH HALL,CORINA LOPEZ,1,3
457700,Vote by Mail - 400C,137940,LEAH HALL,MIA OUSLEY,CORINA LOPEZ,1,3
457700,Vote by Mail - 400C,137941,LEAH HALL,MIA OUSLEY,CORINA LOPEZ,1,3
457700,Vote by Mail - 400C,137942,CORINA LOPEZ,skipped,skipped,1,3
457700,Vote by Mail - 400C,137943,CORINA LOPEZ,skipped,skipped,1,3
457700,Vote by Mail - 400C,137944,CORINA LOPEZ,LEAH HALL,skipped,1,3
457700,Vote by Mail - 400C,137945,CORINA LOPEZ,skipped,skipped,1,3
457700,Vote by Mail - 400C,137946,CORINA LOPEZ,LEAH HALL,MIA OUSLEY,1,3
457700,Vote by Mail - 400C,137947,LEAH HALL,skipped,skipped,1,3
457700,Vote by Mail - 400C,137948,MIA OUSLEY,skipped,skipped,1,3
457700,Vote by Mail - 400C,137949,LEAH HALL,MIA OUSLEY,CORINA LOPEZ,1,3
457900,Vote by Mail - 400C,137950,MIA OUSLEY,LEAH HALL,CORINA LOPEZ,1,3
457900,Vote by Mail - 400C,137951,MIA OUSLEY,CORINA LOPEZ,LEAH HALL,1,3
457900,Vote by Mail - 400C,137953,MIA OUSLEY,LEAH HALL,CORINA LOPEZ,1,3
457900,Vote by Mail - 400C,137954,CORINA LOPEZ,LEAH HALL,skipped,1,3
457900,Vote by Mail - 400C,137955,CORINA LOPEZ,LEAH HALL,skipped,1,3
457900,Vote by Mail - 400C,137956,CORINA LOPEZ,LEAH HALL,MIA OUSLEY,1,3
457900,Vote by Mail - 400C,137957,CORINA LOPEZ,skipped,skipped,1,3
457900,Vote by Mail - 400C,137958,CORINA LOPEZ,LEAH HALL,skipped,1,3
457900,Vote by Mail - 400C,137959,MIA OUSLEY,skipped,skipped,1,3
457900,Vote by Mail - 400C,137960,LEAH HALL,CORINA LOPEZ,skipped,1,3
457900,Vote by Mail - 400C,137961,LEAH HALL,CORINA LOPEZ,MIA OUSLEY,1,3
457900,Vote by Mail - 400C,137963,MIA OUSLEY,LEAH HALL,CORINA LOPEZ,1,3
457900,Vote by Mail - 400C,137964,LEAH HALL,skipped,skipped,1,3
457900,Vote by Mail - 400C,137965,CORINA LOPEZ,MIA OUSLEY,LEAH HALL,1,3
457900,Vote by Mail - 400C,137966,MIA OUSLEY,skipped,skipped,1,3
457900,Vote by Mail - 400C,137967,LEAH HALL,MIA OUSLEY,CORINA LOPEZ,1,3
457900,Vote by Mail - 400C,137968,LEAH HALL,skipped,skipped,1,3
457900,Vote by Mail - 400C,137969,CORINA LOPEZ,LEAH HALL,MIA OUSLEY,1,3
457900,Vote by Mail - 400C,137970,LEAH HALL,CORINA LOPEZ,MIA OUSLEY,1,3
457900,Vote by Mail - 400C,137971,MIA OUSLEY,CORINA LOPEZ,LEAH HALL,1,3
457900,Vote by Mail - 400C,137972,MIA OUSLEY,CORINA LOPEZ,skipped,1,3
457900,Vote by Mail - 400C,137973,MIA OUSLEY,CORINA LOPEZ,LEAH HALL,1,3
457900,Vote by Mail - 400C,137974,CORINA LOPEZ,skipped,skipped,1,3
457900,Vote by Mail - 400C,137975,MIA OUSLEY,LEAH HALL,CORINA LOPEZ,1,3
457900,Vote by Mail - 400C,137976,MIA OUSLEY,CORINA LOPEZ,LEAH HALL,1,3
457900,Vote by Mail - 400C,137977,MIA OUSLEY,LEAH HALL,CORINA LOPEZ,1,3
457900,Vote by Mail - 400C,137978,LEAH HALL,skipped,skipped,1,3
457900,Vote by Mail - 400C,137979,MIA OUSLEY,LEAH HALL,CORINA LOPEZ,1,3
451000,Vote by Mail - 400C,138658,CORINA LOPEZ,MIA OUSLEY,LEAH HALL,1,3
451000,Vote by Mail - 400C,138659,CORINA LOPEZ,MIA OUSLEY,LEAH HALL,1,3
451000,Vote by Mail - 400C,138660,LEAH HALL,MIA OUSLEY,CORINA LOPEZ,1,3
451000,Vote by Mail - 400C,138661,CORINA LOPEZ,skipped,skipped,1,3
451000,Vote by Mail - 400C,138662,CORINA LOPEZ,MIA OUSLEY,skipped,1,3
451000,Vote by Mail - 400C,138663,CORINA LOPEZ,MIA OUSLEY,LEAH HALL,1,3
451000,Vote by Mail - 400C,138664,CORINA LOPEZ,skipped,skipped,1,3
451000,Vote by Mail - 400C,138665,MIA OUSLEY,skipped,skipped,1,3
451000,Vote by Mail - 400C,138666,MIA OUSLEY,skipped,skipped,1,3
451000,Vote by Mail - 400C,138667,CORINA LOPEZ,MIA OUSLEY,LEAH HALL,1,3
451000,Vote by Mail - 400C,138668,LEAH HALL,CORINA LOPEZ,MIA OUSLEY,1,3
451000,Vote by Mail - 400C,138669,CORINA LOPEZ,skipped,skipped,1,3
451000,Vote by Mail - 400C,138671,CORINA LOPEZ,MIA OUSLEY,LEAH HALL,1,3
451000,Vote by Mail - 400C,138672,CORINA LOPEZ,skipped,skipped,1,3
451000,Vote by Mail - 400C,138673,MIA OUSLEY,CORINA LOPEZ,LEAH HALL,1,3
451000,Vote by Mail - 400C,138674,CORINA LOPEZ,skipped,skipped,1,3
451000,Vote by Mail - 400C,138675,MIA OUSLEY,CORINA LOPEZ,skipped,1,3
451000,Vote by Mail - 400C,138676,MIA OUSLEY,CORINA LOPEZ,skipped,1,3
451000,Vote by Mail - 400C,138677,CORINA LOPEZ,MIA OUSLEY,LEAH HALL,1,3
451000,Vote by Mail - 400C,138680,CORINA LOPEZ,skipped,skipped,1,3
451000,Vote by Mail - 400C,138681,CORINA LOPEZ,MIA OUSLEY,LEAH HALL,1,3
451000,Vote by Mail - 400C,138682,MIA OUSLEY,LEAH HALL,skipped,1,3
451000,Vote by Mail - 400C,138683,CORINA LOPEZ,LEAH HALL,MIA OUSLEY,1,3
451000,Vote by Mail - 400C,138684,CORINA LOPEZ,MIA OUSLEY,skipped,1,3
451000,Vote by Mail - 400C,138685,CORINA LOPEZ,LEAH HALL,MIA OUSLEY,1,3
451000,Vote by Mail - 400C,138686,MIA OUSLEY,LEAH HALL,CORINA LOPEZ,1,3
451000,Vote by Mail - 400C,138687,CORINA LOPEZ,LEAH HALL,MIA OUSLEY,1,3
451000,Vote by Mail - 400C,138691,LEAH HALL,CORINA LOPEZ,MIA OUSLEY,1,3
451000,Vote by Mail - 400C,138692,LEAH HALL,CORINA LOPEZ,MIA OUSLEY,1,3
451000,Vote by Mail - 400C,138693,LEAH HALL,CORINA LOPEZ,MIA OUSLEY,1,3
451000,Vote by Mail - 400C,138694,LEAH HALL,CORINA LOPEZ,MIA OUSLEY,1,3
451000,Vote by Mail - 400C,138695,CORINA LOPEZ,skipped,skipped,1,3
451000,Vote by Mail - 400C,138696,MIA OUSLEY,CORINA LOPEZ,skipped,1,3
451000,Vote by Mail - 400C,138697,CORINA LOPEZ,MIA OUSLEY,LEAH HALL,1,3
451000,Vote by Mail - 400C,138698,CORINA LOPEZ,skipped,skipped,1,3
451000,Vote by Mail - 400C,138699,LEAH HALL,MIA OUSLEY,CORINA LOPEZ,1,3
451000,Vote by Mail - 400C,138700,LEAH HALL,skipped,skipped,1,3
451000,Vote by Mail - 400C,138701,MIA OUSLEY,CORINA LOPEZ,LEAH HALL,1,3
451000,Vote by Mail - 400C,138702,CORINA LOPEZ,LEAH HALL,MIA OUSLEY,1,3
451000,Vote by Mail - 400C,138703,CORINA LOPEZ,MIA OUSLEY,LEAH HALL,1,3
451000,Vote by Mail - 400C,138704,CORINA LOPEZ,LEAH HALL,MIA OUSLEY,1,3
451000,Vote by Mail - 400C,138705,CORINA LOPEZ,skipped,skipped,1,3
451000,Vote by Mail - 400C,138706,LEAH HALL,CORINA LOPEZ,MIA OUSLEY,1,3
451000,Vote by Mail - 400C,138707,LEAH HALL,skipped,skipped,1,3
451000,Vote by Mail - 400C,138708,CORINA LOPEZ,MIA OUSLEY,LEAH HALL,1,3
451000,Vote by Mail - 400C,138709,LEAH HALL,MIA OUSLEY,CORINA LOPEZ,1,3
451000,Vote by Mail - 400C,138710,MIA OUSLEY,skipped,skipped,1,3
451000,Vote by Mail - 400C,138711,CORINA LOPEZ,LEAH HALL,MIA OUSLEY,1,3
451000,Vote by Mail - 400C,138712,CORINA LOPEZ,LEAH HALL,MIA OUSLEY,1,3
451000,Vote by Mail - 400C,138713,MIA OUSLEY,CORINA LOPEZ,LEAH HALL,1,3
451000,Vote by Mail - 400C,138714,MIA OUSLEY,CORINA LOPEZ,LEAH HALL,1,3
451000,Vote by Mail - 400C,138715,CORINA LOPEZ,MIA OUSLEY,LEAH HALL,1,3
451000,Vote by Mail - 400C,138716,CORINA LOPEZ,MIA OUSLEY,LEAH HALL,1,3
451000,Vote by Mail - 400C,138717,CORINA LOPEZ,skipped,skipped,1,3
451000,Vote by Mail - 400C,138718,CORINA LOPEZ,LEAH HALL,MIA OUSLEY,1,3
451000,Vote by Mail - 400C,138719,CORINA LOPEZ,skipped,skipped,1,3
451000,Vote by Mail - 400C,138721,LEAH HALL,MIA OUSLEY,CORINA LOPEZ,1,3
451000,Vote by Mail - 400C,138722,LEAH HALL,MIA OUSLEY,CORINA LOPEZ,1,3
451000,Vote by Mail - 400C,138723,CORINA LOPEZ,skipped,skipped,1,3
451000,Vote by Mail - 400C,138724,MIA OUSLEY,skipped,skipped,1,3
451000,Vote by Mail - 400C,138725,MIA OUSLEY,CORINA LOPEZ,LEAH HALL,1,3
451000,Vote by Mail - 400C,138726,LEAH HALL,CORINA LOPEZ,MIA OUSLEY,1,3
451000,Vote by Mail - 400C,138727,CORINA LOPEZ,MIA OUSLEY,LEAH HALL,1,3
451000,Vote by Mail - 400C,138728,CORINA LOPEZ,MIA OUSLEY,LEAH HALL,1,3
451000,Vote by Mail - 400C,138729,CORINA LOPEZ,LEAH HALL,MIA OUSLEY,1,3
451000,Vote by Mail - 400C,138730,MIA OUSLEY,LEAH HALL,CORINA LOPEZ,1,3
451000,Vote by Mail - 400C,138731,MIA OUSLEY,CORINA LOPEZ,LEAH HALL,1,3
451000,Vote by Mail - 400C,138732,CORINA LOPEZ,skipped,skipped,1,3
451000,Vote by Mail - 400C,138734,MIA OUSLEY,CORINA LOPEZ,LEAH HALL,1,3
451000,Vote by Mail - 400C,138735,CORINA LOPEZ,skipped,skipped,1,3
451000,Vote by Mail - 400C,138736,CORINA LOPEZ,MIA OUSLEY,LEAH HALL,1,3
451000,Vote by Mail - 400C,138737,CORINA LOPEZ,MIA OUSLEY,LEAH HALL,1,3
451000,Vote by Mail - 400C,138739,CORINA LOPEZ,MIA OUSLEY,LEAH HALL,1,3
451000,Vote by Mail - 400C,138740,LEAH HALL,MIA OUSLEY,CORINA LOPEZ,1,3
451000,Vote by Mail - 400C,138741,MIA OUSLEY,LEAH HALL,CORINA LOPEZ,1,3
451000,Vote by Mail - 400C,138742,MIA OUSLEY,CORINA LOPEZ,LEAH HALL,1,3
451000,Vote by Mail - 400C,138743,CORINA LOPEZ,MIA OUSLEY,LEAH HALL,1,3
451000,Vote by Mail - 400C,138744,LEAH HALL,skipped,skipped,1,3
451000,Vote by Mail - 400C,138745,CORINA LOPEZ,MIA OUSLEY,LEAH HALL,1,3
451000,Vote by Mail - 400C,138747,LEAH HALL,CORINA LOPEZ,MIA OUSLEY,1,3
451000,Vote by Mail - 400C,138749,CORINA LOPEZ,MIA OUSLEY,LEAH HALL,1,3
451000,Vote by Mail - 400C,138752,LEAH HALL,MIA OUSLEY,CORINA LOPEZ,1,3
451000,Vote by Mail - 400C,138754,MIA OUSLEY,skipped,skipped,1,3
451000,Vote by Mail - 400C,138756,CORINA LOPEZ,MIA OUSLEY,LEAH HALL,1,3
451000,Vote by Mail - 400C,138757,CORINA LOPEZ,LEAH HALL,MIA OUSLEY,1,3
451000,Vote by Mail - 400C,138760,CORINA LOPEZ,MIA OUSLEY,LEAH HALL,1,3
451000,Vote by Mail - 400C,138761,LEAH HALL,MIA OUSLEY,CORINA LOPEZ,1,3
451600,Vote by Mail - 400C,138762,MIA OUSLEY,LEAH HALL,CORINA LOPEZ,1,3
451600,Vote by Mail - 400C,138763,LEAH HALL,MIA OUSLEY,CORINA LOPEZ,1,3
451600,Vote by Mail - 400C,138764,LEAH HALL,skipped,skipped,1,3
451600,Vote by Mail - 400C,138765,CORINA LOPEZ,skipped,skipped,1,3
451600,Vote by Mail - 400C,138766,MIA OUSLEY,LEAH HALL,CORINA LOPEZ,1,3
451600,Vote by Mail - 400C,138767,CORINA LOPEZ,MIA OUSLEY,LEAH HALL,1,3
451600,Vote by Mail - 400C,138768,CORINA LOPEZ,MIA OUSLEY,LEAH HALL,1,3
451600,Vote by Mail - 400C,138770,MIA OUSLEY,CORINA LOPEZ,LEAH HALL,1,3
451600,Vote by Mail - 400C,138771,LEAH HALL,MIA OUSLEY,CORINA LOPEZ,1,3
451600,Vote by Mail - 400C,138772,MIA OUSLEY,LEAH HALL,CORINA LOPEZ,1,3
451600,Vote by Mail - 400C,138773,CORINA LOPEZ,skipped,skipped,1,3
451600,Vote by Mail - 400C,138774,CORINA LOPEZ,skipped,skipped,1,3
451600,Vote by Mail - 400C,138775,CORINA LOPEZ,MIA OUSLEY,LEAH HALL,1,3
451600,Vote by Mail - 400C,138776,LEAH HALL,skipped,skipped,1,3
451600,Vote by Mail - 400C,138777,LEAH HALL,skipped,skipped,1,3
451600,Vote by Mail - 400C,138778,CORINA LOPEZ,skipped,skipped,1,3
451600,Vote by Mail - 400C,138779,MIA OUSLEY,skipped,skipped,1,3
451600,Vote by Mail - 400C,138780,LEAH HALL,CORINA LOPEZ,skipped,1,3
451600,Vote by Mail - 400C,138781,CORINA LOPEZ,MIA OUSLEY,LEAH HALL,1,3
451600,Vote by Mail - 400C,138782,CORINA LOPEZ,MIA OUSLEY,LEAH HALL,1,3
451600,Vote by Mail - 400C,138783,MIA OUSLEY,LEAH HALL,CORINA LOPEZ,1,3
451600,Vote by Mail - 400C,138784,MIA OUSLEY,CORINA LOPEZ,skipped,1,3
451600,Vote by Mail - 400C,138785,CORINA LOPEZ,MIA OUSLEY,LEAH HALL,1,3
451600,Vote by Mail - 400C,138786,MIA OUSLEY,LEAH HALL,CORINA LOPEZ,1,3
451600,Vote by Mail - 400C,138787,MIA OUSLEY,skipped,skipped,1,3
451600,Vote by Mail - 400C,138788,CORINA LOPEZ,MIA OUSLEY,LEAH HALL,1,3
451600,Vote by Mail - 400C,138789,MIA OUSLEY,CORINA LOPEZ,LEAH HALL,1,3
451600,Vote by Mail - 400C,138790,CORINA LOPEZ,MIA OUSLEY,LEAH HALL,1,3
451600,Vote by Mail - 400C,138791,CORINA LOPEZ,LEAH HALL,MIA OUSLEY,1,3
451600,Vote by Mail - 400C,138792,LEAH HALL,MIA OUSLEY,CORINA LOPEZ,1,3
451600,Vote by Mail - 400C,138793,CORINA LOPEZ,LEAH HALL,skipped,1,3
451600,Vote by Mail - 400C,138794,CORINA LOPEZ,MIA OUSLEY,LEAH HALL,1,3
451600,Vote by Mail - 400C,138795,LEAH HALL,MIA OUSLEY,CORINA LOPEZ,1,3
451600,Vote by Mail - 400C,138796,CORINA LOPEZ,LEAH HALL,MIA OUSLEY,1,3
451600,Vote by Mail - 400C,138797,CORINA LOPEZ,MIA OUSLEY,LEAH HALL,1,3
451600,Vote by Mail - 400C,138798,MIA OUSLEY,CORINA LOPEZ,LEAH HALL,1,3
451600,Vote by Mail - 400C,138799,MIA OUSLEY,CORINA LOPEZ,LEAH HALL,1,3
451600,Vote by Mail - 400C,138800,LEAH HALL,skipped,skipped,1,3
451600,Vote by Mail - 400C,138802,MIA OUSLEY,CORINA LOPEZ,skipped,1,3
451600,Vote by Mail - 400C,138803,LEAH HALL,skipped,skipped,1,3
451600,Vote by Mail - 400C,138804,LEAH HALL,CORINA LOPEZ,skipped,1,3
451600,Vote by Mail - 400C,138805,MIA OUSLEY,skipped,skipped,1,3
451600,Vote by Mail - 400C,138806,CORINA LOPEZ,MIA OUSLEY,LEAH HALL,1,3
451600,Vote by Mail - 400C,138807,CORINA LOPEZ,MIA OUSLEY,LEAH HALL,1,3
451600,Vote by Mail - 400C,138808,CORINA LOPEZ,MIA OUSLEY,LEAH HALL,1,3
451600,Vote by Mail - 400C,138809,CORINA LOPEZ,skipped,skipped,1,3
451600,Vote by Mail - 400C,138810,CORINA LOPEZ,skipped,skipped,1,3
451600,Vote by Mail - 400C,138811,CORINA LOPEZ,skipped,skipped,1,3
451600,Vote by Mail - 400C,138812,MIA OUSLEY,skipped,skipped,1,3
451600,Vote by Mail - 400C,138815,LEAH HALL,MIA OUSLEY,CORINA LOPEZ,1,3
451600,Vote by Mail - 400C,138816,CORINA LOPEZ,MIA OUSLEY,LEAH HALL,1,3
451600,Vote by Mail - 400C,138817,CORINA LOPEZ,skipped,skipped,1,3
451600,Vote by Mail - 400C,138818,LEAH HALL,MIA OUSLEY,CORINA LOPEZ,1,3
451600,Vote by Mail - 400C,138819,CORINA LOPEZ,MIA OUSLEY,LEAH HALL,1,3
451600,Vote by Mail - 400C,138820,CORINA LOPEZ,MIA OUSLEY,LEAH HALL,1,3
451600,Vote by Mail - 400C,138821,CORINA LOPEZ,skipped,skipped,1,3
451600,Vote by Mail - 400C,138822,CORINA LOPEZ,MIA OUSLEY,LEAH HALL,1,3
451600,Vote by Mail - 400C,138823,MIA OUSLEY,CORINA LOPEZ,LEAH HALL,1,3
451600,Vote by Mail - 400C,138824,LEAH HALL,CORINA LOPEZ,MIA OUSLEY,1,3
451600,Vote by Mail - 400C,138825,CORINA LOPEZ,skipped,skipped,1,3
451600,Vote by Mail - 400C,138826,CORINA LOPEZ,LEAH HALL,MIA OUSLEY,1,3
451600,Vote by Mail - 400C,138827,CORINA LOPEZ,MIA OUSLEY,LEAH HALL,1,3
451600,Vote by Mail - 400C,138828,CORINA LOPEZ,skipped,skipped,1,3
451600,Vote by Mail - 400C,138829,CORINA LOPEZ,LEAH HALL,MIA OUSLEY,1,3
451600,Vote by Mail - 400C,138830,CORINA LOPEZ,MIA OUSLEY,LEAH HALL,1,3
451600,Vote by Mail - 400C,138831,CORINA LOPEZ,MIA OUSLEY,LEAH HALL,1,3
451600,Vote by Mail - 400C,138832,MIA OUSLEY,CORINA LOPEZ,LEAH HALL,1,3
451600,Vote by Mail - 400C,138833,CORINA LOPEZ,MIA OUSLEY,LEAH HALL,1,3
451600,Vote by Mail - 400C,138834,CORINA LOPEZ,skipped,skipped,1,3
451600,Vote by Mail - 400C,138835,CORINA LOPEZ,skipped,skipped,1,3
451600,Vote by Mail - 400C,138836,LEAH HALL,MIA OUSLEY,CORINA LOPEZ,1,3
451600,Vote by Mail - 400C,138837,MIA OUSLEY,skipped,skipped,1,3
451600,Vote by Mail - 400C,138838,CORINA LOPEZ,skipped,skipped,1,3
451600,Vote by Mail - 400C,138841,CORINA LOPEZ,LEAH HALL,MIA OUSLEY,1,3
451600,Vote by Mail - 400C,138842,LEAH HALL,skipped,skipped,1,3
451700,Vote by Mail - 400C,138843,MIA OUSLEY,skipped,skipped,1,3
451700,Vote by Mail - 400C,138844,MIA OUSLEY,skipped,skipped,1,3
451700,Vote by Mail - 400C,138845,CORINA LOPEZ,MIA OUSLEY,LEAH HALL,1,3
451700,Vote by Mail - 400C,138846,CORINA LOPEZ,LEAH HALL,MIA OUSLEY,1,3
451700,Vote by Mail - 400C,138847,MIA OUSLEY,LEAH HALL,CORINA LOPEZ,1,3
451700,Vote by Mail - 400C,138848,CORINA LOPEZ,MIA OUSLEY,LEAH HALL,1,3
451700,Vote by Mail - 400C,138849,CORINA LOPEZ,MIA OUSLEY,LEAH HALL,1,3
451700,Vote by Mail - 400C,138851,MIA OUSLEY,LEAH HALL,CORINA LOPEZ,1,3
451700,Vote by Mail - 400C,138852,CORINA LOPEZ,LEAH HALL,MIA OUSLEY,1,3
451700,Vote by Mail - 400C,138853,CORINA LOPEZ,MIA OUSLEY,LEAH HALL,1,3
451700,Vote by Mail - 400C,138854,CORINA LOPEZ,skipped,skipped,1,3
451700,Vote by Mail - 400C,138855,MIA OUSLEY,LEAH HALL,CORINA LOPEZ,1,3
451700,Vote by Mail - 400C,138856,CORINA LOPEZ,MIA OUSLEY,LEAH HALL,1,3
451700,Vote by Mail - 400C,138857,CORINA LOPEZ,LEAH HALL,MIA OUSLEY,1,3
451700,Vote by Mail - 400C,138858,LEAH HALL,skipped,skipped,1,3
451700,Vote by Mail - 400C,138859,CORINA LOPEZ,LEAH HALL,MIA OUSLEY,1,3
451700,Vote by Mail - 400C,138860,LEAH HALL,MIA OUSLEY,CORINA LOPEZ,1,3
451700,Vote by Mail - 400C,138861,MIA OUSLEY,CORINA LOPEZ,LEAH HALL,1,3
451700,Vote by Mail - 400C,138862,LEAH HALL,skipped,skipped,1,3
451700,Vote by Mail - 400C,138863,CORINA LOPEZ,LEAH HALL,MIA OUSLEY,1,3
451700,Vote by Mail - 400C,138864,CORINA LOPEZ,MIA OUSLEY,LEAH HALL,1,3
451700,Vote by Mail - 400C,138866,LEAH HALL,MIA OUSLEY,CORINA LOPEZ,1,3
451700,Vote by Mail - 400C,138867,LEAH HALL,MIA OUSLEY,CORINA LOPEZ,1,3
451700,Vote by Mail - 400C,138868,MIA OUSLEY,LEAH HALL,CORINA LOPEZ,1,3
451700,Vote by Mail - 400C,138870,MIA OUSLEY,CORINA LOPEZ,LEAH HALL,1,3
451700,Vote by Mail - 400C,138872,CORINA LOPEZ,LEAH HALL,MIA OUSLEY,1,3
451700,Vote by Mail - 400C,138873,CORINA LOPEZ,LEAH HALL,MIA OUSLEY,1,3
451700,Vote by Mail - 400C,138874,CORINA LOPEZ,LEAH HALL,MIA OUSLEY,1,3
451700,Vote by Mail - 400C,138875,CORINA LOPEZ,MIA OUSLEY,LEAH HALL,1,3
451700,Vote by Mail - 400C,138876,MIA OUSLEY,CORINA LOPEZ,LEAH HALL,1,3
451700,Vote by Mail - 400C,138877,LEAH HALL,CORINA LOPEZ,MIA OUSLEY,1,3
451700,Vote by Mail - 400C,138878,CORINA LOPEZ,LEAH HALL,MIA OUSLEY,1,3
451700,Vote by Mail - 400C,138879,CORINA LOPEZ,MIA OUSLEY,skipped,1,3
451700,Vote by Mail - 400C,138880,CORINA LOPEZ,LEAH HALL,MIA OUSLEY,1,3
451700,Vote by Mail - 400C,138881,MIA OUSLEY,CORINA LOPEZ,skipped,1,3
451700,Vote by Mail - 400C,138883,CORINA LOPEZ,LEAH HALL,MIA OUSLEY,1,3
451700,Vote by Mail - 400C,138884,CORINA LOPEZ,MIA OUSLEY,skipped,1,3
451700,Vote by Mail - 400C,138885,LEAH HALL,CORINA LOPEZ,MIA OUSLEY,1,3
451700,Vote by Mail - 400C,138886,LEAH HALL,skipped,skipped,1,3
451700,Vote by Mail - 400C,138887,MIA OUSLEY,CORINA LOPEZ,LEAH HALL,1,3
451700,Vote by Mail - 400C,138888,CORINA LOPEZ,MIA OUSLEY,LEAH HALL,1,3
451700,Vote by Mail - 400C,138889,CORINA LOPEZ,MIA OUSLEY,LEAH HALL,1,3
451700,Vote by Mail - 400C,138890,CORINA LOPEZ,skipped,skipped,1,3
451700,Vote by Mail - 400C,138891,CORINA LOPEZ,LEAH HALL,MIA OUSLEY,1,3
451700,Vote by Mail - 400C,138892,LEAH HALL,skipped,skipped,1,3
451700,Vote by Mail - 400C,138893,CORINA LOPEZ,skipped,skipped,1,3
451700,Vote by Mail - 400C,138894,CORINA LOPEZ,skipped,skipped,1,3
451700,Vote by Mail - 400C,138895,LEAH HALL,skipped,skipped,1,3
451700,Vote by Mail - 400C,138896,CORINA LOPEZ,MIA OUSLEY,LEAH HALL,1,3
451700,Vote by Mail - 400C,138897,CORINA LOPEZ,LEAH HALL,MIA OUSLEY,1,3
451700,Vote by Mail - 400C,138898,CORINA LOPEZ,LEAH HALL,MIA OUSLEY,1,3
451700,Vote by Mail - 400C,138899,CORINA LOPEZ,MIA OUSLEY,LEAH HALL,1,3
451700,Vote by Mail - 400C,138900,MIA OUSLEY,CORINA LOPEZ,LEAH HALL,1,3
451700,Vote by Mail - 400C,138901,MIA OUSLEY,skipped,skipped,1,3
451700,Vote by Mail - 400C,138902,CORINA LOPEZ,LEAH HALL,MIA OUSLEY,1,3
452100,Vote by Mail - 400C,138903,CORINA LOPEZ,skipped,skipped,1,3
452100,Vote by Mail - 400C,138904,CORINA LOPEZ,skipped,skipped,1,3
452100,Vote by Mail - 400C,138905,CORINA LOPEZ,LEAH HALL,skipped,1,3
452100,Vote by Mail - 400C,138906,MIA OUSLEY,CORINA LOPEZ,LEAH HALL,1,3
452100,Vote by Mail - 400C,138907,LEAH HALL,CORINA LOPEZ,skipped,1,3
452100,Vote by Mail - 400C,138908,LEAH HALL,CORINA LOPEZ,MIA OUSLEY,1,3
452100,Vote by Mail - 400C,138909,LEAH HALL,skipped,skipped,1,3
452100,Vote by Mail - 400C,138910,CORINA LOPEZ,MIA OUSLEY,LEAH HALL,1,3
452100,Vote by Mail - 400C,138911,LEAH HALL,skipped,skipped,1,3
452100,Vote by Mail - 400C,138912,CORINA LOPEZ,skipped,skipped,1,3
452100,Vote by Mail - 400C,138913,LEAH HALL,CORINA LOPEZ,MIA OUSLEY,1,3
452100,Vote by Mail - 400C,138914,CORINA LOPEZ,skipped,skipped,1,3
452100,Vote by Mail - 400C,138915,LEAH HALL,skipped,skipped,1,3
452100,Vote by Mail - 400C,138917,MIA OUSLEY,LEAH HALL,CORINA LOPEZ,1,3
452100,Vote by Mail - 400C,138918,LEAH HALL,MIA OUSLEY,CORINA LOPEZ,1,3
452100,Vote by Mail - 400C,138919,MIA OUSLEY,LEAH HALL,CORINA LOPEZ,1,3
452100,Vote by Mail - 400C,138920,LEAH HALL,MIA OUSLEY,CORINA LOPEZ,1,3
452100,Vote by Mail - 400C,138921,CORINA LOPEZ,skipped,skipped,1,3
452100,Vote by Mail - 400C,138922,MIA OUSLEY,CORINA LOPEZ,LEAH HALL,1,3
452100,Vote by Mail - 400C,138923,CORINA LOPEZ,LEAH HALL,MIA OUSLEY,1,3
452100,Vote by Mail - 400C,138924,CORINA LOPEZ,MIA OUSLEY,LEAH HALL,1,3
452100,Vote by Mail - 400C,138925,MIA OUSLEY,LEAH HALL,CORINA LOPEZ,1,3
452100,Vote by Mail - 400C,138926,CORINA LOPEZ,LEAH HALL,MIA OUSLEY,1,3
452100,Vote by Mail - 400C,138927,LEAH HALL,CORINA LOPEZ,MIA OUSLEY,1,3
452100,Vote by Mail - 400C,138929,CORINA LOPEZ,MIA OUSLEY,LEAH HALL,1,3
452100,Vote by Mail - 400C,138930,CORINA LOPEZ,MIA OUSLEY,LEAH HALL,1,3
452100,Vote by Mail - 400C,138933,MIA OUSLEY,LEAH HALL,CORINA LOPEZ,1,3
452100,Vote by Mail - 400C,138934,CORINA LOPEZ,MIA OUSLEY,LEAH HALL,1,3
452100,Vote by Mail - 400C,138935,MIA OUSLEY,LEAH HALL,CORINA LOPEZ,1,3
452100,Vote by Mail - 400C,138936,MIA OUSLEY,LEAH HALL,CORINA LOPEZ,1,3
452100,Vote by Mail - 400C,138937,CORINA LOPEZ,MIA OUSLEY,LEAH HALL,1,3
452100,Vote by Mail - 400C,138938,MIA OUSLEY,LEAH HALL,CORINA LOPEZ,1,3
452100,Vote by Mail - 400C,138939,CORINA LOPEZ,LEAH HALL,MIA OUSLEY,1,3
452100,Vote by Mail - 400C,138940,CORINA LOPEZ,MIA OUSLEY,LEAH HALL,1,3
452100,Vote by Mail - 400C,138941,CORINA LOPEZ,MIA OUSLEY,LEAH HALL,1,3
452100,Vote by Mail - 400C,138942,CORINA LOPEZ,MIA OUSLEY,LEAH HALL,1,3
452100,Vote by Mail - 400C,138943,CORINA LOPEZ,LEAH HALL,MIA OUSLEY,1,3
452100,Vote by Mail - 400C,138944,CORINA LOPEZ,skipped,skipped,1,3
452100,Vote by Mail - 400C,138945,LEAH HALL,MIA OUSLEY,CORINA LOPEZ,1,3
452100,Vote by Mail - 400C,138946,MIA OUSLEY,skipped,skipped,1,3
452100,Vote by Mail - 400C,138947,CORINA LOPEZ,MIA OUSLEY,LEAH HALL,1,3
452100,Vote by Mail - 400C,138948,CORINA LOPEZ,skipped,skipped,1,3
452100,Vote by Mail - 400C,138949,CORINA LOPEZ,MIA OUSLEY,LEAH HALL,1,3
452100,Vote by Mail - 400C,138950,CORINA LOPEZ,skipped,skipped,1,3
452100,Vote by Mail - 400C,138951,LEAH HALL,CORINA LOPEZ,MIA OUSLEY,1,3
452100,Vote by Mail - 400C,138952,CORINA LOPEZ,MIA OUSLEY,LEAH HALL,1,3
452100,Vote by Mail - 400C,138953,CORINA LOPEZ,MIA OUSLEY,LEAH HALL,1,3
452100,Vote by Mail - 400C,138954,CORINA LOPEZ,skipped,skipped,1,3
452100,Vote by Mail - 400C,138955,CORINA LOPEZ,LEAH HALL,skipped,1,3
452100,Vote by Mail - 400C,138956,LEAH HALL,CORINA LOPEZ,MIA OUSLEY,1,3
452100,Vote by Mail - 400C,138957,CORINA LOPEZ,MIA OUSLEY,LEAH HALL,1,3
452100,Vote by Mail - 400C,138958,CORINA LOPEZ,LEAH HALL,MIA OUSLEY,1,3
452100,Vote by Mail - 400C,138959,LEAH HALL,MIA OUSLEY,CORINA LOPEZ,1,3
452100,Vote by Mail - 400C,138960,CORINA LOPEZ,MIA OUSLEY,LEAH HALL,1,3
452100,Vote by Mail - 400C,138961,CORINA LOPEZ,skipped,skipped,1,3
452200,Vote by Mail - 400C,138962,CORINA LOPEZ,MIA OUSLEY,LEAH HALL,1,3
452200,Vote by Mail - 400C,138963,MIA OUSLEY,LEAH HALL,CORINA LOPEZ,1,3
452200,Vote by Mail - 400C,138964,CORINA LOPEZ,MIA OUSLEY,LEAH HALL,1,3
452200,Vote by Mail - 400C,138965,CORINA LOPEZ,skipped,skipped,1,3
452200,Vote by Mail - 400C,138966,LEAH HALL,CORINA LOPEZ,MIA OUSLEY,1,3
452200,Vote by Mail - 400C,138967,MIA OUSLEY,skipped,skipped,1,3
452200,Vote by Mail - 400C,138968,LEAH HALL,MIA OUSLEY,CORINA LOPEZ,1,3
452200,Vote by Mail - 400C,138969,CORINA LOPEZ,MIA OUSLEY,LEAH HALL,1,3
452200,Vote by Mail - 400C,138970,CORINA LOPEZ,skipped,skipped,1,3
452200,Vote by Mail - 400C,138971,CORINA LOPEZ,MIA OUSLEY,LEAH HALL,1,3
452200,Vote by Mail - 400C,138973,MIA OUSLEY,skipped,skipped,1,3
452200,Vote by Mail - 400C,138974,CORINA LOPEZ,MIA OUSLEY,LEAH HALL,1,3
452200,Vote by Mail - 400C,138975,CORINA LOPEZ,LEAH HALL,MIA OUSLEY,1,3
452200,Vote by Mail - 400C,138976,CORINA LOPEZ,skipped,skipped,1,3
452200,Vote by Mail - 400C,138977,LEAH HALL,CORINA LOPEZ,MIA OUSLEY,1,3
452200,Vote by Mail - 400C,138979,MIA OUSLEY,CORINA LOPEZ,LEAH HALL,1,3
452200,Vote by Mail - 400C,138980,CORINA LOPEZ,MIA OUSLEY,LEAH HALL,1,3
452200,Vote by Mail - 400C,138981,CORINA LOPEZ,LEAH HALL,MIA OUSLEY,1,3
452200,Vote by Mail - 400C,138982,LEAH HALL,skipped,skipped,1,3
452200,Vote by Mail - 400C,138983,MIA OUSLEY,CORINA LOPEZ,LEAH HALL,1,3
452200,Vote by Mail - 400C,138984,CORINA LOPEZ,MIA OUSLEY,skipped,1,3
452200,Vote by Mail - 400C,138986,CORINA LOPEZ,LEAH HALL,MIA OUSLEY,1,3
452200,Vote by Mail - 400C,138987,CORINA LOPEZ,MIA OUSLEY,LEAH HALL,1,3
452200,Vote by Mail - 400C,138988,LEAH HALL,MIA OUSLEY,CORINA LOPEZ,1,3
452200,Vote by Mail - 400C,138989,MIA OUSLEY,LEAH HALL,CORINA LOPEZ,1,3
452200,Vote by Mail - 400C,138990,MIA OUSLEY,CORINA LOPEZ,LEAH HALL,1,3
452200,Vote by Mail - 400C,138991,CORINA LOPEZ,MIA OUSLEY,LEAH HALL,1,3
452200,Vote by Mail - 400C,138992,CORINA LOPEZ,MIA OUSLEY,LEAH HALL,1,3
452200,Vote by Mail - 400C,138993,MIA OUSLEY,CORINA LOPEZ,LEAH HALL,1,3
452200,Vote by Mail - 400C,138994,CORINA LOPEZ,MIA OUSLEY,LEAH HALL,1,3
452200,Vote by Mail - 400C,138996,LEAH HALL,CORINA LOPEZ,MIA OUSLEY,1,3
452200,Vote by Mail - 400C,138998,CORINA LOPEZ,skipped,skipped,1,3
452200,Vote by Mail - 400C,138999,CORINA LOPEZ,skipped,skipped,1,3
452200,Vote by Mail - 400C,139000,MIA OUSLEY,skipped,skipped,1,3
452200,Vote by Mail - 400C,139002,LEAH HALL,skipped,skipped,1,3
452200,Vote by Mail - 400C,139003,CORINA LOPEZ,MIA OUSLEY,LEAH HALL,1,3
452200,Vote by Mail - 400C,139004,MIA OUSLEY,LEAH HALL,CORINA LOPEZ,1,3
452200,Vote by Mail - 400C,139005,MIA OUSLEY,CORINA LOPEZ,LEAH HALL,1,3
452200,Vote by Mail - 400C,139006,CORINA LOPEZ,skipped,skipped,1,3
452200,Vote by Mail - 400C,139007,CORINA LOPEZ,MIA OUSLEY,LEAH HALL,1,3
452200,Vote by Mail - 400C,139008,CORINA LOPEZ,MIA OUSLEY,LEAH HALL,1,3
452200,Vote by Mail - 400C,139009,CORINA LOPEZ,LEAH HALL,MIA OUSLEY,1,3
452200,Vote by Mail - 400C,139010,CORINA LOPEZ,MIA OUSLEY,LEAH HALL,1,3
452200,Vote by Mail - 400C,139011,LEAH HALL,skipped,skipped,1,3
452200,Vote by Mail - 400C,139012,LEAH HALL,MIA OUSLEY,CORINA LOPEZ,1,3
452200,Vote by Mail - 400C,139013,LEAH HALL,MIA OUSLEY,CORINA LOPEZ,1,3
452200,Vote by Mail - 400C,139014,CORINA LOPEZ,LEAH HALL,MIA OUSLEY,1,3
452200,Vote by Mail - 400C,139015,CORINA LOPEZ,LEAH HALL,MIA OUSLEY,1,3
452200,Vote by Mail - 400C,139016,CORINA LOPEZ,MIA OUSLEY,LEAH HALL,1,3
452200,Vote by Mail - 400C,139017,CORINA LOPEZ,skipped,skipped,1,3
452200,Vote by Mail - 400C,139018,LEAH HALL,skipped,skipped,1,3
452200,Vote by Mail - 400C,139019,LEAH HALL,skipped,skipped,1,3
452200,Vote by Mail - 400C,139020,CORINA LOPEZ,LEAH HALL,MIA OUSLEY,1,3
452200,Vote by Mail - 400C,139021,CORINA LOPEZ,LEAH HALL,MIA OUSLEY,1,3
452200,Vote by Mail - 400C,139022,CORINA LOPEZ,MIA OUSLEY,LEAH HALL,1,3
452200,Vote by Mail - 400C,139023,CORINA LOPEZ,skipped,skipped,1,3
452200,Vote by Mail - 400C,139024,CORINA LOPEZ,LEAH HALL,MIA OUSLEY,1,3
452200,Vote by Mail - 400C,139025,CORINA LOPEZ,MIA OUSLEY,LEAH HALL,1,3
452200,Vote by Mail - 400C,139026,LEAH HALL,MIA OUSLEY,CORINA LOPEZ,1,3
452200,Vote by Mail - 400C,139027,CORINA LOPEZ,MIA OUSLEY,LEAH HALL,1,3
452200,Vote by Mail - 400C,139028,MIA OUSLEY,CORINA LOPEZ,LEAH HALL,1,3
452200,Vote by Mail - 400C,139029,MIA OUSLEY,LEAH HALL,CORINA LOPEZ,1,3
452200,Vote by Mail - 400C,139031,CORINA LOPEZ,skipped,skipped,1,3
452200,Vote by Mail - 400C,139032,MIA OUSLEY,CORINA LOPEZ,LEAH HALL,1,3
452200,Vote by Mail - 400C,139033,MIA OUSLEY,CORINA LOPEZ,LEAH HALL,1,3
452200,Vote by Mail - 400C,139034,CORINA LOPEZ,MIA OUSLEY,skipped,1,3
452200,Vote by Mail - 400C,139035,CORINA LOPEZ,LEAH HALL,MIA OUSLEY,1,3
452200,Vote by Mail - 400C,139036,CORINA LOPEZ,LEAH HALL,MIA OUSLEY,1,3
452200,Vote by Mail - 400C,139037,CORINA LOPEZ,skipped,skipped,1,3
452200,Vote by Mail - 400C,139038,CORINA LOPEZ,MIA OUSLEY,LEAH HALL,1,3
452200,Vote by Mail - 400C,139039,LEAH HALL,skipped,skipped,1,3
452200,Vote by Mail - 400C,139040,MIA OUSLEY,CORINA LOPEZ,LEAH HALL,1,3
452200,Vote by Mail - 400C,139042,CORINA LOPEZ,LEAH HALL,MIA OUSLEY,1,3
452200,Vote by Mail - 400C,139043,MIA OUSLEY,CORINA LOPEZ,LEAH HALL,1,3
452200,Vote by Mail - 400C,139044,LEAH HALL,skipped,skipped,1,3
452200,Vote by Mail - 400C,139045,MIA OUSLEY,LEAH HALL,skipped,1,3
452200,Vote by Mail - 400C,139046,MIA OUSLEY,skipped,skipped,1,3
452200,Vote by Mail - 400C,139047,CORINA LOPEZ,LEAH HALL,MIA OUSLEY,1,3
452200,Vote by Mail - 400C,139048,CORINA LOPEZ,MIA OUSLEY,LEAH HALL,1,3
452200,Vote by Mail - 400C,139049,CORINA LOPEZ,LEAH HALL,MIA OUSLEY,1,3
452200,Vote by Mail - 400C,139050,LEAH HALL,MIA OUSLEY,CORINA LOPEZ,1,3
452200,Vote by Mail - 400C,139053,CORINA LOPEZ,skipped,skipped,1,3
452200,Vote by Mail - 400C,139054,CORINA LOPEZ,skipped,skipped,1,3
452200,Vote by Mail - 400C,139055,MIA OUSLEY,CORINA LOPEZ,LEAH HALL,1,3
452200,Vote by Mail - 400C,139056,CORINA LOPEZ,skipped,skipped,1,3
452200,Vote by Mail - 400C,139057,CORINA LOPEZ,skipped,skipped,1,3
452200,Vote by Mail - 400C,139059,LEAH HALL,MIA OUSLEY,CORINA LOPEZ,1,3
452200,Vote by Mail - 400C,139061,CORINA LOPEZ,skipped,skipped,1,3
452200,Vote by Mail - 400C,139062,MIA OUSLEY,skipped,skipped,1,3
452200,Vote by Mail - 400C,139063,MIA OUSLEY,LEAH HALL,CORINA LOPEZ,1,3
452200,Vote by Mail - 400C,139064,CORINA LOPEZ,MIA OUSLEY,LEAH HALL,1,3
452200,Vote by Mail - 400C,139065,CORINA LOPEZ,skipped,skipped,1,3
452200,Vote by Mail - 400C,139066,CORINA LOPEZ,LEAH HALL,MIA OUSLEY,1,3
452200,Vote by Mail - 400C,139067,LEAH HALL,MIA OUSLEY,CORINA LOPEZ,1,3
452200,Vote by Mail - 400C,139068,MIA OUSLEY,CORINA LOPEZ,LEAH HALL,1,3
452200,Vote by Mail - 400C,139069,LEAH HALL,CORINA LOPEZ,MIA OUSLEY,1,3
452200,Vote by Mail - 400C,139070,CORINA LOPEZ,skipped,skipped,1,3
452200,Vote by Mail - 400C,139071,LEAH HALL,skipped,skipped,1,3
452200,Vote by Mail - 400C,139072,CORINA LOPEZ,LEAH HALL,MIA OUSLEY,1,3
452200,Vote by Mail - 400C,139074,LEAH HALL,skipped,skipped,1,3
452200,Vote by Mail - 400C,139075,MIA OUSLEY,skipped,skipped,1,3
452200,Vote by Mail - 400C,139076,CORINA LOPEZ,MIA OUSLEY,LEAH HALL,1,3
452200,Vote by Mail - 400C,139077,MIA OUSLEY,CORINA LOPEZ,LEAH HALL,1,3
452200,Vote by Mail - 400C,139078,MIA OUSLEY,LEAH HALL,CORINA LOPEZ,1,3
452200,Vote by Mail - 400C,139079,CORINA LOPEZ,MIA OUSLEY,LEAH HALL,1,3
453100,Vote by Mail - 400C,139080,LEAH HALL,CORINA LOPEZ,MIA OUSLEY,1,3
453100,Vote by Mail - 400C,139082,CORINA LOPEZ,LEAH HALL,MIA OUSLEY,1,3
453100,Vote by Mail - 400C,139083,MIA OUSLEY,skipped,skipped,1,3
453100,Vote by Mail - 400C,139084,MIA OUSLEY,CORINA LOPEZ,LEAH HALL,1,3
453100,Vote by Mail - 400C,139085,CORINA LOPEZ,LEAH HALL,MIA OUSLEY,1,3
453100,Vote by Mail - 400C,139086,CORINA LOPEZ,LEAH HALL,skipped,1,3
453100,Vote by Mail - 400C,139087,LEAH HALL,CORINA LOPEZ,MIA OUSLEY,1,3
453100,Vote by Mail - 400C,139088,LEAH HALL,skipped,skipped,1,3
453100,Vote by Mail - 400C,139089,CORINA LOPEZ,MIA OUSLEY,LEAH HALL,1,3
453100,Vote by Mail - 400C,139090,MIA OUSLEY,CORINA LOPEZ,LEAH HALL,1,3
453100,Vote by Mail - 400C,139091,MIA OUSLEY,LEAH HALL,CORINA LOPEZ,1,3
453100,Vote by Mail - 400C,139092,MIA OUSLEY,CORINA LOPEZ,LEAH HALL,1,3
453100,Vote by Mail - 400C,139093,CORINA LOPEZ,MIA OUSLEY,LEAH HALL,1,3
453100,Vote by Mail - 400C,139094,CORINA LOPEZ,LEAH HALL,MIA OUSLEY,1,3
453100,Vote by Mail - 400C,139095,LEAH HALL,skipped,skipped,1,3
453100,Vote by Mail - 400C,139096,MIA OUSLEY,skipped,skipped,1,3
453100,Vote by Mail - 400C,139097,MIA OUSLEY,skipped,skipped,1,3
453100,Vote by Mail - 400C,139098,CORINA LOPEZ,MIA OUSLEY,LEAH HALL,1,3
453100,Vote by Mail - 400C,139099,CORINA LOPEZ,LEAH HALL,MIA OUSLEY,1,3
453100,Vote by Mail - 400C,139100,MIA OUSLEY,LEAH HALL,CORINA LOPEZ,1,3
453100,Vote by Mail - 400C,139101,CORINA LOPEZ,MIA OUSLEY,LEAH HALL,1,3
453100,Vote by Mail - 400C,139103,LEAH HALL,CORINA LOPEZ,MIA OUSLEY,1,3
453100,Vote by Mail - 400C,139104,CORINA LOPEZ,LEAH HALL,MIA OUSLEY,1,3
453100,Vote by Mail - 400C,139105,CORINA LOPEZ,skipped,skipped,1,3
453100,Vote by Mail - 400C,139106,CORINA LOPEZ,LEAH HALL,MIA OUSLEY,1,3
453100,Vote by Mail - 400C,139108,CORINA LOPEZ,skipped,skipped,1,3
453100,Vote by Mail - 400C,139109,LEAH HALL,CORINA LOPEZ,MIA OUSLEY,1,3
453100,Vote by Mail - 400C,139110,LEAH HALL,MIA OUSLEY,CORINA LOPEZ,1,3
453100,Vote by Mail - 400C,139111,CORINA LOPEZ,MIA OUSLEY,LEAH HALL,1,3
453100,Vote by Mail - 400C,139112,LEAH HALL,CORINA LOPEZ,MIA OUSLEY,1,3
453100,Vote by Mail - 400C,139113,MIA OUSLEY,LEAH HALL,skipped,1,3
453100,Vote by Mail - 400C,139114,MIA OUSLEY,skipped,skipped,1,3
453100,Vote by Mail - 400C,139115,MIA OUSLEY,CORINA LOPEZ,LEAH HALL,1,3
453100,Vote by Mail - 400C,139116,LEAH HALL,skipped,skipped,1,3
453100,Vote by Mail - 400C,139118,CORINA LOPEZ,LEAH HALL,MIA OUSLEY,1,3
453100,Vote by Mail - 400C,139119,MIA OUSLEY,LEAH HALL,CORINA LOPEZ,1,3
453100,Vote by Mail - 400C,139120,LEAH HALL,MIA OUSLEY,CORINA LOPEZ,1,3
453100,Vote by Mail - 400C,139121,CORINA LOPEZ,MIA OUSLEY,LEAH HALL,1,3
453300,Vote by Mail - 400C,139123,CORINA LOPEZ,skipped,skipped,1,3
453300,Vote by Mail - 400C,139124,CORINA LOPEZ,MIA OUSLEY,LEAH HALL,1,3
453300,Vote by Mail - 400C,139125,CORINA LOPEZ,MIA OUSLEY,LEAH HALL,1,3
453300,Vote by Mail - 400C,139126,CORINA LOPEZ,skipped,skipped,1,3
453300,Vote by Mail - 400C,139127,LEAH HALL,skipped,skipped,1,3
453300,Vote by Mail - 400C,139128,MIA OUSLEY,CORINA LOPEZ,LEAH HALL,1,3
453300,Vote by Mail - 400C,139129,CORINA LOPEZ,skipped,skipped,1,3
453300,Vote by Mail - 400C,139130,CORINA LOPEZ,skipped,skipped,1,3
453300,Vote by Mail - 400C,139131,LEAH HALL,CORINA LOPEZ,MIA OUSLEY,1,3
453300,Vote by Mail - 400C,139132,CORINA LOPEZ,skipped,skipped,1,3
453300,Vote by Mail - 400C,139133,MIA OUSLEY,CORINA LOPEZ,LEAH HALL,1,3
453300,Vote by Mail - 400C,139134,CORINA LOPEZ,skipped,skipped,1,3
453300,Vote by Mail - 400C,139135,LEAH HALL,skipped,skipped,1,3
453300,Vote by Mail - 400C,139136,CORINA LOPEZ,MIA OUSLEY,skipped,1,3
453300,Vote by Mail - 400C,139137,CORINA LOPEZ,skipped,skipped,1,3
453300,Vote by Mail - 400C,139139,CORINA LOPEZ,MIA OUSLEY,LEAH HALL,1,3
453300,Vote by Mail - 400C,139140,CORINA LOPEZ,MIA OUSLEY,LEAH HALL,1,3
453300,Vote by Mail - 400C,139141,MIA OUSLEY,CORINA LOPEZ,LEAH HALL,1,3
453300,Vote by Mail - 400C,139142,CORINA LOPEZ,skipped,skipped,1,3
453300,Vote by Mail - 400C,139143,CORINA LOPEZ,skipped,skipped,1,3
453300,Vote by Mail - 400C,139145,CORINA LOPEZ,skipped,skipped,1,3
453300,Vote by Mail - 400C,139146,CORINA LOPEZ,MIA OUSLEY,LEAH HALL,1,3
453300,Vote by Mail - 400C,139147,CORINA LOPEZ,MIA OUSLEY,LEAH HALL,1,3
453300,Vote by Mail - 400C,139148,CORINA LOPEZ,skipped,skipped,1,3
453300,Vote by Mail - 400C,139149,LEAH HALL,skipped,skipped,1,3
453300,Vote by Mail - 400C,139150,CORINA LOPEZ,LEAH HALL,MIA OUSLEY,1,3
453300,Vote by Mail - 400C,139151,CORINA LOPEZ,LEAH HALL,MIA OUSLEY,1,3
453300,Vote by Mail - 400C,139153,CORINA LOPEZ,MIA OUSLEY,LEAH HALL,1,3
453300,Vote by Mail - 400C,139154,LEAH HALL,CORINA LOPEZ,MIA OUSLEY,1,3
453300,Vote by Mail - 400C,139155,CORINA LOPEZ,LEAH HALL,MIA OUSLEY,1,3
453300,Vote by Mail - 400C,139156,CORINA LOPEZ,LEAH HALL,MIA OUSLEY,1,3
453300,Vote by Mail - 400C,139157,MIA OUSLEY,LEAH HALL,skipped,1,3
453300,Vote by Mail - 400C,139158,MIA OUSLEY,CORINA LOPEZ,LEAH HALL,1,3
453300,Vote by Mail - 400C,139159,CORINA LOPEZ,MIA OUSLEY,skipped,1,3
453300,Vote by Mail - 400C,139160,CORINA LOPEZ,MIA OUSLEY,LEAH HALL,1,3
453300,Vote by Mail - 400C,139161,CORINA LOPEZ,skipped,skipped,1,3
453300,Vote by Mail - 400C,139162,LEAH HALL,skipped,skipped,1,3
453300,Vote by Mail - 400C,139163,LEAH HALL,MIA OUSLEY,CORINA LOPEZ,1,3
453300,Vote by Mail - 400C,139164,LEAH HALL,MIA OUSLEY,CORINA LOPEZ,1,3
453300,Vote by Mail - 400C,139165,CORINA LOPEZ,LEAH HALL,MIA OUSLEY,1,3
453400,Vote by Mail - 400C,139166,LEAH HALL,skipped,skipped,1,3
453400,Vote by Mail - 400C,139167,MIA OUSLEY,LEAH HALL,CORINA LOPEZ,1,3
453400,Vote by Mail - 400C,139168,CORINA LOPEZ,skipped,skipped,1,3
453400,Vote by Mail - 400C,139170,CORINA LOPEZ,MIA OUSLEY,LEAH HALL,1,3
453400,Vote by Mail - 400C,139171,LEAH HALL,CORINA LOPEZ,skipped,1,3
453400,Vote by Mail - 400C,139172,LEAH HALL,skipped,skipped,1,3
453400,Vote by Mail - 400C,139173,MIA OUSLEY,LEAH HALL,CORINA LOPEZ,1,3
453400,Vote by Mail - 400C,139174,MIA OUSLEY,CORINA LOPEZ,LEAH HALL,1,3
453400,Vote by Mail - 400C,139175,CORINA LOPEZ,LEAH HALL,MIA OUSLEY,1,3
453400,Vote by Mail - 400C,139176,CORINA LOPEZ,MIA OUSLEY,LEAH HALL,1,3
453400,Vote by Mail - 400C,139177,CORINA LOPEZ,LEAH HALL,MIA OUSLEY,1,3
453400,Vote by Mail - 400C,139178,CORINA LOPEZ,MIA OUSLEY,LEAH HALL,1,3
453400,Vote by Mail - 400C,139179,CORINA LOPEZ,skipped,skipped,1,3
453400,Vote by Mail - 400C,139180,CORINA LOPEZ,LEAH HALL,MIA OUSLEY,1,3
453400,Vote by Mail - 400C,139181,CORINA LOPEZ,MIA OUSLEY,LEAH HALL,1,3
453400,Vote by Mail - 400C,139182,LEAH HALL,CORINA LOPEZ,MIA OUSLEY,1,3
453400,Vote by Mail - 400C,139183,CORINA LOPEZ,MIA OUSLEY,LEAH HALL,1,3
453400,Vote by Mail - 400C,139184,CORINA LOPEZ,MIA OUSLEY,skipped,1,3
453400,Vote by Mail - 400C,139185,CORINA LOPEZ,LEAH HALL,MIA OUSLEY,1,3
453400,Vote by Mail - 400C,139186,CORINA LOPEZ,LEAH HALL,MIA OUSLEY,1,3
453400,Vote by Mail - 400C,139187,MIA OUSLEY,CORINA LOPEZ,LEAH HALL,1,3
453400,Vote by Mail - 400C,139188,CORINA LOPEZ,LEAH HALL,MIA OUSLEY,1,3
453400,Vote by Mail - 400C,139190,CORINA LOPEZ,MIA OUSLEY,LEAH HALL,1,3
453400,Vote by Mail - 400C,139191,CORINA LOPEZ,MIA OUSLEY,LEAH HALL,1,3
453400,Vote by Mail - 400C,139193,MIA OUSLEY,skipped,skipped,1,3
453400,Vote by Mail - 400C,139194,MIA OUSLEY,skipped,skipped,1,3
453400,Vote by Mail - 400C,139195,CORINA LOPEZ,skipped,skipped,1,3
453400,Vote by Mail - 400C,139196,CORINA LOPEZ,LEAH HALL,MIA OUSLEY,1,3
453400,Vote by Mail - 400C,139198,CORINA LOPEZ,MIA OUSLEY,skipped,1,3
453400,Vote by Mail - 400C,139199,CORINA LOPEZ,MIA OUSLEY,skipped,1,3
453400,Vote by Mail - 400C,139201,CORINA LOPEZ,LEAH HALL,skipped,1,3
453400,Vote by Mail - 400C,139202,CORINA LOPEZ,LEAH HALL,MIA OUSLEY,1,3
453400,Vote by Mail - 400C,139203,MIA OUSLEY,skipped,skipped,1,3
453400,Vote by Mail - 400C,139204,CORINA LOPEZ,MIA OUSLEY,LEAH HALL,1,3
453400,Vote by Mail - 400C,139205,LEAH HALL,MIA OUSLEY,CORINA LOPEZ,1,3
453400,Vote by Mail - 400C,139206,MIA OUSLEY,LEAH HALL,CORINA LOPEZ,1,3
453400,Vote by Mail - 400C,139207,CORINA LOPEZ,MIA OUSLEY,LEAH HALL,1,3
453400,Vote by Mail - 400C,139208,CORINA LOPEZ,LEAH HALL,MIA OUSLEY,1,3
453400,Vote by Mail - 400C,139209,CORINA LOPEZ,MIA OUSLEY,LEAH HALL,1,3
453400,Vote by Mail - 400C,139210,CORINA LOPEZ,LEAH HALL,skipped,1,3
453400,Vote by Mail - 400C,139212,CORINA LOPEZ,skipped,skipped,1,3
453400,Vote by Mail - 400C,139213,CORINA LOPEZ,MIA OUSLEY,LEAH HALL,1,3
453400,Vote by Mail - 400C,139214,CORINA LOPEZ,MIA OUSLEY,LEAH HALL,1,3
453400,Vote by Mail - 400C,139215,CORINA LOPEZ,LEAH HALL,MIA OUSLEY,1,3
453400,Vote by Mail - 400C,139216,CORINA LOPEZ,MIA OUSLEY,LEAH HALL,1,3
455000,Vote by Mail - 400C,139217,CORINA LOPEZ,skipped,skipped,1,3
455000,Vote by Mail - 400C,139218,LEAH HALL,MIA OUSLEY,CORINA LOPEZ,1,3
455000,Vote by Mail - 400C,139219,LEAH HALL,MIA OUSLEY,CORINA LOPEZ,1,3
455000,Vote by Mail - 400C,139220,CORINA LOPEZ,MIA OUSLEY,LEAH HALL,1,3
455000,Vote by Mail - 400C,139221,CORINA LOPEZ,LEAH HALL,MIA OUSLEY,1,3
455000,Vote by Mail - 400C,139222,MIA OUSLEY,LEAH HALL,CORINA LOPEZ,1,3
455000,Vote by Mail - 400C,139223,LEAH HALL,CORINA LOPEZ,skipped,1,3
455000,Vote by Mail - 400C,139224,CORINA LOPEZ,skipped,skipped,1,3
455000,Vote by Mail - 400C,139225,MIA OUSLEY,LEAH HALL,CORINA LOPEZ,1,3
455000,Vote by Mail - 400C,139226,CORINA LOPEZ,skipped,skipped,1,3
455000,Vote by Mail - 400C,139227,MIA OUSLEY,LEAH HALL,CORINA LOPEZ,1,3
455000,Vote by Mail - 400C,139228,LEAH HALL,skipped,skipped,1,3
455000,Vote by Mail - 400C,139230,CORINA LOPEZ,MIA OUSLEY,LEAH HALL,1,3
455000,Vote by Mail - 400C,139231,LEAH HALL,MIA OUSLEY,CORINA LOPEZ,1,3
455000,Vote by Mail - 400C,139232,LEAH HALL,MIA OUSLEY,CORINA LOPEZ,1,3
455000,Vote by Mail - 400C,139233,CORINA LOPEZ,skipped,skipped,1,3
455000,Vote by Mail - 400C,139234,CORINA LOPEZ,MIA OUSLEY,LEAH HALL,1,3
455000,Vote by Mail - 400C,139235,LEAH HALL,skipped,skipped,1,3
455000,Vote by Mail - 400C,139236,LEAH HALL,CORINA LOPEZ,skipped,1,3
455000,Vote by Mail - 400C,139237,CORINA LOPEZ,LEAH HALL,MIA OUSLEY,1,3
455000,Vote by Mail - 400C,139238,CORINA LOPEZ,MIA OUSLEY,LEAH HALL,1,3
455000,Vote by Mail - 400C,139239,CORINA LOPEZ,MIA OUSLEY,skipped,1,3
455000,Vote by Mail - 400C,139240,MIA OUSLEY,CORINA LOPEZ,LEAH HALL,1,3
455000,Vote by Mail - 400C,139241,CORINA LOPEZ,MIA OUSLEY,LEAH HALL,1,3
455000,Vote by Mail - 400C,139243,MIA OUSLEY,LEAH HALL,CORINA LOPEZ,1,3
455000,Vote by Mail - 400C,139244,CORINA LOPEZ,skipped,skipped,1,3
455100,Vote by Mail - 400C,139245,MIA OUSLEY,LEAH HALL,CORINA LOPEZ,1,3
455100,Vote by Mail - 400C,139246,LEAH HALL,CORINA LOPEZ,MIA OUSLEY,1,3
455100,Vote by Mail - 400C,139247,CORINA LOPEZ,skipped,skipped,1,3
455100,Vote by Mail - 400C,139248,MIA OUSLEY,CORINA LOPEZ,LEAH HALL,1,3
455100,Vote by Mail - 400C,139249,CORINA LOPEZ,skipped,skipped,1,3
455100,Vote by Mail - 400C,139250,LEAH HALL,CORINA LOPEZ,MIA OUSLEY,1,3
455100,Vote by Mail - 400C,139251,CORINA LOPEZ,skipped,skipped,1,3
455100,Vote by Mail - 400C,139252,CORINA LOPEZ,skipped,skipped,1,3
455100,Vote by Mail - 400C,139253,CORINA LOPEZ,skipped,skipped,1,3
455100,Vote by Mail - 400C,139254,CORINA LOPEZ,MIA OUSLEY,LEAH HALL,1,3
455100,Vote by Mail - 400C,139255,LEAH HALL,skipped,skipped,1,3
455100,Vote by Mail - 400C,139256,CORINA LOPEZ,LEAH HALL,MIA OUSLEY,1,3
455100,Vote by Mail - 400C,139257,CORINA LOPEZ,MIA OUSLEY,LEAH HALL,1,3
455100,Vote by Mail - 400C,139258,CORINA LOPEZ,MIA OUSLEY,skipped,1,3
455100,Vote by Mail - 400C,139259,LEAH HALL,MIA OUSLEY,CORINA LOPEZ,1,3
455100,Vote by Mail - 400C,139260,CORINA LOPEZ,skipped,skipped,1,3
455100,Vote by Mail - 400C,139261,CORINA LOPEZ,LEAH HALL,MIA OUSLEY,1,3
455100,Vote by Mail - 400C,139262,LEAH HALL,CORINA LOPEZ,MIA OUSLEY,1,3
455100,Vote by Mail - 400C,139263,CORINA LOPEZ,LEAH HALL,MIA OUSLEY,1,3
455100,Vote by Mail - 400C,139264,MIA OUSLEY,LEAH HALL,CORINA LOPEZ,1,3
455100,Vote by Mail - 400C,139265,MIA OUSLEY,LEAH HALL,CORINA LOPEZ,1,3
455100,Vote by Mail - 400C,139266,CORINA LOPEZ,MIA OUSLEY,LEAH HALL,1,3
455100,Vote by Mail - 400C,139267,CORINA LOPEZ,skipped,skipped,1,3
455100,Vote by Mail - 400C,139268,LEAH HALL,CORINA LOPEZ,skipped,1,3
455100,Vote by Mail - 400C,139270,LEAH HALL,MIA OUSLEY,skipped,1,3
455100,Vote by Mail - 400C,139271,CORINA LOPEZ,skipped,skipped,1,3
455100,Vote by Mail - 400C,139272,LEAH HALL,MIA OUSLEY,CORINA LOPEZ,1,3
455100,Vote by Mail - 400C,139273,MIA OUSLEY,LEAH HALL,CORINA LOPEZ,1,3
455100,Vote by Mail - 400C,139274,LEAH HALL,CORINA LOPEZ,skipped,1,3
455100,Vote by Mail - 400C,139275,LEAH HALL,skipped,skipped,1,3
455100,Vote by Mail - 400C,139276,MIA OUSLEY,skipped,skipped,1,3
455100,Vote by Mail - 400C,139277,CORINA LOPEZ,skipped,skipped,1,3
455100,Vote by Mail - 400C,139278,CORINA LOPEZ,MIA OUSLEY,LEAH HALL,1,3
455100,Vote by Mail - 400C,139279,CORINA LOPEZ,LEAH HALL,MIA OUSLEY,1,3
455100,Vote by Mail - 400C,139280,LEAH HALL,CORINA LOPEZ,MIA OUSLEY,1,3
455100,Vote by Mail - 400C,139281,CORINA LOPEZ,LEAH HALL,MIA OUSLEY,1,3
455100,Vote by Mail - 400C,139282,CORINA LOPEZ,skipped,skipped,1,3
455100,Vote by Mail - 400C,139283,CORINA LOPEZ,LEAH HALL,MIA OUSLEY,1,3
455100,Vote by Mail - 400C,139284,CORINA LOPEZ,LEAH HALL,MIA OUSLEY,1,3
455100,Vote by Mail - 400C,139285,CORINA LOPEZ,LEAH HALL,MIA OUSLEY,1,3
455100,Vote by Mail - 400C,139286,MIA OUSLEY,CORINA LOPEZ,skipped,1,3
455100,Vote by Mail - 400C,139287,LEAH HALL,MIA OUSLEY,CORINA LOPEZ,1,3
455100,Vote by Mail - 400C,139290,MIA OUSLEY,CORINA LOPEZ,LEAH HALL,1,3
455100,Vote by Mail - 400C,139291,MIA OUSLEY,LEAH HALL,skipped,1,3
455300,Vote by Mail - 400C,139292,MIA OUSLEY,LEAH HALL,CORINA LOPEZ,1,3
455300,Vote by Mail - 400C,139293,LEAH HALL,CORINA LOPEZ,MIA OUSLEY,1,3
455300,Vote by Mail - 400C,139294,LEAH HALL,skipped,skipped,1,3
455300,Vote by Mail - 400C,139295,LEAH HALL,MIA OUSLEY,CORINA LOPEZ,1,3
455300,Vote by Mail - 400C,139296,LEAH HALL,MIA OUSLEY,CORINA LOPEZ,1,3
455300,Vote by Mail - 400C,139297,CORINA LOPEZ,LEAH HALL,skipped,1,3
455300,Vote by Mail - 400C,139298,LEAH HALL,MIA OUSLEY,CORINA LOPEZ,1,3
455300,Vote by Mail - 400C,139299,CORINA LOPEZ,skipped,skipped,1,3
455300,Vote by Mail - 400C,139300,MIA OUSLEY,LEAH HALL,skipped,1,3
455300,Vote by Mail - 400C,139301,MIA OUSLEY,skipped,skipped,1,3
455300,Vote by Mail - 400C,139302,LEAH HALL,skipped,skipped,1,3
455300,Vote by Mail - 400C,139303,CORINA LOPEZ,MIA OUSLEY,LEAH HALL,1,3
455300,Vote by Mail - 400C,139304,CORINA LOPEZ,MIA OUSLEY,LEAH HALL,1,3
455300,Vote by Mail - 400C,139305,MIA OUSLEY,CORINA LOPEZ,LEAH HALL,1,3
455300,Vote by Mail - 400C,139306,CORINA LOPEZ,MIA OUSLEY,LEAH HALL,1,3
455300,Vote by Mail - 400C,139307,CORINA LOPEZ,MIA OUSLEY,LEAH HALL,1,3
455300,Vote by Mail - 400C,139308,MIA OUSLEY,LEAH HALL,skipped,1,3
455300,Vote by Mail - 400C,139309,CORINA LOPEZ,MIA OUSLEY,LEAH HALL,1,3
455300,Vote by Mail - 400C,139310,CORINA LOPEZ,skipped,skipped,1,3
455300,Vote by Mail - 400C,139311,CORINA LOPEZ,LEAH HALL,skipped,1,3
455300,Vote by Mail - 400C,139312,MIA OUSLEY,LEAH HALL,skipped,1,3
455300,Vote by Mail - 400C,139313,CORINA LOPEZ,MIA OUSLEY,LEAH HALL,1,3
455300,Vote by Mail - 400C,139314,CORINA LOPEZ,MIA OUSLEY,LEAH HALL,1,3
455300,Vote by Mail - 400C,139315,CORINA LOPEZ,LEAH HALL,MIA OUSLEY,1,3
455300,Vote by Mail - 400C,139316,CORINA LOPEZ,LEAH HALL,MIA OUSLEY,1,3
455300,Vote by Mail - 400C,139317,LEAH HALL,skipped,skipped,1,3
455300,Vote by Mail - 400C,139318,LEAH HALL,skipped,skipped,1,3
455300,Vote by Mail - 400C,139320,CORINA LOPEZ,MIA OUSLEY,LEAH HALL,1,3
455300,Vote by Mail - 400C,139321,CORINA LOPEZ,MIA OUSLEY,LEAH HALL,1,3
455300,Vote by Mail - 400C,139322,MIA OUSLEY,LEAH HALL,skipped,1,3
455300,Vote by Mail - 400C,139323,CORINA LOPEZ,LEAH HALL,MIA OUSLEY,1,3
455300,Vote by Mail - 400C,139324,LEAH HALL,CORINA LOPEZ,MIA OUSLEY,1,3
455300,Vote by Mail - 400C,139325,LEAH HALL,MIA OUSLEY,CORINA LOPEZ,1,3
455300,Vote by Mail - 400C,139326,CORINA LOPEZ,MIA OUSLEY,LEAH HALL,1,3
455300,Vote by Mail - 400C,139327,MIA OUSLEY,LEAH HALL,CORINA LOPEZ,1,3
455300,Vote by Mail - 400C,139328,CORINA LOPEZ,skipped,skipped,1,3
455300,Vote by Mail - 400C,139329,LEAH HALL,CORINA LOPEZ,MIA OUSLEY,1,3
455300,Vote by Mail - 400C,139330,CORINA LOPEZ,MIA OUSLEY,skipped,1,3
455300,Vote by Mail - 400C,139331,CORINA LOPEZ,LEAH HALL,skipped,1,3
455300,Vote by Mail - 400C,139332,CORINA LOPEZ,MIA OUSLEY,LEAH HALL,1,3
455300,Vote by Mail - 400C,139334,MIA OUSLEY,skipped,skipped,1,3
455300,Vote by Mail - 400C,139335,LEAH HALL,skipped,skipped,1,3
455300,Vote by Mail - 400C,139336,CORINA LOPEZ,LEAH HALL,MIA OUSLEY,1,3
455300,Vote by Mail - 400C,139337,CORINA LOPEZ,LEAH HALL,MIA OUSLEY,1,3
455300,Vote by Mail - 400C,139338,LEAH HALL,MIA OUSLEY,skipped,1,3
455300,Vote by Mail - 400C,139339,CORINA LOPEZ,skipped,skipped,1,3
455300,Vote by Mail - 400C,139340,LEAH HALL,CORINA LOPEZ,MIA OUSLEY,1,3
455300,Vote by Mail - 400C,139341,CORINA LOPEZ,skipped,skipped,1,3
455300,Vote by Mail - 400C,139343,CORINA LOPEZ,MIA OUSLEY,LEAH HALL,1,3
455300,Vote by Mail - 400C,139344,LEAH HALL,MIA OUSLEY,CORINA LOPEZ,1,3
455300,Vote by Mail - 400C,139347,CORINA LOPEZ,LEAH HALL,MIA OUSLEY,1,3
455300,Vote by Mail - 400C,139348,CORINA LOPEZ,LEAH HALL,MIA OUSLEY,1,3
455700,Vote by Mail - 400C,139349,CORINA LOPEZ,MIA OUSLEY,LEAH HALL,1,3
455700,Vote by Mail - 400C,139350,CORINA LOPEZ,LEAH HALL,MIA OUSLEY,1,3
455700,Vote by Mail - 400C,139351,MIA OUSLEY,LEAH HALL,CORINA LOPEZ,1,3
455700,Vote by Mail - 400C,139352,CORINA LOPEZ,MIA OUSLEY,skipped,1,3
455700,Vote by Mail - 400C,139353,MIA OUSLEY,LEAH HALL,CORINA LOPEZ,1,3
455700,Vote by Mail - 400C,139354,CORINA LOPEZ,LEAH HALL,MIA OUSLEY,1,3
455700,Vote by Mail - 400C,139355,MIA OUSLEY,LEAH HALL,CORINA LOPEZ,1,3
455700,Vote by Mail - 400C,139356,CORINA LOPEZ,skipped,skipped,1,3
455700,Vote by Mail - 400C,139357,MIA OUSLEY,LEAH HALL,CORINA LOPEZ,1,3
455700,Vote by Mail - 400C,139358,MIA OUSLEY,LEAH HALL,CORINA LOPEZ,1,3
455700,Vote by Mail - 400C,139359,CORINA LOPEZ,LEAH HALL,MIA OUSLEY,1,3
455700,Vote by Mail - 400C,139360,MIA OUSLEY,LEAH HALL,CORINA LOPEZ,1,3
455700,Vote by Mail - 400C,139361,MIA OUSLEY,skipped,skipped,1,3
455700,Vote by Mail - 400C,139362,CORINA LOPEZ,skipped,skipped,1,3
455700,Vote by Mail - 400C,139363,LEAH HALL,CORINA LOPEZ,MIA OUSLEY,1,3
455700,Vote by Mail - 400C,139364,MIA OUSLEY,LEAH HALL,CORINA LOPEZ,1,3
455700,Vote by Mail - 400C,139365,CORINA LOPEZ,MIA OUSLEY,LEAH HALL,1,3
455700,Vote by Mail - 400C,139366,MIA OUSLEY,CORINA LOPEZ,LEAH HALL,1,3
455700,Vote by Mail - 400C,139367,CORINA LOPEZ,LEAH HALL,MIA OUSLEY,1,3
455700,Vote by Mail - 400C,139368,MIA OUSLEY,LEAH HALL,CORINA LOPEZ,1,3
455700,Vote by Mail - 400C,139369,CORINA LOPEZ,MIA OUSLEY,LEAH HALL,1,3
455700,Vote by Mail - 400C,139370,MIA OUSLEY,CORINA LOPEZ,LEAH HALL,1,3
455700,Vote by Mail - 400C,139371,LEAH HALL,CORINA LOPEZ,MIA OUSLEY,1,3
455700,Vote by Mail - 400C,139372,MIA OUSLEY,LEAH HALL,CORINA LOPEZ,1,3
455700,Vote by Mail - 400C,139373,MIA OUSLEY,CORINA LOPEZ,LEAH HALL,1,3
455700,Vote by Mail - 400C,139374,CORINA LOPEZ,MIA OUSLEY,LEAH HALL,1,3
455700,Vote by Mail - 400C,139375,MIA OUSLEY,CORINA LOPEZ,LEAH HALL,1,3
455700,Vote by Mail - 400C,139377,CORINA LOPEZ,MIA OUSLEY,LEAH HALL,1,3
455700,Vote by Mail - 400C,139378,CORINA LOPEZ,skipped,skipped,1,3
455700,Vote by Mail - 400C,139379,CORINA LOPEZ,LEAH HALL,MIA OUSLEY,1,3
455700,Vote by Mail - 400C,139380,CORINA LOPEZ,skipped,skipped,1,3
455700,Vote by Mail - 400C,139381,CORINA LOPEZ,MIA OUSLEY,LEAH HALL,1,3
455700,Vote by Mail - 400C,139382,LEAH HALL,CORINA LOPEZ,MIA OUSLEY,1,3
455700,Vote by Mail - 400C,139383,LEAH HALL,skipped,skipped,1,3
455700,Vote by Mail - 400C,139384,CORINA LOPEZ,LEAH HALL,MIA OUSLEY,1,3
455700,Vote by Mail - 400C,139386,MIA OUSLEY,CORINA LOPEZ,LEAH HALL,1,3
455700,Vote by Mail - 400C,139387,MIA OUSLEY,CORINA LOPEZ,LEAH HALL,1,3
456500,Vote by Mail - 400C,139391,CORINA LOPEZ,LEAH HALL,MIA OUSLEY,1,3
456500,Vote by Mail - 400C,139392,CORINA LOPEZ,LEAH HALL,skipped,1,3
456500,Vote by Mail - 400C,139393,CORINA LOPEZ,MIA OUSLEY,LEAH HALL,1,3
456500,Vote by Mail - 400C,139395,MIA OUSLEY,LEAH HALL,CORINA LOPEZ,1,3
456500,Vote by Mail - 400C,139396,CORINA LOPEZ,LEAH HALL,MIA OUSLEY,1,3
456500,Vote by Mail - 400C,139397,MIA OUSLEY,LEAH HALL,CORINA LOPEZ,1,3
456500,Vote by Mail - 400C,139398,CORINA LOPEZ,skipped,skipped,1,3
456500,Vote by Mail - 400C,139399,CORINA LOPEZ,LEAH HALL,MIA OUSLEY,1,3
456500,Vote by Mail - 400C,139400,MIA OUSLEY,skipped,skipped,1,3
456500,Vote by Mail - 400C,139402,MIA OUSLEY,LEAH HALL,skipped,1,3
456500,Vote by Mail - 400C,139403,MIA OUSLEY,skipped,skipped,1,3
456500,Vote by Mail - 400C,139404,CORINA LOPEZ,LEAH HALL,MIA OUSLEY,1,3
456500,Vote by Mail - 400C,139405,CORINA LOPEZ,skipped,skipped,1,3
456500,Vote by Mail - 400C,139406,MIA OUSLEY,LEAH HALL,CORINA LOPEZ,1,3
456500,Vote by Mail - 400C,139407,MIA OUSLEY,skipped,skipped,1,3
456500,Vote by Mail - 400C,139408,CORINA LOPEZ,skipped,skipped,1,3
456500,Vote by Mail - 400C,139409,CORINA LOPEZ,LEAH HALL,MIA OUSLEY,1,3
456500,Vote by Mail - 400C,139410,CORINA LOPEZ,skipped,skipped,1,3
456500,Vote by Mail - 400C,139412,CORINA LOPEZ,LEAH HALL,skipped,1,3
456500,Vote by Mail - 400C,139413,LEAH HALL,MIA OUSLEY,CORINA LOPEZ,1,3
456500,Vote by Mail - 400C,139414,CORINA LOPEZ,MIA OUSLEY,skipped,1,3
456500,Vote by Mail - 400C,139415,CORINA LOPEZ,LEAH HALL,MIA OUSLEY,1,3
457100,Vote by Mail - 400C,139416,MIA OUSLEY,skipped,skipped,1,3
457100,Vote by Mail - 400C,139417,MIA OUSLEY,LEAH HALL,CORINA LOPEZ,1,3
457100,Vote by Mail - 400C,139418,MIA OUSLEY,LEAH HALL,CORINA LOPEZ,1,3
457100,Vote by Mail - 400C,139419,CORINA LOPEZ,MIA OUSLEY,LEAH HALL,1,3
457100,Vote by Mail - 400C,139420,CORINA LOPEZ,skipped,skipped,1,3
457100,Vote by Mail - 400C,139421,LEAH HALL,MIA OUSLEY,CORINA LOPEZ,1,3
457100,Vote by Mail - 400C,139422,LEAH HALL,MIA OUSLEY,CORINA LOPEZ,1,3
457100,Vote by Mail - 400C,139423,LEAH HALL,MIA OUSLEY,CORINA LOPEZ,1,3
457100,Vote by Mail - 400C,139424,MIA OUSLEY,CORINA LOPEZ,LEAH HALL,1,3
457100,Vote by Mail - 400C,139425,LEAH HALL,MIA OUSLEY,CORINA LOPEZ,1,3
457100,Vote by Mail - 400C,139426,LEAH HALL,MIA OUSLEY,CORINA LOPEZ,1,3
457100,Vote by Mail - 400C,139428,LEAH HALL,MIA OUSLEY,skipped,1,3
457100,Vote by Mail - 400C,139429,CORINA LOPEZ,MIA OUSLEY,LEAH HALL,1,3
457100,Vote by Mail - 400C,139430,MIA OUSLEY,skipped,skipped,1,3
457100,Vote by Mail - 400C,139431,MIA OUSLEY,skipped,skipped,1,3
457100,Vote by Mail - 400C,139432,CORINA LOPEZ,MIA OUSLEY,LEAH HALL,1,3
457100,Vote by Mail - 400C,139433,CORINA LOPEZ,skipped,skipped,1,3
457100,Vote by Mail - 400C,139434,LEAH HALL,MIA OUSLEY,CORINA LOPEZ,1,3
457100,Vote by Mail - 400C,139435,CORINA LOPEZ,LEAH HALL,MIA OUSLEY,1,3
457100,Vote by Mail - 400C,139436,CORINA LOPEZ,skipped,skipped,1,3
457100,Vote by Mail - 400C,139437,CORINA LOPEZ,LEAH HALL,MIA OUSLEY,1,3
457100,Vote by Mail - 400C,139438,CORINA LOPEZ,MIA OUSLEY,LEAH HALL,1,3
457100,Vote by Mail - 400C,139439,LEAH HALL,CORINA LOPEZ,MIA OUSLEY,1,3
457100,Vote by Mail - 400C,139440,CORINA LOPEZ,MIA OUSLEY,LEAH HALL,1,3
457100,Vote by Mail - 400C,139441,MIA OUSLEY,LEAH HALL,CORINA LOPEZ,1,3
457100,Vote by Mail - 400C,139442,LEAH HALL,MIA OUSLEY,CORINA LOPEZ,1,3
457100,Vote by Mail - 400C,139443,MIA OUSLEY,skipped,skipped,1,3
457100,Vote by Mail - 400C,139444,CORINA LOPEZ,MIA OUSLEY,skipped,1,3
457100,Vote by Mail - 400C,139445,CORINA LOPEZ,MIA OUSLEY,LEAH HALL,1,3
457300,Vote by Mail - 400C,139446,CORINA LOPEZ,MIA OUSLEY,LEAH HALL,1,3
457300,Vote by Mail - 400C,139448,CORINA LOPEZ,skipped,skipped,1,3
457300,Vote by Mail - 400C,139449,CORINA LOPEZ,MIA OUSLEY,skipped,1,3
457300,Vote by Mail - 400C,139450,CORINA LOPEZ,MIA OUSLEY,LEAH HALL,1,3
457300,Vote by Mail - 400C,139451,CORINA LOPEZ,LEAH HALL,MIA OUSLEY,1,3
457300,Vote by Mail - 400C,139453,LEAH HALL,MIA OUSLEY,CORINA LOPEZ,1,3
457300,Vote by Mail - 400C,139454,CORINA LOPEZ,LEAH HALL,skipped,1,3
457300,Vote by Mail - 400C,139455,CORINA LOPEZ,LEAH HALL,skipped,1,3
457300,Vote by Mail - 400C,139456,LEAH HALL,CORINA LOPEZ,MIA OUSLEY,1,3
457300,Vote by Mail - 400C,139457,CORINA LOPEZ,MIA OUSLEY,LEAH HALL,1,3
457300,Vote by Mail - 400C,139459,CORINA LOPEZ,MIA OUSLEY,LEAH HALL,1,3
457300,Vote by Mail - 400C,139460,MIA OUSLEY,LEAH HALL,CORINA LOPEZ,1,3
457300,Vote by Mail - 400C,139461,LEAH HALL,MIA OUSLEY,CORINA LOPEZ,1,3
457300,Vote by Mail - 400C,139462,MIA OUSLEY,skipped,skipped,1,3
457300,Vote by Mail - 400C,139463,MIA OUSLEY,CORINA LOPEZ,LEAH HALL,1,3
457300,Vote by Mail - 400C,139465,LEAH HALL,skipped,skipped,1,3
457300,Vote by Mail - 400C,139467,CORINA LOPEZ,MIA OUSLEY,LEAH HALL,1,3
457300,Vote by Mail - 400C,139468,CORINA LOPEZ,MIA OUSLEY,LEAH HALL,1,3
457300,Vote by Mail - 400C,139469,CORINA LOPEZ,MIA OUSLEY,LEAH HALL,1,3
457300,Vote by Mail - 400C,139470,LEAH HALL,CORINA LOPEZ,MIA OUSLEY,1,3
457300,Vote by Mail - 400C,139471,LEAH HALL,CORINA LOPEZ,skipped,1,3
457300,Vote by Mail - 400C,139472,LEAH HALL,MIA OUSLEY,skipped,1,3
457300,Vote by Mail - 400C,139473,CORINA LOPEZ,LEAH HALL,MIA OUSLEY,1,3
457300,Vote by Mail - 400C,139474,CORINA LOPEZ,LEAH HALL,MIA OUSLEY,1,3
457300,Vote by Mail - 400C,139475,CORINA LOPEZ,MIA OUSLEY,LEAH HALL,1,3
457300,Vote by Mail - 400C,139476,CORINA LOPEZ,MIA OUSLEY,LEAH HALL,1,3
457300,Vote by Mail - 400C,139477,MIA OUSLEY,skipped,skipped,1,3
457300,Vote by Mail - 400C,139478,LEAH HALL,MIA OUSLEY,CORINA LOPEZ,1,3
457300,Vote by Mail - 400C,139479,CORINA LOPEZ,MIA OUSLEY,LEAH HALL,1,3
457300,Vote by Mail - 400C,139480,LEAH HALL,MIA OUSLEY,CORINA LOPEZ,1,3
457300,Vote by Mail - 400C,139481,MIA OUSLEY,skipped,skipped,1,3
457300,Vote by Mail - 400C,139482,MIA OUSLEY,skipped,skipped,1,3
457300,Vote by Mail - 400C,139483,MIA OUSLEY,skipped,skipped,1,3
457300,Vote by Mail - 400C,139484,LEAH HALL,MIA OUSLEY,CORINA LOPEZ,1,3
457300,Vote by Mail - 400C,139485,LEAH HALL,CORINA LOPEZ,MIA OUSLEY,1,3
457300,Vote by Mail - 400C,139486,LEAH HALL,CORINA LOPEZ,MIA OUSLEY,1,3
457300,Vote by Mail - 400C,139487,LEAH HALL,CORINA LOPEZ,MIA OUSLEY,1,3
457300,Vote by Mail - 400C,139488,CORINA LOPEZ,skipped,skipped,1,3
457300,Vote by Mail - 400C,139489,LEAH HALL,CORINA LOPEZ,MIA OUSLEY,1,3
457300,Vote by Mail - 400C,139490,LEAH HALL,CORINA LOPEZ,MIA OUSLEY,1,3
457300,Vote by Mail - 400C,139491,CORINA LOPEZ,LEAH HALL,MIA OUSLEY,1,3
457300,Vote by Mail - 400C,139492,MIA OUSLEY,skipped,skipped,1,3
457300,Vote by Mail - 400C,139493,MIA OUSLEY,skipped,skipped,1,3
457300,Vote by Mail - 400C,139494,LEAH HALL,CORINA LOPEZ,MIA OUSLEY,1,3
457300,Vote by Mail - 400C,139495,CORINA LOPEZ,MIA OUSLEY,LEAH HALL,1,3
457300,Vote by Mail - 400C,139496,LEAH HALL,MIA OUSLEY,CORINA LOPEZ,1,3
457300,Vote by Mail - 400C,139498,MIA OUSLEY,skipped,skipped,1,3
457300,Vote by Mail - 400C,139499,LEAH HALL,skipped,skipped,1,3
457300,Vote by Mail - 400C,139500,CORINA LOPEZ,LEAH HALL,MIA OUSLEY,1,3
457300,Vote by Mail - 400C,139501,LEAH HALL,skipped,skipped,1,3
457300,Vote by Mail - 400C,139502,CORINA LOPEZ,LEAH HALL,skipped,1,3
457300,Vote by Mail - 400C,139503,CORINA LOPEZ,skipped,skipped,1,3
457300,Vote by Mail - 400C,139504,CORINA LOPEZ,MIA OUSLEY,LEAH HALL,1,3
457300,Vote by Mail - 400C,139505,LEAH HALL,CORINA LOPEZ,MIA OUSLEY,1,3
457300,Vote by Mail - 400C,139506,CORINA LOPEZ,skipped,skipped,1,3
457300,Vote by Mail - 400C,139507,CORINA LOPEZ,MIA OUSLEY,LEAH HALL,1,3
457300,Vote by Mail - 400C,139508,LEAH HALL,MIA OUSLEY,CORINA LOPEZ,1,3
457300,Vote by Mail - 400C,139509,MIA OUSLEY,CORINA LOPEZ,LEAH HALL,1,3
457300,Vote by Mail - 400C,139510,LEAH HALL,skipped,skipped,1,3
457300,Vote by Mail - 400C,139511,CORINA LOPEZ,LEAH HALL,MIA OUSLEY,1,3
457300,Vote by Mail - 400C,139512,MIA OUSLEY,CORINA LOPEZ,LEAH HALL,1,3
457300,Vote by Mail - 400C,139513,CORINA LOPEZ,LEAH HALL,MIA OUSLEY,1,3
458500,Vote by Mail - 400C,139514,CORINA LOPEZ,LEAH HALL,MIA OUSLEY,1,3
458500,Vote by Mail - 400C,139515,CORINA LOPEZ,skipped,skipped,1,3
458500,Vote by Mail - 400C,139516,CORINA LOPEZ,skipped,skipped,1,3
458500,Vote by Mail - 400C,139517,CORINA LOPEZ,LEAH HALL,MIA OUSLEY,1,3
458500,Vote by Mail - 400C,139518,LEAH HALL,CORINA LOPEZ,MIA OUSLEY,1,3
458500,Vote by Mail - 400C,139519,CORINA LOPEZ,MIA OUSLEY,skipped,1,3
458500,Vote by Mail - 400C,139520,LEAH HALL,CORINA LOPEZ,MIA OUSLEY,1,3
458500,Vote by Mail - 400C,139521,MIA OUSLEY,LEAH HALL,CORINA LOPEZ,1,3
458500,Vote by Mail - 400C,139522,MIA OUSLEY,LEAH HALL,CORINA LOPEZ,1,3
458500,Vote by Mail - 400C,139523,CORINA LOPEZ,MIA OUSLEY,LEAH HALL,1,3
458500,Vote by Mail - 400C,139524,MIA OUSLEY,skipped,skipped,1,3
458500,Vote by Mail - 400C,139526,MIA OUSLEY,CORINA LOPEZ,LEAH HALL,1,3
458500,Vote by Mail - 400C,139527,MIA OUSLEY,CORINA LOPEZ,LEAH HALL,1,3
458500,Vote by Mail - 400C,139528,CORINA LOPEZ,skipped,skipped,1,3
458500,Vote by Mail - 400C,139530,LEAH HALL,MIA OUSLEY,CORINA LOPEZ,1,3
458500,Vote by Mail - 400C,139531,LEAH HALL,CORINA LOPEZ,MIA OUSLEY,1,3
458500,Vote by Mail - 400C,139533,LEAH HALL,CORINA LOPEZ,MIA OUSLEY,1,3
458500,Vote by Mail - 400C,139534,LEAH HALL,CORINA LOPEZ,skipped,1,3
458500,Vote by Mail - 400C,139535,CORINA LOPEZ,LEAH HALL,MIA OUSLEY,1,3
458500,Vote by Mail - 400C,139536,CORINA LOPEZ,skipped,skipped,1,3
458500,Vote by Mail - 400C,139537,CORINA LOPEZ,skipped,skipped,1,3
458500,Vote by Mail - 400C,139538,CORINA LOPEZ,MIA OUSLEY,LEAH HALL,1,3
458500,Vote by Mail - 400C,139539,CORINA LOPEZ,MIA OUSLEY,LEAH HALL,1,3
458500,Vote by Mail - 400C,139540,LEAH HALL,MIA OUSLEY,CORINA LOPEZ,1,3
458500,Vote by Mail - 400C,139541,CORINA LOPEZ,MIA OUSLEY,skipped,1,3
458500,Vote by Mail - 400C,139542,MIA OUSLEY,CORINA LOPEZ,LEAH HALL,1,3
458500,Vote by Mail - 400C,139543,CORINA LOPEZ,skipped,skipped,1,3
458500,Vote by Mail - 400C,139544,CORINA LOPEZ,MIA OUSLEY,LEAH HALL,1,3
458500,Vote by Mail - 400C,139545,CORINA LOPEZ,MIA OUSLEY,LEAH HALL,1,3
458500,Vote by Mail - 400C,139546,LEAH HALL,MIA OUSLEY,CORINA LOPEZ,1,3
458500,Vote by Mail - 400C,139547,LEAH HALL,CORINA LOPEZ,MIA OUSLEY,1,3
458500,Vote by Mail - 400C,139548,CORINA LOPEZ,LEAH HALL,MIA OUSLEY,1,3
458500,Vote by Mail - 400C,139549,CORINA LOPEZ,MIA OUSLEY,LEAH HALL,1,3
458500,Vote by Mail - 400C,139550,CORINA LOPEZ,MIA OUSLEY,LEAH HALL,1,3
458500,Vote by Mail - 400C,139551,CORINA LOPEZ,MIA OUSLEY,LEAH HALL,1,3
458500,Vote by Mail - 400C,139552,LEAH HALL,CORINA LOPEZ,MIA OUSLEY,1,3
458500,Vote by Mail - 400C,139553,CORINA LOPEZ,MIA OUSLEY,LEAH HALL,1,3
458500,Vote by Mail - 400C,139554,MIA OUSLEY,skipped,skipped,1,3
458500,Vote by Mail - 400C,139555,LEAH HALL,CORINA LOPEZ,MIA OUSLEY,1,3
458500,Vote by Mail - 400C,139556,LEAH HALL,skipped,skipped,1,3
458500,Vote by Mail - 400C,139557,LEAH HALL,MIA OUSLEY,CORINA LOPEZ,1,3
458500,Vote by Mail - 400C,139558,CORINA LOPEZ,skipped,skipped,1,3
458500,Vote by Mail - 400C,139559,CORINA LOPEZ,skipped,skipped,1,3
458500,Vote by Mail - 400C,139560,LEAH HALL,skipped,skipped,1,3
458500,Vote by Mail - 400C,139561,LEAH HALL,skipped,skipped,1,3
458500,Vote by Mail - 400C,139562,MIA OUSLEY,LEAH HALL,CORINA LOPEZ,1,3
458500,Vote by Mail - 400C,139563,CORINA LOPEZ,LEAH HALL,MIA OUSLEY,1,3
458500,Vote by Mail - 400C,139564,CORINA LOPEZ,LEAH HALL,MIA OUSLEY,1,3
458900,Vote by Mail - 400C,139565,CORINA LOPEZ,LEAH HALL,MIA OUSLEY,1,3
458900,Vote by Mail - 400C,139566,CORINA LOPEZ,LEAH HALL,MIA OUSLEY,1,3
458900,Vote by Mail - 400C,139567,MIA OUSLEY,CORINA LOPEZ,LEAH HALL,1,3
458900,Vote by Mail - 400C,139568,CORINA LOPEZ,MIA OUSLEY,LEAH HALL,1,3
458900,Vote by Mail - 400C,139569,CORINA LOPEZ,MIA OUSLEY,LEAH HALL,1,3
458900,Vote by Mail - 400C,139570,CORINA LOPEZ,MIA OUSLEY,LEAH HALL,1,3
458900,Vote by Mail - 400C,139571,CORINA LOPEZ,MIA OUSLEY,LEAH HALL,1,3
458900,Vote by Mail - 400C,139572,CORINA LOPEZ,LEAH HALL,MIA OUSLEY,1,3
458900,Vote by Mail - 400C,139573,CORINA LOPEZ,skipped,skipped,1,3
458900,Vote by Mail - 400C,139574,LEAH HALL,MIA OUSLEY,CORINA LOPEZ,1,3
458900,Vote by Mail - 400C,139575,CORINA LOPEZ,LEAH HALL,MIA OUSLEY,1,3
458900,Vote by Mail - 400C,139576,CORINA LOPEZ,skipped,skipped,1,3
458900,Vote by Mail - 400C,139577,LEAH HALL,MIA OUSLEY,CORINA LOPEZ,1,3
458900,Vote by Mail - 400C,139578,CORINA LOPEZ,MIA OUSLEY,LEAH HALL,1,3
458900,Vote by Mail - 400C,139579,CORINA LOPEZ,MIA OUSLEY,skipped,1,3
458900,Vote by Mail - 400C,139580,CORINA LOPEZ,MIA OUSLEY,LEAH HALL,1,3
458900,Vote by Mail - 400C,139581,LEAH HALL,skipped,skipped,1,3
458900,Vote by Mail - 400C,139582,CORINA LOPEZ,MIA OUSLEY,LEAH HALL,1,3
458900,Vote by Mail - 400C,139583,CORINA LOPEZ,MIA OUSLEY,LEAH HALL,1,3
458900,Vote by Mail - 400C,139584,CORINA LOPEZ,LEAH HALL,MIA OUSLEY,1,3
458900,Vote by Mail - 400C,139585,CORINA LOPEZ,skipped,skipped,1,3
458900,Vote by Mail - 400C,139586,CORINA LOPEZ,LEAH HALL,skipped,1,3
458900,Vote by Mail - 400C,139587,CORINA LOPEZ,MIA OUSLEY,LEAH HALL,1,3
458900,Vote by Mail - 400C,139588,MIA OUSLEY,skipped,skipped,1,3
458900,Vote by Mail - 400C,139589,CORINA LOPEZ,LEAH HALL,MIA OUSLEY,1,3
458900,Vote by Mail - 400C,139590,CORINA LOPEZ,LEAH HALL,MIA OUSLEY,1,3
458900,Vote by Mail - 400C,139591,CORINA LOPEZ,LEAH HALL,skipped,1,3
458900,Vote by Mail - 400C,139592,CORINA LOPEZ,MIA OUSLEY,LEAH HALL,1,3
458900,Vote by Mail - 400C,139593,LEAH HALL,skipped,skipped,1,3
458900,Vote by Mail - 400C,139594,CORINA LOPEZ,MIA OUSLEY,LEAH HALL,1,3
458900,Vote by Mail - 400C,139595,CORINA LOPEZ,skipped,skipped,1,3
458900,Vote by Mail - 400C,139596,CORINA LOPEZ,skipped,skipped,1,3
458900,Vote by Mail - 400C,139597,CORINA LOPEZ,LEAH HALL,MIA OUSLEY,1,3
458900,Vote by Mail - 400C,139598,MIA OUSLEY,CORINA LOPEZ,skipped,1,3
458900,Vote by Mail - 400C,139599,LEAH HALL,MIA OUSLEY,CORINA LOPEZ,1,3
458900,Vote by Mail - 400C,139600,LEAH HALL,MIA OUSLEY,CORINA LOPEZ,1,3
458900,Vote by Mail - 400C,139601,LEAH HALL,skipped,skipped,1,3
450300,Vote by Mail - 400C,141207,LEAH HALL,MIA OUSLEY,skipped,1,3
450300,Vote by Mail - 400C,141208,CORINA LOPEZ,skipped,skipped,1,3
450300,Vote by Mail - 400C,141209,LEAH HALL,MIA OUSLEY,skipped,1,3
450300,Vote by Mail - 400C,141210,CORINA LOPEZ,MIA OUSLEY,LEAH HALL,1,3
450300,Vote by Mail - 400C,141211,MIA OUSLEY,LEAH HALL,CORINA LOPEZ,1,3
450300,Vote by Mail - 400C,141212,MIA OUSLEY,CORINA LOPEZ,LEAH HALL,1,3
450300,Vote by Mail - 400C,141213,LEAH HALL,skipped,skipped,1,3
450300,Vote by Mail - 400C,141214,LEAH HALL,skipped,skipped,1,3
450300,Vote by Mail - 400C,141215,CORINA LOPEZ,LEAH HALL,MIA OUSLEY,1,3
450300,Vote by Mail - 400C,141216,LEAH HALL,CORINA LOPEZ,MIA OUSLEY,1,3
450300,Vote by Mail - 400C,141217,MIA OUSLEY,CORINA LOPEZ,LEAH HALL,1,3
450300,Vote by Mail - 400C,141218,MIA OUSLEY,CORINA LOPEZ,LEAH HALL,1,3
450300,Vote by Mail - 400C,141219,LEAH HALL,MIA OUSLEY,CORINA LOPEZ,1,3
450300,Vote by Mail - 400C,141220,CORINA LOPEZ,MIA OUSLEY,LEAH HALL,1,3
450300,Vote by Mail - 400C,141221,LEAH HALL,MIA OUSLEY,CORINA LOPEZ,1,3
450300,Vote by Mail - 400C,141222,LEAH HALL,MIA OUSLEY,CORINA LOPEZ,1,3
450300,Vote by Mail - 400C,141223,CORINA LOPEZ,LEAH HALL,MIA OUSLEY,1,3
450300,Vote by Mail - 400C,141224,CORINA LOPEZ,skipped,skipped,1,3
450300,Vote by Mail - 400C,141225,LEAH HALL,skipped,skipped,1,3
450300,Vote by Mail - 400C,141226,MIA OUSLEY,LEAH HALL,CORINA LOPEZ,1,3
450300,Vote by Mail - 400C,141227,MIA OUSLEY,CORINA LOPEZ,skipped,1,3
450300,Vote by Mail - 400C,141228,CORINA LOPEZ,LEAH HALL,MIA OUSLEY,1,3
450300,Vote by Mail - 400C,141229,CORINA LOPEZ,MIA OUSLEY,LEAH HALL,1,3
450300,Vote by Mail - 400C,141230,MIA OUSLEY,skipped,skipped,1,3
450300,Vote by Mail - 400C,141231,LEAH HALL,skipped,skipped,1,3
450300,Vote by Mail - 400C,141232,MIA OUSLEY,CORINA LOPEZ,LEAH HALL,1,3
450300,Vote by Mail - 400C,141233,LEAH HALL,MIA OUSLEY,CORINA LOPEZ,1,3
450300,Vote by Mail - 400C,141234,LEAH HALL,MIA OUSLEY,CORINA LOPEZ,1,3
450300,Vote by Mail - 400C,141235,CORINA LOPEZ,skipped,skipped,1,3
450300,Vote by Mail - 400C,141237,LEAH HALL,CORINA LOPEZ,MIA OUSLEY,1,3
450300,Vote by Mail - 400C,141238,MIA OUSLEY,skipped,skipped,1,3
450300,Vote by Mail - 400C,141239,CORINA LOPEZ,skipped,skipped,1,3
450300,Vote by Mail - 400C,141240,CORINA LOPEZ,skipped,skipped,1,3
450300,Vote by Mail - 400C,141241,CORINA LOPEZ,LEAH HALL,MIA OUSLEY,1,3
450300,Vote by Mail - 400C,141244,CORINA LOPEZ,skipped,skipped,1,3
450300,Vote by Mail - 400C,141245,CORINA LOPEZ,LEAH HALL,MIA OUSLEY,1,3
450300,Vote by Mail - 400C,141246,LEAH HALL,MIA OUSLEY,CORINA LOPEZ,1,3
450300,Vote by Mail - 400C,141247,CORINA LOPEZ,skipped,skipped,1,3
450300,Vote by Mail - 400C,141248,LEAH HALL,MIA OUSLEY,CORINA LOPEZ,1,3
450300,Vote by Mail - 400C,141249,LEAH HALL,skipped,skipped,1,3
450300,Vote by Mail - 400C,141250,CORINA LOPEZ,MIA OUSLEY,LEAH HALL,1,3
450300,Vote by Mail - 400C,141251,LEAH HALL,CORINA LOPEZ,MIA OUSLEY,1,3
450300,Vote by Mail - 400C,141252,CORINA LOPEZ,LEAH HALL,MIA OUSLEY,1,3
450300,Vote by Mail - 400C,141253,MIA OUSLEY,LEAH HALL,CORINA LOPEZ,1,3
450300,Vote by Mail - 400C,141254,CORINA LOPEZ,MIA OUSLEY,LEAH HALL,1,3
450300,Vote by Mail - 400C,141255,CORINA LOPEZ,LEAH HALL,MIA OUSLEY,1,3
450300,Vote by Mail - 400C,141256,LEAH HALL,MIA OUSLEY,skipped,1,3
450300,Vote by Mail - 400C,141257,CORINA LOPEZ,skipped,skipped,1,3
450300,Vote by Mail - 400C,141258,MIA OUSLEY,LEAH HALL,CORINA LOPEZ,1,3
450300,Vote by Mail - 400C,141259,LEAH HALL,CORINA LOPEZ,MIA OUSLEY,1,3
450300,Vote by Mail - 400C,141260,MIA OUSLEY,skipped,skipped,1,3
450300,Vote by Mail - 400C,141261,MIA OUSLEY,CORINA LOPEZ,LEAH HALL,1,3
450300,Vote by Mail - 400C,141262,MIA OUSLEY,LEAH HALL,CORINA LOPEZ,1,3
450300,Vote by Mail - 400C,141263,LEAH HALL,skipped,skipped,1,3
450300,Vote by Mail - 400C,141264,CORINA LOPEZ,skipped,skipped,1,3
450300,Vote by Mail - 400C,141265,CORINA LOPEZ,LEAH HALL,MIA OUSLEY,1,3
450300,Vote by Mail - 400C,141266,MIA OUSLEY,CORINA LOPEZ,LEAH HALL,1,3
450300,Vote by Mail - 400C,141267,CORINA LOPEZ,skipped,skipped,1,3
450300,Vote by Mail - 400C,141268,CORINA LOPEZ,MIA OUSLEY,LEAH HALL,1,3
450300,Vote by Mail - 400C,141269,CORINA LOPEZ,skipped,skipped,1,3
450300,Vote by Mail - 400C,141270,LEAH HALL,skipped,skipped,1,3
450300,Vote by Mail - 400C,141271,LEAH HALL,CORINA LOPEZ,MIA OUSLEY,1,3
450300,Vote by Mail - 400C,141272,CORINA LOPEZ,skipped,skipped,1,3
450300,Vote by Mail - 400C,141273,CORINA LOPEZ,skipped,skipped,1,3
450300,Vote by Mail - 400C,141274,MIA OUSLEY,skipped,skipped,1,3
450300,Vote by Mail - 400C,141275,CORINA LOPEZ,skipped,skipped,1,3
450300,Vote by Mail - 400C,141276,LEAH HALL,CORINA LOPEZ,MIA OUSLEY,1,3
450300,Vote by Mail - 400C,141277,CORINA LOPEZ,MIA OUSLEY,LEAH HALL,1,3
450300,Vote by Mail - 400C,141278,MIA OUSLEY,skipped,skipped,1,3
450300,Vote by Mail - 400C,141279,CORINA LOPEZ,LEAH HALL,MIA OUSLEY,1,3
450300,Vote by Mail - 400C,141280,CORINA LOPEZ,skipped,skipped,1,3
450300,Vote by Mail - 400C,141281,CORINA LOPEZ,skipped,skipped,1,3
450400,Vote by Mail - 400C,141282,LEAH HALL,MIA OUSLEY,CORINA LOPEZ,1,3
450400,Vote by Mail - 400C,141283,LEAH HALL,CORINA LOPEZ,MIA OUSLEY,1,3
450400,Vote by Mail - 400C,141284,CORINA LOPEZ,MIA OUSLEY,LEAH HALL,1,3
450400,Vote by Mail - 400C,141285,CORINA LOPEZ,LEAH HALL,MIA OUSLEY,1,3
450400,Vote by Mail - 400C,141286,CORINA LOPEZ,MIA OUSLEY,LEAH HALL,1,3
450400,Vote by Mail - 400C,141287,CORINA LOPEZ,skipped,skipped,1,3
450400,Vote by Mail - 400C,141288,CORINA LOPEZ,MIA OUSLEY,LEAH HALL,1,3
450400,Vote by Mail - 400C,141289,MIA OUSLEY,CORINA LOPEZ,LEAH HALL,1,3
450400,Vote by Mail - 400C,141290,LEAH HALL,skipped,skipped,1,3
450400,Vote by Mail - 400C,141291,LEAH HALL,skipped,skipped,1,3
450400,Vote by Mail - 400C,141292,LEAH HALL,CORINA LOPEZ,MIA OUSLEY,1,3
450400,Vote by Mail - 400C,141293,LEAH HALL,MIA OUSLEY,CORINA LOPEZ,1,3
450400,Vote by Mail - 400C,141295,CORINA LOPEZ,skipped,skipped,1,3
450400,Vote by Mail - 400C,141296,LEAH HALL,MIA OUSLEY,CORINA LOPEZ,1,3
450400,Vote by Mail - 400C,141297,CORINA LOPEZ,MIA OUSLEY,LEAH HALL,1,3
450400,Vote by Mail - 400C,141298,CORINA LOPEZ,MIA OUSLEY,LEAH HALL,1,3
450400,Vote by Mail - 400C,141299,MIA OUSLEY,LEAH HALL,CORINA LOPEZ,1,3
450400,Vote by Mail - 400C,141301,LEAH HALL,skipped,skipped,1,3
450400,Vote by Mail - 400C,141302,CORINA LOPEZ,MIA OUSLEY,skipped,1,3
450400,Vote by Mail - 400C,141303,MIA OUSLEY,skipped,skipped,1,3
450400,Vote by Mail - 400C,141304,CORINA LOPEZ,LEAH HALL,skipped,1,3
450400,Vote by Mail - 400C,141306,CORINA LOPEZ,MIA OUSLEY,LEAH HALL,1,3
450400,Vote by Mail - 400C,141307,MIA OUSLEY,skipped,skipped,1,3
450400,Vote by Mail - 400C,141308,LEAH HALL,CORINA LOPEZ,skipped,1,3
450400,Vote by Mail - 400C,141309,CORINA LOPEZ,LEAH HALL,MIA OUSLEY,1,3
450400,Vote by Mail - 400C,141310,CORINA LOPEZ,LEAH HALL,MIA OUSLEY,1,3
450400,Vote by Mail - 400C,141311,LEAH HALL,CORINA LOPEZ,MIA OUSLEY,1,3
450400,Vote by Mail - 400C,141312,CORINA LOPEZ,MIA OUSLEY,LEAH HALL,1,3
450400,Vote by Mail - 400C,141313,LEAH HALL,CORINA LOPEZ,MIA OUSLEY,1,3
450400,Vote by Mail - 400C,141314,CORINA LOPEZ,LEAH HALL,MIA OUSLEY,1,3
450400,Vote by Mail - 400C,141315,MIA OUSLEY,LEAH HALL,CORINA LOPEZ,1,3
450400,Vote by Mail - 400C,141316,CORINA LOPEZ,MIA OUSLEY,LEAH HALL,1,3
450400,Vote by Mail - 400C,141318,LEAH HALL,CORINA LOPEZ,MIA OUSLEY,1,3
450400,Vote by Mail - 400C,141319,CORINA LOPEZ,skipped,skipped,1,3
450400,Vote by Mail - 400C,141320,LEAH HALL,MIA OUSLEY,CORINA LOPEZ,1,3
450400,Vote by Mail - 400C,141321,LEAH HALL,skipped,skipped,1,3
450400,Vote by Mail - 400C,141322,CORINA LOPEZ,MIA OUSLEY,LEAH HALL,1,3
450400,Vote by Mail - 400C,141323,CORINA LOPEZ,MIA OUSLEY,LEAH HALL,1,3
450400,Vote by Mail - 400C,141324,LEAH HALL,skipped,skipped,1,3
450400,Vote by Mail - 400C,141325,CORINA LOPEZ,MIA OUSLEY,LEAH HALL,1,3
450400,Vote by Mail - 400C,141326,LEAH HALL,CORINA LOPEZ,MIA OUSLEY,1,3
450400,Vote by Mail - 400C,141327,CORINA LOPEZ,MIA OUSLEY,LEAH HALL,1,3
450400,Vote by Mail - 400C,141328,MIA OUSLEY,LEAH HALL,skipped,1,3
450400,Vote by Mail - 400C,141329,MIA OUSLEY,LEAH HALL,skipped,1,3
450400,Vote by Mail - 400C,141332,CORINA LOPEZ,MIA OUSLEY,LEAH HALL,1,3
450400,Vote by Mail - 400C,141333,CORINA LOPEZ,MIA OUSLEY,skipped,1,3
450400,Vote by Mail - 400C,141334,MIA OUSLEY,LEAH HALL,CORINA LOPEZ,1,3
450400,Vote by Mail - 400C,141335,MIA OUSLEY,skipped,skipped,1,3
450400,Vote by Mail - 400C,141336,CORINA LOPEZ,MIA OUSLEY,skipped,1,3
450400,Vote by Mail - 400C,141337,CORINA LOPEZ,MIA OUSLEY,LEAH HALL,1,3
450400,Vote by Mail - 400C,141340,LEAH HALL,CORINA LOPEZ,MIA OUSLEY,1,3
450400,Vote by Mail - 400C,141341,MIA OUSLEY,LEAH HALL,CORINA LOPEZ,1,3
450400,Vote by Mail - 400C,141342,LEAH HALL,CORINA LOPEZ,MIA OUSLEY,1,3
450400,Vote by Mail - 400C,141343,CORINA LOPEZ,MIA OUSLEY,LEAH HALL,1,3
450400,Vote by Mail - 400C,141345,LEAH HALL,skipped,skipped,1,3
450400,Vote by Mail - 400C,141346,CORINA LOPEZ,MIA OUSLEY,LEAH HALL,1,3
450400,Vote by Mail - 400C,141348,LEAH HALL,CORINA LOPEZ,MIA OUSLEY,1,3
450400,Vote by Mail - 400C,141349,CORINA LOPEZ,MIA OUSLEY,LEAH HALL,1,3
450400,Vote by Mail - 400C,141350,CORINA LOPEZ,MIA OUSLEY,LEAH HALL,1,3
450400,Vote by Mail - 400C,141351,CORINA LOPEZ,skipped,skipped,1,3
450400,Vote by Mail - 400C,141352,CORINA LOPEZ,MIA OUSLEY,LEAH HALL,1,3
450400,Vote by Mail - 400C,141353,CORINA LOPEZ,skipped,skipped,1,3
450400,Vote by Mail - 400C,141354,CORINA LOPEZ,skipped,skipped,1,3
450400,Vote by Mail - 400C,141355,CORINA LOPEZ,LEAH HALL,MIA OUSLEY,1,3
450400,Vote by Mail - 400C,141356,LEAH HALL,CORINA LOPEZ,MIA OUSLEY,1,3
450400,Vote by Mail - 400C,141357,LEAH HALL,MIA OUSLEY,skipped,1,3
450400,Vote by Mail - 400C,141358,CORINA LOPEZ,LEAH HALL,MIA OUSLEY,1,3
451510,Vote by Mail - 400C,141359,LEAH HALL,CORINA LOPEZ,MIA OUSLEY,1,3
451510,Vote by Mail - 400C,141360,CORINA LOPEZ,LEAH HALL,MIA OUSLEY,1,3
451510,Vote by Mail - 400C,141362,MIA OUSLEY,skipped,skipped,1,3
451510,Vote by Mail - 400C,141363,CORINA LOPEZ,skipped,skipped,1,3
451510,Vote by Mail - 400C,141364,CORINA LOPEZ,skipped,skipped,1,3
451510,Vote by Mail - 400C,141365,LEAH HALL,CORINA LOPEZ,skipped,1,3
451510,Vote by Mail - 400C,141366,LEAH HALL,MIA OUSLEY,CORINA LOPEZ,1,3
451510,Vote by Mail - 400C,141367,CORINA LOPEZ,skipped,skipped,1,3
451510,Vote by Mail - 400C,141368,CORINA LOPEZ,MIA OUSLEY,LEAH HALL,1,3
451510,Vote by Mail - 400C,141369,MIA OUSLEY,LEAH HALL,CORINA LOPEZ,1,3
451510,Vote by Mail - 400C,141370,CORINA LOPEZ,LEAH HALL,MIA OUSLEY,1,3
451510,Vote by Mail - 400C,141371,CORINA LOPEZ,LEAH HALL,MIA OUSLEY,1,3
451510,Vote by Mail - 400C,141372,CORINA LOPEZ,MIA OUSLEY,LEAH HALL,1,3
451510,Vote by Mail - 400C,141373,MIA OUSLEY,skipped,skipped,1,3
451510,Vote by Mail - 400C,141375,LEAH HALL,CORINA LOPEZ,skipped,1,3
451510,Vote by Mail - 400C,141376,CORINA LOPEZ,MIA OUSLEY,LEAH HALL,1,3
451510,Vote by Mail - 400C,141377,MIA OUSLEY,CORINA LOPEZ,LEAH HALL,1,3
451510,Vote by Mail - 400C,141378,MIA OUSLEY,CORINA LOPEZ,LEAH HALL,1,3
451510,Vote by Mail - 400C,141379,CORINA LOPEZ,LEAH HALL,MIA OUSLEY,1,3
451510,Vote by Mail - 400C,141380,CORINA LOPEZ,MIA OUSLEY,LEAH HALL,1,3
451510,Vote by Mail - 400C,141381,CORINA LOPEZ,skipped,skipped,1,3
451510,Vote by Mail - 400C,141382,CORINA LOPEZ,skipped,skipped,1,3
451510,Vote by Mail - 400C,141383,CORINA LOPEZ,LEAH HALL,MIA OUSLEY,1,3
451510,Vote by Mail - 400C,141385,CORINA LOPEZ,MIA OUSLEY,LEAH HALL,1,3
451510,Vote by Mail - 400C,141386,CORINA LOPEZ,skipped,skipped,1,3
451510,Vote by Mail - 400C,141387,CORINA LOPEZ,skipped,skipped,1,3
451510,Vote by Mail - 400C,141388,CORINA LOPEZ,MIA OUSLEY,LEAH HALL,1,3
451510,Vote by Mail - 400C,141389,MIA OUSLEY,LEAH HALL,CORINA LOPEZ,1,3
451510,Vote by Mail - 400C,141390,CORINA LOPEZ,skipped,skipped,1,3
451510,Vote by Mail - 400C,141391,CORINA LOPEZ,MIA OUSLEY,skipped,1,3
451510,Vote by Mail - 400C,141392,CORINA LOPEZ,LEAH HALL,MIA OUSLEY,1,3
451510,Vote by Mail - 400C,141393,CORINA LOPEZ,MIA OUSLEY,LEAH HALL,1,3
451510,Vote by Mail - 400C,141394,CORINA LOPEZ,skipped,skipped,1,3
451510,Vote by Mail - 400C,141395,MIA OUSLEY,skipped,skipped,1,3
451510,Vote by Mail - 400C,141396,MIA OUSLEY,LEAH HALL,CORINA LOPEZ,1,3
451510,Vote by Mail - 400C,141397,MIA OUSLEY,LEAH HALL,CORINA LOPEZ,1,3
451510,Vote by Mail - 400C,141398,LEAH HALL,MIA OUSLEY,skipped,1,3
451510,Vote by Mail - 400C,141399,LEAH HALL,CORINA LOPEZ,MIA OUSLEY,1,3
451510,Vote by Mail - 400C,141400,CORINA LOPEZ,MIA OUSLEY,LEAH HALL,1,3
451510,Vote by Mail - 400C,141401,CORINA LOPEZ,MIA OUSLEY,LEAH HALL,1,3
451510,Vote by Mail - 400C,141402,LEAH HALL,MIA OUSLEY,CORINA LOPEZ,1,3
451510,Vote by Mail - 400C,141403,CORINA LOPEZ,skipped,skipped,1,3
451510,Vote by Mail - 400C,141404,MIA OUSLEY,CORINA LOPEZ,LEAH HALL,1,3
451510,Vote by Mail - 400C,141405,CORINA LOPEZ,LEAH HALL,MIA OUSLEY,1,3
451510,Vote by Mail - 400C,141406,LEAH HALL,skipped,skipped,1,3
451510,Vote by Mail - 400C,141407,LEAH HALL,CORINA LOPEZ,MIA OUSLEY,1,3
451510,Vote by Mail - 400C,141409,CORINA LOPEZ,LEAH HALL,MIA OUSLEY,1,3
451510,Vote by Mail - 400C,141410,CORINA LOPEZ,MIA OUSLEY,LEAH HALL,1,3
451510,Vote by Mail - 400C,141411,CORINA LOPEZ,MIA OUSLEY,LEAH HALL,1,3
451510,Vote by Mail - 400C,141412,MIA OUSLEY,LEAH HALL,skipped,1,3
451510,Vote by Mail - 400C,141413,MIA OUSLEY,LEAH HALL,CORINA LOPEZ,1,3
451510,Vote by Mail - 400C,141414,CORINA LOPEZ,MIA OUSLEY,LEAH HALL,1,3
451510,Vote by Mail - 400C,141415,CORINA LOPEZ,skipped,skipped,1,3
451510,Vote by Mail - 400C,141416,CORINA LOPEZ,skipped,skipped,1,3
451510,Vote by Mail - 400C,141417,MIA OUSLEY,CORINA LOPEZ,LEAH HALL,1,3
451510,Vote by Mail - 400C,141418,CORINA LOPEZ,LEAH HALL,MIA OUSLEY,1,3
451510,Vote by Mail - 400C,141419,MIA OUSLEY,skipped,skipped,1,3
451510,Vote by Mail - 400C,141420,MIA OUSLEY,skipped,skipped,1,3
452400,Vote by Mail - 400C,141421,CORINA LOPEZ,skipped,skipped,1,3
452400,Vote by Mail - 400C,141422,LEAH HALL,CORINA LOPEZ,MIA OUSLEY,1,3
452400,Vote by Mail - 400C,141423,CORINA LOPEZ,skipped,skipped,1,3
452400,Vote by Mail - 400C,141424,CORINA LOPEZ,MIA OUSLEY,LEAH HALL,1,3
452400,Vote by Mail - 400C,141425,CORINA LOPEZ,LEAH HALL,MIA OUSLEY,1,3
452400,Vote by Mail - 400C,141426,CORINA LOPEZ,MIA OUSLEY,LEAH HALL,1,3
452400,Vote by Mail - 400C,141427,MIA OUSLEY,LEAH HALL,CORINA LOPEZ,1,3
452400,Vote by Mail - 400C,141428,LEAH HALL,skipped,skipped,1,3
452400,Vote by Mail - 400C,141429,CORINA LOPEZ,MIA OUSLEY,skipped,1,3
452400,Vote by Mail - 400C,141430,CORINA LOPEZ,skipped,skipped,1,3
452400,Vote by Mail - 400C,141431,CORINA LOPEZ,MIA OUSLEY,LEAH HALL,1,3
452400,Vote by Mail - 400C,141432,CORINA LOPEZ,skipped,skipped,1,3
452400,Vote by Mail - 400C,141433,CORINA LOPEZ,LEAH HALL,MIA OUSLEY,1,3
452400,Vote by Mail - 400C,141434,MIA OUSLEY,CORINA LOPEZ,LEAH HALL,1,3
452400,Vote by Mail - 400C,141435,CORINA LOPEZ,MIA OUSLEY,LEAH HALL,1,3
452400,Vote by Mail - 400C,141436,MIA OUSLEY,CORINA LOPEZ,LEAH HALL,1,3
452400,Vote by Mail - 400C,141437,CORINA LOPEZ,skipped,skipped,1,3
452400,Vote by Mail - 400C,141438,MIA OUSLEY,CORINA LOPEZ,LEAH HALL,1,3
452400,Vote by Mail - 400C,141440,LEAH HALL,MIA OUSLEY,CORINA LOPEZ,1,3
452400,Vote by Mail - 400C,141441,CORINA LOPEZ,MIA OUSLEY,LEAH HALL,1,3
452400,Vote by Mail - 400C,141442,LEAH HALL,CORINA LOPEZ,MIA OUSLEY,1,3
452400,Vote by Mail - 400C,141443,MIA OUSLEY,LEAH HALL,skipped,1,3
452400,Vote by Mail - 400C,141444,CORINA LOPEZ,MIA OUSLEY,LEAH HALL,1,3
452400,Vote by Mail - 400C,141445,MIA OUSLEY,CORINA LOPEZ,LEAH HALL,1,3
452400,Vote by Mail - 400C,141446,CORINA LOPEZ,MIA OUSLEY,LEAH HALL,1,3
452400,Vote by Mail - 400C,141447,LEAH HALL,MIA OUSLEY,CORINA LOPEZ,1,3
452400,Vote by Mail - 400C,141448,LEAH HALL,CORINA LOPEZ,MIA OUSLEY,1,3
452400,Vote by Mail - 400C,141450,LEAH HALL,CORINA LOPEZ,MIA OUSLEY,1,3
452400,Vote by Mail - 400C,141451,LEAH HALL,CORINA LOPEZ,skipped,1,3
452400,Vote by Mail - 400C,141452,CORINA LOPEZ,LEAH HALL,MIA OUSLEY,1,3
452400,Vote by Mail - 400C,141453,MIA OUSLEY,CORINA LOPEZ,LEAH HALL,1,3
452400,Vote by Mail - 400C,141455,LEAH HALL,CORINA LOPEZ,MIA OUSLEY,1,3
452400,Vote by Mail - 400C,141456,CORINA LOPEZ,MIA OUSLEY,LEAH HALL,1,3
452400,Vote by Mail - 400C,141457,LEAH HALL,skipped,skipped,1,3
452400,Vote by Mail - 400C,141458,CORINA LOPEZ,LEAH HALL,MIA OUSLEY,1,3
452400,Vote by Mail - 400C,141459,CORINA LOPEZ,MIA OUSLEY,LEAH HALL,1,3
452400,Vote by Mail - 400C,141460,CORINA LOPEZ,skipped,skipped,1,3
452400,Vote by Mail - 400C,141461,CORINA LOPEZ,LEAH HALL,MIA OUSLEY,1,3
452400,Vote by Mail - 400C,141462,LEAH HALL,MIA OUSLEY,CORINA LOPEZ,1,3
452400,Vote by Mail - 400C,141463,LEAH HALL,MIA OUSLEY,CORINA LOPEZ,1,3
452400,Vote by Mail - 400C,141464,CORINA LOPEZ,LEAH HALL,MIA OUSLEY,1,3
452400,Vote by Mail - 400C,141465,MIA OUSLEY,CORINA LOPEZ,LEAH HALL,1,3
452400,Vote by Mail - 400C,141466,CORINA LOPEZ,skipped,skipped,1,3
452400,Vote by Mail - 400C,141467,LEAH HALL,MIA OUSLEY,CORINA LOPEZ,1,3
452400,Vote by Mail - 400C,141468,CORINA LOPEZ,LEAH HALL,MIA OUSLEY,1,3
452400,Vote by Mail - 400C,141469,LEAH HALL,CORINA LOPEZ,MIA OUSLEY,1,3
452400,Vote by Mail - 400C,141470,MIA OUSLEY,CORINA LOPEZ,LEAH HALL,1,3
452400,Vote by Mail - 400C,141471,CORINA LOPEZ,MIA OUSLEY,LEAH HALL,1,3
452400,Vote by Mail - 400C,141473,LEAH HALL,MIA OUSLEY,CORINA LOPEZ,1,3
452400,Vote by Mail - 400C,141474,CORINA LOPEZ,skipped,skipped,1,3
452400,Vote by Mail - 400C,141475,CORINA LOPEZ,skipped,skipped,1,3
452400,Vote by Mail - 400C,141476,CORINA LOPEZ,skipped,skipped,1,3
452400,Vote by Mail - 400C,141477,LEAH HALL,MIA OUSLEY,CORINA LOPEZ,1,3
452400,Vote by Mail - 400C,141478,CORINA LOPEZ,LEAH HALL,skipped,1,3
452400,Vote by Mail - 400C,141479,LEAH HALL,MIA OUSLEY,CORINA LOPEZ,1,3
452400,Vote by Mail - 400C,141480,LEAH HALL,skipped,skipped,1,3
452400,Vote by Mail - 400C,141481,LEAH HALL,CORINA LOPEZ,skipped,1,3
452400,Vote by Mail - 400C,141482,LEAH HALL,MIA OUSLEY,CORINA LOPEZ,1,3
452500,Vote by Mail - 400C,141483,LEAH HALL,MIA OUSLEY,CORINA LOPEZ,1,3
452500,Vote by Mail - 400C,141485,CORINA LOPEZ,LEAH HALL,MIA OUSLEY,1,3
452500,Vote by Mail - 400C,141486,CORINA LOPEZ,MIA OUSLEY,LEAH HALL,1,3
452500,Vote by Mail - 400C,141488,MIA OUSLEY,LEAH HALL,CORINA LOPEZ,1,3
452500,Vote by Mail - 400C,141489,CORINA LOPEZ,MIA OUSLEY,LEAH HALL,1,3
452500,Vote by Mail - 400C,141490,CORINA LOPEZ,MIA OUSLEY,LEAH HALL,1,3
452500,Vote by Mail - 400C,141491,CORINA LOPEZ,LEAH HALL,MIA OUSLEY,1,3
452500,Vote by Mail - 400C,141492,CORINA LOPEZ,skipped,skipped,1,3
452500,Vote by Mail - 400C,141493,CORINA LOPEZ,LEAH HALL,MIA OUSLEY,1,3
452500,Vote by Mail - 400C,141494,CORINA LOPEZ,MIA OUSLEY,LEAH HALL,1,3
452500,Vote by Mail - 400C,141495,CORINA LOPEZ,skipped,skipped,1,3
452500,Vote by Mail - 400C,141496,CORINA LOPEZ,MIA OUSLEY,LEAH HALL,1,3
452500,Vote by Mail - 400C,141497,LEAH HALL,skipped,skipped,1,3
452500,Vote by Mail - 400C,141498,MIA OUSLEY,CORINA LOPEZ,LEAH HALL,1,3
452500,Vote by Mail - 400C,141499,CORINA LOPEZ,skipped,skipped,1,3
452500,Vote by Mail - 400C,141500,LEAH HALL,CORINA LOPEZ,MIA OUSLEY,1,3
452500,Vote by Mail - 400C,141501,LEAH HALL,CORINA LOPEZ,MIA OUSLEY,1,3
452500,Vote by Mail - 400C,141502,CORINA LOPEZ,skipped,skipped,1,3
452500,Vote by Mail - 400C,141503,CORINA LOPEZ,skipped,skipped,1,3
452500,Vote by Mail - 400C,141504,LEAH HALL,skipped,skipped,1,3
452500,Vote by Mail - 400C,141505,CORINA LOPEZ,MIA OUSLEY,skipped,1,3
452500,Vote by Mail - 400C,141506,CORINA LOPEZ,skipped,skipped,1,3
452500,Vote by Mail - 400C,141507,LEAH HALL,MIA OUSLEY,CORINA LOPEZ,1,3
452500,Vote by Mail - 400C,141508,LEAH HALL,MIA OUSLEY,CORINA LOPEZ,1,3
452500,Vote by Mail - 400C,141509,CORINA LOPEZ,MIA OUSLEY,LEAH HALL,1,3
452500,Vote by Mail - 400C,141511,LEAH HALL,MIA OUSLEY,skipped,1,3
452500,Vote by Mail - 400C,141512,LEAH HALL,skipped,skipped,1,3
452500,Vote by Mail - 400C,141513,LEAH HALL,MIA OUSLEY,CORINA LOPEZ,1,3
452500,Vote by Mail - 400C,141514,CORINA LOPEZ,MIA OUSLEY,LEAH HALL,1,3
452500,Vote by Mail - 400C,141515,LEAH HALL,skipped,skipped,1,3
453100,Vote by Mail - 400C,141516,LEAH HALL,CORINA LOPEZ,MIA OUSLEY,1,3
453100,Vote by Mail - 400C,141517,LEAH HALL,CORINA LOPEZ,MIA OUSLEY,1,3
453100,Vote by Mail - 400C,141518,MIA OUSLEY,skipped,skipped,1,3
453100,Vote by Mail - 400C,141519,MIA OUSLEY,LEAH HALL,CORINA LOPEZ,1,3
453100,Vote by Mail - 400C,141521,CORINA LOPEZ,MIA OUSLEY,LEAH HALL,1,3
453100,Vote by Mail - 400C,141522,CORINA LOPEZ,LEAH HALL,MIA OUSLEY,1,3
453100,Vote by Mail - 400C,141523,CORINA LOPEZ,skipped,skipped,1,3
453100,Vote by Mail - 400C,141524,CORINA LOPEZ,skipped,skipped,1,3
453100,Vote by Mail - 400C,141525,CORINA LOPEZ,skipped,skipped,1,3
453100,Vote by Mail - 400C,141526,LEAH HALL,CORINA LOPEZ,MIA OUSLEY,1,3
453100,Vote by Mail - 400C,141527,LEAH HALL,CORINA LOPEZ,skipped,1,3
453100,Vote by Mail - 400C,141528,CORINA LOPEZ,MIA OUSLEY,LEAH HALL,1,3
453100,Vote by Mail - 400C,141529,CORINA LOPEZ,MIA OUSLEY,LEAH HALL,1,3
453100,Vote by Mail - 400C,141530,CORINA LOPEZ,LEAH HALL,skipped,1,3
453100,Vote by Mail - 400C,141531,CORINA LOPEZ,MIA OUSLEY,skipped,1,3
453100,Vote by Mail - 400C,141533,CORINA LOPEZ,skipped,skipped,1,3
453100,Vote by Mail - 400C,141534,LEAH HALL,CORINA LOPEZ,MIA OUSLEY,1,3
453100,Vote by Mail - 400C,141535,MIA OUSLEY,CORINA LOPEZ,LEAH HALL,1,3
453100,Vote by Mail - 400C,141536,MIA OUSLEY,CORINA LOPEZ,LEAH HALL,1,3
453100,Vote by Mail - 400C,141537,LEAH HALL,MIA OUSLEY,CORINA LOPEZ,1,3
453100,Vote by Mail - 400C,141539,CORINA LOPEZ,MIA OUSLEY,LEAH HALL,1,3
453100,Vote by Mail - 400C,141540,CORINA LOPEZ,MIA OUSLEY,LEAH HALL,1,3
453100,Vote by Mail - 400C,141542,LEAH HALL,MIA OUSLEY,CORINA LOPEZ,1,3
453100,Vote by Mail - 400C,141543,MIA OUSLEY,LEAH HALL,CORINA LOPEZ,1,3
453100,Vote by Mail - 400C,141544,MIA OUSLEY,skipped,skipped,1,3
453100,Vote by Mail - 400C,141545,CORINA LOPEZ,MIA OUSLEY,skipped,1,3
453100,Vote by Mail - 400C,141546,CORINA LOPEZ,skipped,skipped,1,3
453100,Vote by Mail - 400C,141548,CORINA LOPEZ,LEAH HALL,MIA OUSLEY,1,3
453100,Vote by Mail - 400C,141549,LEAH HALL,MIA OUSLEY,CORINA LOPEZ,1,3
453100,Vote by Mail - 400C,141550,MIA OUSLEY,LEAH HALL,CORINA LOPEZ,1,3
453100,Vote by Mail - 400C,141551,CORINA LOPEZ,LEAH HALL,MIA OUSLEY,1,3
453100,Vote by Mail - 400C,141553,CORINA LOPEZ,skipped,skipped,1,3
453100,Vote by Mail - 400C,141554,CORINA LOPEZ,skipped,skipped,1,3
453100,Vote by Mail - 400C,141555,CORINA LOPEZ,MIA OUSLEY,skipped,1,3
453900,Vote by Mail - 400C,141557,CORINA LOPEZ,skipped,skipped,1,3
453900,Vote by Mail - 400C,141558,MIA OUSLEY,skipped,skipped,1,3
453900,Vote by Mail - 400C,141559,CORINA LOPEZ,skipped,skipped,1,3
453900,Vote by Mail - 400C,141560,MIA OUSLEY,skipped,skipped,1,3
453900,Vote by Mail - 400C,141561,CORINA LOPEZ,skipped,skipped,1,3
453900,Vote by Mail - 400C,141562,LEAH HALL,skipped,skipped,1,3
453900,Vote by Mail - 400C,141563,CORINA LOPEZ,skipped,skipped,1,3
453900,Vote by Mail - 400C,141564,LEAH HALL,skipped,skipped,1,3
453900,Vote by Mail - 400C,141565,CORINA LOPEZ,MIA OUSLEY,LEAH HALL,1,3
453900,Vote by Mail - 400C,141566,MIA OUSLEY,skipped,skipped,1,3
453900,Vote by Mail - 400C,141567,LEAH HALL,skipped,skipped,1,3
453900,Vote by Mail - 400C,141568,LEAH HALL,skipped,skipped,1,3
453900,Vote by Mail - 400C,141569,MIA OUSLEY,skipped,skipped,1,3
453900,Vote by Mail - 400C,141570,CORINA LOPEZ,skipped,skipped,1,3
453900,Vote by Mail - 400C,141571,CORINA LOPEZ,skipped,skipped,1,3
453900,Vote by Mail - 400C,141572,CORINA LOPEZ,LEAH HALL,MIA OUSLEY,1,3
453900,Vote by Mail - 400C,141573,LEAH HALL,skipped,skipped,1,3
453900,Vote by Mail - 400C,141574,CORINA LOPEZ,skipped,skipped,1,3
453900,Vote by Mail - 400C,141575,CORINA LOPEZ,LEAH HALL,MIA OUSLEY,1,3
453900,Vote by Mail - 400C,141576,CORINA LOPEZ,MIA OUSLEY,LEAH HALL,1,3
453900,Vote by Mail - 400C,141577,CORINA LOPEZ,MIA OUSLEY,LEAH HALL,1,3
453900,Vote by Mail - 400C,141578,LEAH HALL,MIA OUSLEY,CORINA LOPEZ,1,3
453900,Vote by Mail - 400C,141579,CORINA LOPEZ,MIA OUSLEY,LEAH HALL,1,3
453900,Vote by Mail - 400C,141581,CORINA LOPEZ,MIA OUSLEY,LEAH HALL,1,3
453900,Vote by Mail - 400C,141582,CORINA LOPEZ,MIA OUSLEY,LEAH HALL,1,3
453900,Vote by Mail - 400C,141583,CORINA LOPEZ,skipped,skipped,1,3
453900,Vote by Mail - 400C,141584,CORINA LOPEZ,LEAH HALL,MIA OUSLEY,1,3
453900,Vote by Mail - 400C,141585,MIA OUSLEY,CORINA LOPEZ,LEAH HALL,1,3
453900,Vote by Mail - 400C,141586,CORINA LOPEZ,MIA OUSLEY,LEAH HALL,1,3
453900,Vote by Mail - 400C,141587,CORINA LOPEZ,LEAH HALL,MIA OUSLEY,1,3
453900,Vote by Mail - 400C,141588,LEAH HALL,skipped,skipped,1,3
453900,Vote by Mail - 400C,141589,LEAH HALL,skipped,skipped,1,3
453900,Vote by Mail - 400C,141590,CORINA LOPEZ,LEAH HALL,MIA OUSLEY,1,3
453900,Vote by Mail - 400C,141591,MIA OUSLEY,LEAH HALL,CORINA LOPEZ,1,3
453900,Vote by Mail - 400C,141592,MIA OUSLEY,skipped,skipped,1,3
453900,Vote by Mail - 400C,141593,MIA OUSLEY,CORINA LOPEZ,LEAH HALL,1,3
453900,Vote by Mail - 400C,141594,LEAH HALL,CORINA LOPEZ,MIA OUSLEY,1,3
453900,Vote by Mail - 400C,141595,CORINA LOPEZ,LEAH HALL,MIA OUSLEY,1,3
453900,Vote by Mail - 400C,141596,LEAH HALL,CORINA LOPEZ,skipped,1,3
453900,Vote by Mail - 400C,141597,CORINA LOPEZ,MIA OUSLEY,LEAH HALL,1,3
453900,Vote by Mail - 400C,141598,LEAH HALL,skipped,skipped,1,3
453900,Vote by Mail - 400C,141599,MIA OUSLEY,CORINA LOPEZ,LEAH HALL,1,3
453900,Vote by Mail - 400C,141601,CORINA LOPEZ,MIA OUSLEY,LEAH HALL,1,3
453900,Vote by Mail - 400C,141602,CORINA LOPEZ,MIA OUSLEY,LEAH HALL,1,3
453900,Vote by Mail - 400C,141604,CORINA LOPEZ,LEAH HALL,MIA OUSLEY,1,3
453900,Vote by Mail - 400C,141605,MIA OUSLEY,LEAH HALL,CORINA LOPEZ,1,3
453900,Vote by Mail - 400C,141606,CORINA LOPEZ,skipped,skipped,1,3
453900,Vote by Mail - 400C,141607,CORINA LOPEZ,MIA OUSLEY,skipped,1,3
453900,Vote by Mail - 400C,141608,CORINA LOPEZ,skipped,skipped,1,3
453900,Vote by Mail - 400C,141609,LEAH HALL,CORINA LOPEZ,MIA OUSLEY,1,3
453900,Vote by Mail - 400C,141610,CORINA LOPEZ,MIA OUSLEY,skipped,1,3
453900,Vote by Mail - 400C,141611,MIA OUSLEY,skipped,skipped,1,3
453900,Vote by Mail - 400C,141613,CORINA LOPEZ,LEAH HALL,MIA OUSLEY,1,3
453900,Vote by Mail - 400C,141614,CORINA LOPEZ,LEAH HALL,MIA OUSLEY,1,3
453900,Vote by Mail - 400C,141615,CORINA LOPEZ,skipped,skipped,1,3
453900,Vote by Mail - 400C,141616,CORINA LOPEZ,skipped,skipped,1,3
453900,Vote by Mail - 400C,141617,CORINA LOPEZ,LEAH HALL,MIA OUSLEY,1,3
453900,Vote by Mail - 400C,141618,LEAH HALL,skipped,skipped,1,3
453900,Vote by Mail - 400C,141619,CORINA LOPEZ,LEAH HALL,MIA OUSLEY,1,3
453900,Vote by Mail - 400C,141621,MIA OUSLEY,skipped,skipped,1,3
453900,Vote by Mail - 400C,141622,CORINA LOPEZ,skipped,skipped,1,3
453900,Vote by Mail - 400C,141623,LEAH HALL,MIA OUSLEY,CORINA LOPEZ,1,3
453900,Vote by Mail - 400C,141624,CORINA LOPEZ,LEAH HALL,MIA OUSLEY,1,3
453900,Vote by Mail - 400C,141626,LEAH HALL,CORINA LOPEZ,MIA OUSLEY,1,3
453900,Vote by Mail - 400C,141627,CORINA LOPEZ,skipped,skipped,1,3
453900,Vote by Mail - 400C,141628,MIA OUSLEY,LEAH HALL,CORINA LOPEZ,1,3
453900,Vote by Mail - 400C,141629,CORINA LOPEZ,LEAH HALL,MIA OUSLEY,1,3
453900,Vote by Mail - 400C,141630,CORINA LOPEZ,skipped,skipped,1,3
453900,Vote by Mail - 400C,141631,LEAH HALL,CORINA LOPEZ,skipped,1,3
453900,Vote by Mail - 400C,141632,CORINA LOPEZ,skipped,skipped,1,3
453900,Vote by Mail - 400C,141633,LEAH HALL,skipped,skipped,1,3
453900,Vote by Mail - 400C,141634,LEAH HALL,CORINA LOPEZ,MIA OUSLEY,1,3
453900,Vote by Mail - 400C,141635,MIA OUSLEY,skipped,skipped,1,3
453900,Vote by Mail - 400C,141636,CORINA LOPEZ,MIA OUSLEY,LEAH HALL,1,3
453900,Vote by Mail - 400C,141637,CORINA LOPEZ,MIA OUSLEY,LEAH HALL,1,3
453900,Vote by Mail - 400C,141638,CORINA LOPEZ,MIA OUSLEY,LEAH HALL,1,3
453900,Vote by Mail - 400C,141639,CORINA LOPEZ,skipped,skipped,1,3
453900,Vote by Mail - 400C,141640,MIA OUSLEY,LEAH HALL,CORINA LOPEZ,1,3
454100,Vote by Mail - 400C,141641,LEAH HALL,MIA OUSLEY,CORINA LOPEZ,1,3
454100,Vote by Mail - 400C,141643,CORINA LOPEZ,skipped,skipped,1,3
454100,Vote by Mail - 400C,141645,CORINA LOPEZ,MIA OUSLEY,LEAH HALL,1,3
454100,Vote by Mail - 400C,141646,MIA OUSLEY,LEAH HALL,CORINA LOPEZ,1,3
454100,Vote by Mail - 400C,141647,LEAH HALL,CORINA LOPEZ,MIA OUSLEY,1,3
454100,Vote by Mail - 400C,141648,LEAH HALL,skipped,skipped,1,3
454100,Vote by Mail - 400C,141649,LEAH HALL,skipped,skipped,1,3
454100,Vote by Mail - 400C,141650,LEAH HALL,CORINA LOPEZ,MIA OUSLEY,1,3
454100,Vote by Mail - 400C,141651,CORINA LOPEZ,LEAH HALL,skipped,1,3
454100,Vote by Mail - 400C,141652,MIA OUSLEY,LEAH HALL,CORINA LOPEZ,1,3
454100,Vote by Mail - 400C,141653,CORINA LOPEZ,MIA OUSLEY,skipped,1,3
454100,Vote by Mail - 400C,141654,CORINA LOPEZ,LEAH HALL,skipped,1,3
454100,Vote by Mail - 400C,141655,LEAH HALL,MIA OUSLEY,CORINA LOPEZ,1,3
454100,Vote by Mail - 400C,141656,CORINA LOPEZ,LEAH HALL,MIA OUSLEY,1,3
454100,Vote by Mail - 400C,141657,CORINA LOPEZ,LEAH HALL,MIA OUSLEY,1,3
454100,Vote by Mail - 400C,141658,CORINA LOPEZ,MIA OUSLEY,LEAH HALL,1,3
454100,Vote by Mail - 400C,141661,CORINA LOPEZ,skipped,skipped,1,3
454100,Vote by Mail - 400C,141662,CORINA LOPEZ,LEAH HALL,skipped,1,3
454100,Vote by Mail - 400C,141663,CORINA LOPEZ,LEAH HALL,skipped,1,3
454100,Vote by Mail - 400C,141664,CORINA LOPEZ,MIA OUSLEY,LEAH HALL,1,3
454100,Vote by Mail - 400C,141665,LEAH HALL,CORINA LOPEZ,MIA OUSLEY,1,3
454100,Vote by Mail - 400C,141666,CORINA LOPEZ,LEAH HALL,MIA OUSLEY,1,3
454100,Vote by Mail - 400C,141667,MIA OUSLEY,skipped,skipped,1,3
454100,Vote by Mail - 400C,141668,MIA OUSLEY,LEAH HALL,CORINA LOPEZ,1,3
454100,Vote by Mail - 400C,141669,CORINA LOPEZ,LEAH HALL,MIA OUSLEY,1,3
454100,Vote by Mail - 400C,141670,CORINA LOPEZ,LEAH HALL,MIA OUSLEY,1,3
454100,Vote by Mail - 400C,141671,CORINA LOPEZ,skipped,skipped,1,3
454100,Vote by Mail - 400C,141672,CORINA LOPEZ,LEAH HALL,MIA OUSLEY,1,3
454100,Vote by Mail - 400C,141673,CORINA LOPEZ,skipped,skipped,1,3
454100,Vote by Mail - 400C,141674,LEAH HALL,CORINA LOPEZ,MIA OUSLEY,1,3
454100,Vote by Mail - 400C,141676,MIA OUSLEY,skipped,skipped,1,3
454100,Vote by Mail - 400C,141677,MIA OUSLEY,CORINA LOPEZ,LEAH HALL,1,3
454100,Vote by Mail - 400C,141678,LEAH HALL,MIA OUSLEY,CORINA LOPEZ,1,3
454100,Vote by Mail - 400C,141679,LEAH HALL,MIA OUSLEY,CORINA LOPEZ,1,3
454100,Vote by Mail - 400C,141680,CORINA LOPEZ,skipped,skipped,1,3
454100,Vote by Mail - 400C,141681,LEAH HALL,MIA OUSLEY,skipped,1,3
454100,Vote by Mail - 400C,141682,LEAH HALL,MIA OUSLEY,CORINA LOPEZ,1,3
454100,Vote by Mail - 400C,141685,CORINA LOPEZ,LEAH HALL,MIA OUSLEY,1,3
454100,Vote by Mail - 400C,141686,CORINA LOPEZ,LEAH HALL,MIA OUSLEY,1,3
454100,Vote by Mail - 400C,141687,CORINA LOPEZ,MIA OUSLEY,LEAH HALL,1,3
454100,Vote by Mail - 400C,141688,CORINA LOPEZ,LEAH HALL,MIA OUSLEY,1,3
454100,Vote by Mail - 400C,141690,CORINA LOPEZ,MIA OUSLEY,LEAH HALL,1,3
454100,Vote by Mail - 400C,141691,LEAH HALL,CORINA LOPEZ,skipped,1,3
454100,Vote by Mail - 400C,141692,CORINA LOPEZ,LEAH HALL,MIA OUSLEY,1,3
454100,Vote by Mail - 400C,141693,CORINA LOPEZ,LEAH HALL,MIA OUSLEY,1,3
454100,Vote by Mail - 400C,141694,LEAH HALL,skipped,skipped,1,3
454100,Vote by Mail - 400C,141695,MIA OUSLEY,skipped,skipped,1,3
454100,Vote by Mail - 400C,141696,CORINA LOPEZ,LEAH HALL,MIA OUSLEY,1,3
454100,Vote by Mail - 400C,141697,CORINA LOPEZ,MIA OUSLEY,LEAH HALL,1,3
454100,Vote by Mail - 400C,141698,MIA OUSLEY,CORINA LOPEZ,LEAH HALL,1,3
454100,Vote by Mail - 400C,141699,CORINA LOPEZ,MIA OUSLEY,LEAH HALL,1,3
454100,Vote by Mail - 400C,141700,LEAH HALL,MIA OUSLEY,CORINA LOPEZ,1,3
454100,Vote by Mail - 400C,141701,MIA OUSLEY,CORINA LOPEZ,LEAH HALL,1,3
454100,Vote by Mail - 400C,141702,CORINA LOPEZ,MIA OUSLEY,LEAH HALL,1,3
454100,Vote by Mail - 400C,141703,CORINA LOPEZ,MIA OUSLEY,skipped,1,3
454100,Vote by Mail - 400C,141704,CORINA LOPEZ,LEAH HALL,MIA OUSLEY,1,3
454100,Vote by Mail - 400C,141705,LEAH HALL,skipped,skipped,1,3
454100,Vote by Mail - 400C,141706,CORINA LOPEZ,LEAH HALL,MIA OUSLEY,1,3
454100,Vote by Mail - 400C,141707,CORINA LOPEZ,LEAH HALL,MIA OUSLEY,1,3
454100,Vote by Mail - 400C,141708,CORINA LOPEZ,MIA OUSLEY,LEAH HALL,1,3
454100,Vote by Mail - 400C,141709,CORINA LOPEZ,skipped,skipped,1,3
454100,Vote by Mail - 400C,141710,CORINA LOPEZ,skipped,skipped,1,3
454100,Vote by Mail - 400C,141711,CORINA LOPEZ,skipped,skipped,1,3
454100,Vote by Mail - 400C,141712,CORINA LOPEZ,skipped,skipped,1,3
454100,Vote by Mail - 400C,141713,CORINA LOPEZ,skipped,skipped,1,3
454100,Vote by Mail - 400C,141714,CORINA LOPEZ,LEAH HALL,MIA OUSLEY,1,3
454100,Vote by Mail - 400C,141715,CORINA LOPEZ,MIA OUSLEY,LEAH HALL,1,3
454100,Vote by Mail - 400C,141716,CORINA LOPEZ,MIA OUSLEY,LEAH HALL,1,3
454100,Vote by Mail - 400C,141717,LEAH HALL,MIA OUSLEY,skipped,1,3
454100,Vote by Mail - 400C,141718,MIA OUSLEY,skipped,skipped,1,3
454100,Vote by Mail - 400C,141719,CORINA LOPEZ,skipped,skipped,1,3
454100,Vote by Mail - 400C,141720,CORINA LOPEZ,skipped,skipped,1,3
454100,Vote by Mail - 400C,141721,MIA OUSLEY,LEAH HALL,CORINA LOPEZ,1,3
454100,Vote by Mail - 400C,141722,CORINA LOPEZ,skipped,skipped,1,3
454100,Vote by Mail - 400C,141723,LEAH HALL,CORINA LOPEZ,MIA OUSLEY,1,3
454100,Vote by Mail - 400C,141724,CORINA LOPEZ,skipped,skipped,1,3
454100,Vote by Mail - 400C,141725,CORINA LOPEZ,MIA OUSLEY,LEAH HALL,1,3
454100,Vote by Mail - 400C,141726,CORINA LOPEZ,MIA OUSLEY,LEAH HALL,1,3
454100,Vote by Mail - 400C,141727,MIA OUSLEY,skipped,skipped,1,3
454100,Vote by Mail - 400C,141728,CORINA LOPEZ,MIA OUSLEY,LEAH HALL,1,3
454100,Vote by Mail - 400C,141729,CORINA LOPEZ,MIA OUSLEY,LEAH HALL,1,3
454100,Vote by Mail - 400C,141730,CORINA LOPEZ,LEAH HALL,MIA OUSLEY,1,3
454100,Vote by Mail - 400C,141733,MIA OUSLEY,LEAH HALL,skipped,1,3
454100,Vote by Mail - 400C,141734,CORINA LOPEZ,skipped,skipped,1,3
454100,Vote by Mail - 400C,141735,CORINA LOPEZ,skipped,skipped,1,3
454100,Vote by Mail - 400C,141736,CORINA LOPEZ,LEAH HALL,MIA OUSLEY,1,3
454500,Vote by Mail - 400C,141737,CORINA LOPEZ,LEAH HALL,MIA OUSLEY,1,3
454500,Vote by Mail - 400C,141738,MIA OUSLEY,skipped,skipped,1,3
454500,Vote by Mail - 400C,141739,CORINA LOPEZ,MIA OUSLEY,LEAH HALL,1,3
454500,Vote by Mail - 400C,141741,CORINA LOPEZ,LEAH HALL,MIA OUSLEY,1,3
454500,Vote by Mail - 400C,141742,MIA OUSLEY,LEAH HALL,CORINA LOPEZ,1,3
454500,Vote by Mail - 400C,141743,LEAH HALL,CORINA LOPEZ,MIA OUSLEY,1,3
454500,Vote by Mail - 400C,141744,LEAH HALL,CORINA LOPEZ,MIA OUSLEY,1,3
454500,Vote by Mail - 400C,141745,CORINA LOPEZ,skipped,skipped,1,3
454500,Vote by Mail - 400C,141746,CORINA LOPEZ,MIA OUSLEY,LEAH HALL,1,3
454500,Vote by Mail - 400C,141747,CORINA LOPEZ,MIA OUSLEY,LEAH HALL,1,3
454500,Vote by Mail - 400C,141748,CORINA LOPEZ,MIA OUSLEY,LEAH HALL,1,3
454500,Vote by Mail - 400C,141749,CORINA LOPEZ,MIA OUSLEY,skipped,1,3
454500,Vote by Mail - 400C,141750,LEAH HALL,CORINA LOPEZ,MIA OUSLEY,1,3
454500,Vote by Mail - 400C,141751,CORINA LOPEZ,MIA OUSLEY,LEAH HALL,1,3
454500,Vote by Mail - 400C,141752,MIA OUSLEY,LEAH HALL,CORINA LOPEZ,1,3
454500,Vote by Mail - 400C,141753,MIA OUSLEY,LEAH HALL,skipped,1,3
454500,Vote by Mail - 400C,141754,CORINA LOPEZ,MIA OUSLEY,LEAH HALL,1,3
454500,Vote by Mail - 400C,141755,CORINA LOPEZ,MIA OUSLEY,LEAH HALL,1,3
454500,Vote by Mail - 400C,141756,CORINA LOPEZ,MIA OUSLEY,LEAH HALL,1,3
454500,Vote by Mail - 400C,141757,CORINA LOPEZ,MIA OUSLEY,LEAH HALL,1,3
454500,Vote by Mail - 400C,141758,CORINA LOPEZ,LEAH HALL,MIA OUSLEY,1,3
454500,Vote by Mail - 400C,141759,LEAH HALL,CORINA LOPEZ,MIA OUSLEY,1,3
454500,Vote by Mail - 400C,141760,CORINA LOPEZ,skipped,skipped,1,3
454500,Vote by Mail - 400C,141762,CORINA LOPEZ,MIA OUSLEY,LEAH HALL,1,3
454500,Vote by Mail - 400C,141763,CORINA LOPEZ,skipped,skipped,1,3
454500,Vote by Mail - 400C,141764,CORINA LOPEZ,MIA OUSLEY,LEAH HALL,1,3
454500,Vote by Mail - 400C,141765,LEAH HALL,MIA OUSLEY,CORINA LOPEZ,1,3
454500,Vote by Mail - 400C,141766,CORINA LOPEZ,skipped,skipped,1,3
454500,Vote by Mail - 400C,141767,CORINA LOPEZ,MIA OUSLEY,LEAH HALL,1,3
454500,Vote by Mail - 400C,141768,CORINA LOPEZ,MIA OUSLEY,LEAH HALL,1,3
454500,Vote by Mail - 400C,141769,MIA OUSLEY,skipped,skipped,1,3
454500,Vote by Mail - 400C,141770,LEAH HALL,CORINA LOPEZ,MIA OUSLEY,1,3
454500,Vote by Mail - 400C,141771,CORINA LOPEZ,LEAH HALL,MIA OUSLEY,1,3
454500,Vote by Mail - 400C,141772,CORINA LOPEZ,LEAH HALL,MIA OUSLEY,1,3
454500,Vote by Mail - 400C,141773,CORINA LOPEZ,MIA OUSLEY,LEAH HALL,1,3
454500,Vote by Mail - 400C,141774,CORINA LOPEZ,MIA OUSLEY,skipped,1,3
454500,Vote by Mail - 400C,141775,CORINA LOPEZ,MIA OUSLEY,skipped,1,3
454500,Vote by Mail - 400C,141776,MIA OUSLEY,skipped,skipped,1,3
454500,Vote by Mail - 400C,141777,LEAH HALL,MIA OUSLEY,CORINA LOPEZ,1,3
454500,Vote by Mail - 400C,141778,CORINA LOPEZ,LEAH HALL,MIA OUSLEY,1,3
454500,Vote by Mail - 400C,141779,LEAH HALL,skipped,skipped,1,3
454500,Vote by Mail - 400C,141780,MIA OUSLEY,LEAH HALL,skipped,1,3
454500,Vote by Mail - 400C,141781,CORINA LOPEZ,MIA OUSLEY,LEAH HALL,1,3
454500,Vote by Mail - 400C,141782,CORINA LOPEZ,skipped,skipped,1,3
454500,Vote by Mail - 400C,141783,LEAH HALL,skipped,skipped,1,3
454500,Vote by Mail - 400C,141784,LEAH HALL,skipped,skipped,1,3
455400,Vote by Mail - 400C,141785,MIA OUSLEY,CORINA LOPEZ,LEAH HALL,1,3
455400,Vote by Mail - 400C,141786,CORINA LOPEZ,LEAH HALL,MIA OUSLEY,1,3
455400,Vote by Mail - 400C,141787,CORINA LOPEZ,MIA OUSLEY,LEAH HALL,1,3
455400,Vote by Mail - 400C,141789,MIA OUSLEY,LEAH HALL,CORINA LOPEZ,1,3
455400,Vote by Mail - 400C,141790,CORINA LOPEZ,MIA OUSLEY,LEAH HALL,1,3
455400,Vote by Mail - 400C,141792,LEAH HALL,MIA OUSLEY,CORINA LOPEZ,1,3
455400,Vote by Mail - 400C,141793,CORINA LOPEZ,LEAH HALL,skipped,1,3
455400,Vote by Mail - 400C,141794,MIA OUSLEY,CORINA LOPEZ,LEAH HALL,1,3
455400,Vote by Mail - 400C,141795,CORINA LOPEZ,LEAH HALL,MIA OUSLEY,1,3
455400,Vote by Mail - 400C,141796,CORINA LOPEZ,MIA OUSLEY,LEAH HALL,1,3
455400,Vote by Mail - 400C,141797,CORINA LOPEZ,skipped,skipped,1,3
455400,Vote by Mail - 400C,141798,CORINA LOPEZ,skipped,skipped,1,3
455400,Vote by Mail - 400C,141799,CORINA LOPEZ,MIA OUSLEY,LEAH HALL,1,3
455400,Vote by Mail - 400C,141800,LEAH HALL,skipped,skipped,1,3
455400,Vote by Mail - 400C,141801,LEAH HALL,CORINA LOPEZ,MIA OUSLEY,1,3
455400,Vote by Mail - 400C,141803,MIA OUSLEY,skipped,skipped,1,3
455400,Vote by Mail - 400C,141804,CORINA LOPEZ,MIA OUSLEY,LEAH HALL,1,3
455400,Vote by Mail - 400C,141805,CORINA LOPEZ,MIA OUSLEY,LEAH HALL,1,3
455400,Vote by Mail - 400C,141806,CORINA LOPEZ,skipped,skipped,1,3
455400,Vote by Mail - 400C,141807,CORINA LOPEZ,skipped,skipped,1,3
455400,Vote by Mail - 400C,141808,CORINA LOPEZ,skipped,skipped,1,3
455400,Vote by Mail - 400C,141809,MIA OUSLEY,skipped,skipped,1,3
455400,Vote by Mail - 400C,141810,CORINA LOPEZ,MIA OUSLEY,LEAH HALL,1,3
455400,Vote by Mail - 400C,141811,CORINA LOPEZ,skipped,skipped,1,3
455400,Vote by Mail - 400C,141812,CORINA LOPEZ,MIA OUSLEY,LEAH HALL,1,3
455400,Vote by Mail - 400C,141813,CORINA LOPEZ,skipped,skipped,1,3
455400,Vote by Mail - 400C,141814,LEAH HALL,skipped,skipped,1,3
455400,Vote by Mail - 400C,141815,CORINA LOPEZ,LEAH HALL,skipped,1,3
455400,Vote by Mail - 400C,141816,LEAH HALL,skipped,skipped,1,3
455400,Vote by Mail - 400C,141817,CORINA LOPEZ,MIA OUSLEY,LEAH HALL,1,3
455400,Vote by Mail - 400C,141818,CORINA LOPEZ,LEAH HALL,MIA OUSLEY,1,3
455400,Vote by Mail - 400C,141819,MIA OUSLEY,LEAH HALL,CORINA LOPEZ,1,3
455400,Vote by Mail - 400C,141820,LEAH HALL,MIA OUSLEY,skipped,1,3
455400,Vote by Mail - 400C,141821,LEAH HALL,CORINA LOPEZ,MIA OUSLEY,1,3
455400,Vote by Mail - 400C,141822,CORINA LOPEZ,LEAH HALL,MIA OUSLEY,1,3
455400,Vote by Mail - 400C,141823,CORINA LOPEZ,skipped,skipped,1,3
455400,Vote by Mail - 400C,141824,MIA OUSLEY,skipped,skipped,1,3
455400,Vote by Mail - 400C,141825,CORINA LOPEZ,skipped,skipped,1,3
455400,Vote by Mail - 400C,141828,CORINA LOPEZ,skipped,skipped,1,3
455400,Vote by Mail - 400C,141829,CORINA LOPEZ,MIA OUSLEY,LEAH HALL,1,3
455400,Vote by Mail - 400C,141831,CORINA LOPEZ,LEAH HALL,MIA OUSLEY,1,3
455400,Vote by Mail - 400C,141832,MIA OUSLEY,LEAH HALL,CORINA LOPEZ,1,3
455400,Vote by Mail - 400C,141833,CORINA LOPEZ,skipped,skipped,1,3
455400,Vote by Mail - 400C,141834,CORINA LOPEZ,skipped,skipped,1,3
455400,Vote by Mail - 400C,141836,MIA OUSLEY,skipped,skipped,1,3
455400,Vote by Mail - 400C,141837,LEAH HALL,MIA OUSLEY,skipped,1,3
455400,Vote by Mail - 400C,141838,CORINA LOPEZ,MIA OUSLEY,LEAH HALL,1,3
455400,Vote by Mail - 400C,141839,CORINA LOPEZ,MIA OUSLEY,LEAH HALL,1,3
455500,Vote by Mail - 400C,141840,CORINA LOPEZ,MIA OUSLEY,LEAH HALL,1,3
455500,Vote by Mail - 400C,141841,CORINA LOPEZ,LEAH HALL,MIA OUSLEY,1,3
455500,Vote by Mail - 400C,141842,LEAH HALL,skipped,skipped,1,3
455500,Vote by Mail - 400C,141843,LEAH HALL,skipped,skipped,1,3
455500,Vote by Mail - 400C,141844,CORINA LOPEZ,skipped,skipped,1,3
455500,Vote by Mail - 400C,141845,MIA OUSLEY,skipped,skipped,1,3
455500,Vote by Mail - 400C,141846,LEAH HALL,MIA OUSLEY,CORINA LOPEZ,1,3
455500,Vote by Mail - 400C,141847,MIA OUSLEY,skipped,skipped,1,3
455500,Vote by Mail - 400C,141848,CORINA LOPEZ,skipped,skipped,1,3
455500,Vote by Mail - 400C,141849,CORINA LOPEZ,skipped,skipped,1,3
455500,Vote by Mail - 400C,141850,CORINA LOPEZ,MIA OUSLEY,LEAH HALL,1,3
455500,Vote by Mail - 400C,141852,CORINA LOPEZ,MIA OUSLEY,LEAH HALL,1,3
455500,Vote by Mail - 400C,141853,LEAH HALL,skipped,skipped,1,3
455500,Vote by Mail - 400C,141854,LEAH HALL,MIA OUSLEY,CORINA LOPEZ,1,3
455500,Vote by Mail - 400C,141856,MIA OUSLEY,skipped,skipped,1,3
455500,Vote by Mail - 400C,141858,CORINA LOPEZ,MIA OUSLEY,LEAH HALL,1,3
455500,Vote by Mail - 400C,141859,CORINA LOPEZ,LEAH HALL,MIA OUSLEY,1,3
455500,Vote by Mail - 400C,141860,MIA OUSLEY,CORINA LOPEZ,LEAH HALL,1,3
455500,Vote by Mail - 400C,141861,CORINA LOPEZ,skipped,skipped,1,3
455500,Vote by Mail - 400C,141862,LEAH HALL,CORINA LOPEZ,MIA OUSLEY,1,3
455500,Vote by Mail - 400C,141863,LEAH HALL,skipped,skipped,1,3
455500,Vote by Mail - 400C,141864,MIA OUSLEY,CORINA LOPEZ,LEAH HALL,1,3
455500,Vote by Mail - 400C,141865,LEAH HALL,MIA OUSLEY,CORINA LOPEZ,1,3
455500,Vote by Mail - 400C,141866,LEAH HALL,MIA OUSLEY,CORINA LOPEZ,1,3
455500,Vote by Mail - 400C,141869,CORINA LOPEZ,MIA OUSLEY,LEAH HALL,1,3
455500,Vote by Mail - 400C,141870,MIA OUSLEY,CORINA LOPEZ,LEAH HALL,1,3
455500,Vote by Mail - 400C,141872,MIA OUSLEY,CORINA LOPEZ,LEAH HALL,1,3
455500,Vote by Mail - 400C,141873,MIA OUSLEY,LEAH HALL,CORINA LOPEZ,1,3
455500,Vote by Mail - 400C,141874,CORINA LOPEZ,skipped,skipped,1,3
455500,Vote by Mail - 400C,141875,CORINA LOPEZ,MIA OUSLEY,skipped,1,3
455500,Vote by Mail - 400C,141876,MIA OUSLEY,LEAH HALL,CORINA LOPEZ,1,3
455500,Vote by Mail - 400C,141877,CORINA LOPEZ,MIA OUSLEY,LEAH HALL,1,3
455500,Vote by Mail - 400C,141878,LEAH HALL,MIA OUSLEY,CORINA LOPEZ,1,3
455500,Vote by Mail - 400C,141879,MIA OUSLEY,skipped,skipped,1,3
455500,Vote by Mail - 400C,141880,CORINA LOPEZ,skipped,skipped,1,3
455500,Vote by Mail - 400C,141881,MIA OUSLEY,LEAH HALL,CORINA LOPEZ,1,3
455500,Vote by Mail - 400C,141882,CORINA LOPEZ,MIA OUSLEY,LEAH HALL,1,3
455500,Vote by Mail - 400C,141883,CORINA LOPEZ,LEAH HALL,MIA OUSLEY,1,3
455500,Vote by Mail - 400C,141885,CORINA LOPEZ,LEAH HALL,skipped,1,3
455500,Vote by Mail - 400C,141886,CORINA LOPEZ,skipped,skipped,1,3
455500,Vote by Mail - 400C,141887,CORINA LOPEZ,skipped,skipped,1,3
455500,Vote by Mail - 400C,141888,MIA OUSLEY,LEAH HALL,CORINA LOPEZ,1,3
455500,Vote by Mail - 400C,141889,LEAH HALL,skipped,skipped,1,3
455500,Vote by Mail - 400C,141890,CORINA LOPEZ,MIA OUSLEY,LEAH HALL,1,3
455500,Vote by Mail - 400C,141891,CORINA LOPEZ,skipped,skipped,1,3
456200,Vote by Mail - 400C,141892,LEAH HALL,CORINA LOPEZ,skipped,1,3
456200,Vote by Mail - 400C,141893,LEAH HALL,skipped,skipped,1,3
456200,Vote by Mail - 400C,141894,CORINA LOPEZ,skipped,skipped,1,3
456200,Vote by Mail - 400C,141895,MIA OUSLEY,LEAH HALL,CORINA LOPEZ,1,3
456200,Vote by Mail - 400C,141897,MIA OUSLEY,skipped,skipped,1,3
456200,Vote by Mail - 400C,141898,CORINA LOPEZ,LEAH HALL,MIA OUSLEY,1,3
456200,Vote by Mail - 400C,141900,LEAH HALL,skipped,skipped,1,3
456200,Vote by Mail - 400C,141901,MIA OUSLEY,skipped,skipped,1,3
456200,Vote by Mail - 400C,141902,LEAH HALL,skipped,skipped,1,3
456200,Vote by Mail - 400C,141903,CORINA LOPEZ,skipped,skipped,1,3
456200,Vote by Mail - 400C,141905,LEAH HALL,MIA OUSLEY,CORINA LOPEZ,1,3
456200,Vote by Mail - 400C,141906,CORINA LOPEZ,skipped,skipped,1,3
456200,Vote by Mail - 400C,141907,LEAH HALL,MIA OUSLEY,CORINA LOPEZ,1,3
456200,Vote by Mail - 400C,141908,MIA OUSLEY,skipped,skipped,1,3
456200,Vote by Mail - 400C,141909,CORINA LOPEZ,LEAH HALL,MIA OUSLEY,1,3
456200,Vote by Mail - 400C,141910,LEAH HALL,MIA OUSLEY,CORINA LOPEZ,1,3
456200,Vote by Mail - 400C,141911,CORINA LOPEZ,MIA OUSLEY,LEAH HALL,1,3
456200,Vote by Mail - 400C,141912,LEAH HALL,CORINA LOPEZ,MIA OUSLEY,1,3
456200,Vote by Mail - 400C,141913,MIA OUSLEY,CORINA LOPEZ,LEAH HALL,1,3
456200,Vote by Mail - 400C,141914,CORINA LOPEZ,MIA OUSLEY,LEAH HALL,1,3
456200,Vote by Mail - 400C,141915,MIA OUSLEY,LEAH HALL,CORINA LOPEZ,1,3
456200,Vote by Mail - 400C,141916,LEAH HALL,MIA OUSLEY,CORINA LOPEZ,1,3
456200,Vote by Mail - 400C,141917,CORINA LOPEZ,LEAH HALL,MIA OUSLEY,1,3
456200,Vote by Mail - 400C,141918,CORINA LOPEZ,LEAH HALL,skipped,1,3
456200,Vote by Mail - 400C,141919,MIA OUSLEY,CORINA LOPEZ,LEAH HALL,1,3
456200,Vote by Mail - 400C,141920,CORINA LOPEZ,skipped,skipped,1,3
456200,Vote by Mail - 400C,141921,LEAH HALL,MIA OUSLEY,CORINA LOPEZ,1,3
456200,Vote by Mail - 400C,141922,LEAH HALL,skipped,skipped,1,3
456200,Vote by Mail - 400C,141923,LEAH HALL,CORINA LOPEZ,MIA OUSLEY,1,3
456200,Vote by Mail - 400C,141924,CORINA LOPEZ,MIA OUSLEY,LEAH HALL,1,3
456200,Vote by Mail - 400C,141925,LEAH HALL,MIA OUSLEY,CORINA LOPEZ,1,3
456200,Vote by Mail - 400C,141926,CORINA LOPEZ,MIA OUSLEY,LEAH HALL,1,3
456200,Vote by Mail - 400C,141927,LEAH HALL,skipped,skipped,1,3
456200,Vote by Mail - 400C,141928,MIA OUSLEY,CORINA LOPEZ,LEAH HALL,1,3
456200,Vote by Mail - 400C,141930,CORINA LOPEZ,LEAH HALL,MIA OUSLEY,1,3
456200,Vote by Mail - 400C,141931,LEAH HALL,skipped,skipped,1,3
456200,Vote by Mail - 400C,141932,CORINA LOPEZ,MIA OUSLEY,LEAH HALL,1,3
456200,Vote by Mail - 400C,141933,MIA OUSLEY,CORINA LOPEZ,LEAH HALL,1,3
456200,Vote by Mail - 400C,141934,MIA OUSLEY,CORINA LOPEZ,LEAH HALL,1,3
456200,Vote by Mail - 400C,141935,LEAH HALL,CORINA LOPEZ,skipped,1,3
456200,Vote by Mail - 400C,141936,CORINA LOPEZ,LEAH HALL,MIA OUSLEY,1,3
456200,Vote by Mail - 400C,141937,MIA OUSLEY,LEAH HALL,CORINA LOPEZ,1,3
456200,Vote by Mail - 400C,141938,CORINA LOPEZ,MIA OUSLEY,LEAH HALL,1,3
456200,Vote by Mail - 400C,141939,LEAH HALL,skipped,skipped,1,3
456200,Vote by Mail - 400C,141942,CORINA LOPEZ,MIA OUSLEY,LEAH HALL,1,3
456200,Vote by Mail - 400C,141943,CORINA LOPEZ,MIA OUSLEY,LEAH HALL,1,3
456200,Vote by Mail - 400C,141944,LEAH HALL,MIA OUSLEY,CORINA LOPEZ,1,3
456200,Vote by Mail - 400C,141945,MIA OUSLEY,skipped,skipped,1,3
456200,Vote by Mail - 400C,141946,MIA OUSLEY,skipped,skipped,1,3
456200,Vote by Mail - 400C,141947,MIA OUSLEY,skipped,skipped,1,3
456200,Vote by Mail - 400C,141948,LEAH HALL,CORINA LOPEZ,MIA OUSLEY,1,3
456200,Vote by Mail - 400C,141949,MIA OUSLEY,LEAH HALL,CORINA LOPEZ,1,3
456200,Vote by Mail - 400C,141950,MIA OUSLEY,CORINA LOPEZ,LEAH HALL,1,3
456200,Vote by Mail - 400C,141951,MIA OUSLEY,CORINA LOPEZ,LEAH HALL,1,3
456200,Vote by Mail - 400C,141952,LEAH HALL,skipped,skipped,1,3
456200,Vote by Mail - 400C,141953,LEAH HALL,MIA OUSLEY,skipped,1,3
456200,Vote by Mail - 400C,141954,CORINA LOPEZ,LEAH HALL,skipped,1,3
456200,Vote by Mail - 400C,141955,MIA OUSLEY,LEAH HALL,CORINA LOPEZ,1,3
456200,Vote by Mail - 400C,141956,CORINA LOPEZ,MIA OUSLEY,LEAH HALL,1,3
456200,Vote by Mail - 400C,141957,CORINA LOPEZ,MIA OUSLEY,LEAH HALL,1,3
456200,Vote by Mail - 400C,141959,CORINA LOPEZ,LEAH HALL,MIA OUSLEY,1,3
456200,Vote by Mail - 400C,141960,LEAH HALL,skipped,skipped,1,3
456200,Vote by Mail - 400C,141962,CORINA LOPEZ,skipped,skipped,1,3
456600,Vote by Mail - 400C,141963,CORINA LOPEZ,LEAH HALL,MIA OUSLEY,1,3
456900,Vote by Mail - 400C,141964,CORINA LOPEZ,skipped,skipped,1,3
456900,Vote by Mail - 400C,141965,LEAH HALL,skipped,skipped,1,3
456900,Vote by Mail - 400C,141966,LEAH HALL,MIA OUSLEY,CORINA LOPEZ,1,3
456900,Vote by Mail - 400C,141967,LEAH HALL,MIA OUSLEY,CORINA LOPEZ,1,3
456900,Vote by Mail - 400C,141968,MIA OUSLEY,skipped,skipped,1,3
456900,Vote by Mail - 400C,141969,CORINA LOPEZ,MIA OUSLEY,LEAH HALL,1,3
456900,Vote by Mail - 400C,141970,CORINA LOPEZ,LEAH HALL,MIA OUSLEY,1,3
456900,Vote by Mail - 400C,141971,MIA OUSLEY,CORINA LOPEZ,LEAH HALL,1,3
456900,Vote by Mail - 400C,141972,LEAH HALL,skipped,skipped,1,3
456900,Vote by Mail - 400C,141973,CORINA LOPEZ,LEAH HALL,MIA OUSLEY,1,3
456900,Vote by Mail - 400C,141974,LEAH HALL,CORINA LOPEZ,MIA OUSLEY,1,3
456900,Vote by Mail - 400C,141975,LEAH HALL,MIA OUSLEY,CORINA LOPEZ,1,3
456900,Vote by Mail - 400C,141976,LEAH HALL,CORINA LOPEZ,MIA OUSLEY,1,3
456900,Vote by Mail - 400C,141977,LEAH HALL,CORINA LOPEZ,MIA OUSLEY,1,3
456900,Vote by Mail - 400C,141978,MIA OUSLEY,LEAH HALL,CORINA LOPEZ,1,3
456900,Vote by Mail - 400C,141980,CORINA LOPEZ,skipped,skipped,1,3
456900,Vote by Mail - 400C,141981,CORINA LOPEZ,LEAH HALL,MIA OUSLEY,1,3
456900,Vote by Mail - 400C,141982,CORINA LOPEZ,MIA OUSLEY,LEAH HALL,1,3
456900,Vote by Mail - 400C,141983,LEAH HALL,MIA OUSLEY,CORINA LOPEZ,1,3
456900,Vote by Mail - 400C,141985,CORINA LOPEZ,skipped,skipped,1,3
456900,Vote by Mail - 400C,141986,CORINA LOPEZ,LEAH HALL,MIA OUSLEY,1,3
456900,Vote by Mail - 400C,141987,MIA OUSLEY,CORINA LOPEZ,LEAH HALL,1,3
456900,Vote by Mail - 400C,141988,CORINA LOPEZ,skipped,skipped,1,3
456900,Vote by Mail - 400C,141989,MIA OUSLEY,CORINA LOPEZ,LEAH HALL,1,3
456900,Vote by Mail - 400C,141990,CORINA LOPEZ,skipped,skipped,1,3
456900,Vote by Mail - 400C,141991,MIA OUSLEY,LEAH HALL,CORINA LOPEZ,1,3
456900,Vote by Mail - 400C,141992,LEAH HALL,MIA OUSLEY,CORINA LOPEZ,1,3
456900,Vote by Mail - 400C,141993,CORINA LOPEZ,skipped,skipped,1,3
456900,Vote by Mail - 400C,141994,LEAH HALL,skipped,skipped,1,3
456900,Vote by Mail - 400C,141995,LEAH HALL,MIA OUSLEY,CORINA LOPEZ,1,3
456900,Vote by Mail - 400C,141996,CORINA LOPEZ,skipped,skipped,1,3
456900,Vote by Mail - 400C,141997,CORINA LOPEZ,skipped,skipped,1,3
456900,Vote by Mail - 400C,141999,CORINA LOPEZ,LEAH HALL,MIA OUSLEY,1,3
456900,Vote by Mail - 400C,142000,CORINA LOPEZ,skipped,skipped,1,3
456900,Vote by Mail - 400C,142001,CORINA LOPEZ,LEAH HALL,MIA OUSLEY,1,3
456900,Vote by Mail - 400C,142003,CORINA LOPEZ,LEAH HALL,MIA OUSLEY,1,3
456900,Vote by Mail - 400C,142004,CORINA LOPEZ,MIA OUSLEY,LEAH HALL,1,3
456900,Vote by Mail - 400C,142007,CORINA LOPEZ,LEAH HALL,MIA OUSLEY,1,3
456900,Vote by Mail - 400C,142008,MIA OUSLEY,skipped,skipped,1,3
456900,Vote by Mail - 400C,142009,CORINA LOPEZ,MIA OUSLEY,LEAH HALL,1,3
456900,Vote by Mail - 400C,142010,MIA OUSLEY,CORINA LOPEZ,LEAH HALL,1,3
456900,Vote by Mail - 400C,142011,LEAH HALL,MIA OUSLEY,CORINA LOPEZ,1,3
456900,Vote by Mail - 400C,142012,CORINA LOPEZ,skipped,skipped,1,3
456900,Vote by Mail - 400C,142013,CORINA LOPEZ,LEAH HALL,MIA OUSLEY,1,3
456900,Vote by Mail - 400C,142014,CORINA LOPEZ,LEAH HALL,MIA OUSLEY,1,3
456900,Vote by Mail - 400C,142015,MIA OUSLEY,CORINA LOPEZ,LEAH HALL,1,3
456900,Vote by Mail - 400C,142016,MIA OUSLEY,CORINA LOPEZ,LEAH HALL,1,3
456900,Vote by Mail - 400C,142017,CORINA LOPEZ,skipped,skipped,1,3
456900,Vote by Mail - 400C,142018,CORINA LOPEZ,MIA OUSLEY,LEAH HALL,1,3
456900,Vote by Mail - 400C,142019,CORINA LOPEZ,LEAH HALL,MIA OUSLEY,1,3
458300,Vote by Mail - 400C,142020,CORINA LOPEZ,skipped,skipped,1,3
458300,Vote by Mail - 400C,142021,MIA OUSLEY,skipped,skipped,1,3
458300,Vote by Mail - 400C,142023,CORINA LOPEZ,LEAH HALL,MIA OUSLEY,1,3
458300,Vote by Mail - 400C,142024,CORINA LOPEZ,MIA OUSLEY,LEAH HALL,1,3
458300,Vote by Mail - 400C,142025,MIA OUSLEY,LEAH HALL,CORINA LOPEZ,1,3
458300,Vote by Mail - 400C,142026,LEAH HALL,MIA OUSLEY,CORINA LOPEZ,1,3
458300,Vote by Mail - 400C,142027,CORINA LOPEZ,MIA OUSLEY,LEAH HALL,1,3
458300,Vote by Mail - 400C,142028,CORINA LOPEZ,LEAH HALL,MIA OUSLEY,1,3
458300,Vote by Mail - 400C,142029,MIA OUSLEY,skipped,skipped,1,3
458300,Vote by Mail - 400C,142030,CORINA LOPEZ,skipped,skipped,1,3
458300,Vote by Mail - 400C,142031,LEAH HALL,CORINA LOPEZ,skipped,1,3
458300,Vote by Mail - 400C,142032,CORINA LOPEZ,MIA OUSLEY,LEAH HALL,1,3
458300,Vote by Mail - 400C,142033,CORINA LOPEZ,skipped,skipped,1,3
458300,Vote by Mail - 400C,142034,CORINA LOPEZ,LEAH HALL,MIA OUSLEY,1,3
458300,Vote by Mail - 400C,142035,LEAH HALL,CORINA LOPEZ,MIA OUSLEY,1,3
458300,Vote by Mail - 400C,142036,MIA OUSLEY,CORINA LOPEZ,LEAH HALL,1,3
458300,Vote by Mail - 400C,142038,CORINA LOPEZ,LEAH HALL,MIA OUSLEY,1,3
458300,Vote by Mail - 400C,142040,CORINA LOPEZ,MIA OUSLEY,LEAH HALL,1,3
458300,Vote by Mail - 400C,142041,MIA OUSLEY,LEAH HALL,CORINA LOPEZ,1,3
458300,Vote by Mail - 400C,142042,CORINA LOPEZ,LEAH HALL,MIA OUSLEY,1,3
458300,Vote by Mail - 400C,142043,LEAH HALL,CORINA LOPEZ,MIA OUSLEY,1,3
458300,Vote by Mail - 400C,142044,CORINA LOPEZ,LEAH HALL,MIA OUSLEY,1,3
458300,Vote by Mail - 400C,142047,CORINA LOPEZ,MIA OUSLEY,LEAH HALL,1,3
458300,Vote by Mail - 400C,142048,LEAH HALL,CORINA LOPEZ,MIA OUSLEY,1,3
458300,Vote by Mail - 400C,142049,CORINA LOPEZ,LEAH HALL,MIA OUSLEY,1,3
458300,Vote by Mail - 400C,142050,CORINA LOPEZ,LEAH HALL,MIA OUSLEY,1,3
458300,Vote by Mail - 400C,142051,LEAH HALL,CORINA LOPEZ,MIA OUSLEY,1,3
458300,Vote by Mail - 400C,142052,CORINA LOPEZ,skipped,skipped,1,3
458300,Vote by Mail - 400C,142053,CORINA LOPEZ,skipped,skipped,1,3
458300,Vote by Mail - 400C,142054,CORINA LOPEZ,MIA OUSLEY,LEAH HALL,1,3
458300,Vote by Mail - 400C,142055,CORINA LOPEZ,skipped,skipped,1,3
458300,Vote by Mail - 400C,142056,CORINA LOPEZ,skipped,skipped,1,3
458300,Vote by Mail - 400C,142057,LEAH HALL,CORINA LOPEZ,MIA OUSLEY,1,3
458300,Vote by Mail - 400C,142058,CORINA LOPEZ,LEAH HALL,MIA OUSLEY,1,3
458300,Vote by Mail - 400C,142059,CORINA LOPEZ,LEAH HALL,MIA OUSLEY,1,3
458300,Vote by Mail - 400C,142060,CORINA LOPEZ,skipped,skipped,1,3
458300,Vote by Mail - 400C,142061,MIA OUSLEY,CORINA LOPEZ,LEAH HALL,1,3
458300,Vote by Mail - 400C,142062,LEAH HALL,CORINA LOPEZ,MIA OUSLEY,1,3
458300,Vote by Mail - 400C,142063,CORINA LOPEZ,MIA OUSLEY,LEAH HALL,1,3
458300,Vote by Mail - 400C,142064,LEAH HALL,MIA OUSLEY,CORINA LOPEZ,1,3
458300,Vote by Mail - 400C,142065,MIA OUSLEY,LEAH HALL,CORINA LOPEZ,1,3
458300,Vote by Mail - 400C,142066,MIA OUSLEY,CORINA LOPEZ,LEAH HALL,1,3
458300,Vote by Mail - 400C,142067,CORINA LOPEZ,LEAH HALL,MIA OUSLEY,1,3
458300,Vote by Mail - 400C,142068,CORINA LOPEZ,LEAH HALL,MIA OUSLEY,1,3
458300,Vote by Mail - 400C,142069,CORINA LOPEZ,MIA OUSLEY,LEAH HALL,1,3
458300,Vote by Mail - 400C,142070,CORINA LOPEZ,MIA OUSLEY,LEAH HALL,1,3
450400,Vote by Mail - 400C,145155,CORINA LOPEZ,LEAH HALL,MIA OUSLEY,1,3
450400,Vote by Mail - 400C,145156,LEAH HALL,MIA OUSLEY,CORINA LOPEZ,1,3
450400,Vote by Mail - 400C,145157,CORINA LOPEZ,LEAH HALL,MIA OUSLEY,1,3
450400,Vote by Mail - 400C,145159,CORINA LOPEZ,MIA OUSLEY,skipped,1,3
450400,Vote by Mail - 400C,145160,MIA OUSLEY,CORINA LOPEZ,LEAH HALL,1,3
450400,Vote by Mail - 400C,145161,CORINA LOPEZ,LEAH HALL,MIA OUSLEY,1,3
450400,Vote by Mail - 400C,145162,MIA OUSLEY,CORINA LOPEZ,LEAH HALL,1,3
450400,Vote by Mail - 400C,145163,CORINA LOPEZ,LEAH HALL,MIA OUSLEY,1,3
450400,Vote by Mail - 400C,145164,MIA OUSLEY,skipped,skipped,1,3
450400,Vote by Mail - 400C,145165,MIA OUSLEY,CORINA LOPEZ,LEAH HALL,1,3
450400,Vote by Mail - 400C,145166,CORINA LOPEZ,MIA OUSLEY,LEAH HALL,1,3
450400,Vote by Mail - 400C,145167,CORINA LOPEZ,LEAH HALL,MIA OUSLEY,1,3
450400,Vote by Mail - 400C,145168,MIA OUSLEY,CORINA LOPEZ,LEAH HALL,1,3
450400,Vote by Mail - 400C,145169,CORINA LOPEZ,skipped,skipped,1,3
450400,Vote by Mail - 400C,145170,CORINA LOPEZ,MIA OUSLEY,LEAH HALL,1,3
450400,Vote by Mail - 400C,145171,MIA OUSLEY,LEAH HALL,CORINA LOPEZ,1,3
450400,Vote by Mail - 400C,145172,MIA OUSLEY,LEAH HALL,skipped,1,3
450400,Vote by Mail - 400C,145173,CORINA LOPEZ,skipped,skipped,1,3
450400,Vote by Mail - 400C,145174,MIA OUSLEY,CORINA LOPEZ,LEAH HALL,1,3
450400,Vote by Mail - 400C,145175,MIA OUSLEY,CORINA LOPEZ,LEAH HALL,1,3
450400,Vote by Mail - 400C,145176,MIA OUSLEY,CORINA LOPEZ,LEAH HALL,1,3
450400,Vote by Mail - 400C,145177,CORINA LOPEZ,LEAH HALL,MIA OUSLEY,1,3
450400,Vote by Mail - 400C,145178,CORINA LOPEZ,LEAH HALL,MIA OUSLEY,1,3
450400,Vote by Mail - 400C,145179,CORINA LOPEZ,LEAH HALL,MIA OUSLEY,1,3
450400,Vote by Mail - 400C,145180,CORINA LOPEZ,MIA OUSLEY,LEAH HALL,1,3
450400,Vote by Mail - 400C,145181,LEAH HALL,MIA OUSLEY,CORINA LOPEZ,1,3
450400,Vote by Mail - 400C,145182,CORINA LOPEZ,LEAH HALL,MIA OUSLEY,1,3
450400,Vote by Mail - 400C,145183,LEAH HALL,CORINA LOPEZ,MIA OUSLEY,1,3
450400,Vote by Mail - 400C,145184,CORINA LOPEZ,skipped,skipped,1,3
450400,Vote by Mail - 400C,145185,CORINA LOPEZ,MIA OUSLEY,LEAH HALL,1,3
450400,Vote by Mail - 400C,145186,CORINA LOPEZ,LEAH HALL,MIA OUSLEY,1,3
450400,Vote by Mail - 400C,145187,CORINA LOPEZ,LEAH HALL,MIA OUSLEY,1,3
450400,Vote by Mail - 400C,145188,CORINA LOPEZ,LEAH HALL,MIA OUSLEY,1,3
450400,Vote by Mail - 400C,145189,CORINA LOPEZ,MIA OUSLEY,LEAH HALL,1,3
450400,Vote by Mail - 400C,145190,CORINA LOPEZ,MIA OUSLEY,LEAH HALL,1,3
450400,Vote by Mail - 400C,145191,LEAH HALL,CORINA LOPEZ,skipped,1,3
450400,Vote by Mail - 400C,145192,CORINA LOPEZ,MIA OUSLEY,LEAH HALL,1,3
450400,Vote by Mail - 400C,145193,MIA OUSLEY,LEAH HALL,CORINA LOPEZ,1,3
450400,Vote by Mail - 400C,145194,MIA OUSLEY,LEAH HALL,CORINA LOPEZ,1,3
450400,Vote by Mail - 400C,145195,MIA OUSLEY,CORINA LOPEZ,LEAH HALL,1,3
450400,Vote by Mail - 400C,145196,CORINA LOPEZ,MIA OUSLEY,LEAH HALL,1,3
450610,Vote by Mail - 400C,145197,LEAH HALL,MIA OUSLEY,skipped,1,3
450610,Vote by Mail - 400C,145198,CORINA LOPEZ,skipped,skipped,1,3
450610,Vote by Mail - 400C,145199,CORINA LOPEZ,LEAH HALL,MIA OUSLEY,1,3
450610,Vote by Mail - 400C,145200,LEAH HALL,CORINA LOPEZ,MIA OUSLEY,1,3
450610,Vote by Mail - 400C,145201,CORINA LOPEZ,LEAH HALL,MIA OUSLEY,1,3
450610,Vote by Mail - 400C,145202,CORINA LOPEZ,skipped,skipped,1,3
450610,Vote by Mail - 400C,145203,CORINA LOPEZ,skipped,skipped,1,3
450610,Vote by Mail - 400C,145204,MIA OUSLEY,skipped,skipped,1,3
450610,Vote by Mail - 400C,145205,CORINA LOPEZ,MIA OUSLEY,LEAH HALL,1,3
450610,Vote by Mail - 400C,145207,CORINA LOPEZ,skipped,skipped,1,3
450610,Vote by Mail - 400C,145208,CORINA LOPEZ,MIA OUSLEY,LEAH HALL,1,3
450610,Vote by Mail - 400C,145209,LEAH HALL,skipped,skipped,1,3
450610,Vote by Mail - 400C,145210,CORINA LOPEZ,LEAH HALL,MIA OUSLEY,1,3
450610,Vote by Mail - 400C,145211,MIA OUSLEY,LEAH HALL,skipped,1,3
450610,Vote by Mail - 400C,145212,MIA OUSLEY,skipped,skipped,1,3
450610,Vote by Mail - 400C,145213,LEAH HALL,MIA OUSLEY,CORINA LOPEZ,1,3
450610,Vote by Mail - 400C,145214,LEAH HALL,CORINA LOPEZ,MIA OUSLEY,1,3
450610,Vote by Mail - 400C,145215,LEAH HALL,CORINA LOPEZ,MIA OUSLEY,1,3
450610,Vote by Mail - 400C,145216,MIA OUSLEY,LEAH HALL,CORINA LOPEZ,1,3
450610,Vote by Mail - 400C,145217,LEAH HALL,skipped,skipped,1,3
450610,Vote by Mail - 400C,145218,CORINA LOPEZ,MIA OUSLEY,LEAH HALL,1,3
450610,Vote by Mail - 400C,145219,CORINA LOPEZ,LEAH HALL,MIA OUSLEY,1,3
450610,Vote by Mail - 400C,145220,MIA OUSLEY,skipped,skipped,1,3
450610,Vote by Mail - 400C,145221,MIA OUSLEY,skipped,skipped,1,3
450800,Vote by Mail - 400C,145222,MIA OUSLEY,CORINA LOPEZ,LEAH HALL,1,3
450800,Vote by Mail - 400C,145223,CORINA LOPEZ,LEAH HALL,MIA OUSLEY,1,3
450800,Vote by Mail - 400C,145224,LEAH HALL,MIA OUSLEY,CORINA LOPEZ,1,3
450800,Vote by Mail - 400C,145225,CORINA LOPEZ,LEAH HALL,MIA OUSLEY,1,3
450800,Vote by Mail - 400C,145226,CORINA LOPEZ,LEAH HALL,MIA OUSLEY,1,3
450800,Vote by Mail - 400C,145227,CORINA LOPEZ,LEAH HALL,MIA OUSLEY,1,3
450800,Vote by Mail - 400C,145228,CORINA LOPEZ,LEAH HALL,MIA OUSLEY,1,3
450800,Vote by Mail - 400C,145229,CORINA LOPEZ,MIA OUSLEY,LEAH HALL,1,3
450800,Vote by Mail - 400C,145230,CORINA LOPEZ,MIA OUSLEY,LEAH HALL,1,3
450800,Vote by Mail - 400C,145231,CORINA LOPEZ,LEAH HALL,MIA OUSLEY,1,3
450800,Vote by Mail - 400C,145232,CORINA LOPEZ,MIA OUSLEY,LEAH HALL,1,3
450800,Vote by Mail - 400C,145233,MIA OUSLEY,skipped,skipped,1,3
450800,Vote by Mail - 400C,145234,MIA OUSLEY,LEAH HALL,CORINA LOPEZ,1,3
450800,Vote by Mail - 400C,145235,CORINA LOPEZ,LEAH HALL,MIA OUSLEY,1,3
450800,Vote by Mail - 400C,145236,CORINA LOPEZ,MIA OUSLEY,LEAH HALL,1,3
450800,Vote by Mail - 400C,145237,CORINA LOPEZ,MIA OUSLEY,LEAH HALL,1,3
450800,Vote by Mail - 400C,145238,CORINA LOPEZ,MIA OUSLEY,LEAH HALL,1,3
450800,Vote by Mail - 400C,145239,MIA OUSLEY,CORINA LOPEZ,LEAH HALL,1,3
450800,Vote by Mail - 400C,145240,CORINA LOPEZ,LEAH HALL,MIA OUSLEY,1,3
450800,Vote by Mail - 400C,145241,MIA OUSLEY,LEAH HALL,CORINA LOPEZ,1,3
450800,Vote by Mail - 400C,145242,LEAH HALL,MIA OUSLEY,CORINA LOPEZ,1,3
450800,Vote by Mail - 400C,145243,LEAH HALL,MIA OUSLEY,CORINA LOPEZ,1,3
450800,Vote by Mail - 400C,145244,MIA OUSLEY,CORINA LOPEZ,LEAH HALL,1,3
450800,Vote by Mail - 400C,145245,MIA OUSLEY,CORINA LOPEZ,LEAH HALL,1,3
450800,Vote by Mail - 400C,145246,CORINA LOPEZ,skipped,skipped,1,3
451000,Vote by Mail - 400C,145247,CORINA LOPEZ,MIA OUSLEY,LEAH HALL,1,3
451000,Vote by Mail - 400C,145248,MIA OUSLEY,skipped,skipped,1,3
451000,Vote by Mail - 400C,145249,MIA OUSLEY,LEAH HALL,CORINA LOPEZ,1,3
451000,Vote by Mail - 400C,145250,LEAH HALL,CORINA LOPEZ,MIA OUSLEY,1,3
451000,Vote by Mail - 400C,145251,LEAH HALL,MIA OUSLEY,CORINA LOPEZ,1,3
451000,Vote by Mail - 400C,145252,CORINA LOPEZ,MIA OUSLEY,LEAH HALL,1,3
451000,Vote by Mail - 400C,145253,CORINA LOPEZ,skipped,skipped,1,3
451000,Vote by Mail - 400C,145254,CORINA LOPEZ,skipped,skipped,1,3
451000,Vote by Mail - 400C,145255,CORINA LOPEZ,skipped,skipped,1,3
451000,Vote by Mail - 400C,145256,CORINA LOPEZ,MIA OUSLEY,LEAH HALL,1,3
451000,Vote by Mail - 400C,145257,LEAH HALL,MIA OUSLEY,CORINA LOPEZ,1,3
451000,Vote by Mail - 400C,145259,MIA OUSLEY,skipped,skipped,1,3
451000,Vote by Mail - 400C,145261,MIA OUSLEY,LEAH HALL,skipped,1,3
451000,Vote by Mail - 400C,145262,CORINA LOPEZ,skipped,skipped,1,3
451000,Vote by Mail - 400C,145263,CORINA LOPEZ,MIA OUSLEY,LEAH HALL,1,3
451000,Vote by Mail - 400C,145264,LEAH HALL,CORINA LOPEZ,MIA OUSLEY,1,3
451000,Vote by Mail - 400C,145265,CORINA LOPEZ,MIA OUSLEY,LEAH HALL,1,3
451000,Vote by Mail - 400C,145267,LEAH HALL,skipped,skipped,1,3
451000,Vote by Mail - 400C,145268,LEAH HALL,skipped,skipped,1,3
451000,Vote by Mail - 400C,145269,MIA OUSLEY,skipped,skipped,1,3
451000,Vote by Mail - 400C,145270,LEAH HALL,MIA OUSLEY,CORINA LOPEZ,1,3
451000,Vote by Mail - 400C,145271,CORINA LOPEZ,MIA OUSLEY,LEAH HALL,1,3
451000,Vote by Mail - 400C,145272,CORINA LOPEZ,skipped,skipped,1,3
451000,Vote by Mail - 400C,145273,CORINA LOPEZ,MIA OUSLEY,LEAH HALL,1,3
451000,Vote by Mail - 400C,145274,CORINA LOPEZ,skipped,skipped,1,3
451000,Vote by Mail - 400C,145275,CORINA LOPEZ,MIA OUSLEY,LEAH HALL,1,3
451000,Vote by Mail - 400C,145276,CORINA LOPEZ,MIA OUSLEY,LEAH HALL,1,3
451000,Vote by Mail - 400C,145277,CORINA LOPEZ,MIA OUSLEY,LEAH HALL,1,3
451000,Vote by Mail - 400C,145278,LEAH HALL,CORINA LOPEZ,MIA OUSLEY,1,3
451000,Vote by Mail - 400C,145279,CORINA LOPEZ,LEAH HALL,MIA OUSLEY,1,3
451000,Vote by Mail - 400C,145280,CORINA LOPEZ,MIA OUSLEY,LEAH HALL,1,3
451000,Vote by Mail - 400C,145281,MIA OUSLEY,CORINA LOPEZ,LEAH HALL,1,3
451000,Vote by Mail - 400C,145282,LEAH HALL,MIA OUSLEY,CORINA LOPEZ,1,3
451510,Vote by Mail - 400C,145284,CORINA LOPEZ,LEAH HALL,MIA OUSLEY,1,3
451510,Vote by Mail - 400C,145285,CORINA LOPEZ,LEAH HALL,MIA OUSLEY,1,3
451510,Vote by Mail - 400C,145286,MIA OUSLEY,LEAH HALL,CORINA LOPEZ,1,3
451510,Vote by Mail - 400C,145287,MIA OUSLEY,CORINA LOPEZ,LEAH HALL,1,3
451510,Vote by Mail - 400C,145288,CORINA LOPEZ,skipped,skipped,1,3
451510,Vote by Mail - 400C,145289,LEAH HALL,MIA OUSLEY,CORINA LOPEZ,1,3
451510,Vote by Mail - 400C,145290,LEAH HALL,skipped,skipped,1,3
451510,Vote by Mail - 400C,145291,CORINA LOPEZ,LEAH HALL,MIA OUSLEY,1,3
451510,Vote by Mail - 400C,145293,MIA OUSLEY,CORINA LOPEZ,LEAH HALL,1,3
451510,Vote by Mail - 400C,145294,CORINA LOPEZ,MIA OUSLEY,LEAH HALL,1,3
451510,Vote by Mail - 400C,145295,MIA OUSLEY,skipped,skipped,1,3
451510,Vote by Mail - 400C,145296,CORINA LOPEZ,LEAH HALL,MIA OUSLEY,1,3
451510,Vote by Mail - 400C,145297,CORINA LOPEZ,MIA OUSLEY,LEAH HALL,1,3
451510,Vote by Mail - 400C,145298,CORINA LOPEZ,skipped,skipped,1,3
451510,Vote by Mail - 400C,145299,LEAH HALL,CORINA LOPEZ,MIA OUSLEY,1,3
451510,Vote by Mail - 400C,145300,CORINA LOPEZ,skipped,skipped,1,3
451510,Vote by Mail - 400C,145302,LEAH HALL,skipped,skipped,1,3
451510,Vote by Mail - 400C,145304,CORINA LOPEZ,MIA OUSLEY,LEAH HALL,1,3
451510,Vote by Mail - 400C,145307,MIA OUSLEY,CORINA LOPEZ,LEAH HALL,1,3
451510,Vote by Mail - 400C,145308,CORINA LOPEZ,LEAH HALL,MIA OUSLEY,1,3
451510,Vote by Mail - 400C,145309,CORINA LOPEZ,MIA OUSLEY,LEAH HALL,1,3
451510,Vote by Mail - 400C,145310,CORINA LOPEZ,skipped,skipped,1,3
451510,Vote by Mail - 400C,145311,LEAH HALL,CORINA LOPEZ,MIA OUSLEY,1,3
451510,Vote by Mail - 400C,145312,LEAH HALL,MIA OUSLEY,CORINA LOPEZ,1,3
451510,Vote by Mail - 400C,145313,MIA OUSLEY,LEAH HALL,CORINA LOPEZ,1,3
451510,Vote by Mail - 400C,145314,LEAH HALL,CORINA LOPEZ,MIA OUSLEY,1,3
451510,Vote by Mail - 400C,145315,CORINA LOPEZ,skipped,skipped,1,3
451510,Vote by Mail - 400C,145316,LEAH HALL,MIA OUSLEY,CORINA LOPEZ,1,3
451510,Vote by Mail - 400C,145317,LEAH HALL,MIA OUSLEY,CORINA LOPEZ,1,3
451510,Vote by Mail - 400C,145318,MIA OUSLEY,CORINA LOPEZ,skipped,1,3
451510,Vote by Mail - 400C,145319,LEAH HALL,MIA OUSLEY,CORINA LOPEZ,1,3
451510,Vote by Mail - 400C,145320,LEAH HALL,MIA OUSLEY,CORINA LOPEZ,1,3
451510,Vote by Mail - 400C,145321,CORINA LOPEZ,MIA OUSLEY,LEAH HALL,1,3
451510,Vote by Mail - 400C,145322,MIA OUSLEY,skipped,skipped,1,3
451510,Vote by Mail - 400C,145323,CORINA LOPEZ,MIA OUSLEY,LEAH HALL,1,3
451600,Vote by Mail - 400C,145324,CORINA LOPEZ,skipped,skipped,1,3
451600,Vote by Mail - 400C,145325,LEAH HALL,CORINA LOPEZ,skipped,1,3
451600,Vote by Mail - 400C,145326,CORINA LOPEZ,LEAH HALL,MIA OUSLEY,1,3
451600,Vote by Mail - 400C,145327,MIA OUSLEY,skipped,skipped,1,3
451600,Vote by Mail - 400C,145328,CORINA LOPEZ,LEAH HALL,MIA OUSLEY,1,3
451600,Vote by Mail - 400C,145329,CORINA LOPEZ,LEAH HALL,MIA OUSLEY,1,3
451600,Vote by Mail - 400C,145330,CORINA LOPEZ,MIA OUSLEY,LEAH HALL,1,3
451600,Vote by Mail - 400C,145331,LEAH HALL,CORINA LOPEZ,MIA OUSLEY,1,3
451600,Vote by Mail - 400C,145332,LEAH HALL,skipped,skipped,1,3
451600,Vote by Mail - 400C,145333,MIA OUSLEY,skipped,skipped,1,3
451600,Vote by Mail - 400C,145334,CORINA LOPEZ,MIA OUSLEY,LEAH HALL,1,3
451600,Vote by Mail - 400C,145335,LEAH HALL,skipped,skipped,1,3
451600,Vote by Mail - 400C,145336,CORINA LOPEZ,MIA OUSLEY,skipped,1,3
451600,Vote by Mail - 400C,145337,CORINA LOPEZ,skipped,skipped,1,3
451600,Vote by Mail - 400C,145338,MIA OUSLEY,skipped,skipped,1,3
451600,Vote by Mail - 400C,145339,CORINA LOPEZ,skipped,skipped,1,3
451600,Vote by Mail - 400C,145340,CORINA LOPEZ,LEAH HALL,MIA OUSLEY,1,3
451600,Vote by Mail - 400C,145341,MIA OUSLEY,LEAH HALL,CORINA LOPEZ,1,3
451600,Vote by Mail - 400C,145342,CORINA LOPEZ,LEAH HALL,MIA OUSLEY,1,3
451600,Vote by Mail - 400C,145343,MIA OUSLEY,LEAH HALL,CORINA LOPEZ,1,3
451600,Vote by Mail - 400C,145344,CORINA LOPEZ,LEAH HALL,MIA OUSLEY,1,3
451600,Vote by Mail - 400C,145345,CORINA LOPEZ,MIA OUSLEY,LEAH HALL,1,3
451600,Vote by Mail - 400C,145346,CORINA LOPEZ,LEAH HALL,MIA OUSLEY,1,3
451600,Vote by Mail - 400C,145347,CORINA LOPEZ,LEAH HALL,MIA OUSLEY,1,3
451600,Vote by Mail - 400C,145348,CORINA LOPEZ,MIA OUSLEY,LEAH HALL,1,3
451600,Vote by Mail - 400C,145349,LEAH HALL,CORINA LOPEZ,MIA OUSLEY,1,3
451600,Vote by Mail - 400C,145350,CORINA LOPEZ,MIA OUSLEY,LEAH HALL,1,3
451600,Vote by Mail - 400C,145351,MIA OUSLEY,skipped,skipped,1,3
451600,Vote by Mail - 400C,145352,CORINA LOPEZ,LEAH HALL,MIA OUSLEY,1,3
451600,Vote by Mail - 400C,145353,CORINA LOPEZ,MIA OUSLEY,LEAH HALL,1,3
451600,Vote by Mail - 400C,145354,CORINA LOPEZ,MIA OUSLEY,LEAH HALL,1,3
451600,Vote by Mail - 400C,145355,MIA OUSLEY,skipped,skipped,1,3
451600,Vote by Mail - 400C,145356,LEAH HALL,skipped,skipped,1,3
451700,Vote by Mail - 400C,145357,MIA OUSLEY,CORINA LOPEZ,LEAH HALL,1,3
451700,Vote by Mail - 400C,145358,CORINA LOPEZ,LEAH HALL,MIA OUSLEY,1,3
451700,Vote by Mail - 400C,145359,MIA OUSLEY,skipped,skipped,1,3
451700,Vote by Mail - 400C,145360,CORINA LOPEZ,skipped,skipped,1,3
451700,Vote by Mail - 400C,145361,CORINA LOPEZ,MIA OUSLEY,LEAH HALL,1,3
451700,Vote by Mail - 400C,145362,LEAH HALL,MIA OUSLEY,skipped,1,3
451700,Vote by Mail - 400C,145363,LEAH HALL,MIA OUSLEY,CORINA LOPEZ,1,3
451700,Vote by Mail - 400C,145364,LEAH HALL,MIA OUSLEY,CORINA LOPEZ,1,3
451700,Vote by Mail - 400C,145365,MIA OUSLEY,skipped,skipped,1,3
451700,Vote by Mail - 400C,145366,LEAH HALL,MIA OUSLEY,CORINA LOPEZ,1,3
451700,Vote by Mail - 400C,145367,CORINA LOPEZ,LEAH HALL,MIA OUSLEY,1,3
451700,Vote by Mail - 400C,145368,CORINA LOPEZ,LEAH HALL,MIA OUSLEY,1,3
451700,Vote by Mail - 400C,145370,CORINA LOPEZ,skipped,skipped,1,3
451700,Vote by Mail - 400C,145371,CORINA LOPEZ,LEAH HALL,MIA OUSLEY,1,3
451700,Vote by Mail - 400C,145372,CORINA LOPEZ,skipped,skipped,1,3
451700,Vote by Mail - 400C,145373,LEAH HALL,skipped,skipped,1,3
451700,Vote by Mail - 400C,145374,CORINA LOPEZ,LEAH HALL,MIA OUSLEY,1,3
451700,Vote by Mail - 400C,145375,LEAH HALL,skipped,skipped,1,3
451700,Vote by Mail - 400C,145376,LEAH HALL,skipped,skipped,1,3
451700,Vote by Mail - 400C,145377,MIA OUSLEY,skipped,skipped,1,3
451700,Vote by Mail - 400C,145378,CORINA LOPEZ,skipped,skipped,1,3
451700,Vote by Mail - 400C,145379,CORINA LOPEZ,LEAH HALL,skipped,1,3
451700,Vote by Mail - 400C,145380,CORINA LOPEZ,skipped,skipped,1,3
451700,Vote by Mail - 400C,145381,LEAH HALL,CORINA LOPEZ,MIA OUSLEY,1,3
451700,Vote by Mail - 400C,145382,CORINA LOPEZ,MIA OUSLEY,LEAH HALL,1,3
451700,Vote by Mail - 400C,145383,CORINA LOPEZ,MIA OUSLEY,LEAH HALL,1,3
451700,Vote by Mail - 400C,145384,LEAH HALL,skipped,skipped,1,3
451700,Vote by Mail - 400C,145385,CORINA LOPEZ,LEAH HALL,MIA OUSLEY,1,3
451700,Vote by Mail - 400C,145386,CORINA LOPEZ,LEAH HALL,MIA OUSLEY,1,3
451700,Vote by Mail - 400C,145387,LEAH HALL,CORINA LOPEZ,skipped,1,3
451700,Vote by Mail - 400C,145388,LEAH HALL,CORINA LOPEZ,skipped,1,3
451700,Vote by Mail - 400C,145389,CORINA LOPEZ,LEAH HALL,MIA OUSLEY,1,3
451700,Vote by Mail - 400C,145390,CORINA LOPEZ,skipped,skipped,1,3
451700,Vote by Mail - 400C,145391,MIA OUSLEY,LEAH HALL,skipped,1,3
451700,Vote by Mail - 400C,145392,LEAH HALL,MIA OUSLEY,CORINA LOPEZ,1,3
452200,Vote by Mail - 400C,145393,LEAH HALL,skipped,skipped,1,3
452200,Vote by Mail - 400C,145394,CORINA LOPEZ,MIA OUSLEY,LEAH HALL,1,3
452200,Vote by Mail - 400C,145395,MIA OUSLEY,skipped,skipped,1,3
452200,Vote by Mail - 400C,145396,LEAH HALL,MIA OUSLEY,skipped,1,3
452200,Vote by Mail - 400C,145397,CORINA LOPEZ,MIA OUSLEY,LEAH HALL,1,3
452200,Vote by Mail - 400C,145398,CORINA LOPEZ,MIA OUSLEY,LEAH HALL,1,3
452200,Vote by Mail - 400C,145399,CORINA LOPEZ,LEAH HALL,MIA OUSLEY,1,3
452200,Vote by Mail - 400C,145400,CORINA LOPEZ,skipped,skipped,1,3
452200,Vote by Mail - 400C,145401,CORINA LOPEZ,MIA OUSLEY,LEAH HALL,1,3
452200,Vote by Mail - 400C,145402,CORINA LOPEZ,LEAH HALL,MIA OUSLEY,1,3
452200,Vote by Mail - 400C,145403,MIA OUSLEY,CORINA LOPEZ,LEAH HALL,1,3
452200,Vote by Mail - 400C,145404,CORINA LOPEZ,LEAH HALL,MIA OUSLEY,1,3
452200,Vote by Mail - 400C,145405,CORINA LOPEZ,MIA OUSLEY,LEAH HALL,1,3
452200,Vote by Mail - 400C,145406,CORINA LOPEZ,LEAH HALL,MIA OUSLEY,1,3
452200,Vote by Mail - 400C,145407,CORINA LOPEZ,LEAH HALL,MIA OUSLEY,1,3
452200,Vote by Mail - 400C,145408,CORINA LOPEZ,MIA OUSLEY,LEAH HALL,1,3
452200,Vote by Mail - 400C,145409,CORINA LOPEZ,LEAH HALL,MIA OUSLEY,1,3
452200,Vote by Mail - 400C,145410,LEAH HALL,MIA OUSLEY,CORINA LOPEZ,1,3
452200,Vote by Mail - 400C,145411,CORINA LOPEZ,MIA OUSLEY,LEAH HALL,1,3
452200,Vote by Mail - 400C,145412,CORINA LOPEZ,MIA OUSLEY,LEAH HALL,1,3
452200,Vote by Mail - 400C,145413,CORINA LOPEZ,MIA OUSLEY,LEAH HALL,1,3
452200,Vote by Mail - 400C,145414,CORINA LOPEZ,MIA OUSLEY,LEAH HALL,1,3
452200,Vote by Mail - 400C,145415,CORINA LOPEZ,MIA OUSLEY,LEAH HALL,1,3
452200,Vote by Mail - 400C,145416,CORINA LOPEZ,MIA OUSLEY,LEAH HALL,1,3
452200,Vote by Mail - 400C,145417,MIA OUSLEY,LEAH HALL,CORINA LOPEZ,1,3
452200,Vote by Mail - 400C,145418,CORINA LOPEZ,LEAH HALL,MIA OUSLEY,1,3
452200,Vote by Mail - 400C,145419,CORINA LOPEZ,LEAH HALL,MIA OUSLEY,1,3
452200,Vote by Mail - 400C,145420,CORINA LOPEZ,LEAH HALL,MIA OUSLEY,1,3
452200,Vote by Mail - 400C,145421,CORINA LOPEZ,MIA OUSLEY,LEAH HALL,1,3
452200,Vote by Mail - 400C,145422,CORINA LOPEZ,skipped,skipped,1,3
452200,Vote by Mail - 400C,145423,MIA OUSLEY,CORINA LOPEZ,LEAH HALL,1,3
452200,Vote by Mail - 400C,145424,MIA OUSLEY,skipped,skipped,1,3
452200,Vote by Mail - 400C,145425,CORINA LOPEZ,MIA OUSLEY,LEAH HALL,1,3
452200,Vote by Mail - 400C,145426,LEAH HALL,CORINA LOPEZ,MIA OUSLEY,1,3
452200,Vote by Mail - 400C,145427,MIA OUSLEY,skipped,skipped,1,3
452200,Vote by Mail - 400C,145428,CORINA LOPEZ,MIA OUSLEY,LEAH HALL,1,3
452200,Vote by Mail - 400C,145429,LEAH HALL,CORINA LOPEZ,MIA OUSLEY,1,3
452200,Vote by Mail - 400C,145430,CORINA LOPEZ,MIA OUSLEY,LEAH HALL,1,3
452200,Vote by Mail - 400C,145431,CORINA LOPEZ,LEAH HALL,MIA OUSLEY,1,3
452200,Vote by Mail - 400C,145432,MIA OUSLEY,CORINA LOPEZ,LEAH HALL,1,3
452200,Vote by Mail - 400C,145433,MIA OUSLEY,skipped,skipped,1,3
452200,Vote by Mail - 400C,145434,CORINA LOPEZ,LEAH HALL,MIA OUSLEY,1,3
452200,Vote by Mail - 400C,145435,LEAH HALL,MIA OUSLEY,CORINA LOPEZ,1,3
452200,Vote by Mail - 400C,145436,CORINA LOPEZ,LEAH HALL,MIA OUSLEY,1,3
452200,Vote by Mail - 400C,145437,CORINA LOPEZ,MIA OUSLEY,LEAH HALL,1,3
452200,Vote by Mail - 400C,145438,CORINA LOPEZ,LEAH HALL,MIA OUSLEY,1,3
452200,Vote by Mail - 400C,145439,CORINA LOPEZ,MIA OUSLEY,LEAH HALL,1,3
452200,Vote by Mail - 400C,145440,LEAH HALL,MIA OUSLEY,CORINA LOPEZ,1,3
452200,Vote by Mail - 400C,145441,CORINA LOPEZ,LEAH HALL,MIA OUSLEY,1,3
452200,Vote by Mail - 400C,145442,MIA OUSLEY,CORINA LOPEZ,LEAH HALL,1,3
452200,Vote by Mail - 400C,145443,CORINA LOPEZ,LEAH HALL,MIA OUSLEY,1,3
452200,Vote by Mail - 400C,145444,LEAH HALL,CORINA LOPEZ,MIA OUSLEY,1,3
452200,Vote by Mail - 400C,145445,CORINA LOPEZ,LEAH HALL,MIA OUSLEY,1,3
452200,Vote by Mail - 400C,145446,CORINA LOPEZ,skipped,skipped,1,3
452200,Vote by Mail - 400C,145447,MIA OUSLEY,CORINA LOPEZ,LEAH HALL,1,3
452200,Vote by Mail - 400C,145448,CORINA LOPEZ,skipped,skipped,1,3
452200,Vote by Mail - 400C,145449,MIA OUSLEY,CORINA LOPEZ,LEAH HALL,1,3
452200,Vote by Mail - 400C,145450,CORINA LOPEZ,skipped,skipped,1,3
452200,Vote by Mail - 400C,145451,CORINA LOPEZ,MIA OUSLEY,LEAH HALL,1,3
452200,Vote by Mail - 400C,145452,CORINA LOPEZ,LEAH HALL,MIA OUSLEY,1,3
452200,Vote by Mail - 400C,145453,CORINA LOPEZ,skipped,skipped,1,3
452200,Vote by Mail - 400C,145454,LEAH HALL,skipped,skipped,1,3
452200,Vote by Mail - 400C,145455,CORINA LOPEZ,MIA OUSLEY,LEAH HALL,1,3
452200,Vote by Mail - 400C,145456,MIA OUSLEY,LEAH HALL,CORINA LOPEZ,1,3
450300,Vote by Mail - 400C,149043,MIA OUSLEY,CORINA LOPEZ,LEAH HALL,1,3
450300,Vote by Mail - 400C,149044,CORINA LOPEZ,skipped,skipped,1,3
450300,Vote by Mail - 400C,149045,CORINA LOPEZ,skipped,skipped,1,3
450300,Vote by Mail - 400C,149046,CORINA LOPEZ,LEAH HALL,MIA OUSLEY,1,3
450300,Vote by Mail - 400C,149047,CORINA LOPEZ,skipped,skipped,1,3
450300,Vote by Mail - 400C,149048,MIA OUSLEY,skipped,skipped,1,3
450300,Vote by Mail - 400C,149049,LEAH HALL,skipped,skipped,1,3
450300,Vote by Mail - 400C,149051,CORINA LOPEZ,LEAH HALL,MIA OUSLEY,1,3
450300,Vote by Mail - 400C,149052,CORINA LOPEZ,MIA OUSLEY,LEAH HALL,1,3
450300,Vote by Mail - 400C,149053,CORINA LOPEZ,skipped,skipped,1,3
450300,Vote by Mail - 400C,149055,CORINA LOPEZ,MIA OUSLEY,LEAH HALL,1,3
450300,Vote by Mail - 400C,149056,LEAH HALL,CORINA LOPEZ,MIA OUSLEY,1,3
450300,Vote by Mail - 400C,149057,MIA OUSLEY,CORINA LOPEZ,LEAH HALL,1,3
450300,Vote by Mail - 400C,149058,CORINA LOPEZ,LEAH HALL,MIA OUSLEY,1,3
450300,Vote by Mail - 400C,149059,MIA OUSLEY,LEAH HALL,CORINA LOPEZ,1,3
450300,Vote by Mail - 400C,149060,CORINA LOPEZ,MIA OUSLEY,LEAH HALL,1,3
450300,Vote by Mail - 400C,149061,CORINA LOPEZ,MIA OUSLEY,LEAH HALL,1,3
450300,Vote by Mail - 400C,149062,CORINA LOPEZ,MIA OUSLEY,skipped,1,3
450300,Vote by Mail - 400C,149063,CORINA LOPEZ,MIA OUSLEY,LEAH HALL,1,3
450300,Vote by Mail - 400C,149064,MIA OUSLEY,CORINA LOPEZ,LEAH HALL,1,3
450300,Vote by Mail - 400C,149065,CORINA LOPEZ,LEAH HALL,MIA OUSLEY,1,3
450300,Vote by Mail - 400C,149066,CORINA LOPEZ,MIA OUSLEY,LEAH HALL,1,3
450300,Vote by Mail - 400C,149067,LEAH HALL,MIA OUSLEY,CORINA LOPEZ,1,3
450300,Vote by Mail - 400C,149068,CORINA LOPEZ,skipped,skipped,1,3
450300,Vote by Mail - 400C,149069,CORINA LOPEZ,MIA OUSLEY,LEAH HALL,1,3
450300,Vote by Mail - 400C,149070,CORINA LOPEZ,skipped,skipped,1,3
450300,Vote by Mail - 400C,149071,CORINA LOPEZ,LEAH HALL,MIA OUSLEY,1,3
450300,Vote by Mail - 400C,149072,MIA OUSLEY,CORINA LOPEZ,LEAH HALL,1,3
453900,Vote by Mail - 400C,149073,CORINA LOPEZ,skipped,skipped,1,3
453900,Vote by Mail - 400C,149074,LEAH HALL,CORINA LOPEZ,MIA OUSLEY,1,3
453900,Vote by Mail - 400C,149075,CORINA LOPEZ,skipped,skipped,1,3
453900,Vote by Mail - 400C,149076,CORINA LOPEZ,skipped,skipped,1,3
453900,Vote by Mail - 400C,149077,LEAH HALL,skipped,skipped,1,3
453900,Vote by Mail - 400C,149078,CORINA LOPEZ,LEAH HALL,MIA OUSLEY,1,3
453900,Vote by Mail - 400C,149079,CORINA LOPEZ,MIA OUSLEY,skipped,1,3
453900,Vote by Mail - 400C,149080,LEAH HALL,skipped,skipped,1,3
453900,Vote by Mail - 400C,149081,CORINA LOPEZ,MIA OUSLEY,skipped,1,3
453900,Vote by Mail - 400C,149082,LEAH HALL,MIA OUSLEY,CORINA LOPEZ,1,3
453900,Vote by Mail - 400C,149083,CORINA LOPEZ,MIA OUSLEY,skipped,1,3
453900,Vote by Mail - 400C,149084,CORINA LOPEZ,skipped,skipped,1,3
453900,Vote by Mail - 400C,149085,MIA OUSLEY,skipped,skipped,1,3
453900,Vote by Mail - 400C,149086,CORINA LOPEZ,LEAH HALL,MIA OUSLEY,1,3
453900,Vote by Mail - 400C,149087,CORINA LOPEZ,LEAH HALL,MIA OUSLEY,1,3
453900,Vote by Mail - 400C,149088,LEAH HALL,MIA OUSLEY,CORINA LOPEZ,1,3
453900,Vote by Mail - 400C,149089,CORINA LOPEZ,MIA OUSLEY,skipped,1,3
453900,Vote by Mail - 400C,149090,MIA OUSLEY,CORINA LOPEZ,skipped,1,3
453900,Vote by Mail - 400C,149091,MIA OUSLEY,CORINA LOPEZ,skipped,1,3
453900,Vote by Mail - 400C,149093,CORINA LOPEZ,LEAH HALL,skipped,1,3
453900,Vote by Mail - 400C,149094,CORINA LOPEZ,skipped,skipped,1,3
453900,Vote by Mail - 400C,149095,MIA OUSLEY,skipped,skipped,1,3
453900,Vote by Mail - 400C,149096,CORINA LOPEZ,skipped,skipped,1,3
453900,Vote by Mail - 400C,149097,CORINA LOPEZ,skipped,skipped,1,3
453900,Vote by Mail - 400C,149098,MIA OUSLEY,CORINA LOPEZ,LEAH HALL,1,3
453900,Vote by Mail - 400C,149099,CORINA LOPEZ,LEAH HALL,MIA OUSLEY,1,3
453900,Vote by Mail - 400C,149100,CORINA LOPEZ,LEAH HALL,MIA OUSLEY,1,3
453900,Vote by Mail - 400C,149101,CORINA LOPEZ,skipped,skipped,1,3
453900,Vote by Mail - 400C,149102,LEAH HALL,skipped,skipped,1,3
453900,Vote by Mail - 400C,149103,CORINA LOPEZ,LEAH HALL,MIA OUSLEY,1,3
453900,Vote by Mail - 400C,149104,CORINA LOPEZ,skipped,skipped,1,3
453900,Vote by Mail - 400C,149106,CORINA LOPEZ,MIA OUSLEY,LEAH HALL,1,3
453900,Vote by Mail - 400C,149107,CORINA LOPEZ,LEAH HALL,MIA OUSLEY,1,3
453900,Vote by Mail - 400C,149108,LEAH HALL,skipped,skipped,1,3
453900,Vote by Mail - 400C,149109,CORINA LOPEZ,LEAH HALL,MIA OUSLEY,1,3
455000,Vote by Mail - 400C,149111,LEAH HALL,MIA OUSLEY,CORINA LOPEZ,1,3
455000,Vote by Mail - 400C,149112,CORINA LOPEZ,MIA OUSLEY,LEAH HALL,1,3
455000,Vote by Mail - 400C,149113,LEAH HALL,skipped,skipped,1,3
455000,Vote by Mail - 400C,149114,MIA OUSLEY,LEAH HALL,CORINA LOPEZ,1,3
455000,Vote by Mail - 400C,149115,MIA OUSLEY,LEAH HALL,CORINA LOPEZ,1,3
455000,Vote by Mail - 400C,149116,CORINA LOPEZ,MIA OUSLEY,LEAH HALL,1,3
455000,Vote by Mail - 400C,149117,CORINA LOPEZ,LEAH HALL,MIA OUSLEY,1,3
455000,Vote by Mail - 400C,149118,CORINA LOPEZ,MIA OUSLEY,LEAH HALL,1,3
455000,Vote by Mail - 400C,149119,CORINA LOPEZ,LEAH HALL,skipped,1,3
455000,Vote by Mail - 400C,149120,CORINA LOPEZ,LEAH HALL,MIA OUSLEY,1,3
455100,Vote by Mail - 400C,149121,CORINA LOPEZ,MIA OUSLEY,LEAH HALL,1,3
455100,Vote by Mail - 400C,149122,CORINA LOPEZ,LEAH HALL,skipped,1,3
455100,Vote by Mail - 400C,149123,LEAH HALL,CORINA LOPEZ,MIA OUSLEY,1,3
455300,Vote by Mail - 400C,149124,CORINA LOPEZ,MIA OUSLEY,skipped,1,3
455300,Vote by Mail - 400C,149125,CORINA LOPEZ,LEAH HALL,MIA OUSLEY,1,3
455300,Vote by Mail - 400C,149126,MIA OUSLEY,skipped,skipped,1,3
455300,Vote by Mail - 400C,149128,CORINA LOPEZ,skipped,skipped,1,3
455300,Vote by Mail - 400C,149129,CORINA LOPEZ,LEAH HALL,MIA OUSLEY,1,3
455300,Vote by Mail - 400C,149130,CORINA LOPEZ,skipped,skipped,1,3
455300,Vote by Mail - 400C,149131,MIA OUSLEY,LEAH HALL,CORINA LOPEZ,1,3
455300,Vote by Mail - 400C,149132,CORINA LOPEZ,LEAH HALL,MIA OUSLEY,1,3
455300,Vote by Mail - 400C,149133,CORINA LOPEZ,skipped,skipped,1,3
455300,Vote by Mail - 400C,149134,CORINA LOPEZ,MIA OUSLEY,LEAH HALL,1,3
455300,Vote by Mail - 400C,149135,CORINA LOPEZ,skipped,skipped,1,3
455300,Vote by Mail - 400C,149136,CORINA LOPEZ,MIA OUSLEY,skipped,1,3
455500,Vote by Mail - 400C,149137,CORINA LOPEZ,skipped,skipped,1,3
455500,Vote by Mail - 400C,149138,CORINA LOPEZ,LEAH HALL,MIA OUSLEY,1,3
455500,Vote by Mail - 400C,149139,CORINA LOPEZ,LEAH HALL,MIA OUSLEY,1,3
455500,Vote by Mail - 400C,149140,CORINA LOPEZ,MIA OUSLEY,LEAH HALL,1,3
455500,Vote by Mail - 400C,149141,LEAH HALL,skipped,skipped,1,3
455500,Vote by Mail - 400C,149142,CORINA LOPEZ,LEAH HALL,skipped,1,3
455500,Vote by Mail - 400C,149143,LEAH HALL,MIA OUSLEY,CORINA LOPEZ,1,3
455500,Vote by Mail - 400C,149145,LEAH HALL,skipped,skipped,1,3
455500,Vote by Mail - 400C,149146,CORINA LOPEZ,skipped,skipped,1,3
455500,Vote by Mail - 400C,149147,LEAH HALL,CORINA LOPEZ,skipped,1,3
455500,Vote by Mail - 400C,149148,CORINA LOPEZ,LEAH HALL,MIA OUSLEY,1,3
455500,Vote by Mail - 400C,149149,MIA OUSLEY,skipped,skipped,1,3
455500,Vote by Mail - 400C,149150,CORINA LOPEZ,MIA OUSLEY,LEAH HALL,1,3
455500,Vote by Mail - 400C,149152,LEAH HALL,CORINA LOPEZ,MIA OUSLEY,1,3
455500,Vote by Mail - 400C,149153,CORINA LOPEZ,skipped,skipped,1,3
455500,Vote by Mail - 400C,149154,LEAH HALL,CORINA LOPEZ,MIA OUSLEY,1,3
455700,Vote by Mail - 400C,149156,LEAH HALL,CORINA LOPEZ,MIA OUSLEY,1,3
455700,Vote by Mail - 400C,149157,LEAH HALL,MIA OUSLEY,CORINA LOPEZ,1,3
455700,Vote by Mail - 400C,149159,MIA OUSLEY,CORINA LOPEZ,LEAH HALL,1,3
455700,Vote by Mail - 400C,149160,LEAH HALL,skipped,skipped,1,3
455700,Vote by Mail - 400C,149161,CORINA LOPEZ,skipped,skipped,1,3
455700,Vote by Mail - 400C,149163,MIA OUSLEY,CORINA LOPEZ,LEAH HALL,1,3
455700,Vote by Mail - 400C,149164,LEAH HALL,MIA OUSLEY,CORINA LOPEZ,1,3
455700,Vote by Mail - 400C,149165,CORINA LOPEZ,skipped,skipped,1,3
455700,Vote by Mail - 400C,149166,CORINA LOPEZ,LEAH HALL,skipped,1,3
456500,Vote by Mail - 400C,149169,LEAH HALL,MIA OUSLEY,CORINA LOPEZ,1,3
456500,Vote by Mail - 400C,149170,CORINA LOPEZ,MIA OUSLEY,LEAH HALL,1,3
456500,Vote by Mail - 400C,149171,LEAH HALL,CORINA LOPEZ,MIA OUSLEY,1,3
456500,Vote by Mail - 400C,149173,CORINA LOPEZ,MIA OUSLEY,LEAH HALL,1,3
456500,Vote by Mail - 400C,149174,CORINA LOPEZ,MIA OUSLEY,LEAH HALL,1,3
456500,Vote by Mail - 400C,149177,LEAH HALL,CORINA LOPEZ,MIA OUSLEY,1,3
456500,Vote by Mail - 400C,149178,LEAH HALL,MIA OUSLEY,CORINA LOPEZ,1,3
456500,Vote by Mail - 400C,149179,CORINA LOPEZ,MIA OUSLEY,LEAH HALL,1,3
456500,Vote by Mail - 400C,149180,CORINA LOPEZ,skipped,skipped,1,3
456500,Vote by Mail - 400C,149181,MIA OUSLEY,CORINA LOPEZ,LEAH HALL,1,3
456500,Vote by Mail - 400C,149182,MIA OUSLEY,LEAH HALL,skipped,1,3
456500,Vote by Mail - 400C,149183,CORINA LOPEZ,LEAH HALL,MIA OUSLEY,1,3
456500,Vote by Mail - 400C,149184,CORINA LOPEZ,MIA OUSLEY,skipped,1,3
456500,Vote by Mail - 400C,149185,LEAH HALL,MIA OUSLEY,CORINA LOPEZ,1,3
456500,Vote by Mail - 400C,149187,MIA OUSLEY,CORINA LOPEZ,LEAH HALL,1,3
456500,Vote by Mail - 400C,149188,CORINA LOPEZ,MIA OUSLEY,LEAH HALL,1,3
456500,Vote by Mail - 400C,149189,LEAH HALL,CORINA LOPEZ,MIA OUSLEY,1,3
456500,Vote by Mail - 400C,149190,MIA OUSLEY,LEAH HALL,CORINA LOPEZ,1,3
456500,Vote by Mail - 400C,149191,MIA OUSLEY,CORINA LOPEZ,LEAH HALL,1,3
456500,Vote by Mail - 400C,149193,CORINA LOPEZ,LEAH HALL,MIA OUSLEY,1,3
456500,Vote by Mail - 400C,149195,CORINA LOPEZ,skipped,skipped,1,3
456500,Vote by Mail - 400C,149197,MIA OUSLEY,skipped,skipped,1,3
456500,Vote by Mail - 400C,149198,CORINA LOPEZ,skipped,skipped,1,3
456500,Vote by Mail - 400C,149199,CORINA LOPEZ,skipped,skipped,1,3
450400,Vote by Mail - 400C,150957,LEAH HALL,skipped,skipped,1,3
452100,Vote by Mail - 400C,150958,CORINA LOPEZ,LEAH HALL,MIA OUSLEY,1,3
452100,Vote by Mail - 400C,150959,MIA OUSLEY,LEAH HALL,CORINA LOPEZ,1,3
452100,Vote by Mail - 400C,150960,CORINA LOPEZ,LEAH HALL,MIA OUSLEY,1,3
452100,Vote by Mail - 400C,150961,CORINA LOPEZ,skipped,skipped,1,3
452100,Vote by Mail - 400C,150962,CORINA LOPEZ,LEAH HALL,MIA OUSLEY,1,3
452100,Vote by Mail - 400C,150963,LEAH HALL,skipped,skipped,1,3
452100,Vote by Mail - 400C,150964,LEAH HALL,CORINA LOPEZ,MIA OUSLEY,1,3
452100,Vote by Mail - 400C,150965,CORINA LOPEZ,MIA OUSLEY,LEAH HALL,1,3
452100,Vote by Mail - 400C,150966,CORINA LOPEZ,MIA OUSLEY,skipped,1,3
452100,Vote by Mail - 400C,150967,CORINA LOPEZ,MIA OUSLEY,LEAH HALL,1,3
452100,Vote by Mail - 400C,150968,LEAH HALL,MIA OUSLEY,CORINA LOPEZ,1,3
452100,Vote by Mail - 400C,150969,CORINA LOPEZ,LEAH HALL,MIA OUSLEY,1,3
452100,Vote by Mail - 400C,150970,MIA OUSLEY,CORINA LOPEZ,LEAH HALL,1,3
452100,Vote by Mail - 400C,150971,CORINA LOPEZ,LEAH HALL,MIA OUSLEY,1,3
452100,Vote by Mail - 400C,150972,CORINA LOPEZ,LEAH HALL,MIA OUSLEY,1,3
452100,Vote by Mail - 400C,150974,CORINA LOPEZ,LEAH HALL,MIA OUSLEY,1,3
452100,Vote by Mail - 400C,150975,CORINA LOPEZ,skipped,skipped,1,3
452100,Vote by Mail - 400C,150976,LEAH HALL,CORINA LOPEZ,MIA OUSLEY,1,3
452100,Vote by Mail - 400C,150977,CORINA LOPEZ,skipped,skipped,1,3
452100,Vote by Mail - 400C,150978,CORINA LOPEZ,MIA OUSLEY,LEAH HALL,1,3
452100,Vote by Mail - 400C,150979,CORINA LOPEZ,MIA OUSLEY,LEAH HALL,1,3
452100,Vote by Mail - 400C,150980,LEAH HALL,skipped,skipped,1,3
452100,Vote by Mail - 400C,150981,LEAH HALL,skipped,skipped,1,3
452100,Vote by Mail - 400C,150982,CORINA LOPEZ,skipped,skipped,1,3
452100,Vote by Mail - 400C,150983,CORINA LOPEZ,skipped,skipped,1,3
452100,Vote by Mail - 400C,150984,MIA OUSLEY,LEAH HALL,CORINA LOPEZ,1,3
452100,Vote by Mail - 400C,150985,LEAH HALL,skipped,skipped,1,3
452400,Vote by Mail - 400C,150987,CORINA LOPEZ,skipped,skipped,1,3
452400,Vote by Mail - 400C,150988,MIA OUSLEY,LEAH HALL,CORINA LOPEZ,1,3
452400,Vote by Mail - 400C,150989,CORINA LOPEZ,MIA OUSLEY,LEAH HALL,1,3
452400,Vote by Mail - 400C,150990,MIA OUSLEY,CORINA LOPEZ,LEAH HALL,1,3
452400,Vote by Mail - 400C,150994,CORINA LOPEZ,MIA OUSLEY,LEAH HALL,1,3
452400,Vote by Mail - 400C,150995,MIA OUSLEY,CORINA LOPEZ,LEAH HALL,1,3
452400,Vote by Mail - 400C,150996,LEAH HALL,skipped,skipped,1,3
452400,Vote by Mail - 400C,150998,CORINA LOPEZ,skipped,skipped,1,3
452400,Vote by Mail - 400C,150999,CORINA LOPEZ,LEAH HALL,MIA OUSLEY,1,3
452400,Vote by Mail - 400C,151000,MIA OUSLEY,CORINA LOPEZ,LEAH HALL,1,3
452400,Vote by Mail - 400C,151001,LEAH HALL,MIA OUSLEY,CORINA LOPEZ,1,3
452400,Vote by Mail - 400C,151002,CORINA LOPEZ,MIA OUSLEY,LEAH HALL,1,3
452400,Vote by Mail - 400C,151003,CORINA LOPEZ,skipped,skipped,1,3
452400,Vote by Mail - 400C,151004,CORINA LOPEZ,MIA OUSLEY,skipped,1,3
452500,Vote by Mail - 400C,151005,MIA OUSLEY,CORINA LOPEZ,LEAH HALL,1,3
452500,Vote by Mail - 400C,151006,MIA OUSLEY,skipped,skipped,1,3
452500,Vote by Mail - 400C,151007,LEAH HALL,skipped,skipped,1,3
452500,Vote by Mail - 400C,151008,CORINA LOPEZ,skipped,skipped,1,3
452500,Vote by Mail - 400C,151009,CORINA LOPEZ,MIA OUSLEY,LEAH HALL,1,3
452500,Vote by Mail - 400C,151010,CORINA LOPEZ,MIA OUSLEY,LEAH HALL,1,3
452500,Vote by Mail - 400C,151011,MIA OUSLEY,CORINA LOPEZ,LEAH HALL,1,3
452500,Vote by Mail - 400C,151012,MIA OUSLEY,LEAH HALL,CORINA LOPEZ,1,3
452500,Vote by Mail - 400C,151013,LEAH HALL,skipped,skipped,1,3
452500,Vote by Mail - 400C,151014,CORINA LOPEZ,skipped,skipped,1,3
452500,Vote by Mail - 400C,151016,CORINA LOPEZ,skipped,skipped,1,3
452500,Vote by Mail - 400C,151017,MIA OUSLEY,CORINA LOPEZ,LEAH HALL,1,3
452500,Vote by Mail - 400C,151018,LEAH HALL,MIA OUSLEY,CORINA LOPEZ,1,3
452500,Vote by Mail - 400C,151019,CORINA LOPEZ,LEAH HALL,MIA OUSLEY,1,3
452500,Vote by Mail - 400C,151020,CORINA LOPEZ,LEAH HALL,MIA OUSLEY,1,3
453100,Vote by Mail - 400C,151021,CORINA LOPEZ,MIA OUSLEY,LEAH HALL,1,3
453100,Vote by Mail - 400C,151023,CORINA LOPEZ,skipped,skipped,1,3
453100,Vote by Mail - 400C,151024,LEAH HALL,CORINA LOPEZ,MIA OUSLEY,1,3
453100,Vote by Mail - 400C,151025,CORINA LOPEZ,LEAH HALL,MIA OUSLEY,1,3
453100,Vote by Mail - 400C,151026,CORINA LOPEZ,MIA OUSLEY,LEAH HALL,1,3
453100,Vote by Mail - 400C,151027,CORINA LOPEZ,skipped,skipped,1,3
453100,Vote by Mail - 400C,151028,CORINA LOPEZ,LEAH HALL,MIA OUSLEY,1,3
453100,Vote by Mail - 400C,151029,CORINA LOPEZ,LEAH HALL,MIA OUSLEY,1,3
453100,Vote by Mail - 400C,151030,LEAH HALL,MIA OUSLEY,skipped,1,3
453100,Vote by Mail - 400C,151031,CORINA LOPEZ,skipped,skipped,1,3
453100,Vote by Mail - 400C,151032,MIA OUSLEY,skipped,skipped,1,3
453100,Vote by Mail - 400C,151034,LEAH HALL,skipped,skipped,1,3
453100,Vote by Mail - 400C,151035,CORINA LOPEZ,LEAH HALL,MIA OUSLEY,1,3
453100,Vote by Mail - 400C,151036,LEAH HALL,MIA OUSLEY,CORINA LOPEZ,1,3
453100,Vote by Mail - 400C,151037,CORINA LOPEZ,skipped,skipped,1,3
453100,Vote by Mail - 400C,151038,LEAH HALL,MIA OUSLEY,CORINA LOPEZ,1,3
453100,Vote by Mail - 400C,151039,CORINA LOPEZ,MIA OUSLEY,LEAH HALL,1,3
453100,Vote by Mail - 400C,151040,CORINA LOPEZ,LEAH HALL,MIA OUSLEY,1,3
453100,Vote by Mail - 400C,151041,CORINA LOPEZ,skipped,skipped,1,3
453100,Vote by Mail - 400C,151042,CORINA LOPEZ,MIA OUSLEY,LEAH HALL,1,3
453100,Vote by Mail - 400C,151043,CORINA LOPEZ,LEAH HALL,skipped,1,3
453100,Vote by Mail - 400C,151044,CORINA LOPEZ,MIA OUSLEY,LEAH HALL,1,3
453300,Vote by Mail - 400C,151046,MIA OUSLEY,LEAH HALL,CORINA LOPEZ,1,3
453300,Vote by Mail - 400C,151050,MIA OUSLEY,LEAH HALL,CORINA LOPEZ,1,3
453300,Vote by Mail - 400C,151051,CORINA LOPEZ,skipped,skipped,1,3
453300,Vote by Mail - 400C,151052,CORINA LOPEZ,MIA OUSLEY,LEAH HALL,1,3
453300,Vote by Mail - 400C,151053,MIA OUSLEY,CORINA LOPEZ,LEAH HALL,1,3
453300,Vote by Mail - 400C,151054,CORINA LOPEZ,MIA OUSLEY,LEAH HALL,1,3
453300,Vote by Mail - 400C,151055,CORINA LOPEZ,LEAH HALL,MIA OUSLEY,1,3
453300,Vote by Mail - 400C,151056,CORINA LOPEZ,skipped,skipped,1,3
453300,Vote by Mail - 400C,151057,LEAH HALL,MIA OUSLEY,CORINA LOPEZ,1,3
453300,Vote by Mail - 400C,151058,CORINA LOPEZ,MIA OUSLEY,LEAH HALL,1,3
453300,Vote by Mail - 400C,151059,LEAH HALL,skipped,skipped,1,3
453300,Vote by Mail - 400C,151060,CORINA LOPEZ,LEAH HALL,MIA OUSLEY,1,3
453300,Vote by Mail - 400C,151061,CORINA LOPEZ,LEAH HALL,skipped,1,3
453300,Vote by Mail - 400C,151062,LEAH HALL,skipped,skipped,1,3
453400,Vote by Mail - 400C,151063,LEAH HALL,skipped,skipped,1,3
453400,Vote by Mail - 400C,151064,LEAH HALL,skipped,skipped,1,3
453400,Vote by Mail - 400C,151066,CORINA LOPEZ,LEAH HALL,MIA OUSLEY,1,3
453400,Vote by Mail - 400C,151067,MIA OUSLEY,CORINA LOPEZ,LEAH HALL,1,3
453400,Vote by Mail - 400C,151068,LEAH HALL,CORINA LOPEZ,MIA OUSLEY,1,3
453400,Vote by Mail - 400C,151069,MIA OUSLEY,LEAH HALL,CORINA LOPEZ,1,3
453400,Vote by Mail - 400C,151070,CORINA LOPEZ,LEAH HALL,MIA OUSLEY,1,3
453400,Vote by Mail - 400C,151071,CORINA LOPEZ,LEAH HALL,MIA OUSLEY,1,3
453400,Vote by Mail - 400C,151072,CORINA LOPEZ,skipped,skipped,1,3
453400,Vote by Mail - 400C,151073,LEAH HALL,CORINA LOPEZ,MIA OUSLEY,1,3
453400,Vote by Mail - 400C,151074,CORINA LOPEZ,LEAH HALL,MIA OUSLEY,1,3
453400,Vote by Mail - 400C,151075,LEAH HALL,CORINA LOPEZ,MIA OUSLEY,1,3
453400,Vote by Mail - 400C,151076,LEAH HALL,skipped,skipped,1,3
453400,Vote by Mail - 400C,151077,CORINA LOPEZ,LEAH HALL,MIA OUSLEY,1,3
453400,Vote by Mail - 400C,151078,MIA OUSLEY,CORINA LOPEZ,LEAH HALL,1,3
453400,Vote by Mail - 400C,151079,CORINA LOPEZ,skipped,skipped,1,3
453400,Vote by Mail - 400C,151080,CORINA LOPEZ,skipped,skipped,1,3
453400,Vote by Mail - 400C,151081,LEAH HALL,skipped,skipped,1,3
453400,Vote by Mail - 400C,151082,MIA OUSLEY,LEAH HALL,skipped,1,3
453400,Vote by Mail - 400C,151083,CORINA LOPEZ,MIA OUSLEY,LEAH HALL,1,3
453400,Vote by Mail - 400C,151084,CORINA LOPEZ,skipped,skipped,1,3
453400,Vote by Mail - 400C,151085,CORINA LOPEZ,LEAH HALL,MIA OUSLEY,1,3
453400,Vote by Mail - 400C,151086,LEAH HALL,CORINA LOPEZ,MIA OUSLEY,1,3
453400,Vote by Mail - 400C,151087,MIA OUSLEY,CORINA LOPEZ,LEAH HALL,1,3
453500,Vote by Mail - 400C,151088,CORINA LOPEZ,LEAH HALL,MIA OUSLEY,1,3
453500,Vote by Mail - 400C,151089,CORINA LOPEZ,MIA OUSLEY,LEAH HALL,1,3
453500,Vote by Mail - 400C,151090,CORINA LOPEZ,LEAH HALL,MIA OUSLEY,1,3
453500,Vote by Mail - 400C,151091,CORINA LOPEZ,MIA OUSLEY,LEAH HALL,1,3
453500,Vote by Mail - 400C,151092,CORINA LOPEZ,MIA OUSLEY,LEAH HALL,1,3
453500,Vote by Mail - 400C,151093,LEAH HALL,CORINA LOPEZ,MIA OUSLEY,1,3
453500,Vote by Mail - 400C,151094,MIA OUSLEY,CORINA LOPEZ,skipped,1,3
453500,Vote by Mail - 400C,151095,CORINA LOPEZ,skipped,skipped,1,3
453500,Vote by Mail - 400C,151096,LEAH HALL,MIA OUSLEY,CORINA LOPEZ,1,3
453500,Vote by Mail - 400C,151097,CORINA LOPEZ,LEAH HALL,MIA OUSLEY,1,3
453500,Vote by Mail - 400C,151098,CORINA LOPEZ,LEAH HALL,MIA OUSLEY,1,3
453500,Vote by Mail - 400C,151099,CORINA LOPEZ,skipped,skipped,1,3
453500,Vote by Mail - 400C,151100,CORINA LOPEZ,LEAH HALL,MIA OUSLEY,1,3
453500,Vote by Mail - 400C,151101,CORINA LOPEZ,MIA OUSLEY,LEAH HALL,1,3
453500,Vote by Mail - 400C,151102,LEAH HALL,skipped,skipped,1,3
453500,Vote by Mail - 400C,151103,LEAH HALL,MIA OUSLEY,CORINA LOPEZ,1,3
453500,Vote by Mail - 400C,151104,CORINA LOPEZ,MIA OUSLEY,LEAH HALL,1,3
453500,Vote by Mail - 400C,151105,MIA OUSLEY,LEAH HALL,skipped,1,3
453500,Vote by Mail - 400C,151106,CORINA LOPEZ,LEAH HALL,MIA OUSLEY,1,3
453500,Vote by Mail - 400C,151107,CORINA LOPEZ,LEAH HALL,MIA OUSLEY,1,3
453500,Vote by Mail - 400C,151108,LEAH HALL,skipped,skipped,1,3
453500,Vote by Mail - 400C,151109,MIA OUSLEY,skipped,skipped,1,3
453500,Vote by Mail - 400C,151110,CORINA LOPEZ,skipped,skipped,1,3
453500,Vote by Mail - 400C,151111,CORINA LOPEZ,skipped,skipped,1,3
453500,Vote by Mail - 400C,151112,CORINA LOPEZ,LEAH HALL,MIA OUSLEY,1,3
453500,Vote by Mail - 400C,151113,MIA OUSLEY,CORINA LOPEZ,LEAH HALL,1,3
453500,Vote by Mail - 400C,151114,MIA OUSLEY,skipped,skipped,1,3
453500,Vote by Mail - 400C,151115,CORINA LOPEZ,LEAH HALL,MIA OUSLEY,1,3
453500,Vote by Mail - 400C,151116,CORINA LOPEZ,skipped,skipped,1,3
453500,Vote by Mail - 400C,151118,LEAH HALL,MIA OUSLEY,CORINA LOPEZ,1,3
453920,Vote by Mail - 400C,151119,LEAH HALL,CORINA LOPEZ,MIA OUSLEY,1,3
453920,Vote by Mail - 400C,151120,CORINA LOPEZ,LEAH HALL,MIA OUSLEY,1,3
453920,Vote by Mail - 400C,151121,CORINA LOPEZ,MIA OUSLEY,LEAH HALL,1,3
453920,Vote by Mail - 400C,151123,CORINA LOPEZ,MIA OUSLEY,LEAH HALL,1,3
453920,Vote by Mail - 400C,151124,CORINA LOPEZ,skipped,skipped,1,3
453920,Vote by Mail - 400C,151125,CORINA LOPEZ,MIA OUSLEY,LEAH HALL,1,3
453920,Vote by Mail - 400C,151126,CORINA LOPEZ,LEAH HALL,skipped,1,3
453920,Vote by Mail - 400C,151127,MIA OUSLEY,LEAH HALL,CORINA LOPEZ,1,3
453920,Vote by Mail - 400C,151128,MIA OUSLEY,LEAH HALL,CORINA LOPEZ,1,3
453920,Vote by Mail - 400C,151130,CORINA LOPEZ,MIA OUSLEY,LEAH HALL,1,3
454100,Vote by Mail - 400C,151131,MIA OUSLEY,CORINA LOPEZ,LEAH HALL,1,3
454100,Vote by Mail - 400C,151132,LEAH HALL,CORINA LOPEZ,MIA OUSLEY,1,3
454100,Vote by Mail - 400C,151133,CORINA LOPEZ,skipped,skipped,1,3
454100,Vote by Mail - 400C,151134,CORINA LOPEZ,LEAH HALL,MIA OUSLEY,1,3
454100,Vote by Mail - 400C,151135,LEAH HALL,CORINA LOPEZ,MIA OUSLEY,1,3
454100,Vote by Mail - 400C,151136,MIA OUSLEY,CORINA LOPEZ,LEAH HALL,1,3
454100,Vote by Mail - 400C,151137,CORINA LOPEZ,LEAH HALL,MIA OUSLEY,1,3
454100,Vote by Mail - 400C,151138,MIA OUSLEY,CORINA LOPEZ,LEAH HALL,1,3
454100,Vote by Mail - 400C,151140,LEAH HALL,CORINA LOPEZ,MIA OUSLEY,1,3
454100,Vote by Mail - 400C,151142,CORINA LOPEZ,LEAH HALL,MIA OUSLEY,1,3
454100,Vote by Mail - 400C,151143,CORINA LOPEZ,MIA OUSLEY,LEAH HALL,1,3
454100,Vote by Mail - 400C,151144,MIA OUSLEY,CORINA LOPEZ,LEAH HALL,1,3
454100,Vote by Mail - 400C,151145,CORINA LOPEZ,skipped,skipped,1,3
454100,Vote by Mail - 400C,151146,CORINA LOPEZ,LEAH HALL,MIA OUSLEY,1,3
454100,Vote by Mail - 400C,151148,CORINA LOPEZ,MIA OUSLEY,LEAH HALL,1,3
454100,Vote by Mail - 400C,151149,LEAH HALL,CORINA LOPEZ,MIA OUSLEY,1,3
454100,Vote by Mail - 400C,151150,CORINA LOPEZ,LEAH HALL,MIA OUSLEY,1,3
454100,Vote by Mail - 400C,151151,MIA OUSLEY,CORINA LOPEZ,LEAH HALL,1,3
454100,Vote by Mail - 400C,151152,CORINA LOPEZ,MIA OUSLEY,LEAH HALL,1,3
454100,Vote by Mail - 400C,151153,CORINA LOPEZ,skipped,skipped,1,3
454100,Vote by Mail - 400C,151154,LEAH HALL,MIA OUSLEY,CORINA LOPEZ,1,3
454100,Vote by Mail - 400C,151155,CORINA LOPEZ,skipped,skipped,1,3
454100,Vote by Mail - 400C,151156,LEAH HALL,CORINA LOPEZ,MIA OUSLEY,1,3
454100,Vote by Mail - 400C,151158,MIA OUSLEY,CORINA LOPEZ,LEAH HALL,1,3
454100,Vote by Mail - 400C,151159,MIA OUSLEY,CORINA LOPEZ,LEAH HALL,1,3
454500,Vote by Mail - 400C,151160,CORINA LOPEZ,MIA OUSLEY,LEAH HALL,1,3
454500,Vote by Mail - 400C,151161,CORINA LOPEZ,LEAH HALL,MIA OUSLEY,1,3
454500,Vote by Mail - 400C,151162,CORINA LOPEZ,skipped,skipped,1,3
454500,Vote by Mail - 400C,151164,CORINA LOPEZ,skipped,skipped,1,3
454500,Vote by Mail - 400C,151165,LEAH HALL,CORINA LOPEZ,MIA OUSLEY,1,3
454500,Vote by Mail - 400C,151166,LEAH HALL,skipped,skipped,1,3
454500,Vote by Mail - 400C,151169,CORINA LOPEZ,LEAH HALL,skipped,1,3
454500,Vote by Mail - 400C,151170,CORINA LOPEZ,skipped,skipped,1,3
455400,Vote by Mail - 400C,151171,CORINA LOPEZ,MIA OUSLEY,LEAH HALL,1,3
455400,Vote by Mail - 400C,151172,CORINA LOPEZ,LEAH HALL,MIA OUSLEY,1,3
455400,Vote by Mail - 400C,151173,LEAH HALL,CORINA LOPEZ,MIA OUSLEY,1,3
455400,Vote by Mail - 400C,151175,LEAH HALL,MIA OUSLEY,CORINA LOPEZ,1,3
455400,Vote by Mail - 400C,151176,LEAH HALL,MIA OUSLEY,CORINA LOPEZ,1,3
455400,Vote by Mail - 400C,151177,CORINA LOPEZ,MIA OUSLEY,LEAH HALL,1,3
455400,Vote by Mail - 400C,151178,MIA OUSLEY,CORINA LOPEZ,LEAH HALL,1,3
455400,Vote by Mail - 400C,151180,MIA OUSLEY,CORINA LOPEZ,LEAH HALL,1,3
455400,Vote by Mail - 400C,151181,MIA OUSLEY,LEAH HALL,CORINA LOPEZ,1,3
455400,Vote by Mail - 400C,151182,LEAH HALL,CORINA LOPEZ,MIA OUSLEY,1,3
455400,Vote by Mail - 400C,151183,CORINA LOPEZ,MIA OUSLEY,LEAH HALL,1,3
455400,Vote by Mail - 400C,151184,CORINA LOPEZ,skipped,skipped,1,3
455400,Vote by Mail - 400C,151185,LEAH HALL,MIA OUSLEY,skipped,1,3
455400,Vote by Mail - 400C,151186,MIA OUSLEY,skipped,skipped,1,3
455400,Vote by Mail - 400C,151188,CORINA LOPEZ,LEAH HALL,MIA OUSLEY,1,3
455400,Vote by Mail - 400C,151189,CORINA LOPEZ,MIA OUSLEY,LEAH HALL,1,3
455400,Vote by Mail - 400C,151190,LEAH HALL,MIA OUSLEY,CORINA LOPEZ,1,3
455400,Vote by Mail - 400C,151191,CORINA LOPEZ,LEAH HALL,MIA OUSLEY,1,3
455400,Vote by Mail - 400C,151192,MIA OUSLEY,CORINA LOPEZ,LEAH HALL,1,3
455400,Vote by Mail - 400C,151193,LEAH HALL,MIA OUSLEY,CORINA LOPEZ,1,3
455900,Vote by Mail - 400C,151195,LEAH HALL,MIA OUSLEY,CORINA LOPEZ,1,3
455900,Vote by Mail - 400C,151196,LEAH HALL,skipped,skipped,1,3
455900,Vote by Mail - 400C,151197,LEAH HALL,CORINA LOPEZ,MIA OUSLEY,1,3
455900,Vote by Mail - 400C,151198,CORINA LOPEZ,skipped,skipped,1,3
455900,Vote by Mail - 400C,151199,CORINA LOPEZ,LEAH HALL,MIA OUSLEY,1,3
455900,Vote by Mail - 400C,151201,LEAH HALL,CORINA LOPEZ,MIA OUSLEY,1,3
455900,Vote by Mail - 400C,151202,CORINA LOPEZ,skipped,skipped,1,3
455900,Vote by Mail - 400C,151203,CORINA LOPEZ,MIA OUSLEY,LEAH HALL,1,3
455900,Vote by Mail - 400C,151205,LEAH HALL,CORINA LOPEZ,MIA OUSLEY,1,3
455900,Vote by Mail - 400C,151206,MIA OUSLEY,LEAH HALL,skipped,1,3
455900,Vote by Mail - 400C,151207,CORINA LOPEZ,MIA OUSLEY,LEAH HALL,1,3
455900,Vote by Mail - 400C,151208,CORINA LOPEZ,LEAH HALL,MIA OUSLEY,1,3
455900,Vote by Mail - 400C,151209,CORINA LOPEZ,MIA OUSLEY,LEAH HALL,1,3
455900,Vote by Mail - 400C,151211,CORINA LOPEZ,skipped,skipped,1,3
455900,Vote by Mail - 400C,151212,CORINA LOPEZ,MIA OUSLEY,LEAH HALL,1,3
455900,Vote by Mail - 400C,151213,MIA OUSLEY,LEAH HALL,CORINA LOPEZ,1,3
455900,Vote by Mail - 400C,151214,LEAH HALL,CORINA LOPEZ,MIA OUSLEY,1,3
455900,Vote by Mail - 400C,151215,LEAH HALL,CORINA LOPEZ,MIA OUSLEY,1,3
455900,Vote by Mail - 400C,151217,CORINA LOPEZ,MIA OUSLEY,LEAH HALL,1,3
455900,Vote by Mail - 400C,151218,CORINA LOPEZ,LEAH HALL,MIA OUSLEY,1,3
455900,Vote by Mail - 400C,151219,LEAH HALL,MIA OUSLEY,CORINA LOPEZ,1,3
455900,Vote by Mail - 400C,151220,MIA OUSLEY,CORINA LOPEZ,LEAH HALL,1,3
455900,Vote by Mail - 400C,151221,CORINA LOPEZ,MIA OUSLEY,LEAH HALL,1,3
455900,Vote by Mail - 400C,151222,CORINA LOPEZ,LEAH HALL,MIA OUSLEY,1,3
455900,Vote by Mail - 400C,151223,CORINA LOPEZ,skipped,skipped,1,3
455900,Vote by Mail - 400C,151224,MIA OUSLEY,skipped,skipped,1,3
456200,Vote by Mail - 400C,151225,CORINA LOPEZ,skipped,skipped,1,3
456200,Vote by Mail - 400C,151226,CORINA LOPEZ,skipped,skipped,1,3
456200,Vote by Mail - 400C,151227,CORINA LOPEZ,MIA OUSLEY,LEAH HALL,1,3
456200,Vote by Mail - 400C,151228,LEAH HALL,CORINA LOPEZ,MIA OUSLEY,1,3
456200,Vote by Mail - 400C,151230,LEAH HALL,skipped,skipped,1,3
456200,Vote by Mail - 400C,151231,MIA OUSLEY,skipped,skipped,1,3
456200,Vote by Mail - 400C,151232,LEAH HALL,CORINA LOPEZ,MIA OUSLEY,1,3
456200,Vote by Mail - 400C,151233,CORINA LOPEZ,MIA OUSLEY,LEAH HALL,1,3
456200,Vote by Mail - 400C,151234,CORINA LOPEZ,MIA OUSLEY,LEAH HALL,1,3
456200,Vote by Mail - 400C,151235,CORINA LOPEZ,MIA OUSLEY,LEAH HALL,1,3
456200,Vote by Mail - 400C,151236,CORINA LOPEZ,MIA OUSLEY,LEAH HALL,1,3
456200,Vote by Mail - 400C,151237,CORINA LOPEZ,MIA OUSLEY,LEAH HALL,1,3
456200,Vote by Mail - 400C,151239,CORINA LOPEZ,skipped,skipped,1,3
456200,Vote by Mail - 400C,151240,MIA OUSLEY,CORINA LOPEZ,LEAH HALL,1,3
456200,Vote by Mail - 400C,151241,CORINA LOPEZ,MIA OUSLEY,LEAH HALL,1,3
456200,Vote by Mail - 400C,151242,CORINA LOPEZ,MIA OUSLEY,LEAH HALL,1,3
456200,Vote by Mail - 400C,151243,CORINA LOPEZ,LEAH HALL,MIA OUSLEY,1,3
456200,Vote by Mail - 400C,151244,MIA OUSLEY,CORINA LOPEZ,LEAH HALL,1,3
456200,Vote by Mail - 400C,151245,CORINA LOPEZ,skipped,skipped,1,3
456200,Vote by Mail - 400C,151246,CORINA LOPEZ,skipped,skipped,1,3
456200,Vote by Mail - 400C,151247,MIA OUSLEY,LEAH HALL,CORINA LOPEZ,1,3
456200,Vote by Mail - 400C,151248,MIA OUSLEY,CORINA LOPEZ,LEAH HALL,1,3
456200,Vote by Mail - 400C,151249,CORINA LOPEZ,LEAH HALL,skipped,1,3
456600,Vote by Mail - 400C,151251,LEAH HALL,CORINA LOPEZ,skipped,1,3
456600,Vote by Mail - 400C,151252,LEAH HALL,CORINA LOPEZ,MIA OUSLEY,1,3
456600,Vote by Mail - 400C,151253,MIA OUSLEY,LEAH HALL,CORINA LOPEZ,1,3
456600,Vote by Mail - 400C,151254,LEAH HALL,skipped,skipped,1,3
456600,Vote by Mail - 400C,151255,LEAH HALL,skipped,skipped,1,3
456600,Vote by Mail - 400C,151257,MIA OUSLEY,CORINA LOPEZ,LEAH HALL,1,3
456600,Vote by Mail - 400C,151258,LEAH HALL,MIA OUSLEY,skipped,1,3
456600,Vote by Mail - 400C,151259,LEAH HALL,CORINA LOPEZ,skipped,1,3
456600,Vote by Mail - 400C,151260,LEAH HALL,skipped,skipped,1,3
456600,Vote by Mail - 400C,151261,LEAH HALL,CORINA LOPEZ,skipped,1,3
456600,Vote by Mail - 400C,151262,LEAH HALL,CORINA LOPEZ,skipped,1,3
456600,Vote by Mail - 400C,151263,CORINA LOPEZ,MIA OUSLEY,LEAH HALL,1,3
456600,Vote by Mail - 400C,151264,MIA OUSLEY,CORINA LOPEZ,LEAH HALL,1,3
456600,Vote by Mail - 400C,151265,CORINA LOPEZ,MIA OUSLEY,LEAH HALL,1,3
456600,Vote by Mail - 400C,151266,CORINA LOPEZ,LEAH HALL,MIA OUSLEY,1,3
456600,Vote by Mail - 400C,151267,LEAH HALL,MIA OUSLEY,CORINA LOPEZ,1,3
456600,Vote by Mail - 400C,151268,CORINA LOPEZ,skipped,skipped,1,3
456600,Vote by Mail - 400C,151269,CORINA LOPEZ,MIA OUSLEY,LEAH HALL,1,3
456600,Vote by Mail - 400C,151270,LEAH HALL,MIA OUSLEY,CORINA LOPEZ,1,3
456600,Vote by Mail - 400C,151271,CORINA LOPEZ,LEAH HALL,MIA OUSLEY,1,3
456600,Vote by Mail - 400C,151272,CORINA LOPEZ,MIA OUSLEY,LEAH HALL,1,3
456600,Vote by Mail - 400C,151273,LEAH HALL,CORINA LOPEZ,MIA OUSLEY,1,3
456600,Vote by Mail - 400C,151274,CORINA LOPEZ,MIA OUSLEY,LEAH HALL,1,3
456600,Vote by Mail - 400C,151275,CORINA LOPEZ,skipped,skipped,1,3
456600,Vote by Mail - 400C,151276,CORINA LOPEZ,LEAH HALL,MIA OUSLEY,1,3
456600,Vote by Mail - 400C,151277,CORINA LOPEZ,skipped,skipped,1,3
456600,Vote by Mail - 400C,151278,CORINA LOPEZ,MIA OUSLEY,LEAH HALL,1,3
456600,Vote by Mail - 400C,151279,CORINA LOPEZ,skipped,skipped,1,3
456600,Vote by Mail - 400C,151281,LEAH HALL,MIA OUSLEY,skipped,1,3
456600,Vote by Mail - 400C,151282,CORINA LOPEZ,skipped,skipped,1,3
456600,Vote by Mail - 400C,151283,CORINA LOPEZ,MIA OUSLEY,LEAH HALL,1,3
456600,Vote by Mail - 400C,151284,MIA OUSLEY,LEAH HALL,CORINA LOPEZ,1,3
456600,Vote by Mail - 400C,151285,LEAH HALL,skipped,skipped,1,3
456600,Vote by Mail - 400C,151286,LEAH HALL,MIA OUSLEY,CORINA LOPEZ,1,3
456600,Vote by Mail - 400C,151287,LEAH HALL,MIA OUSLEY,CORINA LOPEZ,1,3
456600,Vote by Mail - 400C,151290,CORINA LOPEZ,skipped,skipped,1,3
456600,Vote by Mail - 400C,151291,CORINA LOPEZ,skipped,skipped,1,3
456600,Vote by Mail - 400C,151292,CORINA LOPEZ,MIA OUSLEY,LEAH HALL,1,3
456600,Vote by Mail - 400C,151293,CORINA LOPEZ,LEAH HALL,MIA OUSLEY,1,3
456600,Vote by Mail - 400C,151294,CORINA LOPEZ,MIA OUSLEY,LEAH HALL,1,3
456600,Vote by Mail - 400C,151295,LEAH HALL,skipped,skipped,1,3
456600,Vote by Mail - 400C,151296,CORINA LOPEZ,MIA OUSLEY,LEAH HALL,1,3
456600,Vote by Mail - 400C,151297,CORINA LOPEZ,MIA OUSLEY,LEAH HALL,1,3
456600,Vote by Mail - 400C,151298,CORINA LOPEZ,MIA OUSLEY,LEAH HALL,1,3
456600,Vote by Mail - 400C,151299,CORINA LOPEZ,LEAH HALL,skipped,1,3
456600,Vote by Mail - 400C,151300,LEAH HALL,skipped,skipped,1,3
456600,Vote by Mail - 400C,151301,CORINA LOPEZ,skipped,skipped,1,3
456600,Vote by Mail - 400C,151302,CORINA LOPEZ,skipped,skipped,1,3
456600,Vote by Mail - 400C,151303,LEAH HALL,skipped,skipped,1,3
456600,Vote by Mail - 400C,151304,CORINA LOPEZ,MIA OUSLEY,skipped,1,3
456600,Vote by Mail - 400C,151305,LEAH HALL,MIA OUSLEY,CORINA LOPEZ,1,3
456900,Vote by Mail - 400C,151306,LEAH HALL,skipped,skipped,1,3
456900,Vote by Mail - 400C,151307,CORINA LOPEZ,MIA OUSLEY,LEAH HALL,1,3
456900,Vote by Mail - 400C,151308,CORINA LOPEZ,MIA OUSLEY,skipped,1,3
456900,Vote by Mail - 400C,151309,CORINA LOPEZ,skipped,skipped,1,3
456900,Vote by Mail - 400C,151310,LEAH HALL,CORINA LOPEZ,MIA OUSLEY,1,3
456900,Vote by Mail - 400C,151311,LEAH HALL,CORINA LOPEZ,MIA OUSLEY,1,3
456900,Vote by Mail - 400C,151312,LEAH HALL,MIA OUSLEY,CORINA LOPEZ,1,3
456900,Vote by Mail - 400C,151313,MIA OUSLEY,LEAH HALL,CORINA LOPEZ,1,3
456900,Vote by Mail - 400C,151314,MIA OUSLEY,skipped,skipped,1,3
456900,Vote by Mail - 400C,151315,CORINA LOPEZ,LEAH HALL,MIA OUSLEY,1,3
456900,Vote by Mail - 400C,151316,CORINA LOPEZ,MIA OUSLEY,skipped,1,3
456900,Vote by Mail - 400C,151317,CORINA LOPEZ,skipped,skipped,1,3
456900,Vote by Mail - 400C,151318,CORINA LOPEZ,LEAH HALL,MIA OUSLEY,1,3
456900,Vote by Mail - 400C,151320,MIA OUSLEY,CORINA LOPEZ,LEAH HALL,1,3
456900,Vote by Mail - 400C,151321,CORINA LOPEZ,LEAH HALL,MIA OUSLEY,1,3
456900,Vote by Mail - 400C,151322,MIA OUSLEY,CORINA LOPEZ,LEAH HALL,1,3
456900,Vote by Mail - 400C,151323,CORINA LOPEZ,LEAH HALL,MIA OUSLEY,1,3
456900,Vote by Mail - 400C,151324,MIA OUSLEY,skipped,skipped,1,3
456900,Vote by Mail - 400C,151325,MIA OUSLEY,CORINA LOPEZ,LEAH HALL,1,3
456900,Vote by Mail - 400C,151326,CORINA LOPEZ,MIA OUSLEY,skipped,1,3
456900,Vote by Mail - 400C,151327,CORINA LOPEZ,MIA OUSLEY,LEAH HALL,1,3
456900,Vote by Mail - 400C,151329,CORINA LOPEZ,MIA OUSLEY,skipped,1,3
456900,Vote by Mail - 400C,151331,LEAH HALL,MIA OUSLEY,CORINA LOPEZ,1,3
456900,Vote by Mail - 400C,151332,MIA OUSLEY,skipped,skipped,1,3
456900,Vote by Mail - 400C,151333,CORINA LOPEZ,skipped,skipped,1,3
456900,Vote by Mail - 400C,151334,CORINA LOPEZ,skipped,skipped,1,3
456900,Vote by Mail - 400C,151338,CORINA LOPEZ,MIA OUSLEY,LEAH HALL,1,3
456900,Vote by Mail - 400C,151339,MIA OUSLEY,LEAH HALL,CORINA LOPEZ,1,3
456900,Vote by Mail - 400C,151340,CORINA LOPEZ,skipped,skipped,1,3
456900,Vote by Mail - 400C,151341,CORINA LOPEZ,MIA OUSLEY,LEAH HALL,1,3
456900,Vote by Mail - 400C,151342,CORINA LOPEZ,LEAH HALL,MIA OUSLEY,1,3
456900,Vote by Mail - 400C,151343,CORINA LOPEZ,skipped,skipped,1,3
456900,Vote by Mail - 400C,151344,MIA OUSLEY,CORINA LOPEZ,skipped,1,3
456900,Vote by Mail - 400C,151345,CORINA LOPEZ,MIA OUSLEY,LEAH HALL,1,3
456900,Vote by Mail - 400C,151346,MIA OUSLEY,CORINA LOPEZ,skipped,1,3
456900,Vote by Mail - 400C,151347,CORINA LOPEZ,skipped,skipped,1,3
456900,Vote by Mail - 400C,151348,CORINA LOPEZ,skipped,skipped,1,3
457100,Vote by Mail - 400C,151350,MIA OUSLEY,skipped,skipped,1,3
457100,Vote by Mail - 400C,151351,LEAH HALL,skipped,skipped,1,3
457100,Vote by Mail - 400C,151352,CORINA LOPEZ,LEAH HALL,MIA OUSLEY,1,3
457100,Vote by Mail - 400C,151353,MIA OUSLEY,CORINA LOPEZ,skipped,1,3
457100,Vote by Mail - 400C,151354,LEAH HALL,CORINA LOPEZ,MIA OUSLEY,1,3
457100,Vote by Mail - 400C,151355,LEAH HALL,MIA OUSLEY,CORINA LOPEZ,1,3
457100,Vote by Mail - 400C,151356,LEAH HALL,MIA OUSLEY,CORINA LOPEZ,1,3
457100,Vote by Mail - 400C,151357,CORINA LOPEZ,LEAH HALL,MIA OUSLEY,1,3
457100,Vote by Mail - 400C,151358,CORINA LOPEZ,LEAH HALL,MIA OUSLEY,1,3
457100,Vote by Mail - 400C,151360,LEAH HALL,MIA OUSLEY,CORINA LOPEZ,1,3
457100,Vote by Mail - 400C,151361,LEAH HALL,MIA OUSLEY,CORINA LOPEZ,1,3
457100,Vote by Mail - 400C,151362,MIA OUSLEY,skipped,skipped,1,3
457300,Vote by Mail - 400C,151363,CORINA LOPEZ,MIA OUSLEY,LEAH HALL,1,3
457300,Vote by Mail - 400C,151364,CORINA LOPEZ,skipped,skipped,1,3
457300,Vote by Mail - 400C,151365,MIA OUSLEY,skipped,skipped,1,3
457300,Vote by Mail - 400C,151366,MIA OUSLEY,CORINA LOPEZ,LEAH HALL,1,3
457300,Vote by Mail - 400C,151367,MIA OUSLEY,skipped,skipped,1,3
457300,Vote by Mail - 400C,151368,MIA OUSLEY,CORINA LOPEZ,LEAH HALL,1,3
457300,Vote by Mail - 400C,151369,LEAH HALL,MIA OUSLEY,CORINA LOPEZ,1,3
457300,Vote by Mail - 400C,151370,CORINA LOPEZ,skipped,skipped,1,3
457300,Vote by Mail - 400C,151371,CORINA LOPEZ,skipped,skipped,1,3
457300,Vote by Mail - 400C,151372,CORINA LOPEZ,skipped,skipped,1,3
457300,Vote by Mail - 400C,151373,LEAH HALL,MIA OUSLEY,skipped,1,3
457300,Vote by Mail - 400C,151374,CORINA LOPEZ,skipped,skipped,1,3
457300,Vote by Mail - 400C,151375,LEAH HALL,MIA OUSLEY,skipped,1,3
457300,Vote by Mail - 400C,151376,LEAH HALL,MIA OUSLEY,skipped,1,3
457300,Vote by Mail - 400C,151377,MIA OUSLEY,CORINA LOPEZ,LEAH HALL,1,3
457300,Vote by Mail - 400C,151378,MIA OUSLEY,LEAH HALL,CORINA LOPEZ,1,3
457300,Vote by Mail - 400C,151379,LEAH HALL,CORINA LOPEZ,MIA OUSLEY,1,3
457300,Vote by Mail - 400C,151380,MIA OUSLEY,LEAH HALL,CORINA LOPEZ,1,3
457300,Vote by Mail - 400C,151381,MIA OUSLEY,LEAH HALL,CORINA LOPEZ,1,3
457300,Vote by Mail - 400C,151382,CORINA LOPEZ,LEAH HALL,skipped,1,3
457300,Vote by Mail - 400C,151383,LEAH HALL,MIA OUSLEY,skipped,1,3
457300,Vote by Mail - 400C,151384,MIA OUSLEY,LEAH HALL,CORINA LOPEZ,1,3
457300,Vote by Mail - 400C,151385,MIA OUSLEY,skipped,skipped,1,3
457300,Vote by Mail - 400C,151386,LEAH HALL,MIA OUSLEY,CORINA LOPEZ,1,3
457300,Vote by Mail - 400C,151387,LEAH HALL,skipped,skipped,1,3
457300,Vote by Mail - 400C,151388,LEAH HALL,MIA OUSLEY,skipped,1,3
457300,Vote by Mail - 400C,151389,CORINA LOPEZ,skipped,skipped,1,3
457400,Vote by Mail - 400C,151390,MIA OUSLEY,CORINA LOPEZ,LEAH HALL,1,3
457400,Vote by Mail - 400C,151391,CORINA LOPEZ,MIA OUSLEY,skipped,1,3
457400,Vote by Mail - 400C,151392,CORINA LOPEZ,LEAH HALL,MIA OUSLEY,1,3
457400,Vote by Mail - 400C,151393,CORINA LOPEZ,skipped,skipped,1,3
457400,Vote by Mail - 400C,151394,CORINA LOPEZ,LEAH HALL,MIA OUSLEY,1,3
457400,Vote by Mail - 400C,151395,LEAH HALL,skipped,skipped,1,3
457400,Vote by Mail - 400C,151396,LEAH HALL,skipped,skipped,1,3
457400,Vote by Mail - 400C,151397,MIA OUSLEY,LEAH HALL,CORINA LOPEZ,1,3
457400,Vote by Mail - 400C,151398,MIA OUSLEY,LEAH HALL,skipped,1,3
457400,Vote by Mail - 400C,151399,CORINA LOPEZ,LEAH HALL,MIA OUSLEY,1,3
457400,Vote by Mail - 400C,151400,LEAH HALL,skipped,skipped,1,3
457400,Vote by Mail - 400C,151401,CORINA LOPEZ,MIA OUSLEY,skipped,1,3
457400,Vote by Mail - 400C,151402,MIA OUSLEY,LEAH HALL,CORINA LOPEZ,1,3
457400,Vote by Mail - 400C,151403,MIA OUSLEY,skipped,skipped,1,3
457400,Vote by Mail - 400C,151404,MIA OUSLEY,LEAH HALL,CORINA LOPEZ,1,3
457400,Vote by Mail - 400C,151405,LEAH HALL,CORINA LOPEZ,skipped,1,3
457400,Vote by Mail - 400C,151406,CORINA LOPEZ,LEAH HALL,MIA OUSLEY,1,3
457400,Vote by Mail - 400C,151407,LEAH HALL,skipped,skipped,1,3
457400,Vote by Mail - 400C,151408,LEAH HALL,MIA OUSLEY,skipped,1,3
457400,Vote by Mail - 400C,151409,CORINA LOPEZ,skipped,skipped,1,3
457400,Vote by Mail - 400C,151410,MIA OUSLEY,skipped,skipped,1,3
457400,Vote by Mail - 400C,151411,CORINA LOPEZ,skipped,skipped,1,3
457400,Vote by Mail - 400C,151412,CORINA LOPEZ,MIA OUSLEY,LEAH HALL,1,3
457400,Vote by Mail - 400C,151413,MIA OUSLEY,LEAH HALL,skipped,1,3
457400,Vote by Mail - 400C,151414,CORINA LOPEZ,LEAH HALL,MIA OUSLEY,1,3
457400,Vote by Mail - 400C,151415,CORINA LOPEZ,skipped,skipped,1,3
457400,Vote by Mail - 400C,151416,CORINA LOPEZ,skipped,skipped,1,3
457500,Vote by Mail - 400C,151417,CORINA LOPEZ,MIA OUSLEY,LEAH HALL,1,3
457500,Vote by Mail - 400C,151418,CORINA LOPEZ,LEAH HALL,MIA OUSLEY,1,3
457500,Vote by Mail - 400C,151419,LEAH HALL,skipped,skipped,1,3
457500,Vote by Mail - 400C,151420,CORINA LOPEZ,MIA OUSLEY,LEAH HALL,1,3
457500,Vote by Mail - 400C,151421,LEAH HALL,skipped,skipped,1,3
457500,Vote by Mail - 400C,151422,LEAH HALL,MIA OUSLEY,CORINA LOPEZ,1,3
457500,Vote by Mail - 400C,151423,CORINA LOPEZ,MIA OUSLEY,LEAH HALL,1,3
457500,Vote by Mail - 400C,151424,LEAH HALL,MIA OUSLEY,skipped,1,3
457500,Vote by Mail - 400C,151425,MIA OUSLEY,LEAH HALL,CORINA LOPEZ,1,3
457500,Vote by Mail - 400C,151428,CORINA LOPEZ,MIA OUSLEY,LEAH HALL,1,3
457500,Vote by Mail - 400C,151429,MIA OUSLEY,CORINA LOPEZ,LEAH HALL,1,3
457500,Vote by Mail - 400C,151430,MIA OUSLEY,CORINA LOPEZ,LEAH HALL,1,3
457500,Vote by Mail - 400C,151431,CORINA LOPEZ,MIA OUSLEY,LEAH HALL,1,3
457500,Vote by Mail - 400C,151433,MIA OUSLEY,LEAH HALL,skipped,1,3
457500,Vote by Mail - 400C,151434,LEAH HALL,CORINA LOPEZ,MIA OUSLEY,1,3
457500,Vote by Mail - 400C,151435,CORINA LOPEZ,LEAH HALL,MIA OUSLEY,1,3
457500,Vote by Mail - 400C,151436,MIA OUSLEY,CORINA LOPEZ,LEAH HALL,1,3
457500,Vote by Mail - 400C,151437,MIA OUSLEY,skipped,skipped,1,3
457500,Vote by Mail - 400C,151438,MIA OUSLEY,CORINA LOPEZ,skipped,1,3
457700,Vote by Mail - 400C,151439,LEAH HALL,CORINA LOPEZ,MIA OUSLEY,1,3
457700,Vote by Mail - 400C,151440,CORINA LOPEZ,skipped,skipped,1,3
457700,Vote by Mail - 400C,151442,CORINA LOPEZ,MIA OUSLEY,LEAH HALL,1,3
457700,Vote by Mail - 400C,151443,CORINA LOPEZ,LEAH HALL,MIA OUSLEY,1,3
457700,Vote by Mail - 400C,151445,MIA OUSLEY,LEAH HALL,CORINA LOPEZ,1,3
457700,Vote by Mail - 400C,151446,CORINA LOPEZ,MIA OUSLEY,LEAH HALL,1,3
457700,Vote by Mail - 400C,151447,MIA OUSLEY,LEAH HALL,CORINA LOPEZ,1,3
457700,Vote by Mail - 400C,151448,MIA OUSLEY,LEAH HALL,skipped,1,3
457700,Vote by Mail - 400C,151449,CORINA LOPEZ,MIA OUSLEY,LEAH HALL,1,3
457700,Vote by Mail - 400C,151450,LEAH HALL,CORINA LOPEZ,skipped,1,3
457700,Vote by Mail - 400C,151451,MIA OUSLEY,LEAH HALL,skipped,1,3
457700,Vote by Mail - 400C,151452,CORINA LOPEZ,MIA OUSLEY,LEAH HALL,1,3
457700,Vote by Mail - 400C,151453,MIA OUSLEY,CORINA LOPEZ,skipped,1,3
457700,Vote by Mail - 400C,151454,CORINA LOPEZ,skipped,skipped,1,3
457700,Vote by Mail - 400C,151455,LEAH HALL,MIA OUSLEY,CORINA LOPEZ,1,3
457700,Vote by Mail - 400C,151456,LEAH HALL,CORINA LOPEZ,MIA OUSLEY,1,3
457700,Vote by Mail - 400C,151457,CORINA LOPEZ,LEAH HALL,MIA OUSLEY,1,3
457700,Vote by Mail - 400C,151458,CORINA LOPEZ,MIA OUSLEY,LEAH HALL,1,3
457900,Vote by Mail - 400C,151459,LEAH HALL,MIA OUSLEY,CORINA LOPEZ,1,3
457900,Vote by Mail - 400C,151460,CORINA LOPEZ,LEAH HALL,skipped,1,3
457900,Vote by Mail - 400C,151461,CORINA LOPEZ,LEAH HALL,MIA OUSLEY,1,3
457900,Vote by Mail - 400C,151462,LEAH HALL,MIA OUSLEY,CORINA LOPEZ,1,3
457900,Vote by Mail - 400C,151463,MIA OUSLEY,CORINA LOPEZ,LEAH HALL,1,3
457900,Vote by Mail - 400C,151464,CORINA LOPEZ,LEAH HALL,MIA OUSLEY,1,3
457900,Vote by Mail - 400C,151466,MIA OUSLEY,LEAH HALL,CORINA LOPEZ,1,3
457900,Vote by Mail - 400C,151467,CORINA LOPEZ,LEAH HALL,MIA OUSLEY,1,3
457900,Vote by Mail - 400C,151468,CORINA LOPEZ,MIA OUSLEY,LEAH HALL,1,3
457900,Vote by Mail - 400C,151469,CORINA LOPEZ,MIA OUSLEY,LEAH HALL,1,3
457900,Vote by Mail - 400C,151470,CORINA LOPEZ,MIA OUSLEY,LEAH HALL,1,3
457900,Vote by Mail - 400C,151471,CORINA LOPEZ,skipped,skipped,1,3
457900,Vote by Mail - 400C,151472,MIA OUSLEY,LEAH HALL,CORINA LOPEZ,1,3
457900,Vote by Mail - 400C,151475,LEAH HALL,CORINA LOPEZ,MIA OUSLEY,1,3
458200,Vote by Mail - 400C,151476,MIA OUSLEY,CORINA LOPEZ,LEAH HALL,1,3
458200,Vote by Mail - 400C,151477,CORINA LOPEZ,MIA OUSLEY,LEAH HALL,1,3
458200,Vote by Mail - 400C,151479,LEAH HALL,MIA OUSLEY,CORINA LOPEZ,1,3
458200,Vote by Mail - 400C,151480,CORINA LOPEZ,MIA OUSLEY,LEAH HALL,1,3
458200,Vote by Mail - 400C,151481,LEAH HALL,skipped,skipped,1,3
458200,Vote by Mail - 400C,151482,CORINA LOPEZ,LEAH HALL,skipped,1,3
458200,Vote by Mail - 400C,151483,CORINA LOPEZ,skipped,skipped,1,3
458200,Vote by Mail - 400C,151484,MIA OUSLEY,CORINA LOPEZ,LEAH HALL,1,3
458200,Vote by Mail - 400C,151485,CORINA LOPEZ,MIA OUSLEY,LEAH HALL,1,3
458200,Vote by Mail - 400C,151486,CORINA LOPEZ,MIA OUSLEY,LEAH HALL,1,3
458200,Vote by Mail - 400C,151487,CORINA LOPEZ,MIA OUSLEY,skipped,1,3
458200,Vote by Mail - 400C,151488,MIA OUSLEY,CORINA LOPEZ,LEAH HALL,1,3
458200,Vote by Mail - 400C,151489,CORINA LOPEZ,skipped,skipped,1,3
458200,Vote by Mail - 400C,151490,MIA OUSLEY,skipped,skipped,1,3
458200,Vote by Mail - 400C,151491,MIA OUSLEY,CORINA LOPEZ,LEAH HALL,1,3
458300,Vote by Mail - 400C,151492,MIA OUSLEY,skipped,skipped,1,3
458300,Vote by Mail - 400C,151493,CORINA LOPEZ,MIA OUSLEY,skipped,1,3
458300,Vote by Mail - 400C,151494,CORINA LOPEZ,skipped,skipped,1,3
458300,Vote by Mail - 400C,151497,LEAH HALL,skipped,skipped,1,3
458300,Vote by Mail - 400C,151498,LEAH HALL,CORINA LOPEZ,MIA OUSLEY,1,3
458300,Vote by Mail - 400C,151499,MIA OUSLEY,LEAH HALL,CORINA LOPEZ,1,3
458300,Vote by Mail - 400C,151500,CORINA LOPEZ,MIA OUSLEY,LEAH HALL,1,3
458300,Vote by Mail - 400C,151502,CORINA LOPEZ,MIA OUSLEY,LEAH HALL,1,3
458300,Vote by Mail - 400C,151503,MIA OUSLEY,LEAH HALL,CORINA LOPEZ,1,3
458300,Vote by Mail - 400C,151504,LEAH HALL,skipped,skipped,1,3
458300,Vote by Mail - 400C,151505,CORINA LOPEZ,MIA OUSLEY,LEAH HALL,1,3
458300,Vote by Mail - 400C,151506,CORINA LOPEZ,skipped,skipped,1,3
458300,Vote by Mail - 400C,151507,CORINA LOPEZ,MIA OUSLEY,LEAH HALL,1,3
458300,Vote by Mail - 400C,151509,LEAH HALL,MIA OUSLEY,CORINA LOPEZ,1,3
458300,Vote by Mail - 400C,151510,MIA OUSLEY,CORINA LOPEZ,LEAH HALL,1,3
458300,Vote by Mail - 400C,151511,CORINA LOPEZ,MIA OUSLEY,LEAH HALL,1,3
458300,Vote by Mail - 400C,151512,CORINA LOPEZ,MIA OUSLEY,LEAH HALL,1,3
458300,Vote by Mail - 400C,151513,CORINA LOPEZ,MIA OUSLEY,LEAH HALL,1,3
458300,Vote by Mail - 400C,151514,LEAH HALL,MIA OUSLEY,CORINA LOPEZ,1,3
458300,Vote by Mail - 400C,151515,CORINA LOPEZ,skipped,skipped,1,3
458300,Vote by Mail - 400C,151517,CORINA LOPEZ,skipped,skipped,1,3
458300,Vote by Mail - 400C,151518,CORINA LOPEZ,MIA OUSLEY,LEAH HALL,1,3
458300,Vote by Mail - 400C,151519,CORINA LOPEZ,skipped,skipped,1,3
458500,Vote by Mail - 400C,151520,CORINA LOPEZ,LEAH HALL,MIA OUSLEY,1,3
458500,Vote by Mail - 400C,151522,LEAH HALL,MIA OUSLEY,CORINA LOPEZ,1,3
458500,Vote by Mail - 400C,151523,CORINA LOPEZ,MIA OUSLEY,LEAH HALL,1,3
458500,Vote by Mail - 400C,151524,LEAH HALL,CORINA LOPEZ,MIA OUSLEY,1,3
458500,Vote by Mail - 400C,151525,CORINA LOPEZ,MIA OUSLEY,LEAH HALL,1,3
458500,Vote by Mail - 400C,151526,CORINA LOPEZ,skipped,skipped,1,3
458500,Vote by Mail - 400C,151527,CORINA LOPEZ,MIA OUSLEY,LEAH HALL,1,3
458500,Vote by Mail - 400C,151528,CORINA LOPEZ,LEAH HALL,MIA OUSLEY,1,3
458500,Vote by Mail - 400C,151529,CORINA LOPEZ,skipped,skipped,1,3
458500,Vote by Mail - 400C,151530,CORINA LOPEZ,MIA OUSLEY,LEAH HALL,1,3
458500,Vote by Mail - 400C,151531,CORINA LOPEZ,skipped,skipped,1,3
458500,Vote by Mail - 400C,151532,CORINA LOPEZ,skipped,skipped,1,3
458500,Vote by Mail - 400C,151533,MIA OUSLEY,CORINA LOPEZ,LEAH HALL,1,3
458500,Vote by Mail - 400C,151534,CORINA LOPEZ,LEAH HALL,MIA OUSLEY,1,3
458800,Vote by Mail - 400C,151535,CORINA LOPEZ,skipped,skipped,1,3
458800,Vote by Mail - 400C,151536,CORINA LOPEZ,LEAH HALL,MIA OUSLEY,1,3
458800,Vote by Mail - 400C,151537,CORINA LOPEZ,LEAH HALL,skipped,1,3
458800,Vote by Mail - 400C,151538,CORINA LOPEZ,skipped,skipped,1,3
458800,Vote by Mail - 400C,151539,CORINA LOPEZ,skipped,skipped,1,3
458800,Vote by Mail - 400C,151540,LEAH HALL,CORINA LOPEZ,MIA OUSLEY,1,3
458800,Vote by Mail - 400C,151541,CORINA LOPEZ,skipped,skipped,1,3
458800,Vote by Mail - 400C,151542,CORINA LOPEZ,skipped,skipped,1,3
458800,Vote by Mail - 400C,151543,CORINA LOPEZ,skipped,skipped,1,3
458800,Vote by Mail - 400C,151544,CORINA LOPEZ,skipped,skipped,1,3
458800,Vote by Mail - 400C,151545,CORINA LOPEZ,LEAH HALL,MIA OUSLEY,1,3
458800,Vote by Mail - 400C,151547,CORINA LOPEZ,skipped,skipped,1,3
458800,Vote by Mail - 400C,151548,CORINA LOPEZ,skipped,skipped,1,3
458800,Vote by Mail - 400C,151549,MIA OUSLEY,CORINA LOPEZ,LEAH HALL,1,3
458800,Vote by Mail - 400C,151552,CORINA LOPEZ,skipped,skipped,1,3
458900,Vote by Mail - 400C,151553,CORINA LOPEZ,MIA OUSLEY,skipped,1,3
458900,Vote by Mail - 400C,151554,CORINA LOPEZ,MIA OUSLEY,skipped,1,3
458900,Vote by Mail - 400C,151555,MIA OUSLEY,CORINA LOPEZ,LEAH HALL,1,3
458900,Vote by Mail - 400C,151556,CORINA LOPEZ,MIA OUSLEY,LEAH HALL,1,3
458900,Vote by Mail - 400C,151557,CORINA LOPEZ,LEAH HALL,MIA OUSLEY,1,3
458900,Vote by Mail - 400C,151558,CORINA LOPEZ,MIA OUSLEY,LEAH HALL,1,3
458900,Vote by Mail - 400C,151559,CORINA LOPEZ,MIA OUSLEY,LEAH HALL,1,3
458900,Vote by Mail - 400C,151560,LEAH HALL,CORINA LOPEZ,MIA OUSLEY,1,3
458900,Vote by Mail - 400C,151561,CORINA LOPEZ,skipped,skipped,1,3
458900,Vote by Mail - 400C,151562,CORINA LOPEZ,skipped,skipped,1,3
458900,Vote by Mail - 400C,151563,CORINA LOPEZ,skipped,skipped,1,3
458900,Vote by Mail - 400C,151565,MIA OUSLEY,skipped,skipped,1,3
458900,Vote by Mail - 400C,151566,MIA OUSLEY,skipped,skipped,1,3
458900,Vote by Mail - 400C,151567,LEAH HALL,MIA OUSLEY,CORINA LOPEZ,1,3
458900,Vote by Mail - 400C,151568,LEAH HALL,MIA OUSLEY,CORINA LOPEZ,1,3
458900,Vote by Mail - 400C,151569,CORINA LOPEZ,MIA OUSLEY,LEAH HALL,1,3
458900,Vote by Mail - 400C,151570,CORINA LOPEZ,MIA OUSLEY,LEAH HALL,1,3
458900,Vote by Mail - 400C,151571,CORINA LOPEZ,MIA OUSLEY,LEAH HALL,1,3
458900,Vote by Mail - 400C,151572,CORINA LOPEZ,MIA OUSLEY,LEAH HALL,1,3
458900,Vote by Mail - 400C,151573,CORINA LOPEZ,MIA OUSLEY,LEAH HALL,1,3
458900,Vote by Mail - 400C,151574,CORINA LOPEZ,LEAH HALL,skipped,1,3
458900,Vote by Mail - 400C,151575,MIA OUSLEY,LEAH HALL,CORINA LOPEZ,1,3
458900,Vote by Mail - 400C,151576,CORINA LOPEZ,MIA OUSLEY,LEAH HALL,1,3
455500,Vote by Mail - 400C,154801,LEAH HALL,MIA OUSLEY,CORINA LOPEZ,1,3
455500,Vote by Mail - 400C,154803,MIA OUSLEY,skipped,skipped,1,3
455500,Vote by Mail - 400C,154804,CORINA LOPEZ,skipped,skipped,1,3
455500,Vote by Mail - 400C,154805,MIA OUSLEY,CORINA LOPEZ,LEAH HALL,1,3
455500,Vote by Mail - 400C,154806,MIA OUSLEY,CORINA LOPEZ,LEAH HALL,1,3
455500,Vote by Mail - 400C,154807,LEAH HALL,MIA OUSLEY,CORINA LOPEZ,1,3
455500,Vote by Mail - 400C,154808,CORINA LOPEZ,LEAH HALL,MIA OUSLEY,1,3
455500,Vote by Mail - 400C,154809,LEAH HALL,CORINA LOPEZ,skipped,1,3
455500,Vote by Mail - 400C,154810,CORINA LOPEZ,MIA OUSLEY,LEAH HALL,1,3
455500,Vote by Mail - 400C,154811,CORINA LOPEZ,MIA OUSLEY,LEAH HALL,1,3
455500,Vote by Mail - 400C,154812,CORINA LOPEZ,LEAH HALL,MIA OUSLEY,1,3
455500,Vote by Mail - 400C,154813,CORINA LOPEZ,LEAH HALL,MIA OUSLEY,1,3
455500,Vote by Mail - 400C,154814,LEAH HALL,CORINA LOPEZ,MIA OUSLEY,1,3
455500,Vote by Mail - 400C,154815,LEAH HALL,MIA OUSLEY,CORINA LOPEZ,1,3
455500,Vote by Mail - 400C,154817,LEAH HALL,CORINA LOPEZ,MIA OUSLEY,1,3
455500,Vote by Mail - 400C,154818,MIA OUSLEY,skipped,skipped,1,3
455500,Vote by Mail - 400C,154819,LEAH HALL,CORINA LOPEZ,MIA OUSLEY,1,3
455500,Vote by Mail - 400C,154820,CORINA LOPEZ,MIA OUSLEY,LEAH HALL,1,3
455500,Vote by Mail - 400C,154821,MIA OUSLEY,CORINA LOPEZ,LEAH HALL,1,3
455500,Vote by Mail - 400C,154822,LEAH HALL,CORINA LOPEZ,MIA OUSLEY,1,3
455500,Vote by Mail - 400C,154823,MIA OUSLEY,CORINA LOPEZ,LEAH HALL,1,3
455500,Vote by Mail - 400C,154825,CORINA LOPEZ,skipped,skipped,1,3
455500,Vote by Mail - 400C,154826,LEAH HALL,MIA OUSLEY,CORINA LOPEZ,1,3
455500,Vote by Mail - 400C,154827,LEAH HALL,MIA OUSLEY,skipped,1,3
455500,Vote by Mail - 400C,154828,CORINA LOPEZ,MIA OUSLEY,LEAH HALL,1,3
455500,Vote by Mail - 400C,154829,LEAH HALL,MIA OUSLEY,CORINA LOPEZ,1,3
455500,Vote by Mail - 400C,154830,CORINA LOPEZ,MIA OUSLEY,LEAH HALL,1,3
455500,Vote by Mail - 400C,154831,CORINA LOPEZ,LEAH HALL,MIA OUSLEY,1,3
455500,Vote by Mail - 400C,154832,CORINA LOPEZ,MIA OUSLEY,skipped,1,3
455500,Vote by Mail - 400C,154833,CORINA LOPEZ,LEAH HALL,skipped,1,3
455700,Vote by Mail - 400C,154834,MIA OUSLEY,skipped,skipped,1,3
455700,Vote by Mail - 400C,154835,MIA OUSLEY,CORINA LOPEZ,LEAH HALL,1,3
455700,Vote by Mail - 400C,154836,CORINA LOPEZ,MIA OUSLEY,skipped,1,3
455700,Vote by Mail - 400C,154837,MIA OUSLEY,skipped,skipped,1,3
455700,Vote by Mail - 400C,154838,MIA OUSLEY,skipped,skipped,1,3
455700,Vote by Mail - 400C,154839,MIA OUSLEY,LEAH HALL,skipped,1,3
455700,Vote by Mail - 400C,154840,MIA OUSLEY,CORINA LOPEZ,LEAH HALL,1,3
455700,Vote by Mail - 400C,154841,CORINA LOPEZ,skipped,skipped,1,3
455700,Vote by Mail - 400C,154842,CORINA LOPEZ,LEAH HALL,MIA OUSLEY,1,3
455700,Vote by Mail - 400C,154843,MIA OUSLEY,LEAH HALL,CORINA LOPEZ,1,3
455700,Vote by Mail - 400C,154844,MIA OUSLEY,CORINA LOPEZ,LEAH HALL,1,3
455700,Vote by Mail - 400C,154845,LEAH HALL,CORINA LOPEZ,MIA OUSLEY,1,3
455700,Vote by Mail - 400C,154846,MIA OUSLEY,CORINA LOPEZ,LEAH HALL,1,3
455700,Vote by Mail - 400C,154847,CORINA LOPEZ,MIA OUSLEY,LEAH HALL,1,3
455700,Vote by Mail - 400C,154848,MIA OUSLEY,CORINA LOPEZ,skipped,1,3
455700,Vote by Mail - 400C,154849,LEAH HALL,MIA OUSLEY,CORINA LOPEZ,1,3
455700,Vote by Mail - 400C,154850,CORINA LOPEZ,MIA OUSLEY,LEAH HALL,1,3
455700,Vote by Mail - 400C,154851,LEAH HALL,MIA OUSLEY,CORINA LOPEZ,1,3
455700,Vote by Mail - 400C,154853,CORINA LOPEZ,LEAH HALL,MIA OUSLEY,1,3
455700,Vote by Mail - 400C,154854,CORINA LOPEZ,MIA OUSLEY,LEAH HALL,1,3
455700,Vote by Mail - 400C,154855,CORINA LOPEZ,skipped,skipped,1,3
455700,Vote by Mail - 400C,154856,MIA OUSLEY,skipped,skipped,1,3
455700,Vote by Mail - 400C,154857,MIA OUSLEY,CORINA LOPEZ,LEAH HALL,1,3
455700,Vote by Mail - 400C,154858,CORINA LOPEZ,MIA OUSLEY,LEAH HALL,1,3
455700,Vote by Mail - 400C,154859,MIA OUSLEY,skipped,skipped,1,3
455700,Vote by Mail - 400C,154861,MIA OUSLEY,CORINA LOPEZ,LEAH HALL,1,3
455900,Vote by Mail - 400C,154862,LEAH HALL,skipped,skipped,1,3
455900,Vote by Mail - 400C,154863,LEAH HALL,skipped,skipped,1,3
455900,Vote by Mail - 400C,154864,CORINA LOPEZ,MIA OUSLEY,LEAH HALL,1,3
455900,Vote by Mail - 400C,154865,CORINA LOPEZ,MIA OUSLEY,LEAH HALL,1,3
455900,Vote by Mail - 400C,154866,LEAH HALL,MIA OUSLEY,CORINA LOPEZ,1,3
455900,Vote by Mail - 400C,154867,MIA OUSLEY,LEAH HALL,CORINA LOPEZ,1,3
455900,Vote by Mail - 400C,154868,CORINA LOPEZ,MIA OUSLEY,LEAH HALL,1,3
455900,Vote by Mail - 400C,154869,CORINA LOPEZ,MIA OUSLEY,LEAH HALL,1,3
455900,Vote by Mail - 400C,154870,MIA OUSLEY,CORINA LOPEZ,LEAH HALL,1,3
455900,Vote by Mail - 400C,154871,CORINA LOPEZ,skipped,skipped,1,3
455900,Vote by Mail - 400C,154872,CORINA LOPEZ,MIA OUSLEY,LEAH HALL,1,3
455900,Vote by Mail - 400C,154873,CORINA LOPEZ,skipped,skipped,1,3
455900,Vote by Mail - 400C,154874,CORINA LOPEZ,LEAH HALL,MIA OUSLEY,1,3
455900,Vote by Mail - 400C,154875,CORINA LOPEZ,LEAH HALL,skipped,1,3
455900,Vote by Mail - 400C,154877,CORINA LOPEZ,skipped,skipped,1,3
455900,Vote by Mail - 400C,154878,CORINA LOPEZ,skipped,skipped,1,3
455900,Vote by Mail - 400C,154879,CORINA LOPEZ,MIA OUSLEY,skipped,1,3
455900,Vote by Mail - 400C,154880,MIA OUSLEY,skipped,skipped,1,3
455900,Vote by Mail - 400C,154881,MIA OUSLEY,skipped,skipped,1,3
455900,Vote by Mail - 400C,154882,CORINA LOPEZ,MIA OUSLEY,LEAH HALL,1,3
455900,Vote by Mail - 400C,154883,MIA OUSLEY,LEAH HALL,CORINA LOPEZ,1,3
455900,Vote by Mail - 400C,154884,MIA OUSLEY,CORINA LOPEZ,LEAH HALL,1,3
455900,Vote by Mail - 400C,154886,MIA OUSLEY,CORINA LOPEZ,skipped,1,3
455900,Vote by Mail - 400C,154887,CORINA LOPEZ,skipped,skipped,1,3
455900,Vote by Mail - 400C,154888,CORINA LOPEZ,MIA OUSLEY,LEAH HALL,1,3
455900,Vote by Mail - 400C,154889,CORINA LOPEZ,LEAH HALL,MIA OUSLEY,1,3
455900,Vote by Mail - 400C,154890,CORINA LOPEZ,MIA OUSLEY,LEAH HALL,1,3
455900,Vote by Mail - 400C,154891,CORINA LOPEZ,skipped,skipped,1,3
455900,Vote by Mail - 400C,154892,MIA OUSLEY,skipped,skipped,1,3
455900,Vote by Mail - 400C,154893,MIA OUSLEY,LEAH HALL,CORINA LOPEZ,1,3
455900,Vote by Mail - 400C,154894,CORINA LOPEZ,MIA OUSLEY,LEAH HALL,1,3
456200,Vote by Mail - 400C,154895,LEAH HALL,CORINA LOPEZ,MIA OUSLEY,1,3
456200,Vote by Mail - 400C,154896,CORINA LOPEZ,MIA OUSLEY,LEAH HALL,1,3
456200,Vote by Mail - 400C,154897,CORINA LOPEZ,skipped,skipped,1,3
456200,Vote by Mail - 400C,154898,CORINA LOPEZ,MIA OUSLEY,LEAH HALL,1,3
456200,Vote by Mail - 400C,154899,LEAH HALL,MIA OUSLEY,skipped,1,3
456200,Vote by Mail - 400C,154900,CORINA LOPEZ,MIA OUSLEY,skipped,1,3
456200,Vote by Mail - 400C,154902,CORINA LOPEZ,MIA OUSLEY,LEAH HALL,1,3
456200,Vote by Mail - 400C,154903,MIA OUSLEY,LEAH HALL,skipped,1,3
456200,Vote by Mail - 400C,154904,CORINA LOPEZ,LEAH HALL,MIA OUSLEY,1,3
456200,Vote by Mail - 400C,154905,MIA OUSLEY,CORINA LOPEZ,skipped,1,3
456200,Vote by Mail - 400C,154906,CORINA LOPEZ,MIA OUSLEY,LEAH HALL,1,3
456200,Vote by Mail - 400C,154907,CORINA LOPEZ,MIA OUSLEY,LEAH HALL,1,3
456200,Vote by Mail - 400C,154908,MIA OUSLEY,CORINA LOPEZ,LEAH HALL,1,3
456200,Vote by Mail - 400C,154909,MIA OUSLEY,LEAH HALL,skipped,1,3
456200,Vote by Mail - 400C,154912,MIA OUSLEY,LEAH HALL,skipped,1,3
456200,Vote by Mail - 400C,154913,CORINA LOPEZ,MIA OUSLEY,skipped,1,3
456200,Vote by Mail - 400C,154914,CORINA LOPEZ,skipped,skipped,1,3
456200,Vote by Mail - 400C,154915,CORINA LOPEZ,LEAH HALL,skipped,1,3
456200,Vote by Mail - 400C,154916,MIA OUSLEY,CORINA LOPEZ,skipped,1,3
456200,Vote by Mail - 400C,154917,CORINA LOPEZ,MIA OUSLEY,skipped,1,3
456200,Vote by Mail - 400C,154918,CORINA LOPEZ,LEAH HALL,MIA OUSLEY,1,3
456200,Vote by Mail - 400C,154919,MIA OUSLEY,skipped,skipped,1,3
456200,Vote by Mail - 400C,154920,MIA OUSLEY,skipped,skipped,1,3
456200,Vote by Mail - 400C,154922,LEAH HALL,MIA OUSLEY,CORINA LOPEZ,1,3
456200,Vote by Mail - 400C,154923,CORINA LOPEZ,LEAH HALL,MIA OUSLEY,1,3
456200,Vote by Mail - 400C,154924,LEAH HALL,MIA OUSLEY,CORINA LOPEZ,1,3
456200,Vote by Mail - 400C,154925,CORINA LOPEZ,skipped,skipped,1,3
456200,Vote by Mail - 400C,154926,LEAH HALL,MIA OUSLEY,CORINA LOPEZ,1,3
456200,Vote by Mail - 400C,154928,CORINA LOPEZ,skipped,skipped,1,3
456200,Vote by Mail - 400C,154929,CORINA LOPEZ,skipped,skipped,1,3
456200,Vote by Mail - 400C,154930,LEAH HALL,skipped,skipped,1,3
456200,Vote by Mail - 400C,154932,CORINA LOPEZ,LEAH HALL,skipped,1,3
456200,Vote by Mail - 400C,154933,LEAH HALL,CORINA LOPEZ,MIA OUSLEY,1,3
456200,Vote by Mail - 400C,154934,MIA OUSLEY,CORINA LOPEZ,LEAH HALL,1,3
456200,Vote by Mail - 400C,154935,LEAH HALL,MIA OUSLEY,skipped,1,3
456200,Vote by Mail - 400C,154936,CORINA LOPEZ,skipped,skipped,1,3
457700,Vote by Mail - 400C,154938,MIA OUSLEY,skipped,skipped,1,3
457700,Vote by Mail - 400C,154940,CORINA LOPEZ,skipped,skipped,1,3
457700,Vote by Mail - 400C,154941,LEAH HALL,MIA OUSLEY,CORINA LOPEZ,1,3
457700,Vote by Mail - 400C,154942,MIA OUSLEY,LEAH HALL,CORINA LOPEZ,1,3
457700,Vote by Mail - 400C,154943,CORINA LOPEZ,skipped,skipped,1,3
457700,Vote by Mail - 400C,154944,MIA OUSLEY,CORINA LOPEZ,LEAH HALL,1,3
457700,Vote by Mail - 400C,154945,CORINA LOPEZ,LEAH HALL,MIA OUSLEY,1,3
457700,Vote by Mail - 400C,154946,CORINA LOPEZ,LEAH HALL,MIA OUSLEY,1,3
457700,Vote by Mail - 400C,154947,CORINA LOPEZ,LEAH HALL,MIA OUSLEY,1,3
457700,Vote by Mail - 400C,154948,MIA OUSLEY,skipped,skipped,1,3
457700,Vote by Mail - 400C,154949,MIA OUSLEY,skipped,skipped,1,3
457700,Vote by Mail - 400C,154950,CORINA LOPEZ,MIA OUSLEY,LEAH HALL,1,3
457700,Vote by Mail - 400C,154951,CORINA LOPEZ,LEAH HALL,skipped,1,3
457700,Vote by Mail - 400C,154952,CORINA LOPEZ,skipped,skipped,1,3
457700,Vote by Mail - 400C,154953,MIA OUSLEY,CORINA LOPEZ,skipped,1,3
457700,Vote by Mail - 400C,154954,CORINA LOPEZ,skipped,skipped,1,3
457700,Vote by Mail - 400C,154955,CORINA LOPEZ,MIA OUSLEY,LEAH HALL,1,3
457700,Vote by Mail - 400C,154956,CORINA LOPEZ,skipped,skipped,1,3
457700,Vote by Mail - 400C,154957,MIA OUSLEY,skipped,skipped,1,3
457700,Vote by Mail - 400C,154959,CORINA LOPEZ,skipped,skipped,1,3
457700,Vote by Mail - 400C,154960,CORINA LOPEZ,skipped,skipped,1,3
457700,Vote by Mail - 400C,154961,LEAH HALL,MIA OUSLEY,skipped,1,3
457700,Vote by Mail - 400C,154962,LEAH HALL,CORINA LOPEZ,MIA OUSLEY,1,3
457700,Vote by Mail - 400C,154963,MIA OUSLEY,CORINA LOPEZ,LEAH HALL,1,3
457700,Vote by Mail - 400C,154965,CORINA LOPEZ,skipped,skipped,1,3
457700,Vote by Mail - 400C,154966,MIA OUSLEY,LEAH HALL,CORINA LOPEZ,1,3
457700,Vote by Mail - 400C,154967,MIA OUSLEY,CORINA LOPEZ,LEAH HALL,1,3
457700,Vote by Mail - 400C,154968,CORINA LOPEZ,skipped,skipped,1,3
457700,Vote by Mail - 400C,154969,CORINA LOPEZ,MIA OUSLEY,LEAH HALL,1,3
457700,Vote by Mail - 400C,154970,LEAH HALL,MIA OUSLEY,CORINA LOPEZ,1,3
457700,Vote by Mail - 400C,154971,CORINA LOPEZ,MIA OUSLEY,skipped,1,3
457700,Vote by Mail - 400C,154972,CORINA LOPEZ,LEAH HALL,MIA OUSLEY,1,3
457700,Vote by Mail - 400C,154973,MIA OUSLEY,LEAH HALL,skipped,1,3
458500,Vote by Mail - 400C,154974,CORINA LOPEZ,MIA OUSLEY,LEAH HALL,1,3
458500,Vote by Mail - 400C,154975,CORINA LOPEZ,MIA OUSLEY,LEAH HALL,1,3
458500,Vote by Mail - 400C,154976,CORINA LOPEZ,LEAH HALL,MIA OUSLEY,1,3
458500,Vote by Mail - 400C,154977,MIA OUSLEY,CORINA LOPEZ,LEAH HALL,1,3
458500,Vote by Mail - 400C,154978,LEAH HALL,CORINA LOPEZ,MIA OUSLEY,1,3
458500,Vote by Mail - 400C,154979,CORINA LOPEZ,LEAH HALL,MIA OUSLEY,1,3
458500,Vote by Mail - 400C,154980,CORINA LOPEZ,MIA OUSLEY,LEAH HALL,1,3
458500,Vote by Mail - 400C,154981,MIA OUSLEY,skipped,skipped,1,3
458500,Vote by Mail - 400C,154982,CORINA LOPEZ,LEAH HALL,MIA OUSLEY,1,3
458500,Vote by Mail - 400C,154983,CORINA LOPEZ,LEAH HALL,skipped,1,3
458500,Vote by Mail - 400C,154984,CORINA LOPEZ,MIA OUSLEY,LEAH HALL,1,3
458500,Vote by Mail - 400C,154985,LEAH HALL,CORINA LOPEZ,MIA OUSLEY,1,3
458500,Vote by Mail - 400C,154986,MIA OUSLEY,CORINA LOPEZ,LEAH HALL,1,3
458500,Vote by Mail - 400C,154987,CORINA LOPEZ,skipped,skipped,1,3
458500,Vote by Mail - 400C,154988,CORINA LOPEZ,skipped,skipped,1,3
458500,Vote by Mail - 400C,154989,LEAH HALL,CORINA LOPEZ,MIA OUSLEY,1,3
458500,Vote by Mail - 400C,154990,CORINA LOPEZ,LEAH HALL,MIA OUSLEY,1,3
458500,Vote by Mail - 400C,154992,CORINA LOPEZ,MIA OUSLEY,LEAH HALL,1,3
458500,Vote by Mail - 400C,154993,CORINA LOPEZ,MIA OUSLEY,LEAH HALL,1,3
458500,Vote by Mail - 400C,154994,MIA OUSLEY,CORINA LOPEZ,LEAH HALL,1,3
458500,Vote by Mail - 400C,154995,CORINA LOPEZ,MIA OUSLEY,LEAH HALL,1,3
458500,Vote by Mail - 400C,154996,MIA OUSLEY,LEAH HALL,skipped,1,3
458500,Vote by Mail - 400C,154997,CORINA LOPEZ,skipped,skipped,1,3
458500,Vote by Mail - 400C,154998,LEAH HALL,MIA OUSLEY,skipped,1,3
458500,Vote by Mail - 400C,154999,MIA OUSLEY,CORINA LOPEZ,LEAH HALL,1,3
458500,Vote by Mail - 400C,155000,MIA OUSLEY,LEAH HALL,CORINA LOPEZ,1,3
458500,Vote by Mail - 400C,155001,CORINA LOPEZ,skipped,skipped,1,3
458800,Vote by Mail - 400C,155002,CORINA LOPEZ,MIA OUSLEY,LEAH HALL,1,3
458800,Vote by Mail - 400C,155003,MIA OUSLEY,CORINA LOPEZ,LEAH HALL,1,3
458800,Vote by Mail - 400C,155004,LEAH HALL,skipped,skipped,1,3
458800,Vote by Mail - 400C,155005,CORINA LOPEZ,MIA OUSLEY,LEAH HALL,1,3
458800,Vote by Mail - 400C,155006,CORINA LOPEZ,LEAH HALL,MIA OUSLEY,1,3
458800,Vote by Mail - 400C,155007,MIA OUSLEY,CORINA LOPEZ,LEAH HALL,1,3
458800,Vote by Mail - 400C,155008,LEAH HALL,CORINA LOPEZ,MIA OUSLEY,1,3
458800,Vote by Mail - 400C,155009,MIA OUSLEY,LEAH HALL,CORINA LOPEZ,1,3
458800,Vote by Mail - 400C,155010,CORINA LOPEZ,skipped,skipped,1,3
458800,Vote by Mail - 400C,155011,CORINA LOPEZ,MIA OUSLEY,LEAH HALL,1,3
458800,Vote by Mail - 400C,155012,CORINA LOPEZ,skipped,skipped,1,3
458800,Vote by Mail - 400C,155013,CORINA LOPEZ,skipped,skipped,1,3
458800,Vote by Mail - 400C,155014,CORINA LOPEZ,skipped,skipped,1,3
458800,Vote by Mail - 400C,155015,CORINA LOPEZ,MIA OUSLEY,LEAH HALL,1,3
458800,Vote by Mail - 400C,155016,CORINA LOPEZ,skipped,skipped,1,3
458800,Vote by Mail - 400C,155017,CORINA LOPEZ,LEAH HALL,MIA OUSLEY,1,3
458800,Vote by Mail - 400C,155018,CORINA LOPEZ,LEAH HALL,skipped,1,3
458800,Vote by Mail - 400C,155019,CORINA LOPEZ,LEAH HALL,MIA OUSLEY,1,3
458800,Vote by Mail - 400C,155020,CORINA LOPEZ,LEAH HALL,skipped,1,3
458800,Vote by Mail - 400C,155021,LEAH HALL,CORINA LOPEZ,MIA OUSLEY,1,3
450800,Vote by Mail - 400C,157114,CORINA LOPEZ,MIA OUSLEY,skipped,1,3
450800,Vote by Mail - 400C,157115,MIA OUSLEY,skipped,skipped,1,3
450800,Vote by Mail - 400C,157116,CORINA LOPEZ,MIA OUSLEY,LEAH HALL,1,3
450800,Vote by Mail - 400C,157117,CORINA LOPEZ,LEAH HALL,MIA OUSLEY,1,3
450800,Vote by Mail - 400C,157118,CORINA LOPEZ,LEAH HALL,MIA OUSLEY,1,3
450800,Vote by Mail - 400C,157119,MIA OUSLEY,CORINA LOPEZ,skipped,1,3
450800,Vote by Mail - 400C,157120,LEAH HALL,CORINA LOPEZ,MIA OUSLEY,1,3
451600,Vote by Mail - 400C,157122,CORINA LOPEZ,LEAH HALL,MIA OUSLEY,1,3
451600,Vote by Mail - 400C,157123,LEAH HALL,MIA OUSLEY,skipped,1,3
451600,Vote by Mail - 400C,157124,LEAH HALL,skipped,skipped,1,3
451600,Vote by Mail - 400C,157125,CORINA LOPEZ,MIA OUSLEY,LEAH HALL,1,3
451600,Vote by Mail - 400C,157126,LEAH HALL,skipped,skipped,1,3
451600,Vote by Mail - 400C,157127,CORINA LOPEZ,skipped,skipped,1,3
451600,Vote by Mail - 400C,157128,CORINA LOPEZ,MIA OUSLEY,skipped,1,3
451600,Vote by Mail - 400C,157129,MIA OUSLEY,LEAH HALL,CORINA LOPEZ,1,3
451600,Vote by Mail - 400C,157130,MIA OUSLEY,CORINA LOPEZ,LEAH HALL,1,3
451600,Vote by Mail - 400C,157131,CORINA LOPEZ,LEAH HALL,MIA OUSLEY,1,3
451600,Vote by Mail - 400C,157132,LEAH HALL,skipped,skipped,1,3
451600,Vote by Mail - 400C,157133,LEAH HALL,MIA OUSLEY,CORINA LOPEZ,1,3
451600,Vote by Mail - 400C,157134,CORINA LOPEZ,skipped,skipped,1,3
451600,Vote by Mail - 400C,157135,LEAH HALL,skipped,skipped,1,3
451600,Vote by Mail - 400C,157136,LEAH HALL,CORINA LOPEZ,MIA OUSLEY,1,3
451600,Vote by Mail - 400C,157137,MIA OUSLEY,CORINA LOPEZ,LEAH HALL,1,3
451600,Vote by Mail - 400C,157138,CORINA LOPEZ,MIA OUSLEY,LEAH HALL,1,3
451600,Vote by Mail - 400C,157139,LEAH HALL,skipped,skipped,1,3
451600,Vote by Mail - 400C,157140,MIA OUSLEY,LEAH HALL,CORINA LOPEZ,1,3
451600,Vote by Mail - 400C,157141,CORINA LOPEZ,LEAH HALL,MIA OUSLEY,1,3
451600,Vote by Mail - 400C,157142,MIA OUSLEY,CORINA LOPEZ,LEAH HALL,1,3
451600,Vote by Mail - 400C,157144,CORINA LOPEZ,skipped,skipped,1,3
451700,Vote by Mail - 400C,157145,MIA OUSLEY,LEAH HALL,CORINA LOPEZ,1,3
451700,Vote by Mail - 400C,157146,CORINA LOPEZ,skipped,skipped,1,3
451700,Vote by Mail - 400C,157147,CORINA LOPEZ,MIA OUSLEY,LEAH HALL,1,3
451700,Vote by Mail - 400C,157148,CORINA LOPEZ,MIA OUSLEY,LEAH HALL,1,3
451700,Vote by Mail - 400C,157149,CORINA LOPEZ,skipped,skipped,1,3
451700,Vote by Mail - 400C,157150,CORINA LOPEZ,LEAH HALL,MIA OUSLEY,1,3
451700,Vote by Mail - 400C,157151,CORINA LOPEZ,MIA OUSLEY,skipped,1,3
451700,Vote by Mail - 400C,157152,CORINA LOPEZ,LEAH HALL,MIA OUSLEY,1,3
451700,Vote by Mail - 400C,157153,CORINA LOPEZ,MIA OUSLEY,skipped,1,3
451700,Vote by Mail - 400C,157154,CORINA LOPEZ,LEAH HALL,MIA OUSLEY,1,3
451700,Vote by Mail - 400C,157155,CORINA LOPEZ,skipped,skipped,1,3
451700,Vote by Mail - 400C,157156,CORINA LOPEZ,LEAH HALL,skipped,1,3
451700,Vote by Mail - 400C,157157,LEAH HALL,skipped,skipped,1,3
451700,Vote by Mail - 400C,157158,CORINA LOPEZ,LEAH HALL,skipped,1,3
451700,Vote by Mail - 400C,157159,CORINA LOPEZ,MIA OUSLEY,LEAH HALL,1,3
451700,Vote by Mail - 400C,157160,CORINA LOPEZ,skipped,skipped,1,3
451700,Vote by Mail - 400C,157161,CORINA LOPEZ,MIA OUSLEY,LEAH HALL,1,3
451700,Vote by Mail - 400C,157162,CORINA LOPEZ,MIA OUSLEY,LEAH HALL,1,3
451700,Vote by Mail - 400C,157163,CORINA LOPEZ,skipped,skipped,1,3
452100,Vote by Mail - 400C,157165,CORINA LOPEZ,LEAH HALL,MIA OUSLEY,1,3
452100,Vote by Mail - 400C,157166,CORINA LOPEZ,skipped,skipped,1,3
452100,Vote by Mail - 400C,157167,LEAH HALL,CORINA LOPEZ,MIA OUSLEY,1,3
452100,Vote by Mail - 400C,157168,LEAH HALL,skipped,skipped,1,3
452100,Vote by Mail - 400C,157169,CORINA LOPEZ,MIA OUSLEY,LEAH HALL,1,3
452100,Vote by Mail - 400C,157170,LEAH HALL,MIA OUSLEY,CORINA LOPEZ,1,3
452100,Vote by Mail - 400C,157171,CORINA LOPEZ,MIA OUSLEY,LEAH HALL,1,3
452100,Vote by Mail - 400C,157172,MIA OUSLEY,CORINA LOPEZ,skipped,1,3
452100,Vote by Mail - 400C,157173,CORINA LOPEZ,skipped,skipped,1,3
452100,Vote by Mail - 400C,157174,MIA OUSLEY,CORINA LOPEZ,LEAH HALL,1,3
452100,Vote by Mail - 400C,157175,LEAH HALL,MIA OUSLEY,CORINA LOPEZ,1,3
452100,Vote by Mail - 400C,157177,CORINA LOPEZ,LEAH HALL,MIA OUSLEY,1,3
452100,Vote by Mail - 400C,157178,CORINA LOPEZ,MIA OUSLEY,LEAH HALL,1,3
452100,Vote by Mail - 400C,157179,LEAH HALL,MIA OUSLEY,CORINA LOPEZ,1,3
452100,Vote by Mail - 400C,157180,CORINA LOPEZ,skipped,skipped,1,3
452100,Vote by Mail - 400C,157181,LEAH HALL,MIA OUSLEY,CORINA LOPEZ,1,3
452100,Vote by Mail - 400C,157182,CORINA LOPEZ,LEAH HALL,MIA OUSLEY,1,3
452100,Vote by Mail - 400C,157183,LEAH HALL,skipped,skipped,1,3
452100,Vote by Mail - 400C,157184,LEAH HALL,CORINA LOPEZ,MIA OUSLEY,1,3
452100,Vote by Mail - 400C,157185,MIA OUSLEY,LEAH HALL,CORINA LOPEZ,1,3
452100,Vote by Mail - 400C,157186,LEAH HALL,CORINA LOPEZ,MIA OUSLEY,1,3
452100,Vote by Mail - 400C,157187,MIA OUSLEY,skipped,skipped,1,3
452100,Vote by Mail - 400C,157188,CORINA LOPEZ,skipped,skipped,1,3
452100,Vote by Mail - 400C,157189,MIA OUSLEY,LEAH HALL,CORINA LOPEZ,1,3
452100,Vote by Mail - 400C,157190,CORINA LOPEZ,skipped,skipped,1,3
452100,Vote by Mail - 400C,157191,LEAH HALL,CORINA LOPEZ,MIA OUSLEY,1,3
452100,Vote by Mail - 400C,157193,CORINA LOPEZ,MIA OUSLEY,LEAH HALL,1,3
452200,Vote by Mail - 400C,157194,CORINA LOPEZ,skipped,skipped,1,3
452200,Vote by Mail - 400C,157195,CORINA LOPEZ,MIA OUSLEY,LEAH HALL,1,3
452200,Vote by Mail - 400C,157196,LEAH HALL,MIA OUSLEY,CORINA LOPEZ,1,3
452200,Vote by Mail - 400C,157197,CORINA LOPEZ,skipped,skipped,1,3
452200,Vote by Mail - 400C,157199,CORINA LOPEZ,LEAH HALL,MIA OUSLEY,1,3
452200,Vote by Mail - 400C,157200,CORINA LOPEZ,LEAH HALL,MIA OUSLEY,1,3
452200,Vote by Mail - 400C,157201,LEAH HALL,MIA OUSLEY,CORINA LOPEZ,1,3
452200,Vote by Mail - 400C,157202,LEAH HALL,CORINA LOPEZ,MIA OUSLEY,1,3
452200,Vote by Mail - 400C,157203,CORINA LOPEZ,LEAH HALL,MIA OUSLEY,1,3
452200,Vote by Mail - 400C,157204,CORINA LOPEZ,MIA OUSLEY,LEAH HALL,1,3
452200,Vote by Mail - 400C,157205,CORINA LOPEZ,MIA OUSLEY,LEAH HALL,1,3
452200,Vote by Mail - 400C,157206,MIA OUSLEY,CORINA LOPEZ,LEAH HALL,1,3
452200,Vote by Mail - 400C,157207,CORINA LOPEZ,LEAH HALL,MIA OUSLEY,1,3
452200,Vote by Mail - 400C,157208,CORINA LOPEZ,LEAH HALL,MIA OUSLEY,1,3
452200,Vote by Mail - 400C,157209,LEAH HALL,MIA OUSLEY,CORINA LOPEZ,1,3
452200,Vote by Mail - 400C,157210,LEAH HALL,skipped,skipped,1,3
452200,Vote by Mail - 400C,157211,CORINA LOPEZ,MIA OUSLEY,LEAH HALL,1,3
452200,Vote by Mail - 400C,157212,CORINA LOPEZ,MIA OUSLEY,LEAH HALL,1,3
452200,Vote by Mail - 400C,157213,CORINA LOPEZ,skipped,skipped,1,3
452200,Vote by Mail - 400C,157215,CORINA LOPEZ,LEAH HALL,MIA OUSLEY,1,3
452200,Vote by Mail - 400C,157216,CORINA LOPEZ,MIA OUSLEY,LEAH HALL,1,3
452200,Vote by Mail - 400C,157217,LEAH HALL,MIA OUSLEY,CORINA LOPEZ,1,3
452200,Vote by Mail - 400C,157219,MIA OUSLEY,LEAH HALL,CORINA LOPEZ,1,3
452200,Vote by Mail - 400C,157220,LEAH HALL,MIA OUSLEY,CORINA LOPEZ,1,3
452200,Vote by Mail - 400C,157221,CORINA LOPEZ,skipped,skipped,1,3
452200,Vote by Mail - 400C,157223,CORINA LOPEZ,skipped,skipped,1,3
452200,Vote by Mail - 400C,157224,CORINA LOPEZ,skipped,skipped,1,3
452200,Vote by Mail - 400C,157225,CORINA LOPEZ,skipped,skipped,1,3
452200,Vote by Mail - 400C,157226,CORINA LOPEZ,skipped,skipped,1,3
452200,Vote by Mail - 400C,157227,MIA OUSLEY,skipped,skipped,1,3
452200,Vote by Mail - 400C,157228,CORINA LOPEZ,skipped,skipped,1,3
452200,Vote by Mail - 400C,157229,LEAH HALL,MIA OUSLEY,skipped,1,3
452200,Vote by Mail - 400C,157230,LEAH HALL,MIA OUSLEY,CORINA LOPEZ,1,3
452200,Vote by Mail - 400C,157231,MIA OUSLEY,CORINA LOPEZ,LEAH HALL,1,3
452200,Vote by Mail - 400C,157232,CORINA LOPEZ,LEAH HALL,MIA OUSLEY,1,3
452200,Vote by Mail - 400C,157233,MIA OUSLEY,CORINA LOPEZ,LEAH HALL,1,3
452200,Vote by Mail - 400C,157235,CORINA LOPEZ,skipped,skipped,1,3
452200,Vote by Mail - 400C,157236,LEAH HALL,CORINA LOPEZ,MIA OUSLEY,1,3
452200,Vote by Mail - 400C,157237,CORINA LOPEZ,MIA OUSLEY,LEAH HALL,1,3
452200,Vote by Mail - 400C,157238,MIA OUSLEY,CORINA LOPEZ,skipped,1,3
452200,Vote by Mail - 400C,157239,CORINA LOPEZ,MIA OUSLEY,skipped,1,3
452200,Vote by Mail - 400C,157240,CORINA LOPEZ,skipped,skipped,1,3
452200,Vote by Mail - 400C,157241,CORINA LOPEZ,LEAH HALL,MIA OUSLEY,1,3
452200,Vote by Mail - 400C,157242,CORINA LOPEZ,skipped,skipped,1,3
452200,Vote by Mail - 400C,157243,MIA OUSLEY,skipped,skipped,1,3
452200,Vote by Mail - 400C,157244,CORINA LOPEZ,LEAH HALL,MIA OUSLEY,1,3
452200,Vote by Mail - 400C,157245,LEAH HALL,MIA OUSLEY,CORINA LOPEZ,1,3
452200,Vote by Mail - 400C,157246,MIA OUSLEY,CORINA LOPEZ,LEAH HALL,1,3
452200,Vote by Mail - 400C,157247,CORINA LOPEZ,MIA OUSLEY,LEAH HALL,1,3
452200,Vote by Mail - 400C,157248,CORINA LOPEZ,LEAH HALL,MIA OUSLEY,1,3
452200,Vote by Mail - 400C,157250,CORINA LOPEZ,LEAH HALL,MIA OUSLEY,1,3
452200,Vote by Mail - 400C,157252,LEAH HALL,MIA OUSLEY,CORINA LOPEZ,1,3
452200,Vote by Mail - 400C,157253,LEAH HALL,skipped,skipped,1,3
452200,Vote by Mail - 400C,157254,LEAH HALL,MIA OUSLEY,skipped,1,3
452200,Vote by Mail - 400C,157255,CORINA LOPEZ,skipped,skipped,1,3
452200,Vote by Mail - 400C,157256,MIA OUSLEY,skipped,skipped,1,3
453100,Vote by Mail - 400C,157257,LEAH HALL,skipped,skipped,1,3
453100,Vote by Mail - 400C,157258,CORINA LOPEZ,MIA OUSLEY,LEAH HALL,1,3
453100,Vote by Mail - 400C,157259,CORINA LOPEZ,skipped,skipped,1,3
453100,Vote by Mail - 400C,157260,MIA OUSLEY,skipped,skipped,1,3
453100,Vote by Mail - 400C,157261,CORINA LOPEZ,LEAH HALL,MIA OUSLEY,1,3
453100,Vote by Mail - 400C,157262,CORINA LOPEZ,skipped,skipped,1,3
453100,Vote by Mail - 400C,157263,LEAH HALL,CORINA LOPEZ,skipped,1,3
453100,Vote by Mail - 400C,157264,CORINA LOPEZ,skipped,skipped,1,3
453100,Vote by Mail - 400C,157265,LEAH HALL,MIA OUSLEY,CORINA LOPEZ,1,3
453100,Vote by Mail - 400C,157266,LEAH HALL,CORINA LOPEZ,MIA OUSLEY,1,3
453100,Vote by Mail - 400C,157267,MIA OUSLEY,CORINA LOPEZ,LEAH HALL,1,3
453100,Vote by Mail - 400C,157269,LEAH HALL,MIA OUSLEY,CORINA LOPEZ,1,3
453100,Vote by Mail - 400C,157271,CORINA LOPEZ,LEAH HALL,MIA OUSLEY,1,3
453100,Vote by Mail - 400C,157272,CORINA LOPEZ,skipped,skipped,1,3
453100,Vote by Mail - 400C,157273,MIA OUSLEY,CORINA LOPEZ,LEAH HALL,1,3
453100,Vote by Mail - 400C,157274,CORINA LOPEZ,MIA OUSLEY,LEAH HALL,1,3
453100,Vote by Mail - 400C,157275,MIA OUSLEY,CORINA LOPEZ,LEAH HALL,1,3
453100,Vote by Mail - 400C,157277,CORINA LOPEZ,skipped,skipped,1,3
453100,Vote by Mail - 400C,157278,CORINA LOPEZ,MIA OUSLEY,LEAH HALL,1,3
453100,Vote by Mail - 400C,157279,CORINA LOPEZ,LEAH HALL,MIA OUSLEY,1,3
453100,Vote by Mail - 400C,157280,LEAH HALL,skipped,skipped,1,3
453100,Vote by Mail - 400C,157281,CORINA LOPEZ,skipped,skipped,1,3
453100,Vote by Mail - 400C,157283,MIA OUSLEY,skipped,skipped,1,3
453100,Vote by Mail - 400C,157284,CORINA LOPEZ,MIA OUSLEY,LEAH HALL,1,3
453100,Vote by Mail - 400C,157286,CORINA LOPEZ,skipped,skipped,1,3
453100,Vote by Mail - 400C,157287,MIA OUSLEY,LEAH HALL,CORINA LOPEZ,1,3
453100,Vote by Mail - 400C,157288,MIA OUSLEY,CORINA LOPEZ,LEAH HALL,1,3
453100,Vote by Mail - 400C,157290,MIA OUSLEY,CORINA LOPEZ,LEAH HALL,1,3
453100,Vote by Mail - 400C,157291,CORINA LOPEZ,MIA OUSLEY,LEAH HALL,1,3
453300,Vote by Mail - 400C,157292,LEAH HALL,MIA OUSLEY,CORINA LOPEZ,1,3
453300,Vote by Mail - 400C,157293,LEAH HALL,skipped,skipped,1,3
453300,Vote by Mail - 400C,157294,CORINA LOPEZ,MIA OUSLEY,LEAH HALL,1,3
453300,Vote by Mail - 400C,157295,CORINA LOPEZ,LEAH HALL,MIA OUSLEY,1,3
453300,Vote by Mail - 400C,157296,MIA OUSLEY,skipped,skipped,1,3
453300,Vote by Mail - 400C,157297,LEAH HALL,CORINA LOPEZ,MIA OUSLEY,1,3
453300,Vote by Mail - 400C,157299,LEAH HALL,MIA OUSLEY,skipped,1,3
453300,Vote by Mail - 400C,157300,CORINA LOPEZ,LEAH HALL,MIA OUSLEY,1,3
453300,Vote by Mail - 400C,157301,CORINA LOPEZ,LEAH HALL,MIA OUSLEY,1,3
453300,Vote by Mail - 400C,157302,LEAH HALL,CORINA LOPEZ,skipped,1,3
453300,Vote by Mail - 400C,157303,CORINA LOPEZ,LEAH HALL,MIA OUSLEY,1,3
453300,Vote by Mail - 400C,157304,CORINA LOPEZ,MIA OUSLEY,skipped,1,3
453300,Vote by Mail - 400C,157306,LEAH HALL,MIA OUSLEY,CORINA LOPEZ,1,3
453300,Vote by Mail - 400C,157307,LEAH HALL,MIA OUSLEY,CORINA LOPEZ,1,3
453300,Vote by Mail - 400C,157308,CORINA LOPEZ,LEAH HALL,MIA OUSLEY,1,3
453300,Vote by Mail - 400C,157309,MIA OUSLEY,CORINA LOPEZ,LEAH HALL,1,3
453300,Vote by Mail - 400C,157310,CORINA LOPEZ,LEAH HALL,MIA OUSLEY,1,3
453300,Vote by Mail - 400C,157311,LEAH HALL,CORINA LOPEZ,MIA OUSLEY,1,3
453300,Vote by Mail - 400C,157312,CORINA LOPEZ,skipped,skipped,1,3
453300,Vote by Mail - 400C,157313,LEAH HALL,MIA OUSLEY,CORINA LOPEZ,1,3
453400,Vote by Mail - 400C,157315,LEAH HALL,MIA OUSLEY,skipped,1,3
453400,Vote by Mail - 400C,157316,CORINA LOPEZ,LEAH HALL,MIA OUSLEY,1,3
453400,Vote by Mail - 400C,157317,CORINA LOPEZ,MIA OUSLEY,LEAH HALL,1,3
453400,Vote by Mail - 400C,157319,MIA OUSLEY,LEAH HALL,CORINA LOPEZ,1,3
453400,Vote by Mail - 400C,157321,MIA OUSLEY,skipped,skipped,1,3
453400,Vote by Mail - 400C,157322,CORINA LOPEZ,LEAH HALL,MIA OUSLEY,1,3
453400,Vote by Mail - 400C,157323,LEAH HALL,CORINA LOPEZ,MIA OUSLEY,1,3
453400,Vote by Mail - 400C,157324,LEAH HALL,CORINA LOPEZ,MIA OUSLEY,1,3
453400,Vote by Mail - 400C,157325,MIA OUSLEY,LEAH HALL,CORINA LOPEZ,1,3
453400,Vote by Mail - 400C,157326,CORINA LOPEZ,skipped,skipped,1,3
453400,Vote by Mail - 400C,157327,MIA OUSLEY,LEAH HALL,CORINA LOPEZ,1,3
453400,Vote by Mail - 400C,157328,CORINA LOPEZ,skipped,skipped,1,3
453400,Vote by Mail - 400C,157329,MIA OUSLEY,CORINA LOPEZ,LEAH HALL,1,3
453400,Vote by Mail - 400C,157330,MIA OUSLEY,LEAH HALL,CORINA LOPEZ,1,3
453400,Vote by Mail - 400C,157331,MIA OUSLEY,CORINA LOPEZ,LEAH HALL,1,3
453400,Vote by Mail - 400C,157333,CORINA LOPEZ,skipped,skipped,1,3
453400,Vote by Mail - 400C,157334,MIA OUSLEY,skipped,skipped,1,3
453400,Vote by Mail - 400C,157335,MIA OUSLEY,CORINA LOPEZ,LEAH HALL,1,3
453400,Vote by Mail - 400C,157336,CORINA LOPEZ,LEAH HALL,MIA OUSLEY,1,3
453400,Vote by Mail - 400C,157337,CORINA LOPEZ,LEAH HALL,MIA OUSLEY,1,3
453400,Vote by Mail - 400C,157338,LEAH HALL,skipped,skipped,1,3
453500,Vote by Mail - 400C,157339,MIA OUSLEY,CORINA LOPEZ,LEAH HALL,1,3
453500,Vote by Mail - 400C,157340,MIA OUSLEY,CORINA LOPEZ,LEAH HALL,1,3
453500,Vote by Mail - 400C,157341,CORINA LOPEZ,skipped,skipped,1,3
453500,Vote by Mail - 400C,157342,CORINA LOPEZ,LEAH HALL,MIA OUSLEY,1,3
453500,Vote by Mail - 400C,157343,MIA OUSLEY,CORINA LOPEZ,LEAH HALL,1,3
453500,Vote by Mail - 400C,157344,CORINA LOPEZ,MIA OUSLEY,skipped,1,3
453500,Vote by Mail - 400C,157345,MIA OUSLEY,CORINA LOPEZ,LEAH HALL,1,3
453500,Vote by Mail - 400C,157346,CORINA LOPEZ,LEAH HALL,MIA OUSLEY,1,3
453500,Vote by Mail - 400C,157347,CORINA LOPEZ,skipped,skipped,1,3
453500,Vote by Mail - 400C,157348,MIA OUSLEY,CORINA LOPEZ,skipped,1,3
453500,Vote by Mail - 400C,157349,CORINA LOPEZ,MIA OUSLEY,LEAH HALL,1,3
453500,Vote by Mail - 400C,157350,CORINA LOPEZ,skipped,skipped,1,3
453500,Vote by Mail - 400C,157351,CORINA LOPEZ,MIA OUSLEY,LEAH HALL,1,3
453500,Vote by Mail - 400C,157352,MIA OUSLEY,LEAH HALL,skipped,1,3
453500,Vote by Mail - 400C,157353,CORINA LOPEZ,skipped,skipped,1,3
453500,Vote by Mail - 400C,157354,MIA OUSLEY,LEAH HALL,CORINA LOPEZ,1,3
453500,Vote by Mail - 400C,157355,MIA OUSLEY,skipped,skipped,1,3
453500,Vote by Mail - 400C,157356,CORINA LOPEZ,LEAH HALL,MIA OUSLEY,1,3
453500,Vote by Mail - 400C,157357,LEAH HALL,CORINA LOPEZ,MIA OUSLEY,1,3
453500,Vote by Mail - 400C,157358,LEAH HALL,skipped,skipped,1,3
453500,Vote by Mail - 400C,157359,CORINA LOPEZ,skipped,skipped,1,3
453500,Vote by Mail - 400C,157360,CORINA LOPEZ,MIA OUSLEY,LEAH HALL,1,3
453500,Vote by Mail - 400C,157361,CORINA LOPEZ,LEAH HALL,MIA OUSLEY,1,3
453900,Vote by Mail - 400C,157362,CORINA LOPEZ,LEAH HALL,MIA OUSLEY,1,3
453900,Vote by Mail - 400C,157363,MIA OUSLEY,CORINA LOPEZ,skipped,1,3
453900,Vote by Mail - 400C,157364,CORINA LOPEZ,skipped,skipped,1,3
453900,Vote by Mail - 400C,157365,CORINA LOPEZ,skipped,skipped,1,3
453900,Vote by Mail - 400C,157366,CORINA LOPEZ,LEAH HALL,MIA OUSLEY,1,3
453900,Vote by Mail - 400C,157368,CORINA LOPEZ,MIA OUSLEY,LEAH HALL,1,3
453900,Vote by Mail - 400C,157370,LEAH HALL,skipped,skipped,1,3
453900,Vote by Mail - 400C,157371,CORINA LOPEZ,MIA OUSLEY,LEAH HALL,1,3
453900,Vote by Mail - 400C,157372,LEAH HALL,CORINA LOPEZ,MIA OUSLEY,1,3
453900,Vote by Mail - 400C,157373,CORINA LOPEZ,MIA OUSLEY,LEAH HALL,1,3
453900,Vote by Mail - 400C,157374,CORINA LOPEZ,MIA OUSLEY,LEAH HALL,1,3
453900,Vote by Mail - 400C,157376,CORINA LOPEZ,skipped,skipped,1,3
453900,Vote by Mail - 400C,157377,MIA OUSLEY,LEAH HALL,CORINA LOPEZ,1,3
453900,Vote by Mail - 400C,157378,LEAH HALL,MIA OUSLEY,CORINA LOPEZ,1,3
453900,Vote by Mail - 400C,157380,MIA OUSLEY,CORINA LOPEZ,skipped,1,3
453900,Vote by Mail - 400C,157382,CORINA LOPEZ,LEAH HALL,MIA OUSLEY,1,3
453900,Vote by Mail - 400C,157384,LEAH HALL,MIA OUSLEY,CORINA LOPEZ,1,3
453900,Vote by Mail - 400C,157385,CORINA LOPEZ,skipped,skipped,1,3
453900,Vote by Mail - 400C,157386,LEAH HALL,skipped,skipped,1,3
453900,Vote by Mail - 400C,157387,CORINA LOPEZ,MIA OUSLEY,LEAH HALL,1,3
453900,Vote by Mail - 400C,157388,CORINA LOPEZ,skipped,skipped,1,3
453900,Vote by Mail - 400C,157389,MIA OUSLEY,CORINA LOPEZ,LEAH HALL,1,3
453900,Vote by Mail - 400C,157390,LEAH HALL,skipped,skipped,1,3
453900,Vote by Mail - 400C,157391,LEAH HALL,MIA OUSLEY,CORINA LOPEZ,1,3
453900,Vote by Mail - 400C,157392,LEAH HALL,MIA OUSLEY,CORINA LOPEZ,1,3
453900,Vote by Mail - 400C,157393,CORINA LOPEZ,MIA OUSLEY,LEAH HALL,1,3
453900,Vote by Mail - 400C,157394,CORINA LOPEZ,MIA OUSLEY,LEAH HALL,1,3
453920,Vote by Mail - 400C,157396,CORINA LOPEZ,MIA OUSLEY,LEAH HALL,1,3
453920,Vote by Mail - 400C,157397,CORINA LOPEZ,MIA OUSLEY,LEAH HALL,1,3
453920,Vote by Mail - 400C,157398,LEAH HALL,CORINA LOPEZ,MIA OUSLEY,1,3
453920,Vote by Mail - 400C,157399,CORINA LOPEZ,MIA OUSLEY,LEAH HALL,1,3
453920,Vote by Mail - 400C,157400,LEAH HALL,CORINA LOPEZ,MIA OUSLEY,1,3
453920,Vote by Mail - 400C,157401,CORINA LOPEZ,MIA OUSLEY,LEAH HALL,1,3
453920,Vote by Mail - 400C,157402,CORINA LOPEZ,LEAH HALL,MIA OUSLEY,1,3
453920,Vote by Mail - 400C,157404,MIA OUSLEY,LEAH HALL,CORINA LOPEZ,1,3
453920,Vote by Mail - 400C,157407,MIA OUSLEY,CORINA LOPEZ,LEAH HALL,1,3
453920,Vote by Mail - 400C,157408,CORINA LOPEZ,skipped,skipped,1,3
453920,Vote by Mail - 400C,157409,LEAH HALL,CORINA LOPEZ,MIA OUSLEY,1,3
453920,Vote by Mail - 400C,157410,LEAH HALL,MIA OUSLEY,skipped,1,3
453920,Vote by Mail - 400C,157411,CORINA LOPEZ,skipped,skipped,1,3
453920,Vote by Mail - 400C,157412,CORINA LOPEZ,MIA OUSLEY,LEAH HALL,1,3
453920,Vote by Mail - 400C,157413,CORINA LOPEZ,skipped,skipped,1,3
453920,Vote by Mail - 400C,157414,CORINA LOPEZ,LEAH HALL,MIA OUSLEY,1,3
453920,Vote by Mail - 400C,157415,LEAH HALL,skipped,skipped,1,3
454100,Vote by Mail - 400C,157416,CORINA LOPEZ,MIA OUSLEY,LEAH HALL,1,3
454100,Vote by Mail - 400C,157417,CORINA LOPEZ,LEAH HALL,MIA OUSLEY,1,3
454100,Vote by Mail - 400C,157418,CORINA LOPEZ,MIA OUSLEY,LEAH HALL,1,3
454100,Vote by Mail - 400C,157419,LEAH HALL,MIA OUSLEY,skipped,1,3
454100,Vote by Mail - 400C,157420,LEAH HALL,MIA OUSLEY,CORINA LOPEZ,1,3
454100,Vote by Mail - 400C,157421,LEAH HALL,MIA OUSLEY,CORINA LOPEZ,1,3
454100,Vote by Mail - 400C,157422,LEAH HALL,skipped,skipped,1,3
454100,Vote by Mail - 400C,157423,LEAH HALL,CORINA LOPEZ,MIA OUSLEY,1,3
454100,Vote by Mail - 400C,157424,CORINA LOPEZ,MIA OUSLEY,skipped,1,3
454100,Vote by Mail - 400C,157425,MIA OUSLEY,skipped,skipped,1,3
454100,Vote by Mail - 400C,157426,CORINA LOPEZ,LEAH HALL,MIA OUSLEY,1,3
454100,Vote by Mail - 400C,157427,CORINA LOPEZ,MIA OUSLEY,skipped,1,3
454100,Vote by Mail - 400C,157428,CORINA LOPEZ,skipped,skipped,1,3
454100,Vote by Mail - 400C,157429,MIA OUSLEY,LEAH HALL,CORINA LOPEZ,1,3
454100,Vote by Mail - 400C,157430,LEAH HALL,CORINA LOPEZ,skipped,1,3
454100,Vote by Mail - 400C,157431,CORINA LOPEZ,MIA OUSLEY,LEAH HALL,1,3
454100,Vote by Mail - 400C,157432,CORINA LOPEZ,MIA OUSLEY,skipped,1,3
454100,Vote by Mail - 400C,157433,MIA OUSLEY,CORINA LOPEZ,LEAH HALL,1,3
454100,Vote by Mail - 400C,157434,CORINA LOPEZ,LEAH HALL,MIA OUSLEY,1,3
454100,Vote by Mail - 400C,157435,CORINA LOPEZ,skipped,skipped,1,3
454100,Vote by Mail - 400C,157437,CORINA LOPEZ,skipped,skipped,1,3
454100,Vote by Mail - 400C,157438,CORINA LOPEZ,MIA OUSLEY,skipped,1,3
454100,Vote by Mail - 400C,157439,MIA OUSLEY,LEAH HALL,CORINA LOPEZ,1,3
454100,Vote by Mail - 400C,157440,CORINA LOPEZ,MIA OUSLEY,LEAH HALL,1,3
454100,Vote by Mail - 400C,157442,CORINA LOPEZ,skipped,skipped,1,3
454100,Vote by Mail - 400C,157445,CORINA LOPEZ,MIA OUSLEY,LEAH HALL,1,3
454100,Vote by Mail - 400C,157446,LEAH HALL,CORINA LOPEZ,MIA OUSLEY,1,3
454100,Vote by Mail - 400C,157447,CORINA LOPEZ,MIA OUSLEY,LEAH HALL,1,3
454100,Vote by Mail - 400C,157448,CORINA LOPEZ,MIA OUSLEY,LEAH HALL,1,3
454100,Vote by Mail - 400C,157449,CORINA LOPEZ,LEAH HALL,skipped,1,3
454500,Vote by Mail - 400C,157450,CORINA LOPEZ,skipped,skipped,1,3
454500,Vote by Mail - 400C,157451,LEAH HALL,CORINA LOPEZ,MIA OUSLEY,1,3
454500,Vote by Mail - 400C,157454,CORINA LOPEZ,MIA OUSLEY,LEAH HALL,1,3
454500,Vote by Mail - 400C,157455,CORINA LOPEZ,LEAH HALL,MIA OUSLEY,1,3
454500,Vote by Mail - 400C,157456,CORINA LOPEZ,skipped,skipped,1,3
454500,Vote by Mail - 400C,157457,CORINA LOPEZ,skipped,skipped,1,3
454500,Vote by Mail - 400C,157458,CORINA LOPEZ,LEAH HALL,MIA OUSLEY,1,3
454500,Vote by Mail - 400C,157459,CORINA LOPEZ,LEAH HALL,MIA OUSLEY,1,3
454500,Vote by Mail - 400C,157461,CORINA LOPEZ,MIA OUSLEY,skipped,1,3
454500,Vote by Mail - 400C,157462,CORINA LOPEZ,MIA OUSLEY,skipped,1,3
454500,Vote by Mail - 400C,157463,LEAH HALL,MIA OUSLEY,CORINA LOPEZ,1,3
454500,Vote by Mail - 400C,157464,CORINA LOPEZ,LEAH HALL,MIA OUSLEY,1,3
454500,Vote by Mail - 400C,157465,CORINA LOPEZ,MIA OUSLEY,LEAH HALL,1,3
454500,Vote by Mail - 400C,157466,MIA OUSLEY,CORINA LOPEZ,LEAH HALL,1,3
454500,Vote by Mail - 400C,157468,CORINA LOPEZ,MIA OUSLEY,skipped,1,3
454500,Vote by Mail - 400C,157469,MIA OUSLEY,LEAH HALL,CORINA LOPEZ,1,3
454500,Vote by Mail - 400C,157470,LEAH HALL,CORINA LOPEZ,MIA OUSLEY,1,3
454500,Vote by Mail - 400C,157471,CORINA LOPEZ,LEAH HALL,MIA OUSLEY,1,3
454500,Vote by Mail - 400C,157472,CORINA LOPEZ,skipped,skipped,1,3
454500,Vote by Mail - 400C,157473,CORINA LOPEZ,skipped,skipped,1,3
454500,Vote by Mail - 400C,157474,CORINA LOPEZ,LEAH HALL,MIA OUSLEY,1,3
454500,Vote by Mail - 400C,157475,LEAH HALL,CORINA LOPEZ,MIA OUSLEY,1,3
454500,Vote by Mail - 400C,157476,CORINA LOPEZ,LEAH HALL,MIA OUSLEY,1,3
454500,Vote by Mail - 400C,157478,CORINA LOPEZ,MIA OUSLEY,LEAH HALL,1,3
454500,Vote by Mail - 400C,157479,MIA OUSLEY,LEAH HALL,CORINA LOPEZ,1,3
454500,Vote by Mail - 400C,157480,LEAH HALL,skipped,skipped,1,3
454500,Vote by Mail - 400C,157481,CORINA LOPEZ,skipped,skipped,1,3
454500,Vote by Mail - 400C,157482,CORINA LOPEZ,skipped,skipped,1,3
454500,Vote by Mail - 400C,157483,MIA OUSLEY,CORINA LOPEZ,skipped,1,3
454500,Vote by Mail - 400C,157485,CORINA LOPEZ,skipped,skipped,1,3
454500,Vote by Mail - 400C,157486,MIA OUSLEY,LEAH HALL,CORINA LOPEZ,1,3
454500,Vote by Mail - 400C,157487,CORINA LOPEZ,MIA OUSLEY,LEAH HALL,1,3
454500,Vote by Mail - 400C,157488,CORINA LOPEZ,MIA OUSLEY,LEAH HALL,1,3
454500,Vote by Mail - 400C,157492,CORINA LOPEZ,skipped,skipped,1,3
454500,Vote by Mail - 400C,157493,CORINA LOPEZ,LEAH HALL,skipped,1,3
454500,Vote by Mail - 400C,157494,LEAH HALL,MIA OUSLEY,CORINA LOPEZ,1,3
454500,Vote by Mail - 400C,157495,CORINA LOPEZ,MIA OUSLEY,skipped,1,3
454500,Vote by Mail - 400C,157496,CORINA LOPEZ,skipped,skipped,1,3
455000,Vote by Mail - 400C,157497,CORINA LOPEZ,MIA OUSLEY,LEAH HALL,1,3
455000,Vote by Mail - 400C,157498,CORINA LOPEZ,MIA OUSLEY,LEAH HALL,1,3
455000,Vote by Mail - 400C,157499,CORINA LOPEZ,LEAH HALL,MIA OUSLEY,1,3
455000,Vote by Mail - 400C,157500,CORINA LOPEZ,skipped,skipped,1,3
455000,Vote by Mail - 400C,157502,CORINA LOPEZ,MIA OUSLEY,skipped,1,3
455000,Vote by Mail - 400C,157503,CORINA LOPEZ,MIA OUSLEY,LEAH HALL,1,3
455000,Vote by Mail - 400C,157504,CORINA LOPEZ,MIA OUSLEY,LEAH HALL,1,3
455000,Vote by Mail - 400C,157505,CORINA LOPEZ,MIA OUSLEY,LEAH HALL,1,3
455000,Vote by Mail - 400C,157506,CORINA LOPEZ,MIA OUSLEY,LEAH HALL,1,3
455000,Vote by Mail - 400C,157507,CORINA LOPEZ,MIA OUSLEY,LEAH HALL,1,3
455000,Vote by Mail - 400C,157508,CORINA LOPEZ,LEAH HALL,MIA OUSLEY,1,3
455100,Vote by Mail - 400C,157509,CORINA LOPEZ,LEAH HALL,MIA OUSLEY,1,3
455100,Vote by Mail - 400C,157510,CORINA LOPEZ,skipped,skipped,1,3
455100,Vote by Mail - 400C,157511,CORINA LOPEZ,skipped,skipped,1,3
455100,Vote by Mail - 400C,157512,LEAH HALL,CORINA LOPEZ,MIA OUSLEY,1,3
455100,Vote by Mail - 400C,157513,CORINA LOPEZ,skipped,skipped,1,3
455100,Vote by Mail - 400C,157514,MIA OUSLEY,CORINA LOPEZ,LEAH HALL,1,3
455100,Vote by Mail - 400C,157515,MIA OUSLEY,CORINA LOPEZ,LEAH HALL,1,3
455100,Vote by Mail - 400C,157516,MIA OUSLEY,skipped,skipped,1,3
455100,Vote by Mail - 400C,157517,CORINA LOPEZ,MIA OUSLEY,LEAH HALL,1,3
455100,Vote by Mail - 400C,157518,CORINA LOPEZ,MIA OUSLEY,LEAH HALL,1,3
455100,Vote by Mail - 400C,157519,CORINA LOPEZ,LEAH HALL,skipped,1,3
455100,Vote by Mail - 400C,157520,CORINA LOPEZ,LEAH HALL,MIA OUSLEY,1,3
455100,Vote by Mail - 400C,157521,CORINA LOPEZ,LEAH HALL,MIA OUSLEY,1,3
455100,Vote by Mail - 400C,157523,CORINA LOPEZ,MIA OUSLEY,LEAH HALL,1,3
455300,Vote by Mail - 400C,157524,CORINA LOPEZ,skipped,skipped,1,3
455300,Vote by Mail - 400C,157525,LEAH HALL,MIA OUSLEY,CORINA LOPEZ,1,3
455300,Vote by Mail - 400C,157526,CORINA LOPEZ,MIA OUSLEY,LEAH HALL,1,3
455300,Vote by Mail - 400C,157527,LEAH HALL,skipped,skipped,1,3
455300,Vote by Mail - 400C,157528,CORINA LOPEZ,MIA OUSLEY,LEAH HALL,1,3
455300,Vote by Mail - 400C,157529,CORINA LOPEZ,MIA OUSLEY,LEAH HALL,1,3
455300,Vote by Mail - 400C,157530,MIA OUSLEY,LEAH HALL,CORINA LOPEZ,1,3
455300,Vote by Mail - 400C,157531,CORINA LOPEZ,MIA OUSLEY,LEAH HALL,1,3
455300,Vote by Mail - 400C,157532,CORINA LOPEZ,MIA OUSLEY,LEAH HALL,1,3
455300,Vote by Mail - 400C,157534,LEAH HALL,MIA OUSLEY,CORINA LOPEZ,1,3
455300,Vote by Mail - 400C,157535,MIA OUSLEY,CORINA LOPEZ,LEAH HALL,1,3
455300,Vote by Mail - 400C,157536,LEAH HALL,MIA OUSLEY,CORINA LOPEZ,1,3
455300,Vote by Mail - 400C,157537,LEAH HALL,MIA OUSLEY,CORINA LOPEZ,1,3
455300,Vote by Mail - 400C,157538,LEAH HALL,MIA OUSLEY,CORINA LOPEZ,1,3
455300,Vote by Mail - 400C,157539,CORINA LOPEZ,MIA OUSLEY,LEAH HALL,1,3
455300,Vote by Mail - 400C,157540,CORINA LOPEZ,LEAH HALL,MIA OUSLEY,1,3
455300,Vote by Mail - 400C,157541,MIA OUSLEY,skipped,skipped,1,3
455300,Vote by Mail - 400C,157542,LEAH HALL,CORINA LOPEZ,MIA OUSLEY,1,3
455300,Vote by Mail - 400C,157543,LEAH HALL,MIA OUSLEY,skipped,1,3
455300,Vote by Mail - 400C,157544,CORINA LOPEZ,skipped,skipped,1,3
455300,Vote by Mail - 400C,157545,CORINA LOPEZ,skipped,skipped,1,3
455300,Vote by Mail - 400C,157546,CORINA LOPEZ,MIA OUSLEY,LEAH HALL,1,3
455400,Vote by Mail - 400C,157547,LEAH HALL,MIA OUSLEY,CORINA LOPEZ,1,3
455400,Vote by Mail - 400C,157548,LEAH HALL,CORINA LOPEZ,MIA OUSLEY,1,3
455400,Vote by Mail - 400C,157549,MIA OUSLEY,skipped,skipped,1,3
455400,Vote by Mail - 400C,157550,MIA OUSLEY,LEAH HALL,CORINA LOPEZ,1,3
455400,Vote by Mail - 400C,157551,LEAH HALL,CORINA LOPEZ,MIA OUSLEY,1,3
455400,Vote by Mail - 400C,157552,LEAH HALL,MIA OUSLEY,skipped,1,3
455400,Vote by Mail - 400C,157553,LEAH HALL,MIA OUSLEY,CORINA LOPEZ,1,3
455400,Vote by Mail - 400C,157554,LEAH HALL,CORINA LOPEZ,MIA OUSLEY,1,3
455400,Vote by Mail - 400C,157555,CORINA LOPEZ,skipped,skipped,1,3
455400,Vote by Mail - 400C,157556,CORINA LOPEZ,skipped,skipped,1,3
455400,Vote by Mail - 400C,157557,MIA OUSLEY,LEAH HALL,CORINA LOPEZ,1,3
455400,Vote by Mail - 400C,157558,LEAH HALL,MIA OUSLEY,CORINA LOPEZ,1,3
455400,Vote by Mail - 400C,157559,CORINA LOPEZ,skipped,skipped,1,3
455400,Vote by Mail - 400C,157560,CORINA LOPEZ,MIA OUSLEY,LEAH HALL,1,3
455400,Vote by Mail - 400C,157561,LEAH HALL,CORINA LOPEZ,MIA OUSLEY,1,3
455400,Vote by Mail - 400C,157562,CORINA LOPEZ,MIA OUSLEY,skipped,1,3
455400,Vote by Mail - 400C,157563,CORINA LOPEZ,MIA OUSLEY,skipped,1,3
455400,Vote by Mail - 400C,157564,CORINA LOPEZ,skipped,skipped,1,3
455400,Vote by Mail - 400C,157565,CORINA LOPEZ,skipped,skipped,1,3
455400,Vote by Mail - 400C,157566,CORINA LOPEZ,MIA OUSLEY,LEAH HALL,1,3
455400,Vote by Mail - 400C,157568,LEAH HALL,MIA OUSLEY,CORINA LOPEZ,1,3
455400,Vote by Mail - 400C,157569,CORINA LOPEZ,MIA OUSLEY,LEAH HALL,1,3
455400,Vote by Mail - 400C,157570,CORINA LOPEZ,LEAH HALL,MIA OUSLEY,1,3
455400,Vote by Mail - 400C,157571,CORINA LOPEZ,MIA OUSLEY,LEAH HALL,1,3
455400,Vote by Mail - 400C,157572,MIA OUSLEY,CORINA LOPEZ,LEAH HALL,1,3
455400,Vote by Mail - 400C,157573,CORINA LOPEZ,MIA OUSLEY,LEAH HALL,1,3
455400,Vote by Mail - 400C,157574,CORINA LOPEZ,MIA OUSLEY,LEAH HALL,1,3
455400,Vote by Mail - 400C,157575,CORINA LOPEZ,MIA OUSLEY,LEAH HALL,1,3
455400,Vote by Mail - 400C,157576,CORINA LOPEZ,MIA OUSLEY,LEAH HALL,1,3
455400,Vote by Mail - 400C,157577,CORINA LOPEZ,MIA OUSLEY,LEAH HALL,1,3
455400,Vote by Mail - 400C,157578,LEAH HALL,CORINA LOPEZ,MIA OUSLEY,1,3
455400,Vote by Mail - 400C,157579,LEAH HALL,CORINA LOPEZ,MIA OUSLEY,1,3
455400,Vote by Mail - 400C,157580,CORINA LOPEZ,LEAH HALL,MIA OUSLEY,1,3
456500,Vote by Mail - 400C,157581,LEAH HALL,MIA OUSLEY,CORINA LOPEZ,1,3
456500,Vote by Mail - 400C,157582,CORINA LOPEZ,LEAH HALL,MIA OUSLEY,1,3
456500,Vote by Mail - 400C,157584,LEAH HALL,skipped,skipped,1,3
456500,Vote by Mail - 400C,157585,LEAH HALL,CORINA LOPEZ,MIA OUSLEY,1,3
456500,Vote by Mail - 400C,157586,CORINA LOPEZ,MIA OUSLEY,LEAH HALL,1,3
456500,Vote by Mail - 400C,157587,LEAH HALL,skipped,skipped,1,3
456500,Vote by Mail - 400C,157588,CORINA LOPEZ,LEAH HALL,MIA OUSLEY,1,3
456500,Vote by Mail - 400C,157589,LEAH HALL,CORINA LOPEZ,MIA OUSLEY,1,3
456500,Vote by Mail - 400C,157590,CORINA LOPEZ,skipped,skipped,1,3
456500,Vote by Mail - 400C,157591,MIA OUSLEY,skipped,skipped,1,3
456500,Vote by Mail - 400C,157592,LEAH HALL,skipped,skipped,1,3
456500,Vote by Mail - 400C,157593,CORINA LOPEZ,LEAH HALL,MIA OUSLEY,1,3
456500,Vote by Mail - 400C,157594,CORINA LOPEZ,MIA OUSLEY,skipped,1,3
456500,Vote by Mail - 400C,157595,LEAH HALL,MIA OUSLEY,CORINA LOPEZ,1,3
456500,Vote by Mail - 400C,157596,CORINA LOPEZ,skipped,skipped,1,3
456500,Vote by Mail - 400C,157597,LEAH HALL,MIA OUSLEY,CORINA LOPEZ,1,3
456500,Vote by Mail - 400C,157598,MIA OUSLEY,LEAH HALL,CORINA LOPEZ,1,3
456500,Vote by Mail - 400C,157599,LEAH HALL,CORINA LOPEZ,MIA OUSLEY,1,3
456500,Vote by Mail - 400C,157600,CORINA LOPEZ,MIA OUSLEY,skipped,1,3
456500,Vote by Mail - 400C,157601,CORINA LOPEZ,LEAH HALL,MIA OUSLEY,1,3
456500,Vote by Mail - 400C,157603,CORINA LOPEZ,skipped,skipped,1,3
456500,Vote by Mail - 400C,157605,CORINA LOPEZ,LEAH HALL,MIA OUSLEY,1,3
456500,Vote by Mail - 400C,157606,CORINA LOPEZ,MIA OUSLEY,LEAH HALL,1,3
456500,Vote by Mail - 400C,157607,CORINA LOPEZ,MIA OUSLEY,skipped,1,3
456500,Vote by Mail - 400C,157609,CORINA LOPEZ,MIA OUSLEY,skipped,1,3
456500,Vote by Mail - 400C,157610,MIA OUSLEY,LEAH HALL,CORINA LOPEZ,1,3
456500,Vote by Mail - 400C,157611,CORINA LOPEZ,skipped,skipped,1,3
456500,Vote by Mail - 400C,157613,CORINA LOPEZ,LEAH HALL,MIA OUSLEY,1,3
456500,Vote by Mail - 400C,157614,LEAH HALL,MIA OUSLEY,CORINA LOPEZ,1,3
456500,Vote by Mail - 400C,157615,CORINA LOPEZ,LEAH HALL,MIA OUSLEY,1,3
456500,Vote by Mail - 400C,157616,LEAH HALL,skipped,skipped,1,3
456500,Vote by Mail - 400C,157617,MIA OUSLEY,LEAH HALL,skipped,1,3
456600,Vote by Mail - 400C,157618,CORINA LOPEZ,LEAH HALL,MIA OUSLEY,1,3
456600,Vote by Mail - 400C,157619,CORINA LOPEZ,skipped,skipped,1,3
456600,Vote by Mail - 400C,157620,MIA OUSLEY,LEAH HALL,skipped,1,3
456600,Vote by Mail - 400C,157621,MIA OUSLEY,LEAH HALL,CORINA LOPEZ,1,3
456600,Vote by Mail - 400C,157622,CORINA LOPEZ,skipped,skipped,1,3
456600,Vote by Mail - 400C,157623,CORINA LOPEZ,skipped,skipped,1,3
456600,Vote by Mail - 400C,157624,CORINA LOPEZ,skipped,skipped,1,3
456600,Vote by Mail - 400C,157625,CORINA LOPEZ,MIA OUSLEY,skipped,1,3
456600,Vote by Mail - 400C,157626,CORINA LOPEZ,MIA OUSLEY,skipped,1,3
456600,Vote by Mail - 400C,157628,LEAH HALL,CORINA LOPEZ,MIA OUSLEY,1,3
456600,Vote by Mail - 400C,157629,MIA OUSLEY,CORINA LOPEZ,LEAH HALL,1,3
456600,Vote by Mail - 400C,157630,CORINA LOPEZ,LEAH HALL,MIA OUSLEY,1,3
456600,Vote by Mail - 400C,157631,LEAH HALL,MIA OUSLEY,CORINA LOPEZ,1,3
456600,Vote by Mail - 400C,157632,MIA OUSLEY,CORINA LOPEZ,LEAH HALL,1,3
456600,Vote by Mail - 400C,157635,CORINA LOPEZ,LEAH HALL,MIA OUSLEY,1,3
456600,Vote by Mail - 400C,157636,MIA OUSLEY,skipped,skipped,1,3
456600,Vote by Mail - 400C,157637,LEAH HALL,CORINA LOPEZ,MIA OUSLEY,1,3
456600,Vote by Mail - 400C,157638,CORINA LOPEZ,MIA OUSLEY,LEAH HALL,1,3
456600,Vote by Mail - 400C,157639,CORINA LOPEZ,skipped,skipped,1,3
456600,Vote by Mail - 400C,157640,LEAH HALL,CORINA LOPEZ,MIA OUSLEY,1,3
456600,Vote by Mail - 400C,157643,LEAH HALL,MIA OUSLEY,CORINA LOPEZ,1,3
456600,Vote by Mail - 400C,157644,LEAH HALL,MIA OUSLEY,skipped,1,3
456600,Vote by Mail - 400C,157645,LEAH HALL,MIA OUSLEY,skipped,1,3
456600,Vote by Mail - 400C,157646,MIA OUSLEY,LEAH HALL,CORINA LOPEZ,1,3
456600,Vote by Mail - 400C,157648,CORINA LOPEZ,MIA OUSLEY,skipped,1,3
456600,Vote by Mail - 400C,157649,CORINA LOPEZ,skipped,skipped,1,3
456600,Vote by Mail - 400C,157650,MIA OUSLEY,skipped,skipped,1,3
456600,Vote by Mail - 400C,157651,CORINA LOPEZ,LEAH HALL,MIA OUSLEY,1,3
456600,Vote by Mail - 400C,157652,CORINA LOPEZ,skipped,skipped,1,3
456600,Vote by Mail - 400C,157653,CORINA LOPEZ,skipped,skipped,1,3
456600,Vote by Mail - 400C,157654,CORINA LOPEZ,LEAH HALL,MIA OUSLEY,1,3
456600,Vote by Mail - 400C,157655,CORINA LOPEZ,skipped,skipped,1,3
456600,Vote by Mail - 400C,157657,MIA OUSLEY,LEAH HALL,CORINA LOPEZ,1,3
456600,Vote by Mail - 400C,157658,CORINA LOPEZ,MIA OUSLEY,skipped,1,3
456600,Vote by Mail - 400C,157660,MIA OUSLEY,skipped,skipped,1,3
456600,Vote by Mail - 400C,157661,CORINA LOPEZ,MIA OUSLEY,LEAH HALL,1,3
456600,Vote by Mail - 400C,157662,CORINA LOPEZ,MIA OUSLEY,LEAH HALL,1,3
456900,Vote by Mail - 400C,157663,CORINA LOPEZ,MIA OUSLEY,LEAH HALL,1,3
456900,Vote by Mail - 400C,157664,CORINA LOPEZ,skipped,skipped,1,3
456900,Vote by Mail - 400C,157665,CORINA LOPEZ,skipped,skipped,1,3
456900,Vote by Mail - 400C,157666,CORINA LOPEZ,MIA OUSLEY,LEAH HALL,1,3
456900,Vote by Mail - 400C,157667,CORINA LOPEZ,MIA OUSLEY,LEAH HALL,1,3
456900,Vote by Mail - 400C,157668,MIA OUSLEY,CORINA LOPEZ,LEAH HALL,1,3
456900,Vote by Mail - 400C,157669,CORINA LOPEZ,LEAH HALL,MIA OUSLEY,1,3
456900,Vote by Mail - 400C,157670,LEAH HALL,CORINA LOPEZ,MIA OUSLEY,1,3
456900,Vote by Mail - 400C,157671,CORINA LOPEZ,MIA OUSLEY,skipped,1,3
456900,Vote by Mail - 400C,157672,CORINA LOPEZ,LEAH HALL,MIA OUSLEY,1,3
456900,Vote by Mail - 400C,157674,MIA OUSLEY,skipped,skipped,1,3
456900,Vote by Mail - 400C,157675,CORINA LOPEZ,LEAH HALL,skipped,1,3
456900,Vote by Mail - 400C,157676,CORINA LOPEZ,MIA OUSLEY,skipped,1,3
456900,Vote by Mail - 400C,157677,LEAH HALL,CORINA LOPEZ,MIA OUSLEY,1,3
456900,Vote by Mail - 400C,157678,LEAH HALL,CORINA LOPEZ,MIA OUSLEY,1,3
456900,Vote by Mail - 400C,157679,CORINA LOPEZ,LEAH HALL,MIA OUSLEY,1,3
456900,Vote by Mail - 400C,157680,LEAH HALL,skipped,skipped,1,3
456900,Vote by Mail - 400C,157681,LEAH HALL,CORINA LOPEZ,MIA OUSLEY,1,3
456900,Vote by Mail - 400C,157682,MIA OUSLEY,skipped,skipped,1,3
456900,Vote by Mail - 400C,157683,MIA OUSLEY,skipped,skipped,1,3
456900,Vote by Mail - 400C,157684,CORINA LOPEZ,MIA OUSLEY,LEAH HALL,1,3
456900,Vote by Mail - 400C,157685,CORINA LOPEZ,skipped,skipped,1,3
456900,Vote by Mail - 400C,157687,CORINA LOPEZ,skipped,skipped,1,3
456900,Vote by Mail - 400C,157688,CORINA LOPEZ,MIA OUSLEY,LEAH HALL,1,3
456900,Vote by Mail - 400C,157691,CORINA LOPEZ,MIA OUSLEY,LEAH HALL,1,3
456900,Vote by Mail - 400C,157692,CORINA LOPEZ,MIA OUSLEY,skipped,1,3
456900,Vote by Mail - 400C,157693,CORINA LOPEZ,LEAH HALL,skipped,1,3
456900,Vote by Mail - 400C,157694,MIA OUSLEY,LEAH HALL,skipped,1,3
456900,Vote by Mail - 400C,157695,CORINA LOPEZ,MIA OUSLEY,LEAH HALL,1,3
456900,Vote by Mail - 400C,157696,CORINA LOPEZ,LEAH HALL,skipped,1,3
456900,Vote by Mail - 400C,157698,CORINA LOPEZ,skipped,skipped,1,3
457100,Vote by Mail - 400C,157700,CORINA LOPEZ,LEAH HALL,MIA OUSLEY,1,3
457100,Vote by Mail - 400C,157702,CORINA LOPEZ,LEAH HALL,MIA OUSLEY,1,3
457100,Vote by Mail - 400C,157703,CORINA LOPEZ,MIA OUSLEY,LEAH HALL,1,3
457100,Vote by Mail - 400C,157704,MIA OUSLEY,CORINA LOPEZ,LEAH HALL,1,3
457100,Vote by Mail - 400C,157705,MIA OUSLEY,CORINA LOPEZ,skipped,1,3
457100,Vote by Mail - 400C,157706,LEAH HALL,MIA OUSLEY,CORINA LOPEZ,1,3
457100,Vote by Mail - 400C,157707,MIA OUSLEY,LEAH HALL,CORINA LOPEZ,1,3
457100,Vote by Mail - 400C,157708,MIA OUSLEY,CORINA LOPEZ,skipped,1,3
457100,Vote by Mail - 400C,157709,CORINA LOPEZ,skipped,skipped,1,3
457100,Vote by Mail - 400C,157710,CORINA LOPEZ,LEAH HALL,MIA OUSLEY,1,3
457100,Vote by Mail - 400C,157711,MIA OUSLEY,LEAH HALL,CORINA LOPEZ,1,3
457100,Vote by Mail - 400C,157712,CORINA LOPEZ,LEAH HALL,MIA OUSLEY,1,3
457100,Vote by Mail - 400C,157713,MIA OUSLEY,skipped,skipped,1,3
457100,Vote by Mail - 400C,157714,CORINA LOPEZ,MIA OUSLEY,LEAH HALL,1,3
457100,Vote by Mail - 400C,157715,CORINA LOPEZ,MIA OUSLEY,LEAH HALL,1,3
457100,Vote by Mail - 400C,157716,CORINA LOPEZ,LEAH HALL,MIA OUSLEY,1,3
457100,Vote by Mail - 400C,157717,CORINA LOPEZ,MIA OUSLEY,LEAH HALL,1,3
457100,Vote by Mail - 400C,157718,MIA OUSLEY,CORINA LOPEZ,skipped,1,3
457100,Vote by Mail - 400C,157719,LEAH HALL,CORINA LOPEZ,MIA OUSLEY,1,3
457100,Vote by Mail - 400C,157720,LEAH HALL,skipped,skipped,1,3
457100,Vote by Mail - 400C,157721,CORINA LOPEZ,LEAH HALL,skipped,1,3
457100,Vote by Mail - 400C,157722,MIA OUSLEY,LEAH HALL,CORINA LOPEZ,1,3
457100,Vote by Mail - 400C,157723,LEAH HALL,MIA OUSLEY,CORINA LOPEZ,1,3
457100,Vote by Mail - 400C,157724,MIA OUSLEY,CORINA LOPEZ,skipped,1,3
457100,Vote by Mail - 400C,157725,LEAH HALL,skipped,skipped,1,3
457100,Vote by Mail - 400C,157726,LEAH HALL,CORINA LOPEZ,MIA OUSLEY,1,3
457100,Vote by Mail - 400C,157727,LEAH HALL,MIA OUSLEY,CORINA LOPEZ,1,3
457100,Vote by Mail - 400C,157728,CORINA LOPEZ,skipped,skipped,1,3
457300,Vote by Mail - 400C,157729,CORINA LOPEZ,MIA OUSLEY,LEAH HALL,1,3
457300,Vote by Mail - 400C,157730,MIA OUSLEY,LEAH HALL,CORINA LOPEZ,1,3
457300,Vote by Mail - 400C,157731,LEAH HALL,skipped,skipped,1,3
457300,Vote by Mail - 400C,157732,LEAH HALL,CORINA LOPEZ,MIA OUSLEY,1,3
457300,Vote by Mail - 400C,157733,MIA OUSLEY,CORINA LOPEZ,skipped,1,3
457300,Vote by Mail - 400C,157734,CORINA LOPEZ,MIA OUSLEY,LEAH HALL,1,3
457300,Vote by Mail - 400C,157735,CORINA LOPEZ,skipped,skipped,1,3
457300,Vote by Mail - 400C,157736,MIA OUSLEY,skipped,skipped,1,3
457300,Vote by Mail - 400C,157737,LEAH HALL,skipped,skipped,1,3
457300,Vote by Mail - 400C,157738,LEAH HALL,skipped,skipped,1,3
457300,Vote by Mail - 400C,157739,MIA OUSLEY,CORINA LOPEZ,LEAH HALL,1,3
457300,Vote by Mail - 400C,157740,LEAH HALL,skipped,skipped,1,3
457300,Vote by Mail - 400C,157741,CORINA LOPEZ,skipped,skipped,1,3
457300,Vote by Mail - 400C,157743,CORINA LOPEZ,skipped,skipped,1,3
457300,Vote by Mail - 400C,157744,LEAH HALL,skipped,skipped,1,3
457300,Vote by Mail - 400C,157745,LEAH HALL,MIA OUSLEY,CORINA LOPEZ,1,3
457300,Vote by Mail - 400C,157746,LEAH HALL,MIA OUSLEY,skipped,1,3
457300,Vote by Mail - 400C,157747,CORINA LOPEZ,skipped,skipped,1,3
457300,Vote by Mail - 400C,157748,CORINA LOPEZ,MIA OUSLEY,skipped,1,3
457300,Vote by Mail - 400C,157749,MIA OUSLEY,CORINA LOPEZ,skipped,1,3
457300,Vote by Mail - 400C,157750,CORINA LOPEZ,MIA OUSLEY,LEAH HALL,1,3
457300,Vote by Mail - 400C,157751,CORINA LOPEZ,MIA OUSLEY,LEAH HALL,1,3
457300,Vote by Mail - 400C,157752,CORINA LOPEZ,MIA OUSLEY,skipped,1,3
457300,Vote by Mail - 400C,157753,MIA OUSLEY,LEAH HALL,CORINA LOPEZ,1,3
457400,Vote by Mail - 400C,157754,CORINA LOPEZ,MIA OUSLEY,skipped,1,3
457400,Vote by Mail - 400C,157755,MIA OUSLEY,LEAH HALL,CORINA LOPEZ,1,3
457400,Vote by Mail - 400C,157756,MIA OUSLEY,skipped,skipped,1,3
457400,Vote by Mail - 400C,157757,CORINA LOPEZ,LEAH HALL,MIA OUSLEY,1,3
457400,Vote by Mail - 400C,157758,LEAH HALL,MIA OUSLEY,CORINA LOPEZ,1,3
457400,Vote by Mail - 400C,157759,CORINA LOPEZ,MIA OUSLEY,LEAH HALL,1,3
457400,Vote by Mail - 400C,157760,CORINA LOPEZ,MIA OUSLEY,LEAH HALL,1,3
457400,Vote by Mail - 400C,157761,CORINA LOPEZ,skipped,skipped,1,3
457400,Vote by Mail - 400C,157762,MIA OUSLEY,LEAH HALL,CORINA LOPEZ,1,3
457400,Vote by Mail - 400C,157763,CORINA LOPEZ,skipped,skipped,1,3
457400,Vote by Mail - 400C,157764,MIA OUSLEY,CORINA LOPEZ,LEAH HALL,1,3
457400,Vote by Mail - 400C,157765,MIA OUSLEY,LEAH HALL,CORINA LOPEZ,1,3
457400,Vote by Mail - 400C,157767,MIA OUSLEY,CORINA LOPEZ,LEAH HALL,1,3
457400,Vote by Mail - 400C,157768,MIA OUSLEY,CORINA LOPEZ,LEAH HALL,1,3
457400,Vote by Mail - 400C,157769,LEAH HALL,skipped,skipped,1,3
457400,Vote by Mail - 400C,157770,CORINA LOPEZ,skipped,skipped,1,3
457400,Vote by Mail - 400C,157771,MIA OUSLEY,LEAH HALL,CORINA LOPEZ,1,3
457400,Vote by Mail - 400C,157772,LEAH HALL,MIA OUSLEY,CORINA LOPEZ,1,3
457400,Vote by Mail - 400C,157773,MIA OUSLEY,LEAH HALL,CORINA LOPEZ,1,3
457400,Vote by Mail - 400C,157774,MIA OUSLEY,LEAH HALL,CORINA LOPEZ,1,3
457400,Vote by Mail - 400C,157775,MIA OUSLEY,LEAH HALL,CORINA LOPEZ,1,3
457400,Vote by Mail - 400C,157776,LEAH HALL,skipped,skipped,1,3
457400,Vote by Mail - 400C,157777,LEAH HALL,MIA OUSLEY,skipped,1,3
457400,Vote by Mail - 400C,157778,MIA OUSLEY,skipped,skipped,1,3
457400,Vote by Mail - 400C,157779,CORINA LOPEZ,LEAH HALL,MIA OUSLEY,1,3
457400,Vote by Mail - 400C,157780,LEAH HALL,skipped,skipped,1,3
457500,Vote by Mail - 400C,157781,CORINA LOPEZ,MIA OUSLEY,skipped,1,3
457500,Vote by Mail - 400C,157782,MIA OUSLEY,LEAH HALL,CORINA LOPEZ,1,3
457500,Vote by Mail - 400C,157784,CORINA LOPEZ,LEAH HALL,skipped,1,3
457500,Vote by Mail - 400C,157785,MIA OUSLEY,CORINA LOPEZ,skipped,1,3
457500,Vote by Mail - 400C,157786,CORINA LOPEZ,LEAH HALL,MIA OUSLEY,1,3
457500,Vote by Mail - 400C,157787,MIA OUSLEY,CORINA LOPEZ,skipped,1,3
457500,Vote by Mail - 400C,157788,MIA OUSLEY,CORINA LOPEZ,skipped,1,3
457500,Vote by Mail - 400C,157789,CORINA LOPEZ,MIA OUSLEY,LEAH HALL,1,3
457500,Vote by Mail - 400C,157790,MIA OUSLEY,skipped,skipped,1,3
457500,Vote by Mail - 400C,157792,MIA OUSLEY,CORINA LOPEZ,skipped,1,3
457500,Vote by Mail - 400C,157793,LEAH HALL,CORINA LOPEZ,MIA OUSLEY,1,3
457500,Vote by Mail - 400C,157794,CORINA LOPEZ,skipped,skipped,1,3
457500,Vote by Mail - 400C,157795,CORINA LOPEZ,LEAH HALL,MIA OUSLEY,1,3
457500,Vote by Mail - 400C,157796,CORINA LOPEZ,skipped,skipped,1,3
457500,Vote by Mail - 400C,157797,MIA OUSLEY,LEAH HALL,CORINA LOPEZ,1,3
457500,Vote by Mail - 400C,157798,MIA OUSLEY,CORINA LOPEZ,skipped,1,3
457500,Vote by Mail - 400C,157799,MIA OUSLEY,LEAH HALL,skipped,1,3
457500,Vote by Mail - 400C,157800,CORINA LOPEZ,LEAH HALL,MIA OUSLEY,1,3
457900,Vote by Mail - 400C,157801,MIA OUSLEY,skipped,skipped,1,3
457900,Vote by Mail - 400C,157802,CORINA LOPEZ,skipped,skipped,1,3
457900,Vote by Mail - 400C,157803,LEAH HALL,skipped,skipped,1,3
457900,Vote by Mail - 400C,157804,CORINA LOPEZ,MIA OUSLEY,LEAH HALL,1,3
457900,Vote by Mail - 400C,157805,MIA OUSLEY,CORINA LOPEZ,LEAH HALL,1,3
457900,Vote by Mail - 400C,157806,MIA OUSLEY,CORINA LOPEZ,LEAH HALL,1,3
457900,Vote by Mail - 400C,157807,LEAH HALL,skipped,skipped,1,3
457900,Vote by Mail - 400C,157808,MIA OUSLEY,skipped,skipped,1,3
457900,Vote by Mail - 400C,157810,MIA OUSLEY,LEAH HALL,CORINA LOPEZ,1,3
457900,Vote by Mail - 400C,157811,LEAH HALL,skipped,skipped,1,3
457900,Vote by Mail - 400C,157812,CORINA LOPEZ,MIA OUSLEY,LEAH HALL,1,3
457900,Vote by Mail - 400C,157813,CORINA LOPEZ,MIA OUSLEY,LEAH HALL,1,3
457900,Vote by Mail - 400C,157814,LEAH HALL,MIA OUSLEY,CORINA LOPEZ,1,3
457900,Vote by Mail - 400C,157816,CORINA LOPEZ,LEAH HALL,MIA OUSLEY,1,3
457900,Vote by Mail - 400C,157818,MIA OUSLEY,skipped,skipped,1,3
457900,Vote by Mail - 400C,157819,LEAH HALL,MIA OUSLEY,CORINA LOPEZ,1,3
457900,Vote by Mail - 400C,157820,CORINA LOPEZ,skipped,skipped,1,3
457900,Vote by Mail - 400C,157821,CORINA LOPEZ,skipped,skipped,1,3
457900,Vote by Mail - 400C,157822,LEAH HALL,MIA OUSLEY,CORINA LOPEZ,1,3
457900,Vote by Mail - 400C,157823,LEAH HALL,MIA OUSLEY,CORINA LOPEZ,1,3
457900,Vote by Mail - 400C,157824,MIA OUSLEY,skipped,skipped,1,3
457900,Vote by Mail - 400C,157825,CORINA LOPEZ,MIA OUSLEY,skipped,1,3
457900,Vote by Mail - 400C,157826,CORINA LOPEZ,LEAH HALL,skipped,1,3
457900,Vote by Mail - 400C,157827,CORINA LOPEZ,skipped,skipped,1,3
457900,Vote by Mail - 400C,157828,MIA OUSLEY,LEAH HALL,CORINA LOPEZ,1,3
457900,Vote by Mail - 400C,157829,CORINA LOPEZ,LEAH HALL,MIA OUSLEY,1,3
458200,Vote by Mail - 400C,157833,LEAH HALL,CORINA LOPEZ,skipped,1,3
458200,Vote by Mail - 400C,157834,CORINA LOPEZ,LEAH HALL,MIA OUSLEY,1,3
458200,Vote by Mail - 400C,157835,LEAH HALL,skipped,skipped,1,3
458200,Vote by Mail - 400C,157837,CORINA LOPEZ,LEAH HALL,MIA OUSLEY,1,3
458200,Vote by Mail - 400C,157838,LEAH HALL,CORINA LOPEZ,MIA OUSLEY,1,3
458200,Vote by Mail - 400C,157839,CORINA LOPEZ,skipped,skipped,1,3
458200,Vote by Mail - 400C,157840,CORINA LOPEZ,MIA OUSLEY,LEAH HALL,1,3
458200,Vote by Mail - 400C,157841,LEAH HALL,CORINA LOPEZ,MIA OUSLEY,1,3
458200,Vote by Mail - 400C,157842,CORINA LOPEZ,skipped,skipped,1,3
458200,Vote by Mail - 400C,157843,CORINA LOPEZ,skipped,skipped,1,3
458200,Vote by Mail - 400C,157844,CORINA LOPEZ,skipped,skipped,1,3
458200,Vote by Mail - 400C,157845,CORINA LOPEZ,skipped,skipped,1,3
458200,Vote by Mail - 400C,157846,LEAH HALL,skipped,skipped,1,3
458200,Vote by Mail - 400C,157847,CORINA LOPEZ,skipped,skipped,1,3
458200,Vote by Mail - 400C,157848,CORINA LOPEZ,MIA OUSLEY,LEAH HALL,1,3
458200,Vote by Mail - 400C,157849,CORINA LOPEZ,LEAH HALL,skipped,1,3
458200,Vote by Mail - 400C,157850,CORINA LOPEZ,MIA OUSLEY,LEAH HALL,1,3
458200,Vote by Mail - 400C,157851,LEAH HALL,MIA OUSLEY,CORINA LOPEZ,1,3
458200,Vote by Mail - 400C,157852,CORINA LOPEZ,MIA OUSLEY,LEAH HALL,1,3
458200,Vote by Mail - 400C,157853,LEAH HALL,CORINA LOPEZ,MIA OUSLEY,1,3
458200,Vote by Mail - 400C,157854,CORINA LOPEZ,MIA OUSLEY,LEAH HALL,1,3
458200,Vote by Mail - 400C,157855,CORINA LOPEZ,skipped,skipped,1,3
458200,Vote by Mail - 400C,157856,LEAH HALL,CORINA LOPEZ,MIA OUSLEY,1,3
458300,Vote by Mail - 400C,157857,CORINA LOPEZ,skipped,skipped,1,3
458300,Vote by Mail - 400C,157858,LEAH HALL,MIA OUSLEY,skipped,1,3
458300,Vote by Mail - 400C,157859,LEAH HALL,MIA OUSLEY,CORINA LOPEZ,1,3
458300,Vote by Mail - 400C,157860,CORINA LOPEZ,MIA OUSLEY,LEAH HALL,1,3
458300,Vote by Mail - 400C,157861,CORINA LOPEZ,skipped,skipped,1,3
458300,Vote by Mail - 400C,157862,CORINA LOPEZ,MIA OUSLEY,LEAH HALL,1,3
458300,Vote by Mail - 400C,157863,LEAH HALL,MIA OUSLEY,CORINA LOPEZ,1,3
458300,Vote by Mail - 400C,157864,LEAH HALL,MIA OUSLEY,skipped,1,3
458300,Vote by Mail - 400C,157865,CORINA LOPEZ,MIA OUSLEY,LEAH HALL,1,3
458300,Vote by Mail - 400C,157866,CORINA LOPEZ,MIA OUSLEY,LEAH HALL,1,3
458300,Vote by Mail - 400C,157867,MIA OUSLEY,LEAH HALL,CORINA LOPEZ,1,3
458300,Vote by Mail - 400C,157868,MIA OUSLEY,LEAH HALL,skipped,1,3
458300,Vote by Mail - 400C,157869,CORINA LOPEZ,skipped,skipped,1,3
458300,Vote by Mail - 400C,157870,CORINA LOPEZ,LEAH HALL,skipped,1,3
458300,Vote by Mail - 400C,157871,CORINA LOPEZ,MIA OUSLEY,LEAH HALL,1,3
458300,Vote by Mail - 400C,157872,MIA OUSLEY,CORINA LOPEZ,LEAH HALL,1,3
458300,Vote by Mail - 400C,157873,MIA OUSLEY,CORINA LOPEZ,LEAH HALL,1,3
458300,Vote by Mail - 400C,157874,LEAH HALL,MIA OUSLEY,CORINA LOPEZ,1,3
458300,Vote by Mail - 400C,157875,LEAH HALL,CORINA LOPEZ,MIA OUSLEY,1,3
458300,Vote by Mail - 400C,157876,CORINA LOPEZ,LEAH HALL,MIA OUSLEY,1,3
458300,Vote by Mail - 400C,157877,LEAH HALL,MIA OUSLEY,CORINA LOPEZ,1,3
458300,Vote by Mail - 400C,157878,LEAH HALL,MIA OUSLEY,CORINA LOPEZ,1,3
458900,Vote by Mail - 400C,157879,CORINA LOPEZ,LEAH HALL,MIA OUSLEY,1,3
458900,Vote by Mail - 400C,157880,CORINA LOPEZ,MIA OUSLEY,LEAH HALL,1,3
458900,Vote by Mail - 400C,157881,MIA OUSLEY,CORINA LOPEZ,LEAH HALL,1,3
458900,Vote by Mail - 400C,157882,LEAH HALL,CORINA LOPEZ,MIA OUSLEY,1,3
458900,Vote by Mail - 400C,157883,LEAH HALL,MIA OUSLEY,CORINA LOPEZ,1,3
458900,Vote by Mail - 400C,157884,CORINA LOPEZ,LEAH HALL,skipped,1,3
458900,Vote by Mail - 400C,157885,LEAH HALL,MIA OUSLEY,CORINA LOPEZ,1,3
458900,Vote by Mail - 400C,157886,MIA OUSLEY,skipped,skipped,1,3
458900,Vote by Mail - 400C,157887,CORINA LOPEZ,MIA OUSLEY,LEAH HALL,1,3
458900,Vote by Mail - 400C,157888,LEAH HALL,CORINA LOPEZ,MIA OUSLEY,1,3
458900,Vote by Mail - 400C,157889,MIA OUSLEY,skipped,skipped,1,3
458900,Vote by Mail - 400C,157890,CORINA LOPEZ,MIA OUSLEY,LEAH HALL,1,3
458900,Vote by Mail - 400C,157891,CORINA LOPEZ,LEAH HALL,MIA OUSLEY,1,3
458900,Vote by Mail - 400C,157892,CORINA LOPEZ,LEAH HALL,MIA OUSLEY,1,3
458900,Vote by Mail - 400C,157893,CORINA LOPEZ,LEAH HALL,MIA OUSLEY,1,3
458900,Vote by Mail - 400C,157894,CORINA LOPEZ,LEAH HALL,MIA OUSLEY,1,3
458900,Vote by Mail - 400C,157895,CORINA LOPEZ,LEAH HALL,MIA OUSLEY,1,3
458900,Vote by Mail - 400C,157896,CORINA LOPEZ,MIA OUSLEY,LEAH HALL,1,3
9451500,Vote by Mail - 400C,158046,CORINA LOPEZ,MIA OUSLEY,LEAH HALL,1,3
9451500,Vote by Mail - 400C,158047,CORINA LOPEZ,LEAH HALL,MIA OUSLEY,1,3
9451500,Vote by Mail - 400C,158048,CORINA LOPEZ,skipped,skipped,1,3
9451500,Vote by Mail - 400C,158049,MIA OUSLEY,CORINA LOPEZ,LEAH HALL,1,3
9451500,Vote by Mail - 400C,158050,MIA OUSLEY,CORINA LOPEZ,LEAH HALL,1,3
9451500,Vote by Mail - 400C,158051,CORINA LOPEZ,MIA OUSLEY,LEAH HALL,1,3
9454700,Vote by Mail - 400C,158052,CORINA LOPEZ,LEAH HALL,MIA OUSLEY,1,3
9454700,Vote by Mail - 400C,158053,MIA OUSLEY,LEAH HALL,CORINA LOPEZ,1,3
9454700,Vote by Mail - 400C,158054,LEAH HALL,MIA OUSLEY,CORINA LOPEZ,1,3
9454700,Vote by Mail - 400C,158055,LEAH HALL,CORINA LOPEZ,skipped,1,3
9454700,Vote by Mail - 400C,158056,LEAH HALL,skipped,skipped,1,3
9454700,Vote by Mail - 400C,158057,CORINA LOPEZ,MIA OUSLEY,LEAH HALL,1,3
9454700,Vote by Mail - 400C,158058,MIA OUSLEY,LEAH HALL,CORINA LOPEZ,1,3
9454700,Vote by Mail - 400C,158059,LEAH HALL,MIA OUSLEY,CORINA LOPEZ,1,3
9454700,Vote by Mail - 400C,158061,MIA OUSLEY,skipped,skipped,1,3
9454700,Vote by Mail - 400C,158062,MIA OUSLEY,skipped,skipped,1,3
9455010,Vote by Mail - 400C,158064,CORINA LOPEZ,LEAH HALL,MIA OUSLEY,1,3
9455010,Vote by Mail - 400C,158065,CORINA LOPEZ,LEAH HALL,MIA OUSLEY,1,3
9455010,Vote by Mail - 400C,158067,CORINA LOPEZ,skipped,skipped,1,3
9455010,Vote by Mail - 400C,158068,LEAH HALL,CORINA LOPEZ,MIA OUSLEY,1,3
9455010,Vote by Mail - 400C,158069,CORINA LOPEZ,LEAH HALL,MIA OUSLEY,1,3
9455010,Vote by Mail - 400C,158070,CORINA LOPEZ,MIA OUSLEY,LEAH HALL,1,3
9455010,Vote by Mail - 400C,158071,CORINA LOPEZ,MIA OUSLEY,LEAH HALL,1,3
9455010,Vote by Mail - 400C,158072,CORINA LOPEZ,skipped,skipped,1,3
9455010,Vote by Mail - 400C,158073,MIA OUSLEY,skipped,skipped,1,3
9455010,Vote by Mail - 400C,158074,CORINA LOPEZ,skipped,skipped,1,3
9455010,Vote by Mail - 400C,158075,MIA OUSLEY,skipped,skipped,1,3
9455010,Vote by Mail - 400C,158076,CORINA LOPEZ,skipped,skipped,1,3
9455010,Vote by Mail - 400C,158077,CORINA LOPEZ,MIA OUSLEY,LEAH HALL,1,3
9455010,Vote by Mail - 400C,158078,LEAH HALL,MIA OUSLEY,CORINA LOPEZ,1,3
9455010,Vote by Mail - 400C,158079,MIA OUSLEY,CORINA LOPEZ,LEAH HALL,1,3
9455010,Vote by Mail - 400C,158080,CORINA LOPEZ,LEAH HALL,MIA OUSLEY,1,3
9455010,Vote by Mail - 400C,158081,CORINA LOPEZ,MIA OUSLEY,LEAH HALL,1,3
9455010,Vote by Mail - 400C,158082,MIA OUSLEY,CORINA LOPEZ,LEAH HALL,1,3
9455200,Vote by Mail - 400C,158084,CORINA LOPEZ,MIA OUSLEY,LEAH HALL,1,3
9455200,Vote by Mail - 400C,158087,MIA OUSLEY,CORINA LOPEZ,LEAH HALL,1,3
9455200,Vote by Mail - 400C,158088,CORINA LOPEZ,MIA OUSLEY,skipped,1,3
9455200,Vote by Mail - 400C,158090,CORINA LOPEZ,skipped,skipped,1,3
9455200,Vote by Mail - 400C,158091,CORINA LOPEZ,LEAH HALL,MIA OUSLEY,1,3
9455200,Vote by Mail - 400C,158092,CORINA LOPEZ,LEAH HALL,MIA OUSLEY,1,3
9455410,Vote by Mail - 400C,158093,MIA OUSLEY,CORINA LOPEZ,LEAH HALL,1,3
9455410,Vote by Mail - 400C,158094,MIA OUSLEY,CORINA LOPEZ,skipped,1,3
450610,Vote by Mail - 400C,162082,CORINA LOPEZ,MIA OUSLEY,skipped,1,3
450610,Vote by Mail - 400C,162083,CORINA LOPEZ,MIA OUSLEY,LEAH HALL,1,3
450610,Vote by Mail - 400C,162084,CORINA LOPEZ,skipped,skipped,1,3
450610,Vote by Mail - 400C,162085,MIA OUSLEY,skipped,skipped,1,3
450610,Vote by Mail - 400C,162086,MIA OUSLEY,LEAH HALL,CORINA LOPEZ,1,3
450610,Vote by Mail - 400C,162087,CORINA LOPEZ,skipped,skipped,1,3
450610,Vote by Mail - 400C,162088,MIA OUSLEY,skipped,skipped,1,3
450610,Vote by Mail - 400C,162089,CORINA LOPEZ,MIA OUSLEY,skipped,1,3
450610,Vote by Mail - 400C,162090,CORINA LOPEZ,LEAH HALL,skipped,1,3
450610,Vote by Mail - 400C,162091,MIA OUSLEY,CORINA LOPEZ,LEAH HALL,1,3
450610,Vote by Mail - 400C,162092,MIA OUSLEY,LEAH HALL,CORINA LOPEZ,1,3
450610,Vote by Mail - 400C,162093,CORINA LOPEZ,LEAH HALL,MIA OUSLEY,1,3
450610,Vote by Mail - 400C,162095,CORINA LOPEZ,skipped,skipped,1,3
450610,Vote by Mail - 400C,162096,CORINA LOPEZ,LEAH HALL,MIA OUSLEY,1,3
450610,Vote by Mail - 400C,162098,MIA OUSLEY,skipped,skipped,1,3
450610,Vote by Mail - 400C,162099,LEAH HALL,skipped,skipped,1,3
450610,Vote by Mail - 400C,162100,CORINA LOPEZ,LEAH HALL,MIA OUSLEY,1,3
450610,Vote by Mail - 400C,162101,CORINA LOPEZ,LEAH HALL,MIA OUSLEY,1,3
450610,Vote by Mail - 400C,162102,CORINA LOPEZ,MIA OUSLEY,LEAH HALL,1,3
450610,Vote by Mail - 400C,162103,CORINA LOPEZ,LEAH HALL,MIA OUSLEY,1,3
450610,Vote by Mail - 400C,162104,CORINA LOPEZ,skipped,skipped,1,3
450610,Vote by Mail - 400C,162105,CORINA LOPEZ,skipped,skipped,1,3
450610,Vote by Mail - 400C,162106,LEAH HALL,MIA OUSLEY,CORINA LOPEZ,1,3
450610,Vote by Mail - 400C,162107,CORINA LOPEZ,skipped,skipped,1,3
451000,Vote by Mail - 400C,162110,LEAH HALL,skipped,skipped,1,3
451000,Vote by Mail - 400C,162111,LEAH HALL,MIA OUSLEY,CORINA LOPEZ,1,3
451000,Vote by Mail - 400C,162112,CORINA LOPEZ,MIA OUSLEY,LEAH HALL,1,3
451000,Vote by Mail - 400C,162113,MIA OUSLEY,CORINA LOPEZ,LEAH HALL,1,3
451000,Vote by Mail - 400C,162114,MIA OUSLEY,skipped,skipped,1,3
451000,Vote by Mail - 400C,162115,MIA OUSLEY,skipped,skipped,1,3
451000,Vote by Mail - 400C,162116,LEAH HALL,MIA OUSLEY,skipped,1,3
451000,Vote by Mail - 400C,162117,MIA OUSLEY,LEAH HALL,CORINA LOPEZ,1,3
451000,Vote by Mail - 400C,162118,CORINA LOPEZ,MIA OUSLEY,LEAH HALL,1,3
451000,Vote by Mail - 400C,162119,MIA OUSLEY,LEAH HALL,skipped,1,3
451000,Vote by Mail - 400C,162120,CORINA LOPEZ,MIA OUSLEY,LEAH HALL,1,3
451000,Vote by Mail - 400C,162121,LEAH HALL,MIA OUSLEY,CORINA LOPEZ,1,3
451000,Vote by Mail - 400C,162122,CORINA LOPEZ,skipped,skipped,1,3
451000,Vote by Mail - 400C,162123,LEAH HALL,MIA OUSLEY,CORINA LOPEZ,1,3
451000,Vote by Mail - 400C,162124,MIA OUSLEY,LEAH HALL,CORINA LOPEZ,1,3
451000,Vote by Mail - 400C,162125,CORINA LOPEZ,LEAH HALL,MIA OUSLEY,1,3
451000,Vote by Mail - 400C,162127,CORINA LOPEZ,LEAH HALL,MIA OUSLEY,1,3
451000,Vote by Mail - 400C,162128,CORINA LOPEZ,skipped,skipped,1,3
451000,Vote by Mail - 400C,162129,CORINA LOPEZ,MIA OUSLEY,LEAH HALL,1,3
451000,Vote by Mail - 400C,162130,MIA OUSLEY,CORINA LOPEZ,LEAH HALL,1,3
451000,Vote by Mail - 400C,162131,CORINA LOPEZ,LEAH HALL,MIA OUSLEY,1,3
451000,Vote by Mail - 400C,162132,CORINA LOPEZ,skipped,skipped,1,3
451000,Vote by Mail - 400C,162133,CORINA LOPEZ,skipped,skipped,1,3
451000,Vote by Mail - 400C,162135,MIA OUSLEY,CORINA LOPEZ,LEAH HALL,1,3
451000,Vote by Mail - 400C,162136,CORINA LOPEZ,MIA OUSLEY,LEAH HALL,1,3
451000,Vote by Mail - 400C,162137,CORINA LOPEZ,LEAH HALL,MIA OUSLEY,1,3
451000,Vote by Mail - 400C,162139,LEAH HALL,CORINA LOPEZ,MIA OUSLEY,1,3
451000,Vote by Mail - 400C,162141,CORINA LOPEZ,MIA OUSLEY,LEAH HALL,1,3
451000,Vote by Mail - 400C,162142,CORINA LOPEZ,MIA OUSLEY,LEAH HALL,1,3
451000,Vote by Mail - 400C,162143,CORINA LOPEZ,LEAH HALL,MIA OUSLEY,1,3
451000,Vote by Mail - 400C,162144,CORINA LOPEZ,MIA OUSLEY,LEAH HALL,1,3
451000,Vote by Mail - 400C,162146,MIA OUSLEY,skipped,skipped,1,3
451000,Vote by Mail - 400C,162147,CORINA LOPEZ,MIA OUSLEY,LEAH HALL,1,3
451000,Vote by Mail - 400C,162148,MIA OUSLEY,CORINA LOPEZ,LEAH HALL,1,3
451000,Vote by Mail - 400C,162150,CORINA LOPEZ,LEAH HALL,MIA OUSLEY,1,3
451000,Vote by Mail - 400C,162151,LEAH HALL,CORINA LOPEZ,MIA OUSLEY,1,3
451000,Vote by Mail - 400C,162152,MIA OUSLEY,LEAH HALL,CORINA LOPEZ,1,3
451000,Vote by Mail - 400C,162153,MIA OUSLEY,CORINA LOPEZ,LEAH HALL,1,3
451000,Vote by Mail - 400C,162154,MIA OUSLEY,LEAH HALL,skipped,1,3
451000,Vote by Mail - 400C,162155,CORINA LOPEZ,skipped,skipped,1,3
451510,Vote by Mail - 400C,162157,LEAH HALL,CORINA LOPEZ,MIA OUSLEY,1,3
451510,Vote by Mail - 400C,162158,LEAH HALL,CORINA LOPEZ,MIA OUSLEY,1,3
451510,Vote by Mail - 400C,162160,CORINA LOPEZ,LEAH HALL,MIA OUSLEY,1,3
451510,Vote by Mail - 400C,162161,CORINA LOPEZ,MIA OUSLEY,LEAH HALL,1,3
451510,Vote by Mail - 400C,162162,CORINA LOPEZ,LEAH HALL,MIA OUSLEY,1,3
451510,Vote by Mail - 400C,162163,CORINA LOPEZ,MIA OUSLEY,LEAH HALL,1,3
451510,Vote by Mail - 400C,162164,LEAH HALL,MIA OUSLEY,skipped,1,3
451510,Vote by Mail - 400C,162165,LEAH HALL,MIA OUSLEY,CORINA LOPEZ,1,3
451510,Vote by Mail - 400C,162166,MIA OUSLEY,skipped,skipped,1,3
451510,Vote by Mail - 400C,162167,CORINA LOPEZ,LEAH HALL,MIA OUSLEY,1,3
451510,Vote by Mail - 400C,162168,CORINA LOPEZ,LEAH HALL,MIA OUSLEY,1,3
451510,Vote by Mail - 400C,162169,CORINA LOPEZ,MIA OUSLEY,LEAH HALL,1,3
451510,Vote by Mail - 400C,162171,CORINA LOPEZ,LEAH HALL,MIA OUSLEY,1,3
451510,Vote by Mail - 400C,162174,CORINA LOPEZ,MIA OUSLEY,LEAH HALL,1,3
451510,Vote by Mail - 400C,162175,CORINA LOPEZ,MIA OUSLEY,LEAH HALL,1,3
451510,Vote by Mail - 400C,162176,CORINA LOPEZ,skipped,skipped,1,3
451510,Vote by Mail - 400C,162177,LEAH HALL,CORINA LOPEZ,MIA OUSLEY,1,3
451510,Vote by Mail - 400C,162178,CORINA LOPEZ,MIA OUSLEY,LEAH HALL,1,3
451510,Vote by Mail - 400C,162179,LEAH HALL,MIA OUSLEY,CORINA LOPEZ,1,3
451510,Vote by Mail - 400C,162180,CORINA LOPEZ,MIA OUSLEY,LEAH HALL,1,3
451510,Vote by Mail - 400C,162181,CORINA LOPEZ,LEAH HALL,MIA OUSLEY,1,3
451510,Vote by Mail - 400C,162182,MIA OUSLEY,LEAH HALL,CORINA LOPEZ,1,3
451510,Vote by Mail - 400C,162183,LEAH HALL,MIA OUSLEY,CORINA LOPEZ,1,3
451510,Vote by Mail - 400C,162184,LEAH HALL,MIA OUSLEY,CORINA LOPEZ,1,3
451510,Vote by Mail - 400C,162187,CORINA LOPEZ,MIA OUSLEY,LEAH HALL,1,3
451510,Vote by Mail - 400C,162188,LEAH HALL,CORINA LOPEZ,MIA OUSLEY,1,3
451510,Vote by Mail - 400C,162189,LEAH HALL,CORINA LOPEZ,MIA OUSLEY,1,3
451510,Vote by Mail - 400C,162190,CORINA LOPEZ,LEAH HALL,MIA OUSLEY,1,3
451510,Vote by Mail - 400C,162191,LEAH HALL,CORINA LOPEZ,MIA OUSLEY,1,3
452400,Vote by Mail - 400C,162192,MIA OUSLEY,CORINA LOPEZ,LEAH HALL,1,3
452400,Vote by Mail - 400C,162193,CORINA LOPEZ,MIA OUSLEY,LEAH HALL,1,3
452400,Vote by Mail - 400C,162194,MIA OUSLEY,CORINA LOPEZ,LEAH HALL,1,3
452400,Vote by Mail - 400C,162195,CORINA LOPEZ,LEAH HALL,MIA OUSLEY,1,3
452400,Vote by Mail - 400C,162196,LEAH HALL,MIA OUSLEY,CORINA LOPEZ,1,3
452400,Vote by Mail - 400C,162198,CORINA LOPEZ,LEAH HALL,MIA OUSLEY,1,3
452400,Vote by Mail - 400C,162199,CORINA LOPEZ,MIA OUSLEY,skipped,1,3
452400,Vote by Mail - 400C,162200,LEAH HALL,skipped,skipped,1,3
452400,Vote by Mail - 400C,162201,CORINA LOPEZ,MIA OUSLEY,LEAH HALL,1,3
452400,Vote by Mail - 400C,162202,CORINA LOPEZ,skipped,skipped,1,3
452400,Vote by Mail - 400C,162203,CORINA LOPEZ,MIA OUSLEY,LEAH HALL,1,3
452400,Vote by Mail - 400C,162204,MIA OUSLEY,skipped,skipped,1,3
452400,Vote by Mail - 400C,162205,LEAH HALL,skipped,skipped,1,3
452400,Vote by Mail - 400C,162206,CORINA LOPEZ,skipped,skipped,1,3
452400,Vote by Mail - 400C,162207,CORINA LOPEZ,MIA OUSLEY,LEAH HALL,1,3
452400,Vote by Mail - 400C,162208,CORINA LOPEZ,skipped,skipped,1,3
452400,Vote by Mail - 400C,162209,LEAH HALL,skipped,skipped,1,3
452400,Vote by Mail - 400C,162210,MIA OUSLEY,CORINA LOPEZ,LEAH HALL,1,3
452400,Vote by Mail - 400C,162211,CORINA LOPEZ,MIA OUSLEY,LEAH HALL,1,3
452500,Vote by Mail - 400C,162212,CORINA LOPEZ,MIA OUSLEY,LEAH HALL,1,3
452500,Vote by Mail - 400C,162213,CORINA LOPEZ,skipped,skipped,1,3
452500,Vote by Mail - 400C,162214,CORINA LOPEZ,skipped,skipped,1,3
452500,Vote by Mail - 400C,162215,CORINA LOPEZ,LEAH HALL,MIA OUSLEY,1,3
452500,Vote by Mail - 400C,162216,MIA OUSLEY,CORINA LOPEZ,LEAH HALL,1,3
452500,Vote by Mail - 400C,162217,LEAH HALL,CORINA LOPEZ,skipped,1,3
452500,Vote by Mail - 400C,162218,MIA OUSLEY,skipped,skipped,1,3
458800,Vote by Mail - 400C,162220,LEAH HALL,MIA OUSLEY,CORINA LOPEZ,1,3
458800,Vote by Mail - 400C,162221,MIA OUSLEY,LEAH HALL,CORINA LOPEZ,1,3
458800,Vote by Mail - 400C,162222,MIA OUSLEY,CORINA LOPEZ,LEAH HALL,1,3
458800,Vote by Mail - 400C,162223,MIA OUSLEY,LEAH HALL,CORINA LOPEZ,1,3
458800,Vote by Mail - 400C,162224,LEAH HALL,MIA OUSLEY,CORINA LOPEZ,1,3
458800,Vote by Mail - 400C,162225,CORINA LOPEZ,skipped,skipped,1,3
458800,Vote by Mail - 400C,162226,MIA OUSLEY,LEAH HALL,CORINA LOPEZ,1,3
458800,Vote by Mail - 400C,162227,CORINA LOPEZ,MIA OUSLEY,LEAH HALL,1,3
458800,Vote by Mail - 400C,162229,LEAH HALL,skipped,skipped,1,3
458800,Vote by Mail - 400C,162230,LEAH HALL,skipped,skipped,1,3
458800,Vote by Mail - 400C,162231,LEAH HALL,skipped,skipped,1,3
458800,Vote by Mail - 400C,162232,MIA OUSLEY,LEAH HALL,CORINA LOPEZ,1,3
458800,Vote by Mail - 400C,162233,MIA OUSLEY,LEAH HALL,CORINA LOPEZ,1,3
458800,Vote by Mail - 400C,162234,CORINA LOPEZ,MIA OUSLEY,LEAH HALL,1,3
458800,Vote by Mail - 400C,162235,MIA OUSLEY,LEAH HALL,CORINA LOPEZ,1,3
9451500,Vote by Mail - 400C,162248,LEAH HALL,skipped,skipped,1,3
9451500,Vote by Mail - 400C,162249,LEAH HALL,CORINA LOPEZ,MIA OUSLEY,1,3
9451500,Vote by Mail - 400C,162250,CORINA LOPEZ,MIA OUSLEY,skipped,1,3
9454700,Vote by Mail - 400C,162251,CORINA LOPEZ,LEAH HALL,MIA OUSLEY,1,3
9454700,Vote by Mail - 400C,162253,CORINA LOPEZ,skipped,skipped,1,3
9454700,Vote by Mail - 400C,162254,MIA OUSLEY,LEAH HALL,CORINA LOPEZ,1,3
9454700,Vote by Mail - 400C,162255,LEAH HALL,skipped,skipped,1,3
9454700,Vote by Mail - 400C,162256,LEAH HALL,MIA OUSLEY,CORINA LOPEZ,1,3
9455200,Vote by Mail - 400C,162257,LEAH HALL,MIA OUSLEY,CORINA LOPEZ,1,3
9455200,Vote by Mail - 400C,162258,MIA OUSLEY,LEAH HALL,CORINA LOPEZ,1,3
9455200,Vote by Mail - 400C,162259,CORINA LOPEZ,MIA OUSLEY,LEAH HALL,1,3
9455200,Vote by Mail - 400C,162260,CORINA LOPEZ,skipped,skipped,1,3
9455410,Vote by Mail - 400C,162261,CORINA LOPEZ,skipped,skipped,1,3
9455410,Vote by Mail - 400C,162262,CORINA LOPEZ,skipped,skipped,1,3
450300,Vote by Mail - 400C,165666,CORINA LOPEZ,MIA OUSLEY,LEAH HALL,1,3
450300,Vote by Mail - 400C,165667,MIA OUSLEY,CORINA LOPEZ,skipped,1,3
450300,Vote by Mail - 400C,165668,LEAH HALL,MIA OUSLEY,CORINA LOPEZ,1,3
450300,Vote by Mail - 400C,165670,CORINA LOPEZ,MIA OUSLEY,LEAH HALL,1,3
450300,Vote by Mail - 400C,165671,CORINA LOPEZ,MIA OUSLEY,LEAH HALL,1,3
450300,Vote by Mail - 400C,165672,CORINA LOPEZ,MIA OUSLEY,LEAH HALL,1,3
450300,Vote by Mail - 400C,165673,CORINA LOPEZ,MIA OUSLEY,LEAH HALL,1,3
450300,Vote by Mail - 400C,165674,CORINA LOPEZ,MIA OUSLEY,LEAH HALL,1,3
450300,Vote by Mail - 400C,165675,CORINA LOPEZ,skipped,skipped,1,3
450300,Vote by Mail - 400C,165676,CORINA LOPEZ,skipped,skipped,1,3
450300,Vote by Mail - 400C,165677,CORINA LOPEZ,skipped,skipped,1,3
450300,Vote by Mail - 400C,165678,LEAH HALL,MIA OUSLEY,CORINA LOPEZ,1,3
450300,Vote by Mail - 400C,165679,CORINA LOPEZ,LEAH HALL,MIA OUSLEY,1,3
450300,Vote by Mail - 400C,165680,CORINA LOPEZ,MIA OUSLEY,LEAH HALL,1,3
450300,Vote by Mail - 400C,165681,CORINA LOPEZ,skipped,skipped,1,3
450300,Vote by Mail - 400C,165682,LEAH HALL,MIA OUSLEY,CORINA LOPEZ,1,3
450300,Vote by Mail - 400C,165683,CORINA LOPEZ,LEAH HALL,MIA OUSLEY,1,3
450300,Vote by Mail - 400C,165684,CORINA LOPEZ,LEAH HALL,MIA OUSLEY,1,3
450300,Vote by Mail - 400C,165685,CORINA LOPEZ,LEAH HALL,skipped,1,3
450300,Vote by Mail - 400C,165686,LEAH HALL,MIA OUSLEY,CORINA LOPEZ,1,3
450300,Vote by Mail - 400C,165687,CORINA LOPEZ,LEAH HALL,skipped,1,3
450300,Vote by Mail - 400C,165688,CORINA LOPEZ,skipped,skipped,1,3
450300,Vote by Mail - 400C,165689,MIA OUSLEY,skipped,skipped,1,3
450300,Vote by Mail - 400C,165690,LEAH HALL,CORINA LOPEZ,MIA OUSLEY,1,3
450300,Vote by Mail - 400C,165691,LEAH HALL,MIA OUSLEY,CORINA LOPEZ,1,3
450300,Vote by Mail - 400C,165692,MIA OUSLEY,CORINA LOPEZ,LEAH HALL,1,3
450300,Vote by Mail - 400C,165693,MIA OUSLEY,CORINA LOPEZ,skipped,1,3
450300,Vote by Mail - 400C,165694,MIA OUSLEY,skipped,skipped,1,3
450300,Vote by Mail - 400C,165695,MIA OUSLEY,CORINA LOPEZ,skipped,1,3
450300,Vote by Mail - 400C,165696,LEAH HALL,skipped,skipped,1,3
450300,Vote by Mail - 400C,165697,MIA OUSLEY,CORINA LOPEZ,skipped,1,3
450300,Vote by Mail - 400C,165698,CORINA LOPEZ,skipped,skipped,1,3
450300,Vote by Mail - 400C,165699,LEAH HALL,MIA OUSLEY,skipped,1,3
450300,Vote by Mail - 400C,165700,MIA OUSLEY,LEAH HALL,CORINA LOPEZ,1,3
450300,Vote by Mail - 400C,165701,LEAH HALL,CORINA LOPEZ,skipped,1,3
450300,Vote by Mail - 400C,165702,LEAH HALL,CORINA LOPEZ,MIA OUSLEY,1,3
450300,Vote by Mail - 400C,165703,CORINA LOPEZ,MIA OUSLEY,LEAH HALL,1,3
450300,Vote by Mail - 400C,165704,CORINA LOPEZ,skipped,skipped,1,3
450300,Vote by Mail - 400C,165706,CORINA LOPEZ,MIA OUSLEY,LEAH HALL,1,3
450300,Vote by Mail - 400C,165707,CORINA LOPEZ,skipped,skipped,1,3
450300,Vote by Mail - 400C,165708,LEAH HALL,CORINA LOPEZ,MIA OUSLEY,1,3
450300,Vote by Mail - 400C,165709,MIA OUSLEY,CORINA LOPEZ,LEAH HALL,1,3
450300,Vote by Mail - 400C,165710,LEAH HALL,MIA OUSLEY,CORINA LOPEZ,1,3
450300,Vote by Mail - 400C,165714,CORINA LOPEZ,MIA OUSLEY,LEAH HALL,1,3
450300,Vote by Mail - 400C,165720,MIA OUSLEY,LEAH HALL,CORINA LOPEZ,1,3
450300,Vote by Mail - 400C,165721,MIA OUSLEY,CORINA LOPEZ,LEAH HALL,1,3
450400,Vote by Mail - 400C,165722,LEAH HALL,skipped,skipped,1,3
450400,Vote by Mail - 400C,165723,CORINA LOPEZ,MIA OUSLEY,LEAH HALL,1,3
450400,Vote by Mail - 400C,165724,LEAH HALL,CORINA LOPEZ,MIA OUSLEY,1,3
450400,Vote by Mail - 400C,165725,CORINA LOPEZ,LEAH HALL,MIA OUSLEY,1,3
450400,Vote by Mail - 400C,165726,LEAH HALL,skipped,skipped,1,3
450400,Vote by Mail - 400C,165727,LEAH HALL,skipped,skipped,1,3
450400,Vote by Mail - 400C,165728,CORINA LOPEZ,MIA OUSLEY,LEAH HALL,1,3
450400,Vote by Mail - 400C,165730,CORINA LOPEZ,MIA OUSLEY,LEAH HALL,1,3
450400,Vote by Mail - 400C,165731,MIA OUSLEY,LEAH HALL,CORINA LOPEZ,1,3
450400,Vote by Mail - 400C,165732,CORINA LOPEZ,skipped,skipped,1,3
450400,Vote by Mail - 400C,165733,CORINA LOPEZ,MIA OUSLEY,skipped,1,3
450400,Vote by Mail - 400C,165734,MIA OUSLEY,CORINA LOPEZ,LEAH HALL,1,3
450400,Vote by Mail - 400C,165735,LEAH HALL,CORINA LOPEZ,MIA OUSLEY,1,3
450400,Vote by Mail - 400C,165736,CORINA LOPEZ,MIA OUSLEY,LEAH HALL,1,3
450400,Vote by Mail - 400C,165737,LEAH HALL,MIA OUSLEY,CORINA LOPEZ,1,3
450400,Vote by Mail - 400C,165739,MIA OUSLEY,skipped,skipped,1,3
450400,Vote by Mail - 400C,165740,CORINA LOPEZ,MIA OUSLEY,LEAH HALL,1,3
450400,Vote by Mail - 400C,165741,CORINA LOPEZ,MIA OUSLEY,LEAH HALL,1,3
450400,Vote by Mail - 400C,165742,CORINA LOPEZ,LEAH HALL,MIA OUSLEY,1,3
450400,Vote by Mail - 400C,165743,CORINA LOPEZ,skipped,skipped,1,3
450400,Vote by Mail - 400C,165744,LEAH HALL,MIA OUSLEY,CORINA LOPEZ,1,3
450400,Vote by Mail - 400C,165745,CORINA LOPEZ,LEAH HALL,MIA OUSLEY,1,3
450400,Vote by Mail - 400C,165746,CORINA LOPEZ,LEAH HALL,MIA OUSLEY,1,3
450400,Vote by Mail - 400C,165747,CORINA LOPEZ,MIA OUSLEY,LEAH HALL,1,3
450400,Vote by Mail - 400C,165748,LEAH HALL,CORINA LOPEZ,MIA OUSLEY,1,3
450400,Vote by Mail - 400C,165749,MIA OUSLEY,LEAH HALL,CORINA LOPEZ,1,3
450400,Vote by Mail - 400C,165750,CORINA LOPEZ,skipped,skipped,1,3
450400,Vote by Mail - 400C,165751,CORINA LOPEZ,skipped,skipped,1,3
450400,Vote by Mail - 400C,165752,CORINA LOPEZ,MIA OUSLEY,LEAH HALL,1,3
450400,Vote by Mail - 400C,165753,CORINA LOPEZ,skipped,skipped,1,3
450400,Vote by Mail - 400C,165754,CORINA LOPEZ,skipped,skipped,1,3
450400,Vote by Mail - 400C,165755,CORINA LOPEZ,LEAH HALL,MIA OUSLEY,1,3
450400,Vote by Mail - 400C,165756,CORINA LOPEZ,skipped,skipped,1,3
450400,Vote by Mail - 400C,165757,MIA OUSLEY,CORINA LOPEZ,LEAH HALL,1,3
450400,Vote by Mail - 400C,165758,CORINA LOPEZ,skipped,skipped,1,3
450400,Vote by Mail - 400C,165759,CORINA LOPEZ,skipped,skipped,1,3
450400,Vote by Mail - 400C,165760,CORINA LOPEZ,skipped,skipped,1,3
450400,Vote by Mail - 400C,165761,CORINA LOPEZ,skipped,skipped,1,3
450400,Vote by Mail - 400C,165762,CORINA LOPEZ,skipped,skipped,1,3
450400,Vote by Mail - 400C,165763,CORINA LOPEZ,skipped,skipped,1,3
450400,Vote by Mail - 400C,165764,CORINA LOPEZ,MIA OUSLEY,LEAH HALL,1,3
450400,Vote by Mail - 400C,165765,CORINA LOPEZ,skipped,skipped,1,3
450400,Vote by Mail - 400C,165766,CORINA LOPEZ,skipped,skipped,1,3
450400,Vote by Mail - 400C,165767,LEAH HALL,skipped,skipped,1,3
450400,Vote by Mail - 400C,165768,MIA OUSLEY,CORINA LOPEZ,LEAH HALL,1,3
450400,Vote by Mail - 400C,165770,CORINA LOPEZ,MIA OUSLEY,LEAH HALL,1,3
450400,Vote by Mail - 400C,165771,MIA OUSLEY,LEAH HALL,CORINA LOPEZ,1,3
450400,Vote by Mail - 400C,165772,CORINA LOPEZ,LEAH HALL,MIA OUSLEY,1,3
450400,Vote by Mail - 400C,165773,CORINA LOPEZ,MIA OUSLEY,skipped,1,3
450400,Vote by Mail - 400C,165774,CORINA LOPEZ,skipped,skipped,1,3
450400,Vote by Mail - 400C,165775,LEAH HALL,skipped,skipped,1,3
450400,Vote by Mail - 400C,165777,LEAH HALL,skipped,skipped,1,3
450400,Vote by Mail - 400C,165778,LEAH HALL,CORINA LOPEZ,MIA OUSLEY,1,3
450400,Vote by Mail - 400C,165780,CORINA LOPEZ,skipped,skipped,1,3
450400,Vote by Mail - 400C,165781,LEAH HALL,MIA OUSLEY,CORINA LOPEZ,1,3
450610,Vote by Mail - 400C,165790,CORINA LOPEZ,MIA OUSLEY,LEAH HALL,1,3
450610,Vote by Mail - 400C,165791,LEAH HALL,CORINA LOPEZ,MIA OUSLEY,1,3
450610,Vote by Mail - 400C,165792,CORINA LOPEZ,LEAH HALL,MIA OUSLEY,1,3
450610,Vote by Mail - 400C,165796,CORINA LOPEZ,MIA OUSLEY,skipped,1,3
450610,Vote by Mail - 400C,165801,LEAH HALL,MIA OUSLEY,CORINA LOPEZ,1,3
450800,Vote by Mail - 400C,165802,CORINA LOPEZ,MIA OUSLEY,LEAH HALL,1,3
450800,Vote by Mail - 400C,165803,CORINA LOPEZ,MIA OUSLEY,skipped,1,3
450800,Vote by Mail - 400C,165804,MIA OUSLEY,CORINA LOPEZ,skipped,1,3
450800,Vote by Mail - 400C,165805,MIA OUSLEY,CORINA LOPEZ,LEAH HALL,1,3
450800,Vote by Mail - 400C,165806,MIA OUSLEY,CORINA LOPEZ,skipped,1,3
450800,Vote by Mail - 400C,165807,MIA OUSLEY,LEAH HALL,skipped,1,3
450800,Vote by Mail - 400C,165808,MIA OUSLEY,CORINA LOPEZ,skipped,1,3
450800,Vote by Mail - 400C,165809,MIA OUSLEY,LEAH HALL,CORINA LOPEZ,1,3
450800,Vote by Mail - 400C,165810,MIA OUSLEY,CORINA LOPEZ,LEAH HALL,1,3
450800,Vote by Mail - 400C,165811,CORINA LOPEZ,LEAH HALL,MIA OUSLEY,1,3
450800,Vote by Mail - 400C,165812,CORINA LOPEZ,MIA OUSLEY,LEAH HALL,1,3
450800,Vote by Mail - 400C,165813,CORINA LOPEZ,MIA OUSLEY,LEAH HALL,1,3
450800,Vote by Mail - 400C,165814,CORINA LOPEZ,LEAH HALL,MIA OUSLEY,1,3
450800,Vote by Mail - 400C,165815,CORINA LOPEZ,LEAH HALL,MIA OUSLEY,1,3
450800,Vote by Mail - 400C,165816,CORINA LOPEZ,LEAH HALL,MIA OUSLEY,1,3
450800,Vote by Mail - 400C,165817,CORINA LOPEZ,skipped,skipped,1,3
450800,Vote by Mail - 400C,165818,CORINA LOPEZ,MIA OUSLEY,LEAH HALL,1,3
450800,Vote by Mail - 400C,165819,LEAH HALL,skipped,skipped,1,3
450800,Vote by Mail - 400C,165822,LEAH HALL,skipped,skipped,1,3
451000,Vote by Mail - 400C,165825,CORINA LOPEZ,skipped,skipped,1,3
451000,Vote by Mail - 400C,165826,CORINA LOPEZ,skipped,skipped,1,3
451000,Vote by Mail - 400C,165827,CORINA LOPEZ,MIA OUSLEY,LEAH HALL,1,3
451000,Vote by Mail - 400C,165828,CORINA LOPEZ,MIA OUSLEY,LEAH HALL,1,3
451000,Vote by Mail - 400C,165829,CORINA LOPEZ,MIA OUSLEY,LEAH HALL,1,3
451000,Vote by Mail - 400C,165831,LEAH HALL,MIA OUSLEY,CORINA LOPEZ,1,3
451000,Vote by Mail - 400C,165832,CORINA LOPEZ,skipped,skipped,1,3
451000,Vote by Mail - 400C,165833,CORINA LOPEZ,MIA OUSLEY,LEAH HALL,1,3
451000,Vote by Mail - 400C,165835,CORINA LOPEZ,skipped,skipped,1,3
451510,Vote by Mail - 400C,165840,CORINA LOPEZ,MIA OUSLEY,LEAH HALL,1,3
451510,Vote by Mail - 400C,165841,MIA OUSLEY,LEAH HALL,CORINA LOPEZ,1,3
451510,Vote by Mail - 400C,165842,CORINA LOPEZ,MIA OUSLEY,LEAH HALL,1,3
451510,Vote by Mail - 400C,165844,CORINA LOPEZ,LEAH HALL,MIA OUSLEY,1,3
451510,Vote by Mail - 400C,165845,MIA OUSLEY,LEAH HALL,CORINA LOPEZ,1,3
451510,Vote by Mail - 400C,165846,LEAH HALL,skipped,skipped,1,3
451510,Vote by Mail - 400C,165848,CORINA LOPEZ,MIA OUSLEY,LEAH HALL,1,3
451600,Vote by Mail - 400C,165849,MIA OUSLEY,skipped,skipped,1,3
451600,Vote by Mail - 400C,165855,LEAH HALL,MIA OUSLEY,skipped,1,3
451600,Vote by Mail - 400C,165856,LEAH HALL,MIA OUSLEY,skipped,1,3
451600,Vote by Mail - 400C,165857,CORINA LOPEZ,MIA OUSLEY,LEAH HALL,1,3
451600,Vote by Mail - 400C,165858,CORINA LOPEZ,LEAH HALL,MIA OUSLEY,1,3
451600,Vote by Mail - 400C,165862,CORINA LOPEZ,LEAH HALL,MIA OUSLEY,1,3
451600,Vote by Mail - 400C,165863,LEAH HALL,CORINA LOPEZ,MIA OUSLEY,1,3
451700,Vote by Mail - 400C,165865,MIA OUSLEY,LEAH HALL,CORINA LOPEZ,1,3
451700,Vote by Mail - 400C,165866,LEAH HALL,MIA OUSLEY,CORINA LOPEZ,1,3
451700,Vote by Mail - 400C,165871,CORINA LOPEZ,MIA OUSLEY,LEAH HALL,1,3
451700,Vote by Mail - 400C,165872,CORINA LOPEZ,MIA OUSLEY,LEAH HALL,1,3
451700,Vote by Mail - 400C,165873,MIA OUSLEY,LEAH HALL,CORINA LOPEZ,1,3
451700,Vote by Mail - 400C,165874,LEAH HALL,MIA OUSLEY,CORINA LOPEZ,1,3
451700,Vote by Mail - 400C,165875,CORINA LOPEZ,MIA OUSLEY,LEAH HALL,1,3
452100,Vote by Mail - 400C,165876,CORINA LOPEZ,MIA OUSLEY,LEAH HALL,1,3
452100,Vote by Mail - 400C,165877,CORINA LOPEZ,skipped,skipped,1,3
452200,Vote by Mail - 400C,165880,CORINA LOPEZ,skipped,skipped,1,3
452200,Vote by Mail - 400C,165887,CORINA LOPEZ,MIA OUSLEY,LEAH HALL,1,3
452200,Vote by Mail - 400C,165888,MIA OUSLEY,skipped,skipped,1,3
452200,Vote by Mail - 400C,165889,LEAH HALL,MIA OUSLEY,CORINA LOPEZ,1,3
452200,Vote by Mail - 400C,165890,CORINA LOPEZ,MIA OUSLEY,LEAH HALL,1,3
452200,Vote by Mail - 400C,165891,LEAH HALL,MIA OUSLEY,CORINA LOPEZ,1,3
452200,Vote by Mail - 400C,165892,MIA OUSLEY,LEAH HALL,CORINA LOPEZ,1,3
452200,Vote by Mail - 400C,165893,CORINA LOPEZ,MIA OUSLEY,skipped,1,3
452200,Vote by Mail - 400C,165894,CORINA LOPEZ,MIA OUSLEY,LEAH HALL,1,3
452200,Vote by Mail - 400C,165895,CORINA LOPEZ,MIA OUSLEY,LEAH HALL,1,3
452200,Vote by Mail - 400C,165896,CORINA LOPEZ,skipped,skipped,1,3
452200,Vote by Mail - 400C,165897,CORINA LOPEZ,MIA OUSLEY,LEAH HALL,1,3
452200,Vote by Mail - 400C,165898,LEAH HALL,CORINA LOPEZ,MIA OUSLEY,1,3
452200,Vote by Mail - 400C,165899,CORINA LOPEZ,MIA OUSLEY,LEAH HALL,1,3
452200,Vote by Mail - 400C,165900,CORINA LOPEZ,LEAH HALL,MIA OUSLEY,1,3
452200,Vote by Mail - 400C,165901,CORINA LOPEZ,MIA OUSLEY,LEAH HALL,1,3
452400,Vote by Mail - 400C,165906,CORINA LOPEZ,MIA OUSLEY,LEAH HALL,1,3
452400,Vote by Mail - 400C,165909,MIA OUSLEY,CORINA LOPEZ,LEAH HALL,1,3
452500,Vote by Mail - 400C,165911,CORINA LOPEZ,LEAH HALL,MIA OUSLEY,1,3
452500,Vote by Mail - 400C,165912,MIA OUSLEY,LEAH HALL,CORINA LOPEZ,1,3
452500,Vote by Mail - 400C,165914,MIA OUSLEY,LEAH HALL,CORINA LOPEZ,1,3
453100,Vote by Mail - 400C,165915,CORINA LOPEZ,MIA OUSLEY,LEAH HALL,1,3
453100,Vote by Mail - 400C,165916,CORINA LOPEZ,MIA OUSLEY,LEAH HALL,1,3
453100,Vote by Mail - 400C,165919,LEAH HALL,MIA OUSLEY,CORINA LOPEZ,1,3
453100,Vote by Mail - 400C,165922,LEAH HALL,skipped,skipped,1,3
453100,Vote by Mail - 400C,165923,MIA OUSLEY,LEAH HALL,CORINA LOPEZ,1,3
453300,Vote by Mail - 400C,165925,LEAH HALL,CORINA LOPEZ,MIA OUSLEY,1,3
453300,Vote by Mail - 400C,165926,LEAH HALL,skipped,skipped,1,3
453400,Vote by Mail - 400C,165928,CORINA LOPEZ,LEAH HALL,MIA OUSLEY,1,3
453400,Vote by Mail - 400C,165930,CORINA LOPEZ,LEAH HALL,MIA OUSLEY,1,3
453400,Vote by Mail - 400C,165931,MIA OUSLEY,skipped,skipped,1,3
453400,Vote by Mail - 400C,165932,CORINA LOPEZ,LEAH HALL,MIA OUSLEY,1,3
453500,Vote by Mail - 400C,165933,CORINA LOPEZ,MIA OUSLEY,LEAH HALL,1,3
453500,Vote by Mail - 400C,165934,CORINA LOPEZ,LEAH HALL,MIA OUSLEY,1,3
453500,Vote by Mail - 400C,165935,LEAH HALL,skipped,skipped,1,3
453500,Vote by Mail - 400C,165936,LEAH HALL,skipped,skipped,1,3
453500,Vote by Mail - 400C,165937,CORINA LOPEZ,skipped,skipped,1,3
453500,Vote by Mail - 400C,165938,LEAH HALL,skipped,skipped,1,3
453500,Vote by Mail - 400C,165939,CORINA LOPEZ,MIA OUSLEY,LEAH HALL,1,3
453500,Vote by Mail - 400C,165941,MIA OUSLEY,LEAH HALL,CORINA LOPEZ,1,3
453500,Vote by Mail - 400C,165942,LEAH HALL,CORINA LOPEZ,MIA OUSLEY,1,3
453500,Vote by Mail - 400C,165943,MIA OUSLEY,skipped,skipped,1,3
453500,Vote by Mail - 400C,165944,MIA OUSLEY,skipped,skipped,1,3
453500,Vote by Mail - 400C,165945,CORINA LOPEZ,MIA OUSLEY,LEAH HALL,1,3
453500,Vote by Mail - 400C,165946,CORINA LOPEZ,LEAH HALL,MIA OUSLEY,1,3
453500,Vote by Mail - 400C,165947,CORINA LOPEZ,LEAH HALL,MIA OUSLEY,1,3
453500,Vote by Mail - 400C,165950,CORINA LOPEZ,MIA OUSLEY,LEAH HALL,1,3
453500,Vote by Mail - 400C,165951,CORINA LOPEZ,LEAH HALL,MIA OUSLEY,1,3
453900,Vote by Mail - 400C,165952,MIA OUSLEY,skipped,skipped,1,3
453900,Vote by Mail - 400C,165955,CORINA LOPEZ,LEAH HALL,MIA OUSLEY,1,3
453900,Vote by Mail - 400C,165956,CORINA LOPEZ,LEAH HALL,MIA OUSLEY,1,3
453900,Vote by Mail - 400C,165957,LEAH HALL,CORINA LOPEZ,skipped,1,3
453900,Vote by Mail - 400C,165958,CORINA LOPEZ,LEAH HALL,MIA OUSLEY,1,3
453900,Vote by Mail - 400C,165959,LEAH HALL,MIA OUSLEY,skipped,1,3
453900,Vote by Mail - 400C,165960,CORINA LOPEZ,skipped,skipped,1,3
453900,Vote by Mail - 400C,165961,MIA OUSLEY,skipped,skipped,1,3
453920,Vote by Mail - 400C,165964,CORINA LOPEZ,MIA OUSLEY,LEAH HALL,1,3
453920,Vote by Mail - 400C,165965,CORINA LOPEZ,MIA OUSLEY,LEAH HALL,1,3
453920,Vote by Mail - 400C,165966,MIA OUSLEY,LEAH HALL,CORINA LOPEZ,1,3
454100,Vote by Mail - 400C,165967,CORINA LOPEZ,MIA OUSLEY,skipped,1,3
454100,Vote by Mail - 400C,165968,CORINA LOPEZ,MIA OUSLEY,LEAH HALL,1,3
454100,Vote by Mail - 400C,165973,MIA OUSLEY,CORINA LOPEZ,LEAH HALL,1,3
454100,Vote by Mail - 400C,165976,CORINA LOPEZ,MIA OUSLEY,LEAH HALL,1,3
454100,Vote by Mail - 400C,165978,CORINA LOPEZ,MIA OUSLEY,LEAH HALL,1,3
454100,Vote by Mail - 400C,165980,MIA OUSLEY,CORINA LOPEZ,LEAH HALL,1,3
454100,Vote by Mail - 400C,165981,LEAH HALL,CORINA LOPEZ,MIA OUSLEY,1,3
454100,Vote by Mail - 400C,165982,CORINA LOPEZ,skipped,skipped,1,3
454100,Vote by Mail - 400C,165983,CORINA LOPEZ,skipped,skipped,1,3
454500,Vote by Mail - 400C,165987,MIA OUSLEY,CORINA LOPEZ,LEAH HALL,1,3
454500,Vote by Mail - 400C,165988,CORINA LOPEZ,skipped,skipped,1,3
454500,Vote by Mail - 400C,165989,CORINA LOPEZ,skipped,skipped,1,3
455000,Vote by Mail - 400C,165997,CORINA LOPEZ,LEAH HALL,skipped,1,3
455100,Vote by Mail - 400C,165998,MIA OUSLEY,CORINA LOPEZ,LEAH HALL,1,3
455100,Vote by Mail - 400C,166001,CORINA LOPEZ,skipped,skipped,1,3
455100,Vote by Mail - 400C,166002,MIA OUSLEY,LEAH HALL,CORINA LOPEZ,1,3
455100,Vote by Mail - 400C,166003,LEAH HALL,CORINA LOPEZ,MIA OUSLEY,1,3
455100,Vote by Mail - 400C,166004,CORINA LOPEZ,MIA OUSLEY,LEAH HALL,1,3
455100,Vote by Mail - 400C,166005,MIA OUSLEY,CORINA LOPEZ,LEAH HALL,1,3
455100,Vote by Mail - 400C,166006,LEAH HALL,CORINA LOPEZ,MIA OUSLEY,1,3
455300,Vote by Mail - 400C,166007,CORINA LOPEZ,MIA OUSLEY,LEAH HALL,1,3
455300,Vote by Mail - 400C,166008,CORINA LOPEZ,skipped,skipped,1,3
455300,Vote by Mail - 400C,166009,MIA OUSLEY,CORINA LOPEZ,skipped,1,3
455300,Vote by Mail - 400C,166010,CORINA LOPEZ,LEAH HALL,MIA OUSLEY,1,3
455300,Vote by Mail - 400C,166011,CORINA LOPEZ,MIA OUSLEY,LEAH HALL,1,3
455300,Vote by Mail - 400C,166012,CORINA LOPEZ,skipped,skipped,1,3
455300,Vote by Mail - 400C,166013,LEAH HALL,CORINA LOPEZ,skipped,1,3
455400,Vote by Mail - 400C,166018,LEAH HALL,skipped,skipped,1,3
455400,Vote by Mail - 400C,166019,CORINA LOPEZ,LEAH HALL,skipped,1,3
455400,Vote by Mail - 400C,166020,CORINA LOPEZ,LEAH HALL,MIA OUSLEY,1,3
455400,Vote by Mail - 400C,166021,MIA OUSLEY,skipped,skipped,1,3
455400,Vote by Mail - 400C,166022,CORINA LOPEZ,LEAH HALL,MIA OUSLEY,1,3
455400,Vote by Mail - 400C,166023,CORINA LOPEZ,skipped,skipped,1,3
455500,Vote by Mail - 400C,166026,MIA OUSLEY,CORINA LOPEZ,LEAH HALL,1,3
455500,Vote by Mail - 400C,166027,CORINA LOPEZ,LEAH HALL,MIA OUSLEY,1,3
455500,Vote by Mail - 400C,166028,CORINA LOPEZ,MIA OUSLEY,skipped,1,3
455700,Vote by Mail - 400C,166029,LEAH HALL,MIA OUSLEY,CORINA LOPEZ,1,3
455700,Vote by Mail - 400C,166030,CORINA LOPEZ,MIA OUSLEY,LEAH HALL,1,3
455700,Vote by Mail - 400C,166031,CORINA LOPEZ,MIA OUSLEY,LEAH HALL,1,3
455700,Vote by Mail - 400C,166032,CORINA LOPEZ,LEAH HALL,skipped,1,3
455700,Vote by Mail - 400C,166033,LEAH HALL,skipped,skipped,1,3
455700,Vote by Mail - 400C,166034,LEAH HALL,skipped,skipped,1,3
455900,Vote by Mail - 400C,166037,CORINA LOPEZ,LEAH HALL,MIA OUSLEY,1,3
455900,Vote by Mail - 400C,166038,MIA OUSLEY,LEAH HALL,skipped,1,3
455900,Vote by Mail - 400C,166039,CORINA LOPEZ,MIA OUSLEY,LEAH HALL,1,3
455900,Vote by Mail - 400C,166043,CORINA LOPEZ,MIA OUSLEY,LEAH HALL,1,3
455900,Vote by Mail - 400C,166044,LEAH HALL,skipped,skipped,1,3
455900,Vote by Mail - 400C,166045,MIA OUSLEY,skipped,skipped,1,3
455900,Vote by Mail - 400C,166046,MIA OUSLEY,CORINA LOPEZ,LEAH HALL,1,3
455900,Vote by Mail - 400C,166047,CORINA LOPEZ,LEAH HALL,MIA OUSLEY,1,3
455900,Vote by Mail - 400C,166050,LEAH HALL,skipped,skipped,1,3
455900,Vote by Mail - 400C,166053,MIA OUSLEY,LEAH HALL,CORINA LOPEZ,1,3
455900,Vote by Mail - 400C,166055,CORINA LOPEZ,MIA OUSLEY,LEAH HALL,1,3
455900,Vote by Mail - 400C,166056,CORINA LOPEZ,LEAH HALL,MIA OUSLEY,1,3
455900,Vote by Mail - 400C,166057,CORINA LOPEZ,skipped,skipped,1,3
455900,Vote by Mail - 400C,166058,MIA OUSLEY,CORINA LOPEZ,LEAH HALL,1,3
456200,Vote by Mail - 400C,166060,CORINA LOPEZ,MIA OUSLEY,skipped,1,3
456200,Vote by Mail - 400C,166061,MIA OUSLEY,CORINA LOPEZ,LEAH HALL,1,3
456200,Vote by Mail - 400C,166063,MIA OUSLEY,LEAH HALL,CORINA LOPEZ,1,3
456200,Vote by Mail - 400C,166068,CORINA LOPEZ,skipped,skipped,1,3
456200,Vote by Mail - 400C,166079,CORINA LOPEZ,skipped,skipped,1,3
456500,Vote by Mail - 400C,166082,CORINA LOPEZ,LEAH HALL,skipped,1,3
456500,Vote by Mail - 400C,166083,CORINA LOPEZ,LEAH HALL,MIA OUSLEY,1,3
456500,Vote by Mail - 400C,166084,MIA OUSLEY,LEAH HALL,CORINA LOPEZ,1,3
456500,Vote by Mail - 400C,166085,CORINA LOPEZ,MIA OUSLEY,LEAH HALL,1,3
456600,Vote by Mail - 400C,166086,MIA OUSLEY,CORINA LOPEZ,LEAH HALL,1,3
456600,Vote by Mail - 400C,166087,CORINA LOPEZ,MIA OUSLEY,LEAH HALL,1,3
456600,Vote by Mail - 400C,166088,CORINA LOPEZ,skipped,skipped,1,3
456600,Vote by Mail - 400C,166089,CORINA LOPEZ,LEAH HALL,MIA OUSLEY,1,3
456600,Vote by Mail - 400C,166090,MIA OUSLEY,LEAH HALL,CORINA LOPEZ,1,3
456600,Vote by Mail - 400C,166091,CORINA LOPEZ,MIA OUSLEY,LEAH HALL,1,3
456600,Vote by Mail - 400C,166092,LEAH HALL,MIA OUSLEY,skipped,1,3
456600,Vote by Mail - 400C,166093,LEAH HALL,CORINA LOPEZ,skipped,1,3
456600,Vote by Mail - 400C,166094,CORINA LOPEZ,skipped,skipped,1,3
456600,Vote by Mail - 400C,166095,CORINA LOPEZ,MIA OUSLEY,skipped,1,3
456600,Vote by Mail - 400C,166099,MIA OUSLEY,CORINA LOPEZ,LEAH HALL,1,3
456600,Vote by Mail - 400C,166101,LEAH HALL,MIA OUSLEY,CORINA LOPEZ,1,3
456900,Vote by Mail - 400C,166104,CORINA LOPEZ,MIA OUSLEY,LEAH HALL,1,3
456900,Vote by Mail - 400C,166105,CORINA LOPEZ,MIA OUSLEY,LEAH HALL,1,3
456900,Vote by Mail - 400C,166106,LEAH HALL,MIA OUSLEY,skipped,1,3
457100,Vote by Mail - 400C,166107,CORINA LOPEZ,LEAH HALL,MIA OUSLEY,1,3
457100,Vote by Mail - 400C,166108,CORINA LOPEZ,MIA OUSLEY,LEAH HALL,1,3
457100,Vote by Mail - 400C,166109,MIA OUSLEY,CORINA LOPEZ,LEAH HALL,1,3
457100,Vote by Mail - 400C,166110,MIA OUSLEY,LEAH HALL,CORINA LOPEZ,1,3
457100,Vote by Mail - 400C,166111,CORINA LOPEZ,MIA OUSLEY,LEAH HALL,1,3
457300,Vote by Mail - 400C,166112,MIA OUSLEY,CORINA LOPEZ,LEAH HALL,1,3
457300,Vote by Mail - 400C,166113,CORINA LOPEZ,MIA OUSLEY,LEAH HALL,1,3
457300,Vote by Mail - 400C,166114,CORINA LOPEZ,skipped,skipped,1,3
457300,Vote by Mail - 400C,166115,MIA OUSLEY,skipped,skipped,1,3
457300,Vote by Mail - 400C,166116,MIA OUSLEY,skipped,skipped,1,3
457300,Vote by Mail - 400C,166117,LEAH HALL,CORINA LOPEZ,MIA OUSLEY,1,3
457300,Vote by Mail - 400C,166119,MIA OUSLEY,skipped,skipped,1,3
457400,Vote by Mail - 400C,166120,LEAH HALL,MIA OUSLEY,CORINA LOPEZ,1,3
457400,Vote by Mail - 400C,166122,LEAH HALL,MIA OUSLEY,CORINA LOPEZ,1,3
457400,Vote by Mail - 400C,166124,LEAH HALL,MIA OUSLEY,CORINA LOPEZ,1,3
457500,Vote by Mail - 400C,166126,CORINA LOPEZ,MIA OUSLEY,LEAH HALL,1,3
457500,Vote by Mail - 400C,166129,CORINA LOPEZ,LEAH HALL,skipped,1,3
457500,Vote by Mail - 400C,166132,CORINA LOPEZ,LEAH HALL,MIA OUSLEY,1,3
457700,Vote by Mail - 400C,166133,MIA OUSLEY,skipped,skipped,1,3
457700,Vote by Mail - 400C,166134,LEAH HALL,MIA OUSLEY,CORINA LOPEZ,1,3
457700,Vote by Mail - 400C,166135,CORINA LOPEZ,LEAH HALL,skipped,1,3
457700,Vote by Mail - 400C,166136,CORINA LOPEZ,skipped,skipped,1,3
457700,Vote by Mail - 400C,166137,MIA OUSLEY,LEAH HALL,CORINA LOPEZ,1,3
457700,Vote by Mail - 400C,166138,CORINA LOPEZ,skipped,skipped,1,3
457700,Vote by Mail - 400C,166141,MIA OUSLEY,LEAH HALL,CORINA LOPEZ,1,3
457700,Vote by Mail - 400C,166142,CORINA LOPEZ,LEAH HALL,MIA OUSLEY,1,3
457700,Vote by Mail - 400C,166143,CORINA LOPEZ,skipped,skipped,1,3
457900,Vote by Mail - 400C,166144,CORINA LOPEZ,MIA OUSLEY,LEAH HALL,1,3
457900,Vote by Mail - 400C,166146,CORINA LOPEZ,MIA OUSLEY,LEAH HALL,1,3
457900,Vote by Mail - 400C,166147,MIA OUSLEY,LEAH HALL,CORINA LOPEZ,1,3
458200,Vote by Mail - 400C,166150,MIA OUSLEY,CORINA LOPEZ,LEAH HALL,1,3
458200,Vote by Mail - 400C,166151,LEAH HALL,skipped,skipped,1,3
458200,Vote by Mail - 400C,166152,MIA OUSLEY,LEAH HALL,CORINA LOPEZ,1,3
458200,Vote by Mail - 400C,166153,CORINA LOPEZ,LEAH HALL,MIA OUSLEY,1,3
458300,Vote by Mail - 400C,166157,CORINA LOPEZ,MIA OUSLEY,LEAH HALL,1,3
458300,Vote by Mail - 400C,166158,CORINA LOPEZ,skipped,skipped,1,3
458300,Vote by Mail - 400C,166159,CORINA LOPEZ,MIA OUSLEY,LEAH HALL,1,3
458500,Vote by Mail - 400C,166160,CORINA LOPEZ,LEAH HALL,MIA OUSLEY,1,3
458500,Vote by Mail - 400C,166161,CORINA LOPEZ,LEAH HALL,MIA OUSLEY,1,3
458500,Vote by Mail - 400C,166162,LEAH HALL,MIA OUSLEY,CORINA LOPEZ,1,3
458500,Vote by Mail - 400C,166164,LEAH HALL,MIA OUSLEY,CORINA LOPEZ,1,3
458500,Vote by Mail - 400C,166165,CORINA LOPEZ,MIA OUSLEY,LEAH HALL,1,3
458500,Vote by Mail - 400C,166169,MIA OUSLEY,skipped,skipped,1,3
458800,Vote by Mail - 400C,166170,CORINA LOPEZ,LEAH HALL,MIA OUSLEY,1,3
458800,Vote by Mail - 400C,166172,CORINA LOPEZ,MIA OUSLEY,skipped,1,3
458800,Vote by Mail - 400C,166173,CORINA LOPEZ,LEAH HALL,MIA OUSLEY,1,3
458800,Vote by Mail - 400C,166176,CORINA LOPEZ,skipped,skipped,1,3
458800,Vote by Mail - 400C,166177,CORINA LOPEZ,skipped,skipped,1,3
458800,Vote by Mail - 400C,166178,LEAH HALL,CORINA LOPEZ,skipped,1,3
458900,Vote by Mail - 400C,166181,CORINA LOPEZ,MIA OUSLEY,LEAH HALL,1,3
458900,Vote by Mail - 400C,166182,CORINA LOPEZ,MIA OUSLEY,skipped,1,3
9451500,Vote by Mail - 400C,166403,LEAH HALL,skipped,skipped,1,3
9454700,Vote by Mail - 400C,166409,LEAH HALL,skipped,skipped,1,3
9455010,Vote by Mail - 400C,166410,CORINA LOPEZ,skipped,skipped,1,3
9455010,Vote by Mail - 400C,166411,CORINA LOPEZ,MIA OUSLEY,LEAH HALL,1,3
9455010,Vote by Mail - 400C,166412,LEAH HALL,CORINA LOPEZ,MIA OUSLEY,1,3
9455200,Vote by Mail - 400C,166415,CORINA LOPEZ,skipped,skipped,1,3
9455200,Vote by Mail - 400C,166416,MIA OUSLEY,LEAH HALL,CORINA LOPEZ,1,3
9455200,Vote by Mail - 400C,166418,LEAH HALL,CORINA LOPEZ,MIA OUSLEY,1,3
9455200,Vote by Mail - 400C,166419,LEAH HALL,skipped,skipped,1,3
9455410,Vote by Mail - 400C,166420,LEAH HALL,MIA OUSLEY,skipped,1,3
9450930,MVBM - 400C,167073,CORINA LOPEZ,LEAH HALL,MIA OUSLEY,1,3
9451500,MVBM - 400C,167074,CORINA LOPEZ,LEAH HALL,MIA OUSLEY,1,3
9451500,MVBM - 400C,167075,CORINA LOPEZ,LEAH HALL,MIA OUSLEY,1,3
9451500,MVBM - 400C,167076,CORINA LOPEZ,MIA OUSLEY,LEAH HALL,1,3
9451500,MVBM - 400C,167077,CORINA LOPEZ,MIA OUSLEY,LEAH HALL,1,3
9451500,MVBM - 400C,167078,LEAH HALL,MIA OUSLEY,CORINA LOPEZ,1,3
9451500,MVBM - 400C,167079,MIA OUSLEY,CORINA LOPEZ,LEAH HALL,1,3
9451500,MVBM - 400C,167080,CORINA LOPEZ,MIA OUSLEY,LEAH HALL,1,3
9451500,MVBM - 400C,167081,MIA OUSLEY,CORINA LOPEZ,LEAH HALL,1,3
9451500,MVBM - 400C,167082,MIA OUSLEY,LEAH HALL,CORINA LOPEZ,1,3
9451500,MVBM - 400C,167083,CORINA LOPEZ,skipped,skipped,1,3
9451500,MVBM - 400C,167084,CORINA LOPEZ,skipped,skipped,1,3
9451500,MVBM - 400C,167085,LEAH HALL,CORINA LOPEZ,MIA OUSLEY,1,3
9451500,MVBM - 400C,167086,CORINA LOPEZ,MIA OUSLEY,LEAH HALL,1,3
9451500,MVBM - 400C,167088,CORINA LOPEZ,MIA OUSLEY,LEAH HALL,1,3
9451500,MVBM - 400C,167089,CORINA LOPEZ,MIA OUSLEY,LEAH HALL,1,3
9451500,MVBM - 400C,167090,CORINA LOPEZ,MIA OUSLEY,LEAH HALL,1,3
9451500,MVBM - 400C,167091,MIA OUSLEY,CORINA LOPEZ,LEAH HALL,1,3
9451500,MVBM - 400C,167092,CORINA LOPEZ,MIA OUSLEY,LEAH HALL,1,3
9451500,MVBM - 400C,167093,CORINA LOPEZ,MIA OUSLEY,LEAH HALL,1,3
9451500,MVBM - 400C,167094,CORINA LOPEZ,MIA OUSLEY,LEAH HALL,1,3
9451500,MVBM - 400C,167095,LEAH HALL,MIA OUSLEY,CORINA LOPEZ,1,3
9451500,MVBM - 400C,167097,CORINA LOPEZ,MIA OUSLEY,LEAH HALL,1,3
9451500,MVBM - 400C,167100,MIA OUSLEY,CORINA LOPEZ,skipped,1,3
9451500,MVBM - 400C,167101,CORINA LOPEZ,LEAH HALL,MIA OUSLEY,1,3
9451500,MVBM - 400C,167102,LEAH HALL,CORINA LOPEZ,skipped,1,3
9451500,MVBM - 400C,167103,CORINA LOPEZ,skipped,skipped,1,3
9451500,MVBM - 400C,167105,LEAH HALL,MIA OUSLEY,CORINA LOPEZ,1,3
9451500,MVBM - 400C,167106,CORINA LOPEZ,LEAH HALL,MIA OUSLEY,1,3
9451500,MVBM - 400C,167107,CORINA LOPEZ,LEAH HALL,MIA OUSLEY,1,3
9451500,MVBM - 400C,167108,CORINA LOPEZ,MIA OUSLEY,LEAH HALL,1,3
9451500,MVBM - 400C,167109,MIA OUSLEY,LEAH HALL,CORINA LOPEZ,1,3
9451500,MVBM - 400C,167110,CORINA LOPEZ,MIA OUSLEY,LEAH HALL,1,3
9451500,MVBM - 400C,167111,LEAH HALL,CORINA LOPEZ,MIA OUSLEY,1,3
9454220,MVBM - 400C,167112,CORINA LOPEZ,LEAH HALL,MIA OUSLEY,1,3
9454220,MVBM - 400C,167113,CORINA LOPEZ,LEAH HALL,MIA OUSLEY,1,3
9454220,MVBM - 400C,167114,CORINA LOPEZ,LEAH HALL,MIA OUSLEY,1,3
9454220,MVBM - 400C,167115,CORINA LOPEZ,MIA OUSLEY,LEAH HALL,1,3
9454220,MVBM - 400C,167116,CORINA LOPEZ,LEAH HALL,MIA OUSLEY,1,3
9454700,MVBM - 400C,167117,CORINA LOPEZ,LEAH HALL,MIA OUSLEY,1,3
9454700,MVBM - 400C,167120,CORINA LOPEZ,LEAH HALL,MIA OUSLEY,1,3
9454700,MVBM - 400C,167121,MIA OUSLEY,CORINA LOPEZ,LEAH HALL,1,3
9454700,MVBM - 400C,167122,CORINA LOPEZ,MIA OUSLEY,LEAH HALL,1,3
9454700,MVBM - 400C,167124,CORINA LOPEZ,skipped,skipped,1,3
9454700,MVBM - 400C,167125,CORINA LOPEZ,skipped,skipped,1,3
9454700,MVBM - 400C,167126,CORINA LOPEZ,LEAH HALL,MIA OUSLEY,1,3
9454700,MVBM - 400C,167127,LEAH HALL,CORINA LOPEZ,MIA OUSLEY,1,3
9454700,MVBM - 400C,167128,LEAH HALL,skipped,skipped,1,3
9454700,MVBM - 400C,167129,CORINA LOPEZ,MIA OUSLEY,LEAH HALL,1,3
9454700,MVBM - 400C,167130,LEAH HALL,CORINA LOPEZ,MIA OUSLEY,1,3
9454700,MVBM - 400C,167131,CORINA LOPEZ,LEAH HALL,skipped,1,3
9454700,MVBM - 400C,167132,LEAH HALL,skipped,skipped,1,3
9454700,MVBM - 400C,167133,LEAH HALL,MIA OUSLEY,CORINA LOPEZ,1,3
9454700,MVBM - 400C,167135,LEAH HALL,skipped,skipped,1,3
9454700,MVBM - 400C,167136,CORINA LOPEZ,MIA OUSLEY,LEAH HALL,1,3
9454700,MVBM - 400C,167137,MIA OUSLEY,CORINA LOPEZ,LEAH HALL,1,3
9454700,MVBM - 400C,167138,LEAH HALL,skipped,skipped,1,3
9454700,MVBM - 400C,167139,CORINA LOPEZ,MIA OUSLEY,LEAH HALL,1,3
9454700,MVBM - 400C,167141,MIA OUSLEY,LEAH HALL,CORINA LOPEZ,1,3
9454700,MVBM - 400C,167142,LEAH HALL,skipped,skipped,1,3
9454700,MVBM - 400C,167143,LEAH HALL,MIA OUSLEY,skipped,1,3
9454700,MVBM - 400C,167144,LEAH HALL,MIA OUSLEY,CORINA LOPEZ,1,3
9454700,MVBM - 400C,167145,LEAH HALL,CORINA LOPEZ,MIA OUSLEY,1,3
9454700,MVBM - 400C,167146,CORINA LOPEZ,LEAH HALL,MIA OUSLEY,1,3
9454700,MVBM - 400C,167147,CORINA LOPEZ,MIA OUSLEY,LEAH HALL,1,3
9454700,MVBM - 400C,167148,CORINA LOPEZ,LEAH HALL,skipped,1,3
9454700,MVBM - 400C,167150,CORINA LOPEZ,MIA OUSLEY,LEAH HALL,1,3
9454700,MVBM - 400C,167151,CORINA LOPEZ,LEAH HALL,skipped,1,3
9454700,MVBM - 400C,167152,LEAH HALL,CORINA LOPEZ,MIA OUSLEY,1,3
9454700,MVBM - 400C,167153,LEAH HALL,skipped,skipped,1,3
9454700,MVBM - 400C,167154,CORINA LOPEZ,MIA OUSLEY,LEAH HALL,1,3
9454700,MVBM - 400C,167155,CORINA LOPEZ,MIA OUSLEY,LEAH HALL,1,3
9454700,MVBM - 400C,167156,MIA OUSLEY,CORINA LOPEZ,LEAH HALL,1,3
9454700,MVBM - 400C,167157,MIA OUSLEY,LEAH HALL,CORINA LOPEZ,1,3
9454700,MVBM - 400C,167158,CORINA LOPEZ,MIA OUSLEY,LEAH HALL,1,3
9454700,MVBM - 400C,167160,MIA OUSLEY,LEAH HALL,CORINA LOPEZ,1,3
9454700,MVBM - 400C,167161,CORINA LOPEZ,MIA OUSLEY,LEAH HALL,1,3
9454700,MVBM - 400C,167162,CORINA LOPEZ,MIA OUSLEY,LEAH HALL,1,3
9454700,MVBM - 400C,167163,MIA OUSLEY,skipped,skipped,1,3
9454700,MVBM - 400C,167164,LEAH HALL,CORINA LOPEZ,MIA OUSLEY,1,3
9454700,MVBM - 400C,167165,CORINA LOPEZ,LEAH HALL,MIA OUSLEY,1,3
9454700,MVBM - 400C,167166,CORINA LOPEZ,MIA OUSLEY,LEAH HALL,1,3
9454700,MVBM - 400C,167167,CORINA LOPEZ,MIA OUSLEY,LEAH HALL,1,3
9454700,MVBM - 400C,167168,CORINA LOPEZ,LEAH HALL,MIA OUSLEY,1,3
9454700,MVBM - 400C,167169,CORINA LOPEZ,MIA OUSLEY,skipped,1,3
9454700,MVBM - 400C,167170,MIA OUSLEY,LEAH HALL,CORINA LOPEZ,1,3
9454700,MVBM - 400C,167171,LEAH HALL,skipped,skipped,1,3
9454700,MVBM - 400C,167172,CORINA LOPEZ,skipped,skipped,1,3
9454700,MVBM - 400C,167173,LEAH HALL,MIA OUSLEY,CORINA LOPEZ,1,3
9454700,MVBM - 400C,167174,CORINA LOPEZ,skipped,skipped,1,3
9454700,MVBM - 400C,167175,CORINA LOPEZ,skipped,skipped,1,3
9454700,MVBM - 400C,167176,CORINA LOPEZ,MIA OUSLEY,LEAH HALL,1,3
9454700,MVBM - 400C,167177,CORINA LOPEZ,LEAH HALL,MIA OUSLEY,1,3
9454700,MVBM - 400C,167178,CORINA LOPEZ,MIA OUSLEY,LEAH HALL,1,3
9454700,MVBM - 400C,167179,MIA OUSLEY,skipped,skipped,1,3
9455010,MVBM - 400C,167182,CORINA LOPEZ,MIA OUSLEY,LEAH HALL,1,3
9455010,MVBM - 400C,167183,CORINA LOPEZ,MIA OUSLEY,LEAH HALL,1,3
9455010,MVBM - 400C,167184,LEAH HALL,MIA OUSLEY,CORINA LOPEZ,1,3
9455010,MVBM - 400C,167185,LEAH HALL,skipped,skipped,1,3
9455010,MVBM - 400C,167186,LEAH HALL,MIA OUSLEY,CORINA LOPEZ,1,3
9455010,MVBM - 400C,167187,MIA OUSLEY,CORINA LOPEZ,LEAH HALL,1,3
9455010,MVBM - 400C,167188,CORINA LOPEZ,skipped,skipped,1,3
9455010,MVBM - 400C,167189,CORINA LOPEZ,MIA OUSLEY,skipped,1,3
9455010,MVBM - 400C,167190,MIA OUSLEY,CORINA LOPEZ,LEAH HALL,1,3
9455010,MVBM - 400C,167191,CORINA LOPEZ,MIA OUSLEY,skipped,1,3
9455010,MVBM - 400C,167192,LEAH HALL,skipped,skipped,1,3
9455010,MVBM - 400C,167193,LEAH HALL,skipped,skipped,1,3
9455010,MVBM - 400C,167194,CORINA LOPEZ,LEAH HALL,MIA OUSLEY,1,3
9455010,MVBM - 400C,167195,CORINA LOPEZ,LEAH HALL,MIA OUSLEY,1,3
9455010,MVBM - 400C,167196,LEAH HALL,skipped,skipped,1,3
9455010,MVBM - 400C,167197,LEAH HALL,skipped,skipped,1,3
9455010,MVBM - 400C,167198,LEAH HALL,MIA OUSLEY,CORINA LOPEZ,1,3
9455010,MVBM - 400C,167199,MIA OUSLEY,CORINA LOPEZ,LEAH HALL,1,3
9455010,MVBM - 400C,167200,CORINA LOPEZ,MIA OUSLEY,LEAH HALL,1,3
9455010,MVBM - 400C,167201,MIA OUSLEY,LEAH HALL,CORINA LOPEZ,1,3
9455010,MVBM - 400C,167202,LEAH HALL,skipped,skipped,1,3
9455010,MVBM - 400C,167203,CORINA LOPEZ,MIA OUSLEY,LEAH HALL,1,3
9455010,MVBM - 400C,167204,MIA OUSLEY,LEAH HALL,CORINA LOPEZ,1,3
9455010,MVBM - 400C,167205,LEAH HALL,skipped,skipped,1,3
9455010,MVBM - 400C,167206,LEAH HALL,skipped,skipped,1,3
9455010,MVBM - 400C,167207,CORINA LOPEZ,LEAH HALL,skipped,1,3
9455010,MVBM - 400C,167208,MIA OUSLEY,CORINA LOPEZ,LEAH HALL,1,3
9455010,MVBM - 400C,167209,CORINA LOPEZ,LEAH HALL,skipped,1,3
9455010,MVBM - 400C,167210,CORINA LOPEZ,MIA OUSLEY,LEAH HALL,1,3
9455010,MVBM - 400C,167211,CORINA LOPEZ,skipped,skipped,1,3
9455010,MVBM - 400C,167212,CORINA LOPEZ,LEAH HALL,MIA OUSLEY,1,3
9455010,MVBM - 400C,167213,CORINA LOPEZ,LEAH HALL,MIA OUSLEY,1,3
9455010,MVBM - 400C,167214,CORINA LOPEZ,LEAH HALL,MIA OUSLEY,1,3
9455010,MVBM - 400C,167215,CORINA LOPEZ,skipped,skipped,1,3
9455010,MVBM - 400C,167216,CORINA LOPEZ,LEAH HALL,MIA OUSLEY,1,3
9455200,MVBM - 400C,167217,LEAH HALL,skipped,skipped,1,3
9455200,MVBM - 400C,167218,LEAH HALL,skipped,skipped,1,3
9455200,MVBM - 400C,167219,LEAH HALL,skipped,skipped,1,3
9455200,MVBM - 400C,167220,LEAH HALL,MIA OUSLEY,skipped,1,3
9455200,MVBM - 400C,167222,CORINA LOPEZ,skipped,skipped,1,3
9455200,MVBM - 400C,167223,LEAH HALL,CORINA LOPEZ,skipped,1,3
9455200,MVBM - 400C,167224,LEAH HALL,CORINA LOPEZ,MIA OUSLEY,1,3
9455200,MVBM - 400C,167225,CORINA LOPEZ,MIA OUSLEY,LEAH HALL,1,3
9455200,MVBM - 400C,167226,MIA OUSLEY,skipped,skipped,1,3
9455200,MVBM - 400C,167227,MIA OUSLEY,skipped,skipped,1,3
9455200,MVBM - 400C,167228,LEAH HALL,MIA OUSLEY,CORINA LOPEZ,1,3
9455200,MVBM - 400C,167229,LEAH HALL,MIA OUSLEY,CORINA LOPEZ,1,3
9455200,MVBM - 400C,167230,CORINA LOPEZ,LEAH HALL,MIA OUSLEY,1,3
9455200,MVBM - 400C,167231,CORINA LOPEZ,skipped,skipped,1,3
9455200,MVBM - 400C,167232,CORINA LOPEZ,MIA OUSLEY,skipped,1,3
9455200,MVBM - 400C,167233,LEAH HALL,skipped,skipped,1,3
9455200,MVBM - 400C,167234,CORINA LOPEZ,MIA OUSLEY,LEAH HALL,1,3
9455200,MVBM - 400C,167235,CORINA LOPEZ,MIA OUSLEY,LEAH HALL,1,3
9455200,MVBM - 400C,167236,CORINA LOPEZ,MIA OUSLEY,LEAH HALL,1,3
9455200,MVBM - 400C,167237,CORINA LOPEZ,MIA OUSLEY,LEAH HALL,1,3
9455200,MVBM - 400C,167238,LEAH HALL,skipped,skipped,1,3
9455200,MVBM - 400C,167239,LEAH HALL,MIA OUSLEY,skipped,1,3
9455200,MVBM - 400C,167240,LEAH HALL,skipped,skipped,1,3
9455200,MVBM - 400C,167241,MIA OUSLEY,skipped,skipped,1,3
9455200,MVBM - 400C,167242,CORINA LOPEZ,LEAH HALL,MIA OUSLEY,1,3
9455200,MVBM - 400C,167243,CORINA LOPEZ,skipped,skipped,1,3
9455200,MVBM - 400C,167244,CORINA LOPEZ,MIA OUSLEY,LEAH HALL,1,3
9455200,MVBM - 400C,167245,CORINA LOPEZ,LEAH HALL,MIA OUSLEY,1,3
9455200,MVBM - 400C,167246,CORINA LOPEZ,LEAH HALL,MIA OUSLEY,1,3
9455200,MVBM - 400C,167247,CORINA LOPEZ,MIA OUSLEY,LEAH HALL,1,3
9455200,MVBM - 400C,167248,LEAH HALL,CORINA LOPEZ,MIA OUSLEY,1,3
9455200,MVBM - 400C,167249,LEAH HALL,CORINA LOPEZ,MIA OUSLEY,1,3
9455200,MVBM - 400C,167250,LEAH HALL,CORINA LOPEZ,MIA OUSLEY,1,3
9455200,MVBM - 400C,167251,CORINA LOPEZ,MIA OUSLEY,LEAH HALL,1,3
9455200,MVBM - 400C,167252,CORINA LOPEZ,MIA OUSLEY,LEAH HALL,1,3
9455200,MVBM - 400C,167253,CORINA LOPEZ,MIA OUSLEY,LEAH HALL,1,3
9455200,MVBM - 400C,167254,CORINA LOPEZ,skipped,skipped,1,3
9455200,MVBM - 400C,167255,MIA OUSLEY,LEAH HALL,CORINA LOPEZ,1,3
9455200,MVBM - 400C,167256,MIA OUSLEY,LEAH HALL,CORINA LOPEZ,1,3
9455200,MVBM - 400C,167257,CORINA LOPEZ,MIA OUSLEY,LEAH HALL,1,3
9455200,MVBM - 400C,167258,CORINA LOPEZ,LEAH HALL,skipped,1,3
9455200,MVBM - 400C,167259,CORINA LOPEZ,MIA OUSLEY,LEAH HALL,1,3
9455410,MVBM - 400C,167260,CORINA LOPEZ,LEAH HALL,MIA OUSLEY,1,3
9455410,MVBM - 400C,167261,MIA OUSLEY,skipped,skipped,1,3
9455410,MVBM - 400C,167262,LEAH HALL,MIA OUSLEY,CORINA LOPEZ,1,3
9455410,MVBM - 400C,167263,CORINA LOPEZ,LEAH HALL,MIA OUSLEY,1,3
9455410,MVBM - 400C,167264,CORINA LOPEZ,LEAH HALL,MIA OUSLEY,1,3
9455410,MVBM - 400C,167265,CORINA LOPEZ,MIA OUSLEY,LEAH HALL,1,3
9455410,MVBM - 400C,167266,LEAH HALL,skipped,skipped,1,3
9455410,MVBM - 400C,167267,CORINA LOPEZ,LEAH HALL,MIA OUSLEY,1,3
9455410,MVBM - 400C,167268,CORINA LOPEZ,skipped,skipped,1,3
9455410,MVBM - 400C,167269,CORINA LOPEZ,skipped,skipped,1,3
9455410,MVBM - 400C,167270,MIA OUSLEY,LEAH HALL,CORINA LOPEZ,1,3
9455410,MVBM - 400C,167271,CORINA LOPEZ,MIA OUSLEY,LEAH HALL,1,3
9455410,MVBM - 400C,167272,CORINA LOPEZ,LEAH HALL,skipped,1,3
9455410,MVBM - 400C,167273,CORINA LOPEZ,MIA OUSLEY,skipped,1,3
9455410,MVBM - 400C,167274,CORINA LOPEZ,skipped,skipped,1,3
9455410,MVBM - 400C,167275,CORINA LOPEZ,MIA OUSLEY,LEAH HALL,1,3
450300,Vote by Mail - 400C,172671,MIA OUSLEY,LEAH HALL,skipped,1,3
450300,Vote by Mail - 400C,172672,LEAH HALL,MIA OUSLEY,skipped,1,3
450300,Vote by Mail - 400C,172673,MIA OUSLEY,CORINA LOPEZ,LEAH HALL,1,3
450300,Vote by Mail - 400C,172674,LEAH HALL,MIA OUSLEY,skipped,1,3
450300,Vote by Mail - 400C,172675,LEAH HALL,MIA OUSLEY,skipped,1,3
450300,Vote by Mail - 400C,172676,LEAH HALL,MIA OUSLEY,skipped,1,3
450400,Vote by Mail - 400C,172678,CORINA LOPEZ,skipped,skipped,1,3
450400,Vote by Mail - 400C,172681,MIA OUSLEY,CORINA LOPEZ,LEAH HALL,1,3
450400,Vote by Mail - 400C,172682,LEAH HALL,CORINA LOPEZ,MIA OUSLEY,1,3
450400,Vote by Mail - 400C,172683,CORINA LOPEZ,MIA OUSLEY,LEAH HALL,1,3
450400,Vote by Mail - 400C,172684,LEAH HALL,CORINA LOPEZ,MIA OUSLEY,1,3
450400,Vote by Mail - 400C,172685,CORINA LOPEZ,skipped,skipped,1,3
450400,Vote by Mail - 400C,172686,CORINA LOPEZ,skipped,skipped,1,3
450400,Vote by Mail - 400C,172687,CORINA LOPEZ,LEAH HALL,MIA OUSLEY,1,3
450400,Vote by Mail - 400C,172689,LEAH HALL,skipped,skipped,1,3
450400,Vote by Mail - 400C,172690,CORINA LOPEZ,skipped,skipped,1,3
450400,Vote by Mail - 400C,172691,MIA OUSLEY,CORINA LOPEZ,LEAH HALL,1,3
450400,Vote by Mail - 400C,172692,CORINA LOPEZ,LEAH HALL,MIA OUSLEY,1,3
450400,Vote by Mail - 400C,172693,LEAH HALL,CORINA LOPEZ,MIA OUSLEY,1,3
450400,Vote by Mail - 400C,172694,CORINA LOPEZ,skipped,skipped,1,3
450610,Vote by Mail - 400C,172695,CORINA LOPEZ,skipped,skipped,1,3
450610,Vote by Mail - 400C,172696,CORINA LOPEZ,MIA OUSLEY,LEAH HALL,1,3
450610,Vote by Mail - 400C,172697,CORINA LOPEZ,LEAH HALL,MIA OUSLEY,1,3
450610,Vote by Mail - 400C,172698,CORINA LOPEZ,MIA OUSLEY,LEAH HALL,1,3
450610,Vote by Mail - 400C,172700,LEAH HALL,skipped,skipped,1,3
450610,Vote by Mail - 400C,172702,LEAH HALL,MIA OUSLEY,CORINA LOPEZ,1,3
450610,Vote by Mail - 400C,172703,CORINA LOPEZ,LEAH HALL,MIA OUSLEY,1,3
450610,Vote by Mail - 400C,172704,CORINA LOPEZ,LEAH HALL,MIA OUSLEY,1,3
450610,Vote by Mail - 400C,172705,LEAH HALL,CORINA LOPEZ,MIA OUSLEY,1,3
450610,Vote by Mail - 400C,172706,CORINA LOPEZ,skipped,skipped,1,3
450610,Vote by Mail - 400C,172707,CORINA LOPEZ,MIA OUSLEY,LEAH HALL,1,3
450610,Vote by Mail - 400C,172708,CORINA LOPEZ,MIA OUSLEY,LEAH HALL,1,3
450800,Vote by Mail - 400C,172709,LEAH HALL,skipped,skipped,1,3
450800,Vote by Mail - 400C,172711,CORINA LOPEZ,LEAH HALL,MIA OUSLEY,1,3
450800,Vote by Mail - 400C,172712,MIA OUSLEY,LEAH HALL,CORINA LOPEZ,1,3
451000,Vote by Mail - 400C,172713,MIA OUSLEY,LEAH HALL,skipped,1,3
451000,Vote by Mail - 400C,172715,LEAH HALL,MIA OUSLEY,CORINA LOPEZ,1,3
451000,Vote by Mail - 400C,172716,MIA OUSLEY,skipped,skipped,1,3
451000,Vote by Mail - 400C,172717,MIA OUSLEY,skipped,skipped,1,3
451000,Vote by Mail - 400C,172718,MIA OUSLEY,skipped,skipped,1,3
451000,Vote by Mail - 400C,172719,LEAH HALL,skipped,skipped,1,3
451000,Vote by Mail - 400C,172720,CORINA LOPEZ,LEAH HALL,MIA OUSLEY,1,3
451000,Vote by Mail - 400C,172721,CORINA LOPEZ,MIA OUSLEY,skipped,1,3
451000,Vote by Mail - 400C,172722,MIA OUSLEY,LEAH HALL,skipped,1,3
451000,Vote by Mail - 400C,172723,LEAH HALL,MIA OUSLEY,CORINA LOPEZ,1,3
451000,Vote by Mail - 400C,172724,MIA OUSLEY,skipped,skipped,1,3
451000,Vote by Mail - 400C,172725,LEAH HALL,CORINA LOPEZ,MIA OUSLEY,1,3
451000,Vote by Mail - 400C,172726,LEAH HALL,skipped,skipped,1,3
451000,Vote by Mail - 400C,172729,MIA OUSLEY,skipped,skipped,1,3
451000,Vote by Mail - 400C,172730,LEAH HALL,MIA OUSLEY,CORINA LOPEZ,1,3
451510,Vote by Mail - 400C,172731,CORINA LOPEZ,MIA OUSLEY,LEAH HALL,1,3
451510,Vote by Mail - 400C,172733,CORINA LOPEZ,LEAH HALL,MIA OUSLEY,1,3
451510,Vote by Mail - 400C,172734,MIA OUSLEY,LEAH HALL,CORINA LOPEZ,1,3
451510,Vote by Mail - 400C,172735,CORINA LOPEZ,MIA OUSLEY,LEAH HALL,1,3
451600,Vote by Mail - 400C,172737,CORINA LOPEZ,MIA OUSLEY,LEAH HALL,1,3
451600,Vote by Mail - 400C,172738,MIA OUSLEY,skipped,skipped,1,3
451600,Vote by Mail - 400C,172739,MIA OUSLEY,skipped,skipped,1,3
451600,Vote by Mail - 400C,172740,CORINA LOPEZ,MIA OUSLEY,LEAH HALL,1,3
451600,Vote by Mail - 400C,172741,MIA OUSLEY,skipped,skipped,1,3
451600,Vote by Mail - 400C,172742,LEAH HALL,CORINA LOPEZ,MIA OUSLEY,1,3
451600,Vote by Mail - 400C,172744,LEAH HALL,CORINA LOPEZ,MIA OUSLEY,1,3
451600,Vote by Mail - 400C,172745,MIA OUSLEY,CORINA LOPEZ,skipped,1,3
451600,Vote by Mail - 400C,172746,MIA OUSLEY,skipped,skipped,1,3
451600,Vote by Mail - 400C,172747,MIA OUSLEY,LEAH HALL,CORINA LOPEZ,1,3
451700,Vote by Mail - 400C,172748,CORINA LOPEZ,skipped,skipped,1,3
451700,Vote by Mail - 400C,172749,CORINA LOPEZ,skipped,skipped,1,3
451700,Vote by Mail - 400C,172750,LEAH HALL,skipped,skipped,1,3
451700,Vote by Mail - 400C,172751,CORINA LOPEZ,MIA OUSLEY,LEAH HALL,1,3
451700,Vote by Mail - 400C,172752,LEAH HALL,MIA OUSLEY,CORINA LOPEZ,1,3
451700,Vote by Mail - 400C,172753,LEAH HALL,MIA OUSLEY,CORINA LOPEZ,1,3
451700,Vote by Mail - 400C,172754,CORINA LOPEZ,LEAH HALL,MIA OUSLEY,1,3
451700,Vote by Mail - 400C,172755,CORINA LOPEZ,MIA OUSLEY,LEAH HALL,1,3
451700,Vote by Mail - 400C,172756,CORINA LOPEZ,MIA OUSLEY,LEAH HALL,1,3
451700,Vote by Mail - 400C,172757,CORINA LOPEZ,MIA OUSLEY,LEAH HALL,1,3
451700,Vote by Mail - 400C,172758,CORINA LOPEZ,LEAH HALL,MIA OUSLEY,1,3
451700,Vote by Mail - 400C,172759,CORINA LOPEZ,MIA OUSLEY,LEAH HALL,1,3
451700,Vote by Mail - 400C,172760,MIA OUSLEY,LEAH HALL,skipped,1,3
451700,Vote by Mail - 400C,172761,CORINA LOPEZ,skipped,skipped,1,3
451700,Vote by Mail - 400C,172762,LEAH HALL,MIA OUSLEY,CORINA LOPEZ,1,3
452100,Vote by Mail - 400C,172763,MIA OUSLEY,skipped,skipped,1,3
452100,Vote by Mail - 400C,172764,CORINA LOPEZ,skipped,skipped,1,3
452100,Vote by Mail - 400C,172766,CORINA LOPEZ,MIA OUSLEY,LEAH HALL,1,3
452100,Vote by Mail - 400C,172768,CORINA LOPEZ,skipped,skipped,1,3
452100,Vote by Mail - 400C,172769,MIA OUSLEY,CORINA LOPEZ,LEAH HALL,1,3
452100,Vote by Mail - 400C,172770,LEAH HALL,CORINA LOPEZ,MIA OUSLEY,1,3
452100,Vote by Mail - 400C,172771,CORINA LOPEZ,LEAH HALL,MIA OUSLEY,1,3
452100,Vote by Mail - 400C,172772,MIA OUSLEY,LEAH HALL,CORINA LOPEZ,1,3
452100,Vote by Mail - 400C,172773,LEAH HALL,skipped,skipped,1,3
452100,Vote by Mail - 400C,172774,CORINA LOPEZ,LEAH HALL,MIA OUSLEY,1,3
452100,Vote by Mail - 400C,172776,LEAH HALL,CORINA LOPEZ,MIA OUSLEY,1,3
452200,Vote by Mail - 400C,172777,CORINA LOPEZ,MIA OUSLEY,LEAH HALL,1,3
452200,Vote by Mail - 400C,172778,CORINA LOPEZ,skipped,skipped,1,3
452200,Vote by Mail - 400C,172779,MIA OUSLEY,CORINA LOPEZ,LEAH HALL,1,3
452200,Vote by Mail - 400C,172780,CORINA LOPEZ,skipped,skipped,1,3
452200,Vote by Mail - 400C,172781,CORINA LOPEZ,skipped,skipped,1,3
452200,Vote by Mail - 400C,172782,CORINA LOPEZ,LEAH HALL,MIA OUSLEY,1,3
452200,Vote by Mail - 400C,172783,CORINA LOPEZ,LEAH HALL,MIA OUSLEY,1,3
452200,Vote by Mail - 400C,172784,MIA OUSLEY,skipped,skipped,1,3
452200,Vote by Mail - 400C,172785,CORINA LOPEZ,LEAH HALL,skipped,1,3
452200,Vote by Mail - 400C,172786,LEAH HALL,MIA OUSLEY,CORINA LOPEZ,1,3
452200,Vote by Mail - 400C,172787,MIA OUSLEY,CORINA LOPEZ,skipped,1,3
452200,Vote by Mail - 400C,172788,MIA OUSLEY,CORINA LOPEZ,LEAH HALL,1,3
452200,Vote by Mail - 400C,172789,CORINA LOPEZ,LEAH HALL,MIA OUSLEY,1,3
452200,Vote by Mail - 400C,172790,CORINA LOPEZ,skipped,skipped,1,3
452200,Vote by Mail - 400C,172792,CORINA LOPEZ,skipped,skipped,1,3
452200,Vote by Mail - 400C,172793,CORINA LOPEZ,LEAH HALL,skipped,1,3
452200,Vote by Mail - 400C,172794,LEAH HALL,CORINA LOPEZ,skipped,1,3
452200,Vote by Mail - 400C,172795,LEAH HALL,MIA OUSLEY,CORINA LOPEZ,1,3
452200,Vote by Mail - 400C,172796,MIA OUSLEY,LEAH HALL,skipped,1,3
452200,Vote by Mail - 400C,172798,CORINA LOPEZ,LEAH HALL,MIA OUSLEY,1,3
452200,Vote by Mail - 400C,172799,CORINA LOPEZ,MIA OUSLEY,LEAH HALL,1,3
452200,Vote by Mail - 400C,172800,LEAH HALL,skipped,skipped,1,3
452200,Vote by Mail - 400C,172801,CORINA LOPEZ,MIA OUSLEY,skipped,1,3
452200,Vote by Mail - 400C,172802,MIA OUSLEY,LEAH HALL,CORINA LOPEZ,1,3
452200,Vote by Mail - 400C,172803,CORINA LOPEZ,MIA OUSLEY,LEAH HALL,1,3
452200,Vote by Mail - 400C,172804,CORINA LOPEZ,skipped,skipped,1,3
452400,Vote by Mail - 400C,172805,CORINA LOPEZ,skipped,skipped,1,3
452400,Vote by Mail - 400C,172806,CORINA LOPEZ,LEAH HALL,MIA OUSLEY,1,3
452400,Vote by Mail - 400C,172807,CORINA LOPEZ,LEAH HALL,MIA OUSLEY,1,3
452400,Vote by Mail - 400C,172808,CORINA LOPEZ,skipped,skipped,1,3
452400,Vote by Mail - 400C,172809,CORINA LOPEZ,MIA OUSLEY,LEAH HALL,1,3
452400,Vote by Mail - 400C,172810,MIA OUSLEY,CORINA LOPEZ,skipped,1,3
452400,Vote by Mail - 400C,172811,CORINA LOPEZ,LEAH HALL,MIA OUSLEY,1,3
452400,Vote by Mail - 400C,172812,LEAH HALL,MIA OUSLEY,CORINA LOPEZ,1,3
452400,Vote by Mail - 400C,172813,CORINA LOPEZ,MIA OUSLEY,LEAH HALL,1,3
452400,Vote by Mail - 400C,172814,MIA OUSLEY,skipped,skipped,1,3
452400,Vote by Mail - 400C,172815,CORINA LOPEZ,LEAH HALL,skipped,1,3
452400,Vote by Mail - 400C,172816,CORINA LOPEZ,MIA OUSLEY,LEAH HALL,1,3
452400,Vote by Mail - 400C,172817,CORINA LOPEZ,MIA OUSLEY,skipped,1,3
452500,Vote by Mail - 400C,172818,MIA OUSLEY,LEAH HALL,CORINA LOPEZ,1,3
452500,Vote by Mail - 400C,172819,MIA OUSLEY,skipped,skipped,1,3
452500,Vote by Mail - 400C,172820,LEAH HALL,MIA OUSLEY,CORINA LOPEZ,1,3
452500,Vote by Mail - 400C,172821,CORINA LOPEZ,LEAH HALL,MIA OUSLEY,1,3
452500,Vote by Mail - 400C,172822,LEAH HALL,MIA OUSLEY,skipped,1,3
452500,Vote by Mail - 400C,172823,MIA OUSLEY,CORINA LOPEZ,LEAH HALL,1,3
452500,Vote by Mail - 400C,172824,LEAH HALL,MIA OUSLEY,skipped,1,3
452500,Vote by Mail - 400C,172825,CORINA LOPEZ,MIA OUSLEY,skipped,1,3
452500,Vote by Mail - 400C,172827,CORINA LOPEZ,skipped,skipped,1,3
452500,Vote by Mail - 400C,172828,CORINA LOPEZ,skipped,skipped,1,3
452500,Vote by Mail - 400C,172829,LEAH HALL,MIA OUSLEY,skipped,1,3
452500,Vote by Mail - 400C,172831,LEAH HALL,CORINA LOPEZ,MIA OUSLEY,1,3
452500,Vote by Mail - 400C,172832,LEAH HALL,skipped,skipped,1,3
453100,Vote by Mail - 400C,172833,MIA OUSLEY,CORINA LOPEZ,LEAH HALL,1,3
453100,Vote by Mail - 400C,172834,CORINA LOPEZ,MIA OUSLEY,LEAH HALL,1,3
453100,Vote by Mail - 400C,172835,MIA OUSLEY,LEAH HALL,CORINA LOPEZ,1,3
453100,Vote by Mail - 400C,172836,LEAH HALL,CORINA LOPEZ,MIA OUSLEY,1,3
453100,Vote by Mail - 400C,172837,LEAH HALL,MIA OUSLEY,CORINA LOPEZ,1,3
453100,Vote by Mail - 400C,172838,CORINA LOPEZ,skipped,skipped,1,3
453100,Vote by Mail - 400C,172840,MIA OUSLEY,LEAH HALL,CORINA LOPEZ,1,3
453100,Vote by Mail - 400C,172841,CORINA LOPEZ,skipped,skipped,1,3
453300,Vote by Mail - 400C,172843,CORINA LOPEZ,skipped,skipped,1,3
453300,Vote by Mail - 400C,172844,CORINA LOPEZ,MIA OUSLEY,LEAH HALL,1,3
453300,Vote by Mail - 400C,172845,CORINA LOPEZ,MIA OUSLEY,LEAH HALL,1,3
453300,Vote by Mail - 400C,172846,CORINA LOPEZ,MIA OUSLEY,LEAH HALL,1,3
453300,Vote by Mail - 400C,172847,CORINA LOPEZ,LEAH HALL,skipped,1,3
453300,Vote by Mail - 400C,172848,CORINA LOPEZ,MIA OUSLEY,LEAH HALL,1,3
453300,Vote by Mail - 400C,172849,CORINA LOPEZ,skipped,skipped,1,3
453300,Vote by Mail - 400C,172850,CORINA LOPEZ,skipped,skipped,1,3
453300,Vote by Mail - 400C,172851,CORINA LOPEZ,LEAH HALL,MIA OUSLEY,1,3
453300,Vote by Mail - 400C,172852,CORINA LOPEZ,MIA OUSLEY,LEAH HALL,1,3
453300,Vote by Mail - 400C,172853,CORINA LOPEZ,skipped,skipped,1,3
453300,Vote by Mail - 400C,172854,LEAH HALL,MIA OUSLEY,CORINA LOPEZ,1,3
453300,Vote by Mail - 400C,172855,MIA OUSLEY,skipped,skipped,1,3
453300,Vote by Mail - 400C,172856,CORINA LOPEZ,MIA OUSLEY,LEAH HALL,1,3
453300,Vote by Mail - 400C,172857,CORINA LOPEZ,MIA OUSLEY,skipped,1,3
453400,Vote by Mail - 400C,172858,CORINA LOPEZ,LEAH HALL,MIA OUSLEY,1,3
453400,Vote by Mail - 400C,172859,CORINA LOPEZ,LEAH HALL,skipped,1,3
453400,Vote by Mail - 400C,172860,CORINA LOPEZ,LEAH HALL,MIA OUSLEY,1,3
453400,Vote by Mail - 400C,172861,LEAH HALL,skipped,skipped,1,3
453400,Vote by Mail - 400C,172862,CORINA LOPEZ,MIA OUSLEY,LEAH HALL,1,3
453400,Vote by Mail - 400C,172863,LEAH HALL,MIA OUSLEY,CORINA LOPEZ,1,3
453400,Vote by Mail - 400C,172864,CORINA LOPEZ,MIA OUSLEY,skipped,1,3
453400,Vote by Mail - 400C,172865,CORINA LOPEZ,LEAH HALL,skipped,1,3
453400,Vote by Mail - 400C,172866,CORINA LOPEZ,skipped,skipped,1,3
453400,Vote by Mail - 400C,172867,LEAH HALL,MIA OUSLEY,skipped,1,3
453500,Vote by Mail - 400C,172870,CORINA LOPEZ,MIA OUSLEY,LEAH HALL,1,3
453500,Vote by Mail - 400C,172871,MIA OUSLEY,LEAH HALL,CORINA LOPEZ,1,3
453500,Vote by Mail - 400C,172873,MIA OUSLEY,LEAH HALL,CORINA LOPEZ,1,3
453500,Vote by Mail - 400C,172875,CORINA LOPEZ,skipped,skipped,1,3
453500,Vote by Mail - 400C,172876,LEAH HALL,MIA OUSLEY,CORINA LOPEZ,1,3
453500,Vote by Mail - 400C,172877,MIA OUSLEY,LEAH HALL,CORINA LOPEZ,1,3
453500,Vote by Mail - 400C,172878,LEAH HALL,skipped,skipped,1,3
453500,Vote by Mail - 400C,172879,MIA OUSLEY,LEAH HALL,skipped,1,3
453500,Vote by Mail - 400C,172880,MIA OUSLEY,LEAH HALL,skipped,1,3
453500,Vote by Mail - 400C,172882,LEAH HALL,skipped,skipped,1,3
453500,Vote by Mail - 400C,172883,CORINA LOPEZ,skipped,skipped,1,3
453500,Vote by Mail - 400C,172884,CORINA LOPEZ,MIA OUSLEY,skipped,1,3
453500,Vote by Mail - 400C,172885,MIA OUSLEY,LEAH HALL,CORINA LOPEZ,1,3
453500,Vote by Mail - 400C,172886,LEAH HALL,CORINA LOPEZ,MIA OUSLEY,1,3
453900,Vote by Mail - 400C,172887,LEAH HALL,MIA OUSLEY,CORINA LOPEZ,1,3
453900,Vote by Mail - 400C,172888,CORINA LOPEZ,MIA OUSLEY,LEAH HALL,1,3
453900,Vote by Mail - 400C,172889,LEAH HALL,CORINA LOPEZ,MIA OUSLEY,1,3
453900,Vote by Mail - 400C,172890,CORINA LOPEZ,MIA OUSLEY,skipped,1,3
453900,Vote by Mail - 400C,172891,MIA OUSLEY,LEAH HALL,skipped,1,3
453900,Vote by Mail - 400C,172892,LEAH HALL,skipped,skipped,1,3
453900,Vote by Mail - 400C,172893,CORINA LOPEZ,MIA OUSLEY,LEAH HALL,1,3
453900,Vote by Mail - 400C,172894,CORINA LOPEZ,MIA OUSLEY,LEAH HALL,1,3
453900,Vote by Mail - 400C,172895,CORINA LOPEZ,skipped,skipped,1,3
453900,Vote by Mail - 400C,172896,CORINA LOPEZ,skipped,skipped,1,3
453900,Vote by Mail - 400C,172897,CORINA LOPEZ,LEAH HALL,MIA OUSLEY,1,3
453900,Vote by Mail - 400C,172898,CORINA LOPEZ,LEAH HALL,MIA OUSLEY,1,3
453900,Vote by Mail - 400C,172899,CORINA LOPEZ,LEAH HALL,MIA OUSLEY,1,3
453900,Vote by Mail - 400C,172900,CORINA LOPEZ,LEAH HALL,MIA OUSLEY,1,3
453900,Vote by Mail - 400C,172901,LEAH HALL,skipped,skipped,1,3
453900,Vote by Mail - 400C,172902,CORINA LOPEZ,LEAH HALL,MIA OUSLEY,1,3
453900,Vote by Mail - 400C,172903,LEAH HALL,skipped,skipped,1,3
453900,Vote by Mail - 400C,172904,LEAH HALL,MIA OUSLEY,skipped,1,3
453900,Vote by Mail - 400C,172905,CORINA LOPEZ,skipped,skipped,1,3
453900,Vote by Mail - 400C,172906,CORINA LOPEZ,skipped,skipped,1,3
453900,Vote by Mail - 400C,172907,CORINA LOPEZ,MIA OUSLEY,LEAH HALL,1,3
453900,Vote by Mail - 400C,172908,LEAH HALL,MIA OUSLEY,skipped,1,3
453900,Vote by Mail - 400C,172909,CORINA LOPEZ,skipped,skipped,1,3
453900,Vote by Mail - 400C,172910,LEAH HALL,MIA OUSLEY,skipped,1,3
453900,Vote by Mail - 400C,172911,CORINA LOPEZ,MIA OUSLEY,skipped,1,3
453900,Vote by Mail - 400C,172912,CORINA LOPEZ,skipped,skipped,1,3
453900,Vote by Mail - 400C,172913,LEAH HALL,skipped,skipped,1,3
453900,Vote by Mail - 400C,172915,CORINA LOPEZ,LEAH HALL,skipped,1,3
453900,Vote by Mail - 400C,172916,CORINA LOPEZ,skipped,skipped,1,3
453900,Vote by Mail - 400C,172917,CORINA LOPEZ,LEAH HALL,skipped,1,3
453900,Vote by Mail - 400C,172918,LEAH HALL,CORINA LOPEZ,skipped,1,3
453900,Vote by Mail - 400C,172920,LEAH HALL,skipped,skipped,1,3
453920,Vote by Mail - 400C,172922,MIA OUSLEY,skipped,skipped,1,3
453920,Vote by Mail - 400C,172924,MIA OUSLEY,LEAH HALL,skipped,1,3
453920,Vote by Mail - 400C,172926,MIA OUSLEY,LEAH HALL,CORINA LOPEZ,1,3
453920,Vote by Mail - 400C,172927,CORINA LOPEZ,MIA OUSLEY,LEAH HALL,1,3
453920,Vote by Mail - 400C,172928,LEAH HALL,CORINA LOPEZ,MIA OUSLEY,1,3
453920,Vote by Mail - 400C,172929,CORINA LOPEZ,LEAH HALL,MIA OUSLEY,1,3
454100,Vote by Mail - 400C,172931,LEAH HALL,MIA OUSLEY,CORINA LOPEZ,1,3
454100,Vote by Mail - 400C,172932,LEAH HALL,CORINA LOPEZ,skipped,1,3
454100,Vote by Mail - 400C,172933,MIA OUSLEY,LEAH HALL,CORINA LOPEZ,1,3
454100,Vote by Mail - 400C,172934,LEAH HALL,CORINA LOPEZ,MIA OUSLEY,1,3
454100,Vote by Mail - 400C,172935,CORINA LOPEZ,LEAH HALL,skipped,1,3
454100,Vote by Mail - 400C,172936,LEAH HALL,skipped,skipped,1,3
454100,Vote by Mail - 400C,172937,MIA OUSLEY,CORINA LOPEZ,LEAH HALL,1,3
454500,Vote by Mail - 400C,172938,CORINA LOPEZ,skipped,skipped,1,3
454500,Vote by Mail - 400C,172939,LEAH HALL,CORINA LOPEZ,skipped,1,3
454500,Vote by Mail - 400C,172941,CORINA LOPEZ,skipped,skipped,1,3
454500,Vote by Mail - 400C,172942,CORINA LOPEZ,skipped,skipped,1,3
454500,Vote by Mail - 400C,172943,CORINA LOPEZ,LEAH HALL,MIA OUSLEY,1,3
454500,Vote by Mail - 400C,172944,CORINA LOPEZ,LEAH HALL,MIA OUSLEY,1,3
454500,Vote by Mail - 400C,172945,LEAH HALL,MIA OUSLEY,skipped,1,3
454500,Vote by Mail - 400C,172946,CORINA LOPEZ,LEAH HALL,MIA OUSLEY,1,3
454500,Vote by Mail - 400C,172947,CORINA LOPEZ,LEAH HALL,MIA OUSLEY,1,3
454500,Vote by Mail - 400C,172948,CORINA LOPEZ,LEAH HALL,MIA OUSLEY,1,3
455000,Vote by Mail - 400C,172949,LEAH HALL,CORINA LOPEZ,MIA OUSLEY,1,3
455000,Vote by Mail - 400C,172950,LEAH HALL,CORINA LOPEZ,MIA OUSLEY,1,3
455100,Vote by Mail - 400C,172953,CORINA LOPEZ,MIA OUSLEY,skipped,1,3
455100,Vote by Mail - 400C,172955,LEAH HALL,MIA OUSLEY,CORINA LOPEZ,1,3
455300,Vote by Mail - 400C,172958,CORINA LOPEZ,MIA OUSLEY,LEAH HALL,1,3
455300,Vote by Mail - 400C,172959,CORINA LOPEZ,LEAH HALL,MIA OUSLEY,1,3
455300,Vote by Mail - 400C,172960,LEAH HALL,CORINA LOPEZ,skipped,1,3
455300,Vote by Mail - 400C,172961,MIA OUSLEY,CORINA LOPEZ,LEAH HALL,1,3
455300,Vote by Mail - 400C,172962,CORINA LOPEZ,LEAH HALL,MIA OUSLEY,1,3
455300,Vote by Mail - 400C,172963,CORINA LOPEZ,skipped,skipped,1,3
455300,Vote by Mail - 400C,172964,LEAH HALL,MIA OUSLEY,CORINA LOPEZ,1,3
455300,Vote by Mail - 400C,172965,CORINA LOPEZ,MIA OUSLEY,LEAH HALL,1,3
455300,Vote by Mail - 400C,172966,CORINA LOPEZ,skipped,skipped,1,3
455300,Vote by Mail - 400C,172967,CORINA LOPEZ,LEAH HALL,MIA OUSLEY,1,3
455300,Vote by Mail - 400C,172968,LEAH HALL,MIA OUSLEY,skipped,1,3
455400,Vote by Mail - 400C,172969,CORINA LOPEZ,MIA OUSLEY,LEAH HALL,1,3
455400,Vote by Mail - 400C,172970,CORINA LOPEZ,MIA OUSLEY,LEAH HALL,1,3
455400,Vote by Mail - 400C,172971,CORINA LOPEZ,skipped,skipped,1,3
455400,Vote by Mail - 400C,172972,CORINA LOPEZ,LEAH HALL,skipped,1,3
455400,Vote by Mail - 400C,172973,LEAH HALL,CORINA LOPEZ,MIA OUSLEY,1,3
455400,Vote by Mail - 400C,172974,MIA OUSLEY,skipped,skipped,1,3
455400,Vote by Mail - 400C,172975,CORINA LOPEZ,LEAH HALL,MIA OUSLEY,1,3
455400,Vote by Mail - 400C,172977,MIA OUSLEY,CORINA LOPEZ,LEAH HALL,1,3
455400,Vote by Mail - 400C,172978,CORINA LOPEZ,MIA OUSLEY,skipped,1,3
455400,Vote by Mail - 400C,172979,CORINA LOPEZ,skipped,skipped,1,3
455400,Vote by Mail - 400C,172980,MIA OUSLEY,CORINA LOPEZ,skipped,1,3
455400,Vote by Mail - 400C,172981,CORINA LOPEZ,skipped,skipped,1,3
455400,Vote by Mail - 400C,172982,LEAH HALL,skipped,skipped,1,3
455400,Vote by Mail - 400C,172983,CORINA LOPEZ,LEAH HALL,skipped,1,3
455400,Vote by Mail - 400C,172984,CORINA LOPEZ,LEAH HALL,skipped,1,3
455400,Vote by Mail - 400C,172986,CORINA LOPEZ,LEAH HALL,skipped,1,3
455400,Vote by Mail - 400C,172987,LEAH HALL,MIA OUSLEY,CORINA LOPEZ,1,3
455400,Vote by Mail - 400C,172988,CORINA LOPEZ,MIA OUSLEY,skipped,1,3
455400,Vote by Mail - 400C,172989,CORINA LOPEZ,MIA OUSLEY,skipped,1,3
455400,Vote by Mail - 400C,172990,LEAH HALL,MIA OUSLEY,skipped,1,3
455400,Vote by Mail - 400C,172991,LEAH HALL,MIA OUSLEY,skipped,1,3
455500,Vote by Mail - 400C,172992,CORINA LOPEZ,skipped,skipped,1,3
455500,Vote by Mail - 400C,172993,MIA OUSLEY,CORINA LOPEZ,LEAH HALL,1,3
455500,Vote by Mail - 400C,172994,LEAH HALL,skipped,skipped,1,3
455500,Vote by Mail - 400C,172996,CORINA LOPEZ,MIA OUSLEY,LEAH HALL,1,3
455500,Vote by Mail - 400C,172998,CORINA LOPEZ,LEAH HALL,MIA OUSLEY,1,3
455700,Vote by Mail - 400C,172999,LEAH HALL,MIA OUSLEY,skipped,1,3
455900,Vote by Mail - 400C,173000,LEAH HALL,CORINA LOPEZ,MIA OUSLEY,1,3
455900,Vote by Mail - 400C,173001,CORINA LOPEZ,MIA OUSLEY,skipped,1,3
455900,Vote by Mail - 400C,173002,CORINA LOPEZ,LEAH HALL,MIA OUSLEY,1,3
455900,Vote by Mail - 400C,173003,CORINA LOPEZ,MIA OUSLEY,LEAH HALL,1,3
455900,Vote by Mail - 400C,173005,CORINA LOPEZ,MIA OUSLEY,LEAH HALL,1,3
455900,Vote by Mail - 400C,173006,CORINA LOPEZ,MIA OUSLEY,LEAH HALL,1,3
455900,Vote by Mail - 400C,173007,LEAH HALL,skipped,skipped,1,3
455900,Vote by Mail - 400C,173008,MIA OUSLEY,LEAH HALL,skipped,1,3
455900,Vote by Mail - 400C,173009,LEAH HALL,MIA OUSLEY,skipped,1,3
455900,Vote by Mail - 400C,173010,CORINA LOPEZ,MIA OUSLEY,LEAH HALL,1,3
455900,Vote by Mail - 400C,173011,LEAH HALL,CORINA LOPEZ,MIA OUSLEY,1,3
455900,Vote by Mail - 400C,173012,CORINA LOPEZ,skipped,skipped,1,3
455900,Vote by Mail - 400C,173013,CORINA LOPEZ,MIA OUSLEY,LEAH HALL,1,3
455900,Vote by Mail - 400C,173014,LEAH HALL,MIA OUSLEY,skipped,1,3
455900,Vote by Mail - 400C,173015,LEAH HALL,MIA OUSLEY,skipped,1,3
455900,Vote by Mail - 400C,173016,MIA OUSLEY,LEAH HALL,CORINA LOPEZ,1,3
455900,Vote by Mail - 400C,173017,CORINA LOPEZ,LEAH HALL,MIA OUSLEY,1,3
455900,Vote by Mail - 400C,173018,CORINA LOPEZ,MIA OUSLEY,LEAH HALL,1,3
456200,Vote by Mail - 400C,173019,LEAH HALL,CORINA LOPEZ,MIA OUSLEY,1,3
456200,Vote by Mail - 400C,173020,MIA OUSLEY,LEAH HALL,CORINA LOPEZ,1,3
456200,Vote by Mail - 400C,173021,CORINA LOPEZ,LEAH HALL,skipped,1,3
456200,Vote by Mail - 400C,173022,CORINA LOPEZ,LEAH HALL,MIA OUSLEY,1,3
456200,Vote by Mail - 400C,173023,CORINA LOPEZ,LEAH HALL,MIA OUSLEY,1,3
456200,Vote by Mail - 400C,173024,CORINA LOPEZ,LEAH HALL,MIA OUSLEY,1,3
456200,Vote by Mail - 400C,173025,CORINA LOPEZ,MIA OUSLEY,LEAH HALL,1,3
456200,Vote by Mail - 400C,173027,LEAH HALL,skipped,skipped,1,3
456200,Vote by Mail - 400C,173029,MIA OUSLEY,LEAH HALL,skipped,1,3
456200,Vote by Mail - 400C,173030,CORINA LOPEZ,skipped,skipped,1,3
456200,Vote by Mail - 400C,173031,MIA OUSLEY,skipped,skipped,1,3
456200,Vote by Mail - 400C,173032,CORINA LOPEZ,MIA OUSLEY,LEAH HALL,1,3
456200,Vote by Mail - 400C,173033,CORINA LOPEZ,skipped,skipped,1,3
456200,Vote by Mail - 400C,173036,MIA OUSLEY,LEAH HALL,skipped,1,3
456200,Vote by Mail - 400C,173037,LEAH HALL,MIA OUSLEY,CORINA LOPEZ,1,3
456200,Vote by Mail - 400C,173038,MIA OUSLEY,LEAH HALL,CORINA LOPEZ,1,3
456200,Vote by Mail - 400C,173039,CORINA LOPEZ,skipped,skipped,1,3
456500,Vote by Mail - 400C,173040,MIA OUSLEY,CORINA LOPEZ,LEAH HALL,1,3
456500,Vote by Mail - 400C,173041,CORINA LOPEZ,LEAH HALL,MIA OUSLEY,1,3
456500,Vote by Mail - 400C,173042,CORINA LOPEZ,skipped,skipped,1,3
456500,Vote by Mail - 400C,173043,MIA OUSLEY,CORINA LOPEZ,skipped,1,3
456500,Vote by Mail - 400C,173044,LEAH HALL,MIA OUSLEY,skipped,1,3
456500,Vote by Mail - 400C,173045,MIA OUSLEY,skipped,skipped,1,3
456500,Vote by Mail - 400C,173047,MIA OUSLEY,CORINA LOPEZ,skipped,1,3
456500,Vote by Mail - 400C,173048,LEAH HALL,CORINA LOPEZ,MIA OUSLEY,1,3
456500,Vote by Mail - 400C,173049,MIA OUSLEY,LEAH HALL,skipped,1,3
456500,Vote by Mail - 400C,173051,MIA OUSLEY,LEAH HALL,skipped,1,3
456500,Vote by Mail - 400C,173052,LEAH HALL,skipped,skipped,1,3
456500,Vote by Mail - 400C,173053,MIA OUSLEY,LEAH HALL,CORINA LOPEZ,1,3
456500,Vote by Mail - 400C,173054,CORINA LOPEZ,LEAH HALL,skipped,1,3
456500,Vote by Mail - 400C,173055,CORINA LOPEZ,MIA OUSLEY,LEAH HALL,1,3
456500,Vote by Mail - 400C,173056,LEAH HALL,MIA OUSLEY,skipped,1,3
456500,Vote by Mail - 400C,173057,LEAH HALL,MIA OUSLEY,skipped,1,3
456500,Vote by Mail - 400C,173059,MIA OUSLEY,CORINA LOPEZ,LEAH HALL,1,3
456600,Vote by Mail - 400C,173060,MIA OUSLEY,CORINA LOPEZ,LEAH HALL,1,3
456600,Vote by Mail - 400C,173061,CORINA LOPEZ,skipped,skipped,1,3
456600,Vote by Mail - 400C,173062,LEAH HALL,CORINA LOPEZ,MIA OUSLEY,1,3
456600,Vote by Mail - 400C,173063,MIA OUSLEY,CORINA LOPEZ,LEAH HALL,1,3
456600,Vote by Mail - 400C,173065,MIA OUSLEY,CORINA LOPEZ,LEAH HALL,1,3
456600,Vote by Mail - 400C,173066,MIA OUSLEY,CORINA LOPEZ,LEAH HALL,1,3
456600,Vote by Mail - 400C,173070,CORINA LOPEZ,skipped,skipped,1,3
456600,Vote by Mail - 400C,173073,MIA OUSLEY,CORINA LOPEZ,LEAH HALL,1,3
456600,Vote by Mail - 400C,173074,CORINA LOPEZ,MIA OUSLEY,LEAH HALL,1,3
456600,Vote by Mail - 400C,173075,LEAH HALL,MIA OUSLEY,skipped,1,3
456600,Vote by Mail - 400C,173076,CORINA LOPEZ,LEAH HALL,skipped,1,3
456600,Vote by Mail - 400C,173077,LEAH HALL,MIA OUSLEY,skipped,1,3
456600,Vote by Mail - 400C,173078,CORINA LOPEZ,MIA OUSLEY,LEAH HALL,1,3
456600,Vote by Mail - 400C,173079,CORINA LOPEZ,LEAH HALL,skipped,1,3
456900,Vote by Mail - 400C,173081,MIA OUSLEY,LEAH HALL,CORINA LOPEZ,1,3
456900,Vote by Mail - 400C,173082,CORINA LOPEZ,LEAH HALL,MIA OUSLEY,1,3
456900,Vote by Mail - 400C,173083,MIA OUSLEY,skipped,skipped,1,3
456900,Vote by Mail - 400C,173084,CORINA LOPEZ,MIA OUSLEY,LEAH HALL,1,3
456900,Vote by Mail - 400C,173085,CORINA LOPEZ,skipped,skipped,1,3
456900,Vote by Mail - 400C,173087,CORINA LOPEZ,MIA OUSLEY,LEAH HALL,1,3
456900,Vote by Mail - 400C,173088,CORINA LOPEZ,MIA OUSLEY,LEAH HALL,1,3
456900,Vote by Mail - 400C,173089,CORINA LOPEZ,MIA OUSLEY,LEAH HALL,1,3
456900,Vote by Mail - 400C,173090,LEAH HALL,MIA OUSLEY,CORINA LOPEZ,1,3
456900,Vote by Mail - 400C,173091,CORINA LOPEZ,LEAH HALL,MIA OUSLEY,1,3
456900,Vote by Mail - 400C,173092,LEAH HALL,MIA OUSLEY,skipped,1,3
456900,Vote by Mail - 400C,173093,LEAH HALL,MIA OUSLEY,CORINA LOPEZ,1,3
456900,Vote by Mail - 400C,173094,LEAH HALL,MIA OUSLEY,skipped,1,3
456900,Vote by Mail - 400C,173096,MIA OUSLEY,CORINA LOPEZ,LEAH HALL,1,3
456900,Vote by Mail - 400C,173097,CORINA LOPEZ,LEAH HALL,skipped,1,3
457100,Vote by Mail - 400C,173098,LEAH HALL,MIA OUSLEY,CORINA LOPEZ,1,3
457100,Vote by Mail - 400C,173099,LEAH HALL,MIA OUSLEY,CORINA LOPEZ,1,3
457100,Vote by Mail - 400C,173100,MIA OUSLEY,skipped,skipped,1,3
457100,Vote by Mail - 400C,173101,CORINA LOPEZ,LEAH HALL,MIA OUSLEY,1,3
457100,Vote by Mail - 400C,173102,CORINA LOPEZ,MIA OUSLEY,LEAH HALL,1,3
457300,Vote by Mail - 400C,173103,CORINA LOPEZ,LEAH HALL,MIA OUSLEY,1,3
457300,Vote by Mail - 400C,173104,CORINA LOPEZ,LEAH HALL,MIA OUSLEY,1,3
457300,Vote by Mail - 400C,173105,LEAH HALL,MIA OUSLEY,skipped,1,3
457300,Vote by Mail - 400C,173106,CORINA LOPEZ,LEAH HALL,MIA OUSLEY,1,3
457300,Vote by Mail - 400C,173107,CORINA LOPEZ,MIA OUSLEY,LEAH HALL,1,3
457300,Vote by Mail - 400C,173108,CORINA LOPEZ,skipped,skipped,1,3
457300,Vote by Mail - 400C,173109,CORINA LOPEZ,skipped,skipped,1,3
457300,Vote by Mail - 400C,173110,LEAH HALL,MIA OUSLEY,CORINA LOPEZ,1,3
457300,Vote by Mail - 400C,173111,CORINA LOPEZ,MIA OUSLEY,skipped,1,3
457300,Vote by Mail - 400C,173112,CORINA LOPEZ,MIA OUSLEY,skipped,1,3
457400,Vote by Mail - 400C,173114,MIA OUSLEY,skipped,skipped,1,3
457400,Vote by Mail - 400C,173115,MIA OUSLEY,LEAH HALL,CORINA LOPEZ,1,3
457400,Vote by Mail - 400C,173116,CORINA LOPEZ,MIA OUSLEY,LEAH HALL,1,3
457400,Vote by Mail - 400C,173117,MIA OUSLEY,LEAH HALL,CORINA LOPEZ,1,3
457400,Vote by Mail - 400C,173118,CORINA LOPEZ,MIA OUSLEY,skipped,1,3
457500,Vote by Mail - 400C,173119,MIA OUSLEY,CORINA LOPEZ,LEAH HALL,1,3
457500,Vote by Mail - 400C,173120,LEAH HALL,MIA OUSLEY,CORINA LOPEZ,1,3
457500,Vote by Mail - 400C,173121,LEAH HALL,CORINA LOPEZ,MIA OUSLEY,1,3
457500,Vote by Mail - 400C,173122,CORINA LOPEZ,MIA OUSLEY,LEAH HALL,1,3
457500,Vote by Mail - 400C,173123,MIA OUSLEY,LEAH HALL,CORINA LOPEZ,1,3
457500,Vote by Mail - 400C,173124,CORINA LOPEZ,MIA OUSLEY,LEAH HALL,1,3
457500,Vote by Mail - 400C,173125,CORINA LOPEZ,skipped,skipped,1,3
457500,Vote by Mail - 400C,173127,CORINA LOPEZ,LEAH HALL,MIA OUSLEY,1,3
457700,Vote by Mail - 400C,173128,MIA OUSLEY,LEAH HALL,CORINA LOPEZ,1,3
457700,Vote by Mail - 400C,173129,LEAH HALL,MIA OUSLEY,CORINA LOPEZ,1,3
457900,Vote by Mail - 400C,173131,CORINA LOPEZ,LEAH HALL,MIA OUSLEY,1,3
457900,Vote by Mail - 400C,173132,MIA OUSLEY,skipped,skipped,1,3
457900,Vote by Mail - 400C,173133,CORINA LOPEZ,LEAH HALL,MIA OUSLEY,1,3
457900,Vote by Mail - 400C,173134,LEAH HALL,MIA OUSLEY,CORINA LOPEZ,1,3
457900,Vote by Mail - 400C,173135,LEAH HALL,MIA OUSLEY,CORINA LOPEZ,1,3
457900,Vote by Mail - 400C,173136,CORINA LOPEZ,LEAH HALL,MIA OUSLEY,1,3
457900,Vote by Mail - 400C,173137,CORINA LOPEZ,MIA OUSLEY,LEAH HALL,1,3
457900,Vote by Mail - 400C,173138,CORINA LOPEZ,MIA OUSLEY,LEAH HALL,1,3
457900,Vote by Mail - 400C,173139,CORINA LOPEZ,skipped,skipped,1,3
457900,Vote by Mail - 400C,173140,LEAH HALL,MIA OUSLEY,CORINA LOPEZ,1,3
457900,Vote by Mail - 400C,173141,CORINA LOPEZ,MIA OUSLEY,LEAH HALL,1,3
457900,Vote by Mail - 400C,173142,MIA OUSLEY,LEAH HALL,CORINA LOPEZ,1,3
457900,Vote by Mail - 400C,173143,LEAH HALL,MIA OUSLEY,CORINA LOPEZ,1,3
457900,Vote by Mail - 400C,173144,MIA OUSLEY,skipped,skipped,1,3
457900,Vote by Mail - 400C,173146,LEAH HALL,MIA OUSLEY,skipped,1,3
457900,Vote by Mail - 400C,173147,LEAH HALL,MIA OUSLEY,CORINA LOPEZ,1,3
457900,Vote by Mail - 400C,173148,CORINA LOPEZ,LEAH HALL,MIA OUSLEY,1,3
458200,Vote by Mail - 400C,173149,MIA OUSLEY,skipped,skipped,1,3
458200,Vote by Mail - 400C,173150,CORINA LOPEZ,LEAH HALL,MIA OUSLEY,1,3
458200,Vote by Mail - 400C,173151,CORINA LOPEZ,skipped,skipped,1,3
458200,Vote by Mail - 400C,173152,CORINA LOPEZ,MIA OUSLEY,LEAH HALL,1,3
458300,Vote by Mail - 400C,173153,MIA OUSLEY,LEAH HALL,CORINA LOPEZ,1,3
458300,Vote by Mail - 400C,173154,LEAH HALL,MIA OUSLEY,CORINA LOPEZ,1,3
458300,Vote by Mail - 400C,173155,LEAH HALL,MIA OUSLEY,skipped,1,3
458300,Vote by Mail - 400C,173156,MIA OUSLEY,CORINA LOPEZ,LEAH HALL,1,3
458300,Vote by Mail - 400C,173157,LEAH HALL,CORINA LOPEZ,MIA OUSLEY,1,3
458300,Vote by Mail - 400C,173158,CORINA LOPEZ,skipped,skipped,1,3
458300,Vote by Mail - 400C,173159,CORINA LOPEZ,skipped,skipped,1,3
458300,Vote by Mail - 400C,173160,LEAH HALL,MIA OUSLEY,skipped,1,3
458500,Vote by Mail - 400C,173163,CORINA LOPEZ,LEAH HALL,MIA OUSLEY,1,3
458500,Vote by Mail - 400C,173164,LEAH HALL,CORINA LOPEZ,MIA OUSLEY,1,3
458500,Vote by Mail - 400C,173165,MIA OUSLEY,CORINA LOPEZ,LEAH HALL,1,3
458500,Vote by Mail - 400C,173166,CORINA LOPEZ,skipped,skipped,1,3
458500,Vote by Mail - 400C,173167,LEAH HALL,MIA OUSLEY,skipped,1,3
458500,Vote by Mail - 400C,173168,CORINA LOPEZ,LEAH HALL,skipped,1,3
458800,Vote by Mail - 400C,173169,CORINA LOPEZ,skipped,skipped,1,3
458800,Vote by Mail - 400C,173170,CORINA LOPEZ,MIA OUSLEY,LEAH HALL,1,3
458800,Vote by Mail - 400C,173171,CORINA LOPEZ,LEAH HALL,MIA OUSLEY,1,3
458800,Vote by Mail - 400C,173172,CORINA LOPEZ,MIA OUSLEY,LEAH HALL,1,3
458800,Vote by Mail - 400C,173173,CORINA LOPEZ,skipped,skipped,1,3
458800,Vote by Mail - 400C,173174,CORINA LOPEZ,MIA OUSLEY,LEAH HALL,1,3
458800,Vote by Mail - 400C,173175,LEAH HALL,MIA OUSLEY,CORINA LOPEZ,1,3
458800,Vote by Mail - 400C,173176,CORINA LOPEZ,MIA OUSLEY,LEAH HALL,1,3
458800,Vote by Mail - 400C,173177,CORINA LOPEZ,LEAH HALL,MIA OUSLEY,1,3
458800,Vote by Mail - 400C,173178,CORINA LOPEZ,MIA OUSLEY,LEAH HALL,1,3
458800,Vote by Mail - 400C,173179,CORINA LOPEZ,MIA OUSLEY,LEAH HALL,1,3
458800,Vote by Mail - 400C,173180,LEAH HALL,CORINA LOPEZ,MIA OUSLEY,1,3
458800,Vote by Mail - 400C,173181,LEAH HALL,MIA OUSLEY,CORINA LOPEZ,1,3
458800,Vote by Mail - 400C,173182,MIA OUSLEY,LEAH HALL,CORINA LOPEZ,1,3
458800,Vote by Mail - 400C,173184,CORINA LOPEZ,skipped,skipped,1,3
458800,Vote by Mail - 400C,173186,MIA OUSLEY,CORINA LOPEZ,LEAH HALL,1,3
458800,Vote by Mail - 400C,173187,CORINA LOPEZ,skipped,skipped,1,3
458800,Vote by Mail - 400C,173188,CORINA LOPEZ,skipped,skipped,1,3
458800,Vote by Mail - 400C,173189,CORINA LOPEZ,LEAH HALL,MIA OUSLEY,1,3
458800,Vote by Mail - 400C,173190,CORINA LOPEZ,skipped,skipped,1,3
458800,Vote by Mail - 400C,173191,CORINA LOPEZ,MIA OUSLEY,LEAH HALL,1,3
458900,Vote by Mail - 400C,173192,CORINA LOPEZ,LEAH HALL,MIA OUSLEY,1,3
458900,Vote by Mail - 400C,173193,CORINA LOPEZ,skipped,skipped,1,3
458900,Vote by Mail - 400C,173194,CORINA LOPEZ,MIA OUSLEY,LEAH HALL,1,3
458900,Vote by Mail - 400C,173195,CORINA LOPEZ,MIA OUSLEY,LEAH HALL,1,3
458900,Vote by Mail - 400C,173196,CORINA LOPEZ,skipped,skipped,1,3
458900,Vote by Mail - 400C,173197,MIA OUSLEY,LEAH HALL,CORINA LOPEZ,1,3
458900,Vote by Mail - 400C,173198,CORINA LOPEZ,skipped,skipped,1,3
458900,Vote by Mail - 400C,173199,MIA OUSLEY,LEAH HALL,CORINA LOPEZ,1,3
458900,Vote by Mail - 400C,173201,LEAH HALL,skipped,skipped,1,3
458900,Vote by Mail - 400C,173202,MIA OUSLEY,CORINA LOPEZ,LEAH HALL,1,3
458900,Vote by Mail - 400C,173203,LEAH HALL,CORINA LOPEZ,MIA OUSLEY,1,3
9451500,Vote by Mail - 400C,173466,CORINA LOPEZ,LEAH HALL,MIA OUSLEY,1,3
9451500,Vote by Mail - 400C,173467,CORINA LOPEZ,LEAH HALL,MIA OUSLEY,1,3
9451500,Vote by Mail - 400C,173469,LEAH HALL,MIA OUSLEY,skipped,1,3
9451500,Vote by Mail - 400C,173470,CORINA LOPEZ,MIA OUSLEY,skipped,1,3
9451500,Vote by Mail - 400C,173471,CORINA LOPEZ,MIA OUSLEY,LEAH HALL,1,3
9451500,Vote by Mail - 400C,173472,MIA OUSLEY,LEAH HALL,CORINA LOPEZ,1,3
9451500,Vote by Mail - 400C,173473,CORINA LOPEZ,LEAH HALL,MIA OUSLEY,1,3
9451500,Vote by Mail - 400C,173474,CORINA LOPEZ,MIA OUSLEY,LEAH HALL,1,3
9451500,Vote by Mail - 400C,173476,CORINA LOPEZ,LEAH HALL,MIA OUSLEY,1,3
9451500,Vote by Mail - 400C,173477,MIA OUSLEY,skipped,skipped,1,3
9454220,Vote by Mail - 400C,173478,MIA OUSLEY,skipped,skipped,1,3
9454220,Vote by Mail - 400C,173479,CORINA LOPEZ,skipped,skipped,1,3
9454700,Vote by Mail - 400C,173480,CORINA LOPEZ,MIA OUSLEY,LEAH HALL,1,3
9454700,Vote by Mail - 400C,173481,LEAH HALL,MIA OUSLEY,CORINA LOPEZ,1,3
9454700,Vote by Mail - 400C,173483,CORINA LOPEZ,MIA OUSLEY,skipped,1,3
9454700,Vote by Mail - 400C,173485,CORINA LOPEZ,skipped,skipped,1,3
9455010,Vote by Mail - 400C,173486,CORINA LOPEZ,LEAH HALL,MIA OUSLEY,1,3
9455010,Vote by Mail - 400C,173488,LEAH HALL,MIA OUSLEY,CORINA LOPEZ,1,3
9455010,Vote by Mail - 400C,173489,CORINA LOPEZ,MIA OUSLEY,LEAH HALL,1,3
9455010,Vote by Mail - 400C,173490,CORINA LOPEZ,skipped,skipped,1,3
9455010,Vote by Mail - 400C,173491,MIA OUSLEY,skipped,skipped,1,3
9455010,Vote by Mail - 400C,173492,CORINA LOPEZ,MIA OUSLEY,LEAH HALL,1,3
9455010,Vote by Mail - 400C,173494,CORINA LOPEZ,skipped,skipped,1,3
9455010,Vote by Mail - 400C,173495,LEAH HALL,skipped,skipped,1,3
9455200,Vote by Mail - 400C,173496,LEAH HALL,CORINA LOPEZ,MIA OUSLEY,1,3
9455200,Vote by Mail - 400C,173497,CORINA LOPEZ,skipped,skipped,1,3
9455200,Vote by Mail - 400C,173499,MIA OUSLEY,CORINA LOPEZ,LEAH HALL,1,3
9455200,Vote by Mail - 400C,173500,MIA OUSLEY,LEAH HALL,CORINA LOPEZ,1,3
9455200,Vote by Mail - 400C,173501,CORINA LOPEZ,MIA OUSLEY,LEAH HALL,1,3
9455200,Vote by Mail - 400C,173502,LEAH HALL,MIA OUSLEY,CORINA LOPEZ,1,3
9455200,Vote by Mail - 400C,173503,CORINA LOPEZ,MIA OUSLEY,LEAH HALL,1,3
9455200,Vote by Mail - 400C,173504,CORINA LOPEZ,MIA OUSLEY,LEAH HALL,1,3
9455200,Vote by Mail - 400C,173505,CORINA LOPEZ,MIA OUSLEY,LEAH HALL,1,3
9455410,Vote by Mail - 400C,173506,CORINA LOPEZ,MIA OUSLEY,LEAH HALL,1,3
9455410,Vote by Mail - 400C,173507,LEAH HALL,skipped,skipped,1,3
450300,Vote by Mail - 400C,176803,LEAH HALL,skipped,skipped,1,3
450300,Vote by Mail - 400C,176804,LEAH HALL,skipped,skipped,1,3
450300,Vote by Mail - 400C,176805,CORINA LOPEZ,MIA OUSLEY,LEAH HALL,1,3
450300,Vote by Mail - 400C,176806,LEAH HALL,skipped,skipped,1,3
450300,Vote by Mail - 400C,176807,CORINA LOPEZ,MIA OUSLEY,skipped,1,3
450300,Vote by Mail - 400C,176808,CORINA LOPEZ,MIA OUSLEY,LEAH HALL,1,3
450300,Vote by Mail - 400C,176810,MIA OUSLEY,CORINA LOPEZ,LEAH HALL,1,3
450300,Vote by Mail - 400C,176811,CORINA LOPEZ,LEAH HALL,MIA OUSLEY,1,3
450300,Vote by Mail - 400C,176812,CORINA LOPEZ,MIA OUSLEY,LEAH HALL,1,3
450300,Vote by Mail - 400C,176813,CORINA LOPEZ,MIA OUSLEY,LEAH HALL,1,3
450300,Vote by Mail - 400C,176814,CORINA LOPEZ,MIA OUSLEY,LEAH HALL,1,3
450300,Vote by Mail - 400C,176815,CORINA LOPEZ,LEAH HALL,MIA OUSLEY,1,3
450400,Vote by Mail - 400C,176817,CORINA LOPEZ,MIA OUSLEY,LEAH HALL,1,3
450400,Vote by Mail - 400C,176818,MIA OUSLEY,LEAH HALL,CORINA LOPEZ,1,3
450400,Vote by Mail - 400C,176820,MIA OUSLEY,CORINA LOPEZ,LEAH HALL,1,3
450400,Vote by Mail - 400C,176821,CORINA LOPEZ,LEAH HALL,MIA OUSLEY,1,3
450400,Vote by Mail - 400C,176822,CORINA LOPEZ,MIA OUSLEY,LEAH HALL,1,3
450400,Vote by Mail - 400C,176825,MIA OUSLEY,LEAH HALL,CORINA LOPEZ,1,3
450400,Vote by Mail - 400C,176826,CORINA LOPEZ,MIA OUSLEY,LEAH HALL,1,3
450400,Vote by Mail - 400C,176827,MIA OUSLEY,CORINA LOPEZ,LEAH HALL,1,3
450610,Vote by Mail - 400C,176829,LEAH HALL,MIA OUSLEY,CORINA LOPEZ,1,3
450610,Vote by Mail - 400C,176830,MIA OUSLEY,CORINA LOPEZ,LEAH HALL,1,3
450610,Vote by Mail - 400C,176832,CORINA LOPEZ,skipped,skipped,1,3
450610,Vote by Mail - 400C,176833,MIA OUSLEY,LEAH HALL,CORINA LOPEZ,1,3
450800,Vote by Mail - 400C,176834,CORINA LOPEZ,skipped,skipped,1,3
450800,Vote by Mail - 400C,176835,CORINA LOPEZ,skipped,skipped,1,3
450800,Vote by Mail - 400C,176836,CORINA LOPEZ,MIA OUSLEY,LEAH HALL,1,3
450800,Vote by Mail - 400C,176837,LEAH HALL,MIA OUSLEY,CORINA LOPEZ,1,3
450800,Vote by Mail - 400C,176838,CORINA LOPEZ,MIA OUSLEY,LEAH HALL,1,3
450800,Vote by Mail - 400C,176839,CORINA LOPEZ,MIA OUSLEY,LEAH HALL,1,3
450800,Vote by Mail - 400C,176840,CORINA LOPEZ,MIA OUSLEY,LEAH HALL,1,3
450800,Vote by Mail - 400C,176841,CORINA LOPEZ,MIA OUSLEY,LEAH HALL,1,3
450800,Vote by Mail - 400C,176842,CORINA LOPEZ,skipped,skipped,1,3
450800,Vote by Mail - 400C,176843,MIA OUSLEY,skipped,skipped,1,3
450800,Vote by Mail - 400C,176844,LEAH HALL,skipped,skipped,1,3
450800,Vote by Mail - 400C,176845,CORINA LOPEZ,skipped,skipped,1,3
450800,Vote by Mail - 400C,176847,LEAH HALL,MIA OUSLEY,CORINA LOPEZ,1,3
450800,Vote by Mail - 400C,176848,CORINA LOPEZ,MIA OUSLEY,LEAH HALL,1,3
450800,Vote by Mail - 400C,176849,LEAH HALL,skipped,skipped,1,3
450800,Vote by Mail - 400C,176850,LEAH HALL,skipped,skipped,1,3
450800,Vote by Mail - 400C,176851,CORINA LOPEZ,MIA OUSLEY,LEAH HALL,1,3
450800,Vote by Mail - 400C,176852,CORINA LOPEZ,MIA OUSLEY,skipped,1,3
451000,Vote by Mail - 400C,176854,CORINA LOPEZ,LEAH HALL,MIA OUSLEY,1,3
451000,Vote by Mail - 400C,176855,CORINA LOPEZ,MIA OUSLEY,LEAH HALL,1,3
451000,Vote by Mail - 400C,176856,CORINA LOPEZ,skipped,skipped,1,3
451510,Vote by Mail - 400C,176857,CORINA LOPEZ,skipped,skipped,1,3
451510,Vote by Mail - 400C,176858,LEAH HALL,CORINA LOPEZ,skipped,1,3
451510,Vote by Mail - 400C,176859,LEAH HALL,CORINA LOPEZ,MIA OUSLEY,1,3
451600,Vote by Mail - 400C,176861,CORINA LOPEZ,skipped,skipped,1,3
451600,Vote by Mail - 400C,176862,CORINA LOPEZ,LEAH HALL,MIA OUSLEY,1,3
451600,Vote by Mail - 400C,176863,LEAH HALL,MIA OUSLEY,CORINA LOPEZ,1,3
451600,Vote by Mail - 400C,176864,CORINA LOPEZ,skipped,skipped,1,3
451600,Vote by Mail - 400C,176866,MIA OUSLEY,CORINA LOPEZ,LEAH HALL,1,3
451600,Vote by Mail - 400C,176867,MIA OUSLEY,CORINA LOPEZ,LEAH HALL,1,3
451600,Vote by Mail - 400C,176868,MIA OUSLEY,LEAH HALL,CORINA LOPEZ,1,3
451700,Vote by Mail - 400C,176869,MIA OUSLEY,CORINA LOPEZ,LEAH HALL,1,3
451700,Vote by Mail - 400C,176870,CORINA LOPEZ,MIA OUSLEY,skipped,1,3
451700,Vote by Mail - 400C,176871,CORINA LOPEZ,MIA OUSLEY,LEAH HALL,1,3
451700,Vote by Mail - 400C,176872,CORINA LOPEZ,skipped,skipped,1,3
451700,Vote by Mail - 400C,176873,CORINA LOPEZ,skipped,skipped,1,3
452100,Vote by Mail - 400C,176875,LEAH HALL,skipped,skipped,1,3
452100,Vote by Mail - 400C,176876,CORINA LOPEZ,MIA OUSLEY,LEAH HALL,1,3
452100,Vote by Mail - 400C,176877,CORINA LOPEZ,LEAH HALL,MIA OUSLEY,1,3
452200,Vote by Mail - 400C,176878,CORINA LOPEZ,MIA OUSLEY,LEAH HALL,1,3
452200,Vote by Mail - 400C,176879,MIA OUSLEY,CORINA LOPEZ,LEAH HALL,1,3
452200,Vote by Mail - 400C,176880,CORINA LOPEZ,skipped,skipped,1,3
452200,Vote by Mail - 400C,176881,CORINA LOPEZ,skipped,skipped,1,3
452200,Vote by Mail - 400C,176882,CORINA LOPEZ,skipped,skipped,1,3
452200,Vote by Mail - 400C,176883,MIA OUSLEY,LEAH HALL,CORINA LOPEZ,1,3
452200,Vote by Mail - 400C,176884,CORINA LOPEZ,LEAH HALL,MIA OUSLEY,1,3
452200,Vote by Mail - 400C,176885,CORINA LOPEZ,skipped,skipped,1,3
452200,Vote by Mail - 400C,176886,CORINA LOPEZ,skipped,skipped,1,3
452200,Vote by Mail - 400C,176887,LEAH HALL,skipped,skipped,1,3
452200,Vote by Mail - 400C,176888,LEAH HALL,MIA OUSLEY,CORINA LOPEZ,1,3
452200,Vote by Mail - 400C,176889,MIA OUSLEY,CORINA LOPEZ,LEAH HALL,1,3
452200,Vote by Mail - 400C,176890,CORINA LOPEZ,MIA OUSLEY,LEAH HALL,1,3
452200,Vote by Mail - 400C,176891,CORINA LOPEZ,MIA OUSLEY,LEAH HALL,1,3
452400,Vote by Mail - 400C,176892,CORINA LOPEZ,skipped,skipped,1,3
452400,Vote by Mail - 400C,176893,CORINA LOPEZ,LEAH HALL,MIA OUSLEY,1,3
452400,Vote by Mail - 400C,176894,MIA OUSLEY,LEAH HALL,CORINA LOPEZ,1,3
452400,Vote by Mail - 400C,176895,MIA OUSLEY,LEAH HALL,CORINA LOPEZ,1,3
452400,Vote by Mail - 400C,176896,CORINA LOPEZ,MIA OUSLEY,LEAH HALL,1,3
452400,Vote by Mail - 400C,176897,CORINA LOPEZ,LEAH HALL,MIA OUSLEY,1,3
452400,Vote by Mail - 400C,176898,CORINA LOPEZ,LEAH HALL,MIA OUSLEY,1,3
452400,Vote by Mail - 400C,176899,CORINA LOPEZ,LEAH HALL,MIA OUSLEY,1,3
452400,Vote by Mail - 400C,176900,CORINA LOPEZ,LEAH HALL,MIA OUSLEY,1,3
452500,Vote by Mail - 400C,176901,MIA OUSLEY,LEAH HALL,skipped,1,3
453100,Vote by Mail - 400C,176902,MIA OUSLEY,skipped,skipped,1,3
453100,Vote by Mail - 400C,176903,CORINA LOPEZ,skipped,skipped,1,3
453100,Vote by Mail - 400C,176904,MIA OUSLEY,CORINA LOPEZ,LEAH HALL,1,3
453100,Vote by Mail - 400C,176905,CORINA LOPEZ,MIA OUSLEY,LEAH HALL,1,3
453100,Vote by Mail - 400C,176906,MIA OUSLEY,CORINA LOPEZ,LEAH HALL,1,3
453100,Vote by Mail - 400C,176907,MIA OUSLEY,LEAH HALL,skipped,1,3
453100,Vote by Mail - 400C,176908,MIA OUSLEY,CORINA LOPEZ,LEAH HALL,1,3
453100,Vote by Mail - 400C,176909,CORINA LOPEZ,skipped,skipped,1,3
453100,Vote by Mail - 400C,176910,MIA OUSLEY,skipped,skipped,1,3
453100,Vote by Mail - 400C,176911,CORINA LOPEZ,skipped,skipped,1,3
453300,Vote by Mail - 400C,176912,CORINA LOPEZ,MIA OUSLEY,LEAH HALL,1,3
453300,Vote by Mail - 400C,176913,CORINA LOPEZ,LEAH HALL,MIA OUSLEY,1,3
453300,Vote by Mail - 400C,176914,CORINA LOPEZ,skipped,skipped,1,3
453300,Vote by Mail - 400C,176915,LEAH HALL,MIA OUSLEY,CORINA LOPEZ,1,3
453300,Vote by Mail - 400C,176916,MIA OUSLEY,CORINA LOPEZ,LEAH HALL,1,3
453300,Vote by Mail - 400C,176917,CORINA LOPEZ,LEAH HALL,MIA OUSLEY,1,3
453400,Vote by Mail - 400C,176918,LEAH HALL,CORINA LOPEZ,MIA OUSLEY,1,3
453400,Vote by Mail - 400C,176919,CORINA LOPEZ,LEAH HALL,skipped,1,3
453400,Vote by Mail - 400C,176920,MIA OUSLEY,LEAH HALL,CORINA LOPEZ,1,3
453400,Vote by Mail - 400C,176921,CORINA LOPEZ,LEAH HALL,MIA OUSLEY,1,3
453400,Vote by Mail - 400C,176922,CORINA LOPEZ,skipped,skipped,1,3
453500,Vote by Mail - 400C,176923,MIA OUSLEY,CORINA LOPEZ,LEAH HALL,1,3
453500,Vote by Mail - 400C,176924,CORINA LOPEZ,skipped,skipped,1,3
453500,Vote by Mail - 400C,176925,CORINA LOPEZ,MIA OUSLEY,LEAH HALL,1,3
453500,Vote by Mail - 400C,176926,CORINA LOPEZ,MIA OUSLEY,LEAH HALL,1,3
453500,Vote by Mail - 400C,176927,CORINA LOPEZ,LEAH HALL,MIA OUSLEY,1,3
453500,Vote by Mail - 400C,176928,LEAH HALL,MIA OUSLEY,CORINA LOPEZ,1,3
453500,Vote by Mail - 400C,176929,LEAH HALL,CORINA LOPEZ,MIA OUSLEY,1,3
453500,Vote by Mail - 400C,176930,LEAH HALL,MIA OUSLEY,CORINA LOPEZ,1,3
453900,Vote by Mail - 400C,176931,CORINA LOPEZ,MIA OUSLEY,LEAH HALL,1,3
453900,Vote by Mail - 400C,176932,CORINA LOPEZ,skipped,skipped,1,3
453900,Vote by Mail - 400C,176933,CORINA LOPEZ,MIA OUSLEY,LEAH HALL,1,3
453900,Vote by Mail - 400C,176934,LEAH HALL,MIA OUSLEY,CORINA LOPEZ,1,3
453900,Vote by Mail - 400C,176935,CORINA LOPEZ,MIA OUSLEY,LEAH HALL,1,3
453900,Vote by Mail - 400C,176936,CORINA LOPEZ,skipped,skipped,1,3
453900,Vote by Mail - 400C,176937,CORINA LOPEZ,LEAH HALL,MIA OUSLEY,1,3
453920,Vote by Mail - 400C,176938,LEAH HALL,MIA OUSLEY,CORINA LOPEZ,1,3
453920,Vote by Mail - 400C,176939,LEAH HALL,MIA OUSLEY,CORINA LOPEZ,1,3
453920,Vote by Mail - 400C,176940,LEAH HALL,MIA OUSLEY,CORINA LOPEZ,1,3
453920,Vote by Mail - 400C,176941,LEAH HALL,skipped,skipped,1,3
453920,Vote by Mail - 400C,176942,LEAH HALL,MIA OUSLEY,CORINA LOPEZ,1,3
453920,Vote by Mail - 400C,176944,CORINA LOPEZ,skipped,skipped,1,3
453920,Vote by Mail - 400C,176945,CORINA LOPEZ,MIA OUSLEY,LEAH HALL,1,3
453920,Vote by Mail - 400C,176946,CORINA LOPEZ,MIA OUSLEY,LEAH HALL,1,3
453920,Vote by Mail - 400C,176947,CORINA LOPEZ,MIA OUSLEY,LEAH HALL,1,3
453920,Vote by Mail - 400C,176948,CORINA LOPEZ,LEAH HALL,MIA OUSLEY,1,3
453920,Vote by Mail - 400C,176949,CORINA LOPEZ,LEAH HALL,skipped,1,3
453920,Vote by Mail - 400C,176951,LEAH HALL,skipped,skipped,1,3
454100,Vote by Mail - 400C,176952,MIA OUSLEY,skipped,skipped,1,3
454100,Vote by Mail - 400C,176953,CORINA LOPEZ,skipped,skipped,1,3
454100,Vote by Mail - 400C,176954,CORINA LOPEZ,skipped,skipped,1,3
454100,Vote by Mail - 400C,176955,CORINA LOPEZ,skipped,skipped,1,3
454100,Vote by Mail - 400C,176957,CORINA LOPEZ,LEAH HALL,MIA OUSLEY,1,3
454500,Vote by Mail - 400C,176958,CORINA LOPEZ,LEAH HALL,MIA OUSLEY,1,3
454500,Vote by Mail - 400C,176959,LEAH HALL,MIA OUSLEY,CORINA LOPEZ,1,3
454500,Vote by Mail - 400C,176960,CORINA LOPEZ,skipped,skipped,1,3
454500,Vote by Mail - 400C,176961,LEAH HALL,CORINA LOPEZ,MIA OUSLEY,1,3
454500,Vote by Mail - 400C,176962,CORINA LOPEZ,LEAH HALL,MIA OUSLEY,1,3
454500,Vote by Mail - 400C,176963,CORINA LOPEZ,LEAH HALL,MIA OUSLEY,1,3
454500,Vote by Mail - 400C,176964,LEAH HALL,MIA OUSLEY,CORINA LOPEZ,1,3
454500,Vote by Mail - 400C,176965,MIA OUSLEY,CORINA LOPEZ,LEAH HALL,1,3
454500,Vote by Mail - 400C,176966,CORINA LOPEZ,LEAH HALL,MIA OUSLEY,1,3
454500,Vote by Mail - 400C,176967,CORINA LOPEZ,skipped,skipped,1,3
454500,Vote by Mail - 400C,176968,CORINA LOPEZ,MIA OUSLEY,LEAH HALL,1,3
454500,Vote by Mail - 400C,176969,CORINA LOPEZ,MIA OUSLEY,LEAH HALL,1,3
454500,Vote by Mail - 400C,176970,MIA OUSLEY,CORINA LOPEZ,LEAH HALL,1,3
454500,Vote by Mail - 400C,176971,MIA OUSLEY,CORINA LOPEZ,skipped,1,3
454500,Vote by Mail - 400C,176972,CORINA LOPEZ,MIA OUSLEY,LEAH HALL,1,3
454500,Vote by Mail - 400C,176973,CORINA LOPEZ,LEAH HALL,MIA OUSLEY,1,3
455000,Vote by Mail - 400C,176974,LEAH HALL,CORINA LOPEZ,MIA OUSLEY,1,3
455000,Vote by Mail - 400C,176976,MIA OUSLEY,skipped,skipped,1,3
455000,Vote by Mail - 400C,176977,CORINA LOPEZ,MIA OUSLEY,LEAH HALL,1,3
455000,Vote by Mail - 400C,176978,MIA OUSLEY,LEAH HALL,CORINA LOPEZ,1,3
455000,Vote by Mail - 400C,176979,CORINA LOPEZ,MIA OUSLEY,LEAH HALL,1,3
455000,Vote by Mail - 400C,176980,CORINA LOPEZ,MIA OUSLEY,LEAH HALL,1,3
455000,Vote by Mail - 400C,176981,LEAH HALL,skipped,skipped,1,3
455000,Vote by Mail - 400C,176982,CORINA LOPEZ,skipped,skipped,1,3
455000,Vote by Mail - 400C,176983,MIA OUSLEY,skipped,skipped,1,3
455000,Vote by Mail - 400C,176984,CORINA LOPEZ,skipped,skipped,1,3
455100,Vote by Mail - 400C,176985,CORINA LOPEZ,MIA OUSLEY,LEAH HALL,1,3
455100,Vote by Mail - 400C,176986,CORINA LOPEZ,LEAH HALL,MIA OUSLEY,1,3
455100,Vote by Mail - 400C,176987,CORINA LOPEZ,MIA OUSLEY,skipped,1,3
455100,Vote by Mail - 400C,176989,CORINA LOPEZ,LEAH HALL,MIA OUSLEY,1,3
455100,Vote by Mail - 400C,176990,MIA OUSLEY,LEAH HALL,CORINA LOPEZ,1,3
455100,Vote by Mail - 400C,176991,CORINA LOPEZ,LEAH HALL,MIA OUSLEY,1,3
455100,Vote by Mail - 400C,176992,CORINA LOPEZ,MIA OUSLEY,LEAH HALL,1,3
455100,Vote by Mail - 400C,176993,LEAH HALL,MIA OUSLEY,CORINA LOPEZ,1,3
455300,Vote by Mail - 400C,176994,CORINA LOPEZ,LEAH HALL,MIA OUSLEY,1,3
455300,Vote by Mail - 400C,176995,CORINA LOPEZ,LEAH HALL,MIA OUSLEY,1,3
455300,Vote by Mail - 400C,176996,MIA OUSLEY,CORINA LOPEZ,LEAH HALL,1,3
455300,Vote by Mail - 400C,176997,CORINA LOPEZ,MIA OUSLEY,skipped,1,3
455300,Vote by Mail - 400C,176998,CORINA LOPEZ,LEAH HALL,MIA OUSLEY,1,3
455300,Vote by Mail - 400C,176999,LEAH HALL,skipped,skipped,1,3
455300,Vote by Mail - 400C,177000,CORINA LOPEZ,skipped,skipped,1,3
455300,Vote by Mail - 400C,177001,CORINA LOPEZ,MIA OUSLEY,LEAH HALL,1,3
455400,Vote by Mail - 400C,177002,CORINA LOPEZ,LEAH HALL,MIA OUSLEY,1,3
455400,Vote by Mail - 400C,177003,CORINA LOPEZ,MIA OUSLEY,LEAH HALL,1,3
455400,Vote by Mail - 400C,177004,CORINA LOPEZ,LEAH HALL,skipped,1,3
455400,Vote by Mail - 400C,177005,MIA OUSLEY,CORINA LOPEZ,LEAH HALL,1,3
455400,Vote by Mail - 400C,177006,CORINA LOPEZ,MIA OUSLEY,LEAH HALL,1,3
455400,Vote by Mail - 400C,177007,MIA OUSLEY,CORINA LOPEZ,LEAH HALL,1,3
455500,Vote by Mail - 400C,177008,CORINA LOPEZ,MIA OUSLEY,skipped,1,3
455500,Vote by Mail - 400C,177009,MIA OUSLEY,CORINA LOPEZ,LEAH HALL,1,3
455500,Vote by Mail - 400C,177010,CORINA LOPEZ,MIA OUSLEY,LEAH HALL,1,3
455500,Vote by Mail - 400C,177011,CORINA LOPEZ,MIA OUSLEY,LEAH HALL,1,3
455700,Vote by Mail - 400C,177012,CORINA LOPEZ,skipped,skipped,1,3
455700,Vote by Mail - 400C,177014,CORINA LOPEZ,LEAH HALL,MIA OUSLEY,1,3
455700,Vote by Mail - 400C,177015,CORINA LOPEZ,MIA OUSLEY,LEAH HALL,1,3
455700,Vote by Mail - 400C,177016,MIA OUSLEY,CORINA LOPEZ,skipped,1,3
455700,Vote by Mail - 400C,177017,MIA OUSLEY,CORINA LOPEZ,skipped,1,3
455700,Vote by Mail - 400C,177018,CORINA LOPEZ,skipped,skipped,1,3
455700,Vote by Mail - 400C,177019,CORINA LOPEZ,MIA OUSLEY,LEAH HALL,1,3
455900,Vote by Mail - 400C,177020,CORINA LOPEZ,LEAH HALL,MIA OUSLEY,1,3
455900,Vote by Mail - 400C,177021,CORINA LOPEZ,skipped,skipped,1,3
455900,Vote by Mail - 400C,177022,CORINA LOPEZ,MIA OUSLEY,LEAH HALL,1,3
455900,Vote by Mail - 400C,177023,MIA OUSLEY,CORINA LOPEZ,LEAH HALL,1,3
455900,Vote by Mail - 400C,177024,MIA OUSLEY,LEAH HALL,CORINA LOPEZ,1,3
455900,Vote by Mail - 400C,177025,MIA OUSLEY,LEAH HALL,CORINA LOPEZ,1,3
455900,Vote by Mail - 400C,177026,MIA OUSLEY,skipped,skipped,1,3
455900,Vote by Mail - 400C,177027,CORINA LOPEZ,skipped,skipped,1,3
455900,Vote by Mail - 400C,177028,MIA OUSLEY,CORINA LOPEZ,LEAH HALL,1,3
456200,Vote by Mail - 400C,177030,MIA OUSLEY,skipped,skipped,1,3
456500,Vote by Mail - 400C,177032,LEAH HALL,skipped,skipped,1,3
456500,Vote by Mail - 400C,177033,MIA OUSLEY,CORINA LOPEZ,LEAH HALL,1,3
456500,Vote by Mail - 400C,177034,CORINA LOPEZ,skipped,skipped,1,3
456500,Vote by Mail - 400C,177035,CORINA LOPEZ,skipped,skipped,1,3
456500,Vote by Mail - 400C,177036,CORINA LOPEZ,MIA OUSLEY,LEAH HALL,1,3
456500,Vote by Mail - 400C,177037,CORINA LOPEZ,MIA OUSLEY,LEAH HALL,1,3
456500,Vote by Mail - 400C,177038,CORINA LOPEZ,MIA OUSLEY,LEAH HALL,1,3
456500,Vote by Mail - 400C,177039,CORINA LOPEZ,LEAH HALL,skipped,1,3
456500,Vote by Mail - 400C,177040,MIA OUSLEY,CORINA LOPEZ,LEAH HALL,1,3
456500,Vote by Mail - 400C,177041,MIA OUSLEY,skipped,skipped,1,3
456500,Vote by Mail - 400C,177043,LEAH HALL,skipped,skipped,1,3
456500,Vote by Mail - 400C,177044,LEAH HALL,skipped,skipped,1,3
456500,Vote by Mail - 400C,177045,MIA OUSLEY,CORINA LOPEZ,LEAH HALL,1,3
456600,Vote by Mail - 400C,177046,MIA OUSLEY,skipped,skipped,1,3
456600,Vote by Mail - 400C,177048,MIA OUSLEY,skipped,skipped,1,3
456600,Vote by Mail - 400C,177049,MIA OUSLEY,skipped,skipped,1,3
456600,Vote by Mail - 400C,177054,MIA OUSLEY,skipped,skipped,1,3
456600,Vote by Mail - 400C,177055,CORINA LOPEZ,LEAH HALL,MIA OUSLEY,1,3
456900,Vote by Mail - 400C,177056,CORINA LOPEZ,MIA OUSLEY,LEAH HALL,1,3
456900,Vote by Mail - 400C,177057,CORINA LOPEZ,LEAH HALL,skipped,1,3
456900,Vote by Mail - 400C,177058,LEAH HALL,CORINA LOPEZ,MIA OUSLEY,1,3
456900,Vote by Mail - 400C,177060,LEAH HALL,CORINA LOPEZ,MIA OUSLEY,1,3
456900,Vote by Mail - 400C,177061,MIA OUSLEY,CORINA LOPEZ,LEAH HALL,1,3
456900,Vote by Mail - 400C,177062,CORINA LOPEZ,MIA OUSLEY,LEAH HALL,1,3
456900,Vote by Mail - 400C,177063,CORINA LOPEZ,LEAH HALL,MIA OUSLEY,1,3
456900,Vote by Mail - 400C,177064,LEAH HALL,MIA OUSLEY,skipped,1,3
457100,Vote by Mail - 400C,177066,CORINA LOPEZ,skipped,skipped,1,3
457100,Vote by Mail - 400C,177068,MIA OUSLEY,skipped,skipped,1,3
457100,Vote by Mail - 400C,177069,CORINA LOPEZ,skipped,skipped,1,3
457100,Vote by Mail - 400C,177070,MIA OUSLEY,LEAH HALL,CORINA LOPEZ,1,3
457300,Vote by Mail - 400C,177071,CORINA LOPEZ,LEAH HALL,MIA OUSLEY,1,3
457300,Vote by Mail - 400C,177072,LEAH HALL,CORINA LOPEZ,MIA OUSLEY,1,3
457300,Vote by Mail - 400C,177073,CORINA LOPEZ,LEAH HALL,MIA OUSLEY,1,3
457300,Vote by Mail - 400C,177074,CORINA LOPEZ,LEAH HALL,MIA OUSLEY,1,3
457300,Vote by Mail - 400C,177075,CORINA LOPEZ,MIA OUSLEY,LEAH HALL,1,3
457300,Vote by Mail - 400C,177076,CORINA LOPEZ,MIA OUSLEY,LEAH HALL,1,3
457300,Vote by Mail - 400C,177077,LEAH HALL,skipped,skipped,1,3
457300,Vote by Mail - 400C,177078,CORINA LOPEZ,MIA OUSLEY,LEAH HALL,1,3
457300,Vote by Mail - 400C,177079,MIA OUSLEY,skipped,skipped,1,3
457300,Vote by Mail - 400C,177080,MIA OUSLEY,skipped,skipped,1,3
457300,Vote by Mail - 400C,177081,LEAH HALL,skipped,skipped,1,3
457300,Vote by Mail - 400C,177082,LEAH HALL,skipped,skipped,1,3
457400,Vote by Mail - 400C,177083,CORINA LOPEZ,skipped,skipped,1,3
457400,Vote by Mail - 400C,177084,CORINA LOPEZ,LEAH HALL,MIA OUSLEY,1,3
457400,Vote by Mail - 400C,177085,CORINA LOPEZ,LEAH HALL,MIA OUSLEY,1,3
457400,Vote by Mail - 400C,177086,MIA OUSLEY,CORINA LOPEZ,LEAH HALL,1,3
457400,Vote by Mail - 400C,177087,LEAH HALL,MIA OUSLEY,CORINA LOPEZ,1,3
457400,Vote by Mail - 400C,177088,CORINA LOPEZ,MIA OUSLEY,LEAH HALL,1,3
457400,Vote by Mail - 400C,177089,LEAH HALL,CORINA LOPEZ,MIA OUSLEY,1,3
457400,Vote by Mail - 400C,177090,LEAH HALL,skipped,skipped,1,3
457400,Vote by Mail - 400C,177091,CORINA LOPEZ,LEAH HALL,MIA OUSLEY,1,3
457400,Vote by Mail - 400C,177093,CORINA LOPEZ,skipped,skipped,1,3
457400,Vote by Mail - 400C,177094,CORINA LOPEZ,LEAH HALL,skipped,1,3
457400,Vote by Mail - 400C,177096,LEAH HALL,CORINA LOPEZ,MIA OUSLEY,1,3
457400,Vote by Mail - 400C,177097,CORINA LOPEZ,skipped,skipped,1,3
457400,Vote by Mail - 400C,177099,MIA OUSLEY,LEAH HALL,skipped,1,3
457400,Vote by Mail - 400C,177100,MIA OUSLEY,LEAH HALL,skipped,1,3
457400,Vote by Mail - 400C,177102,CORINA LOPEZ,skipped,skipped,1,3
457400,Vote by Mail - 400C,177103,CORINA LOPEZ,skipped,skipped,1,3
457400,Vote by Mail - 400C,177104,MIA OUSLEY,CORINA LOPEZ,skipped,1,3
457400,Vote by Mail - 400C,177105,LEAH HALL,skipped,skipped,1,3
457400,Vote by Mail - 400C,177106,LEAH HALL,MIA OUSLEY,CORINA LOPEZ,1,3
457400,Vote by Mail - 400C,177107,MIA OUSLEY,LEAH HALL,CORINA LOPEZ,1,3
457400,Vote by Mail - 400C,177108,MIA OUSLEY,LEAH HALL,CORINA LOPEZ,1,3
457400,Vote by Mail - 400C,177109,CORINA LOPEZ,MIA OUSLEY,LEAH HALL,1,3
457400,Vote by Mail - 400C,177110,LEAH HALL,CORINA LOPEZ,skipped,1,3
457400,Vote by Mail - 400C,177111,CORINA LOPEZ,MIA OUSLEY,LEAH HALL,1,3
457400,Vote by Mail - 400C,177112,CORINA LOPEZ,skipped,skipped,1,3
457500,Vote by Mail - 400C,177114,CORINA LOPEZ,MIA OUSLEY,LEAH HALL,1,3
457500,Vote by Mail - 400C,177115,CORINA LOPEZ,LEAH HALL,MIA OUSLEY,1,3
457500,Vote by Mail - 400C,177116,CORINA LOPEZ,MIA OUSLEY,skipped,1,3
457500,Vote by Mail - 400C,177117,CORINA LOPEZ,skipped,skipped,1,3
457500,Vote by Mail - 400C,177118,CORINA LOPEZ,MIA OUSLEY,LEAH HALL,1,3
457500,Vote by Mail - 400C,177119,MIA OUSLEY,CORINA LOPEZ,LEAH HALL,1,3
457500,Vote by Mail - 400C,177120,MIA OUSLEY,LEAH HALL,CORINA LOPEZ,1,3
457500,Vote by Mail - 400C,177121,CORINA LOPEZ,MIA OUSLEY,LEAH HALL,1,3
457500,Vote by Mail - 400C,177122,CORINA LOPEZ,LEAH HALL,MIA OUSLEY,1,3
457500,Vote by Mail - 400C,177123,CORINA LOPEZ,skipped,skipped,1,3
457500,Vote by Mail - 400C,177124,CORINA LOPEZ,MIA OUSLEY,LEAH HALL,1,3
457500,Vote by Mail - 400C,177125,CORINA LOPEZ,MIA OUSLEY,LEAH HALL,1,3
457500,Vote by Mail - 400C,177126,LEAH HALL,MIA OUSLEY,skipped,1,3
457500,Vote by Mail - 400C,177129,LEAH HALL,skipped,skipped,1,3
457500,Vote by Mail - 400C,177130,CORINA LOPEZ,LEAH HALL,skipped,1,3
457500,Vote by Mail - 400C,177131,CORINA LOPEZ,LEAH HALL,skipped,1,3
457500,Vote by Mail - 400C,177132,CORINA LOPEZ,MIA OUSLEY,LEAH HALL,1,3
457500,Vote by Mail - 400C,177133,CORINA LOPEZ,skipped,skipped,1,3
457500,Vote by Mail - 400C,177134,CORINA LOPEZ,skipped,skipped,1,3
457500,Vote by Mail - 400C,177135,MIA OUSLEY,LEAH HALL,CORINA LOPEZ,1,3
457700,Vote by Mail - 400C,177136,CORINA LOPEZ,MIA OUSLEY,LEAH HALL,1,3
457700,Vote by Mail - 400C,177137,CORINA LOPEZ,MIA OUSLEY,LEAH HALL,1,3
457700,Vote by Mail - 400C,177138,CORINA LOPEZ,LEAH HALL,MIA OUSLEY,1,3
457700,Vote by Mail - 400C,177139,CORINA LOPEZ,MIA OUSLEY,LEAH HALL,1,3
457700,Vote by Mail - 400C,177140,MIA OUSLEY,skipped,skipped,1,3
457700,Vote by Mail - 400C,177141,LEAH HALL,MIA OUSLEY,CORINA LOPEZ,1,3
457700,Vote by Mail - 400C,177142,MIA OUSLEY,LEAH HALL,CORINA LOPEZ,1,3
457700,Vote by Mail - 400C,177143,CORINA LOPEZ,LEAH HALL,MIA OUSLEY,1,3
457700,Vote by Mail - 400C,177144,CORINA LOPEZ,skipped,skipped,1,3
457700,Vote by Mail - 400C,177145,CORINA LOPEZ,MIA OUSLEY,LEAH HALL,1,3
457900,Vote by Mail - 400C,177148,CORINA LOPEZ,MIA OUSLEY,LEAH HALL,1,3
457900,Vote by Mail - 400C,177149,CORINA LOPEZ,skipped,skipped,1,3
457900,Vote by Mail - 400C,177150,CORINA LOPEZ,LEAH HALL,skipped,1,3
458200,Vote by Mail - 400C,177151,CORINA LOPEZ,skipped,skipped,1,3
458200,Vote by Mail - 400C,177152,LEAH HALL,skipped,skipped,1,3
458200,Vote by Mail - 400C,177153,CORINA LOPEZ,LEAH HALL,MIA OUSLEY,1,3
458200,Vote by Mail - 400C,177154,LEAH HALL,CORINA LOPEZ,MIA OUSLEY,1,3
458200,Vote by Mail - 400C,177155,LEAH HALL,MIA OUSLEY,CORINA LOPEZ,1,3
458200,Vote by Mail - 400C,177156,CORINA LOPEZ,LEAH HALL,MIA OUSLEY,1,3
458200,Vote by Mail - 400C,177157,LEAH HALL,skipped,skipped,1,3
458200,Vote by Mail - 400C,177158,MIA OUSLEY,CORINA LOPEZ,LEAH HALL,1,3
458200,Vote by Mail - 400C,177159,CORINA LOPEZ,MIA OUSLEY,LEAH HALL,1,3
458200,Vote by Mail - 400C,177160,CORINA LOPEZ,LEAH HALL,MIA OUSLEY,1,3
458200,Vote by Mail - 400C,177161,LEAH HALL,skipped,skipped,1,3
458200,Vote by Mail - 400C,177162,MIA OUSLEY,LEAH HALL,CORINA LOPEZ,1,3
458200,Vote by Mail - 400C,177164,CORINA LOPEZ,MIA OUSLEY,LEAH HALL,1,3
458200,Vote by Mail - 400C,177165,LEAH HALL,MIA OUSLEY,CORINA LOPEZ,1,3
458200,Vote by Mail - 400C,177166,MIA OUSLEY,LEAH HALL,CORINA LOPEZ,1,3
458200,Vote by Mail - 400C,177168,MIA OUSLEY,CORINA LOPEZ,LEAH HALL,1,3
458200,Vote by Mail - 400C,177169,MIA OUSLEY,CORINA LOPEZ,LEAH HALL,1,3
458200,Vote by Mail - 400C,177170,MIA OUSLEY,LEAH HALL,CORINA LOPEZ,1,3
458200,Vote by Mail - 400C,177171,CORINA LOPEZ,MIA OUSLEY,LEAH HALL,1,3
458200,Vote by Mail - 400C,177172,CORINA LOPEZ,LEAH HALL,MIA OUSLEY,1,3
458200,Vote by Mail - 400C,177173,CORINA LOPEZ,skipped,skipped,1,3
458200,Vote by Mail - 400C,177175,CORINA LOPEZ,skipped,skipped,1,3
458300,Vote by Mail - 400C,177176,CORINA LOPEZ,MIA OUSLEY,LEAH HALL,1,3
458300,Vote by Mail - 400C,177177,CORINA LOPEZ,MIA OUSLEY,LEAH HALL,1,3
458300,Vote by Mail - 400C,177178,CORINA LOPEZ,skipped,skipped,1,3
458300,Vote by Mail - 400C,177179,CORINA LOPEZ,skipped,skipped,1,3
458300,Vote by Mail - 400C,177180,CORINA LOPEZ,skipped,skipped,1,3
458300,Vote by Mail - 400C,177181,MIA OUSLEY,LEAH HALL,skipped,1,3
458300,Vote by Mail - 400C,177182,MIA OUSLEY,skipped,skipped,1,3
458300,Vote by Mail - 400C,177183,CORINA LOPEZ,LEAH HALL,MIA OUSLEY,1,3
458300,Vote by Mail - 400C,177184,CORINA LOPEZ,LEAH HALL,MIA OUSLEY,1,3
458300,Vote by Mail - 400C,177185,MIA OUSLEY,skipped,skipped,1,3
458300,Vote by Mail - 400C,177186,CORINA LOPEZ,skipped,skipped,1,3
458300,Vote by Mail - 400C,177187,CORINA LOPEZ,LEAH HALL,MIA OUSLEY,1,3
458300,Vote by Mail - 400C,177188,LEAH HALL,skipped,skipped,1,3
458300,Vote by Mail - 400C,177189,MIA OUSLEY,skipped,skipped,1,3
458500,Vote by Mail - 400C,177190,CORINA LOPEZ,MIA OUSLEY,LEAH HALL,1,3
458500,Vote by Mail - 400C,177191,LEAH HALL,CORINA LOPEZ,MIA OUSLEY,1,3
458500,Vote by Mail - 400C,177192,LEAH HALL,CORINA LOPEZ,MIA OUSLEY,1,3
458500,Vote by Mail - 400C,177193,CORINA LOPEZ,skipped,skipped,1,3
458500,Vote by Mail - 400C,177194,MIA OUSLEY,LEAH HALL,CORINA LOPEZ,1,3
458500,Vote by Mail - 400C,177195,CORINA LOPEZ,skipped,skipped,1,3
458500,Vote by Mail - 400C,177196,CORINA LOPEZ,MIA OUSLEY,LEAH HALL,1,3
458500,Vote by Mail - 400C,177197,CORINA LOPEZ,LEAH HALL,skipped,1,3
458500,Vote by Mail - 400C,177198,CORINA LOPEZ,MIA OUSLEY,LEAH HALL,1,3
458500,Vote by Mail - 400C,177199,LEAH HALL,skipped,skipped,1,3
458500,Vote by Mail - 400C,177200,LEAH HALL,CORINA LOPEZ,MIA OUSLEY,1,3
458500,Vote by Mail - 400C,177201,MIA OUSLEY,LEAH HALL,CORINA LOPEZ,1,3
458500,Vote by Mail - 400C,177202,MIA OUSLEY,LEAH HALL,CORINA LOPEZ,1,3
458500,Vote by Mail - 400C,177203,MIA OUSLEY,LEAH HALL,CORINA LOPEZ,1,3
458500,Vote by Mail - 400C,177204,MIA OUSLEY,LEAH HALL,CORINA LOPEZ,1,3
458500,Vote by Mail - 400C,177205,LEAH HALL,skipped,skipped,1,3
458500,Vote by Mail - 400C,177206,MIA OUSLEY,skipped,skipped,1,3
458800,Vote by Mail - 400C,177208,CORINA LOPEZ,LEAH HALL,MIA OUSLEY,1,3
458800,Vote by Mail - 400C,177210,MIA OUSLEY,CORINA LOPEZ,LEAH HALL,1,3
458800,Vote by Mail - 400C,177211,LEAH HALL,skipped,skipped,1,3
458800,Vote by Mail - 400C,177212,CORINA LOPEZ,LEAH HALL,MIA OUSLEY,1,3
458800,Vote by Mail - 400C,177213,LEAH HALL,MIA OUSLEY,CORINA LOPEZ,1,3
458800,Vote by Mail - 400C,177214,LEAH HALL,skipped,skipped,1,3
458800,Vote by Mail - 400C,177215,LEAH HALL,MIA OUSLEY,CORINA LOPEZ,1,3
458900,Vote by Mail - 400C,177217,CORINA LOPEZ,skipped,skipped,1,3
458900,Vote by Mail - 400C,177218,CORINA LOPEZ,skipped,skipped,1,3
458900,Vote by Mail - 400C,177219,LEAH HALL,MIA OUSLEY,CORINA LOPEZ,1,3
9451500,Vote by Mail - 400C,177291,CORINA LOPEZ,MIA OUSLEY,skipped,1,3
9451500,Vote by Mail - 400C,177292,CORINA LOPEZ,MIA OUSLEY,LEAH HALL,1,3
9451500,Vote by Mail - 400C,177293,MIA OUSLEY,LEAH HALL,CORINA LOPEZ,1,3
9454220,Vote by Mail - 400C,177294,MIA OUSLEY,skipped,skipped,1,3
9454700,Vote by Mail - 400C,177295,LEAH HALL,skipped,skipped,1,3
9454700,Vote by Mail - 400C,177296,LEAH HALL,skipped,skipped,1,3
9454700,Vote by Mail - 400C,177297,CORINA LOPEZ,LEAH HALL,MIA OUSLEY,1,3
9454700,Vote by Mail - 400C,177298,CORINA LOPEZ,skipped,skipped,1,3
9454700,Vote by Mail - 400C,177300,CORINA LOPEZ,skipped,skipped,1,3
9454700,Vote by Mail - 400C,177301,CORINA LOPEZ,LEAH HALL,MIA OUSLEY,1,3
9454700,Vote by Mail - 400C,177302,LEAH HALL,skipped,skipped,1,3
9454700,Vote by Mail - 400C,177303,LEAH HALL,skipped,skipped,1,3
9454700,Vote by Mail - 400C,177304,LEAH HALL,MIA OUSLEY,CORINA LOPEZ,1,3
9454700,Vote by Mail - 400C,177305,LEAH HALL,MIA OUSLEY,CORINA LOPEZ,1,3
9454700,Vote by Mail - 400C,177306,LEAH HALL,MIA OUSLEY,CORINA LOPEZ,1,3
9454700,Vote by Mail - 400C,177307,CORINA LOPEZ,LEAH HALL,MIA OUSLEY,1,3
9454700,Vote by Mail - 400C,177308,LEAH HALL,MIA OUSLEY,CORINA LOPEZ,1,3
9455010,Vote by Mail - 400C,177309,LEAH HALL,MIA OUSLEY,CORINA LOPEZ,1,3
9455410,Vote by Mail - 400C,177310,CORINA LOPEZ,LEAH HALL,MIA OUSLEY,1,3
9455410,Vote by Mail - 400C,177311,CORINA LOPEZ,skipped,skipped,1,3
9455410,Vote by Mail - 400C,177312,CORINA LOPEZ,LEAH HALL,MIA OUSLEY,1,3
9455410,Vote by Mail - 400C,177313,MIA OUSLEY,CORINA LOPEZ,LEAH HALL,1,3
9455410,Vote by Mail - 400C,177314,CORINA LOPEZ,skipped,skipped,1,3
9455410,Vote by Mail - 400C,177315,CORINA LOPEZ,skipped,skipped,1,3
455100,Election Day - Insight,177316,CORINA LOPEZ,skipped,skipped,1,3
455100,Election Day - Insight,177317,LEAH HALL,CORINA LOPEZ,MIA OUSLEY,1,3
455100,Election Day - Insight,177318,MIA OUSLEY,CORINA LOPEZ,LEAH HALL,1,3
455100,Election Day - Insight,177319,LEAH HALL,MIA OUSLEY,CORINA LOPEZ,1,3
455100,Election Day - Insight,177320,MIA OUSLEY,CORINA LOPEZ,skipped,1,3
455100,Election Day - Insight,177321,MIA OUSLEY,CORINA LOPEZ,LEAH HALL,1,3
455100,Election Day - Insight,177322,CORINA LOPEZ,MIA OUSLEY,LEAH HALL,1,3
455100,Election Day - Insight,177323,MIA OUSLEY,CORINA LOPEZ,LEAH HALL,1,3
455100,Election Day - Insight,177324,LEAH HALL,CORINA LOPEZ,MIA OUSLEY,1,3
455100,Election Day - Insight,177325,LEAH HALL,MIA OUSLEY,CORINA LOPEZ,1,3
455100,Election Day - Insight,177326,CORINA LOPEZ,MIA OUSLEY,LEAH HALL,1,3
455100,Election Day - Insight,177327,LEAH HALL,CORINA LOPEZ,MIA OUSLEY,1,3
455100,Election Day - Insight,177329,CORINA LOPEZ,skipped,skipped,1,3
455100,Election Day - Insight,177331,CORINA LOPEZ,LEAH HALL,MIA OUSLEY,1,3
455100,Election Day - Insight,177332,MIA OUSLEY,CORINA LOPEZ,LEAH HALL,1,3
455100,Election Day - Insight,177333,CORINA LOPEZ,skipped,skipped,1,3
455100,Election Day - Insight,177335,CORINA LOPEZ,skipped,skipped,1,3
455100,Election Day - Insight,177336,CORINA LOPEZ,LEAH HALL,MIA OUSLEY,1,3
455100,Election Day - Insight,177337,CORINA LOPEZ,skipped,skipped,1,3
455100,Election Day - Insight,177339,CORINA LOPEZ,LEAH HALL,MIA OUSLEY,1,3
455100,Election Day - Insight,177340,CORINA LOPEZ,MIA OUSLEY,LEAH HALL,1,3
455100,Election Day - Insight,177341,CORINA LOPEZ,LEAH HALL,MIA OUSLEY,1,3
455100,Election Day - Insight,177342,CORINA LOPEZ,MIA OUSLEY,LEAH HALL,1,3
455100,Election Day - Insight,177343,CORINA LOPEZ,skipped,skipped,1,3
455100,Election Day - Insight,177344,MIA OUSLEY,CORINA LOPEZ,skipped,1,3
455100,Election Day - Insight,177345,CORINA LOPEZ,MIA OUSLEY,LEAH HALL,1,3
455100,Election Day - Insight,177350,MIA OUSLEY,LEAH HALL,CORINA LOPEZ,1,3
455100,Election Day - Insight,177351,LEAH HALL,skipped,skipped,1,3
455100,Election Day - Insight,177352,LEAH HALL,CORINA LOPEZ,skipped,1,3
455100,Election Day - Insight,177354,CORINA LOPEZ,skipped,skipped,1,3
455100,Election Day - Insight,177355,LEAH HALL,CORINA LOPEZ,skipped,1,3
455100,Election Day - Insight,177358,CORINA LOPEZ,LEAH HALL,MIA OUSLEY,1,3
455100,Election Day - Insight,177359,CORINA LOPEZ,MIA OUSLEY,LEAH HALL,1,3
455100,Election Day - Insight,177360,CORINA LOPEZ,skipped,skipped,1,3
455100,Election Day - Insight,177363,CORINA LOPEZ,skipped,skipped,1,3
455100,Election Day - Insight,177364,CORINA LOPEZ,LEAH HALL,MIA OUSLEY,1,3
455100,Election Day - Insight,177365,LEAH HALL,CORINA LOPEZ,MIA OUSLEY,1,3
455100,Election Day - Insight,177366,CORINA LOPEZ,skipped,skipped,1,3
455100,Election Day - Insight,177367,CORINA LOPEZ,MIA OUSLEY,LEAH HALL,1,3
455100,Election Day - Insight,177368,LEAH HALL,skipped,skipped,1,3
455100,Election Day - Insight,177369,CORINA LOPEZ,MIA OUSLEY,LEAH HALL,1,3
455100,Election Day - Insight,177370,MIA OUSLEY,CORINA LOPEZ,LEAH HALL,1,3
455100,Election Day - Insight,177373,LEAH HALL,CORINA LOPEZ,MIA OUSLEY,1,3
455100,Election Day - Insight,177374,MIA OUSLEY,CORINA LOPEZ,LEAH HALL,1,3
455100,Election Day - Insight,177375,CORINA LOPEZ,skipped,skipped,1,3
455100,Election Day - Insight,177376,CORINA LOPEZ,MIA OUSLEY,LEAH HALL,1,3
455100,Election Day - Insight,177377,CORINA LOPEZ,MIA OUSLEY,LEAH HALL,1,3
450300,Vote by Mail - 400C,183360,CORINA LOPEZ,MIA OUSLEY,LEAH HALL,1,3
450300,Vote by Mail - 400C,183361,LEAH HALL,skipped,skipped,1,3
450300,Vote by Mail - 400C,183362,LEAH HALL,MIA OUSLEY,CORINA LOPEZ,1,3
450300,Vote by Mail - 400C,183363,CORINA LOPEZ,LEAH HALL,MIA OUSLEY,1,3
450300,Vote by Mail - 400C,183364,CORINA LOPEZ,MIA OUSLEY,LEAH HALL,1,3
450300,Vote by Mail - 400C,183365,CORINA LOPEZ,skipped,skipped,1,3
450300,Vote by Mail - 400C,183366,CORINA LOPEZ,skipped,skipped,1,3
450300,Vote by Mail - 400C,183367,CORINA LOPEZ,skipped,skipped,1,3
450300,Vote by Mail - 400C,183368,CORINA LOPEZ,MIA OUSLEY,LEAH HALL,1,3
450300,Vote by Mail - 400C,183369,CORINA LOPEZ,MIA OUSLEY,LEAH HALL,1,3
450300,Vote by Mail - 400C,183370,LEAH HALL,MIA OUSLEY,CORINA LOPEZ,1,3
450300,Vote by Mail - 400C,183371,CORINA LOPEZ,MIA OUSLEY,LEAH HALL,1,3
450300,Vote by Mail - 400C,183372,CORINA LOPEZ,skipped,skipped,1,3
450300,Vote by Mail - 400C,183373,CORINA LOPEZ,skipped,skipped,1,3
450300,Vote by Mail - 400C,183374,MIA OUSLEY,LEAH HALL,CORINA LOPEZ,1,3
450300,Vote by Mail - 400C,183375,CORINA LOPEZ,skipped,skipped,1,3
450300,Vote by Mail - 400C,183376,CORINA LOPEZ,MIA OUSLEY,LEAH HALL,1,3
450300,Vote by Mail - 400C,183377,CORINA LOPEZ,skipped,skipped,1,3
450300,Vote by Mail - 400C,183378,MIA OUSLEY,CORINA LOPEZ,LEAH HALL,1,3
450300,Vote by Mail - 400C,183379,CORINA LOPEZ,MIA OUSLEY,LEAH HALL,1,3
450300,Vote by Mail - 400C,183380,CORINA LOPEZ,MIA OUSLEY,LEAH HALL,1,3
450300,Vote by Mail - 400C,183381,LEAH HALL,skipped,skipped,1,3
450300,Vote by Mail - 400C,183383,CORINA LOPEZ,skipped,skipped,1,3
450300,Vote by Mail - 400C,183384,CORINA LOPEZ,LEAH HALL,MIA OUSLEY,1,3
450300,Vote by Mail - 400C,183385,CORINA LOPEZ,MIA OUSLEY,LEAH HALL,1,3
450300,Vote by Mail - 400C,183386,MIA OUSLEY,LEAH HALL,CORINA LOPEZ,1,3
450300,Vote by Mail - 400C,183387,CORINA LOPEZ,MIA OUSLEY,skipped,1,3
450300,Vote by Mail - 400C,183388,CORINA LOPEZ,MIA OUSLEY,LEAH HALL,1,3
450300,Vote by Mail - 400C,183389,MIA OUSLEY,LEAH HALL,CORINA LOPEZ,1,3
450300,Vote by Mail - 400C,183391,CORINA LOPEZ,skipped,skipped,1,3
450300,Vote by Mail - 400C,183392,LEAH HALL,CORINA LOPEZ,skipped,1,3
450300,Vote by Mail - 400C,183393,CORINA LOPEZ,MIA OUSLEY,LEAH HALL,1,3
450300,Vote by Mail - 400C,183395,CORINA LOPEZ,MIA OUSLEY,LEAH HALL,1,3
450300,Vote by Mail - 400C,183397,LEAH HALL,skipped,skipped,1,3
450300,Vote by Mail - 400C,183398,MIA OUSLEY,CORINA LOPEZ,skipped,1,3
450300,Vote by Mail - 400C,183401,CORINA LOPEZ,MIA OUSLEY,LEAH HALL,1,3
450300,Vote by Mail - 400C,183402,CORINA LOPEZ,MIA OUSLEY,LEAH HALL,1,3
450300,Vote by Mail - 400C,183403,MIA OUSLEY,CORINA LOPEZ,LEAH HALL,1,3
450300,Vote by Mail - 400C,183404,CORINA LOPEZ,skipped,skipped,1,3
450300,Vote by Mail - 400C,183405,CORINA LOPEZ,MIA OUSLEY,LEAH HALL,1,3
450300,Vote by Mail - 400C,183406,CORINA LOPEZ,MIA OUSLEY,LEAH HALL,1,3
450300,Vote by Mail - 400C,183407,CORINA LOPEZ,MIA OUSLEY,LEAH HALL,1,3
450400,Vote by Mail - 400C,183408,CORINA LOPEZ,LEAH HALL,skipped,1,3
450400,Vote by Mail - 400C,183409,LEAH HALL,skipped,skipped,1,3
450400,Vote by Mail - 400C,183410,CORINA LOPEZ,LEAH HALL,MIA OUSLEY,1,3
450400,Vote by Mail - 400C,183411,CORINA LOPEZ,MIA OUSLEY,LEAH HALL,1,3
450400,Vote by Mail - 400C,183412,CORINA LOPEZ,skipped,skipped,1,3
450400,Vote by Mail - 400C,183413,LEAH HALL,CORINA LOPEZ,MIA OUSLEY,1,3
450400,Vote by Mail - 400C,183414,LEAH HALL,skipped,skipped,1,3
450400,Vote by Mail - 400C,183415,CORINA LOPEZ,MIA OUSLEY,LEAH HALL,1,3
450400,Vote by Mail - 400C,183416,CORINA LOPEZ,MIA OUSLEY,LEAH HALL,1,3
450400,Vote by Mail - 400C,183417,LEAH HALL,MIA OUSLEY,CORINA LOPEZ,1,3
450400,Vote by Mail - 400C,183418,MIA OUSLEY,LEAH HALL,CORINA LOPEZ,1,3
450400,Vote by Mail - 400C,183419,CORINA LOPEZ,MIA OUSLEY,skipped,1,3
450400,Vote by Mail - 400C,183420,MIA OUSLEY,LEAH HALL,CORINA LOPEZ,1,3
450400,Vote by Mail - 400C,183421,CORINA LOPEZ,MIA OUSLEY,skipped,1,3
450400,Vote by Mail - 400C,183422,LEAH HALL,CORINA LOPEZ,MIA OUSLEY,1,3
450400,Vote by Mail - 400C,183423,MIA OUSLEY,CORINA LOPEZ,LEAH HALL,1,3
450400,Vote by Mail - 400C,183424,LEAH HALL,MIA OUSLEY,CORINA LOPEZ,1,3
450400,Vote by Mail - 400C,183425,CORINA LOPEZ,LEAH HALL,MIA OUSLEY,1,3
450400,Vote by Mail - 400C,183426,CORINA LOPEZ,skipped,skipped,1,3
450400,Vote by Mail - 400C,183427,MIA OUSLEY,LEAH HALL,skipped,1,3
450400,Vote by Mail - 400C,183428,CORINA LOPEZ,skipped,skipped,1,3
450400,Vote by Mail - 400C,183429,MIA OUSLEY,skipped,skipped,1,3
450400,Vote by Mail - 400C,183430,MIA OUSLEY,CORINA LOPEZ,LEAH HALL,1,3
450400,Vote by Mail - 400C,183432,CORINA LOPEZ,skipped,skipped,1,3
450400,Vote by Mail - 400C,183434,LEAH HALL,skipped,skipped,1,3
450400,Vote by Mail - 400C,183435,LEAH HALL,CORINA LOPEZ,MIA OUSLEY,1,3
450400,Vote by Mail - 400C,183436,MIA OUSLEY,CORINA LOPEZ,LEAH HALL,1,3
450400,Vote by Mail - 400C,183437,CORINA LOPEZ,skipped,skipped,1,3
450400,Vote by Mail - 400C,183438,MIA OUSLEY,LEAH HALL,CORINA LOPEZ,1,3
450400,Vote by Mail - 400C,183439,CORINA LOPEZ,skipped,skipped,1,3
450400,Vote by Mail - 400C,183440,CORINA LOPEZ,MIA OUSLEY,LEAH HALL,1,3
450400,Vote by Mail - 400C,183441,LEAH HALL,CORINA LOPEZ,MIA OUSLEY,1,3
450400,Vote by Mail - 400C,183442,LEAH HALL,MIA OUSLEY,CORINA LOPEZ,1,3
450400,Vote by Mail - 400C,183443,CORINA LOPEZ,LEAH HALL,skipped,1,3
450400,Vote by Mail - 400C,183444,CORINA LOPEZ,MIA OUSLEY,skipped,1,3
450400,Vote by Mail - 400C,183445,CORINA LOPEZ,LEAH HALL,MIA OUSLEY,1,3
450400,Vote by Mail - 400C,183446,MIA OUSLEY,CORINA LOPEZ,LEAH HALL,1,3
450400,Vote by Mail - 400C,183449,LEAH HALL,skipped,skipped,1,3
450400,Vote by Mail - 400C,183450,CORINA LOPEZ,skipped,skipped,1,3
450400,Vote by Mail - 400C,183451,CORINA LOPEZ,LEAH HALL,MIA OUSLEY,1,3
450400,Vote by Mail - 400C,183452,CORINA LOPEZ,MIA OUSLEY,LEAH HALL,1,3
450400,Vote by Mail - 400C,183453,CORINA LOPEZ,LEAH HALL,MIA OUSLEY,1,3
450400,Vote by Mail - 400C,183454,LEAH HALL,CORINA LOPEZ,skipped,1,3
450400,Vote by Mail - 400C,183455,LEAH HALL,MIA OUSLEY,CORINA LOPEZ,1,3
450400,Vote by Mail - 400C,183457,CORINA LOPEZ,LEAH HALL,MIA OUSLEY,1,3
450400,Vote by Mail - 400C,183458,LEAH HALL,MIA OUSLEY,CORINA LOPEZ,1,3
450400,Vote by Mail - 400C,183459,MIA OUSLEY,skipped,skipped,1,3
450400,Vote by Mail - 400C,183460,MIA OUSLEY,skipped,skipped,1,3
450400,Vote by Mail - 400C,183461,CORINA LOPEZ,LEAH HALL,MIA OUSLEY,1,3
450400,Vote by Mail - 400C,183462,LEAH HALL,CORINA LOPEZ,MIA OUSLEY,1,3
450400,Vote by Mail - 400C,183463,CORINA LOPEZ,LEAH HALL,MIA OUSLEY,1,3
450400,Vote by Mail - 400C,183464,CORINA LOPEZ,MIA OUSLEY,LEAH HALL,1,3
450400,Vote by Mail - 400C,183465,LEAH HALL,MIA OUSLEY,CORINA LOPEZ,1,3
450400,Vote by Mail - 400C,183468,CORINA LOPEZ,skipped,skipped,1,3
450400,Vote by Mail - 400C,183469,LEAH HALL,MIA OUSLEY,CORINA LOPEZ,1,3
450400,Vote by Mail - 400C,183470,CORINA LOPEZ,LEAH HALL,MIA OUSLEY,1,3
450400,Vote by Mail - 400C,183471,LEAH HALL,MIA OUSLEY,CORINA LOPEZ,1,3
450400,Vote by Mail - 400C,183472,CORINA LOPEZ,skipped,skipped,1,3
450400,Vote by Mail - 400C,183473,CORINA LOPEZ,skipped,skipped,1,3
450400,Vote by Mail - 400C,183474,MIA OUSLEY,LEAH HALL,skipped,1,3
450400,Vote by Mail - 400C,183475,CORINA LOPEZ,skipped,skipped,1,3
450400,Vote by Mail - 400C,183476,CORINA LOPEZ,skipped,skipped,1,3
450400,Vote by Mail - 400C,183477,CORINA LOPEZ,skipped,skipped,1,3
450400,Vote by Mail - 400C,183478,LEAH HALL,CORINA LOPEZ,MIA OUSLEY,1,3
450400,Vote by Mail - 400C,183479,MIA OUSLEY,LEAH HALL,CORINA LOPEZ,1,3
450400,Vote by Mail - 400C,183481,CORINA LOPEZ,LEAH HALL,MIA OUSLEY,1,3
450400,Vote by Mail - 400C,183482,CORINA LOPEZ,MIA OUSLEY,LEAH HALL,1,3
450400,Vote by Mail - 400C,183483,CORINA LOPEZ,LEAH HALL,MIA OUSLEY,1,3
450400,Vote by Mail - 400C,183484,MIA OUSLEY,CORINA LOPEZ,LEAH HALL,1,3
450400,Vote by Mail - 400C,183486,MIA OUSLEY,CORINA LOPEZ,LEAH HALL,1,3
450400,Vote by Mail - 400C,183488,CORINA LOPEZ,LEAH HALL,MIA OUSLEY,1,3
450400,Vote by Mail - 400C,183489,MIA OUSLEY,CORINA LOPEZ,skipped,1,3
450400,Vote by Mail - 400C,183490,MIA OUSLEY,CORINA LOPEZ,LEAH HALL,1,3
450400,Vote by Mail - 400C,183491,CORINA LOPEZ,MIA OUSLEY,LEAH HALL,1,3
450400,Vote by Mail - 400C,183492,CORINA LOPEZ,MIA OUSLEY,LEAH HALL,1,3
450610,Vote by Mail - 400C,183493,CORINA LOPEZ,MIA OUSLEY,LEAH HALL,1,3
450610,Vote by Mail - 400C,183494,CORINA LOPEZ,MIA OUSLEY,LEAH HALL,1,3
450610,Vote by Mail - 400C,183495,LEAH HALL,MIA OUSLEY,CORINA LOPEZ,1,3
450610,Vote by Mail - 400C,183496,CORINA LOPEZ,skipped,skipped,1,3
450610,Vote by Mail - 400C,183497,CORINA LOPEZ,skipped,skipped,1,3
450610,Vote by Mail - 400C,183498,CORINA LOPEZ,skipped,skipped,1,3
450610,Vote by Mail - 400C,183499,CORINA LOPEZ,skipped,skipped,1,3
450610,Vote by Mail - 400C,183501,CORINA LOPEZ,LEAH HALL,skipped,1,3
450610,Vote by Mail - 400C,183502,CORINA LOPEZ,MIA OUSLEY,LEAH HALL,1,3
450610,Vote by Mail - 400C,183503,MIA OUSLEY,skipped,skipped,1,3
450610,Vote by Mail - 400C,183504,CORINA LOPEZ,skipped,skipped,1,3
450610,Vote by Mail - 400C,183505,CORINA LOPEZ,MIA OUSLEY,LEAH HALL,1,3
450610,Vote by Mail - 400C,183506,MIA OUSLEY,skipped,skipped,1,3
450610,Vote by Mail - 400C,183507,LEAH HALL,skipped,skipped,1,3
450800,Vote by Mail - 400C,183509,CORINA LOPEZ,LEAH HALL,MIA OUSLEY,1,3
450800,Vote by Mail - 400C,183510,MIA OUSLEY,CORINA LOPEZ,LEAH HALL,1,3
450800,Vote by Mail - 400C,183511,MIA OUSLEY,LEAH HALL,CORINA LOPEZ,1,3
450800,Vote by Mail - 400C,183512,LEAH HALL,skipped,skipped,1,3
450800,Vote by Mail - 400C,183513,CORINA LOPEZ,LEAH HALL,skipped,1,3
450800,Vote by Mail - 400C,183515,CORINA LOPEZ,MIA OUSLEY,LEAH HALL,1,3
450800,Vote by Mail - 400C,183517,MIA OUSLEY,LEAH HALL,skipped,1,3
450800,Vote by Mail - 400C,183518,LEAH HALL,MIA OUSLEY,CORINA LOPEZ,1,3
450800,Vote by Mail - 400C,183519,MIA OUSLEY,CORINA LOPEZ,LEAH HALL,1,3
450800,Vote by Mail - 400C,183520,CORINA LOPEZ,LEAH HALL,MIA OUSLEY,1,3
450800,Vote by Mail - 400C,183521,MIA OUSLEY,LEAH HALL,CORINA LOPEZ,1,3
450800,Vote by Mail - 400C,183522,LEAH HALL,MIA OUSLEY,CORINA LOPEZ,1,3
450800,Vote by Mail - 400C,183524,LEAH HALL,skipped,skipped,1,3
450800,Vote by Mail - 400C,183525,LEAH HALL,CORINA LOPEZ,MIA OUSLEY,1,3
450800,Vote by Mail - 400C,183528,LEAH HALL,MIA OUSLEY,skipped,1,3
450800,Vote by Mail - 400C,183529,LEAH HALL,CORINA LOPEZ,MIA OUSLEY,1,3
450800,Vote by Mail - 400C,183530,CORINA LOPEZ,LEAH HALL,MIA OUSLEY,1,3
450800,Vote by Mail - 400C,183531,CORINA LOPEZ,MIA OUSLEY,LEAH HALL,1,3
450800,Vote by Mail - 400C,183532,CORINA LOPEZ,skipped,skipped,1,3
450800,Vote by Mail - 400C,183533,CORINA LOPEZ,MIA OUSLEY,LEAH HALL,1,3
450800,Vote by Mail - 400C,183534,CORINA LOPEZ,LEAH HALL,MIA OUSLEY,1,3
450800,Vote by Mail - 400C,183535,CORINA LOPEZ,skipped,skipped,1,3
450800,Vote by Mail - 400C,183536,LEAH HALL,MIA OUSLEY,CORINA LOPEZ,1,3
450800,Vote by Mail - 400C,183538,MIA OUSLEY,LEAH HALL,CORINA LOPEZ,1,3
450800,Vote by Mail - 400C,183539,CORINA LOPEZ,skipped,skipped,1,3
450800,Vote by Mail - 400C,183540,CORINA LOPEZ,skipped,skipped,1,3
450800,Vote by Mail - 400C,183541,LEAH HALL,CORINA LOPEZ,MIA OUSLEY,1,3
450800,Vote by Mail - 400C,183542,LEAH HALL,MIA OUSLEY,skipped,1,3
450800,Vote by Mail - 400C,183543,MIA OUSLEY,LEAH HALL,CORINA LOPEZ,1,3
450800,Vote by Mail - 400C,183544,LEAH HALL,CORINA LOPEZ,skipped,1,3
450800,Vote by Mail - 400C,183545,CORINA LOPEZ,MIA OUSLEY,LEAH HALL,1,3
450800,Vote by Mail - 400C,183546,MIA OUSLEY,CORINA LOPEZ,LEAH HALL,1,3
450800,Vote by Mail - 400C,183547,CORINA LOPEZ,MIA OUSLEY,LEAH HALL,1,3
450800,Vote by Mail - 400C,183548,CORINA LOPEZ,MIA OUSLEY,LEAH HALL,1,3
450800,Vote by Mail - 400C,183549,CORINA LOPEZ,skipped,skipped,1,3
450800,Vote by Mail - 400C,183550,CORINA LOPEZ,LEAH HALL,MIA OUSLEY,1,3
450800,Vote by Mail - 400C,183551,CORINA LOPEZ,MIA OUSLEY,LEAH HALL,1,3
450800,Vote by Mail - 400C,183552,LEAH HALL,MIA OUSLEY,CORINA LOPEZ,1,3
451000,Vote by Mail - 400C,183554,MIA OUSLEY,LEAH HALL,CORINA LOPEZ,1,3
451000,Vote by Mail - 400C,183555,CORINA LOPEZ,skipped,skipped,1,3
451000,Vote by Mail - 400C,183556,CORINA LOPEZ,skipped,skipped,1,3
451000,Vote by Mail - 400C,183557,CORINA LOPEZ,MIA OUSLEY,skipped,1,3
451000,Vote by Mail - 400C,183558,LEAH HALL,skipped,skipped,1,3
451000,Vote by Mail - 400C,183559,LEAH HALL,CORINA LOPEZ,MIA OUSLEY,1,3
451000,Vote by Mail - 400C,183560,CORINA LOPEZ,MIA OUSLEY,LEAH HALL,1,3
451000,Vote by Mail - 400C,183561,CORINA LOPEZ,MIA OUSLEY,LEAH HALL,1,3
451000,Vote by Mail - 400C,183562,CORINA LOPEZ,MIA OUSLEY,skipped,1,3
451000,Vote by Mail - 400C,183563,CORINA LOPEZ,LEAH HALL,skipped,1,3
451000,Vote by Mail - 400C,183564,LEAH HALL,MIA OUSLEY,CORINA LOPEZ,1,3
451000,Vote by Mail - 400C,183565,LEAH HALL,CORINA LOPEZ,MIA OUSLEY,1,3
451000,Vote by Mail - 400C,183566,LEAH HALL,MIA OUSLEY,CORINA LOPEZ,1,3
451000,Vote by Mail - 400C,183567,CORINA LOPEZ,skipped,skipped,1,3
451000,Vote by Mail - 400C,183568,MIA OUSLEY,skipped,skipped,1,3
451000,Vote by Mail - 400C,183569,MIA OUSLEY,LEAH HALL,CORINA LOPEZ,1,3
451000,Vote by Mail - 400C,183570,CORINA LOPEZ,MIA OUSLEY,skipped,1,3
451000,Vote by Mail - 400C,183571,LEAH HALL,skipped,skipped,1,3
451000,Vote by Mail - 400C,183572,LEAH HALL,skipped,skipped,1,3
451000,Vote by Mail - 400C,183573,CORINA LOPEZ,MIA OUSLEY,LEAH HALL,1,3
451000,Vote by Mail - 400C,183574,LEAH HALL,skipped,skipped,1,3
451000,Vote by Mail - 400C,183575,MIA OUSLEY,LEAH HALL,CORINA LOPEZ,1,3
451000,Vote by Mail - 400C,183576,MIA OUSLEY,CORINA LOPEZ,LEAH HALL,1,3
451000,Vote by Mail - 400C,183578,CORINA LOPEZ,MIA OUSLEY,skipped,1,3
451000,Vote by Mail - 400C,183579,CORINA LOPEZ,MIA OUSLEY,LEAH HALL,1,3
451000,Vote by Mail - 400C,183580,MIA OUSLEY,CORINA LOPEZ,LEAH HALL,1,3
451000,Vote by Mail - 400C,183582,CORINA LOPEZ,MIA OUSLEY,LEAH HALL,1,3
451000,Vote by Mail - 400C,183583,CORINA LOPEZ,LEAH HALL,MIA OUSLEY,1,3
451000,Vote by Mail - 400C,183584,MIA OUSLEY,CORINA LOPEZ,LEAH HALL,1,3
451000,Vote by Mail - 400C,183585,CORINA LOPEZ,LEAH HALL,skipped,1,3
451000,Vote by Mail - 400C,183586,CORINA LOPEZ,skipped,skipped,1,3
451000,Vote by Mail - 400C,183587,CORINA LOPEZ,skipped,skipped,1,3
451000,Vote by Mail - 400C,183588,CORINA LOPEZ,MIA OUSLEY,LEAH HALL,1,3
451000,Vote by Mail - 400C,183589,MIA OUSLEY,LEAH HALL,CORINA LOPEZ,1,3
451000,Vote by Mail - 400C,183591,CORINA LOPEZ,MIA OUSLEY,LEAH HALL,1,3
451000,Vote by Mail - 400C,183593,CORINA LOPEZ,MIA OUSLEY,skipped,1,3
451000,Vote by Mail - 400C,183594,CORINA LOPEZ,skipped,skipped,1,3
451000,Vote by Mail - 400C,183595,CORINA LOPEZ,MIA OUSLEY,LEAH HALL,1,3
451000,Vote by Mail - 400C,183596,LEAH HALL,CORINA LOPEZ,MIA OUSLEY,1,3
451000,Vote by Mail - 400C,183597,LEAH HALL,CORINA LOPEZ,skipped,1,3
451000,Vote by Mail - 400C,183598,MIA OUSLEY,LEAH HALL,CORINA LOPEZ,1,3
451000,Vote by Mail - 400C,183599,CORINA LOPEZ,MIA OUSLEY,LEAH HALL,1,3
451000,Vote by Mail - 400C,183600,LEAH HALL,MIA OUSLEY,CORINA LOPEZ,1,3
451000,Vote by Mail - 400C,183601,CORINA LOPEZ,MIA OUSLEY,LEAH HALL,1,3
451000,Vote by Mail - 400C,183603,MIA OUSLEY,CORINA LOPEZ,skipped,1,3
451000,Vote by Mail - 400C,183604,LEAH HALL,skipped,skipped,1,3
451000,Vote by Mail - 400C,183605,CORINA LOPEZ,skipped,skipped,1,3
451000,Vote by Mail - 400C,183606,LEAH HALL,CORINA LOPEZ,MIA OUSLEY,1,3
451000,Vote by Mail - 400C,183607,CORINA LOPEZ,MIA OUSLEY,LEAH HALL,1,3
451000,Vote by Mail - 400C,183608,CORINA LOPEZ,skipped,skipped,1,3
451000,Vote by Mail - 400C,183609,CORINA LOPEZ,LEAH HALL,skipped,1,3
451000,Vote by Mail - 400C,183610,CORINA LOPEZ,MIA OUSLEY,skipped,1,3
451000,Vote by Mail - 400C,183611,CORINA LOPEZ,MIA OUSLEY,LEAH HALL,1,3
451000,Vote by Mail - 400C,183612,CORINA LOPEZ,MIA OUSLEY,LEAH HALL,1,3
451000,Vote by Mail - 400C,183613,CORINA LOPEZ,LEAH HALL,MIA OUSLEY,1,3
451000,Vote by Mail - 400C,183614,MIA OUSLEY,LEAH HALL,CORINA LOPEZ,1,3
451000,Vote by Mail - 400C,183615,CORINA LOPEZ,MIA OUSLEY,LEAH HALL,1,3
451000,Vote by Mail - 400C,183616,MIA OUSLEY,LEAH HALL,CORINA LOPEZ,1,3
451000,Vote by Mail - 400C,183617,MIA OUSLEY,LEAH HALL,CORINA LOPEZ,1,3
451000,Vote by Mail - 400C,183618,LEAH HALL,skipped,skipped,1,3
451000,Vote by Mail - 400C,183619,LEAH HALL,skipped,skipped,1,3
451000,Vote by Mail - 400C,183620,CORINA LOPEZ,skipped,skipped,1,3
451000,Vote by Mail - 400C,183621,CORINA LOPEZ,MIA OUSLEY,LEAH HALL,1,3
451000,Vote by Mail - 400C,183622,CORINA LOPEZ,LEAH HALL,MIA OUSLEY,1,3
451000,Vote by Mail - 400C,183624,CORINA LOPEZ,skipped,skipped,1,3
451000,Vote by Mail - 400C,183625,CORINA LOPEZ,skipped,skipped,1,3
451000,Vote by Mail - 400C,183626,CORINA LOPEZ,skipped,skipped,1,3
451000,Vote by Mail - 400C,183627,MIA OUSLEY,CORINA LOPEZ,LEAH HALL,1,3
451000,Vote by Mail - 400C,183628,CORINA LOPEZ,MIA OUSLEY,skipped,1,3
451000,Vote by Mail - 400C,183629,MIA OUSLEY,LEAH HALL,CORINA LOPEZ,1,3
451000,Vote by Mail - 400C,183630,CORINA LOPEZ,skipped,skipped,1,3
451000,Vote by Mail - 400C,183631,LEAH HALL,MIA OUSLEY,CORINA LOPEZ,1,3
451000,Vote by Mail - 400C,183632,LEAH HALL,MIA OUSLEY,CORINA LOPEZ,1,3
451000,Vote by Mail - 400C,183633,CORINA LOPEZ,MIA OUSLEY,skipped,1,3
451000,Vote by Mail - 400C,183634,CORINA LOPEZ,skipped,skipped,1,3
451000,Vote by Mail - 400C,183635,CORINA LOPEZ,skipped,skipped,1,3
451000,Vote by Mail - 400C,183636,MIA OUSLEY,LEAH HALL,CORINA LOPEZ,1,3
451000,Vote by Mail - 400C,183638,CORINA LOPEZ,MIA OUSLEY,skipped,1,3
451000,Vote by Mail - 400C,183639,CORINA LOPEZ,MIA OUSLEY,LEAH HALL,1,3
451000,Vote by Mail - 400C,183640,CORINA LOPEZ,MIA OUSLEY,LEAH HALL,1,3
451000,Vote by Mail - 400C,183641,CORINA LOPEZ,LEAH HALL,MIA OUSLEY,1,3
451000,Vote by Mail - 400C,183642,CORINA LOPEZ,LEAH HALL,MIA OUSLEY,1,3
451000,Vote by Mail - 400C,183643,MIA OUSLEY,skipped,skipped,1,3
451000,Vote by Mail - 400C,183644,CORINA LOPEZ,skipped,skipped,1,3
451000,Vote by Mail - 400C,183645,CORINA LOPEZ,skipped,skipped,1,3
451000,Vote by Mail - 400C,183647,LEAH HALL,MIA OUSLEY,CORINA LOPEZ,1,3
451000,Vote by Mail - 400C,183648,MIA OUSLEY,LEAH HALL,CORINA LOPEZ,1,3
451000,Vote by Mail - 400C,183649,LEAH HALL,CORINA LOPEZ,MIA OUSLEY,1,3
451000,Vote by Mail - 400C,183650,CORINA LOPEZ,skipped,skipped,1,3
451000,Vote by Mail - 400C,183651,MIA OUSLEY,CORINA LOPEZ,LEAH HALL,1,3
451000,Vote by Mail - 400C,183652,CORINA LOPEZ,MIA OUSLEY,LEAH HALL,1,3
451000,Vote by Mail - 400C,183653,CORINA LOPEZ,MIA OUSLEY,LEAH HALL,1,3
451510,Vote by Mail - 400C,183654,CORINA LOPEZ,MIA OUSLEY,LEAH HALL,1,3
451510,Vote by Mail - 400C,183655,MIA OUSLEY,CORINA LOPEZ,LEAH HALL,1,3
451510,Vote by Mail - 400C,183656,MIA OUSLEY,CORINA LOPEZ,LEAH HALL,1,3
451510,Vote by Mail - 400C,183657,CORINA LOPEZ,MIA OUSLEY,LEAH HALL,1,3
451510,Vote by Mail - 400C,183658,LEAH HALL,skipped,skipped,1,3
451510,Vote by Mail - 400C,183659,LEAH HALL,MIA OUSLEY,skipped,1,3
451510,Vote by Mail - 400C,183660,CORINA LOPEZ,skipped,skipped,1,3
451510,Vote by Mail - 400C,183661,CORINA LOPEZ,LEAH HALL,MIA OUSLEY,1,3
451510,Vote by Mail - 400C,183662,CORINA LOPEZ,LEAH HALL,MIA OUSLEY,1,3
451510,Vote by Mail - 400C,183663,CORINA LOPEZ,MIA OUSLEY,LEAH HALL,1,3
451510,Vote by Mail - 400C,183664,CORINA LOPEZ,MIA OUSLEY,LEAH HALL,1,3
451510,Vote by Mail - 400C,183665,MIA OUSLEY,LEAH HALL,CORINA LOPEZ,1,3
451510,Vote by Mail - 400C,183666,MIA OUSLEY,CORINA LOPEZ,LEAH HALL,1,3
451510,Vote by Mail - 400C,183667,CORINA LOPEZ,MIA OUSLEY,LEAH HALL,1,3
451510,Vote by Mail - 400C,183668,LEAH HALL,MIA OUSLEY,skipped,1,3
451510,Vote by Mail - 400C,183669,CORINA LOPEZ,MIA OUSLEY,LEAH HALL,1,3
451510,Vote by Mail - 400C,183670,MIA OUSLEY,CORINA LOPEZ,LEAH HALL,1,3
451510,Vote by Mail - 400C,183671,CORINA LOPEZ,LEAH HALL,MIA OUSLEY,1,3
451510,Vote by Mail - 400C,183672,CORINA LOPEZ,LEAH HALL,MIA OUSLEY,1,3
451510,Vote by Mail - 400C,183673,MIA OUSLEY,CORINA LOPEZ,LEAH HALL,1,3
451510,Vote by Mail - 400C,183674,CORINA LOPEZ,MIA OUSLEY,LEAH HALL,1,3
451510,Vote by Mail - 400C,183675,CORINA LOPEZ,skipped,skipped,1,3
451510,Vote by Mail - 400C,183676,LEAH HALL,MIA OUSLEY,CORINA LOPEZ,1,3
451510,Vote by Mail - 400C,183677,CORINA LOPEZ,LEAH HALL,MIA OUSLEY,1,3
451510,Vote by Mail - 400C,183678,CORINA LOPEZ,LEAH HALL,MIA OUSLEY,1,3
451510,Vote by Mail - 400C,183679,CORINA LOPEZ,LEAH HALL,MIA OUSLEY,1,3
451510,Vote by Mail - 400C,183680,LEAH HALL,CORINA LOPEZ,MIA OUSLEY,1,3
451510,Vote by Mail - 400C,183681,MIA OUSLEY,LEAH HALL,CORINA LOPEZ,1,3
451510,Vote by Mail - 400C,183682,MIA OUSLEY,LEAH HALL,CORINA LOPEZ,1,3
451510,Vote by Mail - 400C,183683,CORINA LOPEZ,skipped,skipped,1,3
451510,Vote by Mail - 400C,183684,CORINA LOPEZ,skipped,skipped,1,3
451510,Vote by Mail - 400C,183685,CORINA LOPEZ,MIA OUSLEY,LEAH HALL,1,3
451510,Vote by Mail - 400C,183686,LEAH HALL,CORINA LOPEZ,skipped,1,3
451510,Vote by Mail - 400C,183687,LEAH HALL,CORINA LOPEZ,MIA OUSLEY,1,3
451510,Vote by Mail - 400C,183688,MIA OUSLEY,CORINA LOPEZ,LEAH HALL,1,3
451510,Vote by Mail - 400C,183689,MIA OUSLEY,LEAH HALL,CORINA LOPEZ,1,3
451510,Vote by Mail - 400C,183690,CORINA LOPEZ,LEAH HALL,MIA OUSLEY,1,3
451510,Vote by Mail - 400C,183691,LEAH HALL,CORINA LOPEZ,MIA OUSLEY,1,3
451510,Vote by Mail - 400C,183692,CORINA LOPEZ,skipped,skipped,1,3
451510,Vote by Mail - 400C,183693,CORINA LOPEZ,LEAH HALL,skipped,1,3
451510,Vote by Mail - 400C,183694,LEAH HALL,CORINA LOPEZ,MIA OUSLEY,1,3
451510,Vote by Mail - 400C,183695,CORINA LOPEZ,MIA OUSLEY,LEAH HALL,1,3
451510,Vote by Mail - 400C,183696,LEAH HALL,MIA OUSLEY,CORINA LOPEZ,1,3
451510,Vote by Mail - 400C,183697,CORINA LOPEZ,MIA OUSLEY,LEAH HALL,1,3
451510,Vote by Mail - 400C,183699,CORINA LOPEZ,LEAH HALL,MIA OUSLEY,1,3
451510,Vote by Mail - 400C,183700,CORINA LOPEZ,MIA OUSLEY,LEAH HALL,1,3
451510,Vote by Mail - 400C,183701,CORINA LOPEZ,LEAH HALL,skipped,1,3
451510,Vote by Mail - 400C,183702,CORINA LOPEZ,LEAH HALL,MIA OUSLEY,1,3
451510,Vote by Mail - 400C,183703,CORINA LOPEZ,skipped,skipped,1,3
451510,Vote by Mail - 400C,183704,CORINA LOPEZ,LEAH HALL,skipped,1,3
451510,Vote by Mail - 400C,183705,LEAH HALL,skipped,skipped,1,3
451510,Vote by Mail - 400C,183706,LEAH HALL,MIA OUSLEY,CORINA LOPEZ,1,3
451510,Vote by Mail - 400C,183707,CORINA LOPEZ,skipped,skipped,1,3
451510,Vote by Mail - 400C,183708,CORINA LOPEZ,MIA OUSLEY,LEAH HALL,1,3
451510,Vote by Mail - 400C,183709,CORINA LOPEZ,MIA OUSLEY,LEAH HALL,1,3
451510,Vote by Mail - 400C,183710,LEAH HALL,MIA OUSLEY,skipped,1,3
451510,Vote by Mail - 400C,183711,CORINA LOPEZ,skipped,skipped,1,3
451510,Vote by Mail - 400C,183712,LEAH HALL,CORINA LOPEZ,MIA OUSLEY,1,3
451510,Vote by Mail - 400C,183714,CORINA LOPEZ,MIA OUSLEY,LEAH HALL,1,3
451510,Vote by Mail - 400C,183715,CORINA LOPEZ,skipped,skipped,1,3
451600,Vote by Mail - 400C,183717,CORINA LOPEZ,MIA OUSLEY,LEAH HALL,1,3
451600,Vote by Mail - 400C,183718,CORINA LOPEZ,MIA OUSLEY,LEAH HALL,1,3
451600,Vote by Mail - 400C,183719,MIA OUSLEY,LEAH HALL,CORINA LOPEZ,1,3
451600,Vote by Mail - 400C,183721,CORINA LOPEZ,MIA OUSLEY,LEAH HALL,1,3
451600,Vote by Mail - 400C,183723,MIA OUSLEY,skipped,skipped,1,3
451600,Vote by Mail - 400C,183724,CORINA LOPEZ,LEAH HALL,MIA OUSLEY,1,3
451600,Vote by Mail - 400C,183725,CORINA LOPEZ,LEAH HALL,MIA OUSLEY,1,3
451600,Vote by Mail - 400C,183727,MIA OUSLEY,CORINA LOPEZ,LEAH HALL,1,3
451600,Vote by Mail - 400C,183728,CORINA LOPEZ,MIA OUSLEY,LEAH HALL,1,3
451600,Vote by Mail - 400C,183729,LEAH HALL,MIA OUSLEY,CORINA LOPEZ,1,3
451600,Vote by Mail - 400C,183730,MIA OUSLEY,skipped,skipped,1,3
451600,Vote by Mail - 400C,183731,MIA OUSLEY,skipped,skipped,1,3
451600,Vote by Mail - 400C,183732,MIA OUSLEY,skipped,skipped,1,3
451600,Vote by Mail - 400C,183733,LEAH HALL,MIA OUSLEY,CORINA LOPEZ,1,3
451600,Vote by Mail - 400C,183735,MIA OUSLEY,CORINA LOPEZ,LEAH HALL,1,3
451600,Vote by Mail - 400C,183736,CORINA LOPEZ,MIA OUSLEY,LEAH HALL,1,3
451600,Vote by Mail - 400C,183737,CORINA LOPEZ,MIA OUSLEY,LEAH HALL,1,3
451600,Vote by Mail - 400C,183739,LEAH HALL,skipped,skipped,1,3
451600,Vote by Mail - 400C,183740,MIA OUSLEY,CORINA LOPEZ,skipped,1,3
451600,Vote by Mail - 400C,183741,CORINA LOPEZ,MIA OUSLEY,LEAH HALL,1,3
451600,Vote by Mail - 400C,183742,CORINA LOPEZ,skipped,skipped,1,3
451600,Vote by Mail - 400C,183743,LEAH HALL,CORINA LOPEZ,MIA OUSLEY,1,3
451600,Vote by Mail - 400C,183744,CORINA LOPEZ,LEAH HALL,MIA OUSLEY,1,3
451600,Vote by Mail - 400C,183745,LEAH HALL,skipped,skipped,1,3
451600,Vote by Mail - 400C,183746,MIA OUSLEY,skipped,skipped,1,3
451600,Vote by Mail - 400C,183747,LEAH HALL,skipped,skipped,1,3
451600,Vote by Mail - 400C,183748,LEAH HALL,skipped,skipped,1,3
451600,Vote by Mail - 400C,183749,LEAH HALL,MIA OUSLEY,CORINA LOPEZ,1,3
451600,Vote by Mail - 400C,183750,MIA OUSLEY,skipped,skipped,1,3
451600,Vote by Mail - 400C,183751,LEAH HALL,skipped,skipped,1,3
451600,Vote by Mail - 400C,183752,CORINA LOPEZ,LEAH HALL,skipped,1,3
451600,Vote by Mail - 400C,183753,LEAH HALL,skipped,skipped,1,3
451600,Vote by Mail - 400C,183754,LEAH HALL,CORINA LOPEZ,MIA OUSLEY,1,3
451600,Vote by Mail - 400C,183755,LEAH HALL,MIA OUSLEY,CORINA LOPEZ,1,3
451600,Vote by Mail - 400C,183756,CORINA LOPEZ,skipped,skipped,1,3
451600,Vote by Mail - 400C,183757,CORINA LOPEZ,MIA OUSLEY,LEAH HALL,1,3
452400,Vote by Mail - 400C,183758,CORINA LOPEZ,LEAH HALL,MIA OUSLEY,1,3
452400,Vote by Mail - 400C,183759,MIA OUSLEY,LEAH HALL,CORINA LOPEZ,1,3
452400,Vote by Mail - 400C,183760,CORINA LOPEZ,LEAH HALL,MIA OUSLEY,1,3
452400,Vote by Mail - 400C,183761,LEAH HALL,skipped,skipped,1,3
452400,Vote by Mail - 400C,183762,CORINA LOPEZ,LEAH HALL,MIA OUSLEY,1,3
452400,Vote by Mail - 400C,183765,LEAH HALL,CORINA LOPEZ,MIA OUSLEY,1,3
452400,Vote by Mail - 400C,183766,LEAH HALL,MIA OUSLEY,CORINA LOPEZ,1,3
452400,Vote by Mail - 400C,183767,LEAH HALL,CORINA LOPEZ,MIA OUSLEY,1,3
452400,Vote by Mail - 400C,183768,CORINA LOPEZ,skipped,skipped,1,3
452400,Vote by Mail - 400C,183769,CORINA LOPEZ,MIA OUSLEY,LEAH HALL,1,3
452400,Vote by Mail - 400C,183770,LEAH HALL,skipped,skipped,1,3
452400,Vote by Mail - 400C,183771,MIA OUSLEY,LEAH HALL,CORINA LOPEZ,1,3
452400,Vote by Mail - 400C,183772,CORINA LOPEZ,skipped,skipped,1,3
452400,Vote by Mail - 400C,183773,CORINA LOPEZ,skipped,skipped,1,3
452400,Vote by Mail - 400C,183774,MIA OUSLEY,CORINA LOPEZ,LEAH HALL,1,3
452400,Vote by Mail - 400C,183775,MIA OUSLEY,CORINA LOPEZ,LEAH HALL,1,3
452400,Vote by Mail - 400C,183777,CORINA LOPEZ,MIA OUSLEY,LEAH HALL,1,3
452400,Vote by Mail - 400C,183778,CORINA LOPEZ,MIA OUSLEY,LEAH HALL,1,3
452400,Vote by Mail - 400C,183779,MIA OUSLEY,LEAH HALL,CORINA LOPEZ,1,3
452400,Vote by Mail - 400C,183781,MIA OUSLEY,CORINA LOPEZ,skipped,1,3
452400,Vote by Mail - 400C,183782,CORINA LOPEZ,MIA OUSLEY,LEAH HALL,1,3
452400,Vote by Mail - 400C,183784,LEAH HALL,MIA OUSLEY,CORINA LOPEZ,1,3
452400,Vote by Mail - 400C,183786,LEAH HALL,CORINA LOPEZ,MIA OUSLEY,1,3
452400,Vote by Mail - 400C,183787,CORINA LOPEZ,LEAH HALL,MIA OUSLEY,1,3
452400,Vote by Mail - 400C,183789,CORINA LOPEZ,MIA OUSLEY,LEAH HALL,1,3
452400,Vote by Mail - 400C,183790,CORINA LOPEZ,LEAH HALL,skipped,1,3
452400,Vote by Mail - 400C,183792,CORINA LOPEZ,LEAH HALL,MIA OUSLEY,1,3
452400,Vote by Mail - 400C,183793,CORINA LOPEZ,MIA OUSLEY,LEAH HALL,1,3
452400,Vote by Mail - 400C,183794,CORINA LOPEZ,MIA OUSLEY,LEAH HALL,1,3
452400,Vote by Mail - 400C,183795,LEAH HALL,MIA OUSLEY,CORINA LOPEZ,1,3
452400,Vote by Mail - 400C,183796,CORINA LOPEZ,MIA OUSLEY,LEAH HALL,1,3
452400,Vote by Mail - 400C,183797,CORINA LOPEZ,skipped,skipped,1,3
452400,Vote by Mail - 400C,183799,CORINA LOPEZ,MIA OUSLEY,LEAH HALL,1,3
452400,Vote by Mail - 400C,183800,CORINA LOPEZ,skipped,skipped,1,3
452400,Vote by Mail - 400C,183802,MIA OUSLEY,skipped,skipped,1,3
452400,Vote by Mail - 400C,183803,LEAH HALL,MIA OUSLEY,skipped,1,3
452500,Vote by Mail - 400C,183804,LEAH HALL,MIA OUSLEY,CORINA LOPEZ,1,3
452500,Vote by Mail - 400C,183805,LEAH HALL,MIA OUSLEY,skipped,1,3
452500,Vote by Mail - 400C,183806,CORINA LOPEZ,MIA OUSLEY,LEAH HALL,1,3
452500,Vote by Mail - 400C,183807,MIA OUSLEY,skipped,skipped,1,3
452500,Vote by Mail - 400C,183808,MIA OUSLEY,LEAH HALL,skipped,1,3
452500,Vote by Mail - 400C,183809,CORINA LOPEZ,LEAH HALL,MIA OUSLEY,1,3
452500,Vote by Mail - 400C,183810,CORINA LOPEZ,LEAH HALL,MIA OUSLEY,1,3
452500,Vote by Mail - 400C,183811,CORINA LOPEZ,MIA OUSLEY,LEAH HALL,1,3
452500,Vote by Mail - 400C,183812,MIA OUSLEY,LEAH HALL,CORINA LOPEZ,1,3
452500,Vote by Mail - 400C,183813,CORINA LOPEZ,skipped,skipped,1,3
452500,Vote by Mail - 400C,183814,CORINA LOPEZ,LEAH HALL,MIA OUSLEY,1,3
452500,Vote by Mail - 400C,183816,CORINA LOPEZ,MIA OUSLEY,LEAH HALL,1,3
452500,Vote by Mail - 400C,183817,MIA OUSLEY,CORINA LOPEZ,LEAH HALL,1,3
452500,Vote by Mail - 400C,183818,CORINA LOPEZ,LEAH HALL,MIA OUSLEY,1,3
452500,Vote by Mail - 400C,183820,CORINA LOPEZ,MIA OUSLEY,LEAH HALL,1,3
452500,Vote by Mail - 400C,183821,CORINA LOPEZ,skipped,skipped,1,3
452500,Vote by Mail - 400C,183822,CORINA LOPEZ,LEAH HALL,MIA OUSLEY,1,3
452500,Vote by Mail - 400C,183823,MIA OUSLEY,CORINA LOPEZ,LEAH HALL,1,3
452500,Vote by Mail - 400C,183824,CORINA LOPEZ,MIA OUSLEY,LEAH HALL,1,3
452500,Vote by Mail - 400C,183825,LEAH HALL,CORINA LOPEZ,skipped,1,3
452500,Vote by Mail - 400C,183826,LEAH HALL,CORINA LOPEZ,MIA OUSLEY,1,3
452500,Vote by Mail - 400C,183827,MIA OUSLEY,skipped,skipped,1,3
452500,Vote by Mail - 400C,183828,LEAH HALL,MIA OUSLEY,CORINA LOPEZ,1,3
452500,Vote by Mail - 400C,183829,MIA OUSLEY,skipped,skipped,1,3
452500,Vote by Mail - 400C,183830,CORINA LOPEZ,MIA OUSLEY,LEAH HALL,1,3
452500,Vote by Mail - 400C,183831,CORINA LOPEZ,skipped,skipped,1,3
452500,Vote by Mail - 400C,183832,LEAH HALL,MIA OUSLEY,CORINA LOPEZ,1,3
452500,Vote by Mail - 400C,183833,MIA OUSLEY,LEAH HALL,CORINA LOPEZ,1,3
452500,Vote by Mail - 400C,183834,LEAH HALL,MIA OUSLEY,CORINA LOPEZ,1,3
452500,Vote by Mail - 400C,183836,LEAH HALL,MIA OUSLEY,CORINA LOPEZ,1,3
452500,Vote by Mail - 400C,183837,LEAH HALL,MIA OUSLEY,CORINA LOPEZ,1,3
452500,Vote by Mail - 400C,183838,LEAH HALL,MIA OUSLEY,CORINA LOPEZ,1,3
452500,Vote by Mail - 400C,183839,CORINA LOPEZ,MIA OUSLEY,LEAH HALL,1,3
452500,Vote by Mail - 400C,183841,CORINA LOPEZ,skipped,skipped,1,3
452500,Vote by Mail - 400C,183842,LEAH HALL,MIA OUSLEY,CORINA LOPEZ,1,3
452500,Vote by Mail - 400C,183843,LEAH HALL,CORINA LOPEZ,MIA OUSLEY,1,3
452500,Vote by Mail - 400C,183844,CORINA LOPEZ,LEAH HALL,MIA OUSLEY,1,3
452500,Vote by Mail - 400C,183847,LEAH HALL,skipped,skipped,1,3
452500,Vote by Mail - 400C,183848,CORINA LOPEZ,skipped,skipped,1,3
452500,Vote by Mail - 400C,183850,MIA OUSLEY,LEAH HALL,CORINA LOPEZ,1,3
453100,Vote by Mail - 400C,183851,CORINA LOPEZ,LEAH HALL,MIA OUSLEY,1,3
453500,Vote by Mail - 400C,183853,CORINA LOPEZ,LEAH HALL,skipped,1,3
453500,Vote by Mail - 400C,183854,LEAH HALL,MIA OUSLEY,skipped,1,3
453500,Vote by Mail - 400C,183855,CORINA LOPEZ,skipped,skipped,1,3
453500,Vote by Mail - 400C,183857,MIA OUSLEY,LEAH HALL,CORINA LOPEZ,1,3
453500,Vote by Mail - 400C,183858,CORINA LOPEZ,skipped,skipped,1,3
453500,Vote by Mail - 400C,183859,CORINA LOPEZ,MIA OUSLEY,LEAH HALL,1,3
453500,Vote by Mail - 400C,183860,MIA OUSLEY,skipped,skipped,1,3
453500,Vote by Mail - 400C,183861,CORINA LOPEZ,MIA OUSLEY,LEAH HALL,1,3
453500,Vote by Mail - 400C,183862,MIA OUSLEY,LEAH HALL,CORINA LOPEZ,1,3
453500,Vote by Mail - 400C,183863,CORINA LOPEZ,MIA OUSLEY,LEAH HALL,1,3
453500,Vote by Mail - 400C,183865,CORINA LOPEZ,LEAH HALL,skipped,1,3
453500,Vote by Mail - 400C,183866,LEAH HALL,MIA OUSLEY,CORINA LOPEZ,1,3
453500,Vote by Mail - 400C,183867,LEAH HALL,MIA OUSLEY,CORINA LOPEZ,1,3
453500,Vote by Mail - 400C,183868,MIA OUSLEY,CORINA LOPEZ,LEAH HALL,1,3
453500,Vote by Mail - 400C,183869,LEAH HALL,MIA OUSLEY,CORINA LOPEZ,1,3
453500,Vote by Mail - 400C,183870,MIA OUSLEY,LEAH HALL,CORINA LOPEZ,1,3
453500,Vote by Mail - 400C,183871,CORINA LOPEZ,skipped,skipped,1,3
453500,Vote by Mail - 400C,183872,MIA OUSLEY,LEAH HALL,CORINA LOPEZ,1,3
453900,Vote by Mail - 400C,183873,CORINA LOPEZ,MIA OUSLEY,LEAH HALL,1,3
453900,Vote by Mail - 400C,183874,LEAH HALL,MIA OUSLEY,CORINA LOPEZ,1,3
453900,Vote by Mail - 400C,183876,CORINA LOPEZ,LEAH HALL,MIA OUSLEY,1,3
453900,Vote by Mail - 400C,183878,CORINA LOPEZ,MIA OUSLEY,skipped,1,3
453900,Vote by Mail - 400C,183880,MIA OUSLEY,CORINA LOPEZ,LEAH HALL,1,3
453900,Vote by Mail - 400C,183881,CORINA LOPEZ,LEAH HALL,MIA OUSLEY,1,3
453900,Vote by Mail - 400C,183883,LEAH HALL,MIA OUSLEY,CORINA LOPEZ,1,3
453900,Vote by Mail - 400C,183884,CORINA LOPEZ,MIA OUSLEY,LEAH HALL,1,3
453900,Vote by Mail - 400C,183885,CORINA LOPEZ,MIA OUSLEY,LEAH HALL,1,3
453900,Vote by Mail - 400C,183886,CORINA LOPEZ,skipped,skipped,1,3
453900,Vote by Mail - 400C,183887,CORINA LOPEZ,MIA OUSLEY,LEAH HALL,1,3
453900,Vote by Mail - 400C,183888,CORINA LOPEZ,MIA OUSLEY,LEAH HALL,1,3
453900,Vote by Mail - 400C,183889,LEAH HALL,CORINA LOPEZ,MIA OUSLEY,1,3
453900,Vote by Mail - 400C,183890,CORINA LOPEZ,skipped,skipped,1,3
453900,Vote by Mail - 400C,183891,CORINA LOPEZ,skipped,skipped,1,3
453900,Vote by Mail - 400C,183892,LEAH HALL,CORINA LOPEZ,MIA OUSLEY,1,3
453900,Vote by Mail - 400C,183893,CORINA LOPEZ,LEAH HALL,MIA OUSLEY,1,3
453900,Vote by Mail - 400C,183894,CORINA LOPEZ,skipped,skipped,1,3
453900,Vote by Mail - 400C,183895,CORINA LOPEZ,LEAH HALL,MIA OUSLEY,1,3
453900,Vote by Mail - 400C,183896,LEAH HALL,skipped,skipped,1,3
453900,Vote by Mail - 400C,183897,CORINA LOPEZ,LEAH HALL,MIA OUSLEY,1,3
453900,Vote by Mail - 400C,183898,CORINA LOPEZ,LEAH HALL,MIA OUSLEY,1,3
453900,Vote by Mail - 400C,183899,CORINA LOPEZ,skipped,skipped,1,3
453900,Vote by Mail - 400C,183900,CORINA LOPEZ,skipped,skipped,1,3
453900,Vote by Mail - 400C,183901,MIA OUSLEY,skipped,skipped,1,3
453900,Vote by Mail - 400C,183902,LEAH HALL,MIA OUSLEY,CORINA LOPEZ,1,3
453900,Vote by Mail - 400C,183903,LEAH HALL,skipped,skipped,1,3
453900,Vote by Mail - 400C,183904,CORINA LOPEZ,skipped,skipped,1,3
453900,Vote by Mail - 400C,183905,CORINA LOPEZ,MIA OUSLEY,LEAH HALL,1,3
453900,Vote by Mail - 400C,183906,MIA OUSLEY,CORINA LOPEZ,LEAH HALL,1,3
453900,Vote by Mail - 400C,183907,LEAH HALL,MIA OUSLEY,CORINA LOPEZ,1,3
453900,Vote by Mail - 400C,183908,LEAH HALL,MIA OUSLEY,CORINA LOPEZ,1,3
453900,Vote by Mail - 400C,183909,MIA OUSLEY,CORINA LOPEZ,skipped,1,3
453900,Vote by Mail - 400C,183910,LEAH HALL,CORINA LOPEZ,MIA OUSLEY,1,3
453900,Vote by Mail - 400C,183911,MIA OUSLEY,CORINA LOPEZ,LEAH HALL,1,3
453900,Vote by Mail - 400C,183912,CORINA LOPEZ,LEAH HALL,MIA OUSLEY,1,3
453900,Vote by Mail - 400C,183913,LEAH HALL,MIA OUSLEY,CORINA LOPEZ,1,3
453900,Vote by Mail - 400C,183914,LEAH HALL,MIA OUSLEY,CORINA LOPEZ,1,3
453900,Vote by Mail - 400C,183915,CORINA LOPEZ,LEAH HALL,MIA OUSLEY,1,3
453900,Vote by Mail - 400C,183916,CORINA LOPEZ,MIA OUSLEY,LEAH HALL,1,3
453900,Vote by Mail - 400C,183917,CORINA LOPEZ,MIA OUSLEY,LEAH HALL,1,3
453900,Vote by Mail - 400C,183918,CORINA LOPEZ,LEAH HALL,skipped,1,3
453900,Vote by Mail - 400C,183919,CORINA LOPEZ,MIA OUSLEY,LEAH HALL,1,3
453900,Vote by Mail - 400C,183920,LEAH HALL,skipped,skipped,1,3
453900,Vote by Mail - 400C,183921,LEAH HALL,skipped,skipped,1,3
453900,Vote by Mail - 400C,183922,CORINA LOPEZ,LEAH HALL,MIA OUSLEY,1,3
453900,Vote by Mail - 400C,183924,CORINA LOPEZ,MIA OUSLEY,LEAH HALL,1,3
453900,Vote by Mail - 400C,183925,CORINA LOPEZ,LEAH HALL,MIA OUSLEY,1,3
453900,Vote by Mail - 400C,183926,LEAH HALL,CORINA LOPEZ,MIA OUSLEY,1,3
453900,Vote by Mail - 400C,183927,CORINA LOPEZ,MIA OUSLEY,LEAH HALL,1,3
453900,Vote by Mail - 400C,183928,CORINA LOPEZ,MIA OUSLEY,skipped,1,3
453900,Vote by Mail - 400C,183929,CORINA LOPEZ,skipped,skipped,1,3
453900,Vote by Mail - 400C,183930,CORINA LOPEZ,LEAH HALL,MIA OUSLEY,1,3
453900,Vote by Mail - 400C,183931,CORINA LOPEZ,MIA OUSLEY,LEAH HALL,1,3
453900,Vote by Mail - 400C,183932,CORINA LOPEZ,MIA OUSLEY,LEAH HALL,1,3
453900,Vote by Mail - 400C,183933,CORINA LOPEZ,MIA OUSLEY,LEAH HALL,1,3
453900,Vote by Mail - 400C,183934,MIA OUSLEY,CORINA LOPEZ,LEAH HALL,1,3
453900,Vote by Mail - 400C,183935,LEAH HALL,skipped,skipped,1,3
453900,Vote by Mail - 400C,183936,CORINA LOPEZ,MIA OUSLEY,LEAH HALL,1,3
453900,Vote by Mail - 400C,183937,CORINA LOPEZ,MIA OUSLEY,LEAH HALL,1,3
453900,Vote by Mail - 400C,183939,CORINA LOPEZ,skipped,skipped,1,3
453900,Vote by Mail - 400C,183940,CORINA LOPEZ,skipped,skipped,1,3
453900,Vote by Mail - 400C,183941,CORINA LOPEZ,skipped,skipped,1,3
453900,Vote by Mail - 400C,183943,CORINA LOPEZ,skipped,skipped,1,3
453900,Vote by Mail - 400C,183944,CORINA LOPEZ,skipped,skipped,1,3
453900,Vote by Mail - 400C,183945,CORINA LOPEZ,MIA OUSLEY,LEAH HALL,1,3
453920,Vote by Mail - 400C,183946,MIA OUSLEY,CORINA LOPEZ,LEAH HALL,1,3
453920,Vote by Mail - 400C,183947,CORINA LOPEZ,LEAH HALL,MIA OUSLEY,1,3
453920,Vote by Mail - 400C,183949,CORINA LOPEZ,LEAH HALL,MIA OUSLEY,1,3
453920,Vote by Mail - 400C,183950,LEAH HALL,MIA OUSLEY,CORINA LOPEZ,1,3
453920,Vote by Mail - 400C,183952,CORINA LOPEZ,skipped,skipped,1,3
453920,Vote by Mail - 400C,183953,CORINA LOPEZ,LEAH HALL,MIA OUSLEY,1,3
453920,Vote by Mail - 400C,183954,MIA OUSLEY,LEAH HALL,CORINA LOPEZ,1,3
453920,Vote by Mail - 400C,183955,MIA OUSLEY,LEAH HALL,CORINA LOPEZ,1,3
453920,Vote by Mail - 400C,183957,CORINA LOPEZ,MIA OUSLEY,LEAH HALL,1,3
453920,Vote by Mail - 400C,183958,CORINA LOPEZ,LEAH HALL,MIA OUSLEY,1,3
453920,Vote by Mail - 400C,183959,CORINA LOPEZ,LEAH HALL,MIA OUSLEY,1,3
453920,Vote by Mail - 400C,183960,CORINA LOPEZ,MIA OUSLEY,LEAH HALL,1,3
453920,Vote by Mail - 400C,183961,MIA OUSLEY,LEAH HALL,CORINA LOPEZ,1,3
453920,Vote by Mail - 400C,183962,CORINA LOPEZ,MIA OUSLEY,skipped,1,3
453920,Vote by Mail - 400C,183963,CORINA LOPEZ,LEAH HALL,MIA OUSLEY,1,3
454100,Vote by Mail - 400C,183964,MIA OUSLEY,CORINA LOPEZ,LEAH HALL,1,3
454100,Vote by Mail - 400C,183965,MIA OUSLEY,skipped,skipped,1,3
454100,Vote by Mail - 400C,183966,CORINA LOPEZ,LEAH HALL,MIA OUSLEY,1,3
454100,Vote by Mail - 400C,183967,LEAH HALL,CORINA LOPEZ,MIA OUSLEY,1,3
454100,Vote by Mail - 400C,183968,CORINA LOPEZ,MIA OUSLEY,LEAH HALL,1,3
454100,Vote by Mail - 400C,183969,CORINA LOPEZ,skipped,skipped,1,3
454100,Vote by Mail - 400C,183970,LEAH HALL,MIA OUSLEY,CORINA LOPEZ,1,3
454100,Vote by Mail - 400C,183971,CORINA LOPEZ,MIA OUSLEY,LEAH HALL,1,3
454100,Vote by Mail - 400C,183972,LEAH HALL,MIA OUSLEY,CORINA LOPEZ,1,3
454100,Vote by Mail - 400C,183973,CORINA LOPEZ,skipped,skipped,1,3
454500,Vote by Mail - 400C,183974,LEAH HALL,MIA OUSLEY,CORINA LOPEZ,1,3
454500,Vote by Mail - 400C,183975,CORINA LOPEZ,MIA OUSLEY,LEAH HALL,1,3
454500,Vote by Mail - 400C,183978,CORINA LOPEZ,skipped,skipped,1,3
454500,Vote by Mail - 400C,183979,CORINA LOPEZ,skipped,skipped,1,3
454500,Vote by Mail - 400C,183980,CORINA LOPEZ,skipped,skipped,1,3
455000,Vote by Mail - 400C,183981,CORINA LOPEZ,skipped,skipped,1,3
455000,Vote by Mail - 400C,183982,LEAH HALL,MIA OUSLEY,CORINA LOPEZ,1,3
455000,Vote by Mail - 400C,183983,MIA OUSLEY,LEAH HALL,CORINA LOPEZ,1,3
455000,Vote by Mail - 400C,183984,CORINA LOPEZ,LEAH HALL,MIA OUSLEY,1,3
455000,Vote by Mail - 400C,183986,CORINA LOPEZ,LEAH HALL,MIA OUSLEY,1,3
455000,Vote by Mail - 400C,183987,CORINA LOPEZ,LEAH HALL,MIA OUSLEY,1,3
455000,Vote by Mail - 400C,183988,CORINA LOPEZ,skipped,skipped,1,3
455000,Vote by Mail - 400C,183989,CORINA LOPEZ,LEAH HALL,MIA OUSLEY,1,3
455000,Vote by Mail - 400C,183991,MIA OUSLEY,skipped,skipped,1,3
455000,Vote by Mail - 400C,183992,MIA OUSLEY,LEAH HALL,CORINA LOPEZ,1,3
455000,Vote by Mail - 400C,183993,LEAH HALL,MIA OUSLEY,CORINA LOPEZ,1,3
455000,Vote by Mail - 400C,183994,CORINA LOPEZ,LEAH HALL,MIA OUSLEY,1,3
455000,Vote by Mail - 400C,183995,CORINA LOPEZ,MIA OUSLEY,LEAH HALL,1,3
455000,Vote by Mail - 400C,183996,CORINA LOPEZ,skipped,skipped,1,3
455000,Vote by Mail - 400C,183997,LEAH HALL,skipped,skipped,1,3
455000,Vote by Mail - 400C,183998,CORINA LOPEZ,MIA OUSLEY,LEAH HALL,1,3
455000,Vote by Mail - 400C,184000,MIA OUSLEY,CORINA LOPEZ,LEAH HALL,1,3
455000,Vote by Mail - 400C,184001,LEAH HALL,skipped,skipped,1,3
455000,Vote by Mail - 400C,184002,CORINA LOPEZ,skipped,skipped,1,3
455000,Vote by Mail - 400C,184003,CORINA LOPEZ,MIA OUSLEY,LEAH HALL,1,3
455000,Vote by Mail - 400C,184004,LEAH HALL,skipped,skipped,1,3
455000,Vote by Mail - 400C,184006,CORINA LOPEZ,MIA OUSLEY,LEAH HALL,1,3
455000,Vote by Mail - 400C,184007,CORINA LOPEZ,MIA OUSLEY,LEAH HALL,1,3
455000,Vote by Mail - 400C,184009,MIA OUSLEY,CORINA LOPEZ,LEAH HALL,1,3
455000,Vote by Mail - 400C,184010,CORINA LOPEZ,LEAH HALL,MIA OUSLEY,1,3
455000,Vote by Mail - 400C,184011,LEAH HALL,CORINA LOPEZ,MIA OUSLEY,1,3
455100,Vote by Mail - 400C,184012,MIA OUSLEY,skipped,skipped,1,3
455700,Vote by Mail - 400C,184014,CORINA LOPEZ,MIA OUSLEY,LEAH HALL,1,3
455700,Vote by Mail - 400C,184015,MIA OUSLEY,skipped,skipped,1,3
455700,Vote by Mail - 400C,184016,CORINA LOPEZ,skipped,skipped,1,3
455700,Vote by Mail - 400C,184017,LEAH HALL,skipped,skipped,1,3
455700,Vote by Mail - 400C,184018,CORINA LOPEZ,MIA OUSLEY,LEAH HALL,1,3
455700,Vote by Mail - 400C,184019,CORINA LOPEZ,MIA OUSLEY,LEAH HALL,1,3
455700,Vote by Mail - 400C,184020,CORINA LOPEZ,skipped,skipped,1,3
455700,Vote by Mail - 400C,184022,LEAH HALL,MIA OUSLEY,CORINA LOPEZ,1,3
455700,Vote by Mail - 400C,184024,CORINA LOPEZ,skipped,skipped,1,3
455700,Vote by Mail - 400C,184025,LEAH HALL,MIA OUSLEY,CORINA LOPEZ,1,3
455700,Vote by Mail - 400C,184026,CORINA LOPEZ,MIA OUSLEY,LEAH HALL,1,3
455700,Vote by Mail - 400C,184027,CORINA LOPEZ,skipped,skipped,1,3
455700,Vote by Mail - 400C,184028,CORINA LOPEZ,LEAH HALL,MIA OUSLEY,1,3
455700,Vote by Mail - 400C,184030,LEAH HALL,MIA OUSLEY,CORINA LOPEZ,1,3
455700,Vote by Mail - 400C,184031,CORINA LOPEZ,MIA OUSLEY,LEAH HALL,1,3
455700,Vote by Mail - 400C,184032,LEAH HALL,skipped,skipped,1,3
455700,Vote by Mail - 400C,184033,MIA OUSLEY,CORINA LOPEZ,LEAH HALL,1,3
455700,Vote by Mail - 400C,184035,CORINA LOPEZ,MIA OUSLEY,LEAH HALL,1,3
455700,Vote by Mail - 400C,184036,CORINA LOPEZ,MIA OUSLEY,LEAH HALL,1,3
455700,Vote by Mail - 400C,184037,CORINA LOPEZ,LEAH HALL,MIA OUSLEY,1,3
455700,Vote by Mail - 400C,184038,LEAH HALL,skipped,skipped,1,3
455700,Vote by Mail - 400C,184039,CORINA LOPEZ,skipped,skipped,1,3
455700,Vote by Mail - 400C,184040,LEAH HALL,MIA OUSLEY,CORINA LOPEZ,1,3
455700,Vote by Mail - 400C,184041,CORINA LOPEZ,MIA OUSLEY,LEAH HALL,1,3
455700,Vote by Mail - 400C,184042,CORINA LOPEZ,LEAH HALL,MIA OUSLEY,1,3
455700,Vote by Mail - 400C,184043,CORINA LOPEZ,skipped,skipped,1,3
455700,Vote by Mail - 400C,184044,LEAH HALL,MIA OUSLEY,CORINA LOPEZ,1,3
455700,Vote by Mail - 400C,184045,MIA OUSLEY,CORINA LOPEZ,LEAH HALL,1,3
455700,Vote by Mail - 400C,184046,MIA OUSLEY,LEAH HALL,CORINA LOPEZ,1,3
455700,Vote by Mail - 400C,184047,CORINA LOPEZ,skipped,skipped,1,3
455700,Vote by Mail - 400C,184048,MIA OUSLEY,CORINA LOPEZ,LEAH HALL,1,3
455700,Vote by Mail - 400C,184049,CORINA LOPEZ,skipped,skipped,1,3
455700,Vote by Mail - 400C,184051,MIA OUSLEY,skipped,skipped,1,3
455700,Vote by Mail - 400C,184052,CORINA LOPEZ,MIA OUSLEY,skipped,1,3
455700,Vote by Mail - 400C,184053,CORINA LOPEZ,skipped,skipped,1,3
455700,Vote by Mail - 400C,184054,CORINA LOPEZ,skipped,skipped,1,3
455700,Vote by Mail - 400C,184055,CORINA LOPEZ,skipped,skipped,1,3
455700,Vote by Mail - 400C,184056,MIA OUSLEY,CORINA LOPEZ,LEAH HALL,1,3
455700,Vote by Mail - 400C,184057,CORINA LOPEZ,MIA OUSLEY,LEAH HALL,1,3
455900,Vote by Mail - 400C,184058,CORINA LOPEZ,skipped,skipped,1,3
456200,Vote by Mail - 400C,184060,CORINA LOPEZ,skipped,skipped,1,3
456200,Vote by Mail - 400C,184061,MIA OUSLEY,LEAH HALL,CORINA LOPEZ,1,3
456200,Vote by Mail - 400C,184063,MIA OUSLEY,CORINA LOPEZ,LEAH HALL,1,3
456200,Vote by Mail - 400C,184064,MIA OUSLEY,CORINA LOPEZ,LEAH HALL,1,3
456200,Vote by Mail - 400C,184065,MIA OUSLEY,LEAH HALL,skipped,1,3
456200,Vote by Mail - 400C,184067,CORINA LOPEZ,MIA OUSLEY,skipped,1,3
456200,Vote by Mail - 400C,184068,CORINA LOPEZ,LEAH HALL,skipped,1,3
456200,Vote by Mail - 400C,184069,MIA OUSLEY,CORINA LOPEZ,LEAH HALL,1,3
456200,Vote by Mail - 400C,184070,MIA OUSLEY,skipped,skipped,1,3
456200,Vote by Mail - 400C,184071,LEAH HALL,CORINA LOPEZ,MIA OUSLEY,1,3
456200,Vote by Mail - 400C,184072,CORINA LOPEZ,MIA OUSLEY,LEAH HALL,1,3
456200,Vote by Mail - 400C,184073,CORINA LOPEZ,skipped,skipped,1,3
456200,Vote by Mail - 400C,184075,CORINA LOPEZ,MIA OUSLEY,skipped,1,3
456200,Vote by Mail - 400C,184076,MIA OUSLEY,CORINA LOPEZ,LEAH HALL,1,3
456200,Vote by Mail - 400C,184077,CORINA LOPEZ,LEAH HALL,MIA OUSLEY,1,3
456200,Vote by Mail - 400C,184078,MIA OUSLEY,CORINA LOPEZ,LEAH HALL,1,3
456200,Vote by Mail - 400C,184079,CORINA LOPEZ,skipped,skipped,1,3
456200,Vote by Mail - 400C,184080,CORINA LOPEZ,skipped,skipped,1,3
456200,Vote by Mail - 400C,184081,CORINA LOPEZ,LEAH HALL,MIA OUSLEY,1,3
456200,Vote by Mail - 400C,184082,CORINA LOPEZ,skipped,skipped,1,3
456200,Vote by Mail - 400C,184083,CORINA LOPEZ,MIA OUSLEY,LEAH HALL,1,3
456200,Vote by Mail - 400C,184084,CORINA LOPEZ,skipped,skipped,1,3
456200,Vote by Mail - 400C,184085,MIA OUSLEY,CORINA LOPEZ,LEAH HALL,1,3
456200,Vote by Mail - 400C,184086,CORINA LOPEZ,skipped,skipped,1,3
456200,Vote by Mail - 400C,184087,CORINA LOPEZ,MIA OUSLEY,LEAH HALL,1,3
456500,Vote by Mail - 400C,184088,MIA OUSLEY,LEAH HALL,skipped,1,3
456500,Vote by Mail - 400C,184089,CORINA LOPEZ,LEAH HALL,MIA OUSLEY,1,3
456500,Vote by Mail - 400C,184090,MIA OUSLEY,LEAH HALL,skipped,1,3
456500,Vote by Mail - 400C,184091,CORINA LOPEZ,MIA OUSLEY,LEAH HALL,1,3
456500,Vote by Mail - 400C,184092,CORINA LOPEZ,LEAH HALL,MIA OUSLEY,1,3
456500,Vote by Mail - 400C,184093,MIA OUSLEY,skipped,skipped,1,3
456500,Vote by Mail - 400C,184094,MIA OUSLEY,skipped,skipped,1,3
456500,Vote by Mail - 400C,184095,CORINA LOPEZ,LEAH HALL,MIA OUSLEY,1,3
456500,Vote by Mail - 400C,184096,CORINA LOPEZ,skipped,skipped,1,3
456500,Vote by Mail - 400C,184097,LEAH HALL,MIA OUSLEY,CORINA LOPEZ,1,3
456500,Vote by Mail - 400C,184098,CORINA LOPEZ,LEAH HALL,MIA OUSLEY,1,3
456500,Vote by Mail - 400C,184099,CORINA LOPEZ,MIA OUSLEY,LEAH HALL,1,3
456500,Vote by Mail - 400C,184100,CORINA LOPEZ,LEAH HALL,skipped,1,3
456500,Vote by Mail - 400C,184101,LEAH HALL,MIA OUSLEY,CORINA LOPEZ,1,3
456500,Vote by Mail - 400C,184102,LEAH HALL,CORINA LOPEZ,MIA OUSLEY,1,3
456500,Vote by Mail - 400C,184103,MIA OUSLEY,CORINA LOPEZ,skipped,1,3
456500,Vote by Mail - 400C,184106,CORINA LOPEZ,MIA OUSLEY,LEAH HALL,1,3
456500,Vote by Mail - 400C,184107,CORINA LOPEZ,skipped,skipped,1,3
456500,Vote by Mail - 400C,184108,CORINA LOPEZ,skipped,skipped,1,3
456500,Vote by Mail - 400C,184109,LEAH HALL,CORINA LOPEZ,skipped,1,3
456500,Vote by Mail - 400C,184110,CORINA LOPEZ,LEAH HALL,MIA OUSLEY,1,3
456500,Vote by Mail - 400C,184112,MIA OUSLEY,skipped,skipped,1,3
456500,Vote by Mail - 400C,184113,CORINA LOPEZ,skipped,skipped,1,3
456500,Vote by Mail - 400C,184114,CORINA LOPEZ,MIA OUSLEY,LEAH HALL,1,3
456500,Vote by Mail - 400C,184115,LEAH HALL,skipped,skipped,1,3
456500,Vote by Mail - 400C,184116,MIA OUSLEY,CORINA LOPEZ,LEAH HALL,1,3
456500,Vote by Mail - 400C,184117,MIA OUSLEY,skipped,skipped,1,3
456500,Vote by Mail - 400C,184119,CORINA LOPEZ,skipped,skipped,1,3
456500,Vote by Mail - 400C,184120,CORINA LOPEZ,skipped,skipped,1,3
456500,Vote by Mail - 400C,184121,CORINA LOPEZ,MIA OUSLEY,LEAH HALL,1,3
456500,Vote by Mail - 400C,184122,LEAH HALL,MIA OUSLEY,CORINA LOPEZ,1,3
456500,Vote by Mail - 400C,184123,CORINA LOPEZ,MIA OUSLEY,LEAH HALL,1,3
456500,Vote by Mail - 400C,184124,MIA OUSLEY,skipped,skipped,1,3
456500,Vote by Mail - 400C,184125,LEAH HALL,skipped,skipped,1,3
456500,Vote by Mail - 400C,184126,MIA OUSLEY,skipped,skipped,1,3
456500,Vote by Mail - 400C,184127,CORINA LOPEZ,MIA OUSLEY,LEAH HALL,1,3
456500,Vote by Mail - 400C,184128,LEAH HALL,MIA OUSLEY,CORINA LOPEZ,1,3
456500,Vote by Mail - 400C,184129,LEAH HALL,CORINA LOPEZ,MIA OUSLEY,1,3
456500,Vote by Mail - 400C,184130,CORINA LOPEZ,MIA OUSLEY,LEAH HALL,1,3
456500,Vote by Mail - 400C,184131,CORINA LOPEZ,skipped,skipped,1,3
456500,Vote by Mail - 400C,184132,LEAH HALL,CORINA LOPEZ,MIA OUSLEY,1,3
456500,Vote by Mail - 400C,184133,CORINA LOPEZ,MIA OUSLEY,LEAH HALL,1,3
456500,Vote by Mail - 400C,184135,MIA OUSLEY,CORINA LOPEZ,skipped,1,3
456500,Vote by Mail - 400C,184137,CORINA LOPEZ,LEAH HALL,skipped,1,3
456500,Vote by Mail - 400C,184139,MIA OUSLEY,CORINA LOPEZ,skipped,1,3
456500,Vote by Mail - 400C,184140,MIA OUSLEY,CORINA LOPEZ,LEAH HALL,1,3
456500,Vote by Mail - 400C,184141,MIA OUSLEY,CORINA LOPEZ,skipped,1,3
456500,Vote by Mail - 400C,184142,LEAH HALL,MIA OUSLEY,CORINA LOPEZ,1,3
456500,Vote by Mail - 400C,184143,LEAH HALL,MIA OUSLEY,CORINA LOPEZ,1,3
456500,Vote by Mail - 400C,184144,MIA OUSLEY,skipped,skipped,1,3
456500,Vote by Mail - 400C,184145,MIA OUSLEY,CORINA LOPEZ,skipped,1,3
456500,Vote by Mail - 400C,184147,CORINA LOPEZ,LEAH HALL,MIA OUSLEY,1,3
456500,Vote by Mail - 400C,184148,CORINA LOPEZ,MIA OUSLEY,LEAH HALL,1,3
456500,Vote by Mail - 400C,184149,MIA OUSLEY,LEAH HALL,CORINA LOPEZ,1,3
456500,Vote by Mail - 400C,184151,MIA OUSLEY,skipped,skipped,1,3
456500,Vote by Mail - 400C,184152,MIA OUSLEY,LEAH HALL,CORINA LOPEZ,1,3
456500,Vote by Mail - 400C,184153,LEAH HALL,CORINA LOPEZ,skipped,1,3
456500,Vote by Mail - 400C,184155,LEAH HALL,MIA OUSLEY,CORINA LOPEZ,1,3
456500,Vote by Mail - 400C,184156,MIA OUSLEY,skipped,skipped,1,3
456500,Vote by Mail - 400C,184158,LEAH HALL,MIA OUSLEY,CORINA LOPEZ,1,3
456500,Vote by Mail - 400C,184159,CORINA LOPEZ,MIA OUSLEY,LEAH HALL,1,3
456500,Vote by Mail - 400C,184160,CORINA LOPEZ,skipped,skipped,1,3
456500,Vote by Mail - 400C,184161,MIA OUSLEY,skipped,skipped,1,3
456500,Vote by Mail - 400C,184162,MIA OUSLEY,skipped,skipped,1,3
456500,Vote by Mail - 400C,184163,CORINA LOPEZ,MIA OUSLEY,skipped,1,3
456500,Vote by Mail - 400C,184164,MIA OUSLEY,skipped,skipped,1,3
456500,Vote by Mail - 400C,184165,CORINA LOPEZ,MIA OUSLEY,skipped,1,3
456500,Vote by Mail - 400C,184166,LEAH HALL,CORINA LOPEZ,skipped,1,3
456500,Vote by Mail - 400C,184167,MIA OUSLEY,skipped,skipped,1,3
456500,Vote by Mail - 400C,184168,MIA OUSLEY,skipped,skipped,1,3
456500,Vote by Mail - 400C,184170,LEAH HALL,skipped,skipped,1,3
456500,Vote by Mail - 400C,184171,CORINA LOPEZ,skipped,skipped,1,3
456500,Vote by Mail - 400C,184172,LEAH HALL,skipped,skipped,1,3
456500,Vote by Mail - 400C,184173,CORINA LOPEZ,LEAH HALL,MIA OUSLEY,1,3
456500,Vote by Mail - 400C,184174,MIA OUSLEY,skipped,skipped,1,3
456500,Vote by Mail - 400C,184176,LEAH HALL,MIA OUSLEY,CORINA LOPEZ,1,3
456500,Vote by Mail - 400C,184177,LEAH HALL,skipped,skipped,1,3
456500,Vote by Mail - 400C,184178,MIA OUSLEY,LEAH HALL,CORINA LOPEZ,1,3
456500,Vote by Mail - 400C,184179,CORINA LOPEZ,MIA OUSLEY,LEAH HALL,1,3
456500,Vote by Mail - 400C,184180,MIA OUSLEY,LEAH HALL,CORINA LOPEZ,1,3
456500,Vote by Mail - 400C,184181,CORINA LOPEZ,LEAH HALL,MIA OUSLEY,1,3
456500,Vote by Mail - 400C,184182,CORINA LOPEZ,MIA OUSLEY,LEAH HALL,1,3
456500,Vote by Mail - 400C,184184,LEAH HALL,CORINA LOPEZ,MIA OUSLEY,1,3
456500,Vote by Mail - 400C,184185,MIA OUSLEY,CORINA LOPEZ,LEAH HALL,1,3
456600,Vote by Mail - 400C,184186,MIA OUSLEY,CORINA LOPEZ,LEAH HALL,1,3
456600,Vote by Mail - 400C,184187,CORINA LOPEZ,skipped,skipped,1,3
456600,Vote by Mail - 400C,184189,CORINA LOPEZ,LEAH HALL,MIA OUSLEY,1,3
456600,Vote by Mail - 400C,184190,LEAH HALL,MIA OUSLEY,CORINA LOPEZ,1,3
456600,Vote by Mail - 400C,184191,MIA OUSLEY,skipped,skipped,1,3
456600,Vote by Mail - 400C,184192,MIA OUSLEY,skipped,skipped,1,3
456600,Vote by Mail - 400C,184193,LEAH HALL,skipped,skipped,1,3
456600,Vote by Mail - 400C,184194,MIA OUSLEY,LEAH HALL,CORINA LOPEZ,1,3
456600,Vote by Mail - 400C,184195,CORINA LOPEZ,LEAH HALL,MIA OUSLEY,1,3
456600,Vote by Mail - 400C,184197,LEAH HALL,MIA OUSLEY,CORINA LOPEZ,1,3
456600,Vote by Mail - 400C,184199,LEAH HALL,CORINA LOPEZ,MIA OUSLEY,1,3
456600,Vote by Mail - 400C,184200,CORINA LOPEZ,LEAH HALL,skipped,1,3
456600,Vote by Mail - 400C,184201,CORINA LOPEZ,MIA OUSLEY,LEAH HALL,1,3
456600,Vote by Mail - 400C,184202,MIA OUSLEY,CORINA LOPEZ,skipped,1,3
456600,Vote by Mail - 400C,184203,LEAH HALL,skipped,skipped,1,3
456600,Vote by Mail - 400C,184204,CORINA LOPEZ,skipped,skipped,1,3
456600,Vote by Mail - 400C,184205,MIA OUSLEY,LEAH HALL,CORINA LOPEZ,1,3
456600,Vote by Mail - 400C,184207,LEAH HALL,CORINA LOPEZ,MIA OUSLEY,1,3
456600,Vote by Mail - 400C,184208,CORINA LOPEZ,LEAH HALL,MIA OUSLEY,1,3
456600,Vote by Mail - 400C,184209,CORINA LOPEZ,MIA OUSLEY,LEAH HALL,1,3
456600,Vote by Mail - 400C,184210,LEAH HALL,MIA OUSLEY,CORINA LOPEZ,1,3
456600,Vote by Mail - 400C,184211,CORINA LOPEZ,MIA OUSLEY,LEAH HALL,1,3
456600,Vote by Mail - 400C,184212,MIA OUSLEY,CORINA LOPEZ,LEAH HALL,1,3
456600,Vote by Mail - 400C,184213,CORINA LOPEZ,skipped,skipped,1,3
456600,Vote by Mail - 400C,184214,LEAH HALL,MIA OUSLEY,skipped,1,3
456600,Vote by Mail - 400C,184215,LEAH HALL,MIA OUSLEY,CORINA LOPEZ,1,3
456600,Vote by Mail - 400C,184216,LEAH HALL,MIA OUSLEY,CORINA LOPEZ,1,3
456600,Vote by Mail - 400C,184217,LEAH HALL,skipped,skipped,1,3
456600,Vote by Mail - 400C,184218,CORINA LOPEZ,MIA OUSLEY,LEAH HALL,1,3
456600,Vote by Mail - 400C,184223,CORINA LOPEZ,skipped,skipped,1,3
456600,Vote by Mail - 400C,184224,MIA OUSLEY,CORINA LOPEZ,LEAH HALL,1,3
456600,Vote by Mail - 400C,184227,LEAH HALL,MIA OUSLEY,CORINA LOPEZ,1,3
456600,Vote by Mail - 400C,184229,CORINA LOPEZ,MIA OUSLEY,LEAH HALL,1,3
456600,Vote by Mail - 400C,184231,CORINA LOPEZ,skipped,skipped,1,3
456600,Vote by Mail - 400C,184232,LEAH HALL,MIA OUSLEY,skipped,1,3
456600,Vote by Mail - 400C,184233,CORINA LOPEZ,skipped,skipped,1,3
456600,Vote by Mail - 400C,184234,MIA OUSLEY,skipped,skipped,1,3
456600,Vote by Mail - 400C,184235,CORINA LOPEZ,skipped,skipped,1,3
456600,Vote by Mail - 400C,184236,MIA OUSLEY,skipped,skipped,1,3
456600,Vote by Mail - 400C,184238,LEAH HALL,MIA OUSLEY,CORINA LOPEZ,1,3
456600,Vote by Mail - 400C,184239,CORINA LOPEZ,MIA OUSLEY,LEAH HALL,1,3
456600,Vote by Mail - 400C,184240,LEAH HALL,CORINA LOPEZ,MIA OUSLEY,1,3
456600,Vote by Mail - 400C,184241,LEAH HALL,CORINA LOPEZ,MIA OUSLEY,1,3
456600,Vote by Mail - 400C,184242,MIA OUSLEY,CORINA LOPEZ,LEAH HALL,1,3
456600,Vote by Mail - 400C,184243,LEAH HALL,MIA OUSLEY,CORINA LOPEZ,1,3
456600,Vote by Mail - 400C,184244,LEAH HALL,MIA OUSLEY,CORINA LOPEZ,1,3
456600,Vote by Mail - 400C,184245,CORINA LOPEZ,LEAH HALL,MIA OUSLEY,1,3
456600,Vote by Mail - 400C,184246,LEAH HALL,CORINA LOPEZ,MIA OUSLEY,1,3
456600,Vote by Mail - 400C,184247,LEAH HALL,MIA OUSLEY,CORINA LOPEZ,1,3
456600,Vote by Mail - 400C,184248,CORINA LOPEZ,skipped,skipped,1,3
456600,Vote by Mail - 400C,184249,LEAH HALL,skipped,skipped,1,3
456600,Vote by Mail - 400C,184250,CORINA LOPEZ,LEAH HALL,MIA OUSLEY,1,3
456600,Vote by Mail - 400C,184251,MIA OUSLEY,LEAH HALL,skipped,1,3
456600,Vote by Mail - 400C,184252,MIA OUSLEY,LEAH HALL,skipped,1,3
457100,Vote by Mail - 400C,184253,LEAH HALL,CORINA LOPEZ,MIA OUSLEY,1,3
457100,Vote by Mail - 400C,184254,MIA OUSLEY,LEAH HALL,CORINA LOPEZ,1,3
457100,Vote by Mail - 400C,184255,MIA OUSLEY,CORINA LOPEZ,skipped,1,3
457100,Vote by Mail - 400C,184256,MIA OUSLEY,CORINA LOPEZ,skipped,1,3
457100,Vote by Mail - 400C,184257,MIA OUSLEY,CORINA LOPEZ,LEAH HALL,1,3
457100,Vote by Mail - 400C,184258,CORINA LOPEZ,LEAH HALL,MIA OUSLEY,1,3
457100,Vote by Mail - 400C,184259,LEAH HALL,CORINA LOPEZ,MIA OUSLEY,1,3
457100,Vote by Mail - 400C,184260,LEAH HALL,CORINA LOPEZ,MIA OUSLEY,1,3
457100,Vote by Mail - 400C,184261,CORINA LOPEZ,MIA OUSLEY,LEAH HALL,1,3
457100,Vote by Mail - 400C,184262,CORINA LOPEZ,LEAH HALL,MIA OUSLEY,1,3
457300,Vote by Mail - 400C,184263,LEAH HALL,MIA OUSLEY,CORINA LOPEZ,1,3
457300,Vote by Mail - 400C,184264,CORINA LOPEZ,MIA OUSLEY,LEAH HALL,1,3
457300,Vote by Mail - 400C,184265,MIA OUSLEY,skipped,skipped,1,3
457300,Vote by Mail - 400C,184266,CORINA LOPEZ,MIA OUSLEY,LEAH HALL,1,3
457300,Vote by Mail - 400C,184267,LEAH HALL,skipped,skipped,1,3
457300,Vote by Mail - 400C,184268,CORINA LOPEZ,MIA OUSLEY,LEAH HALL,1,3
457300,Vote by Mail - 400C,184269,MIA OUSLEY,CORINA LOPEZ,LEAH HALL,1,3
457300,Vote by Mail - 400C,184270,LEAH HALL,CORINA LOPEZ,MIA OUSLEY,1,3
457300,Vote by Mail - 400C,184271,CORINA LOPEZ,MIA OUSLEY,skipped,1,3
457300,Vote by Mail - 400C,184272,MIA OUSLEY,CORINA LOPEZ,LEAH HALL,1,3
457300,Vote by Mail - 400C,184273,LEAH HALL,skipped,skipped,1,3
457300,Vote by Mail - 400C,184274,LEAH HALL,skipped,skipped,1,3
457300,Vote by Mail - 400C,184275,MIA OUSLEY,CORINA LOPEZ,skipped,1,3
457300,Vote by Mail - 400C,184276,CORINA LOPEZ,LEAH HALL,MIA OUSLEY,1,3
457300,Vote by Mail - 400C,184277,LEAH HALL,skipped,skipped,1,3
457300,Vote by Mail - 400C,184278,MIA OUSLEY,CORINA LOPEZ,LEAH HALL,1,3
457300,Vote by Mail - 400C,184279,MIA OUSLEY,LEAH HALL,CORINA LOPEZ,1,3
457300,Vote by Mail - 400C,184280,LEAH HALL,MIA OUSLEY,CORINA LOPEZ,1,3
457300,Vote by Mail - 400C,184281,MIA OUSLEY,CORINA LOPEZ,LEAH HALL,1,3
457300,Vote by Mail - 400C,184282,MIA OUSLEY,CORINA LOPEZ,skipped,1,3
457300,Vote by Mail - 400C,184283,LEAH HALL,skipped,skipped,1,3
457300,Vote by Mail - 400C,184284,MIA OUSLEY,skipped,skipped,1,3
457300,Vote by Mail - 400C,184285,MIA OUSLEY,CORINA LOPEZ,LEAH HALL,1,3
457300,Vote by Mail - 400C,184286,MIA OUSLEY,skipped,skipped,1,3
457300,Vote by Mail - 400C,184287,CORINA LOPEZ,MIA OUSLEY,LEAH HALL,1,3
457300,Vote by Mail - 400C,184288,LEAH HALL,skipped,skipped,1,3
457300,Vote by Mail - 400C,184289,CORINA LOPEZ,skipped,skipped,1,3
457300,Vote by Mail - 400C,184290,MIA OUSLEY,CORINA LOPEZ,skipped,1,3
457300,Vote by Mail - 400C,184291,CORINA LOPEZ,MIA OUSLEY,LEAH HALL,1,3
457300,Vote by Mail - 400C,184292,MIA OUSLEY,LEAH HALL,CORINA LOPEZ,1,3
457300,Vote by Mail - 400C,184293,LEAH HALL,CORINA LOPEZ,MIA OUSLEY,1,3
457300,Vote by Mail - 400C,184294,CORINA LOPEZ,LEAH HALL,skipped,1,3
457300,Vote by Mail - 400C,184295,MIA OUSLEY,CORINA LOPEZ,LEAH HALL,1,3
457300,Vote by Mail - 400C,184297,MIA OUSLEY,LEAH HALL,skipped,1,3
457300,Vote by Mail - 400C,184298,MIA OUSLEY,skipped,skipped,1,3
457300,Vote by Mail - 400C,184299,LEAH HALL,MIA OUSLEY,CORINA LOPEZ,1,3
457300,Vote by Mail - 400C,184300,MIA OUSLEY,CORINA LOPEZ,LEAH HALL,1,3
457300,Vote by Mail - 400C,184301,MIA OUSLEY,skipped,skipped,1,3
457300,Vote by Mail - 400C,184302,LEAH HALL,CORINA LOPEZ,skipped,1,3
457300,Vote by Mail - 400C,184303,CORINA LOPEZ,LEAH HALL,skipped,1,3
457300,Vote by Mail - 400C,184304,MIA OUSLEY,CORINA LOPEZ,LEAH HALL,1,3
457300,Vote by Mail - 400C,184305,CORINA LOPEZ,skipped,skipped,1,3
457300,Vote by Mail - 400C,184306,MIA OUSLEY,LEAH HALL,CORINA LOPEZ,1,3
457300,Vote by Mail - 400C,184307,CORINA LOPEZ,LEAH HALL,MIA OUSLEY,1,3
457300,Vote by Mail - 400C,184308,MIA OUSLEY,skipped,skipped,1,3
457300,Vote by Mail - 400C,184310,LEAH HALL,MIA OUSLEY,skipped,1,3
457300,Vote by Mail - 400C,184311,LEAH HALL,MIA OUSLEY,CORINA LOPEZ,1,3
457300,Vote by Mail - 400C,184312,CORINA LOPEZ,skipped,skipped,1,3
457300,Vote by Mail - 400C,184313,LEAH HALL,skipped,skipped,1,3
457300,Vote by Mail - 400C,184314,MIA OUSLEY,CORINA LOPEZ,skipped,1,3
457300,Vote by Mail - 400C,184315,CORINA LOPEZ,LEAH HALL,MIA OUSLEY,1,3
457300,Vote by Mail - 400C,184316,LEAH HALL,MIA OUSLEY,CORINA LOPEZ,1,3
457300,Vote by Mail - 400C,184317,LEAH HALL,MIA OUSLEY,skipped,1,3
457300,Vote by Mail - 400C,184318,CORINA LOPEZ,MIA OUSLEY,LEAH HALL,1,3
457300,Vote by Mail - 400C,184319,LEAH HALL,CORINA LOPEZ,MIA OUSLEY,1,3
457300,Vote by Mail - 400C,184321,CORINA LOPEZ,MIA OUSLEY,LEAH HALL,1,3
457300,Vote by Mail - 400C,184322,MIA OUSLEY,CORINA LOPEZ,LEAH HALL,1,3
457300,Vote by Mail - 400C,184323,MIA OUSLEY,CORINA LOPEZ,LEAH HALL,1,3
457300,Vote by Mail - 400C,184324,LEAH HALL,skipped,skipped,1,3
457300,Vote by Mail - 400C,184325,CORINA LOPEZ,MIA OUSLEY,LEAH HALL,1,3
457300,Vote by Mail - 400C,184326,MIA OUSLEY,CORINA LOPEZ,LEAH HALL,1,3
457300,Vote by Mail - 400C,184327,MIA OUSLEY,CORINA LOPEZ,LEAH HALL,1,3
457300,Vote by Mail - 400C,184329,CORINA LOPEZ,MIA OUSLEY,LEAH HALL,1,3
457300,Vote by Mail - 400C,184330,CORINA LOPEZ,skipped,skipped,1,3
457300,Vote by Mail - 400C,184331,CORINA LOPEZ,LEAH HALL,skipped,1,3
457300,Vote by Mail - 400C,184332,LEAH HALL,CORINA LOPEZ,MIA OUSLEY,1,3
457300,Vote by Mail - 400C,184333,MIA OUSLEY,LEAH HALL,skipped,1,3
457300,Vote by Mail - 400C,184334,MIA OUSLEY,CORINA LOPEZ,LEAH HALL,1,3
457300,Vote by Mail - 400C,184335,LEAH HALL,MIA OUSLEY,CORINA LOPEZ,1,3
457300,Vote by Mail - 400C,184336,CORINA LOPEZ,LEAH HALL,MIA OUSLEY,1,3
457300,Vote by Mail - 400C,184337,CORINA LOPEZ,MIA OUSLEY,LEAH HALL,1,3
457300,Vote by Mail - 400C,184338,MIA OUSLEY,LEAH HALL,CORINA LOPEZ,1,3
457300,Vote by Mail - 400C,184339,MIA OUSLEY,skipped,skipped,1,3
457300,Vote by Mail - 400C,184340,MIA OUSLEY,LEAH HALL,skipped,1,3
457300,Vote by Mail - 400C,184341,CORINA LOPEZ,skipped,skipped,1,3
457300,Vote by Mail - 400C,184342,MIA OUSLEY,LEAH HALL,skipped,1,3
457300,Vote by Mail - 400C,184343,MIA OUSLEY,CORINA LOPEZ,LEAH HALL,1,3
457300,Vote by Mail - 400C,184344,MIA OUSLEY,skipped,skipped,1,3
457300,Vote by Mail - 400C,184345,CORINA LOPEZ,MIA OUSLEY,LEAH HALL,1,3
457300,Vote by Mail - 400C,184347,CORINA LOPEZ,LEAH HALL,MIA OUSLEY,1,3
457300,Vote by Mail - 400C,184349,MIA OUSLEY,LEAH HALL,CORINA LOPEZ,1,3
457300,Vote by Mail - 400C,184350,MIA OUSLEY,LEAH HALL,skipped,1,3
457300,Vote by Mail - 400C,184351,CORINA LOPEZ,MIA OUSLEY,LEAH HALL,1,3
457300,Vote by Mail - 400C,184352,CORINA LOPEZ,MIA OUSLEY,LEAH HALL,1,3
457300,Vote by Mail - 400C,184353,CORINA LOPEZ,MIA OUSLEY,LEAH HALL,1,3
457400,Vote by Mail - 400C,184355,CORINA LOPEZ,skipped,skipped,1,3
457400,Vote by Mail - 400C,184356,MIA OUSLEY,CORINA LOPEZ,skipped,1,3
457400,Vote by Mail - 400C,184357,CORINA LOPEZ,skipped,skipped,1,3
457400,Vote by Mail - 400C,184358,CORINA LOPEZ,skipped,skipped,1,3
457400,Vote by Mail - 400C,184359,CORINA LOPEZ,LEAH HALL,skipped,1,3
457400,Vote by Mail - 400C,184360,CORINA LOPEZ,MIA OUSLEY,LEAH HALL,1,3
457400,Vote by Mail - 400C,184362,MIA OUSLEY,CORINA LOPEZ,LEAH HALL,1,3
457400,Vote by Mail - 400C,184363,LEAH HALL,CORINA LOPEZ,MIA OUSLEY,1,3
457400,Vote by Mail - 400C,184365,CORINA LOPEZ,LEAH HALL,MIA OUSLEY,1,3
457400,Vote by Mail - 400C,184366,CORINA LOPEZ,MIA OUSLEY,LEAH HALL,1,3
457400,Vote by Mail - 400C,184367,LEAH HALL,MIA OUSLEY,CORINA LOPEZ,1,3
457400,Vote by Mail - 400C,184369,LEAH HALL,CORINA LOPEZ,skipped,1,3
457400,Vote by Mail - 400C,184370,LEAH HALL,skipped,skipped,1,3
457400,Vote by Mail - 400C,184371,LEAH HALL,CORINA LOPEZ,MIA OUSLEY,1,3
457400,Vote by Mail - 400C,184372,MIA OUSLEY,CORINA LOPEZ,LEAH HALL,1,3
457400,Vote by Mail - 400C,184373,CORINA LOPEZ,MIA OUSLEY,skipped,1,3
457400,Vote by Mail - 400C,184374,LEAH HALL,CORINA LOPEZ,skipped,1,3
457400,Vote by Mail - 400C,184375,MIA OUSLEY,LEAH HALL,CORINA LOPEZ,1,3
457400,Vote by Mail - 400C,184376,CORINA LOPEZ,MIA OUSLEY,LEAH HALL,1,3
457400,Vote by Mail - 400C,184377,CORINA LOPEZ,MIA OUSLEY,LEAH HALL,1,3
457400,Vote by Mail - 400C,184378,CORINA LOPEZ,skipped,skipped,1,3
457400,Vote by Mail - 400C,184379,CORINA LOPEZ,MIA OUSLEY,LEAH HALL,1,3
457400,Vote by Mail - 400C,184381,LEAH HALL,MIA OUSLEY,skipped,1,3
457400,Vote by Mail - 400C,184382,CORINA LOPEZ,MIA OUSLEY,skipped,1,3
457400,Vote by Mail - 400C,184383,MIA OUSLEY,LEAH HALL,CORINA LOPEZ,1,3
457400,Vote by Mail - 400C,184384,MIA OUSLEY,LEAH HALL,CORINA LOPEZ,1,3
457400,Vote by Mail - 400C,184385,CORINA LOPEZ,skipped,skipped,1,3
457400,Vote by Mail - 400C,184386,CORINA LOPEZ,MIA OUSLEY,LEAH HALL,1,3
457400,Vote by Mail - 400C,184388,CORINA LOPEZ,MIA OUSLEY,LEAH HALL,1,3
457400,Vote by Mail - 400C,184389,CORINA LOPEZ,LEAH HALL,MIA OUSLEY,1,3
457400,Vote by Mail - 400C,184390,MIA OUSLEY,skipped,skipped,1,3
457400,Vote by Mail - 400C,184391,CORINA LOPEZ,LEAH HALL,MIA OUSLEY,1,3
457400,Vote by Mail - 400C,184392,CORINA LOPEZ,LEAH HALL,MIA OUSLEY,1,3
457400,Vote by Mail - 400C,184393,MIA OUSLEY,skipped,skipped,1,3
457400,Vote by Mail - 400C,184394,LEAH HALL,skipped,skipped,1,3
457400,Vote by Mail - 400C,184396,LEAH HALL,MIA OUSLEY,CORINA LOPEZ,1,3
457400,Vote by Mail - 400C,184397,LEAH HALL,CORINA LOPEZ,skipped,1,3
457400,Vote by Mail - 400C,184398,CORINA LOPEZ,MIA OUSLEY,LEAH HALL,1,3
457400,Vote by Mail - 400C,184399,MIA OUSLEY,CORINA LOPEZ,skipped,1,3
457400,Vote by Mail - 400C,184400,LEAH HALL,MIA OUSLEY,CORINA LOPEZ,1,3
457400,Vote by Mail - 400C,184401,MIA OUSLEY,CORINA LOPEZ,LEAH HALL,1,3
457400,Vote by Mail - 400C,184402,CORINA LOPEZ,skipped,skipped,1,3
457400,Vote by Mail - 400C,184403,CORINA LOPEZ,LEAH HALL,MIA OUSLEY,1,3
457400,Vote by Mail - 400C,184404,LEAH HALL,CORINA LOPEZ,MIA OUSLEY,1,3
457400,Vote by Mail - 400C,184405,CORINA LOPEZ,LEAH HALL,MIA OUSLEY,1,3
457400,Vote by Mail - 400C,184406,CORINA LOPEZ,LEAH HALL,skipped,1,3
457400,Vote by Mail - 400C,184407,CORINA LOPEZ,skipped,skipped,1,3
457400,Vote by Mail - 400C,184408,LEAH HALL,CORINA LOPEZ,MIA OUSLEY,1,3
457400,Vote by Mail - 400C,184409,CORINA LOPEZ,LEAH HALL,skipped,1,3
457400,Vote by Mail - 400C,184410,LEAH HALL,CORINA LOPEZ,MIA OUSLEY,1,3
457400,Vote by Mail - 400C,184411,CORINA LOPEZ,skipped,skipped,1,3
457400,Vote by Mail - 400C,184414,LEAH HALL,CORINA LOPEZ,skipped,1,3
457400,Vote by Mail - 400C,184415,CORINA LOPEZ,MIA OUSLEY,LEAH HALL,1,3
457400,Vote by Mail - 400C,184416,CORINA LOPEZ,MIA OUSLEY,LEAH HALL,1,3
457400,Vote by Mail - 400C,184417,CORINA LOPEZ,MIA OUSLEY,LEAH HALL,1,3
457400,Vote by Mail - 400C,184418,CORINA LOPEZ,MIA OUSLEY,LEAH HALL,1,3
457400,Vote by Mail - 400C,184419,MIA OUSLEY,CORINA LOPEZ,LEAH HALL,1,3
457400,Vote by Mail - 400C,184420,CORINA LOPEZ,MIA OUSLEY,LEAH HALL,1,3
457400,Vote by Mail - 400C,184421,LEAH HALL,skipped,skipped,1,3
457400,Vote by Mail - 400C,184422,LEAH HALL,MIA OUSLEY,CORINA LOPEZ,1,3
457700,Vote by Mail - 400C,184423,MIA OUSLEY,skipped,skipped,1,3
451600,Vote by Mail - 400C,189948,CORINA LOPEZ,MIA OUSLEY,LEAH HALL,1,3
452100,Vote by Mail - 400C,189949,MIA OUSLEY,CORINA LOPEZ,LEAH HALL,1,3
452100,Vote by Mail - 400C,189950,MIA OUSLEY,CORINA LOPEZ,skipped,1,3
452100,Vote by Mail - 400C,189951,CORINA LOPEZ,MIA OUSLEY,LEAH HALL,1,3
452100,Vote by Mail - 400C,189952,MIA OUSLEY,skipped,skipped,1,3
452100,Vote by Mail - 400C,189954,CORINA LOPEZ,LEAH HALL,MIA OUSLEY,1,3
452100,Vote by Mail - 400C,189955,CORINA LOPEZ,LEAH HALL,MIA OUSLEY,1,3
452100,Vote by Mail - 400C,189956,CORINA LOPEZ,LEAH HALL,MIA OUSLEY,1,3
452100,Vote by Mail - 400C,189957,MIA OUSLEY,LEAH HALL,CORINA LOPEZ,1,3
452100,Vote by Mail - 400C,189958,LEAH HALL,CORINA LOPEZ,MIA OUSLEY,1,3
452100,Vote by Mail - 400C,189959,LEAH HALL,skipped,skipped,1,3
452100,Vote by Mail - 400C,189961,CORINA LOPEZ,LEAH HALL,MIA OUSLEY,1,3
452100,Vote by Mail - 400C,189962,CORINA LOPEZ,MIA OUSLEY,LEAH HALL,1,3
452100,Vote by Mail - 400C,189963,CORINA LOPEZ,LEAH HALL,MIA OUSLEY,1,3
452100,Vote by Mail - 400C,189964,CORINA LOPEZ,skipped,skipped,1,3
452100,Vote by Mail - 400C,189965,CORINA LOPEZ,skipped,skipped,1,3
452100,Vote by Mail - 400C,189966,LEAH HALL,skipped,skipped,1,3
452100,Vote by Mail - 400C,189967,CORINA LOPEZ,skipped,skipped,1,3
452100,Vote by Mail - 400C,189968,MIA OUSLEY,LEAH HALL,CORINA LOPEZ,1,3
452100,Vote by Mail - 400C,189969,LEAH HALL,CORINA LOPEZ,MIA OUSLEY,1,3
452100,Vote by Mail - 400C,189970,CORINA LOPEZ,skipped,skipped,1,3
452100,Vote by Mail - 400C,189971,CORINA LOPEZ,LEAH HALL,MIA OUSLEY,1,3
452100,Vote by Mail - 400C,189973,LEAH HALL,CORINA LOPEZ,MIA OUSLEY,1,3
452100,Vote by Mail - 400C,189974,CORINA LOPEZ,MIA OUSLEY,LEAH HALL,1,3
452100,Vote by Mail - 400C,189975,LEAH HALL,CORINA LOPEZ,MIA OUSLEY,1,3
452100,Vote by Mail - 400C,189976,MIA OUSLEY,skipped,skipped,1,3
452100,Vote by Mail - 400C,189977,CORINA LOPEZ,LEAH HALL,MIA OUSLEY,1,3
452100,Vote by Mail - 400C,189978,CORINA LOPEZ,LEAH HALL,MIA OUSLEY,1,3
452100,Vote by Mail - 400C,189979,CORINA LOPEZ,LEAH HALL,MIA OUSLEY,1,3
452100,Vote by Mail - 400C,189980,CORINA LOPEZ,MIA OUSLEY,LEAH HALL,1,3
452100,Vote by Mail - 400C,189981,CORINA LOPEZ,LEAH HALL,MIA OUSLEY,1,3
452100,Vote by Mail - 400C,189982,MIA OUSLEY,skipped,skipped,1,3
452100,Vote by Mail - 400C,189983,CORINA LOPEZ,skipped,skipped,1,3
452100,Vote by Mail - 400C,189985,CORINA LOPEZ,MIA OUSLEY,LEAH HALL,1,3
452100,Vote by Mail - 400C,189986,CORINA LOPEZ,MIA OUSLEY,LEAH HALL,1,3
452100,Vote by Mail - 400C,189987,LEAH HALL,MIA OUSLEY,CORINA LOPEZ,1,3
452100,Vote by Mail - 400C,189989,LEAH HALL,CORINA LOPEZ,MIA OUSLEY,1,3
452100,Vote by Mail - 400C,189990,CORINA LOPEZ,LEAH HALL,MIA OUSLEY,1,3
452200,Vote by Mail - 400C,189992,LEAH HALL,MIA OUSLEY,CORINA LOPEZ,1,3
452200,Vote by Mail - 400C,189993,CORINA LOPEZ,skipped,skipped,1,3
452200,Vote by Mail - 400C,189995,MIA OUSLEY,skipped,skipped,1,3
452200,Vote by Mail - 400C,189996,CORINA LOPEZ,skipped,skipped,1,3
452200,Vote by Mail - 400C,189997,MIA OUSLEY,CORINA LOPEZ,LEAH HALL,1,3
452200,Vote by Mail - 400C,189998,CORINA LOPEZ,skipped,skipped,1,3
452200,Vote by Mail - 400C,189999,CORINA LOPEZ,skipped,skipped,1,3
452200,Vote by Mail - 400C,190000,CORINA LOPEZ,MIA OUSLEY,LEAH HALL,1,3
452200,Vote by Mail - 400C,190001,CORINA LOPEZ,skipped,skipped,1,3
452200,Vote by Mail - 400C,190002,CORINA LOPEZ,skipped,skipped,1,3
452200,Vote by Mail - 400C,190003,CORINA LOPEZ,skipped,skipped,1,3
452200,Vote by Mail - 400C,190004,CORINA LOPEZ,skipped,skipped,1,3
452200,Vote by Mail - 400C,190006,CORINA LOPEZ,skipped,skipped,1,3
452200,Vote by Mail - 400C,190007,MIA OUSLEY,CORINA LOPEZ,LEAH HALL,1,3
452200,Vote by Mail - 400C,190008,CORINA LOPEZ,skipped,skipped,1,3
452200,Vote by Mail - 400C,190009,MIA OUSLEY,CORINA LOPEZ,LEAH HALL,1,3
452200,Vote by Mail - 400C,190010,LEAH HALL,CORINA LOPEZ,MIA OUSLEY,1,3
452200,Vote by Mail - 400C,190011,MIA OUSLEY,CORINA LOPEZ,LEAH HALL,1,3
452200,Vote by Mail - 400C,190013,MIA OUSLEY,LEAH HALL,CORINA LOPEZ,1,3
452200,Vote by Mail - 400C,190015,CORINA LOPEZ,MIA OUSLEY,LEAH HALL,1,3
452200,Vote by Mail - 400C,190016,CORINA LOPEZ,skipped,skipped,1,3
452200,Vote by Mail - 400C,190017,MIA OUSLEY,CORINA LOPEZ,LEAH HALL,1,3
452200,Vote by Mail - 400C,190018,CORINA LOPEZ,MIA OUSLEY,LEAH HALL,1,3
452200,Vote by Mail - 400C,190019,MIA OUSLEY,CORINA LOPEZ,LEAH HALL,1,3
452200,Vote by Mail - 400C,190020,CORINA LOPEZ,skipped,skipped,1,3
452200,Vote by Mail - 400C,190021,CORINA LOPEZ,MIA OUSLEY,LEAH HALL,1,3
452200,Vote by Mail - 400C,190022,CORINA LOPEZ,skipped,skipped,1,3
452200,Vote by Mail - 400C,190023,CORINA LOPEZ,MIA OUSLEY,LEAH HALL,1,3
452200,Vote by Mail - 400C,190024,MIA OUSLEY,CORINA LOPEZ,LEAH HALL,1,3
452200,Vote by Mail - 400C,190025,MIA OUSLEY,skipped,skipped,1,3
452200,Vote by Mail - 400C,190026,MIA OUSLEY,LEAH HALL,CORINA LOPEZ,1,3
452200,Vote by Mail - 400C,190027,CORINA LOPEZ,MIA OUSLEY,LEAH HALL,1,3
452200,Vote by Mail - 400C,190028,CORINA LOPEZ,MIA OUSLEY,skipped,1,3
452200,Vote by Mail - 400C,190029,LEAH HALL,skipped,skipped,1,3
452200,Vote by Mail - 400C,190030,CORINA LOPEZ,skipped,skipped,1,3
452200,Vote by Mail - 400C,190031,CORINA LOPEZ,MIA OUSLEY,LEAH HALL,1,3
452200,Vote by Mail - 400C,190032,MIA OUSLEY,skipped,skipped,1,3
452200,Vote by Mail - 400C,190033,CORINA LOPEZ,MIA OUSLEY,LEAH HALL,1,3
452200,Vote by Mail - 400C,190034,CORINA LOPEZ,skipped,skipped,1,3
452200,Vote by Mail - 400C,190035,CORINA LOPEZ,skipped,skipped,1,3
452200,Vote by Mail - 400C,190036,CORINA LOPEZ,LEAH HALL,MIA OUSLEY,1,3
452200,Vote by Mail - 400C,190037,MIA OUSLEY,CORINA LOPEZ,skipped,1,3
452200,Vote by Mail - 400C,190038,MIA OUSLEY,CORINA LOPEZ,skipped,1,3
452200,Vote by Mail - 400C,190040,CORINA LOPEZ,MIA OUSLEY,LEAH HALL,1,3
452200,Vote by Mail - 400C,190042,MIA OUSLEY,LEAH HALL,CORINA LOPEZ,1,3
452200,Vote by Mail - 400C,190044,MIA OUSLEY,CORINA LOPEZ,LEAH HALL,1,3
452200,Vote by Mail - 400C,190045,CORINA LOPEZ,skipped,skipped,1,3
452200,Vote by Mail - 400C,190047,CORINA LOPEZ,skipped,skipped,1,3
452200,Vote by Mail - 400C,190049,CORINA LOPEZ,MIA OUSLEY,LEAH HALL,1,3
452200,Vote by Mail - 400C,190050,MIA OUSLEY,CORINA LOPEZ,skipped,1,3
452200,Vote by Mail - 400C,190051,LEAH HALL,CORINA LOPEZ,MIA OUSLEY,1,3
452200,Vote by Mail - 400C,190053,MIA OUSLEY,LEAH HALL,CORINA LOPEZ,1,3
452200,Vote by Mail - 400C,190054,CORINA LOPEZ,LEAH HALL,MIA OUSLEY,1,3
452200,Vote by Mail - 400C,190055,LEAH HALL,MIA OUSLEY,CORINA LOPEZ,1,3
452200,Vote by Mail - 400C,190056,LEAH HALL,CORINA LOPEZ,MIA OUSLEY,1,3
452200,Vote by Mail - 400C,190057,CORINA LOPEZ,LEAH HALL,MIA OUSLEY,1,3
452200,Vote by Mail - 400C,190058,MIA OUSLEY,CORINA LOPEZ,LEAH HALL,1,3
452200,Vote by Mail - 400C,190059,CORINA LOPEZ,skipped,skipped,1,3
452200,Vote by Mail - 400C,190060,CORINA LOPEZ,MIA OUSLEY,skipped,1,3
452200,Vote by Mail - 400C,190062,MIA OUSLEY,CORINA LOPEZ,LEAH HALL,1,3
452200,Vote by Mail - 400C,190063,CORINA LOPEZ,skipped,skipped,1,3
452200,Vote by Mail - 400C,190064,MIA OUSLEY,LEAH HALL,CORINA LOPEZ,1,3
452200,Vote by Mail - 400C,190065,CORINA LOPEZ,MIA OUSLEY,skipped,1,3
452200,Vote by Mail - 400C,190066,CORINA LOPEZ,skipped,skipped,1,3
452200,Vote by Mail - 400C,190067,CORINA LOPEZ,MIA OUSLEY,LEAH HALL,1,3
452200,Vote by Mail - 400C,190068,LEAH HALL,CORINA LOPEZ,MIA OUSLEY,1,3
452200,Vote by Mail - 400C,190069,LEAH HALL,MIA OUSLEY,CORINA LOPEZ,1,3
452200,Vote by Mail - 400C,190070,MIA OUSLEY,CORINA LOPEZ,LEAH HALL,1,3
452200,Vote by Mail - 400C,190071,MIA OUSLEY,skipped,skipped,1,3
452200,Vote by Mail - 400C,190072,CORINA LOPEZ,MIA OUSLEY,LEAH HALL,1,3
452200,Vote by Mail - 400C,190073,CORINA LOPEZ,LEAH HALL,MIA OUSLEY,1,3
452200,Vote by Mail - 400C,190074,LEAH HALL,MIA OUSLEY,CORINA LOPEZ,1,3
452200,Vote by Mail - 400C,190075,CORINA LOPEZ,LEAH HALL,MIA OUSLEY,1,3
452200,Vote by Mail - 400C,190076,MIA OUSLEY,skipped,skipped,1,3
452200,Vote by Mail - 400C,190077,LEAH HALL,CORINA LOPEZ,skipped,1,3
452200,Vote by Mail - 400C,190078,CORINA LOPEZ,skipped,skipped,1,3
452200,Vote by Mail - 400C,190080,LEAH HALL,CORINA LOPEZ,MIA OUSLEY,1,3
452200,Vote by Mail - 400C,190082,CORINA LOPEZ,LEAH HALL,MIA OUSLEY,1,3
452200,Vote by Mail - 400C,190084,LEAH HALL,MIA OUSLEY,CORINA LOPEZ,1,3
452200,Vote by Mail - 400C,190085,CORINA LOPEZ,LEAH HALL,MIA OUSLEY,1,3
452200,Vote by Mail - 400C,190086,CORINA LOPEZ,MIA OUSLEY,LEAH HALL,1,3
452200,Vote by Mail - 400C,190087,MIA OUSLEY,LEAH HALL,CORINA LOPEZ,1,3
452200,Vote by Mail - 400C,190088,CORINA LOPEZ,skipped,skipped,1,3
452200,Vote by Mail - 400C,190089,MIA OUSLEY,CORINA LOPEZ,LEAH HALL,1,3
452200,Vote by Mail - 400C,190090,LEAH HALL,MIA OUSLEY,CORINA LOPEZ,1,3
452200,Vote by Mail - 400C,190091,CORINA LOPEZ,MIA OUSLEY,LEAH HALL,1,3
452200,Vote by Mail - 400C,190092,CORINA LOPEZ,LEAH HALL,MIA OUSLEY,1,3
452200,Vote by Mail - 400C,190093,CORINA LOPEZ,skipped,skipped,1,3
452200,Vote by Mail - 400C,190094,CORINA LOPEZ,skipped,skipped,1,3
452200,Vote by Mail - 400C,190095,CORINA LOPEZ,skipped,skipped,1,3
452200,Vote by Mail - 400C,190096,MIA OUSLEY,CORINA LOPEZ,LEAH HALL,1,3
452200,Vote by Mail - 400C,190097,MIA OUSLEY,CORINA LOPEZ,LEAH HALL,1,3
452200,Vote by Mail - 400C,190098,CORINA LOPEZ,skipped,skipped,1,3
452200,Vote by Mail - 400C,190099,LEAH HALL,skipped,skipped,1,3
452400,Vote by Mail - 400C,190100,MIA OUSLEY,LEAH HALL,CORINA LOPEZ,1,3
452400,Vote by Mail - 400C,190101,CORINA LOPEZ,LEAH HALL,MIA OUSLEY,1,3
452400,Vote by Mail - 400C,190102,MIA OUSLEY,CORINA LOPEZ,LEAH HALL,1,3
452400,Vote by Mail - 400C,190103,CORINA LOPEZ,LEAH HALL,MIA OUSLEY,1,3
452400,Vote by Mail - 400C,190104,MIA OUSLEY,CORINA LOPEZ,LEAH HALL,1,3
452400,Vote by Mail - 400C,190105,CORINA LOPEZ,LEAH HALL,MIA OUSLEY,1,3
452400,Vote by Mail - 400C,190106,CORINA LOPEZ,LEAH HALL,MIA OUSLEY,1,3
452400,Vote by Mail - 400C,190107,CORINA LOPEZ,MIA OUSLEY,LEAH HALL,1,3
452400,Vote by Mail - 400C,190108,CORINA LOPEZ,skipped,skipped,1,3
452400,Vote by Mail - 400C,190109,CORINA LOPEZ,MIA OUSLEY,LEAH HALL,1,3
452400,Vote by Mail - 400C,190110,MIA OUSLEY,LEAH HALL,CORINA LOPEZ,1,3
452400,Vote by Mail - 400C,190111,CORINA LOPEZ,skipped,skipped,1,3
452400,Vote by Mail - 400C,190112,CORINA LOPEZ,MIA OUSLEY,LEAH HALL,1,3
452400,Vote by Mail - 400C,190113,MIA OUSLEY,CORINA LOPEZ,LEAH HALL,1,3
452400,Vote by Mail - 400C,190114,CORINA LOPEZ,MIA OUSLEY,LEAH HALL,1,3
452400,Vote by Mail - 400C,190115,MIA OUSLEY,LEAH HALL,CORINA LOPEZ,1,3
452400,Vote by Mail - 400C,190116,MIA OUSLEY,LEAH HALL,skipped,1,3
452400,Vote by Mail - 400C,190117,MIA OUSLEY,LEAH HALL,skipped,1,3
452400,Vote by Mail - 400C,190118,LEAH HALL,CORINA LOPEZ,MIA OUSLEY,1,3
452400,Vote by Mail - 400C,190119,CORINA LOPEZ,MIA OUSLEY,LEAH HALL,1,3
452400,Vote by Mail - 400C,190120,CORINA LOPEZ,MIA OUSLEY,LEAH HALL,1,3
452400,Vote by Mail - 400C,190121,CORINA LOPEZ,MIA OUSLEY,skipped,1,3
452500,Vote by Mail - 400C,190122,LEAH HALL,MIA OUSLEY,CORINA LOPEZ,1,3
453100,Vote by Mail - 400C,190126,CORINA LOPEZ,MIA OUSLEY,LEAH HALL,1,3
453100,Vote by Mail - 400C,190127,CORINA LOPEZ,MIA OUSLEY,LEAH HALL,1,3
453100,Vote by Mail - 400C,190130,MIA OUSLEY,CORINA LOPEZ,skipped,1,3
453100,Vote by Mail - 400C,190131,CORINA LOPEZ,skipped,skipped,1,3
453100,Vote by Mail - 400C,190132,CORINA LOPEZ,MIA OUSLEY,LEAH HALL,1,3
453100,Vote by Mail - 400C,190134,CORINA LOPEZ,LEAH HALL,MIA OUSLEY,1,3
453100,Vote by Mail - 400C,190135,CORINA LOPEZ,MIA OUSLEY,LEAH HALL,1,3
453100,Vote by Mail - 400C,190136,CORINA LOPEZ,MIA OUSLEY,LEAH HALL,1,3
453100,Vote by Mail - 400C,190137,CORINA LOPEZ,LEAH HALL,MIA OUSLEY,1,3
453100,Vote by Mail - 400C,190139,CORINA LOPEZ,LEAH HALL,MIA OUSLEY,1,3
453100,Vote by Mail - 400C,190140,LEAH HALL,MIA OUSLEY,skipped,1,3
453100,Vote by Mail - 400C,190141,MIA OUSLEY,LEAH HALL,skipped,1,3
453100,Vote by Mail - 400C,190142,CORINA LOPEZ,MIA OUSLEY,skipped,1,3
453100,Vote by Mail - 400C,190143,LEAH HALL,MIA OUSLEY,skipped,1,3
453100,Vote by Mail - 400C,190144,MIA OUSLEY,CORINA LOPEZ,skipped,1,3
453100,Vote by Mail - 400C,190145,CORINA LOPEZ,LEAH HALL,MIA OUSLEY,1,3
455100,Vote by Mail - 400C,190146,CORINA LOPEZ,skipped,skipped,1,3
455100,Vote by Mail - 400C,190147,CORINA LOPEZ,skipped,skipped,1,3
455100,Vote by Mail - 400C,190148,CORINA LOPEZ,MIA OUSLEY,skipped,1,3
455100,Vote by Mail - 400C,190149,MIA OUSLEY,LEAH HALL,CORINA LOPEZ,1,3
455100,Vote by Mail - 400C,190151,MIA OUSLEY,CORINA LOPEZ,LEAH HALL,1,3
455100,Vote by Mail - 400C,190152,MIA OUSLEY,CORINA LOPEZ,LEAH HALL,1,3
455100,Vote by Mail - 400C,190153,LEAH HALL,CORINA LOPEZ,MIA OUSLEY,1,3
455100,Vote by Mail - 400C,190154,MIA OUSLEY,skipped,skipped,1,3
455100,Vote by Mail - 400C,190155,CORINA LOPEZ,MIA OUSLEY,LEAH HALL,1,3
455100,Vote by Mail - 400C,190156,CORINA LOPEZ,skipped,skipped,1,3
455100,Vote by Mail - 400C,190158,MIA OUSLEY,LEAH HALL,CORINA LOPEZ,1,3
455100,Vote by Mail - 400C,190159,LEAH HALL,skipped,skipped,1,3
455100,Vote by Mail - 400C,190160,LEAH HALL,CORINA LOPEZ,MIA OUSLEY,1,3
455100,Vote by Mail - 400C,190161,LEAH HALL,skipped,skipped,1,3
455100,Vote by Mail - 400C,190162,MIA OUSLEY,LEAH HALL,CORINA LOPEZ,1,3
455100,Vote by Mail - 400C,190163,CORINA LOPEZ,skipped,skipped,1,3
455100,Vote by Mail - 400C,190164,CORINA LOPEZ,LEAH HALL,skipped,1,3
455100,Vote by Mail - 400C,190165,CORINA LOPEZ,MIA OUSLEY,LEAH HALL,1,3
455100,Vote by Mail - 400C,190166,LEAH HALL,CORINA LOPEZ,MIA OUSLEY,1,3
455100,Vote by Mail - 400C,190168,LEAH HALL,CORINA LOPEZ,MIA OUSLEY,1,3
455100,Vote by Mail - 400C,190169,MIA OUSLEY,CORINA LOPEZ,LEAH HALL,1,3
455100,Vote by Mail - 400C,190170,LEAH HALL,CORINA LOPEZ,MIA OUSLEY,1,3
455100,Vote by Mail - 400C,190171,CORINA LOPEZ,MIA OUSLEY,LEAH HALL,1,3
455100,Vote by Mail - 400C,190172,CORINA LOPEZ,skipped,skipped,1,3
455300,Vote by Mail - 400C,190173,CORINA LOPEZ,MIA OUSLEY,LEAH HALL,1,3
455300,Vote by Mail - 400C,190174,LEAH HALL,skipped,skipped,1,3
455300,Vote by Mail - 400C,190175,LEAH HALL,skipped,skipped,1,3
455300,Vote by Mail - 400C,190176,LEAH HALL,skipped,skipped,1,3
455300,Vote by Mail - 400C,190177,MIA OUSLEY,LEAH HALL,CORINA LOPEZ,1,3
455300,Vote by Mail - 400C,190178,LEAH HALL,CORINA LOPEZ,skipped,1,3
455300,Vote by Mail - 400C,190179,MIA OUSLEY,LEAH HALL,CORINA LOPEZ,1,3
455300,Vote by Mail - 400C,190180,LEAH HALL,skipped,skipped,1,3
455900,Vote by Mail - 400C,190181,MIA OUSLEY,CORINA LOPEZ,skipped,1,3
455900,Vote by Mail - 400C,190182,CORINA LOPEZ,MIA OUSLEY,LEAH HALL,1,3
455900,Vote by Mail - 400C,190183,MIA OUSLEY,CORINA LOPEZ,skipped,1,3
455900,Vote by Mail - 400C,190185,CORINA LOPEZ,MIA OUSLEY,LEAH HALL,1,3
455900,Vote by Mail - 400C,190186,MIA OUSLEY,CORINA LOPEZ,LEAH HALL,1,3
455900,Vote by Mail - 400C,190187,CORINA LOPEZ,skipped,skipped,1,3
455900,Vote by Mail - 400C,190188,MIA OUSLEY,CORINA LOPEZ,skipped,1,3
455900,Vote by Mail - 400C,190190,MIA OUSLEY,CORINA LOPEZ,LEAH HALL,1,3
455900,Vote by Mail - 400C,190191,CORINA LOPEZ,LEAH HALL,MIA OUSLEY,1,3
455900,Vote by Mail - 400C,190192,LEAH HALL,MIA OUSLEY,CORINA LOPEZ,1,3
455900,Vote by Mail - 400C,190193,CORINA LOPEZ,MIA OUSLEY,LEAH HALL,1,3
455900,Vote by Mail - 400C,190194,MIA OUSLEY,CORINA LOPEZ,LEAH HALL,1,3
455900,Vote by Mail - 400C,190195,CORINA LOPEZ,MIA OUSLEY,LEAH HALL,1,3
455900,Vote by Mail - 400C,190197,CORINA LOPEZ,MIA OUSLEY,LEAH HALL,1,3
455900,Vote by Mail - 400C,190198,CORINA LOPEZ,skipped,skipped,1,3
455900,Vote by Mail - 400C,190199,CORINA LOPEZ,MIA OUSLEY,LEAH HALL,1,3
455900,Vote by Mail - 400C,190200,MIA OUSLEY,CORINA LOPEZ,LEAH HALL,1,3
455900,Vote by Mail - 400C,190201,CORINA LOPEZ,MIA OUSLEY,LEAH HALL,1,3
455900,Vote by Mail - 400C,190202,CORINA LOPEZ,MIA OUSLEY,LEAH HALL,1,3
455900,Vote by Mail - 400C,190203,LEAH HALL,MIA OUSLEY,CORINA LOPEZ,1,3
455900,Vote by Mail - 400C,190204,CORINA LOPEZ,MIA OUSLEY,LEAH HALL,1,3
455900,Vote by Mail - 400C,190205,CORINA LOPEZ,LEAH HALL,MIA OUSLEY,1,3
455900,Vote by Mail - 400C,190206,CORINA LOPEZ,MIA OUSLEY,skipped,1,3
455900,Vote by Mail - 400C,190207,CORINA LOPEZ,LEAH HALL,MIA OUSLEY,1,3
455900,Vote by Mail - 400C,190209,CORINA LOPEZ,skipped,skipped,1,3
455900,Vote by Mail - 400C,190210,LEAH HALL,MIA OUSLEY,CORINA LOPEZ,1,3
455900,Vote by Mail - 400C,190211,LEAH HALL,CORINA LOPEZ,MIA OUSLEY,1,3
455900,Vote by Mail - 400C,190212,MIA OUSLEY,CORINA LOPEZ,LEAH HALL,1,3
455900,Vote by Mail - 400C,190214,LEAH HALL,MIA OUSLEY,skipped,1,3
455900,Vote by Mail - 400C,190215,LEAH HALL,skipped,skipped,1,3
455900,Vote by Mail - 400C,190217,LEAH HALL,MIA OUSLEY,CORINA LOPEZ,1,3
455900,Vote by Mail - 400C,190218,LEAH HALL,MIA OUSLEY,CORINA LOPEZ,1,3
455900,Vote by Mail - 400C,190219,MIA OUSLEY,LEAH HALL,CORINA LOPEZ,1,3
455900,Vote by Mail - 400C,190220,CORINA LOPEZ,skipped,skipped,1,3
455900,Vote by Mail - 400C,190221,CORINA LOPEZ,skipped,skipped,1,3
455900,Vote by Mail - 400C,190222,CORINA LOPEZ,skipped,skipped,1,3
455900,Vote by Mail - 400C,190223,CORINA LOPEZ,LEAH HALL,MIA OUSLEY,1,3
455900,Vote by Mail - 400C,190224,LEAH HALL,skipped,skipped,1,3
455900,Vote by Mail - 400C,190225,CORINA LOPEZ,LEAH HALL,MIA OUSLEY,1,3
455900,Vote by Mail - 400C,190226,CORINA LOPEZ,LEAH HALL,MIA OUSLEY,1,3
455900,Vote by Mail - 400C,190227,CORINA LOPEZ,LEAH HALL,MIA OUSLEY,1,3
455900,Vote by Mail - 400C,190228,CORINA LOPEZ,LEAH HALL,MIA OUSLEY,1,3
455900,Vote by Mail - 400C,190229,CORINA LOPEZ,MIA OUSLEY,LEAH HALL,1,3
455900,Vote by Mail - 400C,190230,MIA OUSLEY,CORINA LOPEZ,LEAH HALL,1,3
455900,Vote by Mail - 400C,190231,CORINA LOPEZ,MIA OUSLEY,LEAH HALL,1,3
455900,Vote by Mail - 400C,190232,CORINA LOPEZ,MIA OUSLEY,LEAH HALL,1,3
455900,Vote by Mail - 400C,190233,CORINA LOPEZ,LEAH HALL,skipped,1,3
455900,Vote by Mail - 400C,190235,MIA OUSLEY,LEAH HALL,CORINA LOPEZ,1,3
455900,Vote by Mail - 400C,190236,LEAH HALL,CORINA LOPEZ,MIA OUSLEY,1,3
455900,Vote by Mail - 400C,190237,CORINA LOPEZ,LEAH HALL,MIA OUSLEY,1,3
455900,Vote by Mail - 400C,190238,LEAH HALL,MIA OUSLEY,CORINA LOPEZ,1,3
455900,Vote by Mail - 400C,190239,CORINA LOPEZ,LEAH HALL,MIA OUSLEY,1,3
455900,Vote by Mail - 400C,190240,LEAH HALL,skipped,skipped,1,3
455900,Vote by Mail - 400C,190242,LEAH HALL,skipped,skipped,1,3
455900,Vote by Mail - 400C,190243,CORINA LOPEZ,MIA OUSLEY,LEAH HALL,1,3
455900,Vote by Mail - 400C,190245,MIA OUSLEY,LEAH HALL,skipped,1,3
455900,Vote by Mail - 400C,190246,LEAH HALL,MIA OUSLEY,CORINA LOPEZ,1,3
455900,Vote by Mail - 400C,190247,MIA OUSLEY,skipped,skipped,1,3
455900,Vote by Mail - 400C,190248,MIA OUSLEY,CORINA LOPEZ,LEAH HALL,1,3
455900,Vote by Mail - 400C,190249,CORINA LOPEZ,MIA OUSLEY,LEAH HALL,1,3
455900,Vote by Mail - 400C,190250,CORINA LOPEZ,MIA OUSLEY,LEAH HALL,1,3
455900,Vote by Mail - 400C,190251,LEAH HALL,MIA OUSLEY,CORINA LOPEZ,1,3
455900,Vote by Mail - 400C,190252,CORINA LOPEZ,MIA OUSLEY,LEAH HALL,1,3
455900,Vote by Mail - 400C,190253,CORINA LOPEZ,skipped,skipped,1,3
455900,Vote by Mail - 400C,190254,CORINA LOPEZ,skipped,skipped,1,3
455900,Vote by Mail - 400C,190255,MIA OUSLEY,skipped,skipped,1,3
455900,Vote by Mail - 400C,190256,LEAH HALL,MIA OUSLEY,skipped,1,3
455900,Vote by Mail - 400C,190257,CORINA LOPEZ,LEAH HALL,MIA OUSLEY,1,3
455900,Vote by Mail - 400C,190259,LEAH HALL,skipped,skipped,1,3
455900,Vote by Mail - 400C,190260,MIA OUSLEY,LEAH HALL,CORINA LOPEZ,1,3
455900,Vote by Mail - 400C,190261,CORINA LOPEZ,skipped,skipped,1,3
455900,Vote by Mail - 400C,190262,CORINA LOPEZ,LEAH HALL,MIA OUSLEY,1,3
455900,Vote by Mail - 400C,190263,CORINA LOPEZ,skipped,skipped,1,3
455900,Vote by Mail - 400C,190264,CORINA LOPEZ,LEAH HALL,MIA OUSLEY,1,3
455900,Vote by Mail - 400C,190265,CORINA LOPEZ,LEAH HALL,MIA OUSLEY,1,3
455900,Vote by Mail - 400C,190267,LEAH HALL,skipped,skipped,1,3
455900,Vote by Mail - 400C,190268,LEAH HALL,MIA OUSLEY,CORINA LOPEZ,1,3
455900,Vote by Mail - 400C,190270,MIA OUSLEY,skipped,skipped,1,3
455900,Vote by Mail - 400C,190271,CORINA LOPEZ,LEAH HALL,MIA OUSLEY,1,3
455900,Vote by Mail - 400C,190272,CORINA LOPEZ,MIA OUSLEY,LEAH HALL,1,3
455900,Vote by Mail - 400C,190273,LEAH HALL,MIA OUSLEY,CORINA LOPEZ,1,3
455900,Vote by Mail - 400C,190274,MIA OUSLEY,skipped,skipped,1,3
455900,Vote by Mail - 400C,190275,CORINA LOPEZ,skipped,skipped,1,3
455900,Vote by Mail - 400C,190276,CORINA LOPEZ,MIA OUSLEY,LEAH HALL,1,3
455900,Vote by Mail - 400C,190277,MIA OUSLEY,skipped,skipped,1,3
455900,Vote by Mail - 400C,190278,CORINA LOPEZ,MIA OUSLEY,skipped,1,3
455900,Vote by Mail - 400C,190279,CORINA LOPEZ,skipped,skipped,1,3
455900,Vote by Mail - 400C,190280,MIA OUSLEY,LEAH HALL,skipped,1,3
455900,Vote by Mail - 400C,190281,LEAH HALL,MIA OUSLEY,CORINA LOPEZ,1,3
455900,Vote by Mail - 400C,190282,CORINA LOPEZ,LEAH HALL,MIA OUSLEY,1,3
455900,Vote by Mail - 400C,190283,LEAH HALL,skipped,skipped,1,3
455900,Vote by Mail - 400C,190284,CORINA LOPEZ,skipped,skipped,1,3
455900,Vote by Mail - 400C,190285,CORINA LOPEZ,skipped,skipped,1,3
455900,Vote by Mail - 400C,190286,MIA OUSLEY,LEAH HALL,CORINA LOPEZ,1,3
455900,Vote by Mail - 400C,190287,MIA OUSLEY,CORINA LOPEZ,LEAH HALL,1,3
456900,Vote by Mail - 400C,190288,CORINA LOPEZ,LEAH HALL,MIA OUSLEY,1,3
456900,Vote by Mail - 400C,190289,CORINA LOPEZ,skipped,skipped,1,3
456900,Vote by Mail - 400C,190290,LEAH HALL,CORINA LOPEZ,MIA OUSLEY,1,3
456900,Vote by Mail - 400C,190291,CORINA LOPEZ,LEAH HALL,MIA OUSLEY,1,3
456900,Vote by Mail - 400C,190292,CORINA LOPEZ,skipped,skipped,1,3
456900,Vote by Mail - 400C,190293,CORINA LOPEZ,skipped,skipped,1,3
456900,Vote by Mail - 400C,190294,LEAH HALL,skipped,skipped,1,3
456900,Vote by Mail - 400C,190295,LEAH HALL,CORINA LOPEZ,MIA OUSLEY,1,3
456900,Vote by Mail - 400C,190296,CORINA LOPEZ,LEAH HALL,MIA OUSLEY,1,3
456900,Vote by Mail - 400C,190297,MIA OUSLEY,skipped,skipped,1,3
456900,Vote by Mail - 400C,190298,CORINA LOPEZ,skipped,skipped,1,3
456900,Vote by Mail - 400C,190301,MIA OUSLEY,LEAH HALL,CORINA LOPEZ,1,3
456900,Vote by Mail - 400C,190302,CORINA LOPEZ,skipped,skipped,1,3
456900,Vote by Mail - 400C,190304,CORINA LOPEZ,MIA OUSLEY,LEAH HALL,1,3
456900,Vote by Mail - 400C,190305,LEAH HALL,CORINA LOPEZ,skipped,1,3
456900,Vote by Mail - 400C,190306,LEAH HALL,CORINA LOPEZ,MIA OUSLEY,1,3
456900,Vote by Mail - 400C,190307,MIA OUSLEY,skipped,skipped,1,3
456900,Vote by Mail - 400C,190308,CORINA LOPEZ,skipped,skipped,1,3
456900,Vote by Mail - 400C,190309,MIA OUSLEY,skipped,skipped,1,3
456900,Vote by Mail - 400C,190310,CORINA LOPEZ,MIA OUSLEY,skipped,1,3
456900,Vote by Mail - 400C,190311,CORINA LOPEZ,MIA OUSLEY,skipped,1,3
456900,Vote by Mail - 400C,190313,CORINA LOPEZ,skipped,skipped,1,3
456900,Vote by Mail - 400C,190314,CORINA LOPEZ,skipped,skipped,1,3
456900,Vote by Mail - 400C,190315,CORINA LOPEZ,LEAH HALL,MIA OUSLEY,1,3
456900,Vote by Mail - 400C,190316,MIA OUSLEY,CORINA LOPEZ,LEAH HALL,1,3
456900,Vote by Mail - 400C,190317,LEAH HALL,CORINA LOPEZ,MIA OUSLEY,1,3
456900,Vote by Mail - 400C,190318,MIA OUSLEY,skipped,skipped,1,3
456900,Vote by Mail - 400C,190319,CORINA LOPEZ,MIA OUSLEY,LEAH HALL,1,3
456900,Vote by Mail - 400C,190320,CORINA LOPEZ,LEAH HALL,MIA OUSLEY,1,3
456900,Vote by Mail - 400C,190321,CORINA LOPEZ,skipped,skipped,1,3
456900,Vote by Mail - 400C,190323,LEAH HALL,MIA OUSLEY,CORINA LOPEZ,1,3
456900,Vote by Mail - 400C,190324,LEAH HALL,MIA OUSLEY,skipped,1,3
456900,Vote by Mail - 400C,190325,CORINA LOPEZ,MIA OUSLEY,LEAH HALL,1,3
456900,Vote by Mail - 400C,190326,CORINA LOPEZ,MIA OUSLEY,skipped,1,3
456900,Vote by Mail - 400C,190327,LEAH HALL,skipped,skipped,1,3
456900,Vote by Mail - 400C,190328,MIA OUSLEY,CORINA LOPEZ,LEAH HALL,1,3
456900,Vote by Mail - 400C,190329,MIA OUSLEY,CORINA LOPEZ,LEAH HALL,1,3
456900,Vote by Mail - 400C,190330,LEAH HALL,CORINA LOPEZ,MIA OUSLEY,1,3
456900,Vote by Mail - 400C,190331,CORINA LOPEZ,LEAH HALL,skipped,1,3
456900,Vote by Mail - 400C,190332,MIA OUSLEY,LEAH HALL,CORINA LOPEZ,1,3
456900,Vote by Mail - 400C,190333,CORINA LOPEZ,LEAH HALL,skipped,1,3
456900,Vote by Mail - 400C,190334,CORINA LOPEZ,skipped,skipped,1,3
456900,Vote by Mail - 400C,190335,CORINA LOPEZ,skipped,skipped,1,3
456900,Vote by Mail - 400C,190336,MIA OUSLEY,CORINA LOPEZ,skipped,1,3
456900,Vote by Mail - 400C,190337,LEAH HALL,skipped,skipped,1,3
456900,Vote by Mail - 400C,190338,CORINA LOPEZ,skipped,skipped,1,3
456900,Vote by Mail - 400C,190339,MIA OUSLEY,LEAH HALL,skipped,1,3
456900,Vote by Mail - 400C,190340,CORINA LOPEZ,LEAH HALL,MIA OUSLEY,1,3
456900,Vote by Mail - 400C,190341,CORINA LOPEZ,MIA OUSLEY,LEAH HALL,1,3
456900,Vote by Mail - 400C,190342,MIA OUSLEY,CORINA LOPEZ,LEAH HALL,1,3
456900,Vote by Mail - 400C,190344,MIA OUSLEY,LEAH HALL,CORINA LOPEZ,1,3
456900,Vote by Mail - 400C,190346,CORINA LOPEZ,skipped,skipped,1,3
456900,Vote by Mail - 400C,190347,CORINA LOPEZ,LEAH HALL,MIA OUSLEY,1,3
456900,Vote by Mail - 400C,190348,CORINA LOPEZ,MIA OUSLEY,LEAH HALL,1,3
456900,Vote by Mail - 400C,190351,CORINA LOPEZ,LEAH HALL,MIA OUSLEY,1,3
456900,Vote by Mail - 400C,190352,MIA OUSLEY,CORINA LOPEZ,LEAH HALL,1,3
456900,Vote by Mail - 400C,190353,CORINA LOPEZ,MIA OUSLEY,LEAH HALL,1,3
456900,Vote by Mail - 400C,190354,MIA OUSLEY,CORINA LOPEZ,LEAH HALL,1,3
456900,Vote by Mail - 400C,190355,CORINA LOPEZ,LEAH HALL,MIA OUSLEY,1,3
457500,Vote by Mail - 400C,190356,CORINA LOPEZ,MIA OUSLEY,LEAH HALL,1,3
457500,Vote by Mail - 400C,190357,LEAH HALL,CORINA LOPEZ,skipped,1,3
457500,Vote by Mail - 400C,190358,CORINA LOPEZ,MIA OUSLEY,LEAH HALL,1,3
457500,Vote by Mail - 400C,190359,CORINA LOPEZ,LEAH HALL,MIA OUSLEY,1,3
457500,Vote by Mail - 400C,190361,CORINA LOPEZ,skipped,skipped,1,3
457500,Vote by Mail - 400C,190362,LEAH HALL,MIA OUSLEY,CORINA LOPEZ,1,3
457500,Vote by Mail - 400C,190363,MIA OUSLEY,CORINA LOPEZ,LEAH HALL,1,3
457500,Vote by Mail - 400C,190364,CORINA LOPEZ,skipped,skipped,1,3
457500,Vote by Mail - 400C,190365,MIA OUSLEY,LEAH HALL,skipped,1,3
457500,Vote by Mail - 400C,190366,CORINA LOPEZ,skipped,skipped,1,3
457500,Vote by Mail - 400C,190367,MIA OUSLEY,skipped,skipped,1,3
457500,Vote by Mail - 400C,190368,CORINA LOPEZ,skipped,skipped,1,3
457500,Vote by Mail - 400C,190369,CORINA LOPEZ,skipped,skipped,1,3
457500,Vote by Mail - 400C,190370,LEAH HALL,MIA OUSLEY,CORINA LOPEZ,1,3
457500,Vote by Mail - 400C,190371,CORINA LOPEZ,MIA OUSLEY,skipped,1,3
457500,Vote by Mail - 400C,190372,LEAH HALL,CORINA LOPEZ,MIA OUSLEY,1,3
457500,Vote by Mail - 400C,190373,CORINA LOPEZ,skipped,skipped,1,3
457500,Vote by Mail - 400C,190374,CORINA LOPEZ,skipped,skipped,1,3
457500,Vote by Mail - 400C,190375,CORINA LOPEZ,MIA OUSLEY,skipped,1,3
457500,Vote by Mail - 400C,190376,CORINA LOPEZ,skipped,skipped,1,3
457500,Vote by Mail - 400C,190377,CORINA LOPEZ,MIA OUSLEY,LEAH HALL,1,3
457500,Vote by Mail - 400C,190378,LEAH HALL,CORINA LOPEZ,MIA OUSLEY,1,3
457500,Vote by Mail - 400C,190379,MIA OUSLEY,CORINA LOPEZ,LEAH HALL,1,3
457500,Vote by Mail - 400C,190380,CORINA LOPEZ,MIA OUSLEY,LEAH HALL,1,3
457500,Vote by Mail - 400C,190381,MIA OUSLEY,CORINA LOPEZ,LEAH HALL,1,3
457500,Vote by Mail - 400C,190382,CORINA LOPEZ,LEAH HALL,MIA OUSLEY,1,3
457500,Vote by Mail - 400C,190383,LEAH HALL,skipped,skipped,1,3
457500,Vote by Mail - 400C,190384,MIA OUSLEY,CORINA LOPEZ,LEAH HALL,1,3
457500,Vote by Mail - 400C,190385,MIA OUSLEY,CORINA LOPEZ,LEAH HALL,1,3
457500,Vote by Mail - 400C,190387,LEAH HALL,skipped,skipped,1,3
457500,Vote by Mail - 400C,190388,CORINA LOPEZ,MIA OUSLEY,LEAH HALL,1,3
457500,Vote by Mail - 400C,190389,LEAH HALL,MIA OUSLEY,CORINA LOPEZ,1,3
457500,Vote by Mail - 400C,190390,CORINA LOPEZ,skipped,skipped,1,3
457500,Vote by Mail - 400C,190391,LEAH HALL,skipped,skipped,1,3
457500,Vote by Mail - 400C,190392,MIA OUSLEY,skipped,skipped,1,3
457500,Vote by Mail - 400C,190393,CORINA LOPEZ,skipped,skipped,1,3
457500,Vote by Mail - 400C,190395,CORINA LOPEZ,MIA OUSLEY,LEAH HALL,1,3
457500,Vote by Mail - 400C,190396,CORINA LOPEZ,skipped,skipped,1,3
457500,Vote by Mail - 400C,190397,MIA OUSLEY,LEAH HALL,CORINA LOPEZ,1,3
457500,Vote by Mail - 400C,190398,CORINA LOPEZ,MIA OUSLEY,LEAH HALL,1,3
457500,Vote by Mail - 400C,190399,CORINA LOPEZ,MIA OUSLEY,LEAH HALL,1,3
457500,Vote by Mail - 400C,190400,MIA OUSLEY,LEAH HALL,CORINA LOPEZ,1,3
457500,Vote by Mail - 400C,190401,CORINA LOPEZ,skipped,skipped,1,3
457500,Vote by Mail - 400C,190402,MIA OUSLEY,CORINA LOPEZ,LEAH HALL,1,3
457500,Vote by Mail - 400C,190403,CORINA LOPEZ,MIA OUSLEY,LEAH HALL,1,3
457500,Vote by Mail - 400C,190404,MIA OUSLEY,CORINA LOPEZ,LEAH HALL,1,3
457500,Vote by Mail - 400C,190405,LEAH HALL,skipped,skipped,1,3
457500,Vote by Mail - 400C,190406,CORINA LOPEZ,LEAH HALL,MIA OUSLEY,1,3
457500,Vote by Mail - 400C,190407,MIA OUSLEY,LEAH HALL,CORINA LOPEZ,1,3
457500,Vote by Mail - 400C,190408,CORINA LOPEZ,skipped,skipped,1,3
457500,Vote by Mail - 400C,190409,CORINA LOPEZ,MIA OUSLEY,LEAH HALL,1,3
457500,Vote by Mail - 400C,190410,CORINA LOPEZ,LEAH HALL,MIA OUSLEY,1,3
457500,Vote by Mail - 400C,190411,CORINA LOPEZ,MIA OUSLEY,LEAH HALL,1,3
457500,Vote by Mail - 400C,190412,CORINA LOPEZ,skipped,skipped,1,3
457500,Vote by Mail - 400C,190413,CORINA LOPEZ,MIA OUSLEY,skipped,1,3
457500,Vote by Mail - 400C,190414,CORINA LOPEZ,MIA OUSLEY,LEAH HALL,1,3
457500,Vote by Mail - 400C,190416,CORINA LOPEZ,MIA OUSLEY,LEAH HALL,1,3
457500,Vote by Mail - 400C,190417,CORINA LOPEZ,MIA OUSLEY,LEAH HALL,1,3
457500,Vote by Mail - 400C,190418,CORINA LOPEZ,MIA OUSLEY,LEAH HALL,1,3
457500,Vote by Mail - 400C,190419,CORINA LOPEZ,MIA OUSLEY,LEAH HALL,1,3
457500,Vote by Mail - 400C,190420,MIA OUSLEY,LEAH HALL,CORINA LOPEZ,1,3
457500,Vote by Mail - 400C,190421,MIA OUSLEY,skipped,skipped,1,3
457500,Vote by Mail - 400C,190422,CORINA LOPEZ,skipped,skipped,1,3
457500,Vote by Mail - 400C,190423,CORINA LOPEZ,MIA OUSLEY,skipped,1,3
457500,Vote by Mail - 400C,190424,MIA OUSLEY,skipped,skipped,1,3
457500,Vote by Mail - 400C,190425,CORINA LOPEZ,MIA OUSLEY,LEAH HALL,1,3
457500,Vote by Mail - 400C,190426,CORINA LOPEZ,MIA OUSLEY,LEAH HALL,1,3
457500,Vote by Mail - 400C,190427,CORINA LOPEZ,MIA OUSLEY,LEAH HALL,1,3
457500,Vote by Mail - 400C,190429,CORINA LOPEZ,MIA OUSLEY,LEAH HALL,1,3
457700,Vote by Mail - 400C,190431,CORINA LOPEZ,MIA OUSLEY,LEAH HALL,1,3
457700,Vote by Mail - 400C,190433,CORINA LOPEZ,LEAH HALL,MIA OUSLEY,1,3
457700,Vote by Mail - 400C,190434,LEAH HALL,MIA OUSLEY,CORINA LOPEZ,1,3
457700,Vote by Mail - 400C,190435,MIA OUSLEY,LEAH HALL,CORINA LOPEZ,1,3
457700,Vote by Mail - 400C,190436,LEAH HALL,CORINA LOPEZ,MIA OUSLEY,1,3
457700,Vote by Mail - 400C,190437,CORINA LOPEZ,skipped,skipped,1,3
457700,Vote by Mail - 400C,190438,MIA OUSLEY,LEAH HALL,CORINA LOPEZ,1,3
457700,Vote by Mail - 400C,190439,CORINA LOPEZ,MIA OUSLEY,LEAH HALL,1,3
457700,Vote by Mail - 400C,190440,CORINA LOPEZ,MIA OUSLEY,LEAH HALL,1,3
457700,Vote by Mail - 400C,190441,LEAH HALL,CORINA LOPEZ,MIA OUSLEY,1,3
457700,Vote by Mail - 400C,190442,CORINA LOPEZ,skipped,skipped,1,3
457700,Vote by Mail - 400C,190443,LEAH HALL,skipped,skipped,1,3
457700,Vote by Mail - 400C,190444,MIA OUSLEY,CORINA LOPEZ,LEAH HALL,1,3
457700,Vote by Mail - 400C,190445,CORINA LOPEZ,MIA OUSLEY,LEAH HALL,1,3
457700,Vote by Mail - 400C,190446,LEAH HALL,CORINA LOPEZ,MIA OUSLEY,1,3
457700,Vote by Mail - 400C,190448,CORINA LOPEZ,skipped,skipped,1,3
457700,Vote by Mail - 400C,190449,CORINA LOPEZ,LEAH HALL,MIA OUSLEY,1,3
457700,Vote by Mail - 400C,190450,CORINA LOPEZ,LEAH HALL,MIA OUSLEY,1,3
457700,Vote by Mail - 400C,190451,LEAH HALL,CORINA LOPEZ,MIA OUSLEY,1,3
457700,Vote by Mail - 400C,190452,LEAH HALL,CORINA LOPEZ,MIA OUSLEY,1,3
457700,Vote by Mail - 400C,190453,MIA OUSLEY,skipped,skipped,1,3
457700,Vote by Mail - 400C,190454,LEAH HALL,CORINA LOPEZ,skipped,1,3
457700,Vote by Mail - 400C,190455,LEAH HALL,MIA OUSLEY,CORINA LOPEZ,1,3
457700,Vote by Mail - 400C,190456,MIA OUSLEY,LEAH HALL,skipped,1,3
457700,Vote by Mail - 400C,190457,CORINA LOPEZ,MIA OUSLEY,skipped,1,3
457700,Vote by Mail - 400C,190458,MIA OUSLEY,CORINA LOPEZ,skipped,1,3
457700,Vote by Mail - 400C,190459,LEAH HALL,MIA OUSLEY,CORINA LOPEZ,1,3
457700,Vote by Mail - 400C,190460,MIA OUSLEY,skipped,skipped,1,3
457700,Vote by Mail - 400C,190461,LEAH HALL,CORINA LOPEZ,MIA OUSLEY,1,3
457700,Vote by Mail - 400C,190462,MIA OUSLEY,CORINA LOPEZ,skipped,1,3
457700,Vote by Mail - 400C,190463,MIA OUSLEY,CORINA LOPEZ,LEAH HALL,1,3
457700,Vote by Mail - 400C,190464,CORINA LOPEZ,LEAH HALL,MIA OUSLEY,1,3
457700,Vote by Mail - 400C,190465,CORINA LOPEZ,MIA OUSLEY,LEAH HALL,1,3
457700,Vote by Mail - 400C,190466,CORINA LOPEZ,MIA OUSLEY,LEAH HALL,1,3
457700,Vote by Mail - 400C,190467,CORINA LOPEZ,MIA OUSLEY,LEAH HALL,1,3
457700,Vote by Mail - 400C,190468,CORINA LOPEZ,MIA OUSLEY,LEAH HALL,1,3
457700,Vote by Mail - 400C,190469,LEAH HALL,CORINA LOPEZ,MIA OUSLEY,1,3
457700,Vote by Mail - 400C,190471,CORINA LOPEZ,MIA OUSLEY,LEAH HALL,1,3
457700,Vote by Mail - 400C,190472,CORINA LOPEZ,MIA OUSLEY,LEAH HALL,1,3
457700,Vote by Mail - 400C,190473,MIA OUSLEY,LEAH HALL,CORINA LOPEZ,1,3
457700,Vote by Mail - 400C,190474,MIA OUSLEY,CORINA LOPEZ,LEAH HALL,1,3
457700,Vote by Mail - 400C,190475,CORINA LOPEZ,MIA OUSLEY,LEAH HALL,1,3
457700,Vote by Mail - 400C,190476,MIA OUSLEY,CORINA LOPEZ,skipped,1,3
457700,Vote by Mail - 400C,190477,MIA OUSLEY,LEAH HALL,CORINA LOPEZ,1,3
457700,Vote by Mail - 400C,190478,LEAH HALL,CORINA LOPEZ,MIA OUSLEY,1,3
457700,Vote by Mail - 400C,190479,LEAH HALL,MIA OUSLEY,CORINA LOPEZ,1,3
457700,Vote by Mail - 400C,190481,CORINA LOPEZ,MIA OUSLEY,skipped,1,3
457700,Vote by Mail - 400C,190482,CORINA LOPEZ,skipped,skipped,1,3
457700,Vote by Mail - 400C,190483,LEAH HALL,MIA OUSLEY,CORINA LOPEZ,1,3
457700,Vote by Mail - 400C,190486,MIA OUSLEY,CORINA LOPEZ,LEAH HALL,1,3
457700,Vote by Mail - 400C,190488,MIA OUSLEY,CORINA LOPEZ,LEAH HALL,1,3
457700,Vote by Mail - 400C,190489,CORINA LOPEZ,LEAH HALL,MIA OUSLEY,1,3
457700,Vote by Mail - 400C,190490,LEAH HALL,CORINA LOPEZ,MIA OUSLEY,1,3
457700,Vote by Mail - 400C,190491,CORINA LOPEZ,MIA OUSLEY,LEAH HALL,1,3
457700,Vote by Mail - 400C,190492,LEAH HALL,MIA OUSLEY,CORINA LOPEZ,1,3
457700,Vote by Mail - 400C,190493,LEAH HALL,MIA OUSLEY,CORINA LOPEZ,1,3
457700,Vote by Mail - 400C,190494,MIA OUSLEY,CORINA LOPEZ,skipped,1,3
457700,Vote by Mail - 400C,190495,CORINA LOPEZ,MIA OUSLEY,skipped,1,3
457700,Vote by Mail - 400C,190496,CORINA LOPEZ,skipped,skipped,1,3
457700,Vote by Mail - 400C,190497,CORINA LOPEZ,skipped,skipped,1,3
457700,Vote by Mail - 400C,190498,MIA OUSLEY,skipped,skipped,1,3
457700,Vote by Mail - 400C,190499,MIA OUSLEY,CORINA LOPEZ,LEAH HALL,1,3
457700,Vote by Mail - 400C,190500,CORINA LOPEZ,LEAH HALL,MIA OUSLEY,1,3
457700,Vote by Mail - 400C,190502,CORINA LOPEZ,LEAH HALL,MIA OUSLEY,1,3
457700,Vote by Mail - 400C,190503,MIA OUSLEY,CORINA LOPEZ,LEAH HALL,1,3
457700,Vote by Mail - 400C,190504,LEAH HALL,MIA OUSLEY,CORINA LOPEZ,1,3
457700,Vote by Mail - 400C,190505,MIA OUSLEY,CORINA LOPEZ,LEAH HALL,1,3
457700,Vote by Mail - 400C,190506,MIA OUSLEY,LEAH HALL,skipped,1,3
457700,Vote by Mail - 400C,190507,CORINA LOPEZ,MIA OUSLEY,LEAH HALL,1,3
457700,Vote by Mail - 400C,190508,CORINA LOPEZ,LEAH HALL,skipped,1,3
457700,Vote by Mail - 400C,190509,LEAH HALL,CORINA LOPEZ,MIA OUSLEY,1,3
457700,Vote by Mail - 400C,190510,MIA OUSLEY,CORINA LOPEZ,LEAH HALL,1,3
457700,Vote by Mail - 400C,190511,MIA OUSLEY,CORINA LOPEZ,LEAH HALL,1,3
457700,Vote by Mail - 400C,190512,CORINA LOPEZ,MIA OUSLEY,LEAH HALL,1,3
457700,Vote by Mail - 400C,190513,LEAH HALL,skipped,skipped,1,3
458500,Vote by Mail - 400C,190514,CORINA LOPEZ,LEAH HALL,skipped,1,3
458500,Vote by Mail - 400C,190515,MIA OUSLEY,LEAH HALL,CORINA LOPEZ,1,3
458500,Vote by Mail - 400C,190516,LEAH HALL,skipped,skipped,1,3
458500,Vote by Mail - 400C,190517,MIA OUSLEY,skipped,skipped,1,3
458500,Vote by Mail - 400C,190518,CORINA LOPEZ,skipped,skipped,1,3
458500,Vote by Mail - 400C,190519,CORINA LOPEZ,MIA OUSLEY,LEAH HALL,1,3
458500,Vote by Mail - 400C,190520,CORINA LOPEZ,MIA OUSLEY,LEAH HALL,1,3
458500,Vote by Mail - 400C,190521,MIA OUSLEY,CORINA LOPEZ,skipped,1,3
458500,Vote by Mail - 400C,190522,CORINA LOPEZ,LEAH HALL,MIA OUSLEY,1,3
458500,Vote by Mail - 400C,190523,CORINA LOPEZ,skipped,skipped,1,3
458500,Vote by Mail - 400C,190524,LEAH HALL,CORINA LOPEZ,skipped,1,3
458500,Vote by Mail - 400C,190525,CORINA LOPEZ,LEAH HALL,MIA OUSLEY,1,3
458500,Vote by Mail - 400C,190526,CORINA LOPEZ,skipped,skipped,1,3
458500,Vote by Mail - 400C,190527,CORINA LOPEZ,LEAH HALL,MIA OUSLEY,1,3
458500,Vote by Mail - 400C,190528,CORINA LOPEZ,MIA OUSLEY,LEAH HALL,1,3
458500,Vote by Mail - 400C,190529,CORINA LOPEZ,MIA OUSLEY,LEAH HALL,1,3
458500,Vote by Mail - 400C,190530,CORINA LOPEZ,MIA OUSLEY,LEAH HALL,1,3
458500,Vote by Mail - 400C,190533,CORINA LOPEZ,skipped,skipped,1,3
458500,Vote by Mail - 400C,190534,LEAH HALL,CORINA LOPEZ,MIA OUSLEY,1,3
458500,Vote by Mail - 400C,190535,CORINA LOPEZ,MIA OUSLEY,LEAH HALL,1,3
458500,Vote by Mail - 400C,190536,CORINA LOPEZ,MIA OUSLEY,LEAH HALL,1,3
458500,Vote by Mail - 400C,190537,MIA OUSLEY,LEAH HALL,CORINA LOPEZ,1,3
458500,Vote by Mail - 400C,190538,CORINA LOPEZ,MIA OUSLEY,LEAH HALL,1,3
458500,Vote by Mail - 400C,190539,CORINA LOPEZ,skipped,skipped,1,3
458500,Vote by Mail - 400C,190540,CORINA LOPEZ,MIA OUSLEY,LEAH HALL,1,3
458500,Vote by Mail - 400C,190541,MIA OUSLEY,skipped,skipped,1,3
458500,Vote by Mail - 400C,190542,MIA OUSLEY,CORINA LOPEZ,LEAH HALL,1,3
458500,Vote by Mail - 400C,190543,LEAH HALL,MIA OUSLEY,CORINA LOPEZ,1,3
458500,Vote by Mail - 400C,190544,CORINA LOPEZ,LEAH HALL,MIA OUSLEY,1,3
458800,Vote by Mail - 400C,190546,LEAH HALL,MIA OUSLEY,CORINA LOPEZ,1,3
458800,Vote by Mail - 400C,190547,CORINA LOPEZ,LEAH HALL,MIA OUSLEY,1,3
458800,Vote by Mail - 400C,190548,CORINA LOPEZ,LEAH HALL,MIA OUSLEY,1,3
458800,Vote by Mail - 400C,190549,CORINA LOPEZ,skipped,skipped,1,3
458800,Vote by Mail - 400C,190550,CORINA LOPEZ,MIA OUSLEY,LEAH HALL,1,3
458800,Vote by Mail - 400C,190551,MIA OUSLEY,CORINA LOPEZ,LEAH HALL,1,3
458800,Vote by Mail - 400C,190552,LEAH HALL,MIA OUSLEY,CORINA LOPEZ,1,3
458800,Vote by Mail - 400C,190553,LEAH HALL,MIA OUSLEY,CORINA LOPEZ,1,3
458800,Vote by Mail - 400C,190554,MIA OUSLEY,CORINA LOPEZ,LEAH HALL,1,3
458800,Vote by Mail - 400C,190555,CORINA LOPEZ,LEAH HALL,MIA OUSLEY,1,3
458800,Vote by Mail - 400C,190556,CORINA LOPEZ,LEAH HALL,MIA OUSLEY,1,3
458800,Vote by Mail - 400C,190557,MIA OUSLEY,CORINA LOPEZ,LEAH HALL,1,3
458800,Vote by Mail - 400C,190558,CORINA LOPEZ,skipped,skipped,1,3
455400,Vote by Mail - 400C,191458,CORINA LOPEZ,LEAH HALL,MIA OUSLEY,1,3
455400,Vote by Mail - 400C,191459,MIA OUSLEY,skipped,skipped,1,3
455400,Vote by Mail - 400C,191460,CORINA LOPEZ,skipped,skipped,1,3
455400,Vote by Mail - 400C,191461,LEAH HALL,CORINA LOPEZ,skipped,1,3
455400,Vote by Mail - 400C,191462,CORINA LOPEZ,MIA OUSLEY,LEAH HALL,1,3
455400,Vote by Mail - 400C,191463,MIA OUSLEY,skipped,skipped,1,3
455400,Vote by Mail - 400C,191464,LEAH HALL,CORINA LOPEZ,MIA OUSLEY,1,3
455400,Vote by Mail - 400C,191465,LEAH HALL,CORINA LOPEZ,skipped,1,3
455400,Vote by Mail - 400C,191466,MIA OUSLEY,CORINA LOPEZ,skipped,1,3
455400,Vote by Mail - 400C,191467,CORINA LOPEZ,MIA OUSLEY,LEAH HALL,1,3
455400,Vote by Mail - 400C,191468,LEAH HALL,MIA OUSLEY,skipped,1,3
455400,Vote by Mail - 400C,191469,CORINA LOPEZ,LEAH HALL,MIA OUSLEY,1,3
455400,Vote by Mail - 400C,191470,CORINA LOPEZ,MIA OUSLEY,skipped,1,3
455400,Vote by Mail - 400C,191471,CORINA LOPEZ,LEAH HALL,skipped,1,3
455500,Vote by Mail - 400C,191474,CORINA LOPEZ,MIA OUSLEY,LEAH HALL,1,3
455500,Vote by Mail - 400C,191475,CORINA LOPEZ,LEAH HALL,MIA OUSLEY,1,3
455500,Vote by Mail - 400C,191476,MIA OUSLEY,CORINA LOPEZ,skipped,1,3
455500,Vote by Mail - 400C,191477,CORINA LOPEZ,skipped,skipped,1,3
455500,Vote by Mail - 400C,191478,CORINA LOPEZ,skipped,skipped,1,3
455500,Vote by Mail - 400C,191479,CORINA LOPEZ,MIA OUSLEY,skipped,1,3
455500,Vote by Mail - 400C,191481,MIA OUSLEY,CORINA LOPEZ,LEAH HALL,1,3
455500,Vote by Mail - 400C,191483,MIA OUSLEY,LEAH HALL,skipped,1,3
455500,Vote by Mail - 400C,191484,CORINA LOPEZ,skipped,skipped,1,3
455500,Vote by Mail - 400C,191486,CORINA LOPEZ,skipped,skipped,1,3
455500,Vote by Mail - 400C,191487,LEAH HALL,MIA OUSLEY,CORINA LOPEZ,1,3
455500,Vote by Mail - 400C,191488,CORINA LOPEZ,MIA OUSLEY,LEAH HALL,1,3
455500,Vote by Mail - 400C,191489,CORINA LOPEZ,skipped,skipped,1,3
455500,Vote by Mail - 400C,191490,CORINA LOPEZ,skipped,skipped,1,3
455500,Vote by Mail - 400C,191491,MIA OUSLEY,skipped,skipped,1,3
455500,Vote by Mail - 400C,191492,MIA OUSLEY,CORINA LOPEZ,LEAH HALL,1,3
455500,Vote by Mail - 400C,191493,CORINA LOPEZ,MIA OUSLEY,skipped,1,3
455500,Vote by Mail - 400C,191494,CORINA LOPEZ,skipped,skipped,1,3
455500,Vote by Mail - 400C,191495,CORINA LOPEZ,MIA OUSLEY,LEAH HALL,1,3
455500,Vote by Mail - 400C,191496,LEAH HALL,MIA OUSLEY,CORINA LOPEZ,1,3
455500,Vote by Mail - 400C,191497,MIA OUSLEY,LEAH HALL,CORINA LOPEZ,1,3
455500,Vote by Mail - 400C,191498,CORINA LOPEZ,skipped,skipped,1,3
455500,Vote by Mail - 400C,191500,CORINA LOPEZ,LEAH HALL,skipped,1,3
455500,Vote by Mail - 400C,191501,MIA OUSLEY,skipped,skipped,1,3
455500,Vote by Mail - 400C,191502,CORINA LOPEZ,skipped,skipped,1,3
455500,Vote by Mail - 400C,191503,CORINA LOPEZ,MIA OUSLEY,LEAH HALL,1,3
455500,Vote by Mail - 400C,191504,CORINA LOPEZ,skipped,skipped,1,3
455500,Vote by Mail - 400C,191505,LEAH HALL,skipped,skipped,1,3
455500,Vote by Mail - 400C,191506,CORINA LOPEZ,LEAH HALL,skipped,1,3
455500,Vote by Mail - 400C,191507,LEAH HALL,MIA OUSLEY,CORINA LOPEZ,1,3
455500,Vote by Mail - 400C,191508,CORINA LOPEZ,LEAH HALL,skipped,1,3
455500,Vote by Mail - 400C,191510,CORINA LOPEZ,skipped,skipped,1,3
455500,Vote by Mail - 400C,191511,CORINA LOPEZ,LEAH HALL,MIA OUSLEY,1,3
455500,Vote by Mail - 400C,191512,CORINA LOPEZ,MIA OUSLEY,LEAH HALL,1,3
455500,Vote by Mail - 400C,191513,LEAH HALL,MIA OUSLEY,CORINA LOPEZ,1,3
455500,Vote by Mail - 400C,191514,LEAH HALL,CORINA LOPEZ,MIA OUSLEY,1,3
455500,Vote by Mail - 400C,191515,MIA OUSLEY,LEAH HALL,CORINA LOPEZ,1,3
455500,Vote by Mail - 400C,191516,CORINA LOPEZ,MIA OUSLEY,skipped,1,3
455500,Vote by Mail - 400C,191517,CORINA LOPEZ,MIA OUSLEY,LEAH HALL,1,3
450300,Vote by Mail - 400C,192823,MIA OUSLEY,skipped,skipped,1,3
451000,Vote by Mail - 400C,192825,MIA OUSLEY,LEAH HALL,CORINA LOPEZ,1,3
451510,Vote by Mail - 400C,192826,CORINA LOPEZ,MIA OUSLEY,LEAH HALL,1,3
452100,Vote by Mail - 400C,192827,MIA OUSLEY,LEAH HALL,CORINA LOPEZ,1,3
452200,Vote by Mail - 400C,192828,CORINA LOPEZ,skipped,skipped,1,3
453300,Vote by Mail - 400C,192829,CORINA LOPEZ,MIA OUSLEY,LEAH HALL,1,3
453300,Vote by Mail - 400C,192830,LEAH HALL,MIA OUSLEY,CORINA LOPEZ,1,3
453300,Vote by Mail - 400C,192831,LEAH HALL,CORINA LOPEZ,MIA OUSLEY,1,3
453300,Vote by Mail - 400C,192833,LEAH HALL,CORINA LOPEZ,MIA OUSLEY,1,3
453300,Vote by Mail - 400C,192834,LEAH HALL,CORINA LOPEZ,MIA OUSLEY,1,3
453300,Vote by Mail - 400C,192835,MIA OUSLEY,LEAH HALL,CORINA LOPEZ,1,3
453300,Vote by Mail - 400C,192836,LEAH HALL,CORINA LOPEZ,MIA OUSLEY,1,3
453300,Vote by Mail - 400C,192837,LEAH HALL,MIA OUSLEY,CORINA LOPEZ,1,3
453300,Vote by Mail - 400C,192838,LEAH HALL,MIA OUSLEY,CORINA LOPEZ,1,3
453300,Vote by Mail - 400C,192839,LEAH HALL,skipped,skipped,1,3
453300,Vote by Mail - 400C,192840,CORINA LOPEZ,MIA OUSLEY,LEAH HALL,1,3
453300,Vote by Mail - 400C,192841,CORINA LOPEZ,LEAH HALL,MIA OUSLEY,1,3
453300,Vote by Mail - 400C,192842,MIA OUSLEY,CORINA LOPEZ,LEAH HALL,1,3
453300,Vote by Mail - 400C,192843,MIA OUSLEY,CORINA LOPEZ,LEAH HALL,1,3
453300,Vote by Mail - 400C,192844,LEAH HALL,MIA OUSLEY,CORINA LOPEZ,1,3
453300,Vote by Mail - 400C,192846,CORINA LOPEZ,MIA OUSLEY,LEAH HALL,1,3
453300,Vote by Mail - 400C,192847,CORINA LOPEZ,LEAH HALL,MIA OUSLEY,1,3
453300,Vote by Mail - 400C,192849,CORINA LOPEZ,MIA OUSLEY,LEAH HALL,1,3
453300,Vote by Mail - 400C,192850,CORINA LOPEZ,LEAH HALL,MIA OUSLEY,1,3
453300,Vote by Mail - 400C,192851,CORINA LOPEZ,MIA OUSLEY,LEAH HALL,1,3
453300,Vote by Mail - 400C,192852,LEAH HALL,CORINA LOPEZ,MIA OUSLEY,1,3
453300,Vote by Mail - 400C,192853,CORINA LOPEZ,MIA OUSLEY,LEAH HALL,1,3
453300,Vote by Mail - 400C,192854,LEAH HALL,MIA OUSLEY,CORINA LOPEZ,1,3
453300,Vote by Mail - 400C,192855,CORINA LOPEZ,LEAH HALL,MIA OUSLEY,1,3
453300,Vote by Mail - 400C,192858,CORINA LOPEZ,MIA OUSLEY,LEAH HALL,1,3
453400,Vote by Mail - 400C,192859,CORINA LOPEZ,LEAH HALL,MIA OUSLEY,1,3
453400,Vote by Mail - 400C,192861,CORINA LOPEZ,skipped,skipped,1,3
453400,Vote by Mail - 400C,192863,CORINA LOPEZ,MIA OUSLEY,skipped,1,3
453400,Vote by Mail - 400C,192864,CORINA LOPEZ,MIA OUSLEY,LEAH HALL,1,3
453400,Vote by Mail - 400C,192865,CORINA LOPEZ,skipped,skipped,1,3
453400,Vote by Mail - 400C,192866,CORINA LOPEZ,skipped,skipped,1,3
453400,Vote by Mail - 400C,192867,LEAH HALL,skipped,skipped,1,3
453400,Vote by Mail - 400C,192868,CORINA LOPEZ,LEAH HALL,MIA OUSLEY,1,3
453400,Vote by Mail - 400C,192869,LEAH HALL,MIA OUSLEY,CORINA LOPEZ,1,3
453400,Vote by Mail - 400C,192870,CORINA LOPEZ,skipped,skipped,1,3
453400,Vote by Mail - 400C,192871,CORINA LOPEZ,skipped,skipped,1,3
453400,Vote by Mail - 400C,192872,CORINA LOPEZ,skipped,skipped,1,3
453400,Vote by Mail - 400C,192873,CORINA LOPEZ,MIA OUSLEY,LEAH HALL,1,3
453400,Vote by Mail - 400C,192874,CORINA LOPEZ,LEAH HALL,skipped,1,3
453400,Vote by Mail - 400C,192875,MIA OUSLEY,CORINA LOPEZ,skipped,1,3
453400,Vote by Mail - 400C,192876,CORINA LOPEZ,skipped,skipped,1,3
453400,Vote by Mail - 400C,192877,MIA OUSLEY,CORINA LOPEZ,LEAH HALL,1,3
453400,Vote by Mail - 400C,192878,LEAH HALL,skipped,skipped,1,3
453400,Vote by Mail - 400C,192879,CORINA LOPEZ,LEAH HALL,MIA OUSLEY,1,3
453400,Vote by Mail - 400C,192880,MIA OUSLEY,CORINA LOPEZ,LEAH HALL,1,3
453400,Vote by Mail - 400C,192881,CORINA LOPEZ,LEAH HALL,MIA OUSLEY,1,3
453400,Vote by Mail - 400C,192882,MIA OUSLEY,CORINA LOPEZ,LEAH HALL,1,3
453400,Vote by Mail - 400C,192883,CORINA LOPEZ,skipped,skipped,1,3
453400,Vote by Mail - 400C,192884,CORINA LOPEZ,LEAH HALL,MIA OUSLEY,1,3
453400,Vote by Mail - 400C,192885,CORINA LOPEZ,MIA OUSLEY,skipped,1,3
453400,Vote by Mail - 400C,192886,CORINA LOPEZ,skipped,skipped,1,3
453920,Vote by Mail - 400C,192887,LEAH HALL,CORINA LOPEZ,MIA OUSLEY,1,3
453920,Vote by Mail - 400C,192888,MIA OUSLEY,CORINA LOPEZ,LEAH HALL,1,3
453920,Vote by Mail - 400C,192889,LEAH HALL,MIA OUSLEY,CORINA LOPEZ,1,3
454100,Vote by Mail - 400C,192890,CORINA LOPEZ,MIA OUSLEY,LEAH HALL,1,3
454500,Vote by Mail - 400C,192891,LEAH HALL,MIA OUSLEY,CORINA LOPEZ,1,3
455100,Vote by Mail - 400C,192892,MIA OUSLEY,CORINA LOPEZ,LEAH HALL,1,3
455300,Vote by Mail - 400C,192893,LEAH HALL,CORINA LOPEZ,MIA OUSLEY,1,3
456500,Vote by Mail - 400C,192895,MIA OUSLEY,CORINA LOPEZ,LEAH HALL,1,3
457100,Vote by Mail - 400C,192896,MIA OUSLEY,CORINA LOPEZ,LEAH HALL,1,3
457400,Vote by Mail - 400C,192897,LEAH HALL,CORINA LOPEZ,MIA OUSLEY,1,3
457400,Vote by Mail - 400C,192899,LEAH HALL,MIA OUSLEY,CORINA LOPEZ,1,3
457400,Vote by Mail - 400C,192900,MIA OUSLEY,LEAH HALL,CORINA LOPEZ,1,3
457400,Vote by Mail - 400C,192901,LEAH HALL,CORINA LOPEZ,MIA OUSLEY,1,3
457400,Vote by Mail - 400C,192902,CORINA LOPEZ,LEAH HALL,MIA OUSLEY,1,3
457400,Vote by Mail - 400C,192904,MIA OUSLEY,skipped,skipped,1,3
457400,Vote by Mail - 400C,192905,CORINA LOPEZ,MIA OUSLEY,LEAH HALL,1,3
457400,Vote by Mail - 400C,192906,CORINA LOPEZ,MIA OUSLEY,LEAH HALL,1,3
457400,Vote by Mail - 400C,192908,CORINA LOPEZ,MIA OUSLEY,LEAH HALL,1,3
457400,Vote by Mail - 400C,192911,CORINA LOPEZ,MIA OUSLEY,LEAH HALL,1,3
457400,Vote by Mail - 400C,192912,CORINA LOPEZ,MIA OUSLEY,LEAH HALL,1,3
457400,Vote by Mail - 400C,192913,CORINA LOPEZ,LEAH HALL,MIA OUSLEY,1,3
457400,Vote by Mail - 400C,192914,CORINA LOPEZ,LEAH HALL,skipped,1,3
457400,Vote by Mail - 400C,192915,CORINA LOPEZ,skipped,skipped,1,3
457400,Vote by Mail - 400C,192916,LEAH HALL,MIA OUSLEY,CORINA LOPEZ,1,3
457400,Vote by Mail - 400C,192918,MIA OUSLEY,CORINA LOPEZ,LEAH HALL,1,3
457400,Vote by Mail - 400C,192919,LEAH HALL,skipped,skipped,1,3
457400,Vote by Mail - 400C,192920,CORINA LOPEZ,skipped,skipped,1,3
457400,Vote by Mail - 400C,192921,LEAH HALL,MIA OUSLEY,skipped,1,3
457400,Vote by Mail - 400C,192922,CORINA LOPEZ,MIA OUSLEY,LEAH HALL,1,3
457400,Vote by Mail - 400C,192923,CORINA LOPEZ,MIA OUSLEY,LEAH HALL,1,3
457400,Vote by Mail - 400C,192924,LEAH HALL,skipped,skipped,1,3
457400,Vote by Mail - 400C,192925,CORINA LOPEZ,MIA OUSLEY,LEAH HALL,1,3
457400,Vote by Mail - 400C,192926,MIA OUSLEY,CORINA LOPEZ,skipped,1,3
457400,Vote by Mail - 400C,192927,MIA OUSLEY,CORINA LOPEZ,skipped,1,3
457400,Vote by Mail - 400C,192928,CORINA LOPEZ,MIA OUSLEY,skipped,1,3
457400,Vote by Mail - 400C,192929,CORINA LOPEZ,skipped,skipped,1,3
457400,Vote by Mail - 400C,192930,CORINA LOPEZ,skipped,skipped,1,3
457400,Vote by Mail - 400C,192931,LEAH HALL,CORINA LOPEZ,MIA OUSLEY,1,3
457400,Vote by Mail - 400C,192932,MIA OUSLEY,LEAH HALL,CORINA LOPEZ,1,3
457400,Vote by Mail - 400C,192933,LEAH HALL,CORINA LOPEZ,skipped,1,3
457500,Vote by Mail - 400C,192934,CORINA LOPEZ,LEAH HALL,MIA OUSLEY,1,3
457700,Vote by Mail - 400C,192935,LEAH HALL,skipped,skipped,1,3
457900,Vote by Mail - 400C,192936,MIA OUSLEY,LEAH HALL,CORINA LOPEZ,1,3
458300,Vote by Mail - 400C,192937,MIA OUSLEY,LEAH HALL,skipped,1,3
458300,Vote by Mail - 400C,192938,CORINA LOPEZ,MIA OUSLEY,LEAH HALL,1,3
450610,Vote by Mail - 400C,196596,MIA OUSLEY,skipped,skipped,1,3
450610,Vote by Mail - 400C,196597,MIA OUSLEY,CORINA LOPEZ,LEAH HALL,1,3
450610,Vote by Mail - 400C,196598,CORINA LOPEZ,LEAH HALL,MIA OUSLEY,1,3
450610,Vote by Mail - 400C,196599,CORINA LOPEZ,LEAH HALL,MIA OUSLEY,1,3
450610,Vote by Mail - 400C,196600,MIA OUSLEY,CORINA LOPEZ,LEAH HALL,1,3
450610,Vote by Mail - 400C,196601,CORINA LOPEZ,LEAH HALL,MIA OUSLEY,1,3
450610,Vote by Mail - 400C,196602,LEAH HALL,MIA OUSLEY,CORINA LOPEZ,1,3
450610,Vote by Mail - 400C,196603,MIA OUSLEY,CORINA LOPEZ,skipped,1,3
450610,Vote by Mail - 400C,196604,LEAH HALL,MIA OUSLEY,CORINA LOPEZ,1,3
450610,Vote by Mail - 400C,196605,LEAH HALL,MIA OUSLEY,CORINA LOPEZ,1,3
450610,Vote by Mail - 400C,196606,CORINA LOPEZ,MIA OUSLEY,LEAH HALL,1,3
450610,Vote by Mail - 400C,196609,CORINA LOPEZ,skipped,skipped,1,3
450610,Vote by Mail - 400C,196610,CORINA LOPEZ,LEAH HALL,MIA OUSLEY,1,3
450610,Vote by Mail - 400C,196611,MIA OUSLEY,skipped,skipped,1,3
450610,Vote by Mail - 400C,196612,CORINA LOPEZ,MIA OUSLEY,LEAH HALL,1,3
450610,Vote by Mail - 400C,196613,MIA OUSLEY,CORINA LOPEZ,skipped,1,3
450610,Vote by Mail - 400C,196615,LEAH HALL,skipped,skipped,1,3
450610,Vote by Mail - 400C,196616,CORINA LOPEZ,MIA OUSLEY,LEAH HALL,1,3
450610,Vote by Mail - 400C,196617,CORINA LOPEZ,MIA OUSLEY,LEAH HALL,1,3
450610,Vote by Mail - 400C,196618,CORINA LOPEZ,skipped,skipped,1,3
450610,Vote by Mail - 400C,196620,CORINA LOPEZ,skipped,skipped,1,3
450610,Vote by Mail - 400C,196621,CORINA LOPEZ,LEAH HALL,MIA OUSLEY,1,3
450610,Vote by Mail - 400C,196622,CORINA LOPEZ,skipped,skipped,1,3
450610,Vote by Mail - 400C,196623,LEAH HALL,MIA OUSLEY,CORINA LOPEZ,1,3
450610,Vote by Mail - 400C,196624,CORINA LOPEZ,skipped,skipped,1,3
450610,Vote by Mail - 400C,196626,CORINA LOPEZ,MIA OUSLEY,skipped,1,3
450610,Vote by Mail - 400C,196627,CORINA LOPEZ,MIA OUSLEY,LEAH HALL,1,3
450610,Vote by Mail - 400C,196628,CORINA LOPEZ,MIA OUSLEY,skipped,1,3
450610,Vote by Mail - 400C,196629,CORINA LOPEZ,skipped,skipped,1,3
450610,Vote by Mail - 400C,196630,CORINA LOPEZ,skipped,skipped,1,3
450610,Vote by Mail - 400C,196631,CORINA LOPEZ,MIA OUSLEY,LEAH HALL,1,3
450610,Vote by Mail - 400C,196632,LEAH HALL,MIA OUSLEY,CORINA LOPEZ,1,3
450610,Vote by Mail - 400C,196633,LEAH HALL,skipped,skipped,1,3
450610,Vote by Mail - 400C,196634,CORINA LOPEZ,MIA OUSLEY,LEAH HALL,1,3
450610,Vote by Mail - 400C,196635,MIA OUSLEY,CORINA LOPEZ,LEAH HALL,1,3
450610,Vote by Mail - 400C,196636,MIA OUSLEY,LEAH HALL,CORINA LOPEZ,1,3
450610,Vote by Mail - 400C,196637,MIA OUSLEY,CORINA LOPEZ,LEAH HALL,1,3
450610,Vote by Mail - 400C,196638,MIA OUSLEY,CORINA LOPEZ,LEAH HALL,1,3
450610,Vote by Mail - 400C,196639,LEAH HALL,MIA OUSLEY,CORINA LOPEZ,1,3
450610,Vote by Mail - 400C,196640,CORINA LOPEZ,skipped,skipped,1,3
450610,Vote by Mail - 400C,196642,LEAH HALL,MIA OUSLEY,skipped,1,3
450610,Vote by Mail - 400C,196643,CORINA LOPEZ,MIA OUSLEY,LEAH HALL,1,3
450610,Vote by Mail - 400C,196644,MIA OUSLEY,CORINA LOPEZ,LEAH HALL,1,3
450610,Vote by Mail - 400C,196645,LEAH HALL,MIA OUSLEY,CORINA LOPEZ,1,3
450610,Vote by Mail - 400C,196646,MIA OUSLEY,skipped,skipped,1,3
450610,Vote by Mail - 400C,196647,MIA OUSLEY,skipped,skipped,1,3
450610,Vote by Mail - 400C,196648,LEAH HALL,CORINA LOPEZ,skipped,1,3
450610,Vote by Mail - 400C,196649,CORINA LOPEZ,skipped,skipped,1,3
450610,Vote by Mail - 400C,196650,CORINA LOPEZ,LEAH HALL,MIA OUSLEY,1,3
450610,Vote by Mail - 400C,196651,CORINA LOPEZ,LEAH HALL,skipped,1,3
450610,Vote by Mail - 400C,196652,CORINA LOPEZ,LEAH HALL,MIA OUSLEY,1,3
450610,Vote by Mail - 400C,196653,CORINA LOPEZ,MIA OUSLEY,LEAH HALL,1,3
450610,Vote by Mail - 400C,196654,CORINA LOPEZ,LEAH HALL,MIA OUSLEY,1,3
450800,Vote by Mail - 400C,196657,LEAH HALL,CORINA LOPEZ,MIA OUSLEY,1,3
450800,Vote by Mail - 400C,196659,CORINA LOPEZ,MIA OUSLEY,LEAH HALL,1,3
450800,Vote by Mail - 400C,196660,CORINA LOPEZ,MIA OUSLEY,LEAH HALL,1,3
450800,Vote by Mail - 400C,196661,CORINA LOPEZ,LEAH HALL,skipped,1,3
450800,Vote by Mail - 400C,196662,CORINA LOPEZ,LEAH HALL,skipped,1,3
450800,Vote by Mail - 400C,196663,MIA OUSLEY,CORINA LOPEZ,LEAH HALL,1,3
450800,Vote by Mail - 400C,196664,MIA OUSLEY,LEAH HALL,CORINA LOPEZ,1,3
450800,Vote by Mail - 400C,196665,MIA OUSLEY,skipped,skipped,1,3
450800,Vote by Mail - 400C,196668,CORINA LOPEZ,LEAH HALL,MIA OUSLEY,1,3
450800,Vote by Mail - 400C,196670,CORINA LOPEZ,LEAH HALL,skipped,1,3
450800,Vote by Mail - 400C,196671,MIA OUSLEY,skipped,skipped,1,3
450800,Vote by Mail - 400C,196673,CORINA LOPEZ,MIA OUSLEY,LEAH HALL,1,3
450800,Vote by Mail - 400C,196674,LEAH HALL,MIA OUSLEY,skipped,1,3
450800,Vote by Mail - 400C,196676,MIA OUSLEY,CORINA LOPEZ,LEAH HALL,1,3
450800,Vote by Mail - 400C,196677,CORINA LOPEZ,LEAH HALL,skipped,1,3
450800,Vote by Mail - 400C,196678,LEAH HALL,skipped,skipped,1,3
450800,Vote by Mail - 400C,196679,LEAH HALL,skipped,skipped,1,3
450800,Vote by Mail - 400C,196680,MIA OUSLEY,LEAH HALL,CORINA LOPEZ,1,3
450800,Vote by Mail - 400C,196681,CORINA LOPEZ,MIA OUSLEY,LEAH HALL,1,3
450800,Vote by Mail - 400C,196682,CORINA LOPEZ,LEAH HALL,MIA OUSLEY,1,3
450800,Vote by Mail - 400C,196683,CORINA LOPEZ,MIA OUSLEY,LEAH HALL,1,3
450800,Vote by Mail - 400C,196684,CORINA LOPEZ,skipped,skipped,1,3
450800,Vote by Mail - 400C,196685,LEAH HALL,CORINA LOPEZ,MIA OUSLEY,1,3
450800,Vote by Mail - 400C,196687,CORINA LOPEZ,MIA OUSLEY,LEAH HALL,1,3
450800,Vote by Mail - 400C,196688,MIA OUSLEY,LEAH HALL,CORINA LOPEZ,1,3
450800,Vote by Mail - 400C,196689,MIA OUSLEY,LEAH HALL,CORINA LOPEZ,1,3
450800,Vote by Mail - 400C,196690,CORINA LOPEZ,MIA OUSLEY,LEAH HALL,1,3
450800,Vote by Mail - 400C,196692,CORINA LOPEZ,MIA OUSLEY,LEAH HALL,1,3
451510,Vote by Mail - 400C,196693,CORINA LOPEZ,MIA OUSLEY,LEAH HALL,1,3
451510,Vote by Mail - 400C,196694,MIA OUSLEY,LEAH HALL,skipped,1,3
451600,Vote by Mail - 400C,196695,MIA OUSLEY,CORINA LOPEZ,LEAH HALL,1,3
451600,Vote by Mail - 400C,196696,CORINA LOPEZ,LEAH HALL,MIA OUSLEY,1,3
451600,Vote by Mail - 400C,196698,LEAH HALL,skipped,skipped,1,3
451600,Vote by Mail - 400C,196699,CORINA LOPEZ,LEAH HALL,MIA OUSLEY,1,3
451600,Vote by Mail - 400C,196701,LEAH HALL,MIA OUSLEY,skipped,1,3
451600,Vote by Mail - 400C,196702,CORINA LOPEZ,LEAH HALL,skipped,1,3
451600,Vote by Mail - 400C,196703,MIA OUSLEY,CORINA LOPEZ,LEAH HALL,1,3
451600,Vote by Mail - 400C,196704,LEAH HALL,CORINA LOPEZ,MIA OUSLEY,1,3
451600,Vote by Mail - 400C,196705,LEAH HALL,CORINA LOPEZ,MIA OUSLEY,1,3
451600,Vote by Mail - 400C,196706,CORINA LOPEZ,MIA OUSLEY,LEAH HALL,1,3
451600,Vote by Mail - 400C,196707,CORINA LOPEZ,MIA OUSLEY,LEAH HALL,1,3
451600,Vote by Mail - 400C,196710,MIA OUSLEY,CORINA LOPEZ,LEAH HALL,1,3
451600,Vote by Mail - 400C,196711,CORINA LOPEZ,MIA OUSLEY,LEAH HALL,1,3
451700,Vote by Mail - 400C,196712,LEAH HALL,skipped,skipped,1,3
451700,Vote by Mail - 400C,196713,CORINA LOPEZ,skipped,skipped,1,3
451700,Vote by Mail - 400C,196714,LEAH HALL,CORINA LOPEZ,skipped,1,3
451700,Vote by Mail - 400C,196715,CORINA LOPEZ,LEAH HALL,MIA OUSLEY,1,3
451700,Vote by Mail - 400C,196716,CORINA LOPEZ,skipped,skipped,1,3
451700,Vote by Mail - 400C,196717,MIA OUSLEY,LEAH HALL,CORINA LOPEZ,1,3
451700,Vote by Mail - 400C,196718,CORINA LOPEZ,MIA OUSLEY,LEAH HALL,1,3
451700,Vote by Mail - 400C,196721,CORINA LOPEZ,MIA OUSLEY,LEAH HALL,1,3
451700,Vote by Mail - 400C,196722,MIA OUSLEY,CORINA LOPEZ,LEAH HALL,1,3
451700,Vote by Mail - 400C,196723,CORINA LOPEZ,MIA OUSLEY,LEAH HALL,1,3
451700,Vote by Mail - 400C,196724,MIA OUSLEY,LEAH HALL,CORINA LOPEZ,1,3
451700,Vote by Mail - 400C,196725,CORINA LOPEZ,skipped,skipped,1,3
451700,Vote by Mail - 400C,196726,LEAH HALL,skipped,skipped,1,3
451700,Vote by Mail - 400C,196728,CORINA LOPEZ,MIA OUSLEY,LEAH HALL,1,3
451700,Vote by Mail - 400C,196729,CORINA LOPEZ,LEAH HALL,MIA OUSLEY,1,3
451700,Vote by Mail - 400C,196730,MIA OUSLEY,CORINA LOPEZ,LEAH HALL,1,3
451700,Vote by Mail - 400C,196731,CORINA LOPEZ,MIA OUSLEY,LEAH HALL,1,3
451700,Vote by Mail - 400C,196732,CORINA LOPEZ,LEAH HALL,MIA OUSLEY,1,3
451700,Vote by Mail - 400C,196734,CORINA LOPEZ,skipped,skipped,1,3
451700,Vote by Mail - 400C,196735,CORINA LOPEZ,skipped,skipped,1,3
451700,Vote by Mail - 400C,196736,CORINA LOPEZ,skipped,skipped,1,3
451700,Vote by Mail - 400C,196737,CORINA LOPEZ,LEAH HALL,MIA OUSLEY,1,3
451700,Vote by Mail - 400C,196738,CORINA LOPEZ,MIA OUSLEY,LEAH HALL,1,3
451700,Vote by Mail - 400C,196739,CORINA LOPEZ,skipped,skipped,1,3
451700,Vote by Mail - 400C,196740,CORINA LOPEZ,MIA OUSLEY,LEAH HALL,1,3
451700,Vote by Mail - 400C,196741,MIA OUSLEY,skipped,skipped,1,3
451700,Vote by Mail - 400C,196743,MIA OUSLEY,CORINA LOPEZ,LEAH HALL,1,3
451700,Vote by Mail - 400C,196744,CORINA LOPEZ,skipped,skipped,1,3
451700,Vote by Mail - 400C,196745,CORINA LOPEZ,skipped,skipped,1,3
451700,Vote by Mail - 400C,196746,CORINA LOPEZ,skipped,skipped,1,3
451700,Vote by Mail - 400C,196747,CORINA LOPEZ,skipped,skipped,1,3
451700,Vote by Mail - 400C,196748,CORINA LOPEZ,MIA OUSLEY,LEAH HALL,1,3
451700,Vote by Mail - 400C,196749,LEAH HALL,skipped,skipped,1,3
451700,Vote by Mail - 400C,196750,CORINA LOPEZ,MIA OUSLEY,LEAH HALL,1,3
451700,Vote by Mail - 400C,196751,CORINA LOPEZ,MIA OUSLEY,LEAH HALL,1,3
451700,Vote by Mail - 400C,196752,CORINA LOPEZ,skipped,skipped,1,3
451700,Vote by Mail - 400C,196754,MIA OUSLEY,skipped,skipped,1,3
451700,Vote by Mail - 400C,196755,CORINA LOPEZ,MIA OUSLEY,LEAH HALL,1,3
451700,Vote by Mail - 400C,196756,LEAH HALL,CORINA LOPEZ,MIA OUSLEY,1,3
451700,Vote by Mail - 400C,196757,CORINA LOPEZ,MIA OUSLEY,LEAH HALL,1,3
451700,Vote by Mail - 400C,196758,CORINA LOPEZ,MIA OUSLEY,LEAH HALL,1,3
451700,Vote by Mail - 400C,196759,LEAH HALL,CORINA LOPEZ,MIA OUSLEY,1,3
451700,Vote by Mail - 400C,196761,LEAH HALL,CORINA LOPEZ,MIA OUSLEY,1,3
451700,Vote by Mail - 400C,196762,MIA OUSLEY,LEAH HALL,skipped,1,3
451700,Vote by Mail - 400C,196763,LEAH HALL,skipped,skipped,1,3
451700,Vote by Mail - 400C,196764,CORINA LOPEZ,MIA OUSLEY,skipped,1,3
451700,Vote by Mail - 400C,196765,MIA OUSLEY,CORINA LOPEZ,LEAH HALL,1,3
451700,Vote by Mail - 400C,196766,CORINA LOPEZ,skipped,skipped,1,3
451700,Vote by Mail - 400C,196768,CORINA LOPEZ,skipped,skipped,1,3
451700,Vote by Mail - 400C,196771,CORINA LOPEZ,skipped,skipped,1,3
451700,Vote by Mail - 400C,196772,CORINA LOPEZ,MIA OUSLEY,LEAH HALL,1,3
451700,Vote by Mail - 400C,196773,CORINA LOPEZ,MIA OUSLEY,LEAH HALL,1,3
451700,Vote by Mail - 400C,196774,CORINA LOPEZ,LEAH HALL,skipped,1,3
451700,Vote by Mail - 400C,196775,MIA OUSLEY,CORINA LOPEZ,LEAH HALL,1,3
451700,Vote by Mail - 400C,196776,LEAH HALL,CORINA LOPEZ,MIA OUSLEY,1,3
451700,Vote by Mail - 400C,196777,LEAH HALL,CORINA LOPEZ,MIA OUSLEY,1,3
451700,Vote by Mail - 400C,196778,CORINA LOPEZ,skipped,skipped,1,3
451700,Vote by Mail - 400C,196779,CORINA LOPEZ,LEAH HALL,MIA OUSLEY,1,3
451700,Vote by Mail - 400C,196780,LEAH HALL,MIA OUSLEY,CORINA LOPEZ,1,3
451700,Vote by Mail - 400C,196782,CORINA LOPEZ,skipped,skipped,1,3
451700,Vote by Mail - 400C,196784,CORINA LOPEZ,MIA OUSLEY,LEAH HALL,1,3
452100,Vote by Mail - 400C,196785,LEAH HALL,MIA OUSLEY,CORINA LOPEZ,1,3
452100,Vote by Mail - 400C,196786,CORINA LOPEZ,LEAH HALL,MIA OUSLEY,1,3
452100,Vote by Mail - 400C,196787,CORINA LOPEZ,skipped,skipped,1,3
452100,Vote by Mail - 400C,196788,CORINA LOPEZ,skipped,skipped,1,3
452100,Vote by Mail - 400C,196789,CORINA LOPEZ,skipped,skipped,1,3
452100,Vote by Mail - 400C,196790,LEAH HALL,CORINA LOPEZ,MIA OUSLEY,1,3
452100,Vote by Mail - 400C,196793,CORINA LOPEZ,skipped,skipped,1,3
452100,Vote by Mail - 400C,196794,LEAH HALL,MIA OUSLEY,CORINA LOPEZ,1,3
452100,Vote by Mail - 400C,196795,CORINA LOPEZ,MIA OUSLEY,LEAH HALL,1,3
452100,Vote by Mail - 400C,196796,LEAH HALL,CORINA LOPEZ,MIA OUSLEY,1,3
452100,Vote by Mail - 400C,196797,CORINA LOPEZ,LEAH HALL,MIA OUSLEY,1,3
452100,Vote by Mail - 400C,196798,CORINA LOPEZ,LEAH HALL,MIA OUSLEY,1,3
452100,Vote by Mail - 400C,196799,LEAH HALL,skipped,skipped,1,3
452100,Vote by Mail - 400C,196800,CORINA LOPEZ,MIA OUSLEY,LEAH HALL,1,3
452100,Vote by Mail - 400C,196801,LEAH HALL,skipped,skipped,1,3
452100,Vote by Mail - 400C,196802,LEAH HALL,MIA OUSLEY,CORINA LOPEZ,1,3
452100,Vote by Mail - 400C,196803,CORINA LOPEZ,MIA OUSLEY,LEAH HALL,1,3
452100,Vote by Mail - 400C,196804,MIA OUSLEY,CORINA LOPEZ,LEAH HALL,1,3
452100,Vote by Mail - 400C,196805,MIA OUSLEY,LEAH HALL,skipped,1,3
452100,Vote by Mail - 400C,196807,CORINA LOPEZ,skipped,skipped,1,3
452100,Vote by Mail - 400C,196808,CORINA LOPEZ,MIA OUSLEY,LEAH HALL,1,3
452100,Vote by Mail - 400C,196809,CORINA LOPEZ,MIA OUSLEY,LEAH HALL,1,3
452100,Vote by Mail - 400C,196810,LEAH HALL,MIA OUSLEY,CORINA LOPEZ,1,3
452100,Vote by Mail - 400C,196811,LEAH HALL,MIA OUSLEY,skipped,1,3
452100,Vote by Mail - 400C,196812,CORINA LOPEZ,skipped,skipped,1,3
452100,Vote by Mail - 400C,196813,MIA OUSLEY,skipped,skipped,1,3
452100,Vote by Mail - 400C,196814,CORINA LOPEZ,LEAH HALL,MIA OUSLEY,1,3
452100,Vote by Mail - 400C,196815,CORINA LOPEZ,LEAH HALL,MIA OUSLEY,1,3
452100,Vote by Mail - 400C,196816,CORINA LOPEZ,MIA OUSLEY,skipped,1,3
452100,Vote by Mail - 400C,196817,CORINA LOPEZ,skipped,skipped,1,3
452100,Vote by Mail - 400C,196819,MIA OUSLEY,LEAH HALL,skipped,1,3
452100,Vote by Mail - 400C,196820,CORINA LOPEZ,MIA OUSLEY,LEAH HALL,1,3
452100,Vote by Mail - 400C,196821,CORINA LOPEZ,LEAH HALL,MIA OUSLEY,1,3
452100,Vote by Mail - 400C,196822,CORINA LOPEZ,MIA OUSLEY,skipped,1,3
452100,Vote by Mail - 400C,196823,CORINA LOPEZ,MIA OUSLEY,LEAH HALL,1,3
452100,Vote by Mail - 400C,196824,MIA OUSLEY,CORINA LOPEZ,skipped,1,3
452100,Vote by Mail - 400C,196827,LEAH HALL,CORINA LOPEZ,MIA OUSLEY,1,3
452100,Vote by Mail - 400C,196829,CORINA LOPEZ,LEAH HALL,skipped,1,3
452100,Vote by Mail - 400C,196830,CORINA LOPEZ,MIA OUSLEY,LEAH HALL,1,3
452100,Vote by Mail - 400C,196831,MIA OUSLEY,skipped,skipped,1,3
452100,Vote by Mail - 400C,196832,MIA OUSLEY,skipped,skipped,1,3
452100,Vote by Mail - 400C,196833,CORINA LOPEZ,skipped,skipped,1,3
452100,Vote by Mail - 400C,196834,CORINA LOPEZ,skipped,skipped,1,3
452100,Vote by Mail - 400C,196835,CORINA LOPEZ,skipped,skipped,1,3
452100,Vote by Mail - 400C,196836,CORINA LOPEZ,skipped,skipped,1,3
452100,Vote by Mail - 400C,196837,CORINA LOPEZ,MIA OUSLEY,LEAH HALL,1,3
452100,Vote by Mail - 400C,196838,CORINA LOPEZ,LEAH HALL,MIA OUSLEY,1,3
452100,Vote by Mail - 400C,196839,CORINA LOPEZ,LEAH HALL,MIA OUSLEY,1,3
452200,Vote by Mail - 400C,196841,LEAH HALL,MIA OUSLEY,skipped,1,3
452200,Vote by Mail - 400C,196842,LEAH HALL,skipped,skipped,1,3
452200,Vote by Mail - 400C,196843,CORINA LOPEZ,LEAH HALL,MIA OUSLEY,1,3
452200,Vote by Mail - 400C,196844,MIA OUSLEY,CORINA LOPEZ,LEAH HALL,1,3
452200,Vote by Mail - 400C,196845,CORINA LOPEZ,LEAH HALL,MIA OUSLEY,1,3
452400,Vote by Mail - 400C,196847,CORINA LOPEZ,MIA OUSLEY,LEAH HALL,1,3
452400,Vote by Mail - 400C,196850,CORINA LOPEZ,LEAH HALL,skipped,1,3
452400,Vote by Mail - 400C,196851,LEAH HALL,skipped,skipped,1,3
452400,Vote by Mail - 400C,196852,LEAH HALL,CORINA LOPEZ,MIA OUSLEY,1,3
452400,Vote by Mail - 400C,196854,MIA OUSLEY,LEAH HALL,CORINA LOPEZ,1,3
452400,Vote by Mail - 400C,196855,CORINA LOPEZ,MIA OUSLEY,LEAH HALL,1,3
452400,Vote by Mail - 400C,196856,CORINA LOPEZ,MIA OUSLEY,LEAH HALL,1,3
452400,Vote by Mail - 400C,196857,CORINA LOPEZ,LEAH HALL,MIA OUSLEY,1,3
452400,Vote by Mail - 400C,196858,CORINA LOPEZ,skipped,skipped,1,3
453300,Vote by Mail - 400C,196859,MIA OUSLEY,CORINA LOPEZ,LEAH HALL,1,3
453300,Vote by Mail - 400C,196860,LEAH HALL,MIA OUSLEY,skipped,1,3
453300,Vote by Mail - 400C,196861,CORINA LOPEZ,MIA OUSLEY,LEAH HALL,1,3
453300,Vote by Mail - 400C,196862,LEAH HALL,MIA OUSLEY,skipped,1,3
453300,Vote by Mail - 400C,196863,MIA OUSLEY,CORINA LOPEZ,LEAH HALL,1,3
453300,Vote by Mail - 400C,196864,CORINA LOPEZ,MIA OUSLEY,LEAH HALL,1,3
453300,Vote by Mail - 400C,196865,CORINA LOPEZ,MIA OUSLEY,LEAH HALL,1,3
453300,Vote by Mail - 400C,196866,LEAH HALL,CORINA LOPEZ,MIA OUSLEY,1,3
453300,Vote by Mail - 400C,196867,MIA OUSLEY,CORINA LOPEZ,skipped,1,3
453300,Vote by Mail - 400C,196868,CORINA LOPEZ,MIA OUSLEY,LEAH HALL,1,3
453300,Vote by Mail - 400C,196869,CORINA LOPEZ,skipped,skipped,1,3
453300,Vote by Mail - 400C,196870,CORINA LOPEZ,MIA OUSLEY,LEAH HALL,1,3
453300,Vote by Mail - 400C,196871,CORINA LOPEZ,MIA OUSLEY,skipped,1,3
453300,Vote by Mail - 400C,196872,CORINA LOPEZ,MIA OUSLEY,LEAH HALL,1,3
453900,Vote by Mail - 400C,196873,CORINA LOPEZ,skipped,skipped,1,3
453900,Vote by Mail - 400C,196874,LEAH HALL,CORINA LOPEZ,MIA OUSLEY,1,3
453900,Vote by Mail - 400C,196875,LEAH HALL,skipped,skipped,1,3
453900,Vote by Mail - 400C,196876,LEAH HALL,skipped,skipped,1,3
453900,Vote by Mail - 400C,196877,MIA OUSLEY,LEAH HALL,skipped,1,3
453900,Vote by Mail - 400C,196879,LEAH HALL,CORINA LOPEZ,MIA OUSLEY,1,3
453900,Vote by Mail - 400C,196880,CORINA LOPEZ,MIA OUSLEY,LEAH HALL,1,3
453920,Vote by Mail - 400C,196881,MIA OUSLEY,skipped,skipped,1,3
453920,Vote by Mail - 400C,196882,MIA OUSLEY,CORINA LOPEZ,LEAH HALL,1,3
453920,Vote by Mail - 400C,196883,MIA OUSLEY,LEAH HALL,CORINA LOPEZ,1,3
453920,Vote by Mail - 400C,196884,CORINA LOPEZ,skipped,skipped,1,3
453920,Vote by Mail - 400C,196885,CORINA LOPEZ,skipped,skipped,1,3
453920,Vote by Mail - 400C,196886,CORINA LOPEZ,MIA OUSLEY,LEAH HALL,1,3
453920,Vote by Mail - 400C,196887,CORINA LOPEZ,LEAH HALL,skipped,1,3
453920,Vote by Mail - 400C,196889,CORINA LOPEZ,skipped,skipped,1,3
453920,Vote by Mail - 400C,196890,CORINA LOPEZ,LEAH HALL,MIA OUSLEY,1,3
453920,Vote by Mail - 400C,196891,CORINA LOPEZ,skipped,skipped,1,3
453920,Vote by Mail - 400C,196892,CORINA LOPEZ,MIA OUSLEY,LEAH HALL,1,3
453920,Vote by Mail - 400C,196893,MIA OUSLEY,CORINA LOPEZ,skipped,1,3
453920,Vote by Mail - 400C,196895,CORINA LOPEZ,skipped,skipped,1,3
453920,Vote by Mail - 400C,196896,MIA OUSLEY,LEAH HALL,CORINA LOPEZ,1,3
453920,Vote by Mail - 400C,196897,LEAH HALL,MIA OUSLEY,CORINA LOPEZ,1,3
453920,Vote by Mail - 400C,196899,MIA OUSLEY,LEAH HALL,skipped,1,3
453920,Vote by Mail - 400C,196900,LEAH HALL,skipped,skipped,1,3
453920,Vote by Mail - 400C,196902,CORINA LOPEZ,MIA OUSLEY,LEAH HALL,1,3
453920,Vote by Mail - 400C,196903,CORINA LOPEZ,MIA OUSLEY,LEAH HALL,1,3
453920,Vote by Mail - 400C,196904,CORINA LOPEZ,LEAH HALL,MIA OUSLEY,1,3
453920,Vote by Mail - 400C,196905,LEAH HALL,MIA OUSLEY,CORINA LOPEZ,1,3
453920,Vote by Mail - 400C,196906,CORINA LOPEZ,skipped,skipped,1,3
453920,Vote by Mail - 400C,196907,CORINA LOPEZ,MIA OUSLEY,LEAH HALL,1,3
454100,Vote by Mail - 400C,196908,CORINA LOPEZ,skipped,skipped,1,3
454100,Vote by Mail - 400C,196909,CORINA LOPEZ,MIA OUSLEY,LEAH HALL,1,3
454100,Vote by Mail - 400C,196910,LEAH HALL,skipped,skipped,1,3
454100,Vote by Mail - 400C,196911,MIA OUSLEY,CORINA LOPEZ,LEAH HALL,1,3
454100,Vote by Mail - 400C,196912,CORINA LOPEZ,MIA OUSLEY,LEAH HALL,1,3
454100,Vote by Mail - 400C,196913,LEAH HALL,skipped,skipped,1,3
454100,Vote by Mail - 400C,196914,CORINA LOPEZ,MIA OUSLEY,LEAH HALL,1,3
454100,Vote by Mail - 400C,196915,LEAH HALL,CORINA LOPEZ,MIA OUSLEY,1,3
454100,Vote by Mail - 400C,196916,LEAH HALL,skipped,skipped,1,3
454100,Vote by Mail - 400C,196917,CORINA LOPEZ,MIA OUSLEY,LEAH HALL,1,3
454100,Vote by Mail - 400C,196918,CORINA LOPEZ,skipped,skipped,1,3
454100,Vote by Mail - 400C,196919,CORINA LOPEZ,MIA OUSLEY,LEAH HALL,1,3
454100,Vote by Mail - 400C,196920,CORINA LOPEZ,MIA OUSLEY,LEAH HALL,1,3
454100,Vote by Mail - 400C,196921,LEAH HALL,skipped,skipped,1,3
454100,Vote by Mail - 400C,196922,LEAH HALL,skipped,skipped,1,3
454100,Vote by Mail - 400C,196923,LEAH HALL,MIA OUSLEY,CORINA LOPEZ,1,3
454100,Vote by Mail - 400C,196924,CORINA LOPEZ,MIA OUSLEY,LEAH HALL,1,3
454100,Vote by Mail - 400C,196925,MIA OUSLEY,skipped,skipped,1,3
454100,Vote by Mail - 400C,196926,CORINA LOPEZ,MIA OUSLEY,LEAH HALL,1,3
454100,Vote by Mail - 400C,196927,CORINA LOPEZ,MIA OUSLEY,LEAH HALL,1,3
454100,Vote by Mail - 400C,196928,LEAH HALL,CORINA LOPEZ,MIA OUSLEY,1,3
454100,Vote by Mail - 400C,196929,LEAH HALL,MIA OUSLEY,CORINA LOPEZ,1,3
454100,Vote by Mail - 400C,196930,LEAH HALL,CORINA LOPEZ,MIA OUSLEY,1,3
454100,Vote by Mail - 400C,196932,LEAH HALL,skipped,skipped,1,3
454100,Vote by Mail - 400C,196933,CORINA LOPEZ,skipped,skipped,1,3
454100,Vote by Mail - 400C,196934,LEAH HALL,CORINA LOPEZ,MIA OUSLEY,1,3
454100,Vote by Mail - 400C,196935,CORINA LOPEZ,skipped,skipped,1,3
454100,Vote by Mail - 400C,196936,CORINA LOPEZ,MIA OUSLEY,skipped,1,3
454100,Vote by Mail - 400C,196937,LEAH HALL,CORINA LOPEZ,MIA OUSLEY,1,3
454100,Vote by Mail - 400C,196938,CORINA LOPEZ,MIA OUSLEY,LEAH HALL,1,3
454100,Vote by Mail - 400C,196939,CORINA LOPEZ,LEAH HALL,MIA OUSLEY,1,3
454100,Vote by Mail - 400C,196940,CORINA LOPEZ,LEAH HALL,skipped,1,3
454100,Vote by Mail - 400C,196941,MIA OUSLEY,CORINA LOPEZ,LEAH HALL,1,3
454100,Vote by Mail - 400C,196942,CORINA LOPEZ,LEAH HALL,skipped,1,3
454100,Vote by Mail - 400C,196943,CORINA LOPEZ,LEAH HALL,skipped,1,3
454100,Vote by Mail - 400C,196944,CORINA LOPEZ,MIA OUSLEY,LEAH HALL,1,3
454100,Vote by Mail - 400C,196945,LEAH HALL,skipped,skipped,1,3
454100,Vote by Mail - 400C,196946,LEAH HALL,skipped,skipped,1,3
454100,Vote by Mail - 400C,196947,CORINA LOPEZ,LEAH HALL,MIA OUSLEY,1,3
454100,Vote by Mail - 400C,196948,CORINA LOPEZ,skipped,skipped,1,3
454100,Vote by Mail - 400C,196949,MIA OUSLEY,LEAH HALL,CORINA LOPEZ,1,3
454100,Vote by Mail - 400C,196950,CORINA LOPEZ,LEAH HALL,MIA OUSLEY,1,3
455900,Vote by Mail - 400C,196951,CORINA LOPEZ,LEAH HALL,MIA OUSLEY,1,3
456200,Vote by Mail - 400C,196952,LEAH HALL,skipped,skipped,1,3
456200,Vote by Mail - 400C,196953,CORINA LOPEZ,MIA OUSLEY,LEAH HALL,1,3
456200,Vote by Mail - 400C,196954,MIA OUSLEY,CORINA LOPEZ,LEAH HALL,1,3
456200,Vote by Mail - 400C,196955,CORINA LOPEZ,MIA OUSLEY,skipped,1,3
456200,Vote by Mail - 400C,196956,LEAH HALL,CORINA LOPEZ,MIA OUSLEY,1,3
456200,Vote by Mail - 400C,196957,CORINA LOPEZ,LEAH HALL,MIA OUSLEY,1,3
456200,Vote by Mail - 400C,196958,MIA OUSLEY,LEAH HALL,CORINA LOPEZ,1,3
456200,Vote by Mail - 400C,196959,LEAH HALL,CORINA LOPEZ,MIA OUSLEY,1,3
456200,Vote by Mail - 400C,196960,CORINA LOPEZ,skipped,skipped,1,3
456200,Vote by Mail - 400C,196961,MIA OUSLEY,CORINA LOPEZ,LEAH HALL,1,3
456200,Vote by Mail - 400C,196963,CORINA LOPEZ,skipped,skipped,1,3
456200,Vote by Mail - 400C,196965,LEAH HALL,MIA OUSLEY,CORINA LOPEZ,1,3
456200,Vote by Mail - 400C,196966,CORINA LOPEZ,skipped,skipped,1,3
456200,Vote by Mail - 400C,196967,MIA OUSLEY,CORINA LOPEZ,LEAH HALL,1,3
456200,Vote by Mail - 400C,196968,MIA OUSLEY,CORINA LOPEZ,LEAH HALL,1,3
456200,Vote by Mail - 400C,196969,CORINA LOPEZ,MIA OUSLEY,LEAH HALL,1,3
456200,Vote by Mail - 400C,196970,LEAH HALL,CORINA LOPEZ,MIA OUSLEY,1,3
456200,Vote by Mail - 400C,196971,LEAH HALL,CORINA LOPEZ,MIA OUSLEY,1,3
456200,Vote by Mail - 400C,196972,CORINA LOPEZ,LEAH HALL,MIA OUSLEY,1,3
456200,Vote by Mail - 400C,196973,CORINA LOPEZ,skipped,skipped,1,3
456200,Vote by Mail - 400C,196974,CORINA LOPEZ,skipped,skipped,1,3
456200,Vote by Mail - 400C,196975,CORINA LOPEZ,LEAH HALL,MIA OUSLEY,1,3
456200,Vote by Mail - 400C,196976,LEAH HALL,CORINA LOPEZ,MIA OUSLEY,1,3
456200,Vote by Mail - 400C,196977,CORINA LOPEZ,LEAH HALL,MIA OUSLEY,1,3
456200,Vote by Mail - 400C,196978,CORINA LOPEZ,MIA OUSLEY,LEAH HALL,1,3
456200,Vote by Mail - 400C,196979,MIA OUSLEY,CORINA LOPEZ,LEAH HALL,1,3
456200,Vote by Mail - 400C,196980,CORINA LOPEZ,MIA OUSLEY,LEAH HALL,1,3
456200,Vote by Mail - 400C,196981,CORINA LOPEZ,MIA OUSLEY,skipped,1,3
456200,Vote by Mail - 400C,196982,MIA OUSLEY,CORINA LOPEZ,LEAH HALL,1,3
456200,Vote by Mail - 400C,196983,MIA OUSLEY,CORINA LOPEZ,LEAH HALL,1,3
456200,Vote by Mail - 400C,196984,MIA OUSLEY,CORINA LOPEZ,LEAH HALL,1,3
456200,Vote by Mail - 400C,196985,CORINA LOPEZ,LEAH HALL,MIA OUSLEY,1,3
456200,Vote by Mail - 400C,196986,CORINA LOPEZ,skipped,skipped,1,3
456200,Vote by Mail - 400C,196987,LEAH HALL,CORINA LOPEZ,MIA OUSLEY,1,3
456200,Vote by Mail - 400C,196988,MIA OUSLEY,CORINA LOPEZ,LEAH HALL,1,3
456200,Vote by Mail - 400C,196990,MIA OUSLEY,CORINA LOPEZ,skipped,1,3
456200,Vote by Mail - 400C,196991,CORINA LOPEZ,MIA OUSLEY,LEAH HALL,1,3
456200,Vote by Mail - 400C,196992,CORINA LOPEZ,MIA OUSLEY,LEAH HALL,1,3
456200,Vote by Mail - 400C,196993,CORINA LOPEZ,LEAH HALL,MIA OUSLEY,1,3
456200,Vote by Mail - 400C,196994,MIA OUSLEY,CORINA LOPEZ,LEAH HALL,1,3
456200,Vote by Mail - 400C,196995,LEAH HALL,skipped,skipped,1,3
456200,Vote by Mail - 400C,196996,CORINA LOPEZ,skipped,skipped,1,3
456200,Vote by Mail - 400C,196997,LEAH HALL,MIA OUSLEY,CORINA LOPEZ,1,3
456200,Vote by Mail - 400C,196998,MIA OUSLEY,CORINA LOPEZ,LEAH HALL,1,3
456200,Vote by Mail - 400C,197000,CORINA LOPEZ,MIA OUSLEY,LEAH HALL,1,3
456200,Vote by Mail - 400C,197001,MIA OUSLEY,CORINA LOPEZ,LEAH HALL,1,3
456200,Vote by Mail - 400C,197002,LEAH HALL,skipped,skipped,1,3
456200,Vote by Mail - 400C,197003,LEAH HALL,CORINA LOPEZ,MIA OUSLEY,1,3
456200,Vote by Mail - 400C,197004,CORINA LOPEZ,skipped,skipped,1,3
456200,Vote by Mail - 400C,197005,MIA OUSLEY,CORINA LOPEZ,LEAH HALL,1,3
456200,Vote by Mail - 400C,197006,LEAH HALL,CORINA LOPEZ,MIA OUSLEY,1,3
456200,Vote by Mail - 400C,197007,MIA OUSLEY,skipped,skipped,1,3
456200,Vote by Mail - 400C,197008,LEAH HALL,CORINA LOPEZ,MIA OUSLEY,1,3
456200,Vote by Mail - 400C,197009,LEAH HALL,CORINA LOPEZ,MIA OUSLEY,1,3
456200,Vote by Mail - 400C,197010,MIA OUSLEY,CORINA LOPEZ,LEAH HALL,1,3
456200,Vote by Mail - 400C,197011,CORINA LOPEZ,skipped,skipped,1,3
456200,Vote by Mail - 400C,197012,MIA OUSLEY,CORINA LOPEZ,LEAH HALL,1,3
456200,Vote by Mail - 400C,197013,CORINA LOPEZ,MIA OUSLEY,LEAH HALL,1,3
456200,Vote by Mail - 400C,197014,MIA OUSLEY,CORINA LOPEZ,LEAH HALL,1,3
456200,Vote by Mail - 400C,197015,CORINA LOPEZ,MIA OUSLEY,LEAH HALL,1,3
456200,Vote by Mail - 400C,197016,CORINA LOPEZ,skipped,skipped,1,3
456200,Vote by Mail - 400C,197018,CORINA LOPEZ,skipped,skipped,1,3
456200,Vote by Mail - 400C,197019,MIA OUSLEY,CORINA LOPEZ,skipped,1,3
456200,Vote by Mail - 400C,197020,LEAH HALL,CORINA LOPEZ,MIA OUSLEY,1,3
456200,Vote by Mail - 400C,197021,CORINA LOPEZ,skipped,skipped,1,3
456200,Vote by Mail - 400C,197022,LEAH HALL,MIA OUSLEY,skipped,1,3
456200,Vote by Mail - 400C,197023,CORINA LOPEZ,skipped,skipped,1,3
456200,Vote by Mail - 400C,197024,LEAH HALL,MIA OUSLEY,CORINA LOPEZ,1,3
456200,Vote by Mail - 400C,197025,MIA OUSLEY,skipped,skipped,1,3
456200,Vote by Mail - 400C,197026,CORINA LOPEZ,LEAH HALL,skipped,1,3
456200,Vote by Mail - 400C,197027,MIA OUSLEY,CORINA LOPEZ,skipped,1,3
456200,Vote by Mail - 400C,197028,CORINA LOPEZ,skipped,skipped,1,3
457100,Vote by Mail - 400C,197030,MIA OUSLEY,CORINA LOPEZ,LEAH HALL,1,3
457100,Vote by Mail - 400C,197031,CORINA LOPEZ,MIA OUSLEY,LEAH HALL,1,3
457100,Vote by Mail - 400C,197032,CORINA LOPEZ,skipped,skipped,1,3
457100,Vote by Mail - 400C,197033,CORINA LOPEZ,MIA OUSLEY,LEAH HALL,1,3
457100,Vote by Mail - 400C,197034,MIA OUSLEY,LEAH HALL,CORINA LOPEZ,1,3
457100,Vote by Mail - 400C,197035,CORINA LOPEZ,LEAH HALL,MIA OUSLEY,1,3
457100,Vote by Mail - 400C,197036,LEAH HALL,MIA OUSLEY,CORINA LOPEZ,1,3
457100,Vote by Mail - 400C,197037,MIA OUSLEY,skipped,skipped,1,3
457100,Vote by Mail - 400C,197038,CORINA LOPEZ,MIA OUSLEY,LEAH HALL,1,3
457100,Vote by Mail - 400C,197039,MIA OUSLEY,CORINA LOPEZ,LEAH HALL,1,3
457100,Vote by Mail - 400C,197040,MIA OUSLEY,skipped,skipped,1,3
457100,Vote by Mail - 400C,197041,LEAH HALL,MIA OUSLEY,CORINA LOPEZ,1,3
457100,Vote by Mail - 400C,197042,CORINA LOPEZ,LEAH HALL,MIA OUSLEY,1,3
457100,Vote by Mail - 400C,197043,LEAH HALL,MIA OUSLEY,CORINA LOPEZ,1,3
457100,Vote by Mail - 400C,197044,CORINA LOPEZ,LEAH HALL,MIA OUSLEY,1,3
457100,Vote by Mail - 400C,197045,CORINA LOPEZ,LEAH HALL,MIA OUSLEY,1,3
457100,Vote by Mail - 400C,197046,CORINA LOPEZ,MIA OUSLEY,LEAH HALL,1,3
457100,Vote by Mail - 400C,197047,MIA OUSLEY,CORINA LOPEZ,LEAH HALL,1,3
457100,Vote by Mail - 400C,197048,LEAH HALL,CORINA LOPEZ,MIA OUSLEY,1,3
457100,Vote by Mail - 400C,197049,CORINA LOPEZ,LEAH HALL,MIA OUSLEY,1,3
457100,Vote by Mail - 400C,197050,CORINA LOPEZ,skipped,skipped,1,3
457100,Vote by Mail - 400C,197051,LEAH HALL,skipped,skipped,1,3
457100,Vote by Mail - 400C,197052,MIA OUSLEY,CORINA LOPEZ,LEAH HALL,1,3
457100,Vote by Mail - 400C,197053,LEAH HALL,CORINA LOPEZ,skipped,1,3
457100,Vote by Mail - 400C,197054,CORINA LOPEZ,MIA OUSLEY,LEAH HALL,1,3
457100,Vote by Mail - 400C,197055,CORINA LOPEZ,MIA OUSLEY,LEAH HALL,1,3
457100,Vote by Mail - 400C,197057,MIA OUSLEY,CORINA LOPEZ,skipped,1,3
457100,Vote by Mail - 400C,197058,CORINA LOPEZ,LEAH HALL,skipped,1,3
457100,Vote by Mail - 400C,197060,LEAH HALL,MIA OUSLEY,CORINA LOPEZ,1,3
457100,Vote by Mail - 400C,197061,MIA OUSLEY,LEAH HALL,CORINA LOPEZ,1,3
457100,Vote by Mail - 400C,197062,MIA OUSLEY,LEAH HALL,skipped,1,3
457100,Vote by Mail - 400C,197063,LEAH HALL,MIA OUSLEY,skipped,1,3
457100,Vote by Mail - 400C,197064,CORINA LOPEZ,MIA OUSLEY,LEAH HALL,1,3
457100,Vote by Mail - 400C,197065,CORINA LOPEZ,skipped,skipped,1,3
457100,Vote by Mail - 400C,197066,CORINA LOPEZ,LEAH HALL,MIA OUSLEY,1,3
457100,Vote by Mail - 400C,197067,CORINA LOPEZ,MIA OUSLEY,LEAH HALL,1,3
457100,Vote by Mail - 400C,197068,CORINA LOPEZ,LEAH HALL,MIA OUSLEY,1,3
457100,Vote by Mail - 400C,197069,MIA OUSLEY,LEAH HALL,CORINA LOPEZ,1,3
457100,Vote by Mail - 400C,197070,CORINA LOPEZ,MIA OUSLEY,LEAH HALL,1,3
457100,Vote by Mail - 400C,197071,CORINA LOPEZ,MIA OUSLEY,skipped,1,3
457100,Vote by Mail - 400C,197072,CORINA LOPEZ,LEAH HALL,MIA OUSLEY,1,3
457100,Vote by Mail - 400C,197073,MIA OUSLEY,CORINA LOPEZ,LEAH HALL,1,3
457100,Vote by Mail - 400C,197074,MIA OUSLEY,CORINA LOPEZ,LEAH HALL,1,3
457100,Vote by Mail - 400C,197075,CORINA LOPEZ,MIA OUSLEY,LEAH HALL,1,3
457100,Vote by Mail - 400C,197076,MIA OUSLEY,CORINA LOPEZ,LEAH HALL,1,3
457100,Vote by Mail - 400C,197077,LEAH HALL,MIA OUSLEY,CORINA LOPEZ,1,3
457100,Vote by Mail - 400C,197079,MIA OUSLEY,LEAH HALL,CORINA LOPEZ,1,3
457100,Vote by Mail - 400C,197080,MIA OUSLEY,LEAH HALL,CORINA LOPEZ,1,3
457100,Vote by Mail - 400C,197081,MIA OUSLEY,LEAH HALL,skipped,1,3
457100,Vote by Mail - 400C,197082,LEAH HALL,skipped,skipped,1,3
457100,Vote by Mail - 400C,197083,CORINA LOPEZ,MIA OUSLEY,LEAH HALL,1,3
457100,Vote by Mail - 400C,197084,CORINA LOPEZ,LEAH HALL,MIA OUSLEY,1,3
457100,Vote by Mail - 400C,197085,LEAH HALL,CORINA LOPEZ,skipped,1,3
457100,Vote by Mail - 400C,197086,CORINA LOPEZ,LEAH HALL,skipped,1,3
457100,Vote by Mail - 400C,197087,MIA OUSLEY,CORINA LOPEZ,LEAH HALL,1,3
457100,Vote by Mail - 400C,197088,MIA OUSLEY,LEAH HALL,CORINA LOPEZ,1,3
457100,Vote by Mail - 400C,197089,MIA OUSLEY,LEAH HALL,skipped,1,3
457100,Vote by Mail - 400C,197090,LEAH HALL,MIA OUSLEY,CORINA LOPEZ,1,3
457100,Vote by Mail - 400C,197091,CORINA LOPEZ,MIA OUSLEY,skipped,1,3
457100,Vote by Mail - 400C,197092,CORINA LOPEZ,MIA OUSLEY,LEAH HALL,1,3
457100,Vote by Mail - 400C,197093,MIA OUSLEY,LEAH HALL,skipped,1,3
457100,Vote by Mail - 400C,197094,CORINA LOPEZ,LEAH HALL,MIA OUSLEY,1,3
457100,Vote by Mail - 400C,197095,MIA OUSLEY,CORINA LOPEZ,LEAH HALL,1,3
457100,Vote by Mail - 400C,197096,LEAH HALL,CORINA LOPEZ,MIA OUSLEY,1,3
457100,Vote by Mail - 400C,197097,MIA OUSLEY,CORINA LOPEZ,LEAH HALL,1,3
457100,Vote by Mail - 400C,197098,CORINA LOPEZ,skipped,skipped,1,3
457100,Vote by Mail - 400C,197099,MIA OUSLEY,CORINA LOPEZ,LEAH HALL,1,3
457100,Vote by Mail - 400C,197100,MIA OUSLEY,LEAH HALL,CORINA LOPEZ,1,3
457100,Vote by Mail - 400C,197102,LEAH HALL,CORINA LOPEZ,MIA OUSLEY,1,3
457100,Vote by Mail - 400C,197103,MIA OUSLEY,LEAH HALL,CORINA LOPEZ,1,3
457100,Vote by Mail - 400C,197104,CORINA LOPEZ,MIA OUSLEY,LEAH HALL,1,3
457100,Vote by Mail - 400C,197105,CORINA LOPEZ,LEAH HALL,skipped,1,3
457100,Vote by Mail - 400C,197106,CORINA LOPEZ,MIA OUSLEY,skipped,1,3
457100,Vote by Mail - 400C,197107,MIA OUSLEY,LEAH HALL,skipped,1,3
457100,Vote by Mail - 400C,197108,LEAH HALL,CORINA LOPEZ,skipped,1,3
457300,Vote by Mail - 400C,197109,CORINA LOPEZ,skipped,skipped,1,3
457300,Vote by Mail - 400C,197110,MIA OUSLEY,CORINA LOPEZ,LEAH HALL,1,3
457300,Vote by Mail - 400C,197112,LEAH HALL,CORINA LOPEZ,MIA OUSLEY,1,3
457300,Vote by Mail - 400C,197113,MIA OUSLEY,CORINA LOPEZ,skipped,1,3
457300,Vote by Mail - 400C,197114,LEAH HALL,skipped,skipped,1,3
457300,Vote by Mail - 400C,197115,MIA OUSLEY,CORINA LOPEZ,LEAH HALL,1,3
457300,Vote by Mail - 400C,197116,CORINA LOPEZ,LEAH HALL,MIA OUSLEY,1,3
457400,Vote by Mail - 400C,197117,MIA OUSLEY,CORINA LOPEZ,skipped,1,3
457700,Vote by Mail - 400C,197119,LEAH HALL,CORINA LOPEZ,MIA OUSLEY,1,3
457700,Vote by Mail - 400C,197120,MIA OUSLEY,LEAH HALL,CORINA LOPEZ,1,3
457700,Vote by Mail - 400C,197121,LEAH HALL,skipped,skipped,1,3
457700,Vote by Mail - 400C,197122,LEAH HALL,CORINA LOPEZ,MIA OUSLEY,1,3
457700,Vote by Mail - 400C,197123,CORINA LOPEZ,MIA OUSLEY,skipped,1,3
457700,Vote by Mail - 400C,197124,LEAH HALL,skipped,skipped,1,3
457700,Vote by Mail - 400C,197125,CORINA LOPEZ,skipped,skipped,1,3
457700,Vote by Mail - 400C,197126,CORINA LOPEZ,LEAH HALL,MIA OUSLEY,1,3
457700,Vote by Mail - 400C,197127,MIA OUSLEY,skipped,skipped,1,3
457700,Vote by Mail - 400C,197128,MIA OUSLEY,skipped,skipped,1,3
457700,Vote by Mail - 400C,197129,LEAH HALL,MIA OUSLEY,CORINA LOPEZ,1,3
457700,Vote by Mail - 400C,197130,LEAH HALL,CORINA LOPEZ,MIA OUSLEY,1,3
457900,Vote by Mail - 400C,197133,CORINA LOPEZ,skipped,skipped,1,3
457900,Vote by Mail - 400C,197134,CORINA LOPEZ,MIA OUSLEY,skipped,1,3
457900,Vote by Mail - 400C,197135,CORINA LOPEZ,MIA OUSLEY,LEAH HALL,1,3
457900,Vote by Mail - 400C,197136,MIA OUSLEY,CORINA LOPEZ,LEAH HALL,1,3
457900,Vote by Mail - 400C,197137,CORINA LOPEZ,MIA OUSLEY,LEAH HALL,1,3
457900,Vote by Mail - 400C,197138,CORINA LOPEZ,skipped,skipped,1,3
457900,Vote by Mail - 400C,197139,CORINA LOPEZ,MIA OUSLEY,LEAH HALL,1,3
457900,Vote by Mail - 400C,197140,CORINA LOPEZ,skipped,skipped,1,3
457900,Vote by Mail - 400C,197141,CORINA LOPEZ,skipped,skipped,1,3
457900,Vote by Mail - 400C,197143,MIA OUSLEY,LEAH HALL,CORINA LOPEZ,1,3
457900,Vote by Mail - 400C,197144,CORINA LOPEZ,skipped,skipped,1,3
457900,Vote by Mail - 400C,197145,CORINA LOPEZ,LEAH HALL,MIA OUSLEY,1,3
457900,Vote by Mail - 400C,197146,LEAH HALL,CORINA LOPEZ,MIA OUSLEY,1,3
457900,Vote by Mail - 400C,197147,LEAH HALL,MIA OUSLEY,CORINA LOPEZ,1,3
457900,Vote by Mail - 400C,197148,LEAH HALL,skipped,skipped,1,3
457900,Vote by Mail - 400C,197150,CORINA LOPEZ,skipped,skipped,1,3
458500,Vote by Mail - 400C,197151,LEAH HALL,skipped,skipped,1,3
458500,Vote by Mail - 400C,197152,CORINA LOPEZ,MIA OUSLEY,LEAH HALL,1,3
458500,Vote by Mail - 400C,197153,MIA OUSLEY,skipped,skipped,1,3
458500,Vote by Mail - 400C,197154,LEAH HALL,skipped,skipped,1,3
458500,Vote by Mail - 400C,197156,CORINA LOPEZ,LEAH HALL,skipped,1,3
458500,Vote by Mail - 400C,197157,CORINA LOPEZ,MIA OUSLEY,LEAH HALL,1,3
458500,Vote by Mail - 400C,197158,MIA OUSLEY,LEAH HALL,CORINA LOPEZ,1,3
458500,Vote by Mail - 400C,197159,LEAH HALL,skipped,skipped,1,3
458500,Vote by Mail - 400C,197160,LEAH HALL,skipped,skipped,1,3
458500,Vote by Mail - 400C,197161,CORINA LOPEZ,skipped,skipped,1,3
458500,Vote by Mail - 400C,197162,LEAH HALL,skipped,skipped,1,3
458500,Vote by Mail - 400C,197163,CORINA LOPEZ,skipped,skipped,1,3
458500,Vote by Mail - 400C,197165,MIA OUSLEY,LEAH HALL,CORINA LOPEZ,1,3
458500,Vote by Mail - 400C,197166,CORINA LOPEZ,skipped,skipped,1,3
458500,Vote by Mail - 400C,197167,CORINA LOPEZ,skipped,skipped,1,3
458500,Vote by Mail - 400C,197168,CORINA LOPEZ,skipped,skipped,1,3
458500,Vote by Mail - 400C,197169,CORINA LOPEZ,MIA OUSLEY,LEAH HALL,1,3
458500,Vote by Mail - 400C,197170,LEAH HALL,CORINA LOPEZ,MIA OUSLEY,1,3
458500,Vote by Mail - 400C,197171,CORINA LOPEZ,LEAH HALL,MIA OUSLEY,1,3
458500,Vote by Mail - 400C,197172,CORINA LOPEZ,MIA OUSLEY,LEAH HALL,1,3
458500,Vote by Mail - 400C,197173,MIA OUSLEY,CORINA LOPEZ,LEAH HALL,1,3
458500,Vote by Mail - 400C,197174,CORINA LOPEZ,MIA OUSLEY,LEAH HALL,1,3
458900,Vote by Mail - 400C,197175,CORINA LOPEZ,MIA OUSLEY,LEAH HALL,1,3
451000,Vote by Mail - 400C,201108,CORINA LOPEZ,MIA OUSLEY,LEAH HALL,1,3
451000,Vote by Mail - 400C,201110,LEAH HALL,skipped,skipped,1,3
451000,Vote by Mail - 400C,201111,CORINA LOPEZ,MIA OUSLEY,LEAH HALL,1,3
451000,Vote by Mail - 400C,201114,CORINA LOPEZ,skipped,skipped,1,3
451000,Vote by Mail - 400C,201115,CORINA LOPEZ,MIA OUSLEY,LEAH HALL,1,3
451000,Vote by Mail - 400C,201116,CORINA LOPEZ,skipped,skipped,1,3
451000,Vote by Mail - 400C,201117,CORINA LOPEZ,MIA OUSLEY,LEAH HALL,1,3
451000,Vote by Mail - 400C,201118,CORINA LOPEZ,LEAH HALL,skipped,1,3
451000,Vote by Mail - 400C,201119,LEAH HALL,skipped,skipped,1,3
451000,Vote by Mail - 400C,201120,LEAH HALL,MIA OUSLEY,CORINA LOPEZ,1,3
451000,Vote by Mail - 400C,201122,CORINA LOPEZ,MIA OUSLEY,LEAH HALL,1,3
451000,Vote by Mail - 400C,201123,LEAH HALL,MIA OUSLEY,CORINA LOPEZ,1,3
451000,Vote by Mail - 400C,201125,CORINA LOPEZ,MIA OUSLEY,skipped,1,3
451000,Vote by Mail - 400C,201126,CORINA LOPEZ,LEAH HALL,MIA OUSLEY,1,3
451600,Vote by Mail - 400C,201128,CORINA LOPEZ,skipped,skipped,1,3
453300,Vote by Mail - 400C,201130,CORINA LOPEZ,MIA OUSLEY,skipped,1,3
455300,Vote by Mail - 400C,201131,LEAH HALL,CORINA LOPEZ,MIA OUSLEY,1,3
455300,Vote by Mail - 400C,201132,CORINA LOPEZ,LEAH HALL,MIA OUSLEY,1,3
455300,Vote by Mail - 400C,201133,LEAH HALL,skipped,skipped,1,3
455300,Vote by Mail - 400C,201135,MIA OUSLEY,CORINA LOPEZ,LEAH HALL,1,3
455300,Vote by Mail - 400C,201137,MIA OUSLEY,LEAH HALL,skipped,1,3
455300,Vote by Mail - 400C,201138,MIA OUSLEY,CORINA LOPEZ,LEAH HALL,1,3
455300,Vote by Mail - 400C,201139,LEAH HALL,MIA OUSLEY,CORINA LOPEZ,1,3
455300,Vote by Mail - 400C,201140,CORINA LOPEZ,skipped,skipped,1,3
455300,Vote by Mail - 400C,201141,CORINA LOPEZ,MIA OUSLEY,LEAH HALL,1,3
455300,Vote by Mail - 400C,201142,MIA OUSLEY,CORINA LOPEZ,LEAH HALL,1,3
455300,Vote by Mail - 400C,201143,CORINA LOPEZ,skipped,skipped,1,3
455300,Vote by Mail - 400C,201144,CORINA LOPEZ,MIA OUSLEY,LEAH HALL,1,3
455300,Vote by Mail - 400C,201145,CORINA LOPEZ,MIA OUSLEY,LEAH HALL,1,3
455300,Vote by Mail - 400C,201146,LEAH HALL,MIA OUSLEY,CORINA LOPEZ,1,3
455300,Vote by Mail - 400C,201147,CORINA LOPEZ,skipped,skipped,1,3
455300,Vote by Mail - 400C,201148,LEAH HALL,skipped,skipped,1,3
455300,Vote by Mail - 400C,201149,CORINA LOPEZ,MIA OUSLEY,LEAH HALL,1,3
455300,Vote by Mail - 400C,201150,MIA OUSLEY,LEAH HALL,CORINA LOPEZ,1,3
455300,Vote by Mail - 400C,201151,CORINA LOPEZ,skipped,skipped,1,3
455300,Vote by Mail - 400C,201152,LEAH HALL,CORINA LOPEZ,MIA OUSLEY,1,3
455300,Vote by Mail - 400C,201153,CORINA LOPEZ,skipped,skipped,1,3
455300,Vote by Mail - 400C,201154,LEAH HALL,CORINA LOPEZ,skipped,1,3
455300,Vote by Mail - 400C,201155,CORINA LOPEZ,skipped,skipped,1,3
455300,Vote by Mail - 400C,201156,CORINA LOPEZ,skipped,skipped,1,3
455300,Vote by Mail - 400C,201157,CORINA LOPEZ,skipped,skipped,1,3
455300,Vote by Mail - 400C,201158,CORINA LOPEZ,MIA OUSLEY,LEAH HALL,1,3
455300,Vote by Mail - 400C,201159,CORINA LOPEZ,LEAH HALL,skipped,1,3
455300,Vote by Mail - 400C,201160,CORINA LOPEZ,skipped,skipped,1,3
455300,Vote by Mail - 400C,201161,CORINA LOPEZ,LEAH HALL,MIA OUSLEY,1,3
455300,Vote by Mail - 400C,201162,CORINA LOPEZ,MIA OUSLEY,LEAH HALL,1,3
455300,Vote by Mail - 400C,201163,CORINA LOPEZ,MIA OUSLEY,LEAH HALL,1,3
455300,Vote by Mail - 400C,201164,CORINA LOPEZ,LEAH HALL,MIA OUSLEY,1,3
455300,Vote by Mail - 400C,201165,CORINA LOPEZ,MIA OUSLEY,LEAH HALL,1,3
455300,Vote by Mail - 400C,201166,MIA OUSLEY,LEAH HALL,CORINA LOPEZ,1,3
455300,Vote by Mail - 400C,201168,CORINA LOPEZ,skipped,skipped,1,3
455300,Vote by Mail - 400C,201169,LEAH HALL,MIA OUSLEY,CORINA LOPEZ,1,3
455300,Vote by Mail - 400C,201170,LEAH HALL,MIA OUSLEY,CORINA LOPEZ,1,3
455300,Vote by Mail - 400C,201171,CORINA LOPEZ,skipped,skipped,1,3
455300,Vote by Mail - 400C,201172,CORINA LOPEZ,MIA OUSLEY,LEAH HALL,1,3
455300,Vote by Mail - 400C,201174,CORINA LOPEZ,MIA OUSLEY,LEAH HALL,1,3
455300,Vote by Mail - 400C,201175,CORINA LOPEZ,LEAH HALL,MIA OUSLEY,1,3
455300,Vote by Mail - 400C,201176,CORINA LOPEZ,LEAH HALL,MIA OUSLEY,1,3
455300,Vote by Mail - 400C,201177,LEAH HALL,CORINA LOPEZ,MIA OUSLEY,1,3
455300,Vote by Mail - 400C,201178,LEAH HALL,MIA OUSLEY,skipped,1,3
455300,Vote by Mail - 400C,201179,LEAH HALL,CORINA LOPEZ,MIA OUSLEY,1,3
455300,Vote by Mail - 400C,201180,LEAH HALL,CORINA LOPEZ,MIA OUSLEY,1,3
455300,Vote by Mail - 400C,201181,CORINA LOPEZ,LEAH HALL,MIA OUSLEY,1,3
455300,Vote by Mail - 400C,201182,LEAH HALL,CORINA LOPEZ,MIA OUSLEY,1,3
455300,Vote by Mail - 400C,201185,CORINA LOPEZ,LEAH HALL,MIA OUSLEY,1,3
455300,Vote by Mail - 400C,201187,CORINA LOPEZ,LEAH HALL,MIA OUSLEY,1,3
455300,Vote by Mail - 400C,201189,CORINA LOPEZ,LEAH HALL,MIA OUSLEY,1,3
455300,Vote by Mail - 400C,201190,CORINA LOPEZ,skipped,skipped,1,3
455300,Vote by Mail - 400C,201191,CORINA LOPEZ,skipped,skipped,1,3
455300,Vote by Mail - 400C,201192,MIA OUSLEY,CORINA LOPEZ,LEAH HALL,1,3
455300,Vote by Mail - 400C,201195,CORINA LOPEZ,LEAH HALL,MIA OUSLEY,1,3
455400,Vote by Mail - 400C,201198,CORINA LOPEZ,LEAH HALL,MIA OUSLEY,1,3
455700,Vote by Mail - 400C,201199,CORINA LOPEZ,MIA OUSLEY,LEAH HALL,1,3
455700,Vote by Mail - 400C,201200,CORINA LOPEZ,MIA OUSLEY,LEAH HALL,1,3
455700,Vote by Mail - 400C,201201,CORINA LOPEZ,MIA OUSLEY,LEAH HALL,1,3
455700,Vote by Mail - 400C,201202,CORINA LOPEZ,skipped,skipped,1,3
455700,Vote by Mail - 400C,201203,CORINA LOPEZ,MIA OUSLEY,LEAH HALL,1,3
455700,Vote by Mail - 400C,201204,MIA OUSLEY,CORINA LOPEZ,skipped,1,3
455700,Vote by Mail - 400C,201205,CORINA LOPEZ,LEAH HALL,skipped,1,3
455700,Vote by Mail - 400C,201207,CORINA LOPEZ,MIA OUSLEY,LEAH HALL,1,3
455700,Vote by Mail - 400C,201208,MIA OUSLEY,CORINA LOPEZ,LEAH HALL,1,3
456600,Vote by Mail - 400C,201209,CORINA LOPEZ,LEAH HALL,skipped,1,3
456600,Vote by Mail - 400C,201210,CORINA LOPEZ,LEAH HALL,MIA OUSLEY,1,3
456600,Vote by Mail - 400C,201211,MIA OUSLEY,CORINA LOPEZ,LEAH HALL,1,3
456600,Vote by Mail - 400C,201212,LEAH HALL,MIA OUSLEY,CORINA LOPEZ,1,3
456600,Vote by Mail - 400C,201213,CORINA LOPEZ,skipped,skipped,1,3
456600,Vote by Mail - 400C,201214,LEAH HALL,CORINA LOPEZ,MIA OUSLEY,1,3
456600,Vote by Mail - 400C,201215,CORINA LOPEZ,MIA OUSLEY,skipped,1,3
456600,Vote by Mail - 400C,201216,LEAH HALL,MIA OUSLEY,CORINA LOPEZ,1,3
456600,Vote by Mail - 400C,201217,LEAH HALL,MIA OUSLEY,CORINA LOPEZ,1,3
456600,Vote by Mail - 400C,201218,CORINA LOPEZ,LEAH HALL,MIA OUSLEY,1,3
456600,Vote by Mail - 400C,201219,LEAH HALL,skipped,skipped,1,3
456600,Vote by Mail - 400C,201220,CORINA LOPEZ,skipped,skipped,1,3
456600,Vote by Mail - 400C,201221,CORINA LOPEZ,skipped,skipped,1,3
456600,Vote by Mail - 400C,201222,LEAH HALL,MIA OUSLEY,CORINA LOPEZ,1,3
456600,Vote by Mail - 400C,201223,CORINA LOPEZ,MIA OUSLEY,LEAH HALL,1,3
456600,Vote by Mail - 400C,201224,MIA OUSLEY,LEAH HALL,CORINA LOPEZ,1,3
456600,Vote by Mail - 400C,201225,CORINA LOPEZ,MIA OUSLEY,LEAH HALL,1,3
456600,Vote by Mail - 400C,201227,CORINA LOPEZ,MIA OUSLEY,LEAH HALL,1,3
456600,Vote by Mail - 400C,201228,LEAH HALL,CORINA LOPEZ,MIA OUSLEY,1,3
456600,Vote by Mail - 400C,201229,CORINA LOPEZ,MIA OUSLEY,LEAH HALL,1,3
456600,Vote by Mail - 400C,201231,CORINA LOPEZ,MIA OUSLEY,LEAH HALL,1,3
457500,Vote by Mail - 400C,201233,CORINA LOPEZ,skipped,skipped,1,3
457500,Vote by Mail - 400C,201234,CORINA LOPEZ,MIA OUSLEY,LEAH HALL,1,3
457500,Vote by Mail - 400C,201235,CORINA LOPEZ,MIA OUSLEY,LEAH HALL,1,3
457500,Vote by Mail - 400C,201236,CORINA LOPEZ,MIA OUSLEY,skipped,1,3
457500,Vote by Mail - 400C,201237,MIA OUSLEY,CORINA LOPEZ,LEAH HALL,1,3
457500,Vote by Mail - 400C,201238,MIA OUSLEY,LEAH HALL,CORINA LOPEZ,1,3
457500,Vote by Mail - 400C,201239,MIA OUSLEY,CORINA LOPEZ,LEAH HALL,1,3
457500,Vote by Mail - 400C,201241,CORINA LOPEZ,skipped,skipped,1,3
457500,Vote by Mail - 400C,201242,CORINA LOPEZ,skipped,skipped,1,3
457500,Vote by Mail - 400C,201243,CORINA LOPEZ,skipped,skipped,1,3
457500,Vote by Mail - 400C,201244,MIA OUSLEY,CORINA LOPEZ,LEAH HALL,1,3
457500,Vote by Mail - 400C,201245,CORINA LOPEZ,MIA OUSLEY,LEAH HALL,1,3
457500,Vote by Mail - 400C,201246,MIA OUSLEY,LEAH HALL,CORINA LOPEZ,1,3
457500,Vote by Mail - 400C,201247,MIA OUSLEY,skipped,skipped,1,3
457500,Vote by Mail - 400C,201249,CORINA LOPEZ,MIA OUSLEY,skipped,1,3
457500,Vote by Mail - 400C,201250,LEAH HALL,CORINA LOPEZ,MIA OUSLEY,1,3
457500,Vote by Mail - 400C,201251,MIA OUSLEY,CORINA LOPEZ,LEAH HALL,1,3
457500,Vote by Mail - 400C,201252,LEAH HALL,CORINA LOPEZ,MIA OUSLEY,1,3
457500,Vote by Mail - 400C,201253,CORINA LOPEZ,LEAH HALL,MIA OUSLEY,1,3
457500,Vote by Mail - 400C,201254,CORINA LOPEZ,MIA OUSLEY,LEAH HALL,1,3
457500,Vote by Mail - 400C,201255,CORINA LOPEZ,skipped,skipped,1,3
457500,Vote by Mail - 400C,201256,LEAH HALL,skipped,skipped,1,3
457500,Vote by Mail - 400C,201257,LEAH HALL,skipped,skipped,1,3
457500,Vote by Mail - 400C,201258,CORINA LOPEZ,MIA OUSLEY,LEAH HALL,1,3
457500,Vote by Mail - 400C,201259,MIA OUSLEY,CORINA LOPEZ,LEAH HALL,1,3
457500,Vote by Mail - 400C,201260,LEAH HALL,CORINA LOPEZ,MIA OUSLEY,1,3
457500,Vote by Mail - 400C,201262,MIA OUSLEY,CORINA LOPEZ,LEAH HALL,1,3
457500,Vote by Mail - 400C,201263,CORINA LOPEZ,MIA OUSLEY,LEAH HALL,1,3
457500,Vote by Mail - 400C,201264,CORINA LOPEZ,skipped,skipped,1,3
457500,Vote by Mail - 400C,201266,MIA OUSLEY,CORINA LOPEZ,LEAH HALL,1,3
457500,Vote by Mail - 400C,201267,CORINA LOPEZ,MIA OUSLEY,skipped,1,3
457500,Vote by Mail - 400C,201268,MIA OUSLEY,CORINA LOPEZ,LEAH HALL,1,3
457500,Vote by Mail - 400C,201269,MIA OUSLEY,CORINA LOPEZ,LEAH HALL,1,3
457500,Vote by Mail - 400C,201270,CORINA LOPEZ,MIA OUSLEY,LEAH HALL,1,3
457500,Vote by Mail - 400C,201271,CORINA LOPEZ,LEAH HALL,MIA OUSLEY,1,3
457500,Vote by Mail - 400C,201272,MIA OUSLEY,skipped,skipped,1,3
457500,Vote by Mail - 400C,201273,CORINA LOPEZ,MIA OUSLEY,LEAH HALL,1,3
457500,Vote by Mail - 400C,201274,MIA OUSLEY,skipped,skipped,1,3
457500,Vote by Mail - 400C,201275,CORINA LOPEZ,skipped,skipped,1,3
457500,Vote by Mail - 400C,201276,MIA OUSLEY,CORINA LOPEZ,LEAH HALL,1,3
457500,Vote by Mail - 400C,201278,CORINA LOPEZ,skipped,skipped,1,3
457500,Vote by Mail - 400C,201279,MIA OUSLEY,CORINA LOPEZ,skipped,1,3
457500,Vote by Mail - 400C,201280,LEAH HALL,MIA OUSLEY,CORINA LOPEZ,1,3
457500,Vote by Mail - 400C,201281,CORINA LOPEZ,skipped,skipped,1,3
457500,Vote by Mail - 400C,201283,CORINA LOPEZ,MIA OUSLEY,LEAH HALL,1,3
457500,Vote by Mail - 400C,201284,CORINA LOPEZ,LEAH HALL,MIA OUSLEY,1,3
457500,Vote by Mail - 400C,201287,MIA OUSLEY,skipped,skipped,1,3
457500,Vote by Mail - 400C,201288,MIA OUSLEY,CORINA LOPEZ,LEAH HALL,1,3
457500,Vote by Mail - 400C,201289,MIA OUSLEY,skipped,skipped,1,3
457500,Vote by Mail - 400C,201291,CORINA LOPEZ,LEAH HALL,MIA OUSLEY,1,3
457500,Vote by Mail - 400C,201292,CORINA LOPEZ,LEAH HALL,skipped,1,3
458200,Vote by Mail - 400C,201293,CORINA LOPEZ,skipped,skipped,1,3
458200,Vote by Mail - 400C,201294,CORINA LOPEZ,skipped,skipped,1,3
458200,Vote by Mail - 400C,201295,CORINA LOPEZ,MIA OUSLEY,LEAH HALL,1,3
458300,Vote by Mail - 400C,201297,CORINA LOPEZ,MIA OUSLEY,LEAH HALL,1,3
458300,Vote by Mail - 400C,201299,CORINA LOPEZ,LEAH HALL,MIA OUSLEY,1,3
458300,Vote by Mail - 400C,201300,CORINA LOPEZ,LEAH HALL,MIA OUSLEY,1,3
458300,Vote by Mail - 400C,201301,CORINA LOPEZ,MIA OUSLEY,LEAH HALL,1,3
458300,Vote by Mail - 400C,201302,CORINA LOPEZ,LEAH HALL,MIA OUSLEY,1,3
458300,Vote by Mail - 400C,201303,CORINA LOPEZ,skipped,skipped,1,3
458300,Vote by Mail - 400C,201304,CORINA LOPEZ,MIA OUSLEY,LEAH HALL,1,3
458300,Vote by Mail - 400C,201307,CORINA LOPEZ,MIA OUSLEY,LEAH HALL,1,3
458300,Vote by Mail - 400C,201308,LEAH HALL,MIA OUSLEY,CORINA LOPEZ,1,3
458300,Vote by Mail - 400C,201309,CORINA LOPEZ,MIA OUSLEY,LEAH HALL,1,3
458300,Vote by Mail - 400C,201310,CORINA LOPEZ,MIA OUSLEY,LEAH HALL,1,3
458300,Vote by Mail - 400C,201311,CORINA LOPEZ,skipped,skipped,1,3
458300,Vote by Mail - 400C,201312,LEAH HALL,CORINA LOPEZ,skipped,1,3
458300,Vote by Mail - 400C,201313,CORINA LOPEZ,MIA OUSLEY,LEAH HALL,1,3
458300,Vote by Mail - 400C,201315,CORINA LOPEZ,MIA OUSLEY,LEAH HALL,1,3
458300,Vote by Mail - 400C,201316,CORINA LOPEZ,MIA OUSLEY,LEAH HALL,1,3
458300,Vote by Mail - 400C,201317,CORINA LOPEZ,LEAH HALL,MIA OUSLEY,1,3
458300,Vote by Mail - 400C,201318,CORINA LOPEZ,MIA OUSLEY,LEAH HALL,1,3
458300,Vote by Mail - 400C,201319,CORINA LOPEZ,LEAH HALL,MIA OUSLEY,1,3
458300,Vote by Mail - 400C,201320,CORINA LOPEZ,MIA OUSLEY,LEAH HALL,1,3
458300,Vote by Mail - 400C,201321,LEAH HALL,MIA OUSLEY,CORINA LOPEZ,1,3
458300,Vote by Mail - 400C,201322,CORINA LOPEZ,MIA OUSLEY,LEAH HALL,1,3
458300,Vote by Mail - 400C,201323,CORINA LOPEZ,MIA OUSLEY,LEAH HALL,1,3
458300,Vote by Mail - 400C,201324,CORINA LOPEZ,LEAH HALL,MIA OUSLEY,1,3
458300,Vote by Mail - 400C,201325,CORINA LOPEZ,LEAH HALL,MIA OUSLEY,1,3
458300,Vote by Mail - 400C,201326,CORINA LOPEZ,MIA OUSLEY,LEAH HALL,1,3
458300,Vote by Mail - 400C,201327,CORINA LOPEZ,MIA OUSLEY,LEAH HALL,1,3
458300,Vote by Mail - 400C,201328,MIA OUSLEY,LEAH HALL,CORINA LOPEZ,1,3
458300,Vote by Mail - 400C,201329,CORINA LOPEZ,MIA OUSLEY,LEAH HALL,1,3
458300,Vote by Mail - 400C,201330,CORINA LOPEZ,LEAH HALL,MIA OUSLEY,1,3
458300,Vote by Mail - 400C,201331,CORINA LOPEZ,MIA OUSLEY,LEAH HALL,1,3
458300,Vote by Mail - 400C,201332,CORINA LOPEZ,LEAH HALL,MIA OUSLEY,1,3
458300,Vote by Mail - 400C,201333,CORINA LOPEZ,skipped,skipped,1,3
458300,Vote by Mail - 400C,201335,CORINA LOPEZ,MIA OUSLEY,LEAH HALL,1,3
458300,Vote by Mail - 400C,201336,LEAH HALL,CORINA LOPEZ,MIA OUSLEY,1,3
458300,Vote by Mail - 400C,201337,MIA OUSLEY,skipped,skipped,1,3
458300,Vote by Mail - 400C,201338,CORINA LOPEZ,MIA OUSLEY,LEAH HALL,1,3
458300,Vote by Mail - 400C,201339,MIA OUSLEY,LEAH HALL,skipped,1,3
458300,Vote by Mail - 400C,201340,CORINA LOPEZ,MIA OUSLEY,LEAH HALL,1,3
458300,Vote by Mail - 400C,201341,CORINA LOPEZ,MIA OUSLEY,LEAH HALL,1,3
458300,Vote by Mail - 400C,201342,CORINA LOPEZ,skipped,skipped,1,3
458300,Vote by Mail - 400C,201343,CORINA LOPEZ,MIA OUSLEY,skipped,1,3
458300,Vote by Mail - 400C,201344,CORINA LOPEZ,skipped,skipped,1,3
458300,Vote by Mail - 400C,201345,CORINA LOPEZ,MIA OUSLEY,LEAH HALL,1,3
458300,Vote by Mail - 400C,201346,CORINA LOPEZ,MIA OUSLEY,skipped,1,3
458300,Vote by Mail - 400C,201347,CORINA LOPEZ,skipped,skipped,1,3
458300,Vote by Mail - 400C,201348,CORINA LOPEZ,skipped,skipped,1,3
458300,Vote by Mail - 400C,201349,CORINA LOPEZ,MIA OUSLEY,LEAH HALL,1,3
458300,Vote by Mail - 400C,201350,MIA OUSLEY,LEAH HALL,CORINA LOPEZ,1,3
458300,Vote by Mail - 400C,201351,CORINA LOPEZ,LEAH HALL,skipped,1,3
458300,Vote by Mail - 400C,201352,CORINA LOPEZ,skipped,skipped,1,3
458300,Vote by Mail - 400C,201353,LEAH HALL,skipped,skipped,1,3
458300,Vote by Mail - 400C,201354,MIA OUSLEY,skipped,skipped,1,3
458300,Vote by Mail - 400C,201355,CORINA LOPEZ,MIA OUSLEY,LEAH HALL,1,3
458300,Vote by Mail - 400C,201357,CORINA LOPEZ,MIA OUSLEY,skipped,1,3
458300,Vote by Mail - 400C,201358,CORINA LOPEZ,LEAH HALL,MIA OUSLEY,1,3
458300,Vote by Mail - 400C,201359,LEAH HALL,MIA OUSLEY,CORINA LOPEZ,1,3
458300,Vote by Mail - 400C,201360,CORINA LOPEZ,MIA OUSLEY,skipped,1,3
458300,Vote by Mail - 400C,201361,LEAH HALL,MIA OUSLEY,CORINA LOPEZ,1,3
458300,Vote by Mail - 400C,201362,MIA OUSLEY,CORINA LOPEZ,LEAH HALL,1,3
458300,Vote by Mail - 400C,201363,CORINA LOPEZ,LEAH HALL,skipped,1,3
458300,Vote by Mail - 400C,201364,MIA OUSLEY,LEAH HALL,CORINA LOPEZ,1,3
458300,Vote by Mail - 400C,201365,MIA OUSLEY,CORINA LOPEZ,LEAH HALL,1,3
458300,Vote by Mail - 400C,201366,CORINA LOPEZ,LEAH HALL,MIA OUSLEY,1,3
458300,Vote by Mail - 400C,201368,MIA OUSLEY,CORINA LOPEZ,LEAH HALL,1,3
458300,Vote by Mail - 400C,201369,CORINA LOPEZ,skipped,skipped,1,3
458300,Vote by Mail - 400C,201370,CORINA LOPEZ,MIA OUSLEY,LEAH HALL,1,3
458300,Vote by Mail - 400C,201371,CORINA LOPEZ,skipped,skipped,1,3
458300,Vote by Mail - 400C,201373,CORINA LOPEZ,skipped,skipped,1,3
458300,Vote by Mail - 400C,201374,CORINA LOPEZ,MIA OUSLEY,LEAH HALL,1,3
458300,Vote by Mail - 400C,201375,CORINA LOPEZ,LEAH HALL,MIA OUSLEY,1,3
458300,Vote by Mail - 400C,201376,CORINA LOPEZ,MIA OUSLEY,LEAH HALL,1,3
458300,Vote by Mail - 400C,201377,LEAH HALL,MIA OUSLEY,CORINA LOPEZ,1,3
458300,Vote by Mail - 400C,201378,CORINA LOPEZ,MIA OUSLEY,LEAH HALL,1,3
458300,Vote by Mail - 400C,201379,CORINA LOPEZ,skipped,skipped,1,3
458300,Vote by Mail - 400C,201380,CORINA LOPEZ,skipped,skipped,1,3
458300,Vote by Mail - 400C,201381,CORINA LOPEZ,MIA OUSLEY,LEAH HALL,1,3
458300,Vote by Mail - 400C,201382,CORINA LOPEZ,MIA OUSLEY,LEAH HALL,1,3
458300,Vote by Mail - 400C,201383,CORINA LOPEZ,MIA OUSLEY,skipped,1,3
458300,Vote by Mail - 400C,201384,MIA OUSLEY,CORINA LOPEZ,LEAH HALL,1,3
458300,Vote by Mail - 400C,201385,CORINA LOPEZ,MIA OUSLEY,LEAH HALL,1,3
458300,Vote by Mail - 400C,201386,MIA OUSLEY,CORINA LOPEZ,LEAH HALL,1,3
458300,Vote by Mail - 400C,201387,CORINA LOPEZ,MIA OUSLEY,skipped,1,3
458300,Vote by Mail - 400C,201388,MIA OUSLEY,LEAH HALL,CORINA LOPEZ,1,3
458300,Vote by Mail - 400C,201389,MIA OUSLEY,CORINA LOPEZ,LEAH HALL,1,3
458300,Vote by Mail - 400C,201391,CORINA LOPEZ,LEAH HALL,MIA OUSLEY,1,3
458300,Vote by Mail - 400C,201392,CORINA LOPEZ,skipped,skipped,1,3
458300,Vote by Mail - 400C,201393,CORINA LOPEZ,skipped,skipped,1,3
458300,Vote by Mail - 400C,201394,CORINA LOPEZ,MIA OUSLEY,LEAH HALL,1,3
458300,Vote by Mail - 400C,201395,LEAH HALL,CORINA LOPEZ,MIA OUSLEY,1,3
458300,Vote by Mail - 400C,201396,CORINA LOPEZ,skipped,skipped,1,3
458300,Vote by Mail - 400C,201397,MIA OUSLEY,CORINA LOPEZ,LEAH HALL,1,3
458300,Vote by Mail - 400C,201398,CORINA LOPEZ,LEAH HALL,MIA OUSLEY,1,3
458300,Vote by Mail - 400C,201399,MIA OUSLEY,skipped,skipped,1,3
458300,Vote by Mail - 400C,201400,CORINA LOPEZ,LEAH HALL,MIA OUSLEY,1,3
458300,Vote by Mail - 400C,201401,CORINA LOPEZ,MIA OUSLEY,LEAH HALL,1,3
458300,Vote by Mail - 400C,201402,CORINA LOPEZ,skipped,skipped,1,3
458300,Vote by Mail - 400C,201403,CORINA LOPEZ,LEAH HALL,skipped,1,3
458300,Vote by Mail - 400C,201404,CORINA LOPEZ,LEAH HALL,MIA OUSLEY,1,3
458300,Vote by Mail - 400C,201405,MIA OUSLEY,skipped,skipped,1,3
458300,Vote by Mail - 400C,201406,MIA OUSLEY,CORINA LOPEZ,skipped,1,3
458300,Vote by Mail - 400C,201407,CORINA LOPEZ,MIA OUSLEY,LEAH HALL,1,3
458300,Vote by Mail - 400C,201408,CORINA LOPEZ,MIA OUSLEY,LEAH HALL,1,3
458300,Vote by Mail - 400C,201409,CORINA LOPEZ,skipped,skipped,1,3
458300,Vote by Mail - 400C,201410,MIA OUSLEY,LEAH HALL,CORINA LOPEZ,1,3
458300,Vote by Mail - 400C,201411,CORINA LOPEZ,LEAH HALL,MIA OUSLEY,1,3
458300,Vote by Mail - 400C,201412,CORINA LOPEZ,LEAH HALL,MIA OUSLEY,1,3
458300,Vote by Mail - 400C,201413,CORINA LOPEZ,LEAH HALL,MIA OUSLEY,1,3
458300,Vote by Mail - 400C,201414,CORINA LOPEZ,MIA OUSLEY,skipped,1,3
458300,Vote by Mail - 400C,201415,MIA OUSLEY,skipped,skipped,1,3
458300,Vote by Mail - 400C,201416,CORINA LOPEZ,MIA OUSLEY,LEAH HALL,1,3
458300,Vote by Mail - 400C,201417,CORINA LOPEZ,MIA OUSLEY,LEAH HALL,1,3
458300,Vote by Mail - 400C,201418,CORINA LOPEZ,MIA OUSLEY,LEAH HALL,1,3
458300,Vote by Mail - 400C,201419,MIA OUSLEY,skipped,skipped,1,3
458300,Vote by Mail - 400C,201420,MIA OUSLEY,skipped,skipped,1,3
458300,Vote by Mail - 400C,201421,CORINA LOPEZ,skipped,skipped,1,3
458300,Vote by Mail - 400C,201422,MIA OUSLEY,skipped,skipped,1,3
458300,Vote by Mail - 400C,201423,CORINA LOPEZ,MIA OUSLEY,LEAH HALL,1,3
458300,Vote by Mail - 400C,201424,CORINA LOPEZ,MIA OUSLEY,LEAH HALL,1,3
458300,Vote by Mail - 400C,201425,MIA OUSLEY,LEAH HALL,CORINA LOPEZ,1,3
458300,Vote by Mail - 400C,201426,CORINA LOPEZ,MIA OUSLEY,LEAH HALL,1,3
458300,Vote by Mail - 400C,201427,CORINA LOPEZ,MIA OUSLEY,LEAH HALL,1,3
458300,Vote by Mail - 400C,201428,CORINA LOPEZ,LEAH HALL,skipped,1,3
458300,Vote by Mail - 400C,201429,LEAH HALL,MIA OUSLEY,CORINA LOPEZ,1,3
458300,Vote by Mail - 400C,201430,CORINA LOPEZ,skipped,skipped,1,3
458300,Vote by Mail - 400C,201431,CORINA LOPEZ,skipped,skipped,1,3
458300,Vote by Mail - 400C,201432,CORINA LOPEZ,skipped,skipped,1,3
458300,Vote by Mail - 400C,201433,CORINA LOPEZ,LEAH HALL,MIA OUSLEY,1,3
458300,Vote by Mail - 400C,201434,CORINA LOPEZ,MIA OUSLEY,LEAH HALL,1,3
458300,Vote by Mail - 400C,201435,MIA OUSLEY,LEAH HALL,CORINA LOPEZ,1,3
458300,Vote by Mail - 400C,201436,CORINA LOPEZ,LEAH HALL,MIA OUSLEY,1,3
458300,Vote by Mail - 400C,201437,CORINA LOPEZ,skipped,skipped,1,3
458300,Vote by Mail - 400C,201438,MIA OUSLEY,CORINA LOPEZ,skipped,1,3
458300,Vote by Mail - 400C,201439,CORINA LOPEZ,skipped,skipped,1,3
458300,Vote by Mail - 400C,201440,CORINA LOPEZ,LEAH HALL,MIA OUSLEY,1,3
458300,Vote by Mail - 400C,201441,CORINA LOPEZ,skipped,skipped,1,3
458300,Vote by Mail - 400C,201442,MIA OUSLEY,CORINA LOPEZ,LEAH HALL,1,3
458300,Vote by Mail - 400C,201443,CORINA LOPEZ,LEAH HALL,MIA OUSLEY,1,3
458300,Vote by Mail - 400C,201444,CORINA LOPEZ,MIA OUSLEY,LEAH HALL,1,3
458300,Vote by Mail - 400C,201445,CORINA LOPEZ,skipped,skipped,1,3
458300,Vote by Mail - 400C,201446,MIA OUSLEY,CORINA LOPEZ,LEAH HALL,1,3
450300,Vote by Mail - 400C,206143,CORINA LOPEZ,skipped,skipped,1,3
450300,Vote by Mail - 400C,206144,CORINA LOPEZ,MIA OUSLEY,LEAH HALL,1,3
450300,Vote by Mail - 400C,206145,CORINA LOPEZ,MIA OUSLEY,skipped,1,3
450300,Vote by Mail - 400C,206147,CORINA LOPEZ,MIA OUSLEY,LEAH HALL,1,3
450300,Vote by Mail - 400C,206149,CORINA LOPEZ,skipped,skipped,1,3
450300,Vote by Mail - 400C,206150,CORINA LOPEZ,skipped,skipped,1,3
450300,Vote by Mail - 400C,206151,LEAH HALL,skipped,skipped,1,3
450300,Vote by Mail - 400C,206152,LEAH HALL,CORINA LOPEZ,skipped,1,3
450300,Vote by Mail - 400C,206153,CORINA LOPEZ,LEAH HALL,MIA OUSLEY,1,3
450300,Vote by Mail - 400C,206155,MIA OUSLEY,CORINA LOPEZ,LEAH HALL,1,3
450300,Vote by Mail - 400C,206156,LEAH HALL,MIA OUSLEY,skipped,1,3
450300,Vote by Mail - 400C,206157,LEAH HALL,skipped,skipped,1,3
450300,Vote by Mail - 400C,206158,MIA OUSLEY,LEAH HALL,CORINA LOPEZ,1,3
450300,Vote by Mail - 400C,206159,CORINA LOPEZ,skipped,skipped,1,3
450300,Vote by Mail - 400C,206160,LEAH HALL,CORINA LOPEZ,MIA OUSLEY,1,3
450300,Vote by Mail - 400C,206161,LEAH HALL,CORINA LOPEZ,MIA OUSLEY,1,3
450300,Vote by Mail - 400C,206162,LEAH HALL,CORINA LOPEZ,MIA OUSLEY,1,3
450300,Vote by Mail - 400C,206164,LEAH HALL,MIA OUSLEY,CORINA LOPEZ,1,3
450300,Vote by Mail - 400C,206165,CORINA LOPEZ,LEAH HALL,skipped,1,3
450300,Vote by Mail - 400C,206166,LEAH HALL,MIA OUSLEY,skipped,1,3
450300,Vote by Mail - 400C,206167,CORINA LOPEZ,MIA OUSLEY,skipped,1,3
450300,Vote by Mail - 400C,206168,CORINA LOPEZ,skipped,skipped,1,3
450300,Vote by Mail - 400C,206169,MIA OUSLEY,LEAH HALL,CORINA LOPEZ,1,3
450300,Vote by Mail - 400C,206170,CORINA LOPEZ,LEAH HALL,MIA OUSLEY,1,3
450300,Vote by Mail - 400C,206171,CORINA LOPEZ,skipped,skipped,1,3
450300,Vote by Mail - 400C,206172,CORINA LOPEZ,skipped,skipped,1,3
450300,Vote by Mail - 400C,206173,LEAH HALL,skipped,skipped,1,3
450400,Vote by Mail - 400C,206174,LEAH HALL,CORINA LOPEZ,MIA OUSLEY,1,3
450400,Vote by Mail - 400C,206175,MIA OUSLEY,LEAH HALL,CORINA LOPEZ,1,3
450400,Vote by Mail - 400C,206176,CORINA LOPEZ,MIA OUSLEY,LEAH HALL,1,3
450400,Vote by Mail - 400C,206177,CORINA LOPEZ,skipped,skipped,1,3
450400,Vote by Mail - 400C,206178,CORINA LOPEZ,MIA OUSLEY,LEAH HALL,1,3
450400,Vote by Mail - 400C,206180,CORINA LOPEZ,skipped,skipped,1,3
450400,Vote by Mail - 400C,206181,CORINA LOPEZ,MIA OUSLEY,LEAH HALL,1,3
450400,Vote by Mail - 400C,206182,LEAH HALL,MIA OUSLEY,CORINA LOPEZ,1,3
450400,Vote by Mail - 400C,206183,CORINA LOPEZ,skipped,skipped,1,3
450400,Vote by Mail - 400C,206184,CORINA LOPEZ,MIA OUSLEY,skipped,1,3
450400,Vote by Mail - 400C,206185,LEAH HALL,MIA OUSLEY,CORINA LOPEZ,1,3
450400,Vote by Mail - 400C,206186,MIA OUSLEY,skipped,skipped,1,3
450400,Vote by Mail - 400C,206187,LEAH HALL,CORINA LOPEZ,MIA OUSLEY,1,3
450400,Vote by Mail - 400C,206188,CORINA LOPEZ,LEAH HALL,MIA OUSLEY,1,3
450400,Vote by Mail - 400C,206189,CORINA LOPEZ,skipped,skipped,1,3
450400,Vote by Mail - 400C,206190,CORINA LOPEZ,MIA OUSLEY,LEAH HALL,1,3
450400,Vote by Mail - 400C,206191,LEAH HALL,CORINA LOPEZ,MIA OUSLEY,1,3
450400,Vote by Mail - 400C,206192,CORINA LOPEZ,MIA OUSLEY,LEAH HALL,1,3
450400,Vote by Mail - 400C,206193,CORINA LOPEZ,MIA OUSLEY,LEAH HALL,1,3
450400,Vote by Mail - 400C,206194,MIA OUSLEY,LEAH HALL,CORINA LOPEZ,1,3
450400,Vote by Mail - 400C,206195,CORINA LOPEZ,MIA OUSLEY,LEAH HALL,1,3
450400,Vote by Mail - 400C,206196,LEAH HALL,MIA OUSLEY,CORINA LOPEZ,1,3
450400,Vote by Mail - 400C,206197,LEAH HALL,CORINA LOPEZ,MIA OUSLEY,1,3
450400,Vote by Mail - 400C,206198,CORINA LOPEZ,MIA OUSLEY,LEAH HALL,1,3
450400,Vote by Mail - 400C,206200,CORINA LOPEZ,MIA OUSLEY,LEAH HALL,1,3
450400,Vote by Mail - 400C,206201,CORINA LOPEZ,MIA OUSLEY,LEAH HALL,1,3
450400,Vote by Mail - 400C,206202,CORINA LOPEZ,skipped,skipped,1,3
450400,Vote by Mail - 400C,206203,CORINA LOPEZ,skipped,skipped,1,3
450400,Vote by Mail - 400C,206204,MIA OUSLEY,LEAH HALL,CORINA LOPEZ,1,3
450400,Vote by Mail - 400C,206205,MIA OUSLEY,skipped,skipped,1,3
450400,Vote by Mail - 400C,206206,CORINA LOPEZ,skipped,skipped,1,3
450400,Vote by Mail - 400C,206207,CORINA LOPEZ,MIA OUSLEY,LEAH HALL,1,3
450400,Vote by Mail - 400C,206208,CORINA LOPEZ,LEAH HALL,MIA OUSLEY,1,3
450400,Vote by Mail - 400C,206209,MIA OUSLEY,skipped,skipped,1,3
450400,Vote by Mail - 400C,206211,CORINA LOPEZ,MIA OUSLEY,LEAH HALL,1,3
450400,Vote by Mail - 400C,206212,LEAH HALL,CORINA LOPEZ,MIA OUSLEY,1,3
450400,Vote by Mail - 400C,206213,MIA OUSLEY,CORINA LOPEZ,LEAH HALL,1,3
450400,Vote by Mail - 400C,206214,MIA OUSLEY,CORINA LOPEZ,LEAH HALL,1,3
450400,Vote by Mail - 400C,206215,LEAH HALL,MIA OUSLEY,CORINA LOPEZ,1,3
450400,Vote by Mail - 400C,206216,MIA OUSLEY,LEAH HALL,skipped,1,3
450400,Vote by Mail - 400C,206217,LEAH HALL,CORINA LOPEZ,MIA OUSLEY,1,3
450400,Vote by Mail - 400C,206218,LEAH HALL,skipped,skipped,1,3
450400,Vote by Mail - 400C,206219,CORINA LOPEZ,skipped,skipped,1,3
450400,Vote by Mail - 400C,206220,CORINA LOPEZ,MIA OUSLEY,LEAH HALL,1,3
450400,Vote by Mail - 400C,206221,CORINA LOPEZ,MIA OUSLEY,LEAH HALL,1,3
450400,Vote by Mail - 400C,206223,CORINA LOPEZ,skipped,skipped,1,3
450400,Vote by Mail - 400C,206224,CORINA LOPEZ,MIA OUSLEY,LEAH HALL,1,3
450400,Vote by Mail - 400C,206225,MIA OUSLEY,CORINA LOPEZ,LEAH HALL,1,3
450400,Vote by Mail - 400C,206226,LEAH HALL,CORINA LOPEZ,MIA OUSLEY,1,3
450400,Vote by Mail - 400C,206227,CORINA LOPEZ,MIA OUSLEY,LEAH HALL,1,3
450400,Vote by Mail - 400C,206228,MIA OUSLEY,CORINA LOPEZ,LEAH HALL,1,3
451510,Vote by Mail - 400C,206230,CORINA LOPEZ,LEAH HALL,MIA OUSLEY,1,3
451510,Vote by Mail - 400C,206231,CORINA LOPEZ,MIA OUSLEY,skipped,1,3
451510,Vote by Mail - 400C,206232,CORINA LOPEZ,LEAH HALL,MIA OUSLEY,1,3
451510,Vote by Mail - 400C,206233,CORINA LOPEZ,LEAH HALL,MIA OUSLEY,1,3
451510,Vote by Mail - 400C,206234,LEAH HALL,CORINA LOPEZ,MIA OUSLEY,1,3
451510,Vote by Mail - 400C,206235,CORINA LOPEZ,LEAH HALL,MIA OUSLEY,1,3
451510,Vote by Mail - 400C,206236,MIA OUSLEY,LEAH HALL,CORINA LOPEZ,1,3
451510,Vote by Mail - 400C,206237,LEAH HALL,MIA OUSLEY,CORINA LOPEZ,1,3
451510,Vote by Mail - 400C,206238,CORINA LOPEZ,MIA OUSLEY,skipped,1,3
451510,Vote by Mail - 400C,206239,CORINA LOPEZ,MIA OUSLEY,LEAH HALL,1,3
451510,Vote by Mail - 400C,206240,LEAH HALL,skipped,skipped,1,3
451510,Vote by Mail - 400C,206241,LEAH HALL,CORINA LOPEZ,MIA OUSLEY,1,3
451510,Vote by Mail - 400C,206242,LEAH HALL,CORINA LOPEZ,MIA OUSLEY,1,3
451510,Vote by Mail - 400C,206243,MIA OUSLEY,LEAH HALL,CORINA LOPEZ,1,3
451510,Vote by Mail - 400C,206244,CORINA LOPEZ,MIA OUSLEY,LEAH HALL,1,3
451510,Vote by Mail - 400C,206245,CORINA LOPEZ,MIA OUSLEY,skipped,1,3
451510,Vote by Mail - 400C,206246,MIA OUSLEY,CORINA LOPEZ,LEAH HALL,1,3
451510,Vote by Mail - 400C,206247,MIA OUSLEY,LEAH HALL,skipped,1,3
451510,Vote by Mail - 400C,206248,CORINA LOPEZ,LEAH HALL,MIA OUSLEY,1,3
451510,Vote by Mail - 400C,206249,CORINA LOPEZ,MIA OUSLEY,LEAH HALL,1,3
451510,Vote by Mail - 400C,206250,MIA OUSLEY,CORINA LOPEZ,LEAH HALL,1,3
451600,Vote by Mail - 400C,206252,LEAH HALL,MIA OUSLEY,CORINA LOPEZ,1,3
451600,Vote by Mail - 400C,206254,LEAH HALL,skipped,skipped,1,3
451600,Vote by Mail - 400C,206255,CORINA LOPEZ,skipped,skipped,1,3
451600,Vote by Mail - 400C,206256,LEAH HALL,MIA OUSLEY,CORINA LOPEZ,1,3
451600,Vote by Mail - 400C,206258,LEAH HALL,skipped,skipped,1,3
451600,Vote by Mail - 400C,206259,LEAH HALL,MIA OUSLEY,CORINA LOPEZ,1,3
451600,Vote by Mail - 400C,206260,CORINA LOPEZ,LEAH HALL,skipped,1,3
451600,Vote by Mail - 400C,206261,CORINA LOPEZ,LEAH HALL,skipped,1,3
451600,Vote by Mail - 400C,206262,MIA OUSLEY,CORINA LOPEZ,LEAH HALL,1,3
451600,Vote by Mail - 400C,206264,CORINA LOPEZ,skipped,skipped,1,3
451600,Vote by Mail - 400C,206265,LEAH HALL,CORINA LOPEZ,MIA OUSLEY,1,3
451600,Vote by Mail - 400C,206266,LEAH HALL,CORINA LOPEZ,MIA OUSLEY,1,3
451600,Vote by Mail - 400C,206267,MIA OUSLEY,CORINA LOPEZ,skipped,1,3
451600,Vote by Mail - 400C,206268,CORINA LOPEZ,MIA OUSLEY,LEAH HALL,1,3
451600,Vote by Mail - 400C,206269,CORINA LOPEZ,LEAH HALL,MIA OUSLEY,1,3
451600,Vote by Mail - 400C,206270,CORINA LOPEZ,skipped,skipped,1,3
451600,Vote by Mail - 400C,206271,MIA OUSLEY,CORINA LOPEZ,LEAH HALL,1,3
451600,Vote by Mail - 400C,206272,MIA OUSLEY,skipped,skipped,1,3
451600,Vote by Mail - 400C,206273,MIA OUSLEY,skipped,skipped,1,3
451600,Vote by Mail - 400C,206274,CORINA LOPEZ,LEAH HALL,MIA OUSLEY,1,3
451600,Vote by Mail - 400C,206275,CORINA LOPEZ,MIA OUSLEY,LEAH HALL,1,3
451600,Vote by Mail - 400C,206277,CORINA LOPEZ,MIA OUSLEY,LEAH HALL,1,3
451600,Vote by Mail - 400C,206278,LEAH HALL,MIA OUSLEY,CORINA LOPEZ,1,3
451600,Vote by Mail - 400C,206279,CORINA LOPEZ,MIA OUSLEY,LEAH HALL,1,3
451600,Vote by Mail - 400C,206280,MIA OUSLEY,LEAH HALL,CORINA LOPEZ,1,3
451600,Vote by Mail - 400C,206281,CORINA LOPEZ,MIA OUSLEY,LEAH HALL,1,3
451600,Vote by Mail - 400C,206282,CORINA LOPEZ,skipped,skipped,1,3
451600,Vote by Mail - 400C,206283,CORINA LOPEZ,LEAH HALL,MIA OUSLEY,1,3
451600,Vote by Mail - 400C,206284,CORINA LOPEZ,skipped,skipped,1,3
451600,Vote by Mail - 400C,206285,CORINA LOPEZ,LEAH HALL,MIA OUSLEY,1,3
451600,Vote by Mail - 400C,206286,CORINA LOPEZ,MIA OUSLEY,LEAH HALL,1,3
451600,Vote by Mail - 400C,206287,LEAH HALL,MIA OUSLEY,CORINA LOPEZ,1,3
451600,Vote by Mail - 400C,206288,CORINA LOPEZ,LEAH HALL,MIA OUSLEY,1,3
451600,Vote by Mail - 400C,206289,CORINA LOPEZ,MIA OUSLEY,LEAH HALL,1,3
451600,Vote by Mail - 400C,206290,LEAH HALL,MIA OUSLEY,CORINA LOPEZ,1,3
451600,Vote by Mail - 400C,206291,CORINA LOPEZ,skipped,skipped,1,3
451600,Vote by Mail - 400C,206292,CORINA LOPEZ,MIA OUSLEY,LEAH HALL,1,3
451600,Vote by Mail - 400C,206293,CORINA LOPEZ,skipped,skipped,1,3
452500,Vote by Mail - 400C,206296,CORINA LOPEZ,skipped,skipped,1,3
452500,Vote by Mail - 400C,206298,CORINA LOPEZ,LEAH HALL,MIA OUSLEY,1,3
452500,Vote by Mail - 400C,206299,MIA OUSLEY,skipped,skipped,1,3
453100,Vote by Mail - 400C,206300,CORINA LOPEZ,LEAH HALL,skipped,1,3
453100,Vote by Mail - 400C,206301,CORINA LOPEZ,LEAH HALL,skipped,1,3
453100,Vote by Mail - 400C,206302,LEAH HALL,CORINA LOPEZ,skipped,1,3
453100,Vote by Mail - 400C,206303,LEAH HALL,CORINA LOPEZ,MIA OUSLEY,1,3
453100,Vote by Mail - 400C,206304,CORINA LOPEZ,LEAH HALL,MIA OUSLEY,1,3
453100,Vote by Mail - 400C,206305,CORINA LOPEZ,LEAH HALL,MIA OUSLEY,1,3
453100,Vote by Mail - 400C,206306,MIA OUSLEY,CORINA LOPEZ,LEAH HALL,1,3
453100,Vote by Mail - 400C,206307,MIA OUSLEY,CORINA LOPEZ,LEAH HALL,1,3
453100,Vote by Mail - 400C,206308,MIA OUSLEY,CORINA LOPEZ,LEAH HALL,1,3
453100,Vote by Mail - 400C,206309,MIA OUSLEY,CORINA LOPEZ,LEAH HALL,1,3
453100,Vote by Mail - 400C,206311,MIA OUSLEY,LEAH HALL,CORINA LOPEZ,1,3
453100,Vote by Mail - 400C,206312,CORINA LOPEZ,MIA OUSLEY,LEAH HALL,1,3
453100,Vote by Mail - 400C,206313,MIA OUSLEY,CORINA LOPEZ,skipped,1,3
453100,Vote by Mail - 400C,206315,MIA OUSLEY,skipped,skipped,1,3
453100,Vote by Mail - 400C,206316,MIA OUSLEY,CORINA LOPEZ,LEAH HALL,1,3
453100,Vote by Mail - 400C,206317,CORINA LOPEZ,skipped,skipped,1,3
453100,Vote by Mail - 400C,206318,MIA OUSLEY,LEAH HALL,skipped,1,3
453100,Vote by Mail - 400C,206319,MIA OUSLEY,LEAH HALL,CORINA LOPEZ,1,3
453100,Vote by Mail - 400C,206320,MIA OUSLEY,CORINA LOPEZ,LEAH HALL,1,3
453100,Vote by Mail - 400C,206321,CORINA LOPEZ,skipped,skipped,1,3
453100,Vote by Mail - 400C,206322,MIA OUSLEY,CORINA LOPEZ,LEAH HALL,1,3
453100,Vote by Mail - 400C,206324,CORINA LOPEZ,MIA OUSLEY,LEAH HALL,1,3
453100,Vote by Mail - 400C,206325,LEAH HALL,MIA OUSLEY,skipped,1,3
453100,Vote by Mail - 400C,206326,CORINA LOPEZ,MIA OUSLEY,skipped,1,3
453100,Vote by Mail - 400C,206327,CORINA LOPEZ,MIA OUSLEY,LEAH HALL,1,3
453100,Vote by Mail - 400C,206328,CORINA LOPEZ,LEAH HALL,MIA OUSLEY,1,3
453100,Vote by Mail - 400C,206329,LEAH HALL,skipped,skipped,1,3
453100,Vote by Mail - 400C,206330,MIA OUSLEY,skipped,skipped,1,3
453100,Vote by Mail - 400C,206331,CORINA LOPEZ,MIA OUSLEY,LEAH HALL,1,3
453100,Vote by Mail - 400C,206332,CORINA LOPEZ,skipped,skipped,1,3
453100,Vote by Mail - 400C,206333,CORINA LOPEZ,LEAH HALL,skipped,1,3
453100,Vote by Mail - 400C,206334,CORINA LOPEZ,LEAH HALL,MIA OUSLEY,1,3
453100,Vote by Mail - 400C,206335,MIA OUSLEY,CORINA LOPEZ,LEAH HALL,1,3
453100,Vote by Mail - 400C,206337,CORINA LOPEZ,MIA OUSLEY,skipped,1,3
453100,Vote by Mail - 400C,206338,LEAH HALL,skipped,skipped,1,3
453100,Vote by Mail - 400C,206339,MIA OUSLEY,skipped,skipped,1,3
453100,Vote by Mail - 400C,206340,LEAH HALL,CORINA LOPEZ,MIA OUSLEY,1,3
453100,Vote by Mail - 400C,206341,CORINA LOPEZ,skipped,skipped,1,3
453100,Vote by Mail - 400C,206342,LEAH HALL,CORINA LOPEZ,MIA OUSLEY,1,3
453100,Vote by Mail - 400C,206343,LEAH HALL,MIA OUSLEY,CORINA LOPEZ,1,3
453100,Vote by Mail - 400C,206344,CORINA LOPEZ,LEAH HALL,MIA OUSLEY,1,3
453100,Vote by Mail - 400C,206345,LEAH HALL,skipped,skipped,1,3
453100,Vote by Mail - 400C,206347,CORINA LOPEZ,MIA OUSLEY,LEAH HALL,1,3
453100,Vote by Mail - 400C,206349,CORINA LOPEZ,LEAH HALL,skipped,1,3
453100,Vote by Mail - 400C,206350,CORINA LOPEZ,MIA OUSLEY,LEAH HALL,1,3
453400,Vote by Mail - 400C,206351,CORINA LOPEZ,LEAH HALL,MIA OUSLEY,1,3
453400,Vote by Mail - 400C,206352,CORINA LOPEZ,MIA OUSLEY,LEAH HALL,1,3
453400,Vote by Mail - 400C,206353,LEAH HALL,skipped,skipped,1,3
453400,Vote by Mail - 400C,206354,CORINA LOPEZ,LEAH HALL,MIA OUSLEY,1,3
453400,Vote by Mail - 400C,206355,CORINA LOPEZ,skipped,skipped,1,3
453400,Vote by Mail - 400C,206356,CORINA LOPEZ,MIA OUSLEY,LEAH HALL,1,3
453400,Vote by Mail - 400C,206357,MIA OUSLEY,CORINA LOPEZ,LEAH HALL,1,3
453400,Vote by Mail - 400C,206358,LEAH HALL,MIA OUSLEY,CORINA LOPEZ,1,3
453400,Vote by Mail - 400C,206359,CORINA LOPEZ,LEAH HALL,skipped,1,3
453400,Vote by Mail - 400C,206360,CORINA LOPEZ,MIA OUSLEY,LEAH HALL,1,3
453400,Vote by Mail - 400C,206361,CORINA LOPEZ,MIA OUSLEY,LEAH HALL,1,3
453400,Vote by Mail - 400C,206362,MIA OUSLEY,LEAH HALL,CORINA LOPEZ,1,3
453400,Vote by Mail - 400C,206363,LEAH HALL,CORINA LOPEZ,MIA OUSLEY,1,3
453400,Vote by Mail - 400C,206365,CORINA LOPEZ,skipped,skipped,1,3
453400,Vote by Mail - 400C,206366,LEAH HALL,skipped,skipped,1,3
453400,Vote by Mail - 400C,206367,CORINA LOPEZ,LEAH HALL,MIA OUSLEY,1,3
453400,Vote by Mail - 400C,206368,CORINA LOPEZ,LEAH HALL,skipped,1,3
453400,Vote by Mail - 400C,206369,CORINA LOPEZ,skipped,skipped,1,3
453400,Vote by Mail - 400C,206370,CORINA LOPEZ,LEAH HALL,MIA OUSLEY,1,3
453400,Vote by Mail - 400C,206372,CORINA LOPEZ,skipped,skipped,1,3
453400,Vote by Mail - 400C,206374,MIA OUSLEY,CORINA LOPEZ,skipped,1,3
453400,Vote by Mail - 400C,206375,CORINA LOPEZ,MIA OUSLEY,LEAH HALL,1,3
453400,Vote by Mail - 400C,206376,CORINA LOPEZ,skipped,skipped,1,3
453400,Vote by Mail - 400C,206377,CORINA LOPEZ,skipped,skipped,1,3
453400,Vote by Mail - 400C,206378,MIA OUSLEY,skipped,skipped,1,3
453400,Vote by Mail - 400C,206379,LEAH HALL,CORINA LOPEZ,MIA OUSLEY,1,3
453400,Vote by Mail - 400C,206381,CORINA LOPEZ,LEAH HALL,MIA OUSLEY,1,3
453400,Vote by Mail - 400C,206382,CORINA LOPEZ,skipped,skipped,1,3
453400,Vote by Mail - 400C,206383,CORINA LOPEZ,LEAH HALL,MIA OUSLEY,1,3
453400,Vote by Mail - 400C,206385,CORINA LOPEZ,MIA OUSLEY,skipped,1,3
453400,Vote by Mail - 400C,206386,MIA OUSLEY,skipped,skipped,1,3
453400,Vote by Mail - 400C,206387,CORINA LOPEZ,MIA OUSLEY,LEAH HALL,1,3
453400,Vote by Mail - 400C,206388,CORINA LOPEZ,MIA OUSLEY,LEAH HALL,1,3
453400,Vote by Mail - 400C,206390,CORINA LOPEZ,LEAH HALL,skipped,1,3
453400,Vote by Mail - 400C,206392,CORINA LOPEZ,MIA OUSLEY,LEAH HALL,1,3
453400,Vote by Mail - 400C,206393,CORINA LOPEZ,MIA OUSLEY,LEAH HALL,1,3
453400,Vote by Mail - 400C,206394,MIA OUSLEY,LEAH HALL,CORINA LOPEZ,1,3
453500,Vote by Mail - 400C,206396,MIA OUSLEY,LEAH HALL,CORINA LOPEZ,1,3
453500,Vote by Mail - 400C,206397,CORINA LOPEZ,MIA OUSLEY,LEAH HALL,1,3
453500,Vote by Mail - 400C,206398,CORINA LOPEZ,MIA OUSLEY,LEAH HALL,1,3
453500,Vote by Mail - 400C,206399,CORINA LOPEZ,MIA OUSLEY,LEAH HALL,1,3
453500,Vote by Mail - 400C,206400,LEAH HALL,CORINA LOPEZ,MIA OUSLEY,1,3
453500,Vote by Mail - 400C,206401,LEAH HALL,skipped,skipped,1,3
453500,Vote by Mail - 400C,206402,MIA OUSLEY,skipped,skipped,1,3
453500,Vote by Mail - 400C,206403,LEAH HALL,CORINA LOPEZ,MIA OUSLEY,1,3
453500,Vote by Mail - 400C,206404,CORINA LOPEZ,LEAH HALL,MIA OUSLEY,1,3
453500,Vote by Mail - 400C,206405,CORINA LOPEZ,LEAH HALL,MIA OUSLEY,1,3
453500,Vote by Mail - 400C,206406,CORINA LOPEZ,LEAH HALL,MIA OUSLEY,1,3
453500,Vote by Mail - 400C,206407,CORINA LOPEZ,LEAH HALL,skipped,1,3
453500,Vote by Mail - 400C,206408,CORINA LOPEZ,skipped,skipped,1,3
453500,Vote by Mail - 400C,206410,CORINA LOPEZ,LEAH HALL,MIA OUSLEY,1,3
453500,Vote by Mail - 400C,206411,LEAH HALL,MIA OUSLEY,CORINA LOPEZ,1,3
453500,Vote by Mail - 400C,206412,CORINA LOPEZ,LEAH HALL,MIA OUSLEY,1,3
453500,Vote by Mail - 400C,206413,MIA OUSLEY,CORINA LOPEZ,LEAH HALL,1,3
453500,Vote by Mail - 400C,206414,CORINA LOPEZ,skipped,skipped,1,3
453500,Vote by Mail - 400C,206415,MIA OUSLEY,CORINA LOPEZ,skipped,1,3
453500,Vote by Mail - 400C,206416,MIA OUSLEY,CORINA LOPEZ,skipped,1,3
453500,Vote by Mail - 400C,206417,CORINA LOPEZ,LEAH HALL,MIA OUSLEY,1,3
453500,Vote by Mail - 400C,206418,LEAH HALL,skipped,skipped,1,3
453500,Vote by Mail - 400C,206419,CORINA LOPEZ,LEAH HALL,MIA OUSLEY,1,3
453500,Vote by Mail - 400C,206420,LEAH HALL,MIA OUSLEY,CORINA LOPEZ,1,3
453500,Vote by Mail - 400C,206421,CORINA LOPEZ,skipped,skipped,1,3
453500,Vote by Mail - 400C,206422,MIA OUSLEY,CORINA LOPEZ,LEAH HALL,1,3
453500,Vote by Mail - 400C,206423,LEAH HALL,MIA OUSLEY,CORINA LOPEZ,1,3
453500,Vote by Mail - 400C,206426,CORINA LOPEZ,skipped,skipped,1,3
453500,Vote by Mail - 400C,206427,CORINA LOPEZ,LEAH HALL,MIA OUSLEY,1,3
453500,Vote by Mail - 400C,206428,MIA OUSLEY,CORINA LOPEZ,skipped,1,3
453500,Vote by Mail - 400C,206429,MIA OUSLEY,CORINA LOPEZ,LEAH HALL,1,3
453500,Vote by Mail - 400C,206431,CORINA LOPEZ,MIA OUSLEY,LEAH HALL,1,3
453500,Vote by Mail - 400C,206432,CORINA LOPEZ,skipped,skipped,1,3
453500,Vote by Mail - 400C,206433,CORINA LOPEZ,LEAH HALL,MIA OUSLEY,1,3
453500,Vote by Mail - 400C,206434,CORINA LOPEZ,LEAH HALL,skipped,1,3
453500,Vote by Mail - 400C,206435,LEAH HALL,MIA OUSLEY,skipped,1,3
453500,Vote by Mail - 400C,206436,LEAH HALL,skipped,skipped,1,3
453500,Vote by Mail - 400C,206438,CORINA LOPEZ,skipped,skipped,1,3
453500,Vote by Mail - 400C,206439,CORINA LOPEZ,LEAH HALL,MIA OUSLEY,1,3
453500,Vote by Mail - 400C,206440,LEAH HALL,CORINA LOPEZ,MIA OUSLEY,1,3
453500,Vote by Mail - 400C,206442,CORINA LOPEZ,MIA OUSLEY,LEAH HALL,1,3
453500,Vote by Mail - 400C,206443,MIA OUSLEY,skipped,skipped,1,3
453500,Vote by Mail - 400C,206444,CORINA LOPEZ,skipped,skipped,1,3
453500,Vote by Mail - 400C,206445,CORINA LOPEZ,MIA OUSLEY,LEAH HALL,1,3
453500,Vote by Mail - 400C,206446,MIA OUSLEY,CORINA LOPEZ,LEAH HALL,1,3
453500,Vote by Mail - 400C,206447,CORINA LOPEZ,LEAH HALL,MIA OUSLEY,1,3
453500,Vote by Mail - 400C,206448,LEAH HALL,skipped,skipped,1,3
453500,Vote by Mail - 400C,206449,CORINA LOPEZ,MIA OUSLEY,skipped,1,3
453500,Vote by Mail - 400C,206450,LEAH HALL,MIA OUSLEY,CORINA LOPEZ,1,3
454100,Vote by Mail - 400C,206451,CORINA LOPEZ,MIA OUSLEY,LEAH HALL,1,3
454100,Vote by Mail - 400C,206452,CORINA LOPEZ,MIA OUSLEY,LEAH HALL,1,3
454100,Vote by Mail - 400C,206453,CORINA LOPEZ,MIA OUSLEY,LEAH HALL,1,3
454100,Vote by Mail - 400C,206454,CORINA LOPEZ,LEAH HALL,MIA OUSLEY,1,3
454100,Vote by Mail - 400C,206455,CORINA LOPEZ,LEAH HALL,MIA OUSLEY,1,3
454100,Vote by Mail - 400C,206456,CORINA LOPEZ,LEAH HALL,MIA OUSLEY,1,3
454100,Vote by Mail - 400C,206457,CORINA LOPEZ,skipped,skipped,1,3
454100,Vote by Mail - 400C,206458,CORINA LOPEZ,LEAH HALL,MIA OUSLEY,1,3
454100,Vote by Mail - 400C,206459,CORINA LOPEZ,skipped,skipped,1,3
454100,Vote by Mail - 400C,206460,CORINA LOPEZ,MIA OUSLEY,LEAH HALL,1,3
454100,Vote by Mail - 400C,206461,CORINA LOPEZ,skipped,skipped,1,3
454500,Vote by Mail - 400C,206462,CORINA LOPEZ,MIA OUSLEY,LEAH HALL,1,3
454500,Vote by Mail - 400C,206463,CORINA LOPEZ,skipped,skipped,1,3
454500,Vote by Mail - 400C,206464,CORINA LOPEZ,MIA OUSLEY,LEAH HALL,1,3
454500,Vote by Mail - 400C,206465,CORINA LOPEZ,LEAH HALL,MIA OUSLEY,1,3
454500,Vote by Mail - 400C,206466,CORINA LOPEZ,LEAH HALL,MIA OUSLEY,1,3
454500,Vote by Mail - 400C,206467,CORINA LOPEZ,LEAH HALL,MIA OUSLEY,1,3
454500,Vote by Mail - 400C,206468,LEAH HALL,MIA OUSLEY,CORINA LOPEZ,1,3
454500,Vote by Mail - 400C,206469,CORINA LOPEZ,LEAH HALL,skipped,1,3
454500,Vote by Mail - 400C,206470,CORINA LOPEZ,MIA OUSLEY,LEAH HALL,1,3
454500,Vote by Mail - 400C,206472,MIA OUSLEY,LEAH HALL,skipped,1,3
454500,Vote by Mail - 400C,206473,CORINA LOPEZ,MIA OUSLEY,LEAH HALL,1,3
454500,Vote by Mail - 400C,206474,MIA OUSLEY,CORINA LOPEZ,LEAH HALL,1,3
454500,Vote by Mail - 400C,206475,CORINA LOPEZ,LEAH HALL,skipped,1,3
454500,Vote by Mail - 400C,206476,CORINA LOPEZ,MIA OUSLEY,LEAH HALL,1,3
454500,Vote by Mail - 400C,206477,CORINA LOPEZ,skipped,skipped,1,3
454500,Vote by Mail - 400C,206478,MIA OUSLEY,CORINA LOPEZ,LEAH HALL,1,3
454500,Vote by Mail - 400C,206479,LEAH HALL,MIA OUSLEY,CORINA LOPEZ,1,3
454500,Vote by Mail - 400C,206481,CORINA LOPEZ,skipped,skipped,1,3
454500,Vote by Mail - 400C,206482,LEAH HALL,MIA OUSLEY,skipped,1,3
454500,Vote by Mail - 400C,206483,LEAH HALL,CORINA LOPEZ,skipped,1,3
454500,Vote by Mail - 400C,206484,MIA OUSLEY,skipped,skipped,1,3
454500,Vote by Mail - 400C,206485,LEAH HALL,CORINA LOPEZ,skipped,1,3
454500,Vote by Mail - 400C,206486,CORINA LOPEZ,MIA OUSLEY,LEAH HALL,1,3
454500,Vote by Mail - 400C,206487,LEAH HALL,skipped,skipped,1,3
454500,Vote by Mail - 400C,206488,CORINA LOPEZ,MIA OUSLEY,LEAH HALL,1,3
454500,Vote by Mail - 400C,206489,LEAH HALL,skipped,skipped,1,3
454500,Vote by Mail - 400C,206490,LEAH HALL,MIA OUSLEY,skipped,1,3
454500,Vote by Mail - 400C,206491,CORINA LOPEZ,LEAH HALL,MIA OUSLEY,1,3
454500,Vote by Mail - 400C,206492,LEAH HALL,MIA OUSLEY,CORINA LOPEZ,1,3
454500,Vote by Mail - 400C,206493,CORINA LOPEZ,MIA OUSLEY,LEAH HALL,1,3
454500,Vote by Mail - 400C,206494,CORINA LOPEZ,LEAH HALL,MIA OUSLEY,1,3
454500,Vote by Mail - 400C,206495,LEAH HALL,skipped,skipped,1,3
454500,Vote by Mail - 400C,206496,CORINA LOPEZ,LEAH HALL,MIA OUSLEY,1,3
454500,Vote by Mail - 400C,206497,CORINA LOPEZ,MIA OUSLEY,LEAH HALL,1,3
454500,Vote by Mail - 400C,206498,MIA OUSLEY,skipped,skipped,1,3
454500,Vote by Mail - 400C,206499,LEAH HALL,MIA OUSLEY,CORINA LOPEZ,1,3
454500,Vote by Mail - 400C,206500,CORINA LOPEZ,MIA OUSLEY,LEAH HALL,1,3
454500,Vote by Mail - 400C,206501,LEAH HALL,MIA OUSLEY,CORINA LOPEZ,1,3
454500,Vote by Mail - 400C,206502,CORINA LOPEZ,MIA OUSLEY,skipped,1,3
454500,Vote by Mail - 400C,206503,MIA OUSLEY,CORINA LOPEZ,LEAH HALL,1,3
454500,Vote by Mail - 400C,206504,CORINA LOPEZ,LEAH HALL,skipped,1,3
454500,Vote by Mail - 400C,206505,CORINA LOPEZ,skipped,skipped,1,3
454500,Vote by Mail - 400C,206506,CORINA LOPEZ,MIA OUSLEY,LEAH HALL,1,3
454500,Vote by Mail - 400C,206507,CORINA LOPEZ,MIA OUSLEY,LEAH HALL,1,3
454500,Vote by Mail - 400C,206508,CORINA LOPEZ,skipped,skipped,1,3
454500,Vote by Mail - 400C,206510,LEAH HALL,skipped,skipped,1,3
454500,Vote by Mail - 400C,206511,CORINA LOPEZ,MIA OUSLEY,LEAH HALL,1,3
454500,Vote by Mail - 400C,206512,LEAH HALL,skipped,skipped,1,3
454500,Vote by Mail - 400C,206513,CORINA LOPEZ,MIA OUSLEY,LEAH HALL,1,3
454500,Vote by Mail - 400C,206514,MIA OUSLEY,LEAH HALL,CORINA LOPEZ,1,3
454500,Vote by Mail - 400C,206515,CORINA LOPEZ,MIA OUSLEY,skipped,1,3
454500,Vote by Mail - 400C,206516,CORINA LOPEZ,MIA OUSLEY,LEAH HALL,1,3
454500,Vote by Mail - 400C,206517,LEAH HALL,MIA OUSLEY,CORINA LOPEZ,1,3
454500,Vote by Mail - 400C,206518,CORINA LOPEZ,MIA OUSLEY,LEAH HALL,1,3
455100,Vote by Mail - 400C,206521,CORINA LOPEZ,skipped,skipped,1,3
455100,Vote by Mail - 400C,206522,CORINA LOPEZ,skipped,skipped,1,3
455100,Vote by Mail - 400C,206523,CORINA LOPEZ,skipped,skipped,1,3
455100,Vote by Mail - 400C,206524,CORINA LOPEZ,skipped,skipped,1,3
455100,Vote by Mail - 400C,206525,CORINA LOPEZ,LEAH HALL,MIA OUSLEY,1,3
455400,Vote by Mail - 400C,206527,LEAH HALL,MIA OUSLEY,CORINA LOPEZ,1,3
455400,Vote by Mail - 400C,206528,CORINA LOPEZ,LEAH HALL,MIA OUSLEY,1,3
455400,Vote by Mail - 400C,206529,MIA OUSLEY,CORINA LOPEZ,LEAH HALL,1,3
455400,Vote by Mail - 400C,206530,MIA OUSLEY,skipped,skipped,1,3
455400,Vote by Mail - 400C,206531,CORINA LOPEZ,skipped,skipped,1,3
455400,Vote by Mail - 400C,206532,CORINA LOPEZ,LEAH HALL,MIA OUSLEY,1,3
455400,Vote by Mail - 400C,206533,CORINA LOPEZ,MIA OUSLEY,LEAH HALL,1,3
455400,Vote by Mail - 400C,206534,CORINA LOPEZ,skipped,skipped,1,3
455400,Vote by Mail - 400C,206535,CORINA LOPEZ,MIA OUSLEY,LEAH HALL,1,3
455400,Vote by Mail - 400C,206536,CORINA LOPEZ,skipped,skipped,1,3
455400,Vote by Mail - 400C,206538,MIA OUSLEY,CORINA LOPEZ,LEAH HALL,1,3
455400,Vote by Mail - 400C,206539,CORINA LOPEZ,MIA OUSLEY,LEAH HALL,1,3
455400,Vote by Mail - 400C,206540,CORINA LOPEZ,skipped,skipped,1,3
455400,Vote by Mail - 400C,206541,LEAH HALL,CORINA LOPEZ,MIA OUSLEY,1,3
455400,Vote by Mail - 400C,206542,CORINA LOPEZ,LEAH HALL,MIA OUSLEY,1,3
455400,Vote by Mail - 400C,206543,CORINA LOPEZ,LEAH HALL,MIA OUSLEY,1,3
455400,Vote by Mail - 400C,206544,CORINA LOPEZ,skipped,skipped,1,3
455400,Vote by Mail - 400C,206545,CORINA LOPEZ,MIA OUSLEY,LEAH HALL,1,3
455400,Vote by Mail - 400C,206546,CORINA LOPEZ,MIA OUSLEY,LEAH HALL,1,3
455400,Vote by Mail - 400C,206547,CORINA LOPEZ,MIA OUSLEY,LEAH HALL,1,3
455400,Vote by Mail - 400C,206548,MIA OUSLEY,LEAH HALL,CORINA LOPEZ,1,3
455400,Vote by Mail - 400C,206549,LEAH HALL,skipped,skipped,1,3
455400,Vote by Mail - 400C,206550,CORINA LOPEZ,LEAH HALL,skipped,1,3
455400,Vote by Mail - 400C,206551,CORINA LOPEZ,LEAH HALL,MIA OUSLEY,1,3
455400,Vote by Mail - 400C,206552,LEAH HALL,CORINA LOPEZ,MIA OUSLEY,1,3
455400,Vote by Mail - 400C,206553,LEAH HALL,MIA OUSLEY,CORINA LOPEZ,1,3
455400,Vote by Mail - 400C,206554,CORINA LOPEZ,LEAH HALL,MIA OUSLEY,1,3
455400,Vote by Mail - 400C,206555,LEAH HALL,CORINA LOPEZ,MIA OUSLEY,1,3
455400,Vote by Mail - 400C,206556,MIA OUSLEY,CORINA LOPEZ,LEAH HALL,1,3
455400,Vote by Mail - 400C,206557,CORINA LOPEZ,MIA OUSLEY,LEAH HALL,1,3
455400,Vote by Mail - 400C,206558,LEAH HALL,skipped,skipped,1,3
455400,Vote by Mail - 400C,206559,MIA OUSLEY,LEAH HALL,skipped,1,3
455400,Vote by Mail - 400C,206560,CORINA LOPEZ,MIA OUSLEY,LEAH HALL,1,3
455400,Vote by Mail - 400C,206561,CORINA LOPEZ,MIA OUSLEY,LEAH HALL,1,3
455400,Vote by Mail - 400C,206562,MIA OUSLEY,skipped,skipped,1,3
455400,Vote by Mail - 400C,206563,CORINA LOPEZ,LEAH HALL,MIA OUSLEY,1,3
455400,Vote by Mail - 400C,206564,CORINA LOPEZ,LEAH HALL,MIA OUSLEY,1,3
455400,Vote by Mail - 400C,206565,CORINA LOPEZ,skipped,skipped,1,3
455400,Vote by Mail - 400C,206566,LEAH HALL,CORINA LOPEZ,skipped,1,3
455400,Vote by Mail - 400C,206567,CORINA LOPEZ,MIA OUSLEY,LEAH HALL,1,3
455400,Vote by Mail - 400C,206568,CORINA LOPEZ,LEAH HALL,MIA OUSLEY,1,3
455400,Vote by Mail - 400C,206569,CORINA LOPEZ,MIA OUSLEY,LEAH HALL,1,3
455400,Vote by Mail - 400C,206570,CORINA LOPEZ,MIA OUSLEY,LEAH HALL,1,3
455400,Vote by Mail - 400C,206571,CORINA LOPEZ,MIA OUSLEY,LEAH HALL,1,3
455400,Vote by Mail - 400C,206572,CORINA LOPEZ,LEAH HALL,MIA OUSLEY,1,3
455400,Vote by Mail - 400C,206573,CORINA LOPEZ,skipped,skipped,1,3
455400,Vote by Mail - 400C,206574,CORINA LOPEZ,LEAH HALL,MIA OUSLEY,1,3
455400,Vote by Mail - 400C,206575,LEAH HALL,CORINA LOPEZ,MIA OUSLEY,1,3
455400,Vote by Mail - 400C,206576,LEAH HALL,MIA OUSLEY,CORINA LOPEZ,1,3
455400,Vote by Mail - 400C,206577,CORINA LOPEZ,LEAH HALL,MIA OUSLEY,1,3
455400,Vote by Mail - 400C,206579,LEAH HALL,CORINA LOPEZ,MIA OUSLEY,1,3
455500,Vote by Mail - 400C,206580,CORINA LOPEZ,MIA OUSLEY,LEAH HALL,1,3
455500,Vote by Mail - 400C,206581,MIA OUSLEY,LEAH HALL,CORINA LOPEZ,1,3
458500,Vote by Mail - 400C,206582,CORINA LOPEZ,skipped,skipped,1,3
458800,Vote by Mail - 400C,206583,LEAH HALL,MIA OUSLEY,CORINA LOPEZ,1,3
458800,Vote by Mail - 400C,206584,LEAH HALL,MIA OUSLEY,CORINA LOPEZ,1,3
458800,Vote by Mail - 400C,206585,CORINA LOPEZ,MIA OUSLEY,skipped,1,3
458800,Vote by Mail - 400C,206586,CORINA LOPEZ,MIA OUSLEY,LEAH HALL,1,3
458800,Vote by Mail - 400C,206587,CORINA LOPEZ,LEAH HALL,skipped,1,3
458800,Vote by Mail - 400C,206588,CORINA LOPEZ,skipped,skipped,1,3
458800,Vote by Mail - 400C,206589,CORINA LOPEZ,LEAH HALL,MIA OUSLEY,1,3
458800,Vote by Mail - 400C,206590,LEAH HALL,CORINA LOPEZ,MIA OUSLEY,1,3
458800,Vote by Mail - 400C,206591,MIA OUSLEY,LEAH HALL,skipped,1,3
458800,Vote by Mail - 400C,206592,CORINA LOPEZ,LEAH HALL,MIA OUSLEY,1,3
458800,Vote by Mail - 400C,206593,MIA OUSLEY,CORINA LOPEZ,skipped,1,3
458800,Vote by Mail - 400C,206594,CORINA LOPEZ,skipped,skipped,1,3
458800,Vote by Mail - 400C,206595,CORINA LOPEZ,LEAH HALL,MIA OUSLEY,1,3
458800,Vote by Mail - 400C,206596,LEAH HALL,CORINA LOPEZ,MIA OUSLEY,1,3
458800,Vote by Mail - 400C,206597,MIA OUSLEY,skipped,skipped,1,3
458800,Vote by Mail - 400C,206598,CORINA LOPEZ,skipped,skipped,1,3
458800,Vote by Mail - 400C,206599,CORINA LOPEZ,MIA OUSLEY,LEAH HALL,1,3
458800,Vote by Mail - 400C,206600,CORINA LOPEZ,skipped,skipped,1,3
458800,Vote by Mail - 400C,206601,CORINA LOPEZ,LEAH HALL,MIA OUSLEY,1,3
458800,Vote by Mail - 400C,206602,MIA OUSLEY,CORINA LOPEZ,LEAH HALL,1,3
458800,Vote by Mail - 400C,206603,CORINA LOPEZ,MIA OUSLEY,skipped,1,3
458800,Vote by Mail - 400C,206604,CORINA LOPEZ,MIA OUSLEY,LEAH HALL,1,3
458800,Vote by Mail - 400C,206605,CORINA LOPEZ,skipped,skipped,1,3
458800,Vote by Mail - 400C,206606,CORINA LOPEZ,LEAH HALL,MIA OUSLEY,1,3
458800,Vote by Mail - 400C,206607,CORINA LOPEZ,MIA OUSLEY,LEAH HALL,1,3
458800,Vote by Mail - 400C,206608,LEAH HALL,CORINA LOPEZ,MIA OUSLEY,1,3
458800,Vote by Mail - 400C,206609,MIA OUSLEY,CORINA LOPEZ,LEAH HALL,1,3
458800,Vote by Mail - 400C,206610,LEAH HALL,skipped,skipped,1,3
458800,Vote by Mail - 400C,206611,MIA OUSLEY,CORINA LOPEZ,LEAH HALL,1,3
458800,Vote by Mail - 400C,206612,CORINA LOPEZ,LEAH HALL,skipped,1,3
458800,Vote by Mail - 400C,206613,CORINA LOPEZ,LEAH HALL,MIA OUSLEY,1,3
458800,Vote by Mail - 400C,206614,CORINA LOPEZ,LEAH HALL,MIA OUSLEY,1,3
458800,Vote by Mail - 400C,206615,MIA OUSLEY,CORINA LOPEZ,LEAH HALL,1,3
458800,Vote by Mail - 400C,206616,CORINA LOPEZ,MIA OUSLEY,LEAH HALL,1,3
458800,Vote by Mail - 400C,206617,CORINA LOPEZ,MIA OUSLEY,LEAH HALL,1,3
458800,Vote by Mail - 400C,206618,CORINA LOPEZ,MIA OUSLEY,LEAH HALL,1,3
458900,Vote by Mail - 400C,206619,CORINA LOPEZ,MIA OUSLEY,LEAH HALL,1,3
458900,Vote by Mail - 400C,206622,CORINA LOPEZ,MIA OUSLEY,LEAH HALL,1,3
458900,Vote by Mail - 400C,206623,CORINA LOPEZ,LEAH HALL,MIA OUSLEY,1,3
458900,Vote by Mail - 400C,206624,LEAH HALL,CORINA LOPEZ,MIA OUSLEY,1,3
458900,Vote by Mail - 400C,206625,CORINA LOPEZ,skipped,skipped,1,3
458900,Vote by Mail - 400C,206626,MIA OUSLEY,CORINA LOPEZ,LEAH HALL,1,3
458900,Vote by Mail - 400C,206627,LEAH HALL,MIA OUSLEY,skipped,1,3
458900,Vote by Mail - 400C,206628,MIA OUSLEY,LEAH HALL,CORINA LOPEZ,1,3
458900,Vote by Mail - 400C,206629,CORINA LOPEZ,skipped,skipped,1,3
458900,Vote by Mail - 400C,206630,LEAH HALL,skipped,skipped,1,3
458900,Vote by Mail - 400C,206632,LEAH HALL,CORINA LOPEZ,MIA OUSLEY,1,3
458900,Vote by Mail - 400C,206633,CORINA LOPEZ,MIA OUSLEY,skipped,1,3
458900,Vote by Mail - 400C,206634,CORINA LOPEZ,skipped,skipped,1,3
458900,Vote by Mail - 400C,206635,LEAH HALL,skipped,skipped,1,3
458900,Vote by Mail - 400C,206636,MIA OUSLEY,CORINA LOPEZ,LEAH HALL,1,3
458900,Vote by Mail - 400C,206637,LEAH HALL,skipped,skipped,1,3
458900,Vote by Mail - 400C,206638,CORINA LOPEZ,MIA OUSLEY,skipped,1,3
458900,Vote by Mail - 400C,206639,LEAH HALL,skipped,skipped,1,3
458900,Vote by Mail - 400C,206640,CORINA LOPEZ,skipped,skipped,1,3
450400,Vote by Mail - 400C,210168,CORINA LOPEZ,MIA OUSLEY,LEAH HALL,1,3
450400,Vote by Mail - 400C,210169,CORINA LOPEZ,skipped,skipped,1,3
453900,Vote by Mail - 400C,210170,MIA OUSLEY,CORINA LOPEZ,LEAH HALL,1,3
453900,Vote by Mail - 400C,210171,CORINA LOPEZ,LEAH HALL,MIA OUSLEY,1,3
453900,Vote by Mail - 400C,210172,CORINA LOPEZ,MIA OUSLEY,LEAH HALL,1,3
453900,Vote by Mail - 400C,210173,CORINA LOPEZ,MIA OUSLEY,LEAH HALL,1,3
453900,Vote by Mail - 400C,210174,MIA OUSLEY,skipped,skipped,1,3
453900,Vote by Mail - 400C,210175,CORINA LOPEZ,MIA OUSLEY,LEAH HALL,1,3
453900,Vote by Mail - 400C,210176,MIA OUSLEY,LEAH HALL,CORINA LOPEZ,1,3
453900,Vote by Mail - 400C,210177,CORINA LOPEZ,MIA OUSLEY,LEAH HALL,1,3
453900,Vote by Mail - 400C,210178,CORINA LOPEZ,LEAH HALL,MIA OUSLEY,1,3
453900,Vote by Mail - 400C,210179,CORINA LOPEZ,LEAH HALL,MIA OUSLEY,1,3
453900,Vote by Mail - 400C,210180,LEAH HALL,MIA OUSLEY,skipped,1,3
453900,Vote by Mail - 400C,210181,CORINA LOPEZ,LEAH HALL,MIA OUSLEY,1,3
453900,Vote by Mail - 400C,210182,CORINA LOPEZ,MIA OUSLEY,LEAH HALL,1,3
453900,Vote by Mail - 400C,210183,CORINA LOPEZ,LEAH HALL,MIA OUSLEY,1,3
453900,Vote by Mail - 400C,210184,LEAH HALL,CORINA LOPEZ,MIA OUSLEY,1,3
453900,Vote by Mail - 400C,210185,CORINA LOPEZ,skipped,skipped,1,3
453900,Vote by Mail - 400C,210186,CORINA LOPEZ,LEAH HALL,MIA OUSLEY,1,3
453900,Vote by Mail - 400C,210187,CORINA LOPEZ,MIA OUSLEY,LEAH HALL,1,3
453900,Vote by Mail - 400C,210188,CORINA LOPEZ,skipped,skipped,1,3
453900,Vote by Mail - 400C,210189,MIA OUSLEY,CORINA LOPEZ,skipped,1,3
453900,Vote by Mail - 400C,210190,CORINA LOPEZ,MIA OUSLEY,LEAH HALL,1,3
453900,Vote by Mail - 400C,210191,CORINA LOPEZ,MIA OUSLEY,LEAH HALL,1,3
453900,Vote by Mail - 400C,210192,CORINA LOPEZ,LEAH HALL,MIA OUSLEY,1,3
453900,Vote by Mail - 400C,210193,LEAH HALL,skipped,skipped,1,3
453900,Vote by Mail - 400C,210194,CORINA LOPEZ,LEAH HALL,MIA OUSLEY,1,3
453900,Vote by Mail - 400C,210195,CORINA LOPEZ,MIA OUSLEY,LEAH HALL,1,3
453900,Vote by Mail - 400C,210196,CORINA LOPEZ,skipped,skipped,1,3
453900,Vote by Mail - 400C,210197,LEAH HALL,skipped,skipped,1,3
453900,Vote by Mail - 400C,210198,LEAH HALL,skipped,skipped,1,3
455700,Vote by Mail - 400C,210199,CORINA LOPEZ,skipped,skipped,1,3
455700,Vote by Mail - 400C,210200,LEAH HALL,MIA OUSLEY,CORINA LOPEZ,1,3
455700,Vote by Mail - 400C,210202,CORINA LOPEZ,MIA OUSLEY,LEAH HALL,1,3
455700,Vote by Mail - 400C,210203,CORINA LOPEZ,skipped,skipped,1,3
455700,Vote by Mail - 400C,210204,CORINA LOPEZ,skipped,skipped,1,3
455700,Vote by Mail - 400C,210205,MIA OUSLEY,LEAH HALL,CORINA LOPEZ,1,3
455900,Vote by Mail - 400C,210206,MIA OUSLEY,CORINA LOPEZ,LEAH HALL,1,3
455900,Vote by Mail - 400C,210207,MIA OUSLEY,CORINA LOPEZ,LEAH HALL,1,3
456200,Vote by Mail - 400C,210208,LEAH HALL,CORINA LOPEZ,MIA OUSLEY,1,3
456200,Vote by Mail - 400C,210210,CORINA LOPEZ,MIA OUSLEY,LEAH HALL,1,3
456200,Vote by Mail - 400C,210211,LEAH HALL,MIA OUSLEY,CORINA LOPEZ,1,3
456200,Vote by Mail - 400C,210212,CORINA LOPEZ,MIA OUSLEY,LEAH HALL,1,3
456200,Vote by Mail - 400C,210213,CORINA LOPEZ,skipped,skipped,1,3
456200,Vote by Mail - 400C,210214,MIA OUSLEY,CORINA LOPEZ,LEAH HALL,1,3
456200,Vote by Mail - 400C,210215,CORINA LOPEZ,skipped,skipped,1,3
456200,Vote by Mail - 400C,210216,CORINA LOPEZ,skipped,skipped,1,3
456200,Vote by Mail - 400C,210217,MIA OUSLEY,CORINA LOPEZ,LEAH HALL,1,3
456200,Vote by Mail - 400C,210218,MIA OUSLEY,LEAH HALL,CORINA LOPEZ,1,3
456200,Vote by Mail - 400C,210219,LEAH HALL,MIA OUSLEY,CORINA LOPEZ,1,3
456200,Vote by Mail - 400C,210220,MIA OUSLEY,skipped,skipped,1,3
456200,Vote by Mail - 400C,210221,LEAH HALL,MIA OUSLEY,CORINA LOPEZ,1,3
457500,Vote by Mail - 400C,210223,CORINA LOPEZ,skipped,skipped,1,3
457500,Vote by Mail - 400C,210224,MIA OUSLEY,CORINA LOPEZ,skipped,1,3
457500,Vote by Mail - 400C,210225,CORINA LOPEZ,MIA OUSLEY,LEAH HALL,1,3
457500,Vote by Mail - 400C,210226,MIA OUSLEY,CORINA LOPEZ,LEAH HALL,1,3
457500,Vote by Mail - 400C,210227,CORINA LOPEZ,MIA OUSLEY,LEAH HALL,1,3
457500,Vote by Mail - 400C,210228,CORINA LOPEZ,MIA OUSLEY,LEAH HALL,1,3
457500,Vote by Mail - 400C,210231,CORINA LOPEZ,MIA OUSLEY,LEAH HALL,1,3
457500,Vote by Mail - 400C,210232,CORINA LOPEZ,MIA OUSLEY,LEAH HALL,1,3
457500,Vote by Mail - 400C,210233,CORINA LOPEZ,skipped,skipped,1,3
457900,Vote by Mail - 400C,210234,CORINA LOPEZ,LEAH HALL,MIA OUSLEY,1,3
457900,Vote by Mail - 400C,210236,MIA OUSLEY,CORINA LOPEZ,LEAH HALL,1,3
457900,Vote by Mail - 400C,210237,LEAH HALL,MIA OUSLEY,skipped,1,3
457900,Vote by Mail - 400C,210238,MIA OUSLEY,LEAH HALL,skipped,1,3
457900,Vote by Mail - 400C,210239,MIA OUSLEY,LEAH HALL,CORINA LOPEZ,1,3
457900,Vote by Mail - 400C,210240,LEAH HALL,MIA OUSLEY,skipped,1,3
457900,Vote by Mail - 400C,210241,LEAH HALL,skipped,skipped,1,3
457900,Vote by Mail - 400C,210242,CORINA LOPEZ,LEAH HALL,MIA OUSLEY,1,3
457900,Vote by Mail - 400C,210243,LEAH HALL,skipped,skipped,1,3
457900,Vote by Mail - 400C,210245,MIA OUSLEY,skipped,skipped,1,3
457900,Vote by Mail - 400C,210248,CORINA LOPEZ,MIA OUSLEY,LEAH HALL,1,3
457900,Vote by Mail - 400C,210250,CORINA LOPEZ,MIA OUSLEY,LEAH HALL,1,3
457900,Vote by Mail - 400C,210251,LEAH HALL,MIA OUSLEY,skipped,1,3
457900,Vote by Mail - 400C,210252,CORINA LOPEZ,LEAH HALL,MIA OUSLEY,1,3
457900,Vote by Mail - 400C,210253,MIA OUSLEY,skipped,skipped,1,3
457900,Vote by Mail - 400C,210255,CORINA LOPEZ,skipped,skipped,1,3
457900,Vote by Mail - 400C,210256,CORINA LOPEZ,LEAH HALL,MIA OUSLEY,1,3
457900,Vote by Mail - 400C,210257,CORINA LOPEZ,skipped,skipped,1,3
457900,Vote by Mail - 400C,210258,LEAH HALL,skipped,skipped,1,3
457900,Vote by Mail - 400C,210259,CORINA LOPEZ,MIA OUSLEY,LEAH HALL,1,3
457900,Vote by Mail - 400C,210260,LEAH HALL,CORINA LOPEZ,MIA OUSLEY,1,3
457900,Vote by Mail - 400C,210261,CORINA LOPEZ,skipped,skipped,1,3
457900,Vote by Mail - 400C,210262,CORINA LOPEZ,skipped,skipped,1,3
457900,Vote by Mail - 400C,210263,CORINA LOPEZ,MIA OUSLEY,LEAH HALL,1,3
457900,Vote by Mail - 400C,210264,MIA OUSLEY,LEAH HALL,CORINA LOPEZ,1,3
457900,Vote by Mail - 400C,210265,LEAH HALL,MIA OUSLEY,CORINA LOPEZ,1,3
457900,Vote by Mail - 400C,210266,CORINA LOPEZ,skipped,skipped,1,3
457900,Vote by Mail - 400C,210267,MIA OUSLEY,skipped,skipped,1,3
457900,Vote by Mail - 400C,210268,MIA OUSLEY,CORINA LOPEZ,LEAH HALL,1,3
457900,Vote by Mail - 400C,210269,CORINA LOPEZ,MIA OUSLEY,LEAH HALL,1,3
457900,Vote by Mail - 400C,210270,MIA OUSLEY,CORINA LOPEZ,LEAH HALL,1,3
457900,Vote by Mail - 400C,210271,LEAH HALL,skipped,skipped,1,3
457900,Vote by Mail - 400C,210272,CORINA LOPEZ,MIA OUSLEY,LEAH HALL,1,3
457900,Vote by Mail - 400C,210273,LEAH HALL,CORINA LOPEZ,MIA OUSLEY,1,3
457900,Vote by Mail - 400C,210274,LEAH HALL,MIA OUSLEY,CORINA LOPEZ,1,3
457900,Vote by Mail - 400C,210275,CORINA LOPEZ,MIA OUSLEY,skipped,1,3
457900,Vote by Mail - 400C,210277,LEAH HALL,MIA OUSLEY,CORINA LOPEZ,1,3
457900,Vote by Mail - 400C,210278,CORINA LOPEZ,MIA OUSLEY,LEAH HALL,1,3
457900,Vote by Mail - 400C,210280,CORINA LOPEZ,skipped,skipped,1,3
457900,Vote by Mail - 400C,210281,CORINA LOPEZ,LEAH HALL,MIA OUSLEY,1,3
457900,Vote by Mail - 400C,210282,CORINA LOPEZ,MIA OUSLEY,LEAH HALL,1,3
457900,Vote by Mail - 400C,210283,CORINA LOPEZ,skipped,skipped,1,3
457900,Vote by Mail - 400C,210284,CORINA LOPEZ,MIA OUSLEY,LEAH HALL,1,3
457900,Vote by Mail - 400C,210285,LEAH HALL,MIA OUSLEY,skipped,1,3
457900,Vote by Mail - 400C,210286,CORINA LOPEZ,MIA OUSLEY,skipped,1,3
457900,Vote by Mail - 400C,210287,CORINA LOPEZ,skipped,skipped,1,3
457900,Vote by Mail - 400C,210288,MIA OUSLEY,LEAH HALL,CORINA LOPEZ,1,3
457900,Vote by Mail - 400C,210289,MIA OUSLEY,LEAH HALL,CORINA LOPEZ,1,3
457900,Vote by Mail - 400C,210290,CORINA LOPEZ,LEAH HALL,skipped,1,3
457900,Vote by Mail - 400C,210291,MIA OUSLEY,LEAH HALL,skipped,1,3
457900,Vote by Mail - 400C,210292,LEAH HALL,skipped,skipped,1,3
457900,Vote by Mail - 400C,210293,MIA OUSLEY,skipped,skipped,1,3
457900,Vote by Mail - 400C,210294,CORINA LOPEZ,MIA OUSLEY,LEAH HALL,1,3
457900,Vote by Mail - 400C,210295,CORINA LOPEZ,MIA OUSLEY,LEAH HALL,1,3
457900,Vote by Mail - 400C,210297,CORINA LOPEZ,MIA OUSLEY,LEAH HALL,1,3
457900,Vote by Mail - 400C,210298,LEAH HALL,MIA OUSLEY,CORINA LOPEZ,1,3
457900,Vote by Mail - 400C,210299,CORINA LOPEZ,MIA OUSLEY,LEAH HALL,1,3
457900,Vote by Mail - 400C,210300,CORINA LOPEZ,MIA OUSLEY,LEAH HALL,1,3
457900,Vote by Mail - 400C,210302,CORINA LOPEZ,skipped,skipped,1,3
457900,Vote by Mail - 400C,210303,CORINA LOPEZ,LEAH HALL,MIA OUSLEY,1,3
457900,Vote by Mail - 400C,210304,MIA OUSLEY,LEAH HALL,CORINA LOPEZ,1,3
457900,Vote by Mail - 400C,210305,CORINA LOPEZ,skipped,skipped,1,3
457900,Vote by Mail - 400C,210307,CORINA LOPEZ,MIA OUSLEY,skipped,1,3
457900,Vote by Mail - 400C,210308,CORINA LOPEZ,MIA OUSLEY,skipped,1,3
457900,Vote by Mail - 400C,210309,LEAH HALL,CORINA LOPEZ,skipped,1,3
457900,Vote by Mail - 400C,210310,LEAH HALL,MIA OUSLEY,CORINA LOPEZ,1,3
458200,Vote by Mail - 400C,210311,MIA OUSLEY,LEAH HALL,skipped,1,3
458200,Vote by Mail - 400C,210312,CORINA LOPEZ,skipped,skipped,1,3
458200,Vote by Mail - 400C,210313,CORINA LOPEZ,skipped,skipped,1,3
458200,Vote by Mail - 400C,210315,LEAH HALL,skipped,skipped,1,3
458200,Vote by Mail - 400C,210316,MIA OUSLEY,CORINA LOPEZ,LEAH HALL,1,3
458200,Vote by Mail - 400C,210317,CORINA LOPEZ,MIA OUSLEY,skipped,1,3
458200,Vote by Mail - 400C,210318,LEAH HALL,CORINA LOPEZ,MIA OUSLEY,1,3
458200,Vote by Mail - 400C,210320,CORINA LOPEZ,LEAH HALL,MIA OUSLEY,1,3
458200,Vote by Mail - 400C,210321,CORINA LOPEZ,MIA OUSLEY,LEAH HALL,1,3
458200,Vote by Mail - 400C,210322,MIA OUSLEY,CORINA LOPEZ,skipped,1,3
458200,Vote by Mail - 400C,210323,CORINA LOPEZ,skipped,skipped,1,3
458200,Vote by Mail - 400C,210324,MIA OUSLEY,CORINA LOPEZ,LEAH HALL,1,3
458200,Vote by Mail - 400C,210325,CORINA LOPEZ,MIA OUSLEY,LEAH HALL,1,3
458200,Vote by Mail - 400C,210326,CORINA LOPEZ,MIA OUSLEY,LEAH HALL,1,3
458200,Vote by Mail - 400C,210327,MIA OUSLEY,LEAH HALL,CORINA LOPEZ,1,3
458200,Vote by Mail - 400C,210328,CORINA LOPEZ,MIA OUSLEY,LEAH HALL,1,3
458200,Vote by Mail - 400C,210329,LEAH HALL,MIA OUSLEY,skipped,1,3
458200,Vote by Mail - 400C,210330,CORINA LOPEZ,LEAH HALL,skipped,1,3
458200,Vote by Mail - 400C,210331,MIA OUSLEY,CORINA LOPEZ,LEAH HALL,1,3
458200,Vote by Mail - 400C,210332,MIA OUSLEY,LEAH HALL,CORINA LOPEZ,1,3
458200,Vote by Mail - 400C,210333,LEAH HALL,CORINA LOPEZ,MIA OUSLEY,1,3
458200,Vote by Mail - 400C,210334,LEAH HALL,MIA OUSLEY,CORINA LOPEZ,1,3
458200,Vote by Mail - 400C,210335,CORINA LOPEZ,LEAH HALL,MIA OUSLEY,1,3
458200,Vote by Mail - 400C,210336,CORINA LOPEZ,MIA OUSLEY,skipped,1,3
458200,Vote by Mail - 400C,210337,LEAH HALL,CORINA LOPEZ,MIA OUSLEY,1,3
458200,Vote by Mail - 400C,210338,CORINA LOPEZ,LEAH HALL,MIA OUSLEY,1,3
458200,Vote by Mail - 400C,210339,CORINA LOPEZ,skipped,skipped,1,3
458200,Vote by Mail - 400C,210341,LEAH HALL,skipped,skipped,1,3
458200,Vote by Mail - 400C,210342,MIA OUSLEY,LEAH HALL,CORINA LOPEZ,1,3
458200,Vote by Mail - 400C,210343,MIA OUSLEY,CORINA LOPEZ,LEAH HALL,1,3
458200,Vote by Mail - 400C,210345,CORINA LOPEZ,MIA OUSLEY,skipped,1,3
458200,Vote by Mail - 400C,210346,MIA OUSLEY,CORINA LOPEZ,skipped,1,3
458200,Vote by Mail - 400C,210347,MIA OUSLEY,CORINA LOPEZ,LEAH HALL,1,3
458200,Vote by Mail - 400C,210348,MIA OUSLEY,CORINA LOPEZ,LEAH HALL,1,3
458200,Vote by Mail - 400C,210349,CORINA LOPEZ,MIA OUSLEY,skipped,1,3
458200,Vote by Mail - 400C,210350,MIA OUSLEY,LEAH HALL,CORINA LOPEZ,1,3
458200,Vote by Mail - 400C,210351,LEAH HALL,skipped,skipped,1,3
458200,Vote by Mail - 400C,210353,MIA OUSLEY,CORINA LOPEZ,LEAH HALL,1,3
458200,Vote by Mail - 400C,210354,MIA OUSLEY,LEAH HALL,CORINA LOPEZ,1,3
458200,Vote by Mail - 400C,210355,MIA OUSLEY,CORINA LOPEZ,LEAH HALL,1,3
458200,Vote by Mail - 400C,210356,MIA OUSLEY,CORINA LOPEZ,LEAH HALL,1,3
458200,Vote by Mail - 400C,210358,LEAH HALL,MIA OUSLEY,CORINA LOPEZ,1,3
458200,Vote by Mail - 400C,210359,CORINA LOPEZ,LEAH HALL,skipped,1,3
458200,Vote by Mail - 400C,210360,CORINA LOPEZ,MIA OUSLEY,LEAH HALL,1,3
458200,Vote by Mail - 400C,210361,MIA OUSLEY,LEAH HALL,CORINA LOPEZ,1,3
458200,Vote by Mail - 400C,210362,CORINA LOPEZ,skipped,skipped,1,3
458200,Vote by Mail - 400C,210363,CORINA LOPEZ,MIA OUSLEY,LEAH HALL,1,3
458200,Vote by Mail - 400C,210364,CORINA LOPEZ,skipped,skipped,1,3
458200,Vote by Mail - 400C,210365,CORINA LOPEZ,MIA OUSLEY,LEAH HALL,1,3
458200,Vote by Mail - 400C,210366,CORINA LOPEZ,skipped,skipped,1,3
458200,Vote by Mail - 400C,210367,CORINA LOPEZ,MIA OUSLEY,LEAH HALL,1,3
458200,Vote by Mail - 400C,210368,LEAH HALL,MIA OUSLEY,CORINA LOPEZ,1,3
458200,Vote by Mail - 400C,210370,MIA OUSLEY,CORINA LOPEZ,skipped,1,3
458200,Vote by Mail - 400C,210371,LEAH HALL,skipped,skipped,1,3
458200,Vote by Mail - 400C,210372,LEAH HALL,MIA OUSLEY,CORINA LOPEZ,1,3
458200,Vote by Mail - 400C,210373,CORINA LOPEZ,MIA OUSLEY,LEAH HALL,1,3
458300,Vote by Mail - 400C,210374,MIA OUSLEY,LEAH HALL,CORINA LOPEZ,1,3
458300,Vote by Mail - 400C,210375,MIA OUSLEY,skipped,skipped,1,3
450400,Vote by Mail - 400C,213712,MIA OUSLEY,CORINA LOPEZ,LEAH HALL,1,3
450800,Vote by Mail - 400C,213713,MIA OUSLEY,CORINA LOPEZ,LEAH HALL,1,3
453500,Vote by Mail - 400C,213714,LEAH HALL,skipped,skipped,1,3
455900,Vote by Mail - 400C,213716,CORINA LOPEZ,skipped,skipped,1,3
455900,Vote by Mail - 400C,213717,CORINA LOPEZ,skipped,skipped,1,3
455900,Vote by Mail - 400C,213718,LEAH HALL,MIA OUSLEY,CORINA LOPEZ,1,3
455900,Vote by Mail - 400C,213719,CORINA LOPEZ,skipped,skipped,1,3
455900,Vote by Mail - 400C,213720,CORINA LOPEZ,MIA OUSLEY,LEAH HALL,1,3
455900,Vote by Mail - 400C,213721,LEAH HALL,MIA OUSLEY,CORINA LOPEZ,1,3
456500,Vote by Mail - 400C,213723,CORINA LOPEZ,MIA OUSLEY,LEAH HALL,1,3
456500,Vote by Mail - 400C,213724,CORINA LOPEZ,LEAH HALL,MIA OUSLEY,1,3
456600,Vote by Mail - 400C,213725,CORINA LOPEZ,MIA OUSLEY,LEAH HALL,1,3
456600,Vote by Mail - 400C,213726,CORINA LOPEZ,LEAH HALL,MIA OUSLEY,1,3
456600,Vote by Mail - 400C,213727,MIA OUSLEY,CORINA LOPEZ,LEAH HALL,1,3
456600,Vote by Mail - 400C,213728,MIA OUSLEY,skipped,skipped,1,3
456600,Vote by Mail - 400C,213729,LEAH HALL,skipped,skipped,1,3
456600,Vote by Mail - 400C,213730,MIA OUSLEY,skipped,skipped,1,3
456600,Vote by Mail - 400C,213731,CORINA LOPEZ,MIA OUSLEY,LEAH HALL,1,3
456600,Vote by Mail - 400C,213732,CORINA LOPEZ,LEAH HALL,MIA OUSLEY,1,3
456600,Vote by Mail - 400C,213733,MIA OUSLEY,skipped,skipped,1,3
456600,Vote by Mail - 400C,213734,MIA OUSLEY,skipped,skipped,1,3
456600,Vote by Mail - 400C,213735,MIA OUSLEY,CORINA LOPEZ,skipped,1,3
456600,Vote by Mail - 400C,213736,MIA OUSLEY,LEAH HALL,CORINA LOPEZ,1,3
456600,Vote by Mail - 400C,213737,CORINA LOPEZ,skipped,skipped,1,3
456600,Vote by Mail - 400C,213738,MIA OUSLEY,CORINA LOPEZ,LEAH HALL,1,3
456600,Vote by Mail - 400C,213739,LEAH HALL,MIA OUSLEY,CORINA LOPEZ,1,3
456600,Vote by Mail - 400C,213740,MIA OUSLEY,LEAH HALL,CORINA LOPEZ,1,3
456600,Vote by Mail - 400C,213742,MIA OUSLEY,LEAH HALL,CORINA LOPEZ,1,3
456600,Vote by Mail - 400C,213743,MIA OUSLEY,LEAH HALL,skipped,1,3
456900,Vote by Mail - 400C,213746,CORINA LOPEZ,LEAH HALL,MIA OUSLEY,1,3
456900,Vote by Mail - 400C,213747,CORINA LOPEZ,MIA OUSLEY,LEAH HALL,1,3
456900,Vote by Mail - 400C,213748,MIA OUSLEY,CORINA LOPEZ,skipped,1,3
457100,Vote by Mail - 400C,213749,CORINA LOPEZ,MIA OUSLEY,LEAH HALL,1,3
457100,Vote by Mail - 400C,213750,LEAH HALL,CORINA LOPEZ,MIA OUSLEY,1,3
457100,Vote by Mail - 400C,213751,CORINA LOPEZ,LEAH HALL,MIA OUSLEY,1,3
457100,Vote by Mail - 400C,213752,CORINA LOPEZ,skipped,skipped,1,3
457100,Vote by Mail - 400C,213753,MIA OUSLEY,CORINA LOPEZ,LEAH HALL,1,3
457100,Vote by Mail - 400C,213754,CORINA LOPEZ,MIA OUSLEY,LEAH HALL,1,3
457100,Vote by Mail - 400C,213755,MIA OUSLEY,LEAH HALL,CORINA LOPEZ,1,3
457100,Vote by Mail - 400C,213756,LEAH HALL,CORINA LOPEZ,MIA OUSLEY,1,3
457100,Vote by Mail - 400C,213757,CORINA LOPEZ,MIA OUSLEY,LEAH HALL,1,3
457100,Vote by Mail - 400C,213758,LEAH HALL,MIA OUSLEY,CORINA LOPEZ,1,3
457100,Vote by Mail - 400C,213759,CORINA LOPEZ,MIA OUSLEY,skipped,1,3
457100,Vote by Mail - 400C,213760,MIA OUSLEY,LEAH HALL,skipped,1,3
457100,Vote by Mail - 400C,213761,LEAH HALL,CORINA LOPEZ,MIA OUSLEY,1,3
457100,Vote by Mail - 400C,213762,MIA OUSLEY,CORINA LOPEZ,skipped,1,3
457300,Vote by Mail - 400C,213766,LEAH HALL,CORINA LOPEZ,MIA OUSLEY,1,3
457300,Vote by Mail - 400C,213767,MIA OUSLEY,LEAH HALL,skipped,1,3
457300,Vote by Mail - 400C,213768,MIA OUSLEY,LEAH HALL,CORINA LOPEZ,1,3
457400,Vote by Mail - 400C,213769,CORINA LOPEZ,MIA OUSLEY,LEAH HALL,1,3
457400,Vote by Mail - 400C,213770,MIA OUSLEY,LEAH HALL,CORINA LOPEZ,1,3
457400,Vote by Mail - 400C,213771,CORINA LOPEZ,skipped,skipped,1,3
457400,Vote by Mail - 400C,213772,MIA OUSLEY,LEAH HALL,CORINA LOPEZ,1,3
457400,Vote by Mail - 400C,213773,LEAH HALL,CORINA LOPEZ,skipped,1,3
457400,Vote by Mail - 400C,213774,CORINA LOPEZ,skipped,skipped,1,3
457400,Vote by Mail - 400C,213775,MIA OUSLEY,CORINA LOPEZ,LEAH HALL,1,3
458200,Vote by Mail - 400C,213776,CORINA LOPEZ,skipped,skipped,1,3
458200,Vote by Mail - 400C,213777,CORINA LOPEZ,skipped,skipped,1,3
458200,Vote by Mail - 400C,213778,CORINA LOPEZ,MIA OUSLEY,LEAH HALL,1,3
458200,Vote by Mail - 400C,213779,CORINA LOPEZ,LEAH HALL,MIA OUSLEY,1,3
458200,Vote by Mail - 400C,213781,CORINA LOPEZ,MIA OUSLEY,LEAH HALL,1,3
458200,Vote by Mail - 400C,213782,CORINA LOPEZ,MIA OUSLEY,LEAH HALL,1,3
458200,Vote by Mail - 400C,213783,CORINA LOPEZ,MIA OUSLEY,LEAH HALL,1,3
458200,Vote by Mail - 400C,213784,CORINA LOPEZ,LEAH HALL,MIA OUSLEY,1,3
458900,Vote by Mail - 400C,213785,LEAH HALL,MIA OUSLEY,CORINA LOPEZ,1,3
458900,Vote by Mail - 400C,213786,MIA OUSLEY,skipped,skipped,1,3
458900,Vote by Mail - 400C,213787,LEAH HALL,skipped,skipped,1,3
458900,Vote by Mail - 400C,213788,CORINA LOPEZ,LEAH HALL,MIA OUSLEY,1,3
458900,Vote by Mail - 400C,213789,LEAH HALL,skipped,skipped,1,3
450400,Vote by Mail - 400C,214171,LEAH HALL,MIA OUSLEY,CORINA LOPEZ,1,3
451000,Vote by Mail - 400C,214172,CORINA LOPEZ,skipped,skipped,1,3
451000,Vote by Mail - 400C,214173,LEAH HALL,MIA OUSLEY,CORINA LOPEZ,1,3
451000,Vote by Mail - 400C,214174,CORINA LOPEZ,skipped,skipped,1,3
451000,Vote by Mail - 400C,214175,CORINA LOPEZ,skipped,skipped,1,3
451000,Vote by Mail - 400C,214176,LEAH HALL,CORINA LOPEZ,MIA OUSLEY,1,3
451600,Vote by Mail - 400C,214177,MIA OUSLEY,CORINA LOPEZ,LEAH HALL,1,3
451600,Vote by Mail - 400C,214178,MIA OUSLEY,CORINA LOPEZ,LEAH HALL,1,3
452100,Vote by Mail - 400C,214179,CORINA LOPEZ,LEAH HALL,MIA OUSLEY,1,3
452100,Vote by Mail - 400C,214180,CORINA LOPEZ,LEAH HALL,MIA OUSLEY,1,3
452100,Vote by Mail - 400C,214181,CORINA LOPEZ,skipped,skipped,1,3
452200,Vote by Mail - 400C,214184,CORINA LOPEZ,MIA OUSLEY,LEAH HALL,1,3
453100,Vote by Mail - 400C,214185,CORINA LOPEZ,MIA OUSLEY,LEAH HALL,1,3
454100,Vote by Mail - 400C,214186,CORINA LOPEZ,MIA OUSLEY,LEAH HALL,1,3
454100,Vote by Mail - 400C,214187,CORINA LOPEZ,MIA OUSLEY,LEAH HALL,1,3
455000,Vote by Mail - 400C,214188,CORINA LOPEZ,MIA OUSLEY,LEAH HALL,1,3
455000,Vote by Mail - 400C,214189,CORINA LOPEZ,LEAH HALL,MIA OUSLEY,1,3
455100,Vote by Mail - 400C,214190,MIA OUSLEY,LEAH HALL,CORINA LOPEZ,1,3
455100,Vote by Mail - 400C,214191,LEAH HALL,skipped,skipped,1,3
455300,Vote by Mail - 400C,214192,MIA OUSLEY,CORINA LOPEZ,LEAH HALL,1,3
455500,Vote by Mail - 400C,214193,LEAH HALL,MIA OUSLEY,CORINA LOPEZ,1,3
455500,Vote by Mail - 400C,214194,CORINA LOPEZ,LEAH HALL,skipped,1,3
455900,Vote by Mail - 400C,214195,LEAH HALL,CORINA LOPEZ,MIA OUSLEY,1,3
455900,Vote by Mail - 400C,214196,CORINA LOPEZ,skipped,skipped,1,3
456200,Vote by Mail - 400C,214198,MIA OUSLEY,CORINA LOPEZ,skipped,1,3
456600,Vote by Mail - 400C,214199,CORINA LOPEZ,LEAH HALL,MIA OUSLEY,1,3
456600,Vote by Mail - 400C,214200,CORINA LOPEZ,LEAH HALL,skipped,1,3
456600,Vote by Mail - 400C,214201,CORINA LOPEZ,LEAH HALL,skipped,1,3
457100,Vote by Mail - 400C,214202,CORINA LOPEZ,LEAH HALL,MIA OUSLEY,1,3
457100,Vote by Mail - 400C,214203,MIA OUSLEY,LEAH HALL,CORINA LOPEZ,1,3
457400,Vote by Mail - 400C,214204,LEAH HALL,CORINA LOPEZ,skipped,1,3
457400,Vote by Mail - 400C,214205,LEAH HALL,CORINA LOPEZ,MIA OUSLEY,1,3
457500,Vote by Mail - 400C,214206,MIA OUSLEY,CORINA LOPEZ,skipped,1,3
457500,Vote by Mail - 400C,214207,MIA OUSLEY,CORINA LOPEZ,LEAH HALL,1,3
457500,Vote by Mail - 400C,214208,MIA OUSLEY,CORINA LOPEZ,LEAH HALL,1,3
457500,Vote by Mail - 400C,214210,MIA OUSLEY,LEAH HALL,CORINA LOPEZ,1,3
457500,Vote by Mail - 400C,214211,LEAH HALL,CORINA LOPEZ,MIA OUSLEY,1,3
457700,Vote by Mail - 400C,214212,MIA OUSLEY,CORINA LOPEZ,LEAH HALL,1,3
457700,Vote by Mail - 400C,214213,MIA OUSLEY,CORINA LOPEZ,skipped,1,3
457900,Vote by Mail - 400C,214214,CORINA LOPEZ,LEAH HALL,MIA OUSLEY,1,3
458300,Vote by Mail - 400C,214215,LEAH HALL,skipped,skipped,1,3
458300,Vote by Mail - 400C,214216,LEAH HALL,skipped,skipped,1,3
458300,Vote by Mail - 400C,214217,CORINA LOPEZ,MIA OUSLEY,LEAH HALL,1,3
458300,Vote by Mail - 400C,214218,CORINA LOPEZ,MIA OUSLEY,LEAH HALL,1,3
458300,Vote by Mail - 400C,214219,CORINA LOPEZ,skipped,skipped,1,3
458300,Vote by Mail - 400C,214220,LEAH HALL,skipped,skipped,1,3
458500,Vote by Mail - 400C,214221,CORINA LOPEZ,skipped,skipped,1,3
450400,Vote by Mail - 400C,214283,CORINA LOPEZ,MIA OUSLEY,LEAH HALL,1,3
454100,Vote by Mail - 400C,214285,CORINA LOPEZ,skipped,skipped,1,3
454100,Vote by Mail - 400C,214286,CORINA LOPEZ,skipped,skipped,1,3
456200,Vote by Mail - 400C,214287,CORINA LOPEZ,MIA OUSLEY,LEAH HALL,1,3
9451500,Vote by Mail - 400C,215100,CORINA LOPEZ,skipped,skipped,1,3
9451500,Vote by Mail - 400C,215101,CORINA LOPEZ,skipped,skipped,1,3
9451500,Vote by Mail - 400C,215102,CORINA LOPEZ,skipped,skipped,1,3
9451500,Vote by Mail - 400C,215103,CORINA LOPEZ,LEAH HALL,skipped,1,3
9451500,Vote by Mail - 400C,215104,CORINA LOPEZ,MIA OUSLEY,LEAH HALL,1,3
9451500,Vote by Mail - 400C,215105,MIA OUSLEY,CORINA LOPEZ,skipped,1,3
9451500,Vote by Mail - 400C,215106,CORINA LOPEZ,MIA OUSLEY,LEAH HALL,1,3
9451500,Vote by Mail - 400C,215107,MIA OUSLEY,LEAH HALL,CORINA LOPEZ,1,3
9451500,Vote by Mail - 400C,215108,CORINA LOPEZ,LEAH HALL,MIA OUSLEY,1,3
9451500,Vote by Mail - 400C,215109,CORINA LOPEZ,LEAH HALL,MIA OUSLEY,1,3
9451500,Vote by Mail - 400C,215110,MIA OUSLEY,CORINA LOPEZ,skipped,1,3
9451500,Vote by Mail - 400C,215111,CORINA LOPEZ,LEAH HALL,MIA OUSLEY,1,3
9451500,Vote by Mail - 400C,215112,CORINA LOPEZ,LEAH HALL,MIA OUSLEY,1,3
9451500,Vote by Mail - 400C,215113,CORINA LOPEZ,LEAH HALL,MIA OUSLEY,1,3
9451500,Vote by Mail - 400C,215114,MIA OUSLEY,CORINA LOPEZ,LEAH HALL,1,3
9451500,Vote by Mail - 400C,215115,CORINA LOPEZ,MIA OUSLEY,LEAH HALL,1,3
9451500,Vote by Mail - 400C,215116,MIA OUSLEY,CORINA LOPEZ,skipped,1,3
9451500,Vote by Mail - 400C,215117,CORINA LOPEZ,LEAH HALL,MIA OUSLEY,1,3
9451500,Vote by Mail - 400C,215118,CORINA LOPEZ,skipped,skipped,1,3
9451500,Vote by Mail - 400C,215119,CORINA LOPEZ,MIA OUSLEY,skipped,1,3
9451500,Vote by Mail - 400C,215120,CORINA LOPEZ,MIA OUSLEY,LEAH HALL,1,3
9451500,Vote by Mail - 400C,215121,CORINA LOPEZ,LEAH HALL,MIA OUSLEY,1,3
9451500,Vote by Mail - 400C,215123,CORINA LOPEZ,MIA OUSLEY,LEAH HALL,1,3
9451500,Vote by Mail - 400C,215124,LEAH HALL,MIA OUSLEY,CORINA LOPEZ,1,3
9451500,Vote by Mail - 400C,215127,CORINA LOPEZ,MIA OUSLEY,LEAH HALL,1,3
9451500,Vote by Mail - 400C,215128,CORINA LOPEZ,MIA OUSLEY,LEAH HALL,1,3
9451500,Vote by Mail - 400C,215129,CORINA LOPEZ,skipped,skipped,1,3
9451500,Vote by Mail - 400C,215130,LEAH HALL,MIA OUSLEY,CORINA LOPEZ,1,3
9451500,Vote by Mail - 400C,215131,LEAH HALL,MIA OUSLEY,CORINA LOPEZ,1,3
9451500,Vote by Mail - 400C,215132,CORINA LOPEZ,LEAH HALL,MIA OUSLEY,1,3
9451500,Vote by Mail - 400C,215133,MIA OUSLEY,LEAH HALL,CORINA LOPEZ,1,3
9454220,Vote by Mail - 400C,215134,CORINA LOPEZ,skipped,skipped,1,3
9454220,Vote by Mail - 400C,215135,CORINA LOPEZ,skipped,skipped,1,3
9454700,Vote by Mail - 400C,215136,CORINA LOPEZ,MIA OUSLEY,LEAH HALL,1,3
9454700,Vote by Mail - 400C,215138,CORINA LOPEZ,skipped,skipped,1,3
9454700,Vote by Mail - 400C,215140,LEAH HALL,MIA OUSLEY,CORINA LOPEZ,1,3
9454700,Vote by Mail - 400C,215141,CORINA LOPEZ,LEAH HALL,MIA OUSLEY,1,3
9454700,Vote by Mail - 400C,215142,MIA OUSLEY,LEAH HALL,skipped,1,3
9454700,Vote by Mail - 400C,215143,LEAH HALL,CORINA LOPEZ,MIA OUSLEY,1,3
9454700,Vote by Mail - 400C,215144,MIA OUSLEY,LEAH HALL,CORINA LOPEZ,1,3
9454700,Vote by Mail - 400C,215145,LEAH HALL,MIA OUSLEY,CORINA LOPEZ,1,3
9454700,Vote by Mail - 400C,215146,LEAH HALL,MIA OUSLEY,CORINA LOPEZ,1,3
9454700,Vote by Mail - 400C,215147,LEAH HALL,CORINA LOPEZ,MIA OUSLEY,1,3
9454700,Vote by Mail - 400C,215148,CORINA LOPEZ,MIA OUSLEY,LEAH HALL,1,3
9454700,Vote by Mail - 400C,215151,LEAH HALL,CORINA LOPEZ,MIA OUSLEY,1,3
9454700,Vote by Mail - 400C,215152,CORINA LOPEZ,LEAH HALL,MIA OUSLEY,1,3
9454700,Vote by Mail - 400C,215153,MIA OUSLEY,CORINA LOPEZ,LEAH HALL,1,3
9454700,Vote by Mail - 400C,215154,LEAH HALL,MIA OUSLEY,CORINA LOPEZ,1,3
9454700,Vote by Mail - 400C,215156,LEAH HALL,MIA OUSLEY,CORINA LOPEZ,1,3
9454700,Vote by Mail - 400C,215157,CORINA LOPEZ,LEAH HALL,MIA OUSLEY,1,3
9454700,Vote by Mail - 400C,215159,MIA OUSLEY,CORINA LOPEZ,LEAH HALL,1,3
9454700,Vote by Mail - 400C,215160,LEAH HALL,CORINA LOPEZ,MIA OUSLEY,1,3
9454700,Vote by Mail - 400C,215161,CORINA LOPEZ,MIA OUSLEY,LEAH HALL,1,3
9454700,Vote by Mail - 400C,215162,CORINA LOPEZ,MIA OUSLEY,LEAH HALL,1,3
9454700,Vote by Mail - 400C,215163,CORINA LOPEZ,MIA OUSLEY,LEAH HALL,1,3
9455010,Vote by Mail - 400C,215164,CORINA LOPEZ,skipped,skipped,1,3
9455010,Vote by Mail - 400C,215165,MIA OUSLEY,skipped,skipped,1,3
9455010,Vote by Mail - 400C,215166,MIA OUSLEY,CORINA LOPEZ,LEAH HALL,1,3
9455010,Vote by Mail - 400C,215167,LEAH HALL,skipped,skipped,1,3
9455010,Vote by Mail - 400C,215168,CORINA LOPEZ,MIA OUSLEY,LEAH HALL,1,3
9455010,Vote by Mail - 400C,215169,CORINA LOPEZ,LEAH HALL,MIA OUSLEY,1,3
9455010,Vote by Mail - 400C,215171,LEAH HALL,skipped,skipped,1,3
9455010,Vote by Mail - 400C,215172,CORINA LOPEZ,LEAH HALL,MIA OUSLEY,1,3
9455010,Vote by Mail - 400C,215173,LEAH HALL,CORINA LOPEZ,MIA OUSLEY,1,3
9455010,Vote by Mail - 400C,215174,LEAH HALL,skipped,skipped,1,3
9455010,Vote by Mail - 400C,215175,CORINA LOPEZ,skipped,skipped,1,3
9455010,Vote by Mail - 400C,215176,MIA OUSLEY,CORINA LOPEZ,LEAH HALL,1,3
9455010,Vote by Mail - 400C,215177,MIA OUSLEY,LEAH HALL,CORINA LOPEZ,1,3
9455010,Vote by Mail - 400C,215178,CORINA LOPEZ,LEAH HALL,MIA OUSLEY,1,3
9455010,Vote by Mail - 400C,215179,MIA OUSLEY,LEAH HALL,CORINA LOPEZ,1,3
9455010,Vote by Mail - 400C,215180,CORINA LOPEZ,skipped,skipped,1,3
9455010,Vote by Mail - 400C,215182,CORINA LOPEZ,MIA OUSLEY,LEAH HALL,1,3
9455010,Vote by Mail - 400C,215183,CORINA LOPEZ,skipped,skipped,1,3
9455010,Vote by Mail - 400C,215184,LEAH HALL,skipped,skipped,1,3
9455010,Vote by Mail - 400C,215185,CORINA LOPEZ,MIA OUSLEY,LEAH HALL,1,3
9455010,Vote by Mail - 400C,215186,CORINA LOPEZ,skipped,skipped,1,3
9455010,Vote by Mail - 400C,215187,CORINA LOPEZ,MIA OUSLEY,skipped,1,3
9455010,Vote by Mail - 400C,215189,CORINA LOPEZ,LEAH HALL,MIA OUSLEY,1,3
9455010,Vote by Mail - 400C,215190,LEAH HALL,CORINA LOPEZ,MIA OUSLEY,1,3
9455010,Vote by Mail - 400C,215191,CORINA LOPEZ,LEAH HALL,MIA OUSLEY,1,3
9455010,Vote by Mail - 400C,215192,CORINA LOPEZ,MIA OUSLEY,LEAH HALL,1,3
9455010,Vote by Mail - 400C,215193,CORINA LOPEZ,skipped,skipped,1,3
9455010,Vote by Mail - 400C,215194,LEAH HALL,MIA OUSLEY,CORINA LOPEZ,1,3
9455010,Vote by Mail - 400C,215196,CORINA LOPEZ,MIA OUSLEY,skipped,1,3
9455010,Vote by Mail - 400C,215197,MIA OUSLEY,CORINA LOPEZ,LEAH HALL,1,3
9455010,Vote by Mail - 400C,215198,CORINA LOPEZ,MIA OUSLEY,LEAH HALL,1,3
9455010,Vote by Mail - 400C,215199,MIA OUSLEY,LEAH HALL,CORINA LOPEZ,1,3
9455200,Vote by Mail - 400C,215200,LEAH HALL,MIA OUSLEY,CORINA LOPEZ,1,3
9455200,Vote by Mail - 400C,215201,CORINA LOPEZ,skipped,skipped,1,3
9455200,Vote by Mail - 400C,215202,CORINA LOPEZ,MIA OUSLEY,LEAH HALL,1,3
9455200,Vote by Mail - 400C,215203,MIA OUSLEY,LEAH HALL,CORINA LOPEZ,1,3
9455200,Vote by Mail - 400C,215204,MIA OUSLEY,CORINA LOPEZ,LEAH HALL,1,3
9455200,Vote by Mail - 400C,215205,CORINA LOPEZ,skipped,skipped,1,3
9455200,Vote by Mail - 400C,215206,LEAH HALL,skipped,skipped,1,3
9455200,Vote by Mail - 400C,215207,LEAH HALL,MIA OUSLEY,CORINA LOPEZ,1,3
9455200,Vote by Mail - 400C,215209,CORINA LOPEZ,MIA OUSLEY,LEAH HALL,1,3
9455200,Vote by Mail - 400C,215210,LEAH HALL,MIA OUSLEY,CORINA LOPEZ,1,3
9455200,Vote by Mail - 400C,215212,LEAH HALL,skipped,skipped,1,3
9455200,Vote by Mail - 400C,215213,LEAH HALL,skipped,skipped,1,3
9455200,Vote by Mail - 400C,215215,MIA OUSLEY,CORINA LOPEZ,LEAH HALL,1,3
9455200,Vote by Mail - 400C,215216,LEAH HALL,CORINA LOPEZ,MIA OUSLEY,1,3
9455200,Vote by Mail - 400C,215217,LEAH HALL,skipped,skipped,1,3
9455200,Vote by Mail - 400C,215218,MIA OUSLEY,CORINA LOPEZ,LEAH HALL,1,3
9455200,Vote by Mail - 400C,215219,LEAH HALL,CORINA LOPEZ,skipped,1,3
9455200,Vote by Mail - 400C,215220,LEAH HALL,MIA OUSLEY,CORINA LOPEZ,1,3
9455200,Vote by Mail - 400C,215221,MIA OUSLEY,LEAH HALL,CORINA LOPEZ,1,3
9455200,Vote by Mail - 400C,215223,LEAH HALL,CORINA LOPEZ,MIA OUSLEY,1,3
9455410,Vote by Mail - 400C,215224,MIA OUSLEY,CORINA LOPEZ,LEAH HALL,1,3
9455410,Vote by Mail - 400C,215225,CORINA LOPEZ,LEAH HALL,MIA OUSLEY,1,3
9455410,Vote by Mail - 400C,215226,CORINA LOPEZ,skipped,skipped,1,3
9455410,Vote by Mail - 400C,215227,MIA OUSLEY,skipped,skipped,1,3
9455410,Vote by Mail - 400C,215229,MIA OUSLEY,LEAH HALL,CORINA LOPEZ,1,3
9455410,Vote by Mail - 400C,215230,CORINA LOPEZ,MIA OUSLEY,LEAH HALL,1,3
9455410,Vote by Mail - 400C,215231,LEAH HALL,MIA OUSLEY,CORINA LOPEZ,1,3
9455410,Vote by Mail - 400C,215232,CORINA LOPEZ,skipped,skipped,1,3
9455410,Vote by Mail - 400C,215233,CORINA LOPEZ,skipped,skipped,1,3
9455410,Vote by Mail - 400C,215234,LEAH HALL,MIA OUSLEY,CORINA LOPEZ,1,3
9455410,Vote by Mail - 400C,215235,CORINA LOPEZ,MIA OUSLEY,LEAH HALL,1,3
9455410,Vote by Mail - 400C,215236,MIA OUSLEY,LEAH HALL,CORINA LOPEZ,1,3
9455410,Vote by Mail - 400C,215237,CORINA LOPEZ,LEAH HALL,MIA OUSLEY,1,3
9455410,Vote by Mail - 400C,215238,LEAH HALL,skipped,skipped,1,3
9455410,Vote by Mail - 400C,215239,LEAH HALL,MIA OUSLEY,CORINA LOPEZ,1,3
9455410,Vote by Mail - 400C,215240,LEAH HALL,CORINA LOPEZ,MIA OUSLEY,1,3
450300,Vote by Mail - 400C,217784,CORINA LOPEZ,MIA OUSLEY,LEAH HALL,1,3
450300,Vote by Mail - 400C,217787,MIA OUSLEY,CORINA LOPEZ,LEAH HALL,1,3
450300,Vote by Mail - 400C,217788,MIA OUSLEY,CORINA LOPEZ,LEAH HALL,1,3
450400,Vote by Mail - 400C,217789,LEAH HALL,CORINA LOPEZ,MIA OUSLEY,1,3
450400,Vote by Mail - 400C,217790,MIA OUSLEY,CORINA LOPEZ,LEAH HALL,1,3
450400,Vote by Mail - 400C,217791,CORINA LOPEZ,LEAH HALL,MIA OUSLEY,1,3
450400,Vote by Mail - 400C,217794,CORINA LOPEZ,skipped,skipped,1,3
450400,Vote by Mail - 400C,217797,MIA OUSLEY,CORINA LOPEZ,LEAH HALL,1,3
450610,Vote by Mail - 400C,217798,CORINA LOPEZ,skipped,skipped,1,3
450610,Vote by Mail - 400C,217802,CORINA LOPEZ,LEAH HALL,MIA OUSLEY,1,3
450800,Vote by Mail - 400C,217803,CORINA LOPEZ,LEAH HALL,MIA OUSLEY,1,3
450800,Vote by Mail - 400C,217804,LEAH HALL,MIA OUSLEY,CORINA LOPEZ,1,3
450800,Vote by Mail - 400C,217806,MIA OUSLEY,skipped,skipped,1,3
450800,Vote by Mail - 400C,217807,CORINA LOPEZ,MIA OUSLEY,LEAH HALL,1,3
450800,Vote by Mail - 400C,217808,CORINA LOPEZ,MIA OUSLEY,LEAH HALL,1,3
451000,Vote by Mail - 400C,217809,MIA OUSLEY,skipped,skipped,1,3
451000,Vote by Mail - 400C,217810,CORINA LOPEZ,skipped,skipped,1,3
451000,Vote by Mail - 400C,217811,CORINA LOPEZ,MIA OUSLEY,LEAH HALL,1,3
451000,Vote by Mail - 400C,217813,MIA OUSLEY,LEAH HALL,CORINA LOPEZ,1,3
451000,Vote by Mail - 400C,217818,LEAH HALL,skipped,skipped,1,3
451000,Vote by Mail - 400C,217819,CORINA LOPEZ,MIA OUSLEY,LEAH HALL,1,3
451510,Vote by Mail - 400C,217820,MIA OUSLEY,CORINA LOPEZ,LEAH HALL,1,3
451510,Vote by Mail - 400C,217821,MIA OUSLEY,LEAH HALL,CORINA LOPEZ,1,3
451510,Vote by Mail - 400C,217822,LEAH HALL,skipped,skipped,1,3
451510,Vote by Mail - 400C,217823,MIA OUSLEY,CORINA LOPEZ,LEAH HALL,1,3
451510,Vote by Mail - 400C,217824,CORINA LOPEZ,skipped,skipped,1,3
451510,Vote by Mail - 400C,217828,CORINA LOPEZ,MIA OUSLEY,LEAH HALL,1,3
451600,Vote by Mail - 400C,217829,MIA OUSLEY,skipped,skipped,1,3
451600,Vote by Mail - 400C,217830,LEAH HALL,skipped,skipped,1,3
451700,Vote by Mail - 400C,217836,CORINA LOPEZ,MIA OUSLEY,LEAH HALL,1,3
451700,Vote by Mail - 400C,217837,CORINA LOPEZ,skipped,skipped,1,3
452100,Vote by Mail - 400C,217838,CORINA LOPEZ,skipped,skipped,1,3
452200,Vote by Mail - 400C,217843,MIA OUSLEY,skipped,skipped,1,3
452200,Vote by Mail - 400C,217845,CORINA LOPEZ,MIA OUSLEY,LEAH HALL,1,3
452200,Vote by Mail - 400C,217851,CORINA LOPEZ,MIA OUSLEY,LEAH HALL,1,3
452200,Vote by Mail - 400C,217852,MIA OUSLEY,CORINA LOPEZ,LEAH HALL,1,3
452400,Vote by Mail - 400C,217855,LEAH HALL,CORINA LOPEZ,skipped,1,3
452400,Vote by Mail - 400C,217856,LEAH HALL,CORINA LOPEZ,skipped,1,3
452400,Vote by Mail - 400C,217857,MIA OUSLEY,LEAH HALL,CORINA LOPEZ,1,3
452400,Vote by Mail - 400C,217858,MIA OUSLEY,CORINA LOPEZ,LEAH HALL,1,3
452400,Vote by Mail - 400C,217860,LEAH HALL,MIA OUSLEY,CORINA LOPEZ,1,3
452400,Vote by Mail - 400C,217861,LEAH HALL,MIA OUSLEY,CORINA LOPEZ,1,3
452400,Vote by Mail - 400C,217862,LEAH HALL,CORINA LOPEZ,skipped,1,3
452400,Vote by Mail - 400C,217863,CORINA LOPEZ,skipped,skipped,1,3
452500,Vote by Mail - 400C,217864,CORINA LOPEZ,LEAH HALL,MIA OUSLEY,1,3
452500,Vote by Mail - 400C,217865,LEAH HALL,skipped,skipped,1,3
453100,Vote by Mail - 400C,217868,MIA OUSLEY,LEAH HALL,skipped,1,3
453100,Vote by Mail - 400C,217871,MIA OUSLEY,LEAH HALL,skipped,1,3
453400,Vote by Mail - 400C,217873,CORINA LOPEZ,skipped,skipped,1,3
453500,Vote by Mail - 400C,217874,MIA OUSLEY,CORINA LOPEZ,LEAH HALL,1,3
453500,Vote by Mail - 400C,217875,LEAH HALL,CORINA LOPEZ,MIA OUSLEY,1,3
453900,Vote by Mail - 400C,217878,CORINA LOPEZ,MIA OUSLEY,LEAH HALL,1,3
454100,Vote by Mail - 400C,217880,CORINA LOPEZ,LEAH HALL,skipped,1,3
454100,Vote by Mail - 400C,217881,CORINA LOPEZ,skipped,skipped,1,3
454100,Vote by Mail - 400C,217882,CORINA LOPEZ,LEAH HALL,MIA OUSLEY,1,3
455000,Vote by Mail - 400C,217884,CORINA LOPEZ,MIA OUSLEY,LEAH HALL,1,3
455000,Vote by Mail - 400C,217885,MIA OUSLEY,CORINA LOPEZ,LEAH HALL,1,3
455000,Vote by Mail - 400C,217887,CORINA LOPEZ,MIA OUSLEY,LEAH HALL,1,3
455000,Vote by Mail - 400C,217888,LEAH HALL,MIA OUSLEY,CORINA LOPEZ,1,3
455100,Vote by Mail - 400C,217889,CORINA LOPEZ,LEAH HALL,MIA OUSLEY,1,3
455400,Vote by Mail - 400C,217891,CORINA LOPEZ,MIA OUSLEY,LEAH HALL,1,3
455400,Vote by Mail - 400C,217892,MIA OUSLEY,CORINA LOPEZ,skipped,1,3
455400,Vote by Mail - 400C,217895,CORINA LOPEZ,MIA OUSLEY,LEAH HALL,1,3
455400,Vote by Mail - 400C,217896,CORINA LOPEZ,MIA OUSLEY,LEAH HALL,1,3
455400,Vote by Mail - 400C,217897,CORINA LOPEZ,LEAH HALL,MIA OUSLEY,1,3
455400,Vote by Mail - 400C,217898,LEAH HALL,MIA OUSLEY,CORINA LOPEZ,1,3
455500,Vote by Mail - 400C,217899,CORINA LOPEZ,MIA OUSLEY,LEAH HALL,1,3
455900,Vote by Mail - 400C,217905,LEAH HALL,MIA OUSLEY,CORINA LOPEZ,1,3
455900,Vote by Mail - 400C,217906,CORINA LOPEZ,MIA OUSLEY,LEAH HALL,1,3
455900,Vote by Mail - 400C,217907,CORINA LOPEZ,LEAH HALL,MIA OUSLEY,1,3
455900,Vote by Mail - 400C,217908,CORINA LOPEZ,MIA OUSLEY,LEAH HALL,1,3
455900,Vote by Mail - 400C,217910,CORINA LOPEZ,LEAH HALL,MIA OUSLEY,1,3
455900,Vote by Mail - 400C,217913,CORINA LOPEZ,skipped,skipped,1,3
455900,Vote by Mail - 400C,217914,CORINA LOPEZ,LEAH HALL,MIA OUSLEY,1,3
456200,Vote by Mail - 400C,217916,MIA OUSLEY,CORINA LOPEZ,LEAH HALL,1,3
456200,Vote by Mail - 400C,217918,MIA OUSLEY,CORINA LOPEZ,skipped,1,3
456200,Vote by Mail - 400C,217919,MIA OUSLEY,LEAH HALL,skipped,1,3
456500,Vote by Mail - 400C,217921,LEAH HALL,skipped,skipped,1,3
456500,Vote by Mail - 400C,217922,CORINA LOPEZ,LEAH HALL,MIA OUSLEY,1,3
456500,Vote by Mail - 400C,217923,LEAH HALL,skipped,skipped,1,3
456500,Vote by Mail - 400C,217925,MIA OUSLEY,CORINA LOPEZ,LEAH HALL,1,3
456600,Vote by Mail - 400C,217926,CORINA LOPEZ,MIA OUSLEY,LEAH HALL,1,3
456600,Vote by Mail - 400C,217927,MIA OUSLEY,skipped,skipped,1,3
456600,Vote by Mail - 400C,217928,MIA OUSLEY,skipped,skipped,1,3
456900,Vote by Mail - 400C,217929,CORINA LOPEZ,MIA OUSLEY,skipped,1,3
457100,Vote by Mail - 400C,217933,MIA OUSLEY,CORINA LOPEZ,skipped,1,3
457300,Vote by Mail - 400C,217934,MIA OUSLEY,LEAH HALL,CORINA LOPEZ,1,3
457300,Vote by Mail - 400C,217935,CORINA LOPEZ,MIA OUSLEY,LEAH HALL,1,3
457300,Vote by Mail - 400C,217936,CORINA LOPEZ,MIA OUSLEY,LEAH HALL,1,3
457300,Vote by Mail - 400C,217937,MIA OUSLEY,CORINA LOPEZ,LEAH HALL,1,3
457300,Vote by Mail - 400C,217938,LEAH HALL,MIA OUSLEY,CORINA LOPEZ,1,3
457300,Vote by Mail - 400C,217939,LEAH HALL,CORINA LOPEZ,MIA OUSLEY,1,3
457400,Vote by Mail - 400C,217941,LEAH HALL,CORINA LOPEZ,MIA OUSLEY,1,3
457400,Vote by Mail - 400C,217942,MIA OUSLEY,skipped,skipped,1,3
457400,Vote by Mail - 400C,217943,CORINA LOPEZ,skipped,skipped,1,3
457500,Vote by Mail - 400C,217944,CORINA LOPEZ,LEAH HALL,MIA OUSLEY,1,3
457500,Vote by Mail - 400C,217945,MIA OUSLEY,LEAH HALL,skipped,1,3
457500,Vote by Mail - 400C,217947,LEAH HALL,CORINA LOPEZ,MIA OUSLEY,1,3
457500,Vote by Mail - 400C,217950,LEAH HALL,MIA OUSLEY,skipped,1,3
457500,Vote by Mail - 400C,217952,CORINA LOPEZ,MIA OUSLEY,LEAH HALL,1,3
457500,Vote by Mail - 400C,217953,CORINA LOPEZ,MIA OUSLEY,LEAH HALL,1,3
457500,Vote by Mail - 400C,217954,LEAH HALL,CORINA LOPEZ,MIA OUSLEY,1,3
457500,Vote by Mail - 400C,217955,LEAH HALL,skipped,skipped,1,3
457700,Vote by Mail - 400C,217956,CORINA LOPEZ,skipped,skipped,1,3
457700,Vote by Mail - 400C,217957,CORINA LOPEZ,MIA OUSLEY,LEAH HALL,1,3
457700,Vote by Mail - 400C,217963,LEAH HALL,CORINA LOPEZ,MIA OUSLEY,1,3
457900,Vote by Mail - 400C,217965,LEAH HALL,MIA OUSLEY,CORINA LOPEZ,1,3
457900,Vote by Mail - 400C,217966,MIA OUSLEY,CORINA LOPEZ,LEAH HALL,1,3
457900,Vote by Mail - 400C,217967,MIA OUSLEY,LEAH HALL,CORINA LOPEZ,1,3
458200,Vote by Mail - 400C,217968,LEAH HALL,MIA OUSLEY,CORINA LOPEZ,1,3
458200,Vote by Mail - 400C,217969,CORINA LOPEZ,LEAH HALL,skipped,1,3
458200,Vote by Mail - 400C,217970,CORINA LOPEZ,MIA OUSLEY,LEAH HALL,1,3
458200,Vote by Mail - 400C,217971,MIA OUSLEY,CORINA LOPEZ,LEAH HALL,1,3
458200,Vote by Mail - 400C,217972,MIA OUSLEY,CORINA LOPEZ,skipped,1,3
458200,Vote by Mail - 400C,217973,CORINA LOPEZ,skipped,skipped,1,3
458300,Vote by Mail - 400C,217974,CORINA LOPEZ,skipped,skipped,1,3
458300,Vote by Mail - 400C,217976,CORINA LOPEZ,MIA OUSLEY,LEAH HALL,1,3
458500,Vote by Mail - 400C,217978,CORINA LOPEZ,MIA OUSLEY,LEAH HALL,1,3
458500,Vote by Mail - 400C,217979,CORINA LOPEZ,MIA OUSLEY,LEAH HALL,1,3
458800,Vote by Mail - 400C,217980,CORINA LOPEZ,LEAH HALL,MIA OUSLEY,1,3
458800,Vote by Mail - 400C,217981,CORINA LOPEZ,LEAH HALL,skipped,1,3
458800,Vote by Mail - 400C,217982,LEAH HALL,CORINA LOPEZ,MIA OUSLEY,1,3
458900,Vote by Mail - 400C,217983,MIA OUSLEY,CORINA LOPEZ,LEAH HALL,1,3
9451500,Vote by Mail - 400C,218018,LEAH HALL,skipped,skipped,1,3
9455010,Vote by Mail - 400C,218019,CORINA LOPEZ,MIA OUSLEY,LEAH HALL,1,3
450300,Provisional - 400C,222256,CORINA LOPEZ,MIA OUSLEY,LEAH HALL,1,3
450300,Provisional - 400C,222257,CORINA LOPEZ,skipped,skipped,1,3
450300,Provisional - 400C,222258,LEAH HALL,MIA OUSLEY,CORINA LOPEZ,1,3
450300,Provisional - 400C,222259,MIA OUSLEY,LEAH HALL,CORINA LOPEZ,1,3
450300,Provisional - 400C,222260,CORINA LOPEZ,skipped,skipped,1,3
450300,Provisional - 400C,222261,MIA OUSLEY,CORINA LOPEZ,LEAH HALL,1,3
450300,Provisional - 400C,222262,LEAH HALL,MIA OUSLEY,CORINA LOPEZ,1,3
450300,Provisional - 400C,222263,CORINA LOPEZ,LEAH HALL,skipped,1,3
450300,Provisional - 400C,222264,CORINA LOPEZ,skipped,skipped,1,3
450400,Provisional - 400C,222265,LEAH HALL,MIA OUSLEY,CORINA LOPEZ,1,3
450400,Provisional - 400C,222267,CORINA LOPEZ,skipped,skipped,1,3
450400,Provisional - 400C,222268,LEAH HALL,MIA OUSLEY,skipped,1,3
450400,Provisional - 400C,222269,LEAH HALL,CORINA LOPEZ,MIA OUSLEY,1,3
450400,Provisional - 400C,222270,CORINA LOPEZ,skipped,skipped,1,3
450400,Provisional - 400C,222271,CORINA LOPEZ,LEAH HALL,MIA OUSLEY,1,3
450400,Provisional - 400C,222272,LEAH HALL,CORINA LOPEZ,skipped,1,3
450400,Provisional - 400C,222273,CORINA LOPEZ,MIA OUSLEY,LEAH HALL,1,3
450400,Provisional - 400C,222274,LEAH HALL,MIA OUSLEY,CORINA LOPEZ,1,3
450400,Provisional - 400C,222275,LEAH HALL,skipped,skipped,1,3
450400,Provisional - 400C,222276,MIA OUSLEY,skipped,skipped,1,3
450400,Provisional - 400C,222277,LEAH HALL,CORINA LOPEZ,MIA OUSLEY,1,3
450610,Provisional - 400C,222279,CORINA LOPEZ,MIA OUSLEY,LEAH HALL,1,3
450610,Provisional - 400C,222280,MIA OUSLEY,skipped,skipped,1,3
450610,Provisional - 400C,222281,CORINA LOPEZ,skipped,skipped,1,3
450610,Provisional - 400C,222282,MIA OUSLEY,CORINA LOPEZ,LEAH HALL,1,3
450610,Provisional - 400C,222283,CORINA LOPEZ,skipped,skipped,1,3
450610,Provisional - 400C,222284,LEAH HALL,MIA OUSLEY,CORINA LOPEZ,1,3
450610,Provisional - 400C,222285,MIA OUSLEY,skipped,skipped,1,3
450610,Provisional - 400C,222286,LEAH HALL,MIA OUSLEY,CORINA LOPEZ,1,3
450610,Provisional - 400C,222287,CORINA LOPEZ,skipped,skipped,1,3
450610,Provisional - 400C,222288,CORINA LOPEZ,skipped,skipped,1,3
450610,Provisional - 400C,222289,MIA OUSLEY,LEAH HALL,skipped,1,3
450610,Provisional - 400C,222290,CORINA LOPEZ,skipped,skipped,1,3
450610,Provisional - 400C,222291,LEAH HALL,CORINA LOPEZ,MIA OUSLEY,1,3
450610,Provisional - 400C,222292,CORINA LOPEZ,skipped,skipped,1,3
450610,Provisional - 400C,222293,LEAH HALL,CORINA LOPEZ,MIA OUSLEY,1,3
450610,Provisional - 400C,222294,LEAH HALL,CORINA LOPEZ,MIA OUSLEY,1,3
450610,Provisional - 400C,222295,LEAH HALL,CORINA LOPEZ,MIA OUSLEY,1,3
450610,Provisional - 400C,222296,MIA OUSLEY,CORINA LOPEZ,LEAH HALL,1,3
450610,Provisional - 400C,222298,MIA OUSLEY,LEAH HALL,CORINA LOPEZ,1,3
450610,Provisional - 400C,222299,LEAH HALL,skipped,skipped,1,3
450610,Provisional - 400C,222300,MIA OUSLEY,LEAH HALL,CORINA LOPEZ,1,3
450800,Provisional - 400C,222301,CORINA LOPEZ,skipped,skipped,1,3
450800,Provisional - 400C,222302,MIA OUSLEY,CORINA LOPEZ,skipped,1,3
450800,Provisional - 400C,222303,MIA OUSLEY,LEAH HALL,CORINA LOPEZ,1,3
450800,Provisional - 400C,222304,MIA OUSLEY,CORINA LOPEZ,LEAH HALL,1,3
450800,Provisional - 400C,222305,CORINA LOPEZ,LEAH HALL,MIA OUSLEY,1,3
450800,Provisional - 400C,222306,CORINA LOPEZ,MIA OUSLEY,LEAH HALL,1,3
450800,Provisional - 400C,222307,CORINA LOPEZ,skipped,skipped,1,3
450800,Provisional - 400C,222308,MIA OUSLEY,LEAH HALL,CORINA LOPEZ,1,3
450800,Provisional - 400C,222309,CORINA LOPEZ,LEAH HALL,MIA OUSLEY,1,3
450800,Provisional - 400C,222311,CORINA LOPEZ,LEAH HALL,skipped,1,3
451510,Provisional - 400C,222312,CORINA LOPEZ,MIA OUSLEY,LEAH HALL,1,3
451600,Provisional - 400C,222314,MIA OUSLEY,LEAH HALL,CORINA LOPEZ,1,3
451600,Provisional - 400C,222315,LEAH HALL,CORINA LOPEZ,MIA OUSLEY,1,3
451600,Provisional - 400C,222316,CORINA LOPEZ,MIA OUSLEY,skipped,1,3
451600,Provisional - 400C,222318,LEAH HALL,skipped,skipped,1,3
451600,Provisional - 400C,222321,CORINA LOPEZ,skipped,skipped,1,3
451600,Provisional - 400C,222322,CORINA LOPEZ,LEAH HALL,skipped,1,3
451600,Provisional - 400C,222324,LEAH HALL,skipped,skipped,1,3
451700,Provisional - 400C,222325,MIA OUSLEY,CORINA LOPEZ,LEAH HALL,1,3
451700,Provisional - 400C,222326,LEAH HALL,MIA OUSLEY,CORINA LOPEZ,1,3
451700,Provisional - 400C,222327,MIA OUSLEY,CORINA LOPEZ,LEAH HALL,1,3
451700,Provisional - 400C,222328,MIA OUSLEY,skipped,skipped,1,3
451700,Provisional - 400C,222329,MIA OUSLEY,LEAH HALL,CORINA LOPEZ,1,3
451700,Provisional - 400C,222331,CORINA LOPEZ,skipped,skipped,1,3
451700,Provisional - 400C,222332,CORINA LOPEZ,skipped,skipped,1,3
451700,Provisional - 400C,222333,LEAH HALL,skipped,skipped,1,3
452400,Provisional - 400C,222334,LEAH HALL,CORINA LOPEZ,MIA OUSLEY,1,3
452400,Provisional - 400C,222335,LEAH HALL,skipped,skipped,1,3
452400,Provisional - 400C,222336,LEAH HALL,CORINA LOPEZ,MIA OUSLEY,1,3
452400,Provisional - 400C,222337,CORINA LOPEZ,skipped,skipped,1,3
452400,Provisional - 400C,222339,CORINA LOPEZ,LEAH HALL,MIA OUSLEY,1,3
452400,Provisional - 400C,222340,CORINA LOPEZ,MIA OUSLEY,LEAH HALL,1,3
452400,Provisional - 400C,222341,CORINA LOPEZ,MIA OUSLEY,LEAH HALL,1,3
452400,Provisional - 400C,222342,MIA OUSLEY,CORINA LOPEZ,skipped,1,3
452400,Provisional - 400C,222344,MIA OUSLEY,LEAH HALL,CORINA LOPEZ,1,3
452400,Provisional - 400C,222345,CORINA LOPEZ,skipped,skipped,1,3
452400,Provisional - 400C,222346,LEAH HALL,CORINA LOPEZ,MIA OUSLEY,1,3
452400,Provisional - 400C,222347,CORINA LOPEZ,MIA OUSLEY,LEAH HALL,1,3
452400,Provisional - 400C,222348,CORINA LOPEZ,MIA OUSLEY,LEAH HALL,1,3
452500,Provisional - 400C,222349,CORINA LOPEZ,LEAH HALL,MIA OUSLEY,1,3
452500,Provisional - 400C,222351,CORINA LOPEZ,MIA OUSLEY,LEAH HALL,1,3
452500,Provisional - 400C,222352,CORINA LOPEZ,MIA OUSLEY,LEAH HALL,1,3
452500,Provisional - 400C,222353,CORINA LOPEZ,MIA OUSLEY,LEAH HALL,1,3
452500,Provisional - 400C,222354,LEAH HALL,CORINA LOPEZ,skipped,1,3
452500,Provisional - 400C,222355,CORINA LOPEZ,MIA OUSLEY,skipped,1,3
453100,Provisional - 400C,222356,LEAH HALL,MIA OUSLEY,CORINA LOPEZ,1,3
453100,Provisional - 400C,222358,CORINA LOPEZ,skipped,skipped,1,3
453100,Provisional - 400C,222359,LEAH HALL,CORINA LOPEZ,MIA OUSLEY,1,3
453100,Provisional - 400C,222360,LEAH HALL,MIA OUSLEY,CORINA LOPEZ,1,3
453100,Provisional - 400C,222362,MIA OUSLEY,CORINA LOPEZ,LEAH HALL,1,3
453100,Provisional - 400C,222363,LEAH HALL,MIA OUSLEY,skipped,1,3
453100,Provisional - 400C,222364,CORINA LOPEZ,skipped,skipped,1,3
453100,Provisional - 400C,222365,CORINA LOPEZ,LEAH HALL,MIA OUSLEY,1,3
453100,Provisional - 400C,222366,MIA OUSLEY,LEAH HALL,CORINA LOPEZ,1,3
453100,Provisional - 400C,222367,CORINA LOPEZ,MIA OUSLEY,LEAH HALL,1,3
453100,Provisional - 400C,222368,LEAH HALL,CORINA LOPEZ,skipped,1,3
453100,Provisional - 400C,222369,CORINA LOPEZ,MIA OUSLEY,LEAH HALL,1,3
453100,Provisional - 400C,222370,CORINA LOPEZ,skipped,skipped,1,3
453400,Provisional - 400C,222371,MIA OUSLEY,skipped,skipped,1,3
453400,Provisional - 400C,222372,MIA OUSLEY,CORINA LOPEZ,LEAH HALL,1,3
453400,Provisional - 400C,222373,CORINA LOPEZ,skipped,skipped,1,3
453400,Provisional - 400C,222374,MIA OUSLEY,CORINA LOPEZ,LEAH HALL,1,3
453400,Provisional - 400C,222375,LEAH HALL,MIA OUSLEY,CORINA LOPEZ,1,3
453400,Provisional - 400C,222376,MIA OUSLEY,LEAH HALL,CORINA LOPEZ,1,3
453400,Provisional - 400C,222377,LEAH HALL,CORINA LOPEZ,MIA OUSLEY,1,3
453500,Provisional - 400C,222378,CORINA LOPEZ,LEAH HALL,MIA OUSLEY,1,3
453500,Provisional - 400C,222379,CORINA LOPEZ,skipped,skipped,1,3
453500,Provisional - 400C,222380,CORINA LOPEZ,skipped,skipped,1,3
453500,Provisional - 400C,222381,CORINA LOPEZ,LEAH HALL,MIA OUSLEY,1,3
453500,Provisional - 400C,222382,CORINA LOPEZ,skipped,skipped,1,3
453500,Provisional - 400C,222383,MIA OUSLEY,LEAH HALL,CORINA LOPEZ,1,3
453500,Provisional - 400C,222384,CORINA LOPEZ,LEAH HALL,MIA OUSLEY,1,3
453500,Provisional - 400C,222386,CORINA LOPEZ,skipped,skipped,1,3
453500,Provisional - 400C,222387,MIA OUSLEY,CORINA LOPEZ,LEAH HALL,1,3
453500,Provisional - 400C,222388,CORINA LOPEZ,MIA OUSLEY,skipped,1,3
453500,Provisional - 400C,222389,LEAH HALL,MIA OUSLEY,CORINA LOPEZ,1,3
453500,Provisional - 400C,222390,CORINA LOPEZ,LEAH HALL,MIA OUSLEY,1,3
453500,Provisional - 400C,222391,LEAH HALL,CORINA LOPEZ,MIA OUSLEY,1,3
453900,Provisional - 400C,222392,CORINA LOPEZ,skipped,skipped,1,3
453900,Provisional - 400C,222393,CORINA LOPEZ,skipped,skipped,1,3
453900,Provisional - 400C,222394,LEAH HALL,CORINA LOPEZ,MIA OUSLEY,1,3
453900,Provisional - 400C,222396,LEAH HALL,CORINA LOPEZ,MIA OUSLEY,1,3
453900,Provisional - 400C,222397,LEAH HALL,skipped,skipped,1,3
453900,Provisional - 400C,222398,LEAH HALL,CORINA LOPEZ,MIA OUSLEY,1,3
453900,Provisional - 400C,222399,LEAH HALL,skipped,skipped,1,3
453900,Provisional - 400C,222400,MIA OUSLEY,CORINA LOPEZ,LEAH HALL,1,3
453900,Provisional - 400C,222401,CORINA LOPEZ,skipped,skipped,1,3
453900,Provisional - 400C,222402,CORINA LOPEZ,skipped,skipped,1,3
453900,Provisional - 400C,222403,LEAH HALL,MIA OUSLEY,CORINA LOPEZ,1,3
453900,Provisional - 400C,222404,CORINA LOPEZ,MIA OUSLEY,skipped,1,3
453900,Provisional - 400C,222405,LEAH HALL,skipped,skipped,1,3
453900,Provisional - 400C,222406,CORINA LOPEZ,LEAH HALL,MIA OUSLEY,1,3
453900,Provisional - 400C,222407,LEAH HALL,CORINA LOPEZ,MIA OUSLEY,1,3
453900,Provisional - 400C,222408,CORINA LOPEZ,MIA OUSLEY,LEAH HALL,1,3
453920,Provisional - 400C,222411,CORINA LOPEZ,MIA OUSLEY,LEAH HALL,1,3
453920,Provisional - 400C,222412,LEAH HALL,skipped,skipped,1,3
453920,Provisional - 400C,222414,CORINA LOPEZ,LEAH HALL,MIA OUSLEY,1,3
453920,Provisional - 400C,222415,MIA OUSLEY,CORINA LOPEZ,skipped,1,3
453920,Provisional - 400C,222416,LEAH HALL,CORINA LOPEZ,skipped,1,3
454100,Provisional - 400C,222417,CORINA LOPEZ,LEAH HALL,skipped,1,3
454100,Provisional - 400C,222418,LEAH HALL,skipped,skipped,1,3
454100,Provisional - 400C,222419,CORINA LOPEZ,skipped,skipped,1,3
454100,Provisional - 400C,222420,LEAH HALL,skipped,skipped,1,3
454100,Provisional - 400C,222421,CORINA LOPEZ,skipped,skipped,1,3
454100,Provisional - 400C,222422,CORINA LOPEZ,skipped,skipped,1,3
454100,Provisional - 400C,222423,LEAH HALL,CORINA LOPEZ,MIA OUSLEY,1,3
454100,Provisional - 400C,222424,LEAH HALL,CORINA LOPEZ,skipped,1,3
454100,Provisional - 400C,222425,CORINA LOPEZ,LEAH HALL,skipped,1,3
454100,Provisional - 400C,222426,CORINA LOPEZ,MIA OUSLEY,LEAH HALL,1,3
454100,Provisional - 400C,222428,CORINA LOPEZ,LEAH HALL,MIA OUSLEY,1,3
454100,Provisional - 400C,222429,CORINA LOPEZ,LEAH HALL,MIA OUSLEY,1,3
454500,Provisional - 400C,222430,CORINA LOPEZ,skipped,skipped,1,3
454500,Provisional - 400C,222431,LEAH HALL,CORINA LOPEZ,MIA OUSLEY,1,3
454500,Provisional - 400C,222433,CORINA LOPEZ,MIA OUSLEY,LEAH HALL,1,3
454500,Provisional - 400C,222434,CORINA LOPEZ,skipped,skipped,1,3
454500,Provisional - 400C,222435,MIA OUSLEY,LEAH HALL,CORINA LOPEZ,1,3
454500,Provisional - 400C,222436,CORINA LOPEZ,skipped,skipped,1,3
454500,Provisional - 400C,222437,CORINA LOPEZ,skipped,skipped,1,3
454500,Provisional - 400C,222438,CORINA LOPEZ,MIA OUSLEY,skipped,1,3
454500,Provisional - 400C,222439,CORINA LOPEZ,skipped,skipped,1,3
454500,Provisional - 400C,222441,CORINA LOPEZ,LEAH HALL,skipped,1,3
454500,Provisional - 400C,222443,CORINA LOPEZ,MIA OUSLEY,LEAH HALL,1,3
454500,Provisional - 400C,222444,MIA OUSLEY,CORINA LOPEZ,LEAH HALL,1,3
455000,Provisional - 400C,222445,MIA OUSLEY,LEAH HALL,CORINA LOPEZ,1,3
455000,Provisional - 400C,222446,CORINA LOPEZ,LEAH HALL,MIA OUSLEY,1,3
455000,Provisional - 400C,222447,LEAH HALL,skipped,skipped,1,3
455300,Provisional - 400C,222448,CORINA LOPEZ,LEAH HALL,MIA OUSLEY,1,3
455300,Provisional - 400C,222449,CORINA LOPEZ,MIA OUSLEY,LEAH HALL,1,3
455300,Provisional - 400C,222450,CORINA LOPEZ,LEAH HALL,MIA OUSLEY,1,3
455400,Provisional - 400C,222452,LEAH HALL,CORINA LOPEZ,MIA OUSLEY,1,3
455400,Provisional - 400C,222453,CORINA LOPEZ,LEAH HALL,MIA OUSLEY,1,3
455400,Provisional - 400C,222454,CORINA LOPEZ,skipped,skipped,1,3
455400,Provisional - 400C,222455,CORINA LOPEZ,LEAH HALL,MIA OUSLEY,1,3
455400,Provisional - 400C,222456,CORINA LOPEZ,skipped,skipped,1,3
455400,Provisional - 400C,222457,CORINA LOPEZ,skipped,skipped,1,3
455400,Provisional - 400C,222458,MIA OUSLEY,CORINA LOPEZ,skipped,1,3
455400,Provisional - 400C,222459,CORINA LOPEZ,skipped,skipped,1,3
455400,Provisional - 400C,222460,LEAH HALL,skipped,skipped,1,3
455400,Provisional - 400C,222461,LEAH HALL,CORINA LOPEZ,MIA OUSLEY,1,3
455400,Provisional - 400C,222462,CORINA LOPEZ,LEAH HALL,MIA OUSLEY,1,3
455400,Provisional - 400C,222463,CORINA LOPEZ,MIA OUSLEY,LEAH HALL,1,3
455500,Provisional - 400C,222464,LEAH HALL,CORINA LOPEZ,MIA OUSLEY,1,3
455500,Provisional - 400C,222467,CORINA LOPEZ,LEAH HALL,MIA OUSLEY,1,3
455700,Provisional - 400C,222468,LEAH HALL,CORINA LOPEZ,MIA OUSLEY,1,3
455700,Provisional - 400C,222469,LEAH HALL,CORINA LOPEZ,MIA OUSLEY,1,3
455700,Provisional - 400C,222470,CORINA LOPEZ,LEAH HALL,MIA OUSLEY,1,3
455700,Provisional - 400C,222471,CORINA LOPEZ,MIA OUSLEY,LEAH HALL,1,3
455700,Provisional - 400C,222472,LEAH HALL,skipped,skipped,1,3
455700,Provisional - 400C,222473,CORINA LOPEZ,skipped,skipped,1,3
455900,Provisional - 400C,222474,CORINA LOPEZ,MIA OUSLEY,LEAH HALL,1,3
455900,Provisional - 400C,222475,CORINA LOPEZ,skipped,skipped,1,3
455900,Provisional - 400C,222476,CORINA LOPEZ,MIA OUSLEY,LEAH HALL,1,3
455900,Provisional - 400C,222477,LEAH HALL,CORINA LOPEZ,MIA OUSLEY,1,3
455900,Provisional - 400C,222478,CORINA LOPEZ,MIA OUSLEY,LEAH HALL,1,3
456200,Provisional - 400C,222480,MIA OUSLEY,LEAH HALL,CORINA LOPEZ,1,3
456200,Provisional - 400C,222481,CORINA LOPEZ,skipped,skipped,1,3
456200,Provisional - 400C,222482,MIA OUSLEY,skipped,skipped,1,3
456200,Provisional - 400C,222483,CORINA LOPEZ,skipped,skipped,1,3
456200,Provisional - 400C,222485,CORINA LOPEZ,LEAH HALL,skipped,1,3
456200,Provisional - 400C,222487,CORINA LOPEZ,LEAH HALL,MIA OUSLEY,1,3
456600,Provisional - 400C,222488,CORINA LOPEZ,skipped,skipped,1,3
456600,Provisional - 400C,222489,MIA OUSLEY,CORINA LOPEZ,LEAH HALL,1,3
456600,Provisional - 400C,222490,LEAH HALL,skipped,skipped,1,3
456600,Provisional - 400C,222491,LEAH HALL,CORINA LOPEZ,MIA OUSLEY,1,3
456600,Provisional - 400C,222492,CORINA LOPEZ,MIA OUSLEY,LEAH HALL,1,3
456600,Provisional - 400C,222493,MIA OUSLEY,CORINA LOPEZ,LEAH HALL,1,3
456600,Provisional - 400C,222494,MIA OUSLEY,skipped,skipped,1,3
456600,Provisional - 400C,222495,MIA OUSLEY,CORINA LOPEZ,skipped,1,3
456600,Provisional - 400C,222496,MIA OUSLEY,CORINA LOPEZ,LEAH HALL,1,3
456600,Provisional - 400C,222497,MIA OUSLEY,LEAH HALL,CORINA LOPEZ,1,3
456600,Provisional - 400C,222499,LEAH HALL,CORINA LOPEZ,skipped,1,3
456600,Provisional - 400C,222502,CORINA LOPEZ,MIA OUSLEY,LEAH HALL,1,3
456900,Provisional - 400C,222503,LEAH HALL,MIA OUSLEY,CORINA LOPEZ,1,3
456900,Provisional - 400C,222504,MIA OUSLEY,skipped,skipped,1,3
456900,Provisional - 400C,222505,CORINA LOPEZ,MIA OUSLEY,LEAH HALL,1,3
456900,Provisional - 400C,222506,LEAH HALL,MIA OUSLEY,CORINA LOPEZ,1,3
456900,Provisional - 400C,222507,CORINA LOPEZ,skipped,skipped,1,3
456900,Provisional - 400C,222508,CORINA LOPEZ,MIA OUSLEY,LEAH HALL,1,3
456900,Provisional - 400C,222509,MIA OUSLEY,skipped,skipped,1,3
456900,Provisional - 400C,222510,CORINA LOPEZ,skipped,skipped,1,3
456900,Provisional - 400C,222512,CORINA LOPEZ,skipped,skipped,1,3
456900,Provisional - 400C,222513,CORINA LOPEZ,skipped,skipped,1,3
457100,Provisional - 400C,222515,MIA OUSLEY,CORINA LOPEZ,skipped,1,3
457100,Provisional - 400C,222516,MIA OUSLEY,skipped,skipped,1,3
457100,Provisional - 400C,222517,CORINA LOPEZ,skipped,skipped,1,3
457100,Provisional - 400C,222518,MIA OUSLEY,LEAH HALL,skipped,1,3
457100,Provisional - 400C,222519,CORINA LOPEZ,skipped,skipped,1,3
457100,Provisional - 400C,222521,LEAH HALL,MIA OUSLEY,CORINA LOPEZ,1,3
457100,Provisional - 400C,222522,MIA OUSLEY,CORINA LOPEZ,LEAH HALL,1,3
457100,Provisional - 400C,222523,CORINA LOPEZ,MIA OUSLEY,LEAH HALL,1,3
457100,Provisional - 400C,222524,LEAH HALL,CORINA LOPEZ,MIA OUSLEY,1,3
457100,Provisional - 400C,222526,LEAH HALL,CORINA LOPEZ,MIA OUSLEY,1,3
457100,Provisional - 400C,222527,LEAH HALL,CORINA LOPEZ,MIA OUSLEY,1,3
457100,Provisional - 400C,222528,LEAH HALL,CORINA LOPEZ,MIA OUSLEY,1,3
457300,Provisional - 400C,222530,LEAH HALL,MIA OUSLEY,CORINA LOPEZ,1,3
457300,Provisional - 400C,222532,LEAH HALL,CORINA LOPEZ,MIA OUSLEY,1,3
457300,Provisional - 400C,222533,CORINA LOPEZ,LEAH HALL,MIA OUSLEY,1,3
457300,Provisional - 400C,222534,MIA OUSLEY,LEAH HALL,CORINA LOPEZ,1,3
457300,Provisional - 400C,222535,LEAH HALL,CORINA LOPEZ,skipped,1,3
457300,Provisional - 400C,222536,LEAH HALL,skipped,skipped,1,3
457300,Provisional - 400C,222537,CORINA LOPEZ,LEAH HALL,MIA OUSLEY,1,3
457300,Provisional - 400C,222538,CORINA LOPEZ,skipped,skipped,1,3
457300,Provisional - 400C,222539,CORINA LOPEZ,MIA OUSLEY,LEAH HALL,1,3
457300,Provisional - 400C,222540,LEAH HALL,CORINA LOPEZ,MIA OUSLEY,1,3
457300,Provisional - 400C,222541,CORINA LOPEZ,LEAH HALL,MIA OUSLEY,1,3
457300,Provisional - 400C,222542,CORINA LOPEZ,MIA OUSLEY,LEAH HALL,1,3
457300,Provisional - 400C,222543,LEAH HALL,MIA OUSLEY,CORINA LOPEZ,1,3
457300,Provisional - 400C,222544,LEAH HALL,skipped,skipped,1,3
457400,Provisional - 400C,222545,LEAH HALL,MIA OUSLEY,skipped,1,3
457400,Provisional - 400C,222546,MIA OUSLEY,CORINA LOPEZ,LEAH HALL,1,3
457400,Provisional - 400C,222547,CORINA LOPEZ,LEAH HALL,MIA OUSLEY,1,3
457400,Provisional - 400C,222548,MIA OUSLEY,LEAH HALL,CORINA LOPEZ,1,3
457400,Provisional - 400C,222549,CORINA LOPEZ,MIA OUSLEY,LEAH HALL,1,3
457400,Provisional - 400C,222550,LEAH HALL,CORINA LOPEZ,skipped,1,3
457400,Provisional - 400C,222551,CORINA LOPEZ,MIA OUSLEY,skipped,1,3
457400,Provisional - 400C,222552,CORINA LOPEZ,LEAH HALL,MIA OUSLEY,1,3
457400,Provisional - 400C,222553,CORINA LOPEZ,MIA OUSLEY,skipped,1,3
457400,Provisional - 400C,222554,LEAH HALL,skipped,skipped,1,3
457400,Provisional - 400C,222555,MIA OUSLEY,CORINA LOPEZ,skipped,1,3
457400,Provisional - 400C,222556,CORINA LOPEZ,MIA OUSLEY,LEAH HALL,1,3
457400,Provisional - 400C,222557,LEAH HALL,CORINA LOPEZ,MIA OUSLEY,1,3
457400,Provisional - 400C,222558,CORINA LOPEZ,skipped,skipped,1,3
457400,Provisional - 400C,222559,CORINA LOPEZ,LEAH HALL,skipped,1,3
457400,Provisional - 400C,222560,CORINA LOPEZ,skipped,skipped,1,3
457400,Provisional - 400C,222562,LEAH HALL,skipped,skipped,1,3
457400,Provisional - 400C,222563,MIA OUSLEY,LEAH HALL,skipped,1,3
457400,Provisional - 400C,222564,LEAH HALL,skipped,skipped,1,3
457400,Provisional - 400C,222565,LEAH HALL,CORINA LOPEZ,MIA OUSLEY,1,3
457400,Provisional - 400C,222566,LEAH HALL,MIA OUSLEY,CORINA LOPEZ,1,3
457500,Provisional - 400C,222568,MIA OUSLEY,skipped,skipped,1,3
457500,Provisional - 400C,222569,CORINA LOPEZ,skipped,skipped,1,3
457500,Provisional - 400C,222570,CORINA LOPEZ,LEAH HALL,MIA OUSLEY,1,3
457500,Provisional - 400C,222571,CORINA LOPEZ,skipped,skipped,1,3
457500,Provisional - 400C,222572,CORINA LOPEZ,skipped,skipped,1,3
457500,Provisional - 400C,222573,MIA OUSLEY,CORINA LOPEZ,LEAH HALL,1,3
457500,Provisional - 400C,222574,MIA OUSLEY,LEAH HALL,CORINA LOPEZ,1,3
457500,Provisional - 400C,222575,MIA OUSLEY,CORINA LOPEZ,LEAH HALL,1,3
457500,Provisional - 400C,222576,MIA OUSLEY,LEAH HALL,skipped,1,3
457500,Provisional - 400C,222578,CORINA LOPEZ,MIA OUSLEY,LEAH HALL,1,3
457500,Provisional - 400C,222579,LEAH HALL,skipped,skipped,1,3
457500,Provisional - 400C,222580,MIA OUSLEY,CORINA LOPEZ,skipped,1,3
457500,Provisional - 400C,222581,MIA OUSLEY,CORINA LOPEZ,skipped,1,3
457500,Provisional - 400C,222582,CORINA LOPEZ,LEAH HALL,MIA OUSLEY,1,3
457500,Provisional - 400C,222583,CORINA LOPEZ,LEAH HALL,MIA OUSLEY,1,3
457700,Provisional - 400C,222584,MIA OUSLEY,LEAH HALL,CORINA LOPEZ,1,3
457700,Provisional - 400C,222585,LEAH HALL,skipped,skipped,1,3
457700,Provisional - 400C,222586,LEAH HALL,MIA OUSLEY,CORINA LOPEZ,1,3
457700,Provisional - 400C,222587,LEAH HALL,MIA OUSLEY,CORINA LOPEZ,1,3
457700,Provisional - 400C,222588,MIA OUSLEY,CORINA LOPEZ,LEAH HALL,1,3
457700,Provisional - 400C,222589,MIA OUSLEY,skipped,skipped,1,3
457700,Provisional - 400C,222590,CORINA LOPEZ,LEAH HALL,MIA OUSLEY,1,3
457700,Provisional - 400C,222591,CORINA LOPEZ,LEAH HALL,MIA OUSLEY,1,3
457700,Provisional - 400C,222592,LEAH HALL,MIA OUSLEY,CORINA LOPEZ,1,3
457700,Provisional - 400C,222593,MIA OUSLEY,skipped,skipped,1,3
457700,Provisional - 400C,222595,MIA OUSLEY,LEAH HALL,CORINA LOPEZ,1,3
457700,Provisional - 400C,222596,MIA OUSLEY,skipped,skipped,1,3
457700,Provisional - 400C,222597,CORINA LOPEZ,skipped,skipped,1,3
457700,Provisional - 400C,222598,LEAH HALL,CORINA LOPEZ,skipped,1,3
457700,Provisional - 400C,222599,MIA OUSLEY,LEAH HALL,CORINA LOPEZ,1,3
458300,Provisional - 400C,222600,CORINA LOPEZ,skipped,skipped,1,3
458300,Provisional - 400C,222601,CORINA LOPEZ,MIA OUSLEY,LEAH HALL,1,3
458300,Provisional - 400C,222602,CORINA LOPEZ,skipped,skipped,1,3
458300,Provisional - 400C,222603,LEAH HALL,MIA OUSLEY,skipped,1,3
458300,Provisional - 400C,222604,CORINA LOPEZ,skipped,skipped,1,3
458300,Provisional - 400C,222605,CORINA LOPEZ,skipped,skipped,1,3
458300,Provisional - 400C,222606,MIA OUSLEY,LEAH HALL,CORINA LOPEZ,1,3
458300,Provisional - 400C,222607,CORINA LOPEZ,skipped,skipped,1,3
458300,Provisional - 400C,222608,CORINA LOPEZ,skipped,skipped,1,3
458300,Provisional - 400C,222610,CORINA LOPEZ,LEAH HALL,MIA OUSLEY,1,3
458300,Provisional - 400C,222611,LEAH HALL,skipped,skipped,1,3
458300,Provisional - 400C,222612,LEAH HALL,CORINA LOPEZ,MIA OUSLEY,1,3
458300,Provisional - 400C,222613,CORINA LOPEZ,skipped,skipped,1,3
458300,Provisional - 400C,222615,CORINA LOPEZ,skipped,skipped,1,3
458300,Provisional - 400C,222616,MIA OUSLEY,LEAH HALL,CORINA LOPEZ,1,3
458300,Provisional - 400C,222617,CORINA LOPEZ,skipped,skipped,1,3
458300,Provisional - 400C,222618,CORINA LOPEZ,skipped,skipped,1,3
458300,Provisional - 400C,222619,CORINA LOPEZ,MIA OUSLEY,LEAH HALL,1,3
458500,Provisional - 400C,222621,LEAH HALL,CORINA LOPEZ,MIA OUSLEY,1,3
458500,Provisional - 400C,222622,CORINA LOPEZ,MIA OUSLEY,LEAH HALL,1,3
458500,Provisional - 400C,222624,LEAH HALL,CORINA LOPEZ,MIA OUSLEY,1,3
458500,Provisional - 400C,222625,LEAH HALL,MIA OUSLEY,CORINA LOPEZ,1,3
458800,Provisional - 400C,222626,CORINA LOPEZ,LEAH HALL,MIA OUSLEY,1,3
458800,Provisional - 400C,222627,CORINA LOPEZ,skipped,skipped,1,3
458800,Provisional - 400C,222628,MIA OUSLEY,skipped,skipped,1,3
458800,Provisional - 400C,222629,CORINA LOPEZ,MIA OUSLEY,LEAH HALL,1,3
458800,Provisional - 400C,222630,CORINA LOPEZ,MIA OUSLEY,LEAH HALL,1,3
458800,Provisional - 400C,222631,LEAH HALL,MIA OUSLEY,CORINA LOPEZ,1,3
458900,Provisional - 400C,222632,MIA OUSLEY,skipped,skipped,1,3
458900,Provisional - 400C,222633,CORINA LOPEZ,MIA OUSLEY,LEAH HALL,1,3
458900,Provisional - 400C,222634,LEAH HALL,MIA OUSLEY,CORINA LOPEZ,1,3
458900,Provisional - 400C,222635,MIA OUSLEY,skipped,skipped,1,3
458900,Provisional - 400C,222636,CORINA LOPEZ,LEAH HALL,MIA OUSLEY,1,3
458900,Provisional - 400C,222638,CORINA LOPEZ,MIA OUSLEY,LEAH HALL,1,3
450300,Vote by Mail - 400C,227749,MIA OUSLEY,LEAH HALL,skipped,1,3
450300,Vote by Mail - 400C,227750,LEAH HALL,skipped,skipped,1,3
450300,Vote by Mail - 400C,227751,CORINA LOPEZ,LEAH HALL,MIA OUSLEY,1,3
450300,Vote by Mail - 400C,227752,MIA OUSLEY,CORINA LOPEZ,skipped,1,3
450300,Vote by Mail - 400C,227753,CORINA LOPEZ,MIA OUSLEY,LEAH HALL,1,3
450300,Vote by Mail - 400C,227754,CORINA LOPEZ,MIA OUSLEY,LEAH HALL,1,3
450300,Vote by Mail - 400C,227755,LEAH HALL,MIA OUSLEY,skipped,1,3
450300,Vote by Mail - 400C,227756,MIA OUSLEY,LEAH HALL,CORINA LOPEZ,1,3
450400,Vote by Mail - 400C,227757,MIA OUSLEY,LEAH HALL,CORINA LOPEZ,1,3
450400,Vote by Mail - 400C,227758,CORINA LOPEZ,MIA OUSLEY,LEAH HALL,1,3
450400,Vote by Mail - 400C,227759,MIA OUSLEY,CORINA LOPEZ,LEAH HALL,1,3
450400,Vote by Mail - 400C,227765,MIA OUSLEY,LEAH HALL,CORINA LOPEZ,1,3
450400,Vote by Mail - 400C,227766,CORINA LOPEZ,MIA OUSLEY,skipped,1,3
450400,Vote by Mail - 400C,227767,CORINA LOPEZ,MIA OUSLEY,LEAH HALL,1,3
450400,Vote by Mail - 400C,227770,MIA OUSLEY,LEAH HALL,CORINA LOPEZ,1,3
450610,Vote by Mail - 400C,227773,CORINA LOPEZ,MIA OUSLEY,LEAH HALL,1,3
450610,Vote by Mail - 400C,227774,CORINA LOPEZ,LEAH HALL,MIA OUSLEY,1,3
450610,Vote by Mail - 400C,227775,LEAH HALL,CORINA LOPEZ,skipped,1,3
450610,Vote by Mail - 400C,227776,CORINA LOPEZ,MIA OUSLEY,skipped,1,3
450610,Vote by Mail - 400C,227783,LEAH HALL,CORINA LOPEZ,MIA OUSLEY,1,3
450610,Vote by Mail - 400C,227784,CORINA LOPEZ,MIA OUSLEY,skipped,1,3
450610,Vote by Mail - 400C,227785,CORINA LOPEZ,MIA OUSLEY,LEAH HALL,1,3
450800,Vote by Mail - 400C,227787,CORINA LOPEZ,MIA OUSLEY,LEAH HALL,1,3
450800,Vote by Mail - 400C,227788,CORINA LOPEZ,skipped,skipped,1,3
450800,Vote by Mail - 400C,227789,MIA OUSLEY,LEAH HALL,CORINA LOPEZ,1,3
450800,Vote by Mail - 400C,227793,LEAH HALL,CORINA LOPEZ,MIA OUSLEY,1,3
450800,Vote by Mail - 400C,227794,CORINA LOPEZ,MIA OUSLEY,LEAH HALL,1,3
450800,Vote by Mail - 400C,227795,MIA OUSLEY,LEAH HALL,CORINA LOPEZ,1,3
450800,Vote by Mail - 400C,227796,CORINA LOPEZ,skipped,skipped,1,3
450800,Vote by Mail - 400C,227799,LEAH HALL,MIA OUSLEY,CORINA LOPEZ,1,3
451000,Vote by Mail - 400C,227800,CORINA LOPEZ,MIA OUSLEY,skipped,1,3
451000,Vote by Mail - 400C,227805,LEAH HALL,MIA OUSLEY,skipped,1,3
451000,Vote by Mail - 400C,227806,LEAH HALL,skipped,skipped,1,3
451000,Vote by Mail - 400C,227807,MIA OUSLEY,LEAH HALL,skipped,1,3
451000,Vote by Mail - 400C,227808,CORINA LOPEZ,MIA OUSLEY,LEAH HALL,1,3
451000,Vote by Mail - 400C,227809,CORINA LOPEZ,skipped,skipped,1,3
451000,Vote by Mail - 400C,227810,CORINA LOPEZ,MIA OUSLEY,LEAH HALL,1,3
451000,Vote by Mail - 400C,227811,MIA OUSLEY,CORINA LOPEZ,LEAH HALL,1,3
451000,Vote by Mail - 400C,227812,MIA OUSLEY,LEAH HALL,CORINA LOPEZ,1,3
451000,Vote by Mail - 400C,227813,CORINA LOPEZ,LEAH HALL,MIA OUSLEY,1,3
451000,Vote by Mail - 400C,227814,CORINA LOPEZ,LEAH HALL,MIA OUSLEY,1,3
451000,Vote by Mail - 400C,227815,CORINA LOPEZ,MIA OUSLEY,LEAH HALL,1,3
451000,Vote by Mail - 400C,227816,LEAH HALL,MIA OUSLEY,CORINA LOPEZ,1,3
451510,Vote by Mail - 400C,227818,CORINA LOPEZ,LEAH HALL,MIA OUSLEY,1,3
451510,Vote by Mail - 400C,227823,CORINA LOPEZ,LEAH HALL,MIA OUSLEY,1,3
451510,Vote by Mail - 400C,227824,MIA OUSLEY,CORINA LOPEZ,LEAH HALL,1,3
451510,Vote by Mail - 400C,227825,LEAH HALL,MIA OUSLEY,CORINA LOPEZ,1,3
451510,Vote by Mail - 400C,227826,MIA OUSLEY,CORINA LOPEZ,skipped,1,3
451510,Vote by Mail - 400C,227827,LEAH HALL,MIA OUSLEY,CORINA LOPEZ,1,3
451510,Vote by Mail - 400C,227828,LEAH HALL,MIA OUSLEY,CORINA LOPEZ,1,3
451510,Vote by Mail - 400C,227829,LEAH HALL,MIA OUSLEY,CORINA LOPEZ,1,3
451510,Vote by Mail - 400C,227830,LEAH HALL,MIA OUSLEY,CORINA LOPEZ,1,3
451510,Vote by Mail - 400C,227831,LEAH HALL,CORINA LOPEZ,MIA OUSLEY,1,3
451510,Vote by Mail - 400C,227832,MIA OUSLEY,CORINA LOPEZ,skipped,1,3
451510,Vote by Mail - 400C,227833,CORINA LOPEZ,skipped,skipped,1,3
451510,Vote by Mail - 400C,227834,MIA OUSLEY,LEAH HALL,CORINA LOPEZ,1,3
451510,Vote by Mail - 400C,227835,MIA OUSLEY,CORINA LOPEZ,LEAH HALL,1,3
451600,Vote by Mail - 400C,227836,CORINA LOPEZ,skipped,skipped,1,3
451600,Vote by Mail - 400C,227839,CORINA LOPEZ,LEAH HALL,MIA OUSLEY,1,3
451600,Vote by Mail - 400C,227840,LEAH HALL,MIA OUSLEY,skipped,1,3
451600,Vote by Mail - 400C,227841,CORINA LOPEZ,LEAH HALL,skipped,1,3
451600,Vote by Mail - 400C,227842,LEAH HALL,skipped,skipped,1,3
451600,Vote by Mail - 400C,227843,CORINA LOPEZ,MIA OUSLEY,LEAH HALL,1,3
451700,Vote by Mail - 400C,227844,CORINA LOPEZ,MIA OUSLEY,LEAH HALL,1,3
451700,Vote by Mail - 400C,227846,CORINA LOPEZ,MIA OUSLEY,LEAH HALL,1,3
451700,Vote by Mail - 400C,227848,CORINA LOPEZ,skipped,skipped,1,3
451700,Vote by Mail - 400C,227849,CORINA LOPEZ,MIA OUSLEY,LEAH HALL,1,3
451700,Vote by Mail - 400C,227850,LEAH HALL,skipped,skipped,1,3
451700,Vote by Mail - 400C,227851,CORINA LOPEZ,skipped,skipped,1,3
451700,Vote by Mail - 400C,227852,MIA OUSLEY,skipped,skipped,1,3
451700,Vote by Mail - 400C,227853,MIA OUSLEY,LEAH HALL,CORINA LOPEZ,1,3
451700,Vote by Mail - 400C,227854,MIA OUSLEY,CORINA LOPEZ,skipped,1,3
452100,Vote by Mail - 400C,227858,MIA OUSLEY,CORINA LOPEZ,skipped,1,3
452100,Vote by Mail - 400C,227859,CORINA LOPEZ,MIA OUSLEY,skipped,1,3
452100,Vote by Mail - 400C,227860,MIA OUSLEY,skipped,skipped,1,3
452100,Vote by Mail - 400C,227861,MIA OUSLEY,skipped,skipped,1,3
452100,Vote by Mail - 400C,227862,MIA OUSLEY,skipped,skipped,1,3
452100,Vote by Mail - 400C,227863,CORINA LOPEZ,MIA OUSLEY,LEAH HALL,1,3
452100,Vote by Mail - 400C,227864,CORINA LOPEZ,MIA OUSLEY,LEAH HALL,1,3
452100,Vote by Mail - 400C,227865,MIA OUSLEY,skipped,skipped,1,3
452100,Vote by Mail - 400C,227866,CORINA LOPEZ,skipped,skipped,1,3
452200,Vote by Mail - 400C,227867,MIA OUSLEY,LEAH HALL,CORINA LOPEZ,1,3
452200,Vote by Mail - 400C,227868,CORINA LOPEZ,MIA OUSLEY,LEAH HALL,1,3
452200,Vote by Mail - 400C,227869,LEAH HALL,MIA OUSLEY,skipped,1,3
452200,Vote by Mail - 400C,227870,LEAH HALL,CORINA LOPEZ,MIA OUSLEY,1,3
452200,Vote by Mail - 400C,227871,LEAH HALL,CORINA LOPEZ,MIA OUSLEY,1,3
452200,Vote by Mail - 400C,227872,LEAH HALL,MIA OUSLEY,skipped,1,3
452200,Vote by Mail - 400C,227874,MIA OUSLEY,LEAH HALL,CORINA LOPEZ,1,3
452200,Vote by Mail - 400C,227878,LEAH HALL,MIA OUSLEY,CORINA LOPEZ,1,3
452400,Vote by Mail - 400C,227879,CORINA LOPEZ,LEAH HALL,MIA OUSLEY,1,3
452400,Vote by Mail - 400C,227880,LEAH HALL,MIA OUSLEY,skipped,1,3
452400,Vote by Mail - 400C,227881,CORINA LOPEZ,LEAH HALL,skipped,1,3
452400,Vote by Mail - 400C,227885,CORINA LOPEZ,MIA OUSLEY,LEAH HALL,1,3
452500,Vote by Mail - 400C,227887,CORINA LOPEZ,LEAH HALL,MIA OUSLEY,1,3
452500,Vote by Mail - 400C,227888,CORINA LOPEZ,LEAH HALL,MIA OUSLEY,1,3
452500,Vote by Mail - 400C,227889,CORINA LOPEZ,LEAH HALL,MIA OUSLEY,1,3
452500,Vote by Mail - 400C,227890,LEAH HALL,CORINA LOPEZ,MIA OUSLEY,1,3
452500,Vote by Mail - 400C,227891,CORINA LOPEZ,LEAH HALL,skipped,1,3
452500,Vote by Mail - 400C,227892,CORINA LOPEZ,LEAH HALL,MIA OUSLEY,1,3
452500,Vote by Mail - 400C,227893,MIA OUSLEY,CORINA LOPEZ,LEAH HALL,1,3
452500,Vote by Mail - 400C,227894,LEAH HALL,skipped,skipped,1,3
453100,Vote by Mail - 400C,227895,CORINA LOPEZ,LEAH HALL,MIA OUSLEY,1,3
453100,Vote by Mail - 400C,227897,CORINA LOPEZ,LEAH HALL,MIA OUSLEY,1,3
453100,Vote by Mail - 400C,227900,LEAH HALL,CORINA LOPEZ,MIA OUSLEY,1,3
453100,Vote by Mail - 400C,227901,LEAH HALL,MIA OUSLEY,skipped,1,3
453100,Vote by Mail - 400C,227903,CORINA LOPEZ,skipped,skipped,1,3
453100,Vote by Mail - 400C,227904,CORINA LOPEZ,LEAH HALL,MIA OUSLEY,1,3
453100,Vote by Mail - 400C,227905,LEAH HALL,CORINA LOPEZ,MIA OUSLEY,1,3
453100,Vote by Mail - 400C,227906,CORINA LOPEZ,LEAH HALL,MIA OUSLEY,1,3
453300,Vote by Mail - 400C,227909,CORINA LOPEZ,MIA OUSLEY,LEAH HALL,1,3
453300,Vote by Mail - 400C,227910,CORINA LOPEZ,MIA OUSLEY,skipped,1,3
453300,Vote by Mail - 400C,227911,MIA OUSLEY,CORINA LOPEZ,LEAH HALL,1,3
453400,Vote by Mail - 400C,227914,LEAH HALL,MIA OUSLEY,CORINA LOPEZ,1,3
453400,Vote by Mail - 400C,227915,CORINA LOPEZ,LEAH HALL,MIA OUSLEY,1,3
453400,Vote by Mail - 400C,227916,CORINA LOPEZ,MIA OUSLEY,skipped,1,3
453400,Vote by Mail - 400C,227920,LEAH HALL,CORINA LOPEZ,MIA OUSLEY,1,3
453400,Vote by Mail - 400C,227921,MIA OUSLEY,CORINA LOPEZ,skipped,1,3
453400,Vote by Mail - 400C,227922,CORINA LOPEZ,MIA OUSLEY,skipped,1,3
453400,Vote by Mail - 400C,227923,LEAH HALL,MIA OUSLEY,skipped,1,3
453400,Vote by Mail - 400C,227924,LEAH HALL,skipped,skipped,1,3
453400,Vote by Mail - 400C,227925,MIA OUSLEY,LEAH HALL,skipped,1,3
453400,Vote by Mail - 400C,227926,MIA OUSLEY,LEAH HALL,skipped,1,3
453400,Vote by Mail - 400C,227927,MIA OUSLEY,LEAH HALL,skipped,1,3
453400,Vote by Mail - 400C,227928,CORINA LOPEZ,LEAH HALL,MIA OUSLEY,1,3
453400,Vote by Mail - 400C,227929,CORINA LOPEZ,skipped,skipped,1,3
453400,Vote by Mail - 400C,227930,LEAH HALL,CORINA LOPEZ,MIA OUSLEY,1,3
453400,Vote by Mail - 400C,227931,LEAH HALL,MIA OUSLEY,CORINA LOPEZ,1,3
453500,Vote by Mail - 400C,227937,CORINA LOPEZ,LEAH HALL,MIA OUSLEY,1,3
453500,Vote by Mail - 400C,227943,MIA OUSLEY,skipped,skipped,1,3
453500,Vote by Mail - 400C,227944,MIA OUSLEY,skipped,skipped,1,3
453500,Vote by Mail - 400C,227945,MIA OUSLEY,skipped,skipped,1,3
453500,Vote by Mail - 400C,227946,MIA OUSLEY,LEAH HALL,skipped,1,3
453500,Vote by Mail - 400C,227947,MIA OUSLEY,skipped,skipped,1,3
453500,Vote by Mail - 400C,227948,LEAH HALL,CORINA LOPEZ,MIA OUSLEY,1,3
453500,Vote by Mail - 400C,227949,LEAH HALL,skipped,skipped,1,3
453500,Vote by Mail - 400C,227950,CORINA LOPEZ,LEAH HALL,MIA OUSLEY,1,3
453500,Vote by Mail - 400C,227952,CORINA LOPEZ,MIA OUSLEY,LEAH HALL,1,3
453500,Vote by Mail - 400C,227953,MIA OUSLEY,skipped,skipped,1,3
453500,Vote by Mail - 400C,227954,CORINA LOPEZ,skipped,skipped,1,3
453500,Vote by Mail - 400C,227955,LEAH HALL,CORINA LOPEZ,MIA OUSLEY,1,3
453900,Vote by Mail - 400C,227956,CORINA LOPEZ,LEAH HALL,MIA OUSLEY,1,3
453900,Vote by Mail - 400C,227957,LEAH HALL,skipped,skipped,1,3
453900,Vote by Mail - 400C,227958,LEAH HALL,skipped,skipped,1,3
453900,Vote by Mail - 400C,227959,CORINA LOPEZ,skipped,skipped,1,3
453900,Vote by Mail - 400C,227960,LEAH HALL,CORINA LOPEZ,skipped,1,3
453900,Vote by Mail - 400C,227961,LEAH HALL,CORINA LOPEZ,skipped,1,3
453900,Vote by Mail - 400C,227967,CORINA LOPEZ,skipped,skipped,1,3
453900,Vote by Mail - 400C,227968,CORINA LOPEZ,LEAH HALL,skipped,1,3
453920,Vote by Mail - 400C,227969,CORINA LOPEZ,LEAH HALL,skipped,1,3
453920,Vote by Mail - 400C,227970,LEAH HALL,CORINA LOPEZ,MIA OUSLEY,1,3
453920,Vote by Mail - 400C,227971,CORINA LOPEZ,skipped,skipped,1,3
453920,Vote by Mail - 400C,227972,LEAH HALL,CORINA LOPEZ,MIA OUSLEY,1,3
453920,Vote by Mail - 400C,227974,CORINA LOPEZ,MIA OUSLEY,skipped,1,3
453920,Vote by Mail - 400C,227975,MIA OUSLEY,CORINA LOPEZ,LEAH HALL,1,3
453920,Vote by Mail - 400C,227976,CORINA LOPEZ,skipped,skipped,1,3
453920,Vote by Mail - 400C,227977,LEAH HALL,skipped,skipped,1,3
453920,Vote by Mail - 400C,227978,CORINA LOPEZ,LEAH HALL,skipped,1,3
454100,Vote by Mail - 400C,227979,CORINA LOPEZ,LEAH HALL,skipped,1,3
454100,Vote by Mail - 400C,227982,CORINA LOPEZ,MIA OUSLEY,LEAH HALL,1,3
454100,Vote by Mail - 400C,227983,CORINA LOPEZ,MIA OUSLEY,LEAH HALL,1,3
454100,Vote by Mail - 400C,227985,CORINA LOPEZ,MIA OUSLEY,LEAH HALL,1,3
454100,Vote by Mail - 400C,227988,CORINA LOPEZ,skipped,skipped,1,3
454100,Vote by Mail - 400C,227989,LEAH HALL,MIA OUSLEY,CORINA LOPEZ,1,3
454100,Vote by Mail - 400C,227990,CORINA LOPEZ,MIA OUSLEY,LEAH HALL,1,3
454100,Vote by Mail - 400C,227991,CORINA LOPEZ,skipped,skipped,1,3
454100,Vote by Mail - 400C,227992,LEAH HALL,CORINA LOPEZ,skipped,1,3
454100,Vote by Mail - 400C,227993,CORINA LOPEZ,LEAH HALL,skipped,1,3
454500,Vote by Mail - 400C,227994,MIA OUSLEY,CORINA LOPEZ,LEAH HALL,1,3
454500,Vote by Mail - 400C,227996,LEAH HALL,MIA OUSLEY,CORINA LOPEZ,1,3
454500,Vote by Mail - 400C,227999,LEAH HALL,MIA OUSLEY,CORINA LOPEZ,1,3
455100,Vote by Mail - 400C,228004,CORINA LOPEZ,MIA OUSLEY,LEAH HALL,1,3
455100,Vote by Mail - 400C,228005,CORINA LOPEZ,skipped,skipped,1,3
455100,Vote by Mail - 400C,228006,LEAH HALL,skipped,skipped,1,3
455100,Vote by Mail - 400C,228007,LEAH HALL,CORINA LOPEZ,skipped,1,3
455100,Vote by Mail - 400C,228009,MIA OUSLEY,LEAH HALL,CORINA LOPEZ,1,3
455300,Vote by Mail - 400C,228012,CORINA LOPEZ,skipped,skipped,1,3
455400,Vote by Mail - 400C,228018,MIA OUSLEY,skipped,skipped,1,3
455400,Vote by Mail - 400C,228020,CORINA LOPEZ,LEAH HALL,MIA OUSLEY,1,3
455400,Vote by Mail - 400C,228022,CORINA LOPEZ,skipped,skipped,1,3
455400,Vote by Mail - 400C,228026,MIA OUSLEY,CORINA LOPEZ,LEAH HALL,1,3
455400,Vote by Mail - 400C,228027,LEAH HALL,skipped,skipped,1,3
455400,Vote by Mail - 400C,228028,MIA OUSLEY,CORINA LOPEZ,skipped,1,3
455400,Vote by Mail - 400C,228029,MIA OUSLEY,CORINA LOPEZ,LEAH HALL,1,3
455400,Vote by Mail - 400C,228030,MIA OUSLEY,CORINA LOPEZ,skipped,1,3
455400,Vote by Mail - 400C,228031,MIA OUSLEY,LEAH HALL,CORINA LOPEZ,1,3
455500,Vote by Mail - 400C,228035,CORINA LOPEZ,MIA OUSLEY,LEAH HALL,1,3
455500,Vote by Mail - 400C,228036,MIA OUSLEY,LEAH HALL,CORINA LOPEZ,1,3
455500,Vote by Mail - 400C,228037,CORINA LOPEZ,LEAH HALL,MIA OUSLEY,1,3
455500,Vote by Mail - 400C,228038,LEAH HALL,skipped,skipped,1,3
455700,Vote by Mail - 400C,228039,MIA OUSLEY,LEAH HALL,skipped,1,3
455700,Vote by Mail - 400C,228040,MIA OUSLEY,CORINA LOPEZ,skipped,1,3
455700,Vote by Mail - 400C,228041,LEAH HALL,MIA OUSLEY,CORINA LOPEZ,1,3
455700,Vote by Mail - 400C,228043,CORINA LOPEZ,LEAH HALL,skipped,1,3
455700,Vote by Mail - 400C,228044,MIA OUSLEY,LEAH HALL,skipped,1,3
455700,Vote by Mail - 400C,228046,CORINA LOPEZ,LEAH HALL,MIA OUSLEY,1,3
455900,Vote by Mail - 400C,228047,MIA OUSLEY,skipped,skipped,1,3
455900,Vote by Mail - 400C,228049,CORINA LOPEZ,LEAH HALL,MIA OUSLEY,1,3
455900,Vote by Mail - 400C,228050,CORINA LOPEZ,MIA OUSLEY,LEAH HALL,1,3
455900,Vote by Mail - 400C,228051,MIA OUSLEY,CORINA LOPEZ,LEAH HALL,1,3
455900,Vote by Mail - 400C,228053,MIA OUSLEY,CORINA LOPEZ,LEAH HALL,1,3
455900,Vote by Mail - 400C,228055,MIA OUSLEY,CORINA LOPEZ,skipped,1,3
455900,Vote by Mail - 400C,228056,MIA OUSLEY,LEAH HALL,skipped,1,3
455900,Vote by Mail - 400C,228057,LEAH HALL,MIA OUSLEY,skipped,1,3
455900,Vote by Mail - 400C,228059,CORINA LOPEZ,skipped,skipped,1,3
455900,Vote by Mail - 400C,228060,MIA OUSLEY,skipped,skipped,1,3
455900,Vote by Mail - 400C,228061,CORINA LOPEZ,LEAH HALL,MIA OUSLEY,1,3
455900,Vote by Mail - 400C,228062,MIA OUSLEY,CORINA LOPEZ,LEAH HALL,1,3
455900,Vote by Mail - 400C,228063,CORINA LOPEZ,LEAH HALL,MIA OUSLEY,1,3
456200,Vote by Mail - 400C,228064,LEAH HALL,MIA OUSLEY,CORINA LOPEZ,1,3
456200,Vote by Mail - 400C,228068,CORINA LOPEZ,LEAH HALL,MIA OUSLEY,1,3
456200,Vote by Mail - 400C,228070,LEAH HALL,MIA OUSLEY,skipped,1,3
456200,Vote by Mail - 400C,228071,MIA OUSLEY,CORINA LOPEZ,skipped,1,3
456200,Vote by Mail - 400C,228072,CORINA LOPEZ,MIA OUSLEY,LEAH HALL,1,3
456200,Vote by Mail - 400C,228074,CORINA LOPEZ,LEAH HALL,MIA OUSLEY,1,3
456200,Vote by Mail - 400C,228075,MIA OUSLEY,skipped,skipped,1,3
456200,Vote by Mail - 400C,228076,CORINA LOPEZ,MIA OUSLEY,LEAH HALL,1,3
456200,Vote by Mail - 400C,228077,CORINA LOPEZ,skipped,skipped,1,3
456200,Vote by Mail - 400C,228078,LEAH HALL,skipped,skipped,1,3
456500,Vote by Mail - 400C,228079,LEAH HALL,CORINA LOPEZ,MIA OUSLEY,1,3
456500,Vote by Mail - 400C,228080,LEAH HALL,CORINA LOPEZ,MIA OUSLEY,1,3
456500,Vote by Mail - 400C,228081,CORINA LOPEZ,MIA OUSLEY,LEAH HALL,1,3
456500,Vote by Mail - 400C,228082,MIA OUSLEY,CORINA LOPEZ,LEAH HALL,1,3
456500,Vote by Mail - 400C,228083,CORINA LOPEZ,skipped,skipped,1,3
456500,Vote by Mail - 400C,228084,CORINA LOPEZ,LEAH HALL,MIA OUSLEY,1,3
456500,Vote by Mail - 400C,228086,CORINA LOPEZ,MIA OUSLEY,LEAH HALL,1,3
456500,Vote by Mail - 400C,228087,LEAH HALL,skipped,skipped,1,3
456500,Vote by Mail - 400C,228089,CORINA LOPEZ,LEAH HALL,MIA OUSLEY,1,3
456500,Vote by Mail - 400C,228090,CORINA LOPEZ,skipped,skipped,1,3
456500,Vote by Mail - 400C,228091,CORINA LOPEZ,LEAH HALL,MIA OUSLEY,1,3
456600,Vote by Mail - 400C,228093,CORINA LOPEZ,MIA OUSLEY,LEAH HALL,1,3
456600,Vote by Mail - 400C,228095,CORINA LOPEZ,MIA OUSLEY,LEAH HALL,1,3
456600,Vote by Mail - 400C,228096,CORINA LOPEZ,skipped,skipped,1,3
456600,Vote by Mail - 400C,228097,CORINA LOPEZ,skipped,skipped,1,3
456600,Vote by Mail - 400C,228098,CORINA LOPEZ,skipped,skipped,1,3
456600,Vote by Mail - 400C,228099,CORINA LOPEZ,MIA OUSLEY,LEAH HALL,1,3
456600,Vote by Mail - 400C,228100,MIA OUSLEY,skipped,skipped,1,3
456600,Vote by Mail - 400C,228103,CORINA LOPEZ,MIA OUSLEY,skipped,1,3
456600,Vote by Mail - 400C,228104,CORINA LOPEZ,LEAH HALL,MIA OUSLEY,1,3
456900,Vote by Mail - 400C,228106,CORINA LOPEZ,LEAH HALL,skipped,1,3
456900,Vote by Mail - 400C,228107,CORINA LOPEZ,skipped,skipped,1,3
456900,Vote by Mail - 400C,228108,MIA OUSLEY,CORINA LOPEZ,skipped,1,3
456900,Vote by Mail - 400C,228111,MIA OUSLEY,LEAH HALL,CORINA LOPEZ,1,3
457100,Vote by Mail - 400C,228112,CORINA LOPEZ,skipped,skipped,1,3
457100,Vote by Mail - 400C,228113,MIA OUSLEY,LEAH HALL,skipped,1,3
457100,Vote by Mail - 400C,228114,LEAH HALL,MIA OUSLEY,CORINA LOPEZ,1,3
457100,Vote by Mail - 400C,228115,MIA OUSLEY,LEAH HALL,CORINA LOPEZ,1,3
457100,Vote by Mail - 400C,228116,LEAH HALL,CORINA LOPEZ,MIA OUSLEY,1,3
457100,Vote by Mail - 400C,228117,MIA OUSLEY,CORINA LOPEZ,LEAH HALL,1,3
457100,Vote by Mail - 400C,228118,MIA OUSLEY,LEAH HALL,CORINA LOPEZ,1,3
457100,Vote by Mail - 400C,228119,CORINA LOPEZ,LEAH HALL,MIA OUSLEY,1,3
457100,Vote by Mail - 400C,228120,MIA OUSLEY,CORINA LOPEZ,LEAH HALL,1,3
457300,Vote by Mail - 400C,228123,LEAH HALL,skipped,skipped,1,3
457300,Vote by Mail - 400C,228126,LEAH HALL,MIA OUSLEY,skipped,1,3
457300,Vote by Mail - 400C,228127,CORINA LOPEZ,MIA OUSLEY,skipped,1,3
457300,Vote by Mail - 400C,228128,CORINA LOPEZ,MIA OUSLEY,LEAH HALL,1,3
457300,Vote by Mail - 400C,228129,MIA OUSLEY,CORINA LOPEZ,LEAH HALL,1,3
457300,Vote by Mail - 400C,228130,CORINA LOPEZ,LEAH HALL,MIA OUSLEY,1,3
457300,Vote by Mail - 400C,228131,LEAH HALL,CORINA LOPEZ,MIA OUSLEY,1,3
457300,Vote by Mail - 400C,228132,CORINA LOPEZ,MIA OUSLEY,skipped,1,3
457300,Vote by Mail - 400C,228133,CORINA LOPEZ,skipped,skipped,1,3
457300,Vote by Mail - 400C,228134,CORINA LOPEZ,skipped,skipped,1,3
457300,Vote by Mail - 400C,228136,LEAH HALL,CORINA LOPEZ,MIA OUSLEY,1,3
457300,Vote by Mail - 400C,228137,LEAH HALL,skipped,skipped,1,3
457400,Vote by Mail - 400C,228138,CORINA LOPEZ,skipped,skipped,1,3
457400,Vote by Mail - 400C,228142,LEAH HALL,CORINA LOPEZ,MIA OUSLEY,1,3
457400,Vote by Mail - 400C,228143,MIA OUSLEY,CORINA LOPEZ,LEAH HALL,1,3
457400,Vote by Mail - 400C,228145,MIA OUSLEY,LEAH HALL,skipped,1,3
457400,Vote by Mail - 400C,228146,MIA OUSLEY,CORINA LOPEZ,skipped,1,3
457400,Vote by Mail - 400C,228148,MIA OUSLEY,LEAH HALL,skipped,1,3
457400,Vote by Mail - 400C,228149,MIA OUSLEY,CORINA LOPEZ,skipped,1,3
457400,Vote by Mail - 400C,228150,CORINA LOPEZ,MIA OUSLEY,LEAH HALL,1,3
457400,Vote by Mail - 400C,228151,MIA OUSLEY,CORINA LOPEZ,skipped,1,3
457400,Vote by Mail - 400C,228153,MIA OUSLEY,CORINA LOPEZ,skipped,1,3
457500,Vote by Mail - 400C,228155,CORINA LOPEZ,skipped,skipped,1,3
457500,Vote by Mail - 400C,228156,MIA OUSLEY,CORINA LOPEZ,LEAH HALL,1,3
457500,Vote by Mail - 400C,228157,MIA OUSLEY,CORINA LOPEZ,skipped,1,3
457500,Vote by Mail - 400C,228160,MIA OUSLEY,LEAH HALL,CORINA LOPEZ,1,3
457500,Vote by Mail - 400C,228161,LEAH HALL,MIA OUSLEY,CORINA LOPEZ,1,3
457500,Vote by Mail - 400C,228163,CORINA LOPEZ,LEAH HALL,MIA OUSLEY,1,3
457500,Vote by Mail - 400C,228164,MIA OUSLEY,CORINA LOPEZ,LEAH HALL,1,3
457500,Vote by Mail - 400C,228165,CORINA LOPEZ,MIA OUSLEY,LEAH HALL,1,3
457500,Vote by Mail - 400C,228166,LEAH HALL,MIA OUSLEY,skipped,1,3
457500,Vote by Mail - 400C,228168,CORINA LOPEZ,skipped,skipped,1,3
457700,Vote by Mail - 400C,228169,LEAH HALL,MIA OUSLEY,CORINA LOPEZ,1,3
457700,Vote by Mail - 400C,228170,MIA OUSLEY,CORINA LOPEZ,skipped,1,3
457700,Vote by Mail - 400C,228172,MIA OUSLEY,CORINA LOPEZ,LEAH HALL,1,3
457700,Vote by Mail - 400C,228173,CORINA LOPEZ,LEAH HALL,skipped,1,3
457700,Vote by Mail - 400C,228174,LEAH HALL,MIA OUSLEY,CORINA LOPEZ,1,3
457900,Vote by Mail - 400C,228176,MIA OUSLEY,skipped,skipped,1,3
457900,Vote by Mail - 400C,228180,CORINA LOPEZ,skipped,skipped,1,3
457900,Vote by Mail - 400C,228181,CORINA LOPEZ,LEAH HALL,skipped,1,3
457900,Vote by Mail - 400C,228184,CORINA LOPEZ,MIA OUSLEY,LEAH HALL,1,3
457900,Vote by Mail - 400C,228186,CORINA LOPEZ,LEAH HALL,skipped,1,3
457900,Vote by Mail - 400C,228188,CORINA LOPEZ,skipped,skipped,1,3
457900,Vote by Mail - 400C,228189,MIA OUSLEY,CORINA LOPEZ,LEAH HALL,1,3
457900,Vote by Mail - 400C,228190,LEAH HALL,skipped,skipped,1,3
457900,Vote by Mail - 400C,228191,MIA OUSLEY,CORINA LOPEZ,LEAH HALL,1,3
457900,Vote by Mail - 400C,228192,CORINA LOPEZ,LEAH HALL,skipped,1,3
458200,Vote by Mail - 400C,228196,CORINA LOPEZ,skipped,skipped,1,3
458200,Vote by Mail - 400C,228197,CORINA LOPEZ,LEAH HALL,MIA OUSLEY,1,3
458200,Vote by Mail - 400C,228198,LEAH HALL,CORINA LOPEZ,MIA OUSLEY,1,3
458200,Vote by Mail - 400C,228199,MIA OUSLEY,LEAH HALL,CORINA LOPEZ,1,3
458200,Vote by Mail - 400C,228200,CORINA LOPEZ,MIA OUSLEY,LEAH HALL,1,3
458200,Vote by Mail - 400C,228201,CORINA LOPEZ,MIA OUSLEY,skipped,1,3
458300,Vote by Mail - 400C,228202,LEAH HALL,skipped,skipped,1,3
458300,Vote by Mail - 400C,228203,CORINA LOPEZ,MIA OUSLEY,LEAH HALL,1,3
458300,Vote by Mail - 400C,228206,MIA OUSLEY,LEAH HALL,skipped,1,3
458300,Vote by Mail - 400C,228207,LEAH HALL,CORINA LOPEZ,MIA OUSLEY,1,3
458300,Vote by Mail - 400C,228208,CORINA LOPEZ,MIA OUSLEY,LEAH HALL,1,3
458300,Vote by Mail - 400C,228209,CORINA LOPEZ,LEAH HALL,skipped,1,3
458300,Vote by Mail - 400C,228210,CORINA LOPEZ,LEAH HALL,skipped,1,3
458300,Vote by Mail - 400C,228211,CORINA LOPEZ,MIA OUSLEY,LEAH HALL,1,3
458300,Vote by Mail - 400C,228212,MIA OUSLEY,LEAH HALL,skipped,1,3
458300,Vote by Mail - 400C,228213,CORINA LOPEZ,skipped,skipped,1,3
458300,Vote by Mail - 400C,228216,MIA OUSLEY,CORINA LOPEZ,skipped,1,3
458500,Vote by Mail - 400C,228218,CORINA LOPEZ,MIA OUSLEY,LEAH HALL,1,3
458500,Vote by Mail - 400C,228222,CORINA LOPEZ,MIA OUSLEY,LEAH HALL,1,3
458500,Vote by Mail - 400C,228223,MIA OUSLEY,LEAH HALL,CORINA LOPEZ,1,3
458500,Vote by Mail - 400C,228224,CORINA LOPEZ,skipped,skipped,1,3
458500,Vote by Mail - 400C,228226,LEAH HALL,MIA OUSLEY,CORINA LOPEZ,1,3
458800,Vote by Mail - 400C,228228,MIA OUSLEY,CORINA LOPEZ,LEAH HALL,1,3
458800,Vote by Mail - 400C,228229,MIA OUSLEY,CORINA LOPEZ,LEAH HALL,1,3
458800,Vote by Mail - 400C,228230,LEAH HALL,CORINA LOPEZ,MIA OUSLEY,1,3
458800,Vote by Mail - 400C,228232,LEAH HALL,CORINA LOPEZ,skipped,1,3
458800,Vote by Mail - 400C,228233,CORINA LOPEZ,LEAH HALL,MIA OUSLEY,1,3
458800,Vote by Mail - 400C,228234,MIA OUSLEY,CORINA LOPEZ,LEAH HALL,1,3
458800,Vote by Mail - 400C,228235,MIA OUSLEY,CORINA LOPEZ,LEAH HALL,1,3
458800,Vote by Mail - 400C,228236,LEAH HALL,skipped,skipped,1,3
458800,Vote by Mail - 400C,228237,LEAH HALL,skipped,skipped,1,3
458800,Vote by Mail - 400C,228238,CORINA LOPEZ,LEAH HALL,MIA OUSLEY,1,3
458800,Vote by Mail - 400C,228239,CORINA LOPEZ,LEAH HALL,MIA OUSLEY,1,3
458800,Vote by Mail - 400C,228240,MIA OUSLEY,LEAH HALL,CORINA LOPEZ,1,3
458800,Vote by Mail - 400C,228241,MIA OUSLEY,CORINA LOPEZ,LEAH HALL,1,3
458900,Vote by Mail - 400C,228242,MIA OUSLEY,skipped,skipped,1,3
458900,Vote by Mail - 400C,228243,LEAH HALL,skipped,skipped,1,3
458900,Vote by Mail - 400C,228244,CORINA LOPEZ,LEAH HALL,skipped,1,3
458900,Vote by Mail - 400C,228245,CORINA LOPEZ,MIA OUSLEY,skipped,1,3
458900,Vote by Mail - 400C,228246,LEAH HALL,skipped,skipped,1,3
458900,Vote by Mail - 400C,228247,CORINA LOPEZ,MIA OUSLEY,skipped,1,3
458900,Vote by Mail - 400C,228248,CORINA LOPEZ,LEAH HALL,MIA OUSLEY,1,3
9451500,Vote by Mail - 400C,228434,CORINA LOPEZ,LEAH HALL,MIA OUSLEY,1,3
9451500,Vote by Mail - 400C,228435,MIA OUSLEY,CORINA LOPEZ,LEAH HALL,1,3
9451500,Vote by Mail - 400C,228436,MIA OUSLEY,LEAH HALL,CORINA LOPEZ,1,3
9451500,Vote by Mail - 400C,228437,CORINA LOPEZ,LEAH HALL,MIA OUSLEY,1,3
9451500,Vote by Mail - 400C,228438,MIA OUSLEY,LEAH HALL,CORINA LOPEZ,1,3
9451500,Vote by Mail - 400C,228439,LEAH HALL,CORINA LOPEZ,MIA OUSLEY,1,3
9454700,Vote by Mail - 400C,228445,CORINA LOPEZ,MIA OUSLEY,LEAH HALL,1,3
9454700,Vote by Mail - 400C,228446,MIA OUSLEY,LEAH HALL,CORINA LOPEZ,1,3
9455010,Vote by Mail - 400C,228448,CORINA LOPEZ,LEAH HALL,MIA OUSLEY,1,3
9455010,Vote by Mail - 400C,228449,LEAH HALL,CORINA LOPEZ,MIA OUSLEY,1,3
9455010,Vote by Mail - 400C,228450,LEAH HALL,MIA OUSLEY,skipped,1,3
9455010,Vote by Mail - 400C,228451,CORINA LOPEZ,skipped,skipped,1,3
9455010,Vote by Mail - 400C,228455,CORINA LOPEZ,skipped,skipped,1,3
9455010,Vote by Mail - 400C,228456,LEAH HALL,MIA OUSLEY,CORINA LOPEZ,1,3
9455200,Vote by Mail - 400C,228457,CORINA LOPEZ,LEAH HALL,skipped,1,3
9455200,Vote by Mail - 400C,228458,MIA OUSLEY,LEAH HALL,CORINA LOPEZ,1,3
9455200,Vote by Mail - 400C,228460,CORINA LOPEZ,skipped,skipped,1,3
9455200,Vote by Mail - 400C,228461,CORINA LOPEZ,LEAH HALL,MIA OUSLEY,1,3
9455200,Vote by Mail - 400C,228462,MIA OUSLEY,LEAH HALL,CORINA LOPEZ,1,3
9455200,Vote by Mail - 400C,228464,MIA OUSLEY,LEAH HALL,CORINA LOPEZ,1,3
9455410,Vote by Mail - 400C,228465,CORINA LOPEZ,skipped,skipped,1,3
9455410,Vote by Mail - 400C,228466,LEAH HALL,CORINA LOPEZ,skipped,1,3
450400,Provisional - 400C,233075,CORINA LOPEZ,MIA OUSLEY,LEAH HALL,1,3
450610,Provisional - 400C,233076,MIA OUSLEY,CORINA LOPEZ,LEAH HALL,1,3
450610,Provisional - 400C,233077,MIA OUSLEY,CORINA LOPEZ,LEAH HALL,1,3
450800,Provisional - 400C,233078,CORINA LOPEZ,skipped,skipped,1,3
450800,Provisional - 400C,233079,CORINA LOPEZ,LEAH HALL,MIA OUSLEY,1,3
451000,Provisional - 400C,233080,MIA OUSLEY,skipped,skipped,1,3
451000,Provisional - 400C,233081,CORINA LOPEZ,MIA OUSLEY,LEAH HALL,1,3
451000,Provisional - 400C,233082,CORINA LOPEZ,LEAH HALL,MIA OUSLEY,1,3
451000,Provisional - 400C,233083,LEAH HALL,skipped,skipped,1,3
451000,Provisional - 400C,233084,CORINA LOPEZ,skipped,skipped,1,3
451000,Provisional - 400C,233085,CORINA LOPEZ,skipped,skipped,1,3
451000,Provisional - 400C,233086,LEAH HALL,MIA OUSLEY,CORINA LOPEZ,1,3
451000,Provisional - 400C,233087,CORINA LOPEZ,MIA OUSLEY,LEAH HALL,1,3
451000,Provisional - 400C,233088,LEAH HALL,skipped,skipped,1,3
451000,Provisional - 400C,233090,MIA OUSLEY,LEAH HALL,CORINA LOPEZ,1,3
451700,Provisional - 400C,233092,LEAH HALL,skipped,skipped,1,3
452200,Provisional - 400C,233093,MIA OUSLEY,LEAH HALL,CORINA LOPEZ,1,3
452200,Provisional - 400C,233094,LEAH HALL,skipped,skipped,1,3
452200,Provisional - 400C,233096,LEAH HALL,CORINA LOPEZ,MIA OUSLEY,1,3
452200,Provisional - 400C,233097,CORINA LOPEZ,skipped,skipped,1,3
452200,Provisional - 400C,233098,MIA OUSLEY,CORINA LOPEZ,LEAH HALL,1,3
452200,Provisional - 400C,233099,CORINA LOPEZ,MIA OUSLEY,LEAH HALL,1,3
452200,Provisional - 400C,233100,CORINA LOPEZ,LEAH HALL,MIA OUSLEY,1,3
452200,Provisional - 400C,233102,CORINA LOPEZ,LEAH HALL,MIA OUSLEY,1,3
452200,Provisional - 400C,233103,CORINA LOPEZ,LEAH HALL,MIA OUSLEY,1,3
452200,Provisional - 400C,233104,MIA OUSLEY,LEAH HALL,CORINA LOPEZ,1,3
452200,Provisional - 400C,233106,MIA OUSLEY,CORINA LOPEZ,LEAH HALL,1,3
452200,Provisional - 400C,233107,CORINA LOPEZ,skipped,skipped,1,3
452200,Provisional - 400C,233109,CORINA LOPEZ,skipped,skipped,1,3
452200,Provisional - 400C,233111,CORINA LOPEZ,LEAH HALL,MIA OUSLEY,1,3
452200,Provisional - 400C,233112,CORINA LOPEZ,skipped,skipped,1,3
452400,Provisional - 400C,233116,CORINA LOPEZ,LEAH HALL,MIA OUSLEY,1,3
452500,Provisional - 400C,233118,CORINA LOPEZ,LEAH HALL,MIA OUSLEY,1,3
452500,Provisional - 400C,233119,MIA OUSLEY,CORINA LOPEZ,LEAH HALL,1,3
453100,Provisional - 400C,233121,LEAH HALL,CORINA LOPEZ,skipped,1,3
453100,Provisional - 400C,233123,CORINA LOPEZ,MIA OUSLEY,skipped,1,3
453100,Provisional - 400C,233124,CORINA LOPEZ,MIA OUSLEY,skipped,1,3
453300,Provisional - 400C,233125,CORINA LOPEZ,LEAH HALL,MIA OUSLEY,1,3
453300,Provisional - 400C,233126,MIA OUSLEY,CORINA LOPEZ,LEAH HALL,1,3
453300,Provisional - 400C,233127,CORINA LOPEZ,skipped,skipped,1,3
453300,Provisional - 400C,233128,CORINA LOPEZ,LEAH HALL,MIA OUSLEY,1,3
453300,Provisional - 400C,233129,CORINA LOPEZ,LEAH HALL,MIA OUSLEY,1,3
453300,Provisional - 400C,233130,LEAH HALL,skipped,skipped,1,3
453300,Provisional - 400C,233131,CORINA LOPEZ,skipped,skipped,1,3
453300,Provisional - 400C,233132,CORINA LOPEZ,LEAH HALL,MIA OUSLEY,1,3
453300,Provisional - 400C,233133,LEAH HALL,CORINA LOPEZ,MIA OUSLEY,1,3
453400,Provisional - 400C,233137,MIA OUSLEY,skipped,skipped,1,3
453400,Provisional - 400C,233138,MIA OUSLEY,skipped,skipped,1,3
453500,Provisional - 400C,233143,LEAH HALL,CORINA LOPEZ,skipped,1,3
453500,Provisional - 400C,233144,CORINA LOPEZ,MIA OUSLEY,LEAH HALL,1,3
453900,Provisional - 400C,233147,LEAH HALL,skipped,skipped,1,3
453900,Provisional - 400C,233148,LEAH HALL,MIA OUSLEY,skipped,1,3
453920,Provisional - 400C,233149,CORINA LOPEZ,MIA OUSLEY,LEAH HALL,1,3
453920,Provisional - 400C,233150,CORINA LOPEZ,skipped,skipped,1,3
453920,Provisional - 400C,233151,CORINA LOPEZ,skipped,skipped,1,3
454100,Provisional - 400C,233157,CORINA LOPEZ,skipped,skipped,1,3
454500,Provisional - 400C,233158,CORINA LOPEZ,LEAH HALL,MIA OUSLEY,1,3
455000,Provisional - 400C,233164,CORINA LOPEZ,skipped,skipped,1,3
455000,Provisional - 400C,233165,CORINA LOPEZ,MIA OUSLEY,skipped,1,3
455100,Provisional - 400C,233166,MIA OUSLEY,skipped,skipped,1,3
455100,Provisional - 400C,233167,CORINA LOPEZ,LEAH HALL,MIA OUSLEY,1,3
455100,Provisional - 400C,233168,CORINA LOPEZ,MIA OUSLEY,LEAH HALL,1,3
455100,Provisional - 400C,233169,CORINA LOPEZ,LEAH HALL,MIA OUSLEY,1,3
455100,Provisional - 400C,233170,CORINA LOPEZ,skipped,skipped,1,3
455100,Provisional - 400C,233171,CORINA LOPEZ,LEAH HALL,skipped,1,3
455100,Provisional - 400C,233172,CORINA LOPEZ,MIA OUSLEY,LEAH HALL,1,3
455100,Provisional - 400C,233173,CORINA LOPEZ,skipped,skipped,1,3
455100,Provisional - 400C,233174,CORINA LOPEZ,MIA OUSLEY,LEAH HALL,1,3
455100,Provisional - 400C,233175,LEAH HALL,skipped,skipped,1,3
455100,Provisional - 400C,233176,CORINA LOPEZ,LEAH HALL,MIA OUSLEY,1,3
455100,Provisional - 400C,233177,CORINA LOPEZ,skipped,skipped,1,3
455300,Provisional - 400C,233179,LEAH HALL,MIA OUSLEY,CORINA LOPEZ,1,3
455300,Provisional - 400C,233180,CORINA LOPEZ,LEAH HALL,MIA OUSLEY,1,3
455400,Provisional - 400C,233186,MIA OUSLEY,skipped,skipped,1,3
455900,Provisional - 400C,233188,LEAH HALL,CORINA LOPEZ,MIA OUSLEY,1,3
455900,Provisional - 400C,233189,LEAH HALL,MIA OUSLEY,CORINA LOPEZ,1,3
455900,Provisional - 400C,233190,LEAH HALL,skipped,skipped,1,3
455900,Provisional - 400C,233191,LEAH HALL,CORINA LOPEZ,skipped,1,3
456500,Provisional - 400C,233197,MIA OUSLEY,CORINA LOPEZ,LEAH HALL,1,3
456500,Provisional - 400C,233198,MIA OUSLEY,skipped,skipped,1,3
456500,Provisional - 400C,233199,CORINA LOPEZ,LEAH HALL,MIA OUSLEY,1,3
456500,Provisional - 400C,233200,CORINA LOPEZ,MIA OUSLEY,LEAH HALL,1,3
456500,Provisional - 400C,233201,CORINA LOPEZ,MIA OUSLEY,LEAH HALL,1,3
456500,Provisional - 400C,233202,CORINA LOPEZ,skipped,skipped,1,3
456500,Provisional - 400C,233203,LEAH HALL,MIA OUSLEY,skipped,1,3
456500,Provisional - 400C,233205,CORINA LOPEZ,MIA OUSLEY,LEAH HALL,1,3
456500,Provisional - 400C,233206,LEAH HALL,CORINA LOPEZ,skipped,1,3
456500,Provisional - 400C,233208,CORINA LOPEZ,skipped,skipped,1,3
456600,Provisional - 400C,233212,CORINA LOPEZ,LEAH HALL,MIA OUSLEY,1,3
456600,Provisional - 400C,233213,LEAH HALL,MIA OUSLEY,skipped,1,3
456600,Provisional - 400C,233214,CORINA LOPEZ,LEAH HALL,MIA OUSLEY,1,3
456900,Provisional - 400C,233216,CORINA LOPEZ,skipped,skipped,1,3
457100,Provisional - 400C,233223,LEAH HALL,MIA OUSLEY,skipped,1,3
457100,Provisional - 400C,233224,LEAH HALL,skipped,skipped,1,3
457300,Provisional - 400C,233225,LEAH HALL,skipped,skipped,1,3
457300,Provisional - 400C,233226,LEAH HALL,skipped,skipped,1,3
457300,Provisional - 400C,233229,MIA OUSLEY,skipped,skipped,1,3
457300,Provisional - 400C,233230,LEAH HALL,MIA OUSLEY,skipped,1,3
457400,Provisional - 400C,233232,CORINA LOPEZ,MIA OUSLEY,LEAH HALL,1,3
457400,Provisional - 400C,233233,LEAH HALL,MIA OUSLEY,CORINA LOPEZ,1,3
457400,Provisional - 400C,233234,CORINA LOPEZ,skipped,skipped,1,3
457500,Provisional - 400C,233238,CORINA LOPEZ,MIA OUSLEY,LEAH HALL,1,3
457500,Provisional - 400C,233240,CORINA LOPEZ,MIA OUSLEY,LEAH HALL,1,3
457500,Provisional - 400C,233242,LEAH HALL,CORINA LOPEZ,skipped,1,3
457500,Provisional - 400C,233243,CORINA LOPEZ,LEAH HALL,MIA OUSLEY,1,3
457500,Provisional - 400C,233245,LEAH HALL,skipped,skipped,1,3
457500,Provisional - 400C,233247,CORINA LOPEZ,LEAH HALL,MIA OUSLEY,1,3
457500,Provisional - 400C,233248,CORINA LOPEZ,LEAH HALL,skipped,1,3
457500,Provisional - 400C,233249,LEAH HALL,skipped,skipped,1,3
457500,Provisional - 400C,233250,MIA OUSLEY,LEAH HALL,CORINA LOPEZ,1,3
457500,Provisional - 400C,233253,MIA OUSLEY,LEAH HALL,CORINA LOPEZ,1,3
457500,Provisional - 400C,233255,MIA OUSLEY,LEAH HALL,CORINA LOPEZ,1,3
457700,Provisional - 400C,233256,CORINA LOPEZ,skipped,skipped,1,3
457900,Provisional - 400C,233258,LEAH HALL,skipped,skipped,1,3
457900,Provisional - 400C,233259,MIA OUSLEY,CORINA LOPEZ,LEAH HALL,1,3
457900,Provisional - 400C,233260,LEAH HALL,skipped,skipped,1,3
457900,Provisional - 400C,233261,CORINA LOPEZ,skipped,skipped,1,3
457900,Provisional - 400C,233262,CORINA LOPEZ,MIA OUSLEY,LEAH HALL,1,3
457900,Provisional - 400C,233263,CORINA LOPEZ,MIA OUSLEY,LEAH HALL,1,3
457900,Provisional - 400C,233264,CORINA LOPEZ,MIA OUSLEY,LEAH HALL,1,3
457900,Provisional - 400C,233265,MIA OUSLEY,LEAH HALL,CORINA LOPEZ,1,3
457900,Provisional - 400C,233266,CORINA LOPEZ,LEAH HALL,skipped,1,3
457900,Provisional - 400C,233267,MIA OUSLEY,CORINA LOPEZ,skipped,1,3
457900,Provisional - 400C,233269,LEAH HALL,MIA OUSLEY,skipped,1,3
458200,Provisional - 400C,233271,CORINA LOPEZ,LEAH HALL,MIA OUSLEY,1,3
458200,Provisional - 400C,233272,MIA OUSLEY,CORINA LOPEZ,LEAH HALL,1,3
458200,Provisional - 400C,233273,CORINA LOPEZ,MIA OUSLEY,LEAH HALL,1,3
458200,Provisional - 400C,233274,LEAH HALL,skipped,skipped,1,3
458200,Provisional - 400C,233276,CORINA LOPEZ,LEAH HALL,MIA OUSLEY,1,3
458300,Provisional - 400C,233278,CORINA LOPEZ,LEAH HALL,skipped,1,3
458500,Provisional - 400C,233280,LEAH HALL,MIA OUSLEY,CORINA LOPEZ,1,3
458500,Provisional - 400C,233281,CORINA LOPEZ,skipped,skipped,1,3
9451500,Provisional - 400C,233384,CORINA LOPEZ,skipped,skipped,1,3
9451500,Provisional - 400C,233385,LEAH HALL,CORINA LOPEZ,MIA OUSLEY,1,3
9451500,Provisional - 400C,233386,CORINA LOPEZ,skipped,skipped,1,3
9451500,Provisional - 400C,233387,CORINA LOPEZ,skipped,skipped,1,3
9451500,Provisional - 400C,233388,CORINA LOPEZ,MIA OUSLEY,LEAH HALL,1,3
9455010,Provisional - 400C,233389,MIA OUSLEY,LEAH HALL,CORINA LOPEZ,1,3
9455010,Provisional - 400C,233390,MIA OUSLEY,CORINA LOPEZ,LEAH HALL,1,3
9455010,Provisional - 400C,233392,CORINA LOPEZ,LEAH HALL,MIA OUSLEY,1,3
9455010,Provisional - 400C,233394,LEAH HALL,MIA OUSLEY,CORINA LOPEZ,1,3
9455200,Provisional - 400C,233395,CORINA LOPEZ,MIA OUSLEY,skipped,1,3
9455200,Provisional - 400C,233397,MIA OUSLEY,CORINA LOPEZ,LEAH HALL,1,3
9455410,Provisional - 400C,233398,CORINA LOPEZ,skipped,skipped,1,3
9455410,Provisional - 400C,233399,CORINA LOPEZ,MIA OUSLEY,LEAH HALL,1,3
9455410,Provisional - 400C,233401,LEAH HALL,CORINA LOPEZ,skipped,1,3
9455410,Provisional - 400C,233402,CORINA LOPEZ,skipped,skipped,1,3
9455410,Provisional - 400C,233403,CORINA LOPEZ,MIA OUSLEY,LEAH HALL,1,3
9455410,Provisional - 400C,233404,CORINA LOPEZ,MIA OUSLEY,LEAH HALL,1,3
450300,Vote by Mail - 400C,233448,MIA OUSLEY,LEAH HALL,skipped,1,3
450400,Vote by Mail - 400C,233449,LEAH HALL,skipped,skipped,1,3
450400,Vote by Mail - 400C,233450,LEAH HALL,MIA OUSLEY,skipped,1,3
450400,Vote by Mail - 400C,233451,LEAH HALL,skipped,skipped,1,3
450610,Vote by Mail - 400C,233452,MIA OUSLEY,CORINA LOPEZ,LEAH HALL,1,3
450610,Vote by Mail - 400C,233453,MIA OUSLEY,CORINA LOPEZ,LEAH HALL,1,3
450800,Vote by Mail - 400C,233454,MIA OUSLEY,CORINA LOPEZ,LEAH HALL,1,3
451000,Vote by Mail - 400C,233455,CORINA LOPEZ,MIA OUSLEY,LEAH HALL,1,3
451000,Vote by Mail - 400C,233456,CORINA LOPEZ,MIA OUSLEY,LEAH HALL,1,3
451510,Vote by Mail - 400C,233457,MIA OUSLEY,CORINA LOPEZ,skipped,1,3
451600,Vote by Mail - 400C,233458,MIA OUSLEY,LEAH HALL,CORINA LOPEZ,1,3
452100,Vote by Mail - 400C,233459,CORINA LOPEZ,MIA OUSLEY,LEAH HALL,1,3
452200,Vote by Mail - 400C,233460,CORINA LOPEZ,MIA OUSLEY,LEAH HALL,1,3
452200,Vote by Mail - 400C,233461,MIA OUSLEY,LEAH HALL,CORINA LOPEZ,1,3
452200,Vote by Mail - 400C,233462,CORINA LOPEZ,MIA OUSLEY,LEAH HALL,1,3
452200,Vote by Mail - 400C,233463,MIA OUSLEY,LEAH HALL,skipped,1,3
452200,Vote by Mail - 400C,233464,CORINA LOPEZ,MIA OUSLEY,LEAH HALL,1,3
452200,Vote by Mail - 400C,233465,MIA OUSLEY,CORINA LOPEZ,LEAH HALL,1,3
452200,Vote by Mail - 400C,233466,CORINA LOPEZ,MIA OUSLEY,LEAH HALL,1,3
452200,Vote by Mail - 400C,233467,MIA OUSLEY,CORINA LOPEZ,LEAH HALL,1,3
452200,Vote by Mail - 400C,233468,LEAH HALL,CORINA LOPEZ,MIA OUSLEY,1,3
452200,Vote by Mail - 400C,233469,MIA OUSLEY,CORINA LOPEZ,LEAH HALL,1,3
452200,Vote by Mail - 400C,233470,CORINA LOPEZ,MIA OUSLEY,LEAH HALL,1,3
452200,Vote by Mail - 400C,233471,MIA OUSLEY,CORINA LOPEZ,LEAH HALL,1,3
452200,Vote by Mail - 400C,233472,MIA OUSLEY,CORINA LOPEZ,LEAH HALL,1,3
452400,Vote by Mail - 400C,233473,LEAH HALL,CORINA LOPEZ,MIA OUSLEY,1,3
452500,Vote by Mail - 400C,233474,CORINA LOPEZ,LEAH HALL,skipped,1,3
452500,Vote by Mail - 400C,233475,CORINA LOPEZ,LEAH HALL,skipped,1,3
453100,Vote by Mail - 400C,233476,MIA OUSLEY,CORINA LOPEZ,skipped,1,3
453100,Vote by Mail - 400C,233477,MIA OUSLEY,CORINA LOPEZ,LEAH HALL,1,3
453100,Vote by Mail - 400C,233478,MIA OUSLEY,CORINA LOPEZ,skipped,1,3
453100,Vote by Mail - 400C,233479,LEAH HALL,skipped,skipped,1,3
453300,Vote by Mail - 400C,233480,CORINA LOPEZ,MIA OUSLEY,LEAH HALL,1,3
453500,Vote by Mail - 400C,233481,MIA OUSLEY,LEAH HALL,CORINA LOPEZ,1,3
453900,Vote by Mail - 400C,233482,MIA OUSLEY,CORINA LOPEZ,skipped,1,3
454100,Vote by Mail - 400C,233483,CORINA LOPEZ,MIA OUSLEY,LEAH HALL,1,3
454500,Vote by Mail - 400C,233484,CORINA LOPEZ,LEAH HALL,skipped,1,3
455100,Vote by Mail - 400C,233485,MIA OUSLEY,CORINA LOPEZ,LEAH HALL,1,3
455300,Vote by Mail - 400C,233486,MIA OUSLEY,CORINA LOPEZ,LEAH HALL,1,3
455400,Vote by Mail - 400C,233487,MIA OUSLEY,CORINA LOPEZ,skipped,1,3
455500,Vote by Mail - 400C,233488,CORINA LOPEZ,MIA OUSLEY,LEAH HALL,1,3
455500,Vote by Mail - 400C,233489,CORINA LOPEZ,LEAH HALL,skipped,1,3
455500,Vote by Mail - 400C,233490,MIA OUSLEY,CORINA LOPEZ,LEAH HALL,1,3
455500,Vote by Mail - 400C,233491,CORINA LOPEZ,LEAH HALL,MIA OUSLEY,1,3
455500,Vote by Mail - 400C,233492,LEAH HALL,CORINA LOPEZ,MIA OUSLEY,1,3
455500,Vote by Mail - 400C,233493,LEAH HALL,CORINA LOPEZ,MIA OUSLEY,1,3
455700,Vote by Mail - 400C,233494,MIA OUSLEY,LEAH HALL,CORINA LOPEZ,1,3
455700,Vote by Mail - 400C,233495,MIA OUSLEY,skipped,skipped,1,3
455700,Vote by Mail - 400C,233496,MIA OUSLEY,LEAH HALL,CORINA LOPEZ,1,3
455700,Vote by Mail - 400C,233497,LEAH HALL,MIA OUSLEY,CORINA LOPEZ,1,3
455900,Vote by Mail - 400C,233498,MIA OUSLEY,CORINA LOPEZ,LEAH HALL,1,3
455900,Vote by Mail - 400C,233499,MIA OUSLEY,CORINA LOPEZ,skipped,1,3
455900,Vote by Mail - 400C,233500,MIA OUSLEY,skipped,skipped,1,3
455900,Vote by Mail - 400C,233501,MIA OUSLEY,CORINA LOPEZ,LEAH HALL,1,3
455900,Vote by Mail - 400C,233502,MIA OUSLEY,LEAH HALL,CORINA LOPEZ,1,3
455900,Vote by Mail - 400C,233503,MIA OUSLEY,skipped,skipped,1,3
455900,Vote by Mail - 400C,233504,MIA OUSLEY,skipped,skipped,1,3
455900,Vote by Mail - 400C,233505,MIA OUSLEY,CORINA LOPEZ,skipped,1,3
455900,Vote by Mail - 400C,233506,MIA OUSLEY,CORINA LOPEZ,LEAH HALL,1,3
455900,Vote by Mail - 400C,233507,CORINA LOPEZ,LEAH HALL,MIA OUSLEY,1,3
455900,Vote by Mail - 400C,233508,MIA OUSLEY,CORINA LOPEZ,skipped,1,3
455900,Vote by Mail - 400C,233509,MIA OUSLEY,LEAH HALL,CORINA LOPEZ,1,3
455900,Vote by Mail - 400C,233510,CORINA LOPEZ,skipped,skipped,1,3
456200,Vote by Mail - 400C,233512,MIA OUSLEY,CORINA LOPEZ,skipped,1,3
456500,Vote by Mail - 400C,233513,LEAH HALL,skipped,skipped,1,3
456500,Vote by Mail - 400C,233515,MIA OUSLEY,skipped,skipped,1,3
456500,Vote by Mail - 400C,233516,MIA OUSLEY,CORINA LOPEZ,skipped,1,3
456500,Vote by Mail - 400C,233517,MIA OUSLEY,skipped,skipped,1,3
456500,Vote by Mail - 400C,233518,MIA OUSLEY,CORINA LOPEZ,skipped,1,3
456500,Vote by Mail - 400C,233519,CORINA LOPEZ,LEAH HALL,MIA OUSLEY,1,3
456500,Vote by Mail - 400C,233520,MIA OUSLEY,LEAH HALL,CORINA LOPEZ,1,3
456500,Vote by Mail - 400C,233521,MIA OUSLEY,CORINA LOPEZ,LEAH HALL,1,3
456600,Vote by Mail - 400C,233522,LEAH HALL,MIA OUSLEY,skipped,1,3
456600,Vote by Mail - 400C,233523,CORINA LOPEZ,MIA OUSLEY,LEAH HALL,1,3
456600,Vote by Mail - 400C,233524,CORINA LOPEZ,LEAH HALL,MIA OUSLEY,1,3
456600,Vote by Mail - 400C,233525,LEAH HALL,skipped,skipped,1,3
456600,Vote by Mail - 400C,233526,CORINA LOPEZ,MIA OUSLEY,LEAH HALL,1,3
456600,Vote by Mail - 400C,233529,MIA OUSLEY,LEAH HALL,CORINA LOPEZ,1,3
456600,Vote by Mail - 400C,233530,MIA OUSLEY,skipped,skipped,1,3
456600,Vote by Mail - 400C,233531,LEAH HALL,MIA OUSLEY,CORINA LOPEZ,1,3
456600,Vote by Mail - 400C,233532,CORINA LOPEZ,MIA OUSLEY,LEAH HALL,1,3
456600,Vote by Mail - 400C,233533,CORINA LOPEZ,MIA OUSLEY,LEAH HALL,1,3
456600,Vote by Mail - 400C,233534,MIA OUSLEY,CORINA LOPEZ,LEAH HALL,1,3
456600,Vote by Mail - 400C,233535,MIA OUSLEY,CORINA LOPEZ,LEAH HALL,1,3
456600,Vote by Mail - 400C,233536,LEAH HALL,MIA OUSLEY,CORINA LOPEZ,1,3
456900,Vote by Mail - 400C,233537,CORINA LOPEZ,MIA OUSLEY,LEAH HALL,1,3
456900,Vote by Mail - 400C,233538,MIA OUSLEY,CORINA LOPEZ,LEAH HALL,1,3
456900,Vote by Mail - 400C,233539,CORINA LOPEZ,MIA OUSLEY,LEAH HALL,1,3
456900,Vote by Mail - 400C,233540,CORINA LOPEZ,MIA OUSLEY,LEAH HALL,1,3
456900,Vote by Mail - 400C,233541,MIA OUSLEY,CORINA LOPEZ,LEAH HALL,1,3
457100,Vote by Mail - 400C,233542,MIA OUSLEY,skipped,skipped,1,3
457100,Vote by Mail - 400C,233543,MIA OUSLEY,CORINA LOPEZ,skipped,1,3
457100,Vote by Mail - 400C,233544,MIA OUSLEY,LEAH HALL,CORINA LOPEZ,1,3
457300,Vote by Mail - 400C,233545,MIA OUSLEY,skipped,skipped,1,3
457300,Vote by Mail - 400C,233546,MIA OUSLEY,CORINA LOPEZ,skipped,1,3
457300,Vote by Mail - 400C,233547,MIA OUSLEY,CORINA LOPEZ,LEAH HALL,1,3
457300,Vote by Mail - 400C,233548,MIA OUSLEY,CORINA LOPEZ,skipped,1,3
457300,Vote by Mail - 400C,233549,MIA OUSLEY,CORINA LOPEZ,skipped,1,3
457300,Vote by Mail - 400C,233550,MIA OUSLEY,LEAH HALL,skipped,1,3
457300,Vote by Mail - 400C,233551,MIA OUSLEY,CORINA LOPEZ,LEAH HALL,1,3
457300,Vote by Mail - 400C,233552,CORINA LOPEZ,LEAH HALL,skipped,1,3
457300,Vote by Mail - 400C,233553,CORINA LOPEZ,LEAH HALL,MIA OUSLEY,1,3
457400,Vote by Mail - 400C,233555,MIA OUSLEY,CORINA LOPEZ,skipped,1,3
457400,Vote by Mail - 400C,233556,CORINA LOPEZ,MIA OUSLEY,LEAH HALL,1,3
457400,Vote by Mail - 400C,233557,CORINA LOPEZ,MIA OUSLEY,skipped,1,3
457400,Vote by Mail - 400C,233558,CORINA LOPEZ,MIA OUSLEY,skipped,1,3
457400,Vote by Mail - 400C,233559,MIA OUSLEY,CORINA LOPEZ,LEAH HALL,1,3
457400,Vote by Mail - 400C,233560,CORINA LOPEZ,MIA OUSLEY,LEAH HALL,1,3
457500,Vote by Mail - 400C,233562,MIA OUSLEY,CORINA LOPEZ,LEAH HALL,1,3
457500,Vote by Mail - 400C,233563,MIA OUSLEY,skipped,skipped,1,3
457500,Vote by Mail - 400C,233564,MIA OUSLEY,CORINA LOPEZ,LEAH HALL,1,3
457500,Vote by Mail - 400C,233565,MIA OUSLEY,CORINA LOPEZ,LEAH HALL,1,3
457500,Vote by Mail - 400C,233566,MIA OUSLEY,skipped,skipped,1,3
457500,Vote by Mail - 400C,233567,MIA OUSLEY,CORINA LOPEZ,skipped,1,3
457500,Vote by Mail - 400C,233568,LEAH HALL,MIA OUSLEY,CORINA LOPEZ,1,3
457500,Vote by Mail - 400C,233569,MIA OUSLEY,skipped,skipped,1,3
457500,Vote by Mail - 400C,233570,LEAH HALL,CORINA LOPEZ,MIA OUSLEY,1,3
457500,Vote by Mail - 400C,233571,LEAH HALL,MIA OUSLEY,CORINA LOPEZ,1,3
457500,Vote by Mail - 400C,233572,LEAH HALL,MIA OUSLEY,CORINA LOPEZ,1,3
457500,Vote by Mail - 400C,233573,MIA OUSLEY,CORINA LOPEZ,skipped,1,3
457500,Vote by Mail - 400C,233574,MIA OUSLEY,CORINA LOPEZ,skipped,1,3
457700,Vote by Mail - 400C,233575,MIA OUSLEY,skipped,skipped,1,3
457700,Vote by Mail - 400C,233576,LEAH HALL,MIA OUSLEY,CORINA LOPEZ,1,3
457900,Vote by Mail - 400C,233577,CORINA LOPEZ,MIA OUSLEY,skipped,1,3
458200,Vote by Mail - 400C,233578,MIA OUSLEY,CORINA LOPEZ,LEAH HALL,1,3
458200,Vote by Mail - 400C,233579,MIA OUSLEY,LEAH HALL,CORINA LOPEZ,1,3
458300,Vote by Mail - 400C,233580,CORINA LOPEZ,MIA OUSLEY,LEAH HALL,1,3
458300,Vote by Mail - 400C,233581,CORINA LOPEZ,MIA OUSLEY,LEAH HALL,1,3
458500,Vote by Mail - 400C,233582,MIA OUSLEY,CORINA LOPEZ,LEAH HALL,1,3
458800,Vote by Mail - 400C,233583,LEAH HALL,skipped,skipped,1,3
458800,Vote by Mail - 400C,233584,LEAH HALL,CORINA LOPEZ,MIA OUSLEY,1,3
458800,Vote by Mail - 400C,233585,CORINA LOPEZ,LEAH HALL,MIA OUSLEY,1,3
458900,Vote by Mail - 400C,233586,MIA OUSLEY,CORINA LOPEZ,LEAH HALL,1,3
458900,Vote by Mail - 400C,233587,LEAH HALL,CORINA LOPEZ,MIA OUSLEY,1,3
9451500,Vote by Mail - 400C,233590,MIA OUSLEY,CORINA LOPEZ,skipped,1,3
9454700,Vote by Mail - 400C,233591,LEAH HALL,skipped,skipped,1,3
9455200,Vote by Mail - 400C,233592,MIA OUSLEY,CORINA LOPEZ,skipped,1,3
9455200,Vote by Mail - 400C,233593,MIA OUSLEY,CORINA LOPEZ,skipped,1,3
9455200,Vote by Mail - 400C,233594,MIA OUSLEY,LEAH HALL,CORINA LOPEZ,1,3
450300,Election Day - 400C,237539,LEAH HALL,skipped,skipped,1,3
450400,Election Day - 400C,237540,LEAH HALL,skipped,skipped,1,3
450400,Election Day - 400C,237541,MIA OUSLEY,skipped,skipped,1,3
450400,Election Day - 400C,237542,MIA OUSLEY,skipped,skipped,1,3
450400,Election Day - 400C,237543,LEAH HALL,MIA OUSLEY,CORINA LOPEZ,1,3
450400,Election Day - 400C,237545,CORINA LOPEZ,skipped,skipped,1,3
450400,Election Day - 400C,237546,CORINA LOPEZ,MIA OUSLEY,LEAH HALL,1,3
450400,Election Day - 400C,237548,CORINA LOPEZ,LEAH HALL,skipped,1,3
450400,Election Day - 400C,237549,CORINA LOPEZ,MIA OUSLEY,LEAH HALL,1,3
450400,Election Day - 400C,237550,CORINA LOPEZ,skipped,skipped,1,3
450400,Election Day - 400C,237551,CORINA LOPEZ,LEAH HALL,MIA OUSLEY,1,3
450400,Election Day - 400C,237552,CORINA LOPEZ,MIA OUSLEY,LEAH HALL,1,3
450400,Election Day - 400C,237553,CORINA LOPEZ,skipped,skipped,1,3
450400,Election Day - 400C,237554,CORINA LOPEZ,skipped,skipped,1,3
450400,Election Day - 400C,237555,CORINA LOPEZ,MIA OUSLEY,LEAH HALL,1,3
450400,Election Day - 400C,237556,LEAH HALL,MIA OUSLEY,skipped,1,3
450400,Election Day - 400C,237557,CORINA LOPEZ,skipped,skipped,1,3
450400,Election Day - 400C,237558,LEAH HALL,skipped,skipped,1,3
450400,Election Day - 400C,237561,LEAH HALL,MIA OUSLEY,CORINA LOPEZ,1,3
450400,Election Day - 400C,237562,MIA OUSLEY,LEAH HALL,CORINA LOPEZ,1,3
450400,Election Day - 400C,237565,CORINA LOPEZ,MIA OUSLEY,LEAH HALL,1,3
450400,Election Day - 400C,237566,MIA OUSLEY,LEAH HALL,CORINA LOPEZ,1,3
450400,Election Day - 400C,237567,CORINA LOPEZ,skipped,skipped,1,3
450400,Election Day - 400C,237568,CORINA LOPEZ,skipped,skipped,1,3
450400,Election Day - 400C,237569,CORINA LOPEZ,skipped,skipped,1,3
450400,Election Day - 400C,237570,CORINA LOPEZ,skipped,skipped,1,3
450400,Election Day - 400C,237571,CORINA LOPEZ,skipped,skipped,1,3
450400,Election Day - 400C,237572,CORINA LOPEZ,MIA OUSLEY,LEAH HALL,1,3
450400,Election Day - 400C,237573,CORINA LOPEZ,LEAH HALL,MIA OUSLEY,1,3
450400,Election Day - 400C,237575,MIA OUSLEY,CORINA LOPEZ,LEAH HALL,1,3
450400,Election Day - 400C,237576,CORINA LOPEZ,MIA OUSLEY,LEAH HALL,1,3
450400,Election Day - 400C,237577,LEAH HALL,CORINA LOPEZ,skipped,1,3
450400,Election Day - 400C,237578,CORINA LOPEZ,MIA OUSLEY,skipped,1,3
450400,Election Day - 400C,237579,MIA OUSLEY,skipped,skipped,1,3
450400,Election Day - 400C,237582,MIA OUSLEY,skipped,skipped,1,3
450400,Election Day - 400C,237583,CORINA LOPEZ,MIA OUSLEY,LEAH HALL,1,3
450400,Election Day - 400C,237586,CORINA LOPEZ,skipped,skipped,1,3
450400,Election Day - 400C,237587,CORINA LOPEZ,LEAH HALL,MIA OUSLEY,1,3
450400,Election Day - 400C,237588,LEAH HALL,skipped,skipped,1,3
450400,Election Day - 400C,237589,CORINA LOPEZ,LEAH HALL,MIA OUSLEY,1,3
450400,Election Day - 400C,237590,LEAH HALL,MIA OUSLEY,CORINA LOPEZ,1,3
450400,Election Day - 400C,237591,CORINA LOPEZ,MIA OUSLEY,skipped,1,3
450400,Election Day - 400C,237592,CORINA LOPEZ,skipped,skipped,1,3
450400,Election Day - 400C,237593,MIA OUSLEY,CORINA LOPEZ,LEAH HALL,1,3
450400,Election Day - 400C,237594,CORINA LOPEZ,skipped,skipped,1,3
450400,Election Day - 400C,237595,CORINA LOPEZ,MIA OUSLEY,LEAH HALL,1,3
450400,Election Day - 400C,237596,CORINA LOPEZ,MIA OUSLEY,LEAH HALL,1,3
450400,Election Day - 400C,237597,CORINA LOPEZ,MIA OUSLEY,LEAH HALL,1,3
450400,Election Day - 400C,237599,CORINA LOPEZ,MIA OUSLEY,skipped,1,3
450400,Election Day - 400C,237600,LEAH HALL,MIA OUSLEY,skipped,1,3
450400,Election Day - 400C,237601,CORINA LOPEZ,MIA OUSLEY,skipped,1,3
450400,Election Day - 400C,237602,CORINA LOPEZ,skipped,skipped,1,3
450400,Election Day - 400C,237604,CORINA LOPEZ,MIA OUSLEY,skipped,1,3
450400,Election Day - 400C,237605,CORINA LOPEZ,MIA OUSLEY,LEAH HALL,1,3
450400,Election Day - 400C,237606,LEAH HALL,CORINA LOPEZ,MIA OUSLEY,1,3
450400,Election Day - 400C,237607,CORINA LOPEZ,skipped,skipped,1,3
450400,Election Day - 400C,237609,CORINA LOPEZ,skipped,skipped,1,3
450400,Election Day - 400C,237610,LEAH HALL,MIA OUSLEY,CORINA LOPEZ,1,3
450400,Election Day - 400C,237611,CORINA LOPEZ,skipped,skipped,1,3
450400,Election Day - 400C,237612,CORINA LOPEZ,skipped,skipped,1,3
450400,Election Day - 400C,237613,LEAH HALL,MIA OUSLEY,CORINA LOPEZ,1,3
450400,Election Day - 400C,237614,CORINA LOPEZ,skipped,skipped,1,3
450400,Election Day - 400C,237617,CORINA LOPEZ,skipped,skipped,1,3
450400,Election Day - 400C,237619,CORINA LOPEZ,skipped,skipped,1,3
450400,Election Day - 400C,237622,LEAH HALL,CORINA LOPEZ,skipped,1,3
450400,Election Day - 400C,237623,CORINA LOPEZ,skipped,skipped,1,3
450400,Election Day - 400C,237624,CORINA LOPEZ,skipped,skipped,1,3
450400,Election Day - 400C,237625,CORINA LOPEZ,LEAH HALL,skipped,1,3
450400,Election Day - 400C,237626,CORINA LOPEZ,MIA OUSLEY,LEAH HALL,1,3
450400,Election Day - 400C,237627,CORINA LOPEZ,MIA OUSLEY,LEAH HALL,1,3
450400,Election Day - 400C,237628,CORINA LOPEZ,MIA OUSLEY,LEAH HALL,1,3
450400,Election Day - 400C,237629,MIA OUSLEY,LEAH HALL,CORINA LOPEZ,1,3
450400,Election Day - 400C,237630,MIA OUSLEY,CORINA LOPEZ,LEAH HALL,1,3
450400,Election Day - 400C,237631,MIA OUSLEY,LEAH HALL,CORINA LOPEZ,1,3
450400,Election Day - 400C,237632,CORINA LOPEZ,skipped,skipped,1,3
450400,Election Day - 400C,237633,MIA OUSLEY,LEAH HALL,CORINA LOPEZ,1,3
450400,Election Day - 400C,237634,LEAH HALL,MIA OUSLEY,CORINA LOPEZ,1,3
450400,Election Day - 400C,237635,LEAH HALL,MIA OUSLEY,CORINA LOPEZ,1,3
450400,Election Day - 400C,237636,MIA OUSLEY,LEAH HALL,skipped,1,3
450400,Election Day - 400C,237637,CORINA LOPEZ,LEAH HALL,MIA OUSLEY,1,3
450400,Election Day - 400C,237638,LEAH HALL,skipped,skipped,1,3
450400,Election Day - 400C,237639,CORINA LOPEZ,MIA OUSLEY,LEAH HALL,1,3
450400,Election Day - 400C,237641,CORINA LOPEZ,skipped,skipped,1,3
450400,Election Day - 400C,237642,CORINA LOPEZ,MIA OUSLEY,skipped,1,3
450400,Election Day - 400C,237643,CORINA LOPEZ,MIA OUSLEY,LEAH HALL,1,3
450400,Election Day - 400C,237644,MIA OUSLEY,CORINA LOPEZ,LEAH HALL,1,3
450400,Election Day - 400C,237645,LEAH HALL,MIA OUSLEY,CORINA LOPEZ,1,3
450400,Election Day - 400C,237646,MIA OUSLEY,LEAH HALL,CORINA LOPEZ,1,3
450400,Election Day - 400C,237648,CORINA LOPEZ,LEAH HALL,MIA OUSLEY,1,3
450400,Election Day - 400C,237649,LEAH HALL,MIA OUSLEY,CORINA LOPEZ,1,3
450400,Election Day - 400C,237650,CORINA LOPEZ,skipped,skipped,1,3
450400,Election Day - 400C,237651,CORINA LOPEZ,MIA OUSLEY,skipped,1,3
450400,Election Day - 400C,237652,CORINA LOPEZ,MIA OUSLEY,LEAH HALL,1,3
450400,Election Day - 400C,237653,LEAH HALL,skipped,skipped,1,3
450400,Election Day - 400C,237655,LEAH HALL,CORINA LOPEZ,MIA OUSLEY,1,3
450400,Election Day - 400C,237656,MIA OUSLEY,CORINA LOPEZ,LEAH HALL,1,3
450400,Election Day - 400C,237658,CORINA LOPEZ,MIA OUSLEY,LEAH HALL,1,3
450400,Election Day - 400C,237659,CORINA LOPEZ,LEAH HALL,MIA OUSLEY,1,3
450400,Election Day - 400C,237660,CORINA LOPEZ,LEAH HALL,skipped,1,3
450400,Election Day - 400C,237661,MIA OUSLEY,skipped,skipped,1,3
450400,Election Day - 400C,237662,CORINA LOPEZ,MIA OUSLEY,skipped,1,3
450400,Election Day - 400C,237663,CORINA LOPEZ,skipped,skipped,1,3
450400,Election Day - 400C,237665,CORINA LOPEZ,MIA OUSLEY,LEAH HALL,1,3
450400,Election Day - 400C,237666,CORINA LOPEZ,LEAH HALL,skipped,1,3
450400,Election Day - 400C,237667,CORINA LOPEZ,skipped,skipped,1,3
450400,Election Day - 400C,237668,CORINA LOPEZ,skipped,skipped,1,3
450400,Election Day - 400C,237669,CORINA LOPEZ,LEAH HALL,MIA OUSLEY,1,3
450400,Election Day - 400C,237670,LEAH HALL,CORINA LOPEZ,MIA OUSLEY,1,3
450400,Election Day - 400C,237671,MIA OUSLEY,CORINA LOPEZ,LEAH HALL,1,3
450400,Election Day - 400C,237672,MIA OUSLEY,LEAH HALL,skipped,1,3
450400,Election Day - 400C,237673,LEAH HALL,CORINA LOPEZ,MIA OUSLEY,1,3
450400,Election Day - 400C,237674,CORINA LOPEZ,LEAH HALL,MIA OUSLEY,1,3
450400,Election Day - 400C,237675,LEAH HALL,MIA OUSLEY,CORINA LOPEZ,1,3
450400,Election Day - 400C,237677,CORINA LOPEZ,LEAH HALL,MIA OUSLEY,1,3
450400,Election Day - 400C,237678,CORINA LOPEZ,skipped,skipped,1,3
450400,Election Day - 400C,237679,CORINA LOPEZ,MIA OUSLEY,LEAH HALL,1,3
450400,Election Day - 400C,237680,CORINA LOPEZ,MIA OUSLEY,LEAH HALL,1,3
450400,Election Day - 400C,237681,CORINA LOPEZ,LEAH HALL,MIA OUSLEY,1,3
450400,Election Day - 400C,237682,CORINA LOPEZ,MIA OUSLEY,LEAH HALL,1,3
450400,Election Day - 400C,237683,LEAH HALL,skipped,skipped,1,3
450400,Election Day - 400C,237684,CORINA LOPEZ,skipped,skipped,1,3
450400,Election Day - 400C,237685,MIA OUSLEY,LEAH HALL,skipped,1,3
450400,Election Day - 400C,237686,LEAH HALL,MIA OUSLEY,CORINA LOPEZ,1,3
450400,Election Day - 400C,237687,CORINA LOPEZ,skipped,skipped,1,3
450400,Election Day - 400C,237689,MIA OUSLEY,skipped,skipped,1,3
450400,Election Day - 400C,237690,CORINA LOPEZ,skipped,skipped,1,3
450400,Election Day - 400C,237691,CORINA LOPEZ,LEAH HALL,MIA OUSLEY,1,3
450400,Election Day - 400C,237692,CORINA LOPEZ,MIA OUSLEY,LEAH HALL,1,3
450400,Election Day - 400C,237693,CORINA LOPEZ,MIA OUSLEY,skipped,1,3
450400,Election Day - 400C,237694,CORINA LOPEZ,skipped,skipped,1,3
450400,Election Day - 400C,237696,LEAH HALL,CORINA LOPEZ,MIA OUSLEY,1,3
450400,Election Day - 400C,237697,LEAH HALL,MIA OUSLEY,CORINA LOPEZ,1,3
450400,Election Day - 400C,237698,CORINA LOPEZ,MIA OUSLEY,LEAH HALL,1,3
450400,Election Day - 400C,237699,CORINA LOPEZ,LEAH HALL,MIA OUSLEY,1,3
450400,Election Day - 400C,237700,CORINA LOPEZ,MIA OUSLEY,LEAH HALL,1,3
450400,Election Day - 400C,237701,CORINA LOPEZ,LEAH HALL,MIA OUSLEY,1,3
450400,Election Day - 400C,237702,CORINA LOPEZ,skipped,skipped,1,3
450400,Election Day - 400C,237703,CORINA LOPEZ,MIA OUSLEY,LEAH HALL,1,3
450400,Election Day - 400C,237704,MIA OUSLEY,LEAH HALL,skipped,1,3
450400,Election Day - 400C,237705,CORINA LOPEZ,LEAH HALL,MIA OUSLEY,1,3
450400,Election Day - 400C,237706,CORINA LOPEZ,skipped,skipped,1,3
450400,Election Day - 400C,237707,CORINA LOPEZ,LEAH HALL,MIA OUSLEY,1,3
450400,Election Day - 400C,237708,CORINA LOPEZ,skipped,skipped,1,3
450400,Election Day - 400C,237710,CORINA LOPEZ,MIA OUSLEY,LEAH HALL,1,3
450610,Election Day - 400C,237712,CORINA LOPEZ,LEAH HALL,MIA OUSLEY,1,3
450800,Election Day - 400C,237714,MIA OUSLEY,skipped,skipped,1,3
450800,Election Day - 400C,237715,LEAH HALL,skipped,skipped,1,3
450800,Election Day - 400C,237716,LEAH HALL,MIA OUSLEY,CORINA LOPEZ,1,3
451000,Election Day - 400C,237717,MIA OUSLEY,CORINA LOPEZ,LEAH HALL,1,3
451000,Election Day - 400C,237718,MIA OUSLEY,skipped,skipped,1,3
451000,Election Day - 400C,237719,CORINA LOPEZ,MIA OUSLEY,LEAH HALL,1,3
451000,Election Day - 400C,237720,LEAH HALL,skipped,skipped,1,3
451000,Election Day - 400C,237721,CORINA LOPEZ,skipped,skipped,1,3
451000,Election Day - 400C,237722,LEAH HALL,CORINA LOPEZ,MIA OUSLEY,1,3
451000,Election Day - 400C,237723,MIA OUSLEY,LEAH HALL,CORINA LOPEZ,1,3
451000,Election Day - 400C,237724,LEAH HALL,skipped,skipped,1,3
451510,Election Day - 400C,237725,LEAH HALL,CORINA LOPEZ,skipped,1,3
451510,Election Day - 400C,237726,CORINA LOPEZ,skipped,skipped,1,3
451510,Election Day - 400C,237728,CORINA LOPEZ,LEAH HALL,skipped,1,3
451510,Election Day - 400C,237729,MIA OUSLEY,CORINA LOPEZ,LEAH HALL,1,3
451510,Election Day - 400C,237730,LEAH HALL,CORINA LOPEZ,skipped,1,3
451600,Election Day - 400C,237734,MIA OUSLEY,LEAH HALL,skipped,1,3
451600,Election Day - 400C,237735,CORINA LOPEZ,skipped,skipped,1,3
451600,Election Day - 400C,237738,LEAH HALL,MIA OUSLEY,skipped,1,3
451700,Election Day - 400C,237739,CORINA LOPEZ,LEAH HALL,MIA OUSLEY,1,3
451700,Election Day - 400C,237740,CORINA LOPEZ,LEAH HALL,skipped,1,3
451700,Election Day - 400C,237742,CORINA LOPEZ,skipped,skipped,1,3
451700,Election Day - 400C,237743,CORINA LOPEZ,skipped,skipped,1,3
451700,Election Day - 400C,237744,LEAH HALL,CORINA LOPEZ,MIA OUSLEY,1,3
451700,Election Day - 400C,237746,LEAH HALL,MIA OUSLEY,CORINA LOPEZ,1,3
452100,Election Day - 400C,237747,LEAH HALL,skipped,skipped,1,3
452100,Election Day - 400C,237748,CORINA LOPEZ,LEAH HALL,MIA OUSLEY,1,3
452100,Election Day - 400C,237749,CORINA LOPEZ,skipped,skipped,1,3
452100,Election Day - 400C,237750,MIA OUSLEY,CORINA LOPEZ,LEAH HALL,1,3
452100,Election Day - 400C,237751,CORINA LOPEZ,LEAH HALL,MIA OUSLEY,1,3
452100,Election Day - 400C,237753,LEAH HALL,CORINA LOPEZ,MIA OUSLEY,1,3
452100,Election Day - 400C,237754,CORINA LOPEZ,skipped,skipped,1,3
452100,Election Day - 400C,237755,CORINA LOPEZ,MIA OUSLEY,LEAH HALL,1,3
452100,Election Day - 400C,237757,CORINA LOPEZ,LEAH HALL,MIA OUSLEY,1,3
452100,Election Day - 400C,237759,CORINA LOPEZ,skipped,skipped,1,3
452100,Election Day - 400C,237760,CORINA LOPEZ,MIA OUSLEY,LEAH HALL,1,3
452100,Election Day - 400C,237761,CORINA LOPEZ,LEAH HALL,MIA OUSLEY,1,3
452100,Election Day - 400C,237762,CORINA LOPEZ,MIA OUSLEY,LEAH HALL,1,3
452200,Election Day - 400C,237763,CORINA LOPEZ,LEAH HALL,MIA OUSLEY,1,3
452200,Election Day - 400C,237764,LEAH HALL,MIA OUSLEY,skipped,1,3
452200,Election Day - 400C,237766,MIA OUSLEY,skipped,skipped,1,3
452200,Election Day - 400C,237767,MIA OUSLEY,CORINA LOPEZ,skipped,1,3
452200,Election Day - 400C,237768,CORINA LOPEZ,skipped,skipped,1,3
452200,Election Day - 400C,237769,CORINA LOPEZ,skipped,skipped,1,3
452200,Election Day - 400C,237770,MIA OUSLEY,skipped,skipped,1,3
452400,Election Day - 400C,237779,MIA OUSLEY,LEAH HALL,skipped,1,3
452400,Election Day - 400C,237780,CORINA LOPEZ,LEAH HALL,skipped,1,3
452400,Election Day - 400C,237781,LEAH HALL,MIA OUSLEY,CORINA LOPEZ,1,3
452400,Election Day - 400C,237782,CORINA LOPEZ,LEAH HALL,skipped,1,3
452400,Election Day - 400C,237783,CORINA LOPEZ,MIA OUSLEY,LEAH HALL,1,3
452400,Election Day - 400C,237784,CORINA LOPEZ,skipped,skipped,1,3
452400,Election Day - 400C,237786,CORINA LOPEZ,MIA OUSLEY,skipped,1,3
452400,Election Day - 400C,237787,CORINA LOPEZ,MIA OUSLEY,LEAH HALL,1,3
452400,Election Day - 400C,237788,CORINA LOPEZ,skipped,skipped,1,3
452400,Election Day - 400C,237789,MIA OUSLEY,LEAH HALL,skipped,1,3
452400,Election Day - 400C,237790,LEAH HALL,skipped,skipped,1,3
452400,Election Day - 400C,237792,CORINA LOPEZ,skipped,skipped,1,3
452500,Election Day - 400C,237793,LEAH HALL,MIA OUSLEY,skipped,1,3
452500,Election Day - 400C,237794,CORINA LOPEZ,MIA OUSLEY,skipped,1,3
452500,Election Day - 400C,237795,CORINA LOPEZ,MIA OUSLEY,LEAH HALL,1,3
452500,Election Day - 400C,237798,CORINA LOPEZ,skipped,skipped,1,3
453100,Election Day - 400C,237800,LEAH HALL,MIA OUSLEY,skipped,1,3
453100,Election Day - 400C,237801,LEAH HALL,skipped,skipped,1,3
453100,Election Day - 400C,237802,CORINA LOPEZ,skipped,skipped,1,3
453100,Election Day - 400C,237803,CORINA LOPEZ,MIA OUSLEY,LEAH HALL,1,3
453100,Election Day - 400C,237804,CORINA LOPEZ,LEAH HALL,MIA OUSLEY,1,3
453100,Election Day - 400C,237805,CORINA LOPEZ,LEAH HALL,MIA OUSLEY,1,3
453100,Election Day - 400C,237806,LEAH HALL,CORINA LOPEZ,MIA OUSLEY,1,3
453100,Election Day - 400C,237807,MIA OUSLEY,LEAH HALL,CORINA LOPEZ,1,3
453100,Election Day - 400C,237809,CORINA LOPEZ,skipped,skipped,1,3
453300,Election Day - 400C,237810,CORINA LOPEZ,MIA OUSLEY,LEAH HALL,1,3
453300,Election Day - 400C,237811,CORINA LOPEZ,skipped,skipped,1,3
453300,Election Day - 400C,237813,CORINA LOPEZ,skipped,skipped,1,3
453300,Election Day - 400C,237814,MIA OUSLEY,LEAH HALL,CORINA LOPEZ,1,3
453300,Election Day - 400C,237815,LEAH HALL,skipped,skipped,1,3
453300,Election Day - 400C,237816,CORINA LOPEZ,LEAH HALL,MIA OUSLEY,1,3
453500,Election Day - 400C,237817,MIA OUSLEY,CORINA LOPEZ,LEAH HALL,1,3
453500,Election Day - 400C,237818,LEAH HALL,CORINA LOPEZ,MIA OUSLEY,1,3
453500,Election Day - 400C,237820,MIA OUSLEY,LEAH HALL,skipped,1,3
453500,Election Day - 400C,237822,CORINA LOPEZ,MIA OUSLEY,skipped,1,3
453900,Election Day - 400C,237823,CORINA LOPEZ,MIA OUSLEY,skipped,1,3
453900,Election Day - 400C,237824,CORINA LOPEZ,LEAH HALL,MIA OUSLEY,1,3
453900,Election Day - 400C,237825,MIA OUSLEY,CORINA LOPEZ,LEAH HALL,1,3
453900,Election Day - 400C,237826,CORINA LOPEZ,MIA OUSLEY,skipped,1,3
453900,Election Day - 400C,237829,MIA OUSLEY,LEAH HALL,CORINA LOPEZ,1,3
453920,Election Day - 400C,237832,LEAH HALL,MIA OUSLEY,CORINA LOPEZ,1,3
454100,Election Day - 400C,237833,CORINA LOPEZ,LEAH HALL,skipped,1,3
454100,Election Day - 400C,237834,LEAH HALL,skipped,skipped,1,3
454100,Election Day - 400C,237835,LEAH HALL,CORINA LOPEZ,MIA OUSLEY,1,3
454100,Election Day - 400C,237836,LEAH HALL,skipped,skipped,1,3
454500,Election Day - 400C,237837,CORINA LOPEZ,MIA OUSLEY,LEAH HALL,1,3
454500,Election Day - 400C,237838,CORINA LOPEZ,MIA OUSLEY,LEAH HALL,1,3
454500,Election Day - 400C,237839,LEAH HALL,CORINA LOPEZ,MIA OUSLEY,1,3
455300,Election Day - 400C,237846,CORINA LOPEZ,MIA OUSLEY,LEAH HALL,1,3
455300,Election Day - 400C,237847,CORINA LOPEZ,LEAH HALL,MIA OUSLEY,1,3
455300,Election Day - 400C,237848,LEAH HALL,MIA OUSLEY,CORINA LOPEZ,1,3
455300,Election Day - 400C,237850,CORINA LOPEZ,skipped,skipped,1,3
455300,Election Day - 400C,237851,CORINA LOPEZ,MIA OUSLEY,LEAH HALL,1,3
455300,Election Day - 400C,237855,CORINA LOPEZ,LEAH HALL,MIA OUSLEY,1,3
455300,Election Day - 400C,237856,MIA OUSLEY,CORINA LOPEZ,LEAH HALL,1,3
455400,Election Day - 400C,237858,CORINA LOPEZ,skipped,skipped,1,3
455400,Election Day - 400C,237859,LEAH HALL,CORINA LOPEZ,MIA OUSLEY,1,3
455400,Election Day - 400C,237860,CORINA LOPEZ,skipped,skipped,1,3
455400,Election Day - 400C,237861,CORINA LOPEZ,LEAH HALL,MIA OUSLEY,1,3
455400,Election Day - 400C,237862,LEAH HALL,CORINA LOPEZ,MIA OUSLEY,1,3
455500,Election Day - 400C,237865,MIA OUSLEY,LEAH HALL,skipped,1,3
455500,Election Day - 400C,237866,CORINA LOPEZ,skipped,skipped,1,3
455900,Election Day - 400C,237873,CORINA LOPEZ,skipped,skipped,1,3
456200,Election Day - 400C,237874,LEAH HALL,CORINA LOPEZ,MIA OUSLEY,1,3
456200,Election Day - 400C,237875,CORINA LOPEZ,LEAH HALL,MIA OUSLEY,1,3
456200,Election Day - 400C,237876,LEAH HALL,CORINA LOPEZ,MIA OUSLEY,1,3
456200,Election Day - 400C,237877,CORINA LOPEZ,MIA OUSLEY,LEAH HALL,1,3
456200,Election Day - 400C,237878,CORINA LOPEZ,MIA OUSLEY,skipped,1,3
456500,Election Day - 400C,237880,CORINA LOPEZ,MIA OUSLEY,LEAH HALL,1,3
456500,Election Day - 400C,237881,MIA OUSLEY,skipped,skipped,1,3
456500,Election Day - 400C,237882,CORINA LOPEZ,LEAH HALL,MIA OUSLEY,1,3
456500,Election Day - 400C,237884,LEAH HALL,CORINA LOPEZ,MIA OUSLEY,1,3
456500,Election Day - 400C,237885,LEAH HALL,MIA OUSLEY,CORINA LOPEZ,1,3
456500,Election Day - 400C,237886,LEAH HALL,MIA OUSLEY,CORINA LOPEZ,1,3
456600,Election Day - 400C,237889,LEAH HALL,skipped,skipped,1,3
456600,Election Day - 400C,237890,LEAH HALL,MIA OUSLEY,CORINA LOPEZ,1,3
456600,Election Day - 400C,237891,MIA OUSLEY,CORINA LOPEZ,skipped,1,3
456600,Election Day - 400C,237892,LEAH HALL,MIA OUSLEY,CORINA LOPEZ,1,3
456900,Election Day - 400C,237895,LEAH HALL,MIA OUSLEY,CORINA LOPEZ,1,3
456900,Election Day - 400C,237896,LEAH HALL,skipped,skipped,1,3
456900,Election Day - 400C,237897,LEAH HALL,CORINA LOPEZ,MIA OUSLEY,1,3
456900,Election Day - 400C,237898,MIA OUSLEY,LEAH HALL,skipped,1,3
457100,Election Day - 400C,237899,CORINA LOPEZ,MIA OUSLEY,LEAH HALL,1,3
457100,Election Day - 400C,237900,CORINA LOPEZ,MIA OUSLEY,LEAH HALL,1,3
457100,Election Day - 400C,237901,LEAH HALL,skipped,skipped,1,3
457100,Election Day - 400C,237902,LEAH HALL,MIA OUSLEY,CORINA LOPEZ,1,3
457100,Election Day - 400C,237903,MIA OUSLEY,CORINA LOPEZ,LEAH HALL,1,3
457100,Election Day - 400C,237904,LEAH HALL,skipped,skipped,1,3
457100,Election Day - 400C,237905,LEAH HALL,CORINA LOPEZ,MIA OUSLEY,1,3
457100,Election Day - 400C,237906,MIA OUSLEY,LEAH HALL,skipped,1,3
457100,Election Day - 400C,237907,CORINA LOPEZ,MIA OUSLEY,LEAH HALL,1,3
457100,Election Day - 400C,237909,CORINA LOPEZ,MIA OUSLEY,LEAH HALL,1,3
457100,Election Day - 400C,237910,CORINA LOPEZ,MIA OUSLEY,LEAH HALL,1,3
457100,Election Day - 400C,237911,LEAH HALL,MIA OUSLEY,CORINA LOPEZ,1,3
457100,Election Day - 400C,237912,LEAH HALL,CORINA LOPEZ,MIA OUSLEY,1,3
457100,Election Day - 400C,237913,CORINA LOPEZ,skipped,skipped,1,3
457100,Election Day - 400C,237914,LEAH HALL,MIA OUSLEY,skipped,1,3
457100,Election Day - 400C,237915,CORINA LOPEZ,MIA OUSLEY,LEAH HALL,1,3
457100,Election Day - 400C,237916,LEAH HALL,skipped,skipped,1,3
457100,Election Day - 400C,237917,MIA OUSLEY,skipped,skipped,1,3
457100,Election Day - 400C,237918,LEAH HALL,CORINA LOPEZ,skipped,1,3
457100,Election Day - 400C,237920,MIA OUSLEY,CORINA LOPEZ,LEAH HALL,1,3
457100,Election Day - 400C,237921,CORINA LOPEZ,MIA OUSLEY,LEAH HALL,1,3
457100,Election Day - 400C,237922,LEAH HALL,MIA OUSLEY,skipped,1,3
457100,Election Day - 400C,237925,CORINA LOPEZ,MIA OUSLEY,LEAH HALL,1,3
457100,Election Day - 400C,237926,CORINA LOPEZ,skipped,skipped,1,3
457100,Election Day - 400C,237927,LEAH HALL,MIA OUSLEY,CORINA LOPEZ,1,3
457100,Election Day - 400C,237928,CORINA LOPEZ,skipped,skipped,1,3
457100,Election Day - 400C,237929,CORINA LOPEZ,skipped,skipped,1,3
457100,Election Day - 400C,237930,CORINA LOPEZ,skipped,skipped,1,3
457100,Election Day - 400C,237931,LEAH HALL,MIA OUSLEY,CORINA LOPEZ,1,3
457100,Election Day - 400C,237932,MIA OUSLEY,CORINA LOPEZ,LEAH HALL,1,3
457100,Election Day - 400C,237935,CORINA LOPEZ,MIA OUSLEY,LEAH HALL,1,3
457100,Election Day - 400C,237936,CORINA LOPEZ,MIA OUSLEY,LEAH HALL,1,3
457100,Election Day - 400C,237937,MIA OUSLEY,skipped,skipped,1,3
457100,Election Day - 400C,237938,MIA OUSLEY,LEAH HALL,CORINA LOPEZ,1,3
457100,Election Day - 400C,237939,LEAH HALL,CORINA LOPEZ,MIA OUSLEY,1,3
457100,Election Day - 400C,237940,MIA OUSLEY,LEAH HALL,CORINA LOPEZ,1,3
457100,Election Day - 400C,237941,MIA OUSLEY,CORINA LOPEZ,LEAH HALL,1,3
457100,Election Day - 400C,237942,LEAH HALL,MIA OUSLEY,CORINA LOPEZ,1,3
457100,Election Day - 400C,237944,LEAH HALL,CORINA LOPEZ,MIA OUSLEY,1,3
457100,Election Day - 400C,237945,CORINA LOPEZ,LEAH HALL,MIA OUSLEY,1,3
457100,Election Day - 400C,237946,CORINA LOPEZ,LEAH HALL,MIA OUSLEY,1,3
457100,Election Day - 400C,237947,CORINA LOPEZ,skipped,skipped,1,3
457100,Election Day - 400C,237948,CORINA LOPEZ,skipped,skipped,1,3
457100,Election Day - 400C,237949,MIA OUSLEY,CORINA LOPEZ,LEAH HALL,1,3
457100,Election Day - 400C,237950,MIA OUSLEY,CORINA LOPEZ,skipped,1,3
457100,Election Day - 400C,237951,MIA OUSLEY,CORINA LOPEZ,LEAH HALL,1,3
457100,Election Day - 400C,237952,CORINA LOPEZ,skipped,skipped,1,3
457100,Election Day - 400C,237953,LEAH HALL,CORINA LOPEZ,MIA OUSLEY,1,3
457100,Election Day - 400C,237954,MIA OUSLEY,LEAH HALL,CORINA LOPEZ,1,3
457100,Election Day - 400C,237955,LEAH HALL,skipped,skipped,1,3
457100,Election Day - 400C,237958,CORINA LOPEZ,skipped,skipped,1,3
457100,Election Day - 400C,237959,MIA OUSLEY,CORINA LOPEZ,LEAH HALL,1,3
457100,Election Day - 400C,237960,LEAH HALL,MIA OUSLEY,skipped,1,3
457100,Election Day - 400C,237961,LEAH HALL,MIA OUSLEY,CORINA LOPEZ,1,3
457100,Election Day - 400C,237962,LEAH HALL,CORINA LOPEZ,MIA OUSLEY,1,3
457100,Election Day - 400C,237963,CORINA LOPEZ,skipped,skipped,1,3
457300,Election Day - 400C,237964,LEAH HALL,MIA OUSLEY,skipped,1,3
457300,Election Day - 400C,237965,CORINA LOPEZ,skipped,skipped,1,3
457300,Election Day - 400C,237966,MIA OUSLEY,CORINA LOPEZ,skipped,1,3
457300,Election Day - 400C,237967,MIA OUSLEY,CORINA LOPEZ,skipped,1,3
457300,Election Day - 400C,237968,CORINA LOPEZ,LEAH HALL,MIA OUSLEY,1,3
457400,Election Day - 400C,237970,CORINA LOPEZ,skipped,skipped,1,3
457400,Election Day - 400C,237971,LEAH HALL,CORINA LOPEZ,MIA OUSLEY,1,3
457500,Election Day - 400C,237972,LEAH HALL,MIA OUSLEY,skipped,1,3
457500,Election Day - 400C,237973,LEAH HALL,MIA OUSLEY,skipped,1,3
457500,Election Day - 400C,237974,MIA OUSLEY,LEAH HALL,skipped,1,3
457500,Election Day - 400C,237975,CORINA LOPEZ,MIA OUSLEY,LEAH HALL,1,3
457500,Election Day - 400C,237976,LEAH HALL,MIA OUSLEY,skipped,1,3
457500,Election Day - 400C,237977,MIA OUSLEY,LEAH HALL,CORINA LOPEZ,1,3
457500,Election Day - 400C,237979,MIA OUSLEY,skipped,skipped,1,3
457500,Election Day - 400C,237980,MIA OUSLEY,LEAH HALL,skipped,1,3
457500,Election Day - 400C,237981,CORINA LOPEZ,MIA OUSLEY,LEAH HALL,1,3
457500,Election Day - 400C,237982,CORINA LOPEZ,LEAH HALL,MIA OUSLEY,1,3
457500,Election Day - 400C,237984,MIA OUSLEY,LEAH HALL,skipped,1,3
457500,Election Day - 400C,237985,LEAH HALL,MIA OUSLEY,CORINA LOPEZ,1,3
457700,Election Day - 400C,237986,LEAH HALL,MIA OUSLEY,skipped,1,3
457700,Election Day - 400C,237987,MIA OUSLEY,LEAH HALL,skipped,1,3
457700,Election Day - 400C,237988,MIA OUSLEY,LEAH HALL,skipped,1,3
457700,Election Day - 400C,237989,LEAH HALL,MIA OUSLEY,skipped,1,3
457700,Election Day - 400C,237992,MIA OUSLEY,CORINA LOPEZ,skipped,1,3
457900,Election Day - 400C,237993,CORINA LOPEZ,skipped,skipped,1,3
457900,Election Day - 400C,237995,CORINA LOPEZ,skipped,skipped,1,3
458200,Election Day - 400C,237996,MIA OUSLEY,LEAH HALL,skipped,1,3
458200,Election Day - 400C,237998,MIA OUSLEY,CORINA LOPEZ,skipped,1,3
458200,Election Day - 400C,237999,LEAH HALL,MIA OUSLEY,CORINA LOPEZ,1,3
458200,Election Day - 400C,238000,CORINA LOPEZ,skipped,skipped,1,3
458200,Election Day - 400C,238001,CORINA LOPEZ,skipped,skipped,1,3
458300,Election Day - 400C,238002,LEAH HALL,MIA OUSLEY,skipped,1,3
458300,Election Day - 400C,238003,MIA OUSLEY,LEAH HALL,CORINA LOPEZ,1,3
458300,Election Day - 400C,238004,CORINA LOPEZ,skipped,skipped,1,3
458300,Election Day - 400C,238006,LEAH HALL,CORINA LOPEZ,MIA OUSLEY,1,3
458300,Election Day - 400C,238007,MIA OUSLEY,LEAH HALL,skipped,1,3
458300,Election Day - 400C,238010,LEAH HALL,skipped,skipped,1,3
458300,Election Day - 400C,238012,LEAH HALL,MIA OUSLEY,CORINA LOPEZ,1,3
458300,Election Day - 400C,238014,LEAH HALL,skipped,skipped,1,3
458300,Election Day - 400C,238015,LEAH HALL,skipped,skipped,1,3
458300,Election Day - 400C,238016,LEAH HALL,MIA OUSLEY,CORINA LOPEZ,1,3
458300,Election Day - 400C,238017,MIA OUSLEY,skipped,skipped,1,3
458300,Election Day - 400C,238018,CORINA LOPEZ,LEAH HALL,skipped,1,3
458300,Election Day - 400C,238019,LEAH HALL,CORINA LOPEZ,skipped,1,3
458800,Election Day - 400C,238020,MIA OUSLEY,skipped,skipped,1,3
458800,Election Day - 400C,238021,MIA OUSLEY,skipped,skipped,1,3
458800,Election Day - 400C,238022,CORINA LOPEZ,MIA OUSLEY,LEAH HALL,1,3
458900,Election Day - 400C,238023,MIA OUSLEY,LEAH HALL,CORINA LOPEZ,1,3
458900,Election Day - 400C,238025,LEAH HALL,CORINA LOPEZ,MIA OUSLEY,1,3
458900,Election Day - 400C,238026,MIA OUSLEY,LEAH HALL,CORINA LOPEZ,1,3
458900,Election Day - 400C,238027,LEAH HALL,skipped,skipped,1,3
458900,Election Day - 400C,238028,CORINA LOPEZ,LEAH HALL,MIA OUSLEY,1,3
451510,Vote by Mail - 400C,238187,LEAH HALL,MIA OUSLEY,skipped,1,3
451600,Vote by Mail - 400C,238188,LEAH HALL,MIA OUSLEY,skipped,1,3
451600,Vote by Mail - 400C,238190,MIA OUSLEY,skipped,skipped,1,3
452200,Vote by Mail - 400C,238192,CORINA LOPEZ,MIA OUSLEY,LEAH HALL,1,3
452200,Vote by Mail - 400C,238193,MIA OUSLEY,skipped,skipped,1,3
452400,Vote by Mail - 400C,238194,MIA OUSLEY,CORINA LOPEZ,LEAH HALL,1,3
452500,Vote by Mail - 400C,238195,CORINA LOPEZ,LEAH HALL,skipped,1,3
453100,Vote by Mail - 400C,238196,MIA OUSLEY,LEAH HALL,CORINA LOPEZ,1,3
453100,Vote by Mail - 400C,238197,MIA OUSLEY,LEAH HALL,skipped,1,3
453100,Vote by Mail - 400C,238198,MIA OUSLEY,LEAH HALL,CORINA LOPEZ,1,3
453300,Vote by Mail - 400C,238199,MIA OUSLEY,skipped,skipped,1,3
453300,Vote by Mail - 400C,238200,CORINA LOPEZ,MIA OUSLEY,LEAH HALL,1,3
453500,Vote by Mail - 400C,238201,LEAH HALL,CORINA LOPEZ,MIA OUSLEY,1,3
453920,Vote by Mail - 400C,238202,CORINA LOPEZ,MIA OUSLEY,LEAH HALL,1,3
454500,Vote by Mail - 400C,238203,MIA OUSLEY,CORINA LOPEZ,LEAH HALL,1,3
454500,Vote by Mail - 400C,238204,MIA OUSLEY,CORINA LOPEZ,skipped,1,3
455700,Vote by Mail - 400C,238205,CORINA LOPEZ,MIA OUSLEY,skipped,1,3
455700,Vote by Mail - 400C,238206,MIA OUSLEY,LEAH HALL,CORINA LOPEZ,1,3
455700,Vote by Mail - 400C,238207,CORINA LOPEZ,LEAH HALL,MIA OUSLEY,1,3
456200,Vote by Mail - 400C,238208,CORINA LOPEZ,LEAH HALL,MIA OUSLEY,1,3
456200,Vote by Mail - 400C,238209,MIA OUSLEY,CORINA LOPEZ,LEAH HALL,1,3
456200,Vote by Mail - 400C,238210,MIA OUSLEY,LEAH HALL,CORINA LOPEZ,1,3
456200,Vote by Mail - 400C,238211,MIA OUSLEY,CORINA LOPEZ,skipped,1,3
456200,Vote by Mail - 400C,238212,LEAH HALL,CORINA LOPEZ,MIA OUSLEY,1,3
456200,Vote by Mail - 400C,238213,CORINA LOPEZ,skipped,skipped,1,3
456200,Vote by Mail - 400C,238214,MIA OUSLEY,CORINA LOPEZ,LEAH HALL,1,3
456200,Vote by Mail - 400C,238215,MIA OUSLEY,CORINA LOPEZ,LEAH HALL,1,3
456500,Vote by Mail - 400C,238216,CORINA LOPEZ,skipped,skipped,1,3
456600,Vote by Mail - 400C,238217,LEAH HALL,skipped,skipped,1,3
456600,Vote by Mail - 400C,238218,MIA OUSLEY,LEAH HALL,skipped,1,3
456600,Vote by Mail - 400C,238220,MIA OUSLEY,CORINA LOPEZ,LEAH HALL,1,3
456600,Vote by Mail - 400C,238221,MIA OUSLEY,skipped,skipped,1,3
456600,Vote by Mail - 400C,238222,MIA OUSLEY,CORINA LOPEZ,skipped,1,3
456600,Vote by Mail - 400C,238223,CORINA LOPEZ,LEAH HALL,MIA OUSLEY,1,3
456600,Vote by Mail - 400C,238224,CORINA LOPEZ,LEAH HALL,skipped,1,3
456600,Vote by Mail - 400C,238225,LEAH HALL,CORINA LOPEZ,MIA OUSLEY,1,3
456900,Vote by Mail - 400C,238226,MIA OUSLEY,CORINA LOPEZ,skipped,1,3
456900,Vote by Mail - 400C,238227,LEAH HALL,MIA OUSLEY,CORINA LOPEZ,1,3
456900,Vote by Mail - 400C,238228,MIA OUSLEY,CORINA LOPEZ,skipped,1,3
456900,Vote by Mail - 400C,238229,MIA OUSLEY,CORINA LOPEZ,skipped,1,3
457100,Vote by Mail - 400C,238230,MIA OUSLEY,CORINA LOPEZ,LEAH HALL,1,3
457300,Vote by Mail - 400C,238231,MIA OUSLEY,skipped,skipped,1,3
457300,Vote by Mail - 400C,238232,MIA OUSLEY,CORINA LOPEZ,skipped,1,3
457300,Vote by Mail - 400C,238233,MIA OUSLEY,LEAH HALL,skipped,1,3
457300,Vote by Mail - 400C,238235,MIA OUSLEY,CORINA LOPEZ,LEAH HALL,1,3
457300,Vote by Mail - 400C,238236,CORINA LOPEZ,MIA OUSLEY,LEAH HALL,1,3
457300,Vote by Mail - 400C,238237,MIA OUSLEY,skipped,skipped,1,3
457400,Vote by Mail - 400C,238238,MIA OUSLEY,LEAH HALL,skipped,1,3
457500,Vote by Mail - 400C,238239,MIA OUSLEY,CORINA LOPEZ,skipped,1,3
457500,Vote by Mail - 400C,238242,MIA OUSLEY,LEAH HALL,CORINA LOPEZ,1,3
457700,Vote by Mail - 400C,238243,MIA OUSLEY,LEAH HALL,CORINA LOPEZ,1,3
457700,Vote by Mail - 400C,238244,MIA OUSLEY,CORINA LOPEZ,skipped,1,3
457700,Vote by Mail - 400C,238245,MIA OUSLEY,CORINA LOPEZ,skipped,1,3
457700,Vote by Mail - 400C,238246,MIA OUSLEY,CORINA LOPEZ,skipped,1,3
457700,Vote by Mail - 400C,238247,MIA OUSLEY,CORINA LOPEZ,LEAH HALL,1,3
457700,Vote by Mail - 400C,238248,MIA OUSLEY,LEAH HALL,CORINA LOPEZ,1,3
457700,Vote by Mail - 400C,238249,CORINA LOPEZ,skipped,skipped,1,3
457700,Vote by Mail - 400C,238250,CORINA LOPEZ,skipped,skipped,1,3
457900,Vote by Mail - 400C,238253,CORINA LOPEZ,LEAH HALL,MIA OUSLEY,1,3
457900,Vote by Mail - 400C,238254,MIA OUSLEY,skipped,skipped,1,3
457900,Vote by Mail - 400C,238255,MIA OUSLEY,CORINA LOPEZ,LEAH HALL,1,3
457900,Vote by Mail - 400C,238256,MIA OUSLEY,CORINA LOPEZ,skipped,1,3
457900,Vote by Mail - 400C,238257,MIA OUSLEY,CORINA LOPEZ,skipped,1,3
457900,Vote by Mail - 400C,238258,MIA OUSLEY,CORINA LOPEZ,skipped,1,3
458200,Vote by Mail - 400C,238259,CORINA LOPEZ,LEAH HALL,MIA OUSLEY,1,3
458200,Vote by Mail - 400C,238261,MIA OUSLEY,CORINA LOPEZ,LEAH HALL,1,3
458200,Vote by Mail - 400C,238262,LEAH HALL,CORINA LOPEZ,skipped,1,3
458200,Vote by Mail - 400C,238263,MIA OUSLEY,CORINA LOPEZ,LEAH HALL,1,3
458200,Vote by Mail - 400C,238264,LEAH HALL,CORINA LOPEZ,skipped,1,3
458200,Vote by Mail - 400C,238265,MIA OUSLEY,LEAH HALL,skipped,1,3
458300,Vote by Mail - 400C,238267,MIA OUSLEY,CORINA LOPEZ,LEAH HALL,1,3
458500,Vote by Mail - 400C,238268,CORINA LOPEZ,LEAH HALL,MIA OUSLEY,1,3
458500,Vote by Mail - 400C,238269,MIA OUSLEY,CORINA LOPEZ,skipped,1,3
458800,Vote by Mail - 400C,238270,LEAH HALL,MIA OUSLEY,CORINA LOPEZ,1,3
458800,Vote by Mail - 400C,238271,LEAH HALL,MIA OUSLEY,skipped,1,3
458900,Vote by Mail - 400C,238272,MIA OUSLEY,CORINA LOPEZ,LEAH HALL,1,3
458900,Vote by Mail - 400C,238273,MIA OUSLEY,CORINA LOPEZ,LEAH HALL,1,3
455100,Election Day - 400C,238624,LEAH HALL,skipped,skipped,1,3
455100,Election Day - 400C,238625,MIA OUSLEY,CORINA LOPEZ,skipped,1,3
455700,Election Day - 400C,238626,CORINA LOPEZ,MIA OUSLEY,LEAH HALL,1,3
455700,Election Day - 400C,238627,CORINA LOPEZ,MIA OUSLEY,LEAH HALL,1,3
455700,Election Day - 400C,238628,LEAH HALL,MIA OUSLEY,skipped,1,3
458900,Election Day - 400C,238629,CORINA LOPEZ,LEAH HALL,MIA OUSLEY,1,3
450400,Vote by Mail - 400C,238766,CORINA LOPEZ,LEAH HALL,MIA OUSLEY,1,3
450400,Vote by Mail - 400C,238767,LEAH HALL,MIA OUSLEY,CORINA LOPEZ,1,3
450610,Vote by Mail - 400C,238768,CORINA LOPEZ,skipped,skipped,1,3
450800,Vote by Mail - 400C,238769,LEAH HALL,CORINA LOPEZ,MIA OUSLEY,1,3
451600,Vote by Mail - 400C,238770,CORINA LOPEZ,MIA OUSLEY,LEAH HALL,1,3
452100,Vote by Mail - 400C,238771,CORINA LOPEZ,LEAH HALL,MIA OUSLEY,1,3
452100,Vote by Mail - 400C,238772,CORINA LOPEZ,LEAH HALL,MIA OUSLEY,1,3
452100,Vote by Mail - 400C,238774,CORINA LOPEZ,MIA OUSLEY,LEAH HALL,1,3
452200,Vote by Mail - 400C,238775,LEAH HALL,CORINA LOPEZ,MIA OUSLEY,1,3
452200,Vote by Mail - 400C,238776,CORINA LOPEZ,LEAH HALL,skipped,1,3
453300,Vote by Mail - 400C,238777,CORINA LOPEZ,MIA OUSLEY,LEAH HALL,1,3
453900,Vote by Mail - 400C,238779,CORINA LOPEZ,skipped,skipped,1,3
456600,Vote by Mail - 400C,238781,CORINA LOPEZ,skipped,skipped,1,3
457300,Vote by Mail - 400C,238782,MIA OUSLEY,skipped,skipped,1,3
457300,Vote by Mail - 400C,238783,MIA OUSLEY,CORINA LOPEZ,LEAH HALL,1,3
457300,Vote by Mail - 400C,238784,MIA OUSLEY,CORINA LOPEZ,LEAH HALL,1,3
457400,Vote by Mail - 400C,238785,CORINA LOPEZ,MIA OUSLEY,LEAH HALL,1,3
457400,Vote by Mail - 400C,238786,MIA OUSLEY,LEAH HALL,CORINA LOPEZ,1,3
457400,Vote by Mail - 400C,238787,MIA OUSLEY,skipped,skipped,1,3
457400,Vote by Mail - 400C,238788,MIA OUSLEY,CORINA LOPEZ,LEAH HALL,1,3
457700,Vote by Mail - 400C,238789,LEAH HALL,MIA OUSLEY,CORINA LOPEZ,1,3
458500,Vote by Mail - 400C,238790,LEAH HALL,MIA OUSLEY,CORINA LOPEZ,1,3
9454700,Vote by Mail - 400C,238798,MIA OUSLEY,CORINA LOPEZ,LEAH HALL,1,3
450400,Provisional - 400C,240541,MIA OUSLEY,CORINA LOPEZ,LEAH HALL,1,3
450400,Provisional - 400C,240542,LEAH HALL,CORINA LOPEZ,MIA OUSLEY,1,3
451600,Provisional - 400C,240545,MIA OUSLEY,CORINA LOPEZ,LEAH HALL,1,3
451600,Provisional - 400C,240546,CORINA LOPEZ,LEAH HALL,MIA OUSLEY,1,3
451600,Provisional - 400C,240547,CORINA LOPEZ,skipped,skipped,1,3
452400,Provisional - 400C,240550,LEAH HALL,MIA OUSLEY,CORINA LOPEZ,1,3
452400,Provisional - 400C,240551,LEAH HALL,skipped,skipped,1,3
452400,Provisional - 400C,240552,MIA OUSLEY,skipped,skipped,1,3
452400,Provisional - 400C,240555,CORINA LOPEZ,MIA OUSLEY,LEAH HALL,1,3
453100,Provisional - 400C,240557,LEAH HALL,skipped,skipped,1,3
453100,Provisional - 400C,240559,CORINA LOPEZ,MIA OUSLEY,skipped,1,3
453300,Provisional - 400C,240560,LEAH HALL,MIA OUSLEY,CORINA LOPEZ,1,3
453300,Provisional - 400C,240561,LEAH HALL,CORINA LOPEZ,MIA OUSLEY,1,3
453300,Provisional - 400C,240562,LEAH HALL,CORINA LOPEZ,MIA OUSLEY,1,3
453400,Provisional - 400C,240564,MIA OUSLEY,CORINA LOPEZ,LEAH HALL,1,3
453400,Provisional - 400C,240565,LEAH HALL,MIA OUSLEY,CORINA LOPEZ,1,3
453500,Provisional - 400C,240567,MIA OUSLEY,LEAH HALL,CORINA LOPEZ,1,3
453900,Provisional - 400C,240568,LEAH HALL,MIA OUSLEY,CORINA LOPEZ,1,3
453920,Provisional - 400C,240569,CORINA LOPEZ,skipped,skipped,1,3
454100,Provisional - 400C,240571,MIA OUSLEY,skipped,skipped,1,3
454100,Provisional - 400C,240572,LEAH HALL,skipped,skipped,1,3
454100,Provisional - 400C,240573,CORINA LOPEZ,LEAH HALL,MIA OUSLEY,1,3
455000,Provisional - 400C,240575,MIA OUSLEY,CORINA LOPEZ,LEAH HALL,1,3
455000,Provisional - 400C,240576,LEAH HALL,skipped,skipped,1,3
455100,Provisional - 400C,240578,CORINA LOPEZ,LEAH HALL,MIA OUSLEY,1,3
455100,Provisional - 400C,240579,MIA OUSLEY,CORINA LOPEZ,LEAH HALL,1,3
455100,Provisional - 400C,240580,CORINA LOPEZ,LEAH HALL,MIA OUSLEY,1,3
455300,Provisional - 400C,240581,CORINA LOPEZ,MIA OUSLEY,LEAH HALL,1,3
455300,Provisional - 400C,240582,CORINA LOPEZ,skipped,skipped,1,3
455300,Provisional - 400C,240583,CORINA LOPEZ,skipped,skipped,1,3
455300,Provisional - 400C,240584,LEAH HALL,CORINA LOPEZ,MIA OUSLEY,1,3
455300,Provisional - 400C,240585,CORINA LOPEZ,skipped,skipped,1,3
455400,Provisional - 400C,240587,CORINA LOPEZ,skipped,skipped,1,3
455400,Provisional - 400C,240588,CORINA LOPEZ,skipped,skipped,1,3
455500,Provisional - 400C,240591,CORINA LOPEZ,LEAH HALL,MIA OUSLEY,1,3
455500,Provisional - 400C,240593,LEAH HALL,MIA OUSLEY,CORINA LOPEZ,1,3
455700,Provisional - 400C,240594,CORINA LOPEZ,skipped,skipped,1,3
455700,Provisional - 400C,240595,CORINA LOPEZ,MIA OUSLEY,LEAH HALL,1,3
455700,Provisional - 400C,240596,CORINA LOPEZ,skipped,skipped,1,3
455900,Provisional - 400C,240598,CORINA LOPEZ,skipped,skipped,1,3
455900,Provisional - 400C,240599,CORINA LOPEZ,MIA OUSLEY,LEAH HALL,1,3
456200,Provisional - 400C,240601,LEAH HALL,MIA OUSLEY,CORINA LOPEZ,1,3
456200,Provisional - 400C,240602,LEAH HALL,skipped,skipped,1,3
456200,Provisional - 400C,240603,LEAH HALL,skipped,skipped,1,3
456900,Provisional - 400C,240604,CORINA LOPEZ,MIA OUSLEY,LEAH HALL,1,3
457100,Provisional - 400C,240605,CORINA LOPEZ,skipped,skipped,1,3
457100,Provisional - 400C,240606,CORINA LOPEZ,skipped,skipped,1,3
457300,Provisional - 400C,240608,LEAH HALL,skipped,skipped,1,3
457400,Provisional - 400C,240611,LEAH HALL,CORINA LOPEZ,MIA OUSLEY,1,3
457400,Provisional - 400C,240612,CORINA LOPEZ,MIA OUSLEY,LEAH HALL,1,3
457500,Provisional - 400C,240613,CORINA LOPEZ,skipped,skipped,1,3
457500,Provisional - 400C,240614,CORINA LOPEZ,LEAH HALL,MIA OUSLEY,1,3
457500,Provisional - 400C,240615,LEAH HALL,skipped,skipped,1,3
457500,Provisional - 400C,240616,CORINA LOPEZ,skipped,skipped,1,3
457700,Provisional - 400C,240617,CORINA LOPEZ,skipped,skipped,1,3
457700,Provisional - 400C,240618,LEAH HALL,CORINA LOPEZ,MIA OUSLEY,1,3
457900,Provisional - 400C,240620,LEAH HALL,MIA OUSLEY,CORINA LOPEZ,1,3
458200,Provisional - 400C,240621,CORINA LOPEZ,skipped,skipped,1,3
458200,Provisional - 400C,240623,LEAH HALL,skipped,skipped,1,3
458300,Provisional - 400C,240626,MIA OUSLEY,CORINA LOPEZ,LEAH HALL,1,3
458500,Provisional - 400C,240627,LEAH HALL,MIA OUSLEY,CORINA LOPEZ,1,3
458500,Provisional - 400C,240628,CORINA LOPEZ,MIA OUSLEY,LEAH HALL,1,3
458500,Provisional - 400C,240629,LEAH HALL,MIA OUSLEY,CORINA LOPEZ,1,3
458800,Provisional - 400C,240630,CORINA LOPEZ,LEAH HALL,MIA OUSLEY,1,3
458900,Provisional - 400C,240631,CORINA LOPEZ,skipped,skipped,1,3
9455010,Provisional - 400C,240756,LEAH HALL,CORINA LOPEZ,MIA OUSLEY,1,3
9455200,Provisional - 400C,240757,CORINA LOPEZ,MIA OUSLEY,LEAH HALL,1,3
