file,numCands,plurality,IRV,top-two,borda-pm,borda-om,borda-avg,top-3-truncation,condorcet,minimax,smith_plurality,smith_irv,smith-minimax,ranked-pairs,bucklin,approval,top4_plurality,top4_IRV,top4_top-two,top4_borda-pm,top4_borda-om,top4_borda-avg,top4_top-3-truncation,top4_condorcet,top4_minimax,top4_smith_plurality,top4_smith_irv,top4_smith-minimax,top4_ranked-pairs,top4_bucklin,top4_approval
raw_data/scotland/processed_data/dumgal17-ballots/Nith_dumgal17-09.csv,8,['Malcolm JOHNSTONE (Con)'],['Elaine MURRAY (Lab)'],['Elaine MURRAY (Lab)'],['Elaine MURRAY (Lab)'],['Elaine MURRAY (Lab)'],['Elaine MURRAY (Lab)'],['Elaine MURRAY (Lab)'],['Elaine MURRAY (Lab)'],['Elaine MURRAY (Lab)'],['Elaine MURRAY (Lab)'],['Elaine MURRAY (Lab)'],['Elaine MURRAY (Lab)'],['Elaine MURRAY (Lab)'],['Elaine MURRAY (Lab)'],['Elaine MURRAY (Lab)'],['Malcolm JOHNSTONE (Con)'],['Elaine MURRAY (Lab)'],['Elaine MURRAY (Lab)'],['Elaine MURRAY (Lab)'],['Elaine MURRAY (Lab)'],['Elaine MURRAY (Lab)'],['Elaine MURRAY (Lab)'],['Elaine MURRAY (Lab)'],['Elaine MURRAY (Lab)'],['Elaine MURRAY (Lab)'],['Elaine MURRAY (Lab)'],['Elaine MURRAY (Lab)'],['Elaine MURRAY (Lab)'],['Elaine MURRAY (Lab)'],['Elaine MURRAY (Lab)']
raw_data/scotland/processed_data/dumgal17-ballots/AnnandaleSouth_dumgal17-10.csv,6,['Ian CARRUTHERS (Con)'],['Ian CARRUTHERS (Con)'],['Ian CARRUTHERS (Con)'],['Ian CARRUTHERS (Con)'],['Richard BRODIE (LD)'],['Richard BRODIE (LD)'],['Ian CARRUTHERS (Con)'],['Ian CARRUTHERS (Con)'],['Ian CARRUTHERS (Con)'],['Ian CARRUTHERS (Con)'],['Ian CARRUTHERS (Con)'],['Ian CARRUTHERS (Con)'],['Ian CARRUTHERS (Con)'],['Richard BRODIE (LD)'],['Ian CARRUTHERS (Con)'],['Ian CARRUTHERS (Con)'],['Ian CARRUTHERS (Con)'],['Ian CARRUTHERS (Con)'],['Ian CARRUTHERS (Con)'],['Richard BRODIE (LD)'],['Richard BRODIE (LD)'],['Richard BRODIE (LD)'],['Ian CARRUTHERS (Con)'],['Ian CARRUTHERS (Con)'],['Ian CARRUTHERS (Con)'],['Ian CARRUTHERS (Con)'],['Ian CARRUTHERS (Con)'],['Ian CARRUTHERS (Con)'],['Richard BRODIE (LD)'],['Ian CARRUTHERS (Con)']
raw_data/scotland/processed_data/dumgal17-ballots/AnnandaleNorth_dumgal17-11.csv,4,['Gail MACGREGOR (Con)'],['Gail MACGREGOR (Con)'],['Gail MACGREGOR (Con)'],['Gail MACGREGOR (Con)'],['Gail MACGREGOR (Con)'],['Gail MACGREGOR (Con)'],['Gail MACGREGOR (Con)'],['Gail MACGREGOR (Con)'],['Gail MACGREGOR (Con)'],['Gail MACGREGOR (Con)'],['Gail MACGREGOR (Con)'],['Gail MACGREGOR (Con)'],['Gail MACGREGOR (Con)'],['Gail MACGREGOR (Con)'],['Gail MACGREGOR (Con)'],['Gail MACGREGOR (Con)'],['Gail MACGREGOR (Con)'],['Gail MACGREGOR (Con)'],['Gail MACGREGOR (Con)'],['Gail MACGREGOR (Con)'],['Gail MACGREGOR (Con)'],['Gail MACGREGOR (Con)'],['Gail MACGREGOR (Con)'],['Gail MACGREGOR (Con)'],['Gail MACGREGOR (Con)'],['Gail MACGREGOR (Con)'],['Gail MACGREGOR (Con)'],['Gail MACGREGOR (Con)'],['Gail MACGREGOR (Con)'],['Gail MACGREGOR (Con)']
raw_data/scotland/processed_data/dumgal17-ballots/MidGallowayandWigtownWest_dumgal17-02.csv,7,['David INGLIS (Con)'],['David INGLIS (Con)'],['David INGLIS (Con)'],['David INGLIS (Con)'],['Jim MCCOLM (Ind)'],['David INGLIS (Con)'],['David INGLIS (Con)'],['David INGLIS (Con)'],['David INGLIS (Con)'],['David INGLIS (Con)'],['David INGLIS (Con)'],['David INGLIS (Con)'],['David INGLIS (Con)'],['David INGLIS (Con)'],['David INGLIS (Con)'],['David INGLIS (Con)'],['David INGLIS (Con)'],['David INGLIS (Con)'],['David INGLIS (Con)'],['Jim MCCOLM (Ind)'],['David INGLIS (Con)'],['David INGLIS (Con)'],['David INGLIS (Con)'],['David INGLIS (Con)'],['David INGLIS (Con)'],['David INGLIS (Con)'],['David INGLIS (Con)'],['David INGLIS (Con)'],['Jim MCCOLM (Ind)'],['David INGLIS (Con)']
raw_data/scotland/processed_data/dumgal17-ballots/CastleDouglasandCrocketford_dumgal17-04.csv,6,['David JAMES (Con)'],['Iain HOWIE (Ind)'],['Iain HOWIE (Ind)'],['Iain HOWIE (Ind)'],['Iain HOWIE (Ind)'],['Iain HOWIE (Ind)'],['David JAMES (Con)'],['Iain HOWIE (Ind)'],['Iain HOWIE (Ind)'],['Iain HOWIE (Ind)'],['Iain HOWIE (Ind)'],['Iain HOWIE (Ind)'],['Iain HOWIE (Ind)'],['Iain HOWIE (Ind)'],['Iain HOWIE (Ind)'],['David JAMES (Con)'],['Iain HOWIE (Ind)'],['Iain HOWIE (Ind)'],['Iain HOWIE (Ind)'],['Iain HOWIE (Ind)'],['Iain HOWIE (Ind)'],['Iain HOWIE (Ind)'],['Iain HOWIE (Ind)'],['Iain HOWIE (Ind)'],['Iain HOWIE (Ind)'],['Iain HOWIE (Ind)'],['Iain HOWIE (Ind)'],['Iain HOWIE (Ind)'],['Iain HOWIE (Ind)'],['Iain HOWIE (Ind)']
raw_data/scotland/processed_data/dumgal17-ballots/NorthWestDumfries_dumgal17-06.csv,5,['Graham BELL (Con)'],['Graham BELL (Con)'],['Graham BELL (Con)'],['David MCKIE (Lab)'],['David MCKIE (Lab)'],['David MCKIE (Lab)'],['David MCKIE (Lab)'],['David MCKIE (Lab)'],['David MCKIE (Lab)'],['David MCKIE (Lab)'],['David MCKIE (Lab)'],['David MCKIE (Lab)'],['David MCKIE (Lab)'],['David MCKIE (Lab)'],['David MCKIE (Lab)'],['Graham BELL (Con)'],['Graham BELL (Con)'],['Graham BELL (Con)'],['David MCKIE (Lab)'],['David MCKIE (Lab)'],['David MCKIE (Lab)'],['David MCKIE (Lab)'],['David MCKIE (Lab)'],['David MCKIE (Lab)'],['David MCKIE (Lab)'],['David MCKIE (Lab)'],['David MCKIE (Lab)'],['David MCKIE (Lab)'],['David MCKIE (Lab)'],['David MCKIE (Lab)']
raw_data/scotland/processed_data/dumgal17-ballots/DeeandGlenkens_dumgal17-03.csv,9,['Patsy GILROY (Con)'],['Patsy GILROY (Con)'],['Patsy GILROY (Con)'],['Patsy GILROY (Con)'],['Jane MAITLAND (Ind)'],['Patsy GILROY (Con)'],['Patsy GILROY (Con)'],['Patsy GILROY (Con)'],['Patsy GILROY (Con)'],['Patsy GILROY (Con)'],['Patsy GILROY (Con)'],['Patsy GILROY (Con)'],['Patsy GILROY (Con)'],['Patsy GILROY (Con)'],['Patsy GILROY (Con)'],['Patsy GILROY (Con)'],['Patsy GILROY (Con)'],['Patsy GILROY (Con)'],['Patsy GILROY (Con)'],['Patsy GILROY (Con)'],['Patsy GILROY (Con)'],['Patsy GILROY (Con)'],['Patsy GILROY (Con)'],['Patsy GILROY (Con)'],['Patsy GILROY (Con)'],['Patsy GILROY (Con)'],['Patsy GILROY (Con)'],['Patsy GILROY (Con)'],['Jane MAITLAND (Ind)'],['Patsy GILROY (Con)']
raw_data/scotland/processed_data/dumgal17-ballots/Lochar_dumgal17-08.csv,6,['John CHARTERIS (Con)'],['John CHARTERIS (Con)'],['John CHARTERIS (Con)'],['John CHARTERIS (Con)'],['John CHARTERIS (Con)'],['John CHARTERIS (Con)'],['John CHARTERIS (Con)'],['John CHARTERIS (Con)'],['John CHARTERIS (Con)'],['John CHARTERIS (Con)'],['John CHARTERIS (Con)'],['John CHARTERIS (Con)'],['John CHARTERIS (Con)'],['John CHARTERIS (Con)'],['John CHARTERIS (Con)'],['John CHARTERIS (Con)'],['John CHARTERIS (Con)'],['John CHARTERIS (Con)'],['John CHARTERIS (Con)'],['John CHARTERIS (Con)'],['John CHARTERIS (Con)'],['John CHARTERIS (Con)'],['John CHARTERIS (Con)'],['John CHARTERIS (Con)'],['John CHARTERIS (Con)'],['John CHARTERIS (Con)'],['John CHARTERIS (Con)'],['John CHARTERIS (Con)'],['John CHARTERIS (Con)'],['John CHARTERIS (Con)']
raw_data/scotland/processed_data/dumgal17-ballots/AnnandaleEastandEskdale_dumgal17-12.csv,5,['Karen CARRUTHERS (Con)'],['Karen CARRUTHERS (Con)'],['Karen CARRUTHERS (Con)'],['Karen CARRUTHERS (Con)'],['Karen CARRUTHERS (Con)'],['Karen CARRUTHERS (Con)'],['Karen CARRUTHERS (Con)'],['Karen CARRUTHERS (Con)'],['Karen CARRUTHERS (Con)'],['Karen CARRUTHERS (Con)'],['Karen CARRUTHERS (Con)'],['Karen CARRUTHERS (Con)'],['Karen CARRUTHERS (Con)'],['Karen CARRUTHERS (Con)'],['Karen CARRUTHERS (Con)'],['Karen CARRUTHERS (Con)'],['Karen CARRUTHERS (Con)'],['Karen CARRUTHERS (Con)'],['Karen CARRUTHERS (Con)'],['Karen CARRUTHERS (Con)'],['Karen CARRUTHERS (Con)'],['Karen CARRUTHERS (Con)'],['Karen CARRUTHERS (Con)'],['Karen CARRUTHERS (Con)'],['Karen CARRUTHERS (Con)'],['Karen CARRUTHERS (Con)'],['Karen CARRUTHERS (Con)'],['Karen CARRUTHERS (Con)'],['Karen CARRUTHERS (Con)'],['Karen CARRUTHERS (Con)']
raw_data/scotland/processed_data/dumgal17-ballots/Abbey_dumgal17-05.csv,6,['Ian BLAKE (Con)'],['Ian BLAKE (Con)'],['Ian BLAKE (Con)'],['Ian BLAKE (Con)'],['Davie STITT (Lab)'],['Ian BLAKE (Con)'],['Ian BLAKE (Con)'],['Ian BLAKE (Con)'],['Ian BLAKE (Con)'],['Ian BLAKE (Con)'],['Ian BLAKE (Con)'],['Ian BLAKE (Con)'],['Ian BLAKE (Con)'],['Ian BLAKE (Con)'],['Ian BLAKE (Con)'],['Ian BLAKE (Con)'],['Ian BLAKE (Con)'],['Ian BLAKE (Con)'],['Ian BLAKE (Con)'],['Davie STITT (Lab)'],['Ian BLAKE (Con)'],['Ian BLAKE (Con)'],['Ian BLAKE (Con)'],['Ian BLAKE (Con)'],['Ian BLAKE (Con)'],['Ian BLAKE (Con)'],['Ian BLAKE (Con)'],['Ian BLAKE (Con)'],['Ian BLAKE (Con)'],['Ian BLAKE (Con)']
raw_data/scotland/processed_data/dumgal17-ballots/MidandUpperNithsdale_dumgal17-07.csv,4,['Jim DEMPSTER (Lab)'],['Jim DEMPSTER (Lab)'],['Jim DEMPSTER (Lab)'],['Jim DEMPSTER (Lab)'],['Jim DEMPSTER (Lab)'],['Jim DEMPSTER (Lab)'],['Jim DEMPSTER (Lab)'],['Jim DEMPSTER (Lab)'],['Jim DEMPSTER (Lab)'],['Jim DEMPSTER (Lab)'],['Jim DEMPSTER (Lab)'],['Jim DEMPSTER (Lab)'],['Jim DEMPSTER (Lab)'],['Jim DEMPSTER (Lab)'],['Jim DEMPSTER (Lab)'],['Jim DEMPSTER (Lab)'],['Jim DEMPSTER (Lab)'],['Jim DEMPSTER (Lab)'],['Jim DEMPSTER (Lab)'],['Jim DEMPSTER (Lab)'],['Jim DEMPSTER (Lab)'],['Jim DEMPSTER (Lab)'],['Jim DEMPSTER (Lab)'],['Jim DEMPSTER (Lab)'],['Jim DEMPSTER (Lab)'],['Jim DEMPSTER (Lab)'],['Jim DEMPSTER (Lab)'],['Jim DEMPSTER (Lab)'],['Jim DEMPSTER (Lab)'],['Jim DEMPSTER (Lab)']
raw_data/scotland/processed_data/dumgal17-ballots/StranraerandtheRhins_dumgal17-01.csv,8,['Willie SCOBIE (Ind)'],['Willie SCOBIE (Ind)'],['Willie SCOBIE (Ind)'],['Willie SCOBIE (Ind)'],['Willie SCOBIE (Ind)'],['Willie SCOBIE (Ind)'],['Willie SCOBIE (Ind)'],['Willie SCOBIE (Ind)'],['Willie SCOBIE (Ind)'],['Willie SCOBIE (Ind)'],['Willie SCOBIE (Ind)'],['Willie SCOBIE (Ind)'],['Willie SCOBIE (Ind)'],['Willie SCOBIE (Ind)'],['Willie SCOBIE (Ind)'],['Willie SCOBIE (Ind)'],['Willie SCOBIE (Ind)'],['Willie SCOBIE (Ind)'],['Willie SCOBIE (Ind)'],['Willie SCOBIE (Ind)'],['Willie SCOBIE (Ind)'],['Willie SCOBIE (Ind)'],['Willie SCOBIE (Ind)'],['Willie SCOBIE (Ind)'],['Willie SCOBIE (Ind)'],['Willie SCOBIE (Ind)'],['Willie SCOBIE (Ind)'],['Willie SCOBIE (Ind)'],['Willie SCOBIE (Ind)'],['Willie SCOBIE (Ind)']
"raw_data/scotland/processed_data/w-lothian17-ballots/Ward2-Broxburn,UphallandWinchburgh_w-lothian17-02.csv",6,['Diane CALDER (SNP)'],['Diane CALDER (SNP)'],['Diane CALDER (SNP)'],['Diane CALDER (SNP)'],['Diane CALDER (SNP)'],['Diane CALDER (SNP)'],['Diane CALDER (SNP)'],['Diane CALDER (SNP)'],['Diane CALDER (SNP)'],['Diane CALDER (SNP)'],['Diane CALDER (SNP)'],['Diane CALDER (SNP)'],['Diane CALDER (SNP)'],['Diane CALDER (SNP)'],['Diane CALDER (SNP)'],['Diane CALDER (SNP)'],['Diane CALDER (SNP)'],['Diane CALDER (SNP)'],['Diane CALDER (SNP)'],['Diane CALDER (SNP)'],['Diane CALDER (SNP)'],['Diane CALDER (SNP)'],['Diane CALDER (SNP)'],['Diane CALDER (SNP)'],['Diane CALDER (SNP)'],['Diane CALDER (SNP)'],['Diane CALDER (SNP)'],['Diane CALDER (SNP)'],['Diane CALDER (SNP)'],['Diane CALDER (SNP)']
raw_data/scotland/processed_data/w-lothian17-ballots/Ward6-FauldhouseandtheBreichValley_w-lothian17-06.csv,5,['David DODDS (Lab)'],['David DODDS (Lab)'],['David DODDS (Lab)'],['David DODDS (Lab)'],['David DODDS (Lab)'],['David DODDS (Lab)'],['David DODDS (Lab)'],['David DODDS (Lab)'],['David DODDS (Lab)'],['David DODDS (Lab)'],['David DODDS (Lab)'],['David DODDS (Lab)'],['David DODDS (Lab)'],['David DODDS (Lab)'],['David DODDS (Lab)'],['David DODDS (Lab)'],['David DODDS (Lab)'],['David DODDS (Lab)'],['David DODDS (Lab)'],['David DODDS (Lab)'],['David DODDS (Lab)'],['David DODDS (Lab)'],['David DODDS (Lab)'],['David DODDS (Lab)'],['David DODDS (Lab)'],['David DODDS (Lab)'],['David DODDS (Lab)'],['David DODDS (Lab)'],['David DODDS (Lab)'],['David DODDS (Lab)']
raw_data/scotland/processed_data/w-lothian17-ballots/Ward7-WhitburnandBlackburn_w-lothian17-07.csv,4,['JIM DICKSON (SNP)'],['George PAUL (Lab)'],['George PAUL (Lab)'],['George PAUL (Lab)'],['George PAUL (Lab)'],['George PAUL (Lab)'],['George PAUL (Lab)'],['George PAUL (Lab)'],['George PAUL (Lab)'],['George PAUL (Lab)'],['George PAUL (Lab)'],['George PAUL (Lab)'],['George PAUL (Lab)'],['George PAUL (Lab)'],['George PAUL (Lab)'],['JIM DICKSON (SNP)'],['George PAUL (Lab)'],['George PAUL (Lab)'],['George PAUL (Lab)'],['George PAUL (Lab)'],['George PAUL (Lab)'],['George PAUL (Lab)'],['George PAUL (Lab)'],['George PAUL (Lab)'],['George PAUL (Lab)'],['George PAUL (Lab)'],['George PAUL (Lab)'],['George PAUL (Lab)'],['George PAUL (Lab)'],['George PAUL (Lab)']
raw_data/scotland/processed_data/w-lothian17-ballots/Ward4-LivingstonSouth_w-lothian17-04.csv,5,['Moira SHEMILT (SNP)'],['Lawrence FITZPATRICK (Lab)'],['Lawrence FITZPATRICK (Lab)'],['Lawrence FITZPATRICK (Lab)'],['Lawrence FITZPATRICK (Lab)'],['Lawrence FITZPATRICK (Lab)'],['Lawrence FITZPATRICK (Lab)'],['Lawrence FITZPATRICK (Lab)'],['Lawrence FITZPATRICK (Lab)'],['Lawrence FITZPATRICK (Lab)'],['Lawrence FITZPATRICK (Lab)'],['Lawrence FITZPATRICK (Lab)'],['Lawrence FITZPATRICK (Lab)'],['Lawrence FITZPATRICK (Lab)'],['Lawrence FITZPATRICK (Lab)'],['Moira SHEMILT (SNP)'],['Lawrence FITZPATRICK (Lab)'],['Lawrence FITZPATRICK (Lab)'],['Lawrence FITZPATRICK (Lab)'],['Lawrence FITZPATRICK (Lab)'],['Lawrence FITZPATRICK (Lab)'],['Lawrence FITZPATRICK (Lab)'],['Lawrence FITZPATRICK (Lab)'],['Lawrence FITZPATRICK (Lab)'],['Lawrence FITZPATRICK (Lab)'],['Lawrence FITZPATRICK (Lab)'],['Lawrence FITZPATRICK (Lab)'],['Lawrence FITZPATRICK (Lab)'],['Lawrence FITZPATRICK (Lab)'],['Lawrence FITZPATRICK (Lab)']
raw_data/scotland/processed_data/w-lothian17-ballots/Ward1-Linlithgow_w-lothian17-01.csv,6,['Tom KERR (Con)'],['Tom KERR (Con)'],['Tom KERR (Con)'],['Tom KERR (Con)'],['Tom KERR (Con)'],['Tom KERR (Con)'],['Tom KERR (Con)'],['Tom KERR (Con)'],['Tom KERR (Con)'],['Tom KERR (Con)'],['Tom KERR (Con)'],['Tom KERR (Con)'],['Tom KERR (Con)'],['Tom KERR (Con)'],['Tom KERR (Con)'],['Tom KERR (Con)'],['Tom KERR (Con)'],['Tom KERR (Con)'],['Tom KERR (Con)'],['Tom KERR (Con)'],['Tom KERR (Con)'],['Tom KERR (Con)'],['Tom KERR (Con)'],['Tom KERR (Con)'],['Tom KERR (Con)'],['Tom KERR (Con)'],['Tom KERR (Con)'],['Tom KERR (Con)'],['Tom KERR (Con)'],['Tom KERR (Con)']
raw_data/scotland/processed_data/w-lothian17-ballots/Ward8-Bathgate_w-lothian17-08.csv,6,['Harry CARTMILL (Lab)'],['Harry CARTMILL (Lab)'],['Harry CARTMILL (Lab)'],['Harry CARTMILL (Lab)'],['Harry CARTMILL (Lab)'],['Harry CARTMILL (Lab)'],['Harry CARTMILL (Lab)'],['Harry CARTMILL (Lab)'],['Harry CARTMILL (Lab)'],['Harry CARTMILL (Lab)'],['Harry CARTMILL (Lab)'],['Harry CARTMILL (Lab)'],['Harry CARTMILL (Lab)'],['Harry CARTMILL (Lab)'],['Harry CARTMILL (Lab)'],['Harry CARTMILL (Lab)'],['Harry CARTMILL (Lab)'],['Harry CARTMILL (Lab)'],['Harry CARTMILL (Lab)'],['Harry CARTMILL (Lab)'],['Harry CARTMILL (Lab)'],['Harry CARTMILL (Lab)'],['Harry CARTMILL (Lab)'],['Harry CARTMILL (Lab)'],['Harry CARTMILL (Lab)'],['Harry CARTMILL (Lab)'],['Harry CARTMILL (Lab)'],['Harry CARTMILL (Lab)'],['Harry CARTMILL (Lab)'],['Harry CARTMILL (Lab)']
raw_data/scotland/processed_data/w-lothian17-ballots/Ward5-EastLivingstonandEastCalder_w-lothian17-05.csv,5,['Carl JOHN (SNP)'],['Dave KING (Lab)'],['Dave KING (Lab)'],['Dave KING (Lab)'],['Dave KING (Lab)'],['Dave KING (Lab)'],['Dave KING (Lab)'],['Dave KING (Lab)'],['Dave KING (Lab)'],['Dave KING (Lab)'],['Dave KING (Lab)'],['Dave KING (Lab)'],['Dave KING (Lab)'],['Dave KING (Lab)'],['Dave KING (Lab)'],['Carl JOHN (SNP)'],['Dave KING (Lab)'],['Dave KING (Lab)'],['Dave KING (Lab)'],['Dave KING (Lab)'],['Dave KING (Lab)'],['Dave KING (Lab)'],['Dave KING (Lab)'],['Dave KING (Lab)'],['Dave KING (Lab)'],['Dave KING (Lab)'],['Dave KING (Lab)'],['Dave KING (Lab)'],['Dave KING (Lab)'],['Dave KING (Lab)']
raw_data/scotland/processed_data/w-lothian17-ballots/Ward9-ArmadaleandBlackridge_w-lothian17-09.csv,6,['Stuart BORROWMAN (Ind)'],['Stuart BORROWMAN (Ind)'],['Stuart BORROWMAN (Ind)'],['Stuart BORROWMAN (Ind)'],['Stuart BORROWMAN (Ind)'],['Stuart BORROWMAN (Ind)'],['Stuart BORROWMAN (Ind)'],['Stuart BORROWMAN (Ind)'],['Stuart BORROWMAN (Ind)'],['Stuart BORROWMAN (Ind)'],['Stuart BORROWMAN (Ind)'],['Stuart BORROWMAN (Ind)'],['Stuart BORROWMAN (Ind)'],['Stuart BORROWMAN (Ind)'],['Stuart BORROWMAN (Ind)'],['Stuart BORROWMAN (Ind)'],['Stuart BORROWMAN (Ind)'],['Stuart BORROWMAN (Ind)'],['Stuart BORROWMAN (Ind)'],['Stuart BORROWMAN (Ind)'],['Stuart BORROWMAN (Ind)'],['Stuart BORROWMAN (Ind)'],['Stuart BORROWMAN (Ind)'],['Stuart BORROWMAN (Ind)'],['Stuart BORROWMAN (Ind)'],['Stuart BORROWMAN (Ind)'],['Stuart BORROWMAN (Ind)'],['Stuart BORROWMAN (Ind)'],['Stuart BORROWMAN (Ind)'],['Stuart BORROWMAN (Ind)']
raw_data/scotland/processed_data/w-lothian17-ballots/Ward3-LivingstonNorth_w-lothian17-03.csv,5,['Robert DE BOLD (SNP)'],['Robert DE BOLD (SNP)'],['Robert DE BOLD (SNP)'],['Robert DE BOLD (SNP)'],['Robert DE BOLD (SNP)'],['Robert DE BOLD (SNP)'],['Robert DE BOLD (SNP)'],['Robert DE BOLD (SNP)'],['Robert DE BOLD (SNP)'],['Robert DE BOLD (SNP)'],['Robert DE BOLD (SNP)'],['Robert DE BOLD (SNP)'],['Robert DE BOLD (SNP)'],['Robert DE BOLD (SNP)'],['Robert DE BOLD (SNP)'],['Robert DE BOLD (SNP)'],['Robert DE BOLD (SNP)'],['Robert DE BOLD (SNP)'],['Robert DE BOLD (SNP)'],['Robert DE BOLD (SNP)'],['Robert DE BOLD (SNP)'],['Robert DE BOLD (SNP)'],['Robert DE BOLD (SNP)'],['Robert DE BOLD (SNP)'],['Robert DE BOLD (SNP)'],['Robert DE BOLD (SNP)'],['Robert DE BOLD (SNP)'],['Robert DE BOLD (SNP)'],['Robert DE BOLD (SNP)'],['Robert DE BOLD (SNP)']
raw_data/scotland/processed_data/glasgow12/Ward7Langside_glasgow12-07-recalc.csv,7,['Susan AITKEN (SNP)'],['Archie GRAHAM (Lab)'],['Archie GRAHAM (Lab)'],['Archie GRAHAM (Lab)'],['Archie GRAHAM (Lab)'],['Archie GRAHAM (Lab)'],['Archie GRAHAM (Lab)'],['Archie GRAHAM (Lab)'],['Archie GRAHAM (Lab)'],['Archie GRAHAM (Lab)'],['Archie GRAHAM (Lab)'],['Archie GRAHAM (Lab)'],['Archie GRAHAM (Lab)'],['Archie GRAHAM (Lab)'],['Archie GRAHAM (Lab)'],['Archie GRAHAM (Lab)'],['Archie GRAHAM (Lab)'],['Archie GRAHAM (Lab)'],['Archie GRAHAM (Lab)'],['Archie GRAHAM (Lab)'],['Archie GRAHAM (Lab)'],['Archie GRAHAM (Lab)'],['Archie GRAHAM (Lab)'],['Archie GRAHAM (Lab)'],['Archie GRAHAM (Lab)'],['Archie GRAHAM (Lab)'],['Archie GRAHAM (Lab)'],['Archie GRAHAM (Lab)'],['Archie GRAHAM (Lab)'],['Archie GRAHAM (Lab)']
raw_data/scotland/processed_data/glasgow12/Ward16Canal_glasgow12-16.csv,9,['Chris KELLY (Lab)'],['Chris KELLY (Lab)'],['Chris KELLY (Lab)'],['Chris KELLY (Lab)'],['Chris KELLY (Lab)'],['Chris KELLY (Lab)'],['Chris KELLY (Lab)'],['Chris KELLY (Lab)'],['Chris KELLY (Lab)'],['Chris KELLY (Lab)'],['Chris KELLY (Lab)'],['Chris KELLY (Lab)'],['Chris KELLY (Lab)'],['Chris KELLY (Lab)'],['Chris KELLY (Lab)'],['Chris KELLY (Lab)'],['Chris KELLY (Lab)'],['Chris KELLY (Lab)'],['Chris KELLY (Lab)'],['Chris KELLY (Lab)'],['Chris KELLY (Lab)'],['Chris KELLY (Lab)'],['Chris KELLY (Lab)'],['Chris KELLY (Lab)'],['Chris KELLY (Lab)'],['Chris KELLY (Lab)'],['Chris KELLY (Lab)'],['Chris KELLY (Lab)'],['Chris KELLY (Lab)'],['Chris KELLY (Lab)']
raw_data/scotland/processed_data/glasgow12/Ward20Baillieston_glasgow12-20.csv,8,['James COLEMAN (Lab)'],['James COLEMAN (Lab)'],['James COLEMAN (Lab)'],['James COLEMAN (Lab)'],['James COLEMAN (Lab)'],['James COLEMAN (Lab)'],['James COLEMAN (Lab)'],['James COLEMAN (Lab)'],['James COLEMAN (Lab)'],['James COLEMAN (Lab)'],['James COLEMAN (Lab)'],['James COLEMAN (Lab)'],['James COLEMAN (Lab)'],['James COLEMAN (Lab)'],['James COLEMAN (Lab)'],['James COLEMAN (Lab)'],['James COLEMAN (Lab)'],['James COLEMAN (Lab)'],['James COLEMAN (Lab)'],['James COLEMAN (Lab)'],['James COLEMAN (Lab)'],['James COLEMAN (Lab)'],['James COLEMAN (Lab)'],['James COLEMAN (Lab)'],['James COLEMAN (Lab)'],['James COLEMAN (Lab)'],['James COLEMAN (Lab)'],['James COLEMAN (Lab)'],['James COLEMAN (Lab)'],['James COLEMAN (Lab)']
raw_data/scotland/processed_data/glasgow12/Ward21NorthEast_glasgow12-21.csv,6,['Maureen BURKE (Lab)'],['Maureen BURKE (Lab)'],['Maureen BURKE (Lab)'],['Maureen BURKE (Lab)'],['Maureen BURKE (Lab)'],['Maureen BURKE (Lab)'],['Maureen BURKE (Lab)'],['Maureen BURKE (Lab)'],['Maureen BURKE (Lab)'],['Maureen BURKE (Lab)'],['Maureen BURKE (Lab)'],['Maureen BURKE (Lab)'],['Maureen BURKE (Lab)'],['Maureen BURKE (Lab)'],['Maureen BURKE (Lab)'],['Maureen BURKE (Lab)'],['Maureen BURKE (Lab)'],['Maureen BURKE (Lab)'],['Maureen BURKE (Lab)'],['Maureen BURKE (Lab)'],['Maureen BURKE (Lab)'],['Maureen BURKE (Lab)'],['Maureen BURKE (Lab)'],['Maureen BURKE (Lab)'],['Maureen BURKE (Lab)'],['Maureen BURKE (Lab)'],['Maureen BURKE (Lab)'],['Maureen BURKE (Lab)'],['Maureen BURKE (Lab)'],['Maureen BURKE (Lab)']
raw_data/scotland/processed_data/glasgow12/Ward17Springburn_glasgow12-17.csv,7,['Gilbert DAVIDSON (Lab)'],['Gilbert DAVIDSON (Lab)'],['Gilbert DAVIDSON (Lab)'],['Gilbert DAVIDSON (Lab)'],['Gilbert DAVIDSON (Lab)'],['Gilbert DAVIDSON (Lab)'],['Gilbert DAVIDSON (Lab)'],['Gilbert DAVIDSON (Lab)'],['Gilbert DAVIDSON (Lab)'],['Gilbert DAVIDSON (Lab)'],['Gilbert DAVIDSON (Lab)'],['Gilbert DAVIDSON (Lab)'],['Gilbert DAVIDSON (Lab)'],['Gilbert DAVIDSON (Lab)'],['Gilbert DAVIDSON (Lab)'],['Gilbert DAVIDSON (Lab)'],['Gilbert DAVIDSON (Lab)'],['Gilbert DAVIDSON (Lab)'],['Gilbert DAVIDSON (Lab)'],['Gilbert DAVIDSON (Lab)'],['Gilbert DAVIDSON (Lab)'],['Gilbert DAVIDSON (Lab)'],['Gilbert DAVIDSON (Lab)'],['Gilbert DAVIDSON (Lab)'],['Gilbert DAVIDSON (Lab)'],['Gilbert DAVIDSON (Lab)'],['Gilbert DAVIDSON (Lab)'],['Gilbert DAVIDSON (Lab)'],['Gilbert DAVIDSON (Lab)'],['Gilbert DAVIDSON (Lab)']
raw_data/scotland/processed_data/glasgow12/Ward9Calton_glasgow12-09.csv,11,['George REDMOND (Lab)'],['George REDMOND (Lab)'],['George REDMOND (Lab)'],['George REDMOND (Lab)'],['George REDMOND (Lab)'],['George REDMOND (Lab)'],['George REDMOND (Lab)'],['George REDMOND (Lab)'],['George REDMOND (Lab)'],['George REDMOND (Lab)'],['George REDMOND (Lab)'],['George REDMOND (Lab)'],['George REDMOND (Lab)'],['George REDMOND (Lab)'],['George REDMOND (Lab)'],['George REDMOND (Lab)'],['George REDMOND (Lab)'],['George REDMOND (Lab)'],['George REDMOND (Lab)'],['George REDMOND (Lab)'],['George REDMOND (Lab)'],['George REDMOND (Lab)'],['George REDMOND (Lab)'],['George REDMOND (Lab)'],['George REDMOND (Lab)'],['George REDMOND (Lab)'],['George REDMOND (Lab)'],['George REDMOND (Lab)'],['George REDMOND (Lab)'],['George REDMOND (Lab)']
raw_data/scotland/processed_data/glasgow12/Ward1Linn_glasgow12-01.csv,7,['Malcolm Robert CUNNING (Lab)'],['Malcolm Robert CUNNING (Lab)'],['Malcolm Robert CUNNING (Lab)'],['Malcolm Robert CUNNING (Lab)'],['Malcolm Robert CUNNING (Lab)'],['Malcolm Robert CUNNING (Lab)'],['Malcolm Robert CUNNING (Lab)'],['Malcolm Robert CUNNING (Lab)'],['Malcolm Robert CUNNING (Lab)'],['Malcolm Robert CUNNING (Lab)'],['Malcolm Robert CUNNING (Lab)'],['Malcolm Robert CUNNING (Lab)'],['Malcolm Robert CUNNING (Lab)'],['Malcolm Robert CUNNING (Lab)'],['Malcolm Robert CUNNING (Lab)'],['Malcolm Robert CUNNING (Lab)'],['Malcolm Robert CUNNING (Lab)'],['Malcolm Robert CUNNING (Lab)'],['Malcolm Robert CUNNING (Lab)'],['Malcolm Robert CUNNING (Lab)'],['Malcolm Robert CUNNING (Lab)'],['Malcolm Robert CUNNING (Lab)'],['Malcolm Robert CUNNING (Lab)'],['Malcolm Robert CUNNING (Lab)'],['Malcolm Robert CUNNING (Lab)'],['Malcolm Robert CUNNING (Lab)'],['Malcolm Robert CUNNING (Lab)'],['Malcolm Robert CUNNING (Lab)'],['Malcolm Robert CUNNING (Lab)'],['Malcolm Robert CUNNING (Lab)']
raw_data/scotland/processed_data/glasgow12/Ward13Garscadden-Scotstounhill_glasgow12-13.csv,10,['Liz CAMERON (Lab)'],['Liz CAMERON (Lab)'],['Liz CAMERON (Lab)'],['Liz CAMERON (Lab)'],['Liz CAMERON (Lab)'],['Liz CAMERON (Lab)'],['Liz CAMERON (Lab)'],['Liz CAMERON (Lab)'],['Liz CAMERON (Lab)'],['Liz CAMERON (Lab)'],['Liz CAMERON (Lab)'],['Liz CAMERON (Lab)'],['Liz CAMERON (Lab)'],['Liz CAMERON (Lab)'],['Liz CAMERON (Lab)'],['Liz CAMERON (Lab)'],['Liz CAMERON (Lab)'],['Liz CAMERON (Lab)'],['Liz CAMERON (Lab)'],['Liz CAMERON (Lab)'],['Liz CAMERON (Lab)'],['Liz CAMERON (Lab)'],['Liz CAMERON (Lab)'],['Liz CAMERON (Lab)'],['Liz CAMERON (Lab)'],['Liz CAMERON (Lab)'],['Liz CAMERON (Lab)'],['Liz CAMERON (Lab)'],['Liz CAMERON (Lab)'],['Liz CAMERON (Lab)']
raw_data/scotland/processed_data/glasgow12/Ward15Maryhill-Kelvin_glasgow12-15.csv,6,['Martin RHODES (Lab)'],['Martin RHODES (Lab)'],['Martin RHODES (Lab)'],['Martin RHODES (Lab)'],['Martin RHODES (Lab)'],['Martin RHODES (Lab)'],['Martin RHODES (Lab)'],['Martin RHODES (Lab)'],['Martin RHODES (Lab)'],['Martin RHODES (Lab)'],['Martin RHODES (Lab)'],['Martin RHODES (Lab)'],['Martin RHODES (Lab)'],['Martin RHODES (Lab)'],['Martin RHODES (Lab)'],['Martin RHODES (Lab)'],['Martin RHODES (Lab)'],['Martin RHODES (Lab)'],['Martin RHODES (Lab)'],['Martin RHODES (Lab)'],['Martin RHODES (Lab)'],['Martin RHODES (Lab)'],['Martin RHODES (Lab)'],['Martin RHODES (Lab)'],['Martin RHODES (Lab)'],['Martin RHODES (Lab)'],['Martin RHODES (Lab)'],['Martin RHODES (Lab)'],['Martin RHODES (Lab)'],['Martin RHODES (Lab)']
raw_data/scotland/processed_data/glasgow12/Ward2Newlands-Auldburn_glasgow12-02.csv,9,['Stephen CURRAN (Lab)'],['Stephen CURRAN (Lab)'],['Stephen CURRAN (Lab)'],['Stephen CURRAN (Lab)'],['Stephen CURRAN (Lab)'],['Stephen CURRAN (Lab)'],['Stephen CURRAN (Lab)'],['Stephen CURRAN (Lab)'],['Stephen CURRAN (Lab)'],['Stephen CURRAN (Lab)'],['Stephen CURRAN (Lab)'],['Stephen CURRAN (Lab)'],['Stephen CURRAN (Lab)'],['Stephen CURRAN (Lab)'],['Stephen CURRAN (Lab)'],['Stephen CURRAN (Lab)'],['Stephen CURRAN (Lab)'],['Stephen CURRAN (Lab)'],['Stephen CURRAN (Lab)'],['Stephen CURRAN (Lab)'],['Stephen CURRAN (Lab)'],['Stephen CURRAN (Lab)'],['Stephen CURRAN (Lab)'],['Stephen CURRAN (Lab)'],['Stephen CURRAN (Lab)'],['Stephen CURRAN (Lab)'],['Stephen CURRAN (Lab)'],['Stephen CURRAN (Lab)'],['Stephen CURRAN (Lab)'],['Stephen CURRAN (Lab)']
raw_data/scotland/processed_data/glasgow12/Ward14Drumchapel-Anniesland_glasgow12-14.csv,8,['Paul CAREY (Lab)'],['Paul CAREY (Lab)'],['Paul CAREY (Lab)'],['Paul CAREY (Lab)'],['Paul CAREY (Lab)'],['Paul CAREY (Lab)'],['Paul CAREY (Lab)'],['Paul CAREY (Lab)'],['Paul CAREY (Lab)'],['Paul CAREY (Lab)'],['Paul CAREY (Lab)'],['Paul CAREY (Lab)'],['Paul CAREY (Lab)'],['Paul CAREY (Lab)'],['Paul CAREY (Lab)'],['Paul CAREY (Lab)'],['Paul CAREY (Lab)'],['Paul CAREY (Lab)'],['Paul CAREY (Lab)'],['Paul CAREY (Lab)'],['Paul CAREY (Lab)'],['Paul CAREY (Lab)'],['Paul CAREY (Lab)'],['Paul CAREY (Lab)'],['Paul CAREY (Lab)'],['Paul CAREY (Lab)'],['Paul CAREY (Lab)'],['Paul CAREY (Lab)'],['Paul CAREY (Lab)'],['Paul CAREY (Lab)']
raw_data/scotland/processed_data/glasgow12/Ward12PartickWest_glasgow12-12.csv,10,['Feargal DALTON (SNP)'],['Aileen COLLERAN (Lab)'],['Aileen COLLERAN (Lab)'],['Aileen COLLERAN (Lab)'],['Martin BARTOS (Grn)'],['Aileen COLLERAN (Lab)'],['Feargal DALTON (SNP)'],['Aileen COLLERAN (Lab)'],['Aileen COLLERAN (Lab)'],['Aileen COLLERAN (Lab)'],['Aileen COLLERAN (Lab)'],['Aileen COLLERAN (Lab)'],['Aileen COLLERAN (Lab)'],['Martin BARTOS (Grn)'],['Aileen COLLERAN (Lab)'],['Feargal DALTON (SNP)'],['Aileen COLLERAN (Lab)'],['Aileen COLLERAN (Lab)'],['Aileen COLLERAN (Lab)'],['Feargal DALTON (SNP)'],['Aileen COLLERAN (Lab)'],['Aileen COLLERAN (Lab)'],['Aileen COLLERAN (Lab)'],['Aileen COLLERAN (Lab)'],['Aileen COLLERAN (Lab)'],['Aileen COLLERAN (Lab)'],['Aileen COLLERAN (Lab)'],['Aileen COLLERAN (Lab)'],['Martin BARTOS (Grn)'],['Aileen COLLERAN (Lab)']
raw_data/scotland/processed_data/glasgow12/Ward5Govan_glasgow12-05.csv,10,['James ADAMS (Lab)'],['James ADAMS (Lab)'],['James ADAMS (Lab)'],['James ADAMS (Lab)'],['James ADAMS (Lab)'],['James ADAMS (Lab)'],['James ADAMS (Lab)'],['James ADAMS (Lab)'],['James ADAMS (Lab)'],['James ADAMS (Lab)'],['James ADAMS (Lab)'],['James ADAMS (Lab)'],['James ADAMS (Lab)'],['James ADAMS (Lab)'],['James ADAMS (Lab)'],['James ADAMS (Lab)'],['James ADAMS (Lab)'],['James ADAMS (Lab)'],['James ADAMS (Lab)'],['James ADAMS (Lab)'],['James ADAMS (Lab)'],['James ADAMS (Lab)'],['James ADAMS (Lab)'],['James ADAMS (Lab)'],['James ADAMS (Lab)'],['James ADAMS (Lab)'],['James ADAMS (Lab)'],['James ADAMS (Lab)'],['James ADAMS (Lab)'],['James ADAMS (Lab)']
raw_data/scotland/processed_data/glasgow12/Ward6Pollokshields_glasgow12-06.csv,7,['Norman MACLEOD (SNP)'],['Norman MACLEOD (SNP)'],['Norman MACLEOD (SNP)'],['Norman MACLEOD (SNP)'],['Norman MACLEOD (SNP)'],['Norman MACLEOD (SNP)'],['Norman MACLEOD (SNP)'],['Norman MACLEOD (SNP)'],['Norman MACLEOD (SNP)'],['Norman MACLEOD (SNP)'],['Norman MACLEOD (SNP)'],['Norman MACLEOD (SNP)'],['Norman MACLEOD (SNP)'],['Norman MACLEOD (SNP)'],['Norman MACLEOD (SNP)'],['Norman MACLEOD (SNP)'],['Norman MACLEOD (SNP)'],['Norman MACLEOD (SNP)'],['Norman MACLEOD (SNP)'],['Norman MACLEOD (SNP)'],['Norman MACLEOD (SNP)'],['Norman MACLEOD (SNP)'],['Norman MACLEOD (SNP)'],['Norman MACLEOD (SNP)'],['Norman MACLEOD (SNP)'],['Norman MACLEOD (SNP)'],['Norman MACLEOD (SNP)'],['Norman MACLEOD (SNP)'],['Norman MACLEOD (SNP)'],['Norman MACLEOD (SNP)']
raw_data/scotland/processed_data/glasgow12/Ward4Craigton_glasgow12-04.csv,8,['Matt KERR (Lab)'],['Matt KERR (Lab)'],['Matt KERR (Lab)'],['Matt KERR (Lab)'],['Matt KERR (Lab)'],['Matt KERR (Lab)'],['Matt KERR (Lab)'],['Matt KERR (Lab)'],['Matt KERR (Lab)'],['Matt KERR (Lab)'],['Matt KERR (Lab)'],['Matt KERR (Lab)'],['Matt KERR (Lab)'],['Matt KERR (Lab)'],['Matt KERR (Lab)'],['Matt KERR (Lab)'],['Matt KERR (Lab)'],['Matt KERR (Lab)'],['Matt KERR (Lab)'],['Matt KERR (Lab)'],['Matt KERR (Lab)'],['Matt KERR (Lab)'],['Matt KERR (Lab)'],['Matt KERR (Lab)'],['Matt KERR (Lab)'],['Matt KERR (Lab)'],['Matt KERR (Lab)'],['Matt KERR (Lab)'],['Matt KERR (Lab)'],['Matt KERR (Lab)']
raw_data/scotland/processed_data/glasgow12/Ward19Shettleston_glasgow12-19.csv,7,['Frank MCAVEETY (Lab)'],['Frank MCAVEETY (Lab)'],['Frank MCAVEETY (Lab)'],['Frank MCAVEETY (Lab)'],['Frank MCAVEETY (Lab)'],['Frank MCAVEETY (Lab)'],['Frank MCAVEETY (Lab)'],['Frank MCAVEETY (Lab)'],['Frank MCAVEETY (Lab)'],['Frank MCAVEETY (Lab)'],['Frank MCAVEETY (Lab)'],['Frank MCAVEETY (Lab)'],['Frank MCAVEETY (Lab)'],['Frank MCAVEETY (Lab)'],['Frank MCAVEETY (Lab)'],['Frank MCAVEETY (Lab)'],['Frank MCAVEETY (Lab)'],['Frank MCAVEETY (Lab)'],['Frank MCAVEETY (Lab)'],['Frank MCAVEETY (Lab)'],['Frank MCAVEETY (Lab)'],['Frank MCAVEETY (Lab)'],['Frank MCAVEETY (Lab)'],['Frank MCAVEETY (Lab)'],['Frank MCAVEETY (Lab)'],['Frank MCAVEETY (Lab)'],['Frank MCAVEETY (Lab)'],['Frank MCAVEETY (Lab)'],['Frank MCAVEETY (Lab)'],['Frank MCAVEETY (Lab)']
raw_data/scotland/processed_data/glasgow12/Ward8SouthsideCentral_glasgow12-08.csv,8,['James SCANLON (Lab)'],['James SCANLON (Lab)'],['James SCANLON (Lab)'],['James SCANLON (Lab)'],['James SCANLON (Lab)'],['James SCANLON (Lab)'],['James SCANLON (Lab)'],['James SCANLON (Lab)'],['James SCANLON (Lab)'],['James SCANLON (Lab)'],['James SCANLON (Lab)'],['James SCANLON (Lab)'],['James SCANLON (Lab)'],['James SCANLON (Lab)'],['James SCANLON (Lab)'],['James SCANLON (Lab)'],['James SCANLON (Lab)'],['James SCANLON (Lab)'],['James SCANLON (Lab)'],['James SCANLON (Lab)'],['James SCANLON (Lab)'],['James SCANLON (Lab)'],['James SCANLON (Lab)'],['James SCANLON (Lab)'],['James SCANLON (Lab)'],['James SCANLON (Lab)'],['James SCANLON (Lab)'],['James SCANLON (Lab)'],['James SCANLON (Lab)'],['James SCANLON (Lab)']
raw_data/scotland/processed_data/glasgow12/Ward10Anderston-City_glasgow12-10.csv,9,['Philip BRAAT (Lab)'],['Philip BRAAT (Lab)'],['Philip BRAAT (Lab)'],['Philip BRAAT (Lab)'],['Philip BRAAT (Lab)'],['Philip BRAAT (Lab)'],['Philip BRAAT (Lab)'],['Philip BRAAT (Lab)'],['Philip BRAAT (Lab)'],['Philip BRAAT (Lab)'],['Philip BRAAT (Lab)'],['Philip BRAAT (Lab)'],['Philip BRAAT (Lab)'],['Philip BRAAT (Lab)'],['Philip BRAAT (Lab)'],['Philip BRAAT (Lab)'],['Philip BRAAT (Lab)'],['Philip BRAAT (Lab)'],['Philip BRAAT (Lab)'],['Philip BRAAT (Lab)'],['Philip BRAAT (Lab)'],['Philip BRAAT (Lab)'],['Philip BRAAT (Lab)'],['Philip BRAAT (Lab)'],['Philip BRAAT (Lab)'],['Philip BRAAT (Lab)'],['Philip BRAAT (Lab)'],['Philip BRAAT (Lab)'],['Philip BRAAT (Lab)'],['Philip BRAAT (Lab)']
raw_data/scotland/processed_data/glasgow12/Ward18EastCentre_glasgow12-18.csv,8,['Frank DOCHERTY (Lab)'],['Frank DOCHERTY (Lab)'],['Frank DOCHERTY (Lab)'],['Frank DOCHERTY (Lab)'],['Frank DOCHERTY (Lab)'],['Frank DOCHERTY (Lab)'],['Frank DOCHERTY (Lab)'],['Frank DOCHERTY (Lab)'],['Frank DOCHERTY (Lab)'],['Frank DOCHERTY (Lab)'],['Frank DOCHERTY (Lab)'],['Frank DOCHERTY (Lab)'],['Frank DOCHERTY (Lab)'],['Frank DOCHERTY (Lab)'],['Frank DOCHERTY (Lab)'],['Frank DOCHERTY (Lab)'],['Frank DOCHERTY (Lab)'],['Frank DOCHERTY (Lab)'],['Frank DOCHERTY (Lab)'],['Frank DOCHERTY (Lab)'],['Frank DOCHERTY (Lab)'],['Frank DOCHERTY (Lab)'],['Frank DOCHERTY (Lab)'],['Frank DOCHERTY (Lab)'],['Frank DOCHERTY (Lab)'],['Frank DOCHERTY (Lab)'],['Frank DOCHERTY (Lab)'],['Frank DOCHERTY (Lab)'],['Frank DOCHERTY (Lab)'],['Frank DOCHERTY (Lab)']
raw_data/scotland/processed_data/glasgow12/Ward3GreaterPollok_glasgow12-03.csv,8,['Bill BUTLER (Lab)'],['Bill BUTLER (Lab)'],['Bill BUTLER (Lab)'],['Bill BUTLER (Lab)'],['Bill BUTLER (Lab)'],['Bill BUTLER (Lab)'],['Bill BUTLER (Lab)'],['Bill BUTLER (Lab)'],['Bill BUTLER (Lab)'],['Bill BUTLER (Lab)'],['Bill BUTLER (Lab)'],['Bill BUTLER (Lab)'],['Bill BUTLER (Lab)'],['Bill BUTLER (Lab)'],['Bill BUTLER (Lab)'],['Bill BUTLER (Lab)'],['Bill BUTLER (Lab)'],['Bill BUTLER (Lab)'],['Bill BUTLER (Lab)'],['Bill BUTLER (Lab)'],['Bill BUTLER (Lab)'],['Bill BUTLER (Lab)'],['Bill BUTLER (Lab)'],['Bill BUTLER (Lab)'],['Bill BUTLER (Lab)'],['Bill BUTLER (Lab)'],['Bill BUTLER (Lab)'],['Bill BUTLER (Lab)'],['Bill BUTLER (Lab)'],['Bill BUTLER (Lab)']
raw_data/scotland/processed_data/glasgow12/Ward11Hillhead_glasgow12-11.csv,11,['Ken ANDREW (SNP)'],['Ken ANDREW (SNP)'],['Ken ANDREW (SNP)'],['Martha WARDROP (Grn)'],['Martha WARDROP (Grn)'],['Martha WARDROP (Grn)'],['Ken ANDREW (SNP)'],['Ken ANDREW (SNP)'],['Ken ANDREW (SNP)'],['Ken ANDREW (SNP)'],['Ken ANDREW (SNP)'],['Ken ANDREW (SNP)'],['Ken ANDREW (SNP)'],['Martha WARDROP (Grn)'],['Ken ANDREW (SNP)'],['Ken ANDREW (SNP)'],['Ken ANDREW (SNP)'],['Ken ANDREW (SNP)'],['Ken ANDREW (SNP)'],['Ken ANDREW (SNP)'],['Ken ANDREW (SNP)'],['Ken ANDREW (SNP)'],['Ken ANDREW (SNP)'],['Ken ANDREW (SNP)'],['Ken ANDREW (SNP)'],['Ken ANDREW (SNP)'],['Ken ANDREW (SNP)'],['Ken ANDREW (SNP)'],['Martha WARDROP (Grn)'],['Ken ANDREW (SNP)']
raw_data/scotland/processed_data/w-duns12-ballots/LomondWard_w-duns12-01.csv,5,['Martin ROONEY (Lab)'],['Martin ROONEY (Lab)'],['Martin ROONEY (Lab)'],['Martin ROONEY (Lab)'],['Martin ROONEY (Lab)'],['Martin ROONEY (Lab)'],['Martin ROONEY (Lab)'],['Martin ROONEY (Lab)'],['Martin ROONEY (Lab)'],['Martin ROONEY (Lab)'],['Martin ROONEY (Lab)'],['Martin ROONEY (Lab)'],['Martin ROONEY (Lab)'],['Martin ROONEY (Lab)'],['Martin ROONEY (Lab)'],['Martin ROONEY (Lab)'],['Martin ROONEY (Lab)'],['Martin ROONEY (Lab)'],['Martin ROONEY (Lab)'],['Martin ROONEY (Lab)'],['Martin ROONEY (Lab)'],['Martin ROONEY (Lab)'],['Martin ROONEY (Lab)'],['Martin ROONEY (Lab)'],['Martin ROONEY (Lab)'],['Martin ROONEY (Lab)'],['Martin ROONEY (Lab)'],['Martin ROONEY (Lab)'],['Martin ROONEY (Lab)'],['Martin ROONEY (Lab)']
raw_data/scotland/processed_data/w-duns12-ballots/ClydebankCentralWard_w-duns12-05.csv,5,['Patrick MCGLINCHEY (Lab)'],['Patrick MCGLINCHEY (Lab)'],['Patrick MCGLINCHEY (Lab)'],['Patrick MCGLINCHEY (Lab)'],['Patrick MCGLINCHEY (Lab)'],['Patrick MCGLINCHEY (Lab)'],['Patrick MCGLINCHEY (Lab)'],['Patrick MCGLINCHEY (Lab)'],['Patrick MCGLINCHEY (Lab)'],['Patrick MCGLINCHEY (Lab)'],['Patrick MCGLINCHEY (Lab)'],['Patrick MCGLINCHEY (Lab)'],['Patrick MCGLINCHEY (Lab)'],['Patrick MCGLINCHEY (Lab)'],['Patrick MCGLINCHEY (Lab)'],['Patrick MCGLINCHEY (Lab)'],['Patrick MCGLINCHEY (Lab)'],['Patrick MCGLINCHEY (Lab)'],['Patrick MCGLINCHEY (Lab)'],['Patrick MCGLINCHEY (Lab)'],['Patrick MCGLINCHEY (Lab)'],['Patrick MCGLINCHEY (Lab)'],['Patrick MCGLINCHEY (Lab)'],['Patrick MCGLINCHEY (Lab)'],['Patrick MCGLINCHEY (Lab)'],['Patrick MCGLINCHEY (Lab)'],['Patrick MCGLINCHEY (Lab)'],['Patrick MCGLINCHEY (Lab)'],['Patrick MCGLINCHEY (Lab)'],['Patrick MCGLINCHEY (Lab)']
raw_data/scotland/processed_data/w-duns12-ballots/ClydebankWaterfrontWard_w-duns12-06.csv,6,['Gail CASEY (Lab)'],['Gail CASEY (Lab)'],['Gail CASEY (Lab)'],['Gail CASEY (Lab)'],['Gail CASEY (Lab)'],['Gail CASEY (Lab)'],['Gail CASEY (Lab)'],['Gail CASEY (Lab)'],['Gail CASEY (Lab)'],['Gail CASEY (Lab)'],['Gail CASEY (Lab)'],['Gail CASEY (Lab)'],['Gail CASEY (Lab)'],['Gail CASEY (Lab)'],['Gail CASEY (Lab)'],['Gail CASEY (Lab)'],['Gail CASEY (Lab)'],['Gail CASEY (Lab)'],['Gail CASEY (Lab)'],['Gail CASEY (Lab)'],['Gail CASEY (Lab)'],['Gail CASEY (Lab)'],['Gail CASEY (Lab)'],['Gail CASEY (Lab)'],['Gail CASEY (Lab)'],['Gail CASEY (Lab)'],['Gail CASEY (Lab)'],['Gail CASEY (Lab)'],['Gail CASEY (Lab)'],['Gail CASEY (Lab)']
raw_data/scotland/processed_data/w-duns12-ballots/LevenWard_w-duns12-02.csv,5,['John MILLAR (Lab)'],['John MILLAR (Lab)'],['John MILLAR (Lab)'],['John MILLAR (Lab)'],['John MILLAR (Lab)'],['John MILLAR (Lab)'],['John MILLAR (Lab)'],['John MILLAR (Lab)'],['John MILLAR (Lab)'],['John MILLAR (Lab)'],['John MILLAR (Lab)'],['John MILLAR (Lab)'],['John MILLAR (Lab)'],['John MILLAR (Lab)'],['John MILLAR (Lab)'],['John MILLAR (Lab)'],['John MILLAR (Lab)'],['John MILLAR (Lab)'],['John MILLAR (Lab)'],['John MILLAR (Lab)'],['John MILLAR (Lab)'],['John MILLAR (Lab)'],['John MILLAR (Lab)'],['John MILLAR (Lab)'],['John MILLAR (Lab)'],['John MILLAR (Lab)'],['John MILLAR (Lab)'],['John MILLAR (Lab)'],['John MILLAR (Lab)'],['John MILLAR (Lab)']
raw_data/scotland/processed_data/w-duns12-ballots/KilpatrickWard_w-duns12-04.csv,5,['Douglas MCALLISTER (Lab)'],['Douglas MCALLISTER (Lab)'],['Douglas MCALLISTER (Lab)'],['Douglas MCALLISTER (Lab)'],['Douglas MCALLISTER (Lab)'],['Douglas MCALLISTER (Lab)'],['Douglas MCALLISTER (Lab)'],['Douglas MCALLISTER (Lab)'],['Douglas MCALLISTER (Lab)'],['Douglas MCALLISTER (Lab)'],['Douglas MCALLISTER (Lab)'],['Douglas MCALLISTER (Lab)'],['Douglas MCALLISTER (Lab)'],['Douglas MCALLISTER (Lab)'],['Douglas MCALLISTER (Lab)'],['Douglas MCALLISTER (Lab)'],['Douglas MCALLISTER (Lab)'],['Douglas MCALLISTER (Lab)'],['Douglas MCALLISTER (Lab)'],['Douglas MCALLISTER (Lab)'],['Douglas MCALLISTER (Lab)'],['Douglas MCALLISTER (Lab)'],['Douglas MCALLISTER (Lab)'],['Douglas MCALLISTER (Lab)'],['Douglas MCALLISTER (Lab)'],['Douglas MCALLISTER (Lab)'],['Douglas MCALLISTER (Lab)'],['Douglas MCALLISTER (Lab)'],['Douglas MCALLISTER (Lab)'],['Douglas MCALLISTER (Lab)']
raw_data/scotland/processed_data/w-duns12-ballots/DumbartonWard_w-duns12-03.csv,7,['David MCBRIDE (Lab)'],['David MCBRIDE (Lab)'],['David MCBRIDE (Lab)'],['David MCBRIDE (Lab)'],['David MCBRIDE (Lab)'],['David MCBRIDE (Lab)'],['David MCBRIDE (Lab)'],['David MCBRIDE (Lab)'],['David MCBRIDE (Lab)'],['David MCBRIDE (Lab)'],['David MCBRIDE (Lab)'],['David MCBRIDE (Lab)'],['David MCBRIDE (Lab)'],['David MCBRIDE (Lab)'],['David MCBRIDE (Lab)'],['David MCBRIDE (Lab)'],['David MCBRIDE (Lab)'],['David MCBRIDE (Lab)'],['David MCBRIDE (Lab)'],['David MCBRIDE (Lab)'],['David MCBRIDE (Lab)'],['David MCBRIDE (Lab)'],['David MCBRIDE (Lab)'],['David MCBRIDE (Lab)'],['David MCBRIDE (Lab)'],['David MCBRIDE (Lab)'],['David MCBRIDE (Lab)'],['David MCBRIDE (Lab)'],['David MCBRIDE (Lab)'],['David MCBRIDE (Lab)']
raw_data/scotland/processed_data/glasgow24/Ward15Maryhill_Glasgow 2024 by-election Ward 15.csv,7,['Marie GARRITY Glasgow (Lab)'],['Marie GARRITY Glasgow (Lab)'],['Marie GARRITY Glasgow (Lab)'],['Marie GARRITY Glasgow (Lab)'],['Marie GARRITY Glasgow (Lab)'],['Marie GARRITY Glasgow (Lab)'],['Marie GARRITY Glasgow (Lab)'],['Marie GARRITY Glasgow (Lab)'],['Marie GARRITY Glasgow (Lab)'],['Marie GARRITY Glasgow (Lab)'],['Marie GARRITY Glasgow (Lab)'],['Marie GARRITY Glasgow (Lab)'],['Marie GARRITY Glasgow (Lab)'],['Marie GARRITY Glasgow (Lab)'],['Marie GARRITY Glasgow (Lab)'],['Marie GARRITY Glasgow (Lab)'],['Marie GARRITY Glasgow (Lab)'],['Marie GARRITY Glasgow (Lab)'],['Marie GARRITY Glasgow (Lab)'],['Marie GARRITY Glasgow (Lab)'],['Marie GARRITY Glasgow (Lab)'],['Marie GARRITY Glasgow (Lab)'],['Marie GARRITY Glasgow (Lab)'],['Marie GARRITY Glasgow (Lab)'],['Marie GARRITY Glasgow (Lab)'],['Marie GARRITY Glasgow (Lab)'],['Marie GARRITY Glasgow (Lab)'],['Marie GARRITY Glasgow (Lab)'],['Marie GARRITY Glasgow (Lab)'],['Marie GARRITY Glasgow (Lab)']
raw_data/scotland/processed_data/glasgow24/Ward21NorthEast_Glasgow 2024 by-election Ward 21.csv,7,['Mary MCNAB Glasgow (Lab)'],['Mary MCNAB Glasgow (Lab)'],['Mary MCNAB Glasgow (Lab)'],['Mary MCNAB Glasgow (Lab)'],['Mary MCNAB Glasgow (Lab)'],['Mary MCNAB Glasgow (Lab)'],['Mary MCNAB Glasgow (Lab)'],['Mary MCNAB Glasgow (Lab)'],['Mary MCNAB Glasgow (Lab)'],['Mary MCNAB Glasgow (Lab)'],['Mary MCNAB Glasgow (Lab)'],['Mary MCNAB Glasgow (Lab)'],['Mary MCNAB Glasgow (Lab)'],['Mary MCNAB Glasgow (Lab)'],['Mary MCNAB Glasgow (Lab)'],['Mary MCNAB Glasgow (Lab)'],['Mary MCNAB Glasgow (Lab)'],['Mary MCNAB Glasgow (Lab)'],['Mary MCNAB Glasgow (Lab)'],['Mary MCNAB Glasgow (Lab)'],['Mary MCNAB Glasgow (Lab)'],['Mary MCNAB Glasgow (Lab)'],['Mary MCNAB Glasgow (Lab)'],['Mary MCNAB Glasgow (Lab)'],['Mary MCNAB Glasgow (Lab)'],['Mary MCNAB Glasgow (Lab)'],['Mary MCNAB Glasgow (Lab)'],['Mary MCNAB Glasgow (Lab)'],['Mary MCNAB Glasgow (Lab)'],['Mary MCNAB Glasgow (Lab)']
raw_data/scotland/processed_data/glasgow24/Ward14Drumchapel-Anniesland_Glasgow 2024 by-election Ward 14.csv,7,['Davena RANKIN Glasgow (Lab)'],['Davena RANKIN Glasgow (Lab)'],['Davena RANKIN Glasgow (Lab)'],['Davena RANKIN Glasgow (Lab)'],['Davena RANKIN Glasgow (Lab)'],['Davena RANKIN Glasgow (Lab)'],['Davena RANKIN Glasgow (Lab)'],['Davena RANKIN Glasgow (Lab)'],['Davena RANKIN Glasgow (Lab)'],['Davena RANKIN Glasgow (Lab)'],['Davena RANKIN Glasgow (Lab)'],['Davena RANKIN Glasgow (Lab)'],['Davena RANKIN Glasgow (Lab)'],['Davena RANKIN Glasgow (Lab)'],['Davena RANKIN Glasgow (Lab)'],['Davena RANKIN Glasgow (Lab)'],['Davena RANKIN Glasgow (Lab)'],['Davena RANKIN Glasgow (Lab)'],['Davena RANKIN Glasgow (Lab)'],['Davena RANKIN Glasgow (Lab)'],['Davena RANKIN Glasgow (Lab)'],['Davena RANKIN Glasgow (Lab)'],['Davena RANKIN Glasgow (Lab)'],['Davena RANKIN Glasgow (Lab)'],['Davena RANKIN Glasgow (Lab)'],['Davena RANKIN Glasgow (Lab)'],['Davena RANKIN Glasgow (Lab)'],['Davena RANKIN Glasgow (Lab)'],['Davena RANKIN Glasgow (Lab)'],['Davena RANKIN Glasgow (Lab)']
raw_data/scotland/processed_data/glasgow24/Ward23PartickEast-Kelvindale_Glasgow 2024 by-election Ward 23.csv,5,['James ADAMS Glasgow (Lab)'],['James ADAMS Glasgow (Lab)'],['James ADAMS Glasgow (Lab)'],['James ADAMS Glasgow (Lab)'],['James ADAMS Glasgow (Lab)'],['James ADAMS Glasgow (Lab)'],['James ADAMS Glasgow (Lab)'],['James ADAMS Glasgow (Lab)'],['James ADAMS Glasgow (Lab)'],['James ADAMS Glasgow (Lab)'],['James ADAMS Glasgow (Lab)'],['James ADAMS Glasgow (Lab)'],['James ADAMS Glasgow (Lab)'],['James ADAMS Glasgow (Lab)'],['James ADAMS Glasgow (Lab)'],['James ADAMS Glasgow (Lab)'],['James ADAMS Glasgow (Lab)'],['James ADAMS Glasgow (Lab)'],['James ADAMS Glasgow (Lab)'],['James ADAMS Glasgow (Lab)'],['James ADAMS Glasgow (Lab)'],['James ADAMS Glasgow (Lab)'],['James ADAMS Glasgow (Lab)'],['James ADAMS Glasgow (Lab)'],['James ADAMS Glasgow (Lab)'],['James ADAMS Glasgow (Lab)'],['James ADAMS Glasgow (Lab)'],['James ADAMS Glasgow (Lab)'],['James ADAMS Glasgow (Lab)'],['James ADAMS Glasgow (Lab)']
raw_data/scotland/processed_data/stirling12-ballots/DunblaneandBridgeofAllanWard_stirling12-03.csv,5,['Graham HOUSTON (SNP)'],['Graham HOUSTON (SNP)'],['Graham HOUSTON (SNP)'],['Graham HOUSTON (SNP)'],['Mark RUSKELL (Grn)'],['Graham HOUSTON (SNP)'],['Graham HOUSTON (SNP)'],['Graham HOUSTON (SNP)'],['Graham HOUSTON (SNP)'],['Graham HOUSTON (SNP)'],['Graham HOUSTON (SNP)'],['Graham HOUSTON (SNP)'],['Graham HOUSTON (SNP)'],['Mark RUSKELL (Grn)'],['Graham HOUSTON (SNP)'],['Graham HOUSTON (SNP)'],['Graham HOUSTON (SNP)'],['Graham HOUSTON (SNP)'],['Graham HOUSTON (SNP)'],['Graham HOUSTON (SNP)'],['Graham HOUSTON (SNP)'],['Graham HOUSTON (SNP)'],['Graham HOUSTON (SNP)'],['Graham HOUSTON (SNP)'],['Graham HOUSTON (SNP)'],['Graham HOUSTON (SNP)'],['Graham HOUSTON (SNP)'],['Graham HOUSTON (SNP)'],['Mark RUSKELL (Grn)'],['Graham HOUSTON (SNP)']
raw_data/scotland/processed_data/stirling12-ballots/StirlingWestWard_stirling12-05.csv,4,['Scott FARMER (SNP)'],['Scott FARMER (SNP)'],['Scott FARMER (SNP)'],['Scott FARMER (SNP)'],['Scott FARMER (SNP)'],['Scott FARMER (SNP)'],['Scott FARMER (SNP)'],['Scott FARMER (SNP)'],['Scott FARMER (SNP)'],['Scott FARMER (SNP)'],['Scott FARMER (SNP)'],['Scott FARMER (SNP)'],['Scott FARMER (SNP)'],['Scott FARMER (SNP)'],['Scott FARMER (SNP)'],['Scott FARMER (SNP)'],['Scott FARMER (SNP)'],['Scott FARMER (SNP)'],['Scott FARMER (SNP)'],['Scott FARMER (SNP)'],['Scott FARMER (SNP)'],['Scott FARMER (SNP)'],['Scott FARMER (SNP)'],['Scott FARMER (SNP)'],['Scott FARMER (SNP)'],['Scott FARMER (SNP)'],['Scott FARMER (SNP)'],['Scott FARMER (SNP)'],['Scott FARMER (SNP)'],['Scott FARMER (SNP)']
raw_data/scotland/processed_data/stirling12-ballots/BannockburnWard_stirling12-07.csv,5,['Margaret BRISLEY (Lab)'],['Margaret BRISLEY (Lab)'],['Margaret BRISLEY (Lab)'],['Margaret BRISLEY (Lab)'],['Margaret BRISLEY (Lab)'],['Margaret BRISLEY (Lab)'],['Margaret BRISLEY (Lab)'],['Margaret BRISLEY (Lab)'],['Margaret BRISLEY (Lab)'],['Margaret BRISLEY (Lab)'],['Margaret BRISLEY (Lab)'],['Margaret BRISLEY (Lab)'],['Margaret BRISLEY (Lab)'],['Margaret BRISLEY (Lab)'],['Margaret BRISLEY (Lab)'],['Margaret BRISLEY (Lab)'],['Margaret BRISLEY (Lab)'],['Margaret BRISLEY (Lab)'],['Margaret BRISLEY (Lab)'],['Margaret BRISLEY (Lab)'],['Margaret BRISLEY (Lab)'],['Margaret BRISLEY (Lab)'],['Margaret BRISLEY (Lab)'],['Margaret BRISLEY (Lab)'],['Margaret BRISLEY (Lab)'],['Margaret BRISLEY (Lab)'],['Margaret BRISLEY (Lab)'],['Margaret BRISLEY (Lab)'],['Margaret BRISLEY (Lab)'],['Margaret BRISLEY (Lab)']
raw_data/scotland/processed_data/stirling12-ballots/StirlingEastWard_stirling12-06.csv,5,['Corrie MCCHORD (Lab)'],['Corrie MCCHORD (Lab)'],['Corrie MCCHORD (Lab)'],['Corrie MCCHORD (Lab)'],['Corrie MCCHORD (Lab)'],['Corrie MCCHORD (Lab)'],['Corrie MCCHORD (Lab)'],['Corrie MCCHORD (Lab)'],['Corrie MCCHORD (Lab)'],['Corrie MCCHORD (Lab)'],['Corrie MCCHORD (Lab)'],['Corrie MCCHORD (Lab)'],['Corrie MCCHORD (Lab)'],['Corrie MCCHORD (Lab)'],['Corrie MCCHORD (Lab)'],['Corrie MCCHORD (Lab)'],['Corrie MCCHORD (Lab)'],['Corrie MCCHORD (Lab)'],['Corrie MCCHORD (Lab)'],['Corrie MCCHORD (Lab)'],['Corrie MCCHORD (Lab)'],['Corrie MCCHORD (Lab)'],['Corrie MCCHORD (Lab)'],['Corrie MCCHORD (Lab)'],['Corrie MCCHORD (Lab)'],['Corrie MCCHORD (Lab)'],['Corrie MCCHORD (Lab)'],['Corrie MCCHORD (Lab)'],['Corrie MCCHORD (Lab)'],['Corrie MCCHORD (Lab)']
raw_data/scotland/processed_data/stirling12-ballots/TrossachsandTeithWard_stirling12-01.csv,5,['Alycia HAYES (SNP)'],['Alycia HAYES (SNP)'],['Alycia HAYES (SNP)'],['Alycia HAYES (SNP)'],['Alycia HAYES (SNP)'],['Alycia HAYES (SNP)'],['Alycia HAYES (SNP)'],['Alycia HAYES (SNP)'],['Alycia HAYES (SNP)'],['Alycia HAYES (SNP)'],['Alycia HAYES (SNP)'],['Alycia HAYES (SNP)'],['Alycia HAYES (SNP)'],['Alycia HAYES (SNP)'],['Alycia HAYES (SNP)'],['Alycia HAYES (SNP)'],['Alycia HAYES (SNP)'],['Alycia HAYES (SNP)'],['Alycia HAYES (SNP)'],['Alycia HAYES (SNP)'],['Alycia HAYES (SNP)'],['Alycia HAYES (SNP)'],['Alycia HAYES (SNP)'],['Alycia HAYES (SNP)'],['Alycia HAYES (SNP)'],['Alycia HAYES (SNP)'],['Alycia HAYES (SNP)'],['Alycia HAYES (SNP)'],['Alycia HAYES (SNP)'],['Alycia HAYES (SNP)']
raw_data/scotland/processed_data/stirling12-ballots/ForthandEndrickWard_stirling12-02.csv,6,['Ian MUIRHEAD (SNP)'],['Ian MUIRHEAD (SNP)'],['Ian MUIRHEAD (SNP)'],['Ian MUIRHEAD (SNP)'],['Ian MUIRHEAD (SNP)'],['Ian MUIRHEAD (SNP)'],['Ian MUIRHEAD (SNP)'],['Ian MUIRHEAD (SNP)'],['Ian MUIRHEAD (SNP)'],['Ian MUIRHEAD (SNP)'],['Ian MUIRHEAD (SNP)'],['Ian MUIRHEAD (SNP)'],['Ian MUIRHEAD (SNP)'],['Ian MUIRHEAD (SNP)'],['Ian MUIRHEAD (SNP)'],['Ian MUIRHEAD (SNP)'],['Ian MUIRHEAD (SNP)'],['Ian MUIRHEAD (SNP)'],['Ian MUIRHEAD (SNP)'],['Ian MUIRHEAD (SNP)'],['Ian MUIRHEAD (SNP)'],['Ian MUIRHEAD (SNP)'],['Ian MUIRHEAD (SNP)'],['Ian MUIRHEAD (SNP)'],['Ian MUIRHEAD (SNP)'],['Ian MUIRHEAD (SNP)'],['Ian MUIRHEAD (SNP)'],['Ian MUIRHEAD (SNP)'],['Ian MUIRHEAD (SNP)'],['Ian MUIRHEAD (SNP)']
raw_data/scotland/processed_data/stirling12-ballots/CastleWard_stirling12-04.csv,6,['John HENDRY (Lab)'],['John HENDRY (Lab)'],['John HENDRY (Lab)'],['John HENDRY (Lab)'],['Jim THOMSON (SNP)'],['Jim THOMSON (SNP)'],['John HENDRY (Lab)'],['John HENDRY (Lab)'],['John HENDRY (Lab)'],['John HENDRY (Lab)'],['John HENDRY (Lab)'],['John HENDRY (Lab)'],['John HENDRY (Lab)'],['John HENDRY (Lab)'],['John HENDRY (Lab)'],['John HENDRY (Lab)'],['John HENDRY (Lab)'],['John HENDRY (Lab)'],['John HENDRY (Lab)'],['Jim THOMSON (SNP)'],['Jim THOMSON (SNP)'],['Jim THOMSON (SNP)'],['John HENDRY (Lab)'],['John HENDRY (Lab)'],['John HENDRY (Lab)'],['John HENDRY (Lab)'],['John HENDRY (Lab)'],['John HENDRY (Lab)'],['John HENDRY (Lab)'],['John HENDRY (Lab)']
raw_data/scotland/processed_data/glasgow2007 preflib/Linn_linn.csv,9,['# ALTERNATIVE NAME 3: Sadie Docherty (Lab)'],['# ALTERNATIVE NAME 3: Sadie Docherty (Lab)'],['# ALTERNATIVE NAME 3: Sadie Docherty (Lab)'],['# ALTERNATIVE NAME 3: Sadie Docherty (Lab)'],['# ALTERNATIVE NAME 7: David Ritchie (SNP)'],['# ALTERNATIVE NAME 3: Sadie Docherty (Lab)'],['# ALTERNATIVE NAME 3: Sadie Docherty (Lab)'],['# ALTERNATIVE NAME 3: Sadie Docherty (Lab)'],['# ALTERNATIVE NAME 3: Sadie Docherty (Lab)'],['# ALTERNATIVE NAME 3: Sadie Docherty (Lab)'],['# ALTERNATIVE NAME 3: Sadie Docherty (Lab)'],['# ALTERNATIVE NAME 3: Sadie Docherty (Lab)'],['# ALTERNATIVE NAME 3: Sadie Docherty (Lab)'],['# ALTERNATIVE NAME 3: Sadie Docherty (Lab)'],['# ALTERNATIVE NAME 3: Sadie Docherty (Lab)'],['# ALTERNATIVE NAME 3: Sadie Docherty (Lab)'],['# ALTERNATIVE NAME 3: Sadie Docherty (Lab)'],['# ALTERNATIVE NAME 3: Sadie Docherty (Lab)'],['# ALTERNATIVE NAME 3: Sadie Docherty (Lab)'],['# ALTERNATIVE NAME 3: Sadie Docherty (Lab)'],['# ALTERNATIVE NAME 3: Sadie Docherty (Lab)'],['# ALTERNATIVE NAME 3: Sadie Docherty (Lab)'],['# ALTERNATIVE NAME 3: Sadie Docherty (Lab)'],['# ALTERNATIVE NAME 3: Sadie Docherty (Lab)'],['# ALTERNATIVE NAME 3: Sadie Docherty (Lab)'],['# ALTERNATIVE NAME 3: Sadie Docherty (Lab)'],['# ALTERNATIVE NAME 3: Sadie Docherty (Lab)'],['# ALTERNATIVE NAME 3: Sadie Docherty (Lab)'],['# ALTERNATIVE NAME 3: Sadie Docherty (Lab)'],['# ALTERNATIVE NAME 3: Sadie Docherty (Lab)']
raw_data/scotland/processed_data/glasgow2007 preflib/govan_govan.csv,9,['# ALTERNATIVE NAME 4: John Flanagan (Lab)'],['# ALTERNATIVE NAME 4: John Flanagan (Lab)'],['# ALTERNATIVE NAME 4: John Flanagan (Lab)'],['# ALTERNATIVE NAME 4: John Flanagan (Lab)'],['# ALTERNATIVE NAME 6: Allison Hunter (SNP)'],['# ALTERNATIVE NAME 6: Allison Hunter (SNP)'],['# ALTERNATIVE NAME 4: John Flanagan (Lab)'],['# ALTERNATIVE NAME 4: John Flanagan (Lab)'],['# ALTERNATIVE NAME 4: John Flanagan (Lab)'],['# ALTERNATIVE NAME 4: John Flanagan (Lab)'],['# ALTERNATIVE NAME 4: John Flanagan (Lab)'],['# ALTERNATIVE NAME 4: John Flanagan (Lab)'],['# ALTERNATIVE NAME 4: John Flanagan (Lab)'],['# ALTERNATIVE NAME 4: John Flanagan (Lab)'],['# ALTERNATIVE NAME 4: John Flanagan (Lab)'],['# ALTERNATIVE NAME 4: John Flanagan (Lab)'],['# ALTERNATIVE NAME 4: John Flanagan (Lab)'],['# ALTERNATIVE NAME 4: John Flanagan (Lab)'],['# ALTERNATIVE NAME 4: John Flanagan (Lab)'],['# ALTERNATIVE NAME 6: Allison Hunter (SNP)'],['# ALTERNATIVE NAME 6: Allison Hunter (SNP)'],['# ALTERNATIVE NAME 6: Allison Hunter (SNP)'],['# ALTERNATIVE NAME 4: John Flanagan (Lab)'],['# ALTERNATIVE NAME 4: John Flanagan (Lab)'],['# ALTERNATIVE NAME 4: John Flanagan (Lab)'],['# ALTERNATIVE NAME 4: John Flanagan (Lab)'],['# ALTERNATIVE NAME 4: John Flanagan (Lab)'],['# ALTERNATIVE NAME 4: John Flanagan (Lab)'],['# ALTERNATIVE NAME 4: John Flanagan (Lab)'],['# ALTERNATIVE NAME 4: John Flanagan (Lab)']
raw_data/scotland/processed_data/glasgow2007 preflib/Pollokshields_pollokshields.csv,9,['# ALTERNATIVE NAME 6: Irfan Rabbani (Lab)'],['# ALTERNATIVE NAME 6: Irfan Rabbani (Lab)'],['# ALTERNATIVE NAME 6: Irfan Rabbani (Lab)'],['# ALTERNATIVE NAME 6: Irfan Rabbani (Lab)'],['# ALTERNATIVE NAME 3: Khalil Malik (SNP)'],['# ALTERNATIVE NAME 6: Irfan Rabbani (Lab)'],['# ALTERNATIVE NAME 6: Irfan Rabbani (Lab)'],['# ALTERNATIVE NAME 6: Irfan Rabbani (Lab)'],['# ALTERNATIVE NAME 6: Irfan Rabbani (Lab)'],['# ALTERNATIVE NAME 6: Irfan Rabbani (Lab)'],['# ALTERNATIVE NAME 6: Irfan Rabbani (Lab)'],['# ALTERNATIVE NAME 6: Irfan Rabbani (Lab)'],['# ALTERNATIVE NAME 6: Irfan Rabbani (Lab)'],['# ALTERNATIVE NAME 6: Irfan Rabbani (Lab)'],['# ALTERNATIVE NAME 6: Irfan Rabbani (Lab)'],['# ALTERNATIVE NAME 6: Irfan Rabbani (Lab)'],['# ALTERNATIVE NAME 6: Irfan Rabbani (Lab)'],['# ALTERNATIVE NAME 6: Irfan Rabbani (Lab)'],['# ALTERNATIVE NAME 6: Irfan Rabbani (Lab)'],['# ALTERNATIVE NAME 6: Irfan Rabbani (Lab)'],['# ALTERNATIVE NAME 6: Irfan Rabbani (Lab)'],['# ALTERNATIVE NAME 6: Irfan Rabbani (Lab)'],['# ALTERNATIVE NAME 6: Irfan Rabbani (Lab)'],['# ALTERNATIVE NAME 6: Irfan Rabbani (Lab)'],['# ALTERNATIVE NAME 6: Irfan Rabbani (Lab)'],['# ALTERNATIVE NAME 6: Irfan Rabbani (Lab)'],['# ALTERNATIVE NAME 6: Irfan Rabbani (Lab)'],['# ALTERNATIVE NAME 6: Irfan Rabbani (Lab)'],['# ALTERNATIVE NAME 6: Irfan Rabbani (Lab)'],['# ALTERNATIVE NAME 6: Irfan Rabbani (Lab)']
raw_data/scotland/processed_data/glasgow2007 preflib/SouthsideCentral_southsidecentral.csv,7,['# ALTERNATIVE NAME 7: Anne Marie Millar (Lab)'],['# ALTERNATIVE NAME 7: Anne Marie Millar (Lab)'],['# ALTERNATIVE NAME 7: Anne Marie Millar (Lab)'],['# ALTERNATIVE NAME 7: Anne Marie Millar (Lab)'],['# ALTERNATIVE NAME 2: Jahangir Hanif (SNP)'],['# ALTERNATIVE NAME 2: Jahangir Hanif (SNP)'],['# ALTERNATIVE NAME 7: Anne Marie Millar (Lab)'],['# ALTERNATIVE NAME 7: Anne Marie Millar (Lab)'],['# ALTERNATIVE NAME 7: Anne Marie Millar (Lab)'],['# ALTERNATIVE NAME 7: Anne Marie Millar (Lab)'],['# ALTERNATIVE NAME 7: Anne Marie Millar (Lab)'],['# ALTERNATIVE NAME 7: Anne Marie Millar (Lab)'],['# ALTERNATIVE NAME 7: Anne Marie Millar (Lab)'],['# ALTERNATIVE NAME 7: Anne Marie Millar (Lab)'],['# ALTERNATIVE NAME 7: Anne Marie Millar (Lab)'],['# ALTERNATIVE NAME 7: Anne Marie Millar (Lab)'],['# ALTERNATIVE NAME 7: Anne Marie Millar (Lab)'],['# ALTERNATIVE NAME 7: Anne Marie Millar (Lab)'],['# ALTERNATIVE NAME 7: Anne Marie Millar (Lab)'],['# ALTERNATIVE NAME 2: Jahangir Hanif (SNP)'],['# ALTERNATIVE NAME 2: Jahangir Hanif (SNP)'],['# ALTERNATIVE NAME 2: Jahangir Hanif (SNP)'],['# ALTERNATIVE NAME 7: Anne Marie Millar (Lab)'],['# ALTERNATIVE NAME 7: Anne Marie Millar (Lab)'],['# ALTERNATIVE NAME 7: Anne Marie Millar (Lab)'],['# ALTERNATIVE NAME 7: Anne Marie Millar (Lab)'],['# ALTERNATIVE NAME 7: Anne Marie Millar (Lab)'],['# ALTERNATIVE NAME 7: Anne Marie Millar (Lab)'],['# ALTERNATIVE NAME 7: Anne Marie Millar (Lab)'],['# ALTERNATIVE NAME 7: Anne Marie Millar (Lab)']
raw_data/scotland/processed_data/glasgow2007 preflib/Bailliestonward_baillieston.csv,8,['# ALTERNATIVE NAME 2: Jim Coleman (Lab)'],['# ALTERNATIVE NAME 2: Jim Coleman (Lab)'],['# ALTERNATIVE NAME 2: Jim Coleman (Lab)'],['# ALTERNATIVE NAME 2: Jim Coleman (Lab)'],['# ALTERNATIVE NAME 7: John Mason (SNP)'],['# ALTERNATIVE NAME 2: Jim Coleman (Lab)'],['# ALTERNATIVE NAME 2: Jim Coleman (Lab)'],['# ALTERNATIVE NAME 2: Jim Coleman (Lab)'],['# ALTERNATIVE NAME 2: Jim Coleman (Lab)'],['# ALTERNATIVE NAME 2: Jim Coleman (Lab)'],['# ALTERNATIVE NAME 2: Jim Coleman (Lab)'],['# ALTERNATIVE NAME 2: Jim Coleman (Lab)'],['# ALTERNATIVE NAME 2: Jim Coleman (Lab)'],['# ALTERNATIVE NAME 2: Jim Coleman (Lab)'],['# ALTERNATIVE NAME 2: Jim Coleman (Lab)'],['# ALTERNATIVE NAME 2: Jim Coleman (Lab)'],['# ALTERNATIVE NAME 2: Jim Coleman (Lab)'],['# ALTERNATIVE NAME 2: Jim Coleman (Lab)'],['# ALTERNATIVE NAME 2: Jim Coleman (Lab)'],['# ALTERNATIVE NAME 7: John Mason (SNP)'],['# ALTERNATIVE NAME 2: Jim Coleman (Lab)'],['# ALTERNATIVE NAME 2: Jim Coleman (Lab)'],['# ALTERNATIVE NAME 2: Jim Coleman (Lab)'],['# ALTERNATIVE NAME 2: Jim Coleman (Lab)'],['# ALTERNATIVE NAME 2: Jim Coleman (Lab)'],['# ALTERNATIVE NAME 2: Jim Coleman (Lab)'],['# ALTERNATIVE NAME 2: Jim Coleman (Lab)'],['# ALTERNATIVE NAME 2: Jim Coleman (Lab)'],['# ALTERNATIVE NAME 2: Jim Coleman (Lab)'],['# ALTERNATIVE NAME 2: Jim Coleman (Lab)']
raw_data/scotland/processed_data/glasgow2007 preflib/Langside_langside.csv,7,['# ALTERNATIVE NAME 4: Archie Graham (Lab)'],['# ALTERNATIVE NAME 4: Archie Graham (Lab)'],['# ALTERNATIVE NAME 4: Archie Graham (Lab)'],['# ALTERNATIVE NAME 4: Archie Graham (Lab)'],['# ALTERNATIVE NAME 2: James Dornan (SNP)'],['# ALTERNATIVE NAME 2: James Dornan (SNP)'],['# ALTERNATIVE NAME 2: James Dornan (SNP)'],['# ALTERNATIVE NAME 4: Archie Graham (Lab)'],['# ALTERNATIVE NAME 4: Archie Graham (Lab)'],['# ALTERNATIVE NAME 4: Archie Graham (Lab)'],['# ALTERNATIVE NAME 4: Archie Graham (Lab)'],['# ALTERNATIVE NAME 4: Archie Graham (Lab)'],['# ALTERNATIVE NAME 4: Archie Graham (Lab)'],['# ALTERNATIVE NAME 4: Archie Graham (Lab)'],['# ALTERNATIVE NAME 4: Archie Graham (Lab)'],['# ALTERNATIVE NAME 2: James Dornan (SNP)'],['# ALTERNATIVE NAME 4: Archie Graham (Lab)'],['# ALTERNATIVE NAME 4: Archie Graham (Lab)'],['# ALTERNATIVE NAME 4: Archie Graham (Lab)'],['# ALTERNATIVE NAME 2: James Dornan (SNP)'],['# ALTERNATIVE NAME 2: James Dornan (SNP)'],['# ALTERNATIVE NAME 2: James Dornan (SNP)'],['# ALTERNATIVE NAME 4: Archie Graham (Lab)'],['# ALTERNATIVE NAME 4: Archie Graham (Lab)'],['# ALTERNATIVE NAME 4: Archie Graham (Lab)'],['# ALTERNATIVE NAME 4: Archie Graham (Lab)'],['# ALTERNATIVE NAME 4: Archie Graham (Lab)'],['# ALTERNATIVE NAME 4: Archie Graham (Lab)'],['# ALTERNATIVE NAME 4: Archie Graham (Lab)'],['# ALTERNATIVE NAME 4: Archie Graham (Lab)']
raw_data/scotland/processed_data/glasgow2007 preflib/Greaterpollok_greater pollok.csv,7,['# ALTERNATIVE NAME 4: Alex Glass (Lab)'],['# ALTERNATIVE NAME 4: Alex Glass (Lab)'],['# ALTERNATIVE NAME 4: Alex Glass (Lab)'],['# ALTERNATIVE NAME 4: Alex Glass (Lab)'],['# ALTERNATIVE NAME 3: Patricia Duffy (SNP)'],['# ALTERNATIVE NAME 4: Alex Glass (Lab)'],['# ALTERNATIVE NAME 4: Alex Glass (Lab)'],['# ALTERNATIVE NAME 4: Alex Glass (Lab)'],['# ALTERNATIVE NAME 4: Alex Glass (Lab)'],['# ALTERNATIVE NAME 4: Alex Glass (Lab)'],['# ALTERNATIVE NAME 4: Alex Glass (Lab)'],['# ALTERNATIVE NAME 4: Alex Glass (Lab)'],['# ALTERNATIVE NAME 4: Alex Glass (Lab)'],['# ALTERNATIVE NAME 4: Alex Glass (Lab)'],['# ALTERNATIVE NAME 4: Alex Glass (Lab)'],['# ALTERNATIVE NAME 4: Alex Glass (Lab)'],['# ALTERNATIVE NAME 4: Alex Glass (Lab)'],['# ALTERNATIVE NAME 4: Alex Glass (Lab)'],['# ALTERNATIVE NAME 4: Alex Glass (Lab)'],['# ALTERNATIVE NAME 4: Alex Glass (Lab)'],['# ALTERNATIVE NAME 4: Alex Glass (Lab)'],['# ALTERNATIVE NAME 4: Alex Glass (Lab)'],['# ALTERNATIVE NAME 4: Alex Glass (Lab)'],['# ALTERNATIVE NAME 4: Alex Glass (Lab)'],['# ALTERNATIVE NAME 4: Alex Glass (Lab)'],['# ALTERNATIVE NAME 4: Alex Glass (Lab)'],['# ALTERNATIVE NAME 4: Alex Glass (Lab)'],['# ALTERNATIVE NAME 4: Alex Glass (Lab)'],['# ALTERNATIVE NAME 4: Alex Glass (Lab)'],['# ALTERNATIVE NAME 4: Alex Glass (Lab)']
raw_data/scotland/processed_data/glasgow2007 preflib/Craigtonward_craigton.csv,8,['# ALTERNATIVE NAME 10: Alistair Watson (Lab)'],['# ALTERNATIVE NAME 10: Alistair Watson (Lab)'],['# ALTERNATIVE NAME 10: Alistair Watson (Lab)'],['# ALTERNATIVE NAME 10: Alistair Watson (Lab)'],['# ALTERNATIVE NAME 4: Iris Gibson (SNP)'],['# ALTERNATIVE NAME 10: Alistair Watson (Lab)'],['# ALTERNATIVE NAME 10: Alistair Watson (Lab)'],['# ALTERNATIVE NAME 10: Alistair Watson (Lab)'],['# ALTERNATIVE NAME 10: Alistair Watson (Lab)'],['# ALTERNATIVE NAME 10: Alistair Watson (Lab)'],['# ALTERNATIVE NAME 10: Alistair Watson (Lab)'],['# ALTERNATIVE NAME 10: Alistair Watson (Lab)'],['# ALTERNATIVE NAME 10: Alistair Watson (Lab)'],['# ALTERNATIVE NAME 10: Alistair Watson (Lab)'],['# ALTERNATIVE NAME 10: Alistair Watson (Lab)'],['# ALTERNATIVE NAME 10: Alistair Watson (Lab)'],['# ALTERNATIVE NAME 10: Alistair Watson (Lab)'],['# ALTERNATIVE NAME 10: Alistair Watson (Lab)'],['# ALTERNATIVE NAME 10: Alistair Watson (Lab)'],['# ALTERNATIVE NAME 4: Iris Gibson (SNP)'],['# ALTERNATIVE NAME 10: Alistair Watson (Lab)'],['# ALTERNATIVE NAME 10: Alistair Watson (Lab)'],['# ALTERNATIVE NAME 10: Alistair Watson (Lab)'],['# ALTERNATIVE NAME 10: Alistair Watson (Lab)'],['# ALTERNATIVE NAME 10: Alistair Watson (Lab)'],['# ALTERNATIVE NAME 10: Alistair Watson (Lab)'],['# ALTERNATIVE NAME 10: Alistair Watson (Lab)'],['# ALTERNATIVE NAME 10: Alistair Watson (Lab)'],['# ALTERNATIVE NAME 10: Alistair Watson (Lab)'],['# ALTERNATIVE NAME 10: Alistair Watson (Lab)']
raw_data/scotland/processed_data/glasgow2007 preflib/Canalward_canal.csv,9,['# ALTERNATIVE NAME 4: Ellen Hurcombe (Lab)'],['# ALTERNATIVE NAME 4: Ellen Hurcombe (Lab)'],['# ALTERNATIVE NAME 4: Ellen Hurcombe (Lab)'],['# ALTERNATIVE NAME 4: Ellen Hurcombe (Lab)'],['# ALTERNATIVE NAME 8: Billy Mcallister (SNP)'],['# ALTERNATIVE NAME 8: Billy Mcallister (SNP)'],['# ALTERNATIVE NAME 4: Ellen Hurcombe (Lab)'],['# ALTERNATIVE NAME 4: Ellen Hurcombe (Lab)'],['# ALTERNATIVE NAME 4: Ellen Hurcombe (Lab)'],['# ALTERNATIVE NAME 4: Ellen Hurcombe (Lab)'],['# ALTERNATIVE NAME 4: Ellen Hurcombe (Lab)'],['# ALTERNATIVE NAME 4: Ellen Hurcombe (Lab)'],['# ALTERNATIVE NAME 4: Ellen Hurcombe (Lab)'],['# ALTERNATIVE NAME 4: Ellen Hurcombe (Lab)'],['# ALTERNATIVE NAME 4: Ellen Hurcombe (Lab)'],['# ALTERNATIVE NAME 4: Ellen Hurcombe (Lab)'],['# ALTERNATIVE NAME 4: Ellen Hurcombe (Lab)'],['# ALTERNATIVE NAME 4: Ellen Hurcombe (Lab)'],['# ALTERNATIVE NAME 4: Ellen Hurcombe (Lab)'],['# ALTERNATIVE NAME 8: Billy Mcallister (SNP)'],['# ALTERNATIVE NAME 8: Billy Mcallister (SNP)'],['# ALTERNATIVE NAME 8: Billy Mcallister (SNP)'],['# ALTERNATIVE NAME 4: Ellen Hurcombe (Lab)'],['# ALTERNATIVE NAME 4: Ellen Hurcombe (Lab)'],['# ALTERNATIVE NAME 4: Ellen Hurcombe (Lab)'],['# ALTERNATIVE NAME 4: Ellen Hurcombe (Lab)'],['# ALTERNATIVE NAME 4: Ellen Hurcombe (Lab)'],['# ALTERNATIVE NAME 4: Ellen Hurcombe (Lab)'],['# ALTERNATIVE NAME 4: Ellen Hurcombe (Lab)'],['# ALTERNATIVE NAME 4: Ellen Hurcombe (Lab)']
raw_data/scotland/processed_data/glasgow2007 preflib/NorthEast_north east.csv,8,['# ALTERNATIVE NAME 1: Gilbert Davidson (Lab)'],['# ALTERNATIVE NAME 1: Gilbert Davidson (Lab)'],['# ALTERNATIVE NAME 1: Gilbert Davidson (Lab)'],['# ALTERNATIVE NAME 1: Gilbert Davidson (Lab)'],['# ALTERNATIVE NAME 1: Gilbert Davidson (Lab)'],['# ALTERNATIVE NAME 1: Gilbert Davidson (Lab)'],['# ALTERNATIVE NAME 1: Gilbert Davidson (Lab)'],['# ALTERNATIVE NAME 1: Gilbert Davidson (Lab)'],['# ALTERNATIVE NAME 1: Gilbert Davidson (Lab)'],['# ALTERNATIVE NAME 1: Gilbert Davidson (Lab)'],['# ALTERNATIVE NAME 1: Gilbert Davidson (Lab)'],['# ALTERNATIVE NAME 1: Gilbert Davidson (Lab)'],['# ALTERNATIVE NAME 1: Gilbert Davidson (Lab)'],['# ALTERNATIVE NAME 1: Gilbert Davidson (Lab)'],['# ALTERNATIVE NAME 1: Gilbert Davidson (Lab)'],['# ALTERNATIVE NAME 1: Gilbert Davidson (Lab)'],['# ALTERNATIVE NAME 1: Gilbert Davidson (Lab)'],['# ALTERNATIVE NAME 1: Gilbert Davidson (Lab)'],['# ALTERNATIVE NAME 1: Gilbert Davidson (Lab)'],['# ALTERNATIVE NAME 1: Gilbert Davidson (Lab)'],['# ALTERNATIVE NAME 1: Gilbert Davidson (Lab)'],['# ALTERNATIVE NAME 1: Gilbert Davidson (Lab)'],['# ALTERNATIVE NAME 1: Gilbert Davidson (Lab)'],['# ALTERNATIVE NAME 1: Gilbert Davidson (Lab)'],['# ALTERNATIVE NAME 1: Gilbert Davidson (Lab)'],['# ALTERNATIVE NAME 1: Gilbert Davidson (Lab)'],['# ALTERNATIVE NAME 1: Gilbert Davidson (Lab)'],['# ALTERNATIVE NAME 1: Gilbert Davidson (Lab)'],['# ALTERNATIVE NAME 1: Gilbert Davidson (Lab)'],['# ALTERNATIVE NAME 1: Gilbert Davidson (Lab)']
raw_data/scotland/processed_data/glasgow2007 preflib/Andersonward_anderston.csv,8,['# ALTERNATIVE NAME 3: Philip Braat (Lab)'],['# ALTERNATIVE NAME 3: Philip Braat (Lab)'],['# ALTERNATIVE NAME 3: Philip Braat (Lab)'],['# ALTERNATIVE NAME 3: Philip Braat (Lab)'],['# ALTERNATIVE NAME 7: Craig Mackay (SNP)'],['# ALTERNATIVE NAME 3: Philip Braat (Lab)'],['# ALTERNATIVE NAME 3: Philip Braat (Lab)'],['# ALTERNATIVE NAME 3: Philip Braat (Lab)'],['# ALTERNATIVE NAME 3: Philip Braat (Lab)'],['# ALTERNATIVE NAME 3: Philip Braat (Lab)'],['# ALTERNATIVE NAME 3: Philip Braat (Lab)'],['# ALTERNATIVE NAME 3: Philip Braat (Lab)'],['# ALTERNATIVE NAME 3: Philip Braat (Lab)'],['# ALTERNATIVE NAME 3: Philip Braat (Lab)'],['# ALTERNATIVE NAME 3: Philip Braat (Lab)'],['# ALTERNATIVE NAME 3: Philip Braat (Lab)'],['# ALTERNATIVE NAME 3: Philip Braat (Lab)'],['# ALTERNATIVE NAME 3: Philip Braat (Lab)'],['# ALTERNATIVE NAME 3: Philip Braat (Lab)'],['# ALTERNATIVE NAME 7: Craig Mackay (SNP)'],['# ALTERNATIVE NAME 3: Philip Braat (Lab)'],['# ALTERNATIVE NAME 3: Philip Braat (Lab)'],['# ALTERNATIVE NAME 3: Philip Braat (Lab)'],['# ALTERNATIVE NAME 3: Philip Braat (Lab)'],['# ALTERNATIVE NAME 3: Philip Braat (Lab)'],['# ALTERNATIVE NAME 3: Philip Braat (Lab)'],['# ALTERNATIVE NAME 3: Philip Braat (Lab)'],['# ALTERNATIVE NAME 3: Philip Braat (Lab)'],['# ALTERNATIVE NAME 3: Philip Braat (Lab)'],['# ALTERNATIVE NAME 3: Philip Braat (Lab)']
raw_data/scotland/processed_data/glasgow2007 preflib/Springburn_springburn.csv,9,['# ALTERNATIVE NAME 8: Allan Stewart (Lab)'],['# ALTERNATIVE NAME 8: Allan Stewart (Lab)'],['# ALTERNATIVE NAME 8: Allan Stewart (Lab)'],['# ALTERNATIVE NAME 8: Allan Stewart (Lab)'],['# ALTERNATIVE NAME 8: Allan Stewart (Lab)'],['# ALTERNATIVE NAME 8: Allan Stewart (Lab)'],['# ALTERNATIVE NAME 8: Allan Stewart (Lab)'],['# ALTERNATIVE NAME 8: Allan Stewart (Lab)'],['# ALTERNATIVE NAME 8: Allan Stewart (Lab)'],['# ALTERNATIVE NAME 8: Allan Stewart (Lab)'],['# ALTERNATIVE NAME 8: Allan Stewart (Lab)'],['# ALTERNATIVE NAME 8: Allan Stewart (Lab)'],['# ALTERNATIVE NAME 8: Allan Stewart (Lab)'],['# ALTERNATIVE NAME 8: Allan Stewart (Lab)'],['# ALTERNATIVE NAME 8: Allan Stewart (Lab)'],['# ALTERNATIVE NAME 8: Allan Stewart (Lab)'],['# ALTERNATIVE NAME 8: Allan Stewart (Lab)'],['# ALTERNATIVE NAME 8: Allan Stewart (Lab)'],['# ALTERNATIVE NAME 8: Allan Stewart (Lab)'],['# ALTERNATIVE NAME 8: Allan Stewart (Lab)'],['# ALTERNATIVE NAME 8: Allan Stewart (Lab)'],['# ALTERNATIVE NAME 8: Allan Stewart (Lab)'],['# ALTERNATIVE NAME 8: Allan Stewart (Lab)'],['# ALTERNATIVE NAME 8: Allan Stewart (Lab)'],['# ALTERNATIVE NAME 8: Allan Stewart (Lab)'],['# ALTERNATIVE NAME 8: Allan Stewart (Lab)'],['# ALTERNATIVE NAME 8: Allan Stewart (Lab)'],['# ALTERNATIVE NAME 8: Allan Stewart (Lab)'],['# ALTERNATIVE NAME 8: Allan Stewart (Lab)'],['# ALTERNATIVE NAME 8: Allan Stewart (Lab)']
raw_data/scotland/processed_data/glasgow2007 preflib/Partick_partick.csv,8,['# ALTERNATIVE NAME 3: Aileen Colleran (Lab)'],['# ALTERNATIVE NAME 7: Kenny Mclean (SNP)'],['# ALTERNATIVE NAME 7: Kenny Mclean (SNP)'],['# ALTERNATIVE NAME 6: Christopher Mason (LD)'],['# ALTERNATIVE NAME 6: Christopher Mason (LD)'],['# ALTERNATIVE NAME 6: Christopher Mason (LD)'],['# ALTERNATIVE NAME 6: Christopher Mason (LD)'],['# ALTERNATIVE NAME 6: Christopher Mason (LD)'],['# ALTERNATIVE NAME 6: Christopher Mason (LD)'],['# ALTERNATIVE NAME 6: Christopher Mason (LD)'],['# ALTERNATIVE NAME 6: Christopher Mason (LD)'],['# ALTERNATIVE NAME 6: Christopher Mason (LD)'],['# ALTERNATIVE NAME 6: Christopher Mason (LD)'],['# ALTERNATIVE NAME 6: Christopher Mason (LD)'],['# ALTERNATIVE NAME 6: Christopher Mason (LD)'],['# ALTERNATIVE NAME 3: Aileen Colleran (Lab)'],['# ALTERNATIVE NAME 7: Kenny Mclean (SNP)'],['# ALTERNATIVE NAME 7: Kenny Mclean (SNP)'],['# ALTERNATIVE NAME 6: Christopher Mason (LD)'],['# ALTERNATIVE NAME 6: Christopher Mason (LD)'],['# ALTERNATIVE NAME 6: Christopher Mason (LD)'],['# ALTERNATIVE NAME 6: Christopher Mason (LD)'],['# ALTERNATIVE NAME 6: Christopher Mason (LD)'],['# ALTERNATIVE NAME 6: Christopher Mason (LD)'],['# ALTERNATIVE NAME 6: Christopher Mason (LD)'],['# ALTERNATIVE NAME 6: Christopher Mason (LD)'],['# ALTERNATIVE NAME 6: Christopher Mason (LD)'],['# ALTERNATIVE NAME 6: Christopher Mason (LD)'],['# ALTERNATIVE NAME 6: Christopher Mason (LD)'],['# ALTERNATIVE NAME 6: Christopher Mason (LD)']
raw_data/scotland/processed_data/glasgow2007 preflib/EastCentre_eastcentre.csv,11,['# ALTERNATIVE NAME 2: Patricia Chalmers (Lab)'],['# ALTERNATIVE NAME 2: Patricia Chalmers (Lab)'],['# ALTERNATIVE NAME 2: Patricia Chalmers (Lab)'],['# ALTERNATIVE NAME 2: Patricia Chalmers (Lab)'],['# ALTERNATIVE NAME 6: Jennifer Dunn (SNP)'],['# ALTERNATIVE NAME 2: Patricia Chalmers (Lab)'],['# ALTERNATIVE NAME 2: Patricia Chalmers (Lab)'],['# ALTERNATIVE NAME 2: Patricia Chalmers (Lab)'],['# ALTERNATIVE NAME 2: Patricia Chalmers (Lab)'],['# ALTERNATIVE NAME 2: Patricia Chalmers (Lab)'],['# ALTERNATIVE NAME 2: Patricia Chalmers (Lab)'],['# ALTERNATIVE NAME 2: Patricia Chalmers (Lab)'],['# ALTERNATIVE NAME 2: Patricia Chalmers (Lab)'],['# ALTERNATIVE NAME 2: Patricia Chalmers (Lab)'],['# ALTERNATIVE NAME 2: Patricia Chalmers (Lab)'],['# ALTERNATIVE NAME 2: Patricia Chalmers (Lab)'],['# ALTERNATIVE NAME 2: Patricia Chalmers (Lab)'],['# ALTERNATIVE NAME 2: Patricia Chalmers (Lab)'],['# ALTERNATIVE NAME 2: Patricia Chalmers (Lab)'],['# ALTERNATIVE NAME 2: Patricia Chalmers (Lab)'],['# ALTERNATIVE NAME 2: Patricia Chalmers (Lab)'],['# ALTERNATIVE NAME 2: Patricia Chalmers (Lab)'],['# ALTERNATIVE NAME 2: Patricia Chalmers (Lab)'],['# ALTERNATIVE NAME 2: Patricia Chalmers (Lab)'],['# ALTERNATIVE NAME 2: Patricia Chalmers (Lab)'],['# ALTERNATIVE NAME 2: Patricia Chalmers (Lab)'],['# ALTERNATIVE NAME 2: Patricia Chalmers (Lab)'],['# ALTERNATIVE NAME 2: Patricia Chalmers (Lab)'],['# ALTERNATIVE NAME 2: Patricia Chalmers (Lab)'],['# ALTERNATIVE NAME 2: Patricia Chalmers (Lab)']
raw_data/scotland/processed_data/glasgow2007 preflib/Newlands_newlands.csv,8,['# ALTERNATIVE NAME 7: Jim Mcnally (Lab)'],['# ALTERNATIVE NAME 7: Jim Mcnally (Lab)'],['# ALTERNATIVE NAME 7: Jim Mcnally (Lab)'],['# ALTERNATIVE NAME 7: Jim Mcnally (Lab)'],['# ALTERNATIVE NAME 5: Colin Deans (SNP)'],['# ALTERNATIVE NAME 7: Jim Mcnally (Lab)'],['# ALTERNATIVE NAME 7: Jim Mcnally (Lab)'],['# ALTERNATIVE NAME 7: Jim Mcnally (Lab)'],['# ALTERNATIVE NAME 7: Jim Mcnally (Lab)'],['# ALTERNATIVE NAME 7: Jim Mcnally (Lab)'],['# ALTERNATIVE NAME 7: Jim Mcnally (Lab)'],['# ALTERNATIVE NAME 7: Jim Mcnally (Lab)'],['# ALTERNATIVE NAME 7: Jim Mcnally (Lab)'],['# ALTERNATIVE NAME 7: Jim Mcnally (Lab)'],['# ALTERNATIVE NAME 7: Jim Mcnally (Lab)'],['# ALTERNATIVE NAME 7: Jim Mcnally (Lab)'],['# ALTERNATIVE NAME 7: Jim Mcnally (Lab)'],['# ALTERNATIVE NAME 7: Jim Mcnally (Lab)'],['# ALTERNATIVE NAME 7: Jim Mcnally (Lab)'],['# ALTERNATIVE NAME 5: Colin Deans (SNP)'],['# ALTERNATIVE NAME 7: Jim Mcnally (Lab)'],['# ALTERNATIVE NAME 7: Jim Mcnally (Lab)'],['# ALTERNATIVE NAME 7: Jim Mcnally (Lab)'],['# ALTERNATIVE NAME 7: Jim Mcnally (Lab)'],['# ALTERNATIVE NAME 7: Jim Mcnally (Lab)'],['# ALTERNATIVE NAME 7: Jim Mcnally (Lab)'],['# ALTERNATIVE NAME 7: Jim Mcnally (Lab)'],['# ALTERNATIVE NAME 7: Jim Mcnally (Lab)'],['# ALTERNATIVE NAME 7: Jim Mcnally (Lab)'],['# ALTERNATIVE NAME 7: Jim Mcnally (Lab)']
raw_data/scotland/processed_data/glasgow2007 preflib/Hillhead_hillhead.csv,8,['# ALTERNATIVE NAME 9: George A Roberts (SNP)'],['# ALTERNATIVE NAME 10: Martha Ferguson Wardrop (Grn)'],['# ALTERNATIVE NAME 9: George A Roberts (SNP)'],['# ALTERNATIVE NAME 10: Martha Ferguson Wardrop (Grn)'],['# ALTERNATIVE NAME 10: Martha Ferguson Wardrop (Grn)'],['# ALTERNATIVE NAME 10: Martha Ferguson Wardrop (Grn)'],['# ALTERNATIVE NAME 10: Martha Ferguson Wardrop (Grn)'],['# ALTERNATIVE NAME 10: Martha Ferguson Wardrop (Grn)'],['# ALTERNATIVE NAME 10: Martha Ferguson Wardrop (Grn)'],['# ALTERNATIVE NAME 10: Martha Ferguson Wardrop (Grn)'],['# ALTERNATIVE NAME 10: Martha Ferguson Wardrop (Grn)'],['# ALTERNATIVE NAME 10: Martha Ferguson Wardrop (Grn)'],['# ALTERNATIVE NAME 10: Martha Ferguson Wardrop (Grn)'],['# ALTERNATIVE NAME 10: Martha Ferguson Wardrop (Grn)'],['# ALTERNATIVE NAME 10: Martha Ferguson Wardrop (Grn)'],['# ALTERNATIVE NAME 9: George A Roberts (SNP)'],['# ALTERNATIVE NAME 10: Martha Ferguson Wardrop (Grn)'],['# ALTERNATIVE NAME 10: Martha Ferguson Wardrop (Grn)'],['# ALTERNATIVE NAME 10: Martha Ferguson Wardrop (Grn)'],['# ALTERNATIVE NAME 10: Martha Ferguson Wardrop (Grn)'],['# ALTERNATIVE NAME 10: Martha Ferguson Wardrop (Grn)'],['# ALTERNATIVE NAME 10: Martha Ferguson Wardrop (Grn)'],['# ALTERNATIVE NAME 10: Martha Ferguson Wardrop (Grn)'],['# ALTERNATIVE NAME 10: Martha Ferguson Wardrop (Grn)'],['# ALTERNATIVE NAME 10: Martha Ferguson Wardrop (Grn)'],['# ALTERNATIVE NAME 10: Martha Ferguson Wardrop (Grn)'],['# ALTERNATIVE NAME 10: Martha Ferguson Wardrop (Grn)'],['# ALTERNATIVE NAME 10: Martha Ferguson Wardrop (Grn)'],['# ALTERNATIVE NAME 10: Martha Ferguson Wardrop (Grn)'],['# ALTERNATIVE NAME 10: Martha Ferguson Wardrop (Grn)']
raw_data/scotland/processed_data/glasgow2007 preflib/Caltonward_calton.csv,9,['# ALTERNATIVE NAME 8: George Redmond (Lab)'],['# ALTERNATIVE NAME 8: George Redmond (Lab)'],['# ALTERNATIVE NAME 8: George Redmond (Lab)'],['# ALTERNATIVE NAME 8: George Redmond (Lab)'],['# ALTERNATIVE NAME 8: George Redmond (Lab)'],['# ALTERNATIVE NAME 8: George Redmond (Lab)'],['# ALTERNATIVE NAME 8: George Redmond (Lab)'],['# ALTERNATIVE NAME 8: George Redmond (Lab)'],['# ALTERNATIVE NAME 8: George Redmond (Lab)'],['# ALTERNATIVE NAME 8: George Redmond (Lab)'],['# ALTERNATIVE NAME 8: George Redmond (Lab)'],['# ALTERNATIVE NAME 8: George Redmond (Lab)'],['# ALTERNATIVE NAME 8: George Redmond (Lab)'],['# ALTERNATIVE NAME 8: George Redmond (Lab)'],['# ALTERNATIVE NAME 8: George Redmond (Lab)'],['# ALTERNATIVE NAME 8: George Redmond (Lab)'],['# ALTERNATIVE NAME 8: George Redmond (Lab)'],['# ALTERNATIVE NAME 8: George Redmond (Lab)'],['# ALTERNATIVE NAME 8: George Redmond (Lab)'],['# ALTERNATIVE NAME 8: George Redmond (Lab)'],['# ALTERNATIVE NAME 8: George Redmond (Lab)'],['# ALTERNATIVE NAME 8: George Redmond (Lab)'],['# ALTERNATIVE NAME 8: George Redmond (Lab)'],['# ALTERNATIVE NAME 8: George Redmond (Lab)'],['# ALTERNATIVE NAME 8: George Redmond (Lab)'],['# ALTERNATIVE NAME 8: George Redmond (Lab)'],['# ALTERNATIVE NAME 8: George Redmond (Lab)'],['# ALTERNATIVE NAME 8: George Redmond (Lab)'],['# ALTERNATIVE NAME 8: George Redmond (Lab)'],['# ALTERNATIVE NAME 8: George Redmond (Lab)']
raw_data/scotland/processed_data/glasgow2007 preflib/Shettleston_shettleston.csv,9,['# ALTERNATIVE NAME 7: Tom Mckeown (Lab)'],['# ALTERNATIVE NAME 7: Tom Mckeown (Lab)'],['# ALTERNATIVE NAME 7: Tom Mckeown (Lab)'],['# ALTERNATIVE NAME 7: Tom Mckeown (Lab)'],['# ALTERNATIVE NAME 8: John F Mclaughlin (SNP)'],['# ALTERNATIVE NAME 7: Tom Mckeown (Lab)'],['# ALTERNATIVE NAME 7: Tom Mckeown (Lab)'],['# ALTERNATIVE NAME 7: Tom Mckeown (Lab)'],['# ALTERNATIVE NAME 7: Tom Mckeown (Lab)'],['# ALTERNATIVE NAME 7: Tom Mckeown (Lab)'],['# ALTERNATIVE NAME 7: Tom Mckeown (Lab)'],['# ALTERNATIVE NAME 7: Tom Mckeown (Lab)'],['# ALTERNATIVE NAME 7: Tom Mckeown (Lab)'],['# ALTERNATIVE NAME 7: Tom Mckeown (Lab)'],['# ALTERNATIVE NAME 7: Tom Mckeown (Lab)'],['# ALTERNATIVE NAME 7: Tom Mckeown (Lab)'],['# ALTERNATIVE NAME 7: Tom Mckeown (Lab)'],['# ALTERNATIVE NAME 7: Tom Mckeown (Lab)'],['# ALTERNATIVE NAME 7: Tom Mckeown (Lab)'],['# ALTERNATIVE NAME 7: Tom Mckeown (Lab)'],['# ALTERNATIVE NAME 7: Tom Mckeown (Lab)'],['# ALTERNATIVE NAME 7: Tom Mckeown (Lab)'],['# ALTERNATIVE NAME 7: Tom Mckeown (Lab)'],['# ALTERNATIVE NAME 7: Tom Mckeown (Lab)'],['# ALTERNATIVE NAME 7: Tom Mckeown (Lab)'],['# ALTERNATIVE NAME 7: Tom Mckeown (Lab)'],['# ALTERNATIVE NAME 7: Tom Mckeown (Lab)'],['# ALTERNATIVE NAME 7: Tom Mckeown (Lab)'],['# ALTERNATIVE NAME 7: Tom Mckeown (Lab)'],['# ALTERNATIVE NAME 7: Tom Mckeown (Lab)']
raw_data/scotland/processed_data/glasgow2007 preflib/Drumchapel_drumchapel.csv,8,['# ALTERNATIVE NAME 1: Paul Carey (Lab)'],['# ALTERNATIVE NAME 1: Paul Carey (Lab)'],['# ALTERNATIVE NAME 1: Paul Carey (Lab)'],['# ALTERNATIVE NAME 1: Paul Carey (Lab)'],['# ALTERNATIVE NAME 1: Paul Carey (Lab)'],['# ALTERNATIVE NAME 1: Paul Carey (Lab)'],['# ALTERNATIVE NAME 1: Paul Carey (Lab)'],['# ALTERNATIVE NAME 1: Paul Carey (Lab)'],['# ALTERNATIVE NAME 1: Paul Carey (Lab)'],['# ALTERNATIVE NAME 1: Paul Carey (Lab)'],['# ALTERNATIVE NAME 1: Paul Carey (Lab)'],['# ALTERNATIVE NAME 1: Paul Carey (Lab)'],['# ALTERNATIVE NAME 1: Paul Carey (Lab)'],['# ALTERNATIVE NAME 1: Paul Carey (Lab)'],['# ALTERNATIVE NAME 1: Paul Carey (Lab)'],['# ALTERNATIVE NAME 1: Paul Carey (Lab)'],['# ALTERNATIVE NAME 1: Paul Carey (Lab)'],['# ALTERNATIVE NAME 1: Paul Carey (Lab)'],['# ALTERNATIVE NAME 1: Paul Carey (Lab)'],['# ALTERNATIVE NAME 1: Paul Carey (Lab)'],['# ALTERNATIVE NAME 1: Paul Carey (Lab)'],['# ALTERNATIVE NAME 1: Paul Carey (Lab)'],['# ALTERNATIVE NAME 1: Paul Carey (Lab)'],['# ALTERNATIVE NAME 1: Paul Carey (Lab)'],['# ALTERNATIVE NAME 1: Paul Carey (Lab)'],['# ALTERNATIVE NAME 1: Paul Carey (Lab)'],['# ALTERNATIVE NAME 1: Paul Carey (Lab)'],['# ALTERNATIVE NAME 1: Paul Carey (Lab)'],['# ALTERNATIVE NAME 1: Paul Carey (Lab)'],['# ALTERNATIVE NAME 1: Paul Carey (Lab)']
raw_data/scotland/processed_data/glasgow2007 preflib/Garscadden_garscadden.csv,8,['# ALTERNATIVE NAME 2: Liz Cameron (Lab)'],['# ALTERNATIVE NAME 2: Liz Cameron (Lab)'],['# ALTERNATIVE NAME 2: Liz Cameron (Lab)'],['# ALTERNATIVE NAME 2: Liz Cameron (Lab)'],['# ALTERNATIVE NAME 2: Liz Cameron (Lab)'],['# ALTERNATIVE NAME 2: Liz Cameron (Lab)'],['# ALTERNATIVE NAME 2: Liz Cameron (Lab)'],['# ALTERNATIVE NAME 2: Liz Cameron (Lab)'],['# ALTERNATIVE NAME 2: Liz Cameron (Lab)'],['# ALTERNATIVE NAME 2: Liz Cameron (Lab)'],['# ALTERNATIVE NAME 2: Liz Cameron (Lab)'],['# ALTERNATIVE NAME 2: Liz Cameron (Lab)'],['# ALTERNATIVE NAME 2: Liz Cameron (Lab)'],['# ALTERNATIVE NAME 2: Liz Cameron (Lab)'],['# ALTERNATIVE NAME 2: Liz Cameron (Lab)'],['# ALTERNATIVE NAME 2: Liz Cameron (Lab)'],['# ALTERNATIVE NAME 2: Liz Cameron (Lab)'],['# ALTERNATIVE NAME 2: Liz Cameron (Lab)'],['# ALTERNATIVE NAME 2: Liz Cameron (Lab)'],['# ALTERNATIVE NAME 2: Liz Cameron (Lab)'],['# ALTERNATIVE NAME 2: Liz Cameron (Lab)'],['# ALTERNATIVE NAME 2: Liz Cameron (Lab)'],['# ALTERNATIVE NAME 2: Liz Cameron (Lab)'],['# ALTERNATIVE NAME 2: Liz Cameron (Lab)'],['# ALTERNATIVE NAME 2: Liz Cameron (Lab)'],['# ALTERNATIVE NAME 2: Liz Cameron (Lab)'],['# ALTERNATIVE NAME 2: Liz Cameron (Lab)'],['# ALTERNATIVE NAME 2: Liz Cameron (Lab)'],['# ALTERNATIVE NAME 2: Liz Cameron (Lab)'],['# ALTERNATIVE NAME 2: Liz Cameron (Lab)']
raw_data/scotland/processed_data/glasgow2007 preflib/Maryhill_maryhill.csv,7,['# ALTERNATIVE NAME 1: Alex Dingwall (SNP)'],['# ALTERNATIVE NAME 1: Alex Dingwall (SNP)'],['# ALTERNATIVE NAME 1: Alex Dingwall (SNP)'],['# ALTERNATIVE NAME 1: Alex Dingwall (SNP)'],['# ALTERNATIVE NAME 1: Alex Dingwall (SNP)'],['# ALTERNATIVE NAME 1: Alex Dingwall (SNP)'],['# ALTERNATIVE NAME 1: Alex Dingwall (SNP)'],['# ALTERNATIVE NAME 1: Alex Dingwall (SNP)'],['# ALTERNATIVE NAME 1: Alex Dingwall (SNP)'],['# ALTERNATIVE NAME 1: Alex Dingwall (SNP)'],['# ALTERNATIVE NAME 1: Alex Dingwall (SNP)'],['# ALTERNATIVE NAME 1: Alex Dingwall (SNP)'],['# ALTERNATIVE NAME 1: Alex Dingwall (SNP)'],['# ALTERNATIVE NAME 8: Robert Winter (Lab)'],['# ALTERNATIVE NAME 1: Alex Dingwall (SNP)'],['# ALTERNATIVE NAME 1: Alex Dingwall (SNP)'],['# ALTERNATIVE NAME 1: Alex Dingwall (SNP)'],['# ALTERNATIVE NAME 1: Alex Dingwall (SNP)'],['# ALTERNATIVE NAME 1: Alex Dingwall (SNP)'],['# ALTERNATIVE NAME 1: Alex Dingwall (SNP)'],['# ALTERNATIVE NAME 1: Alex Dingwall (SNP)'],['# ALTERNATIVE NAME 1: Alex Dingwall (SNP)'],['# ALTERNATIVE NAME 1: Alex Dingwall (SNP)'],['# ALTERNATIVE NAME 1: Alex Dingwall (SNP)'],['# ALTERNATIVE NAME 1: Alex Dingwall (SNP)'],['# ALTERNATIVE NAME 1: Alex Dingwall (SNP)'],['# ALTERNATIVE NAME 1: Alex Dingwall (SNP)'],['# ALTERNATIVE NAME 1: Alex Dingwall (SNP)'],['# ALTERNATIVE NAME 8: Robert Winter (Lab)'],['# ALTERNATIVE NAME 1: Alex Dingwall (SNP)']
raw_data/scotland/processed_data/fife12-ballots/GlenrothesWestAndKinglassieWard_fife12-14.csv,7,['Betty CAMPBELL (Lab)'],['Betty CAMPBELL (Lab)'],['Betty CAMPBELL (Lab)'],['Betty CAMPBELL (Lab)'],['Betty CAMPBELL (Lab)'],['Betty CAMPBELL (Lab)'],['Betty CAMPBELL (Lab)'],['Betty CAMPBELL (Lab)'],['Betty CAMPBELL (Lab)'],['Betty CAMPBELL (Lab)'],['Betty CAMPBELL (Lab)'],['Betty CAMPBELL (Lab)'],['Betty CAMPBELL (Lab)'],['Betty CAMPBELL (Lab)'],['Betty CAMPBELL (Lab)'],['Betty CAMPBELL (Lab)'],['Betty CAMPBELL (Lab)'],['Betty CAMPBELL (Lab)'],['Betty CAMPBELL (Lab)'],['Betty CAMPBELL (Lab)'],['Betty CAMPBELL (Lab)'],['Betty CAMPBELL (Lab)'],['Betty CAMPBELL (Lab)'],['Betty CAMPBELL (Lab)'],['Betty CAMPBELL (Lab)'],['Betty CAMPBELL (Lab)'],['Betty CAMPBELL (Lab)'],['Betty CAMPBELL (Lab)'],['Betty CAMPBELL (Lab)'],['Betty CAMPBELL (Lab)']
raw_data/scotland/processed_data/fife12-ballots/GlenrothesCentralAndThorntonWard_fife12-16.csv,5,['Ross VETTRAINO (SNP)'],['Ian SLOAN (Lab)'],['Ian SLOAN (Lab)'],['Ian SLOAN (Lab)'],['Ian SLOAN (Lab)'],['Ian SLOAN (Lab)'],['Ian SLOAN (Lab)'],['Ian SLOAN (Lab)'],['Ian SLOAN (Lab)'],['Ian SLOAN (Lab)'],['Ian SLOAN (Lab)'],['Ian SLOAN (Lab)'],['Ian SLOAN (Lab)'],['Ian SLOAN (Lab)'],['Ian SLOAN (Lab)'],['Ross VETTRAINO (SNP)'],['Ian SLOAN (Lab)'],['Ian SLOAN (Lab)'],['Ian SLOAN (Lab)'],['Ian SLOAN (Lab)'],['Ian SLOAN (Lab)'],['Ian SLOAN (Lab)'],['Ian SLOAN (Lab)'],['Ian SLOAN (Lab)'],['Ian SLOAN (Lab)'],['Ian SLOAN (Lab)'],['Ian SLOAN (Lab)'],['Ian SLOAN (Lab)'],['Ian SLOAN (Lab)'],['Ian SLOAN (Lab)']
raw_data/scotland/processed_data/fife12-ballots/RosythWard_fife12-05.csv,6,['Pat CALLAGHAN (Lab)'],['Pat CALLAGHAN (Lab)'],['Pat CALLAGHAN (Lab)'],['Pat CALLAGHAN (Lab)'],['Pat CALLAGHAN (Lab)'],['Pat CALLAGHAN (Lab)'],['Pat CALLAGHAN (Lab)'],['Pat CALLAGHAN (Lab)'],['Pat CALLAGHAN (Lab)'],['Pat CALLAGHAN (Lab)'],['Pat CALLAGHAN (Lab)'],['Pat CALLAGHAN (Lab)'],['Pat CALLAGHAN (Lab)'],['Pat CALLAGHAN (Lab)'],['Pat CALLAGHAN (Lab)'],['Pat CALLAGHAN (Lab)'],['Pat CALLAGHAN (Lab)'],['Pat CALLAGHAN (Lab)'],['Pat CALLAGHAN (Lab)'],['Pat CALLAGHAN (Lab)'],['Pat CALLAGHAN (Lab)'],['Pat CALLAGHAN (Lab)'],['Pat CALLAGHAN (Lab)'],['Pat CALLAGHAN (Lab)'],['Pat CALLAGHAN (Lab)'],['Pat CALLAGHAN (Lab)'],['Pat CALLAGHAN (Lab)'],['Pat CALLAGHAN (Lab)'],['Pat CALLAGHAN (Lab)'],['Pat CALLAGHAN (Lab)']
raw_data/scotland/processed_data/fife12-ballots/HoweOfFifeAndTayCoastWard_fife12-17.csv,5,['Donald LOTHIAN (LD)'],['Donald LOTHIAN (LD)'],['Donald LOTHIAN (LD)'],['Donald LOTHIAN (LD)'],['Donald LOTHIAN (LD)'],['Donald LOTHIAN (LD)'],['Donald LOTHIAN (LD)'],['Donald LOTHIAN (LD)'],['Donald LOTHIAN (LD)'],['Donald LOTHIAN (LD)'],['Donald LOTHIAN (LD)'],['Donald LOTHIAN (LD)'],['Donald LOTHIAN (LD)'],['Donald LOTHIAN (LD)'],['Donald LOTHIAN (LD)'],['Donald LOTHIAN (LD)'],['Donald LOTHIAN (LD)'],['Donald LOTHIAN (LD)'],['Donald LOTHIAN (LD)'],['Donald LOTHIAN (LD)'],['Donald LOTHIAN (LD)'],['Donald LOTHIAN (LD)'],['Donald LOTHIAN (LD)'],['Donald LOTHIAN (LD)'],['Donald LOTHIAN (LD)'],['Donald LOTHIAN (LD)'],['Donald LOTHIAN (LD)'],['Donald LOTHIAN (LD)'],['Donald LOTHIAN (LD)'],['Donald LOTHIAN (LD)']
raw_data/scotland/processed_data/fife12-ballots/EastNeukAndLandwardWard_fife12-20.csv,5,['Elizabeth RICHES (LD)'],['Elizabeth RICHES (LD)'],['Elizabeth RICHES (LD)'],['Elizabeth RICHES (LD)'],['Elizabeth RICHES (LD)'],['Elizabeth RICHES (LD)'],['Elizabeth RICHES (LD)'],['Elizabeth RICHES (LD)'],['Elizabeth RICHES (LD)'],['Elizabeth RICHES (LD)'],['Elizabeth RICHES (LD)'],['Elizabeth RICHES (LD)'],['Elizabeth RICHES (LD)'],['Elizabeth RICHES (LD)'],['Elizabeth RICHES (LD)'],['Elizabeth RICHES (LD)'],['Elizabeth RICHES (LD)'],['Elizabeth RICHES (LD)'],['Elizabeth RICHES (LD)'],['Elizabeth RICHES (LD)'],['Elizabeth RICHES (LD)'],['Elizabeth RICHES (LD)'],['Elizabeth RICHES (LD)'],['Elizabeth RICHES (LD)'],['Elizabeth RICHES (LD)'],['Elizabeth RICHES (LD)'],['Elizabeth RICHES (LD)'],['Elizabeth RICHES (LD)'],['Elizabeth RICHES (LD)'],['Elizabeth RICHES (LD)']
raw_data/scotland/processed_data/fife12-ballots/LevenKennowayAndLargoWard_fife12-22.csv,5,['David ALEXANDER (SNP)'],['David ALEXANDER (SNP)'],['David ALEXANDER (SNP)'],['David ALEXANDER (SNP)'],['Charles HAFFEY (Lab)'],['David ALEXANDER (SNP)'],['David ALEXANDER (SNP)'],['David ALEXANDER (SNP)'],['David ALEXANDER (SNP)'],['David ALEXANDER (SNP)'],['David ALEXANDER (SNP)'],['David ALEXANDER (SNP)'],['David ALEXANDER (SNP)'],['David ALEXANDER (SNP)'],['David ALEXANDER (SNP)'],['David ALEXANDER (SNP)'],['David ALEXANDER (SNP)'],['David ALEXANDER (SNP)'],['David ALEXANDER (SNP)'],['Charles HAFFEY (Lab)'],['David ALEXANDER (SNP)'],['David ALEXANDER (SNP)'],['David ALEXANDER (SNP)'],['David ALEXANDER (SNP)'],['David ALEXANDER (SNP)'],['David ALEXANDER (SNP)'],['David ALEXANDER (SNP)'],['David ALEXANDER (SNP)'],['David ALEXANDER (SNP)'],['David ALEXANDER (SNP)']
raw_data/scotland/processed_data/fife12-ballots/BurntislandKinghornAndWesternKirkcaldyWard_fife12-10.csv,7,['Peter GEORGE (Lab)'],['Peter GEORGE (Lab)'],['Peter GEORGE (Lab)'],['Peter GEORGE (Lab)'],['Peter GEORGE (Lab)'],['Peter GEORGE (Lab)'],['Peter GEORGE (Lab)'],['Peter GEORGE (Lab)'],['Peter GEORGE (Lab)'],['Peter GEORGE (Lab)'],['Peter GEORGE (Lab)'],['Peter GEORGE (Lab)'],['Peter GEORGE (Lab)'],['Peter GEORGE (Lab)'],['Peter GEORGE (Lab)'],['Peter GEORGE (Lab)'],['Peter GEORGE (Lab)'],['Peter GEORGE (Lab)'],['Peter GEORGE (Lab)'],['Peter GEORGE (Lab)'],['Peter GEORGE (Lab)'],['Peter GEORGE (Lab)'],['Peter GEORGE (Lab)'],['Peter GEORGE (Lab)'],['Peter GEORGE (Lab)'],['Peter GEORGE (Lab)'],['Peter GEORGE (Lab)'],['Peter GEORGE (Lab)'],['Peter GEORGE (Lab)'],['Peter GEORGE (Lab)']
raw_data/scotland/processed_data/fife12-ballots/BuckhavenMethilAndWemyssVillagesWard_fife12-23.csv,7,['David GRAHAM (Lab)'],['David GRAHAM (Lab)'],['David GRAHAM (Lab)'],['David GRAHAM (Lab)'],['David GRAHAM (Lab)'],['David GRAHAM (Lab)'],['David GRAHAM (Lab)'],['David GRAHAM (Lab)'],['David GRAHAM (Lab)'],['David GRAHAM (Lab)'],['David GRAHAM (Lab)'],['David GRAHAM (Lab)'],['David GRAHAM (Lab)'],['David GRAHAM (Lab)'],['David GRAHAM (Lab)'],['David GRAHAM (Lab)'],['David GRAHAM (Lab)'],['David GRAHAM (Lab)'],['David GRAHAM (Lab)'],['David GRAHAM (Lab)'],['David GRAHAM (Lab)'],['David GRAHAM (Lab)'],['David GRAHAM (Lab)'],['David GRAHAM (Lab)'],['David GRAHAM (Lab)'],['David GRAHAM (Lab)'],['David GRAHAM (Lab)'],['David GRAHAM (Lab)'],['David GRAHAM (Lab)'],['David GRAHAM (Lab)']
raw_data/scotland/processed_data/fife12-ballots/WestFifeAndCoastalVillagesWard_fife12-01.csv,6,['Bobby CLELLAND (Lab)'],['Bobby CLELLAND (Lab)'],['Bobby CLELLAND (Lab)'],['Bobby CLELLAND (Lab)'],['Bobby CLELLAND (Lab)'],['Bobby CLELLAND (Lab)'],['Bobby CLELLAND (Lab)'],['Bobby CLELLAND (Lab)'],['Bobby CLELLAND (Lab)'],['Bobby CLELLAND (Lab)'],['Bobby CLELLAND (Lab)'],['Bobby CLELLAND (Lab)'],['Bobby CLELLAND (Lab)'],['Bobby CLELLAND (Lab)'],['Bobby CLELLAND (Lab)'],['Bobby CLELLAND (Lab)'],['Bobby CLELLAND (Lab)'],['Bobby CLELLAND (Lab)'],['Bobby CLELLAND (Lab)'],['Bobby CLELLAND (Lab)'],['Bobby CLELLAND (Lab)'],['Bobby CLELLAND (Lab)'],['Bobby CLELLAND (Lab)'],['Bobby CLELLAND (Lab)'],['Bobby CLELLAND (Lab)'],['Bobby CLELLAND (Lab)'],['Bobby CLELLAND (Lab)'],['Bobby CLELLAND (Lab)'],['Bobby CLELLAND (Lab)'],['Bobby CLELLAND (Lab)']
raw_data/scotland/processed_data/fife12-ballots/InverkeithingAndDalgetyBayWard_fife12-06.csv,5,['Alice MCGARRY (SNP)'],['Alice MCGARRY (SNP)'],['Alice MCGARRY (SNP)'],['Alice MCGARRY (SNP)'],['Alice MCGARRY (SNP)'],['Alice MCGARRY (SNP)'],['Alice MCGARRY (SNP)'],['Alice MCGARRY (SNP)'],['Alice MCGARRY (SNP)'],['Alice MCGARRY (SNP)'],['Alice MCGARRY (SNP)'],['Alice MCGARRY (SNP)'],['Alice MCGARRY (SNP)'],['Gavin YATES (Lab)'],['Alice MCGARRY (SNP)'],['Alice MCGARRY (SNP)'],['Alice MCGARRY (SNP)'],['Alice MCGARRY (SNP)'],['Alice MCGARRY (SNP)'],['Alice MCGARRY (SNP)'],['Alice MCGARRY (SNP)'],['Alice MCGARRY (SNP)'],['Alice MCGARRY (SNP)'],['Alice MCGARRY (SNP)'],['Alice MCGARRY (SNP)'],['Alice MCGARRY (SNP)'],['Alice MCGARRY (SNP)'],['Alice MCGARRY (SNP)'],['Gavin YATES (Lab)'],['Alice MCGARRY (SNP)']
raw_data/scotland/processed_data/fife12-ballots/KirkcaldyNorthWard_fife12-11.csv,5,['Neil CROOKS (Lab)'],['Neil CROOKS (Lab)'],['Neil CROOKS (Lab)'],['Neil CROOKS (Lab)'],['Neil CROOKS (Lab)'],['Neil CROOKS (Lab)'],['Neil CROOKS (Lab)'],['Neil CROOKS (Lab)'],['Neil CROOKS (Lab)'],['Neil CROOKS (Lab)'],['Neil CROOKS (Lab)'],['Neil CROOKS (Lab)'],['Neil CROOKS (Lab)'],['Neil CROOKS (Lab)'],['Neil CROOKS (Lab)'],['Neil CROOKS (Lab)'],['Neil CROOKS (Lab)'],['Neil CROOKS (Lab)'],['Neil CROOKS (Lab)'],['Neil CROOKS (Lab)'],['Neil CROOKS (Lab)'],['Neil CROOKS (Lab)'],['Neil CROOKS (Lab)'],['Neil CROOKS (Lab)'],['Neil CROOKS (Lab)'],['Neil CROOKS (Lab)'],['Neil CROOKS (Lab)'],['Neil CROOKS (Lab)'],['Neil CROOKS (Lab)'],['Neil CROOKS (Lab)']
raw_data/scotland/processed_data/fife12-ballots/TayBridgeheadWard_fife12-18.csv,4,['Tim BRETT (LD)'],['Tim BRETT (LD)'],['Tim BRETT (LD)'],['Tim BRETT (LD)'],['Tim BRETT (LD)'],['Tim BRETT (LD)'],['Tim BRETT (LD)'],['Tim BRETT (LD)'],['Tim BRETT (LD)'],['Tim BRETT (LD)'],['Tim BRETT (LD)'],['Tim BRETT (LD)'],['Tim BRETT (LD)'],['Tim BRETT (LD)'],['Tim BRETT (LD)'],['Tim BRETT (LD)'],['Tim BRETT (LD)'],['Tim BRETT (LD)'],['Tim BRETT (LD)'],['Tim BRETT (LD)'],['Tim BRETT (LD)'],['Tim BRETT (LD)'],['Tim BRETT (LD)'],['Tim BRETT (LD)'],['Tim BRETT (LD)'],['Tim BRETT (LD)'],['Tim BRETT (LD)'],['Tim BRETT (LD)'],['Tim BRETT (LD)'],['Tim BRETT (LD)']
raw_data/scotland/processed_data/fife12-ballots/CuparWard_fife12-21.csv,5,['Bryan POOLE (Ind)'],['Bryan POOLE (Ind)'],['Bryan POOLE (Ind)'],['Bryan POOLE (Ind)'],['Bryan POOLE (Ind)'],['Bryan POOLE (Ind)'],['Bryan POOLE (Ind)'],['Bryan POOLE (Ind)'],['Bryan POOLE (Ind)'],['Bryan POOLE (Ind)'],['Bryan POOLE (Ind)'],['Bryan POOLE (Ind)'],['Bryan POOLE (Ind)'],['Bryan POOLE (Ind)'],['Bryan POOLE (Ind)'],['Bryan POOLE (Ind)'],['Bryan POOLE (Ind)'],['Bryan POOLE (Ind)'],['Bryan POOLE (Ind)'],['Bryan POOLE (Ind)'],['Bryan POOLE (Ind)'],['Bryan POOLE (Ind)'],['Bryan POOLE (Ind)'],['Bryan POOLE (Ind)'],['Bryan POOLE (Ind)'],['Bryan POOLE (Ind)'],['Bryan POOLE (Ind)'],['Bryan POOLE (Ind)'],['Bryan POOLE (Ind)'],['Bryan POOLE (Ind)']
raw_data/scotland/processed_data/fife12-ballots/GlenrothesNorthLeslieAndMarkinchWard_fife12-15.csv,5,['Fiona GRANT (SNP)'],['Fiona GRANT (SNP)'],['Fiona GRANT (SNP)'],['Fiona GRANT (SNP)'],['William KAY (Lab)'],['Fiona GRANT (SNP)'],['Fiona GRANT (SNP)'],['Fiona GRANT (SNP)'],['Fiona GRANT (SNP)'],['Fiona GRANT (SNP)'],['Fiona GRANT (SNP)'],['Fiona GRANT (SNP)'],['Fiona GRANT (SNP)'],['Fiona GRANT (SNP)'],['Fiona GRANT (SNP)'],['Fiona GRANT (SNP)'],['Fiona GRANT (SNP)'],['Fiona GRANT (SNP)'],['Fiona GRANT (SNP)'],['William KAY (Lab)'],['Fiona GRANT (SNP)'],['Fiona GRANT (SNP)'],['Fiona GRANT (SNP)'],['Fiona GRANT (SNP)'],['Fiona GRANT (SNP)'],['Fiona GRANT (SNP)'],['Fiona GRANT (SNP)'],['Fiona GRANT (SNP)'],['Fiona GRANT (SNP)'],['Fiona GRANT (SNP)']
raw_data/scotland/processed_data/fife12-ballots/DunfermlineSouthWard_fife12-04.csv,5,['Cara HILTON (Lab)'],['Cara HILTON (Lab)'],['Cara HILTON (Lab)'],['Cara HILTON (Lab)'],['Cara HILTON (Lab)'],['Cara HILTON (Lab)'],['Cara HILTON (Lab)'],['Cara HILTON (Lab)'],['Cara HILTON (Lab)'],['Cara HILTON (Lab)'],['Cara HILTON (Lab)'],['Cara HILTON (Lab)'],['Cara HILTON (Lab)'],['Cara HILTON (Lab)'],['Cara HILTON (Lab)'],['Cara HILTON (Lab)'],['Cara HILTON (Lab)'],['Cara HILTON (Lab)'],['Cara HILTON (Lab)'],['Cara HILTON (Lab)'],['Cara HILTON (Lab)'],['Cara HILTON (Lab)'],['Cara HILTON (Lab)'],['Cara HILTON (Lab)'],['Cara HILTON (Lab)'],['Cara HILTON (Lab)'],['Cara HILTON (Lab)'],['Cara HILTON (Lab)'],['Cara HILTON (Lab)'],['Cara HILTON (Lab)']
raw_data/scotland/processed_data/fife12-ballots/TheLochsWard_fife12-07.csv,5,['Alex ROWLEY (Lab)'],['Alex ROWLEY (Lab)'],['Alex ROWLEY (Lab)'],['Alex ROWLEY (Lab)'],['Alex ROWLEY (Lab)'],['Alex ROWLEY (Lab)'],['Alex ROWLEY (Lab)'],['Alex ROWLEY (Lab)'],['Alex ROWLEY (Lab)'],['Alex ROWLEY (Lab)'],['Alex ROWLEY (Lab)'],['Alex ROWLEY (Lab)'],['Alex ROWLEY (Lab)'],['Alex ROWLEY (Lab)'],['Alex ROWLEY (Lab)'],['Alex ROWLEY (Lab)'],['Alex ROWLEY (Lab)'],['Alex ROWLEY (Lab)'],['Alex ROWLEY (Lab)'],['Alex ROWLEY (Lab)'],['Alex ROWLEY (Lab)'],['Alex ROWLEY (Lab)'],['Alex ROWLEY (Lab)'],['Alex ROWLEY (Lab)'],['Alex ROWLEY (Lab)'],['Alex ROWLEY (Lab)'],['Alex ROWLEY (Lab)'],['Alex ROWLEY (Lab)'],['Alex ROWLEY (Lab)'],['Alex ROWLEY (Lab)']
raw_data/scotland/processed_data/fife12-ballots/StAndrewsWard_fife12-19.csv,7,['Frances MELVILLE (LD)'],['Frances MELVILLE (LD)'],['Frances MELVILLE (LD)'],['Frances MELVILLE (LD)'],['Frances MELVILLE (LD)'],['Frances MELVILLE (LD)'],['Frances MELVILLE (LD)'],['Frances MELVILLE (LD)'],['Frances MELVILLE (LD)'],['Frances MELVILLE (LD)'],['Frances MELVILLE (LD)'],['Frances MELVILLE (LD)'],['Frances MELVILLE (LD)'],['Frances MELVILLE (LD)'],['Frances MELVILLE (LD)'],['Frances MELVILLE (LD)'],['Frances MELVILLE (LD)'],['Frances MELVILLE (LD)'],['Frances MELVILLE (LD)'],['Frances MELVILLE (LD)'],['Frances MELVILLE (LD)'],['Frances MELVILLE (LD)'],['Frances MELVILLE (LD)'],['Frances MELVILLE (LD)'],['Frances MELVILLE (LD)'],['Frances MELVILLE (LD)'],['Frances MELVILLE (LD)'],['Frances MELVILLE (LD)'],['Frances MELVILLE (LD)'],['Frances MELVILLE (LD)']
raw_data/scotland/processed_data/fife12-ballots/DunfermlineNorthWard_fife12-02.csv,4,['Helen LAW (Lab)'],['Helen LAW (Lab)'],['Helen LAW (Lab)'],['Helen LAW (Lab)'],['Helen LAW (Lab)'],['Helen LAW (Lab)'],['Helen LAW (Lab)'],['Helen LAW (Lab)'],['Helen LAW (Lab)'],['Helen LAW (Lab)'],['Helen LAW (Lab)'],['Helen LAW (Lab)'],['Helen LAW (Lab)'],['Helen LAW (Lab)'],['Helen LAW (Lab)'],['Helen LAW (Lab)'],['Helen LAW (Lab)'],['Helen LAW (Lab)'],['Helen LAW (Lab)'],['Helen LAW (Lab)'],['Helen LAW (Lab)'],['Helen LAW (Lab)'],['Helen LAW (Lab)'],['Helen LAW (Lab)'],['Helen LAW (Lab)'],['Helen LAW (Lab)'],['Helen LAW (Lab)'],['Helen LAW (Lab)'],['Helen LAW (Lab)'],['Helen LAW (Lab)']
raw_data/scotland/processed_data/fife12-ballots/DunfermlineCentralWard_fife12-03.csv,5,['Jim LEISHMAN (Lab)'],['Jim LEISHMAN (Lab)'],['Jim LEISHMAN (Lab)'],['Jim LEISHMAN (Lab)'],['Jim LEISHMAN (Lab)'],['Jim LEISHMAN (Lab)'],['Jim LEISHMAN (Lab)'],['Jim LEISHMAN (Lab)'],['Jim LEISHMAN (Lab)'],['Jim LEISHMAN (Lab)'],['Jim LEISHMAN (Lab)'],['Jim LEISHMAN (Lab)'],['Jim LEISHMAN (Lab)'],['Jim LEISHMAN (Lab)'],['Jim LEISHMAN (Lab)'],['Jim LEISHMAN (Lab)'],['Jim LEISHMAN (Lab)'],['Jim LEISHMAN (Lab)'],['Jim LEISHMAN (Lab)'],['Jim LEISHMAN (Lab)'],['Jim LEISHMAN (Lab)'],['Jim LEISHMAN (Lab)'],['Jim LEISHMAN (Lab)'],['Jim LEISHMAN (Lab)'],['Jim LEISHMAN (Lab)'],['Jim LEISHMAN (Lab)'],['Jim LEISHMAN (Lab)'],['Jim LEISHMAN (Lab)'],['Jim LEISHMAN (Lab)'],['Jim LEISHMAN (Lab)']
raw_data/scotland/processed_data/fife12-ballots/CowdenbeathWard_fife12-08.csv,4,['Peter LOCKHART (Lab)'],['Peter LOCKHART (Lab)'],['Peter LOCKHART (Lab)'],['Peter LOCKHART (Lab)'],['Peter LOCKHART (Lab)'],['Peter LOCKHART (Lab)'],['Peter LOCKHART (Lab)'],['Peter LOCKHART (Lab)'],['Peter LOCKHART (Lab)'],['Peter LOCKHART (Lab)'],['Peter LOCKHART (Lab)'],['Peter LOCKHART (Lab)'],['Peter LOCKHART (Lab)'],['Peter LOCKHART (Lab)'],['Peter LOCKHART (Lab)'],['Peter LOCKHART (Lab)'],['Peter LOCKHART (Lab)'],['Peter LOCKHART (Lab)'],['Peter LOCKHART (Lab)'],['Peter LOCKHART (Lab)'],['Peter LOCKHART (Lab)'],['Peter LOCKHART (Lab)'],['Peter LOCKHART (Lab)'],['Peter LOCKHART (Lab)'],['Peter LOCKHART (Lab)'],['Peter LOCKHART (Lab)'],['Peter LOCKHART (Lab)'],['Peter LOCKHART (Lab)'],['Peter LOCKHART (Lab)'],['Peter LOCKHART (Lab)']
raw_data/scotland/processed_data/fife12-ballots/KirkcaldyCentralWard_fife12-12.csv,4,['Judy HAMILTON (Lab)'],['Judy HAMILTON (Lab)'],['Judy HAMILTON (Lab)'],['Judy HAMILTON (Lab)'],['Judy HAMILTON (Lab)'],['Judy HAMILTON (Lab)'],['Judy HAMILTON (Lab)'],['Judy HAMILTON (Lab)'],['Judy HAMILTON (Lab)'],['Judy HAMILTON (Lab)'],['Judy HAMILTON (Lab)'],['Judy HAMILTON (Lab)'],['Judy HAMILTON (Lab)'],['Judy HAMILTON (Lab)'],['Judy HAMILTON (Lab)'],['Judy HAMILTON (Lab)'],['Judy HAMILTON (Lab)'],['Judy HAMILTON (Lab)'],['Judy HAMILTON (Lab)'],['Judy HAMILTON (Lab)'],['Judy HAMILTON (Lab)'],['Judy HAMILTON (Lab)'],['Judy HAMILTON (Lab)'],['Judy HAMILTON (Lab)'],['Judy HAMILTON (Lab)'],['Judy HAMILTON (Lab)'],['Judy HAMILTON (Lab)'],['Judy HAMILTON (Lab)'],['Judy HAMILTON (Lab)'],['Judy HAMILTON (Lab)']
raw_data/scotland/processed_data/fife12-ballots/LochgellyAndCardendenWard_fife12-09.csv,3,['Linda ERSKINE (Lab)'],['Linda ERSKINE (Lab)'],['Linda ERSKINE (Lab)'],['Linda ERSKINE (Lab)'],['Linda ERSKINE (Lab)'],['Linda ERSKINE (Lab)'],['Linda ERSKINE (Lab)'],['Linda ERSKINE (Lab)'],['Linda ERSKINE (Lab)'],['Linda ERSKINE (Lab)'],['Linda ERSKINE (Lab)'],['Linda ERSKINE (Lab)'],['Linda ERSKINE (Lab)'],['Linda ERSKINE (Lab)'],['Linda ERSKINE (Lab)'],['Linda ERSKINE (Lab)'],['Linda ERSKINE (Lab)'],['Linda ERSKINE (Lab)'],['Linda ERSKINE (Lab)'],['Linda ERSKINE (Lab)'],['Linda ERSKINE (Lab)'],['Linda ERSKINE (Lab)'],['Linda ERSKINE (Lab)'],['Linda ERSKINE (Lab)'],['Linda ERSKINE (Lab)'],['Linda ERSKINE (Lab)'],['Linda ERSKINE (Lab)'],['Linda ERSKINE (Lab)'],['Linda ERSKINE (Lab)'],['Linda ERSKINE (Lab)']
raw_data/scotland/processed_data/fife12-ballots/KirkcaldyEastWard_fife12-13.csv,5,['Lawrence BROWN (Lab)'],['Lawrence BROWN (Lab)'],['Lawrence BROWN (Lab)'],['Lawrence BROWN (Lab)'],['Lawrence BROWN (Lab)'],['Lawrence BROWN (Lab)'],['Lawrence BROWN (Lab)'],['Lawrence BROWN (Lab)'],['Lawrence BROWN (Lab)'],['Lawrence BROWN (Lab)'],['Lawrence BROWN (Lab)'],['Lawrence BROWN (Lab)'],['Lawrence BROWN (Lab)'],['Lawrence BROWN (Lab)'],['Lawrence BROWN (Lab)'],['Lawrence BROWN (Lab)'],['Lawrence BROWN (Lab)'],['Lawrence BROWN (Lab)'],['Lawrence BROWN (Lab)'],['Lawrence BROWN (Lab)'],['Lawrence BROWN (Lab)'],['Lawrence BROWN (Lab)'],['Lawrence BROWN (Lab)'],['Lawrence BROWN (Lab)'],['Lawrence BROWN (Lab)'],['Lawrence BROWN (Lab)'],['Lawrence BROWN (Lab)'],['Lawrence BROWN (Lab)'],['Lawrence BROWN (Lab)'],['Lawrence BROWN (Lab)']
raw_data/scotland/processed_data/e-lothian12-ballots/Ward5NorthBerwickCoastal_e-lothian12-05.csv,5,['Tim DAY (Con)'],['Tim DAY (Con)'],['Tim DAY (Con)'],['Tim DAY (Con)'],['Tim DAY (Con)'],['Tim DAY (Con)'],['Tim DAY (Con)'],['Tim DAY (Con)'],['Tim DAY (Con)'],['Tim DAY (Con)'],['Tim DAY (Con)'],['Tim DAY (Con)'],['Tim DAY (Con)'],['Tim DAY (Con)'],['Tim DAY (Con)'],['Tim DAY (Con)'],['Tim DAY (Con)'],['Tim DAY (Con)'],['Tim DAY (Con)'],['Tim DAY (Con)'],['Tim DAY (Con)'],['Tim DAY (Con)'],['Tim DAY (Con)'],['Tim DAY (Con)'],['Tim DAY (Con)'],['Tim DAY (Con)'],['Tim DAY (Con)'],['Tim DAY (Con)'],['Tim DAY (Con)'],['Tim DAY (Con)']
raw_data/scotland/processed_data/e-lothian12-ballots/Ward2MusselburghEastandCarberry_e-lothian12-02.csv,4,['Andy FORREST (Lab)'],['Andy FORREST (Lab)'],['Andy FORREST (Lab)'],['Andy FORREST (Lab)'],['Andy FORREST (Lab)'],['Andy FORREST (Lab)'],['Andy FORREST (Lab)'],['Andy FORREST (Lab)'],['Andy FORREST (Lab)'],['Andy FORREST (Lab)'],['Andy FORREST (Lab)'],['Andy FORREST (Lab)'],['Andy FORREST (Lab)'],['Andy FORREST (Lab)'],['Andy FORREST (Lab)'],['Andy FORREST (Lab)'],['Andy FORREST (Lab)'],['Andy FORREST (Lab)'],['Andy FORREST (Lab)'],['Andy FORREST (Lab)'],['Andy FORREST (Lab)'],['Andy FORREST (Lab)'],['Andy FORREST (Lab)'],['Andy FORREST (Lab)'],['Andy FORREST (Lab)'],['Andy FORREST (Lab)'],['Andy FORREST (Lab)'],['Andy FORREST (Lab)'],['Andy FORREST (Lab)'],['Andy FORREST (Lab)']
raw_data/scotland/processed_data/e-lothian12-ballots/Ward4Fa'side_e-lothian12-04.csv,4,['Jim GILLIES (Lab)'],['Jim GILLIES (Lab)'],['Jim GILLIES (Lab)'],['Jim GILLIES (Lab)'],['Jim GILLIES (Lab)'],['Jim GILLIES (Lab)'],['Jim GILLIES (Lab)'],['Jim GILLIES (Lab)'],['Jim GILLIES (Lab)'],['Jim GILLIES (Lab)'],['Jim GILLIES (Lab)'],['Jim GILLIES (Lab)'],['Jim GILLIES (Lab)'],['Jim GILLIES (Lab)'],['Jim GILLIES (Lab)'],['Jim GILLIES (Lab)'],['Jim GILLIES (Lab)'],['Jim GILLIES (Lab)'],['Jim GILLIES (Lab)'],['Jim GILLIES (Lab)'],['Jim GILLIES (Lab)'],['Jim GILLIES (Lab)'],['Jim GILLIES (Lab)'],['Jim GILLIES (Lab)'],['Jim GILLIES (Lab)'],['Jim GILLIES (Lab)'],['Jim GILLIES (Lab)'],['Jim GILLIES (Lab)'],['Jim GILLIES (Lab)'],['Jim GILLIES (Lab)']
raw_data/scotland/processed_data/e-lothian12-ballots/Ward7DunbarandEastLinton_e-lothian12-07.csv,4,['Paul Stewart MCLENNAN (SNP)'],['Paul Stewart MCLENNAN (SNP)'],['Paul Stewart MCLENNAN (SNP)'],['Paul Stewart MCLENNAN (SNP)'],['Paul Stewart MCLENNAN (SNP)'],['Paul Stewart MCLENNAN (SNP)'],['Paul Stewart MCLENNAN (SNP)'],['Paul Stewart MCLENNAN (SNP)'],['Paul Stewart MCLENNAN (SNP)'],['Paul Stewart MCLENNAN (SNP)'],['Paul Stewart MCLENNAN (SNP)'],['Paul Stewart MCLENNAN (SNP)'],['Paul Stewart MCLENNAN (SNP)'],['Paul Stewart MCLENNAN (SNP)'],['Paul Stewart MCLENNAN (SNP)'],['Paul Stewart MCLENNAN (SNP)'],['Paul Stewart MCLENNAN (SNP)'],['Paul Stewart MCLENNAN (SNP)'],['Paul Stewart MCLENNAN (SNP)'],['Paul Stewart MCLENNAN (SNP)'],['Paul Stewart MCLENNAN (SNP)'],['Paul Stewart MCLENNAN (SNP)'],['Paul Stewart MCLENNAN (SNP)'],['Paul Stewart MCLENNAN (SNP)'],['Paul Stewart MCLENNAN (SNP)'],['Paul Stewart MCLENNAN (SNP)'],['Paul Stewart MCLENNAN (SNP)'],['Paul Stewart MCLENNAN (SNP)'],['Paul Stewart MCLENNAN (SNP)'],['Paul Stewart MCLENNAN (SNP)']
raw_data/scotland/processed_data/e-lothian12-ballots/Ward3Preston-Seton-Gosford_e-lothian12-03.csv,5,['Willie INNES (Lab)'],['Willie INNES (Lab)'],['Willie INNES (Lab)'],['Willie INNES (Lab)'],['Willie INNES (Lab)'],['Willie INNES (Lab)'],['Willie INNES (Lab)'],['Willie INNES (Lab)'],['Willie INNES (Lab)'],['Willie INNES (Lab)'],['Willie INNES (Lab)'],['Willie INNES (Lab)'],['Willie INNES (Lab)'],['Willie INNES (Lab)'],['Willie INNES (Lab)'],['Willie INNES (Lab)'],['Willie INNES (Lab)'],['Willie INNES (Lab)'],['Willie INNES (Lab)'],['Willie INNES (Lab)'],['Willie INNES (Lab)'],['Willie INNES (Lab)'],['Willie INNES (Lab)'],['Willie INNES (Lab)'],['Willie INNES (Lab)'],['Willie INNES (Lab)'],['Willie INNES (Lab)'],['Willie INNES (Lab)'],['Willie INNES (Lab)'],['Willie INNES (Lab)']
raw_data/scotland/processed_data/e-lothian12-ballots/Ward6HaddingtonandLammermuir_e-lothian12-06.csv,6,['John MCMILLAN (Lab)'],['John MCMILLAN (Lab)'],['John MCMILLAN (Lab)'],['John MCMILLAN (Lab)'],['John MCMILLAN (Lab)'],['John MCMILLAN (Lab)'],['John MCMILLAN (Lab)'],['John MCMILLAN (Lab)'],['John MCMILLAN (Lab)'],['John MCMILLAN (Lab)'],['John MCMILLAN (Lab)'],['John MCMILLAN (Lab)'],['John MCMILLAN (Lab)'],['John MCMILLAN (Lab)'],['John MCMILLAN (Lab)'],['John MCMILLAN (Lab)'],['John MCMILLAN (Lab)'],['John MCMILLAN (Lab)'],['John MCMILLAN (Lab)'],['John MCMILLAN (Lab)'],['John MCMILLAN (Lab)'],['John MCMILLAN (Lab)'],['John MCMILLAN (Lab)'],['John MCMILLAN (Lab)'],['John MCMILLAN (Lab)'],['John MCMILLAN (Lab)'],['John MCMILLAN (Lab)'],['John MCMILLAN (Lab)'],['John MCMILLAN (Lab)'],['John MCMILLAN (Lab)']
raw_data/scotland/processed_data/e-lothian12-ballots/Ward1MusselburghWest_e-lothian12-01.csv,6,['Johnnie MCNEIL (Lab)'],['Johnnie MCNEIL (Lab)'],['Johnnie MCNEIL (Lab)'],['Johnnie MCNEIL (Lab)'],['Johnnie MCNEIL (Lab)'],['Johnnie MCNEIL (Lab)'],['Johnnie MCNEIL (Lab)'],['Johnnie MCNEIL (Lab)'],['Johnnie MCNEIL (Lab)'],['Johnnie MCNEIL (Lab)'],['Johnnie MCNEIL (Lab)'],['Johnnie MCNEIL (Lab)'],['Johnnie MCNEIL (Lab)'],['Johnnie MCNEIL (Lab)'],['Johnnie MCNEIL (Lab)'],['Johnnie MCNEIL (Lab)'],['Johnnie MCNEIL (Lab)'],['Johnnie MCNEIL (Lab)'],['Johnnie MCNEIL (Lab)'],['Johnnie MCNEIL (Lab)'],['Johnnie MCNEIL (Lab)'],['Johnnie MCNEIL (Lab)'],['Johnnie MCNEIL (Lab)'],['Johnnie MCNEIL (Lab)'],['Johnnie MCNEIL (Lab)'],['Johnnie MCNEIL (Lab)'],['Johnnie MCNEIL (Lab)'],['Johnnie MCNEIL (Lab)'],['Johnnie MCNEIL (Lab)'],['Johnnie MCNEIL (Lab)']
"raw_data/scotland/processed_data/e-renfs17-ballots/Clarkston,NetherleeandWilliamwood_e-renfs17-4.csv",8,['Stewart MILLER (Con)'],['Stewart MILLER (Con)'],['Stewart MILLER (Con)'],['David MACDONALD (Ind)'],['David MACDONALD (Ind)'],['David MACDONALD (Ind)'],['Stewart MILLER (Con)'],['David MACDONALD (Ind)'],['David MACDONALD (Ind)'],['David MACDONALD (Ind)'],['David MACDONALD (Ind)'],['David MACDONALD (Ind)'],['David MACDONALD (Ind)'],['David MACDONALD (Ind)'],['David MACDONALD (Ind)'],['Stewart MILLER (Con)'],['Stewart MILLER (Con)'],['Stewart MILLER (Con)'],['David MACDONALD (Ind)'],['David MACDONALD (Ind)'],['David MACDONALD (Ind)'],['David MACDONALD (Ind)'],['David MACDONALD (Ind)'],['David MACDONALD (Ind)'],['David MACDONALD (Ind)'],['David MACDONALD (Ind)'],['David MACDONALD (Ind)'],['David MACDONALD (Ind)'],['David MACDONALD (Ind)'],['David MACDONALD (Ind)']
raw_data/scotland/processed_data/e-renfs17-ballots/NewtonMearnsSouthandEaglesham_e-renfs17-5.csv,6,['Jim SWIFT (Con)'],['Jim SWIFT (Con)'],['Jim SWIFT (Con)'],['Jim SWIFT (Con)'],['Jim SWIFT (Con)'],['Jim SWIFT (Con)'],['Jim SWIFT (Con)'],['Jim SWIFT (Con)'],['Jim SWIFT (Con)'],['Jim SWIFT (Con)'],['Jim SWIFT (Con)'],['Jim SWIFT (Con)'],['Jim SWIFT (Con)'],['Jim SWIFT (Con)'],['Jim SWIFT (Con)'],['Jim SWIFT (Con)'],['Jim SWIFT (Con)'],['Jim SWIFT (Con)'],['Jim SWIFT (Con)'],['Jim SWIFT (Con)'],['Jim SWIFT (Con)'],['Jim SWIFT (Con)'],['Jim SWIFT (Con)'],['Jim SWIFT (Con)'],['Jim SWIFT (Con)'],['Jim SWIFT (Con)'],['Jim SWIFT (Con)'],['Jim SWIFT (Con)'],['Jim SWIFT (Con)'],['Jim SWIFT (Con)']
"raw_data/scotland/processed_data/e-renfs17-ballots/Barrhead,LibosideandUplawmoor_e-renfs17-1.csv",6,['Danny DEVLIN (Ind)'],['Danny DEVLIN (Ind)'],['Danny DEVLIN (Ind)'],['Danny DEVLIN (Ind)'],['Danny DEVLIN (Ind)'],['Danny DEVLIN (Ind)'],['Danny DEVLIN (Ind)'],['Danny DEVLIN (Ind)'],['Danny DEVLIN (Ind)'],['Danny DEVLIN (Ind)'],['Danny DEVLIN (Ind)'],['Danny DEVLIN (Ind)'],['Danny DEVLIN (Ind)'],['Danny DEVLIN (Ind)'],['Danny DEVLIN (Ind)'],['Tommy REILLY (SNP)'],['Danny DEVLIN (Ind)'],['Danny DEVLIN (Ind)'],['Danny DEVLIN (Ind)'],['Danny DEVLIN (Ind)'],['Danny DEVLIN (Ind)'],['Danny DEVLIN (Ind)'],['Danny DEVLIN (Ind)'],['Danny DEVLIN (Ind)'],['Danny DEVLIN (Ind)'],['Danny DEVLIN (Ind)'],['Danny DEVLIN (Ind)'],['Danny DEVLIN (Ind)'],['Danny DEVLIN (Ind)'],['Danny DEVLIN (Ind)']
raw_data/scotland/processed_data/e-renfs17-ballots/NewtonMearnsNorthandNeilston_e-renfs17-2.csv,8,['Charlie GILBERT (Con)'],['Charlie GILBERT (Con)'],['Charlie GILBERT (Con)'],['Charlie GILBERT (Con)'],"[""Paul O'KANE (Lab)""]",['Charlie GILBERT (Con)'],['Charlie GILBERT (Con)'],['Charlie GILBERT (Con)'],['Charlie GILBERT (Con)'],['Charlie GILBERT (Con)'],['Charlie GILBERT (Con)'],['Charlie GILBERT (Con)'],['Charlie GILBERT (Con)'],['Charlie GILBERT (Con)'],['Charlie GILBERT (Con)'],['Charlie GILBERT (Con)'],['Charlie GILBERT (Con)'],['Charlie GILBERT (Con)'],['Charlie GILBERT (Con)'],"[""Paul O'KANE (Lab)""]",['Charlie GILBERT (Con)'],['Charlie GILBERT (Con)'],['Charlie GILBERT (Con)'],['Charlie GILBERT (Con)'],['Charlie GILBERT (Con)'],['Charlie GILBERT (Con)'],['Charlie GILBERT (Con)'],['Charlie GILBERT (Con)'],"[""Paul O'KANE (Lab)""]",['Charlie GILBERT (Con)']
raw_data/scotland/processed_data/e-renfs17-ballots/GiffnockandThornliebank_e-renfs17-3.csv,8,['Gordon WALLACE (Con)'],['Gordon WALLACE (Con)'],['Gordon WALLACE (Con)'],['Gordon WALLACE (Con)'],['Jim FLETCHER (Lab)'],['Gordon WALLACE (Con)'],['Gordon WALLACE (Con)'],['Gordon WALLACE (Con)'],['Gordon WALLACE (Con)'],['Gordon WALLACE (Con)'],['Gordon WALLACE (Con)'],['Gordon WALLACE (Con)'],['Gordon WALLACE (Con)'],['Gordon WALLACE (Con)'],['Gordon WALLACE (Con)'],['Gordon WALLACE (Con)'],['Gordon WALLACE (Con)'],['Gordon WALLACE (Con)'],['Gordon WALLACE (Con)'],['Jim FLETCHER (Lab)'],['Gordon WALLACE (Con)'],['Gordon WALLACE (Con)'],['Gordon WALLACE (Con)'],['Gordon WALLACE (Con)'],['Gordon WALLACE (Con)'],['Gordon WALLACE (Con)'],['Gordon WALLACE (Con)'],['Gordon WALLACE (Con)'],['Gordon WALLACE (Con)'],['Gordon WALLACE (Con)']
raw_data/scotland/processed_data/moray22/Ward5-HeldonandLaich_file141902.csv,5,['James ALLAN (Con)'],['James ALLAN (Con)'],['James ALLAN (Con)'],['James ALLAN (Con)'],['John COWE (Ind)'],['John COWE (Ind)'],['James ALLAN (Con)'],['James ALLAN (Con)'],['James ALLAN (Con)'],['James ALLAN (Con)'],['James ALLAN (Con)'],['James ALLAN (Con)'],['James ALLAN (Con)'],['John COWE (Ind)'],['James ALLAN (Con)'],['James ALLAN (Con)'],['James ALLAN (Con)'],['James ALLAN (Con)'],['James ALLAN (Con)'],['John COWE (Ind)'],['James ALLAN (Con)'],['James ALLAN (Con)'],['James ALLAN (Con)'],['James ALLAN (Con)'],['James ALLAN (Con)'],['James ALLAN (Con)'],['James ALLAN (Con)'],['James ALLAN (Con)'],['John COWE (Ind)'],['James ALLAN (Con)']
raw_data/scotland/processed_data/moray22/Ward8-Forres_file141922.csv,5,['Kathleen ROBERTSON (Con)'],['Scott LAWRENCE (SNP)'],['Scott LAWRENCE (SNP)'],['Kathleen ROBERTSON (Con)'],['Scott LAWRENCE (SNP)'],['Scott LAWRENCE (SNP)'],['Scott LAWRENCE (SNP)'],['Scott LAWRENCE (SNP)'],['Scott LAWRENCE (SNP)'],['Scott LAWRENCE (SNP)'],['Scott LAWRENCE (SNP)'],['Scott LAWRENCE (SNP)'],['Scott LAWRENCE (SNP)'],['Scott LAWRENCE (SNP)'],['Scott LAWRENCE (SNP)'],['Kathleen ROBERTSON (Con)'],['Scott LAWRENCE (SNP)'],['Scott LAWRENCE (SNP)'],['Kathleen ROBERTSON (Con)'],['Scott LAWRENCE (SNP)'],['Scott LAWRENCE (SNP)'],['Scott LAWRENCE (SNP)'],['Scott LAWRENCE (SNP)'],['Scott LAWRENCE (SNP)'],['Scott LAWRENCE (SNP)'],['Scott LAWRENCE (SNP)'],['Scott LAWRENCE (SNP)'],['Scott LAWRENCE (SNP)'],['Scott LAWRENCE (SNP)'],['Scott LAWRENCE (SNP)']
raw_data/scotland/processed_data/moray22/Ward7-ElginCitySouth_file141915.csv,6,['Graham LEADBITTER (SNP)'],['John DIVERS (Lab)'],['John DIVERS (Lab)'],['John DIVERS (Lab)'],['John DIVERS (Lab)'],['John DIVERS (Lab)'],['John DIVERS (Lab)'],['John DIVERS (Lab)'],['John DIVERS (Lab)'],['John DIVERS (Lab)'],['John DIVERS (Lab)'],['John DIVERS (Lab)'],['John DIVERS (Lab)'],['John DIVERS (Lab)'],['John DIVERS (Lab)'],['Graham LEADBITTER (SNP)'],['John DIVERS (Lab)'],['John DIVERS (Lab)'],['John DIVERS (Lab)'],['John DIVERS (Lab)'],['John DIVERS (Lab)'],['John DIVERS (Lab)'],['John DIVERS (Lab)'],['John DIVERS (Lab)'],['John DIVERS (Lab)'],['John DIVERS (Lab)'],['John DIVERS (Lab)'],['John DIVERS (Lab)'],['John DIVERS (Lab)'],['John DIVERS (Lab)']
raw_data/scotland/processed_data/moray22/Ward6-ElginCityNorth_file141913.csv,6,['JÃ©rÃ©mie FERNANDES (SNP)'],['Sandy KEITH (Lab)'],['Sandy KEITH (Lab)'],['Sandy KEITH (Lab)'],['Sandy KEITH (Lab)'],['Sandy KEITH (Lab)'],['Sandy KEITH (Lab)'],['Sandy KEITH (Lab)'],['Sandy KEITH (Lab)'],['Sandy KEITH (Lab)'],['Sandy KEITH (Lab)'],['Sandy KEITH (Lab)'],['Sandy KEITH (Lab)'],['Sandy KEITH (Lab)'],['Sandy KEITH (Lab)'],['JÃ©rÃ©mie FERNANDES (SNP)'],['Sandy KEITH (Lab)'],['Sandy KEITH (Lab)'],['Sandy KEITH (Lab)'],['Sandy KEITH (Lab)'],['Sandy KEITH (Lab)'],['Sandy KEITH (Lab)'],['Sandy KEITH (Lab)'],['Sandy KEITH (Lab)'],['Sandy KEITH (Lab)'],['Sandy KEITH (Lab)'],['Sandy KEITH (Lab)'],['Sandy KEITH (Lab)'],['Sandy KEITH (Lab)'],['Sandy KEITH (Lab)']
raw_data/scotland/processed_data/moray22/Ward2-KeithandCullen_file141894.csv,4,['Theresa COULL (SNP)'],['Theresa COULL (SNP)'],['Theresa COULL (SNP)'],['Theresa COULL (SNP)'],['Theresa COULL (SNP)'],['Theresa COULL (SNP)'],['Theresa COULL (SNP)'],['Theresa COULL (SNP)'],['Theresa COULL (SNP)'],['Theresa COULL (SNP)'],['Theresa COULL (SNP)'],['Theresa COULL (SNP)'],['Theresa COULL (SNP)'],['Donald GATT (Con)'],['Theresa COULL (SNP)'],['Theresa COULL (SNP)'],['Theresa COULL (SNP)'],['Theresa COULL (SNP)'],['Theresa COULL (SNP)'],['Theresa COULL (SNP)'],['Theresa COULL (SNP)'],['Theresa COULL (SNP)'],['Theresa COULL (SNP)'],['Theresa COULL (SNP)'],['Theresa COULL (SNP)'],['Theresa COULL (SNP)'],['Theresa COULL (SNP)'],['Theresa COULL (SNP)'],['Donald GATT (Con)'],['Theresa COULL (SNP)']
raw_data/scotland/processed_data/moray22/Ward4-FochabersLhanbryde_file141896.csv,4,['Shona MORRISON (SNP)'],['Marc MACRAE (Con)'],['Marc MACRAE (Con)'],['Marc MACRAE (Con)'],['Marc MACRAE (Con)'],['Marc MACRAE (Con)'],['Marc MACRAE (Con)'],['Marc MACRAE (Con)'],['Marc MACRAE (Con)'],['Marc MACRAE (Con)'],['Marc MACRAE (Con)'],['Marc MACRAE (Con)'],['Marc MACRAE (Con)'],['Donald John Craig CAMERON (LD)'],['Marc MACRAE (Con)'],['Shona MORRISON (SNP)'],['Marc MACRAE (Con)'],['Marc MACRAE (Con)'],['Marc MACRAE (Con)'],['Marc MACRAE (Con)'],['Marc MACRAE (Con)'],['Marc MACRAE (Con)'],['Marc MACRAE (Con)'],['Marc MACRAE (Con)'],['Marc MACRAE (Con)'],['Marc MACRAE (Con)'],['Marc MACRAE (Con)'],['Marc MACRAE (Con)'],['Donald John Craig CAMERON (LD)'],['Marc MACRAE (Con)']
raw_data/scotland/processed_data/moray22/Ward1-SpeysideGlenlivet_file141884.csv,5,['Juli HARRIS (SNP)'],['Juli HARRIS (SNP)'],['Juli HARRIS (SNP)'],['Derek ROSS (Ind)'],['Derek ROSS (Ind)'],['Derek ROSS (Ind)'],['Juli HARRIS (SNP)'],['Juli HARRIS (SNP)'],['Juli HARRIS (SNP)'],['Juli HARRIS (SNP)'],['Juli HARRIS (SNP)'],['Juli HARRIS (SNP)'],['Juli HARRIS (SNP)'],['Derek ROSS (Ind)'],['Juli HARRIS (SNP)'],['Juli HARRIS (SNP)'],['Juli HARRIS (SNP)'],['Juli HARRIS (SNP)'],['Juli HARRIS (SNP)'],['Juli HARRIS (SNP)'],['Juli HARRIS (SNP)'],['Juli HARRIS (SNP)'],['Juli HARRIS (SNP)'],['Juli HARRIS (SNP)'],['Juli HARRIS (SNP)'],['Juli HARRIS (SNP)'],['Juli HARRIS (SNP)'],['Juli HARRIS (SNP)'],['Derek ROSS (Ind)'],['Juli HARRIS (SNP)']
raw_data/scotland/processed_data/eilean-siar22/Ward9SteòrnabhaghaTuath_ward09_preferenceprofile.csv,10,['Gordon MURRAY (SNP)'],['Duncan MACINNES (Ind)'],['Duncan MACINNES (Ind)'],['Duncan MACINNES (Ind)'],['Duncan MACINNES (Ind)'],['Duncan MACINNES (Ind)'],['Duncan MACINNES (Ind)'],['Duncan MACINNES (Ind)'],['Duncan MACINNES (Ind)'],['Duncan MACINNES (Ind)'],['Duncan MACINNES (Ind)'],['Duncan MACINNES (Ind)'],['Duncan MACINNES (Ind)'],['Duncan MACINNES (Ind)'],['Duncan MACINNES (Ind)'],['Gordon MURRAY (SNP)'],['Duncan MACINNES (Ind)'],['Duncan MACINNES (Ind)'],['Duncan MACINNES (Ind)'],['Duncan MACINNES (Ind)'],['Duncan MACINNES (Ind)'],['Duncan MACINNES (Ind)'],['Duncan MACINNES (Ind)'],['Duncan MACINNES (Ind)'],['Duncan MACINNES (Ind)'],['Duncan MACINNES (Ind)'],['Duncan MACINNES (Ind)'],['Duncan MACINNES (Ind)'],['Duncan MACINNES (Ind)'],['Duncan MACINNES (Ind)']
raw_data/scotland/processed_data/eilean-siar22/Ward3UibhistaTuath_ward_03_preferenceprofile.csv,3,['Mustapha HOCINE (Ind)'],['Mustapha HOCINE (Ind)'],['Mustapha HOCINE (Ind)'],['Mustapha HOCINE (Ind)'],['Mustapha HOCINE (Ind)'],['Mustapha HOCINE (Ind)'],['Mustapha HOCINE (Ind)'],['Mustapha HOCINE (Ind)'],['Mustapha HOCINE (Ind)'],['Mustapha HOCINE (Ind)'],['Mustapha HOCINE (Ind)'],['Mustapha HOCINE (Ind)'],['Mustapha HOCINE (Ind)'],['Mustapha HOCINE (Ind)'],['Mustapha HOCINE (Ind)'],['Mustapha HOCINE (Ind)'],['Mustapha HOCINE (Ind)'],['Mustapha HOCINE (Ind)'],['Mustapha HOCINE (Ind)'],['Mustapha HOCINE (Ind)'],['Mustapha HOCINE (Ind)'],['Mustapha HOCINE (Ind)'],['Mustapha HOCINE (Ind)'],['Mustapha HOCINE (Ind)'],['Mustapha HOCINE (Ind)'],['Mustapha HOCINE (Ind)'],['Mustapha HOCINE (Ind)'],['Mustapha HOCINE (Ind)'],['Mustapha HOCINE (Ind)'],['Mustapha HOCINE (Ind)']
raw_data/scotland/processed_data/eilean-siar22/Ward10SteòrnabhaghaDeas_ward10_preferenceprofile.csv,6,['GEORGE MURRAY (Ind)'],['GEORGE MURRAY (Ind)'],['GEORGE MURRAY (Ind)'],['GEORGE MURRAY (Ind)'],['GEORGE MURRAY (Ind)'],['GEORGE MURRAY (Ind)'],['GEORGE MURRAY (Ind)'],['GEORGE MURRAY (Ind)'],['GEORGE MURRAY (Ind)'],['GEORGE MURRAY (Ind)'],['GEORGE MURRAY (Ind)'],['GEORGE MURRAY (Ind)'],['GEORGE MURRAY (Ind)'],['GEORGE MURRAY (Ind)'],['GEORGE MURRAY (Ind)'],['GEORGE MURRAY (Ind)'],['GEORGE MURRAY (Ind)'],['GEORGE MURRAY (Ind)'],['GEORGE MURRAY (Ind)'],['GEORGE MURRAY (Ind)'],['GEORGE MURRAY (Ind)'],['GEORGE MURRAY (Ind)'],['GEORGE MURRAY (Ind)'],['GEORGE MURRAY (Ind)'],['GEORGE MURRAY (Ind)'],['GEORGE MURRAY (Ind)'],['GEORGE MURRAY (Ind)'],['GEORGE MURRAY (Ind)'],['GEORGE MURRAY (Ind)'],['GEORGE MURRAY (Ind)']
raw_data/scotland/processed_data/eilean-siar22/ward02_preferenceprofile.csv,8,['PAUL FRANCIS STEELE (Ind)'],['PAUL FRANCIS STEELE (Ind)'],['PAUL FRANCIS STEELE (Ind)'],['PAUL FRANCIS STEELE (Ind)'],['PAUL FRANCIS STEELE (Ind)'],['PAUL FRANCIS STEELE (Ind)'],['PAUL FRANCIS STEELE (Ind)'],['PAUL FRANCIS STEELE (Ind)'],['PAUL FRANCIS STEELE (Ind)'],['PAUL FRANCIS STEELE (Ind)'],['PAUL FRANCIS STEELE (Ind)'],['PAUL FRANCIS STEELE (Ind)'],['PAUL FRANCIS STEELE (Ind)'],['PAUL FRANCIS STEELE (Ind)'],['PAUL FRANCIS STEELE (Ind)'],['PAUL FRANCIS STEELE (Ind)'],['PAUL FRANCIS STEELE (Ind)'],['PAUL FRANCIS STEELE (Ind)'],['PAUL FRANCIS STEELE (Ind)'],['PAUL FRANCIS STEELE (Ind)'],['PAUL FRANCIS STEELE (Ind)'],['PAUL FRANCIS STEELE (Ind)'],['PAUL FRANCIS STEELE (Ind)'],['PAUL FRANCIS STEELE (Ind)'],['PAUL FRANCIS STEELE (Ind)'],['PAUL FRANCIS STEELE (Ind)'],['PAUL FRANCIS STEELE (Ind)'],['PAUL FRANCIS STEELE (Ind)'],['PAUL FRANCIS STEELE (Ind)'],['PAUL FRANCIS STEELE (Ind)']
raw_data/scotland/processed_data/eilean-siar22/Ward8LochaTuath_ward08_preferenceprofile.csv,5,['Donald Finlayson CRICHTON (Ind)'],['Donald Finlayson CRICHTON (Ind)'],['Donald Finlayson CRICHTON (Ind)'],['Donald Finlayson CRICHTON (Ind)'],['Donald Finlayson CRICHTON (Ind)'],['Donald Finlayson CRICHTON (Ind)'],['Donald Finlayson CRICHTON (Ind)'],['Donald Finlayson CRICHTON (Ind)'],['Donald Finlayson CRICHTON (Ind)'],['Donald Finlayson CRICHTON (Ind)'],['Donald Finlayson CRICHTON (Ind)'],['Donald Finlayson CRICHTON (Ind)'],['Donald Finlayson CRICHTON (Ind)'],['Donald Finlayson CRICHTON (Ind)'],['Donald Finlayson CRICHTON (Ind)'],['Donald Finlayson CRICHTON (Ind)'],['Donald Finlayson CRICHTON (Ind)'],['Donald Finlayson CRICHTON (Ind)'],['Donald Finlayson CRICHTON (Ind)'],['Donald Finlayson CRICHTON (Ind)'],['Donald Finlayson CRICHTON (Ind)'],['Donald Finlayson CRICHTON (Ind)'],['Donald Finlayson CRICHTON (Ind)'],['Donald Finlayson CRICHTON (Ind)'],['Donald Finlayson CRICHTON (Ind)'],['Donald Finlayson CRICHTON (Ind)'],['Donald Finlayson CRICHTON (Ind)'],['Donald Finlayson CRICHTON (Ind)'],['Donald Finlayson CRICHTON (Ind)'],['Donald Finlayson CRICHTON (Ind)']
raw_data/scotland/processed_data/eilean-siar22/Ward5SgìrenanLoch_ward_05_preferenceprofile.csv,4,['Angus MORRISON (Ind)'],['Angus MORRISON (Ind)'],['Angus MORRISON (Ind)'],['Angus MORRISON (Ind)'],['Angus MORRISON (Ind)'],['Angus MORRISON (Ind)'],['Angus MORRISON (Ind)'],['Angus MORRISON (Ind)'],['Angus MORRISON (Ind)'],['Angus MORRISON (Ind)'],['Angus MORRISON (Ind)'],['Angus MORRISON (Ind)'],['Angus MORRISON (Ind)'],['Angus MORRISON (Ind)'],['Angus MORRISON (Ind)'],['Angus MORRISON (Ind)'],['Angus MORRISON (Ind)'],['Angus MORRISON (Ind)'],['Angus MORRISON (Ind)'],['Angus MORRISON (Ind)'],['Angus MORRISON (Ind)'],['Angus MORRISON (Ind)'],['Angus MORRISON (Ind)'],['Angus MORRISON (Ind)'],['Angus MORRISON (Ind)'],['Angus MORRISON (Ind)'],['Angus MORRISON (Ind)'],['Angus MORRISON (Ind)'],['Angus MORRISON (Ind)'],['Angus MORRISON (Ind)']
raw_data/scotland/processed_data/eilean-siar22/Ward4NaHearadh_ward_04_preferenceprofile.csv,3,['Grant FULTON (Ind)'],['Grant FULTON (Ind)'],['Grant FULTON (Ind)'],['Grant FULTON (Ind)'],['Grant FULTON (Ind)'],['Grant FULTON (Ind)'],['Grant FULTON (Ind)'],['Grant FULTON (Ind)'],['Grant FULTON (Ind)'],['Grant FULTON (Ind)'],['Grant FULTON (Ind)'],['Grant FULTON (Ind)'],['Grant FULTON (Ind)'],['Grant FULTON (Ind)'],['Grant FULTON (Ind)'],['Grant FULTON (Ind)'],['Grant FULTON (Ind)'],['Grant FULTON (Ind)'],['Grant FULTON (Ind)'],['Grant FULTON (Ind)'],['Grant FULTON (Ind)'],['Grant FULTON (Ind)'],['Grant FULTON (Ind)'],['Grant FULTON (Ind)'],['Grant FULTON (Ind)'],['Grant FULTON (Ind)'],['Grant FULTON (Ind)'],['Grant FULTON (Ind)'],['Grant FULTON (Ind)'],['Grant FULTON (Ind)']
raw_data/scotland/processed_data/eilean-siar22/Ward7AnTaobhSiaragusNis_ward07_preferenceprofile.csv,5,['KENNY MACLEOD (SNP)'],['JOHN NORMAN MACLEOD (Ind)'],['JOHN NORMAN MACLEOD (Ind)'],['JOHN NORMAN MACLEOD (Ind)'],['JOHN NORMAN MACLEOD (Ind)'],['JOHN NORMAN MACLEOD (Ind)'],['JOHN NORMAN MACLEOD (Ind)'],['JOHN NORMAN MACLEOD (Ind)'],['JOHN NORMAN MACLEOD (Ind)'],['JOHN NORMAN MACLEOD (Ind)'],['JOHN NORMAN MACLEOD (Ind)'],['JOHN NORMAN MACLEOD (Ind)'],['JOHN NORMAN MACLEOD (Ind)'],['JOHN NORMAN MACLEOD (Ind)'],['JOHN NORMAN MACLEOD (Ind)'],['JOHN NORMAN MACLEOD (Ind)'],['JOHN NORMAN MACLEOD (Ind)'],['JOHN NORMAN MACLEOD (Ind)'],['JOHN NORMAN MACLEOD (Ind)'],['JOHN NORMAN MACLEOD (Ind)'],['JOHN NORMAN MACLEOD (Ind)'],['JOHN NORMAN MACLEOD (Ind)'],['JOHN NORMAN MACLEOD (Ind)'],['JOHN NORMAN MACLEOD (Ind)'],['JOHN NORMAN MACLEOD (Ind)'],['JOHN NORMAN MACLEOD (Ind)'],['JOHN NORMAN MACLEOD (Ind)'],['JOHN NORMAN MACLEOD (Ind)'],['JOHN NORMAN MACLEOD (Ind)'],['JOHN NORMAN MACLEOD (Ind)']
raw_data/scotland/processed_data/glasgow22/Ward15Maryhill_Ward15.csv,6,['Franny SCALLY (SNP)'],['Franny SCALLY (SNP)'],['Franny SCALLY (SNP)'],['Franny SCALLY (SNP)'],['Franny SCALLY (SNP)'],['Franny SCALLY (SNP)'],['Franny SCALLY (SNP)'],['Franny SCALLY (SNP)'],['Franny SCALLY (SNP)'],['Franny SCALLY (SNP)'],['Franny SCALLY (SNP)'],['Franny SCALLY (SNP)'],['Franny SCALLY (SNP)'],['Franny SCALLY (SNP)'],['Franny SCALLY (SNP)'],['Franny SCALLY (SNP)'],['Franny SCALLY (SNP)'],['Franny SCALLY (SNP)'],['Franny SCALLY (SNP)'],['Franny SCALLY (SNP)'],['Franny SCALLY (SNP)'],['Franny SCALLY (SNP)'],['Franny SCALLY (SNP)'],['Franny SCALLY (SNP)'],['Franny SCALLY (SNP)'],['Franny SCALLY (SNP)'],['Franny SCALLY (SNP)'],['Franny SCALLY (SNP)'],['Franny SCALLY (SNP)'],['Franny SCALLY (SNP)']
raw_data/scotland/processed_data/glasgow22/Ward20Baillieston_Ward20.csv,5,['Kevin John LALLEY Glasgow (Lab)'],['Kevin John LALLEY Glasgow (Lab)'],['Kevin John LALLEY Glasgow (Lab)'],['Kevin John LALLEY Glasgow (Lab)'],['Kevin John LALLEY Glasgow (Lab)'],['Kevin John LALLEY Glasgow (Lab)'],['Kevin John LALLEY Glasgow (Lab)'],['Kevin John LALLEY Glasgow (Lab)'],['Kevin John LALLEY Glasgow (Lab)'],['Kevin John LALLEY Glasgow (Lab)'],['Kevin John LALLEY Glasgow (Lab)'],['Kevin John LALLEY Glasgow (Lab)'],['Kevin John LALLEY Glasgow (Lab)'],['Kevin John LALLEY Glasgow (Lab)'],['Kevin John LALLEY Glasgow (Lab)'],['Kevin John LALLEY Glasgow (Lab)'],['Kevin John LALLEY Glasgow (Lab)'],['Kevin John LALLEY Glasgow (Lab)'],['Kevin John LALLEY Glasgow (Lab)'],['Kevin John LALLEY Glasgow (Lab)'],['Kevin John LALLEY Glasgow (Lab)'],['Kevin John LALLEY Glasgow (Lab)'],['Kevin John LALLEY Glasgow (Lab)'],['Kevin John LALLEY Glasgow (Lab)'],['Kevin John LALLEY Glasgow (Lab)'],['Kevin John LALLEY Glasgow (Lab)'],['Kevin John LALLEY Glasgow (Lab)'],['Kevin John LALLEY Glasgow (Lab)'],['Kevin John LALLEY Glasgow (Lab)'],['Kevin John LALLEY Glasgow (Lab)']
raw_data/scotland/processed_data/glasgow22/Ward22Dennistoun_Ward22.csv,6,['Allan CASEY (SNP)'],['Allan CASEY (SNP)'],['Allan CASEY (SNP)'],['Allan CASEY (SNP)'],['Anthony CARROLL (Grn)'],['Allan CASEY (SNP)'],['Allan CASEY (SNP)'],['Allan CASEY (SNP)'],['Allan CASEY (SNP)'],['Allan CASEY (SNP)'],['Allan CASEY (SNP)'],['Allan CASEY (SNP)'],['Allan CASEY (SNP)'],['Allan CASEY (SNP)'],['Allan CASEY (SNP)'],['Allan CASEY (SNP)'],['Allan CASEY (SNP)'],['Allan CASEY (SNP)'],['Allan CASEY (SNP)'],['Allan CASEY (SNP)'],['Allan CASEY (SNP)'],['Allan CASEY (SNP)'],['Allan CASEY (SNP)'],['Allan CASEY (SNP)'],['Allan CASEY (SNP)'],['Allan CASEY (SNP)'],['Allan CASEY (SNP)'],['Allan CASEY (SNP)'],['Allan CASEY (SNP)'],['Allan CASEY (SNP)']
raw_data/scotland/processed_data/glasgow22/Ward16Canal_Ward16.csv,7,['Allan GOW (SNP)'],['Allan GOW (SNP)'],['Allan GOW (SNP)'],['Fiona E HIGGINS Glasgow (Lab)'],['Fiona E HIGGINS Glasgow (Lab)'],['Fiona E HIGGINS Glasgow (Lab)'],['Allan GOW (SNP)'],['Allan GOW (SNP)'],['Allan GOW (SNP)'],['Allan GOW (SNP)'],['Allan GOW (SNP)'],['Allan GOW (SNP)'],['Allan GOW (SNP)'],['Fiona E HIGGINS Glasgow (Lab)'],['Allan GOW (SNP)'],['Allan GOW (SNP)'],['Allan GOW (SNP)'],['Allan GOW (SNP)'],['Fiona E HIGGINS Glasgow (Lab)'],['Allan GOW (SNP)'],['Allan GOW (SNP)'],['Allan GOW (SNP)'],['Allan GOW (SNP)'],['Allan GOW (SNP)'],['Allan GOW (SNP)'],['Allan GOW (SNP)'],['Allan GOW (SNP)'],['Allan GOW (SNP)'],['Allan GOW (SNP)'],['Allan GOW (SNP)']
raw_data/scotland/processed_data/glasgow22/Ward12VictoriaPark_Ward12.csv,6,['Eunis JASSEMI Glasgow (Lab)'],['Eunis JASSEMI Glasgow (Lab)'],['Eunis JASSEMI Glasgow (Lab)'],['Eunis JASSEMI Glasgow (Lab)'],['Eunis JASSEMI Glasgow (Lab)'],['Eunis JASSEMI Glasgow (Lab)'],['Eunis JASSEMI Glasgow (Lab)'],['Lana REID - MCCONNELL (Grn)'],['Lana REID - MCCONNELL (Grn)'],['Lana REID - MCCONNELL (Grn)'],['Lana REID - MCCONNELL (Grn)'],['Lana REID - MCCONNELL (Grn)'],['Lana REID - MCCONNELL (Grn)'],['Eunis JASSEMI Glasgow (Lab)'],['Lana REID - MCCONNELL (Grn)'],['Eunis JASSEMI Glasgow (Lab)'],['Eunis JASSEMI Glasgow (Lab)'],['Eunis JASSEMI Glasgow (Lab)'],['Eunis JASSEMI Glasgow (Lab)'],['Lana REID - MCCONNELL (Grn)'],['Eunis JASSEMI Glasgow (Lab)'],['Eunis JASSEMI Glasgow (Lab)'],['Lana REID - MCCONNELL (Grn)'],['Lana REID - MCCONNELL (Grn)'],['Lana REID - MCCONNELL (Grn)'],['Lana REID - MCCONNELL (Grn)'],['Lana REID - MCCONNELL (Grn)'],['Lana REID - MCCONNELL (Grn)'],['Lana REID - MCCONNELL (Grn)'],['Lana REID - MCCONNELL (Grn)']
raw_data/scotland/processed_data/glasgow22/Ward8SouthsideCentral_Ward8.csv,8,['Alexander BELIC (SNP)'],['Alexander BELIC (SNP)'],['Alexander BELIC (SNP)'],['Alexander BELIC (SNP)'],['Alexander BELIC (SNP)'],['Alexander BELIC (SNP)'],['Alexander BELIC (SNP)'],['Alexander BELIC (SNP)'],['Alexander BELIC (SNP)'],['Alexander BELIC (SNP)'],['Alexander BELIC (SNP)'],['Alexander BELIC (SNP)'],['Alexander BELIC (SNP)'],['Alexander BELIC (SNP)'],['Alexander BELIC (SNP)'],['Alexander BELIC (SNP)'],['Alexander BELIC (SNP)'],['Alexander BELIC (SNP)'],['Alexander BELIC (SNP)'],['Alexander BELIC (SNP)'],['Alexander BELIC (SNP)'],['Alexander BELIC (SNP)'],['Alexander BELIC (SNP)'],['Alexander BELIC (SNP)'],['Alexander BELIC (SNP)'],['Alexander BELIC (SNP)'],['Alexander BELIC (SNP)'],['Alexander BELIC (SNP)'],['Alexander BELIC (SNP)'],['Alexander BELIC (SNP)']
raw_data/scotland/processed_data/glasgow22/Ward18EastCentre_Ward18.csv,8,['Annette CHRISTIE (SNP)'],['Ann JENKINS Glasgow (Lab)'],['Ann JENKINS Glasgow (Lab)'],['Ann JENKINS Glasgow (Lab)'],['Ann JENKINS Glasgow (Lab)'],['Ann JENKINS Glasgow (Lab)'],['Ann JENKINS Glasgow (Lab)'],['Ann JENKINS Glasgow (Lab)'],['Ann JENKINS Glasgow (Lab)'],['Ann JENKINS Glasgow (Lab)'],['Ann JENKINS Glasgow (Lab)'],['Ann JENKINS Glasgow (Lab)'],['Ann JENKINS Glasgow (Lab)'],['Ann JENKINS Glasgow (Lab)'],['Ann JENKINS Glasgow (Lab)'],['Annette CHRISTIE (SNP)'],['Ann JENKINS Glasgow (Lab)'],['Ann JENKINS Glasgow (Lab)'],['Ann JENKINS Glasgow (Lab)'],['Ann JENKINS Glasgow (Lab)'],['Ann JENKINS Glasgow (Lab)'],['Ann JENKINS Glasgow (Lab)'],['Ann JENKINS Glasgow (Lab)'],['Ann JENKINS Glasgow (Lab)'],['Ann JENKINS Glasgow (Lab)'],['Ann JENKINS Glasgow (Lab)'],['Ann JENKINS Glasgow (Lab)'],['Ann JENKINS Glasgow (Lab)'],['Ann JENKINS Glasgow (Lab)'],['Ann JENKINS Glasgow (Lab)']
raw_data/scotland/processed_data/glasgow22/Ward6Pollokshields_Ward6.csv,8,['Zen GHANI (SNP)'],['Jon MOLYNEUX Re-elect your (Grn) Councillor'],['Jon MOLYNEUX Re-elect your (Grn) Councillor'],['Zen GHANI (SNP)'],['Jon MOLYNEUX Re-elect your (Grn) Councillor'],['Jon MOLYNEUX Re-elect your (Grn) Councillor'],['Zen GHANI (SNP)'],['Jon MOLYNEUX Re-elect your (Grn) Councillor'],['Jon MOLYNEUX Re-elect your (Grn) Councillor'],['Jon MOLYNEUX Re-elect your (Grn) Councillor'],['Jon MOLYNEUX Re-elect your (Grn) Councillor'],['Jon MOLYNEUX Re-elect your (Grn) Councillor'],['Jon MOLYNEUX Re-elect your (Grn) Councillor'],['Zen GHANI (SNP)'],['Jon MOLYNEUX Re-elect your (Grn) Councillor'],['Zen GHANI (SNP)'],['Jon MOLYNEUX Re-elect your (Grn) Councillor'],['Jon MOLYNEUX Re-elect your (Grn) Councillor'],['Zen GHANI (SNP)'],['Jon MOLYNEUX Re-elect your (Grn) Councillor'],['Jon MOLYNEUX Re-elect your (Grn) Councillor'],['Jon MOLYNEUX Re-elect your (Grn) Councillor'],['Jon MOLYNEUX Re-elect your (Grn) Councillor'],['Jon MOLYNEUX Re-elect your (Grn) Councillor'],['Jon MOLYNEUX Re-elect your (Grn) Councillor'],['Jon MOLYNEUX Re-elect your (Grn) Councillor'],['Jon MOLYNEUX Re-elect your (Grn) Councillor'],['Jon MOLYNEUX Re-elect your (Grn) Councillor'],['Zen GHANI (SNP)'],['Jon MOLYNEUX Re-elect your (Grn) Councillor']
raw_data/scotland/processed_data/glasgow22/Ward14Drumchapel-Anniesland_Ward14.csv,7,['Paul CAREY Glasgow (Lab)'],['Paul CAREY Glasgow (Lab)'],['Paul CAREY Glasgow (Lab)'],['Paul CAREY Glasgow (Lab)'],['Paul CAREY Glasgow (Lab)'],['Paul CAREY Glasgow (Lab)'],['Paul CAREY Glasgow (Lab)'],['Paul CAREY Glasgow (Lab)'],['Paul CAREY Glasgow (Lab)'],['Paul CAREY Glasgow (Lab)'],['Paul CAREY Glasgow (Lab)'],['Paul CAREY Glasgow (Lab)'],['Paul CAREY Glasgow (Lab)'],['Paul CAREY Glasgow (Lab)'],['Paul CAREY Glasgow (Lab)'],['Paul CAREY Glasgow (Lab)'],['Paul CAREY Glasgow (Lab)'],['Paul CAREY Glasgow (Lab)'],['Paul CAREY Glasgow (Lab)'],['Paul CAREY Glasgow (Lab)'],['Paul CAREY Glasgow (Lab)'],['Paul CAREY Glasgow (Lab)'],['Paul CAREY Glasgow (Lab)'],['Paul CAREY Glasgow (Lab)'],['Paul CAREY Glasgow (Lab)'],['Paul CAREY Glasgow (Lab)'],['Paul CAREY Glasgow (Lab)'],['Paul CAREY Glasgow (Lab)'],['Paul CAREY Glasgow (Lab)'],['Paul CAREY Glasgow (Lab)']
raw_data/scotland/processed_data/glasgow22/Ward19Shettleston_Ward19.csv,6,['Frank MCAVEETY Glasgow (Lab)'],['Frank MCAVEETY Glasgow (Lab)'],['Frank MCAVEETY Glasgow (Lab)'],['Frank MCAVEETY Glasgow (Lab)'],['Frank MCAVEETY Glasgow (Lab)'],['Frank MCAVEETY Glasgow (Lab)'],['Frank MCAVEETY Glasgow (Lab)'],['Frank MCAVEETY Glasgow (Lab)'],['Frank MCAVEETY Glasgow (Lab)'],['Frank MCAVEETY Glasgow (Lab)'],['Frank MCAVEETY Glasgow (Lab)'],['Frank MCAVEETY Glasgow (Lab)'],['Frank MCAVEETY Glasgow (Lab)'],['Frank MCAVEETY Glasgow (Lab)'],['Frank MCAVEETY Glasgow (Lab)'],['Frank MCAVEETY Glasgow (Lab)'],['Frank MCAVEETY Glasgow (Lab)'],['Frank MCAVEETY Glasgow (Lab)'],['Frank MCAVEETY Glasgow (Lab)'],['Frank MCAVEETY Glasgow (Lab)'],['Frank MCAVEETY Glasgow (Lab)'],['Frank MCAVEETY Glasgow (Lab)'],['Frank MCAVEETY Glasgow (Lab)'],['Frank MCAVEETY Glasgow (Lab)'],['Frank MCAVEETY Glasgow (Lab)'],['Frank MCAVEETY Glasgow (Lab)'],['Frank MCAVEETY Glasgow (Lab)'],['Frank MCAVEETY Glasgow (Lab)'],['Frank MCAVEETY Glasgow (Lab)'],['Frank MCAVEETY Glasgow (Lab)']
raw_data/scotland/processed_data/glasgow22/Ward2Newlands-Auldburn_Ward2.csv,8,['Sean FERGUSON (SNP)'],['Stephen CURRAN Glasgow (Lab)'],['Stephen CURRAN Glasgow (Lab)'],['Stephen CURRAN Glasgow (Lab)'],['Stephen CURRAN Glasgow (Lab)'],['Stephen CURRAN Glasgow (Lab)'],['Stephen CURRAN Glasgow (Lab)'],['Stephen CURRAN Glasgow (Lab)'],['Stephen CURRAN Glasgow (Lab)'],['Stephen CURRAN Glasgow (Lab)'],['Stephen CURRAN Glasgow (Lab)'],['Stephen CURRAN Glasgow (Lab)'],['Stephen CURRAN Glasgow (Lab)'],['Stephen CURRAN Glasgow (Lab)'],['Stephen CURRAN Glasgow (Lab)'],['Sean FERGUSON (SNP)'],['Stephen CURRAN Glasgow (Lab)'],['Stephen CURRAN Glasgow (Lab)'],['Stephen CURRAN Glasgow (Lab)'],['Stephen CURRAN Glasgow (Lab)'],['Stephen CURRAN Glasgow (Lab)'],['Stephen CURRAN Glasgow (Lab)'],['Stephen CURRAN Glasgow (Lab)'],['Stephen CURRAN Glasgow (Lab)'],['Stephen CURRAN Glasgow (Lab)'],['Stephen CURRAN Glasgow (Lab)'],['Stephen CURRAN Glasgow (Lab)'],['Stephen CURRAN Glasgow (Lab)'],['Stephen CURRAN Glasgow (Lab)'],['Stephen CURRAN Glasgow (Lab)']
raw_data/scotland/processed_data/glasgow22/Ward7Langside_Ward7.csv,7,['Susan AITKEN (SNP)'],['Holly BRUCE (Grn)'],['Holly BRUCE (Grn)'],['Holly BRUCE (Grn)'],['Holly BRUCE (Grn)'],['Holly BRUCE (Grn)'],['Holly BRUCE (Grn)'],['Holly BRUCE (Grn)'],['Holly BRUCE (Grn)'],['Holly BRUCE (Grn)'],['Holly BRUCE (Grn)'],['Holly BRUCE (Grn)'],['Holly BRUCE (Grn)'],['Holly BRUCE (Grn)'],['Holly BRUCE (Grn)'],['Susan AITKEN (SNP)'],['Holly BRUCE (Grn)'],['Holly BRUCE (Grn)'],['Holly BRUCE (Grn)'],['Holly BRUCE (Grn)'],['Holly BRUCE (Grn)'],['Holly BRUCE (Grn)'],['Holly BRUCE (Grn)'],['Holly BRUCE (Grn)'],['Holly BRUCE (Grn)'],['Holly BRUCE (Grn)'],['Holly BRUCE (Grn)'],['Holly BRUCE (Grn)'],['Holly BRUCE (Grn)'],['Holly BRUCE (Grn)']
raw_data/scotland/processed_data/glasgow22/Ward17Springburn-Robroyston_Ward17.csv,6,['Audrey DEMPSEY Glasgow (Lab)'],['Audrey DEMPSEY Glasgow (Lab)'],['Audrey DEMPSEY Glasgow (Lab)'],['Audrey DEMPSEY Glasgow (Lab)'],['Audrey DEMPSEY Glasgow (Lab)'],['Audrey DEMPSEY Glasgow (Lab)'],['Audrey DEMPSEY Glasgow (Lab)'],['Audrey DEMPSEY Glasgow (Lab)'],['Audrey DEMPSEY Glasgow (Lab)'],['Audrey DEMPSEY Glasgow (Lab)'],['Audrey DEMPSEY Glasgow (Lab)'],['Audrey DEMPSEY Glasgow (Lab)'],['Audrey DEMPSEY Glasgow (Lab)'],['Audrey DEMPSEY Glasgow (Lab)'],['Audrey DEMPSEY Glasgow (Lab)'],['Audrey DEMPSEY Glasgow (Lab)'],['Audrey DEMPSEY Glasgow (Lab)'],['Audrey DEMPSEY Glasgow (Lab)'],['Audrey DEMPSEY Glasgow (Lab)'],['Audrey DEMPSEY Glasgow (Lab)'],['Audrey DEMPSEY Glasgow (Lab)'],['Audrey DEMPSEY Glasgow (Lab)'],['Audrey DEMPSEY Glasgow (Lab)'],['Audrey DEMPSEY Glasgow (Lab)'],['Audrey DEMPSEY Glasgow (Lab)'],['Audrey DEMPSEY Glasgow (Lab)'],['Audrey DEMPSEY Glasgow (Lab)'],['Audrey DEMPSEY Glasgow (Lab)'],['Audrey DEMPSEY Glasgow (Lab)'],['Audrey DEMPSEY Glasgow (Lab)']
raw_data/scotland/processed_data/glasgow22/Ward13Garscadden-Scotstounhill_Ward13.csv,5,['Chris CUNNINGHAM (SNP)'],['Bill BUTLER Glasgow (Lab)'],['Bill BUTLER Glasgow (Lab)'],['Bill BUTLER Glasgow (Lab)'],['Bill BUTLER Glasgow (Lab)'],['Bill BUTLER Glasgow (Lab)'],['Bill BUTLER Glasgow (Lab)'],['Bill BUTLER Glasgow (Lab)'],['Bill BUTLER Glasgow (Lab)'],['Bill BUTLER Glasgow (Lab)'],['Bill BUTLER Glasgow (Lab)'],['Bill BUTLER Glasgow (Lab)'],['Bill BUTLER Glasgow (Lab)'],['Bill BUTLER Glasgow (Lab)'],['Bill BUTLER Glasgow (Lab)'],['Chris CUNNINGHAM (SNP)'],['Bill BUTLER Glasgow (Lab)'],['Bill BUTLER Glasgow (Lab)'],['Bill BUTLER Glasgow (Lab)'],['Bill BUTLER Glasgow (Lab)'],['Bill BUTLER Glasgow (Lab)'],['Bill BUTLER Glasgow (Lab)'],['Bill BUTLER Glasgow (Lab)'],['Bill BUTLER Glasgow (Lab)'],['Bill BUTLER Glasgow (Lab)'],['Bill BUTLER Glasgow (Lab)'],['Bill BUTLER Glasgow (Lab)'],['Bill BUTLER Glasgow (Lab)'],['Bill BUTLER Glasgow (Lab)'],['Bill BUTLER Glasgow (Lab)']
raw_data/scotland/processed_data/glasgow22/Ward1Linn_Ward1.csv,7,['Paul MCCABE (SNP)'],['Malcolm CUNNING Glasgow (Lab)'],['Malcolm CUNNING Glasgow (Lab)'],['Malcolm CUNNING Glasgow (Lab)'],['Malcolm CUNNING Glasgow (Lab)'],['Malcolm CUNNING Glasgow (Lab)'],['Malcolm CUNNING Glasgow (Lab)'],['Malcolm CUNNING Glasgow (Lab)'],['Malcolm CUNNING Glasgow (Lab)'],['Malcolm CUNNING Glasgow (Lab)'],['Malcolm CUNNING Glasgow (Lab)'],['Malcolm CUNNING Glasgow (Lab)'],['Malcolm CUNNING Glasgow (Lab)'],['Malcolm CUNNING Glasgow (Lab)'],['Malcolm CUNNING Glasgow (Lab)'],['Paul MCCABE (SNP)'],['Malcolm CUNNING Glasgow (Lab)'],['Malcolm CUNNING Glasgow (Lab)'],['Malcolm CUNNING Glasgow (Lab)'],['Malcolm CUNNING Glasgow (Lab)'],['Malcolm CUNNING Glasgow (Lab)'],['Malcolm CUNNING Glasgow (Lab)'],['Malcolm CUNNING Glasgow (Lab)'],['Malcolm CUNNING Glasgow (Lab)'],['Malcolm CUNNING Glasgow (Lab)'],['Malcolm CUNNING Glasgow (Lab)'],['Malcolm CUNNING Glasgow (Lab)'],['Malcolm CUNNING Glasgow (Lab)'],['Malcolm CUNNING Glasgow (Lab)'],['Malcolm CUNNING Glasgow (Lab)']
raw_data/scotland/processed_data/glasgow22/Ward4Cardonald_Ward4.csv,7,['Jim KAVANAGH Glasgow (Lab)'],['Jim KAVANAGH Glasgow (Lab)'],['Jim KAVANAGH Glasgow (Lab)'],['Jim KAVANAGH Glasgow (Lab)'],['Jim KAVANAGH Glasgow (Lab)'],['Jim KAVANAGH Glasgow (Lab)'],['Jim KAVANAGH Glasgow (Lab)'],['Jim KAVANAGH Glasgow (Lab)'],['Jim KAVANAGH Glasgow (Lab)'],['Jim KAVANAGH Glasgow (Lab)'],['Jim KAVANAGH Glasgow (Lab)'],['Jim KAVANAGH Glasgow (Lab)'],['Jim KAVANAGH Glasgow (Lab)'],['Jim KAVANAGH Glasgow (Lab)'],['Jim KAVANAGH Glasgow (Lab)'],['Jim KAVANAGH Glasgow (Lab)'],['Jim KAVANAGH Glasgow (Lab)'],['Jim KAVANAGH Glasgow (Lab)'],['Jim KAVANAGH Glasgow (Lab)'],['Elaine MCSPORRAN (SNP)'],['Jim KAVANAGH Glasgow (Lab)'],['Jim KAVANAGH Glasgow (Lab)'],['Jim KAVANAGH Glasgow (Lab)'],['Jim KAVANAGH Glasgow (Lab)'],['Jim KAVANAGH Glasgow (Lab)'],['Jim KAVANAGH Glasgow (Lab)'],['Jim KAVANAGH Glasgow (Lab)'],['Jim KAVANAGH Glasgow (Lab)'],['Jim KAVANAGH Glasgow (Lab)'],['Jim KAVANAGH Glasgow (Lab)']
raw_data/scotland/processed_data/glasgow22/Ward3GreaterPollok_Ward3.csv,9,['Saqib AHMED Glasgow (Lab)'],['Saqib AHMED Glasgow (Lab)'],['Saqib AHMED Glasgow (Lab)'],['Saqib AHMED Glasgow (Lab)'],['Saqib AHMED Glasgow (Lab)'],['Saqib AHMED Glasgow (Lab)'],['Saqib AHMED Glasgow (Lab)'],['Saqib AHMED Glasgow (Lab)'],['Saqib AHMED Glasgow (Lab)'],['Saqib AHMED Glasgow (Lab)'],['Saqib AHMED Glasgow (Lab)'],['Saqib AHMED Glasgow (Lab)'],['Saqib AHMED Glasgow (Lab)'],['Saqib AHMED Glasgow (Lab)'],['Saqib AHMED Glasgow (Lab)'],['Saqib AHMED Glasgow (Lab)'],['Saqib AHMED Glasgow (Lab)'],['Saqib AHMED Glasgow (Lab)'],['Saqib AHMED Glasgow (Lab)'],['Saqib AHMED Glasgow (Lab)'],['Saqib AHMED Glasgow (Lab)'],['Saqib AHMED Glasgow (Lab)'],['Saqib AHMED Glasgow (Lab)'],['Saqib AHMED Glasgow (Lab)'],['Saqib AHMED Glasgow (Lab)'],['Saqib AHMED Glasgow (Lab)'],['Saqib AHMED Glasgow (Lab)'],['Saqib AHMED Glasgow (Lab)'],['Saqib AHMED Glasgow (Lab)'],['Saqib AHMED Glasgow (Lab)']
raw_data/scotland/processed_data/glasgow22/Ward21NorthEast_Ward21.csv,6,['Maureen BURKE Glasgow (Lab)'],['Maureen BURKE Glasgow (Lab)'],['Maureen BURKE Glasgow (Lab)'],['Maureen BURKE Glasgow (Lab)'],['Maureen BURKE Glasgow (Lab)'],['Maureen BURKE Glasgow (Lab)'],['Maureen BURKE Glasgow (Lab)'],['Maureen BURKE Glasgow (Lab)'],['Maureen BURKE Glasgow (Lab)'],['Maureen BURKE Glasgow (Lab)'],['Maureen BURKE Glasgow (Lab)'],['Maureen BURKE Glasgow (Lab)'],['Maureen BURKE Glasgow (Lab)'],['Maureen BURKE Glasgow (Lab)'],['Maureen BURKE Glasgow (Lab)'],['Maureen BURKE Glasgow (Lab)'],['Maureen BURKE Glasgow (Lab)'],['Maureen BURKE Glasgow (Lab)'],['Maureen BURKE Glasgow (Lab)'],['Maureen BURKE Glasgow (Lab)'],['Maureen BURKE Glasgow (Lab)'],['Maureen BURKE Glasgow (Lab)'],['Maureen BURKE Glasgow (Lab)'],['Maureen BURKE Glasgow (Lab)'],['Maureen BURKE Glasgow (Lab)'],['Maureen BURKE Glasgow (Lab)'],['Maureen BURKE Glasgow (Lab)'],['Maureen BURKE Glasgow (Lab)'],['Maureen BURKE Glasgow (Lab)'],['Maureen BURKE Glasgow (Lab)']
raw_data/scotland/processed_data/glasgow22/Ward9Calton_Ward9.csv,6,['Greg HEPBURN (SNP)'],['Greg HEPBURN (SNP)'],['Greg HEPBURN (SNP)'],['Greg HEPBURN (SNP)'],['Greg HEPBURN (SNP)'],['Greg HEPBURN (SNP)'],['Greg HEPBURN (SNP)'],['Greg HEPBURN (SNP)'],['Greg HEPBURN (SNP)'],['Greg HEPBURN (SNP)'],['Greg HEPBURN (SNP)'],['Greg HEPBURN (SNP)'],['Greg HEPBURN (SNP)'],['Greg HEPBURN (SNP)'],['Greg HEPBURN (SNP)'],['Greg HEPBURN (SNP)'],['Greg HEPBURN (SNP)'],['Greg HEPBURN (SNP)'],['Greg HEPBURN (SNP)'],['Greg HEPBURN (SNP)'],['Greg HEPBURN (SNP)'],['Greg HEPBURN (SNP)'],['Greg HEPBURN (SNP)'],['Greg HEPBURN (SNP)'],['Greg HEPBURN (SNP)'],['Greg HEPBURN (SNP)'],['Greg HEPBURN (SNP)'],['Greg HEPBURN (SNP)'],['Greg HEPBURN (SNP)'],['Greg HEPBURN (SNP)']
raw_data/scotland/processed_data/glasgow22/Ward5Govan_Ward5.csv,8,['Ricky BELL (SNP)'],['Ricky BELL (SNP)'],['Ricky BELL (SNP)'],['Ricky BELL (SNP)'],['Ricky BELL (SNP)'],['Ricky BELL (SNP)'],['Ricky BELL (SNP)'],['Ricky BELL (SNP)'],['Ricky BELL (SNP)'],['Ricky BELL (SNP)'],['Ricky BELL (SNP)'],['Ricky BELL (SNP)'],['Ricky BELL (SNP)'],['Ricky BELL (SNP)'],['Ricky BELL (SNP)'],['Ricky BELL (SNP)'],['Ricky BELL (SNP)'],['Ricky BELL (SNP)'],['Ricky BELL (SNP)'],['Ricky BELL (SNP)'],['Ricky BELL (SNP)'],['Ricky BELL (SNP)'],['Ricky BELL (SNP)'],['Ricky BELL (SNP)'],['Ricky BELL (SNP)'],['Ricky BELL (SNP)'],['Ricky BELL (SNP)'],['Ricky BELL (SNP)'],['Ricky BELL (SNP)'],['Ricky BELL (SNP)']
raw_data/scotland/processed_data/glasgow22/Ward11Hillhead_Ward11.csv,6,['Martha WARDROP Re-elect your (Grn) Councillor'],['Martha WARDROP Re-elect your (Grn) Councillor'],['Martha WARDROP Re-elect your (Grn) Councillor'],['Martha WARDROP Re-elect your (Grn) Councillor'],['Martha WARDROP Re-elect your (Grn) Councillor'],['Martha WARDROP Re-elect your (Grn) Councillor'],['Martha WARDROP Re-elect your (Grn) Councillor'],['Martha WARDROP Re-elect your (Grn) Councillor'],['Martha WARDROP Re-elect your (Grn) Councillor'],['Martha WARDROP Re-elect your (Grn) Councillor'],['Martha WARDROP Re-elect your (Grn) Councillor'],['Martha WARDROP Re-elect your (Grn) Councillor'],['Martha WARDROP Re-elect your (Grn) Councillor'],['Martha WARDROP Re-elect your (Grn) Councillor'],['Martha WARDROP Re-elect your (Grn) Councillor'],['Martha WARDROP Re-elect your (Grn) Councillor'],['Martha WARDROP Re-elect your (Grn) Councillor'],['Martha WARDROP Re-elect your (Grn) Councillor'],['Martha WARDROP Re-elect your (Grn) Councillor'],['Martha WARDROP Re-elect your (Grn) Councillor'],['Martha WARDROP Re-elect your (Grn) Councillor'],['Martha WARDROP Re-elect your (Grn) Councillor'],['Martha WARDROP Re-elect your (Grn) Councillor'],['Martha WARDROP Re-elect your (Grn) Councillor'],['Martha WARDROP Re-elect your (Grn) Councillor'],['Martha WARDROP Re-elect your (Grn) Councillor'],['Martha WARDROP Re-elect your (Grn) Councillor'],['Martha WARDROP Re-elect your (Grn) Councillor'],['Martha WARDROP Re-elect your (Grn) Councillor'],['Martha WARDROP Re-elect your (Grn) Councillor']
raw_data/scotland/processed_data/glasgow22/Ward10Anderston-City-Yorkhill_Ward10.csv,8,['Eva BOLANDER (SNP)'],['Eva BOLANDER (SNP)'],['Eva BOLANDER (SNP)'],['Christy MEARNS Re-elect your (Grn) Councillor'],['Christy MEARNS Re-elect your (Grn) Councillor'],['Christy MEARNS Re-elect your (Grn) Councillor'],['Eva BOLANDER (SNP)'],['Christy MEARNS Re-elect your (Grn) Councillor'],['Christy MEARNS Re-elect your (Grn) Councillor'],['Christy MEARNS Re-elect your (Grn) Councillor'],['Christy MEARNS Re-elect your (Grn) Councillor'],['Christy MEARNS Re-elect your (Grn) Councillor'],['Christy MEARNS Re-elect your (Grn) Councillor'],['Christy MEARNS Re-elect your (Grn) Councillor'],['Christy MEARNS Re-elect your (Grn) Councillor'],['Eva BOLANDER (SNP)'],['Eva BOLANDER (SNP)'],['Eva BOLANDER (SNP)'],['Eva BOLANDER (SNP)'],['Christy MEARNS Re-elect your (Grn) Councillor'],['Christy MEARNS Re-elect your (Grn) Councillor'],['Christy MEARNS Re-elect your (Grn) Councillor'],['Christy MEARNS Re-elect your (Grn) Councillor'],['Christy MEARNS Re-elect your (Grn) Councillor'],['Christy MEARNS Re-elect your (Grn) Councillor'],['Christy MEARNS Re-elect your (Grn) Councillor'],['Christy MEARNS Re-elect your (Grn) Councillor'],['Christy MEARNS Re-elect your (Grn) Councillor'],['Christy MEARNS Re-elect your (Grn) Councillor'],['Christy MEARNS Re-elect your (Grn) Councillor']
raw_data/scotland/processed_data/glasgow22/Ward23PartickEast-Kelvindale_Ward23.csv,7,['Jill BROWN Glasgow (Lab)'],['Jill BROWN Glasgow (Lab)'],['Jill BROWN Glasgow (Lab)'],['Jill BROWN Glasgow (Lab)'],['Jill BROWN Glasgow (Lab)'],['Jill BROWN Glasgow (Lab)'],['Jill BROWN Glasgow (Lab)'],['Jill BROWN Glasgow (Lab)'],['Jill BROWN Glasgow (Lab)'],['Jill BROWN Glasgow (Lab)'],['Jill BROWN Glasgow (Lab)'],['Jill BROWN Glasgow (Lab)'],['Jill BROWN Glasgow (Lab)'],['Jill BROWN Glasgow (Lab)'],['Jill BROWN Glasgow (Lab)'],['Jill BROWN Glasgow (Lab)'],['Jill BROWN Glasgow (Lab)'],['Jill BROWN Glasgow (Lab)'],['Jill BROWN Glasgow (Lab)'],['Jill BROWN Glasgow (Lab)'],['Jill BROWN Glasgow (Lab)'],['Jill BROWN Glasgow (Lab)'],['Jill BROWN Glasgow (Lab)'],['Jill BROWN Glasgow (Lab)'],['Jill BROWN Glasgow (Lab)'],['Jill BROWN Glasgow (Lab)'],['Jill BROWN Glasgow (Lab)'],['Jill BROWN Glasgow (Lab)'],['Blair ANDERSON (Grn)'],['Jill BROWN Glasgow (Lab)']
raw_data/scotland/processed_data/aberdeenshire12-ballots/EastGariochWard_aberdeenshire12-12.csv,6,['Fergie HOOD (SNP)'],['Fergie HOOD (SNP)'],['Fergie HOOD (SNP)'],['Fergie HOOD (SNP)'],['Fergie HOOD (SNP)'],['Fergie HOOD (SNP)'],['Fergie HOOD (SNP)'],['Fergie HOOD (SNP)'],['Fergie HOOD (SNP)'],['Fergie HOOD (SNP)'],['Fergie HOOD (SNP)'],['Fergie HOOD (SNP)'],['Fergie HOOD (SNP)'],['Fergie HOOD (SNP)'],['Fergie HOOD (SNP)'],['Fergie HOOD (SNP)'],['Fergie HOOD (SNP)'],['Fergie HOOD (SNP)'],['Fergie HOOD (SNP)'],['Fergie HOOD (SNP)'],['Fergie HOOD (SNP)'],['Fergie HOOD (SNP)'],['Fergie HOOD (SNP)'],['Fergie HOOD (SNP)'],['Fergie HOOD (SNP)'],['Fergie HOOD (SNP)'],['Fergie HOOD (SNP)'],['Fergie HOOD (SNP)'],['Fergie HOOD (SNP)'],['Fergie HOOD (SNP)']
raw_data/scotland/processed_data/aberdeenshire12-ballots/MearnsWard_aberdeenshire12-19.csv,5,['Jean DICK (SNP)'],['George CARR (Con)'],['George CARR (Con)'],['Bill HOWATSON (LD)'],['Bill HOWATSON (LD)'],['Bill HOWATSON (LD)'],['Jean DICK (SNP)'],['Bill HOWATSON (LD)'],['Bill HOWATSON (LD)'],['Bill HOWATSON (LD)'],['Bill HOWATSON (LD)'],['Bill HOWATSON (LD)'],['Bill HOWATSON (LD)'],['Bill HOWATSON (LD)'],['Bill HOWATSON (LD)'],['Jean DICK (SNP)'],['George CARR (Con)'],['George CARR (Con)'],['Jean DICK (SNP)'],['Bill HOWATSON (LD)'],['Bill HOWATSON (LD)'],['Bill HOWATSON (LD)'],['Bill HOWATSON (LD)'],['Bill HOWATSON (LD)'],['Bill HOWATSON (LD)'],['Bill HOWATSON (LD)'],['Bill HOWATSON (LD)'],['Bill HOWATSON (LD)'],['Bill HOWATSON (LD)'],['Bill HOWATSON (LD)']
raw_data/scotland/processed_data/aberdeenshire12-ballots/EllonandDistrictWard_aberdeenshire12-09.csv,5,['Rob MERSON (SNP)'],['Rob MERSON (SNP)'],['Rob MERSON (SNP)'],['Rob MERSON (SNP)'],['Rob MERSON (SNP)'],['Rob MERSON (SNP)'],['Rob MERSON (SNP)'],['Rob MERSON (SNP)'],['Rob MERSON (SNP)'],['Rob MERSON (SNP)'],['Rob MERSON (SNP)'],['Rob MERSON (SNP)'],['Rob MERSON (SNP)'],['Rob MERSON (SNP)'],['Rob MERSON (SNP)'],['Rob MERSON (SNP)'],['Rob MERSON (SNP)'],['Rob MERSON (SNP)'],['Rob MERSON (SNP)'],['Rob MERSON (SNP)'],['Rob MERSON (SNP)'],['Rob MERSON (SNP)'],['Rob MERSON (SNP)'],['Rob MERSON (SNP)'],['Rob MERSON (SNP)'],['Rob MERSON (SNP)'],['Rob MERSON (SNP)'],['Rob MERSON (SNP)'],['Rob MERSON (SNP)'],['Rob MERSON (SNP)']
raw_data/scotland/processed_data/aberdeenshire12-ballots/BanchoryandMidDeesideWard_aberdeenshire12-16.csv,5,['Jill WEBSTER (Con)'],['Jill WEBSTER (Con)'],['Jill WEBSTER (Con)'],['Jill WEBSTER (Con)'],['KAREN CLARK (LD)'],['KAREN CLARK (LD)'],['Jill WEBSTER (Con)'],['Jill WEBSTER (Con)'],['Jill WEBSTER (Con)'],['Jill WEBSTER (Con)'],['Jill WEBSTER (Con)'],['Jill WEBSTER (Con)'],['Jill WEBSTER (Con)'],['KAREN CLARK (LD)'],['Jill WEBSTER (Con)'],['Jill WEBSTER (Con)'],['Jill WEBSTER (Con)'],['Jill WEBSTER (Con)'],['Jill WEBSTER (Con)'],['KAREN CLARK (LD)'],['KAREN CLARK (LD)'],['KAREN CLARK (LD)'],['Jill WEBSTER (Con)'],['Jill WEBSTER (Con)'],['Jill WEBSTER (Con)'],['Jill WEBSTER (Con)'],['Jill WEBSTER (Con)'],['Jill WEBSTER (Con)'],['KAREN CLARK (LD)'],['Jill WEBSTER (Con)']
raw_data/scotland/processed_data/aberdeenshire12-ballots/TroupWard_aberdeenshire12-02.csv,7,['Hamish PARTRIDGE (SNP)'],['Hamish PARTRIDGE (SNP)'],['Hamish PARTRIDGE (SNP)'],['Hamish PARTRIDGE (SNP)'],['Hamish PARTRIDGE (SNP)'],['Hamish PARTRIDGE (SNP)'],['Hamish PARTRIDGE (SNP)'],['Hamish PARTRIDGE (SNP)'],['Hamish PARTRIDGE (SNP)'],['Hamish PARTRIDGE (SNP)'],['Hamish PARTRIDGE (SNP)'],['Hamish PARTRIDGE (SNP)'],['Hamish PARTRIDGE (SNP)'],['Hamish PARTRIDGE (SNP)'],['Hamish PARTRIDGE (SNP)'],['Hamish PARTRIDGE (SNP)'],['Hamish PARTRIDGE (SNP)'],['Hamish PARTRIDGE (SNP)'],['Hamish PARTRIDGE (SNP)'],['Hamish PARTRIDGE (SNP)'],['Hamish PARTRIDGE (SNP)'],['Hamish PARTRIDGE (SNP)'],['Hamish PARTRIDGE (SNP)'],['Hamish PARTRIDGE (SNP)'],['Hamish PARTRIDGE (SNP)'],['Hamish PARTRIDGE (SNP)'],['Hamish PARTRIDGE (SNP)'],['Hamish PARTRIDGE (SNP)'],['Hamish PARTRIDGE (SNP)'],['Hamish PARTRIDGE (SNP)']
raw_data/scotland/processed_data/aberdeenshire12-ballots/WesthillandDistrictWard_aberdeenshire12-13.csv,4,['Amanda ALLAN (SNP)'],['Amanda ALLAN (SNP)'],['Amanda ALLAN (SNP)'],['Iris Margaret WALKER (LD)'],['Iris Margaret WALKER (LD)'],['Iris Margaret WALKER (LD)'],['Iris Margaret WALKER (LD)'],['Iris Margaret WALKER (LD)'],['Iris Margaret WALKER (LD)'],['Iris Margaret WALKER (LD)'],['Iris Margaret WALKER (LD)'],['Iris Margaret WALKER (LD)'],['Iris Margaret WALKER (LD)'],['Iris Margaret WALKER (LD)'],['Iris Margaret WALKER (LD)'],['Amanda ALLAN (SNP)'],['Amanda ALLAN (SNP)'],['Amanda ALLAN (SNP)'],['Iris Margaret WALKER (LD)'],['Iris Margaret WALKER (LD)'],['Iris Margaret WALKER (LD)'],['Iris Margaret WALKER (LD)'],['Iris Margaret WALKER (LD)'],['Iris Margaret WALKER (LD)'],['Iris Margaret WALKER (LD)'],['Iris Margaret WALKER (LD)'],['Iris Margaret WALKER (LD)'],['Iris Margaret WALKER (LD)'],['Iris Margaret WALKER (LD)'],['Iris Margaret WALKER (LD)']
raw_data/scotland/processed_data/aberdeenshire12-ballots/AboyneUpperDeesideandDonsideWard_aberdeenshire12-15.csv,4,['Katrina FARQUHAR (Con)'],['Katrina FARQUHAR (Con)'],['Katrina FARQUHAR (Con)'],['Katrina FARQUHAR (Con)'],['Katrina FARQUHAR (Con)'],['Katrina FARQUHAR (Con)'],['Katrina FARQUHAR (Con)'],['Katrina FARQUHAR (Con)'],['Katrina FARQUHAR (Con)'],['Katrina FARQUHAR (Con)'],['Katrina FARQUHAR (Con)'],['Katrina FARQUHAR (Con)'],['Katrina FARQUHAR (Con)'],['Katrina FARQUHAR (Con)'],['Katrina FARQUHAR (Con)'],['Katrina FARQUHAR (Con)'],['Katrina FARQUHAR (Con)'],['Katrina FARQUHAR (Con)'],['Katrina FARQUHAR (Con)'],['Katrina FARQUHAR (Con)'],['Katrina FARQUHAR (Con)'],['Katrina FARQUHAR (Con)'],['Katrina FARQUHAR (Con)'],['Katrina FARQUHAR (Con)'],['Katrina FARQUHAR (Con)'],['Katrina FARQUHAR (Con)'],['Katrina FARQUHAR (Con)'],['Katrina FARQUHAR (Con)'],['Katrina FARQUHAR (Con)'],['Katrina FARQUHAR (Con)']
raw_data/scotland/processed_data/aberdeenshire12-ballots/FraserburghandDistrictWard_aberdeenshire12-03.csv,8,['Brian TOPPING (SNP)'],['Brian TOPPING (SNP)'],['Brian TOPPING (SNP)'],['Brian TOPPING (SNP)'],['Brian TOPPING (SNP)'],['Brian TOPPING (SNP)'],['Brian TOPPING (SNP)'],['Brian TOPPING (SNP)'],['Brian TOPPING (SNP)'],['Brian TOPPING (SNP)'],['Brian TOPPING (SNP)'],['Brian TOPPING (SNP)'],['Brian TOPPING (SNP)'],['Brian TOPPING (SNP)'],['Brian TOPPING (SNP)'],['Brian TOPPING (SNP)'],['Brian TOPPING (SNP)'],['Brian TOPPING (SNP)'],['Brian TOPPING (SNP)'],['Brian TOPPING (SNP)'],['Brian TOPPING (SNP)'],['Brian TOPPING (SNP)'],['Brian TOPPING (SNP)'],['Brian TOPPING (SNP)'],['Brian TOPPING (SNP)'],['Brian TOPPING (SNP)'],['Brian TOPPING (SNP)'],['Brian TOPPING (SNP)'],['Brian TOPPING (SNP)'],['Brian TOPPING (SNP)']
raw_data/scotland/processed_data/aberdeenshire12-ballots/WestGariochWard_aberdeenshire12-10.csv,4,['Allison GRANT (SNP)'],['Allison GRANT (SNP)'],['Allison GRANT (SNP)'],['Allison GRANT (SNP)'],['Allison GRANT (SNP)'],['Allison GRANT (SNP)'],['Allison GRANT (SNP)'],['Allison GRANT (SNP)'],['Allison GRANT (SNP)'],['Allison GRANT (SNP)'],['Allison GRANT (SNP)'],['Allison GRANT (SNP)'],['Allison GRANT (SNP)'],['Allison GRANT (SNP)'],['Allison GRANT (SNP)'],['Allison GRANT (SNP)'],['Allison GRANT (SNP)'],['Allison GRANT (SNP)'],['Allison GRANT (SNP)'],['Allison GRANT (SNP)'],['Allison GRANT (SNP)'],['Allison GRANT (SNP)'],['Allison GRANT (SNP)'],['Allison GRANT (SNP)'],['Allison GRANT (SNP)'],['Allison GRANT (SNP)'],['Allison GRANT (SNP)'],['Allison GRANT (SNP)'],['Allison GRANT (SNP)'],['Allison GRANT (SNP)']
raw_data/scotland/processed_data/aberdeenshire12-ballots/TurriffandDistrictWard_aberdeenshire12-07.csv,5,['Sandy DUNCAN (SNP)'],['Sandy DUNCAN (SNP)'],['Sandy DUNCAN (SNP)'],['Sandy DUNCAN (SNP)'],['Sandy DUNCAN (SNP)'],['Sandy DUNCAN (SNP)'],['Sandy DUNCAN (SNP)'],['Sandy DUNCAN (SNP)'],['Sandy DUNCAN (SNP)'],['Sandy DUNCAN (SNP)'],['Sandy DUNCAN (SNP)'],['Sandy DUNCAN (SNP)'],['Sandy DUNCAN (SNP)'],['Sandy DUNCAN (SNP)'],['Sandy DUNCAN (SNP)'],['Sandy DUNCAN (SNP)'],['Sandy DUNCAN (SNP)'],['Sandy DUNCAN (SNP)'],['Sandy DUNCAN (SNP)'],['Sandy DUNCAN (SNP)'],['Sandy DUNCAN (SNP)'],['Sandy DUNCAN (SNP)'],['Sandy DUNCAN (SNP)'],['Sandy DUNCAN (SNP)'],['Sandy DUNCAN (SNP)'],['Sandy DUNCAN (SNP)'],['Sandy DUNCAN (SNP)'],['Sandy DUNCAN (SNP)'],['Sandy DUNCAN (SNP)'],['Sandy DUNCAN (SNP)']
raw_data/scotland/processed_data/aberdeenshire12-ballots/HuntlyStrathbogieandHoweofAlfordWard_aberdeenshire12-14.csv,5,['Joanna STRATHDEE (SNP)'],['Joanna STRATHDEE (SNP)'],['Joanna STRATHDEE (SNP)'],['Joanna STRATHDEE (SNP)'],['Alastair ROSS (LD)'],['Joanna STRATHDEE (SNP)'],['Joanna STRATHDEE (SNP)'],['Joanna STRATHDEE (SNP)'],['Joanna STRATHDEE (SNP)'],['Joanna STRATHDEE (SNP)'],['Joanna STRATHDEE (SNP)'],['Joanna STRATHDEE (SNP)'],['Joanna STRATHDEE (SNP)'],['Joanna STRATHDEE (SNP)'],['Joanna STRATHDEE (SNP)'],['Joanna STRATHDEE (SNP)'],['Joanna STRATHDEE (SNP)'],['Joanna STRATHDEE (SNP)'],['Joanna STRATHDEE (SNP)'],['Moira INGLEBY (Con)'],['Joanna STRATHDEE (SNP)'],['Joanna STRATHDEE (SNP)'],['Joanna STRATHDEE (SNP)'],['Joanna STRATHDEE (SNP)'],['Joanna STRATHDEE (SNP)'],['Joanna STRATHDEE (SNP)'],['Joanna STRATHDEE (SNP)'],['Joanna STRATHDEE (SNP)'],['Joanna STRATHDEE (SNP)'],['Joanna STRATHDEE (SNP)']
raw_data/scotland/processed_data/aberdeenshire12-ballots/InverurieandDistrictWard_aberdeenshire12-11.csv,7,['Bryan STUART (SNP)'],['Bryan STUART (SNP)'],['Bryan STUART (SNP)'],['Bryan STUART (SNP)'],['Martin Christopher KITTS-HAYES (LD)'],['Bryan STUART (SNP)'],['Bryan STUART (SNP)'],['Bryan STUART (SNP)'],['Bryan STUART (SNP)'],['Bryan STUART (SNP)'],['Bryan STUART (SNP)'],['Bryan STUART (SNP)'],['Bryan STUART (SNP)'],['Bryan STUART (SNP)'],['Bryan STUART (SNP)'],['Bryan STUART (SNP)'],['Bryan STUART (SNP)'],['Bryan STUART (SNP)'],['Bryan STUART (SNP)'],['Bryan STUART (SNP)'],['Bryan STUART (SNP)'],['Bryan STUART (SNP)'],['Bryan STUART (SNP)'],['Bryan STUART (SNP)'],['Bryan STUART (SNP)'],['Bryan STUART (SNP)'],['Bryan STUART (SNP)'],['Bryan STUART (SNP)'],['Bryan STUART (SNP)'],['Bryan STUART (SNP)']
raw_data/scotland/processed_data/aberdeenshire12-ballots/PeterheadSouthandCrudenWard_aberdeenshire12-06.csv,5,['Stephen William SMITH (SNP)'],['Stephen William SMITH (SNP)'],['Stephen William SMITH (SNP)'],['Stephen William SMITH (SNP)'],['Stephen William SMITH (SNP)'],['Stephen William SMITH (SNP)'],['Stephen William SMITH (SNP)'],['Stephen William SMITH (SNP)'],['Stephen William SMITH (SNP)'],['Stephen William SMITH (SNP)'],['Stephen William SMITH (SNP)'],['Stephen William SMITH (SNP)'],['Stephen William SMITH (SNP)'],['Stephen William SMITH (SNP)'],['Stephen William SMITH (SNP)'],['Stephen William SMITH (SNP)'],['Stephen William SMITH (SNP)'],['Stephen William SMITH (SNP)'],['Stephen William SMITH (SNP)'],['Stephen William SMITH (SNP)'],['Stephen William SMITH (SNP)'],['Stephen William SMITH (SNP)'],['Stephen William SMITH (SNP)'],['Stephen William SMITH (SNP)'],['Stephen William SMITH (SNP)'],['Stephen William SMITH (SNP)'],['Stephen William SMITH (SNP)'],['Stephen William SMITH (SNP)'],['Stephen William SMITH (SNP)'],['Stephen William SMITH (SNP)']
raw_data/scotland/processed_data/aberdeenshire12-ballots/MidFormartineWard_aberdeenshire12-08.csv,6,['Allan HENDRY (SNP)'],['Allan HENDRY (SNP)'],['Allan HENDRY (SNP)'],['Allan HENDRY (SNP)'],['Paul JOHNSTON (Ind)'],['Allan HENDRY (SNP)'],['Allan HENDRY (SNP)'],['Allan HENDRY (SNP)'],['Allan HENDRY (SNP)'],['Allan HENDRY (SNP)'],['Allan HENDRY (SNP)'],['Allan HENDRY (SNP)'],['Allan HENDRY (SNP)'],['Allan HENDRY (SNP)'],['Allan HENDRY (SNP)'],['Allan HENDRY (SNP)'],['Allan HENDRY (SNP)'],['Allan HENDRY (SNP)'],['Allan HENDRY (SNP)'],['Paul JOHNSTON (Ind)'],['Allan HENDRY (SNP)'],['Allan HENDRY (SNP)'],['Allan HENDRY (SNP)'],['Allan HENDRY (SNP)'],['Allan HENDRY (SNP)'],['Allan HENDRY (SNP)'],['Allan HENDRY (SNP)'],['Allan HENDRY (SNP)'],['Allan HENDRY (SNP)'],['Allan HENDRY (SNP)']
raw_data/scotland/processed_data/aberdeenshire12-ballots/BanffandDistrictWard_aberdeenshire12-01.csv,4,['John B COX (SNP)'],['John B COX (SNP)'],['John B COX (SNP)'],['John B COX (SNP)'],['John B COX (SNP)'],['John B COX (SNP)'],['John B COX (SNP)'],['John B COX (SNP)'],['John B COX (SNP)'],['John B COX (SNP)'],['John B COX (SNP)'],['John B COX (SNP)'],['John B COX (SNP)'],['John B COX (SNP)'],['John B COX (SNP)'],['John B COX (SNP)'],['John B COX (SNP)'],['John B COX (SNP)'],['John B COX (SNP)'],['John B COX (SNP)'],['John B COX (SNP)'],['John B COX (SNP)'],['John B COX (SNP)'],['John B COX (SNP)'],['John B COX (SNP)'],['John B COX (SNP)'],['John B COX (SNP)'],['John B COX (SNP)'],['John B COX (SNP)'],['John B COX (SNP)']
raw_data/scotland/processed_data/aberdeenshire12-ballots/StonehavenandLowerDeesideWard_aberdeenshire12-18.csv,7,['Wendy AGNEW (Con)'],['Wendy AGNEW (Con)'],['Wendy AGNEW (Con)'],['Wendy AGNEW (Con)'],['Wendy AGNEW (Con)'],['Wendy AGNEW (Con)'],['Wendy AGNEW (Con)'],['Wendy AGNEW (Con)'],['Wendy AGNEW (Con)'],['Wendy AGNEW (Con)'],['Wendy AGNEW (Con)'],['Wendy AGNEW (Con)'],['Wendy AGNEW (Con)'],['Wendy AGNEW (Con)'],['Wendy AGNEW (Con)'],['Wendy AGNEW (Con)'],['Wendy AGNEW (Con)'],['Wendy AGNEW (Con)'],['Wendy AGNEW (Con)'],['Wendy AGNEW (Con)'],['Wendy AGNEW (Con)'],['Wendy AGNEW (Con)'],['Wendy AGNEW (Con)'],['Wendy AGNEW (Con)'],['Wendy AGNEW (Con)'],['Wendy AGNEW (Con)'],['Wendy AGNEW (Con)'],['Wendy AGNEW (Con)'],['Wendy AGNEW (Con)'],['Wendy AGNEW (Con)']
raw_data/scotland/processed_data/aberdeenshire12-ballots/CentralBuchanWard_aberdeenshire12-04.csv,7,['Jim INGRAM (SNP)'],['Jim INGRAM (SNP)'],['Jim INGRAM (SNP)'],['Jim INGRAM (SNP)'],['Norman SMITH (Ind)'],['Jim INGRAM (SNP)'],['Jim INGRAM (SNP)'],['Jim INGRAM (SNP)'],['Jim INGRAM (SNP)'],['Jim INGRAM (SNP)'],['Jim INGRAM (SNP)'],['Jim INGRAM (SNP)'],['Jim INGRAM (SNP)'],['Jim INGRAM (SNP)'],['Jim INGRAM (SNP)'],['Jim INGRAM (SNP)'],['Jim INGRAM (SNP)'],['Jim INGRAM (SNP)'],['Jim INGRAM (SNP)'],['Jim INGRAM (SNP)'],['Jim INGRAM (SNP)'],['Jim INGRAM (SNP)'],['Jim INGRAM (SNP)'],['Jim INGRAM (SNP)'],['Jim INGRAM (SNP)'],['Jim INGRAM (SNP)'],['Jim INGRAM (SNP)'],['Jim INGRAM (SNP)'],['Jim INGRAM (SNP)'],['Jim INGRAM (SNP)']
raw_data/scotland/processed_data/aberdeenshire12-ballots/PeterheadNorthandRattrayWard_aberdeenshire12-05.csv,7,['Anne ALLAN (SNP)'],['Anne ALLAN (SNP)'],['Anne ALLAN (SNP)'],['Anne ALLAN (SNP)'],['Alan S BUCHAN (Ind)'],['Anne ALLAN (SNP)'],['Anne ALLAN (SNP)'],['Anne ALLAN (SNP)'],['Anne ALLAN (SNP)'],['Anne ALLAN (SNP)'],['Anne ALLAN (SNP)'],['Anne ALLAN (SNP)'],['Anne ALLAN (SNP)'],['Anne ALLAN (SNP)'],['Anne ALLAN (SNP)'],['Anne ALLAN (SNP)'],['Anne ALLAN (SNP)'],['Anne ALLAN (SNP)'],['Anne ALLAN (SNP)'],['Alan S BUCHAN (Ind)'],['Anne ALLAN (SNP)'],['Anne ALLAN (SNP)'],['Anne ALLAN (SNP)'],['Anne ALLAN (SNP)'],['Anne ALLAN (SNP)'],['Anne ALLAN (SNP)'],['Anne ALLAN (SNP)'],['Anne ALLAN (SNP)'],['Anne ALLAN (SNP)'],['Anne ALLAN (SNP)']
raw_data/scotland/processed_data/aberdeenshire12-ballots/NorthKincardineWard_aberdeenshire12-17.csv,5,['Alastair BEWS (SNP)'],['Alastair BEWS (SNP)'],['Alastair BEWS (SNP)'],['Alastair BEWS (SNP)'],['Alastair BEWS (SNP)'],['Alastair BEWS (SNP)'],['Alastair BEWS (SNP)'],['Alastair BEWS (SNP)'],['Alastair BEWS (SNP)'],['Alastair BEWS (SNP)'],['Alastair BEWS (SNP)'],['Alastair BEWS (SNP)'],['Alastair BEWS (SNP)'],['Alastair BEWS (SNP)'],['Alastair BEWS (SNP)'],['Alastair BEWS (SNP)'],['Alastair BEWS (SNP)'],['Alastair BEWS (SNP)'],['Alastair BEWS (SNP)'],['Alastair BEWS (SNP)'],['Alastair BEWS (SNP)'],['Alastair BEWS (SNP)'],['Alastair BEWS (SNP)'],['Alastair BEWS (SNP)'],['Alastair BEWS (SNP)'],['Alastair BEWS (SNP)'],['Alastair BEWS (SNP)'],['Alastair BEWS (SNP)'],['Alastair BEWS (SNP)'],['Alastair BEWS (SNP)']
"raw_data/scotland/processed_data/sc-borders22/Ward10-Hawick&Denholm_sc borders,2022,ward 10.csv",6,['Stuart MARSHALL (Ind)'],['Stuart MARSHALL (Ind)'],['Stuart MARSHALL (Ind)'],['Stuart MARSHALL (Ind)'],['Stuart MARSHALL (Ind)'],['Stuart MARSHALL (Ind)'],['Stuart MARSHALL (Ind)'],['Stuart MARSHALL (Ind)'],['Stuart MARSHALL (Ind)'],['Stuart MARSHALL (Ind)'],['Stuart MARSHALL (Ind)'],['Stuart MARSHALL (Ind)'],['Stuart MARSHALL (Ind)'],['Stuart MARSHALL (Ind)'],['Stuart MARSHALL (Ind)'],['Stuart MARSHALL (Ind)'],['Stuart MARSHALL (Ind)'],['Stuart MARSHALL (Ind)'],['Stuart MARSHALL (Ind)'],['Stuart MARSHALL (Ind)'],['Stuart MARSHALL (Ind)'],['Stuart MARSHALL (Ind)'],['Stuart MARSHALL (Ind)'],['Stuart MARSHALL (Ind)'],['Stuart MARSHALL (Ind)'],['Stuart MARSHALL (Ind)'],['Stuart MARSHALL (Ind)'],['Stuart MARSHALL (Ind)'],['Stuart MARSHALL (Ind)'],['Stuart MARSHALL (Ind)']
"raw_data/scotland/processed_data/sc-borders22/Ward2-TweeddaleEast_sc borders,2022,ward 2.csv",7,['Marshall Neil DOUGLAS (SNP)'],['Robin TATLER (Ind)'],['Marshall Neil DOUGLAS (SNP)'],['Robin TATLER (Ind)'],['Marshall Neil DOUGLAS (SNP)'],['Robin TATLER (Ind)'],['Marshall Neil DOUGLAS (SNP)'],['Robin TATLER (Ind)'],['Robin TATLER (Ind)'],['Robin TATLER (Ind)'],['Robin TATLER (Ind)'],['Robin TATLER (Ind)'],['Robin TATLER (Ind)'],['Robin TATLER (Ind)'],['Robin TATLER (Ind)'],['Marshall Neil DOUGLAS (SNP)'],['Robin TATLER (Ind)'],['Marshall Neil DOUGLAS (SNP)'],['Marshall Neil DOUGLAS (SNP)'],['Robin TATLER (Ind)'],['Robin TATLER (Ind)'],['Robin TATLER (Ind)'],['Robin TATLER (Ind)'],['Robin TATLER (Ind)'],['Robin TATLER (Ind)'],['Robin TATLER (Ind)'],['Robin TATLER (Ind)'],['Robin TATLER (Ind)'],['Robin TATLER (Ind)'],['Robin TATLER (Ind)']
"raw_data/scotland/processed_data/sc-borders22/Ward8-Kelso&District_sc borders,2022,ward 8.csv",5,['Tom WEATHERSTON (Con)'],['Euan Macfarlane ROBSON (LD)'],['Euan Macfarlane ROBSON (LD)'],['Euan Macfarlane ROBSON (LD)'],['Euan Macfarlane ROBSON (LD)'],['Euan Macfarlane ROBSON (LD)'],['Euan Macfarlane ROBSON (LD)'],['Euan Macfarlane ROBSON (LD)'],['Euan Macfarlane ROBSON (LD)'],['Euan Macfarlane ROBSON (LD)'],['Euan Macfarlane ROBSON (LD)'],['Euan Macfarlane ROBSON (LD)'],['Euan Macfarlane ROBSON (LD)'],['Euan Macfarlane ROBSON (LD)'],['Euan Macfarlane ROBSON (LD)'],['Tom WEATHERSTON (Con)'],['Euan Macfarlane ROBSON (LD)'],['Euan Macfarlane ROBSON (LD)'],['Euan Macfarlane ROBSON (LD)'],['Euan Macfarlane ROBSON (LD)'],['Euan Macfarlane ROBSON (LD)'],['Euan Macfarlane ROBSON (LD)'],['Euan Macfarlane ROBSON (LD)'],['Euan Macfarlane ROBSON (LD)'],['Euan Macfarlane ROBSON (LD)'],['Euan Macfarlane ROBSON (LD)'],['Euan Macfarlane ROBSON (LD)'],['Euan Macfarlane ROBSON (LD)'],['Euan Macfarlane ROBSON (LD)'],['Euan Macfarlane ROBSON (LD)']
"raw_data/scotland/processed_data/sc-borders22/Ward9-Jedburgh&District_sc borders,2022,ward 9.csv",6,['Scott HAMILTON (Con)'],['Scott HAMILTON (Con)'],['Scott HAMILTON (Con)'],['Scott HAMILTON (Con)'],['Scott HAMILTON (Con)'],['Scott HAMILTON (Con)'],['Scott HAMILTON (Con)'],['Scott HAMILTON (Con)'],['Scott HAMILTON (Con)'],['Scott HAMILTON (Con)'],['Scott HAMILTON (Con)'],['Scott HAMILTON (Con)'],['Scott HAMILTON (Con)'],['Scott HAMILTON (Con)'],['Scott HAMILTON (Con)'],['Scott HAMILTON (Con)'],['Scott HAMILTON (Con)'],['Scott HAMILTON (Con)'],['Scott HAMILTON (Con)'],['Scott HAMILTON (Con)'],['Scott HAMILTON (Con)'],['Scott HAMILTON (Con)'],['Scott HAMILTON (Con)'],['Scott HAMILTON (Con)'],['Scott HAMILTON (Con)'],['Scott HAMILTON (Con)'],['Scott HAMILTON (Con)'],['Scott HAMILTON (Con)'],['Scott HAMILTON (Con)'],['Scott HAMILTON (Con)']
"raw_data/scotland/processed_data/sc-borders22/Ward4-Selkirkshire_sc borders,2022,ward 4.csv",6,['Caroline COCHRANE (Ind)'],['Caroline COCHRANE (Ind)'],['Caroline COCHRANE (Ind)'],['Caroline COCHRANE (Ind)'],['Caroline COCHRANE (Ind)'],['Caroline COCHRANE (Ind)'],['Caroline COCHRANE (Ind)'],['Caroline COCHRANE (Ind)'],['Caroline COCHRANE (Ind)'],['Caroline COCHRANE (Ind)'],['Caroline COCHRANE (Ind)'],['Caroline COCHRANE (Ind)'],['Caroline COCHRANE (Ind)'],['Caroline COCHRANE (Ind)'],['Caroline COCHRANE (Ind)'],['Caroline COCHRANE (Ind)'],['Caroline COCHRANE (Ind)'],['Caroline COCHRANE (Ind)'],['Caroline COCHRANE (Ind)'],['Caroline COCHRANE (Ind)'],['Caroline COCHRANE (Ind)'],['Caroline COCHRANE (Ind)'],['Caroline COCHRANE (Ind)'],['Caroline COCHRANE (Ind)'],['Caroline COCHRANE (Ind)'],['Caroline COCHRANE (Ind)'],['Caroline COCHRANE (Ind)'],['Caroline COCHRANE (Ind)'],['Caroline COCHRANE (Ind)'],['Caroline COCHRANE (Ind)']
"raw_data/scotland/processed_data/sc-borders22/Ward1-TweeddaleWest_sc borders,2022,ward 1.csv",5,['Eric SMALL (Con)'],['Drummond BEGG (LD)'],['Viv THOMSON (SNP)'],['Drummond BEGG (LD)'],['Drummond BEGG (LD)'],['Drummond BEGG (LD)'],['Drummond BEGG (LD)'],['Drummond BEGG (LD)'],['Drummond BEGG (LD)'],['Drummond BEGG (LD)'],['Drummond BEGG (LD)'],['Drummond BEGG (LD)'],['Drummond BEGG (LD)'],['Drummond BEGG (LD)'],['Drummond BEGG (LD)'],['Viv THOMSON (SNP)'],['Drummond BEGG (LD)'],['Viv THOMSON (SNP)'],['Drummond BEGG (LD)'],['Drummond BEGG (LD)'],['Drummond BEGG (LD)'],['Drummond BEGG (LD)'],['Drummond BEGG (LD)'],['Drummond BEGG (LD)'],['Drummond BEGG (LD)'],['Drummond BEGG (LD)'],['Drummond BEGG (LD)'],['Drummond BEGG (LD)'],['Drummond BEGG (LD)'],['Drummond BEGG (LD)']
"raw_data/scotland/processed_data/sc-borders22/Ward3-Galashiels&District_sc borders,2022,ward 3.csv",9,['Fay SINCLAIR (SNP)'],['Fay SINCLAIR (SNP)'],['Fay SINCLAIR (SNP)'],['Fay SINCLAIR (SNP)'],['Fay SINCLAIR (SNP)'],['Fay SINCLAIR (SNP)'],['Fay SINCLAIR (SNP)'],['Fay SINCLAIR (SNP)'],['Fay SINCLAIR (SNP)'],['Fay SINCLAIR (SNP)'],['Fay SINCLAIR (SNP)'],['Fay SINCLAIR (SNP)'],['Fay SINCLAIR (SNP)'],['Fay SINCLAIR (SNP)'],['Fay SINCLAIR (SNP)'],['Fay SINCLAIR (SNP)'],['Fay SINCLAIR (SNP)'],['Fay SINCLAIR (SNP)'],['Fay SINCLAIR (SNP)'],['Fay SINCLAIR (SNP)'],['Fay SINCLAIR (SNP)'],['Fay SINCLAIR (SNP)'],['Fay SINCLAIR (SNP)'],['Fay SINCLAIR (SNP)'],['Fay SINCLAIR (SNP)'],['Fay SINCLAIR (SNP)'],['Fay SINCLAIR (SNP)'],['Fay SINCLAIR (SNP)'],['Fay SINCLAIR (SNP)'],['Fay SINCLAIR (SNP)']
"raw_data/scotland/processed_data/sc-borders22/Ward6-MidBerwickshire_sc borders,2022,ward 6.csv",6,['John GREENWELL (Con)'],['John GREENWELL (Con)'],['John GREENWELL (Con)'],['John GREENWELL (Con)'],['Donald MOFFAT (SNP)'],['John GREENWELL (Con)'],['John GREENWELL (Con)'],['John GREENWELL (Con)'],['John GREENWELL (Con)'],['John GREENWELL (Con)'],['John GREENWELL (Con)'],['John GREENWELL (Con)'],['John GREENWELL (Con)'],['John GREENWELL (Con)'],['John GREENWELL (Con)'],['John GREENWELL (Con)'],['John GREENWELL (Con)'],['John GREENWELL (Con)'],['John GREENWELL (Con)'],['John GREENWELL (Con)'],['John GREENWELL (Con)'],['John GREENWELL (Con)'],['John GREENWELL (Con)'],['John GREENWELL (Con)'],['John GREENWELL (Con)'],['John GREENWELL (Con)'],['John GREENWELL (Con)'],['John GREENWELL (Con)'],['John GREENWELL (Con)'],['John GREENWELL (Con)']
"raw_data/scotland/processed_data/sc-borders22/Ward5-Leaderdale&Melrose_sc borders,2022,ward 5.csv",7,['David PARKER (Ind)'],['David PARKER (Ind)'],['David PARKER (Ind)'],['David PARKER (Ind)'],['David PARKER (Ind)'],['David PARKER (Ind)'],['David PARKER (Ind)'],['David PARKER (Ind)'],['David PARKER (Ind)'],['David PARKER (Ind)'],['David PARKER (Ind)'],['David PARKER (Ind)'],['David PARKER (Ind)'],['David PARKER (Ind)'],['David PARKER (Ind)'],['David PARKER (Ind)'],['David PARKER (Ind)'],['David PARKER (Ind)'],['David PARKER (Ind)'],['David PARKER (Ind)'],['David PARKER (Ind)'],['David PARKER (Ind)'],['David PARKER (Ind)'],['David PARKER (Ind)'],['David PARKER (Ind)'],['David PARKER (Ind)'],['David PARKER (Ind)'],['David PARKER (Ind)'],['David PARKER (Ind)'],['David PARKER (Ind)']
"raw_data/scotland/processed_data/sc-borders22/Ward11-Hawick&Hermitage_sc borders,2022,ward 11.csv",7,['Watson MCATEER (Ind)'],['Watson MCATEER (Ind)'],['Watson MCATEER (Ind)'],['Watson MCATEER (Ind)'],['Watson MCATEER (Ind)'],['Watson MCATEER (Ind)'],['Watson MCATEER (Ind)'],['Watson MCATEER (Ind)'],['Watson MCATEER (Ind)'],['Watson MCATEER (Ind)'],['Watson MCATEER (Ind)'],['Watson MCATEER (Ind)'],['Watson MCATEER (Ind)'],['Watson MCATEER (Ind)'],['Watson MCATEER (Ind)'],['Watson MCATEER (Ind)'],['Watson MCATEER (Ind)'],['Watson MCATEER (Ind)'],['Watson MCATEER (Ind)'],['Watson MCATEER (Ind)'],['Watson MCATEER (Ind)'],['Watson MCATEER (Ind)'],['Watson MCATEER (Ind)'],['Watson MCATEER (Ind)'],['Watson MCATEER (Ind)'],['Watson MCATEER (Ind)'],['Watson MCATEER (Ind)'],['Watson MCATEER (Ind)'],['Watson MCATEER (Ind)'],['Watson MCATEER (Ind)']
"raw_data/scotland/processed_data/sc-borders22/Ward7-EastBerwickshire_sc borders,2022,ward 7.csv",7,['Carol HAMILTON (Con)'],['Carol HAMILTON (Con)'],['Carol HAMILTON (Con)'],['Carol HAMILTON (Con)'],['Carol HAMILTON (Con)'],['Carol HAMILTON (Con)'],['Carol HAMILTON (Con)'],['Carol HAMILTON (Con)'],['Carol HAMILTON (Con)'],['Carol HAMILTON (Con)'],['Carol HAMILTON (Con)'],['Carol HAMILTON (Con)'],['Carol HAMILTON (Con)'],['Carol HAMILTON (Con)'],['Carol HAMILTON (Con)'],['Carol HAMILTON (Con)'],['Carol HAMILTON (Con)'],['Carol HAMILTON (Con)'],['Carol HAMILTON (Con)'],['Carol HAMILTON (Con)'],['Carol HAMILTON (Con)'],['Carol HAMILTON (Con)'],['Carol HAMILTON (Con)'],['Carol HAMILTON (Con)'],['Carol HAMILTON (Con)'],['Carol HAMILTON (Con)'],['Carol HAMILTON (Con)'],['Carol HAMILTON (Con)'],['Carol HAMILTON (Con)'],['Carol HAMILTON (Con)']
raw_data/scotland/processed_data/inverclyde17-ballots/InverclydeWest_inverclyde17-05.csv,7,['Ronald AHLFELD (Ind)'],['Ronald AHLFELD (Ind)'],['Ronald AHLFELD (Ind)'],['Ronald AHLFELD (Ind)'],['Ronald AHLFELD (Ind)'],['Ronald AHLFELD (Ind)'],['Ronald AHLFELD (Ind)'],['Ronald AHLFELD (Ind)'],['Ronald AHLFELD (Ind)'],['Ronald AHLFELD (Ind)'],['Ronald AHLFELD (Ind)'],['Ronald AHLFELD (Ind)'],['Ronald AHLFELD (Ind)'],['Ronald AHLFELD (Ind)'],['Ronald AHLFELD (Ind)'],['Ronald AHLFELD (Ind)'],['Ronald AHLFELD (Ind)'],['Ronald AHLFELD (Ind)'],['Ronald AHLFELD (Ind)'],['Ronald AHLFELD (Ind)'],['Ronald AHLFELD (Ind)'],['Ronald AHLFELD (Ind)'],['Ronald AHLFELD (Ind)'],['Ronald AHLFELD (Ind)'],['Ronald AHLFELD (Ind)'],['Ronald AHLFELD (Ind)'],['Ronald AHLFELD (Ind)'],['Ronald AHLFELD (Ind)'],['Ronald AHLFELD (Ind)'],['Ronald AHLFELD (Ind)']
raw_data/scotland/processed_data/inverclyde17-ballots/InverclydeSouth_inverclyde17-07.csv,7,['John CROWTHER (SNP)'],['John CROWTHER (SNP)'],['John CROWTHER (SNP)'],['John CROWTHER (SNP)'],['Natasha MURPHY (Lab)'],['John CROWTHER (SNP)'],['John CROWTHER (SNP)'],['John CROWTHER (SNP)'],['John CROWTHER (SNP)'],['John CROWTHER (SNP)'],['John CROWTHER (SNP)'],['John CROWTHER (SNP)'],['John CROWTHER (SNP)'],['Natasha MURPHY (Lab)'],['John CROWTHER (SNP)'],['John CROWTHER (SNP)'],['John CROWTHER (SNP)'],['John CROWTHER (SNP)'],['John CROWTHER (SNP)'],['Natasha MURPHY (Lab)'],['John CROWTHER (SNP)'],['John CROWTHER (SNP)'],['John CROWTHER (SNP)'],['John CROWTHER (SNP)'],['John CROWTHER (SNP)'],['John CROWTHER (SNP)'],['John CROWTHER (SNP)'],['John CROWTHER (SNP)'],['Natasha MURPHY (Lab)'],['John CROWTHER (SNP)']
raw_data/scotland/processed_data/inverclyde17-ballots/InverclydeEastCentral_inverclyde17-02.csv,5,['Jim MACLEOD (SNP)'],['Robert MORAN (Lab)'],['Robert MORAN (Lab)'],['Robert MORAN (Lab)'],['Robert MORAN (Lab)'],['Robert MORAN (Lab)'],['Robert MORAN (Lab)'],['Robert MORAN (Lab)'],['Robert MORAN (Lab)'],['Robert MORAN (Lab)'],['Robert MORAN (Lab)'],['Robert MORAN (Lab)'],['Robert MORAN (Lab)'],['Robert MORAN (Lab)'],['Robert MORAN (Lab)'],['Jim MACLEOD (SNP)'],['Robert MORAN (Lab)'],['Robert MORAN (Lab)'],['Robert MORAN (Lab)'],['Robert MORAN (Lab)'],['Robert MORAN (Lab)'],['Robert MORAN (Lab)'],['Robert MORAN (Lab)'],['Robert MORAN (Lab)'],['Robert MORAN (Lab)'],['Robert MORAN (Lab)'],['Robert MORAN (Lab)'],['Robert MORAN (Lab)'],['Robert MORAN (Lab)'],['Robert MORAN (Lab)']
raw_data/scotland/processed_data/inverclyde17-ballots/InverclydeSouthWest_inverclyde17-06.csv,6,['Innes NELSON (SNP)'],['Innes NELSON (SNP)'],['Innes NELSON (SNP)'],['Innes NELSON (SNP)'],['Ciano REBECCHI (LD)'],['Ciano REBECCHI (LD)'],['Innes NELSON (SNP)'],['Innes NELSON (SNP)'],['Innes NELSON (SNP)'],['Innes NELSON (SNP)'],['Innes NELSON (SNP)'],['Innes NELSON (SNP)'],['Innes NELSON (SNP)'],['Ciano REBECCHI (LD)'],['Innes NELSON (SNP)'],['Innes NELSON (SNP)'],['Innes NELSON (SNP)'],['Innes NELSON (SNP)'],['Innes NELSON (SNP)'],['Ciano REBECCHI (LD)'],['Ciano REBECCHI (LD)'],['Ciano REBECCHI (LD)'],['Innes NELSON (SNP)'],['Innes NELSON (SNP)'],['Innes NELSON (SNP)'],['Innes NELSON (SNP)'],['Innes NELSON (SNP)'],['Innes NELSON (SNP)'],['Ciano REBECCHI (LD)'],['Innes NELSON (SNP)']
raw_data/scotland/processed_data/inverclyde17-ballots/InverclydeEast_inverclyde17-01.csv,5,['David WILSON (Con)'],['David WILSON (Con)'],['David WILSON (Con)'],['David WILSON (Con)'],['David WILSON (Con)'],['David WILSON (Con)'],['David WILSON (Con)'],['David WILSON (Con)'],['David WILSON (Con)'],['David WILSON (Con)'],['David WILSON (Con)'],['David WILSON (Con)'],['David WILSON (Con)'],['David WILSON (Con)'],['David WILSON (Con)'],['David WILSON (Con)'],['David WILSON (Con)'],['David WILSON (Con)'],['David WILSON (Con)'],['David WILSON (Con)'],['David WILSON (Con)'],['David WILSON (Con)'],['David WILSON (Con)'],['David WILSON (Con)'],['David WILSON (Con)'],['David WILSON (Con)'],['David WILSON (Con)'],['David WILSON (Con)'],['David WILSON (Con)'],['David WILSON (Con)']
raw_data/scotland/processed_data/inverclyde17-ballots/InverclydeNorth_inverclyde17-04.csv,5,['Martin BRENNAN (Lab)'],['Martin BRENNAN (Lab)'],['Martin BRENNAN (Lab)'],['Martin BRENNAN (Lab)'],['Martin BRENNAN (Lab)'],['Martin BRENNAN (Lab)'],['Martin BRENNAN (Lab)'],['Martin BRENNAN (Lab)'],['Martin BRENNAN (Lab)'],['Martin BRENNAN (Lab)'],['Martin BRENNAN (Lab)'],['Martin BRENNAN (Lab)'],['Martin BRENNAN (Lab)'],['Martin BRENNAN (Lab)'],['Martin BRENNAN (Lab)'],['Martin BRENNAN (Lab)'],['Martin BRENNAN (Lab)'],['Martin BRENNAN (Lab)'],['Martin BRENNAN (Lab)'],['Martin BRENNAN (Lab)'],['Martin BRENNAN (Lab)'],['Martin BRENNAN (Lab)'],['Martin BRENNAN (Lab)'],['Martin BRENNAN (Lab)'],['Martin BRENNAN (Lab)'],['Martin BRENNAN (Lab)'],['Martin BRENNAN (Lab)'],['Martin BRENNAN (Lab)'],['Martin BRENNAN (Lab)'],['Martin BRENNAN (Lab)']
raw_data/scotland/processed_data/inverclyde17-ballots/InverclydeCentral_inverclyde17-03.csv,4,['Michael MCCORMICK (Lab)'],['Michael MCCORMICK (Lab)'],['Michael MCCORMICK (Lab)'],['Michael MCCORMICK (Lab)'],['Michael MCCORMICK (Lab)'],['Michael MCCORMICK (Lab)'],['Michael MCCORMICK (Lab)'],['Michael MCCORMICK (Lab)'],['Michael MCCORMICK (Lab)'],['Michael MCCORMICK (Lab)'],['Michael MCCORMICK (Lab)'],['Michael MCCORMICK (Lab)'],['Michael MCCORMICK (Lab)'],['Michael MCCORMICK (Lab)'],['Michael MCCORMICK (Lab)'],['Michael MCCORMICK (Lab)'],['Michael MCCORMICK (Lab)'],['Michael MCCORMICK (Lab)'],['Michael MCCORMICK (Lab)'],['Michael MCCORMICK (Lab)'],['Michael MCCORMICK (Lab)'],['Michael MCCORMICK (Lab)'],['Michael MCCORMICK (Lab)'],['Michael MCCORMICK (Lab)'],['Michael MCCORMICK (Lab)'],['Michael MCCORMICK (Lab)'],['Michael MCCORMICK (Lab)'],['Michael MCCORMICK (Lab)'],['Michael MCCORMICK (Lab)'],['Michael MCCORMICK (Lab)']
raw_data/scotland/processed_data/orkney12-ballots/NorthIsles_orkney12-06.csv,4,['Stephen HAGAN (Ind)'],['Stephen HAGAN (Ind)'],['Stephen HAGAN (Ind)'],['Stephen HAGAN (Ind)'],['Stephen HAGAN (Ind)'],['Stephen HAGAN (Ind)'],['Stephen HAGAN (Ind)'],['Stephen HAGAN (Ind)'],['Stephen HAGAN (Ind)'],['Stephen HAGAN (Ind)'],['Stephen HAGAN (Ind)'],['Stephen HAGAN (Ind)'],['Stephen HAGAN (Ind)'],['Stephen HAGAN (Ind)'],['Stephen HAGAN (Ind)'],['Stephen HAGAN (Ind)'],['Stephen HAGAN (Ind)'],['Stephen HAGAN (Ind)'],['Stephen HAGAN (Ind)'],['Stephen HAGAN (Ind)'],['Stephen HAGAN (Ind)'],['Stephen HAGAN (Ind)'],['Stephen HAGAN (Ind)'],['Stephen HAGAN (Ind)'],['Stephen HAGAN (Ind)'],['Stephen HAGAN (Ind)'],['Stephen HAGAN (Ind)'],['Stephen HAGAN (Ind)'],['Stephen HAGAN (Ind)'],['Stephen HAGAN (Ind)']
raw_data/scotland/processed_data/orkney12-ballots/KirkwallEast_orkney12-01.csv,8,['Janice ANNAL (Ind)'],['Janice ANNAL (Ind)'],['Janice ANNAL (Ind)'],['Janice ANNAL (Ind)'],['Janice ANNAL (Ind)'],['Janice ANNAL (Ind)'],['Janice ANNAL (Ind)'],['Janice ANNAL (Ind)'],['Janice ANNAL (Ind)'],['Janice ANNAL (Ind)'],['Janice ANNAL (Ind)'],['Janice ANNAL (Ind)'],['Janice ANNAL (Ind)'],['Janice ANNAL (Ind)'],['Janice ANNAL (Ind)'],['Janice ANNAL (Ind)'],['Janice ANNAL (Ind)'],['Janice ANNAL (Ind)'],['Janice ANNAL (Ind)'],['Janice ANNAL (Ind)'],['Janice ANNAL (Ind)'],['Janice ANNAL (Ind)'],['Janice ANNAL (Ind)'],['Janice ANNAL (Ind)'],['Janice ANNAL (Ind)'],['Janice ANNAL (Ind)'],['Janice ANNAL (Ind)'],['Janice ANNAL (Ind)'],['Janice ANNAL (Ind)'],['Janice ANNAL (Ind)']
raw_data/scotland/processed_data/orkney12-ballots/KirkwallWestandOrphir_orkney12-02.csv,11,['Jack MOODIE (Ind)'],['Jack MOODIE (Ind)'],['Jack MOODIE (Ind)'],['Jack MOODIE (Ind)'],['Jack MOODIE (Ind)'],['Jack MOODIE (Ind)'],['Jack MOODIE (Ind)'],['Jack MOODIE (Ind)'],['Jack MOODIE (Ind)'],['Jack MOODIE (Ind)'],['Jack MOODIE (Ind)'],['Jack MOODIE (Ind)'],['Jack MOODIE (Ind)'],['Jack MOODIE (Ind)'],['Jack MOODIE (Ind)'],['Jack MOODIE (Ind)'],['Jack MOODIE (Ind)'],['Jack MOODIE (Ind)'],['Jack MOODIE (Ind)'],['Jack MOODIE (Ind)'],['Jack MOODIE (Ind)'],['Jack MOODIE (Ind)'],['Jack MOODIE (Ind)'],['Jack MOODIE (Ind)'],['Jack MOODIE (Ind)'],['Jack MOODIE (Ind)'],['Jack MOODIE (Ind)'],['Jack MOODIE (Ind)'],['Jack MOODIE (Ind)'],['Jack MOODIE (Ind)']
raw_data/scotland/processed_data/orkney12-ballots/WestMainland_orkney12-04.csv,9,['Harvey JOHNSTON (Ind)'],['Harvey JOHNSTON (Ind)'],['Harvey JOHNSTON (Ind)'],['Harvey JOHNSTON (Ind)'],['Harvey JOHNSTON (Ind)'],['Harvey JOHNSTON (Ind)'],['Harvey JOHNSTON (Ind)'],['Harvey JOHNSTON (Ind)'],['Harvey JOHNSTON (Ind)'],['Harvey JOHNSTON (Ind)'],['Harvey JOHNSTON (Ind)'],['Harvey JOHNSTON (Ind)'],['Harvey JOHNSTON (Ind)'],['Harvey JOHNSTON (Ind)'],['Harvey JOHNSTON (Ind)'],['Harvey JOHNSTON (Ind)'],['Harvey JOHNSTON (Ind)'],['Harvey JOHNSTON (Ind)'],['Harvey JOHNSTON (Ind)'],['Harvey JOHNSTON (Ind)'],['Harvey JOHNSTON (Ind)'],['Harvey JOHNSTON (Ind)'],['Harvey JOHNSTON (Ind)'],['Harvey JOHNSTON (Ind)'],['Harvey JOHNSTON (Ind)'],['Harvey JOHNSTON (Ind)'],['Harvey JOHNSTON (Ind)'],['Harvey JOHNSTON (Ind)'],['Harvey JOHNSTON (Ind)'],['Harvey JOHNSTON (Ind)']
"raw_data/scotland/processed_data/orkney12-ballots/EastMainland,SouthRonaldsayandBurray_orkney12-05.csv",7,['Russ MADGE (Ind)'],['Russ MADGE (Ind)'],['Russ MADGE (Ind)'],['Russ MADGE (Ind)'],['Russ MADGE (Ind)'],['Russ MADGE (Ind)'],['Russ MADGE (Ind)'],['Russ MADGE (Ind)'],['Russ MADGE (Ind)'],['Russ MADGE (Ind)'],['Russ MADGE (Ind)'],['Russ MADGE (Ind)'],['Russ MADGE (Ind)'],['Russ MADGE (Ind)'],['Russ MADGE (Ind)'],['Russ MADGE (Ind)'],['Russ MADGE (Ind)'],['Russ MADGE (Ind)'],['Russ MADGE (Ind)'],['Russ MADGE (Ind)'],['Russ MADGE (Ind)'],['Russ MADGE (Ind)'],['Russ MADGE (Ind)'],['Russ MADGE (Ind)'],['Russ MADGE (Ind)'],['Russ MADGE (Ind)'],['Russ MADGE (Ind)'],['Russ MADGE (Ind)'],['Russ MADGE (Ind)'],['Russ MADGE (Ind)']
raw_data/scotland/processed_data/orkney12-ballots/StromnessandSouthIsles_orkney12-03.csv,7,['James STOCKAN (Ind)'],['James STOCKAN (Ind)'],['James STOCKAN (Ind)'],['James STOCKAN (Ind)'],['James STOCKAN (Ind)'],['James STOCKAN (Ind)'],['James STOCKAN (Ind)'],['James STOCKAN (Ind)'],['James STOCKAN (Ind)'],['James STOCKAN (Ind)'],['James STOCKAN (Ind)'],['James STOCKAN (Ind)'],['James STOCKAN (Ind)'],['James STOCKAN (Ind)'],['James STOCKAN (Ind)'],['James STOCKAN (Ind)'],['James STOCKAN (Ind)'],['James STOCKAN (Ind)'],['James STOCKAN (Ind)'],['James STOCKAN (Ind)'],['James STOCKAN (Ind)'],['James STOCKAN (Ind)'],['James STOCKAN (Ind)'],['James STOCKAN (Ind)'],['James STOCKAN (Ind)'],['James STOCKAN (Ind)'],['James STOCKAN (Ind)'],['James STOCKAN (Ind)'],['James STOCKAN (Ind)'],['James STOCKAN (Ind)']
raw_data/scotland/processed_data/e-lothian22/Ward3-TranentWallyfordandMacmerry_Ward3.csv,7,['Fiona DUGDALE (Lab)'],['Fiona DUGDALE (Lab)'],['Fiona DUGDALE (Lab)'],['Fiona DUGDALE (Lab)'],['Fiona DUGDALE (Lab)'],['Fiona DUGDALE (Lab)'],['Fiona DUGDALE (Lab)'],['Fiona DUGDALE (Lab)'],['Fiona DUGDALE (Lab)'],['Fiona DUGDALE (Lab)'],['Fiona DUGDALE (Lab)'],['Fiona DUGDALE (Lab)'],['Fiona DUGDALE (Lab)'],['Fiona DUGDALE (Lab)'],['Fiona DUGDALE (Lab)'],['Fiona DUGDALE (Lab)'],['Fiona DUGDALE (Lab)'],['Fiona DUGDALE (Lab)'],['Fiona DUGDALE (Lab)'],['Fiona DUGDALE (Lab)'],['Fiona DUGDALE (Lab)'],['Fiona DUGDALE (Lab)'],['Fiona DUGDALE (Lab)'],['Fiona DUGDALE (Lab)'],['Fiona DUGDALE (Lab)'],['Fiona DUGDALE (Lab)'],['Fiona DUGDALE (Lab)'],['Fiona DUGDALE (Lab)'],['Fiona DUGDALE (Lab)'],['Fiona DUGDALE (Lab)']
raw_data/scotland/processed_data/e-lothian22/Ward2-PrestonSetonandGosford_Ward2.csv,6,['Colin YORKSTON (Lab)'],['Colin YORKSTON (Lab)'],['Colin YORKSTON (Lab)'],['Colin YORKSTON (Lab)'],['Colin YORKSTON (Lab)'],['Colin YORKSTON (Lab)'],['Colin YORKSTON (Lab)'],['Colin YORKSTON (Lab)'],['Colin YORKSTON (Lab)'],['Colin YORKSTON (Lab)'],['Colin YORKSTON (Lab)'],['Colin YORKSTON (Lab)'],['Colin YORKSTON (Lab)'],['Colin YORKSTON (Lab)'],['Colin YORKSTON (Lab)'],['Colin YORKSTON (Lab)'],['Colin YORKSTON (Lab)'],['Colin YORKSTON (Lab)'],['Colin YORKSTON (Lab)'],['Colin YORKSTON (Lab)'],['Colin YORKSTON (Lab)'],['Colin YORKSTON (Lab)'],['Colin YORKSTON (Lab)'],['Colin YORKSTON (Lab)'],['Colin YORKSTON (Lab)'],['Colin YORKSTON (Lab)'],['Colin YORKSTON (Lab)'],['Colin YORKSTON (Lab)'],['Colin YORKSTON (Lab)'],['Colin YORKSTON (Lab)']
raw_data/scotland/processed_data/e-lothian22/Ward6-DunbarandEastLinton_Ward6.csv,7,['Lyn JARDINE (SNP)'],['Norman HAMPSHIRE (Lab)'],['Norman HAMPSHIRE (Lab)'],['Norman HAMPSHIRE (Lab)'],['Norman HAMPSHIRE (Lab)'],['Norman HAMPSHIRE (Lab)'],['Norman HAMPSHIRE (Lab)'],['Norman HAMPSHIRE (Lab)'],['Norman HAMPSHIRE (Lab)'],['Norman HAMPSHIRE (Lab)'],['Norman HAMPSHIRE (Lab)'],['Norman HAMPSHIRE (Lab)'],['Norman HAMPSHIRE (Lab)'],['Norman HAMPSHIRE (Lab)'],['Norman HAMPSHIRE (Lab)'],['Norman HAMPSHIRE (Lab)'],['Norman HAMPSHIRE (Lab)'],['Norman HAMPSHIRE (Lab)'],['Norman HAMPSHIRE (Lab)'],['Norman HAMPSHIRE (Lab)'],['Norman HAMPSHIRE (Lab)'],['Norman HAMPSHIRE (Lab)'],['Norman HAMPSHIRE (Lab)'],['Norman HAMPSHIRE (Lab)'],['Norman HAMPSHIRE (Lab)'],['Norman HAMPSHIRE (Lab)'],['Norman HAMPSHIRE (Lab)'],['Norman HAMPSHIRE (Lab)'],['Norman HAMPSHIRE (Lab)'],['Norman HAMPSHIRE (Lab)']
raw_data/scotland/processed_data/e-lothian22/Ward4-NorthBerwickCoastal_Ward4.csv,7,['Jeremy FINDLAY (Con)'],['Carol MCFARLANE (Lab)'],['Carol MCFARLANE (Lab)'],['Carol MCFARLANE (Lab)'],['Carol MCFARLANE (Lab)'],['Carol MCFARLANE (Lab)'],['Carol MCFARLANE (Lab)'],['Carol MCFARLANE (Lab)'],['Carol MCFARLANE (Lab)'],['Carol MCFARLANE (Lab)'],['Carol MCFARLANE (Lab)'],['Carol MCFARLANE (Lab)'],['Carol MCFARLANE (Lab)'],['Carol MCFARLANE (Lab)'],['Carol MCFARLANE (Lab)'],['Jeremy FINDLAY (Con)'],['Carol MCFARLANE (Lab)'],['Carol MCFARLANE (Lab)'],['Carol MCFARLANE (Lab)'],['Carol MCFARLANE (Lab)'],['Carol MCFARLANE (Lab)'],['Carol MCFARLANE (Lab)'],['Carol MCFARLANE (Lab)'],['Carol MCFARLANE (Lab)'],['Carol MCFARLANE (Lab)'],['Carol MCFARLANE (Lab)'],['Carol MCFARLANE (Lab)'],['Carol MCFARLANE (Lab)'],['Carol MCFARLANE (Lab)'],['Carol MCFARLANE (Lab)']
raw_data/scotland/processed_data/e-lothian22/Ward5-HaddingtonandLammermuir_Ward5.csv,7,['Shamin AKHTAR (Lab)'],['Shamin AKHTAR (Lab)'],['Shamin AKHTAR (Lab)'],['Shamin AKHTAR (Lab)'],['Shamin AKHTAR (Lab)'],['Shamin AKHTAR (Lab)'],['Shamin AKHTAR (Lab)'],['Shamin AKHTAR (Lab)'],['Shamin AKHTAR (Lab)'],['Shamin AKHTAR (Lab)'],['Shamin AKHTAR (Lab)'],['Shamin AKHTAR (Lab)'],['Shamin AKHTAR (Lab)'],['Shamin AKHTAR (Lab)'],['Shamin AKHTAR (Lab)'],['Shamin AKHTAR (Lab)'],['Shamin AKHTAR (Lab)'],['Shamin AKHTAR (Lab)'],['Shamin AKHTAR (Lab)'],['Shamin AKHTAR (Lab)'],['Shamin AKHTAR (Lab)'],['Shamin AKHTAR (Lab)'],['Shamin AKHTAR (Lab)'],['Shamin AKHTAR (Lab)'],['Shamin AKHTAR (Lab)'],['Shamin AKHTAR (Lab)'],['Shamin AKHTAR (Lab)'],['Shamin AKHTAR (Lab)'],['Shamin AKHTAR (Lab)'],['Shamin AKHTAR (Lab)']
raw_data/scotland/processed_data/e-lothian22/Ward1-Musselburgh_Ward1.csv,7,['Cher CASSINI (SNP)'],['Cher CASSINI (SNP)'],['Cher CASSINI (SNP)'],['Andy FORREST (Lab)'],['Cher CASSINI (SNP)'],['Andy FORREST (Lab)'],['Cher CASSINI (SNP)'],['Cher CASSINI (SNP)'],['Cher CASSINI (SNP)'],['Cher CASSINI (SNP)'],['Cher CASSINI (SNP)'],['Cher CASSINI (SNP)'],['Cher CASSINI (SNP)'],['Andy FORREST (Lab)'],['Cher CASSINI (SNP)'],['Cher CASSINI (SNP)'],['Cher CASSINI (SNP)'],['Cher CASSINI (SNP)'],['Andy FORREST (Lab)'],['Cher CASSINI (SNP)'],['Cher CASSINI (SNP)'],['Cher CASSINI (SNP)'],['Cher CASSINI (SNP)'],['Cher CASSINI (SNP)'],['Cher CASSINI (SNP)'],['Cher CASSINI (SNP)'],['Cher CASSINI (SNP)'],['Cher CASSINI (SNP)'],['Andy FORREST (Lab)'],['Cher CASSINI (SNP)']
raw_data/scotland/processed_data/s-ayrshire12-ballots/Ward4-AyrEast_s-ayrshire12-04.csv,5,['Mary KILPATRICK (Con)'],['Ian DOUGLAS (SNP)'],['Ian DOUGLAS (SNP)'],['Ian DOUGLAS (SNP)'],['Ian DOUGLAS (SNP)'],['Ian DOUGLAS (SNP)'],['Ian DOUGLAS (SNP)'],['Ian DOUGLAS (SNP)'],['Ian DOUGLAS (SNP)'],['Ian DOUGLAS (SNP)'],['Ian DOUGLAS (SNP)'],['Ian DOUGLAS (SNP)'],['Ian DOUGLAS (SNP)'],['Ian DOUGLAS (SNP)'],['Ian DOUGLAS (SNP)'],['Ian DOUGLAS (SNP)'],['Ian DOUGLAS (SNP)'],['Ian DOUGLAS (SNP)'],['Ian DOUGLAS (SNP)'],['Ian DOUGLAS (SNP)'],['Ian DOUGLAS (SNP)'],['Ian DOUGLAS (SNP)'],['Ian DOUGLAS (SNP)'],['Ian DOUGLAS (SNP)'],['Ian DOUGLAS (SNP)'],['Ian DOUGLAS (SNP)'],['Ian DOUGLAS (SNP)'],['Ian DOUGLAS (SNP)'],['Ian DOUGLAS (SNP)'],['Ian DOUGLAS (SNP)']
raw_data/scotland/processed_data/s-ayrshire12-ballots/Ward3-AyrNorth_s-ayrshire12-03.csv,3,['Ian CAVANA (Lab)'],['Ian CAVANA (Lab)'],['Ian CAVANA (Lab)'],['Ian CAVANA (Lab)'],['Ian CAVANA (Lab)'],['Ian CAVANA (Lab)'],['Ian CAVANA (Lab)'],['Ian CAVANA (Lab)'],['Ian CAVANA (Lab)'],['Ian CAVANA (Lab)'],['Ian CAVANA (Lab)'],['Ian CAVANA (Lab)'],['Ian CAVANA (Lab)'],['Ian CAVANA (Lab)'],['Ian CAVANA (Lab)'],['Ian CAVANA (Lab)'],['Ian CAVANA (Lab)'],['Ian CAVANA (Lab)'],['Ian CAVANA (Lab)'],['Ian CAVANA (Lab)'],['Ian CAVANA (Lab)'],['Ian CAVANA (Lab)'],['Ian CAVANA (Lab)'],['Ian CAVANA (Lab)'],['Ian CAVANA (Lab)'],['Ian CAVANA (Lab)'],['Ian CAVANA (Lab)'],['Ian CAVANA (Lab)'],['Ian CAVANA (Lab)'],['Ian CAVANA (Lab)']
raw_data/scotland/processed_data/s-ayrshire12-ballots/Ward2-Prestwick_s-ayrshire12-02.csv,4,['Hugh HUNTER (Con)'],['Hugh HUNTER (Con)'],['Hugh HUNTER (Con)'],['Hugh HUNTER (Con)'],['Ian COCHRANE (SNP)'],['Hugh HUNTER (Con)'],['Hugh HUNTER (Con)'],['Hugh HUNTER (Con)'],['Hugh HUNTER (Con)'],['Hugh HUNTER (Con)'],['Hugh HUNTER (Con)'],['Hugh HUNTER (Con)'],['Hugh HUNTER (Con)'],['Hugh HUNTER (Con)'],['Hugh HUNTER (Con)'],['Hugh HUNTER (Con)'],['Hugh HUNTER (Con)'],['Hugh HUNTER (Con)'],['Hugh HUNTER (Con)'],['Ian COCHRANE (SNP)'],['Hugh HUNTER (Con)'],['Hugh HUNTER (Con)'],['Hugh HUNTER (Con)'],['Hugh HUNTER (Con)'],['Hugh HUNTER (Con)'],['Hugh HUNTER (Con)'],['Hugh HUNTER (Con)'],['Hugh HUNTER (Con)'],['Hugh HUNTER (Con)'],['Hugh HUNTER (Con)']
raw_data/scotland/processed_data/s-ayrshire12-ballots/Ward6-Kyle_s-ayrshire12-06.csv,4,['Andy CAMPBELL (Lab)'],['Andy CAMPBELL (Lab)'],['Andy CAMPBELL (Lab)'],['Andy CAMPBELL (Lab)'],['Andy CAMPBELL (Lab)'],['Andy CAMPBELL (Lab)'],['Andy CAMPBELL (Lab)'],['Andy CAMPBELL (Lab)'],['Andy CAMPBELL (Lab)'],['Andy CAMPBELL (Lab)'],['Andy CAMPBELL (Lab)'],['Andy CAMPBELL (Lab)'],['Andy CAMPBELL (Lab)'],['Andy CAMPBELL (Lab)'],['Andy CAMPBELL (Lab)'],['Andy CAMPBELL (Lab)'],['Andy CAMPBELL (Lab)'],['Andy CAMPBELL (Lab)'],['Andy CAMPBELL (Lab)'],['Andy CAMPBELL (Lab)'],['Andy CAMPBELL (Lab)'],['Andy CAMPBELL (Lab)'],['Andy CAMPBELL (Lab)'],['Andy CAMPBELL (Lab)'],['Andy CAMPBELL (Lab)'],['Andy CAMPBELL (Lab)'],['Andy CAMPBELL (Lab)'],['Andy CAMPBELL (Lab)'],['Andy CAMPBELL (Lab)'],['Andy CAMPBELL (Lab)']
raw_data/scotland/processed_data/s-ayrshire12-ballots/Ward1-Troon_s-ayrshire12-01.csv,4,['Peter CONVERY (Con)'],['Peter CONVERY (Con)'],['Peter CONVERY (Con)'],['Peter CONVERY (Con)'],['Peter CONVERY (Con)'],['Peter CONVERY (Con)'],['Peter CONVERY (Con)'],['Peter CONVERY (Con)'],['Peter CONVERY (Con)'],['Peter CONVERY (Con)'],['Peter CONVERY (Con)'],['Peter CONVERY (Con)'],['Peter CONVERY (Con)'],['Peter CONVERY (Con)'],['Peter CONVERY (Con)'],['Peter CONVERY (Con)'],['Peter CONVERY (Con)'],['Peter CONVERY (Con)'],['Peter CONVERY (Con)'],['Peter CONVERY (Con)'],['Peter CONVERY (Con)'],['Peter CONVERY (Con)'],['Peter CONVERY (Con)'],['Peter CONVERY (Con)'],['Peter CONVERY (Con)'],['Peter CONVERY (Con)'],['Peter CONVERY (Con)'],['Peter CONVERY (Con)'],['Peter CONVERY (Con)'],['Peter CONVERY (Con)']
raw_data/scotland/processed_data/s-ayrshire12-ballots/Ward7-MayboleNorthCarrickandCoylton_s-ayrshire12-07.csv,4,['William James GRANT (SNP)'],['Brian CONNOLLY (Ind)'],['Brian CONNOLLY (Ind)'],['Brian CONNOLLY (Ind)'],['Brian CONNOLLY (Ind)'],['Brian CONNOLLY (Ind)'],['Brian CONNOLLY (Ind)'],['Brian CONNOLLY (Ind)'],['Brian CONNOLLY (Ind)'],['Brian CONNOLLY (Ind)'],['Brian CONNOLLY (Ind)'],['Brian CONNOLLY (Ind)'],['Brian CONNOLLY (Ind)'],['Brian CONNOLLY (Ind)'],['Brian CONNOLLY (Ind)'],['William James GRANT (SNP)'],['Brian CONNOLLY (Ind)'],['Brian CONNOLLY (Ind)'],['Brian CONNOLLY (Ind)'],['Brian CONNOLLY (Ind)'],['Brian CONNOLLY (Ind)'],['Brian CONNOLLY (Ind)'],['Brian CONNOLLY (Ind)'],['Brian CONNOLLY (Ind)'],['Brian CONNOLLY (Ind)'],['Brian CONNOLLY (Ind)'],['Brian CONNOLLY (Ind)'],['Brian CONNOLLY (Ind)'],['Brian CONNOLLY (Ind)'],['Brian CONNOLLY (Ind)']
raw_data/scotland/processed_data/s-ayrshire12-ballots/Ward5-AyrWest_s-ayrshire12-05.csv,5,['Bill GRANT (Con)'],['Bill GRANT (Con)'],['Bill GRANT (Con)'],['Bill GRANT (Con)'],['Bill GRANT (Con)'],['Bill GRANT (Con)'],['Bill GRANT (Con)'],['Bill GRANT (Con)'],['Bill GRANT (Con)'],['Bill GRANT (Con)'],['Bill GRANT (Con)'],['Bill GRANT (Con)'],['Bill GRANT (Con)'],['Bill GRANT (Con)'],['Bill GRANT (Con)'],['Bill GRANT (Con)'],['Bill GRANT (Con)'],['Bill GRANT (Con)'],['Bill GRANT (Con)'],['Bill GRANT (Con)'],['Bill GRANT (Con)'],['Bill GRANT (Con)'],['Bill GRANT (Con)'],['Bill GRANT (Con)'],['Bill GRANT (Con)'],['Bill GRANT (Con)'],['Bill GRANT (Con)'],['Bill GRANT (Con)'],['Bill GRANT (Con)'],['Bill GRANT (Con)']
raw_data/scotland/processed_data/s-ayrshire12-ballots/Ward8-GirvanandSouthCarrick_s-ayrshire12-08.csv,4,['Alec CLARK (Ind)'],['Alec CLARK (Ind)'],['Alec CLARK (Ind)'],['Alec CLARK (Ind)'],['Alec CLARK (Ind)'],['Alec CLARK (Ind)'],['Alec CLARK (Ind)'],['Alec CLARK (Ind)'],['Alec CLARK (Ind)'],['Alec CLARK (Ind)'],['Alec CLARK (Ind)'],['Alec CLARK (Ind)'],['Alec CLARK (Ind)'],['Alec CLARK (Ind)'],['Alec CLARK (Ind)'],['Alec CLARK (Ind)'],['Alec CLARK (Ind)'],['Alec CLARK (Ind)'],['Alec CLARK (Ind)'],['Alec CLARK (Ind)'],['Alec CLARK (Ind)'],['Alec CLARK (Ind)'],['Alec CLARK (Ind)'],['Alec CLARK (Ind)'],['Alec CLARK (Ind)'],['Alec CLARK (Ind)'],['Alec CLARK (Ind)'],['Alec CLARK (Ind)'],['Alec CLARK (Ind)'],['Alec CLARK (Ind)']
raw_data/scotland/processed_data/e-duns17-ballots/KirkintillochEastandNorthandTwechar_e-duns17-07.csv,6,['John JAMIESON (SNP)'],['John JAMIESON (SNP)'],['John JAMIESON (SNP)'],['John JAMIESON (SNP)'],['John JAMIESON (SNP)'],['John JAMIESON (SNP)'],['John JAMIESON (SNP)'],['John JAMIESON (SNP)'],['John JAMIESON (SNP)'],['John JAMIESON (SNP)'],['John JAMIESON (SNP)'],['John JAMIESON (SNP)'],['John JAMIESON (SNP)'],['Susan MURRAY (LD)'],['John JAMIESON (SNP)'],['John JAMIESON (SNP)'],['John JAMIESON (SNP)'],['John JAMIESON (SNP)'],['John JAMIESON (SNP)'],['John JAMIESON (SNP)'],['John JAMIESON (SNP)'],['John JAMIESON (SNP)'],['John JAMIESON (SNP)'],['John JAMIESON (SNP)'],['John JAMIESON (SNP)'],['John JAMIESON (SNP)'],['John JAMIESON (SNP)'],['John JAMIESON (SNP)'],['Susan MURRAY (LD)'],['John JAMIESON (SNP)']
raw_data/scotland/processed_data/e-duns17-ballots/Milngavie_e-duns17-01.csv,5,['Jim GIBBONS (SNP)'],['Jim GOODALL (LD)'],['Jim GOODALL (LD)'],['Jim GOODALL (LD)'],['Jim GOODALL (LD)'],['Jim GOODALL (LD)'],['Jim GOODALL (LD)'],['Jim GOODALL (LD)'],['Jim GOODALL (LD)'],['Jim GOODALL (LD)'],['Jim GOODALL (LD)'],['Jim GOODALL (LD)'],['Jim GOODALL (LD)'],['Jim GOODALL (LD)'],['Jim GOODALL (LD)'],['Jim GIBBONS (SNP)'],['Jim GOODALL (LD)'],['Jim GOODALL (LD)'],['Jim GOODALL (LD)'],['Jim GOODALL (LD)'],['Jim GOODALL (LD)'],['Jim GOODALL (LD)'],['Jim GOODALL (LD)'],['Jim GOODALL (LD)'],['Jim GOODALL (LD)'],['Jim GOODALL (LD)'],['Jim GOODALL (LD)'],['Jim GOODALL (LD)'],['Jim GOODALL (LD)'],['Jim GOODALL (LD)']
raw_data/scotland/processed_data/e-duns17-ballots/LenzieandKirkintillochSouth_e-duns17-06.csv,7,['Gillian RENWICK (SNP)'],['Gillian RENWICK (SNP)'],['Gillian RENWICK (SNP)'],['Gillian RENWICK (SNP)'],['Rod ACKLAND (LD)'],['Gillian RENWICK (SNP)'],['Gillian RENWICK (SNP)'],['Gillian RENWICK (SNP)'],['Gillian RENWICK (SNP)'],['Gillian RENWICK (SNP)'],['Gillian RENWICK (SNP)'],['Gillian RENWICK (SNP)'],['Gillian RENWICK (SNP)'],['Rod ACKLAND (LD)'],['Gillian RENWICK (SNP)'],['Gillian RENWICK (SNP)'],['Gillian RENWICK (SNP)'],['Gillian RENWICK (SNP)'],['Gillian RENWICK (SNP)'],['Rod ACKLAND (LD)'],['Gillian RENWICK (SNP)'],['Gillian RENWICK (SNP)'],['Gillian RENWICK (SNP)'],['Gillian RENWICK (SNP)'],['Gillian RENWICK (SNP)'],['Gillian RENWICK (SNP)'],['Gillian RENWICK (SNP)'],['Gillian RENWICK (SNP)'],['Rod ACKLAND (LD)'],['Gillian RENWICK (SNP)']
raw_data/scotland/processed_data/e-duns17-ballots/BishopbriggsSouth_e-duns17-05.csv,4,['Gordan LOW (SNP)'],['Alan MOIR (Lab)'],['Gordan LOW (SNP)'],['Alan MOIR (Lab)'],['Gordan LOW (SNP)'],['Alan MOIR (Lab)'],['Alan MOIR (Lab)'],['Alan MOIR (Lab)'],['Alan MOIR (Lab)'],['Alan MOIR (Lab)'],['Alan MOIR (Lab)'],['Alan MOIR (Lab)'],['Alan MOIR (Lab)'],['Alan MOIR (Lab)'],['Alan MOIR (Lab)'],['Gordan LOW (SNP)'],['Alan MOIR (Lab)'],['Gordan LOW (SNP)'],['Alan MOIR (Lab)'],['Gordan LOW (SNP)'],['Alan MOIR (Lab)'],['Alan MOIR (Lab)'],['Alan MOIR (Lab)'],['Alan MOIR (Lab)'],['Alan MOIR (Lab)'],['Alan MOIR (Lab)'],['Alan MOIR (Lab)'],['Alan MOIR (Lab)'],['Alan MOIR (Lab)'],['Alan MOIR (Lab)']
raw_data/scotland/processed_data/e-duns17-ballots/BearsdenNorth_e-duns17-02.csv,6,['Duncan CUMMING (Ind)'],['Duncan CUMMING (Ind)'],['Duncan CUMMING (Ind)'],['Duncan CUMMING (Ind)'],['Duncan CUMMING (Ind)'],['Duncan CUMMING (Ind)'],['Duncan CUMMING (Ind)'],['Duncan CUMMING (Ind)'],['Duncan CUMMING (Ind)'],['Duncan CUMMING (Ind)'],['Duncan CUMMING (Ind)'],['Duncan CUMMING (Ind)'],['Duncan CUMMING (Ind)'],['Duncan CUMMING (Ind)'],['Duncan CUMMING (Ind)'],['Duncan CUMMING (Ind)'],['Duncan CUMMING (Ind)'],['Duncan CUMMING (Ind)'],['Duncan CUMMING (Ind)'],['Duncan CUMMING (Ind)'],['Duncan CUMMING (Ind)'],['Duncan CUMMING (Ind)'],['Duncan CUMMING (Ind)'],['Duncan CUMMING (Ind)'],['Duncan CUMMING (Ind)'],['Duncan CUMMING (Ind)'],['Duncan CUMMING (Ind)'],['Duncan CUMMING (Ind)'],['Duncan CUMMING (Ind)'],['Duncan CUMMING (Ind)']
raw_data/scotland/processed_data/e-duns17-ballots/BearsdenSouth_e-duns17-03.csv,6,['Andrew POLSON (Con)'],['Vaughan MOODY (LD)'],['Vaughan MOODY (LD)'],['Vaughan MOODY (LD)'],['Vaughan MOODY (LD)'],['Vaughan MOODY (LD)'],['Vaughan MOODY (LD)'],['Vaughan MOODY (LD)'],['Vaughan MOODY (LD)'],['Vaughan MOODY (LD)'],['Vaughan MOODY (LD)'],['Vaughan MOODY (LD)'],['Vaughan MOODY (LD)'],['Vaughan MOODY (LD)'],['Vaughan MOODY (LD)'],['Andrew POLSON (Con)'],['Vaughan MOODY (LD)'],['Vaughan MOODY (LD)'],['Vaughan MOODY (LD)'],['Vaughan MOODY (LD)'],['Vaughan MOODY (LD)'],['Vaughan MOODY (LD)'],['Vaughan MOODY (LD)'],['Vaughan MOODY (LD)'],['Vaughan MOODY (LD)'],['Vaughan MOODY (LD)'],['Vaughan MOODY (LD)'],['Vaughan MOODY (LD)'],['Vaughan MOODY (LD)'],['Vaughan MOODY (LD)']
raw_data/scotland/processed_data/e-duns17-ballots/BishopbriggsNorthandCampsie_e-duns17-04.csv,6,['Paul FERRETTI (SNP)'],['Paul FERRETTI (SNP)'],['Paul FERRETTI (SNP)'],['Paul FERRETTI (SNP)'],['Paul FERRETTI (SNP)'],['Paul FERRETTI (SNP)'],['Paul FERRETTI (SNP)'],['Paul FERRETTI (SNP)'],['Paul FERRETTI (SNP)'],['Paul FERRETTI (SNP)'],['Paul FERRETTI (SNP)'],['Paul FERRETTI (SNP)'],['Paul FERRETTI (SNP)'],['Gary PEWS (LD)'],['Paul FERRETTI (SNP)'],['Paul FERRETTI (SNP)'],['Paul FERRETTI (SNP)'],['Paul FERRETTI (SNP)'],['Paul FERRETTI (SNP)'],['Billy HENDRY (Con)'],['Paul FERRETTI (SNP)'],['Paul FERRETTI (SNP)'],['Paul FERRETTI (SNP)'],['Paul FERRETTI (SNP)'],['Paul FERRETTI (SNP)'],['Paul FERRETTI (SNP)'],['Paul FERRETTI (SNP)'],['Paul FERRETTI (SNP)'],['Gary PEWS (LD)'],['Paul FERRETTI (SNP)']
raw_data/scotland/processed_data/angus17-ballots/ForfarandDistrict_angus17-03.csv,7,['Lynne DEVINE (SNP)'],['Colin BROWN (Ind)'],['Braden DAVY (Con)'],['Colin BROWN (Ind)'],['Colin BROWN (Ind)'],['Colin BROWN (Ind)'],['Colin BROWN (Ind)'],['Colin BROWN (Ind)'],['Colin BROWN (Ind)'],['Colin BROWN (Ind)'],['Colin BROWN (Ind)'],['Colin BROWN (Ind)'],['Colin BROWN (Ind)'],['Colin BROWN (Ind)'],['Colin BROWN (Ind)'],['Lynne DEVINE (SNP)'],['Colin BROWN (Ind)'],['Braden DAVY (Con)'],['Colin BROWN (Ind)'],['Colin BROWN (Ind)'],['Colin BROWN (Ind)'],['Colin BROWN (Ind)'],['Colin BROWN (Ind)'],['Colin BROWN (Ind)'],['Colin BROWN (Ind)'],['Colin BROWN (Ind)'],['Colin BROWN (Ind)'],['Colin BROWN (Ind)'],['Colin BROWN (Ind)'],['Colin BROWN (Ind)']
raw_data/scotland/processed_data/angus17-ballots/MontroseandDistrict_angus17-08.csv,6,['Bill DUFF (SNP)'],['Ron STURROCK (Con)'],['Ron STURROCK (Con)'],['Mark SALMOND (Ind)'],['Mark SALMOND (Ind)'],['Mark SALMOND (Ind)'],['Bill DUFF (SNP)'],['Mark SALMOND (Ind)'],['Mark SALMOND (Ind)'],['Mark SALMOND (Ind)'],['Mark SALMOND (Ind)'],['Mark SALMOND (Ind)'],['Mark SALMOND (Ind)'],['Mark SALMOND (Ind)'],['Mark SALMOND (Ind)'],['Bill DUFF (SNP)'],['Ron STURROCK (Con)'],['Ron STURROCK (Con)'],['Bill DUFF (SNP)'],['Mark SALMOND (Ind)'],['Mark SALMOND (Ind)'],['Mark SALMOND (Ind)'],['Mark SALMOND (Ind)'],['Mark SALMOND (Ind)'],['Mark SALMOND (Ind)'],['Mark SALMOND (Ind)'],['Mark SALMOND (Ind)'],['Mark SALMOND (Ind)'],['Mark SALMOND (Ind)'],['Mark SALMOND (Ind)']
raw_data/scotland/processed_data/angus17-ballots/CarnoustieandDistrict_angus17-05.csv,7,['Mark James MCDONALD (SNP)'],['Brian David BOYD (Ind)'],['Brian David BOYD (Ind)'],['David CHEAPE (Ind)'],['David CHEAPE (Ind)'],['David CHEAPE (Ind)'],['David CHEAPE (Ind)'],['Brian David BOYD (Ind)'],['Brian David BOYD (Ind)'],['Brian David BOYD (Ind)'],['Brian David BOYD (Ind)'],['Brian David BOYD (Ind)'],['Brian David BOYD (Ind)'],['David CHEAPE (Ind)'],['Brian David BOYD (Ind)'],['Mark James MCDONALD (SNP)'],['Brian David BOYD (Ind)'],['Brian David BOYD (Ind)'],['David CHEAPE (Ind)'],['David CHEAPE (Ind)'],['David CHEAPE (Ind)'],['David CHEAPE (Ind)'],['Brian David BOYD (Ind)'],['Brian David BOYD (Ind)'],['Brian David BOYD (Ind)'],['Brian David BOYD (Ind)'],['Brian David BOYD (Ind)'],['Brian David BOYD (Ind)'],['David CHEAPE (Ind)'],['Brian David BOYD (Ind)']
raw_data/scotland/processed_data/angus17-ballots/ArbroathEastandLunan_angus17-07.csv,7,['Brenda DURNO (SNP)'],['Lois SPEED (Ind)'],['Brenda DURNO (SNP)'],['Lois SPEED (Ind)'],['Lois SPEED (Ind)'],['Lois SPEED (Ind)'],['Lois SPEED (Ind)'],['Lois SPEED (Ind)'],['Lois SPEED (Ind)'],['Lois SPEED (Ind)'],['Lois SPEED (Ind)'],['Lois SPEED (Ind)'],['Lois SPEED (Ind)'],['Lois SPEED (Ind)'],['Lois SPEED (Ind)'],['Brenda DURNO (SNP)'],['Lois SPEED (Ind)'],['Brenda DURNO (SNP)'],['Lois SPEED (Ind)'],['Lois SPEED (Ind)'],['Lois SPEED (Ind)'],['Lois SPEED (Ind)'],['Lois SPEED (Ind)'],['Lois SPEED (Ind)'],['Lois SPEED (Ind)'],['Lois SPEED (Ind)'],['Lois SPEED (Ind)'],['Lois SPEED (Ind)'],['Lois SPEED (Ind)'],['Lois SPEED (Ind)']
raw_data/scotland/processed_data/angus17-ballots/MonifiethandSidlaw_angus17-04.csv,4,['Craig FOTHERINGHAM (Con)'],['Craig FOTHERINGHAM (Con)'],['Craig FOTHERINGHAM (Con)'],['Craig FOTHERINGHAM (Con)'],['Craig FOTHERINGHAM (Con)'],['Craig FOTHERINGHAM (Con)'],['Craig FOTHERINGHAM (Con)'],['Craig FOTHERINGHAM (Con)'],['Craig FOTHERINGHAM (Con)'],['Craig FOTHERINGHAM (Con)'],['Craig FOTHERINGHAM (Con)'],['Craig FOTHERINGHAM (Con)'],['Craig FOTHERINGHAM (Con)'],['Craig FOTHERINGHAM (Con)'],['Craig FOTHERINGHAM (Con)'],['Craig FOTHERINGHAM (Con)'],['Craig FOTHERINGHAM (Con)'],['Craig FOTHERINGHAM (Con)'],['Craig FOTHERINGHAM (Con)'],['Craig FOTHERINGHAM (Con)'],['Craig FOTHERINGHAM (Con)'],['Craig FOTHERINGHAM (Con)'],['Craig FOTHERINGHAM (Con)'],['Craig FOTHERINGHAM (Con)'],['Craig FOTHERINGHAM (Con)'],['Craig FOTHERINGHAM (Con)'],['Craig FOTHERINGHAM (Con)'],['Craig FOTHERINGHAM (Con)'],['Craig FOTHERINGHAM (Con)'],['Craig FOTHERINGHAM (Con)']
"raw_data/scotland/processed_data/angus17-ballots/ArbroathWest,LethamandFriockheim_angus17-06.csv",4,['David LUMGAIR (Con)'],['David LUMGAIR (Con)'],['David LUMGAIR (Con)'],['David LUMGAIR (Con)'],['David LUMGAIR (Con)'],['David LUMGAIR (Con)'],['David LUMGAIR (Con)'],['David LUMGAIR (Con)'],['David LUMGAIR (Con)'],['David LUMGAIR (Con)'],['David LUMGAIR (Con)'],['David LUMGAIR (Con)'],['David LUMGAIR (Con)'],['David LUMGAIR (Con)'],['David LUMGAIR (Con)'],['David LUMGAIR (Con)'],['David LUMGAIR (Con)'],['David LUMGAIR (Con)'],['David LUMGAIR (Con)'],['David LUMGAIR (Con)'],['David LUMGAIR (Con)'],['David LUMGAIR (Con)'],['David LUMGAIR (Con)'],['David LUMGAIR (Con)'],['David LUMGAIR (Con)'],['David LUMGAIR (Con)'],['David LUMGAIR (Con)'],['David LUMGAIR (Con)'],['David LUMGAIR (Con)'],['David LUMGAIR (Con)']
raw_data/scotland/processed_data/angus17-ballots/KirriemuirandDean_angus17-01.csv,4,['Ronnie PROCTOR (Con)'],['Ronnie PROCTOR (Con)'],['Ronnie PROCTOR (Con)'],['Ronnie PROCTOR (Con)'],['Ronnie PROCTOR (Con)'],['Ronnie PROCTOR (Con)'],['Ronnie PROCTOR (Con)'],['Ronnie PROCTOR (Con)'],['Ronnie PROCTOR (Con)'],['Ronnie PROCTOR (Con)'],['Ronnie PROCTOR (Con)'],['Ronnie PROCTOR (Con)'],['Ronnie PROCTOR (Con)'],['Ronnie PROCTOR (Con)'],['Ronnie PROCTOR (Con)'],['Ronnie PROCTOR (Con)'],['Ronnie PROCTOR (Con)'],['Ronnie PROCTOR (Con)'],['Ronnie PROCTOR (Con)'],['Ronnie PROCTOR (Con)'],['Ronnie PROCTOR (Con)'],['Ronnie PROCTOR (Con)'],['Ronnie PROCTOR (Con)'],['Ronnie PROCTOR (Con)'],['Ronnie PROCTOR (Con)'],['Ronnie PROCTOR (Con)'],['Ronnie PROCTOR (Con)'],['Ronnie PROCTOR (Con)'],['Ronnie PROCTOR (Con)'],['Ronnie PROCTOR (Con)']
raw_data/scotland/processed_data/angus17-ballots/BrechinandEdzell_angus17-02.csv,6,['Gavin NICOL (Con)'],['Bob MYLES (Ind)'],['Gavin NICOL (Con)'],['Bob MYLES (Ind)'],['Bob MYLES (Ind)'],['Bob MYLES (Ind)'],['Bob MYLES (Ind)'],['Bob MYLES (Ind)'],['Bob MYLES (Ind)'],['Bob MYLES (Ind)'],['Bob MYLES (Ind)'],['Bob MYLES (Ind)'],['Bob MYLES (Ind)'],['Bob MYLES (Ind)'],['Bob MYLES (Ind)'],['Gavin NICOL (Con)'],['Bob MYLES (Ind)'],['Gavin NICOL (Con)'],['Bob MYLES (Ind)'],['Bob MYLES (Ind)'],['Bob MYLES (Ind)'],['Bob MYLES (Ind)'],['Bob MYLES (Ind)'],['Bob MYLES (Ind)'],['Bob MYLES (Ind)'],['Bob MYLES (Ind)'],['Bob MYLES (Ind)'],['Bob MYLES (Ind)'],['Bob MYLES (Ind)'],['Bob MYLES (Ind)']
raw_data/scotland/processed_data/midlothian22/3_dalkeith_preference_profile_open_from_within_ms_word_or_similar.csv,5,['Stephen CURRAN (Lab)'],['Stephen CURRAN (Lab)'],['Stephen CURRAN (Lab)'],['Stephen CURRAN (Lab)'],['Stephen CURRAN (Lab)'],['Stephen CURRAN (Lab)'],['Stephen CURRAN (Lab)'],['Stephen CURRAN (Lab)'],['Stephen CURRAN (Lab)'],['Stephen CURRAN (Lab)'],['Stephen CURRAN (Lab)'],['Stephen CURRAN (Lab)'],['Stephen CURRAN (Lab)'],['Stephen CURRAN (Lab)'],['Stephen CURRAN (Lab)'],['Stephen CURRAN (Lab)'],['Stephen CURRAN (Lab)'],['Stephen CURRAN (Lab)'],['Stephen CURRAN (Lab)'],['Stephen CURRAN (Lab)'],['Stephen CURRAN (Lab)'],['Stephen CURRAN (Lab)'],['Stephen CURRAN (Lab)'],['Stephen CURRAN (Lab)'],['Stephen CURRAN (Lab)'],['Stephen CURRAN (Lab)'],['Stephen CURRAN (Lab)'],['Stephen CURRAN (Lab)'],['Stephen CURRAN (Lab)'],['Stephen CURRAN (Lab)']
raw_data/scotland/processed_data/midlothian22/east_preference_profile_open_from_within_ms_word_or_similar.csv,5,['Stuart Douglas MCKENZIE (SNP)'],['Bryan POTTINGER (Lab)'],['Bryan POTTINGER (Lab)'],['Bryan POTTINGER (Lab)'],['Bryan POTTINGER (Lab)'],['Bryan POTTINGER (Lab)'],['Bryan POTTINGER (Lab)'],['Bryan POTTINGER (Lab)'],['Bryan POTTINGER (Lab)'],['Bryan POTTINGER (Lab)'],['Bryan POTTINGER (Lab)'],['Bryan POTTINGER (Lab)'],['Bryan POTTINGER (Lab)'],['Bryan POTTINGER (Lab)'],['Bryan POTTINGER (Lab)'],['Bryan POTTINGER (Lab)'],['Bryan POTTINGER (Lab)'],['Bryan POTTINGER (Lab)'],['Bryan POTTINGER (Lab)'],['Bryan POTTINGER (Lab)'],['Bryan POTTINGER (Lab)'],['Bryan POTTINGER (Lab)'],['Bryan POTTINGER (Lab)'],['Bryan POTTINGER (Lab)'],['Bryan POTTINGER (Lab)'],['Bryan POTTINGER (Lab)'],['Bryan POTTINGER (Lab)'],['Bryan POTTINGER (Lab)'],['Bryan POTTINGER (Lab)'],['Bryan POTTINGER (Lab)']
raw_data/scotland/processed_data/midlothian22/2_bonnyrigg_preference_profile_open_from_within_ms_word_or_similar.csv,4,['Derek MILLIGAN (Lab)'],['Derek MILLIGAN (Lab)'],['Derek MILLIGAN (Lab)'],['Derek MILLIGAN (Lab)'],['Derek MILLIGAN (Lab)'],['Derek MILLIGAN (Lab)'],['Derek MILLIGAN (Lab)'],['Derek MILLIGAN (Lab)'],['Derek MILLIGAN (Lab)'],['Derek MILLIGAN (Lab)'],['Derek MILLIGAN (Lab)'],['Derek MILLIGAN (Lab)'],['Derek MILLIGAN (Lab)'],['Derek MILLIGAN (Lab)'],['Derek MILLIGAN (Lab)'],['Derek MILLIGAN (Lab)'],['Derek MILLIGAN (Lab)'],['Derek MILLIGAN (Lab)'],['Derek MILLIGAN (Lab)'],['Derek MILLIGAN (Lab)'],['Derek MILLIGAN (Lab)'],['Derek MILLIGAN (Lab)'],['Derek MILLIGAN (Lab)'],['Derek MILLIGAN (Lab)'],['Derek MILLIGAN (Lab)'],['Derek MILLIGAN (Lab)'],['Derek MILLIGAN (Lab)'],['Derek MILLIGAN (Lab)'],['Derek MILLIGAN (Lab)'],['Derek MILLIGAN (Lab)']
raw_data/scotland/processed_data/midlothian22/1_penicuik_preference_profile_open_from_within_ms_word_or_similar.csv,6,['Debbi MCCALL (SNP)'],['Debbi MCCALL (SNP)'],['Debbi MCCALL (SNP)'],['Debbi MCCALL (SNP)'],['Debbi MCCALL (SNP)'],['Debbi MCCALL (SNP)'],['Debbi MCCALL (SNP)'],['Debbi MCCALL (SNP)'],['Debbi MCCALL (SNP)'],['Debbi MCCALL (SNP)'],['Debbi MCCALL (SNP)'],['Debbi MCCALL (SNP)'],['Debbi MCCALL (SNP)'],['Debbi MCCALL (SNP)'],['Debbi MCCALL (SNP)'],['Debbi MCCALL (SNP)'],['Debbi MCCALL (SNP)'],['Debbi MCCALL (SNP)'],['Debbi MCCALL (SNP)'],['Debbi MCCALL (SNP)'],['Debbi MCCALL (SNP)'],['Debbi MCCALL (SNP)'],['Debbi MCCALL (SNP)'],['Debbi MCCALL (SNP)'],['Debbi MCCALL (SNP)'],['Debbi MCCALL (SNP)'],['Debbi MCCALL (SNP)'],['Debbi MCCALL (SNP)'],['Debbi MCCALL (SNP)'],['Debbi MCCALL (SNP)']
raw_data/scotland/processed_data/midlothian22/west_preference_profile_open_from_within_ms_word_or_similar.csv,6,['Kelly PARRY (SNP)'],['Russell IMRIE (Labour and Co-operative Party)'],['Russell IMRIE (Labour and Co-operative Party)'],['Russell IMRIE (Labour and Co-operative Party)'],['Russell IMRIE (Labour and Co-operative Party)'],['Russell IMRIE (Labour and Co-operative Party)'],['Russell IMRIE (Labour and Co-operative Party)'],['Russell IMRIE (Labour and Co-operative Party)'],['Russell IMRIE (Labour and Co-operative Party)'],['Russell IMRIE (Labour and Co-operative Party)'],['Russell IMRIE (Labour and Co-operative Party)'],['Russell IMRIE (Labour and Co-operative Party)'],['Russell IMRIE (Labour and Co-operative Party)'],['Russell IMRIE (Labour and Co-operative Party)'],['Russell IMRIE (Labour and Co-operative Party)'],['Kelly PARRY (SNP)'],['Russell IMRIE (Labour and Co-operative Party)'],['Russell IMRIE (Labour and Co-operative Party)'],['Russell IMRIE (Labour and Co-operative Party)'],['Russell IMRIE (Labour and Co-operative Party)'],['Russell IMRIE (Labour and Co-operative Party)'],['Russell IMRIE (Labour and Co-operative Party)'],['Russell IMRIE (Labour and Co-operative Party)'],['Russell IMRIE (Labour and Co-operative Party)'],['Russell IMRIE (Labour and Co-operative Party)'],['Russell IMRIE (Labour and Co-operative Party)'],['Russell IMRIE (Labour and Co-operative Party)'],['Russell IMRIE (Labour and Co-operative Party)'],['Russell IMRIE (Labour and Co-operative Party)'],['Russell IMRIE (Labour and Co-operative Party)']
raw_data/scotland/processed_data/moray12-ballots/BuckieWard_moray12-03.csv,4,['GORDON MCDONALD (SNP)'],['GORDON MCDONALD (SNP)'],['GORDON MCDONALD (SNP)'],['GORDON MCDONALD (SNP)'],['Anne MCKAY (Ind)'],['GORDON MCDONALD (SNP)'],['GORDON MCDONALD (SNP)'],['GORDON MCDONALD (SNP)'],['GORDON MCDONALD (SNP)'],['GORDON MCDONALD (SNP)'],['GORDON MCDONALD (SNP)'],['GORDON MCDONALD (SNP)'],['GORDON MCDONALD (SNP)'],['Anne MCKAY (Ind)'],['GORDON MCDONALD (SNP)'],['GORDON MCDONALD (SNP)'],['GORDON MCDONALD (SNP)'],['GORDON MCDONALD (SNP)'],['GORDON MCDONALD (SNP)'],['Anne MCKAY (Ind)'],['GORDON MCDONALD (SNP)'],['GORDON MCDONALD (SNP)'],['GORDON MCDONALD (SNP)'],['GORDON MCDONALD (SNP)'],['GORDON MCDONALD (SNP)'],['GORDON MCDONALD (SNP)'],['GORDON MCDONALD (SNP)'],['GORDON MCDONALD (SNP)'],['Anne MCKAY (Ind)'],['GORDON MCDONALD (SNP)']
raw_data/scotland/processed_data/moray12-ballots/ForresWard_moray12-08.csv,9,['George ALEXANDER (Ind)'],['George ALEXANDER (Ind)'],['George ALEXANDER (Ind)'],['George ALEXANDER (Ind)'],['George ALEXANDER (Ind)'],['George ALEXANDER (Ind)'],['George ALEXANDER (Ind)'],['George ALEXANDER (Ind)'],['George ALEXANDER (Ind)'],['George ALEXANDER (Ind)'],['George ALEXANDER (Ind)'],['George ALEXANDER (Ind)'],['George ALEXANDER (Ind)'],['George ALEXANDER (Ind)'],['George ALEXANDER (Ind)'],['George ALEXANDER (Ind)'],['George ALEXANDER (Ind)'],['George ALEXANDER (Ind)'],['George ALEXANDER (Ind)'],['George ALEXANDER (Ind)'],['George ALEXANDER (Ind)'],['George ALEXANDER (Ind)'],['George ALEXANDER (Ind)'],['George ALEXANDER (Ind)'],['George ALEXANDER (Ind)'],['George ALEXANDER (Ind)'],['George ALEXANDER (Ind)'],['George ALEXANDER (Ind)'],['George ALEXANDER (Ind)'],['George ALEXANDER (Ind)']
raw_data/scotland/processed_data/moray12-ballots/HeldonandLaichWard_moray12-05.csv,6,['Carolle RALPH (SNP)'],['Eric MCGILLIVRAY (Ind)'],['Eric MCGILLIVRAY (Ind)'],['Eric MCGILLIVRAY (Ind)'],['Eric MCGILLIVRAY (Ind)'],['Eric MCGILLIVRAY (Ind)'],['Carolle RALPH (SNP)'],['Eric MCGILLIVRAY (Ind)'],['Eric MCGILLIVRAY (Ind)'],['Eric MCGILLIVRAY (Ind)'],['Eric MCGILLIVRAY (Ind)'],['Eric MCGILLIVRAY (Ind)'],['Eric MCGILLIVRAY (Ind)'],['Eric MCGILLIVRAY (Ind)'],['Eric MCGILLIVRAY (Ind)'],['Carolle RALPH (SNP)'],['Eric MCGILLIVRAY (Ind)'],['Eric MCGILLIVRAY (Ind)'],['Carolle RALPH (SNP)'],['Eric MCGILLIVRAY (Ind)'],['Eric MCGILLIVRAY (Ind)'],['Eric MCGILLIVRAY (Ind)'],['Eric MCGILLIVRAY (Ind)'],['Eric MCGILLIVRAY (Ind)'],['Eric MCGILLIVRAY (Ind)'],['Eric MCGILLIVRAY (Ind)'],['Eric MCGILLIVRAY (Ind)'],['Eric MCGILLIVRAY (Ind)'],['Eric MCGILLIVRAY (Ind)'],['Eric MCGILLIVRAY (Ind)']
raw_data/scotland/processed_data/moray12-ballots/ElginCityNorthWard_moray12-06.csv,4,['Mike SHAND (SNP)'],['Mike SHAND (SNP)'],['Mike SHAND (SNP)'],['Mike SHAND (SNP)'],['Barry Alexander JARVIS (Lab)'],['Barry Alexander JARVIS (Lab)'],['Barry Alexander JARVIS (Lab)'],['Mike SHAND (SNP)'],['Mike SHAND (SNP)'],['Mike SHAND (SNP)'],['Mike SHAND (SNP)'],['Mike SHAND (SNP)'],['Mike SHAND (SNP)'],['Mike SHAND (SNP)'],['Mike SHAND (SNP)'],['Mike SHAND (SNP)'],['Mike SHAND (SNP)'],['Mike SHAND (SNP)'],['Mike SHAND (SNP)'],['Barry Alexander JARVIS (Lab)'],['Barry Alexander JARVIS (Lab)'],['Barry Alexander JARVIS (Lab)'],['Mike SHAND (SNP)'],['Mike SHAND (SNP)'],['Mike SHAND (SNP)'],['Mike SHAND (SNP)'],['Mike SHAND (SNP)'],['Mike SHAND (SNP)'],['Mike SHAND (SNP)'],['Mike SHAND (SNP)']
raw_data/scotland/processed_data/moray12-ballots/KeithandCullenWard_moray12-02.csv,4,['Gary Scott COULL(SNP)'],['Gary Scott COULL(SNP)'],['Gary Scott COULL(SNP)'],['Gary Scott COULL(SNP)'],['Gary Scott COULL(SNP)'],['Gary Scott COULL(SNP)'],['Gary Scott COULL(SNP)'],['Gary Scott COULL(SNP)'],['Gary Scott COULL(SNP)'],['Gary Scott COULL(SNP)'],['Gary Scott COULL(SNP)'],['Gary Scott COULL(SNP)'],['Gary Scott COULL(SNP)'],['Gary Scott COULL(SNP)'],['Gary Scott COULL(SNP)'],['Gary Scott COULL(SNP)'],['Gary Scott COULL(SNP)'],['Gary Scott COULL(SNP)'],['Gary Scott COULL(SNP)'],['Gary Scott COULL(SNP)'],['Gary Scott COULL(SNP)'],['Gary Scott COULL(SNP)'],['Gary Scott COULL(SNP)'],['Gary Scott COULL(SNP)'],['Gary Scott COULL(SNP)'],['Gary Scott COULL(SNP)'],['Gary Scott COULL(SNP)'],['Gary Scott COULL(SNP)'],['Gary Scott COULL(SNP)'],['Gary Scott COULL(SNP)']
raw_data/scotland/processed_data/moray12-ballots/FochabersLhanbrydeWard_moray12-04.csv,4,['Douglas ROSS (Con)'],['Douglas ROSS (Con)'],['Douglas ROSS (Con)'],['Douglas ROSS (Con)'],['Douglas ROSS (Con)'],['Douglas ROSS (Con)'],['Douglas ROSS (Con)'],['Douglas ROSS (Con)'],['Douglas ROSS (Con)'],['Douglas ROSS (Con)'],['Douglas ROSS (Con)'],['Douglas ROSS (Con)'],['Douglas ROSS (Con)'],['Douglas ROSS (Con)'],['Douglas ROSS (Con)'],['Douglas ROSS (Con)'],['Douglas ROSS (Con)'],['Douglas ROSS (Con)'],['Douglas ROSS (Con)'],['Douglas ROSS (Con)'],['Douglas ROSS (Con)'],['Douglas ROSS (Con)'],['Douglas ROSS (Con)'],['Douglas ROSS (Con)'],['Douglas ROSS (Con)'],['Douglas ROSS (Con)'],['Douglas ROSS (Con)'],['Douglas ROSS (Con)'],['Douglas ROSS (Con)'],['Douglas ROSS (Con)']
raw_data/scotland/processed_data/moray12-ballots/ElginCitySouthWard_moray12-07.csv,3,['John Andrew DIVERS (Lab)'],['John Andrew DIVERS (Lab)'],['John Andrew DIVERS (Lab)'],['John Andrew DIVERS (Lab)'],['John Andrew DIVERS (Lab)'],['John Andrew DIVERS (Lab)'],['John Andrew DIVERS (Lab)'],['John Andrew DIVERS (Lab)'],['John Andrew DIVERS (Lab)'],['John Andrew DIVERS (Lab)'],['John Andrew DIVERS (Lab)'],['John Andrew DIVERS (Lab)'],['John Andrew DIVERS (Lab)'],['John Andrew DIVERS (Lab)'],['John Andrew DIVERS (Lab)'],['John Andrew DIVERS (Lab)'],['John Andrew DIVERS (Lab)'],['John Andrew DIVERS (Lab)'],['John Andrew DIVERS (Lab)'],['John Andrew DIVERS (Lab)'],['John Andrew DIVERS (Lab)'],['John Andrew DIVERS (Lab)'],['John Andrew DIVERS (Lab)'],['John Andrew DIVERS (Lab)'],['John Andrew DIVERS (Lab)'],['John Andrew DIVERS (Lab)'],['John Andrew DIVERS (Lab)'],['John Andrew DIVERS (Lab)'],['John Andrew DIVERS (Lab)'],['John Andrew DIVERS (Lab)']
raw_data/scotland/processed_data/moray12-ballots/SpeysideGlenlivetWard_moray12-01.csv,4,['Pearl Barbara PAUL(SNP)'],['Pearl Barbara PAUL(SNP)'],['Pearl Barbara PAUL(SNP)'],['Pearl Barbara PAUL(SNP)'],['Fiona Jane MURDOCH (Ind)'],['Pearl Barbara PAUL(SNP)'],['Pearl Barbara PAUL(SNP)'],['Pearl Barbara PAUL(SNP)'],['Pearl Barbara PAUL(SNP)'],['Pearl Barbara PAUL(SNP)'],['Pearl Barbara PAUL(SNP)'],['Pearl Barbara PAUL(SNP)'],['Pearl Barbara PAUL(SNP)'],['Pearl Barbara PAUL(SNP)'],['Pearl Barbara PAUL(SNP)'],['Pearl Barbara PAUL(SNP)'],['Pearl Barbara PAUL(SNP)'],['Pearl Barbara PAUL(SNP)'],['Pearl Barbara PAUL(SNP)'],['Fiona Jane MURDOCH (Ind)'],['Pearl Barbara PAUL(SNP)'],['Pearl Barbara PAUL(SNP)'],['Pearl Barbara PAUL(SNP)'],['Pearl Barbara PAUL(SNP)'],['Pearl Barbara PAUL(SNP)'],['Pearl Barbara PAUL(SNP)'],['Pearl Barbara PAUL(SNP)'],['Pearl Barbara PAUL(SNP)'],['Pearl Barbara PAUL(SNP)'],['Pearl Barbara PAUL(SNP)']
raw_data/scotland/processed_data/clackmannanshire12-ballots/ClackmannanshireNorth_clacks12-02.csv,5,['(SNP) Donald BALSILLIE'],['(SNP) Donald BALSILLIE'],['(SNP) Donald BALSILLIE'],['(SNP) Donald BALSILLIE'],['(SNP) Donald BALSILLIE'],['(SNP) Donald BALSILLIE'],['(SNP) Donald BALSILLIE'],['(SNP) Donald BALSILLIE'],['(SNP) Donald BALSILLIE'],['(SNP) Donald BALSILLIE'],['(SNP) Donald BALSILLIE'],['(SNP) Donald BALSILLIE'],['(SNP) Donald BALSILLIE'],['(SNP) Donald BALSILLIE'],['(SNP) Donald BALSILLIE'],['(SNP) Donald BALSILLIE'],['(SNP) Donald BALSILLIE'],['(SNP) Donald BALSILLIE'],['(SNP) Donald BALSILLIE'],['(SNP) Donald BALSILLIE'],['(SNP) Donald BALSILLIE'],['(SNP) Donald BALSILLIE'],['(SNP) Donald BALSILLIE'],['(SNP) Donald BALSILLIE'],['(SNP) Donald BALSILLIE'],['(SNP) Donald BALSILLIE'],['(SNP) Donald BALSILLIE'],['(SNP) Donald BALSILLIE'],['(SNP) Donald BALSILLIE'],['(SNP) Donald BALSILLIE']
raw_data/scotland/processed_data/clackmannanshire12-ballots/ClackmannanshireSouth_clacks12-04.csv,3,['(SNP) Craig HOLDEN'],['(SNP) Craig HOLDEN'],['(SNP) Craig HOLDEN'],['(SNP) Craig HOLDEN'],['(SNP) Craig HOLDEN'],['(SNP) Craig HOLDEN'],['(SNP) Craig HOLDEN'],['(SNP) Craig HOLDEN'],['(SNP) Craig HOLDEN'],['(SNP) Craig HOLDEN'],['(SNP) Craig HOLDEN'],['(SNP) Craig HOLDEN'],['(SNP) Craig HOLDEN'],['(SNP) Craig HOLDEN'],['(SNP) Craig HOLDEN'],['(SNP) Craig HOLDEN'],['(SNP) Craig HOLDEN'],['(SNP) Craig HOLDEN'],['(SNP) Craig HOLDEN'],['(SNP) Craig HOLDEN'],['(SNP) Craig HOLDEN'],['(SNP) Craig HOLDEN'],['(SNP) Craig HOLDEN'],['(SNP) Craig HOLDEN'],['(SNP) Craig HOLDEN'],['(SNP) Craig HOLDEN'],['(SNP) Craig HOLDEN'],['(SNP) Craig HOLDEN'],['(SNP) Craig HOLDEN'],['(SNP) Craig HOLDEN']
raw_data/scotland/processed_data/clackmannanshire12-ballots/ClackmannanshireEast_clacks12-05.csv,3,['(SNP) Irene HAMILTON'],['(SNP) Irene HAMILTON'],['(SNP) Irene HAMILTON'],['(SNP) Irene HAMILTON'],['(SNP) Irene HAMILTON'],['(SNP) Irene HAMILTON'],['(SNP) Irene HAMILTON'],['(SNP) Irene HAMILTON'],['(SNP) Irene HAMILTON'],['(SNP) Irene HAMILTON'],['(SNP) Irene HAMILTON'],['(SNP) Irene HAMILTON'],['(SNP) Irene HAMILTON'],['(SNP) Irene HAMILTON'],['(SNP) Irene HAMILTON'],['(SNP) Irene HAMILTON'],['(SNP) Irene HAMILTON'],['(SNP) Irene HAMILTON'],['(SNP) Irene HAMILTON'],['(SNP) Irene HAMILTON'],['(SNP) Irene HAMILTON'],['(SNP) Irene HAMILTON'],['(SNP) Irene HAMILTON'],['(SNP) Irene HAMILTON'],['(SNP) Irene HAMILTON'],['(SNP) Irene HAMILTON'],['(SNP) Irene HAMILTON'],['(SNP) Irene HAMILTON'],['(SNP) Irene HAMILTON'],['(SNP) Irene HAMILTON']
raw_data/scotland/processed_data/clackmannanshire12-ballots/ClackmannanshireCentral_clacks12-03.csv,4,['(Lab) Derek STEWART'],['(Lab) Derek STEWART'],['(Lab) Derek STEWART'],['(Lab) Derek STEWART'],['(Lab) Derek STEWART'],['(Lab) Derek STEWART'],['(Lab) Derek STEWART'],['(Lab) Derek STEWART'],['(Lab) Derek STEWART'],['(Lab) Derek STEWART'],['(Lab) Derek STEWART'],['(Lab) Derek STEWART'],['(Lab) Derek STEWART'],['(Lab) Derek STEWART'],['(Lab) Derek STEWART'],['(Lab) Derek STEWART'],['(Lab) Derek STEWART'],['(Lab) Derek STEWART'],['(Lab) Derek STEWART'],['(Lab) Derek STEWART'],['(Lab) Derek STEWART'],['(Lab) Derek STEWART'],['(Lab) Derek STEWART'],['(Lab) Derek STEWART'],['(Lab) Derek STEWART'],['(Lab) Derek STEWART'],['(Lab) Derek STEWART'],['(Lab) Derek STEWART'],['(Lab) Derek STEWART'],['(Lab) Derek STEWART']
raw_data/scotland/processed_data/clackmannanshire12-ballots/ClackmannanshireWest_clacks12-01.csv,4,['(Lab) George MATCHETT'],['(Lab) George MATCHETT'],['(Lab) George MATCHETT'],['(Lab) George MATCHETT'],['(Lab) George MATCHETT'],['(Lab) George MATCHETT'],['(Lab) George MATCHETT'],['(Lab) George MATCHETT'],['(Lab) George MATCHETT'],['(Lab) George MATCHETT'],['(Lab) George MATCHETT'],['(Lab) George MATCHETT'],['(Lab) George MATCHETT'],['(Lab) George MATCHETT'],['(Lab) George MATCHETT'],['(Lab) George MATCHETT'],['(Lab) George MATCHETT'],['(Lab) George MATCHETT'],['(Lab) George MATCHETT'],['(Lab) George MATCHETT'],['(Lab) George MATCHETT'],['(Lab) George MATCHETT'],['(Lab) George MATCHETT'],['(Lab) George MATCHETT'],['(Lab) George MATCHETT'],['(Lab) George MATCHETT'],['(Lab) George MATCHETT'],['(Lab) George MATCHETT'],['(Lab) George MATCHETT'],['(Lab) George MATCHETT']
raw_data/scotland/processed_data/n-ayrshire22/Ward04-Arran_Preference-Profile-Arran_copy.csv,6,['Timothy BILLINGS (Con)'],['Timothy BILLINGS (Con)'],['Timothy BILLINGS (Con)'],['Timothy BILLINGS (Con)'],['Steve GARRAWAY (SNP)'],['Timothy BILLINGS (Con)'],['Timothy BILLINGS (Con)'],['Timothy BILLINGS (Con)'],['Timothy BILLINGS (Con)'],['Timothy BILLINGS (Con)'],['Timothy BILLINGS (Con)'],['Timothy BILLINGS (Con)'],['Timothy BILLINGS (Con)'],['Tom YOUNG (Ind)'],['Timothy BILLINGS (Con)'],['Timothy BILLINGS (Con)'],['Timothy BILLINGS (Con)'],['Timothy BILLINGS (Con)'],['Timothy BILLINGS (Con)'],['Timothy BILLINGS (Con)'],['Timothy BILLINGS (Con)'],['Timothy BILLINGS (Con)'],['Timothy BILLINGS (Con)'],['Timothy BILLINGS (Con)'],['Timothy BILLINGS (Con)'],['Timothy BILLINGS (Con)'],['Timothy BILLINGS (Con)'],['Timothy BILLINGS (Con)'],['Tom YOUNG (Ind)'],['Timothy BILLINGS (Con)']
raw_data/scotland/processed_data/n-ayrshire22/Ward07-IrvineWest_Preference-Profile-Irvine-West_copy.csv,8,['Shaun MACAULAY (SNP)'],['Shaun MACAULAY (SNP)'],['Shaun MACAULAY (SNP)'],['Shaun MACAULAY (SNP)'],['Louise MCPHATER (Lab)'],['Shaun MACAULAY (SNP)'],['Shaun MACAULAY (SNP)'],['Shaun MACAULAY (SNP)'],['Shaun MACAULAY (SNP)'],['Shaun MACAULAY (SNP)'],['Shaun MACAULAY (SNP)'],['Shaun MACAULAY (SNP)'],['Shaun MACAULAY (SNP)'],['Shaun MACAULAY (SNP)'],['Shaun MACAULAY (SNP)'],['Shaun MACAULAY (SNP)'],['Shaun MACAULAY (SNP)'],['Shaun MACAULAY (SNP)'],['Shaun MACAULAY (SNP)'],['Louise MCPHATER (Lab)'],['Shaun MACAULAY (SNP)'],['Shaun MACAULAY (SNP)'],['Shaun MACAULAY (SNP)'],['Shaun MACAULAY (SNP)'],['Shaun MACAULAY (SNP)'],['Shaun MACAULAY (SNP)'],['Shaun MACAULAY (SNP)'],['Shaun MACAULAY (SNP)'],['Louise MCPHATER (Lab)'],['Shaun MACAULAY (SNP)']
raw_data/scotland/processed_data/n-ayrshire22/Ward03-Ardrossan_Preference-Profile-Ardrossan_copy.csv,6,['Tony GURNEY (SNP)'],['Tony GURNEY (SNP)'],['Tony GURNEY (SNP)'],['Amanda KERR (Lab)'],['Amanda KERR (Lab)'],['Amanda KERR (Lab)'],['Tony GURNEY (SNP)'],['Tony GURNEY (SNP)'],['Tony GURNEY (SNP)'],['Tony GURNEY (SNP)'],['Tony GURNEY (SNP)'],['Tony GURNEY (SNP)'],['Tony GURNEY (SNP)'],['Amanda KERR (Lab)'],['Tony GURNEY (SNP)'],['Tony GURNEY (SNP)'],['Tony GURNEY (SNP)'],['Tony GURNEY (SNP)'],['Tony GURNEY (SNP)'],['Amanda KERR (Lab)'],['Amanda KERR (Lab)'],['Amanda KERR (Lab)'],['Tony GURNEY (SNP)'],['Tony GURNEY (SNP)'],['Tony GURNEY (SNP)'],['Tony GURNEY (SNP)'],['Tony GURNEY (SNP)'],['Tony GURNEY (SNP)'],['Amanda KERR (Lab)'],['Tony GURNEY (SNP)']
raw_data/scotland/processed_data/n-ayrshire22/Ward09-IrvineSouth_Preference-Profile-Irvine-South_copy.csv,5,['Christina LARSEN (SNP)'],['Christina LARSEN (SNP)'],['Christina LARSEN (SNP)'],['Christina LARSEN (SNP)'],['Robert FOSTER (Lab)'],['Robert FOSTER (Lab)'],['Christina LARSEN (SNP)'],['Christina LARSEN (SNP)'],['Christina LARSEN (SNP)'],['Christina LARSEN (SNP)'],['Christina LARSEN (SNP)'],['Christina LARSEN (SNP)'],['Christina LARSEN (SNP)'],['Robert FOSTER (Lab)'],['Christina LARSEN (SNP)'],['Christina LARSEN (SNP)'],['Christina LARSEN (SNP)'],['Christina LARSEN (SNP)'],['Christina LARSEN (SNP)'],['Robert FOSTER (Lab)'],['Robert FOSTER (Lab)'],['Robert FOSTER (Lab)'],['Christina LARSEN (SNP)'],['Christina LARSEN (SNP)'],['Christina LARSEN (SNP)'],['Christina LARSEN (SNP)'],['Christina LARSEN (SNP)'],['Christina LARSEN (SNP)'],['Robert FOSTER (Lab)'],['Christina LARSEN (SNP)']
raw_data/scotland/processed_data/n-ayrshire22/Ward08-IrvineEast_Preference-Profile-Irvine-East_copy.csv,6,['Marie BURNS (SNP)'],['Marie BURNS (SNP)'],['Marie BURNS (SNP)'],['Marie BURNS (SNP)'],['Nairn MCDONALD (Labour and Co-operative Party)'],['Marie BURNS (SNP)'],['Marie BURNS (SNP)'],['Marie BURNS (SNP)'],['Marie BURNS (SNP)'],['Marie BURNS (SNP)'],['Marie BURNS (SNP)'],['Marie BURNS (SNP)'],['Marie BURNS (SNP)'],['Marie BURNS (SNP)'],['Marie BURNS (SNP)'],['Marie BURNS (SNP)'],['Marie BURNS (SNP)'],['Marie BURNS (SNP)'],['Marie BURNS (SNP)'],['Marie BURNS (SNP)'],['Marie BURNS (SNP)'],['Marie BURNS (SNP)'],['Marie BURNS (SNP)'],['Marie BURNS (SNP)'],['Marie BURNS (SNP)'],['Marie BURNS (SNP)'],['Marie BURNS (SNP)'],['Marie BURNS (SNP)'],['Marie BURNS (SNP)'],['Marie BURNS (SNP)']
raw_data/scotland/processed_data/n-ayrshire22/Ward01-NorthCoast_Preference-Profile-North-Coast_copy.csv,10,['Alan HILL (SNP)'],['Alan HILL (SNP)'],['Alan HILL (SNP)'],['Ian MURDOCH (Ind)'],['Ian MURDOCH (Ind)'],['Ian MURDOCH (Ind)'],['Alan HILL (SNP)'],['Ian MURDOCH (Ind)'],['Ian MURDOCH (Ind)'],['Ian MURDOCH (Ind)'],['Ian MURDOCH (Ind)'],['Ian MURDOCH (Ind)'],['Ian MURDOCH (Ind)'],['Ian MURDOCH (Ind)'],['Ian MURDOCH (Ind)'],['Alan HILL (SNP)'],['Alan HILL (SNP)'],['Alan HILL (SNP)'],['Alan HILL (SNP)'],['Ian MURDOCH (Ind)'],['Ian MURDOCH (Ind)'],['Ian MURDOCH (Ind)'],['Ian MURDOCH (Ind)'],['Ian MURDOCH (Ind)'],['Ian MURDOCH (Ind)'],['Ian MURDOCH (Ind)'],['Ian MURDOCH (Ind)'],['Ian MURDOCH (Ind)'],['Ian MURDOCH (Ind)'],['Ian MURDOCH (Ind)']
raw_data/scotland/processed_data/n-ayrshire22/Ward06-Kilwinning_Preference-Profile-Kilwinning_copy.csv,4,['Joe CULLINANE (Labour and Co-operative Party)'],['Joe CULLINANE (Labour and Co-operative Party)'],['Joe CULLINANE (Labour and Co-operative Party)'],['Joe CULLINANE (Labour and Co-operative Party)'],['Joe CULLINANE (Labour and Co-operative Party)'],['Joe CULLINANE (Labour and Co-operative Party)'],['Joe CULLINANE (Labour and Co-operative Party)'],['Joe CULLINANE (Labour and Co-operative Party)'],['Joe CULLINANE (Labour and Co-operative Party)'],['Joe CULLINANE (Labour and Co-operative Party)'],['Joe CULLINANE (Labour and Co-operative Party)'],['Joe CULLINANE (Labour and Co-operative Party)'],['Joe CULLINANE (Labour and Co-operative Party)'],['Joe CULLINANE (Labour and Co-operative Party)'],['Joe CULLINANE (Labour and Co-operative Party)'],['Joe CULLINANE (Labour and Co-operative Party)'],['Joe CULLINANE (Labour and Co-operative Party)'],['Joe CULLINANE (Labour and Co-operative Party)'],['Joe CULLINANE (Labour and Co-operative Party)'],['Joe CULLINANE (Labour and Co-operative Party)'],['Joe CULLINANE (Labour and Co-operative Party)'],['Joe CULLINANE (Labour and Co-operative Party)'],['Joe CULLINANE (Labour and Co-operative Party)'],['Joe CULLINANE (Labour and Co-operative Party)'],['Joe CULLINANE (Labour and Co-operative Party)'],['Joe CULLINANE (Labour and Co-operative Party)'],['Joe CULLINANE (Labour and Co-operative Party)'],['Joe CULLINANE (Labour and Co-operative Party)'],['Joe CULLINANE (Labour and Co-operative Party)'],['Joe CULLINANE (Labour and Co-operative Party)']
raw_data/scotland/processed_data/n-ayrshire22/Ward02-GarnockValley_Preference-Profile-Garnock-Valley_copy.csv,8,['Anthea DICKSON (SNP)'],['Donald L REID (Ind)'],['Donald L REID (Ind)'],['Donald L REID (Ind)'],['Donald L REID (Ind)'],['Donald L REID (Ind)'],['Donald L REID (Ind)'],['Donald L REID (Ind)'],['Donald L REID (Ind)'],['Donald L REID (Ind)'],['Donald L REID (Ind)'],['Donald L REID (Ind)'],['Donald L REID (Ind)'],['Donald L REID (Ind)'],['Donald L REID (Ind)'],['Anthea DICKSON (SNP)'],['Donald L REID (Ind)'],['Anthea DICKSON (SNP)'],['Donald L REID (Ind)'],['Donald L REID (Ind)'],['Donald L REID (Ind)'],['Donald L REID (Ind)'],['Donald L REID (Ind)'],['Donald L REID (Ind)'],['Donald L REID (Ind)'],['Donald L REID (Ind)'],['Donald L REID (Ind)'],['Donald L REID (Ind)'],['Donald L REID (Ind)'],['Donald L REID (Ind)']
raw_data/scotland/processed_data/n-ayrshire22/Preference-Profile-Saltcoats-and-Stevenston_copy.csv,6,['Jean MCCLUNG (SNP)'],['Jim MONTGOMERIE (Lab)'],['Jim MONTGOMERIE (Lab)'],['Jim MONTGOMERIE (Lab)'],['Jim MONTGOMERIE (Lab)'],['Jim MONTGOMERIE (Lab)'],['Jim MONTGOMERIE (Lab)'],['Jim MONTGOMERIE (Lab)'],['Jim MONTGOMERIE (Lab)'],['Jim MONTGOMERIE (Lab)'],['Jim MONTGOMERIE (Lab)'],['Jim MONTGOMERIE (Lab)'],['Jim MONTGOMERIE (Lab)'],['Jim MONTGOMERIE (Lab)'],['Jim MONTGOMERIE (Lab)'],['Jean MCCLUNG (SNP)'],['Jim MONTGOMERIE (Lab)'],['Jim MONTGOMERIE (Lab)'],['Jim MONTGOMERIE (Lab)'],['Jim MONTGOMERIE (Lab)'],['Jim MONTGOMERIE (Lab)'],['Jim MONTGOMERIE (Lab)'],['Jim MONTGOMERIE (Lab)'],['Jim MONTGOMERIE (Lab)'],['Jim MONTGOMERIE (Lab)'],['Jim MONTGOMERIE (Lab)'],['Jim MONTGOMERIE (Lab)'],['Jim MONTGOMERIE (Lab)'],['Jim MONTGOMERIE (Lab)'],['Jim MONTGOMERIE (Lab)']
raw_data/scotland/processed_data/highland17-ballots/Ward3-WickandEastCaithness_highland17-03.csv,9,['A.I. Willie MACKAY (Ind)'],['A.I. Willie MACKAY (Ind)'],['A.I. Willie MACKAY (Ind)'],['A.I. Willie MACKAY (Ind)'],['A.I. Willie MACKAY (Ind)'],['A.I. Willie MACKAY (Ind)'],['A.I. Willie MACKAY (Ind)'],['A.I. Willie MACKAY (Ind)'],['A.I. Willie MACKAY (Ind)'],['A.I. Willie MACKAY (Ind)'],['A.I. Willie MACKAY (Ind)'],['A.I. Willie MACKAY (Ind)'],['A.I. Willie MACKAY (Ind)'],['A.I. Willie MACKAY (Ind)'],['A.I. Willie MACKAY (Ind)'],['A.I. Willie MACKAY (Ind)'],['A.I. Willie MACKAY (Ind)'],['A.I. Willie MACKAY (Ind)'],['A.I. Willie MACKAY (Ind)'],['A.I. Willie MACKAY (Ind)'],['A.I. Willie MACKAY (Ind)'],['A.I. Willie MACKAY (Ind)'],['A.I. Willie MACKAY (Ind)'],['A.I. Willie MACKAY (Ind)'],['A.I. Willie MACKAY (Ind)'],['A.I. Willie MACKAY (Ind)'],['A.I. Willie MACKAY (Ind)'],['A.I. Willie MACKAY (Ind)'],['A.I. Willie MACKAY (Ind)'],['A.I. Willie MACKAY (Ind)']
raw_data/scotland/processed_data/highland17-ballots/Ward8-DingwallandSeaforth_highland17-08.csv,7,['Graham Alexander MACKENZIE (SNP)'],['Angela MACLEAN (LD)'],['Angela MACLEAN (LD)'],['Margaret PATERSON (Ind)'],['Margaret PATERSON (Ind)'],['Margaret PATERSON (Ind)'],['Margaret PATERSON (Ind)'],['Angela MACLEAN (LD)'],['Angela MACLEAN (LD)'],['Angela MACLEAN (LD)'],['Angela MACLEAN (LD)'],['Angela MACLEAN (LD)'],['Angela MACLEAN (LD)'],['Margaret PATERSON (Ind)'],['Angela MACLEAN (LD)'],['Graham Alexander MACKENZIE (SNP)'],['Angela MACLEAN (LD)'],['Angela MACLEAN (LD)'],['Margaret PATERSON (Ind)'],['Angela MACLEAN (LD)'],['Margaret PATERSON (Ind)'],['Margaret PATERSON (Ind)'],['Angela MACLEAN (LD)'],['Angela MACLEAN (LD)'],['Angela MACLEAN (LD)'],['Angela MACLEAN (LD)'],['Angela MACLEAN (LD)'],['Angela MACLEAN (LD)'],['Margaret PATERSON (Ind)'],['Angela MACLEAN (LD)']
raw_data/scotland/processed_data/highland17-ballots/Ward20-BadenochandStrathspey_highland17-20.csv,8,['John BRUCE (Con)'],['Bill LOBBAN (Ind)'],['Bill LOBBAN (Ind)'],['Bill LOBBAN (Ind)'],['Bill LOBBAN (Ind)'],['Bill LOBBAN (Ind)'],['Bill LOBBAN (Ind)'],['Bill LOBBAN (Ind)'],['Bill LOBBAN (Ind)'],['Bill LOBBAN (Ind)'],['Bill LOBBAN (Ind)'],['Bill LOBBAN (Ind)'],['Bill LOBBAN (Ind)'],['Bill LOBBAN (Ind)'],['Bill LOBBAN (Ind)'],['John BRUCE (Con)'],['Bill LOBBAN (Ind)'],['Bill LOBBAN (Ind)'],['Bill LOBBAN (Ind)'],['Bill LOBBAN (Ind)'],['Bill LOBBAN (Ind)'],['Bill LOBBAN (Ind)'],['Bill LOBBAN (Ind)'],['Bill LOBBAN (Ind)'],['Bill LOBBAN (Ind)'],['Bill LOBBAN (Ind)'],['Bill LOBBAN (Ind)'],['Bill LOBBAN (Ind)'],['Bill LOBBAN (Ind)'],['Bill LOBBAN (Ind)']
raw_data/scotland/processed_data/highland17-ballots/Ward15-InvernessNess-side_highland17-15.csv,6,['Alasdair CHRISTIE (LD)'],['Alasdair CHRISTIE (LD)'],['Alasdair CHRISTIE (LD)'],['Alasdair CHRISTIE (LD)'],['Alasdair CHRISTIE (LD)'],['Alasdair CHRISTIE (LD)'],['Alasdair CHRISTIE (LD)'],['Alasdair CHRISTIE (LD)'],['Alasdair CHRISTIE (LD)'],['Alasdair CHRISTIE (LD)'],['Alasdair CHRISTIE (LD)'],['Alasdair CHRISTIE (LD)'],['Alasdair CHRISTIE (LD)'],['Alasdair CHRISTIE (LD)'],['Alasdair CHRISTIE (LD)'],['Alasdair CHRISTIE (LD)'],['Alasdair CHRISTIE (LD)'],['Alasdair CHRISTIE (LD)'],['Alasdair CHRISTIE (LD)'],['Alasdair CHRISTIE (LD)'],['Alasdair CHRISTIE (LD)'],['Alasdair CHRISTIE (LD)'],['Alasdair CHRISTIE (LD)'],['Alasdair CHRISTIE (LD)'],['Alasdair CHRISTIE (LD)'],['Alasdair CHRISTIE (LD)'],['Alasdair CHRISTIE (LD)'],['Alasdair CHRISTIE (LD)'],['Alasdair CHRISTIE (LD)'],['Alasdair CHRISTIE (LD)']
raw_data/scotland/processed_data/highland17-ballots/Ward10-Eileana'Cheo_highland17-10.csv,11,['John FINLAYSON (Ind)'],['John FINLAYSON (Ind)'],['John FINLAYSON (Ind)'],['John FINLAYSON (Ind)'],['John FINLAYSON (Ind)'],['John FINLAYSON (Ind)'],['John FINLAYSON (Ind)'],['John FINLAYSON (Ind)'],['John FINLAYSON (Ind)'],['John FINLAYSON (Ind)'],['John FINLAYSON (Ind)'],['John FINLAYSON (Ind)'],['John FINLAYSON (Ind)'],['John FINLAYSON (Ind)'],['John FINLAYSON (Ind)'],['John FINLAYSON (Ind)'],['John FINLAYSON (Ind)'],['John FINLAYSON (Ind)'],['John FINLAYSON (Ind)'],['John FINLAYSON (Ind)'],['John FINLAYSON (Ind)'],['John FINLAYSON (Ind)'],['John FINLAYSON (Ind)'],['John FINLAYSON (Ind)'],['John FINLAYSON (Ind)'],['John FINLAYSON (Ind)'],['John FINLAYSON (Ind)'],['John FINLAYSON (Ind)'],['John FINLAYSON (Ind)'],['John FINLAYSON (Ind)']
raw_data/scotland/processed_data/highland17-ballots/Ward7-TainandEasterRoss_highland17-07.csv,6,['Derek LOUDEN (SNP)'],['Fiona ROBERTSON (Ind)'],['Fiona ROBERTSON (Ind)'],['Fiona ROBERTSON (Ind)'],['Fiona ROBERTSON (Ind)'],['Fiona ROBERTSON (Ind)'],['Fiona ROBERTSON (Ind)'],['Fiona ROBERTSON (Ind)'],['Fiona ROBERTSON (Ind)'],['Fiona ROBERTSON (Ind)'],['Fiona ROBERTSON (Ind)'],['Fiona ROBERTSON (Ind)'],['Fiona ROBERTSON (Ind)'],['Fiona ROBERTSON (Ind)'],['Fiona ROBERTSON (Ind)'],['Fiona ROBERTSON (Ind)'],['Fiona ROBERTSON (Ind)'],['Fiona ROBERTSON (Ind)'],['Fiona ROBERTSON (Ind)'],['Fiona ROBERTSON (Ind)'],['Fiona ROBERTSON (Ind)'],['Fiona ROBERTSON (Ind)'],['Fiona ROBERTSON (Ind)'],['Fiona ROBERTSON (Ind)'],['Fiona ROBERTSON (Ind)'],['Fiona ROBERTSON (Ind)'],['Fiona ROBERTSON (Ind)'],['Fiona ROBERTSON (Ind)'],['Fiona ROBERTSON (Ind)'],['Fiona ROBERTSON (Ind)']
raw_data/scotland/processed_data/highland17-ballots/Ward21-FortWilliamandArdnamurchan_highland17-21.csv,6,['Andrew Phillip BAXTER (Ind)'],['Andrew Phillip BAXTER (Ind)'],['Andrew Phillip BAXTER (Ind)'],['Andrew Phillip BAXTER (Ind)'],['Andrew Phillip BAXTER (Ind)'],['Andrew Phillip BAXTER (Ind)'],['Andrew Phillip BAXTER (Ind)'],['Andrew Phillip BAXTER (Ind)'],['Andrew Phillip BAXTER (Ind)'],['Andrew Phillip BAXTER (Ind)'],['Andrew Phillip BAXTER (Ind)'],['Andrew Phillip BAXTER (Ind)'],['Andrew Phillip BAXTER (Ind)'],['Andrew Phillip BAXTER (Ind)'],['Andrew Phillip BAXTER (Ind)'],['Andrew Phillip BAXTER (Ind)'],['Andrew Phillip BAXTER (Ind)'],['Andrew Phillip BAXTER (Ind)'],['Andrew Phillip BAXTER (Ind)'],['Andrew Phillip BAXTER (Ind)'],['Andrew Phillip BAXTER (Ind)'],['Andrew Phillip BAXTER (Ind)'],['Andrew Phillip BAXTER (Ind)'],['Andrew Phillip BAXTER (Ind)'],['Andrew Phillip BAXTER (Ind)'],['Andrew Phillip BAXTER (Ind)'],['Andrew Phillip BAXTER (Ind)'],['Andrew Phillip BAXTER (Ind)'],['Andrew Phillip BAXTER (Ind)'],['Andrew Phillip BAXTER (Ind)']
raw_data/scotland/processed_data/highland17-ballots/Ward16-InvernessMillburn_highland17-16.csv,6,['Jimmy GRAY (Lab)'],['Jimmy GRAY (Lab)'],['Jimmy GRAY (Lab)'],['Jimmy GRAY (Lab)'],['Jimmy GRAY (Lab)'],['Jimmy GRAY (Lab)'],['Jimmy GRAY (Lab)'],['Jimmy GRAY (Lab)'],['Jimmy GRAY (Lab)'],['Jimmy GRAY (Lab)'],['Jimmy GRAY (Lab)'],['Jimmy GRAY (Lab)'],['Jimmy GRAY (Lab)'],['Jimmy GRAY (Lab)'],['Jimmy GRAY (Lab)'],['Ian BROWN (SNP)'],['Jimmy GRAY (Lab)'],['Jimmy GRAY (Lab)'],['Jimmy GRAY (Lab)'],['Jimmy GRAY (Lab)'],['Jimmy GRAY (Lab)'],['Jimmy GRAY (Lab)'],['Jimmy GRAY (Lab)'],['Jimmy GRAY (Lab)'],['Jimmy GRAY (Lab)'],['Jimmy GRAY (Lab)'],['Jimmy GRAY (Lab)'],['Jimmy GRAY (Lab)'],['Jimmy GRAY (Lab)'],['Jimmy GRAY (Lab)']
raw_data/scotland/processed_data/highland17-ballots/Ward17-CullodenandArdersier_highland17-17.csv,7,['Glynis CAMPBELL-SINCLAIR (SNP)'],['Roddy BALFOUR (Ind)'],['Roddy BALFOUR (Ind)'],['Roddy BALFOUR (Ind)'],['Roddy BALFOUR (Ind)'],['Roddy BALFOUR (Ind)'],['Glynis CAMPBELL-SINCLAIR (SNP)'],['Roddy BALFOUR (Ind)'],['Roddy BALFOUR (Ind)'],['Roddy BALFOUR (Ind)'],['Roddy BALFOUR (Ind)'],['Roddy BALFOUR (Ind)'],['Roddy BALFOUR (Ind)'],['Roddy BALFOUR (Ind)'],['Roddy BALFOUR (Ind)'],['Glynis CAMPBELL-SINCLAIR (SNP)'],['Roddy BALFOUR (Ind)'],['Roddy BALFOUR (Ind)'],['Roddy BALFOUR (Ind)'],['Roddy BALFOUR (Ind)'],['Roddy BALFOUR (Ind)'],['Roddy BALFOUR (Ind)'],['Roddy BALFOUR (Ind)'],['Roddy BALFOUR (Ind)'],['Roddy BALFOUR (Ind)'],['Roddy BALFOUR (Ind)'],['Roddy BALFOUR (Ind)'],['Roddy BALFOUR (Ind)'],['Roddy BALFOUR (Ind)'],['Roddy BALFOUR (Ind)']
raw_data/scotland/processed_data/highland17-ballots/Ward19-InvernessSouth_highland17-19.csv,7,['KEN GOWANS (SNP)'],['KEN GOWANS (SNP)'],['KEN GOWANS (SNP)'],['Carolyn CADDICK (LD)'],['Carolyn CADDICK (LD)'],['Carolyn CADDICK (LD)'],['KEN GOWANS (SNP)'],['Carolyn CADDICK (LD)'],['Carolyn CADDICK (LD)'],['Carolyn CADDICK (LD)'],['Carolyn CADDICK (LD)'],['Carolyn CADDICK (LD)'],['Carolyn CADDICK (LD)'],['Carolyn CADDICK (LD)'],['Carolyn CADDICK (LD)'],['KEN GOWANS (SNP)'],['KEN GOWANS (SNP)'],['KEN GOWANS (SNP)'],['Carolyn CADDICK (LD)'],['Carolyn CADDICK (LD)'],['Carolyn CADDICK (LD)'],['Carolyn CADDICK (LD)'],['Carolyn CADDICK (LD)'],['Carolyn CADDICK (LD)'],['Carolyn CADDICK (LD)'],['Carolyn CADDICK (LD)'],['Carolyn CADDICK (LD)'],['Carolyn CADDICK (LD)'],['Carolyn CADDICK (LD)'],['Carolyn CADDICK (LD)']
raw_data/scotland/processed_data/highland17-ballots/Ward12-AirdandLochNess_highland17-12.csv,6,['Margaret DAVIDSON (Ind)'],['Margaret DAVIDSON (Ind)'],['Margaret DAVIDSON (Ind)'],['Margaret DAVIDSON (Ind)'],['Margaret DAVIDSON (Ind)'],['Margaret DAVIDSON (Ind)'],['Margaret DAVIDSON (Ind)'],['Margaret DAVIDSON (Ind)'],['Margaret DAVIDSON (Ind)'],['Margaret DAVIDSON (Ind)'],['Margaret DAVIDSON (Ind)'],['Margaret DAVIDSON (Ind)'],['Margaret DAVIDSON (Ind)'],['Margaret DAVIDSON (Ind)'],['Margaret DAVIDSON (Ind)'],['Margaret DAVIDSON (Ind)'],['Margaret DAVIDSON (Ind)'],['Margaret DAVIDSON (Ind)'],['Margaret DAVIDSON (Ind)'],['Margaret DAVIDSON (Ind)'],['Margaret DAVIDSON (Ind)'],['Margaret DAVIDSON (Ind)'],['Margaret DAVIDSON (Ind)'],['Margaret DAVIDSON (Ind)'],['Margaret DAVIDSON (Ind)'],['Margaret DAVIDSON (Ind)'],['Margaret DAVIDSON (Ind)'],['Margaret DAVIDSON (Ind)'],['Margaret DAVIDSON (Ind)'],['Margaret DAVIDSON (Ind)']
raw_data/scotland/processed_data/highland17-ballots/Ward9-BlackIsle_highland17-09.csv,7,['Craig FRASER (SNP)'],['Gordon ADAM (LD)'],['Gordon ADAM (LD)'],['Gordon ADAM (LD)'],['Gordon ADAM (LD)'],['Gordon ADAM (LD)'],['Gordon ADAM (LD)'],['Gordon ADAM (LD)'],['Gordon ADAM (LD)'],['Gordon ADAM (LD)'],['Gordon ADAM (LD)'],['Gordon ADAM (LD)'],['Gordon ADAM (LD)'],['Gordon ADAM (LD)'],['Gordon ADAM (LD)'],['Craig FRASER (SNP)'],['Gordon ADAM (LD)'],['Gordon ADAM (LD)'],['Gordon ADAM (LD)'],['Gordon ADAM (LD)'],['Gordon ADAM (LD)'],['Gordon ADAM (LD)'],['Gordon ADAM (LD)'],['Gordon ADAM (LD)'],['Gordon ADAM (LD)'],['Gordon ADAM (LD)'],['Gordon ADAM (LD)'],['Gordon ADAM (LD)'],['Gordon ADAM (LD)'],['Gordon ADAM (LD)']
raw_data/scotland/processed_data/highland17-ballots/Ward11-CaolandMallaig_highland17-11.csv,7,['Allan HENDERSON (Ind)'],['Allan HENDERSON (Ind)'],['Allan HENDERSON (Ind)'],['Allan HENDERSON (Ind)'],['Allan HENDERSON (Ind)'],['Allan HENDERSON (Ind)'],['Allan HENDERSON (Ind)'],['Allan HENDERSON (Ind)'],['Allan HENDERSON (Ind)'],['Allan HENDERSON (Ind)'],['Allan HENDERSON (Ind)'],['Allan HENDERSON (Ind)'],['Allan HENDERSON (Ind)'],['Allan HENDERSON (Ind)'],['Allan HENDERSON (Ind)'],['Allan HENDERSON (Ind)'],['Allan HENDERSON (Ind)'],['Allan HENDERSON (Ind)'],['Allan HENDERSON (Ind)'],['Allan HENDERSON (Ind)'],['Allan HENDERSON (Ind)'],['Allan HENDERSON (Ind)'],['Allan HENDERSON (Ind)'],['Allan HENDERSON (Ind)'],['Allan HENDERSON (Ind)'],['Allan HENDERSON (Ind)'],['Allan HENDERSON (Ind)'],['Allan HENDERSON (Ind)'],['Allan HENDERSON (Ind)'],['Allan HENDERSON (Ind)']
raw_data/scotland/processed_data/highland17-ballots/Ward14-InvernessCentral_highland17-14.csv,8,['Richard LAIRD (SNP)'],['Richard LAIRD (SNP)'],['Richard LAIRD (SNP)'],['Richard LAIRD (SNP)'],['Richard LAIRD (SNP)'],['Richard LAIRD (SNP)'],['Richard LAIRD (SNP)'],['Richard LAIRD (SNP)'],['Richard LAIRD (SNP)'],['Richard LAIRD (SNP)'],['Richard LAIRD (SNP)'],['Richard LAIRD (SNP)'],['Richard LAIRD (SNP)'],['Richard LAIRD (SNP)'],['Richard LAIRD (SNP)'],['Richard LAIRD (SNP)'],['Richard LAIRD (SNP)'],['Richard LAIRD (SNP)'],['Richard LAIRD (SNP)'],['Richard LAIRD (SNP)'],['Richard LAIRD (SNP)'],['Richard LAIRD (SNP)'],['Richard LAIRD (SNP)'],['Richard LAIRD (SNP)'],['Richard LAIRD (SNP)'],['Richard LAIRD (SNP)'],['Richard LAIRD (SNP)'],['Richard LAIRD (SNP)'],['Richard LAIRD (SNP)'],['Richard LAIRD (SNP)']
raw_data/scotland/processed_data/highland17-ballots/Ward6-CromartyFirth_highland17-06.csv,8,['Pauline MUNRO (SNP)'],['Carolyn WILSON (Ind)'],['Carolyn WILSON (Ind)'],['Carolyn WILSON (Ind)'],['Carolyn WILSON (Ind)'],['Carolyn WILSON (Ind)'],['Carolyn WILSON (Ind)'],['Carolyn WILSON (Ind)'],['Carolyn WILSON (Ind)'],['Carolyn WILSON (Ind)'],['Carolyn WILSON (Ind)'],['Carolyn WILSON (Ind)'],['Carolyn WILSON (Ind)'],['Carolyn WILSON (Ind)'],['Carolyn WILSON (Ind)'],['Carolyn WILSON (Ind)'],['Carolyn WILSON (Ind)'],['Carolyn WILSON (Ind)'],['Carolyn WILSON (Ind)'],['Carolyn WILSON (Ind)'],['Carolyn WILSON (Ind)'],['Carolyn WILSON (Ind)'],['Carolyn WILSON (Ind)'],['Carolyn WILSON (Ind)'],['Carolyn WILSON (Ind)'],['Carolyn WILSON (Ind)'],['Carolyn WILSON (Ind)'],['Carolyn WILSON (Ind)'],['Carolyn WILSON (Ind)'],['Carolyn WILSON (Ind)']
raw_data/scotland/processed_data/highland17-ballots/Ward18-NairnandCawdor_highland17-18.csv,9,['Tom HEGGIE (Ind)'],['Tom HEGGIE (Ind)'],['Tom HEGGIE (Ind)'],['Tom HEGGIE (Ind)'],['Tom HEGGIE (Ind)'],['Tom HEGGIE (Ind)'],['Tom HEGGIE (Ind)'],['Tom HEGGIE (Ind)'],['Tom HEGGIE (Ind)'],['Tom HEGGIE (Ind)'],['Tom HEGGIE (Ind)'],['Tom HEGGIE (Ind)'],['Tom HEGGIE (Ind)'],['Tom HEGGIE (Ind)'],['Tom HEGGIE (Ind)'],['Tom HEGGIE (Ind)'],['Tom HEGGIE (Ind)'],['Tom HEGGIE (Ind)'],['Tom HEGGIE (Ind)'],['Tom HEGGIE (Ind)'],['Tom HEGGIE (Ind)'],['Tom HEGGIE (Ind)'],['Tom HEGGIE (Ind)'],['Tom HEGGIE (Ind)'],['Tom HEGGIE (Ind)'],['Tom HEGGIE (Ind)'],['Tom HEGGIE (Ind)'],['Tom HEGGIE (Ind)'],['Tom HEGGIE (Ind)'],['Tom HEGGIE (Ind)']
raw_data/scotland/processed_data/highland17-ballots/Ward13-InvernessWest_highland17-13.csv,6,['Alex GRAHAM (LD)'],['Alex GRAHAM (LD)'],['Alex GRAHAM (LD)'],['Alex GRAHAM (LD)'],['Alex GRAHAM (LD)'],['Alex GRAHAM (LD)'],['Alex GRAHAM (LD)'],['Alex GRAHAM (LD)'],['Alex GRAHAM (LD)'],['Alex GRAHAM (LD)'],['Alex GRAHAM (LD)'],['Alex GRAHAM (LD)'],['Alex GRAHAM (LD)'],['Alex GRAHAM (LD)'],['Alex GRAHAM (LD)'],['Alex GRAHAM (LD)'],['Alex GRAHAM (LD)'],['Alex GRAHAM (LD)'],['Alex GRAHAM (LD)'],['Alex GRAHAM (LD)'],['Alex GRAHAM (LD)'],['Alex GRAHAM (LD)'],['Alex GRAHAM (LD)'],['Alex GRAHAM (LD)'],['Alex GRAHAM (LD)'],['Alex GRAHAM (LD)'],['Alex GRAHAM (LD)'],['Alex GRAHAM (LD)'],['Alex GRAHAM (LD)'],['Alex GRAHAM (LD)']
raw_data/scotland/processed_data/highland17-ballots/Ward2-ThursoandNorthwestCaithness_highland17-02.csv,9,['Matthew REISS (Ind)'],['Matthew REISS (Ind)'],['Matthew REISS (Ind)'],['Matthew REISS (Ind)'],['Matthew REISS (Ind)'],['Matthew REISS (Ind)'],['Matthew REISS (Ind)'],['Matthew REISS (Ind)'],['Matthew REISS (Ind)'],['Matthew REISS (Ind)'],['Matthew REISS (Ind)'],['Matthew REISS (Ind)'],['Matthew REISS (Ind)'],['Matthew REISS (Ind)'],['Matthew REISS (Ind)'],['Matthew REISS (Ind)'],['Matthew REISS (Ind)'],['Matthew REISS (Ind)'],['Matthew REISS (Ind)'],['Matthew REISS (Ind)'],['Matthew REISS (Ind)'],['Matthew REISS (Ind)'],['Matthew REISS (Ind)'],['Matthew REISS (Ind)'],['Matthew REISS (Ind)'],['Matthew REISS (Ind)'],['Matthew REISS (Ind)'],['Matthew REISS (Ind)'],['Matthew REISS (Ind)'],['Matthew REISS (Ind)']
raw_data/scotland/processed_data/highland17-ballots/Ward4-EastSutherlandandEdderton_highland17-04.csv,7,['Deirdre MACKAY (Lab)'],['Deirdre MACKAY (Lab)'],['Deirdre MACKAY (Lab)'],['Deirdre MACKAY (Lab)'],['Deirdre MACKAY (Lab)'],['Deirdre MACKAY (Lab)'],['Deirdre MACKAY (Lab)'],['Deirdre MACKAY (Lab)'],['Deirdre MACKAY (Lab)'],['Deirdre MACKAY (Lab)'],['Deirdre MACKAY (Lab)'],['Deirdre MACKAY (Lab)'],['Deirdre MACKAY (Lab)'],['Deirdre MACKAY (Lab)'],['Deirdre MACKAY (Lab)'],['Deirdre MACKAY (Lab)'],['Deirdre MACKAY (Lab)'],['Deirdre MACKAY (Lab)'],['Deirdre MACKAY (Lab)'],['Deirdre MACKAY (Lab)'],['Deirdre MACKAY (Lab)'],['Deirdre MACKAY (Lab)'],['Deirdre MACKAY (Lab)'],['Deirdre MACKAY (Lab)'],['Deirdre MACKAY (Lab)'],['Deirdre MACKAY (Lab)'],['Deirdre MACKAY (Lab)'],['Deirdre MACKAY (Lab)'],['Deirdre MACKAY (Lab)'],['Deirdre MACKAY (Lab)']
"raw_data/scotland/processed_data/highland17-ballots/Ward1-North,WestandCentralSutherland_highland17-01.csv",8,['Russell TAYLOR (Con)'],['Linda MUNRO (LD)'],['Russell TAYLOR (Con)'],['Linda MUNRO (LD)'],['Hugh MORRISON (Ind)'],['Linda MUNRO (LD)'],['Linda MUNRO (LD)'],['Linda MUNRO (LD)'],['Linda MUNRO (LD)'],['Linda MUNRO (LD)'],['Linda MUNRO (LD)'],['Linda MUNRO (LD)'],['Linda MUNRO (LD)'],['Hugh MORRISON (Ind)'],['Linda MUNRO (LD)'],['Kirsteen CURRIE (SNP)'],['Linda MUNRO (LD)'],['Linda MUNRO (LD)'],['Linda MUNRO (LD)'],['Linda MUNRO (LD)'],['Linda MUNRO (LD)'],['Linda MUNRO (LD)'],['Linda MUNRO (LD)'],['Linda MUNRO (LD)'],['Linda MUNRO (LD)'],['Linda MUNRO (LD)'],['Linda MUNRO (LD)'],['Linda MUNRO (LD)'],['Linda MUNRO (LD)'],['Linda MUNRO (LD)']
"raw_data/scotland/processed_data/highland17-ballots/Ward5-WesterRoss,StrathpefferandLochalsh_highland17-05.csv",7,['Ian COCKBURN (SNP)'],['Biz CAMPBELL (Ind)'],['Ian COCKBURN (SNP)'],['Biz CAMPBELL (Ind)'],['Biz CAMPBELL (Ind)'],['Biz CAMPBELL (Ind)'],['Ian COCKBURN (SNP)'],['Biz CAMPBELL (Ind)'],['Biz CAMPBELL (Ind)'],['Biz CAMPBELL (Ind)'],['Biz CAMPBELL (Ind)'],['Biz CAMPBELL (Ind)'],['Biz CAMPBELL (Ind)'],['Biz CAMPBELL (Ind)'],['Biz CAMPBELL (Ind)'],['Ian COCKBURN (SNP)'],['Biz CAMPBELL (Ind)'],['Biz CAMPBELL (Ind)'],['Biz CAMPBELL (Ind)'],['Biz CAMPBELL (Ind)'],['Biz CAMPBELL (Ind)'],['Biz CAMPBELL (Ind)'],['Biz CAMPBELL (Ind)'],['Biz CAMPBELL (Ind)'],['Biz CAMPBELL (Ind)'],['Biz CAMPBELL (Ind)'],['Biz CAMPBELL (Ind)'],['Biz CAMPBELL (Ind)'],['Biz CAMPBELL (Ind)'],['Biz CAMPBELL (Ind)']
raw_data/scotland/processed_data/s-lanarks17-ballots/Ward18-HamiltonWestandEarnock_s-lanarks17-18.csv,5,['Mary DONNELLY (SNP)'],['Allan FALCONER (Lab)'],['Allan FALCONER (Lab)'],['Allan FALCONER (Lab)'],['Allan FALCONER (Lab)'],['Allan FALCONER (Lab)'],['Mary DONNELLY (SNP)'],['Allan FALCONER (Lab)'],['Allan FALCONER (Lab)'],['Allan FALCONER (Lab)'],['Allan FALCONER (Lab)'],['Allan FALCONER (Lab)'],['Allan FALCONER (Lab)'],['Allan FALCONER (Lab)'],['Allan FALCONER (Lab)'],['Mary DONNELLY (SNP)'],['Allan FALCONER (Lab)'],['Allan FALCONER (Lab)'],['Allan FALCONER (Lab)'],['Allan FALCONER (Lab)'],['Allan FALCONER (Lab)'],['Allan FALCONER (Lab)'],['Allan FALCONER (Lab)'],['Allan FALCONER (Lab)'],['Allan FALCONER (Lab)'],['Allan FALCONER (Lab)'],['Allan FALCONER (Lab)'],['Allan FALCONER (Lab)'],['Allan FALCONER (Lab)'],['Allan FALCONER (Lab)']
raw_data/scotland/processed_data/s-lanarks17-ballots/Ward2-ClydesdaleNorth_s-lanarks17-02.csv,7,['Richard ELIOTT-LOCKHART (Con)'],['Catherine MCCLYMONT (Lab)'],['Richard ELIOTT-LOCKHART (Con)'],['Catherine MCCLYMONT (Lab)'],['Catherine MCCLYMONT (Lab)'],['Catherine MCCLYMONT (Lab)'],['Catherine MCCLYMONT (Lab)'],['Catherine MCCLYMONT (Lab)'],['Catherine MCCLYMONT (Lab)'],['Catherine MCCLYMONT (Lab)'],['Catherine MCCLYMONT (Lab)'],['Catherine MCCLYMONT (Lab)'],['Catherine MCCLYMONT (Lab)'],['Catherine MCCLYMONT (Lab)'],['Catherine MCCLYMONT (Lab)'],['Richard ELIOTT-LOCKHART (Con)'],['Catherine MCCLYMONT (Lab)'],['Richard ELIOTT-LOCKHART (Con)'],['Catherine MCCLYMONT (Lab)'],['Catherine MCCLYMONT (Lab)'],['Catherine MCCLYMONT (Lab)'],['Catherine MCCLYMONT (Lab)'],['Catherine MCCLYMONT (Lab)'],['Catherine MCCLYMONT (Lab)'],['Catherine MCCLYMONT (Lab)'],['Catherine MCCLYMONT (Lab)'],['Catherine MCCLYMONT (Lab)'],['Catherine MCCLYMONT (Lab)'],['Catherine MCCLYMONT (Lab)'],['Catherine MCCLYMONT (Lab)']
raw_data/scotland/processed_data/s-lanarks17-ballots/Ward4-ClydesdaleSouth_s-lanarks17-04.csv,7,['George GREENSHIELDS (Lab)'],['George GREENSHIELDS (Lab)'],['George GREENSHIELDS (Lab)'],['George GREENSHIELDS (Lab)'],['George GREENSHIELDS (Lab)'],['George GREENSHIELDS (Lab)'],['George GREENSHIELDS (Lab)'],['George GREENSHIELDS (Lab)'],['George GREENSHIELDS (Lab)'],['George GREENSHIELDS (Lab)'],['George GREENSHIELDS (Lab)'],['George GREENSHIELDS (Lab)'],['George GREENSHIELDS (Lab)'],['George GREENSHIELDS (Lab)'],['George GREENSHIELDS (Lab)'],['George GREENSHIELDS (Lab)'],['George GREENSHIELDS (Lab)'],['George GREENSHIELDS (Lab)'],['George GREENSHIELDS (Lab)'],['George GREENSHIELDS (Lab)'],['George GREENSHIELDS (Lab)'],['George GREENSHIELDS (Lab)'],['George GREENSHIELDS (Lab)'],['George GREENSHIELDS (Lab)'],['George GREENSHIELDS (Lab)'],['George GREENSHIELDS (Lab)'],['George GREENSHIELDS (Lab)'],['George GREENSHIELDS (Lab)'],['George GREENSHIELDS (Lab)'],['George GREENSHIELDS (Lab)']
raw_data/scotland/processed_data/s-lanarks17-ballots/Ward11-RutherglenSouth_s-lanarks17-11.csv,6,['Carol NUGENT (SNP)'],['Robert BROWN (LD)'],['Robert BROWN (LD)'],['Robert BROWN (LD)'],['Robert BROWN (LD)'],['Robert BROWN (LD)'],['Robert BROWN (LD)'],['Robert BROWN (LD)'],['Robert BROWN (LD)'],['Robert BROWN (LD)'],['Robert BROWN (LD)'],['Robert BROWN (LD)'],['Robert BROWN (LD)'],['Robert BROWN (LD)'],['Robert BROWN (LD)'],['Carol NUGENT (SNP)'],['Robert BROWN (LD)'],['Robert BROWN (LD)'],['Robert BROWN (LD)'],['Robert BROWN (LD)'],['Robert BROWN (LD)'],['Robert BROWN (LD)'],['Robert BROWN (LD)'],['Robert BROWN (LD)'],['Robert BROWN (LD)'],['Robert BROWN (LD)'],['Robert BROWN (LD)'],['Robert BROWN (LD)'],['Robert BROWN (LD)'],['Robert BROWN (LD)']
raw_data/scotland/processed_data/s-lanarks17-ballots/Ward16-BothwellandUddingston_s-lanarks17-16.csv,5,['Kenny MCCREARY (Con)'],['Kenny MCCREARY (Con)'],['Kenny MCCREARY (Con)'],['Maureen DEVLIN (Lab)'],['Maureen DEVLIN (Lab)'],['Maureen DEVLIN (Lab)'],['Kenny MCCREARY (Con)'],['Maureen DEVLIN (Lab)'],['Maureen DEVLIN (Lab)'],['Maureen DEVLIN (Lab)'],['Maureen DEVLIN (Lab)'],['Maureen DEVLIN (Lab)'],['Maureen DEVLIN (Lab)'],['Maureen DEVLIN (Lab)'],['Maureen DEVLIN (Lab)'],['Kenny MCCREARY (Con)'],['Kenny MCCREARY (Con)'],['Kenny MCCREARY (Con)'],['Maureen DEVLIN (Lab)'],['Maureen DEVLIN (Lab)'],['Maureen DEVLIN (Lab)'],['Maureen DEVLIN (Lab)'],['Maureen DEVLIN (Lab)'],['Maureen DEVLIN (Lab)'],['Maureen DEVLIN (Lab)'],['Maureen DEVLIN (Lab)'],['Maureen DEVLIN (Lab)'],['Maureen DEVLIN (Lab)'],['Maureen DEVLIN (Lab)'],['Maureen DEVLIN (Lab)']
raw_data/scotland/processed_data/s-lanarks17-ballots/Ward5-AvondaleandStonehouse_s-lanarks17-05.csv,7,['Graeme CAMPBELL (Con)'],['Graeme CAMPBELL (Con)'],['Graeme CAMPBELL (Con)'],['Margaret COOPER (Lab)'],['Margaret COOPER (Lab)'],['Margaret COOPER (Lab)'],['Graeme CAMPBELL (Con)'],['Margaret COOPER (Lab)'],['Margaret COOPER (Lab)'],['Margaret COOPER (Lab)'],['Margaret COOPER (Lab)'],['Margaret COOPER (Lab)'],['Margaret COOPER (Lab)'],['Margaret COOPER (Lab)'],['Margaret COOPER (Lab)'],['Graeme CAMPBELL (Con)'],['Graeme CAMPBELL (Con)'],['Graeme CAMPBELL (Con)'],['Graeme CAMPBELL (Con)'],['Margaret COOPER (Lab)'],['Margaret COOPER (Lab)'],['Margaret COOPER (Lab)'],['Margaret COOPER (Lab)'],['Margaret COOPER (Lab)'],['Margaret COOPER (Lab)'],['Margaret COOPER (Lab)'],['Margaret COOPER (Lab)'],['Margaret COOPER (Lab)'],['Margaret COOPER (Lab)'],['Margaret COOPER (Lab)']
raw_data/scotland/processed_data/s-lanarks17-ballots/Ward6-EastKilbrideSouth_s-lanarks17-06.csv,7,['Archie BUCHANAN (SNP)'],['Archie BUCHANAN (SNP)'],['Archie BUCHANAN (SNP)'],['Archie BUCHANAN (SNP)'],['Archie BUCHANAN (SNP)'],['Archie BUCHANAN (SNP)'],['Archie BUCHANAN (SNP)'],['Archie BUCHANAN (SNP)'],['Archie BUCHANAN (SNP)'],['Archie BUCHANAN (SNP)'],['Archie BUCHANAN (SNP)'],['Archie BUCHANAN (SNP)'],['Archie BUCHANAN (SNP)'],['Archie BUCHANAN (SNP)'],['Archie BUCHANAN (SNP)'],['Archie BUCHANAN (SNP)'],['Archie BUCHANAN (SNP)'],['Archie BUCHANAN (SNP)'],['Archie BUCHANAN (SNP)'],['Archie BUCHANAN (SNP)'],['Archie BUCHANAN (SNP)'],['Archie BUCHANAN (SNP)'],['Archie BUCHANAN (SNP)'],['Archie BUCHANAN (SNP)'],['Archie BUCHANAN (SNP)'],['Archie BUCHANAN (SNP)'],['Archie BUCHANAN (SNP)'],['Archie BUCHANAN (SNP)'],['Archie BUCHANAN (SNP)'],['Archie BUCHANAN (SNP)']
raw_data/scotland/processed_data/s-lanarks17-ballots/Ward10-EastKilbrideEast_s-lanarks17-10.csv,7,['Gladys MILLER (SNP)'],['Gladys MILLER (SNP)'],['Gladys MILLER (SNP)'],['Gladys MILLER (SNP)'],['Gladys MILLER (SNP)'],['Gladys MILLER (SNP)'],['Gladys MILLER (SNP)'],['Gladys MILLER (SNP)'],['Gladys MILLER (SNP)'],['Gladys MILLER (SNP)'],['Gladys MILLER (SNP)'],['Gladys MILLER (SNP)'],['Gladys MILLER (SNP)'],['Gladys MILLER (SNP)'],['Gladys MILLER (SNP)'],['Gladys MILLER (SNP)'],['Gladys MILLER (SNP)'],['Gladys MILLER (SNP)'],['Gladys MILLER (SNP)'],['Gladys MILLER (SNP)'],['Gladys MILLER (SNP)'],['Gladys MILLER (SNP)'],['Gladys MILLER (SNP)'],['Gladys MILLER (SNP)'],['Gladys MILLER (SNP)'],['Gladys MILLER (SNP)'],['Gladys MILLER (SNP)'],['Gladys MILLER (SNP)'],['Graham SCOTT (Lab)'],['Gladys MILLER (SNP)']
raw_data/scotland/processed_data/s-lanarks17-ballots/Ward9-EastKilbrideWest_s-lanarks17-09.csv,6,['Ian HARROW (Con)'],['Ian HARROW (Con)'],['Ian HARROW (Con)'],['Ian HARROW (Con)'],['Monique MCADAMS (Lab)'],['Ian HARROW (Con)'],['Ian HARROW (Con)'],['Ian HARROW (Con)'],['Ian HARROW (Con)'],['Ian HARROW (Con)'],['Ian HARROW (Con)'],['Ian HARROW (Con)'],['Ian HARROW (Con)'],['Monique MCADAMS (Lab)'],['Ian HARROW (Con)'],['Ian HARROW (Con)'],['Ian HARROW (Con)'],['Ian HARROW (Con)'],['Ian HARROW (Con)'],['Ian HARROW (Con)'],['Ian HARROW (Con)'],['Ian HARROW (Con)'],['Ian HARROW (Con)'],['Ian HARROW (Con)'],['Ian HARROW (Con)'],['Ian HARROW (Con)'],['Ian HARROW (Con)'],['Ian HARROW (Con)'],['Monique MCADAMS (Lab)'],['Ian HARROW (Con)']
raw_data/scotland/processed_data/s-lanarks17-ballots/Ward3-ClydesdaleEast_s-lanarks17-03.csv,7,['Alex ALLISON (Con)'],['Alex ALLISON (Con)'],['Alex ALLISON (Con)'],['Alex ALLISON (Con)'],['Alex ALLISON (Con)'],['Alex ALLISON (Con)'],['Alex ALLISON (Con)'],['Alex ALLISON (Con)'],['Alex ALLISON (Con)'],['Alex ALLISON (Con)'],['Alex ALLISON (Con)'],['Alex ALLISON (Con)'],['Alex ALLISON (Con)'],['Alex ALLISON (Con)'],['Alex ALLISON (Con)'],['Alex ALLISON (Con)'],['Alex ALLISON (Con)'],['Alex ALLISON (Con)'],['Alex ALLISON (Con)'],['Alex ALLISON (Con)'],['Alex ALLISON (Con)'],['Alex ALLISON (Con)'],['Alex ALLISON (Con)'],['Alex ALLISON (Con)'],['Alex ALLISON (Con)'],['Alex ALLISON (Con)'],['Alex ALLISON (Con)'],['Alex ALLISON (Con)'],['Alex ALLISON (Con)'],['Alex ALLISON (Con)']
raw_data/scotland/processed_data/s-lanarks17-ballots/Ward8-EastKilbrideCentralNorth_s-lanarks17-08.csv,6,['Hugh MACDONALD (SNP)'],['Hugh MACDONALD (SNP)'],['Hugh MACDONALD (SNP)'],['Hugh MACDONALD (SNP)'],['Hugh MACDONALD (SNP)'],['Hugh MACDONALD (SNP)'],['Hugh MACDONALD (SNP)'],['Hugh MACDONALD (SNP)'],['Hugh MACDONALD (SNP)'],['Hugh MACDONALD (SNP)'],['Hugh MACDONALD (SNP)'],['Hugh MACDONALD (SNP)'],['Hugh MACDONALD (SNP)'],['Hugh MACDONALD (SNP)'],['Hugh MACDONALD (SNP)'],['Hugh MACDONALD (SNP)'],['Hugh MACDONALD (SNP)'],['Hugh MACDONALD (SNP)'],['Hugh MACDONALD (SNP)'],['Hugh MACDONALD (SNP)'],['Hugh MACDONALD (SNP)'],['Hugh MACDONALD (SNP)'],['Hugh MACDONALD (SNP)'],['Hugh MACDONALD (SNP)'],['Hugh MACDONALD (SNP)'],['Hugh MACDONALD (SNP)'],['Hugh MACDONALD (SNP)'],['Hugh MACDONALD (SNP)'],['Joe FAGAN (Lab)'],['Hugh MACDONALD (SNP)']
raw_data/scotland/processed_data/s-lanarks17-ballots/Ward17-HamiltonNorthandEast_s-lanarks17-17.csv,6,['Stephanie CALLAGHAN (SNP)'],['Davie MCLACHLAN (Lab)'],['Davie MCLACHLAN (Lab)'],['Davie MCLACHLAN (Lab)'],['Stephanie CALLAGHAN (SNP)'],['Davie MCLACHLAN (Lab)'],['Stephanie CALLAGHAN (SNP)'],['Davie MCLACHLAN (Lab)'],['Davie MCLACHLAN (Lab)'],['Davie MCLACHLAN (Lab)'],['Davie MCLACHLAN (Lab)'],['Davie MCLACHLAN (Lab)'],['Davie MCLACHLAN (Lab)'],['Davie MCLACHLAN (Lab)'],['Davie MCLACHLAN (Lab)'],['Stephanie CALLAGHAN (SNP)'],['Davie MCLACHLAN (Lab)'],['Davie MCLACHLAN (Lab)'],['Davie MCLACHLAN (Lab)'],['Stephanie CALLAGHAN (SNP)'],['Davie MCLACHLAN (Lab)'],['Davie MCLACHLAN (Lab)'],['Davie MCLACHLAN (Lab)'],['Davie MCLACHLAN (Lab)'],['Davie MCLACHLAN (Lab)'],['Davie MCLACHLAN (Lab)'],['Davie MCLACHLAN (Lab)'],['Davie MCLACHLAN (Lab)'],['Davie MCLACHLAN (Lab)'],['Davie MCLACHLAN (Lab)']
raw_data/scotland/processed_data/s-lanarks17-ballots/Ward12-RutherglenCentralandNorth_s-lanarks17-12.csv,5,['Janine CALIKES (SNP)'],['Janine CALIKES (SNP)'],['Janine CALIKES (SNP)'],['Gerard KILLEN (Lab)'],['Janine CALIKES (SNP)'],['Janine CALIKES (SNP)'],['Janine CALIKES (SNP)'],['Janine CALIKES (SNP)'],['Janine CALIKES (SNP)'],['Janine CALIKES (SNP)'],['Janine CALIKES (SNP)'],['Janine CALIKES (SNP)'],['Janine CALIKES (SNP)'],['Gerard KILLEN (Lab)'],['Janine CALIKES (SNP)'],['Janine CALIKES (SNP)'],['Janine CALIKES (SNP)'],['Janine CALIKES (SNP)'],['Gerard KILLEN (Lab)'],['Gerard KILLEN (Lab)'],['Gerard KILLEN (Lab)'],['Gerard KILLEN (Lab)'],['Janine CALIKES (SNP)'],['Janine CALIKES (SNP)'],['Janine CALIKES (SNP)'],['Janine CALIKES (SNP)'],['Janine CALIKES (SNP)'],['Janine CALIKES (SNP)'],['Gerard KILLEN (Lab)'],['Janine CALIKES (SNP)']
raw_data/scotland/processed_data/s-lanarks17-ballots/Ward14-CambuslangEast_s-lanarks17-14.csv,6,['Katy LOUDON (SNP)'],['Walter BROGAN (Lab)'],['Walter BROGAN (Lab)'],['Walter BROGAN (Lab)'],['Walter BROGAN (Lab)'],['Walter BROGAN (Lab)'],['Walter BROGAN (Lab)'],['Walter BROGAN (Lab)'],['Walter BROGAN (Lab)'],['Walter BROGAN (Lab)'],['Walter BROGAN (Lab)'],['Walter BROGAN (Lab)'],['Walter BROGAN (Lab)'],['Walter BROGAN (Lab)'],['Walter BROGAN (Lab)'],['Katy LOUDON (SNP)'],['Walter BROGAN (Lab)'],['Walter BROGAN (Lab)'],['Walter BROGAN (Lab)'],['Walter BROGAN (Lab)'],['Walter BROGAN (Lab)'],['Walter BROGAN (Lab)'],['Walter BROGAN (Lab)'],['Walter BROGAN (Lab)'],['Walter BROGAN (Lab)'],['Walter BROGAN (Lab)'],['Walter BROGAN (Lab)'],['Walter BROGAN (Lab)'],['Walter BROGAN (Lab)'],['Walter BROGAN (Lab)']
raw_data/scotland/processed_data/s-lanarks17-ballots/Ward7-EastKilbrideCentralSouth_s-lanarks17-07.csv,5,['John ANDERSON (SNP)'],['John ANDERSON (SNP)'],['John ANDERSON (SNP)'],['John ANDERSON (SNP)'],['John ANDERSON (SNP)'],['John ANDERSON (SNP)'],['John ANDERSON (SNP)'],['John ANDERSON (SNP)'],['John ANDERSON (SNP)'],['John ANDERSON (SNP)'],['John ANDERSON (SNP)'],['John ANDERSON (SNP)'],['John ANDERSON (SNP)'],['John ANDERSON (SNP)'],['John ANDERSON (SNP)'],['John ANDERSON (SNP)'],['John ANDERSON (SNP)'],['John ANDERSON (SNP)'],['John ANDERSON (SNP)'],['John ANDERSON (SNP)'],['John ANDERSON (SNP)'],['John ANDERSON (SNP)'],['John ANDERSON (SNP)'],['John ANDERSON (SNP)'],['John ANDERSON (SNP)'],['John ANDERSON (SNP)'],['John ANDERSON (SNP)'],['John ANDERSON (SNP)'],['John ANDERSON (SNP)'],['John ANDERSON (SNP)']
raw_data/scotland/processed_data/s-lanarks17-ballots/Ward19-HamiltonSouth_s-lanarks17-19.csv,5,['John ROSS (SNP)'],['Joe LOWE (Lab)'],['Joe LOWE (Lab)'],['Joe LOWE (Lab)'],['Joe LOWE (Lab)'],['Joe LOWE (Lab)'],['John ROSS (SNP)'],['Joe LOWE (Lab)'],['Joe LOWE (Lab)'],['Joe LOWE (Lab)'],['Joe LOWE (Lab)'],['Joe LOWE (Lab)'],['Joe LOWE (Lab)'],['Joe LOWE (Lab)'],['Joe LOWE (Lab)'],['John ROSS (SNP)'],['Joe LOWE (Lab)'],['Joe LOWE (Lab)'],['Joe LOWE (Lab)'],['John ROSS (SNP)'],['Joe LOWE (Lab)'],['Joe LOWE (Lab)'],['Joe LOWE (Lab)'],['Joe LOWE (Lab)'],['Joe LOWE (Lab)'],['Joe LOWE (Lab)'],['Joe LOWE (Lab)'],['Joe LOWE (Lab)'],['Joe LOWE (Lab)'],['Joe LOWE (Lab)']
raw_data/scotland/processed_data/s-lanarks17-ballots/Ward1-ClydesdaleWest_s-lanarks17-01.csv,6,['Poppy CORBETT (Con)'],['Poppy CORBETT (Con)'],['Poppy CORBETT (Con)'],['Eileen LOGAN (Lab)'],['Eileen LOGAN (Lab)'],['Eileen LOGAN (Lab)'],['Eileen LOGAN (Lab)'],['Eileen LOGAN (Lab)'],['Eileen LOGAN (Lab)'],['Eileen LOGAN (Lab)'],['Eileen LOGAN (Lab)'],['Eileen LOGAN (Lab)'],['Eileen LOGAN (Lab)'],['Eileen LOGAN (Lab)'],['Eileen LOGAN (Lab)'],['Poppy CORBETT (Con)'],['Poppy CORBETT (Con)'],['Poppy CORBETT (Con)'],['Eileen LOGAN (Lab)'],['Eileen LOGAN (Lab)'],['Eileen LOGAN (Lab)'],['Eileen LOGAN (Lab)'],['Eileen LOGAN (Lab)'],['Eileen LOGAN (Lab)'],['Eileen LOGAN (Lab)'],['Eileen LOGAN (Lab)'],['Eileen LOGAN (Lab)'],['Eileen LOGAN (Lab)'],['Eileen LOGAN (Lab)'],['Eileen LOGAN (Lab)']
raw_data/scotland/processed_data/s-lanarks17-ballots/Ward20-Larkhall_s-lanarks17-20.csv,6,['Andy CARMICHAEL (Lab)'],['Andy CARMICHAEL (Lab)'],['Andy CARMICHAEL (Lab)'],['Andy CARMICHAEL (Lab)'],['Andy CARMICHAEL (Lab)'],['Andy CARMICHAEL (Lab)'],['Andy CARMICHAEL (Lab)'],['Andy CARMICHAEL (Lab)'],['Andy CARMICHAEL (Lab)'],['Andy CARMICHAEL (Lab)'],['Andy CARMICHAEL (Lab)'],['Andy CARMICHAEL (Lab)'],['Andy CARMICHAEL (Lab)'],['Andy CARMICHAEL (Lab)'],['Andy CARMICHAEL (Lab)'],['Andy CARMICHAEL (Lab)'],['Andy CARMICHAEL (Lab)'],['Andy CARMICHAEL (Lab)'],['Andy CARMICHAEL (Lab)'],['Andy CARMICHAEL (Lab)'],['Andy CARMICHAEL (Lab)'],['Andy CARMICHAEL (Lab)'],['Andy CARMICHAEL (Lab)'],['Andy CARMICHAEL (Lab)'],['Andy CARMICHAEL (Lab)'],['Andy CARMICHAEL (Lab)'],['Andy CARMICHAEL (Lab)'],['Andy CARMICHAEL (Lab)'],['Andy CARMICHAEL (Lab)'],['Andy CARMICHAEL (Lab)']
raw_data/scotland/processed_data/s-lanarks17-ballots/Ward15-Blantyre_s-lanarks17-15.csv,6,['Mo RAZZAQ (Lab)'],['Mo RAZZAQ (Lab)'],['Mo RAZZAQ (Lab)'],['Mo RAZZAQ (Lab)'],['Mo RAZZAQ (Lab)'],['Mo RAZZAQ (Lab)'],['Mo RAZZAQ (Lab)'],['Mo RAZZAQ (Lab)'],['Mo RAZZAQ (Lab)'],['Mo RAZZAQ (Lab)'],['Mo RAZZAQ (Lab)'],['Mo RAZZAQ (Lab)'],['Mo RAZZAQ (Lab)'],['Mo RAZZAQ (Lab)'],['Mo RAZZAQ (Lab)'],['Mo RAZZAQ (Lab)'],['Mo RAZZAQ (Lab)'],['Mo RAZZAQ (Lab)'],['Mo RAZZAQ (Lab)'],['Mo RAZZAQ (Lab)'],['Mo RAZZAQ (Lab)'],['Mo RAZZAQ (Lab)'],['Mo RAZZAQ (Lab)'],['Mo RAZZAQ (Lab)'],['Mo RAZZAQ (Lab)'],['Mo RAZZAQ (Lab)'],['Mo RAZZAQ (Lab)'],['Mo RAZZAQ (Lab)'],['Mo RAZZAQ (Lab)'],['Mo RAZZAQ (Lab)']
raw_data/scotland/processed_data/s-lanarks17-ballots/Ward13-CambuslangWest_s-lanarks17-13.csv,7,['Clare MCCOLL (SNP)'],['Margaret WALKER (Lab)'],['Margaret WALKER (Lab)'],['Margaret WALKER (Lab)'],['Margaret WALKER (Lab)'],['Margaret WALKER (Lab)'],['Clare MCCOLL (SNP)'],['Margaret WALKER (Lab)'],['Margaret WALKER (Lab)'],['Margaret WALKER (Lab)'],['Margaret WALKER (Lab)'],['Margaret WALKER (Lab)'],['Margaret WALKER (Lab)'],['Margaret WALKER (Lab)'],['Margaret WALKER (Lab)'],['Clare MCCOLL (SNP)'],['Margaret WALKER (Lab)'],['Margaret WALKER (Lab)'],['Margaret WALKER (Lab)'],['Margaret WALKER (Lab)'],['Margaret WALKER (Lab)'],['Margaret WALKER (Lab)'],['Margaret WALKER (Lab)'],['Margaret WALKER (Lab)'],['Margaret WALKER (Lab)'],['Margaret WALKER (Lab)'],['Margaret WALKER (Lab)'],['Margaret WALKER (Lab)'],['Margaret WALKER (Lab)'],['Margaret WALKER (Lab)']
raw_data/scotland/processed_data/eilean-siar12-ballots/BeinnNaFoghlaAgusUibhistATuath_eilean-siar12-02.csv,6,['Uisdean ROBERTSON (Ind)'],['Uisdean ROBERTSON (Ind)'],['Uisdean ROBERTSON (Ind)'],['Uisdean ROBERTSON (Ind)'],['Uisdean ROBERTSON (Ind)'],['Uisdean ROBERTSON (Ind)'],['Uisdean ROBERTSON (Ind)'],['Uisdean ROBERTSON (Ind)'],['Uisdean ROBERTSON (Ind)'],['Uisdean ROBERTSON (Ind)'],['Uisdean ROBERTSON (Ind)'],['Uisdean ROBERTSON (Ind)'],['Uisdean ROBERTSON (Ind)'],['Uisdean ROBERTSON (Ind)'],['Uisdean ROBERTSON (Ind)'],['Uisdean ROBERTSON (Ind)'],['Uisdean ROBERTSON (Ind)'],['Uisdean ROBERTSON (Ind)'],['Uisdean ROBERTSON (Ind)'],['Uisdean ROBERTSON (Ind)'],['Uisdean ROBERTSON (Ind)'],['Uisdean ROBERTSON (Ind)'],['Uisdean ROBERTSON (Ind)'],['Uisdean ROBERTSON (Ind)'],['Uisdean ROBERTSON (Ind)'],['Uisdean ROBERTSON (Ind)'],['Uisdean ROBERTSON (Ind)'],['Uisdean ROBERTSON (Ind)'],['Uisdean ROBERTSON (Ind)'],['Uisdean ROBERTSON (Ind)']
raw_data/scotland/processed_data/eilean-siar12-ballots/NaHearadhAgusCeannADeasNanLoch_eilean-siar12-03.csv,3,['Catherine MACDONALD (Ind)'],['Catherine MACDONALD (Ind)'],['Catherine MACDONALD (Ind)'],['Catherine MACDONALD (Ind)'],['Catherine MACDONALD (Ind)'],['Catherine MACDONALD (Ind)'],['Catherine MACDONALD (Ind)'],['Catherine MACDONALD (Ind)'],['Catherine MACDONALD (Ind)'],['Catherine MACDONALD (Ind)'],['Catherine MACDONALD (Ind)'],['Catherine MACDONALD (Ind)'],['Catherine MACDONALD (Ind)'],['Catherine MACDONALD (Ind)'],['Catherine MACDONALD (Ind)'],['Catherine MACDONALD (Ind)'],['Catherine MACDONALD (Ind)'],['Catherine MACDONALD (Ind)'],['Catherine MACDONALD (Ind)'],['Catherine MACDONALD (Ind)'],['Catherine MACDONALD (Ind)'],['Catherine MACDONALD (Ind)'],['Catherine MACDONALD (Ind)'],['Catherine MACDONALD (Ind)'],['Catherine MACDONALD (Ind)'],['Catherine MACDONALD (Ind)'],['Catherine MACDONALD (Ind)'],['Catherine MACDONALD (Ind)'],['Catherine MACDONALD (Ind)'],['Catherine MACDONALD (Ind)']
"raw_data/scotland/processed_data/eilean-siar12-ballots/Barraigh,BhatarsaighEirisgeighAgusUibhistADeas_eilean-siar12-01.csv",10,['Donald MANFORD (SNP)'],['Donald MANFORD (SNP)'],['Donald MANFORD (SNP)'],['Donald MANFORD (SNP)'],['Donald MANFORD (SNP)'],['Donald MANFORD (SNP)'],['Donald MANFORD (SNP)'],['Donald MANFORD (SNP)'],['Donald MANFORD (SNP)'],['Donald MANFORD (SNP)'],['Donald MANFORD (SNP)'],['Donald MANFORD (SNP)'],['Donald MANFORD (SNP)'],['Donald MANFORD (SNP)'],['Donald MANFORD (SNP)'],['Donald MANFORD (SNP)'],['Donald MANFORD (SNP)'],['Donald MANFORD (SNP)'],['Donald MANFORD (SNP)'],['Donald MANFORD (SNP)'],['Donald MANFORD (SNP)'],['Donald MANFORD (SNP)'],['Donald MANFORD (SNP)'],['Donald MANFORD (SNP)'],['Donald MANFORD (SNP)'],['Donald MANFORD (SNP)'],['Donald MANFORD (SNP)'],['Donald MANFORD (SNP)'],['Donald MANFORD (SNP)'],['Donald MANFORD (SNP)']
raw_data/scotland/processed_data/eilean-siar12-ballots/SteornabhaghaTuath_eilean-siar12-07.csv,9,['Iain MACKENZIE (Ind)'],['Iain MACKENZIE (Ind)'],['Iain MACKENZIE (Ind)'],['RODDIE MACKAY (Ind)'],['Iain MACKENZIE (Ind)'],['RODDIE MACKAY (Ind)'],['Iain MACKENZIE (Ind)'],['Iain MACKENZIE (Ind)'],['Iain MACKENZIE (Ind)'],['Iain MACKENZIE (Ind)'],['Iain MACKENZIE (Ind)'],['Iain MACKENZIE (Ind)'],['Iain MACKENZIE (Ind)'],['RODDIE MACKAY (Ind)'],['Iain MACKENZIE (Ind)'],['RODDIE MACKAY (Ind)'],['Iain MACKENZIE (Ind)'],['Iain MACKENZIE (Ind)'],['RODDIE MACKAY (Ind)'],['Iain MACKENZIE (Ind)'],['Iain MACKENZIE (Ind)'],['Iain MACKENZIE (Ind)'],['Iain MACKENZIE (Ind)'],['Iain MACKENZIE (Ind)'],['Iain MACKENZIE (Ind)'],['Iain MACKENZIE (Ind)'],['Iain MACKENZIE (Ind)'],['Iain MACKENZIE (Ind)'],['RODDIE MACKAY (Ind)'],['Iain MACKENZIE (Ind)']
raw_data/scotland/processed_data/eilean-siar12-ballots/LochaTuath_eilean-siar12-08.csv,5,['Donald Finlayson CRICHTON (Ind)'],['Catriona STEWART (Ind)'],['JOHN A MACIVER (Ind)'],['Catriona STEWART (Ind)'],['Catriona STEWART (Ind)'],['Catriona STEWART (Ind)'],['Catriona STEWART (Ind)'],['Catriona STEWART (Ind)'],['Catriona STEWART (Ind)'],['Catriona STEWART (Ind)'],['Catriona STEWART (Ind)'],['Catriona STEWART (Ind)'],['Catriona STEWART (Ind)'],['Catriona STEWART (Ind)'],['Catriona STEWART (Ind)'],['Donald Finlayson CRICHTON (Ind)'],['Catriona STEWART (Ind)'],['JOHN A MACIVER (Ind)'],['Catriona STEWART (Ind)'],['Catriona STEWART (Ind)'],['Catriona STEWART (Ind)'],['Catriona STEWART (Ind)'],['Catriona STEWART (Ind)'],['Catriona STEWART (Ind)'],['Catriona STEWART (Ind)'],['Catriona STEWART (Ind)'],['Catriona STEWART (Ind)'],['Catriona STEWART (Ind)'],['Catriona STEWART (Ind)'],['Catriona STEWART (Ind)']
raw_data/scotland/processed_data/eilean-siar12-ballots/AnTaobhSiaragusNis_eilean-siar12-09.csv,6,['Iain MORRISON (Ind)'],['Iain MORRISON (Ind)'],['Iain MORRISON (Ind)'],['Iain MORRISON (Ind)'],['Iain MORRISON (Ind)'],['Iain MORRISON (Ind)'],['Iain MORRISON (Ind)'],['Iain MORRISON (Ind)'],['Iain MORRISON (Ind)'],['Iain MORRISON (Ind)'],['Iain MORRISON (Ind)'],['Iain MORRISON (Ind)'],['Iain MORRISON (Ind)'],['Iain MORRISON (Ind)'],['Iain MORRISON (Ind)'],['Iain MORRISON (Ind)'],['Iain MORRISON (Ind)'],['Iain MORRISON (Ind)'],['Iain MORRISON (Ind)'],['Iain MORRISON (Ind)'],['Iain MORRISON (Ind)'],['Iain MORRISON (Ind)'],['Iain MORRISON (Ind)'],['Iain MORRISON (Ind)'],['Iain MORRISON (Ind)'],['Iain MORRISON (Ind)'],['Iain MORRISON (Ind)'],['Iain MORRISON (Ind)'],['Iain MORRISON (Ind)'],['Iain MORRISON (Ind)']
raw_data/scotland/processed_data/eilean-siar12-ballots/SteornabhaghaDeas_eilean-siar12-06.csv,6,['Charlie NICOLSON (Ind)'],['Charlie NICOLSON (Ind)'],['Charlie NICOLSON (Ind)'],['Charlie NICOLSON (Ind)'],['Charlie NICOLSON (Ind)'],['Charlie NICOLSON (Ind)'],['Charlie NICOLSON (Ind)'],['Charlie NICOLSON (Ind)'],['Charlie NICOLSON (Ind)'],['Charlie NICOLSON (Ind)'],['Charlie NICOLSON (Ind)'],['Charlie NICOLSON (Ind)'],['Charlie NICOLSON (Ind)'],['Charlie NICOLSON (Ind)'],['Charlie NICOLSON (Ind)'],['Charlie NICOLSON (Ind)'],['Charlie NICOLSON (Ind)'],['Charlie NICOLSON (Ind)'],['Charlie NICOLSON (Ind)'],['Charlie NICOLSON (Ind)'],['Charlie NICOLSON (Ind)'],['Charlie NICOLSON (Ind)'],['Charlie NICOLSON (Ind)'],['Charlie NICOLSON (Ind)'],['Charlie NICOLSON (Ind)'],['Charlie NICOLSON (Ind)'],['Charlie NICOLSON (Ind)'],['Charlie NICOLSON (Ind)'],['Charlie NICOLSON (Ind)'],['Charlie NICOLSON (Ind)']
raw_data/scotland/processed_data/eilean-siar12-ballots/Sgir'UigeAgusCeannATuathNanLoch_eilean-siar12-04.csv,6,['Bill HOUSTON (SNP)'],['Cudig MACLEOD (Ind)'],['Bill HOUSTON (SNP)'],['Cudig MACLEOD (Ind)'],['Cudig MACLEOD (Ind)'],['Cudig MACLEOD (Ind)'],['Cudig MACLEOD (Ind)'],['Cudig MACLEOD (Ind)'],['Cudig MACLEOD (Ind)'],['Cudig MACLEOD (Ind)'],['Cudig MACLEOD (Ind)'],['Cudig MACLEOD (Ind)'],['Cudig MACLEOD (Ind)'],['Cudig MACLEOD (Ind)'],['Cudig MACLEOD (Ind)'],['Bill HOUSTON (SNP)'],['Cudig MACLEOD (Ind)'],['Bill HOUSTON (SNP)'],['Cudig MACLEOD (Ind)'],['Cudig MACLEOD (Ind)'],['Cudig MACLEOD (Ind)'],['Cudig MACLEOD (Ind)'],['Cudig MACLEOD (Ind)'],['Cudig MACLEOD (Ind)'],['Cudig MACLEOD (Ind)'],['Cudig MACLEOD (Ind)'],['Cudig MACLEOD (Ind)'],['Cudig MACLEOD (Ind)'],['Cudig MACLEOD (Ind)'],['Cudig MACLEOD (Ind)']
raw_data/scotland/processed_data/eilean-siar12-ballots/SgireAnRubha_eilean-siar12-05.csv,7,['ALASDAIR MACLEOD (Ind)'],['ALASDAIR MACLEOD (Ind)'],['ALASDAIR MACLEOD (Ind)'],['ALASDAIR MACLEOD (Ind)'],['ALASDAIR MACLEOD (Ind)'],['ALASDAIR MACLEOD (Ind)'],['ALASDAIR MACLEOD (Ind)'],['ALASDAIR MACLEOD (Ind)'],['ALASDAIR MACLEOD (Ind)'],['ALASDAIR MACLEOD (Ind)'],['ALASDAIR MACLEOD (Ind)'],['ALASDAIR MACLEOD (Ind)'],['ALASDAIR MACLEOD (Ind)'],['ALASDAIR MACLEOD (Ind)'],['ALASDAIR MACLEOD (Ind)'],['ALASDAIR MACLEOD (Ind)'],['ALASDAIR MACLEOD (Ind)'],['ALASDAIR MACLEOD (Ind)'],['ALASDAIR MACLEOD (Ind)'],['ALASDAIR MACLEOD (Ind)'],['ALASDAIR MACLEOD (Ind)'],['ALASDAIR MACLEOD (Ind)'],['ALASDAIR MACLEOD (Ind)'],['ALASDAIR MACLEOD (Ind)'],['ALASDAIR MACLEOD (Ind)'],['ALASDAIR MACLEOD (Ind)'],['ALASDAIR MACLEOD (Ind)'],['ALASDAIR MACLEOD (Ind)'],['ALASDAIR MACLEOD (Ind)'],['ALASDAIR MACLEOD (Ind)']
raw_data/scotland/processed_data/e-ayrshire17-ballots/KilmarnockNorth_e-ayrshire17-02.csv,4,['Helen COFFEY (SNP)'],['Helen COFFEY (SNP)'],['Helen COFFEY (SNP)'],['Helen COFFEY (SNP)'],['Helen COFFEY (SNP)'],['Helen COFFEY (SNP)'],['Helen COFFEY (SNP)'],['Helen COFFEY (SNP)'],['Helen COFFEY (SNP)'],['Helen COFFEY (SNP)'],['Helen COFFEY (SNP)'],['Helen COFFEY (SNP)'],['Helen COFFEY (SNP)'],['Helen COFFEY (SNP)'],['Helen COFFEY (SNP)'],['Helen COFFEY (SNP)'],['Helen COFFEY (SNP)'],['Helen COFFEY (SNP)'],['Helen COFFEY (SNP)'],['Helen COFFEY (SNP)'],['Helen COFFEY (SNP)'],['Helen COFFEY (SNP)'],['Helen COFFEY (SNP)'],['Helen COFFEY (SNP)'],['Helen COFFEY (SNP)'],['Helen COFFEY (SNP)'],['Helen COFFEY (SNP)'],['Helen COFFEY (SNP)'],['Helen COFFEY (SNP)'],['Helen COFFEY (SNP)']
raw_data/scotland/processed_data/e-ayrshire17-ballots/Annick_e-ayrshire17-01.csv,7,['John MCFADZEAN (Con)'],['John MCFADZEAN (Con)'],['John MCFADZEAN (Con)'],['John MCFADZEAN (Con)'],['John MCFADZEAN (Con)'],['John MCFADZEAN (Con)'],['John MCFADZEAN (Con)'],['John MCFADZEAN (Con)'],['John MCFADZEAN (Con)'],['John MCFADZEAN (Con)'],['John MCFADZEAN (Con)'],['John MCFADZEAN (Con)'],['John MCFADZEAN (Con)'],['John MCFADZEAN (Con)'],['John MCFADZEAN (Con)'],['John MCFADZEAN (Con)'],['John MCFADZEAN (Con)'],['John MCFADZEAN (Con)'],['John MCFADZEAN (Con)'],['John MCFADZEAN (Con)'],['John MCFADZEAN (Con)'],['John MCFADZEAN (Con)'],['John MCFADZEAN (Con)'],['John MCFADZEAN (Con)'],['John MCFADZEAN (Con)'],['John MCFADZEAN (Con)'],['John MCFADZEAN (Con)'],['John MCFADZEAN (Con)'],['John MCFADZEAN (Con)'],['John MCFADZEAN (Con)']
raw_data/scotland/processed_data/e-ayrshire17-ballots/Ballochmyle_e-ayrshire17-07.csv,5,['Jim ROBERTS (SNP)'],['Jim ROBERTS (SNP)'],['Jim ROBERTS (SNP)'],['Jim ROBERTS (SNP)'],['Neil MCGHEE (Lab)'],['Jim ROBERTS (SNP)'],['Jim ROBERTS (SNP)'],['Jim ROBERTS (SNP)'],['Jim ROBERTS (SNP)'],['Jim ROBERTS (SNP)'],['Jim ROBERTS (SNP)'],['Jim ROBERTS (SNP)'],['Jim ROBERTS (SNP)'],['Neil MCGHEE (Lab)'],['Jim ROBERTS (SNP)'],['Jim ROBERTS (SNP)'],['Jim ROBERTS (SNP)'],['Jim ROBERTS (SNP)'],['Jim ROBERTS (SNP)'],['Neil MCGHEE (Lab)'],['Jim ROBERTS (SNP)'],['Jim ROBERTS (SNP)'],['Jim ROBERTS (SNP)'],['Jim ROBERTS (SNP)'],['Jim ROBERTS (SNP)'],['Jim ROBERTS (SNP)'],['Jim ROBERTS (SNP)'],['Jim ROBERTS (SNP)'],['Neil MCGHEE (Lab)'],['Jim ROBERTS (SNP)']
raw_data/scotland/processed_data/e-ayrshire17-ballots/CumnockandNewCumnock_e-ayrshire17-08.csv,6,['Billy CRAWFORD (Lab)'],['Billy CRAWFORD (Lab)'],['Billy CRAWFORD (Lab)'],['Billy CRAWFORD (Lab)'],['Billy CRAWFORD (Lab)'],['Billy CRAWFORD (Lab)'],['Billy CRAWFORD (Lab)'],['Billy CRAWFORD (Lab)'],['Billy CRAWFORD (Lab)'],['Billy CRAWFORD (Lab)'],['Billy CRAWFORD (Lab)'],['Billy CRAWFORD (Lab)'],['Billy CRAWFORD (Lab)'],['Billy CRAWFORD (Lab)'],['Billy CRAWFORD (Lab)'],['Billy CRAWFORD (Lab)'],['Billy CRAWFORD (Lab)'],['Billy CRAWFORD (Lab)'],['Billy CRAWFORD (Lab)'],['Billy CRAWFORD (Lab)'],['Billy CRAWFORD (Lab)'],['Billy CRAWFORD (Lab)'],['Billy CRAWFORD (Lab)'],['Billy CRAWFORD (Lab)'],['Billy CRAWFORD (Lab)'],['Billy CRAWFORD (Lab)'],['Billy CRAWFORD (Lab)'],['Billy CRAWFORD (Lab)'],['Billy CRAWFORD (Lab)'],['Billy CRAWFORD (Lab)']
raw_data/scotland/processed_data/e-ayrshire17-ballots/KilmarnockWestandCrosshouse_e-ayrshire17-03.csv,5,['Iain LINTON (SNP)'],['Iain LINTON (SNP)'],['Iain LINTON (SNP)'],['Iain LINTON (SNP)'],['Iain LINTON (SNP)'],['Iain LINTON (SNP)'],['Iain LINTON (SNP)'],['Iain LINTON (SNP)'],['Iain LINTON (SNP)'],['Iain LINTON (SNP)'],['Iain LINTON (SNP)'],['Iain LINTON (SNP)'],['Iain LINTON (SNP)'],['Lillian JONES (Lab)'],['Iain LINTON (SNP)'],['Iain LINTON (SNP)'],['Iain LINTON (SNP)'],['Iain LINTON (SNP)'],['Iain LINTON (SNP)'],['Iain LINTON (SNP)'],['Iain LINTON (SNP)'],['Iain LINTON (SNP)'],['Iain LINTON (SNP)'],['Iain LINTON (SNP)'],['Iain LINTON (SNP)'],['Iain LINTON (SNP)'],['Iain LINTON (SNP)'],['Iain LINTON (SNP)'],['Lillian JONES (Lab)'],['Iain LINTON (SNP)']
raw_data/scotland/processed_data/e-ayrshire17-ballots/KilmarnockSouth_e-ayrshire17-05.csv,4,['Jim TODD (SNP)'],['Jim TODD (SNP)'],['Jim TODD (SNP)'],['Jim TODD (SNP)'],['Jim TODD (SNP)'],['Jim TODD (SNP)'],['Jim TODD (SNP)'],['Jim TODD (SNP)'],['Jim TODD (SNP)'],['Jim TODD (SNP)'],['Jim TODD (SNP)'],['Jim TODD (SNP)'],['Jim TODD (SNP)'],['Jim TODD (SNP)'],['Jim TODD (SNP)'],['Jim TODD (SNP)'],['Jim TODD (SNP)'],['Jim TODD (SNP)'],['Jim TODD (SNP)'],['Jim TODD (SNP)'],['Jim TODD (SNP)'],['Jim TODD (SNP)'],['Jim TODD (SNP)'],['Jim TODD (SNP)'],['Jim TODD (SNP)'],['Jim TODD (SNP)'],['Jim TODD (SNP)'],['Jim TODD (SNP)'],['Jim TODD (SNP)'],['Jim TODD (SNP)']
raw_data/scotland/processed_data/e-ayrshire17-ballots/DoonValley_e-ayrshire17-09.csv,7,['Elaine DINWOODIE (Lab)'],['Elaine DINWOODIE (Lab)'],['Elaine DINWOODIE (Lab)'],['Elaine DINWOODIE (Lab)'],['Elaine DINWOODIE (Lab)'],['Elaine DINWOODIE (Lab)'],['Elaine DINWOODIE (Lab)'],['Elaine DINWOODIE (Lab)'],['Elaine DINWOODIE (Lab)'],['Elaine DINWOODIE (Lab)'],['Elaine DINWOODIE (Lab)'],['Elaine DINWOODIE (Lab)'],['Elaine DINWOODIE (Lab)'],['Elaine DINWOODIE (Lab)'],['Elaine DINWOODIE (Lab)'],['Elaine DINWOODIE (Lab)'],['Elaine DINWOODIE (Lab)'],['Elaine DINWOODIE (Lab)'],['Elaine DINWOODIE (Lab)'],['Elaine DINWOODIE (Lab)'],['Elaine DINWOODIE (Lab)'],['Elaine DINWOODIE (Lab)'],['Elaine DINWOODIE (Lab)'],['Elaine DINWOODIE (Lab)'],['Elaine DINWOODIE (Lab)'],['Elaine DINWOODIE (Lab)'],['Elaine DINWOODIE (Lab)'],['Elaine DINWOODIE (Lab)'],['Elaine DINWOODIE (Lab)'],['Elaine DINWOODIE (Lab)']
raw_data/scotland/processed_data/e-ayrshire17-ballots/IrvineValley_e-ayrshire17-06.csv,7,['Elena WHITHAM (SNP)'],['Elena WHITHAM (SNP)'],['Elena WHITHAM (SNP)'],['Elena WHITHAM (SNP)'],['Sally COGLEY (Rubbish)'],['Elena WHITHAM (SNP)'],['Elena WHITHAM (SNP)'],['Elena WHITHAM (SNP)'],['Elena WHITHAM (SNP)'],['Elena WHITHAM (SNP)'],['Elena WHITHAM (SNP)'],['Elena WHITHAM (SNP)'],['Elena WHITHAM (SNP)'],['Sally COGLEY (Rubbish)'],['Elena WHITHAM (SNP)'],['Elena WHITHAM (SNP)'],['Elena WHITHAM (SNP)'],['Elena WHITHAM (SNP)'],['Elena WHITHAM (SNP)'],['Elena WHITHAM (SNP)'],['Elena WHITHAM (SNP)'],['Elena WHITHAM (SNP)'],['Elena WHITHAM (SNP)'],['Elena WHITHAM (SNP)'],['Elena WHITHAM (SNP)'],['Elena WHITHAM (SNP)'],['Elena WHITHAM (SNP)'],['Elena WHITHAM (SNP)'],['Sally COGLEY (Rubbish)'],['Elena WHITHAM (SNP)']
raw_data/scotland/processed_data/e-ayrshire17-ballots/KilmarnockEastandHurlford_e-ayrshire17-04.csv,5,['Fiona CAMPBELL (SNP)'],['Fiona CAMPBELL (SNP)'],['Fiona CAMPBELL (SNP)'],['Fiona CAMPBELL (SNP)'],['Fiona CAMPBELL (SNP)'],['Fiona CAMPBELL (SNP)'],['Fiona CAMPBELL (SNP)'],['Fiona CAMPBELL (SNP)'],['Fiona CAMPBELL (SNP)'],['Fiona CAMPBELL (SNP)'],['Fiona CAMPBELL (SNP)'],['Fiona CAMPBELL (SNP)'],['Fiona CAMPBELL (SNP)'],['Fiona CAMPBELL (SNP)'],['Fiona CAMPBELL (SNP)'],['Fiona CAMPBELL (SNP)'],['Fiona CAMPBELL (SNP)'],['Fiona CAMPBELL (SNP)'],['Fiona CAMPBELL (SNP)'],['Fiona CAMPBELL (SNP)'],['Fiona CAMPBELL (SNP)'],['Fiona CAMPBELL (SNP)'],['Fiona CAMPBELL (SNP)'],['Fiona CAMPBELL (SNP)'],['Fiona CAMPBELL (SNP)'],['Fiona CAMPBELL (SNP)'],['Fiona CAMPBELL (SNP)'],['Fiona CAMPBELL (SNP)'],['Fiona CAMPBELL (SNP)'],['Fiona CAMPBELL (SNP)']
raw_data/scotland/processed_data/angus22/Ward1-KirriemuirandDean_ward1.csv,5,['Julie BELL (SNP)'],['Julie BELL (SNP)'],['Julie BELL (SNP)'],['Julie BELL (SNP)'],['Julie BELL (SNP)'],['Julie BELL (SNP)'],['Julie BELL (SNP)'],['Julie BELL (SNP)'],['Julie BELL (SNP)'],['Julie BELL (SNP)'],['Julie BELL (SNP)'],['Julie BELL (SNP)'],['Julie BELL (SNP)'],['Julie BELL (SNP)'],['Julie BELL (SNP)'],['Julie BELL (SNP)'],['Julie BELL (SNP)'],['Julie BELL (SNP)'],['Julie BELL (SNP)'],['Julie BELL (SNP)'],['Julie BELL (SNP)'],['Julie BELL (SNP)'],['Julie BELL (SNP)'],['Julie BELL (SNP)'],['Julie BELL (SNP)'],['Julie BELL (SNP)'],['Julie BELL (SNP)'],['Julie BELL (SNP)'],['Julie BELL (SNP)'],['Julie BELL (SNP)']
raw_data/scotland/processed_data/angus22/Ward8-MontroseandDistrict_ward8.csv,8,['Kenny BRAES (SNP)'],['Kenny BRAES (SNP)'],['Kenny BRAES (SNP)'],['Kenny BRAES (SNP)'],['Kenny BRAES (SNP)'],['Kenny BRAES (SNP)'],['Kenny BRAES (SNP)'],['Kenny BRAES (SNP)'],['Kenny BRAES (SNP)'],['Kenny BRAES (SNP)'],['Kenny BRAES (SNP)'],['Kenny BRAES (SNP)'],['Kenny BRAES (SNP)'],['Kenny BRAES (SNP)'],['Kenny BRAES (SNP)'],['Kenny BRAES (SNP)'],['Kenny BRAES (SNP)'],['Kenny BRAES (SNP)'],['Kenny BRAES (SNP)'],['Kenny BRAES (SNP)'],['Kenny BRAES (SNP)'],['Kenny BRAES (SNP)'],['Kenny BRAES (SNP)'],['Kenny BRAES (SNP)'],['Kenny BRAES (SNP)'],['Kenny BRAES (SNP)'],['Kenny BRAES (SNP)'],['Kenny BRAES (SNP)'],['Kenny BRAES (SNP)'],['Kenny BRAES (SNP)']
raw_data/scotland/processed_data/angus22/Ward6-ArbroathWestLethamandFriockheim_ward6.csv,8,['Serena Mary COWDY (SNP)'],['Serena Mary COWDY (SNP)'],['Serena Mary COWDY (SNP)'],['Serena Mary COWDY (SNP)'],['Serena Mary COWDY (SNP)'],['Serena Mary COWDY (SNP)'],['Serena Mary COWDY (SNP)'],['Serena Mary COWDY (SNP)'],['Serena Mary COWDY (SNP)'],['Serena Mary COWDY (SNP)'],['Serena Mary COWDY (SNP)'],['Serena Mary COWDY (SNP)'],['Serena Mary COWDY (SNP)'],['Louise NICOL (Con)'],['Serena Mary COWDY (SNP)'],['Serena Mary COWDY (SNP)'],['Serena Mary COWDY (SNP)'],['Serena Mary COWDY (SNP)'],['Serena Mary COWDY (SNP)'],['Louise NICOL (Con)'],['Serena Mary COWDY (SNP)'],['Serena Mary COWDY (SNP)'],['Serena Mary COWDY (SNP)'],['Serena Mary COWDY (SNP)'],['Serena Mary COWDY (SNP)'],['Serena Mary COWDY (SNP)'],['Serena Mary COWDY (SNP)'],['Serena Mary COWDY (SNP)'],['Louise NICOL (Con)'],['Serena Mary COWDY (SNP)']
raw_data/scotland/processed_data/angus22/Ward7-ArbroathEastandLunan_ward7.csv,5,['Brenda DURNO (SNP)'],['Lois SPEED (Ind)'],['Lois SPEED (Ind)'],['Lois SPEED (Ind)'],['Lois SPEED (Ind)'],['Lois SPEED (Ind)'],['Lois SPEED (Ind)'],['Lois SPEED (Ind)'],['Lois SPEED (Ind)'],['Lois SPEED (Ind)'],['Lois SPEED (Ind)'],['Lois SPEED (Ind)'],['Lois SPEED (Ind)'],['Lois SPEED (Ind)'],['Lois SPEED (Ind)'],['Brenda DURNO (SNP)'],['Lois SPEED (Ind)'],['Lois SPEED (Ind)'],['Lois SPEED (Ind)'],['Lois SPEED (Ind)'],['Lois SPEED (Ind)'],['Lois SPEED (Ind)'],['Lois SPEED (Ind)'],['Lois SPEED (Ind)'],['Lois SPEED (Ind)'],['Lois SPEED (Ind)'],['Lois SPEED (Ind)'],['Lois SPEED (Ind)'],['Lois SPEED (Ind)'],['Lois SPEED (Ind)']
raw_data/scotland/processed_data/angus22/Ward3-ForfarandDistrict_ward3.csv,7,['Linda CLARK (SNP)'],['Ian MCLAREN (Ind)'],['Linda CLARK (SNP)'],['Ian MCLAREN (Ind)'],['Ian MCLAREN (Ind)'],['Ian MCLAREN (Ind)'],['Linda CLARK (SNP)'],['Ian MCLAREN (Ind)'],['Ian MCLAREN (Ind)'],['Ian MCLAREN (Ind)'],['Ian MCLAREN (Ind)'],['Ian MCLAREN (Ind)'],['Ian MCLAREN (Ind)'],['Ian MCLAREN (Ind)'],['Ian MCLAREN (Ind)'],['Linda CLARK (SNP)'],['Ian MCLAREN (Ind)'],['Linda CLARK (SNP)'],['Linda CLARK (SNP)'],['Ian MCLAREN (Ind)'],['Ian MCLAREN (Ind)'],['Ian MCLAREN (Ind)'],['Ian MCLAREN (Ind)'],['Ian MCLAREN (Ind)'],['Ian MCLAREN (Ind)'],['Ian MCLAREN (Ind)'],['Ian MCLAREN (Ind)'],['Ian MCLAREN (Ind)'],['Ian MCLAREN (Ind)'],['Ian MCLAREN (Ind)']
raw_data/scotland/processed_data/angus22/Ward2-BrechinandEdzell_ward2.csv,5,['Chris BEATTIE (SNP)'],['Chris BEATTIE (SNP)'],['Chris BEATTIE (SNP)'],['Jill BROWN SCOTT (Ind)'],['Jill BROWN SCOTT (Ind)'],['Jill BROWN SCOTT (Ind)'],['Jill BROWN SCOTT (Ind)'],['Jill BROWN SCOTT (Ind)'],['Jill BROWN SCOTT (Ind)'],['Jill BROWN SCOTT (Ind)'],['Jill BROWN SCOTT (Ind)'],['Jill BROWN SCOTT (Ind)'],['Jill BROWN SCOTT (Ind)'],['Jill BROWN SCOTT (Ind)'],['Jill BROWN SCOTT (Ind)'],['Chris BEATTIE (SNP)'],['Chris BEATTIE (SNP)'],['Chris BEATTIE (SNP)'],['Jill BROWN SCOTT (Ind)'],['Jill BROWN SCOTT (Ind)'],['Jill BROWN SCOTT (Ind)'],['Jill BROWN SCOTT (Ind)'],['Jill BROWN SCOTT (Ind)'],['Jill BROWN SCOTT (Ind)'],['Jill BROWN SCOTT (Ind)'],['Jill BROWN SCOTT (Ind)'],['Jill BROWN SCOTT (Ind)'],['Jill BROWN SCOTT (Ind)'],['Jill BROWN SCOTT (Ind)'],['Jill BROWN SCOTT (Ind)']
raw_data/scotland/processed_data/angus22/Ward4-MonifiethandSidlaw_ward4.csv,6,['Lloyd MELVILLE (SNP)'],['Lloyd MELVILLE (SNP)'],['Lloyd MELVILLE (SNP)'],['Lloyd MELVILLE (SNP)'],['Lloyd MELVILLE (SNP)'],['Lloyd MELVILLE (SNP)'],['Lloyd MELVILLE (SNP)'],['Lloyd MELVILLE (SNP)'],['Lloyd MELVILLE (SNP)'],['Lloyd MELVILLE (SNP)'],['Lloyd MELVILLE (SNP)'],['Lloyd MELVILLE (SNP)'],['Lloyd MELVILLE (SNP)'],['Lloyd MELVILLE (SNP)'],['Lloyd MELVILLE (SNP)'],['Lloyd MELVILLE (SNP)'],['Lloyd MELVILLE (SNP)'],['Lloyd MELVILLE (SNP)'],['Lloyd MELVILLE (SNP)'],['Lloyd MELVILLE (SNP)'],['Lloyd MELVILLE (SNP)'],['Lloyd MELVILLE (SNP)'],['Lloyd MELVILLE (SNP)'],['Lloyd MELVILLE (SNP)'],['Lloyd MELVILLE (SNP)'],['Lloyd MELVILLE (SNP)'],['Lloyd MELVILLE (SNP)'],['Lloyd MELVILLE (SNP)'],['Lloyd MELVILLE (SNP)'],['Lloyd MELVILLE (SNP)']
raw_data/scotland/processed_data/angus22/Ward5-CarnoustieandDistrict_ward5.csv,7,['Mark James MCDONALD (SNP)'],['David CHEAPE (Ind)'],['David CHEAPE (Ind)'],['David CHEAPE (Ind)'],['David CHEAPE (Ind)'],['David CHEAPE (Ind)'],['Mark James MCDONALD (SNP)'],['David CHEAPE (Ind)'],['David CHEAPE (Ind)'],['David CHEAPE (Ind)'],['David CHEAPE (Ind)'],['David CHEAPE (Ind)'],['David CHEAPE (Ind)'],['David CHEAPE (Ind)'],['David CHEAPE (Ind)'],['Mark James MCDONALD (SNP)'],['David CHEAPE (Ind)'],['David CHEAPE (Ind)'],['David CHEAPE (Ind)'],['David CHEAPE (Ind)'],['David CHEAPE (Ind)'],['David CHEAPE (Ind)'],['David CHEAPE (Ind)'],['David CHEAPE (Ind)'],['David CHEAPE (Ind)'],['David CHEAPE (Ind)'],['David CHEAPE (Ind)'],['David CHEAPE (Ind)'],['David CHEAPE (Ind)'],['David CHEAPE (Ind)']
"raw_data/scotland/processed_data/w-lothian22/Ward2-BroxburnUphallandWinchburgh_west lothian,2022,ward 2.csv",7,['Diane CALDER (SNP)'],['Diane CALDER (SNP)'],['Diane CALDER (SNP)'],['Diane CALDER (SNP)'],['Diane CALDER (SNP)'],['Diane CALDER (SNP)'],['Diane CALDER (SNP)'],['Diane CALDER (SNP)'],['Diane CALDER (SNP)'],['Diane CALDER (SNP)'],['Diane CALDER (SNP)'],['Diane CALDER (SNP)'],['Diane CALDER (SNP)'],['Diane CALDER (SNP)'],['Diane CALDER (SNP)'],['Diane CALDER (SNP)'],['Diane CALDER (SNP)'],['Diane CALDER (SNP)'],['Diane CALDER (SNP)'],['Diane CALDER (SNP)'],['Diane CALDER (SNP)'],['Diane CALDER (SNP)'],['Diane CALDER (SNP)'],['Diane CALDER (SNP)'],['Diane CALDER (SNP)'],['Diane CALDER (SNP)'],['Diane CALDER (SNP)'],['Diane CALDER (SNP)'],['Diane CALDER (SNP)'],['Diane CALDER (SNP)']
"raw_data/scotland/processed_data/w-lothian22/Ward7-WhitburnandBlackburn_west lothian,2022,ward 7.csv",5,['JIM DICKSON (SNP)'],['George PAUL (Labour and Co-operative Party)'],['George PAUL (Labour and Co-operative Party)'],['George PAUL (Labour and Co-operative Party)'],['George PAUL (Labour and Co-operative Party)'],['George PAUL (Labour and Co-operative Party)'],['George PAUL (Labour and Co-operative Party)'],['George PAUL (Labour and Co-operative Party)'],['George PAUL (Labour and Co-operative Party)'],['George PAUL (Labour and Co-operative Party)'],['George PAUL (Labour and Co-operative Party)'],['George PAUL (Labour and Co-operative Party)'],['George PAUL (Labour and Co-operative Party)'],['George PAUL (Labour and Co-operative Party)'],['George PAUL (Labour and Co-operative Party)'],['JIM DICKSON (SNP)'],['George PAUL (Labour and Co-operative Party)'],['George PAUL (Labour and Co-operative Party)'],['George PAUL (Labour and Co-operative Party)'],['George PAUL (Labour and Co-operative Party)'],['George PAUL (Labour and Co-operative Party)'],['George PAUL (Labour and Co-operative Party)'],['George PAUL (Labour and Co-operative Party)'],['George PAUL (Labour and Co-operative Party)'],['George PAUL (Labour and Co-operative Party)'],['George PAUL (Labour and Co-operative Party)'],['George PAUL (Labour and Co-operative Party)'],['George PAUL (Labour and Co-operative Party)'],['George PAUL (Labour and Co-operative Party)'],['George PAUL (Labour and Co-operative Party)']
"raw_data/scotland/processed_data/w-lothian22/Ward3-LivingstonNorth_west lothian,2022,ward 3.csv",6,['Robert DE BOLD (SNP)'],['Robert DE BOLD (SNP)'],['Robert DE BOLD (SNP)'],['Robert DE BOLD (SNP)'],['Robert DE BOLD (SNP)'],['Robert DE BOLD (SNP)'],['Robert DE BOLD (SNP)'],['Robert DE BOLD (SNP)'],['Robert DE BOLD (SNP)'],['Robert DE BOLD (SNP)'],['Robert DE BOLD (SNP)'],['Robert DE BOLD (SNP)'],['Robert DE BOLD (SNP)'],['Robert DE BOLD (SNP)'],['Robert DE BOLD (SNP)'],['Robert DE BOLD (SNP)'],['Robert DE BOLD (SNP)'],['Robert DE BOLD (SNP)'],['Robert DE BOLD (SNP)'],['Robert DE BOLD (SNP)'],['Robert DE BOLD (SNP)'],['Robert DE BOLD (SNP)'],['Robert DE BOLD (SNP)'],['Robert DE BOLD (SNP)'],['Robert DE BOLD (SNP)'],['Robert DE BOLD (SNP)'],['Robert DE BOLD (SNP)'],['Robert DE BOLD (SNP)'],['Robert DE BOLD (SNP)'],['Robert DE BOLD (SNP)']
"raw_data/scotland/processed_data/w-lothian22/Ward6-FauldhouseandtheBreichValley_west lothian,2022,ward 6.csv",6,['Cathy MULDOON (Lab)'],['Cathy MULDOON (Lab)'],['Cathy MULDOON (Lab)'],['Cathy MULDOON (Lab)'],['Cathy MULDOON (Lab)'],['Cathy MULDOON (Lab)'],['Cathy MULDOON (Lab)'],['Cathy MULDOON (Lab)'],['Cathy MULDOON (Lab)'],['Cathy MULDOON (Lab)'],['Cathy MULDOON (Lab)'],['Cathy MULDOON (Lab)'],['Cathy MULDOON (Lab)'],['Cathy MULDOON (Lab)'],['Cathy MULDOON (Lab)'],['Cathy MULDOON (Lab)'],['Cathy MULDOON (Lab)'],['Cathy MULDOON (Lab)'],['Cathy MULDOON (Lab)'],['Cathy MULDOON (Lab)'],['Cathy MULDOON (Lab)'],['Cathy MULDOON (Lab)'],['Cathy MULDOON (Lab)'],['Cathy MULDOON (Lab)'],['Cathy MULDOON (Lab)'],['Cathy MULDOON (Lab)'],['Cathy MULDOON (Lab)'],['Cathy MULDOON (Lab)'],['Cathy MULDOON (Lab)'],['Cathy MULDOON (Lab)']
"raw_data/scotland/processed_data/w-lothian22/Ward5-EastLivingstonandEastCalder_west lothian,2022,ward 5.csv",7,['Carl JOHN (SNP)'],['Carl JOHN (SNP)'],['Carl JOHN (SNP)'],['Carl JOHN (SNP)'],['Carl JOHN (SNP)'],['Carl JOHN (SNP)'],['Carl JOHN (SNP)'],['Carl JOHN (SNP)'],['Carl JOHN (SNP)'],['Carl JOHN (SNP)'],['Carl JOHN (SNP)'],['Carl JOHN (SNP)'],['Carl JOHN (SNP)'],['Carl JOHN (SNP)'],['Carl JOHN (SNP)'],['Carl JOHN (SNP)'],['Carl JOHN (SNP)'],['Carl JOHN (SNP)'],['Carl JOHN (SNP)'],['Carl JOHN (SNP)'],['Carl JOHN (SNP)'],['Carl JOHN (SNP)'],['Carl JOHN (SNP)'],['Carl JOHN (SNP)'],['Carl JOHN (SNP)'],['Carl JOHN (SNP)'],['Carl JOHN (SNP)'],['Carl JOHN (SNP)'],['Carl JOHN (SNP)'],['Carl JOHN (SNP)']
"raw_data/scotland/processed_data/w-lothian22/Ward9-ArmadaleandBlackridge_west lothian,2022,ward 9.csv",7,['Stuart BORROWMAN (Ind)'],['Stuart BORROWMAN (Ind)'],['Stuart BORROWMAN (Ind)'],['Stuart BORROWMAN (Ind)'],['Stuart BORROWMAN (Ind)'],['Stuart BORROWMAN (Ind)'],['Stuart BORROWMAN (Ind)'],['Stuart BORROWMAN (Ind)'],['Stuart BORROWMAN (Ind)'],['Stuart BORROWMAN (Ind)'],['Stuart BORROWMAN (Ind)'],['Stuart BORROWMAN (Ind)'],['Stuart BORROWMAN (Ind)'],['Stuart BORROWMAN (Ind)'],['Stuart BORROWMAN (Ind)'],['Stuart BORROWMAN (Ind)'],['Stuart BORROWMAN (Ind)'],['Stuart BORROWMAN (Ind)'],['Stuart BORROWMAN (Ind)'],['Stuart BORROWMAN (Ind)'],['Stuart BORROWMAN (Ind)'],['Stuart BORROWMAN (Ind)'],['Stuart BORROWMAN (Ind)'],['Stuart BORROWMAN (Ind)'],['Stuart BORROWMAN (Ind)'],['Stuart BORROWMAN (Ind)'],['Stuart BORROWMAN (Ind)'],['Stuart BORROWMAN (Ind)'],['Stuart BORROWMAN (Ind)'],['Stuart BORROWMAN (Ind)']
"raw_data/scotland/processed_data/w-lothian22/Ward1-Linlithgow_west lothian,2022,ward 1.csv",6,['Pauline ORR (SNP)'],['Sally PATTLE (LD)'],['Sally PATTLE (LD)'],['Sally PATTLE (LD)'],['Sally PATTLE (LD)'],['Sally PATTLE (LD)'],['Sally PATTLE (LD)'],['Sally PATTLE (LD)'],['Sally PATTLE (LD)'],['Sally PATTLE (LD)'],['Sally PATTLE (LD)'],['Sally PATTLE (LD)'],['Sally PATTLE (LD)'],['Sally PATTLE (LD)'],['Sally PATTLE (LD)'],['Pauline ORR (SNP)'],['Sally PATTLE (LD)'],['Sally PATTLE (LD)'],['Sally PATTLE (LD)'],['Sally PATTLE (LD)'],['Sally PATTLE (LD)'],['Sally PATTLE (LD)'],['Sally PATTLE (LD)'],['Sally PATTLE (LD)'],['Sally PATTLE (LD)'],['Sally PATTLE (LD)'],['Sally PATTLE (LD)'],['Sally PATTLE (LD)'],['Sally PATTLE (LD)'],['Sally PATTLE (LD)']
"raw_data/scotland/processed_data/w-lothian22/Ward8-Bathgate_west lothian,2022,ward 8.csv",6,['Harry CARTMILL (Lab)'],['Harry CARTMILL (Lab)'],['Harry CARTMILL (Lab)'],['Harry CARTMILL (Lab)'],['Harry CARTMILL (Lab)'],['Harry CARTMILL (Lab)'],['Harry CARTMILL (Lab)'],['Harry CARTMILL (Lab)'],['Harry CARTMILL (Lab)'],['Harry CARTMILL (Lab)'],['Harry CARTMILL (Lab)'],['Harry CARTMILL (Lab)'],['Harry CARTMILL (Lab)'],['Harry CARTMILL (Lab)'],['Harry CARTMILL (Lab)'],['Harry CARTMILL (Lab)'],['Harry CARTMILL (Lab)'],['Harry CARTMILL (Lab)'],['Harry CARTMILL (Lab)'],['Harry CARTMILL (Lab)'],['Harry CARTMILL (Lab)'],['Harry CARTMILL (Lab)'],['Harry CARTMILL (Lab)'],['Harry CARTMILL (Lab)'],['Harry CARTMILL (Lab)'],['Harry CARTMILL (Lab)'],['Harry CARTMILL (Lab)'],['Harry CARTMILL (Lab)'],['Harry CARTMILL (Lab)'],['Harry CARTMILL (Lab)']
"raw_data/scotland/processed_data/w-lothian22/Ward4-LivingstonSouth_west lothian,2022,ward 4.csv",8,['Maria MACAULAY (SNP)'],['Maria MACAULAY (SNP)'],['Maria MACAULAY (SNP)'],['Lawrence FITZPATRICK (Lab)'],['Lawrence FITZPATRICK (Lab)'],['Lawrence FITZPATRICK (Lab)'],['Maria MACAULAY (SNP)'],['Maria MACAULAY (SNP)'],['Maria MACAULAY (SNP)'],['Maria MACAULAY (SNP)'],['Maria MACAULAY (SNP)'],['Maria MACAULAY (SNP)'],['Maria MACAULAY (SNP)'],['Lawrence FITZPATRICK (Lab)'],['Maria MACAULAY (SNP)'],['Maria MACAULAY (SNP)'],['Maria MACAULAY (SNP)'],['Maria MACAULAY (SNP)'],['Maria MACAULAY (SNP)'],['Lawrence FITZPATRICK (Lab)'],['Lawrence FITZPATRICK (Lab)'],['Lawrence FITZPATRICK (Lab)'],['Maria MACAULAY (SNP)'],['Maria MACAULAY (SNP)'],['Maria MACAULAY (SNP)'],['Maria MACAULAY (SNP)'],['Maria MACAULAY (SNP)'],['Maria MACAULAY (SNP)'],['Lawrence FITZPATRICK (Lab)'],['Maria MACAULAY (SNP)']
raw_data/scotland/processed_data/renfs12-ballots/6.PaisleySouthWestWard_renfs12-06.csv,5,['Mark MACMILLAN (Lab)'],['Mark MACMILLAN (Lab)'],['Mark MACMILLAN (Lab)'],['Mark MACMILLAN (Lab)'],['Mark MACMILLAN (Lab)'],['Mark MACMILLAN (Lab)'],['Mark MACMILLAN (Lab)'],['Mark MACMILLAN (Lab)'],['Mark MACMILLAN (Lab)'],['Mark MACMILLAN (Lab)'],['Mark MACMILLAN (Lab)'],['Mark MACMILLAN (Lab)'],['Mark MACMILLAN (Lab)'],['Mark MACMILLAN (Lab)'],['Mark MACMILLAN (Lab)'],['Mark MACMILLAN (Lab)'],['Mark MACMILLAN (Lab)'],['Mark MACMILLAN (Lab)'],['Mark MACMILLAN (Lab)'],['Mark MACMILLAN (Lab)'],['Mark MACMILLAN (Lab)'],['Mark MACMILLAN (Lab)'],['Mark MACMILLAN (Lab)'],['Mark MACMILLAN (Lab)'],['Mark MACMILLAN (Lab)'],['Mark MACMILLAN (Lab)'],['Mark MACMILLAN (Lab)'],['Mark MACMILLAN (Lab)'],['Mark MACMILLAN (Lab)'],['Mark MACMILLAN (Lab)']
raw_data/scotland/processed_data/renfs12-ballots/7.JohnstoneSouthElderslie&HowwoodWard_renfs12-07.csv,5,['John CALDWELL (Lab)'],['John CALDWELL (Lab)'],['John CALDWELL (Lab)'],['John CALDWELL (Lab)'],['John CALDWELL (Lab)'],['John CALDWELL (Lab)'],['John CALDWELL (Lab)'],['John CALDWELL (Lab)'],['John CALDWELL (Lab)'],['John CALDWELL (Lab)'],['John CALDWELL (Lab)'],['John CALDWELL (Lab)'],['John CALDWELL (Lab)'],['John CALDWELL (Lab)'],['John CALDWELL (Lab)'],['John CALDWELL (Lab)'],['John CALDWELL (Lab)'],['John CALDWELL (Lab)'],['John CALDWELL (Lab)'],['John CALDWELL (Lab)'],['John CALDWELL (Lab)'],['John CALDWELL (Lab)'],['John CALDWELL (Lab)'],['John CALDWELL (Lab)'],['John CALDWELL (Lab)'],['John CALDWELL (Lab)'],['John CALDWELL (Lab)'],['John CALDWELL (Lab)'],['John CALDWELL (Lab)'],['John CALDWELL (Lab)']
raw_data/scotland/processed_data/renfs12-ballots/8.JohnstoneNorthKilbarchan&LochwinnochWard_renfs12-08.csv,6,['Derek BIBBY (Lab)'],['Derek BIBBY (Lab)'],['Derek BIBBY (Lab)'],['Derek BIBBY (Lab)'],['Derek BIBBY (Lab)'],['Derek BIBBY (Lab)'],['Derek BIBBY (Lab)'],['Derek BIBBY (Lab)'],['Derek BIBBY (Lab)'],['Derek BIBBY (Lab)'],['Derek BIBBY (Lab)'],['Derek BIBBY (Lab)'],['Derek BIBBY (Lab)'],['Derek BIBBY (Lab)'],['Derek BIBBY (Lab)'],['Derek BIBBY (Lab)'],['Derek BIBBY (Lab)'],['Derek BIBBY (Lab)'],['Derek BIBBY (Lab)'],['Derek BIBBY (Lab)'],['Derek BIBBY (Lab)'],['Derek BIBBY (Lab)'],['Derek BIBBY (Lab)'],['Derek BIBBY (Lab)'],['Derek BIBBY (Lab)'],['Derek BIBBY (Lab)'],['Derek BIBBY (Lab)'],['Derek BIBBY (Lab)'],['Derek BIBBY (Lab)'],['Derek BIBBY (Lab)']
raw_data/scotland/processed_data/renfs12-ballots/3.PaisleyEast&RalstonWard_renfs12-03.csv,5,['JIM SHARKEY (Lab)'],['JIM SHARKEY (Lab)'],['JIM SHARKEY (Lab)'],['JIM SHARKEY (Lab)'],['JIM SHARKEY (Lab)'],['JIM SHARKEY (Lab)'],['JIM SHARKEY (Lab)'],['JIM SHARKEY (Lab)'],['JIM SHARKEY (Lab)'],['JIM SHARKEY (Lab)'],['JIM SHARKEY (Lab)'],['JIM SHARKEY (Lab)'],['JIM SHARKEY (Lab)'],['JIM SHARKEY (Lab)'],['JIM SHARKEY (Lab)'],['JIM SHARKEY (Lab)'],['JIM SHARKEY (Lab)'],['JIM SHARKEY (Lab)'],['JIM SHARKEY (Lab)'],['JIM SHARKEY (Lab)'],['JIM SHARKEY (Lab)'],['JIM SHARKEY (Lab)'],['JIM SHARKEY (Lab)'],['JIM SHARKEY (Lab)'],['JIM SHARKEY (Lab)'],['JIM SHARKEY (Lab)'],['JIM SHARKEY (Lab)'],['JIM SHARKEY (Lab)'],['JIM SHARKEY (Lab)'],['JIM SHARKEY (Lab)']
raw_data/scotland/processed_data/renfs12-ballots/4.PaisleyNorthWestWard_renfs12-04.csv,6,['Terry KELLY (Lab)'],['Terry KELLY (Lab)'],['Terry KELLY (Lab)'],['Terry KELLY (Lab)'],['Terry KELLY (Lab)'],['Terry KELLY (Lab)'],['Terry KELLY (Lab)'],['Terry KELLY (Lab)'],['Terry KELLY (Lab)'],['Terry KELLY (Lab)'],['Terry KELLY (Lab)'],['Terry KELLY (Lab)'],['Terry KELLY (Lab)'],['Terry KELLY (Lab)'],['Terry KELLY (Lab)'],['Terry KELLY (Lab)'],['Terry KELLY (Lab)'],['Terry KELLY (Lab)'],['Terry KELLY (Lab)'],['Terry KELLY (Lab)'],['Terry KELLY (Lab)'],['Terry KELLY (Lab)'],['Terry KELLY (Lab)'],['Terry KELLY (Lab)'],['Terry KELLY (Lab)'],['Terry KELLY (Lab)'],['Terry KELLY (Lab)'],['Terry KELLY (Lab)'],['Terry KELLY (Lab)'],['Terry KELLY (Lab)']
raw_data/scotland/processed_data/renfs12-ballots/10.BishoptonBridgeofWeir&LangbankWard_renfs12-10.csv,5,['Maria BROWN (SNP)'],['Maria BROWN (SNP)'],['Maria BROWN (SNP)'],['Mike HOLMES (Lab)'],['Mike HOLMES (Lab)'],['Mike HOLMES (Lab)'],['Mike HOLMES (Lab)'],['Maria BROWN (SNP)'],['Maria BROWN (SNP)'],['Maria BROWN (SNP)'],['Maria BROWN (SNP)'],['Maria BROWN (SNP)'],['Maria BROWN (SNP)'],['Mike HOLMES (Lab)'],['Maria BROWN (SNP)'],['Maria BROWN (SNP)'],['Maria BROWN (SNP)'],['Maria BROWN (SNP)'],['Mike HOLMES (Lab)'],['Mike HOLMES (Lab)'],['Mike HOLMES (Lab)'],['Mike HOLMES (Lab)'],['Maria BROWN (SNP)'],['Maria BROWN (SNP)'],['Maria BROWN (SNP)'],['Maria BROWN (SNP)'],['Maria BROWN (SNP)'],['Maria BROWN (SNP)'],['Mike HOLMES (Lab)'],['Maria BROWN (SNP)']
raw_data/scotland/processed_data/renfs12-ballots/9.HoustonCrosslee&LinwoodWard_renfs12-09.csv,5,['Stuart CLARK (Lab)'],['Stuart CLARK (Lab)'],['Stuart CLARK (Lab)'],['Stuart CLARK (Lab)'],['Stuart CLARK (Lab)'],['Stuart CLARK (Lab)'],['Stuart CLARK (Lab)'],['Stuart CLARK (Lab)'],['Stuart CLARK (Lab)'],['Stuart CLARK (Lab)'],['Stuart CLARK (Lab)'],['Stuart CLARK (Lab)'],['Stuart CLARK (Lab)'],['Stuart CLARK (Lab)'],['Stuart CLARK (Lab)'],['Stuart CLARK (Lab)'],['Stuart CLARK (Lab)'],['Stuart CLARK (Lab)'],['Stuart CLARK (Lab)'],['Stuart CLARK (Lab)'],['Stuart CLARK (Lab)'],['Stuart CLARK (Lab)'],['Stuart CLARK (Lab)'],['Stuart CLARK (Lab)'],['Stuart CLARK (Lab)'],['Stuart CLARK (Lab)'],['Stuart CLARK (Lab)'],['Stuart CLARK (Lab)'],['Stuart CLARK (Lab)'],['Stuart CLARK (Lab)']
raw_data/scotland/processed_data/renfs12-ballots/2.RenfrewSouthGallowhillWard_renfs12-02.csv,5,['Eddie GRADY(Lab)'],['Eddie GRADY(Lab)'],['Eddie GRADY(Lab)'],['Eddie GRADY(Lab)'],['Eddie GRADY(Lab)'],['Eddie GRADY(Lab)'],['Eddie GRADY(Lab)'],['Eddie GRADY(Lab)'],['Eddie GRADY(Lab)'],['Eddie GRADY(Lab)'],['Eddie GRADY(Lab)'],['Eddie GRADY(Lab)'],['Eddie GRADY(Lab)'],['Eddie GRADY(Lab)'],['Eddie GRADY(Lab)'],['Eddie GRADY(Lab)'],['Eddie GRADY(Lab)'],['Eddie GRADY(Lab)'],['Eddie GRADY(Lab)'],['Eddie GRADY(Lab)'],['Eddie GRADY(Lab)'],['Eddie GRADY(Lab)'],['Eddie GRADY(Lab)'],['Eddie GRADY(Lab)'],['Eddie GRADY(Lab)'],['Eddie GRADY(Lab)'],['Eddie GRADY(Lab)'],['Eddie GRADY(Lab)'],['Eddie GRADY(Lab)'],['Eddie GRADY(Lab)']
raw_data/scotland/processed_data/renfs12-ballots/11.Erskine&InchinnanWard_renfs12-11.csv,5,['James HARTE (Lab)'],['James HARTE (Lab)'],['James HARTE (Lab)'],['James HARTE (Lab)'],['James HARTE (Lab)'],['James HARTE (Lab)'],['James HARTE (Lab)'],['James HARTE (Lab)'],['James HARTE (Lab)'],['James HARTE (Lab)'],['James HARTE (Lab)'],['James HARTE (Lab)'],['James HARTE (Lab)'],['James HARTE (Lab)'],['James HARTE (Lab)'],['James HARTE (Lab)'],['James HARTE (Lab)'],['James HARTE (Lab)'],['James HARTE (Lab)'],['James HARTE (Lab)'],['James HARTE (Lab)'],['James HARTE (Lab)'],['James HARTE (Lab)'],['James HARTE (Lab)'],['James HARTE (Lab)'],['James HARTE (Lab)'],['James HARTE (Lab)'],['James HARTE (Lab)'],['James HARTE (Lab)'],['James HARTE (Lab)']
raw_data/scotland/processed_data/renfs12-ballots/5.PaisleySouthWard_renfs12-05.csv,6,['Eddie DEVINE (Lab)'],['Eddie DEVINE (Lab)'],['Eddie DEVINE (Lab)'],['Eddie DEVINE (Lab)'],['Eddie DEVINE (Lab)'],['Eddie DEVINE (Lab)'],['Eddie DEVINE (Lab)'],['Eddie DEVINE (Lab)'],['Eddie DEVINE (Lab)'],['Eddie DEVINE (Lab)'],['Eddie DEVINE (Lab)'],['Eddie DEVINE (Lab)'],['Eddie DEVINE (Lab)'],['Eddie DEVINE (Lab)'],['Eddie DEVINE (Lab)'],['Eddie DEVINE (Lab)'],['Eddie DEVINE (Lab)'],['Eddie DEVINE (Lab)'],['Eddie DEVINE (Lab)'],['Eddie DEVINE (Lab)'],['Eddie DEVINE (Lab)'],['Eddie DEVINE (Lab)'],['Eddie DEVINE (Lab)'],['Eddie DEVINE (Lab)'],['Eddie DEVINE (Lab)'],['Eddie DEVINE (Lab)'],['Eddie DEVINE (Lab)'],['Eddie DEVINE (Lab)'],['Eddie DEVINE (Lab)'],['Eddie DEVINE (Lab)']
raw_data/scotland/processed_data/perth-kinross12-ballots/Strathallan_perth-kinross12-07.csv,4,['Tom GRAY (SNP)'],['Murray LYLE (Con)'],['Murray LYLE (Con)'],['Murray LYLE (Con)'],['Ann GAUNT (LD)'],['Murray LYLE (Con)'],['Murray LYLE (Con)'],['Murray LYLE (Con)'],['Murray LYLE (Con)'],['Murray LYLE (Con)'],['Murray LYLE (Con)'],['Murray LYLE (Con)'],['Murray LYLE (Con)'],['Ann GAUNT (LD)'],['Murray LYLE (Con)'],['Tom GRAY (SNP)'],['Murray LYLE (Con)'],['Murray LYLE (Con)'],['Murray LYLE (Con)'],['Ann GAUNT (LD)'],['Murray LYLE (Con)'],['Murray LYLE (Con)'],['Murray LYLE (Con)'],['Murray LYLE (Con)'],['Murray LYLE (Con)'],['Murray LYLE (Con)'],['Murray LYLE (Con)'],['Murray LYLE (Con)'],['Ann GAUNT (LD)'],['Murray LYLE (Con)']
raw_data/scotland/processed_data/perth-kinross12-ballots/PerthCityCentre_perth-kinross12-12.csv,7,['Jack COBURN (SNP)'],['Jack COBURN (SNP)'],['Jack COBURN (SNP)'],['Jack COBURN (SNP)'],['Peter BARRETT (LD)'],['Jack COBURN (SNP)'],['Jack COBURN (SNP)'],['Jack COBURN (SNP)'],['Jack COBURN (SNP)'],['Jack COBURN (SNP)'],['Jack COBURN (SNP)'],['Jack COBURN (SNP)'],['Jack COBURN (SNP)'],['Jack COBURN (SNP)'],['Jack COBURN (SNP)'],['Jack COBURN (SNP)'],['Jack COBURN (SNP)'],['Jack COBURN (SNP)'],['Jack COBURN (SNP)'],['Peter BARRETT (LD)'],['Jack COBURN (SNP)'],['Jack COBURN (SNP)'],['Jack COBURN (SNP)'],['Jack COBURN (SNP)'],['Jack COBURN (SNP)'],['Jack COBURN (SNP)'],['Jack COBURN (SNP)'],['Jack COBURN (SNP)'],['Jack COBURN (SNP)'],['Jack COBURN (SNP)']
raw_data/scotland/processed_data/perth-kinross12-ballots/PerthCityNorth_perth-kinross12-11.csv,4,['Dave DOOGAN (SNP)'],['Dave DOOGAN (SNP)'],['Dave DOOGAN (SNP)'],['Dave DOOGAN (SNP)'],['Dave DOOGAN (SNP)'],['Dave DOOGAN (SNP)'],['Dave DOOGAN (SNP)'],['Dave DOOGAN (SNP)'],['Dave DOOGAN (SNP)'],['Dave DOOGAN (SNP)'],['Dave DOOGAN (SNP)'],['Dave DOOGAN (SNP)'],['Dave DOOGAN (SNP)'],['Dave DOOGAN (SNP)'],['Dave DOOGAN (SNP)'],['Dave DOOGAN (SNP)'],['Dave DOOGAN (SNP)'],['Dave DOOGAN (SNP)'],['Dave DOOGAN (SNP)'],['Dave DOOGAN (SNP)'],['Dave DOOGAN (SNP)'],['Dave DOOGAN (SNP)'],['Dave DOOGAN (SNP)'],['Dave DOOGAN (SNP)'],['Dave DOOGAN (SNP)'],['Dave DOOGAN (SNP)'],['Dave DOOGAN (SNP)'],['Dave DOOGAN (SNP)'],['Dave DOOGAN (SNP)'],['Dave DOOGAN (SNP)']
raw_data/scotland/processed_data/perth-kinross12-ballots/Kinross-shire_perth-kinross12-08.csv,7,['Joe GIACOPAZZI (SNP)'],['Willie ROBERTSON (LD)'],['Dave CUTHBERT (Ind)'],['Willie ROBERTSON (LD)'],['Willie ROBERTSON (LD)'],['Willie ROBERTSON (LD)'],['Willie ROBERTSON (LD)'],['Willie ROBERTSON (LD)'],['Willie ROBERTSON (LD)'],['Willie ROBERTSON (LD)'],['Willie ROBERTSON (LD)'],['Willie ROBERTSON (LD)'],['Willie ROBERTSON (LD)'],['Willie ROBERTSON (LD)'],['Willie ROBERTSON (LD)'],['Willie ROBERTSON (LD)'],['Willie ROBERTSON (LD)'],['Willie ROBERTSON (LD)'],['Willie ROBERTSON (LD)'],['Willie ROBERTSON (LD)'],['Willie ROBERTSON (LD)'],['Willie ROBERTSON (LD)'],['Willie ROBERTSON (LD)'],['Willie ROBERTSON (LD)'],['Willie ROBERTSON (LD)'],['Willie ROBERTSON (LD)'],['Willie ROBERTSON (LD)'],['Willie ROBERTSON (LD)'],['Willie ROBERTSON (LD)'],['Willie ROBERTSON (LD)']
raw_data/scotland/processed_data/perth-kinross12-ballots/CarseofGowrie_perth-kinross12-01.csv,4,['Gordon WALKER (SNP)'],['Gordon WALKER (SNP)'],['Gordon WALKER (SNP)'],['Gordon WALKER (SNP)'],['Gordon WALKER (SNP)'],['Gordon WALKER (SNP)'],['Gordon WALKER (SNP)'],['Gordon WALKER (SNP)'],['Gordon WALKER (SNP)'],['Gordon WALKER (SNP)'],['Gordon WALKER (SNP)'],['Gordon WALKER (SNP)'],['Gordon WALKER (SNP)'],['Gordon WALKER (SNP)'],['Gordon WALKER (SNP)'],['Gordon WALKER (SNP)'],['Gordon WALKER (SNP)'],['Gordon WALKER (SNP)'],['Gordon WALKER (SNP)'],['Gordon WALKER (SNP)'],['Gordon WALKER (SNP)'],['Gordon WALKER (SNP)'],['Gordon WALKER (SNP)'],['Gordon WALKER (SNP)'],['Gordon WALKER (SNP)'],['Gordon WALKER (SNP)'],['Gordon WALKER (SNP)'],['Gordon WALKER (SNP)'],['Gordon WALKER (SNP)'],['Gordon WALKER (SNP)']
raw_data/scotland/processed_data/perth-kinross12-ballots/Strathtay_perth-kinross12-05.csv,4,['John KELLAS (SNP)'],['John KELLAS (SNP)'],['John KELLAS (SNP)'],['John KELLAS (SNP)'],['John KELLAS (SNP)'],['John KELLAS (SNP)'],['John KELLAS (SNP)'],['John KELLAS (SNP)'],['John KELLAS (SNP)'],['John KELLAS (SNP)'],['John KELLAS (SNP)'],['John KELLAS (SNP)'],['John KELLAS (SNP)'],['John KELLAS (SNP)'],['John KELLAS (SNP)'],['John KELLAS (SNP)'],['John KELLAS (SNP)'],['John KELLAS (SNP)'],['John KELLAS (SNP)'],['John KELLAS (SNP)'],['John KELLAS (SNP)'],['John KELLAS (SNP)'],['John KELLAS (SNP)'],['John KELLAS (SNP)'],['John KELLAS (SNP)'],['John KELLAS (SNP)'],['John KELLAS (SNP)'],['John KELLAS (SNP)'],['John KELLAS (SNP)'],['John KELLAS (SNP)']
raw_data/scotland/processed_data/perth-kinross12-ballots/Strathearn_perth-kinross12-06.csv,5,['Ann COWAN (Con)'],['Ann COWAN (Con)'],['Ann COWAN (Con)'],['Ann COWAN (Con)'],['Rhona BROCK (Ind)'],['Ann COWAN (Con)'],['Ann COWAN (Con)'],['Ann COWAN (Con)'],['Ann COWAN (Con)'],['Ann COWAN (Con)'],['Ann COWAN (Con)'],['Ann COWAN (Con)'],['Ann COWAN (Con)'],['Rhona BROCK (Ind)'],['Ann COWAN (Con)'],['Ann COWAN (Con)'],['Ann COWAN (Con)'],['Ann COWAN (Con)'],['Ann COWAN (Con)'],['Rhona BROCK (Ind)'],['Ann COWAN (Con)'],['Ann COWAN (Con)'],['Ann COWAN (Con)'],['Ann COWAN (Con)'],['Ann COWAN (Con)'],['Ann COWAN (Con)'],['Ann COWAN (Con)'],['Ann COWAN (Con)'],['Rhona BROCK (Ind)'],['Ann COWAN (Con)']
raw_data/scotland/processed_data/perth-kinross12-ballots/PerthCitySouth_perth-kinross12-10.csv,6,['William Ogilvie WILSON (LD)'],['William Ogilvie WILSON (LD)'],['William Ogilvie WILSON (LD)'],['William Ogilvie WILSON (LD)'],['William Ogilvie WILSON (LD)'],['William Ogilvie WILSON (LD)'],['William Ogilvie WILSON (LD)'],['William Ogilvie WILSON (LD)'],['William Ogilvie WILSON (LD)'],['William Ogilvie WILSON (LD)'],['William Ogilvie WILSON (LD)'],['William Ogilvie WILSON (LD)'],['William Ogilvie WILSON (LD)'],['William Ogilvie WILSON (LD)'],['William Ogilvie WILSON (LD)'],['William Ogilvie WILSON (LD)'],['William Ogilvie WILSON (LD)'],['William Ogilvie WILSON (LD)'],['William Ogilvie WILSON (LD)'],['William Ogilvie WILSON (LD)'],['William Ogilvie WILSON (LD)'],['William Ogilvie WILSON (LD)'],['William Ogilvie WILSON (LD)'],['William Ogilvie WILSON (LD)'],['William Ogilvie WILSON (LD)'],['William Ogilvie WILSON (LD)'],['William Ogilvie WILSON (LD)'],['William Ogilvie WILSON (LD)'],['William Ogilvie WILSON (LD)'],['William Ogilvie WILSON (LD)']
raw_data/scotland/processed_data/perth-kinross12-ballots/Highland_perth-kinross12-04.csv,6,['Kate HOWIE (SNP)'],['Kate HOWIE (SNP)'],['Kate HOWIE (SNP)'],['Kate HOWIE (SNP)'],['Kate HOWIE (SNP)'],['Kate HOWIE (SNP)'],['Kate HOWIE (SNP)'],['Kate HOWIE (SNP)'],['Kate HOWIE (SNP)'],['Kate HOWIE (SNP)'],['Kate HOWIE (SNP)'],['Kate HOWIE (SNP)'],['Kate HOWIE (SNP)'],['Kate HOWIE (SNP)'],['Kate HOWIE (SNP)'],['Kate HOWIE (SNP)'],['Kate HOWIE (SNP)'],['Kate HOWIE (SNP)'],['Kate HOWIE (SNP)'],['Kate HOWIE (SNP)'],['Kate HOWIE (SNP)'],['Kate HOWIE (SNP)'],['Kate HOWIE (SNP)'],['Kate HOWIE (SNP)'],['Kate HOWIE (SNP)'],['Kate HOWIE (SNP)'],['Kate HOWIE (SNP)'],['Kate HOWIE (SNP)'],['Kate HOWIE (SNP)'],['Kate HOWIE (SNP)']
raw_data/scotland/processed_data/perth-kinross12-ballots/AlmondandEarn_perth-kinross12-09.csv,5,['Henry ANDERSON (SNP)'],['Henry ANDERSON (SNP)'],['Henry ANDERSON (SNP)'],['Henry ANDERSON (SNP)'],['Henry ANDERSON (SNP)'],['Henry ANDERSON (SNP)'],['Henry ANDERSON (SNP)'],['Henry ANDERSON (SNP)'],['Henry ANDERSON (SNP)'],['Henry ANDERSON (SNP)'],['Henry ANDERSON (SNP)'],['Henry ANDERSON (SNP)'],['Henry ANDERSON (SNP)'],['Henry ANDERSON (SNP)'],['Henry ANDERSON (SNP)'],['Henry ANDERSON (SNP)'],['Henry ANDERSON (SNP)'],['Henry ANDERSON (SNP)'],['Henry ANDERSON (SNP)'],['Henry ANDERSON (SNP)'],['Henry ANDERSON (SNP)'],['Henry ANDERSON (SNP)'],['Henry ANDERSON (SNP)'],['Henry ANDERSON (SNP)'],['Henry ANDERSON (SNP)'],['Henry ANDERSON (SNP)'],['Henry ANDERSON (SNP)'],['Henry ANDERSON (SNP)'],['Henry ANDERSON (SNP)'],['Henry ANDERSON (SNP)']
raw_data/scotland/processed_data/perth-kinross12-ballots/BlairgowrieandGlens_perth-kinross12-03.csv,4,['Bob ELLIS (SNP)'],['Bob ELLIS (SNP)'],['Bob ELLIS (SNP)'],['Bob ELLIS (SNP)'],['Bob ELLIS (SNP)'],['Bob ELLIS (SNP)'],['Bob ELLIS (SNP)'],['Bob ELLIS (SNP)'],['Bob ELLIS (SNP)'],['Bob ELLIS (SNP)'],['Bob ELLIS (SNP)'],['Bob ELLIS (SNP)'],['Bob ELLIS (SNP)'],['Bob ELLIS (SNP)'],['Bob ELLIS (SNP)'],['Bob ELLIS (SNP)'],['Bob ELLIS (SNP)'],['Bob ELLIS (SNP)'],['Bob ELLIS (SNP)'],['Bob ELLIS (SNP)'],['Bob ELLIS (SNP)'],['Bob ELLIS (SNP)'],['Bob ELLIS (SNP)'],['Bob ELLIS (SNP)'],['Bob ELLIS (SNP)'],['Bob ELLIS (SNP)'],['Bob ELLIS (SNP)'],['Bob ELLIS (SNP)'],['Bob ELLIS (SNP)'],['Bob ELLIS (SNP)']
raw_data/scotland/processed_data/perth-kinross12-ballots/Strathmore_perth-kinross12-02.csv,6,['Ian MILLER (SNP)'],['Ian MILLER (SNP)'],['Ian MILLER (SNP)'],['Ian MILLER (SNP)'],['Ian MILLER (SNP)'],['Ian MILLER (SNP)'],['Ian MILLER (SNP)'],['Ian MILLER (SNP)'],['Ian MILLER (SNP)'],['Ian MILLER (SNP)'],['Ian MILLER (SNP)'],['Ian MILLER (SNP)'],['Ian MILLER (SNP)'],['Ian MILLER (SNP)'],['Ian MILLER (SNP)'],['Ian MILLER (SNP)'],['Ian MILLER (SNP)'],['Ian MILLER (SNP)'],['Ian MILLER (SNP)'],['Ian MILLER (SNP)'],['Ian MILLER (SNP)'],['Ian MILLER (SNP)'],['Ian MILLER (SNP)'],['Ian MILLER (SNP)'],['Ian MILLER (SNP)'],['Ian MILLER (SNP)'],['Ian MILLER (SNP)'],['Ian MILLER (SNP)'],['Ian MILLER (SNP)'],['Ian MILLER (SNP)']
raw_data/scotland/processed_data/renfs22/Preference_profile_for_Ward_2_Renfrew_South_and_Gallowhill_copy.csv,3,['Cathy MCEWAN (SNP)'],['Cathy MCEWAN (SNP)'],['Cathy MCEWAN (SNP)'],['Cathy MCEWAN (SNP)'],['Cathy MCEWAN (SNP)'],['Cathy MCEWAN (SNP)'],['Cathy MCEWAN (SNP)'],['Cathy MCEWAN (SNP)'],['Cathy MCEWAN (SNP)'],['Cathy MCEWAN (SNP)'],['Cathy MCEWAN (SNP)'],['Cathy MCEWAN (SNP)'],['Cathy MCEWAN (SNP)'],['Cathy MCEWAN (SNP)'],['Cathy MCEWAN (SNP)'],['Cathy MCEWAN (SNP)'],['Cathy MCEWAN (SNP)'],['Cathy MCEWAN (SNP)'],['Cathy MCEWAN (SNP)'],['Cathy MCEWAN (SNP)'],['Cathy MCEWAN (SNP)'],['Cathy MCEWAN (SNP)'],['Cathy MCEWAN (SNP)'],['Cathy MCEWAN (SNP)'],['Cathy MCEWAN (SNP)'],['Cathy MCEWAN (SNP)'],['Cathy MCEWAN (SNP)'],['Cathy MCEWAN (SNP)'],['Cathy MCEWAN (SNP)'],['Cathy MCEWAN (SNP)']
raw_data/scotland/processed_data/renfs22/profile_for_Ward_11_Bishopton_Bridge_of_Weir_and_Langbank_copy.csv,4,['Fiona AIRLIE-NICOLSON (SNP)'],['Fiona AIRLIE-NICOLSON (SNP)'],['Fiona AIRLIE-NICOLSON (SNP)'],['Colin Alan MCCULLOCH (Lab)'],['Colin Alan MCCULLOCH (Lab)'],['Colin Alan MCCULLOCH (Lab)'],['Colin Alan MCCULLOCH (Lab)'],['Colin Alan MCCULLOCH (Lab)'],['Colin Alan MCCULLOCH (Lab)'],['Colin Alan MCCULLOCH (Lab)'],['Colin Alan MCCULLOCH (Lab)'],['Colin Alan MCCULLOCH (Lab)'],['Colin Alan MCCULLOCH (Lab)'],['Colin Alan MCCULLOCH (Lab)'],['Colin Alan MCCULLOCH (Lab)'],['Fiona AIRLIE-NICOLSON (SNP)'],['Fiona AIRLIE-NICOLSON (SNP)'],['Fiona AIRLIE-NICOLSON (SNP)'],['Colin Alan MCCULLOCH (Lab)'],['Colin Alan MCCULLOCH (Lab)'],['Colin Alan MCCULLOCH (Lab)'],['Colin Alan MCCULLOCH (Lab)'],['Colin Alan MCCULLOCH (Lab)'],['Colin Alan MCCULLOCH (Lab)'],['Colin Alan MCCULLOCH (Lab)'],['Colin Alan MCCULLOCH (Lab)'],['Colin Alan MCCULLOCH (Lab)'],['Colin Alan MCCULLOCH (Lab)'],['Colin Alan MCCULLOCH (Lab)'],['Colin Alan MCCULLOCH (Lab)']
raw_data/scotland/processed_data/renfs22/Preference_profile_for_Ward_12_Erskine_and_Inchinnan_copy.csv,5,['Iain NICOLSON (SNP)'],['Sam MULLIN (Lab)'],['Sam MULLIN (Lab)'],['Sam MULLIN (Lab)'],['Sam MULLIN (Lab)'],['Sam MULLIN (Lab)'],['Sam MULLIN (Lab)'],['Sam MULLIN (Lab)'],['Sam MULLIN (Lab)'],['Sam MULLIN (Lab)'],['Sam MULLIN (Lab)'],['Sam MULLIN (Lab)'],['Sam MULLIN (Lab)'],['Sam MULLIN (Lab)'],['Sam MULLIN (Lab)'],['Iain NICOLSON (SNP)'],['Sam MULLIN (Lab)'],['Sam MULLIN (Lab)'],['Sam MULLIN (Lab)'],['Sam MULLIN (Lab)'],['Sam MULLIN (Lab)'],['Sam MULLIN (Lab)'],['Sam MULLIN (Lab)'],['Sam MULLIN (Lab)'],['Sam MULLIN (Lab)'],['Sam MULLIN (Lab)'],['Sam MULLIN (Lab)'],['Sam MULLIN (Lab)'],['Sam MULLIN (Lab)'],['Sam MULLIN (Lab)']
raw_data/scotland/processed_data/renfs22/Preference_profile_for_Ward_10_Houston_Crosslee_and_Linwood_copy.csv,3,['Audrey DOIG (SNP)'],['Alison ANN-DOWLING (Labour and Co-operative Party)'],['Alison ANN-DOWLING (Labour and Co-operative Party)'],['Alison ANN-DOWLING (Labour and Co-operative Party)'],['Alison ANN-DOWLING (Labour and Co-operative Party)'],['Alison ANN-DOWLING (Labour and Co-operative Party)'],['Alison ANN-DOWLING (Labour and Co-operative Party)'],['Alison ANN-DOWLING (Labour and Co-operative Party)'],['Alison ANN-DOWLING (Labour and Co-operative Party)'],['Alison ANN-DOWLING (Labour and Co-operative Party)'],['Alison ANN-DOWLING (Labour and Co-operative Party)'],['Alison ANN-DOWLING (Labour and Co-operative Party)'],['Alison ANN-DOWLING (Labour and Co-operative Party)'],['Alison ANN-DOWLING (Labour and Co-operative Party)'],['Alison ANN-DOWLING (Labour and Co-operative Party)'],['Audrey DOIG (SNP)'],['Alison ANN-DOWLING (Labour and Co-operative Party)'],['Alison ANN-DOWLING (Labour and Co-operative Party)'],['Alison ANN-DOWLING (Labour and Co-operative Party)'],['Alison ANN-DOWLING (Labour and Co-operative Party)'],['Alison ANN-DOWLING (Labour and Co-operative Party)'],['Alison ANN-DOWLING (Labour and Co-operative Party)'],['Alison ANN-DOWLING (Labour and Co-operative Party)'],['Alison ANN-DOWLING (Labour and Co-operative Party)'],['Alison ANN-DOWLING (Labour and Co-operative Party)'],['Alison ANN-DOWLING (Labour and Co-operative Party)'],['Alison ANN-DOWLING (Labour and Co-operative Party)'],['Alison ANN-DOWLING (Labour and Co-operative Party)'],['Alison ANN-DOWLING (Labour and Co-operative Party)'],['Alison ANN-DOWLING (Labour and Co-operative Party)']
raw_data/scotland/processed_data/renfs22/for_Ward_9_Johnstone_North_Kilbarchan_Howwood_and_Lochwinnoch_copy.csv,6,['Emma RODDEN (SNP)'],['Andy DOIG (Ind)'],['Chris GILMOUR (Lab)'],['Andy DOIG (Ind)'],['Andy DOIG (Ind)'],['Andy DOIG (Ind)'],['Andy DOIG (Ind)'],['Andy DOIG (Ind)'],['Andy DOIG (Ind)'],['Andy DOIG (Ind)'],['Andy DOIG (Ind)'],['Andy DOIG (Ind)'],['Andy DOIG (Ind)'],['Andy DOIG (Ind)'],['Andy DOIG (Ind)'],['Emma RODDEN (SNP)'],['Andy DOIG (Ind)'],['Andy DOIG (Ind)'],['Andy DOIG (Ind)'],['Andy DOIG (Ind)'],['Andy DOIG (Ind)'],['Andy DOIG (Ind)'],['Andy DOIG (Ind)'],['Andy DOIG (Ind)'],['Andy DOIG (Ind)'],['Andy DOIG (Ind)'],['Andy DOIG (Ind)'],['Andy DOIG (Ind)'],['Andy DOIG (Ind)'],['Andy DOIG (Ind)']
raw_data/scotland/processed_data/renfs22/Preference_profile_for_Ward_6_Paisley_Southeast_copy.csv,7,['Bruce MACFARLANE (SNP)'],['Bruce MACFARLANE (SNP)'],['Bruce MACFARLANE (SNP)'],['Bruce MACFARLANE (SNP)'],['Bruce MACFARLANE (SNP)'],['Bruce MACFARLANE (SNP)'],['Bruce MACFARLANE (SNP)'],['Bruce MACFARLANE (SNP)'],['Bruce MACFARLANE (SNP)'],['Bruce MACFARLANE (SNP)'],['Bruce MACFARLANE (SNP)'],['Bruce MACFARLANE (SNP)'],['Bruce MACFARLANE (SNP)'],['Bruce MACFARLANE (SNP)'],['Bruce MACFARLANE (SNP)'],['Bruce MACFARLANE (SNP)'],['Bruce MACFARLANE (SNP)'],['Bruce MACFARLANE (SNP)'],['Bruce MACFARLANE (SNP)'],['Bruce MACFARLANE (SNP)'],['Bruce MACFARLANE (SNP)'],['Bruce MACFARLANE (SNP)'],['Bruce MACFARLANE (SNP)'],['Bruce MACFARLANE (SNP)'],['Bruce MACFARLANE (SNP)'],['Bruce MACFARLANE (SNP)'],['Bruce MACFARLANE (SNP)'],['Bruce MACFARLANE (SNP)'],['Bruce MACFARLANE (SNP)'],['Bruce MACFARLANE (SNP)']
raw_data/scotland/processed_data/renfs22/Preference_profile_for_Ward_5_Paisley_East_and_Central_copy.csv,5,['John MCNAUGHTAN (SNP)'],['John MCNAUGHTAN (SNP)'],['John MCNAUGHTAN (SNP)'],['John MCNAUGHTAN (SNP)'],['John MCNAUGHTAN (SNP)'],['John MCNAUGHTAN (SNP)'],['John MCNAUGHTAN (SNP)'],['John MCNAUGHTAN (SNP)'],['John MCNAUGHTAN (SNP)'],['John MCNAUGHTAN (SNP)'],['John MCNAUGHTAN (SNP)'],['John MCNAUGHTAN (SNP)'],['John MCNAUGHTAN (SNP)'],['John MCNAUGHTAN (SNP)'],['John MCNAUGHTAN (SNP)'],['John MCNAUGHTAN (SNP)'],['John MCNAUGHTAN (SNP)'],['John MCNAUGHTAN (SNP)'],['John MCNAUGHTAN (SNP)'],['John MCNAUGHTAN (SNP)'],['John MCNAUGHTAN (SNP)'],['John MCNAUGHTAN (SNP)'],['John MCNAUGHTAN (SNP)'],['John MCNAUGHTAN (SNP)'],['John MCNAUGHTAN (SNP)'],['John MCNAUGHTAN (SNP)'],['John MCNAUGHTAN (SNP)'],['John MCNAUGHTAN (SNP)'],['John MCNAUGHTAN (SNP)'],['John MCNAUGHTAN (SNP)']
raw_data/scotland/processed_data/renfs22/Preference_profile_for_Ward_4_Paisley_Northwest_copy.csv,9,['KENNY MACLAREN (SNP)'],['KENNY MACLAREN (SNP)'],['KENNY MACLAREN (SNP)'],['KENNY MACLAREN (SNP)'],['KENNY MACLAREN (SNP)'],['KENNY MACLAREN (SNP)'],['KENNY MACLAREN (SNP)'],['KENNY MACLAREN (SNP)'],['KENNY MACLAREN (SNP)'],['KENNY MACLAREN (SNP)'],['KENNY MACLAREN (SNP)'],['KENNY MACLAREN (SNP)'],['KENNY MACLAREN (SNP)'],['KENNY MACLAREN (SNP)'],['KENNY MACLAREN (SNP)'],['KENNY MACLAREN (SNP)'],['KENNY MACLAREN (SNP)'],['KENNY MACLAREN (SNP)'],['KENNY MACLAREN (SNP)'],['KENNY MACLAREN (SNP)'],['KENNY MACLAREN (SNP)'],['KENNY MACLAREN (SNP)'],['KENNY MACLAREN (SNP)'],['KENNY MACLAREN (SNP)'],['KENNY MACLAREN (SNP)'],['KENNY MACLAREN (SNP)'],['KENNY MACLAREN (SNP)'],['KENNY MACLAREN (SNP)'],['KENNY MACLAREN (SNP)'],['KENNY MACLAREN (SNP)']
raw_data/scotland/processed_data/renfs22/Preference_profile_for_Ward_8_Johnstone_South_and_Elderslie_copy.csv,4,['John HOOD (Lab)'],['John HOOD (Lab)'],['John HOOD (Lab)'],['John HOOD (Lab)'],['John HOOD (Lab)'],['John HOOD (Lab)'],['John HOOD (Lab)'],['John HOOD (Lab)'],['John HOOD (Lab)'],['John HOOD (Lab)'],['John HOOD (Lab)'],['John HOOD (Lab)'],['John HOOD (Lab)'],['John HOOD (Lab)'],['John HOOD (Lab)'],['John HOOD (Lab)'],['John HOOD (Lab)'],['John HOOD (Lab)'],['John HOOD (Lab)'],['John HOOD (Lab)'],['John HOOD (Lab)'],['John HOOD (Lab)'],['John HOOD (Lab)'],['John HOOD (Lab)'],['John HOOD (Lab)'],['John HOOD (Lab)'],['John HOOD (Lab)'],['John HOOD (Lab)'],['John HOOD (Lab)'],['John HOOD (Lab)']
raw_data/scotland/processed_data/renfs22/Preference_profile_for_Ward_7_Paisley_Southwest_copy.csv,6,['Lorraine CAMERON (SNP)'],['Lorraine CAMERON (SNP)'],['Lorraine CAMERON (SNP)'],['Lorraine CAMERON (SNP)'],['Kevin MONTGOMERY (Lab)'],['Lorraine CAMERON (SNP)'],['Lorraine CAMERON (SNP)'],['Lorraine CAMERON (SNP)'],['Lorraine CAMERON (SNP)'],['Lorraine CAMERON (SNP)'],['Lorraine CAMERON (SNP)'],['Lorraine CAMERON (SNP)'],['Lorraine CAMERON (SNP)'],['Lorraine CAMERON (SNP)'],['Lorraine CAMERON (SNP)'],['Lorraine CAMERON (SNP)'],['Lorraine CAMERON (SNP)'],['Lorraine CAMERON (SNP)'],['Lorraine CAMERON (SNP)'],['Kevin MONTGOMERY (Lab)'],['Lorraine CAMERON (SNP)'],['Lorraine CAMERON (SNP)'],['Lorraine CAMERON (SNP)'],['Lorraine CAMERON (SNP)'],['Lorraine CAMERON (SNP)'],['Lorraine CAMERON (SNP)'],['Lorraine CAMERON (SNP)'],['Lorraine CAMERON (SNP)'],['Lorraine CAMERON (SNP)'],['Lorraine CAMERON (SNP)']
raw_data/scotland/processed_data/argyll-bute17-ballots/MidArgyll_argyll-bute17-03.csv,7,['Douglas Trevor PHILAND (Ind)'],['Douglas Trevor PHILAND (Ind)'],['Douglas Trevor PHILAND (Ind)'],['Douglas Trevor PHILAND (Ind)'],['Douglas Trevor PHILAND (Ind)'],['Douglas Trevor PHILAND (Ind)'],['Douglas Trevor PHILAND (Ind)'],['Douglas Trevor PHILAND (Ind)'],['Douglas Trevor PHILAND (Ind)'],['Douglas Trevor PHILAND (Ind)'],['Douglas Trevor PHILAND (Ind)'],['Douglas Trevor PHILAND (Ind)'],['Douglas Trevor PHILAND (Ind)'],['Douglas Trevor PHILAND (Ind)'],['Douglas Trevor PHILAND (Ind)'],['Douglas Trevor PHILAND (Ind)'],['Douglas Trevor PHILAND (Ind)'],['Douglas Trevor PHILAND (Ind)'],['Douglas Trevor PHILAND (Ind)'],['Douglas Trevor PHILAND (Ind)'],['Douglas Trevor PHILAND (Ind)'],['Douglas Trevor PHILAND (Ind)'],['Douglas Trevor PHILAND (Ind)'],['Douglas Trevor PHILAND (Ind)'],['Douglas Trevor PHILAND (Ind)'],['Douglas Trevor PHILAND (Ind)'],['Douglas Trevor PHILAND (Ind)'],['Douglas Trevor PHILAND (Ind)'],['Douglas Trevor PHILAND (Ind)'],['Douglas Trevor PHILAND (Ind)']
raw_data/scotland/processed_data/argyll-bute17-ballots/Cowal_argyll-bute17-06.csv,5,['William Gordon BLAIR (SNP)'],['Alan REID (LD)'],['Yvonne MCNEILLY (Con)'],['Alan REID (LD)'],['Alan REID (LD)'],['Alan REID (LD)'],['Alan REID (LD)'],['Alan REID (LD)'],['Alan REID (LD)'],['Alan REID (LD)'],['Alan REID (LD)'],['Alan REID (LD)'],['Alan REID (LD)'],['Alan REID (LD)'],['Alan REID (LD)'],['William Gordon BLAIR (SNP)'],['Alan REID (LD)'],['Yvonne MCNEILLY (Con)'],['Alan REID (LD)'],['Alan REID (LD)'],['Alan REID (LD)'],['Alan REID (LD)'],['Alan REID (LD)'],['Alan REID (LD)'],['Alan REID (LD)'],['Alan REID (LD)'],['Alan REID (LD)'],['Alan REID (LD)'],['Alan REID (LD)'],['Alan REID (LD)']
raw_data/scotland/processed_data/argyll-bute17-ballots/Dunoon_argyll-bute17-07.csv,9,['Audrey E FORREST (SNP)'],['Audrey E FORREST (SNP)'],['Audrey E FORREST (SNP)'],['Audrey E FORREST (SNP)'],['Jim ANDERSON (Ind)'],['Audrey E FORREST (SNP)'],['Audrey E FORREST (SNP)'],['Audrey E FORREST (SNP)'],['Audrey E FORREST (SNP)'],['Audrey E FORREST (SNP)'],['Audrey E FORREST (SNP)'],['Audrey E FORREST (SNP)'],['Audrey E FORREST (SNP)'],['Jim ANDERSON (Ind)'],['Audrey E FORREST (SNP)'],['Audrey E FORREST (SNP)'],['Audrey E FORREST (SNP)'],['Audrey E FORREST (SNP)'],['Audrey E FORREST (SNP)'],['Audrey E FORREST (SNP)'],['Audrey E FORREST (SNP)'],['Audrey E FORREST (SNP)'],['Audrey E FORREST (SNP)'],['Audrey E FORREST (SNP)'],['Audrey E FORREST (SNP)'],['Audrey E FORREST (SNP)'],['Audrey E FORREST (SNP)'],['Audrey E FORREST (SNP)'],['Jim ANDERSON (Ind)'],['Audrey E FORREST (SNP)']
raw_data/scotland/processed_data/argyll-bute17-ballots/ObanNorthandLorn_argyll-bute17-05.csv,9,['Julie MCKENZIE (SNP)'],['Elaine ROBERTSON (Ind)'],['Elaine ROBERTSON (Ind)'],['Elaine ROBERTSON (Ind)'],['Elaine ROBERTSON (Ind)'],['Elaine ROBERTSON (Ind)'],['Elaine ROBERTSON (Ind)'],['Elaine ROBERTSON (Ind)'],['Elaine ROBERTSON (Ind)'],['Elaine ROBERTSON (Ind)'],['Elaine ROBERTSON (Ind)'],['Elaine ROBERTSON (Ind)'],['Elaine ROBERTSON (Ind)'],['Elaine ROBERTSON (Ind)'],['Elaine ROBERTSON (Ind)'],['Julie MCKENZIE (SNP)'],['Elaine ROBERTSON (Ind)'],['Elaine ROBERTSON (Ind)'],['Elaine ROBERTSON (Ind)'],['Elaine ROBERTSON (Ind)'],['Elaine ROBERTSON (Ind)'],['Elaine ROBERTSON (Ind)'],['Elaine ROBERTSON (Ind)'],['Elaine ROBERTSON (Ind)'],['Elaine ROBERTSON (Ind)'],['Elaine ROBERTSON (Ind)'],['Elaine ROBERTSON (Ind)'],['Elaine ROBERTSON (Ind)'],['Elaine ROBERTSON (Ind)'],['Elaine ROBERTSON (Ind)']
raw_data/scotland/processed_data/argyll-bute17-ballots/IsleofBute_argyll-bute17-08.csv,6,['Robert MACINTYRE (SNP)'],['Jean Murray MOFFAT (Ind)'],['Jean Murray MOFFAT (Ind)'],['Jean Murray MOFFAT (Ind)'],['Jean Murray MOFFAT (Ind)'],['Jean Murray MOFFAT (Ind)'],['Jean Murray MOFFAT (Ind)'],['Jean Murray MOFFAT (Ind)'],['Jean Murray MOFFAT (Ind)'],['Jean Murray MOFFAT (Ind)'],['Jean Murray MOFFAT (Ind)'],['Jean Murray MOFFAT (Ind)'],['Jean Murray MOFFAT (Ind)'],['Jean Murray MOFFAT (Ind)'],['Jean Murray MOFFAT (Ind)'],['Robert MACINTYRE (SNP)'],['Jean Murray MOFFAT (Ind)'],['Jean Murray MOFFAT (Ind)'],['Jean Murray MOFFAT (Ind)'],['Jean Murray MOFFAT (Ind)'],['Jean Murray MOFFAT (Ind)'],['Jean Murray MOFFAT (Ind)'],['Jean Murray MOFFAT (Ind)'],['Jean Murray MOFFAT (Ind)'],['Jean Murray MOFFAT (Ind)'],['Jean Murray MOFFAT (Ind)'],['Jean Murray MOFFAT (Ind)'],['Jean Murray MOFFAT (Ind)'],['Jean Murray MOFFAT (Ind)'],['Jean Murray MOFFAT (Ind)']
raw_data/scotland/processed_data/argyll-bute17-ballots/KintyreandtheIslands_argyll-bute17-02.csv,6,['Anne HORN (SNP)'],['Robin CURRIE (LD)'],['Anne HORN (SNP)'],['Robin CURRIE (LD)'],['Anne HORN (SNP)'],['Robin CURRIE (LD)'],['Anne HORN (SNP)'],['Robin CURRIE (LD)'],['Robin CURRIE (LD)'],['Robin CURRIE (LD)'],['Robin CURRIE (LD)'],['Robin CURRIE (LD)'],['Robin CURRIE (LD)'],['Robin CURRIE (LD)'],['Robin CURRIE (LD)'],['Anne HORN (SNP)'],['Robin CURRIE (LD)'],['Robin CURRIE (LD)'],['Robin CURRIE (LD)'],['Robin CURRIE (LD)'],['Robin CURRIE (LD)'],['Robin CURRIE (LD)'],['Robin CURRIE (LD)'],['Robin CURRIE (LD)'],['Robin CURRIE (LD)'],['Robin CURRIE (LD)'],['Robin CURRIE (LD)'],['Robin CURRIE (LD)'],['Robin CURRIE (LD)'],['Robin CURRIE (LD)']
raw_data/scotland/processed_data/argyll-bute17-ballots/HelensburghandLomondSouth_argyll-bute17-11.csv,7,['David KINNIBURGH (Con)'],['David KINNIBURGH (Con)'],['David KINNIBURGH (Con)'],['David KINNIBURGH (Con)'],['David KINNIBURGH (Con)'],['David KINNIBURGH (Con)'],['David KINNIBURGH (Con)'],['David KINNIBURGH (Con)'],['David KINNIBURGH (Con)'],['David KINNIBURGH (Con)'],['David KINNIBURGH (Con)'],['David KINNIBURGH (Con)'],['David KINNIBURGH (Con)'],['David KINNIBURGH (Con)'],['David KINNIBURGH (Con)'],['David KINNIBURGH (Con)'],['David KINNIBURGH (Con)'],['David KINNIBURGH (Con)'],['David KINNIBURGH (Con)'],['David KINNIBURGH (Con)'],['David KINNIBURGH (Con)'],['David KINNIBURGH (Con)'],['David KINNIBURGH (Con)'],['David KINNIBURGH (Con)'],['David KINNIBURGH (Con)'],['David KINNIBURGH (Con)'],['David KINNIBURGH (Con)'],['David KINNIBURGH (Con)'],['David KINNIBURGH (Con)'],['David KINNIBURGH (Con)']
raw_data/scotland/processed_data/argyll-bute17-ballots/ObanSouthandtheIsles_argyll-bute17-04.csv,7,['Jim LYNCH (SNP)'],['Roddy MCCUISH (Ind)'],['Roddy MCCUISH (Ind)'],['Roddy MCCUISH (Ind)'],['Mary-Jean DEVON (Ind)'],['Roddy MCCUISH (Ind)'],['Roddy MCCUISH (Ind)'],['Roddy MCCUISH (Ind)'],['Roddy MCCUISH (Ind)'],['Roddy MCCUISH (Ind)'],['Roddy MCCUISH (Ind)'],['Roddy MCCUISH (Ind)'],['Roddy MCCUISH (Ind)'],['Roddy MCCUISH (Ind)'],['Roddy MCCUISH (Ind)'],['Jim LYNCH (SNP)'],['Roddy MCCUISH (Ind)'],['Roddy MCCUISH (Ind)'],['Roddy MCCUISH (Ind)'],['Roddy MCCUISH (Ind)'],['Roddy MCCUISH (Ind)'],['Roddy MCCUISH (Ind)'],['Roddy MCCUISH (Ind)'],['Roddy MCCUISH (Ind)'],['Roddy MCCUISH (Ind)'],['Roddy MCCUISH (Ind)'],['Roddy MCCUISH (Ind)'],['Roddy MCCUISH (Ind)'],['Roddy MCCUISH (Ind)'],['Roddy MCCUISH (Ind)']
raw_data/scotland/processed_data/argyll-bute17-ballots/LomondNorth_argyll-bute17-09.csv,7,['Barbara MORGAN (Con)'],['Barbara MORGAN (Con)'],['Barbara MORGAN (Con)'],['Barbara MORGAN (Con)'],['George FREEMAN (Ind)'],['George FREEMAN (Ind)'],['Barbara MORGAN (Con)'],['Barbara MORGAN (Con)'],['Barbara MORGAN (Con)'],['Barbara MORGAN (Con)'],['Barbara MORGAN (Con)'],['Barbara MORGAN (Con)'],['Barbara MORGAN (Con)'],['George FREEMAN (Ind)'],['Barbara MORGAN (Con)'],['Barbara MORGAN (Con)'],['Barbara MORGAN (Con)'],['Barbara MORGAN (Con)'],['Barbara MORGAN (Con)'],['George FREEMAN (Ind)'],['Barbara MORGAN (Con)'],['Barbara MORGAN (Con)'],['Barbara MORGAN (Con)'],['Barbara MORGAN (Con)'],['Barbara MORGAN (Con)'],['Barbara MORGAN (Con)'],['Barbara MORGAN (Con)'],['Barbara MORGAN (Con)'],['George FREEMAN (Ind)'],['Barbara MORGAN (Con)']
raw_data/scotland/processed_data/argyll-bute17-ballots/HelensburghCentral_argyll-bute17-10.csv,4,['Gary MULVANEY (Con)'],['Gary MULVANEY (Con)'],['Gary MULVANEY (Con)'],['Gary MULVANEY (Con)'],['Gary MULVANEY (Con)'],['Gary MULVANEY (Con)'],['Gary MULVANEY (Con)'],['Gary MULVANEY (Con)'],['Gary MULVANEY (Con)'],['Gary MULVANEY (Con)'],['Gary MULVANEY (Con)'],['Gary MULVANEY (Con)'],['Gary MULVANEY (Con)'],['Gary MULVANEY (Con)'],['Gary MULVANEY (Con)'],['Gary MULVANEY (Con)'],['Gary MULVANEY (Con)'],['Gary MULVANEY (Con)'],['Gary MULVANEY (Con)'],['Gary MULVANEY (Con)'],['Gary MULVANEY (Con)'],['Gary MULVANEY (Con)'],['Gary MULVANEY (Con)'],['Gary MULVANEY (Con)'],['Gary MULVANEY (Con)'],['Gary MULVANEY (Con)'],['Gary MULVANEY (Con)'],['Gary MULVANEY (Con)'],['Gary MULVANEY (Con)'],['Gary MULVANEY (Con)']
raw_data/scotland/processed_data/shetland17/Ward4-ShetlandCentral_shetland17-04.csv,5,['Davie SANDISON (Ind)'],['Davie SANDISON (Ind)'],['Davie SANDISON (Ind)'],['Davie SANDISON (Ind)'],['Davie SANDISON (Ind)'],['Davie SANDISON (Ind)'],['Davie SANDISON (Ind)'],['Davie SANDISON (Ind)'],['Davie SANDISON (Ind)'],['Davie SANDISON (Ind)'],['Davie SANDISON (Ind)'],['Davie SANDISON (Ind)'],['Davie SANDISON (Ind)'],['Davie SANDISON (Ind)'],['Davie SANDISON (Ind)'],['Davie SANDISON (Ind)'],['Davie SANDISON (Ind)'],['Davie SANDISON (Ind)'],['Davie SANDISON (Ind)'],['Davie SANDISON (Ind)'],['Davie SANDISON (Ind)'],['Davie SANDISON (Ind)'],['Davie SANDISON (Ind)'],['Davie SANDISON (Ind)'],['Davie SANDISON (Ind)'],['Davie SANDISON (Ind)'],['Davie SANDISON (Ind)'],['Davie SANDISON (Ind)'],['Davie SANDISON (Ind)'],['Davie SANDISON (Ind)']
raw_data/scotland/processed_data/shetland17/Ward2-ShetlandNorth_shetland17-02.csv,4,['Andrea Isabel MANSON (Ind)'],['Andrea Isabel MANSON (Ind)'],['Andrea Isabel MANSON (Ind)'],['Andrea Isabel MANSON (Ind)'],['Andrea Isabel MANSON (Ind)'],['Andrea Isabel MANSON (Ind)'],['Andrea Isabel MANSON (Ind)'],['Andrea Isabel MANSON (Ind)'],['Andrea Isabel MANSON (Ind)'],['Andrea Isabel MANSON (Ind)'],['Andrea Isabel MANSON (Ind)'],['Andrea Isabel MANSON (Ind)'],['Andrea Isabel MANSON (Ind)'],['Andrea Isabel MANSON (Ind)'],['Andrea Isabel MANSON (Ind)'],['Andrea Isabel MANSON (Ind)'],['Andrea Isabel MANSON (Ind)'],['Andrea Isabel MANSON (Ind)'],['Andrea Isabel MANSON (Ind)'],['Andrea Isabel MANSON (Ind)'],['Andrea Isabel MANSON (Ind)'],['Andrea Isabel MANSON (Ind)'],['Andrea Isabel MANSON (Ind)'],['Andrea Isabel MANSON (Ind)'],['Andrea Isabel MANSON (Ind)'],['Andrea Isabel MANSON (Ind)'],['Andrea Isabel MANSON (Ind)'],['Andrea Isabel MANSON (Ind)'],['Andrea Isabel MANSON (Ind)'],['Andrea Isabel MANSON (Ind)']
raw_data/scotland/processed_data/shetland17/Ward3-ShetlandWest_shetland17-03.csv,6,['Theo SMITH (Ind)'],['Theo SMITH (Ind)'],['Theo SMITH (Ind)'],['Theo SMITH (Ind)'],['Theo SMITH (Ind)'],['Theo SMITH (Ind)'],['Theo SMITH (Ind)'],['Theo SMITH (Ind)'],['Theo SMITH (Ind)'],['Theo SMITH (Ind)'],['Theo SMITH (Ind)'],['Theo SMITH (Ind)'],['Theo SMITH (Ind)'],['Theo SMITH (Ind)'],['Theo SMITH (Ind)'],['Theo SMITH (Ind)'],['Theo SMITH (Ind)'],['Theo SMITH (Ind)'],['Theo SMITH (Ind)'],['Theo SMITH (Ind)'],['Theo SMITH (Ind)'],['Theo SMITH (Ind)'],['Theo SMITH (Ind)'],['Theo SMITH (Ind)'],['Theo SMITH (Ind)'],['Theo SMITH (Ind)'],['Theo SMITH (Ind)'],['Theo SMITH (Ind)'],['Theo SMITH (Ind)'],['Theo SMITH (Ind)']
raw_data/scotland/processed_data/shetland17/Ward6-LerwickNorth_shetland17-06.csv,4,['Malcolm John BELL (Ind)'],['Malcolm John BELL (Ind)'],['Malcolm John BELL (Ind)'],['Malcolm John BELL (Ind)'],['Malcolm John BELL (Ind)'],['Malcolm John BELL (Ind)'],['Malcolm John BELL (Ind)'],['Malcolm John BELL (Ind)'],['Malcolm John BELL (Ind)'],['Malcolm John BELL (Ind)'],['Malcolm John BELL (Ind)'],['Malcolm John BELL (Ind)'],['Malcolm John BELL (Ind)'],['Malcolm John BELL (Ind)'],['Malcolm John BELL (Ind)'],['Malcolm John BELL (Ind)'],['Malcolm John BELL (Ind)'],['Malcolm John BELL (Ind)'],['Malcolm John BELL (Ind)'],['Malcolm John BELL (Ind)'],['Malcolm John BELL (Ind)'],['Malcolm John BELL (Ind)'],['Malcolm John BELL (Ind)'],['Malcolm John BELL (Ind)'],['Malcolm John BELL (Ind)'],['Malcolm John BELL (Ind)'],['Malcolm John BELL (Ind)'],['Malcolm John BELL (Ind)'],['Malcolm John BELL (Ind)'],['Malcolm John BELL (Ind)']
raw_data/scotland/processed_data/shetland17/Ward1-NorthIsles_shetland17-01.csv,5,['Duncan SIMPSON (Ind)'],['Ryan James Andrew THOMSON (Ind)'],['Ryan James Andrew THOMSON (Ind)'],['Ryan James Andrew THOMSON (Ind)'],"['Ryan James Andrew THOMSON (Ind)', 'Alec George PRIEST (Ind)']",['Ryan James Andrew THOMSON (Ind)'],['Ryan James Andrew THOMSON (Ind)'],['Ryan James Andrew THOMSON (Ind)'],['Ryan James Andrew THOMSON (Ind)'],['Ryan James Andrew THOMSON (Ind)'],['Ryan James Andrew THOMSON (Ind)'],['Ryan James Andrew THOMSON (Ind)'],['Ryan James Andrew THOMSON (Ind)'],['Ryan James Andrew THOMSON (Ind)'],['Ryan James Andrew THOMSON (Ind)'],['Duncan SIMPSON (Ind)'],['Ryan James Andrew THOMSON (Ind)'],['Ryan James Andrew THOMSON (Ind)'],['Ryan James Andrew THOMSON (Ind)'],['Ryan James Andrew THOMSON (Ind)'],['Ryan James Andrew THOMSON (Ind)'],['Ryan James Andrew THOMSON (Ind)'],['Ryan James Andrew THOMSON (Ind)'],['Ryan James Andrew THOMSON (Ind)'],['Ryan James Andrew THOMSON (Ind)'],['Ryan James Andrew THOMSON (Ind)'],['Ryan James Andrew THOMSON (Ind)'],['Ryan James Andrew THOMSON (Ind)'],['Alec George PRIEST (Ind)'],['Ryan James Andrew THOMSON (Ind)']
raw_data/scotland/processed_data/shetland17/Ward7-LerwickSouth_shetland17-07.csv,5,['Cecil Laing SMITH (Ind)'],['Beatrice WISHART(Ind)'],['Beatrice WISHART(Ind)'],['Beatrice WISHART(Ind)'],['Beatrice WISHART(Ind)'],['Beatrice WISHART(Ind)'],['Beatrice WISHART(Ind)'],['Beatrice WISHART(Ind)'],['Beatrice WISHART(Ind)'],['Beatrice WISHART(Ind)'],['Beatrice WISHART(Ind)'],['Beatrice WISHART(Ind)'],['Beatrice WISHART(Ind)'],['Beatrice WISHART(Ind)'],['Beatrice WISHART(Ind)'],['Cecil Laing SMITH (Ind)'],['Beatrice WISHART(Ind)'],['Beatrice WISHART(Ind)'],['Beatrice WISHART(Ind)'],['Beatrice WISHART(Ind)'],['Beatrice WISHART(Ind)'],['Beatrice WISHART(Ind)'],['Beatrice WISHART(Ind)'],['Beatrice WISHART(Ind)'],['Beatrice WISHART(Ind)'],['Beatrice WISHART(Ind)'],['Beatrice WISHART(Ind)'],['Beatrice WISHART(Ind)'],['Beatrice WISHART(Ind)'],['Beatrice WISHART(Ind)']
raw_data/scotland/processed_data/n-ayrshire17-ballots/Kilwinning_n-ayrshire17-03.csv,5,['Joe CULLINANE (Lab)'],['Joe CULLINANE (Lab)'],['Joe CULLINANE (Lab)'],['Joe CULLINANE (Lab)'],['Joe CULLINANE (Lab)'],['Joe CULLINANE (Lab)'],['Joe CULLINANE (Lab)'],['Joe CULLINANE (Lab)'],['Joe CULLINANE (Lab)'],['Joe CULLINANE (Lab)'],['Joe CULLINANE (Lab)'],['Joe CULLINANE (Lab)'],['Joe CULLINANE (Lab)'],['Joe CULLINANE (Lab)'],['Joe CULLINANE (Lab)'],['Joe CULLINANE (Lab)'],['Joe CULLINANE (Lab)'],['Joe CULLINANE (Lab)'],['Joe CULLINANE (Lab)'],['Joe CULLINANE (Lab)'],['Joe CULLINANE (Lab)'],['Joe CULLINANE (Lab)'],['Joe CULLINANE (Lab)'],['Joe CULLINANE (Lab)'],['Joe CULLINANE (Lab)'],['Joe CULLINANE (Lab)'],['Joe CULLINANE (Lab)'],['Joe CULLINANE (Lab)'],['Joe CULLINANE (Lab)'],['Joe CULLINANE (Lab)']
raw_data/scotland/processed_data/n-ayrshire17-ballots/Saltcoats_n-ayrshire17-09.csv,5,['Jean MCCLUNG (SNP)'],['Jim MONTGOMERIE (Lab)'],['Jim MONTGOMERIE (Lab)'],['Jim MONTGOMERIE (Lab)'],['Jim MONTGOMERIE (Lab)'],['Jim MONTGOMERIE (Lab)'],['Jim MONTGOMERIE (Lab)'],['Jim MONTGOMERIE (Lab)'],['Jim MONTGOMERIE (Lab)'],['Jim MONTGOMERIE (Lab)'],['Jim MONTGOMERIE (Lab)'],['Jim MONTGOMERIE (Lab)'],['Jim MONTGOMERIE (Lab)'],['Jim MONTGOMERIE (Lab)'],['Jim MONTGOMERIE (Lab)'],['Jean MCCLUNG (SNP)'],['Jim MONTGOMERIE (Lab)'],['Jim MONTGOMERIE (Lab)'],['Jim MONTGOMERIE (Lab)'],['Jim MONTGOMERIE (Lab)'],['Jim MONTGOMERIE (Lab)'],['Jim MONTGOMERIE (Lab)'],['Jim MONTGOMERIE (Lab)'],['Jim MONTGOMERIE (Lab)'],['Jim MONTGOMERIE (Lab)'],['Jim MONTGOMERIE (Lab)'],['Jim MONTGOMERIE (Lab)'],['Jim MONTGOMERIE (Lab)'],['Jim MONTGOMERIE (Lab)'],['Jim MONTGOMERIE (Lab)']
raw_data/scotland/processed_data/n-ayrshire17-ballots/NorthCoastandCumbraes_n-ayrshire17-08.csv,5,['Tom MARSHALL (Con)'],['Tom MARSHALL (Con)'],['Tom MARSHALL (Con)'],['Tom MARSHALL (Con)'],['Tom MARSHALL (Con)'],['Tom MARSHALL (Con)'],['Tom MARSHALL (Con)'],['Tom MARSHALL (Con)'],['Tom MARSHALL (Con)'],['Tom MARSHALL (Con)'],['Tom MARSHALL (Con)'],['Tom MARSHALL (Con)'],['Tom MARSHALL (Con)'],['Tom MARSHALL (Con)'],['Tom MARSHALL (Con)'],['Tom MARSHALL (Con)'],['Tom MARSHALL (Con)'],['Tom MARSHALL (Con)'],['Tom MARSHALL (Con)'],['Tom MARSHALL (Con)'],['Tom MARSHALL (Con)'],['Tom MARSHALL (Con)'],['Tom MARSHALL (Con)'],['Tom MARSHALL (Con)'],['Tom MARSHALL (Con)'],['Tom MARSHALL (Con)'],['Tom MARSHALL (Con)'],['Tom MARSHALL (Con)'],['Tom MARSHALL (Con)'],['Tom MARSHALL (Con)']
raw_data/scotland/processed_data/n-ayrshire17-ballots/IrvineEast_n-ayrshire17-02.csv,4,['Marie BURNS (SNP)'],['Marie BURNS (SNP)'],['Marie BURNS (SNP)'],['Marie BURNS (SNP)'],['Marie BURNS (SNP)'],['Marie BURNS (SNP)'],['Marie BURNS (SNP)'],['Marie BURNS (SNP)'],['Marie BURNS (SNP)'],['Marie BURNS (SNP)'],['Marie BURNS (SNP)'],['Marie BURNS (SNP)'],['Marie BURNS (SNP)'],['John EASDALE (Lab)'],['Marie BURNS (SNP)'],['Marie BURNS (SNP)'],['Marie BURNS (SNP)'],['Marie BURNS (SNP)'],['Marie BURNS (SNP)'],['Marie BURNS (SNP)'],['Marie BURNS (SNP)'],['Marie BURNS (SNP)'],['Marie BURNS (SNP)'],['Marie BURNS (SNP)'],['Marie BURNS (SNP)'],['Marie BURNS (SNP)'],['Marie BURNS (SNP)'],['Marie BURNS (SNP)'],['John EASDALE (Lab)'],['Marie BURNS (SNP)']
raw_data/scotland/processed_data/n-ayrshire17-ballots/Stevenston_n-ayrshire17-04.csv,6,['Davina MCTIERNAN (SNP)'],['John SWEENEY (Lab)'],['John SWEENEY (Lab)'],['John SWEENEY (Lab)'],['John SWEENEY (Lab)'],['John SWEENEY (Lab)'],['John SWEENEY (Lab)'],['John SWEENEY (Lab)'],['John SWEENEY (Lab)'],['John SWEENEY (Lab)'],['John SWEENEY (Lab)'],['John SWEENEY (Lab)'],['John SWEENEY (Lab)'],['John SWEENEY (Lab)'],['John SWEENEY (Lab)'],['Davina MCTIERNAN (SNP)'],['John SWEENEY (Lab)'],['John SWEENEY (Lab)'],['John SWEENEY (Lab)'],['John SWEENEY (Lab)'],['John SWEENEY (Lab)'],['John SWEENEY (Lab)'],['John SWEENEY (Lab)'],['John SWEENEY (Lab)'],['John SWEENEY (Lab)'],['John SWEENEY (Lab)'],['John SWEENEY (Lab)'],['John SWEENEY (Lab)'],['John SWEENEY (Lab)'],['John SWEENEY (Lab)']
raw_data/scotland/processed_data/n-ayrshire17-ballots/DalryandWestKilbride_n-ayrshire17-06.csv,8,['Joy BRAHIM (SNP)'],['Robert BARR (Ind)'],['Todd FERGUSON (Con)'],['Robert BARR (Ind)'],['Robert BARR (Ind)'],['Robert BARR (Ind)'],['Robert BARR (Ind)'],['Robert BARR (Ind)'],['Robert BARR (Ind)'],['Robert BARR (Ind)'],['Robert BARR (Ind)'],['Robert BARR (Ind)'],['Robert BARR (Ind)'],['Robert BARR (Ind)'],['Robert BARR (Ind)'],['Joy BRAHIM (SNP)'],['Robert BARR (Ind)'],['Robert BARR (Ind)'],['Robert BARR (Ind)'],['Robert BARR (Ind)'],['Robert BARR (Ind)'],['Robert BARR (Ind)'],['Robert BARR (Ind)'],['Robert BARR (Ind)'],['Robert BARR (Ind)'],['Robert BARR (Ind)'],['Robert BARR (Ind)'],['Robert BARR (Ind)'],['Robert BARR (Ind)'],['Robert BARR (Ind)']
raw_data/scotland/processed_data/n-ayrshire17-ballots/ArdrossanandArran_n-ayrshire17-05.csv,6,['Tony GURNEY (SNP)'],['Tony GURNEY (SNP)'],['Tony GURNEY (SNP)'],['Tony GURNEY (SNP)'],['Tony GURNEY (SNP)'],['Tony GURNEY (SNP)'],['Tony GURNEY (SNP)'],['Tony GURNEY (SNP)'],['Tony GURNEY (SNP)'],['Tony GURNEY (SNP)'],['Tony GURNEY (SNP)'],['Tony GURNEY (SNP)'],['Tony GURNEY (SNP)'],['Timothy BILLINGS (Con)'],['Tony GURNEY (SNP)'],['Tony GURNEY (SNP)'],['Tony GURNEY (SNP)'],['Tony GURNEY (SNP)'],['Tony GURNEY (SNP)'],['Tony GURNEY (SNP)'],['Tony GURNEY (SNP)'],['Tony GURNEY (SNP)'],['Tony GURNEY (SNP)'],['Tony GURNEY (SNP)'],['Tony GURNEY (SNP)'],['Tony GURNEY (SNP)'],['Tony GURNEY (SNP)'],['Tony GURNEY (SNP)'],['Timothy BILLINGS (Con)'],['Tony GURNEY (SNP)']
raw_data/scotland/processed_data/n-ayrshire17-ballots/IrvineSouth_n-ayrshire17-10.csv,5,['Christina LARSEN (SNP)'],['Christina LARSEN (SNP)'],['Christina LARSEN (SNP)'],['Christina LARSEN (SNP)'],['Robert FOSTER (Lab)'],['Robert FOSTER (Lab)'],['Christina LARSEN (SNP)'],['Christina LARSEN (SNP)'],['Christina LARSEN (SNP)'],['Christina LARSEN (SNP)'],['Christina LARSEN (SNP)'],['Christina LARSEN (SNP)'],['Christina LARSEN (SNP)'],['Robert FOSTER (Lab)'],['Christina LARSEN (SNP)'],['Christina LARSEN (SNP)'],['Christina LARSEN (SNP)'],['Christina LARSEN (SNP)'],['Christina LARSEN (SNP)'],['Robert FOSTER (Lab)'],['Robert FOSTER (Lab)'],['Robert FOSTER (Lab)'],['Christina LARSEN (SNP)'],['Christina LARSEN (SNP)'],['Christina LARSEN (SNP)'],['Christina LARSEN (SNP)'],['Christina LARSEN (SNP)'],['Christina LARSEN (SNP)'],['Robert FOSTER (Lab)'],['Christina LARSEN (SNP)']
raw_data/scotland/processed_data/n-ayrshire17-ballots/IrvineWest_n-ayrshire17-01.csv,5,['Ian CLARKSON (Lab)'],['Ian CLARKSON (Lab)'],['Ian CLARKSON (Lab)'],['Ian CLARKSON (Lab)'],['Ian CLARKSON (Lab)'],['Ian CLARKSON (Lab)'],['Ian CLARKSON (Lab)'],['Ian CLARKSON (Lab)'],['Ian CLARKSON (Lab)'],['Ian CLARKSON (Lab)'],['Ian CLARKSON (Lab)'],['Ian CLARKSON (Lab)'],['Ian CLARKSON (Lab)'],['Ian CLARKSON (Lab)'],['Ian CLARKSON (Lab)'],['Ian CLARKSON (Lab)'],['Ian CLARKSON (Lab)'],['Ian CLARKSON (Lab)'],['Ian CLARKSON (Lab)'],['Ian CLARKSON (Lab)'],['Ian CLARKSON (Lab)'],['Ian CLARKSON (Lab)'],['Ian CLARKSON (Lab)'],['Ian CLARKSON (Lab)'],['Ian CLARKSON (Lab)'],['Ian CLARKSON (Lab)'],['Ian CLARKSON (Lab)'],['Ian CLARKSON (Lab)'],['Ian CLARKSON (Lab)'],['Ian CLARKSON (Lab)']
raw_data/scotland/processed_data/n-ayrshire17-ballots/KilbirnieandBeith_n-ayrshire17-07.csv,5,['Anthea DICKSON (SNP)'],['Donald L REID (Ind)'],['Donald L REID (Ind)'],['Donald L REID (Ind)'],['Donald L REID (Ind)'],['Donald L REID (Ind)'],['Donald L REID (Ind)'],['Donald L REID (Ind)'],['Donald L REID (Ind)'],['Donald L REID (Ind)'],['Donald L REID (Ind)'],['Donald L REID (Ind)'],['Donald L REID (Ind)'],['Donald L REID (Ind)'],['Donald L REID (Ind)'],['Anthea DICKSON (SNP)'],['Donald L REID (Ind)'],['Donald L REID (Ind)'],['Donald L REID (Ind)'],['Donald L REID (Ind)'],['Donald L REID (Ind)'],['Donald L REID (Ind)'],['Donald L REID (Ind)'],['Donald L REID (Ind)'],['Donald L REID (Ind)'],['Donald L REID (Ind)'],['Donald L REID (Ind)'],['Donald L REID (Ind)'],['Donald L REID (Ind)'],['Donald L REID (Ind)']
raw_data/scotland/processed_data/aberdeenshire22/v0001_ward-13-westhill-and-district_06052022_172124.csv,6,['Ron MCKAIL (Con)'],['Iris Margaret WALKER (LD)'],['Iris Margaret WALKER (LD)'],['Iris Margaret WALKER (LD)'],['Iris Margaret WALKER (LD)'],['Iris Margaret WALKER (LD)'],['Iris Margaret WALKER (LD)'],['Iris Margaret WALKER (LD)'],['Iris Margaret WALKER (LD)'],['Iris Margaret WALKER (LD)'],['Iris Margaret WALKER (LD)'],['Iris Margaret WALKER (LD)'],['Iris Margaret WALKER (LD)'],['Iris Margaret WALKER (LD)'],['Iris Margaret WALKER (LD)'],['Ron MCKAIL (Con)'],['Iris Margaret WALKER (LD)'],['Iris Margaret WALKER (LD)'],['Iris Margaret WALKER (LD)'],['Iris Margaret WALKER (LD)'],['Iris Margaret WALKER (LD)'],['Iris Margaret WALKER (LD)'],['Iris Margaret WALKER (LD)'],['Iris Margaret WALKER (LD)'],['Iris Margaret WALKER (LD)'],['Iris Margaret WALKER (LD)'],['Iris Margaret WALKER (LD)'],['Iris Margaret WALKER (LD)'],['Iris Margaret WALKER (LD)'],['Iris Margaret WALKER (LD)']
raw_data/scotland/processed_data/aberdeenshire22/v0001_ward-7-turriff-and-district_06052022_172118.csv,4,['Iain Walker TAYLOR (Con)'],['Iain Walker TAYLOR (Con)'],['Iain Walker TAYLOR (Con)'],['Anne STIRLING (LD)'],['Anne STIRLING (LD)'],['Anne STIRLING (LD)'],['Anne STIRLING (LD)'],['Anne STIRLING (LD)'],['Anne STIRLING (LD)'],['Anne STIRLING (LD)'],['Anne STIRLING (LD)'],['Anne STIRLING (LD)'],['Anne STIRLING (LD)'],['Anne STIRLING (LD)'],['Anne STIRLING (LD)'],['Iain Walker TAYLOR (Con)'],['Iain Walker TAYLOR (Con)'],['Iain Walker TAYLOR (Con)'],['Anne STIRLING (LD)'],['Anne STIRLING (LD)'],['Anne STIRLING (LD)'],['Anne STIRLING (LD)'],['Anne STIRLING (LD)'],['Anne STIRLING (LD)'],['Anne STIRLING (LD)'],['Anne STIRLING (LD)'],['Anne STIRLING (LD)'],['Anne STIRLING (LD)'],['Anne STIRLING (LD)'],['Anne STIRLING (LD)']
raw_data/scotland/processed_data/aberdeenshire22/preferenceprofile_v0001_ward-19-mearns_06052022_172124.csv,10,['George CARR (Con)'],['Kevin STELFOX (SNP)'],['Kevin STELFOX (SNP)'],['George CARR (Con)'],['Kevin STELFOX (SNP)'],['Kevin STELFOX (SNP)'],['George CARR (Con)'],['Kevin STELFOX (SNP)'],['Kevin STELFOX (SNP)'],['Kevin STELFOX (SNP)'],['Kevin STELFOX (SNP)'],['Kevin STELFOX (SNP)'],['Kevin STELFOX (SNP)'],['George CARR (Con)'],['Kevin STELFOX (SNP)'],['Kevin STELFOX (SNP)'],['Kevin STELFOX (SNP)'],['Kevin STELFOX (SNP)'],['George CARR (Con)'],['Kevin STELFOX (SNP)'],['Kevin STELFOX (SNP)'],['Kevin STELFOX (SNP)'],['Kevin STELFOX (SNP)'],['Kevin STELFOX (SNP)'],['Kevin STELFOX (SNP)'],['Kevin STELFOX (SNP)'],['Kevin STELFOX (SNP)'],['Kevin STELFOX (SNP)'],['George CARR (Con)'],['Kevin STELFOX (SNP)']
raw_data/scotland/processed_data/aberdeenshire22/Ward1-BanffandDistrict_ward1.csv,8,[' Glen David REYNOLDS (SNP) '],[' Glen David REYNOLDS (SNP) '],[' Glen David REYNOLDS (SNP) '],[' John Barclay COX(Ind) '],[' Glen David REYNOLDS (SNP) '],[' Glen David REYNOLDS (SNP) '],[' Glen David REYNOLDS (SNP) '],[' Glen David REYNOLDS (SNP) '],[' Glen David REYNOLDS (SNP) '],[' Glen David REYNOLDS (SNP) '],[' Glen David REYNOLDS (SNP) '],[' Glen David REYNOLDS (SNP) '],[' Glen David REYNOLDS (SNP) '],[' John Barclay COX(Ind) '],[' Glen David REYNOLDS (SNP) '],[' Glen David REYNOLDS (SNP) '],[' Glen David REYNOLDS (SNP) '],[' Glen David REYNOLDS (SNP) '],[' Glen David REYNOLDS (SNP) '],[' John Barclay COX(Ind) '],[' John Barclay COX(Ind) '],[' John Barclay COX(Ind) '],[' Glen David REYNOLDS (SNP) '],[' Glen David REYNOLDS (SNP) '],[' Glen David REYNOLDS (SNP) '],[' Glen David REYNOLDS (SNP) '],[' Glen David REYNOLDS (SNP) '],[' Glen David REYNOLDS (SNP) '],[' John Barclay COX(Ind) '],[' Glen David REYNOLDS (SNP) ']
raw_data/scotland/processed_data/aberdeenshire22/preferenceprofile_v0001_ward-8-mid-formartine_06052022_172123.csv,4,['Jenny NICOL (SNP)'],['Jenny NICOL (SNP)'],['Jenny NICOL (SNP)'],['Paul JOHNSTON (Ind)'],['Paul JOHNSTON (Ind)'],['Paul JOHNSTON (Ind)'],['Paul JOHNSTON (Ind)'],['Paul JOHNSTON (Ind)'],['Paul JOHNSTON (Ind)'],['Paul JOHNSTON (Ind)'],['Paul JOHNSTON (Ind)'],['Paul JOHNSTON (Ind)'],['Paul JOHNSTON (Ind)'],['Andrew John HASSAN (LD)'],['Paul JOHNSTON (Ind)'],['Jenny NICOL (SNP)'],['Jenny NICOL (SNP)'],['Jenny NICOL (SNP)'],['Paul JOHNSTON (Ind)'],['Paul JOHNSTON (Ind)'],['Paul JOHNSTON (Ind)'],['Paul JOHNSTON (Ind)'],['Paul JOHNSTON (Ind)'],['Paul JOHNSTON (Ind)'],['Paul JOHNSTON (Ind)'],['Paul JOHNSTON (Ind)'],['Paul JOHNSTON (Ind)'],['Paul JOHNSTON (Ind)'],['Andrew John HASSAN (LD)'],['Paul JOHNSTON (Ind)']
raw_data/scotland/processed_data/aberdeenshire22/preferenceprofile_v0001_ward-12-east-garioch_06052022_172124.csv,6,['Glen REID (SNP)'],['Glen REID (SNP)'],['Glen REID (SNP)'],['Glen REID (SNP)'],['Glen REID (SNP)'],['Glen REID (SNP)'],['Glen REID (SNP)'],['Glen REID (SNP)'],['Glen REID (SNP)'],['Glen REID (SNP)'],['Glen REID (SNP)'],['Glen REID (SNP)'],['Glen REID (SNP)'],['Glen REID (SNP)'],['Glen REID (SNP)'],['Glen REID (SNP)'],['Glen REID (SNP)'],['Glen REID (SNP)'],['Glen REID (SNP)'],['Glen REID (SNP)'],['Glen REID (SNP)'],['Glen REID (SNP)'],['Glen REID (SNP)'],['Glen REID (SNP)'],['Glen REID (SNP)'],['Glen REID (SNP)'],['Glen REID (SNP)'],['Glen REID (SNP)'],['Glen REID (SNP)'],['Glen REID (SNP)']
raw_data/scotland/processed_data/aberdeenshire22/preferenceprofile_v0001_ward-4-central-buchan_06052022_172124.csv,8,['Hannah POWELL (Con)'],['Hannah POWELL (Con)'],['Hannah POWELL (Con)'],['Hannah POWELL (Con)'],['David MAIR (SNP)'],['Hannah POWELL (Con)'],['Hannah POWELL (Con)'],['Hannah POWELL (Con)'],['Hannah POWELL (Con)'],['Hannah POWELL (Con)'],['Hannah POWELL (Con)'],['Hannah POWELL (Con)'],['Hannah POWELL (Con)'],['Hannah POWELL (Con)'],['Hannah POWELL (Con)'],['Hannah POWELL (Con)'],['Hannah POWELL (Con)'],['Hannah POWELL (Con)'],['Hannah POWELL (Con)'],['Hannah POWELL (Con)'],['Hannah POWELL (Con)'],['Hannah POWELL (Con)'],['Hannah POWELL (Con)'],['Hannah POWELL (Con)'],['Hannah POWELL (Con)'],['Hannah POWELL (Con)'],['Hannah POWELL (Con)'],['Hannah POWELL (Con)'],['Hannah POWELL (Con)'],['Hannah POWELL (Con)']
raw_data/scotland/processed_data/aberdeenshire22/Ward2-Troup_preferenceprofile_v0001_ward-2-troup_06052022_172123.csv,4,['Mark FINDLATER (Con)'],['Mark FINDLATER (Con)'],['Mark FINDLATER (Con)'],['Mark FINDLATER (Con)'],['Ross Alexander CASSIE (SNP)'],['Mark FINDLATER (Con)'],['Mark FINDLATER (Con)'],['Mark FINDLATER (Con)'],['Mark FINDLATER (Con)'],['Mark FINDLATER (Con)'],['Mark FINDLATER (Con)'],['Mark FINDLATER (Con)'],['Mark FINDLATER (Con)'],['Mark FINDLATER (Con)'],['Mark FINDLATER (Con)'],['Mark FINDLATER (Con)'],['Mark FINDLATER (Con)'],['Mark FINDLATER (Con)'],['Mark FINDLATER (Con)'],['Ross Alexander CASSIE (SNP)'],['Mark FINDLATER (Con)'],['Mark FINDLATER (Con)'],['Mark FINDLATER (Con)'],['Mark FINDLATER (Con)'],['Mark FINDLATER (Con)'],['Mark FINDLATER (Con)'],['Mark FINDLATER (Con)'],['Mark FINDLATER (Con)'],['Mark FINDLATER (Con)'],['Mark FINDLATER (Con)']
raw_data/scotland/processed_data/aberdeenshire22/preferenceprofile_v0001_ward-9-ellon-and-district_06052022_172124.csv,5,['Gillian OWEN (Con)'],['Gillian OWEN (Con)'],['Gillian OWEN (Con)'],['Isobel DAVIDSON (LD)'],['Isobel DAVIDSON (LD)'],['Isobel DAVIDSON (LD)'],['Isobel DAVIDSON (LD)'],['Isobel DAVIDSON (LD)'],['Isobel DAVIDSON (LD)'],['Isobel DAVIDSON (LD)'],['Isobel DAVIDSON (LD)'],['Isobel DAVIDSON (LD)'],['Isobel DAVIDSON (LD)'],['Isobel DAVIDSON (LD)'],['Isobel DAVIDSON (LD)'],['Louise MCALLISTER (SNP)'],['Gillian OWEN (Con)'],['Gillian OWEN (Con)'],['Isobel DAVIDSON (LD)'],['Isobel DAVIDSON (LD)'],['Isobel DAVIDSON (LD)'],['Isobel DAVIDSON (LD)'],['Isobel DAVIDSON (LD)'],['Isobel DAVIDSON (LD)'],['Isobel DAVIDSON (LD)'],['Isobel DAVIDSON (LD)'],['Isobel DAVIDSON (LD)'],['Isobel DAVIDSON (LD)'],['Isobel DAVIDSON (LD)'],['Isobel DAVIDSON (LD)']
raw_data/scotland/processed_data/aberdeenshire22/v0001_ward-3-fraserburgh-and-district_06052022_172124.csv,7,['James ADAMS (Con)'],['Doreen Anne Elizabeth MAIR (Ind)'],['Doreen Anne Elizabeth MAIR (Ind)'],['Doreen Anne Elizabeth MAIR (Ind)'],['Doreen Anne Elizabeth MAIR (Ind)'],['Doreen Anne Elizabeth MAIR (Ind)'],['Doreen Anne Elizabeth MAIR (Ind)'],['Doreen Anne Elizabeth MAIR (Ind)'],['Doreen Anne Elizabeth MAIR (Ind)'],['Doreen Anne Elizabeth MAIR (Ind)'],['Doreen Anne Elizabeth MAIR (Ind)'],['Doreen Anne Elizabeth MAIR (Ind)'],['Doreen Anne Elizabeth MAIR (Ind)'],['Doreen Anne Elizabeth MAIR (Ind)'],['Doreen Anne Elizabeth MAIR (Ind)'],['Doreen Anne Elizabeth MAIR (Ind)'],['Doreen Anne Elizabeth MAIR (Ind)'],['Doreen Anne Elizabeth MAIR (Ind)'],['Doreen Anne Elizabeth MAIR (Ind)'],['Doreen Anne Elizabeth MAIR (Ind)'],['Doreen Anne Elizabeth MAIR (Ind)'],['Doreen Anne Elizabeth MAIR (Ind)'],['Doreen Anne Elizabeth MAIR (Ind)'],['Doreen Anne Elizabeth MAIR (Ind)'],['Doreen Anne Elizabeth MAIR (Ind)'],['Doreen Anne Elizabeth MAIR (Ind)'],['Doreen Anne Elizabeth MAIR (Ind)'],['Doreen Anne Elizabeth MAIR (Ind)'],['Doreen Anne Elizabeth MAIR (Ind)'],['Doreen Anne Elizabeth MAIR (Ind)']
raw_data/scotland/processed_data/aberdeenshire22/ward-14-huntly-strathbogie-and-howe-of-alford_06052022_172124.csv,6,['Lauren KNIGHT (Con)'],['Lauren KNIGHT (Con)'],['Lauren KNIGHT (Con)'],['Lauren KNIGHT (Con)'],['Jeff GOODHALL (LD)'],['Lauren KNIGHT (Con)'],['Lauren KNIGHT (Con)'],['Lauren KNIGHT (Con)'],['Lauren KNIGHT (Con)'],['Lauren KNIGHT (Con)'],['Lauren KNIGHT (Con)'],['Lauren KNIGHT (Con)'],['Lauren KNIGHT (Con)'],['Jeff GOODHALL (LD)'],['Lauren KNIGHT (Con)'],['Lauren KNIGHT (Con)'],['Lauren KNIGHT (Con)'],['Lauren KNIGHT (Con)'],['Lauren KNIGHT (Con)'],['Gwyneth Elaine PETRIE (SNP)'],['Lauren KNIGHT (Con)'],['Lauren KNIGHT (Con)'],['Lauren KNIGHT (Con)'],['Lauren KNIGHT (Con)'],['Lauren KNIGHT (Con)'],['Lauren KNIGHT (Con)'],['Lauren KNIGHT (Con)'],['Lauren KNIGHT (Con)'],['Jeff GOODHALL (LD)'],['Lauren KNIGHT (Con)']
raw_data/scotland/processed_data/aberdeenshire22/v0001_ward-5-peterhead-north-and-rattray_06052022_172118.csv,7,['Leeann MCWHINNIE (SNP)'],['Dianne BEAGRIE (Ind)'],['Dianne BEAGRIE (Ind)'],['Dianne BEAGRIE (Ind)'],['Dianne BEAGRIE (Ind)'],['Dianne BEAGRIE (Ind)'],['Dianne BEAGRIE (Ind)'],['Dianne BEAGRIE (Ind)'],['Dianne BEAGRIE (Ind)'],['Dianne BEAGRIE (Ind)'],['Dianne BEAGRIE (Ind)'],['Dianne BEAGRIE (Ind)'],['Dianne BEAGRIE (Ind)'],['Dianne BEAGRIE (Ind)'],['Dianne BEAGRIE (Ind)'],['Leeann MCWHINNIE (SNP)'],['Dianne BEAGRIE (Ind)'],['Dianne BEAGRIE (Ind)'],['Dianne BEAGRIE (Ind)'],['Dianne BEAGRIE (Ind)'],['Dianne BEAGRIE (Ind)'],['Dianne BEAGRIE (Ind)'],['Dianne BEAGRIE (Ind)'],['Dianne BEAGRIE (Ind)'],['Dianne BEAGRIE (Ind)'],['Dianne BEAGRIE (Ind)'],['Dianne BEAGRIE (Ind)'],['Dianne BEAGRIE (Ind)'],['Dianne BEAGRIE (Ind)'],['Dianne BEAGRIE (Ind)']
raw_data/scotland/processed_data/aberdeenshire22/preferenceprofile_v0001_ward-10-west-garioch_06052022_172124.csv,8,['Moray Charles GRANT (SNP)'],['Sam PAYNE (Con)'],['Sam PAYNE (Con)'],['Hazel Linda SMITH (LD)'],['Moray Charles GRANT (SNP)'],['Hazel Linda SMITH (LD)'],['Moray Charles GRANT (SNP)'],[],['Moray Charles GRANT (SNP)'],['Moray Charles GRANT (SNP)'],['Sam PAYNE (Con)'],['Moray Charles GRANT (SNP)'],['Moray Charles GRANT (SNP)'],['Hazel Linda SMITH (LD)'],['Moray Charles GRANT (SNP)'],['Moray Charles GRANT (SNP)'],['Sam PAYNE (Con)'],['Sam PAYNE (Con)'],['Moray Charles GRANT (SNP)'],['Hazel Linda SMITH (LD)'],['Hazel Linda SMITH (LD)'],['Hazel Linda SMITH (LD)'],[],['Moray Charles GRANT (SNP)'],['Moray Charles GRANT (SNP)'],['Sam PAYNE (Con)'],['Moray Charles GRANT (SNP)'],['Moray Charles GRANT (SNP)'],['Hazel Linda SMITH (LD)'],['Moray Charles GRANT (SNP)']
raw_data/scotland/processed_data/aberdeenshire22/v0001_ward-6-peterhead-south-and-cruden_06052022_172115.csv,3,['Stephen William SMITH (SNP)'],['Stephen William SMITH (SNP)'],['Stephen William SMITH (SNP)'],['Stephen William SMITH (SNP)'],['Stephen William SMITH (SNP)'],['Stephen William SMITH (SNP)'],['Stephen William SMITH (SNP)'],['Stephen William SMITH (SNP)'],['Stephen William SMITH (SNP)'],['Stephen William SMITH (SNP)'],['Stephen William SMITH (SNP)'],['Stephen William SMITH (SNP)'],['Stephen William SMITH (SNP)'],['Colin Alexander SIMPSON (LD)'],['Stephen William SMITH (SNP)'],['Stephen William SMITH (SNP)'],['Stephen William SMITH (SNP)'],['Stephen William SMITH (SNP)'],['Stephen William SMITH (SNP)'],['Stephen William SMITH (SNP)'],['Stephen William SMITH (SNP)'],['Stephen William SMITH (SNP)'],['Stephen William SMITH (SNP)'],['Stephen William SMITH (SNP)'],['Stephen William SMITH (SNP)'],['Stephen William SMITH (SNP)'],['Stephen William SMITH (SNP)'],['Stephen William SMITH (SNP)'],['Colin Alexander SIMPSON (LD)'],['Stephen William SMITH (SNP)']
raw_data/scotland/processed_data/aberdeenshire22/v0001_ward-15-aboyne-upper-deeside-and-donside_06052022_172124.csv,5,['Sarah BROWN (Con)'],['Geva BLACKETT (Ind)'],['Geva BLACKETT (Ind)'],['Geva BLACKETT (Ind)'],['Geva BLACKETT (Ind)'],['Geva BLACKETT (Ind)'],['Geva BLACKETT (Ind)'],['Geva BLACKETT (Ind)'],['Geva BLACKETT (Ind)'],['Geva BLACKETT (Ind)'],['Geva BLACKETT (Ind)'],['Geva BLACKETT (Ind)'],['Geva BLACKETT (Ind)'],['Geva BLACKETT (Ind)'],['Geva BLACKETT (Ind)'],['Sarah BROWN (Con)'],['Geva BLACKETT (Ind)'],['Geva BLACKETT (Ind)'],['Geva BLACKETT (Ind)'],['Geva BLACKETT (Ind)'],['Geva BLACKETT (Ind)'],['Geva BLACKETT (Ind)'],['Geva BLACKETT (Ind)'],['Geva BLACKETT (Ind)'],['Geva BLACKETT (Ind)'],['Geva BLACKETT (Ind)'],['Geva BLACKETT (Ind)'],['Geva BLACKETT (Ind)'],['Geva BLACKETT (Ind)'],['Geva BLACKETT (Ind)']
raw_data/scotland/processed_data/aberdeenshire22/v0001_ward-16-banchory-and-mid-deeside_06052022_172124.csv,5,['Ann ROSS (Con)'],['Yi-pei CHOU TURVEY (LD)'],['Ann ROSS (Con)'],['Yi-pei CHOU TURVEY (LD)'],['Yi-pei CHOU TURVEY (LD)'],['Yi-pei CHOU TURVEY (LD)'],['Yi-pei CHOU TURVEY (LD)'],['Yi-pei CHOU TURVEY (LD)'],['Yi-pei CHOU TURVEY (LD)'],['Yi-pei CHOU TURVEY (LD)'],['Yi-pei CHOU TURVEY (LD)'],['Yi-pei CHOU TURVEY (LD)'],['Yi-pei CHOU TURVEY (LD)'],['Yi-pei CHOU TURVEY (LD)'],['Yi-pei CHOU TURVEY (LD)'],['Ann ROSS (Con)'],['Yi-pei CHOU TURVEY (LD)'],['Ann ROSS (Con)'],['Ann ROSS (Con)'],['Yi-pei CHOU TURVEY (LD)'],['Yi-pei CHOU TURVEY (LD)'],['Yi-pei CHOU TURVEY (LD)'],['Yi-pei CHOU TURVEY (LD)'],['Yi-pei CHOU TURVEY (LD)'],['Yi-pei CHOU TURVEY (LD)'],['Yi-pei CHOU TURVEY (LD)'],['Yi-pei CHOU TURVEY (LD)'],['Yi-pei CHOU TURVEY (LD)'],['Yi-pei CHOU TURVEY (LD)'],['Yi-pei CHOU TURVEY (LD)']
raw_data/scotland/processed_data/aberdeenshire22/preferenceprofile_v0001_ward-17-north-kincardine_06052022_172124.csv,7,['David AITCHISON (SNP)'],['David AITCHISON (SNP)'],['David AITCHISON (SNP)'],['David AITCHISON (SNP)'],['David AITCHISON (SNP)'],['David AITCHISON (SNP)'],['David AITCHISON (SNP)'],['David AITCHISON (SNP)'],['David AITCHISON (SNP)'],['David AITCHISON (SNP)'],['David AITCHISON (SNP)'],['David AITCHISON (SNP)'],['David AITCHISON (SNP)'],['Mel SULLIVAN (LD)'],['David AITCHISON (SNP)'],['David AITCHISON (SNP)'],['David AITCHISON (SNP)'],['David AITCHISON (SNP)'],['David AITCHISON (SNP)'],['Mel SULLIVAN (LD)'],['David AITCHISON (SNP)'],['David AITCHISON (SNP)'],['David AITCHISON (SNP)'],['David AITCHISON (SNP)'],['David AITCHISON (SNP)'],['David AITCHISON (SNP)'],['David AITCHISON (SNP)'],['David AITCHISON (SNP)'],['Mel SULLIVAN (LD)'],['David AITCHISON (SNP)']
raw_data/scotland/processed_data/aberdeenshire22/v0001_ward-11-inverurie-and-district_06052022_172124.csv,5,['Neil BAILLIE (SNP)'],['David KEATING (Con)'],['David KEATING (Con)'],['Marion Jane Muir EWENSON (LD)'],['Marion Jane Muir EWENSON (LD)'],['Marion Jane Muir EWENSON (LD)'],['Marion Jane Muir EWENSON (LD)'],['Marion Jane Muir EWENSON (LD)'],['Marion Jane Muir EWENSON (LD)'],['Marion Jane Muir EWENSON (LD)'],['Marion Jane Muir EWENSON (LD)'],['Marion Jane Muir EWENSON (LD)'],['Marion Jane Muir EWENSON (LD)'],['Marion Jane Muir EWENSON (LD)'],['Marion Jane Muir EWENSON (LD)'],['Neil BAILLIE (SNP)'],['David KEATING (Con)'],['David KEATING (Con)'],['Marion Jane Muir EWENSON (LD)'],['Marion Jane Muir EWENSON (LD)'],['Marion Jane Muir EWENSON (LD)'],['Marion Jane Muir EWENSON (LD)'],['Marion Jane Muir EWENSON (LD)'],['Marion Jane Muir EWENSON (LD)'],['Marion Jane Muir EWENSON (LD)'],['Marion Jane Muir EWENSON (LD)'],['Marion Jane Muir EWENSON (LD)'],['Marion Jane Muir EWENSON (LD)'],['Marion Jane Muir EWENSON (LD)'],['Marion Jane Muir EWENSON (LD)']
raw_data/scotland/processed_data/aberdeenshire22/v0001_ward-18-stonehaven-and-lower-deeside_06052022_172124.csv,6,['Wendy AGNEW (Con)'],['Sarah DICKINSON (LD)'],['Wendy AGNEW (Con)'],['Sarah DICKINSON (LD)'],['Sarah DICKINSON (LD)'],['Sarah DICKINSON (LD)'],['Sarah DICKINSON (LD)'],['Sarah DICKINSON (LD)'],['Sarah DICKINSON (LD)'],['Sarah DICKINSON (LD)'],['Sarah DICKINSON (LD)'],['Sarah DICKINSON (LD)'],['Sarah DICKINSON (LD)'],['Sarah DICKINSON (LD)'],['Sarah DICKINSON (LD)'],['Wendy AGNEW (Con)'],['Sarah DICKINSON (LD)'],['Sarah DICKINSON (LD)'],['Sarah DICKINSON (LD)'],['Sarah DICKINSON (LD)'],['Sarah DICKINSON (LD)'],['Sarah DICKINSON (LD)'],['Sarah DICKINSON (LD)'],['Sarah DICKINSON (LD)'],['Sarah DICKINSON (LD)'],['Sarah DICKINSON (LD)'],['Sarah DICKINSON (LD)'],['Sarah DICKINSON (LD)'],['Sarah DICKINSON (LD)'],['Sarah DICKINSON (LD)']
raw_data/scotland/processed_data/edinburgh22/Ward12-LeithWalk_ward12.csv,11,['Amy MCNEESE-MECHAN (SNP)'],['Susan RAE (Grn)'],['Susan RAE (Grn)'],['Susan RAE (Grn)'],['Susan RAE (Grn)'],['Susan RAE (Grn)'],['Susan RAE (Grn)'],['Susan RAE (Grn)'],['Susan RAE (Grn)'],['Susan RAE (Grn)'],['Susan RAE (Grn)'],['Susan RAE (Grn)'],['Susan RAE (Grn)'],['Susan RAE (Grn)'],['Susan RAE (Grn)'],['Amy MCNEESE-MECHAN (SNP)'],['Susan RAE (Grn)'],['Susan RAE (Grn)'],['Susan RAE (Grn)'],['Susan RAE (Grn)'],['Susan RAE (Grn)'],['Susan RAE (Grn)'],['Susan RAE (Grn)'],['Susan RAE (Grn)'],['Susan RAE (Grn)'],['Susan RAE (Grn)'],['Susan RAE (Grn)'],['Susan RAE (Grn)'],['Susan RAE (Grn)'],['Susan RAE (Grn)']
raw_data/scotland/processed_data/edinburgh22/Ward7-Sighthill-Gorgie_ward7.csv,7,['Catherine FULLERTON (SNP)'],['Catherine FULLERTON (SNP)'],['Catherine FULLERTON (SNP)'],['Catherine FULLERTON (SNP)'],['Catherine FULLERTON (SNP)'],['Catherine FULLERTON (SNP)'],['Catherine FULLERTON (SNP)'],['Catherine FULLERTON (SNP)'],['Catherine FULLERTON (SNP)'],['Catherine FULLERTON (SNP)'],['Catherine FULLERTON (SNP)'],['Catherine FULLERTON (SNP)'],['Catherine FULLERTON (SNP)'],['Catherine FULLERTON (SNP)'],['Catherine FULLERTON (SNP)'],['Catherine FULLERTON (SNP)'],['Catherine FULLERTON (SNP)'],['Catherine FULLERTON (SNP)'],['Catherine FULLERTON (SNP)'],['Catherine FULLERTON (SNP)'],['Catherine FULLERTON (SNP)'],['Catherine FULLERTON (SNP)'],['Catherine FULLERTON (SNP)'],['Catherine FULLERTON (SNP)'],['Catherine FULLERTON (SNP)'],['Catherine FULLERTON (SNP)'],['Catherine FULLERTON (SNP)'],['Catherine FULLERTON (SNP)'],['Catherine FULLERTON (SNP)'],['Catherine FULLERTON (SNP)']
raw_data/scotland/processed_data/edinburgh22/Ward1-Almond_ward1.csv,7,['Kevin LANG (LD)'],['Kevin LANG (LD)'],['Kevin LANG (LD)'],['Kevin LANG (LD)'],['Kevin LANG (LD)'],['Kevin LANG (LD)'],['Kevin LANG (LD)'],['Kevin LANG (LD)'],['Kevin LANG (LD)'],['Kevin LANG (LD)'],['Kevin LANG (LD)'],['Kevin LANG (LD)'],['Kevin LANG (LD)'],['Kevin LANG (LD)'],['Kevin LANG (LD)'],['Kevin LANG (LD)'],['Kevin LANG (LD)'],['Kevin LANG (LD)'],['Kevin LANG (LD)'],['Kevin LANG (LD)'],['Kevin LANG (LD)'],['Kevin LANG (LD)'],['Kevin LANG (LD)'],['Kevin LANG (LD)'],['Kevin LANG (LD)'],['Kevin LANG (LD)'],['Kevin LANG (LD)'],['Kevin LANG (LD)'],['Kevin LANG (LD)'],['Kevin LANG (LD)']
raw_data/scotland/processed_data/edinburgh22/Ward10-Morningside_ward10.csv,7,['Mandy Helen WATT (Lab)'],['Neil John ROSS (LD)'],['Mandy Helen WATT (Lab)'],['Mandy Helen WATT (Lab)'],['Mandy Helen WATT (Lab)'],['Mandy Helen WATT (Lab)'],['Mandy Helen WATT (Lab)'],['Mandy Helen WATT (Lab)'],['Mandy Helen WATT (Lab)'],['Mandy Helen WATT (Lab)'],['Mandy Helen WATT (Lab)'],['Mandy Helen WATT (Lab)'],['Mandy Helen WATT (Lab)'],['Mandy Helen WATT (Lab)'],['Mandy Helen WATT (Lab)'],['Ben PARKER (Grn)'],['Neil John ROSS (LD)'],['Mandy Helen WATT (Lab)'],['Mandy Helen WATT (Lab)'],['Mandy Helen WATT (Lab)'],['Mandy Helen WATT (Lab)'],['Mandy Helen WATT (Lab)'],['Mandy Helen WATT (Lab)'],['Mandy Helen WATT (Lab)'],['Mandy Helen WATT (Lab)'],['Mandy Helen WATT (Lab)'],['Mandy Helen WATT (Lab)'],['Mandy Helen WATT (Lab)'],['Mandy Helen WATT (Lab)'],['Mandy Helen WATT (Lab)']
raw_data/scotland/processed_data/edinburgh22/Ward2-PentlandHills_ward2.csv,7,['Graeme BRUCE (Con)'],['Neil Thomas GARDINER (SNP)'],['Neil Thomas GARDINER (SNP)'],['Graeme BRUCE (Con)'],['Stephen Philip JENKINSON (Lab)'],['Stephen Philip JENKINSON (Lab)'],['Graeme BRUCE (Con)'],['Neil Thomas GARDINER (SNP)'],['Neil Thomas GARDINER (SNP)'],['Neil Thomas GARDINER (SNP)'],['Neil Thomas GARDINER (SNP)'],['Neil Thomas GARDINER (SNP)'],['Neil Thomas GARDINER (SNP)'],['Stephen Philip JENKINSON (Lab)'],['Neil Thomas GARDINER (SNP)'],['Graeme BRUCE (Con)'],['Neil Thomas GARDINER (SNP)'],['Neil Thomas GARDINER (SNP)'],['Graeme BRUCE (Con)'],['Neil Thomas GARDINER (SNP)'],['Neil Thomas GARDINER (SNP)'],['Neil Thomas GARDINER (SNP)'],['Neil Thomas GARDINER (SNP)'],['Neil Thomas GARDINER (SNP)'],['Neil Thomas GARDINER (SNP)'],['Neil Thomas GARDINER (SNP)'],['Neil Thomas GARDINER (SNP)'],['Neil Thomas GARDINER (SNP)'],['Stephen Philip JENKINSON (Lab)'],['Neil Thomas GARDINER (SNP)']
raw_data/scotland/processed_data/edinburgh22/Ward3-DrumBrae-Gyle_ward3.csv,7,['Robert Christopher ALDRIDGE (LD)'],['Robert Christopher ALDRIDGE (LD)'],['Robert Christopher ALDRIDGE (LD)'],['Robert Christopher ALDRIDGE (LD)'],['Robert Christopher ALDRIDGE (LD)'],['Robert Christopher ALDRIDGE (LD)'],['Robert Christopher ALDRIDGE (LD)'],['Robert Christopher ALDRIDGE (LD)'],['Robert Christopher ALDRIDGE (LD)'],['Robert Christopher ALDRIDGE (LD)'],['Robert Christopher ALDRIDGE (LD)'],['Robert Christopher ALDRIDGE (LD)'],['Robert Christopher ALDRIDGE (LD)'],['Robert Christopher ALDRIDGE (LD)'],['Robert Christopher ALDRIDGE (LD)'],['Robert Christopher ALDRIDGE (LD)'],['Robert Christopher ALDRIDGE (LD)'],['Robert Christopher ALDRIDGE (LD)'],['Robert Christopher ALDRIDGE (LD)'],['Robert Christopher ALDRIDGE (LD)'],['Robert Christopher ALDRIDGE (LD)'],['Robert Christopher ALDRIDGE (LD)'],['Robert Christopher ALDRIDGE (LD)'],['Robert Christopher ALDRIDGE (LD)'],['Robert Christopher ALDRIDGE (LD)'],['Robert Christopher ALDRIDGE (LD)'],['Robert Christopher ALDRIDGE (LD)'],['Robert Christopher ALDRIDGE (LD)'],['Robert Christopher ALDRIDGE (LD)'],['Robert Christopher ALDRIDGE (LD)']
raw_data/scotland/processed_data/edinburgh22/Ward6-Corstorphine-Murrayfield_ward6.csv,6,['Alan Christopher BEAL (LD)'],['Alan Christopher BEAL (LD)'],['Alan Christopher BEAL (LD)'],['Alan Christopher BEAL (LD)'],['Alan Christopher BEAL (LD)'],['Alan Christopher BEAL (LD)'],['Alan Christopher BEAL (LD)'],['Alan Christopher BEAL (LD)'],['Alan Christopher BEAL (LD)'],['Alan Christopher BEAL (LD)'],['Alan Christopher BEAL (LD)'],['Alan Christopher BEAL (LD)'],['Alan Christopher BEAL (LD)'],['Alan Christopher BEAL (LD)'],['Alan Christopher BEAL (LD)'],['Alan Christopher BEAL (LD)'],['Alan Christopher BEAL (LD)'],['Alan Christopher BEAL (LD)'],['Alan Christopher BEAL (LD)'],['Alan Christopher BEAL (LD)'],['Alan Christopher BEAL (LD)'],['Alan Christopher BEAL (LD)'],['Alan Christopher BEAL (LD)'],['Alan Christopher BEAL (LD)'],['Alan Christopher BEAL (LD)'],['Alan Christopher BEAL (LD)'],['Alan Christopher BEAL (LD)'],['Alan Christopher BEAL (LD)'],['Alan Christopher BEAL (LD)'],['Alan Christopher BEAL (LD)']
raw_data/scotland/processed_data/edinburgh22/Ward11-CityCentre_ward11.csv,12,['Claire MILLER (Grn)'],['Claire MILLER (Grn)'],['Claire MILLER (Grn)'],['Claire MILLER (Grn)'],['Claire MILLER (Grn)'],['Claire MILLER (Grn)'],['Claire MILLER (Grn)'],['Claire MILLER (Grn)'],['Claire MILLER (Grn)'],['Claire MILLER (Grn)'],['Claire MILLER (Grn)'],['Claire MILLER (Grn)'],['Claire MILLER (Grn)'],['Claire MILLER (Grn)'],['Claire MILLER (Grn)'],['Claire MILLER (Grn)'],['Claire MILLER (Grn)'],['Claire MILLER (Grn)'],['Claire MILLER (Grn)'],['Claire MILLER (Grn)'],['Claire MILLER (Grn)'],['Claire MILLER (Grn)'],['Claire MILLER (Grn)'],['Claire MILLER (Grn)'],['Claire MILLER (Grn)'],['Claire MILLER (Grn)'],['Claire MILLER (Grn)'],['Claire MILLER (Grn)'],['Claire MILLER (Grn)'],['Claire MILLER (Grn)']
raw_data/scotland/processed_data/edinburgh22/Ward17-Portobello-Craigmillar_ward17.csv,7,['Kate CAMPBELL (SNP)'],['Kate CAMPBELL (SNP)'],['Kate CAMPBELL (SNP)'],['Kate CAMPBELL (SNP)'],['Kate CAMPBELL (SNP)'],['Kate CAMPBELL (SNP)'],['Kate CAMPBELL (SNP)'],['Kate CAMPBELL (SNP)'],['Kate CAMPBELL (SNP)'],['Kate CAMPBELL (SNP)'],['Kate CAMPBELL (SNP)'],['Kate CAMPBELL (SNP)'],['Kate CAMPBELL (SNP)'],['Kate CAMPBELL (SNP)'],['Kate CAMPBELL (SNP)'],['Kate CAMPBELL (SNP)'],['Kate CAMPBELL (SNP)'],['Kate CAMPBELL (SNP)'],['Kate CAMPBELL (SNP)'],['Kate CAMPBELL (SNP)'],['Kate CAMPBELL (SNP)'],['Kate CAMPBELL (SNP)'],['Kate CAMPBELL (SNP)'],['Kate CAMPBELL (SNP)'],['Kate CAMPBELL (SNP)'],['Kate CAMPBELL (SNP)'],['Kate CAMPBELL (SNP)'],['Kate CAMPBELL (SNP)'],['Kate CAMPBELL (SNP)'],['Kate CAMPBELL (SNP)']
raw_data/scotland/processed_data/edinburgh22/Ward9-Fountainbridge-Craiglockhart_ward9.csv,7,['Christopher COWDY (Con)'],['Val WALKER (Labour and Co-operative Party)'],['David KEY (SNP)'],['Val WALKER (Labour and Co-operative Party)'],['Val WALKER (Labour and Co-operative Party)'],['Val WALKER (Labour and Co-operative Party)'],['Val WALKER (Labour and Co-operative Party)'],['Val WALKER (Labour and Co-operative Party)'],['Val WALKER (Labour and Co-operative Party)'],['Val WALKER (Labour and Co-operative Party)'],['Val WALKER (Labour and Co-operative Party)'],['Val WALKER (Labour and Co-operative Party)'],['Val WALKER (Labour and Co-operative Party)'],['Val WALKER (Labour and Co-operative Party)'],['Val WALKER (Labour and Co-operative Party)'],['Christopher COWDY (Con)'],['Val WALKER (Labour and Co-operative Party)'],['Val WALKER (Labour and Co-operative Party)'],['Val WALKER (Labour and Co-operative Party)'],['Megan MCHANEY (Grn)'],['Val WALKER (Labour and Co-operative Party)'],['Val WALKER (Labour and Co-operative Party)'],['Val WALKER (Labour and Co-operative Party)'],['Val WALKER (Labour and Co-operative Party)'],['Val WALKER (Labour and Co-operative Party)'],['Val WALKER (Labour and Co-operative Party)'],['Val WALKER (Labour and Co-operative Party)'],['Val WALKER (Labour and Co-operative Party)'],['Val WALKER (Labour and Co-operative Party)'],['Val WALKER (Labour and Co-operative Party)']
raw_data/scotland/processed_data/edinburgh22/Ward14-Craigentinny-Duddingston_ward14.csv,5,['Shelly-Ann BROWN (SNP)'],['Shelly-Ann BROWN (SNP)'],['Shelly-Ann BROWN (SNP)'],['Shelly-Ann BROWN (SNP)'],['Shelly-Ann BROWN (SNP)'],['Shelly-Ann BROWN (SNP)'],['Shelly-Ann BROWN (SNP)'],['Shelly-Ann BROWN (SNP)'],['Shelly-Ann BROWN (SNP)'],['Shelly-Ann BROWN (SNP)'],['Shelly-Ann BROWN (SNP)'],['Shelly-Ann BROWN (SNP)'],['Shelly-Ann BROWN (SNP)'],['Joan GRIFFITHS (Labour and Co-operative Party)'],['Shelly-Ann BROWN (SNP)'],['Shelly-Ann BROWN (SNP)'],['Shelly-Ann BROWN (SNP)'],['Shelly-Ann BROWN (SNP)'],['Shelly-Ann BROWN (SNP)'],['Shelly-Ann BROWN (SNP)'],['Shelly-Ann BROWN (SNP)'],['Shelly-Ann BROWN (SNP)'],['Shelly-Ann BROWN (SNP)'],['Shelly-Ann BROWN (SNP)'],['Shelly-Ann BROWN (SNP)'],['Shelly-Ann BROWN (SNP)'],['Shelly-Ann BROWN (SNP)'],['Shelly-Ann BROWN (SNP)'],['Shelly-Ann BROWN (SNP)'],['Shelly-Ann BROWN (SNP)']
raw_data/scotland/processed_data/edinburgh22/Ward4-Forth_ward4.csv,7,['Stuart DOBBIN (SNP)'],['Sanne DIJKSTRA-DOWNIE (LD)'],['Sanne DIJKSTRA-DOWNIE (LD)'],['Cammy DAY (Labour and Co-operative Party)'],['Cammy DAY (Labour and Co-operative Party)'],['Cammy DAY (Labour and Co-operative Party)'],['Stuart DOBBIN (SNP)'],['Cammy DAY (Labour and Co-operative Party)'],['Cammy DAY (Labour and Co-operative Party)'],['Cammy DAY (Labour and Co-operative Party)'],['Cammy DAY (Labour and Co-operative Party)'],['Cammy DAY (Labour and Co-operative Party)'],['Cammy DAY (Labour and Co-operative Party)'],['Cammy DAY (Labour and Co-operative Party)'],['Cammy DAY (Labour and Co-operative Party)'],['Stuart DOBBIN (SNP)'],['Sanne DIJKSTRA-DOWNIE (LD)'],['Cammy DAY (Labour and Co-operative Party)'],['Cammy DAY (Labour and Co-operative Party)'],['Cammy DAY (Labour and Co-operative Party)'],['Cammy DAY (Labour and Co-operative Party)'],['Cammy DAY (Labour and Co-operative Party)'],['Cammy DAY (Labour and Co-operative Party)'],['Cammy DAY (Labour and Co-operative Party)'],['Cammy DAY (Labour and Co-operative Party)'],['Cammy DAY (Labour and Co-operative Party)'],['Cammy DAY (Labour and Co-operative Party)'],['Cammy DAY (Labour and Co-operative Party)'],['Cammy DAY (Labour and Co-operative Party)'],['Cammy DAY (Labour and Co-operative Party)']
raw_data/scotland/processed_data/edinburgh22/Ward13-Leith_ward13.csv,8,['Adam MCVEY (SNP)'],['Adam MCVEY (SNP)'],['Adam MCVEY (SNP)'],['Chas BOOTH (Grn)'],['Chas BOOTH (Grn)'],['Chas BOOTH (Grn)'],['Adam MCVEY (SNP)'],['Adam MCVEY (SNP)'],['Adam MCVEY (SNP)'],['Adam MCVEY (SNP)'],['Adam MCVEY (SNP)'],['Adam MCVEY (SNP)'],['Adam MCVEY (SNP)'],['Chas BOOTH (Grn)'],['Adam MCVEY (SNP)'],['Adam MCVEY (SNP)'],['Adam MCVEY (SNP)'],['Adam MCVEY (SNP)'],['Chas BOOTH (Grn)'],['Chas BOOTH (Grn)'],['Chas BOOTH (Grn)'],['Chas BOOTH (Grn)'],['Adam MCVEY (SNP)'],['Adam MCVEY (SNP)'],['Adam MCVEY (SNP)'],['Adam MCVEY (SNP)'],['Adam MCVEY (SNP)'],['Adam MCVEY (SNP)'],['Chas BOOTH (Grn)'],['Adam MCVEY (SNP)']
raw_data/scotland/processed_data/edinburgh22/Ward8-Colinton-Fairmilehead_ward8.csv,6,['Scott ARTHUR (Lab)'],['Scott ARTHUR (Lab)'],['Scott ARTHUR (Lab)'],['Scott ARTHUR (Lab)'],['Scott ARTHUR (Lab)'],['Scott ARTHUR (Lab)'],['Scott ARTHUR (Lab)'],['Scott ARTHUR (Lab)'],['Scott ARTHUR (Lab)'],['Scott ARTHUR (Lab)'],['Scott ARTHUR (Lab)'],['Scott ARTHUR (Lab)'],['Scott ARTHUR (Lab)'],['Scott ARTHUR (Lab)'],['Scott ARTHUR (Lab)'],['Scott ARTHUR (Lab)'],['Scott ARTHUR (Lab)'],['Scott ARTHUR (Lab)'],['Scott ARTHUR (Lab)'],['Scott ARTHUR (Lab)'],['Scott ARTHUR (Lab)'],['Scott ARTHUR (Lab)'],['Scott ARTHUR (Lab)'],['Scott ARTHUR (Lab)'],['Scott ARTHUR (Lab)'],['Scott ARTHUR (Lab)'],['Scott ARTHUR (Lab)'],['Scott ARTHUR (Lab)'],['Scott ARTHUR (Lab)'],['Scott ARTHUR (Lab)']
raw_data/scotland/processed_data/edinburgh22/Ward16-Liberton-Gilmerton_ward16.csv,8,['Lezley Marion CAMERON (Labour and Co-operative Party)'],['Lezley Marion CAMERON (Labour and Co-operative Party)'],['Lezley Marion CAMERON (Labour and Co-operative Party)'],['Lezley Marion CAMERON (Labour and Co-operative Party)'],['Lezley Marion CAMERON (Labour and Co-operative Party)'],['Lezley Marion CAMERON (Labour and Co-operative Party)'],['Lezley Marion CAMERON (Labour and Co-operative Party)'],['Lezley Marion CAMERON (Labour and Co-operative Party)'],['Lezley Marion CAMERON (Labour and Co-operative Party)'],['Lezley Marion CAMERON (Labour and Co-operative Party)'],['Lezley Marion CAMERON (Labour and Co-operative Party)'],['Lezley Marion CAMERON (Labour and Co-operative Party)'],['Lezley Marion CAMERON (Labour and Co-operative Party)'],['Lezley Marion CAMERON (Labour and Co-operative Party)'],['Lezley Marion CAMERON (Labour and Co-operative Party)'],['Lezley Marion CAMERON (Labour and Co-operative Party)'],['Lezley Marion CAMERON (Labour and Co-operative Party)'],['Lezley Marion CAMERON (Labour and Co-operative Party)'],['Lezley Marion CAMERON (Labour and Co-operative Party)'],['Lezley Marion CAMERON (Labour and Co-operative Party)'],['Lezley Marion CAMERON (Labour and Co-operative Party)'],['Lezley Marion CAMERON (Labour and Co-operative Party)'],['Lezley Marion CAMERON (Labour and Co-operative Party)'],['Lezley Marion CAMERON (Labour and Co-operative Party)'],['Lezley Marion CAMERON (Labour and Co-operative Party)'],['Lezley Marion CAMERON (Labour and Co-operative Party)'],['Lezley Marion CAMERON (Labour and Co-operative Party)'],['Lezley Marion CAMERON (Labour and Co-operative Party)'],['Lezley Marion CAMERON (Labour and Co-operative Party)'],['Lezley Marion CAMERON (Labour and Co-operative Party)']
raw_data/scotland/processed_data/edinburgh22/Ward15-Southside-Newington_ward15.csv,5,['Tim POGSON (Labour and Co-operative Party)'],['Tim POGSON (Labour and Co-operative Party)'],['Tim POGSON (Labour and Co-operative Party)'],['Tim POGSON (Labour and Co-operative Party)'],['Tim POGSON (Labour and Co-operative Party)'],['Tim POGSON (Labour and Co-operative Party)'],['Tim POGSON (Labour and Co-operative Party)'],['Tim POGSON (Labour and Co-operative Party)'],['Tim POGSON (Labour and Co-operative Party)'],['Tim POGSON (Labour and Co-operative Party)'],['Tim POGSON (Labour and Co-operative Party)'],['Tim POGSON (Labour and Co-operative Party)'],['Tim POGSON (Labour and Co-operative Party)'],['Tim POGSON (Labour and Co-operative Party)'],['Tim POGSON (Labour and Co-operative Party)'],['Tim POGSON (Labour and Co-operative Party)'],['Tim POGSON (Labour and Co-operative Party)'],['Tim POGSON (Labour and Co-operative Party)'],['Tim POGSON (Labour and Co-operative Party)'],['Steve BURGESS (Grn)'],['Tim POGSON (Labour and Co-operative Party)'],['Tim POGSON (Labour and Co-operative Party)'],['Tim POGSON (Labour and Co-operative Party)'],['Tim POGSON (Labour and Co-operative Party)'],['Tim POGSON (Labour and Co-operative Party)'],['Tim POGSON (Labour and Co-operative Party)'],['Tim POGSON (Labour and Co-operative Party)'],['Tim POGSON (Labour and Co-operative Party)'],['Tim POGSON (Labour and Co-operative Party)'],['Tim POGSON (Labour and Co-operative Party)']
raw_data/scotland/processed_data/edinburgh22/Ward5-Inverleith_ward5.csv,8,['Hal OSLER (LD)'],['Hal OSLER (LD)'],['Hal OSLER (LD)'],['Hal OSLER (LD)'],['Hal OSLER (LD)'],['Hal OSLER (LD)'],['Hal OSLER (LD)'],['Hal OSLER (LD)'],['Hal OSLER (LD)'],['Hal OSLER (LD)'],['Hal OSLER (LD)'],['Hal OSLER (LD)'],['Hal OSLER (LD)'],['Hal OSLER (LD)'],['Hal OSLER (LD)'],['Hal OSLER (LD)'],['Hal OSLER (LD)'],['Hal OSLER (LD)'],['Hal OSLER (LD)'],['Hal OSLER (LD)'],['Hal OSLER (LD)'],['Hal OSLER (LD)'],['Hal OSLER (LD)'],['Hal OSLER (LD)'],['Hal OSLER (LD)'],['Hal OSLER (LD)'],['Hal OSLER (LD)'],['Hal OSLER (LD)'],['Hal OSLER (LD)'],['Hal OSLER (LD)']
raw_data/scotland/processed_data/perth-kinross22/Ward3-BlairgowrieandGlens_Ward3.csv,7,['Caroline SHIERS (Con)'],['Caroline SHIERS (Con)'],['Caroline SHIERS (Con)'],['Caroline SHIERS (Con)'],['Tom MCEWAN (SNP)'],['Caroline SHIERS (Con)'],['Caroline SHIERS (Con)'],['Caroline SHIERS (Con)'],['Caroline SHIERS (Con)'],['Caroline SHIERS (Con)'],['Caroline SHIERS (Con)'],['Caroline SHIERS (Con)'],['Caroline SHIERS (Con)'],['Caroline SHIERS (Con)'],['Caroline SHIERS (Con)'],['Caroline SHIERS (Con)'],['Caroline SHIERS (Con)'],['Caroline SHIERS (Con)'],['Caroline SHIERS (Con)'],['Caroline SHIERS (Con)'],['Caroline SHIERS (Con)'],['Caroline SHIERS (Con)'],['Caroline SHIERS (Con)'],['Caroline SHIERS (Con)'],['Caroline SHIERS (Con)'],['Caroline SHIERS (Con)'],['Caroline SHIERS (Con)'],['Caroline SHIERS (Con)'],['Caroline SHIERS (Con)'],['Caroline SHIERS (Con)']
raw_data/scotland/processed_data/perth-kinross22/Ward9-AlmondandEarn_Ward9.csv,5,['David ILLINGWORTH (Con)'],['David ILLINGWORTH (Con)'],['David ILLINGWORTH (Con)'],['David ILLINGWORTH (Con)'],['Michelle FRAMPTON (SNP)'],['David ILLINGWORTH (Con)'],['David ILLINGWORTH (Con)'],['David ILLINGWORTH (Con)'],['David ILLINGWORTH (Con)'],['David ILLINGWORTH (Con)'],['David ILLINGWORTH (Con)'],['David ILLINGWORTH (Con)'],['David ILLINGWORTH (Con)'],['David ILLINGWORTH (Con)'],['David ILLINGWORTH (Con)'],['David ILLINGWORTH (Con)'],['David ILLINGWORTH (Con)'],['David ILLINGWORTH (Con)'],['David ILLINGWORTH (Con)'],['Michelle FRAMPTON (SNP)'],['David ILLINGWORTH (Con)'],['David ILLINGWORTH (Con)'],['David ILLINGWORTH (Con)'],['David ILLINGWORTH (Con)'],['David ILLINGWORTH (Con)'],['David ILLINGWORTH (Con)'],['David ILLINGWORTH (Con)'],['David ILLINGWORTH (Con)'],['David ILLINGWORTH (Con)'],['David ILLINGWORTH (Con)']
raw_data/scotland/processed_data/perth-kinross22/Ward7-Strathallan_Ward7.csv,4,['Keith ALLAN (Con)'],['Keith ALLAN (Con)'],['Keith ALLAN (Con)'],['Keith ALLAN (Con)'],['Keith ALLAN (Con)'],['Keith ALLAN (Con)'],['Keith ALLAN (Con)'],['Keith ALLAN (Con)'],['Keith ALLAN (Con)'],['Keith ALLAN (Con)'],['Keith ALLAN (Con)'],['Keith ALLAN (Con)'],['Keith ALLAN (Con)'],['Keith ALLAN (Con)'],['Keith ALLAN (Con)'],['Keith ALLAN (Con)'],['Keith ALLAN (Con)'],['Keith ALLAN (Con)'],['Keith ALLAN (Con)'],['Keith ALLAN (Con)'],['Keith ALLAN (Con)'],['Keith ALLAN (Con)'],['Keith ALLAN (Con)'],['Keith ALLAN (Con)'],['Keith ALLAN (Con)'],['Keith ALLAN (Con)'],['Keith ALLAN (Con)'],['Keith ALLAN (Con)'],['Keith ALLAN (Con)'],['Keith ALLAN (Con)']
raw_data/scotland/processed_data/perth-kinross22/Ward4-Highland_Ward4.csv,6,['Michael James WILLIAMSON (SNP)'],['Michael James WILLIAMSON (SNP)'],['Michael James WILLIAMSON (SNP)'],['Xander MCDADE (Ind)'],['Xander MCDADE (Ind)'],['Xander MCDADE (Ind)'],['Xander MCDADE (Ind)'],['Xander MCDADE (Ind)'],['Xander MCDADE (Ind)'],['Xander MCDADE (Ind)'],['Xander MCDADE (Ind)'],['Xander MCDADE (Ind)'],['Xander MCDADE (Ind)'],['Xander MCDADE (Ind)'],['Xander MCDADE (Ind)'],['Michael James WILLIAMSON (SNP)'],['Michael James WILLIAMSON (SNP)'],['Michael James WILLIAMSON (SNP)'],['Xander MCDADE (Ind)'],['Xander MCDADE (Ind)'],['Xander MCDADE (Ind)'],['Xander MCDADE (Ind)'],['Xander MCDADE (Ind)'],['Xander MCDADE (Ind)'],['Xander MCDADE (Ind)'],['Xander MCDADE (Ind)'],['Xander MCDADE (Ind)'],['Xander MCDADE (Ind)'],['Xander MCDADE (Ind)'],['Xander MCDADE (Ind)']
raw_data/scotland/processed_data/perth-kinross22/Ward12-PerthCityCentre_Ward12.csv,7,['Eric DRYSDALE (SNP)'],['Eric DRYSDALE (SNP)'],['Eric DRYSDALE (SNP)'],['Eric DRYSDALE (SNP)'],['Eric DRYSDALE (SNP)'],['Eric DRYSDALE (SNP)'],['Eric DRYSDALE (SNP)'],['Eric DRYSDALE (SNP)'],['Eric DRYSDALE (SNP)'],['Eric DRYSDALE (SNP)'],['Eric DRYSDALE (SNP)'],['Eric DRYSDALE (SNP)'],['Eric DRYSDALE (SNP)'],['Eric DRYSDALE (SNP)'],['Eric DRYSDALE (SNP)'],['Eric DRYSDALE (SNP)'],['Eric DRYSDALE (SNP)'],['Eric DRYSDALE (SNP)'],['Eric DRYSDALE (SNP)'],['Peter Anthony BARRETT (LD)'],['Eric DRYSDALE (SNP)'],['Eric DRYSDALE (SNP)'],['Eric DRYSDALE (SNP)'],['Eric DRYSDALE (SNP)'],['Eric DRYSDALE (SNP)'],['Eric DRYSDALE (SNP)'],['Eric DRYSDALE (SNP)'],['Eric DRYSDALE (SNP)'],['Peter Anthony BARRETT (LD)'],['Eric DRYSDALE (SNP)']
raw_data/scotland/processed_data/perth-kinross22/Ward5-Strathtay_Ward5.csv,3,['Grant LAING (SNP)'],['Grant LAING (SNP)'],['Grant LAING (SNP)'],['Grant LAING (SNP)'],['Grant LAING (SNP)'],['Grant LAING (SNP)'],['Grant LAING (SNP)'],['Grant LAING (SNP)'],['Grant LAING (SNP)'],['Grant LAING (SNP)'],['Grant LAING (SNP)'],['Grant LAING (SNP)'],['Grant LAING (SNP)'],['Claire MCLAREN (LD)'],['Grant LAING (SNP)'],['Grant LAING (SNP)'],['Grant LAING (SNP)'],['Grant LAING (SNP)'],['Grant LAING (SNP)'],['Grant LAING (SNP)'],['Grant LAING (SNP)'],['Grant LAING (SNP)'],['Grant LAING (SNP)'],['Grant LAING (SNP)'],['Grant LAING (SNP)'],['Grant LAING (SNP)'],['Grant LAING (SNP)'],['Grant LAING (SNP)'],['Claire MCLAREN (LD)'],['Grant LAING (SNP)']
raw_data/scotland/processed_data/perth-kinross22/Ward1-CarseofGowrie_Ward1.csv,6,['Ken HARVEY (SNP)'],['Alasdair BAILEY (Lab)'],['Ken HARVEY (SNP)'],['Alasdair BAILEY (Lab)'],['Alasdair BAILEY (Lab)'],['Alasdair BAILEY (Lab)'],['Alasdair BAILEY (Lab)'],['Alasdair BAILEY (Lab)'],['Alasdair BAILEY (Lab)'],['Alasdair BAILEY (Lab)'],['Alasdair BAILEY (Lab)'],['Alasdair BAILEY (Lab)'],['Alasdair BAILEY (Lab)'],['Alasdair BAILEY (Lab)'],['Alasdair BAILEY (Lab)'],['Alasdair BAILEY (Lab)'],['Alasdair BAILEY (Lab)'],['Alasdair BAILEY (Lab)'],['Alasdair BAILEY (Lab)'],['Alasdair BAILEY (Lab)'],['Alasdair BAILEY (Lab)'],['Alasdair BAILEY (Lab)'],['Alasdair BAILEY (Lab)'],['Alasdair BAILEY (Lab)'],['Alasdair BAILEY (Lab)'],['Alasdair BAILEY (Lab)'],['Alasdair BAILEY (Lab)'],['Alasdair BAILEY (Lab)'],['Alasdair BAILEY (Lab)'],['Alasdair BAILEY (Lab)']
raw_data/scotland/processed_data/perth-kinross22/Ward8-Kinross-Shire_Ward8.csv,7,['George STIRLING (Con)'],['Willie ROBERTSON (LD)'],['George STIRLING (Con)'],['Willie ROBERTSON (LD)'],['Willie ROBERTSON (LD)'],['Willie ROBERTSON (LD)'],['Willie ROBERTSON (LD)'],['Willie ROBERTSON (LD)'],['Willie ROBERTSON (LD)'],['Willie ROBERTSON (LD)'],['Willie ROBERTSON (LD)'],['Willie ROBERTSON (LD)'],['Willie ROBERTSON (LD)'],['Willie ROBERTSON (LD)'],['Willie ROBERTSON (LD)'],['Richard WATTERS (SNP)'],['Willie ROBERTSON (LD)'],['George STIRLING (Con)'],['Willie ROBERTSON (LD)'],['Willie ROBERTSON (LD)'],['Willie ROBERTSON (LD)'],['Willie ROBERTSON (LD)'],['Willie ROBERTSON (LD)'],['Willie ROBERTSON (LD)'],['Willie ROBERTSON (LD)'],['Willie ROBERTSON (LD)'],['Willie ROBERTSON (LD)'],['Willie ROBERTSON (LD)'],['Willie ROBERTSON (LD)'],['Willie ROBERTSON (LD)']
raw_data/scotland/processed_data/perth-kinross22/Ward2-Strathmore_Ward2.csv,5,['GRANT STEWART (SNP)'],['GRANT STEWART (SNP)'],['GRANT STEWART (SNP)'],['GRANT STEWART (SNP)'],['GRANT STEWART (SNP)'],['GRANT STEWART (SNP)'],['GRANT STEWART (SNP)'],['GRANT STEWART (SNP)'],['GRANT STEWART (SNP)'],['GRANT STEWART (SNP)'],['GRANT STEWART (SNP)'],['GRANT STEWART (SNP)'],['GRANT STEWART (SNP)'],['COLIN STEWART (Ind)'],['GRANT STEWART (SNP)'],['GRANT STEWART (SNP)'],['GRANT STEWART (SNP)'],['GRANT STEWART (SNP)'],['GRANT STEWART (SNP)'],['COLIN STEWART (Ind)'],['GRANT STEWART (SNP)'],['GRANT STEWART (SNP)'],['GRANT STEWART (SNP)'],['GRANT STEWART (SNP)'],['GRANT STEWART (SNP)'],['GRANT STEWART (SNP)'],['GRANT STEWART (SNP)'],['GRANT STEWART (SNP)'],['COLIN STEWART (Ind)'],['GRANT STEWART (SNP)']
raw_data/scotland/processed_data/perth-kinross22/Ward10-PerthCitySouth_Ward10.csv,5,['Liz BARRETT (LD)'],['Liz BARRETT (LD)'],['Liz BARRETT (LD)'],['Liz BARRETT (LD)'],['Liz BARRETT (LD)'],['Liz BARRETT (LD)'],['Liz BARRETT (LD)'],['Liz BARRETT (LD)'],['Liz BARRETT (LD)'],['Liz BARRETT (LD)'],['Liz BARRETT (LD)'],['Liz BARRETT (LD)'],['Liz BARRETT (LD)'],['Liz BARRETT (LD)'],['Liz BARRETT (LD)'],['Liz BARRETT (LD)'],['Liz BARRETT (LD)'],['Liz BARRETT (LD)'],['Liz BARRETT (LD)'],['Liz BARRETT (LD)'],['Liz BARRETT (LD)'],['Liz BARRETT (LD)'],['Liz BARRETT (LD)'],['Liz BARRETT (LD)'],['Liz BARRETT (LD)'],['Liz BARRETT (LD)'],['Liz BARRETT (LD)'],['Liz BARRETT (LD)'],['Liz BARRETT (LD)'],['Liz BARRETT (LD)']
raw_data/scotland/processed_data/perth-kinross22/Ward6-Strathearn_Ward6.csv,5,['Stewart DONALDSON (SNP)'],['Rhona BROCK (Ind)'],['Noah KHOGALI (Con)'],['Rhona BROCK (Ind)'],['Rhona BROCK (Ind)'],['Rhona BROCK (Ind)'],['Rhona BROCK (Ind)'],['Rhona BROCK (Ind)'],['Rhona BROCK (Ind)'],['Rhona BROCK (Ind)'],['Rhona BROCK (Ind)'],['Rhona BROCK (Ind)'],['Rhona BROCK (Ind)'],['Rhona BROCK (Ind)'],['Rhona BROCK (Ind)'],['Stewart DONALDSON (SNP)'],['Rhona BROCK (Ind)'],['Noah KHOGALI (Con)'],['Rhona BROCK (Ind)'],['Rhona BROCK (Ind)'],['Rhona BROCK (Ind)'],['Rhona BROCK (Ind)'],['Rhona BROCK (Ind)'],['Rhona BROCK (Ind)'],['Rhona BROCK (Ind)'],['Rhona BROCK (Ind)'],['Rhona BROCK (Ind)'],['Rhona BROCK (Ind)'],['Rhona BROCK (Ind)'],['Rhona BROCK (Ind)']
raw_data/scotland/processed_data/perth-kinross22/Ward11-PerthCityNorth_Ward11.csv,6,['Ian MASSIE (SNP)'],['Ian MASSIE (SNP)'],['Ian MASSIE (SNP)'],['Ian MASSIE (SNP)'],['Ian MASSIE (SNP)'],['Ian MASSIE (SNP)'],['Ian MASSIE (SNP)'],['Ian MASSIE (SNP)'],['Ian MASSIE (SNP)'],['Ian MASSIE (SNP)'],['Ian MASSIE (SNP)'],['Ian MASSIE (SNP)'],['Ian MASSIE (SNP)'],['Ian MASSIE (SNP)'],['Ian MASSIE (SNP)'],['Ian MASSIE (SNP)'],['Ian MASSIE (SNP)'],['Ian MASSIE (SNP)'],['Ian MASSIE (SNP)'],['Ian MASSIE (SNP)'],['Ian MASSIE (SNP)'],['Ian MASSIE (SNP)'],['Ian MASSIE (SNP)'],['Ian MASSIE (SNP)'],['Ian MASSIE (SNP)'],['Ian MASSIE (SNP)'],['Ian MASSIE (SNP)'],['Ian MASSIE (SNP)'],['Ian MASSIE (SNP)'],['Ian MASSIE (SNP)']
raw_data/scotland/processed_data/falkirk17-ballots/Ward9-UpperBraes_falkirk17-09.csv,6,['Gordon HUGHES (SNP)'],['James KERR (Con)'],['James KERR (Con)'],['John MCLUCKIE (Lab)'],['John MCLUCKIE (Lab)'],['John MCLUCKIE (Lab)'],['John MCLUCKIE (Lab)'],['John MCLUCKIE (Lab)'],['John MCLUCKIE (Lab)'],['John MCLUCKIE (Lab)'],['John MCLUCKIE (Lab)'],['John MCLUCKIE (Lab)'],['John MCLUCKIE (Lab)'],['John MCLUCKIE (Lab)'],['John MCLUCKIE (Lab)'],['Gordon HUGHES (SNP)'],['James KERR (Con)'],['James KERR (Con)'],['John MCLUCKIE (Lab)'],['John MCLUCKIE (Lab)'],['John MCLUCKIE (Lab)'],['John MCLUCKIE (Lab)'],['John MCLUCKIE (Lab)'],['John MCLUCKIE (Lab)'],['John MCLUCKIE (Lab)'],['John MCLUCKIE (Lab)'],['John MCLUCKIE (Lab)'],['John MCLUCKIE (Lab)'],['John MCLUCKIE (Lab)'],['John MCLUCKIE (Lab)']
raw_data/scotland/processed_data/falkirk17-ballots/Ward6-FalkirkNorth_falkirk17-06.csv,4,['David ALEXANDER (SNP)'],['David ALEXANDER (SNP)'],['David ALEXANDER (SNP)'],['David ALEXANDER (SNP)'],['David ALEXANDER (SNP)'],['David ALEXANDER (SNP)'],['David ALEXANDER (SNP)'],['David ALEXANDER (SNP)'],['David ALEXANDER (SNP)'],['David ALEXANDER (SNP)'],['David ALEXANDER (SNP)'],['David ALEXANDER (SNP)'],['David ALEXANDER (SNP)'],['David ALEXANDER (SNP)'],['David ALEXANDER (SNP)'],['David ALEXANDER (SNP)'],['David ALEXANDER (SNP)'],['David ALEXANDER (SNP)'],['David ALEXANDER (SNP)'],['David ALEXANDER (SNP)'],['David ALEXANDER (SNP)'],['David ALEXANDER (SNP)'],['David ALEXANDER (SNP)'],['David ALEXANDER (SNP)'],['David ALEXANDER (SNP)'],['David ALEXANDER (SNP)'],['David ALEXANDER (SNP)'],['David ALEXANDER (SNP)'],['David ALEXANDER (SNP)'],['David ALEXANDER (SNP)']
raw_data/scotland/processed_data/falkirk17-ballots/Ward7-FalkirkSouth_falkirk17-07.csv,4,['Lorna Catherine BINNIE (SNP)'],['Lorna Catherine BINNIE (SNP)'],['Lorna Catherine BINNIE (SNP)'],['Pat REID (Lab)'],['Pat REID (Lab)'],['Pat REID (Lab)'],['Pat REID (Lab)'],['Pat REID (Lab)'],['Pat REID (Lab)'],['Pat REID (Lab)'],['Pat REID (Lab)'],['Pat REID (Lab)'],['Pat REID (Lab)'],['Pat REID (Lab)'],['Pat REID (Lab)'],['Lorna Catherine BINNIE (SNP)'],['Lorna Catherine BINNIE (SNP)'],['Lorna Catherine BINNIE (SNP)'],['Pat REID (Lab)'],['Pat REID (Lab)'],['Pat REID (Lab)'],['Pat REID (Lab)'],['Pat REID (Lab)'],['Pat REID (Lab)'],['Pat REID (Lab)'],['Pat REID (Lab)'],['Pat REID (Lab)'],['Pat REID (Lab)'],['Pat REID (Lab)'],['Pat REID (Lab)']
raw_data/scotland/processed_data/falkirk17-ballots/Ward1-Bo'nessandBlackness_falkirk17-01.csv,4,['Ann RITCHIE (SNP)'],['Ann RITCHIE (SNP)'],['Ann RITCHIE (SNP)'],['Ann RITCHIE (SNP)'],['Ann RITCHIE (SNP)'],['Ann RITCHIE (SNP)'],['Ann RITCHIE (SNP)'],['Ann RITCHIE (SNP)'],['Ann RITCHIE (SNP)'],['Ann RITCHIE (SNP)'],['Ann RITCHIE (SNP)'],['Ann RITCHIE (SNP)'],['Ann RITCHIE (SNP)'],['Ann RITCHIE (SNP)'],['Ann RITCHIE (SNP)'],['Ann RITCHIE (SNP)'],['Ann RITCHIE (SNP)'],['Ann RITCHIE (SNP)'],['Ann RITCHIE (SNP)'],['Ann RITCHIE (SNP)'],['Ann RITCHIE (SNP)'],['Ann RITCHIE (SNP)'],['Ann RITCHIE (SNP)'],['Ann RITCHIE (SNP)'],['Ann RITCHIE (SNP)'],['Ann RITCHIE (SNP)'],['Ann RITCHIE (SNP)'],['Ann RITCHIE (SNP)'],['Ann RITCHIE (SNP)'],['Ann RITCHIE (SNP)']
raw_data/scotland/processed_data/falkirk17-ballots/Ward5-BonnybridgeandLarbert_falkirk17-05.csv,6,['Tom COLEMAN (SNP)'],['Tom COLEMAN (SNP)'],['Tom COLEMAN (SNP)'],['Tom COLEMAN (SNP)'],['Tom COLEMAN (SNP)'],['Tom COLEMAN (SNP)'],['Tom COLEMAN (SNP)'],['Tom COLEMAN (SNP)'],['Tom COLEMAN (SNP)'],['Tom COLEMAN (SNP)'],['Tom COLEMAN (SNP)'],['Tom COLEMAN (SNP)'],['Tom COLEMAN (SNP)'],['Billy BUCHANAN (Ind)'],['Tom COLEMAN (SNP)'],['Tom COLEMAN (SNP)'],['Tom COLEMAN (SNP)'],['Tom COLEMAN (SNP)'],['Tom COLEMAN (SNP)'],['Tom COLEMAN (SNP)'],['Tom COLEMAN (SNP)'],['Tom COLEMAN (SNP)'],['Tom COLEMAN (SNP)'],['Tom COLEMAN (SNP)'],['Tom COLEMAN (SNP)'],['Tom COLEMAN (SNP)'],['Tom COLEMAN (SNP)'],['Tom COLEMAN (SNP)'],['Billy BUCHANAN (Ind)'],['Tom COLEMAN (SNP)']
raw_data/scotland/processed_data/falkirk17-ballots/Ward3-DennyandBanknock_falkirk17-03.csv,8,['Paul GARNER (SNP)'],['Paul GARNER (SNP)'],['Paul GARNER (SNP)'],['Paul GARNER (SNP)'],['Paul GARNER (SNP)'],['Paul GARNER (SNP)'],['Paul GARNER (SNP)'],['Paul GARNER (SNP)'],['Paul GARNER (SNP)'],['Paul GARNER (SNP)'],['Paul GARNER (SNP)'],['Paul GARNER (SNP)'],['Paul GARNER (SNP)'],['Paul GARNER (SNP)'],['Paul GARNER (SNP)'],['Paul GARNER (SNP)'],['Paul GARNER (SNP)'],['Paul GARNER (SNP)'],['Paul GARNER (SNP)'],['Paul GARNER (SNP)'],['Paul GARNER (SNP)'],['Paul GARNER (SNP)'],['Paul GARNER (SNP)'],['Paul GARNER (SNP)'],['Paul GARNER (SNP)'],['Paul GARNER (SNP)'],['Paul GARNER (SNP)'],['Paul GARNER (SNP)'],['Paul GARNER (SNP)'],['Paul GARNER (SNP)']
raw_data/scotland/processed_data/falkirk17-ballots/Ward8-LowerBraes_falkirk17-08.csv,8,['Malcolm NICOL (Con)'],['Malcolm NICOL (Con)'],['Malcolm NICOL (Con)'],['Malcolm NICOL (Con)'],['Adanna Bridget MCCUE (SNP)'],['Malcolm NICOL (Con)'],['Malcolm NICOL (Con)'],['Malcolm NICOL (Con)'],['Malcolm NICOL (Con)'],['Malcolm NICOL (Con)'],['Malcolm NICOL (Con)'],['Malcolm NICOL (Con)'],['Malcolm NICOL (Con)'],['Malcolm NICOL (Con)'],['Malcolm NICOL (Con)'],['Malcolm NICOL (Con)'],['Malcolm NICOL (Con)'],['Malcolm NICOL (Con)'],['Malcolm NICOL (Con)'],['Malcolm NICOL (Con)'],['Malcolm NICOL (Con)'],['Malcolm NICOL (Con)'],['Malcolm NICOL (Con)'],['Malcolm NICOL (Con)'],['Malcolm NICOL (Con)'],['Malcolm NICOL (Con)'],['Malcolm NICOL (Con)'],['Malcolm NICOL (Con)'],['Malcolm NICOL (Con)'],['Malcolm NICOL (Con)']
raw_data/scotland/processed_data/falkirk17-ballots/Ward2-Grangemouth_falkirk17-02.csv,5,['David BALFOUR (SNP)'],['David BALFOUR (SNP)'],['David BALFOUR (SNP)'],['David BALFOUR (SNP)'],['David BALFOUR (SNP)'],['David BALFOUR (SNP)'],['David BALFOUR (SNP)'],['David BALFOUR (SNP)'],['David BALFOUR (SNP)'],['David BALFOUR (SNP)'],['David BALFOUR (SNP)'],['David BALFOUR (SNP)'],['David BALFOUR (SNP)'],['David BALFOUR (SNP)'],['David BALFOUR (SNP)'],['David BALFOUR (SNP)'],['David BALFOUR (SNP)'],['David BALFOUR (SNP)'],['David BALFOUR (SNP)'],['David BALFOUR (SNP)'],['David BALFOUR (SNP)'],['David BALFOUR (SNP)'],['David BALFOUR (SNP)'],['David BALFOUR (SNP)'],['David BALFOUR (SNP)'],['David BALFOUR (SNP)'],['David BALFOUR (SNP)'],['David BALFOUR (SNP)'],['Allyson BLACK (Lab)'],['David BALFOUR (SNP)']
"raw_data/scotland/processed_data/falkirk17-ballots/Ward4-Carse,KinnairdandTryst_falkirk17-04.csv",5,['Gary BOUSE (SNP)'],['Gary BOUSE (SNP)'],['Gary BOUSE (SNP)'],['Gary BOUSE (SNP)'],['Gary BOUSE (SNP)'],['Gary BOUSE (SNP)'],['Gary BOUSE (SNP)'],['Gary BOUSE (SNP)'],['Gary BOUSE (SNP)'],['Gary BOUSE (SNP)'],['Gary BOUSE (SNP)'],['Gary BOUSE (SNP)'],['Gary BOUSE (SNP)'],['Joan Margaret COOMBES (Lab)'],['Gary BOUSE (SNP)'],['Gary BOUSE (SNP)'],['Gary BOUSE (SNP)'],['Gary BOUSE (SNP)'],['Gary BOUSE (SNP)'],['Gary BOUSE (SNP)'],['Gary BOUSE (SNP)'],['Gary BOUSE (SNP)'],['Gary BOUSE (SNP)'],['Gary BOUSE (SNP)'],['Gary BOUSE (SNP)'],['Gary BOUSE (SNP)'],['Gary BOUSE (SNP)'],['Gary BOUSE (SNP)'],['Joan Margaret COOMBES (Lab)'],['Gary BOUSE (SNP)']
"raw_data/scotland/processed_data/n-lanarks17-ballots/Ward5-Stepps,ChrystonandMuirhead_n-lanarks17-005.csv",4,['Lynne ANDERSON (SNP)'],['John MCLAREN (Lab)'],['John MCLAREN (Lab)'],['John MCLAREN (Lab)'],['John MCLAREN (Lab)'],['John MCLAREN (Lab)'],['John MCLAREN (Lab)'],['John MCLAREN (Lab)'],['John MCLAREN (Lab)'],['John MCLAREN (Lab)'],['John MCLAREN (Lab)'],['John MCLAREN (Lab)'],['John MCLAREN (Lab)'],['John MCLAREN (Lab)'],['John MCLAREN (Lab)'],['Lynne ANDERSON (SNP)'],['John MCLAREN (Lab)'],['John MCLAREN (Lab)'],['John MCLAREN (Lab)'],['John MCLAREN (Lab)'],['John MCLAREN (Lab)'],['John MCLAREN (Lab)'],['John MCLAREN (Lab)'],['John MCLAREN (Lab)'],['John MCLAREN (Lab)'],['John MCLAREN (Lab)'],['John MCLAREN (Lab)'],['John MCLAREN (Lab)'],['John MCLAREN (Lab)'],['John MCLAREN (Lab)']
raw_data/scotland/processed_data/n-lanarks17-ballots/Ward11-CoatbridgeSouth_n-lanarks17-011.csv,6,['Tracy CARRAGHER (SNP)'],['Tracy CARRAGHER (SNP)'],['Tracy CARRAGHER (SNP)'],['Tracy CARRAGHER (SNP)'],['Tracy CARRAGHER (SNP)'],['Tracy CARRAGHER (SNP)'],['Tracy CARRAGHER (SNP)'],['Tracy CARRAGHER (SNP)'],['Tracy CARRAGHER (SNP)'],['Tracy CARRAGHER (SNP)'],['Tracy CARRAGHER (SNP)'],['Tracy CARRAGHER (SNP)'],['Tracy CARRAGHER (SNP)'],['Tracy CARRAGHER (SNP)'],['Tracy CARRAGHER (SNP)'],['Tracy CARRAGHER (SNP)'],['Tracy CARRAGHER (SNP)'],['Tracy CARRAGHER (SNP)'],['Tracy CARRAGHER (SNP)'],['Tracy CARRAGHER (SNP)'],['Tracy CARRAGHER (SNP)'],['Tracy CARRAGHER (SNP)'],['Tracy CARRAGHER (SNP)'],['Tracy CARRAGHER (SNP)'],['Tracy CARRAGHER (SNP)'],['Tracy CARRAGHER (SNP)'],['Tracy CARRAGHER (SNP)'],['Tracy CARRAGHER (SNP)'],['Tracy CARRAGHER (SNP)'],['Tracy CARRAGHER (SNP)']
raw_data/scotland/processed_data/n-lanarks17-ballots/Ward17-MotherwellWest_n-lanarks17-017.csv,5,['Annette VALENTINE (SNP)'],['Paul KELLY (Lab)'],['Paul KELLY (Lab)'],['Paul KELLY (Lab)'],['Annette VALENTINE (SNP)'],['Paul KELLY (Lab)'],['Annette VALENTINE (SNP)'],['Paul KELLY (Lab)'],['Paul KELLY (Lab)'],['Paul KELLY (Lab)'],['Paul KELLY (Lab)'],['Paul KELLY (Lab)'],['Paul KELLY (Lab)'],['Paul KELLY (Lab)'],['Paul KELLY (Lab)'],['Annette VALENTINE (SNP)'],['Paul KELLY (Lab)'],['Paul KELLY (Lab)'],['Paul KELLY (Lab)'],['Annette VALENTINE (SNP)'],['Paul KELLY (Lab)'],['Paul KELLY (Lab)'],['Paul KELLY (Lab)'],['Paul KELLY (Lab)'],['Paul KELLY (Lab)'],['Paul KELLY (Lab)'],['Paul KELLY (Lab)'],['Paul KELLY (Lab)'],['Paul KELLY (Lab)'],['Paul KELLY (Lab)']
raw_data/scotland/processed_data/n-lanarks17-ballots/Ward21-Wishaw_n-lanarks17-021.csv,5,['Fiona FOTHERINGHAM (SNP)'],['Fiona FOTHERINGHAM (SNP)'],['Fiona FOTHERINGHAM (SNP)'],['Fiona FOTHERINGHAM (SNP)'],['Fiona FOTHERINGHAM (SNP)'],['Fiona FOTHERINGHAM (SNP)'],['Fiona FOTHERINGHAM (SNP)'],['Fiona FOTHERINGHAM (SNP)'],['Fiona FOTHERINGHAM (SNP)'],['Fiona FOTHERINGHAM (SNP)'],['Fiona FOTHERINGHAM (SNP)'],['Fiona FOTHERINGHAM (SNP)'],['Fiona FOTHERINGHAM (SNP)'],['Angela FEENEY (Lab)'],['Fiona FOTHERINGHAM (SNP)'],['Fiona FOTHERINGHAM (SNP)'],['Fiona FOTHERINGHAM (SNP)'],['Fiona FOTHERINGHAM (SNP)'],['Fiona FOTHERINGHAM (SNP)'],['Fiona FOTHERINGHAM (SNP)'],['Fiona FOTHERINGHAM (SNP)'],['Fiona FOTHERINGHAM (SNP)'],['Fiona FOTHERINGHAM (SNP)'],['Fiona FOTHERINGHAM (SNP)'],['Fiona FOTHERINGHAM (SNP)'],['Fiona FOTHERINGHAM (SNP)'],['Fiona FOTHERINGHAM (SNP)'],['Fiona FOTHERINGHAM (SNP)'],['Angela FEENEY (Lab)'],['Fiona FOTHERINGHAM (SNP)']
raw_data/scotland/processed_data/n-lanarks17-ballots/Ward18-MotherwellNorth_n-lanarks17-018.csv,4,['Shahid FAROOQ (SNP)'],"[""Pat O'ROURKE (Lab)""]","[""Pat O'ROURKE (Lab)""]","[""Pat O'ROURKE (Lab)""]","[""Pat O'ROURKE (Lab)""]","[""Pat O'ROURKE (Lab)""]","[""Pat O'ROURKE (Lab)""]","[""Pat O'ROURKE (Lab)""]","[""Pat O'ROURKE (Lab)""]","[""Pat O'ROURKE (Lab)""]","[""Pat O'ROURKE (Lab)""]","[""Pat O'ROURKE (Lab)""]","[""Pat O'ROURKE (Lab)""]","[""Pat O'ROURKE (Lab)""]","[""Pat O'ROURKE (Lab)""]",['Shahid FAROOQ (SNP)'],"[""Pat O'ROURKE (Lab)""]","[""Pat O'ROURKE (Lab)""]","[""Pat O'ROURKE (Lab)""]","[""Pat O'ROURKE (Lab)""]","[""Pat O'ROURKE (Lab)""]","[""Pat O'ROURKE (Lab)""]","[""Pat O'ROURKE (Lab)""]","[""Pat O'ROURKE (Lab)""]","[""Pat O'ROURKE (Lab)""]","[""Pat O'ROURKE (Lab)""]","[""Pat O'ROURKE (Lab)""]","[""Pat O'ROURKE (Lab)""]","[""Pat O'ROURKE (Lab)""]","[""Pat O'ROURKE (Lab)""]"
raw_data/scotland/processed_data/n-lanarks17-ballots/Ward13-Fortissat_n-lanarks17-013.csv,5,['Martin MCCULLOCH (Lab)'],['Martin MCCULLOCH (Lab)'],['Martin MCCULLOCH (Lab)'],['Martin MCCULLOCH (Lab)'],['Martin MCCULLOCH (Lab)'],['Martin MCCULLOCH (Lab)'],['Martin MCCULLOCH (Lab)'],['Martin MCCULLOCH (Lab)'],['Martin MCCULLOCH (Lab)'],['Martin MCCULLOCH (Lab)'],['Martin MCCULLOCH (Lab)'],['Martin MCCULLOCH (Lab)'],['Martin MCCULLOCH (Lab)'],['Martin MCCULLOCH (Lab)'],['Martin MCCULLOCH (Lab)'],['Martin MCCULLOCH (Lab)'],['Martin MCCULLOCH (Lab)'],['Martin MCCULLOCH (Lab)'],['Martin MCCULLOCH (Lab)'],['Martin MCCULLOCH (Lab)'],['Martin MCCULLOCH (Lab)'],['Martin MCCULLOCH (Lab)'],['Martin MCCULLOCH (Lab)'],['Martin MCCULLOCH (Lab)'],['Martin MCCULLOCH (Lab)'],['Martin MCCULLOCH (Lab)'],['Martin MCCULLOCH (Lab)'],['Martin MCCULLOCH (Lab)'],['Martin MCCULLOCH (Lab)'],['Martin MCCULLOCH (Lab)']
raw_data/scotland/processed_data/n-lanarks17-ballots/Ward3-CumbernauldSouth_n-lanarks17-003.csv,6,['William GOLDIE (SNP)'],['William GOLDIE (SNP)'],['William GOLDIE (SNP)'],['William GOLDIE (SNP)'],['William GOLDIE (SNP)'],['William GOLDIE (SNP)'],['William GOLDIE (SNP)'],['William GOLDIE (SNP)'],['William GOLDIE (SNP)'],['William GOLDIE (SNP)'],['William GOLDIE (SNP)'],['William GOLDIE (SNP)'],['William GOLDIE (SNP)'],['William GOLDIE (SNP)'],['William GOLDIE (SNP)'],['William GOLDIE (SNP)'],['William GOLDIE (SNP)'],['William GOLDIE (SNP)'],['William GOLDIE (SNP)'],['William GOLDIE (SNP)'],['William GOLDIE (SNP)'],['William GOLDIE (SNP)'],['William GOLDIE (SNP)'],['William GOLDIE (SNP)'],['William GOLDIE (SNP)'],['William GOLDIE (SNP)'],['William GOLDIE (SNP)'],['William GOLDIE (SNP)'],['William GOLDIE (SNP)'],['William GOLDIE (SNP)']
raw_data/scotland/processed_data/n-lanarks17-ballots/Ward19-MotherwellSouthEastandRavenscraig_n-lanarks17-019.csv,10,['Agnes Duncan MAGOWAN (SNP)'],['Agnes Duncan MAGOWAN (SNP)'],['Agnes Duncan MAGOWAN (SNP)'],['Agnes Duncan MAGOWAN (SNP)'],['Agnes Duncan MAGOWAN (SNP)'],['Agnes Duncan MAGOWAN (SNP)'],['Agnes Duncan MAGOWAN (SNP)'],['Agnes Duncan MAGOWAN (SNP)'],['Agnes Duncan MAGOWAN (SNP)'],['Agnes Duncan MAGOWAN (SNP)'],['Agnes Duncan MAGOWAN (SNP)'],['Agnes Duncan MAGOWAN (SNP)'],['Agnes Duncan MAGOWAN (SNP)'],['Agnes Duncan MAGOWAN (SNP)'],['Agnes Duncan MAGOWAN (SNP)'],['Agnes Duncan MAGOWAN (SNP)'],['Agnes Duncan MAGOWAN (SNP)'],['Agnes Duncan MAGOWAN (SNP)'],['Agnes Duncan MAGOWAN (SNP)'],['Agnes Duncan MAGOWAN (SNP)'],['Agnes Duncan MAGOWAN (SNP)'],['Agnes Duncan MAGOWAN (SNP)'],['Agnes Duncan MAGOWAN (SNP)'],['Agnes Duncan MAGOWAN (SNP)'],['Agnes Duncan MAGOWAN (SNP)'],['Agnes Duncan MAGOWAN (SNP)'],['Agnes Duncan MAGOWAN (SNP)'],['Agnes Duncan MAGOWAN (SNP)'],['Agnes Duncan MAGOWAN (SNP)'],['Agnes Duncan MAGOWAN (SNP)']
raw_data/scotland/processed_data/n-lanarks17-ballots/Ward4-CumbernauldEast_n-lanarks17-004.csv,5,['Claire BARCLAY (SNP)'],['Claire BARCLAY (SNP)'],['Claire BARCLAY (SNP)'],['Claire BARCLAY (SNP)'],['Claire BARCLAY (SNP)'],['Claire BARCLAY (SNP)'],['Claire BARCLAY (SNP)'],['Claire BARCLAY (SNP)'],['Claire BARCLAY (SNP)'],['Claire BARCLAY (SNP)'],['Claire BARCLAY (SNP)'],['Claire BARCLAY (SNP)'],['Claire BARCLAY (SNP)'],['Claire BARCLAY (SNP)'],['Claire BARCLAY (SNP)'],['Claire BARCLAY (SNP)'],['Claire BARCLAY (SNP)'],['Claire BARCLAY (SNP)'],['Claire BARCLAY (SNP)'],['Claire BARCLAY (SNP)'],['Claire BARCLAY (SNP)'],['Claire BARCLAY (SNP)'],['Claire BARCLAY (SNP)'],['Claire BARCLAY (SNP)'],['Claire BARCLAY (SNP)'],['Claire BARCLAY (SNP)'],['Claire BARCLAY (SNP)'],['Claire BARCLAY (SNP)'],['Claire BARCLAY (SNP)'],['Claire BARCLAY (SNP)']
raw_data/scotland/processed_data/n-lanarks17-ballots/Ward9-AirdrieCentral_n-lanarks17-009.csv,6,['David STOCKS (SNP)'],['Jim LOGUE (Lab)'],['Jim LOGUE (Lab)'],['Jim LOGUE (Lab)'],['Jim LOGUE (Lab)'],['Jim LOGUE (Lab)'],['Jim LOGUE (Lab)'],['Jim LOGUE (Lab)'],['Jim LOGUE (Lab)'],['Jim LOGUE (Lab)'],['Jim LOGUE (Lab)'],['Jim LOGUE (Lab)'],['Jim LOGUE (Lab)'],['Jim LOGUE (Lab)'],['Jim LOGUE (Lab)'],['David STOCKS (SNP)'],['Jim LOGUE (Lab)'],['Jim LOGUE (Lab)'],['Jim LOGUE (Lab)'],['Jim LOGUE (Lab)'],['Jim LOGUE (Lab)'],['Jim LOGUE (Lab)'],['Jim LOGUE (Lab)'],['Jim LOGUE (Lab)'],['Jim LOGUE (Lab)'],['Jim LOGUE (Lab)'],['Jim LOGUE (Lab)'],['Jim LOGUE (Lab)'],['Jim LOGUE (Lab)'],['Jim LOGUE (Lab)']
"raw_data/scotland/processed_data/n-lanarks17-ballots/Ward6-Gartcosh,GlenboigandMoodiesburn_n-lanarks17-006.csv",5,['Willie DOOLAN (Lab)'],['Willie DOOLAN (Lab)'],['Willie DOOLAN (Lab)'],['Willie DOOLAN (Lab)'],['Willie DOOLAN (Lab)'],['Willie DOOLAN (Lab)'],['Willie DOOLAN (Lab)'],['Willie DOOLAN (Lab)'],['Willie DOOLAN (Lab)'],['Willie DOOLAN (Lab)'],['Willie DOOLAN (Lab)'],['Willie DOOLAN (Lab)'],['Willie DOOLAN (Lab)'],['Willie DOOLAN (Lab)'],['Willie DOOLAN (Lab)'],['Willie DOOLAN (Lab)'],['Willie DOOLAN (Lab)'],['Willie DOOLAN (Lab)'],['Willie DOOLAN (Lab)'],['Willie DOOLAN (Lab)'],['Willie DOOLAN (Lab)'],['Willie DOOLAN (Lab)'],['Willie DOOLAN (Lab)'],['Willie DOOLAN (Lab)'],['Willie DOOLAN (Lab)'],['Willie DOOLAN (Lab)'],['Willie DOOLAN (Lab)'],['Willie DOOLAN (Lab)'],['Willie DOOLAN (Lab)'],['Willie DOOLAN (Lab)']
raw_data/scotland/processed_data/n-lanarks17-ballots/Ward8-AirdrieNorth_n-lanarks17-008.csv,6,['Tommy MORGAN (Lab)'],['Tommy MORGAN (Lab)'],['Tommy MORGAN (Lab)'],['Tommy MORGAN (Lab)'],['Tommy MORGAN (Lab)'],['Tommy MORGAN (Lab)'],['Tommy MORGAN (Lab)'],['Tommy MORGAN (Lab)'],['Tommy MORGAN (Lab)'],['Tommy MORGAN (Lab)'],['Tommy MORGAN (Lab)'],['Tommy MORGAN (Lab)'],['Tommy MORGAN (Lab)'],['Tommy MORGAN (Lab)'],['Tommy MORGAN (Lab)'],['Tommy MORGAN (Lab)'],['Tommy MORGAN (Lab)'],['Tommy MORGAN (Lab)'],['Tommy MORGAN (Lab)'],['Tommy MORGAN (Lab)'],['Tommy MORGAN (Lab)'],['Tommy MORGAN (Lab)'],['Tommy MORGAN (Lab)'],['Tommy MORGAN (Lab)'],['Tommy MORGAN (Lab)'],['Tommy MORGAN (Lab)'],['Tommy MORGAN (Lab)'],['Tommy MORGAN (Lab)'],['Tommy MORGAN (Lab)'],['Tommy MORGAN (Lab)']
raw_data/scotland/processed_data/n-lanarks17-ballots/Ward1-Kilsyth_n-lanarks17-001.csv,5,['Jean JONES (Lab)'],['Jean JONES (Lab)'],['Jean JONES (Lab)'],['Jean JONES (Lab)'],['Jean JONES (Lab)'],['Jean JONES (Lab)'],['Jean JONES (Lab)'],['Jean JONES (Lab)'],['Jean JONES (Lab)'],['Jean JONES (Lab)'],['Jean JONES (Lab)'],['Jean JONES (Lab)'],['Jean JONES (Lab)'],['Jean JONES (Lab)'],['Jean JONES (Lab)'],['Jean JONES (Lab)'],['Jean JONES (Lab)'],['Jean JONES (Lab)'],['Jean JONES (Lab)'],['Jean JONES (Lab)'],['Jean JONES (Lab)'],['Jean JONES (Lab)'],['Jean JONES (Lab)'],['Jean JONES (Lab)'],['Jean JONES (Lab)'],['Jean JONES (Lab)'],['Jean JONES (Lab)'],['Jean JONES (Lab)'],['Jean JONES (Lab)'],['Jean JONES (Lab)']
raw_data/scotland/processed_data/n-lanarks17-ballots/Ward10-CoatbridgeWest_n-lanarks17-010.csv,3,['Kevin DOCHERTY (Lab)'],['Kevin DOCHERTY (Lab)'],['Kevin DOCHERTY (Lab)'],['Kevin DOCHERTY (Lab)'],['Kevin DOCHERTY (Lab)'],['Kevin DOCHERTY (Lab)'],['Kevin DOCHERTY (Lab)'],['Kevin DOCHERTY (Lab)'],['Kevin DOCHERTY (Lab)'],['Kevin DOCHERTY (Lab)'],['Kevin DOCHERTY (Lab)'],['Kevin DOCHERTY (Lab)'],['Kevin DOCHERTY (Lab)'],['Kevin DOCHERTY (Lab)'],['Kevin DOCHERTY (Lab)'],['Kevin DOCHERTY (Lab)'],['Kevin DOCHERTY (Lab)'],['Kevin DOCHERTY (Lab)'],['Kevin DOCHERTY (Lab)'],['Kevin DOCHERTY (Lab)'],['Kevin DOCHERTY (Lab)'],['Kevin DOCHERTY (Lab)'],['Kevin DOCHERTY (Lab)'],['Kevin DOCHERTY (Lab)'],['Kevin DOCHERTY (Lab)'],['Kevin DOCHERTY (Lab)'],['Kevin DOCHERTY (Lab)'],['Kevin DOCHERTY (Lab)'],['Kevin DOCHERTY (Lab)'],['Kevin DOCHERTY (Lab)']
raw_data/scotland/processed_data/n-lanarks17-ballots/Ward7-CoatbridgeNorth_n-lanarks17-007.csv,6,['Kirsten LARSON (SNP)'],['Alex MCVEY (Lab)'],['Alex MCVEY (Lab)'],['Alex MCVEY (Lab)'],['Kirsten LARSON (SNP)'],['Alex MCVEY (Lab)'],['Alex MCVEY (Lab)'],['Alex MCVEY (Lab)'],['Alex MCVEY (Lab)'],['Alex MCVEY (Lab)'],['Alex MCVEY (Lab)'],['Alex MCVEY (Lab)'],['Alex MCVEY (Lab)'],['Alex MCVEY (Lab)'],['Alex MCVEY (Lab)'],['Kirsten LARSON (SNP)'],['Alex MCVEY (Lab)'],['Alex MCVEY (Lab)'],['Alex MCVEY (Lab)'],['Alex MCVEY (Lab)'],['Alex MCVEY (Lab)'],['Alex MCVEY (Lab)'],['Alex MCVEY (Lab)'],['Alex MCVEY (Lab)'],['Alex MCVEY (Lab)'],['Alex MCVEY (Lab)'],['Alex MCVEY (Lab)'],['Alex MCVEY (Lab)'],['Alex MCVEY (Lab)'],['Alex MCVEY (Lab)']
raw_data/scotland/processed_data/n-lanarks17-ballots/Ward20-Murdostoun_n-lanarks17-020.csv,7,['Robert MCKENDRICK (Ind)'],['Robert MCKENDRICK (Ind)'],['Robert MCKENDRICK (Ind)'],['Robert MCKENDRICK (Ind)'],['Robert MCKENDRICK (Ind)'],['Robert MCKENDRICK (Ind)'],['Robert MCKENDRICK (Ind)'],['Robert MCKENDRICK (Ind)'],['Robert MCKENDRICK (Ind)'],['Robert MCKENDRICK (Ind)'],['Robert MCKENDRICK (Ind)'],['Robert MCKENDRICK (Ind)'],['Robert MCKENDRICK (Ind)'],['Robert MCKENDRICK (Ind)'],['Robert MCKENDRICK (Ind)'],['Robert MCKENDRICK (Ind)'],['Robert MCKENDRICK (Ind)'],['Robert MCKENDRICK (Ind)'],['Robert MCKENDRICK (Ind)'],['Robert MCKENDRICK (Ind)'],['Robert MCKENDRICK (Ind)'],['Robert MCKENDRICK (Ind)'],['Robert MCKENDRICK (Ind)'],['Robert MCKENDRICK (Ind)'],['Robert MCKENDRICK (Ind)'],['Robert MCKENDRICK (Ind)'],['Robert MCKENDRICK (Ind)'],['Robert MCKENDRICK (Ind)'],['Robert MCKENDRICK (Ind)'],['Robert MCKENDRICK (Ind)']
raw_data/scotland/processed_data/n-lanarks17-ballots/Ward2-CumbernauldNorth_n-lanarks17-002.csv,8,['Alan MASTERTON (SNP)'],['Alan MASTERTON (SNP)'],['Alan MASTERTON (SNP)'],['Alan MASTERTON (SNP)'],['Alan MASTERTON (SNP)'],['Alan MASTERTON (SNP)'],['Alan MASTERTON (SNP)'],['Alan MASTERTON (SNP)'],['Alan MASTERTON (SNP)'],['Alan MASTERTON (SNP)'],['Alan MASTERTON (SNP)'],['Alan MASTERTON (SNP)'],['Alan MASTERTON (SNP)'],['Alan MASTERTON (SNP)'],['Alan MASTERTON (SNP)'],['Alan MASTERTON (SNP)'],['Alan MASTERTON (SNP)'],['Alan MASTERTON (SNP)'],['Alan MASTERTON (SNP)'],['Alan MASTERTON (SNP)'],['Alan MASTERTON (SNP)'],['Alan MASTERTON (SNP)'],['Alan MASTERTON (SNP)'],['Alan MASTERTON (SNP)'],['Alan MASTERTON (SNP)'],['Alan MASTERTON (SNP)'],['Alan MASTERTON (SNP)'],['Alan MASTERTON (SNP)'],['Alan MASTERTON (SNP)'],['Alan MASTERTON (SNP)']
raw_data/scotland/processed_data/n-lanarks17-ballots/Ward12-AirdrieSouth_n-lanarks17-012.csv,6,['MICHAEL COYLE (SNP)'],['MICHAEL COYLE (SNP)'],['MICHAEL COYLE (SNP)'],['MICHAEL COYLE (SNP)'],['MICHAEL COYLE (SNP)'],['MICHAEL COYLE (SNP)'],['MICHAEL COYLE (SNP)'],['MICHAEL COYLE (SNP)'],['MICHAEL COYLE (SNP)'],['MICHAEL COYLE (SNP)'],['MICHAEL COYLE (SNP)'],['MICHAEL COYLE (SNP)'],['MICHAEL COYLE (SNP)'],['Ian MCNEIL (Lab)'],['MICHAEL COYLE (SNP)'],['MICHAEL COYLE (SNP)'],['MICHAEL COYLE (SNP)'],['MICHAEL COYLE (SNP)'],['MICHAEL COYLE (SNP)'],['MICHAEL COYLE (SNP)'],['MICHAEL COYLE (SNP)'],['MICHAEL COYLE (SNP)'],['MICHAEL COYLE (SNP)'],['MICHAEL COYLE (SNP)'],['MICHAEL COYLE (SNP)'],['MICHAEL COYLE (SNP)'],['MICHAEL COYLE (SNP)'],['MICHAEL COYLE (SNP)'],['Ian MCNEIL (Lab)'],['MICHAEL COYLE (SNP)']
raw_data/scotland/processed_data/n-lanarks17-ballots/Ward15-Bellshill_n-lanarks17-015.csv,5,['Harry CURRAN (Lab)'],['Harry CURRAN (Lab)'],['Harry CURRAN (Lab)'],['Harry CURRAN (Lab)'],['Harry CURRAN (Lab)'],['Harry CURRAN (Lab)'],['Harry CURRAN (Lab)'],['Harry CURRAN (Lab)'],['Harry CURRAN (Lab)'],['Harry CURRAN (Lab)'],['Harry CURRAN (Lab)'],['Harry CURRAN (Lab)'],['Harry CURRAN (Lab)'],['Harry CURRAN (Lab)'],['Harry CURRAN (Lab)'],['Harry CURRAN (Lab)'],['Harry CURRAN (Lab)'],['Harry CURRAN (Lab)'],['Harry CURRAN (Lab)'],['Harry CURRAN (Lab)'],['Harry CURRAN (Lab)'],['Harry CURRAN (Lab)'],['Harry CURRAN (Lab)'],['Harry CURRAN (Lab)'],['Harry CURRAN (Lab)'],['Harry CURRAN (Lab)'],['Harry CURRAN (Lab)'],['Harry CURRAN (Lab)'],['Harry CURRAN (Lab)'],['Harry CURRAN (Lab)']
raw_data/scotland/processed_data/n-lanarks17-ballots/Ward14-Thorniewood_n-lanarks17-014.csv,3,['Bob BURROWS (Lab)'],['Bob BURROWS (Lab)'],['Bob BURROWS (Lab)'],['Bob BURROWS (Lab)'],['Bob BURROWS (Lab)'],['Bob BURROWS (Lab)'],['Bob BURROWS (Lab)'],['Bob BURROWS (Lab)'],['Bob BURROWS (Lab)'],['Bob BURROWS (Lab)'],['Bob BURROWS (Lab)'],['Bob BURROWS (Lab)'],['Bob BURROWS (Lab)'],['Bob BURROWS (Lab)'],['Bob BURROWS (Lab)'],['Bob BURROWS (Lab)'],['Bob BURROWS (Lab)'],['Bob BURROWS (Lab)'],['Bob BURROWS (Lab)'],['Bob BURROWS (Lab)'],['Bob BURROWS (Lab)'],['Bob BURROWS (Lab)'],['Bob BURROWS (Lab)'],['Bob BURROWS (Lab)'],['Bob BURROWS (Lab)'],['Bob BURROWS (Lab)'],['Bob BURROWS (Lab)'],['Bob BURROWS (Lab)'],['Bob BURROWS (Lab)'],['Bob BURROWS (Lab)']
raw_data/scotland/processed_data/n-lanarks17-ballots/Ward16-MossendandHolytown_n-lanarks17-016.csv,3,['Frank MCNALLY (Lab)'],['Frank MCNALLY (Lab)'],['Frank MCNALLY (Lab)'],['Frank MCNALLY (Lab)'],['Frank MCNALLY (Lab)'],['Frank MCNALLY (Lab)'],['Frank MCNALLY (Lab)'],['Frank MCNALLY (Lab)'],['Frank MCNALLY (Lab)'],['Frank MCNALLY (Lab)'],['Frank MCNALLY (Lab)'],['Frank MCNALLY (Lab)'],['Frank MCNALLY (Lab)'],['Frank MCNALLY (Lab)'],['Frank MCNALLY (Lab)'],['Frank MCNALLY (Lab)'],['Frank MCNALLY (Lab)'],['Frank MCNALLY (Lab)'],['Frank MCNALLY (Lab)'],['Frank MCNALLY (Lab)'],['Frank MCNALLY (Lab)'],['Frank MCNALLY (Lab)'],['Frank MCNALLY (Lab)'],['Frank MCNALLY (Lab)'],['Frank MCNALLY (Lab)'],['Frank MCNALLY (Lab)'],['Frank MCNALLY (Lab)'],['Frank MCNALLY (Lab)'],['Frank MCNALLY (Lab)'],['Frank MCNALLY (Lab)']
raw_data/scotland/processed_data/highland22/V0001_North_West_and_Central_Sutherland_06052022_161534.csv,7,['Marianne HUTCHISON (SNP)'],['Marianne HUTCHISON (SNP)'],['Marianne HUTCHISON (SNP)'],['Michael BAIRD (LD)'],['Michael BAIRD (LD)'],['Michael BAIRD (LD)'],['Michael BAIRD (LD)'],['Marianne HUTCHISON (SNP)'],['Marianne HUTCHISON (SNP)'],['Marianne HUTCHISON (SNP)'],['Marianne HUTCHISON (SNP)'],['Marianne HUTCHISON (SNP)'],['Marianne HUTCHISON (SNP)'],['Michael BAIRD (LD)'],['Marianne HUTCHISON (SNP)'],['Marianne HUTCHISON (SNP)'],['Marianne HUTCHISON (SNP)'],['Marianne HUTCHISON (SNP)'],['Michael BAIRD (LD)'],['Michael BAIRD (LD)'],['Michael BAIRD (LD)'],['Michael BAIRD (LD)'],['Marianne HUTCHISON (SNP)'],['Marianne HUTCHISON (SNP)'],['Marianne HUTCHISON (SNP)'],['Marianne HUTCHISON (SNP)'],['Marianne HUTCHISON (SNP)'],['Marianne HUTCHISON (SNP)'],['Michael BAIRD (LD)'],['Marianne HUTCHISON (SNP)']
raw_data/scotland/processed_data/highland22/V0001_East_Sutherland_and_Edderton_06052022_161530.csv,5,['Richard GALE (LD)'],['Richard GALE (LD)'],['Richard GALE (LD)'],['Richard GALE (LD)'],['Richard GALE (LD)'],['Richard GALE (LD)'],['Richard GALE (LD)'],['Richard GALE (LD)'],['Richard GALE (LD)'],['Richard GALE (LD)'],['Richard GALE (LD)'],['Richard GALE (LD)'],['Richard GALE (LD)'],['Richard GALE (LD)'],['Richard GALE (LD)'],['Richard GALE (LD)'],['Richard GALE (LD)'],['Richard GALE (LD)'],['Richard GALE (LD)'],['Richard GALE (LD)'],['Richard GALE (LD)'],['Richard GALE (LD)'],['Richard GALE (LD)'],['Richard GALE (LD)'],['Richard GALE (LD)'],['Richard GALE (LD)'],['Richard GALE (LD)'],['Richard GALE (LD)'],['Richard GALE (LD)'],['Richard GALE (LD)']
raw_data/scotland/processed_data/highland22/V0001_Wester_Ross_Strathpeffer_and_Lochalsh_06052022_161539.csv,4,['Liz KRAFT (SNP)'],['Biz CAMPBELL (Ind)'],['Biz CAMPBELL (Ind)'],['Biz CAMPBELL (Ind)'],['Biz CAMPBELL (Ind)'],['Biz CAMPBELL (Ind)'],['Biz CAMPBELL (Ind)'],['Biz CAMPBELL (Ind)'],['Biz CAMPBELL (Ind)'],['Biz CAMPBELL (Ind)'],['Biz CAMPBELL (Ind)'],['Biz CAMPBELL (Ind)'],['Biz CAMPBELL (Ind)'],['Biz CAMPBELL (Ind)'],['Biz CAMPBELL (Ind)'],['Liz KRAFT (SNP)'],['Biz CAMPBELL (Ind)'],['Biz CAMPBELL (Ind)'],['Biz CAMPBELL (Ind)'],['Biz CAMPBELL (Ind)'],['Biz CAMPBELL (Ind)'],['Biz CAMPBELL (Ind)'],['Biz CAMPBELL (Ind)'],['Biz CAMPBELL (Ind)'],['Biz CAMPBELL (Ind)'],['Biz CAMPBELL (Ind)'],['Biz CAMPBELL (Ind)'],['Biz CAMPBELL (Ind)'],['Biz CAMPBELL (Ind)'],['Biz CAMPBELL (Ind)']
raw_data/scotland/processed_data/highland22/PreferenceProfile_V0001_Culloden_and_Ardersier_06052022_161539.csv,7,['Glynis CAMPBELL-SINCLAIR (SNP)'],['Glynis CAMPBELL-SINCLAIR (SNP)'],['Glynis CAMPBELL-SINCLAIR (SNP)'],['Glynis CAMPBELL-SINCLAIR (SNP)'],['Glynis CAMPBELL-SINCLAIR (SNP)'],['Glynis CAMPBELL-SINCLAIR (SNP)'],['Glynis CAMPBELL-SINCLAIR (SNP)'],['Glynis CAMPBELL-SINCLAIR (SNP)'],['Glynis CAMPBELL-SINCLAIR (SNP)'],['Glynis CAMPBELL-SINCLAIR (SNP)'],['Glynis CAMPBELL-SINCLAIR (SNP)'],['Glynis CAMPBELL-SINCLAIR (SNP)'],['Glynis CAMPBELL-SINCLAIR (SNP)'],['Glynis CAMPBELL-SINCLAIR (SNP)'],['Glynis CAMPBELL-SINCLAIR (SNP)'],['Glynis CAMPBELL-SINCLAIR (SNP)'],['Glynis CAMPBELL-SINCLAIR (SNP)'],['Glynis CAMPBELL-SINCLAIR (SNP)'],['Glynis CAMPBELL-SINCLAIR (SNP)'],['Glynis CAMPBELL-SINCLAIR (SNP)'],['Glynis CAMPBELL-SINCLAIR (SNP)'],['Glynis CAMPBELL-SINCLAIR (SNP)'],['Glynis CAMPBELL-SINCLAIR (SNP)'],['Glynis CAMPBELL-SINCLAIR (SNP)'],['Glynis CAMPBELL-SINCLAIR (SNP)'],['Glynis CAMPBELL-SINCLAIR (SNP)'],['Glynis CAMPBELL-SINCLAIR (SNP)'],['Glynis CAMPBELL-SINCLAIR (SNP)'],['Glynis CAMPBELL-SINCLAIR (SNP)'],['Glynis CAMPBELL-SINCLAIR (SNP)']
raw_data/scotland/processed_data/highland22/PreferenceProfile_V0001_Inverness_South_06052022_161540.csv,7,['Ken GOWANS (SNP)'],['Ken GOWANS (SNP)'],['Ken GOWANS (SNP)'],['Duncan MACPHERSON (Ind)'],['Ken GOWANS (SNP)'],['Duncan MACPHERSON (Ind)'],['Ken GOWANS (SNP)'],['Ken GOWANS (SNP)'],['Ken GOWANS (SNP)'],['Ken GOWANS (SNP)'],['Ken GOWANS (SNP)'],['Ken GOWANS (SNP)'],['Ken GOWANS (SNP)'],['Duncan MACPHERSON (Ind)'],['Ken GOWANS (SNP)'],['Ken GOWANS (SNP)'],['Ken GOWANS (SNP)'],['Ken GOWANS (SNP)'],['Ken GOWANS (SNP)'],['Duncan MACPHERSON (Ind)'],['Duncan MACPHERSON (Ind)'],['Duncan MACPHERSON (Ind)'],['Ken GOWANS (SNP)'],['Ken GOWANS (SNP)'],['Ken GOWANS (SNP)'],['Ken GOWANS (SNP)'],['Ken GOWANS (SNP)'],['Ken GOWANS (SNP)'],['Duncan MACPHERSON (Ind)'],['Ken GOWANS (SNP)']
raw_data/scotland/processed_data/highland22/PreferenceProfile_V0001_Inverness_West_06052022_161539.csv,9,['Alex GRAHAM (LD)'],['Alex GRAHAM (LD)'],['Alex GRAHAM (LD)'],['Alex GRAHAM (LD)'],['Alex GRAHAM (LD)'],['Alex GRAHAM (LD)'],['Alex GRAHAM (LD)'],['Alex GRAHAM (LD)'],['Alex GRAHAM (LD)'],['Alex GRAHAM (LD)'],['Alex GRAHAM (LD)'],['Alex GRAHAM (LD)'],['Alex GRAHAM (LD)'],['Alex GRAHAM (LD)'],['Alex GRAHAM (LD)'],['Alex GRAHAM (LD)'],['Alex GRAHAM (LD)'],['Alex GRAHAM (LD)'],['Alex GRAHAM (LD)'],['Alex GRAHAM (LD)'],['Alex GRAHAM (LD)'],['Alex GRAHAM (LD)'],['Alex GRAHAM (LD)'],['Alex GRAHAM (LD)'],['Alex GRAHAM (LD)'],['Alex GRAHAM (LD)'],['Alex GRAHAM (LD)'],['Alex GRAHAM (LD)'],['Alex GRAHAM (LD)'],['Alex GRAHAM (LD)']
raw_data/scotland/processed_data/highland22/PreferenceProfile_V0001_Aird_and_Loch_Ness_06052022_161539.csv,7,['Emma KNOX (SNP)'],['David FRASER (Ind)'],['David FRASER (Ind)'],['David FRASER (Ind)'],['David FRASER (Ind)'],['David FRASER (Ind)'],['David FRASER (Ind)'],['David FRASER (Ind)'],['David FRASER (Ind)'],['David FRASER (Ind)'],['David FRASER (Ind)'],['David FRASER (Ind)'],['David FRASER (Ind)'],['David FRASER (Ind)'],['David FRASER (Ind)'],['David FRASER (Ind)'],['David FRASER (Ind)'],['David FRASER (Ind)'],['David FRASER (Ind)'],['David FRASER (Ind)'],['David FRASER (Ind)'],['David FRASER (Ind)'],['David FRASER (Ind)'],['David FRASER (Ind)'],['David FRASER (Ind)'],['David FRASER (Ind)'],['David FRASER (Ind)'],['David FRASER (Ind)'],['David FRASER (Ind)'],['David FRASER (Ind)']
raw_data/scotland/processed_data/highland22/PreferenceProfile_V0001_Nairn_and_Cawdor_06052022_161539.csv,8,['Paul OLDHAM (SNP)'],['Laurie FRASER (Ind)'],['Laurie FRASER (Ind)'],['Laurie FRASER (Ind)'],['Laurie FRASER (Ind)'],['Laurie FRASER (Ind)'],['Laurie FRASER (Ind)'],['Laurie FRASER (Ind)'],['Laurie FRASER (Ind)'],['Laurie FRASER (Ind)'],['Laurie FRASER (Ind)'],['Laurie FRASER (Ind)'],['Laurie FRASER (Ind)'],['Laurie FRASER (Ind)'],['Laurie FRASER (Ind)'],['Paul OLDHAM (SNP)'],['Laurie FRASER (Ind)'],['Laurie FRASER (Ind)'],['Laurie FRASER (Ind)'],['Laurie FRASER (Ind)'],['Laurie FRASER (Ind)'],['Laurie FRASER (Ind)'],['Laurie FRASER (Ind)'],['Laurie FRASER (Ind)'],['Laurie FRASER (Ind)'],['Laurie FRASER (Ind)'],['Laurie FRASER (Ind)'],['Laurie FRASER (Ind)'],['Laurie FRASER (Ind)'],['Laurie FRASER (Ind)']
raw_data/scotland/processed_data/highland22/PreferenceProfile_V0001_Badenoch_and_Strathspey_06052022_161540.csv,7,['Russell JONES (Ind)'],['Russell JONES (Ind)'],['Russell JONES (Ind)'],['Russell JONES (Ind)'],['Russell JONES (Ind)'],['Russell JONES (Ind)'],['Russell JONES (Ind)'],['Russell JONES (Ind)'],['Russell JONES (Ind)'],['Russell JONES (Ind)'],['Russell JONES (Ind)'],['Russell JONES (Ind)'],['Russell JONES (Ind)'],['Russell JONES (Ind)'],['Russell JONES (Ind)'],['Russell JONES (Ind)'],['Russell JONES (Ind)'],['Russell JONES (Ind)'],['Russell JONES (Ind)'],['Russell JONES (Ind)'],['Russell JONES (Ind)'],['Russell JONES (Ind)'],['Russell JONES (Ind)'],['Russell JONES (Ind)'],['Russell JONES (Ind)'],['Russell JONES (Ind)'],['Russell JONES (Ind)'],['Russell JONES (Ind)'],['Russell JONES (Ind)'],['Russell JONES (Ind)']
raw_data/scotland/processed_data/highland22/BlackIsle_PreferenceProfile_V0001_Black_Isle_06052022_161539.csv,8,['Lyndsey JOHNSTON (SNP)'],['Morven-May MACCALLUM (LD)'],['Morven-May MACCALLUM (LD)'],['Morven-May MACCALLUM (LD)'],['Morven-May MACCALLUM (LD)'],['Morven-May MACCALLUM (LD)'],['Lyndsey JOHNSTON (SNP)'],['Morven-May MACCALLUM (LD)'],['Morven-May MACCALLUM (LD)'],['Morven-May MACCALLUM (LD)'],['Morven-May MACCALLUM (LD)'],['Morven-May MACCALLUM (LD)'],['Morven-May MACCALLUM (LD)'],['Morven-May MACCALLUM (LD)'],['Morven-May MACCALLUM (LD)'],['Lyndsey JOHNSTON (SNP)'],['Morven-May MACCALLUM (LD)'],['Sarah ATKIN (Ind)'],['Morven-May MACCALLUM (LD)'],['Morven-May MACCALLUM (LD)'],['Morven-May MACCALLUM (LD)'],['Morven-May MACCALLUM (LD)'],['Morven-May MACCALLUM (LD)'],['Morven-May MACCALLUM (LD)'],['Morven-May MACCALLUM (LD)'],['Morven-May MACCALLUM (LD)'],['Morven-May MACCALLUM (LD)'],['Morven-May MACCALLUM (LD)'],['Morven-May MACCALLUM (LD)'],['Morven-May MACCALLUM (LD)']
raw_data/scotland/processed_data/highland22/PreferenceProfile_V0001_Cromarty_Firth_06052022_161538.csv,9,['Tamala COLLIER (SNP)'],['Molly NOLAN (LD)'],['Molly NOLAN (LD)'],['Molly NOLAN (LD)'],['Pauline MUNRO (Ind)'],['Molly NOLAN (LD)'],['Molly NOLAN (LD)'],['Molly NOLAN (LD)'],['Molly NOLAN (LD)'],['Molly NOLAN (LD)'],['Molly NOLAN (LD)'],['Molly NOLAN (LD)'],['Molly NOLAN (LD)'],['Molly NOLAN (LD)'],['Molly NOLAN (LD)'],['Molly NOLAN (LD)'],['Molly NOLAN (LD)'],['Molly NOLAN (LD)'],['Molly NOLAN (LD)'],['Pauline MUNRO (Ind)'],['Molly NOLAN (LD)'],['Molly NOLAN (LD)'],['Molly NOLAN (LD)'],['Molly NOLAN (LD)'],['Molly NOLAN (LD)'],['Molly NOLAN (LD)'],['Molly NOLAN (LD)'],['Molly NOLAN (LD)'],['Pauline MUNRO (Ind)'],['Molly NOLAN (LD)']
raw_data/scotland/processed_data/highland22/PreferenceProfile_V0001_Inverness_Millburn_06052022_161539.csv,4,['Ian BROWN (SNP)'],['David GREGG (LD)'],['David GREGG (LD)'],['David GREGG (LD)'],['David GREGG (LD)'],['David GREGG (LD)'],['David GREGG (LD)'],['David GREGG (LD)'],['David GREGG (LD)'],['David GREGG (LD)'],['David GREGG (LD)'],['David GREGG (LD)'],['David GREGG (LD)'],['David GREGG (LD)'],['David GREGG (LD)'],['Ian BROWN (SNP)'],['David GREGG (LD)'],['David GREGG (LD)'],['David GREGG (LD)'],['David GREGG (LD)'],['David GREGG (LD)'],['David GREGG (LD)'],['David GREGG (LD)'],['David GREGG (LD)'],['David GREGG (LD)'],['David GREGG (LD)'],['David GREGG (LD)'],['David GREGG (LD)'],['David GREGG (LD)'],['David GREGG (LD)']
raw_data/scotland/processed_data/highland22/V0001_Thurso_and_Northwest_Caithness_06052022_161528.csv,6,['Ron GUNN (LD)'],['Ron GUNN (LD)'],['Ron GUNN (LD)'],['Ron GUNN (LD)'],['Ron GUNN (LD)'],['Ron GUNN (LD)'],['Ron GUNN (LD)'],['Ron GUNN (LD)'],['Ron GUNN (LD)'],['Ron GUNN (LD)'],['Ron GUNN (LD)'],['Ron GUNN (LD)'],['Ron GUNN (LD)'],['Ron GUNN (LD)'],['Ron GUNN (LD)'],['Ron GUNN (LD)'],['Ron GUNN (LD)'],['Ron GUNN (LD)'],['Ron GUNN (LD)'],['Ron GUNN (LD)'],['Ron GUNN (LD)'],['Ron GUNN (LD)'],['Ron GUNN (LD)'],['Ron GUNN (LD)'],['Ron GUNN (LD)'],['Ron GUNN (LD)'],['Ron GUNN (LD)'],['Ron GUNN (LD)'],['Ron GUNN (LD)'],['Ron GUNN (LD)']
raw_data/scotland/processed_data/highland22/PreferenceProfile_V0001_Inverness_Central_06052022_161539.csv,9,['Kate MACLEAN (SNP)'],['Kate MACLEAN (SNP)'],['Kate MACLEAN (SNP)'],['Kate MACLEAN (SNP)'],['Kate MACLEAN (SNP)'],['Kate MACLEAN (SNP)'],['Kate MACLEAN (SNP)'],['Kate MACLEAN (SNP)'],['Kate MACLEAN (SNP)'],['Kate MACLEAN (SNP)'],['Kate MACLEAN (SNP)'],['Kate MACLEAN (SNP)'],['Kate MACLEAN (SNP)'],['Kate MACLEAN (SNP)'],['Kate MACLEAN (SNP)'],['Kate MACLEAN (SNP)'],['Kate MACLEAN (SNP)'],['Kate MACLEAN (SNP)'],['Kate MACLEAN (SNP)'],['Kate MACLEAN (SNP)'],['Kate MACLEAN (SNP)'],['Kate MACLEAN (SNP)'],['Kate MACLEAN (SNP)'],['Kate MACLEAN (SNP)'],['Kate MACLEAN (SNP)'],['Kate MACLEAN (SNP)'],['Kate MACLEAN (SNP)'],['Kate MACLEAN (SNP)'],['Kate MACLEAN (SNP)'],['Kate MACLEAN (SNP)']
raw_data/scotland/processed_data/highland22/PreferenceProfile_V0001_Wick_and_East_Caithness_06052022_161532.csv,6,['Jan MCEWAN (LD)'],['Jan MCEWAN (LD)'],['Jan MCEWAN (LD)'],['Jan MCEWAN (LD)'],['Jan MCEWAN (LD)'],['Jan MCEWAN (LD)'],['Jan MCEWAN (LD)'],['Jan MCEWAN (LD)'],['Jan MCEWAN (LD)'],['Jan MCEWAN (LD)'],['Jan MCEWAN (LD)'],['Jan MCEWAN (LD)'],['Jan MCEWAN (LD)'],['Jan MCEWAN (LD)'],['Jan MCEWAN (LD)'],['Jan MCEWAN (LD)'],['Jan MCEWAN (LD)'],['Jan MCEWAN (LD)'],['Jan MCEWAN (LD)'],['Jan MCEWAN (LD)'],['Jan MCEWAN (LD)'],['Jan MCEWAN (LD)'],['Jan MCEWAN (LD)'],['Jan MCEWAN (LD)'],['Jan MCEWAN (LD)'],['Jan MCEWAN (LD)'],['Jan MCEWAN (LD)'],['Jan MCEWAN (LD)'],['Jan MCEWAN (LD)'],['Jan MCEWAN (LD)']
raw_data/scotland/processed_data/highland22/PreferenceProfile_V0001_Eilean_a__Che___06052022_161539.csv,9,['John FINLAYSON (Ind)'],['John FINLAYSON (Ind)'],['John FINLAYSON (Ind)'],['John FINLAYSON (Ind)'],['John FINLAYSON (Ind)'],['John FINLAYSON (Ind)'],['John FINLAYSON (Ind)'],['John FINLAYSON (Ind)'],['John FINLAYSON (Ind)'],['John FINLAYSON (Ind)'],['John FINLAYSON (Ind)'],['John FINLAYSON (Ind)'],['John FINLAYSON (Ind)'],['John FINLAYSON (Ind)'],['John FINLAYSON (Ind)'],['John FINLAYSON (Ind)'],['John FINLAYSON (Ind)'],['John FINLAYSON (Ind)'],['John FINLAYSON (Ind)'],['John FINLAYSON (Ind)'],['John FINLAYSON (Ind)'],['John FINLAYSON (Ind)'],['John FINLAYSON (Ind)'],['John FINLAYSON (Ind)'],['John FINLAYSON (Ind)'],['John FINLAYSON (Ind)'],['John FINLAYSON (Ind)'],['John FINLAYSON (Ind)'],['John FINLAYSON (Ind)'],['John FINLAYSON (Ind)']
raw_data/scotland/processed_data/highland22/V0001_Fort_William_and_Ardnamurchan_06052022_161540.csv,5,['Angus MACDONALD (LD)'],['Angus MACDONALD (LD)'],['Angus MACDONALD (LD)'],['Angus MACDONALD (LD)'],['Angus MACDONALD (LD)'],['Angus MACDONALD (LD)'],['Angus MACDONALD (LD)'],['Angus MACDONALD (LD)'],['Angus MACDONALD (LD)'],['Angus MACDONALD (LD)'],['Angus MACDONALD (LD)'],['Angus MACDONALD (LD)'],['Angus MACDONALD (LD)'],['Angus MACDONALD (LD)'],['Angus MACDONALD (LD)'],['Angus MACDONALD (LD)'],['Angus MACDONALD (LD)'],['Angus MACDONALD (LD)'],['Angus MACDONALD (LD)'],['Angus MACDONALD (LD)'],['Angus MACDONALD (LD)'],['Angus MACDONALD (LD)'],['Angus MACDONALD (LD)'],['Angus MACDONALD (LD)'],['Angus MACDONALD (LD)'],['Angus MACDONALD (LD)'],['Angus MACDONALD (LD)'],['Angus MACDONALD (LD)'],['Angus MACDONALD (LD)'],['Angus MACDONALD (LD)']
raw_data/scotland/processed_data/highland22/PreferenceProfile_V0001_Dingwall_and_Seaforth_06052022_161539.csv,7,['Graham Alexander MACKENZIE (SNP)'],['Graham Alexander MACKENZIE (SNP)'],['Graham Alexander MACKENZIE (SNP)'],['Graham Alexander MACKENZIE (SNP)'],['Graham Alexander MACKENZIE (SNP)'],['Graham Alexander MACKENZIE (SNP)'],['Graham Alexander MACKENZIE (SNP)'],['Graham Alexander MACKENZIE (SNP)'],['Graham Alexander MACKENZIE (SNP)'],['Graham Alexander MACKENZIE (SNP)'],['Graham Alexander MACKENZIE (SNP)'],['Graham Alexander MACKENZIE (SNP)'],['Graham Alexander MACKENZIE (SNP)'],['Margaret PATERSON (Ind)'],['Graham Alexander MACKENZIE (SNP)'],['Graham Alexander MACKENZIE (SNP)'],['Graham Alexander MACKENZIE (SNP)'],['Graham Alexander MACKENZIE (SNP)'],['Graham Alexander MACKENZIE (SNP)'],['Graham Alexander MACKENZIE (SNP)'],['Graham Alexander MACKENZIE (SNP)'],['Graham Alexander MACKENZIE (SNP)'],['Graham Alexander MACKENZIE (SNP)'],['Graham Alexander MACKENZIE (SNP)'],['Graham Alexander MACKENZIE (SNP)'],['Graham Alexander MACKENZIE (SNP)'],['Graham Alexander MACKENZIE (SNP)'],['Graham Alexander MACKENZIE (SNP)'],['Margaret PATERSON (Ind)'],['Graham Alexander MACKENZIE (SNP)']
raw_data/scotland/processed_data/highland22/PreferenceProfile_V0001_Tain_and_Easter_Ross_06052022_161537.csv,5,['Derek LOUDEN (SNP)'],['Alasdair RHIND (Ind)'],['Sarah RAWLINGS (LD)'],['Alasdair RHIND (Ind)'],['Alasdair RHIND (Ind)'],['Alasdair RHIND (Ind)'],['Alasdair RHIND (Ind)'],['Alasdair RHIND (Ind)'],['Alasdair RHIND (Ind)'],['Alasdair RHIND (Ind)'],['Alasdair RHIND (Ind)'],['Alasdair RHIND (Ind)'],['Alasdair RHIND (Ind)'],['Fiona ROBERTSON (Ind)'],['Alasdair RHIND (Ind)'],['Derek LOUDEN (SNP)'],['Alasdair RHIND (Ind)'],['Sarah RAWLINGS (LD)'],['Alasdair RHIND (Ind)'],['Alasdair RHIND (Ind)'],['Alasdair RHIND (Ind)'],['Alasdair RHIND (Ind)'],['Alasdair RHIND (Ind)'],['Alasdair RHIND (Ind)'],['Alasdair RHIND (Ind)'],['Alasdair RHIND (Ind)'],['Alasdair RHIND (Ind)'],['Alasdair RHIND (Ind)'],['Alasdair RHIND (Ind)'],['Alasdair RHIND (Ind)']
raw_data/scotland/processed_data/highland22/PreferenceProfile_V0001_Inverness_Ness_side_06052022_161539.csv,7,['Alasdair CHRISTIE Scottish (LD)'],['Alasdair CHRISTIE Scottish (LD)'],['Alasdair CHRISTIE Scottish (LD)'],['Alasdair CHRISTIE Scottish (LD)'],['Alasdair CHRISTIE Scottish (LD)'],['Alasdair CHRISTIE Scottish (LD)'],['Alasdair CHRISTIE Scottish (LD)'],['Alasdair CHRISTIE Scottish (LD)'],['Alasdair CHRISTIE Scottish (LD)'],['Alasdair CHRISTIE Scottish (LD)'],['Alasdair CHRISTIE Scottish (LD)'],['Alasdair CHRISTIE Scottish (LD)'],['Alasdair CHRISTIE Scottish (LD)'],['Alasdair CHRISTIE Scottish (LD)'],['Alasdair CHRISTIE Scottish (LD)'],['Alasdair CHRISTIE Scottish (LD)'],['Alasdair CHRISTIE Scottish (LD)'],['Alasdair CHRISTIE Scottish (LD)'],['Alasdair CHRISTIE Scottish (LD)'],['Alasdair CHRISTIE Scottish (LD)'],['Alasdair CHRISTIE Scottish (LD)'],['Alasdair CHRISTIE Scottish (LD)'],['Alasdair CHRISTIE Scottish (LD)'],['Alasdair CHRISTIE Scottish (LD)'],['Alasdair CHRISTIE Scottish (LD)'],['Alasdair CHRISTIE Scottish (LD)'],['Alasdair CHRISTIE Scottish (LD)'],['Alasdair CHRISTIE Scottish (LD)'],['Alasdair CHRISTIE Scottish (LD)'],['Alasdair CHRISTIE Scottish (LD)']
raw_data/scotland/processed_data/edinburgh12-ballots/LeithWalkWard_edinburgh12-12.csv,9,['Angela BLACKLOCK (Lab)'],['Angela BLACKLOCK (Lab)'],['Angela BLACKLOCK (Lab)'],['Angela BLACKLOCK (Lab)'],['Maggie CHAPMAN(Grn)'],['Angela BLACKLOCK (Lab)'],['Angela BLACKLOCK (Lab)'],['Angela BLACKLOCK (Lab)'],['Angela BLACKLOCK (Lab)'],['Angela BLACKLOCK (Lab)'],['Angela BLACKLOCK (Lab)'],['Angela BLACKLOCK (Lab)'],['Angela BLACKLOCK (Lab)'],['Angela BLACKLOCK (Lab)'],['Angela BLACKLOCK (Lab)'],['Angela BLACKLOCK (Lab)'],['Angela BLACKLOCK (Lab)'],['Angela BLACKLOCK (Lab)'],['Angela BLACKLOCK (Lab)'],['Angela BLACKLOCK (Lab)'],['Angela BLACKLOCK (Lab)'],['Angela BLACKLOCK (Lab)'],['Angela BLACKLOCK (Lab)'],['Angela BLACKLOCK (Lab)'],['Angela BLACKLOCK (Lab)'],['Angela BLACKLOCK (Lab)'],['Angela BLACKLOCK (Lab)'],['Angela BLACKLOCK (Lab)'],['Angela BLACKLOCK (Lab)'],['Angela BLACKLOCK (Lab)']
raw_data/scotland/processed_data/edinburgh12-ballots/Meadows_MorningsideWard_edinburgh12-10.csv,7,['Mark MCINNES(Con)'],['Melanie MAIN (Grn)'],['Melanie MAIN (Grn)'],['Melanie MAIN (Grn)'],['Melanie MAIN (Grn)'],['Melanie MAIN (Grn)'],['Melanie MAIN (Grn)'],['Melanie MAIN (Grn)'],['Melanie MAIN (Grn)'],['Melanie MAIN (Grn)'],['Melanie MAIN (Grn)'],['Melanie MAIN (Grn)'],['Melanie MAIN (Grn)'],['Melanie MAIN (Grn)'],['Melanie MAIN (Grn)'],['Mark MCINNES(Con)'],['Melanie MAIN (Grn)'],['Melanie MAIN (Grn)'],['Melanie MAIN (Grn)'],['Melanie MAIN (Grn)'],['Melanie MAIN (Grn)'],['Melanie MAIN (Grn)'],['Melanie MAIN (Grn)'],['Melanie MAIN (Grn)'],['Melanie MAIN (Grn)'],['Melanie MAIN (Grn)'],['Melanie MAIN (Grn)'],['Melanie MAIN (Grn)'],['Melanie MAIN (Grn)'],['Melanie MAIN (Grn)']
raw_data/scotland/processed_data/edinburgh12-ballots/Fountainbridge_CraiglockhartWard_edinburgh12-09.csv,6,['Gavin CORBETT (Grn)'],['Gavin CORBETT (Grn)'],['Gavin CORBETT (Grn)'],['Gavin CORBETT (Grn)'],['Gavin CORBETT (Grn)'],['Gavin CORBETT (Grn)'],['Gavin CORBETT (Grn)'],['Gavin CORBETT (Grn)'],['Gavin CORBETT (Grn)'],['Gavin CORBETT (Grn)'],['Gavin CORBETT (Grn)'],['Gavin CORBETT (Grn)'],['Gavin CORBETT (Grn)'],['Gavin CORBETT (Grn)'],['Gavin CORBETT (Grn)'],['Gavin CORBETT (Grn)'],['Gavin CORBETT (Grn)'],['Gavin CORBETT (Grn)'],['Gavin CORBETT (Grn)'],['Gavin CORBETT (Grn)'],['Gavin CORBETT (Grn)'],['Gavin CORBETT (Grn)'],['Gavin CORBETT (Grn)'],['Gavin CORBETT (Grn)'],['Gavin CORBETT (Grn)'],['Gavin CORBETT (Grn)'],['Gavin CORBETT (Grn)'],['Gavin CORBETT (Grn)'],['Gavin CORBETT (Grn)'],['Gavin CORBETT (Grn)']
raw_data/scotland/processed_data/edinburgh12-ballots/LeithWard_edinburgh12-13.csv,6,['Gordon MUNRO(Lab)'],['Gordon MUNRO(Lab)'],['Gordon MUNRO(Lab)'],['Gordon MUNRO(Lab)'],['Gordon MUNRO(Lab)'],['Gordon MUNRO(Lab)'],['Gordon MUNRO(Lab)'],['Gordon MUNRO(Lab)'],['Gordon MUNRO(Lab)'],['Gordon MUNRO(Lab)'],['Gordon MUNRO(Lab)'],['Gordon MUNRO(Lab)'],['Gordon MUNRO(Lab)'],['Gordon MUNRO(Lab)'],['Gordon MUNRO(Lab)'],['Gordon MUNRO(Lab)'],['Gordon MUNRO(Lab)'],['Gordon MUNRO(Lab)'],['Gordon MUNRO(Lab)'],['Gordon MUNRO(Lab)'],['Gordon MUNRO(Lab)'],['Gordon MUNRO(Lab)'],['Gordon MUNRO(Lab)'],['Gordon MUNRO(Lab)'],['Gordon MUNRO(Lab)'],['Gordon MUNRO(Lab)'],['Gordon MUNRO(Lab)'],['Gordon MUNRO(Lab)'],['Gordon MUNRO(Lab)'],['Gordon MUNRO(Lab)']
raw_data/scotland/processed_data/edinburgh12-ballots/Liberton_GilmertonWard_edinburgh12-16.csv,6,['Norma AUSTIN HART(Lab)'],['Norma AUSTIN HART(Lab)'],['Norma AUSTIN HART(Lab)'],['Norma AUSTIN HART(Lab)'],['Norma AUSTIN HART(Lab)'],['Norma AUSTIN HART(Lab)'],['Norma AUSTIN HART(Lab)'],['Norma AUSTIN HART(Lab)'],['Norma AUSTIN HART(Lab)'],['Norma AUSTIN HART(Lab)'],['Norma AUSTIN HART(Lab)'],['Norma AUSTIN HART(Lab)'],['Norma AUSTIN HART(Lab)'],['Norma AUSTIN HART(Lab)'],['Norma AUSTIN HART(Lab)'],['Norma AUSTIN HART(Lab)'],['Norma AUSTIN HART(Lab)'],['Norma AUSTIN HART(Lab)'],['Norma AUSTIN HART(Lab)'],['Norma AUSTIN HART(Lab)'],['Norma AUSTIN HART(Lab)'],['Norma AUSTIN HART(Lab)'],['Norma AUSTIN HART(Lab)'],['Norma AUSTIN HART(Lab)'],['Norma AUSTIN HART(Lab)'],['Norma AUSTIN HART(Lab)'],['Norma AUSTIN HART(Lab)'],['Norma AUSTIN HART(Lab)'],['Norma AUSTIN HART(Lab)'],['Norma AUSTIN HART(Lab)']
raw_data/scotland/processed_data/edinburgh12-ballots/Craigentinny_DuddingstonWard_edinburgh12-14.csv,6,['Stefan TYMKEWYCZ(SNP)'],['Stefan TYMKEWYCZ(SNP)'],['Stefan TYMKEWYCZ(SNP)'],['Joan GRIFFITHS (Lab)'],['Joan GRIFFITHS (Lab)'],['Joan GRIFFITHS (Lab)'],['Joan GRIFFITHS (Lab)'],['Stefan TYMKEWYCZ(SNP)'],['Stefan TYMKEWYCZ(SNP)'],['Stefan TYMKEWYCZ(SNP)'],['Stefan TYMKEWYCZ(SNP)'],['Stefan TYMKEWYCZ(SNP)'],['Stefan TYMKEWYCZ(SNP)'],['Joan GRIFFITHS (Lab)'],['Stefan TYMKEWYCZ(SNP)'],['Stefan TYMKEWYCZ(SNP)'],['Stefan TYMKEWYCZ(SNP)'],['Stefan TYMKEWYCZ(SNP)'],['Joan GRIFFITHS (Lab)'],['Joan GRIFFITHS (Lab)'],['Joan GRIFFITHS (Lab)'],['Joan GRIFFITHS (Lab)'],['Stefan TYMKEWYCZ(SNP)'],['Stefan TYMKEWYCZ(SNP)'],['Stefan TYMKEWYCZ(SNP)'],['Stefan TYMKEWYCZ(SNP)'],['Stefan TYMKEWYCZ(SNP)'],['Stefan TYMKEWYCZ(SNP)'],['Joan GRIFFITHS (Lab)'],['Stefan TYMKEWYCZ(SNP)']
raw_data/scotland/processed_data/edinburgh12-ballots/AlmondWard_edinburgh12-01.csv,7,['Norman James WORK(SNP)'],['Norman James WORK(SNP)'],['Norman James WORK(SNP)'],['Norman James WORK(SNP)'],['Norman James WORK(SNP)'],['Norman James WORK(SNP)'],['Norman James WORK(SNP)'],['Norman James WORK(SNP)'],['Norman James WORK(SNP)'],['Norman James WORK(SNP)'],['Norman James WORK(SNP)'],['Norman James WORK(SNP)'],['Norman James WORK(SNP)'],['Norman James WORK(SNP)'],['Norman James WORK(SNP)'],['Norman James WORK(SNP)'],['Norman James WORK(SNP)'],['Norman James WORK(SNP)'],['Norman James WORK(SNP)'],['Norman James WORK(SNP)'],['Norman James WORK(SNP)'],['Norman James WORK(SNP)'],['Norman James WORK(SNP)'],['Norman James WORK(SNP)'],['Norman James WORK(SNP)'],['Norman James WORK(SNP)'],['Norman James WORK(SNP)'],['Norman James WORK(SNP)'],['Alastair Gordon SHIELDS (LD)'],['Norman James WORK(SNP)']
raw_data/scotland/processed_data/edinburgh12-ballots/DrumBrae_GyleWard_edinburgh12-03.csv,7,['Karen KEIL (Lab)'],['Karen KEIL (Lab)'],['Karen KEIL (Lab)'],['Karen KEIL (Lab)'],['Karen KEIL (Lab)'],['Karen KEIL (Lab)'],['Karen KEIL (Lab)'],['Karen KEIL (Lab)'],['Karen KEIL (Lab)'],['Karen KEIL (Lab)'],['Karen KEIL (Lab)'],['Karen KEIL (Lab)'],['Karen KEIL (Lab)'],['Karen KEIL (Lab)'],['Karen KEIL (Lab)'],['Karen KEIL (Lab)'],['Karen KEIL (Lab)'],['Karen KEIL (Lab)'],['Karen KEIL (Lab)'],['Karen KEIL (Lab)'],['Karen KEIL (Lab)'],['Karen KEIL (Lab)'],['Karen KEIL (Lab)'],['Karen KEIL (Lab)'],['Karen KEIL (Lab)'],['Karen KEIL (Lab)'],['Karen KEIL (Lab)'],['Karen KEIL (Lab)'],['Karen KEIL (Lab)'],['Karen KEIL (Lab)']
raw_data/scotland/processed_data/edinburgh12-ballots/PentlandHillsWard_edinburgh12-02.csv,6,['RICKY HENDERSON(Lab)'],['RICKY HENDERSON(Lab)'],['RICKY HENDERSON(Lab)'],['RICKY HENDERSON(Lab)'],['RICKY HENDERSON(Lab)'],['RICKY HENDERSON(Lab)'],['RICKY HENDERSON(Lab)'],['RICKY HENDERSON(Lab)'],['RICKY HENDERSON(Lab)'],['RICKY HENDERSON(Lab)'],['RICKY HENDERSON(Lab)'],['RICKY HENDERSON(Lab)'],['RICKY HENDERSON(Lab)'],['RICKY HENDERSON(Lab)'],['RICKY HENDERSON(Lab)'],['RICKY HENDERSON(Lab)'],['RICKY HENDERSON(Lab)'],['RICKY HENDERSON(Lab)'],['RICKY HENDERSON(Lab)'],['RICKY HENDERSON(Lab)'],['RICKY HENDERSON(Lab)'],['RICKY HENDERSON(Lab)'],['RICKY HENDERSON(Lab)'],['RICKY HENDERSON(Lab)'],['RICKY HENDERSON(Lab)'],['RICKY HENDERSON(Lab)'],['RICKY HENDERSON(Lab)'],['RICKY HENDERSON(Lab)'],['RICKY HENDERSON(Lab)'],['RICKY HENDERSON(Lab)']
raw_data/scotland/processed_data/edinburgh12-ballots/ForthWard_edinburgh12-04.csv,7,['Cammy DAY(Lab)'],['Cammy DAY(Lab)'],['Cammy DAY(Lab)'],['Cammy DAY(Lab)'],['Cammy DAY(Lab)'],['Cammy DAY(Lab)'],['Cammy DAY(Lab)'],['Cammy DAY(Lab)'],['Cammy DAY(Lab)'],['Cammy DAY(Lab)'],['Cammy DAY(Lab)'],['Cammy DAY(Lab)'],['Cammy DAY(Lab)'],['Cammy DAY(Lab)'],['Cammy DAY(Lab)'],['Cammy DAY(Lab)'],['Cammy DAY(Lab)'],['Cammy DAY(Lab)'],['Cammy DAY(Lab)'],['Cammy DAY(Lab)'],['Cammy DAY(Lab)'],['Cammy DAY(Lab)'],['Cammy DAY(Lab)'],['Cammy DAY(Lab)'],['Cammy DAY(Lab)'],['Cammy DAY(Lab)'],['Cammy DAY(Lab)'],['Cammy DAY(Lab)'],['Cammy DAY(Lab)'],['Cammy DAY(Lab)']
raw_data/scotland/processed_data/edinburgh12-ballots/Sighthill_GorgieWard_edinburgh12-07.csv,5,['Eric MILLIGAN (Lab)'],['Eric MILLIGAN (Lab)'],['Eric MILLIGAN (Lab)'],['Eric MILLIGAN (Lab)'],['Eric MILLIGAN (Lab)'],['Eric MILLIGAN (Lab)'],['Eric MILLIGAN (Lab)'],['Eric MILLIGAN (Lab)'],['Eric MILLIGAN (Lab)'],['Eric MILLIGAN (Lab)'],['Eric MILLIGAN (Lab)'],['Eric MILLIGAN (Lab)'],['Eric MILLIGAN (Lab)'],['Eric MILLIGAN (Lab)'],['Eric MILLIGAN (Lab)'],['Eric MILLIGAN (Lab)'],['Eric MILLIGAN (Lab)'],['Eric MILLIGAN (Lab)'],['Eric MILLIGAN (Lab)'],['Eric MILLIGAN (Lab)'],['Eric MILLIGAN (Lab)'],['Eric MILLIGAN (Lab)'],['Eric MILLIGAN (Lab)'],['Eric MILLIGAN (Lab)'],['Eric MILLIGAN (Lab)'],['Eric MILLIGAN (Lab)'],['Eric MILLIGAN (Lab)'],['Eric MILLIGAN (Lab)'],['Eric MILLIGAN (Lab)'],['Eric MILLIGAN (Lab)']
raw_data/scotland/processed_data/edinburgh12-ballots/CityCentreWard_edinburgh12-11.csv,6,['Joanna MOWAT(Con)'],['Alasdair RANKIN (SNP)'],['Alasdair RANKIN (SNP)'],['Julita MAZUREK (Grn)'],['Julita MAZUREK (Grn)'],['Julita MAZUREK (Grn)'],['Julita MAZUREK (Grn)'],['Julita MAZUREK (Grn)'],['Julita MAZUREK (Grn)'],['Julita MAZUREK (Grn)'],['Julita MAZUREK (Grn)'],['Julita MAZUREK (Grn)'],['Julita MAZUREK (Grn)'],['Julita MAZUREK (Grn)'],['Julita MAZUREK (Grn)'],['Joanna MOWAT(Con)'],['Alasdair RANKIN (SNP)'],['Alasdair RANKIN (SNP)'],['Julita MAZUREK (Grn)'],['Julita MAZUREK (Grn)'],['Julita MAZUREK (Grn)'],['Julita MAZUREK (Grn)'],['Julita MAZUREK (Grn)'],['Julita MAZUREK (Grn)'],['Julita MAZUREK (Grn)'],['Julita MAZUREK (Grn)'],['Julita MAZUREK (Grn)'],['Julita MAZUREK (Grn)'],['Julita MAZUREK (Grn)'],['Julita MAZUREK (Grn)']
raw_data/scotland/processed_data/edinburgh12-ballots/Southside_NewingtonWard_edinburgh12-15.csv,8,['Steve BURGESS(Grn)'],['Steve BURGESS(Grn)'],['Steve BURGESS(Grn)'],['Steve BURGESS(Grn)'],['Steve BURGESS(Grn)'],['Steve BURGESS(Grn)'],['Steve BURGESS(Grn)'],['Steve BURGESS(Grn)'],['Steve BURGESS(Grn)'],['Steve BURGESS(Grn)'],['Steve BURGESS(Grn)'],['Steve BURGESS(Grn)'],['Steve BURGESS(Grn)'],['Steve BURGESS(Grn)'],['Steve BURGESS(Grn)'],['Steve BURGESS(Grn)'],['Steve BURGESS(Grn)'],['Steve BURGESS(Grn)'],['Steve BURGESS(Grn)'],['Steve BURGESS(Grn)'],['Steve BURGESS(Grn)'],['Steve BURGESS(Grn)'],['Steve BURGESS(Grn)'],['Steve BURGESS(Grn)'],['Steve BURGESS(Grn)'],['Steve BURGESS(Grn)'],['Steve BURGESS(Grn)'],['Steve BURGESS(Grn)'],['Steve BURGESS(Grn)'],['Steve BURGESS(Grn)']
raw_data/scotland/processed_data/edinburgh12-ballots/InverleithWard_edinburgh12-05.csv,5,['Iain WHYTE (Con)'],['Lesley HINDS(Lab)'],['Lesley HINDS(Lab)'],['Lesley HINDS(Lab)'],['Lesley HINDS(Lab)'],['Lesley HINDS(Lab)'],['Lesley HINDS(Lab)'],['Lesley HINDS(Lab)'],['Lesley HINDS(Lab)'],['Lesley HINDS(Lab)'],['Lesley HINDS(Lab)'],['Lesley HINDS(Lab)'],['Lesley HINDS(Lab)'],['Lesley HINDS(Lab)'],['Lesley HINDS(Lab)'],['Iain WHYTE (Con)'],['Lesley HINDS(Lab)'],['Lesley HINDS(Lab)'],['Lesley HINDS(Lab)'],['Lesley HINDS(Lab)'],['Lesley HINDS(Lab)'],['Lesley HINDS(Lab)'],['Lesley HINDS(Lab)'],['Lesley HINDS(Lab)'],['Lesley HINDS(Lab)'],['Lesley HINDS(Lab)'],['Lesley HINDS(Lab)'],['Lesley HINDS(Lab)'],['Lesley HINDS(Lab)'],['Lesley HINDS(Lab)']
raw_data/scotland/processed_data/edinburgh12-ballots/Portobello_CraigmillarWard_edinburgh12-17.csv,6,['Maureen CHILD(Lab)'],['Maureen CHILD(Lab)'],['Maureen CHILD(Lab)'],['Maureen CHILD(Lab)'],['Maureen CHILD(Lab)'],['Maureen CHILD(Lab)'],['Maureen CHILD(Lab)'],['Maureen CHILD(Lab)'],['Maureen CHILD(Lab)'],['Maureen CHILD(Lab)'],['Maureen CHILD(Lab)'],['Maureen CHILD(Lab)'],['Maureen CHILD(Lab)'],['Maureen CHILD(Lab)'],['Maureen CHILD(Lab)'],['Maureen CHILD(Lab)'],['Maureen CHILD(Lab)'],['Maureen CHILD(Lab)'],['Maureen CHILD(Lab)'],['Maureen CHILD(Lab)'],['Maureen CHILD(Lab)'],['Maureen CHILD(Lab)'],['Maureen CHILD(Lab)'],['Maureen CHILD(Lab)'],['Maureen CHILD(Lab)'],['Maureen CHILD(Lab)'],['Maureen CHILD(Lab)'],['Maureen CHILD(Lab)'],['Maureen CHILD(Lab)'],['Maureen CHILD(Lab)']
raw_data/scotland/processed_data/edinburgh12-ballots/Colinton_FairmileheadWard_edinburgh12-08.csv,6,['Jason Geoffrey RUST (Con)'],['Jason Geoffrey RUST (Con)'],['Jason Geoffrey RUST (Con)'],['Jason Geoffrey RUST (Con)'],['Jason Geoffrey RUST (Con)'],['Jason Geoffrey RUST (Con)'],['Jason Geoffrey RUST (Con)'],['Jason Geoffrey RUST (Con)'],['Jason Geoffrey RUST (Con)'],['Jason Geoffrey RUST (Con)'],['Jason Geoffrey RUST (Con)'],['Jason Geoffrey RUST (Con)'],['Jason Geoffrey RUST (Con)'],['Jason Geoffrey RUST (Con)'],['Jason Geoffrey RUST (Con)'],['Jason Geoffrey RUST (Con)'],['Jason Geoffrey RUST (Con)'],['Jason Geoffrey RUST (Con)'],['Jason Geoffrey RUST (Con)'],['Jason Geoffrey RUST (Con)'],['Jason Geoffrey RUST (Con)'],['Jason Geoffrey RUST (Con)'],['Jason Geoffrey RUST (Con)'],['Jason Geoffrey RUST (Con)'],['Jason Geoffrey RUST (Con)'],['Jason Geoffrey RUST (Con)'],['Jason Geoffrey RUST (Con)'],['Jason Geoffrey RUST (Con)'],['Jason Geoffrey RUST (Con)'],['Jason Geoffrey RUST (Con)']
raw_data/scotland/processed_data/edinburgh12-ballots/Corstorphine_MurrayfieldWard_edinburgh12-06.csv,6,['Jeremy Ross BALFOUR(Con)'],['Paul EDIE(LD)'],['Jeremy Ross BALFOUR(Con)'],['Paul EDIE(LD)'],['Paul EDIE(LD)'],['Paul EDIE(LD)'],['Paul EDIE(LD)'],['Paul EDIE(LD)'],['Paul EDIE(LD)'],['Paul EDIE(LD)'],['Paul EDIE(LD)'],['Paul EDIE(LD)'],['Paul EDIE(LD)'],['Paul EDIE(LD)'],['Paul EDIE(LD)'],['Frank ROSS (SNP)'],['Paul EDIE(LD)'],['Jeremy Ross BALFOUR(Con)'],['Paul EDIE(LD)'],['Paul EDIE(LD)'],['Paul EDIE(LD)'],['Paul EDIE(LD)'],['Paul EDIE(LD)'],['Paul EDIE(LD)'],['Paul EDIE(LD)'],['Paul EDIE(LD)'],['Paul EDIE(LD)'],['Paul EDIE(LD)'],['Paul EDIE(LD)'],['Paul EDIE(LD)']
raw_data/scotland/processed_data/midlothian12-ballots/MidlothianWes0_midlothian12-04_cleaned.csv,7,['Andrew COVENTR (SNP)'],['Andrew COVENTR (SNP)'],['Andrew COVENTR (SNP)'],['Andrew COVENTR (SNP)'],['Andrew COVENTR (SNP)'],['Andrew COVENTR (SNP)'],['Andrew COVENTR (SNP)'],['Andrew COVENTR (SNP)'],['Andrew COVENTR (SNP)'],['Andrew COVENTR (SNP)'],['Andrew COVENTR (SNP)'],['Andrew COVENTR (SNP)'],['Andrew COVENTR (SNP)'],['Andrew COVENTR (SNP)'],['Andrew COVENTR (SNP)'],['Andrew COVENTR (SNP)'],['Andrew COVENTR (SNP)'],['Andrew COVENTR (SNP)'],['Andrew COVENTR (SNP)'],['Andrew COVENTR (SNP)'],['Andrew COVENTR (SNP)'],['Andrew COVENTR (SNP)'],['Andrew COVENTR (SNP)'],['Andrew COVENTR (SNP)'],['Andrew COVENTR (SNP)'],['Andrew COVENTR (SNP)'],['Andrew COVENTR (SNP)'],['Andrew COVENTR (SNP)'],['Andrew COVENTR (SNP)'],['Andrew COVENTR (SNP)']
raw_data/scotland/processed_data/midlothian12-ballots/Penicui_midlothian12-01_cleaned.csv,5,['Derek ROSI (SNP)'],['Derek ROSI (SNP)'],['Derek ROSI (SNP)'],['Derek ROSI (SNP)'],['Derek ROSI (SNP)'],['Derek ROSI (SNP)'],['Derek ROSI (SNP)'],['Derek ROSI (SNP)'],['Derek ROSI (SNP)'],['Derek ROSI (SNP)'],['Derek ROSI (SNP)'],['Derek ROSI (SNP)'],['Derek ROSI (SNP)'],['Derek ROSI (SNP)'],['Derek ROSI (SNP)'],['Derek ROSI (SNP)'],['Derek ROSI (SNP)'],['Derek ROSI (SNP)'],['Derek ROSI (SNP)'],['Derek ROSI (SNP)'],['Derek ROSI (SNP)'],['Derek ROSI (SNP)'],['Derek ROSI (SNP)'],['Derek ROSI (SNP)'],['Derek ROSI (SNP)'],['Derek ROSI (SNP)'],['Derek ROSI (SNP)'],['Derek ROSI (SNP)'],['Derek ROSI (SNP)'],['Derek ROSI (SNP)']
raw_data/scotland/processed_data/midlothian12-ballots/Dalkeit0_midlothian12-03_cleaned.csv,5,['Alex BENNET (Lab)'],['Alex BENNET (Lab)'],['Alex BENNET (Lab)'],['Alex BENNET (Lab)'],['Alex BENNET (Lab)'],['Alex BENNET (Lab)'],['Alex BENNET (Lab)'],['Alex BENNET (Lab)'],['Alex BENNET (Lab)'],['Alex BENNET (Lab)'],['Alex BENNET (Lab)'],['Alex BENNET (Lab)'],['Alex BENNET (Lab)'],['Alex BENNET (Lab)'],['Alex BENNET (Lab)'],['Alex BENNET (Lab)'],['Alex BENNET (Lab)'],['Alex BENNET (Lab)'],['Alex BENNET (Lab)'],['Alex BENNET (Lab)'],['Alex BENNET (Lab)'],['Alex BENNET (Lab)'],['Alex BENNET (Lab)'],['Alex BENNET (Lab)'],['Alex BENNET (Lab)'],['Alex BENNET (Lab)'],['Alex BENNET (Lab)'],['Alex BENNET (Lab)'],['Alex BENNET (Lab)'],['Alex BENNET (Lab)']
raw_data/scotland/processed_data/midlothian12-ballots/MidlothianSout0_midlothian12-06_cleaned.csv,3,['Jim MUIRHEA (Lab)'],['Jim MUIRHEA (Lab)'],['Jim MUIRHEA (Lab)'],['Jim MUIRHEA (Lab)'],['Jim MUIRHEA (Lab)'],['Jim MUIRHEA (Lab)'],['Jim MUIRHEA (Lab)'],['Jim MUIRHEA (Lab)'],['Jim MUIRHEA (Lab)'],['Jim MUIRHEA (Lab)'],['Jim MUIRHEA (Lab)'],['Jim MUIRHEA (Lab)'],['Jim MUIRHEA (Lab)'],['Jim MUIRHEA (Lab)'],['Jim MUIRHEA (Lab)'],['Jim MUIRHEA (Lab)'],['Jim MUIRHEA (Lab)'],['Jim MUIRHEA (Lab)'],['Jim MUIRHEA (Lab)'],['Jim MUIRHEA (Lab)'],['Jim MUIRHEA (Lab)'],['Jim MUIRHEA (Lab)'],['Jim MUIRHEA (Lab)'],['Jim MUIRHEA (Lab)'],['Jim MUIRHEA (Lab)'],['Jim MUIRHEA (Lab)'],['Jim MUIRHEA (Lab)'],['Jim MUIRHEA (Lab)'],['Jim MUIRHEA (Lab)'],['Jim MUIRHEA (Lab)']
raw_data/scotland/processed_data/midlothian12-ballots/Bonnyrig0_midlothian12-02_cleaned.csv,5,['Derek MILLIGA (Lab)'],['Derek MILLIGA (Lab)'],['Derek MILLIGA (Lab)'],['Derek MILLIGA (Lab)'],['Derek MILLIGA (Lab)'],['Derek MILLIGA (Lab)'],['Derek MILLIGA (Lab)'],['Derek MILLIGA (Lab)'],['Derek MILLIGA (Lab)'],['Derek MILLIGA (Lab)'],['Derek MILLIGA (Lab)'],['Derek MILLIGA (Lab)'],['Derek MILLIGA (Lab)'],['Derek MILLIGA (Lab)'],['Derek MILLIGA (Lab)'],['Derek MILLIGA (Lab)'],['Derek MILLIGA (Lab)'],['Derek MILLIGA (Lab)'],['Derek MILLIGA (Lab)'],['Derek MILLIGA (Lab)'],['Derek MILLIGA (Lab)'],['Derek MILLIGA (Lab)'],['Derek MILLIGA (Lab)'],['Derek MILLIGA (Lab)'],['Derek MILLIGA (Lab)'],['Derek MILLIGA (Lab)'],['Derek MILLIGA (Lab)'],['Derek MILLIGA (Lab)'],['Derek MILLIGA (Lab)'],['Derek MILLIGA (Lab)']
raw_data/scotland/processed_data/midlothian12-ballots/MidlothianEas0_midlothian12-05_cleaned.csv,5,['Lisa BEATTI (SNP)'],['Lisa BEATTI (SNP)'],['Lisa BEATTI (SNP)'],['Lisa BEATTI (SNP)'],['Lisa BEATTI (SNP)'],['Lisa BEATTI (SNP)'],['Lisa BEATTI (SNP)'],['Lisa BEATTI (SNP)'],['Lisa BEATTI (SNP)'],['Lisa BEATTI (SNP)'],['Lisa BEATTI (SNP)'],['Lisa BEATTI (SNP)'],['Lisa BEATTI (SNP)'],['Lisa BEATTI (SNP)'],['Lisa BEATTI (SNP)'],['Lisa BEATTI (SNP)'],['Lisa BEATTI (SNP)'],['Lisa BEATTI (SNP)'],['Lisa BEATTI (SNP)'],['Lisa BEATTI (SNP)'],['Lisa BEATTI (SNP)'],['Lisa BEATTI (SNP)'],['Lisa BEATTI (SNP)'],['Lisa BEATTI (SNP)'],['Lisa BEATTI (SNP)'],['Lisa BEATTI (SNP)'],['Lisa BEATTI (SNP)'],['Lisa BEATTI (SNP)'],['Lisa BEATTI (SNP)'],['Lisa BEATTI (SNP)']
raw_data/scotland/processed_data/e-duns22-ballots/Ward7-KirkintillochEast&North&Twechar_ward7.csv,5,['Pamela MARSHALL (SNP)'],['Stewart MACDONALD (Lab)'],['Stewart MACDONALD (Lab)'],['Stewart MACDONALD (Lab)'],['Stewart MACDONALD (Lab)'],['Stewart MACDONALD (Lab)'],['Stewart MACDONALD (Lab)'],['Stewart MACDONALD (Lab)'],['Stewart MACDONALD (Lab)'],['Stewart MACDONALD (Lab)'],['Stewart MACDONALD (Lab)'],['Stewart MACDONALD (Lab)'],['Stewart MACDONALD (Lab)'],['Stewart MACDONALD (Lab)'],['Stewart MACDONALD (Lab)'],['Pamela MARSHALL (SNP)'],['Stewart MACDONALD (Lab)'],['Stewart MACDONALD (Lab)'],['Stewart MACDONALD (Lab)'],['Stewart MACDONALD (Lab)'],['Stewart MACDONALD (Lab)'],['Stewart MACDONALD (Lab)'],['Stewart MACDONALD (Lab)'],['Stewart MACDONALD (Lab)'],['Stewart MACDONALD (Lab)'],['Stewart MACDONALD (Lab)'],['Stewart MACDONALD (Lab)'],['Stewart MACDONALD (Lab)'],['Stewart MACDONALD (Lab)'],['Stewart MACDONALD (Lab)']
raw_data/scotland/processed_data/e-duns22-ballots/Ward1-Milngavie_ward1.csv,6,['Jim GIBBONS (SNP)'],['Aileen POLSON (LD)'],['Jim GIBBONS (SNP)'],['Aileen POLSON (LD)'],['Aileen POLSON (LD)'],['Aileen POLSON (LD)'],['Aileen POLSON (LD)'],['Aileen POLSON (LD)'],['Aileen POLSON (LD)'],['Aileen POLSON (LD)'],['Aileen POLSON (LD)'],['Aileen POLSON (LD)'],['Aileen POLSON (LD)'],['Aileen POLSON (LD)'],['Aileen POLSON (LD)'],['Jim GIBBONS (SNP)'],['Aileen POLSON (LD)'],['Jim GIBBONS (SNP)'],['Aileen POLSON (LD)'],['Aileen POLSON (LD)'],['Aileen POLSON (LD)'],['Aileen POLSON (LD)'],['Aileen POLSON (LD)'],['Aileen POLSON (LD)'],['Aileen POLSON (LD)'],['Aileen POLSON (LD)'],['Aileen POLSON (LD)'],['Aileen POLSON (LD)'],['Aileen POLSON (LD)'],['Aileen POLSON (LD)']
raw_data/scotland/processed_data/e-duns22-ballots/Ward2-BearsdenNorth_ward2.csv,6,['Duncan CUMMING (Ind)'],['Duncan CUMMING (Ind)'],['Duncan CUMMING (Ind)'],['Duncan CUMMING (Ind)'],['Duncan CUMMING (Ind)'],['Duncan CUMMING (Ind)'],['Duncan CUMMING (Ind)'],['Duncan CUMMING (Ind)'],['Duncan CUMMING (Ind)'],['Duncan CUMMING (Ind)'],['Duncan CUMMING (Ind)'],['Duncan CUMMING (Ind)'],['Duncan CUMMING (Ind)'],['Duncan CUMMING (Ind)'],['Duncan CUMMING (Ind)'],['Duncan CUMMING (Ind)'],['Duncan CUMMING (Ind)'],['Duncan CUMMING (Ind)'],['Duncan CUMMING (Ind)'],['Duncan CUMMING (Ind)'],['Duncan CUMMING (Ind)'],['Duncan CUMMING (Ind)'],['Duncan CUMMING (Ind)'],['Duncan CUMMING (Ind)'],['Duncan CUMMING (Ind)'],['Duncan CUMMING (Ind)'],['Duncan CUMMING (Ind)'],['Duncan CUMMING (Ind)'],['Duncan CUMMING (Ind)'],['Duncan CUMMING (Ind)']
raw_data/scotland/processed_data/e-duns22-ballots/Ward5-BishopbriggsSouth_ward5.csv,6,['Gordan LOW (SNP)'],['Alan MOIR (Labour and Co-operative Party)'],['Alan MOIR (Labour and Co-operative Party)'],['Alan MOIR (Labour and Co-operative Party)'],['Alan MOIR (Labour and Co-operative Party)'],['Alan MOIR (Labour and Co-operative Party)'],['Alan MOIR (Labour and Co-operative Party)'],['Alan MOIR (Labour and Co-operative Party)'],['Alan MOIR (Labour and Co-operative Party)'],['Alan MOIR (Labour and Co-operative Party)'],['Alan MOIR (Labour and Co-operative Party)'],['Alan MOIR (Labour and Co-operative Party)'],['Alan MOIR (Labour and Co-operative Party)'],['Alan MOIR (Labour and Co-operative Party)'],['Alan MOIR (Labour and Co-operative Party)'],['Gordan LOW (SNP)'],['Alan MOIR (Labour and Co-operative Party)'],['Alan MOIR (Labour and Co-operative Party)'],['Alan MOIR (Labour and Co-operative Party)'],['Alan MOIR (Labour and Co-operative Party)'],['Alan MOIR (Labour and Co-operative Party)'],['Alan MOIR (Labour and Co-operative Party)'],['Alan MOIR (Labour and Co-operative Party)'],['Alan MOIR (Labour and Co-operative Party)'],['Alan MOIR (Labour and Co-operative Party)'],['Alan MOIR (Labour and Co-operative Party)'],['Alan MOIR (Labour and Co-operative Party)'],['Alan MOIR (Labour and Co-operative Party)'],['Alan MOIR (Labour and Co-operative Party)'],['Alan MOIR (Labour and Co-operative Party)']
raw_data/scotland/processed_data/e-duns22-ballots/Ward3-BearsdenSouth_ward3.csv,7,['Ian GALLAGHER (SNP)'],['Vaughan MOODY (LD)'],['Andrew POLSON (Con)'],['Vaughan MOODY (LD)'],['Vaughan MOODY (LD)'],['Vaughan MOODY (LD)'],['Vaughan MOODY (LD)'],['Vaughan MOODY (LD)'],['Vaughan MOODY (LD)'],['Vaughan MOODY (LD)'],['Vaughan MOODY (LD)'],['Vaughan MOODY (LD)'],['Vaughan MOODY (LD)'],['Vaughan MOODY (LD)'],['Vaughan MOODY (LD)'],['Ian GALLAGHER (SNP)'],['Vaughan MOODY (LD)'],['Vaughan MOODY (LD)'],['Vaughan MOODY (LD)'],['Vaughan MOODY (LD)'],['Vaughan MOODY (LD)'],['Vaughan MOODY (LD)'],['Vaughan MOODY (LD)'],['Vaughan MOODY (LD)'],['Vaughan MOODY (LD)'],['Vaughan MOODY (LD)'],['Vaughan MOODY (LD)'],['Vaughan MOODY (LD)'],['Vaughan MOODY (LD)'],['Vaughan MOODY (LD)']
raw_data/scotland/processed_data/e-duns22-ballots/Ward6-Lenzie&KirkintillochSouth_ward6.csv,6,['Gillian RENWICK (SNP)'],['Callum MCNALLY (Labour and Co-operative Party)'],['Callum MCNALLY (Labour and Co-operative Party)'],['Callum MCNALLY (Labour and Co-operative Party)'],['Callum MCNALLY (Labour and Co-operative Party)'],['Callum MCNALLY (Labour and Co-operative Party)'],['Gillian RENWICK (SNP)'],['Callum MCNALLY (Labour and Co-operative Party)'],['Callum MCNALLY (Labour and Co-operative Party)'],['Callum MCNALLY (Labour and Co-operative Party)'],['Callum MCNALLY (Labour and Co-operative Party)'],['Callum MCNALLY (Labour and Co-operative Party)'],['Callum MCNALLY (Labour and Co-operative Party)'],['Callum MCNALLY (Labour and Co-operative Party)'],['Callum MCNALLY (Labour and Co-operative Party)'],['Gillian RENWICK (SNP)'],['Callum MCNALLY (Labour and Co-operative Party)'],['Callum MCNALLY (Labour and Co-operative Party)'],['Callum MCNALLY (Labour and Co-operative Party)'],['Callum MCNALLY (Labour and Co-operative Party)'],['Callum MCNALLY (Labour and Co-operative Party)'],['Callum MCNALLY (Labour and Co-operative Party)'],['Callum MCNALLY (Labour and Co-operative Party)'],['Callum MCNALLY (Labour and Co-operative Party)'],['Callum MCNALLY (Labour and Co-operative Party)'],['Callum MCNALLY (Labour and Co-operative Party)'],['Callum MCNALLY (Labour and Co-operative Party)'],['Callum MCNALLY (Labour and Co-operative Party)'],['Callum MCNALLY (Labour and Co-operative Party)'],['Callum MCNALLY (Labour and Co-operative Party)']
raw_data/scotland/processed_data/e-duns22-ballots/Ward4-BishopbriggsNorth&Campsie_ward4.csv,7,['Paul FERRETTI (SNP)'],['Paul FERRETTI (SNP)'],['Paul FERRETTI (SNP)'],['Colette MCDIARMID (Labour and Co-operative Party)'],['Paul FERRETTI (SNP)'],['Paul FERRETTI (SNP)'],['Paul FERRETTI (SNP)'],['Paul FERRETTI (SNP)'],['Paul FERRETTI (SNP)'],['Paul FERRETTI (SNP)'],['Paul FERRETTI (SNP)'],['Paul FERRETTI (SNP)'],['Paul FERRETTI (SNP)'],['Colette MCDIARMID (Labour and Co-operative Party)'],['Paul FERRETTI (SNP)'],['Paul FERRETTI (SNP)'],['Paul FERRETTI (SNP)'],['Paul FERRETTI (SNP)'],['Paul FERRETTI (SNP)'],['Colette MCDIARMID (Labour and Co-operative Party)'],['Paul FERRETTI (SNP)'],['Paul FERRETTI (SNP)'],['Paul FERRETTI (SNP)'],['Paul FERRETTI (SNP)'],['Paul FERRETTI (SNP)'],['Paul FERRETTI (SNP)'],['Paul FERRETTI (SNP)'],['Paul FERRETTI (SNP)'],['Colette MCDIARMID (Labour and Co-operative Party)'],['Paul FERRETTI (SNP)']
raw_data/scotland/processed_data/dundee12-ballots/MaryfieldWard_dundee12-05.csv,5,['Ken LYNN (SNP)'],['Ken LYNN (SNP)'],['Ken LYNN (SNP)'],['Ken LYNN (SNP)'],['Ken LYNN (SNP)'],['Ken LYNN (SNP)'],['Ken LYNN (SNP)'],['Ken LYNN (SNP)'],['Ken LYNN (SNP)'],['Ken LYNN (SNP)'],['Ken LYNN (SNP)'],['Ken LYNN (SNP)'],['Ken LYNN (SNP)'],['Ken LYNN (SNP)'],['Ken LYNN (SNP)'],['Ken LYNN (SNP)'],['Ken LYNN (SNP)'],['Ken LYNN (SNP)'],['Ken LYNN (SNP)'],['Ken LYNN (SNP)'],['Ken LYNN (SNP)'],['Ken LYNN (SNP)'],['Ken LYNN (SNP)'],['Ken LYNN (SNP)'],['Ken LYNN (SNP)'],['Ken LYNN (SNP)'],['Ken LYNN (SNP)'],['Ken LYNN (SNP)'],['Ken LYNN (SNP)'],['Ken LYNN (SNP)']
raw_data/scotland/processed_data/dundee12-ballots/StrathmartineWard_dundee12-01.csv,7,['John ALEXANDER (SNP)'],['John ALEXANDER (SNP)'],['John ALEXANDER (SNP)'],['John ALEXANDER (SNP)'],['Ian BORTHWICK (Ind)'],['John ALEXANDER (SNP)'],['John ALEXANDER (SNP)'],['John ALEXANDER (SNP)'],['John ALEXANDER (SNP)'],['John ALEXANDER (SNP)'],['John ALEXANDER (SNP)'],['John ALEXANDER (SNP)'],['John ALEXANDER (SNP)'],['John ALEXANDER (SNP)'],['John ALEXANDER (SNP)'],['John ALEXANDER (SNP)'],['John ALEXANDER (SNP)'],['John ALEXANDER (SNP)'],['John ALEXANDER (SNP)'],['John ALEXANDER (SNP)'],['John ALEXANDER (SNP)'],['John ALEXANDER (SNP)'],['John ALEXANDER (SNP)'],['John ALEXANDER (SNP)'],['John ALEXANDER (SNP)'],['John ALEXANDER (SNP)'],['John ALEXANDER (SNP)'],['John ALEXANDER (SNP)'],['John ALEXANDER (SNP)'],['John ALEXANDER (SNP)']
raw_data/scotland/processed_data/dundee12-ballots/EastEndWard_dundee12-07.csv,5,['Will DAWSON (SNP)'],['Will DAWSON (SNP)'],['Will DAWSON (SNP)'],['Will DAWSON (SNP)'],['Will DAWSON (SNP)'],['Will DAWSON (SNP)'],['Will DAWSON (SNP)'],['Will DAWSON (SNP)'],['Will DAWSON (SNP)'],['Will DAWSON (SNP)'],['Will DAWSON (SNP)'],['Will DAWSON (SNP)'],['Will DAWSON (SNP)'],['Will DAWSON (SNP)'],['Will DAWSON (SNP)'],['Will DAWSON (SNP)'],['Will DAWSON (SNP)'],['Will DAWSON (SNP)'],['Will DAWSON (SNP)'],['Will DAWSON (SNP)'],['Will DAWSON (SNP)'],['Will DAWSON (SNP)'],['Will DAWSON (SNP)'],['Will DAWSON (SNP)'],['Will DAWSON (SNP)'],['Will DAWSON (SNP)'],['Will DAWSON (SNP)'],['Will DAWSON (SNP)'],['Will DAWSON (SNP)'],['Will DAWSON (SNP)']
raw_data/scotland/processed_data/dundee12-ballots/LocheeWard_dundee12-02.csv,6,['Bob DUNCAN (SNP)'],['Bob DUNCAN (SNP)'],['Bob DUNCAN (SNP)'],['Bob DUNCAN (SNP)'],['Bob DUNCAN (SNP)'],['Bob DUNCAN (SNP)'],['Bob DUNCAN (SNP)'],['Bob DUNCAN (SNP)'],['Bob DUNCAN (SNP)'],['Bob DUNCAN (SNP)'],['Bob DUNCAN (SNP)'],['Bob DUNCAN (SNP)'],['Bob DUNCAN (SNP)'],['Bob DUNCAN (SNP)'],['Bob DUNCAN (SNP)'],['Bob DUNCAN (SNP)'],['Bob DUNCAN (SNP)'],['Bob DUNCAN (SNP)'],['Bob DUNCAN (SNP)'],['Bob DUNCAN (SNP)'],['Bob DUNCAN (SNP)'],['Bob DUNCAN (SNP)'],['Bob DUNCAN (SNP)'],['Bob DUNCAN (SNP)'],['Bob DUNCAN (SNP)'],['Bob DUNCAN (SNP)'],['Bob DUNCAN (SNP)'],['Bob DUNCAN (SNP)'],['Bob DUNCAN (SNP)'],['Bob DUNCAN (SNP)']
raw_data/scotland/processed_data/dundee12-ballots/TheFerryWard_dundee12-08.csv,4,['Ken GUILD (SNP)'],['Ken GUILD (SNP)'],['Ken GUILD (SNP)'],['Ken GUILD (SNP)'],['Ken GUILD (SNP)'],['Ken GUILD (SNP)'],['Ken GUILD (SNP)'],['Ken GUILD (SNP)'],['Ken GUILD (SNP)'],['Ken GUILD (SNP)'],['Ken GUILD (SNP)'],['Ken GUILD (SNP)'],['Ken GUILD (SNP)'],['Ken GUILD (SNP)'],['Ken GUILD (SNP)'],['Ken GUILD (SNP)'],['Ken GUILD (SNP)'],['Ken GUILD (SNP)'],['Ken GUILD (SNP)'],['Ken GUILD (SNP)'],['Ken GUILD (SNP)'],['Ken GUILD (SNP)'],['Ken GUILD (SNP)'],['Ken GUILD (SNP)'],['Ken GUILD (SNP)'],['Ken GUILD (SNP)'],['Ken GUILD (SNP)'],['Ken GUILD (SNP)'],['Ken GUILD (SNP)'],['Ken GUILD (SNP)']
raw_data/scotland/processed_data/dundee12-ballots/NorthEastWard_dundee12-06.csv,5,['Gregor MURRAY (SNP)'],['Gregor MURRAY (SNP)'],['Gregor MURRAY (SNP)'],['Gregor MURRAY (SNP)'],['Gregor MURRAY (SNP)'],['Gregor MURRAY (SNP)'],['Gregor MURRAY (SNP)'],['Gregor MURRAY (SNP)'],['Gregor MURRAY (SNP)'],['Gregor MURRAY (SNP)'],['Gregor MURRAY (SNP)'],['Gregor MURRAY (SNP)'],['Gregor MURRAY (SNP)'],['Gregor MURRAY (SNP)'],['Gregor MURRAY (SNP)'],['Gregor MURRAY (SNP)'],['Gregor MURRAY (SNP)'],['Gregor MURRAY (SNP)'],['Gregor MURRAY (SNP)'],['Gregor MURRAY (SNP)'],['Gregor MURRAY (SNP)'],['Gregor MURRAY (SNP)'],['Gregor MURRAY (SNP)'],['Gregor MURRAY (SNP)'],['Gregor MURRAY (SNP)'],['Gregor MURRAY (SNP)'],['Gregor MURRAY (SNP)'],['Gregor MURRAY (SNP)'],['Gregor MURRAY (SNP)'],['Gregor MURRAY (SNP)']
raw_data/scotland/processed_data/dundee12-ballots/WestEndWard_dundee12-03.csv,6,['Fraser MACPHERSON (LD)'],['Fraser MACPHERSON (LD)'],['Fraser MACPHERSON (LD)'],['Fraser MACPHERSON (LD)'],['Fraser MACPHERSON (LD)'],['Fraser MACPHERSON (LD)'],['Fraser MACPHERSON (LD)'],['Fraser MACPHERSON (LD)'],['Fraser MACPHERSON (LD)'],['Fraser MACPHERSON (LD)'],['Fraser MACPHERSON (LD)'],['Fraser MACPHERSON (LD)'],['Fraser MACPHERSON (LD)'],['Fraser MACPHERSON (LD)'],['Fraser MACPHERSON (LD)'],['Fraser MACPHERSON (LD)'],['Fraser MACPHERSON (LD)'],['Fraser MACPHERSON (LD)'],['Fraser MACPHERSON (LD)'],['Fraser MACPHERSON (LD)'],['Fraser MACPHERSON (LD)'],['Fraser MACPHERSON (LD)'],['Fraser MACPHERSON (LD)'],['Fraser MACPHERSON (LD)'],['Fraser MACPHERSON (LD)'],['Fraser MACPHERSON (LD)'],['Fraser MACPHERSON (LD)'],['Fraser MACPHERSON (LD)'],['Fraser MACPHERSON (LD)'],['Fraser MACPHERSON (LD)']
raw_data/scotland/processed_data/dundee12-ballots/ColdsideWard_dundee12-04.csv,7,['Jimmy BLACK (SNP)'],['Jimmy BLACK (SNP)'],['Jimmy BLACK (SNP)'],['Jimmy BLACK (SNP)'],['Jimmy BLACK (SNP)'],['Jimmy BLACK (SNP)'],['Jimmy BLACK (SNP)'],['Jimmy BLACK (SNP)'],['Jimmy BLACK (SNP)'],['Jimmy BLACK (SNP)'],['Jimmy BLACK (SNP)'],['Jimmy BLACK (SNP)'],['Jimmy BLACK (SNP)'],['Jimmy BLACK (SNP)'],['Jimmy BLACK (SNP)'],['Jimmy BLACK (SNP)'],['Jimmy BLACK (SNP)'],['Jimmy BLACK (SNP)'],['Jimmy BLACK (SNP)'],['Jimmy BLACK (SNP)'],['Jimmy BLACK (SNP)'],['Jimmy BLACK (SNP)'],['Jimmy BLACK (SNP)'],['Jimmy BLACK (SNP)'],['Jimmy BLACK (SNP)'],['Jimmy BLACK (SNP)'],['Jimmy BLACK (SNP)'],['Jimmy BLACK (SNP)'],['Jimmy BLACK (SNP)'],['Jimmy BLACK (SNP)']
raw_data/scotland/processed_data/dundee22/Ward6-NorthEast_Ward6.csv,6,['Steven ROME (SNP)'],['Steven ROME (SNP)'],['Steven ROME (SNP)'],['Steven ROME (SNP)'],['Steven ROME (SNP)'],['Steven ROME (SNP)'],['Steven ROME (SNP)'],['Steven ROME (SNP)'],['Steven ROME (SNP)'],['Steven ROME (SNP)'],['Steven ROME (SNP)'],['Steven ROME (SNP)'],['Steven ROME (SNP)'],['Steven ROME (SNP)'],['Steven ROME (SNP)'],['Steven ROME (SNP)'],['Steven ROME (SNP)'],['Steven ROME (SNP)'],['Steven ROME (SNP)'],['Steven ROME (SNP)'],['Steven ROME (SNP)'],['Steven ROME (SNP)'],['Steven ROME (SNP)'],['Steven ROME (SNP)'],['Steven ROME (SNP)'],['Steven ROME (SNP)'],['Steven ROME (SNP)'],['Steven ROME (SNP)'],['Steven ROME (SNP)'],['Steven ROME (SNP)']
raw_data/scotland/processed_data/dundee22/Ward7-EastEnd_Ward7.csv,6,['Will DAWSON (SNP)'],['Will DAWSON (SNP)'],['Will DAWSON (SNP)'],['Will DAWSON (SNP)'],['Will DAWSON (SNP)'],['Will DAWSON (SNP)'],['Will DAWSON (SNP)'],['Will DAWSON (SNP)'],['Will DAWSON (SNP)'],['Will DAWSON (SNP)'],['Will DAWSON (SNP)'],['Will DAWSON (SNP)'],['Will DAWSON (SNP)'],['Will DAWSON (SNP)'],['Will DAWSON (SNP)'],['Will DAWSON (SNP)'],['Will DAWSON (SNP)'],['Will DAWSON (SNP)'],['Will DAWSON (SNP)'],['Will DAWSON (SNP)'],['Will DAWSON (SNP)'],['Will DAWSON (SNP)'],['Will DAWSON (SNP)'],['Will DAWSON (SNP)'],['Will DAWSON (SNP)'],['Will DAWSON (SNP)'],['Will DAWSON (SNP)'],['Will DAWSON (SNP)'],['Will DAWSON (SNP)'],['Will DAWSON (SNP)']
raw_data/scotland/processed_data/dundee22/Ward2-Lochee_Ward2.csv,7,['Roisin SMITH (SNP)'],['Roisin SMITH (SNP)'],['Roisin SMITH (SNP)'],['Roisin SMITH (SNP)'],['Roisin SMITH (SNP)'],['Roisin SMITH (SNP)'],['Roisin SMITH (SNP)'],['Roisin SMITH (SNP)'],['Roisin SMITH (SNP)'],['Roisin SMITH (SNP)'],['Roisin SMITH (SNP)'],['Roisin SMITH (SNP)'],['Roisin SMITH (SNP)'],['Roisin SMITH (SNP)'],['Roisin SMITH (SNP)'],['Roisin SMITH (SNP)'],['Roisin SMITH (SNP)'],['Roisin SMITH (SNP)'],['Roisin SMITH (SNP)'],['Roisin SMITH (SNP)'],['Roisin SMITH (SNP)'],['Roisin SMITH (SNP)'],['Roisin SMITH (SNP)'],['Roisin SMITH (SNP)'],['Roisin SMITH (SNP)'],['Roisin SMITH (SNP)'],['Roisin SMITH (SNP)'],['Roisin SMITH (SNP)'],['Roisin SMITH (SNP)'],['Roisin SMITH (SNP)']
raw_data/scotland/processed_data/dundee22/Ward3-WestEnd_Ward3.csv,7,['Fraser MACPHERSON (LD)'],['Fraser MACPHERSON (LD)'],['Fraser MACPHERSON (LD)'],['Fraser MACPHERSON (LD)'],['Fraser MACPHERSON (LD)'],['Fraser MACPHERSON (LD)'],['Fraser MACPHERSON (LD)'],['Fraser MACPHERSON (LD)'],['Fraser MACPHERSON (LD)'],['Fraser MACPHERSON (LD)'],['Fraser MACPHERSON (LD)'],['Fraser MACPHERSON (LD)'],['Fraser MACPHERSON (LD)'],['Fraser MACPHERSON (LD)'],['Fraser MACPHERSON (LD)'],['Fraser MACPHERSON (LD)'],['Fraser MACPHERSON (LD)'],['Fraser MACPHERSON (LD)'],['Fraser MACPHERSON (LD)'],['Fraser MACPHERSON (LD)'],['Fraser MACPHERSON (LD)'],['Fraser MACPHERSON (LD)'],['Fraser MACPHERSON (LD)'],['Fraser MACPHERSON (LD)'],['Fraser MACPHERSON (LD)'],['Fraser MACPHERSON (LD)'],['Fraser MACPHERSON (LD)'],['Fraser MACPHERSON (LD)'],['Fraser MACPHERSON (LD)'],['Fraser MACPHERSON (LD)']
raw_data/scotland/processed_data/dundee22/Ward4-Coldside_Ward4.csv,7,['Heather ANDERSON (SNP)'],['Heather ANDERSON (SNP)'],['Heather ANDERSON (SNP)'],['Heather ANDERSON (SNP)'],['Heather ANDERSON (SNP)'],['Heather ANDERSON (SNP)'],['Heather ANDERSON (SNP)'],['Heather ANDERSON (SNP)'],['Heather ANDERSON (SNP)'],['Heather ANDERSON (SNP)'],['Heather ANDERSON (SNP)'],['Heather ANDERSON (SNP)'],['Heather ANDERSON (SNP)'],['Heather ANDERSON (SNP)'],['Heather ANDERSON (SNP)'],['Heather ANDERSON (SNP)'],['Heather ANDERSON (SNP)'],['Heather ANDERSON (SNP)'],['Heather ANDERSON (SNP)'],['Heather ANDERSON (SNP)'],['Heather ANDERSON (SNP)'],['Heather ANDERSON (SNP)'],['Heather ANDERSON (SNP)'],['Heather ANDERSON (SNP)'],['Heather ANDERSON (SNP)'],['Heather ANDERSON (SNP)'],['Heather ANDERSON (SNP)'],['Heather ANDERSON (SNP)'],['Heather ANDERSON (SNP)'],['Heather ANDERSON (SNP)']
raw_data/scotland/processed_data/dundee22/Ward5-Maryfield_Ward5.csv,7,['Ken LYNN (SNP)'],['Ken LYNN (SNP)'],['Ken LYNN (SNP)'],['Ken LYNN (SNP)'],['Ken LYNN (SNP)'],['Ken LYNN (SNP)'],['Ken LYNN (SNP)'],['Ken LYNN (SNP)'],['Ken LYNN (SNP)'],['Ken LYNN (SNP)'],['Ken LYNN (SNP)'],['Ken LYNN (SNP)'],['Ken LYNN (SNP)'],['Ken LYNN (SNP)'],['Ken LYNN (SNP)'],['Ken LYNN (SNP)'],['Ken LYNN (SNP)'],['Ken LYNN (SNP)'],['Ken LYNN (SNP)'],['Ken LYNN (SNP)'],['Ken LYNN (SNP)'],['Ken LYNN (SNP)'],['Ken LYNN (SNP)'],['Ken LYNN (SNP)'],['Ken LYNN (SNP)'],['Ken LYNN (SNP)'],['Ken LYNN (SNP)'],['Ken LYNN (SNP)'],['Ken LYNN (SNP)'],['Ken LYNN (SNP)']
raw_data/scotland/processed_data/dundee22/Ward1-Strathmartine_Ward1.csv,8,['John ALEXANDER (SNP)'],['John ALEXANDER (SNP)'],['John ALEXANDER (SNP)'],['John ALEXANDER (SNP)'],['John ALEXANDER (SNP)'],['John ALEXANDER (SNP)'],['John ALEXANDER (SNP)'],['John ALEXANDER (SNP)'],['John ALEXANDER (SNP)'],['John ALEXANDER (SNP)'],['John ALEXANDER (SNP)'],['John ALEXANDER (SNP)'],['John ALEXANDER (SNP)'],['John ALEXANDER (SNP)'],['John ALEXANDER (SNP)'],['John ALEXANDER (SNP)'],['John ALEXANDER (SNP)'],['John ALEXANDER (SNP)'],['John ALEXANDER (SNP)'],['John ALEXANDER (SNP)'],['John ALEXANDER (SNP)'],['John ALEXANDER (SNP)'],['John ALEXANDER (SNP)'],['John ALEXANDER (SNP)'],['John ALEXANDER (SNP)'],['John ALEXANDER (SNP)'],['John ALEXANDER (SNP)'],['John ALEXANDER (SNP)'],['John ALEXANDER (SNP)'],['John ALEXANDER (SNP)']
raw_data/scotland/processed_data/dundee22/Ward8-TheFerry_Ward8.csv,7,['Craig DUNCAN (LD)'],['Craig DUNCAN (LD)'],['Craig DUNCAN (LD)'],['Craig DUNCAN (LD)'],['Craig DUNCAN (LD)'],['Craig DUNCAN (LD)'],['Craig DUNCAN (LD)'],['Craig DUNCAN (LD)'],['Craig DUNCAN (LD)'],['Craig DUNCAN (LD)'],['Craig DUNCAN (LD)'],['Craig DUNCAN (LD)'],['Craig DUNCAN (LD)'],['Craig DUNCAN (LD)'],['Craig DUNCAN (LD)'],['Craig DUNCAN (LD)'],['Craig DUNCAN (LD)'],['Craig DUNCAN (LD)'],['Craig DUNCAN (LD)'],['Craig DUNCAN (LD)'],['Craig DUNCAN (LD)'],['Craig DUNCAN (LD)'],['Craig DUNCAN (LD)'],['Craig DUNCAN (LD)'],['Craig DUNCAN (LD)'],['Craig DUNCAN (LD)'],['Craig DUNCAN (LD)'],['Craig DUNCAN (LD)'],['Craig DUNCAN (LD)'],['Craig DUNCAN (LD)']
raw_data/scotland/processed_data/stirling22/preferenceprofile_v0001_ward-6-stirling-east_06052022_124253.csv,7,['Gerry MCLAUGHLAN (SNP)'],['Gerry MCLAUGHLAN (SNP)'],['Gerry MCLAUGHLAN (SNP)'],['Gerry MCLAUGHLAN (SNP)'],['Gerry MCLAUGHLAN (SNP)'],['Gerry MCLAUGHLAN (SNP)'],['Gerry MCLAUGHLAN (SNP)'],['Gerry MCLAUGHLAN (SNP)'],['Gerry MCLAUGHLAN (SNP)'],['Gerry MCLAUGHLAN (SNP)'],['Gerry MCLAUGHLAN (SNP)'],['Gerry MCLAUGHLAN (SNP)'],['Gerry MCLAUGHLAN (SNP)'],['Gerry MCLAUGHLAN (SNP)'],['Gerry MCLAUGHLAN (SNP)'],['Gerry MCLAUGHLAN (SNP)'],['Gerry MCLAUGHLAN (SNP)'],['Gerry MCLAUGHLAN (SNP)'],['Gerry MCLAUGHLAN (SNP)'],['Gerry MCLAUGHLAN (SNP)'],['Gerry MCLAUGHLAN (SNP)'],['Gerry MCLAUGHLAN (SNP)'],['Gerry MCLAUGHLAN (SNP)'],['Gerry MCLAUGHLAN (SNP)'],['Gerry MCLAUGHLAN (SNP)'],['Gerry MCLAUGHLAN (SNP)'],['Gerry MCLAUGHLAN (SNP)'],['Gerry MCLAUGHLAN (SNP)'],['Gerry MCLAUGHLAN (SNP)'],['Gerry MCLAUGHLAN (SNP)']
raw_data/scotland/processed_data/stirling22/v0001_ward-3-dunblane-and-bridge-of-allan_06052022_124253.csv,8,['Douglas DODDS (Con)'],['Graham HOUSTON (SNP)'],['Graham HOUSTON (SNP)'],['Alasdair TOLLEMACHE Re-elect your (Grn) Councillor'],['Alasdair TOLLEMACHE Re-elect your (Grn) Councillor'],['Alasdair TOLLEMACHE Re-elect your (Grn) Councillor'],['Douglas DODDS (Con)'],['Alasdair TOLLEMACHE Re-elect your (Grn) Councillor'],['Alasdair TOLLEMACHE Re-elect your (Grn) Councillor'],['Alasdair TOLLEMACHE Re-elect your (Grn) Councillor'],['Alasdair TOLLEMACHE Re-elect your (Grn) Councillor'],['Alasdair TOLLEMACHE Re-elect your (Grn) Councillor'],['Alasdair TOLLEMACHE Re-elect your (Grn) Councillor'],['Alasdair TOLLEMACHE Re-elect your (Grn) Councillor'],['Alasdair TOLLEMACHE Re-elect your (Grn) Councillor'],['Douglas DODDS (Con)'],['Graham HOUSTON (SNP)'],['Graham HOUSTON (SNP)'],['Douglas DODDS (Con)'],['Alasdair TOLLEMACHE Re-elect your (Grn) Councillor'],['Alasdair TOLLEMACHE Re-elect your (Grn) Councillor'],['Alasdair TOLLEMACHE Re-elect your (Grn) Councillor'],['Alasdair TOLLEMACHE Re-elect your (Grn) Councillor'],['Alasdair TOLLEMACHE Re-elect your (Grn) Councillor'],['Alasdair TOLLEMACHE Re-elect your (Grn) Councillor'],['Alasdair TOLLEMACHE Re-elect your (Grn) Councillor'],['Alasdair TOLLEMACHE Re-elect your (Grn) Councillor'],['Alasdair TOLLEMACHE Re-elect your (Grn) Councillor'],['Alasdair TOLLEMACHE Re-elect your (Grn) Councillor'],['Alasdair TOLLEMACHE Re-elect your (Grn) Councillor']
raw_data/scotland/processed_data/stirling22/preferenceprofile_v0001_ward-4-stirling-north_06052022_124253.csv,6,['Susan MCGILL (SNP)'],['Susan MCGILL (SNP)'],['Susan MCGILL (SNP)'],['Susan MCGILL (SNP)'],['Susan MCGILL (SNP)'],['Susan MCGILL (SNP)'],['Susan MCGILL (SNP)'],['Susan MCGILL (SNP)'],['Susan MCGILL (SNP)'],['Susan MCGILL (SNP)'],['Susan MCGILL (SNP)'],['Susan MCGILL (SNP)'],['Susan MCGILL (SNP)'],['Susan MCGILL (SNP)'],['Susan MCGILL (SNP)'],['Susan MCGILL (SNP)'],['Susan MCGILL (SNP)'],['Susan MCGILL (SNP)'],['Susan MCGILL (SNP)'],['Susan MCGILL (SNP)'],['Susan MCGILL (SNP)'],['Susan MCGILL (SNP)'],['Susan MCGILL (SNP)'],['Susan MCGILL (SNP)'],['Susan MCGILL (SNP)'],['Susan MCGILL (SNP)'],['Susan MCGILL (SNP)'],['Susan MCGILL (SNP)'],['Susan MCGILL (SNP)'],['Susan MCGILL (SNP)']
raw_data/scotland/processed_data/stirling22/preferenceprofile_v0001_ward-7-bannockburn_06052022_124254.csv,7,['Brian HAMBLY (SNP)'],['ALASDAIR MACPHERSON (Ind)'],['ALASDAIR MACPHERSON (Ind)'],['ALASDAIR MACPHERSON (Ind)'],['ALASDAIR MACPHERSON (Ind)'],['ALASDAIR MACPHERSON (Ind)'],['ALASDAIR MACPHERSON (Ind)'],['ALASDAIR MACPHERSON (Ind)'],['ALASDAIR MACPHERSON (Ind)'],['ALASDAIR MACPHERSON (Ind)'],['ALASDAIR MACPHERSON (Ind)'],['ALASDAIR MACPHERSON (Ind)'],['ALASDAIR MACPHERSON (Ind)'],['ALASDAIR MACPHERSON (Ind)'],['ALASDAIR MACPHERSON (Ind)'],['Brian HAMBLY (SNP)'],['ALASDAIR MACPHERSON (Ind)'],['ALASDAIR MACPHERSON (Ind)'],['ALASDAIR MACPHERSON (Ind)'],['ALASDAIR MACPHERSON (Ind)'],['ALASDAIR MACPHERSON (Ind)'],['ALASDAIR MACPHERSON (Ind)'],['ALASDAIR MACPHERSON (Ind)'],['ALASDAIR MACPHERSON (Ind)'],['ALASDAIR MACPHERSON (Ind)'],['ALASDAIR MACPHERSON (Ind)'],['ALASDAIR MACPHERSON (Ind)'],['ALASDAIR MACPHERSON (Ind)'],['ALASDAIR MACPHERSON (Ind)'],['ALASDAIR MACPHERSON (Ind)']
raw_data/scotland/processed_data/stirling22/preferenceprofile_v0001_ward-1-trossachs-and-teith_06052022_124254.csv,6,['Martin EARL (Con)'],['Martin EARL (Con)'],['Martin EARL (Con)'],['Martin EARL (Con)'],['Martin EARL (Con)'],['Martin EARL (Con)'],['Martin EARL (Con)'],['Martin EARL (Con)'],['Martin EARL (Con)'],['Martin EARL (Con)'],['Martin EARL (Con)'],['Martin EARL (Con)'],['Martin EARL (Con)'],['Martin EARL (Con)'],['Martin EARL (Con)'],['Martin EARL (Con)'],['Martin EARL (Con)'],['Martin EARL (Con)'],['Martin EARL (Con)'],['Martin EARL (Con)'],['Martin EARL (Con)'],['Martin EARL (Con)'],['Martin EARL (Con)'],['Martin EARL (Con)'],['Martin EARL (Con)'],['Martin EARL (Con)'],['Martin EARL (Con)'],['Martin EARL (Con)'],['Martin EARL (Con)'],['Martin EARL (Con)']
raw_data/scotland/processed_data/stirling22/preferenceprofile_v0001_ward-2-forth-and-endrick_06052022_124253.csv,6,['Paul HENKE (Con)'],['Paul HENKE (Con)'],['Paul HENKE (Con)'],['Paul HENKE (Con)'],['Gerry MCGARVEY (Lab)'],['Paul HENKE (Con)'],['Rosemary FRASER (SNP)'],['Paul HENKE (Con)'],['Paul HENKE (Con)'],['Paul HENKE (Con)'],['Paul HENKE (Con)'],['Paul HENKE (Con)'],['Paul HENKE (Con)'],['Paul HENKE (Con)'],['Paul HENKE (Con)'],['Paul HENKE (Con)'],['Paul HENKE (Con)'],['Paul HENKE (Con)'],['Paul HENKE (Con)'],['Rosemary FRASER (SNP)'],['Rosemary FRASER (SNP)'],['Rosemary FRASER (SNP)'],['Paul HENKE (Con)'],['Paul HENKE (Con)'],['Paul HENKE (Con)'],['Paul HENKE (Con)'],['Paul HENKE (Con)'],['Paul HENKE (Con)'],['Paul HENKE (Con)'],['Paul HENKE (Con)']
raw_data/scotland/processed_data/stirling22/preferenceprofile_v0001_ward-5-stirling-west_06052022_124253.csv,5,['Neil BENNY (Con)'],['Scott FARMER (SNP)'],['Scott FARMER (SNP)'],['Jen PRESTON (Lab)'],['Jen PRESTON (Lab)'],['Jen PRESTON (Lab)'],['Jen PRESTON (Lab)'],['Jen PRESTON (Lab)'],['Jen PRESTON (Lab)'],['Jen PRESTON (Lab)'],['Jen PRESTON (Lab)'],['Jen PRESTON (Lab)'],['Jen PRESTON (Lab)'],['Jen PRESTON (Lab)'],['Jen PRESTON (Lab)'],['Neil BENNY (Con)'],['Scott FARMER (SNP)'],['Scott FARMER (SNP)'],['Neil BENNY (Con)'],['Jen PRESTON (Lab)'],['Jen PRESTON (Lab)'],['Jen PRESTON (Lab)'],['Jen PRESTON (Lab)'],['Jen PRESTON (Lab)'],['Jen PRESTON (Lab)'],['Jen PRESTON (Lab)'],['Jen PRESTON (Lab)'],['Jen PRESTON (Lab)'],['Jen PRESTON (Lab)'],['Jen PRESTON (Lab)']
raw_data/scotland/processed_data/s-lanarks22/Ward19-HamiltonSouth_ward_19_hamilton_south_preference_profile.csv,3,['Gavin Wylie KEATT (Lab)'],['Gavin Wylie KEATT (Lab)'],['Gavin Wylie KEATT (Lab)'],['Gavin Wylie KEATT (Lab)'],['Gavin Wylie KEATT (Lab)'],['Gavin Wylie KEATT (Lab)'],['Gavin Wylie KEATT (Lab)'],['Gavin Wylie KEATT (Lab)'],['Gavin Wylie KEATT (Lab)'],['Gavin Wylie KEATT (Lab)'],['Gavin Wylie KEATT (Lab)'],['Gavin Wylie KEATT (Lab)'],['Gavin Wylie KEATT (Lab)'],['Gavin Wylie KEATT (Lab)'],['Gavin Wylie KEATT (Lab)'],['Gavin Wylie KEATT (Lab)'],['Gavin Wylie KEATT (Lab)'],['Gavin Wylie KEATT (Lab)'],['Gavin Wylie KEATT (Lab)'],['Gavin Wylie KEATT (Lab)'],['Gavin Wylie KEATT (Lab)'],['Gavin Wylie KEATT (Lab)'],['Gavin Wylie KEATT (Lab)'],['Gavin Wylie KEATT (Lab)'],['Gavin Wylie KEATT (Lab)'],['Gavin Wylie KEATT (Lab)'],['Gavin Wylie KEATT (Lab)'],['Gavin Wylie KEATT (Lab)'],['Gavin Wylie KEATT (Lab)'],['Gavin Wylie KEATT (Lab)']
raw_data/scotland/processed_data/s-lanarks22/Ward2-ClydesdaleNorth_ward_2_clydesdale_north_preference_profile.csv,5,['Catherine MCCLYMONT (Lab)'],['Catherine MCCLYMONT (Lab)'],['Catherine MCCLYMONT (Lab)'],['Catherine MCCLYMONT (Lab)'],['Catherine MCCLYMONT (Lab)'],['Catherine MCCLYMONT (Lab)'],['Catherine MCCLYMONT (Lab)'],['Catherine MCCLYMONT (Lab)'],['Catherine MCCLYMONT (Lab)'],['Catherine MCCLYMONT (Lab)'],['Catherine MCCLYMONT (Lab)'],['Catherine MCCLYMONT (Lab)'],['Catherine MCCLYMONT (Lab)'],['Catherine MCCLYMONT (Lab)'],['Catherine MCCLYMONT (Lab)'],['Catherine MCCLYMONT (Lab)'],['Catherine MCCLYMONT (Lab)'],['Catherine MCCLYMONT (Lab)'],['Catherine MCCLYMONT (Lab)'],['Catherine MCCLYMONT (Lab)'],['Catherine MCCLYMONT (Lab)'],['Catherine MCCLYMONT (Lab)'],['Catherine MCCLYMONT (Lab)'],['Catherine MCCLYMONT (Lab)'],['Catherine MCCLYMONT (Lab)'],['Catherine MCCLYMONT (Lab)'],['Catherine MCCLYMONT (Lab)'],['Catherine MCCLYMONT (Lab)'],['Catherine MCCLYMONT (Lab)'],['Catherine MCCLYMONT (Lab)']
raw_data/scotland/processed_data/s-lanarks22/ward_16_bothwell_and_uddingston_preference_profile.csv,5,['Maureen DEVLIN (Lab)'],['Maureen DEVLIN (Lab)'],['Maureen DEVLIN (Lab)'],['Maureen DEVLIN (Lab)'],['Maureen DEVLIN (Lab)'],['Maureen DEVLIN (Lab)'],['Maureen DEVLIN (Lab)'],['Maureen DEVLIN (Lab)'],['Maureen DEVLIN (Lab)'],['Maureen DEVLIN (Lab)'],['Maureen DEVLIN (Lab)'],['Maureen DEVLIN (Lab)'],['Maureen DEVLIN (Lab)'],['Maureen DEVLIN (Lab)'],['Maureen DEVLIN (Lab)'],['Maureen DEVLIN (Lab)'],['Maureen DEVLIN (Lab)'],['Maureen DEVLIN (Lab)'],['Maureen DEVLIN (Lab)'],['Maureen DEVLIN (Lab)'],['Maureen DEVLIN (Lab)'],['Maureen DEVLIN (Lab)'],['Maureen DEVLIN (Lab)'],['Maureen DEVLIN (Lab)'],['Maureen DEVLIN (Lab)'],['Maureen DEVLIN (Lab)'],['Maureen DEVLIN (Lab)'],['Maureen DEVLIN (Lab)'],['Maureen DEVLIN (Lab)'],['Maureen DEVLIN (Lab)']
raw_data/scotland/processed_data/s-lanarks22/ward_5_avondale_and_stonehouse_preference_profile.csv,6,['Elise FRAME (SNP)'],['Margaret COOPER (Ind)'],['Margaret COOPER (Ind)'],['Margaret COOPER (Ind)'],['Margaret COOPER (Ind)'],['Margaret COOPER (Ind)'],['Margaret COOPER (Ind)'],['Margaret COOPER (Ind)'],['Margaret COOPER (Ind)'],['Margaret COOPER (Ind)'],['Margaret COOPER (Ind)'],['Margaret COOPER (Ind)'],['Margaret COOPER (Ind)'],['Margaret COOPER (Ind)'],['Margaret COOPER (Ind)'],['Elise FRAME (SNP)'],['Margaret COOPER (Ind)'],['Margaret COOPER (Ind)'],['Margaret COOPER (Ind)'],['Margaret COOPER (Ind)'],['Margaret COOPER (Ind)'],['Margaret COOPER (Ind)'],['Margaret COOPER (Ind)'],['Margaret COOPER (Ind)'],['Margaret COOPER (Ind)'],['Margaret COOPER (Ind)'],['Margaret COOPER (Ind)'],['Margaret COOPER (Ind)'],['Margaret COOPER (Ind)'],['Margaret COOPER (Ind)']
raw_data/scotland/processed_data/s-lanarks22/ward_10_east_kilbride_east_preference_profile.csv,6,['Gladys FERGUSON-MILLER (SNP)'],['Gladys FERGUSON-MILLER (SNP)'],['Gladys FERGUSON-MILLER (SNP)'],['Gladys FERGUSON-MILLER (SNP)'],['Graham SCOTT (Lab)'],['Gladys FERGUSON-MILLER (SNP)'],['Gladys FERGUSON-MILLER (SNP)'],['Gladys FERGUSON-MILLER (SNP)'],['Gladys FERGUSON-MILLER (SNP)'],['Gladys FERGUSON-MILLER (SNP)'],['Gladys FERGUSON-MILLER (SNP)'],['Gladys FERGUSON-MILLER (SNP)'],['Gladys FERGUSON-MILLER (SNP)'],['Graham SCOTT (Lab)'],['Gladys FERGUSON-MILLER (SNP)'],['Gladys FERGUSON-MILLER (SNP)'],['Gladys FERGUSON-MILLER (SNP)'],['Gladys FERGUSON-MILLER (SNP)'],['Gladys FERGUSON-MILLER (SNP)'],['Gladys FERGUSON-MILLER (SNP)'],['Gladys FERGUSON-MILLER (SNP)'],['Gladys FERGUSON-MILLER (SNP)'],['Gladys FERGUSON-MILLER (SNP)'],['Gladys FERGUSON-MILLER (SNP)'],['Gladys FERGUSON-MILLER (SNP)'],['Gladys FERGUSON-MILLER (SNP)'],['Gladys FERGUSON-MILLER (SNP)'],['Gladys FERGUSON-MILLER (SNP)'],['Gladys FERGUSON-MILLER (SNP)'],['Gladys FERGUSON-MILLER (SNP)']
raw_data/scotland/processed_data/s-lanarks22/ward_9_east_kilbride_west_preference_profile.csv,7,['Craig SLOAN (SNP)'],['Monique MCADAMS (Labour and Co-operative Party)'],['Monique MCADAMS (Labour and Co-operative Party)'],['Monique MCADAMS (Labour and Co-operative Party)'],['Monique MCADAMS (Labour and Co-operative Party)'],['Monique MCADAMS (Labour and Co-operative Party)'],['Monique MCADAMS (Labour and Co-operative Party)'],['Monique MCADAMS (Labour and Co-operative Party)'],['Monique MCADAMS (Labour and Co-operative Party)'],['Monique MCADAMS (Labour and Co-operative Party)'],['Monique MCADAMS (Labour and Co-operative Party)'],['Monique MCADAMS (Labour and Co-operative Party)'],['Monique MCADAMS (Labour and Co-operative Party)'],['Monique MCADAMS (Labour and Co-operative Party)'],['Monique MCADAMS (Labour and Co-operative Party)'],['Craig SLOAN (SNP)'],['Monique MCADAMS (Labour and Co-operative Party)'],['Monique MCADAMS (Labour and Co-operative Party)'],['Monique MCADAMS (Labour and Co-operative Party)'],['Monique MCADAMS (Labour and Co-operative Party)'],['Monique MCADAMS (Labour and Co-operative Party)'],['Monique MCADAMS (Labour and Co-operative Party)'],['Monique MCADAMS (Labour and Co-operative Party)'],['Monique MCADAMS (Labour and Co-operative Party)'],['Monique MCADAMS (Labour and Co-operative Party)'],['Monique MCADAMS (Labour and Co-operative Party)'],['Monique MCADAMS (Labour and Co-operative Party)'],['Monique MCADAMS (Labour and Co-operative Party)'],['Monique MCADAMS (Labour and Co-operative Party)'],['Monique MCADAMS (Labour and Co-operative Party)']
raw_data/scotland/processed_data/s-lanarks22/Ward15-Blantyre_ward_15_blantyre_preference_profile.csv,5,['Maureen CHALMERS (SNP)'],['Mo RAZZAQ (Lab)'],['Mo RAZZAQ (Lab)'],['Mo RAZZAQ (Lab)'],['Mo RAZZAQ (Lab)'],['Mo RAZZAQ (Lab)'],['Mo RAZZAQ (Lab)'],['Mo RAZZAQ (Lab)'],['Mo RAZZAQ (Lab)'],['Mo RAZZAQ (Lab)'],['Mo RAZZAQ (Lab)'],['Mo RAZZAQ (Lab)'],['Mo RAZZAQ (Lab)'],['Mo RAZZAQ (Lab)'],['Mo RAZZAQ (Lab)'],['Mo RAZZAQ (Lab)'],['Mo RAZZAQ (Lab)'],['Mo RAZZAQ (Lab)'],['Mo RAZZAQ (Lab)'],['Mo RAZZAQ (Lab)'],['Mo RAZZAQ (Lab)'],['Mo RAZZAQ (Lab)'],['Mo RAZZAQ (Lab)'],['Mo RAZZAQ (Lab)'],['Mo RAZZAQ (Lab)'],['Mo RAZZAQ (Lab)'],['Mo RAZZAQ (Lab)'],['Mo RAZZAQ (Lab)'],['Mo RAZZAQ (Lab)'],['Mo RAZZAQ (Lab)']
raw_data/scotland/processed_data/s-lanarks22/ward_17_hamilton_north_and_east_preference_profile.csv,5,['Colin DEWAR (SNP)'],['Davie MCLACHLAN (Labour and Co-operative Party)'],['Davie MCLACHLAN (Labour and Co-operative Party)'],['Davie MCLACHLAN (Labour and Co-operative Party)'],['Davie MCLACHLAN (Labour and Co-operative Party)'],['Davie MCLACHLAN (Labour and Co-operative Party)'],['Davie MCLACHLAN (Labour and Co-operative Party)'],['Davie MCLACHLAN (Labour and Co-operative Party)'],['Davie MCLACHLAN (Labour and Co-operative Party)'],['Davie MCLACHLAN (Labour and Co-operative Party)'],['Davie MCLACHLAN (Labour and Co-operative Party)'],['Davie MCLACHLAN (Labour and Co-operative Party)'],['Davie MCLACHLAN (Labour and Co-operative Party)'],['Davie MCLACHLAN (Labour and Co-operative Party)'],['Davie MCLACHLAN (Labour and Co-operative Party)'],['Colin DEWAR (SNP)'],['Davie MCLACHLAN (Labour and Co-operative Party)'],['Davie MCLACHLAN (Labour and Co-operative Party)'],['Davie MCLACHLAN (Labour and Co-operative Party)'],['Davie MCLACHLAN (Labour and Co-operative Party)'],['Davie MCLACHLAN (Labour and Co-operative Party)'],['Davie MCLACHLAN (Labour and Co-operative Party)'],['Davie MCLACHLAN (Labour and Co-operative Party)'],['Davie MCLACHLAN (Labour and Co-operative Party)'],['Davie MCLACHLAN (Labour and Co-operative Party)'],['Davie MCLACHLAN (Labour and Co-operative Party)'],['Davie MCLACHLAN (Labour and Co-operative Party)'],['Davie MCLACHLAN (Labour and Co-operative Party)'],['Davie MCLACHLAN (Labour and Co-operative Party)'],['Davie MCLACHLAN (Labour and Co-operative Party)']
raw_data/scotland/processed_data/s-lanarks22/ward_6_east_kilbride_south_preference_profile.csv,8,['ARCHIE BUCHANAN (SNP)'],['ARCHIE BUCHANAN (SNP)'],['ARCHIE BUCHANAN (SNP)'],['ARCHIE BUCHANAN (SNP)'],['ARCHIE BUCHANAN (SNP)'],['ARCHIE BUCHANAN (SNP)'],['ARCHIE BUCHANAN (SNP)'],['ARCHIE BUCHANAN (SNP)'],['ARCHIE BUCHANAN (SNP)'],['ARCHIE BUCHANAN (SNP)'],['ARCHIE BUCHANAN (SNP)'],['ARCHIE BUCHANAN (SNP)'],['ARCHIE BUCHANAN (SNP)'],['ARCHIE BUCHANAN (SNP)'],['ARCHIE BUCHANAN (SNP)'],['ARCHIE BUCHANAN (SNP)'],['ARCHIE BUCHANAN (SNP)'],['ARCHIE BUCHANAN (SNP)'],['ARCHIE BUCHANAN (SNP)'],['ARCHIE BUCHANAN (SNP)'],['ARCHIE BUCHANAN (SNP)'],['ARCHIE BUCHANAN (SNP)'],['ARCHIE BUCHANAN (SNP)'],['ARCHIE BUCHANAN (SNP)'],['ARCHIE BUCHANAN (SNP)'],['ARCHIE BUCHANAN (SNP)'],['ARCHIE BUCHANAN (SNP)'],['ARCHIE BUCHANAN (SNP)'],['ARCHIE BUCHANAN (SNP)'],['ARCHIE BUCHANAN (SNP)']
raw_data/scotland/processed_data/s-lanarks22/ward_8_east_kilbride_central_north_preference_profile.csv,5,['Grant FERGUSON (SNP)'],['Grant FERGUSON (SNP)'],['Grant FERGUSON (SNP)'],['Joe FAGAN (Lab)'],['Joe FAGAN (Lab)'],['Joe FAGAN (Lab)'],['Joe FAGAN (Lab)'],['Grant FERGUSON (SNP)'],['Grant FERGUSON (SNP)'],['Grant FERGUSON (SNP)'],['Grant FERGUSON (SNP)'],['Grant FERGUSON (SNP)'],['Grant FERGUSON (SNP)'],['Joe FAGAN (Lab)'],['Grant FERGUSON (SNP)'],['Grant FERGUSON (SNP)'],['Grant FERGUSON (SNP)'],['Grant FERGUSON (SNP)'],['Joe FAGAN (Lab)'],['Joe FAGAN (Lab)'],['Joe FAGAN (Lab)'],['Joe FAGAN (Lab)'],['Grant FERGUSON (SNP)'],['Grant FERGUSON (SNP)'],['Grant FERGUSON (SNP)'],['Grant FERGUSON (SNP)'],['Grant FERGUSON (SNP)'],['Grant FERGUSON (SNP)'],['Joe FAGAN (Lab)'],['Grant FERGUSON (SNP)']
raw_data/scotland/processed_data/s-lanarks22/ward_7_east_kilbride_central_south_preference_profile.csv,7,['John ANDERSON (SNP)'],['John ANDERSON (SNP)'],['John ANDERSON (SNP)'],['John ANDERSON (SNP)'],['John ANDERSON (SNP)'],['John ANDERSON (SNP)'],['John ANDERSON (SNP)'],['John ANDERSON (SNP)'],['John ANDERSON (SNP)'],['John ANDERSON (SNP)'],['John ANDERSON (SNP)'],['John ANDERSON (SNP)'],['John ANDERSON (SNP)'],['John ANDERSON (SNP)'],['John ANDERSON (SNP)'],['John ANDERSON (SNP)'],['John ANDERSON (SNP)'],['John ANDERSON (SNP)'],['John ANDERSON (SNP)'],['John ANDERSON (SNP)'],['John ANDERSON (SNP)'],['John ANDERSON (SNP)'],['John ANDERSON (SNP)'],['John ANDERSON (SNP)'],['John ANDERSON (SNP)'],['John ANDERSON (SNP)'],['John ANDERSON (SNP)'],['John ANDERSON (SNP)'],['John ANDERSON (SNP)'],['John ANDERSON (SNP)']
raw_data/scotland/processed_data/s-lanarks22/ward_18_hamilton_west_and_earnock_preference_profile.csv,5,['Mary DONNELLY (SNP)'],['Mary DONNELLY (SNP)'],['Mary DONNELLY (SNP)'],['Allan FALCONER (Lab)'],['Mary DONNELLY (SNP)'],['Mary DONNELLY (SNP)'],['Mary DONNELLY (SNP)'],['Mary DONNELLY (SNP)'],['Mary DONNELLY (SNP)'],['Mary DONNELLY (SNP)'],['Mary DONNELLY (SNP)'],['Mary DONNELLY (SNP)'],['Mary DONNELLY (SNP)'],['Allan FALCONER (Lab)'],['Mary DONNELLY (SNP)'],['Mary DONNELLY (SNP)'],['Mary DONNELLY (SNP)'],['Mary DONNELLY (SNP)'],['Mary DONNELLY (SNP)'],['Allan FALCONER (Lab)'],['Allan FALCONER (Lab)'],['Allan FALCONER (Lab)'],['Mary DONNELLY (SNP)'],['Mary DONNELLY (SNP)'],['Mary DONNELLY (SNP)'],['Mary DONNELLY (SNP)'],['Mary DONNELLY (SNP)'],['Mary DONNELLY (SNP)'],['Allan FALCONER (Lab)'],['Mary DONNELLY (SNP)']
raw_data/scotland/processed_data/s-lanarks22/Ward13-CambuslangWest_ward_13_cambuslang_west_preference_profile.csv,5,['John BRADLEY (SNP)'],['Margaret WALKER (Lab)'],['Margaret WALKER (Lab)'],['Margaret WALKER (Lab)'],['Margaret WALKER (Lab)'],['Margaret WALKER (Lab)'],['Margaret WALKER (Lab)'],['Margaret WALKER (Lab)'],['Margaret WALKER (Lab)'],['Margaret WALKER (Lab)'],['Margaret WALKER (Lab)'],['Margaret WALKER (Lab)'],['Margaret WALKER (Lab)'],['Margaret WALKER (Lab)'],['Margaret WALKER (Lab)'],['John BRADLEY (SNP)'],['Margaret WALKER (Lab)'],['Margaret WALKER (Lab)'],['Margaret WALKER (Lab)'],['Margaret WALKER (Lab)'],['Margaret WALKER (Lab)'],['Margaret WALKER (Lab)'],['Margaret WALKER (Lab)'],['Margaret WALKER (Lab)'],['Margaret WALKER (Lab)'],['Margaret WALKER (Lab)'],['Margaret WALKER (Lab)'],['Margaret WALKER (Lab)'],['Margaret WALKER (Lab)'],['Margaret WALKER (Lab)']
raw_data/scotland/processed_data/s-lanarks22/Ward14-CambuslangEast_ward_14_cambuslang_east_preference_profile.csv,6,['Alistair FULTON (SNP)'],['Walter McFarlane BROGAN (Lab)'],['Walter McFarlane BROGAN (Lab)'],['Walter McFarlane BROGAN (Lab)'],['Walter McFarlane BROGAN (Lab)'],['Walter McFarlane BROGAN (Lab)'],['Walter McFarlane BROGAN (Lab)'],['Walter McFarlane BROGAN (Lab)'],['Walter McFarlane BROGAN (Lab)'],['Walter McFarlane BROGAN (Lab)'],['Walter McFarlane BROGAN (Lab)'],['Walter McFarlane BROGAN (Lab)'],['Walter McFarlane BROGAN (Lab)'],['Walter McFarlane BROGAN (Lab)'],['Walter McFarlane BROGAN (Lab)'],['Alistair FULTON (SNP)'],['Walter McFarlane BROGAN (Lab)'],['Walter McFarlane BROGAN (Lab)'],['Walter McFarlane BROGAN (Lab)'],['Alistair FULTON (SNP)'],['Walter McFarlane BROGAN (Lab)'],['Walter McFarlane BROGAN (Lab)'],['Walter McFarlane BROGAN (Lab)'],['Walter McFarlane BROGAN (Lab)'],['Walter McFarlane BROGAN (Lab)'],['Walter McFarlane BROGAN (Lab)'],['Walter McFarlane BROGAN (Lab)'],['Walter McFarlane BROGAN (Lab)'],['Walter McFarlane BROGAN (Lab)'],['Walter McFarlane BROGAN (Lab)']
raw_data/scotland/processed_data/s-lanarks22/Ward20-Larkhall_ward_20_larkhall_preference_profile.csv,7,['Andy CARMICHAEL (Lab)'],['Andy CARMICHAEL (Lab)'],['Andy CARMICHAEL (Lab)'],['Andy CARMICHAEL (Lab)'],['Andy CARMICHAEL (Lab)'],['Andy CARMICHAEL (Lab)'],['Andy CARMICHAEL (Lab)'],['Andy CARMICHAEL (Lab)'],['Andy CARMICHAEL (Lab)'],['Andy CARMICHAEL (Lab)'],['Andy CARMICHAEL (Lab)'],['Andy CARMICHAEL (Lab)'],['Andy CARMICHAEL (Lab)'],['Andy CARMICHAEL (Lab)'],['Andy CARMICHAEL (Lab)'],['Andy CARMICHAEL (Lab)'],['Andy CARMICHAEL (Lab)'],['Andy CARMICHAEL (Lab)'],['Andy CARMICHAEL (Lab)'],['Andy CARMICHAEL (Lab)'],['Andy CARMICHAEL (Lab)'],['Andy CARMICHAEL (Lab)'],['Andy CARMICHAEL (Lab)'],['Andy CARMICHAEL (Lab)'],['Andy CARMICHAEL (Lab)'],['Andy CARMICHAEL (Lab)'],['Andy CARMICHAEL (Lab)'],['Andy CARMICHAEL (Lab)'],['Andy CARMICHAEL (Lab)'],['Andy CARMICHAEL (Lab)']
raw_data/scotland/processed_data/s-lanarks22/Ward1-ClydesdaleWest_ward_1_clydesdale_west_preference_profile.csv,6,['David SHEARER (SNP)'],['Eileen LOGAN (Lab)'],['Eileen LOGAN (Lab)'],['Eileen LOGAN (Lab)'],['Eileen LOGAN (Lab)'],['Eileen LOGAN (Lab)'],['Eileen LOGAN (Lab)'],['Eileen LOGAN (Lab)'],['Eileen LOGAN (Lab)'],['Eileen LOGAN (Lab)'],['Eileen LOGAN (Lab)'],['Eileen LOGAN (Lab)'],['Eileen LOGAN (Lab)'],['Eileen LOGAN (Lab)'],['Eileen LOGAN (Lab)'],['David SHEARER (SNP)'],['Eileen LOGAN (Lab)'],['Eileen LOGAN (Lab)'],['Eileen LOGAN (Lab)'],['Eileen LOGAN (Lab)'],['Eileen LOGAN (Lab)'],['Eileen LOGAN (Lab)'],['Eileen LOGAN (Lab)'],['Eileen LOGAN (Lab)'],['Eileen LOGAN (Lab)'],['Eileen LOGAN (Lab)'],['Eileen LOGAN (Lab)'],['Eileen LOGAN (Lab)'],['Eileen LOGAN (Lab)'],['Eileen LOGAN (Lab)']
raw_data/scotland/processed_data/s-lanarks22/Ward11-RutherglenSouth_ward_11_rutherglen_south_preference_profile.csv,7,['Carol NUGENT (SNP)'],['Robert BROWN (LD)'],['Robert BROWN (LD)'],['Robert BROWN (LD)'],['Robert BROWN (LD)'],['Robert BROWN (LD)'],['Robert BROWN (LD)'],['Robert BROWN (LD)'],['Robert BROWN (LD)'],['Robert BROWN (LD)'],['Robert BROWN (LD)'],['Robert BROWN (LD)'],['Robert BROWN (LD)'],['Robert BROWN (LD)'],['Robert BROWN (LD)'],['Carol NUGENT (SNP)'],['Robert BROWN (LD)'],['Robert BROWN (LD)'],['Robert BROWN (LD)'],['Robert BROWN (LD)'],['Robert BROWN (LD)'],['Robert BROWN (LD)'],['Robert BROWN (LD)'],['Robert BROWN (LD)'],['Robert BROWN (LD)'],['Robert BROWN (LD)'],['Robert BROWN (LD)'],['Robert BROWN (LD)'],['Robert BROWN (LD)'],['Robert BROWN (LD)']
raw_data/scotland/processed_data/s-lanarks22/ward_12_rutherglen_central_and_north_preference_profile.csv,5,['Janine CALIKES (SNP)'],['Martin Patrick LENNON (Lab)'],['Martin Patrick LENNON (Lab)'],['Martin Patrick LENNON (Lab)'],['Martin Patrick LENNON (Lab)'],['Martin Patrick LENNON (Lab)'],['Martin Patrick LENNON (Lab)'],['Martin Patrick LENNON (Lab)'],['Martin Patrick LENNON (Lab)'],['Martin Patrick LENNON (Lab)'],['Martin Patrick LENNON (Lab)'],['Martin Patrick LENNON (Lab)'],['Martin Patrick LENNON (Lab)'],['Martin Patrick LENNON (Lab)'],['Martin Patrick LENNON (Lab)'],['Janine CALIKES (SNP)'],['Martin Patrick LENNON (Lab)'],['Martin Patrick LENNON (Lab)'],['Martin Patrick LENNON (Lab)'],['Martin Patrick LENNON (Lab)'],['Martin Patrick LENNON (Lab)'],['Martin Patrick LENNON (Lab)'],['Martin Patrick LENNON (Lab)'],['Martin Patrick LENNON (Lab)'],['Martin Patrick LENNON (Lab)'],['Martin Patrick LENNON (Lab)'],['Martin Patrick LENNON (Lab)'],['Martin Patrick LENNON (Lab)'],['Martin Patrick LENNON (Lab)'],['Martin Patrick LENNON (Lab)']
raw_data/scotland/processed_data/s-lanarks22/Ward4-ClydesdaleSouth_ward_4_clydesdale_south_preference_profile.csv,7,['Mark HORSHAM (SNP)'],['Mark HORSHAM (SNP)'],['Mark HORSHAM (SNP)'],['Ross GOWLAND (Lab)'],['Mark HORSHAM (SNP)'],['Ross GOWLAND (Lab)'],['Mark HORSHAM (SNP)'],['Mark HORSHAM (SNP)'],['Mark HORSHAM (SNP)'],['Mark HORSHAM (SNP)'],['Mark HORSHAM (SNP)'],['Mark HORSHAM (SNP)'],['Mark HORSHAM (SNP)'],['Ross GOWLAND (Lab)'],['Mark HORSHAM (SNP)'],['Mark HORSHAM (SNP)'],['Mark HORSHAM (SNP)'],['Mark HORSHAM (SNP)'],['Mark HORSHAM (SNP)'],['Ross GOWLAND (Lab)'],['Ross GOWLAND (Lab)'],['Ross GOWLAND (Lab)'],['Mark HORSHAM (SNP)'],['Mark HORSHAM (SNP)'],['Mark HORSHAM (SNP)'],['Mark HORSHAM (SNP)'],['Mark HORSHAM (SNP)'],['Mark HORSHAM (SNP)'],['Ross GOWLAND (Lab)'],['Mark HORSHAM (SNP)']
raw_data/scotland/processed_data/s-lanarks22/Ward3-ClydesdaleEast_ward_3_clydesdale_east_preference_profile.csv,6,['Alex ALLISON (Con)'],['Alex ALLISON (Con)'],['Alex ALLISON (Con)'],['Alex ALLISON (Con)'],['Ian MCALLAN (SNP)'],['Alex ALLISON (Con)'],['Alex ALLISON (Con)'],['Alex ALLISON (Con)'],['Alex ALLISON (Con)'],['Alex ALLISON (Con)'],['Alex ALLISON (Con)'],['Alex ALLISON (Con)'],['Alex ALLISON (Con)'],['Alex ALLISON (Con)'],['Alex ALLISON (Con)'],['Alex ALLISON (Con)'],['Alex ALLISON (Con)'],['Alex ALLISON (Con)'],['Alex ALLISON (Con)'],['Ian MCALLAN (SNP)'],['Alex ALLISON (Con)'],['Alex ALLISON (Con)'],['Alex ALLISON (Con)'],['Alex ALLISON (Con)'],['Alex ALLISON (Con)'],['Alex ALLISON (Con)'],['Alex ALLISON (Con)'],['Alex ALLISON (Con)'],['Alex ALLISON (Con)'],['Alex ALLISON (Con)']
raw_data/scotland/processed_data/aberdeen2017/TorryFerryhillWard_aberdeen17-12.csv,8,['Christian Guy ALLARD (SNP)'],['Christian Guy ALLARD (SNP)'],['Christian Guy ALLARD (SNP)'],['Christian Guy ALLARD (SNP)'],['Christian Guy ALLARD (SNP)'],['Christian Guy ALLARD (SNP)'],['Christian Guy ALLARD (SNP)'],['Christian Guy ALLARD (SNP)'],['Christian Guy ALLARD (SNP)'],['Christian Guy ALLARD (SNP)'],['Christian Guy ALLARD (SNP)'],['Christian Guy ALLARD (SNP)'],['Christian Guy ALLARD (SNP)'],['Yvonne ALLAN (Lab)'],['Christian Guy ALLARD (SNP)'],['Christian Guy ALLARD (SNP)'],['Christian Guy ALLARD (SNP)'],['Christian Guy ALLARD (SNP)'],['Christian Guy ALLARD (SNP)'],['Christian Guy ALLARD (SNP)'],['Christian Guy ALLARD (SNP)'],['Christian Guy ALLARD (SNP)'],['Christian Guy ALLARD (SNP)'],['Christian Guy ALLARD (SNP)'],['Christian Guy ALLARD (SNP)'],['Christian Guy ALLARD (SNP)'],['Christian Guy ALLARD (SNP)'],['Christian Guy ALLARD (SNP)'],['Yvonne ALLAN (Lab)'],['Christian Guy ALLARD (SNP)']
raw_data/scotland/processed_data/aberdeen2017/NorthfieldMastrickNorthWard_aberdeen17-04.csv,5,['Jackie DUNBAR (SNP)'],['Jackie DUNBAR (SNP)'],['Jackie DUNBAR (SNP)'],['Jackie DUNBAR (SNP)'],['Jackie DUNBAR (SNP)'],['Jackie DUNBAR (SNP)'],['Jackie DUNBAR (SNP)'],['Jackie DUNBAR (SNP)'],['Jackie DUNBAR (SNP)'],['Jackie DUNBAR (SNP)'],['Jackie DUNBAR (SNP)'],['Jackie DUNBAR (SNP)'],['Jackie DUNBAR (SNP)'],['Jackie DUNBAR (SNP)'],['Jackie DUNBAR (SNP)'],['Jackie DUNBAR (SNP)'],['Jackie DUNBAR (SNP)'],['Jackie DUNBAR (SNP)'],['Jackie DUNBAR (SNP)'],['Jackie DUNBAR (SNP)'],['Jackie DUNBAR (SNP)'],['Jackie DUNBAR (SNP)'],['Jackie DUNBAR (SNP)'],['Jackie DUNBAR (SNP)'],['Jackie DUNBAR (SNP)'],['Jackie DUNBAR (SNP)'],['Jackie DUNBAR (SNP)'],['Jackie DUNBAR (SNP)'],['Jackie DUNBAR (SNP)'],['Jackie DUNBAR (SNP)']
raw_data/scotland/processed_data/aberdeen2017/DyceBucksburnDanestoneWard_aberdeen17-01.csv,5,['Neil MACGREGOR (SNP)'],['Neil MACGREGOR (SNP)'],['Neil MACGREGOR (SNP)'],['Neil MACGREGOR (SNP)'],['Avril MACKENZIE (Con)'],['Avril MACKENZIE (Con)'],['Neil MACGREGOR (SNP)'],['Neil MACGREGOR (SNP)'],['Neil MACGREGOR (SNP)'],['Neil MACGREGOR (SNP)'],['Neil MACGREGOR (SNP)'],['Neil MACGREGOR (SNP)'],['Neil MACGREGOR (SNP)'],['Avril MACKENZIE (Con)'],['Neil MACGREGOR (SNP)'],['Neil MACGREGOR (SNP)'],['Neil MACGREGOR (SNP)'],['Neil MACGREGOR (SNP)'],['Neil MACGREGOR (SNP)'],['Avril MACKENZIE (Con)'],['Neil MACGREGOR (SNP)'],['Neil MACGREGOR (SNP)'],['Neil MACGREGOR (SNP)'],['Neil MACGREGOR (SNP)'],['Neil MACGREGOR (SNP)'],['Neil MACGREGOR (SNP)'],['Neil MACGREGOR (SNP)'],['Neil MACGREGOR (SNP)'],['Avril MACKENZIE (Con)'],['Neil MACGREGOR (SNP)']
raw_data/scotland/processed_data/aberdeen2017/BridgeofDonWard_aberdeen17-02.csv,8,['Alison ALPHONSE (SNP)'],['Alison ALPHONSE (SNP)'],['Alison ALPHONSE (SNP)'],['Alison ALPHONSE (SNP)'],['John Michael REYNOLDS (Ind)'],['Alison ALPHONSE (SNP)'],['Alison ALPHONSE (SNP)'],['Alison ALPHONSE (SNP)'],['Alison ALPHONSE (SNP)'],['Alison ALPHONSE (SNP)'],['Alison ALPHONSE (SNP)'],['Alison ALPHONSE (SNP)'],['Alison ALPHONSE (SNP)'],['Alison ALPHONSE (SNP)'],['Alison ALPHONSE (SNP)'],['Alison ALPHONSE (SNP)'],['Alison ALPHONSE (SNP)'],['Alison ALPHONSE (SNP)'],['Alison ALPHONSE (SNP)'],['Brett HUNT (Con)'],['Alison ALPHONSE (SNP)'],['Alison ALPHONSE (SNP)'],['Alison ALPHONSE (SNP)'],['Alison ALPHONSE (SNP)'],['Alison ALPHONSE (SNP)'],['Alison ALPHONSE (SNP)'],['Alison ALPHONSE (SNP)'],['Alison ALPHONSE (SNP)'],['Alison ALPHONSE (SNP)'],['Alison ALPHONSE (SNP)']
raw_data/scotland/processed_data/aberdeen2017/LowerDeesideWard_aberdeen17-09.csv,8,['Philip BELL (Con)'],['Philip BELL (Con)'],['Philip BELL (Con)'],['Philip BELL (Con)'],['Philip BELL (Con)'],['Philip BELL (Con)'],['Philip BELL (Con)'],['Philip BELL (Con)'],['Philip BELL (Con)'],['Philip BELL (Con)'],['Philip BELL (Con)'],['Philip BELL (Con)'],['Philip BELL (Con)'],['Philip BELL (Con)'],['Philip BELL (Con)'],['Philip BELL (Con)'],['Philip BELL (Con)'],['Philip BELL (Con)'],['Philip BELL (Con)'],['Philip BELL (Con)'],['Philip BELL (Con)'],['Philip BELL (Con)'],['Philip BELL (Con)'],['Philip BELL (Con)'],['Philip BELL (Con)'],['Philip BELL (Con)'],['Philip BELL (Con)'],['Philip BELL (Con)'],['Philip BELL (Con)'],['Philip BELL (Con)']
raw_data/scotland/processed_data/aberdeen2017/GeorgeStHarbourWard_aberdeen17-08.csv,6,['Michael Frederick HUTCHISON (SNP)'],['Michael Frederick HUTCHISON (SNP)'],['Michael Frederick HUTCHISON (SNP)'],['Michael Frederick HUTCHISON (SNP)'],['Michael Frederick HUTCHISON (SNP)'],['Michael Frederick HUTCHISON (SNP)'],['Michael Frederick HUTCHISON (SNP)'],['Michael Frederick HUTCHISON (SNP)'],['Michael Frederick HUTCHISON (SNP)'],['Michael Frederick HUTCHISON (SNP)'],['Michael Frederick HUTCHISON (SNP)'],['Michael Frederick HUTCHISON (SNP)'],['Michael Frederick HUTCHISON (SNP)'],['Michael Frederick HUTCHISON (SNP)'],['Michael Frederick HUTCHISON (SNP)'],['Michael Frederick HUTCHISON (SNP)'],['Michael Frederick HUTCHISON (SNP)'],['Michael Frederick HUTCHISON (SNP)'],['Michael Frederick HUTCHISON (SNP)'],['Michael Frederick HUTCHISON (SNP)'],['Michael Frederick HUTCHISON (SNP)'],['Michael Frederick HUTCHISON (SNP)'],['Michael Frederick HUTCHISON (SNP)'],['Michael Frederick HUTCHISON (SNP)'],['Michael Frederick HUTCHISON (SNP)'],['Michael Frederick HUTCHISON (SNP)'],['Michael Frederick HUTCHISON (SNP)'],['Michael Frederick HUTCHISON (SNP)'],['Michael Frederick HUTCHISON (SNP)'],['Michael Frederick HUTCHISON (SNP)']
raw_data/scotland/processed_data/aberdeen2017/MidstocketRosemountWard_aberdeen17-07.csv,7,['Bill CORMIE (SNP)'],['Bill CORMIE (SNP)'],['Bill CORMIE (SNP)'],['Bill CORMIE (SNP)'],['Bill CORMIE (SNP)'],['Bill CORMIE (SNP)'],['Bill CORMIE (SNP)'],['Bill CORMIE (SNP)'],['Bill CORMIE (SNP)'],['Bill CORMIE (SNP)'],['Bill CORMIE (SNP)'],['Bill CORMIE (SNP)'],['Bill CORMIE (SNP)'],['Bill CORMIE (SNP)'],['Bill CORMIE (SNP)'],['Bill CORMIE (SNP)'],['Bill CORMIE (SNP)'],['Bill CORMIE (SNP)'],['Bill CORMIE (SNP)'],['Bill CORMIE (SNP)'],['Bill CORMIE (SNP)'],['Bill CORMIE (SNP)'],['Bill CORMIE (SNP)'],['Bill CORMIE (SNP)'],['Bill CORMIE (SNP)'],['Bill CORMIE (SNP)'],['Bill CORMIE (SNP)'],['Bill CORMIE (SNP)'],['Bill CORMIE (SNP)'],['Bill CORMIE (SNP)']
raw_data/scotland/processed_data/aberdeen2017/KingswellsSheddocksleySummerhillWard_aberdeen17-03.csv,6,['Steve DELANEY (LD)'],['Steve DELANEY (LD)'],['Steve DELANEY (LD)'],['Steve DELANEY (LD)'],['Steve DELANEY (LD)'],['Steve DELANEY (LD)'],['Steve DELANEY (LD)'],['Steve DELANEY (LD)'],['Steve DELANEY (LD)'],['Steve DELANEY (LD)'],['Steve DELANEY (LD)'],['Steve DELANEY (LD)'],['Steve DELANEY (LD)'],['Steve DELANEY (LD)'],['Steve DELANEY (LD)'],['Steve DELANEY (LD)'],['Steve DELANEY (LD)'],['Steve DELANEY (LD)'],['Steve DELANEY (LD)'],['Steve DELANEY (LD)'],['Steve DELANEY (LD)'],['Steve DELANEY (LD)'],['Steve DELANEY (LD)'],['Steve DELANEY (LD)'],['Steve DELANEY (LD)'],['Steve DELANEY (LD)'],['Steve DELANEY (LD)'],['Steve DELANEY (LD)'],['Steve DELANEY (LD)'],['Steve DELANEY (LD)']
raw_data/scotland/processed_data/aberdeen2017/AiryhallBroomhillGarthdeeWard_aberdeen17-11.csv,4,['Ian YUILL (LD)'],['Ian YUILL (LD)'],['Ian YUILL (LD)'],['Ian YUILL (LD)'],['Ian YUILL (LD)'],['Ian YUILL (LD)'],['Ian YUILL (LD)'],['Ian YUILL (LD)'],['Ian YUILL (LD)'],['Ian YUILL (LD)'],['Ian YUILL (LD)'],['Ian YUILL (LD)'],['Ian YUILL (LD)'],['Ian YUILL (LD)'],['Ian YUILL (LD)'],['Ian YUILL (LD)'],['Ian YUILL (LD)'],['Ian YUILL (LD)'],['Ian YUILL (LD)'],['Ian YUILL (LD)'],['Ian YUILL (LD)'],['Ian YUILL (LD)'],['Ian YUILL (LD)'],['Ian YUILL (LD)'],['Ian YUILL (LD)'],['Ian YUILL (LD)'],['Ian YUILL (LD)'],['Ian YUILL (LD)'],['Ian YUILL (LD)'],['Ian YUILL (LD)']
raw_data/scotland/processed_data/aberdeen2017/HiltonWoodsideStockethillWard_aberdeen17-05.csv,6,['Neil Cameron COPLAND (SNP)'],['Neil Cameron COPLAND (SNP)'],['Neil Cameron COPLAND (SNP)'],['Neil Cameron COPLAND (SNP)'],['Neil Cameron COPLAND (SNP)'],['Neil Cameron COPLAND (SNP)'],['Neil Cameron COPLAND (SNP)'],['Neil Cameron COPLAND (SNP)'],['Neil Cameron COPLAND (SNP)'],['Neil Cameron COPLAND (SNP)'],['Neil Cameron COPLAND (SNP)'],['Neil Cameron COPLAND (SNP)'],['Neil Cameron COPLAND (SNP)'],['Neil Cameron COPLAND (SNP)'],['Neil Cameron COPLAND (SNP)'],['Neil Cameron COPLAND (SNP)'],['Neil Cameron COPLAND (SNP)'],['Neil Cameron COPLAND (SNP)'],['Neil Cameron COPLAND (SNP)'],['Neil Cameron COPLAND (SNP)'],['Neil Cameron COPLAND (SNP)'],['Neil Cameron COPLAND (SNP)'],['Neil Cameron COPLAND (SNP)'],['Neil Cameron COPLAND (SNP)'],['Neil Cameron COPLAND (SNP)'],['Neil Cameron COPLAND (SNP)'],['Neil Cameron COPLAND (SNP)'],['Neil Cameron COPLAND (SNP)'],['Neil Cameron COPLAND (SNP)'],['Neil Cameron COPLAND (SNP)']
raw_data/scotland/processed_data/aberdeen2017/TillydroneSeatonOldAberdeenWard_aberdeen17-06.csv,7,['Alexander MCLELLAN (SNP)'],['Alexander MCLELLAN (SNP)'],['Alexander MCLELLAN (SNP)'],['Alexander MCLELLAN (SNP)'],['Alexander MCLELLAN (SNP)'],['Alexander MCLELLAN (SNP)'],['Alexander MCLELLAN (SNP)'],['Alexander MCLELLAN (SNP)'],['Alexander MCLELLAN (SNP)'],['Alexander MCLELLAN (SNP)'],['Alexander MCLELLAN (SNP)'],['Alexander MCLELLAN (SNP)'],['Alexander MCLELLAN (SNP)'],['Alexander MCLELLAN (SNP)'],['Alexander MCLELLAN (SNP)'],['Alexander MCLELLAN (SNP)'],['Alexander MCLELLAN (SNP)'],['Alexander MCLELLAN (SNP)'],['Alexander MCLELLAN (SNP)'],['Alexander MCLELLAN (SNP)'],['Alexander MCLELLAN (SNP)'],['Alexander MCLELLAN (SNP)'],['Alexander MCLELLAN (SNP)'],['Alexander MCLELLAN (SNP)'],['Alexander MCLELLAN (SNP)'],['Alexander MCLELLAN (SNP)'],['Alexander MCLELLAN (SNP)'],['Alexander MCLELLAN (SNP)'],['Alexander MCLELLAN (SNP)'],['Alexander MCLELLAN (SNP)']
raw_data/scotland/processed_data/aberdeen2017/KincorthNiggCoveWard_aberdeen17-13.csv,6,['Stephen FLYNN (SNP)'],['Stephen FLYNN (SNP)'],['Stephen FLYNN (SNP)'],['Stephen FLYNN (SNP)'],['Stephen FLYNN (SNP)'],['Stephen FLYNN (SNP)'],['Stephen FLYNN (SNP)'],['Stephen FLYNN (SNP)'],['Stephen FLYNN (SNP)'],['Stephen FLYNN (SNP)'],['Stephen FLYNN (SNP)'],['Stephen FLYNN (SNP)'],['Stephen FLYNN (SNP)'],['Stephen FLYNN (SNP)'],['Stephen FLYNN (SNP)'],['Stephen FLYNN (SNP)'],['Stephen FLYNN (SNP)'],['Stephen FLYNN (SNP)'],['Stephen FLYNN (SNP)'],['Stephen FLYNN (SNP)'],['Stephen FLYNN (SNP)'],['Stephen FLYNN (SNP)'],['Stephen FLYNN (SNP)'],['Stephen FLYNN (SNP)'],['Stephen FLYNN (SNP)'],['Stephen FLYNN (SNP)'],['Stephen FLYNN (SNP)'],['Stephen FLYNN (SNP)'],['Stephen FLYNN (SNP)'],['Stephen FLYNN (SNP)']
raw_data/scotland/processed_data/aberdeen2017/HazleheadQueensCrossCountesswellsWard_aberdeen17-10.csv,4,['Jennifer STEWART (LD)'],['Jennifer STEWART (LD)'],['Jennifer STEWART (LD)'],['Jennifer STEWART (LD)'],['Jennifer STEWART (LD)'],['Jennifer STEWART (LD)'],['Jennifer STEWART (LD)'],['Jennifer STEWART (LD)'],['Jennifer STEWART (LD)'],['Jennifer STEWART (LD)'],['Jennifer STEWART (LD)'],['Jennifer STEWART (LD)'],['Jennifer STEWART (LD)'],['Jennifer STEWART (LD)'],['Jennifer STEWART (LD)'],['Jennifer STEWART (LD)'],['Jennifer STEWART (LD)'],['Jennifer STEWART (LD)'],['Jennifer STEWART (LD)'],['Jennifer STEWART (LD)'],['Jennifer STEWART (LD)'],['Jennifer STEWART (LD)'],['Jennifer STEWART (LD)'],['Jennifer STEWART (LD)'],['Jennifer STEWART (LD)'],['Jennifer STEWART (LD)'],['Jennifer STEWART (LD)'],['Jennifer STEWART (LD)'],['Jennifer STEWART (LD)'],['Jennifer STEWART (LD)']
raw_data/scotland/processed_data/sc-borders12-ballots/LeaderdaleandMelroseWard_sc-borders12-05.csv,6,['David PARKER(Ind)'],['David PARKER(Ind)'],['David PARKER(Ind)'],['David PARKER(Ind)'],['David PARKER(Ind)'],['David PARKER(Ind)'],['David PARKER(Ind)'],['David PARKER(Ind)'],['David PARKER(Ind)'],['David PARKER(Ind)'],['David PARKER(Ind)'],['David PARKER(Ind)'],['David PARKER(Ind)'],['David PARKER(Ind)'],['David PARKER(Ind)'],['David PARKER(Ind)'],['David PARKER(Ind)'],['David PARKER(Ind)'],['David PARKER(Ind)'],['David PARKER(Ind)'],['David PARKER(Ind)'],['David PARKER(Ind)'],['David PARKER(Ind)'],['David PARKER(Ind)'],['David PARKER(Ind)'],['David PARKER(Ind)'],['David PARKER(Ind)'],['David PARKER(Ind)'],['David PARKER(Ind)'],['David PARKER(Ind)']
raw_data/scotland/processed_data/sc-borders12-ballots/HawickandDenholmWard_sc-borders12-10.csv,7,['Stuart MARSHALL (Ind)'],['Stuart MARSHALL (Ind)'],['Stuart MARSHALL (Ind)'],['Stuart MARSHALL (Ind)'],['Stuart MARSHALL (Ind)'],['Stuart MARSHALL (Ind)'],['Stuart MARSHALL (Ind)'],['Stuart MARSHALL (Ind)'],['Stuart MARSHALL (Ind)'],['Stuart MARSHALL (Ind)'],['Stuart MARSHALL (Ind)'],['Stuart MARSHALL (Ind)'],['Stuart MARSHALL (Ind)'],['Stuart MARSHALL (Ind)'],['Stuart MARSHALL (Ind)'],['Stuart MARSHALL (Ind)'],['Stuart MARSHALL (Ind)'],['Stuart MARSHALL (Ind)'],['Stuart MARSHALL (Ind)'],['Stuart MARSHALL (Ind)'],['Stuart MARSHALL (Ind)'],['Stuart MARSHALL (Ind)'],['Stuart MARSHALL (Ind)'],['Stuart MARSHALL (Ind)'],['Stuart MARSHALL (Ind)'],['Stuart MARSHALL (Ind)'],['Stuart MARSHALL (Ind)'],['Stuart MARSHALL (Ind)'],['Stuart MARSHALL (Ind)'],['Stuart MARSHALL (Ind)']
raw_data/scotland/processed_data/sc-borders12-ballots/HawickandHermitageWard_sc-borders12-11.csv,7,['Davie PATERSON (Ind)'],['Davie PATERSON (Ind)'],['Davie PATERSON (Ind)'],['Davie PATERSON (Ind)'],['Davie PATERSON (Ind)'],['Davie PATERSON (Ind)'],['Davie PATERSON (Ind)'],['Davie PATERSON (Ind)'],['Davie PATERSON (Ind)'],['Davie PATERSON (Ind)'],['Davie PATERSON (Ind)'],['Davie PATERSON (Ind)'],['Davie PATERSON (Ind)'],['Davie PATERSON (Ind)'],['Davie PATERSON (Ind)'],['Davie PATERSON (Ind)'],['Davie PATERSON (Ind)'],['Davie PATERSON (Ind)'],['Davie PATERSON (Ind)'],['Davie PATERSON (Ind)'],['Davie PATERSON (Ind)'],['Davie PATERSON (Ind)'],['Davie PATERSON (Ind)'],['Davie PATERSON (Ind)'],['Davie PATERSON (Ind)'],['Davie PATERSON (Ind)'],['Davie PATERSON (Ind)'],['Davie PATERSON (Ind)'],['Davie PATERSON (Ind)'],['Davie PATERSON (Ind)']
raw_data/scotland/processed_data/sc-borders12-ballots/EastBerwickshireWard_sc-borders12-07.csv,7,['Michael COOK (Ind)'],['Michael COOK (Ind)'],['Michael COOK (Ind)'],['Michael COOK (Ind)'],['Michael COOK (Ind)'],['Michael COOK (Ind)'],['Michael COOK (Ind)'],['Michael COOK (Ind)'],['Michael COOK (Ind)'],['Michael COOK (Ind)'],['Michael COOK (Ind)'],['Michael COOK (Ind)'],['Michael COOK (Ind)'],['Michael COOK (Ind)'],['Michael COOK (Ind)'],['Michael COOK (Ind)'],['Michael COOK (Ind)'],['Michael COOK (Ind)'],['Michael COOK (Ind)'],['Michael COOK (Ind)'],['Michael COOK (Ind)'],['Michael COOK (Ind)'],['Michael COOK (Ind)'],['Michael COOK (Ind)'],['Michael COOK (Ind)'],['Michael COOK (Ind)'],['Michael COOK (Ind)'],['Michael COOK (Ind)'],['Michael COOK (Ind)'],['Michael COOK (Ind)']
raw_data/scotland/processed_data/sc-borders12-ballots/SelkirkshireWard_sc-borders12-04.csv,6,['Michelle BALLANTYNE (Con)'],['Vicky DAVIDSON (LD)'],['Michelle BALLANTYNE (Con)'],['Vicky DAVIDSON (LD)'],['Vicky DAVIDSON (LD)'],['Vicky DAVIDSON (LD)'],['Vicky DAVIDSON (LD)'],['Vicky DAVIDSON (LD)'],['Vicky DAVIDSON (LD)'],['Vicky DAVIDSON (LD)'],['Vicky DAVIDSON (LD)'],['Vicky DAVIDSON (LD)'],['Vicky DAVIDSON (LD)'],['Vicky DAVIDSON (LD)'],['Vicky DAVIDSON (LD)'],['Michelle BALLANTYNE (Con)'],['Vicky DAVIDSON (LD)'],['Vicky DAVIDSON (LD)'],['Vicky DAVIDSON (LD)'],['Vicky DAVIDSON (LD)'],['Vicky DAVIDSON (LD)'],['Vicky DAVIDSON (LD)'],['Vicky DAVIDSON (LD)'],['Vicky DAVIDSON (LD)'],['Vicky DAVIDSON (LD)'],['Vicky DAVIDSON (LD)'],['Vicky DAVIDSON (LD)'],['Vicky DAVIDSON (LD)'],['Vicky DAVIDSON (LD)'],['Vicky DAVIDSON (LD)']
raw_data/scotland/processed_data/sc-borders12-ballots/TweeddaleWestWard_sc-borders12-01.csv,5,['Catriona Judith Steel BHATIA (LD)'],['Catriona Judith Steel BHATIA (LD)'],['Catriona Judith Steel BHATIA (LD)'],['Catriona Judith Steel BHATIA (LD)'],['Catriona Judith Steel BHATIA (LD)'],['Catriona Judith Steel BHATIA (LD)'],['Catriona Judith Steel BHATIA (LD)'],['Catriona Judith Steel BHATIA (LD)'],['Catriona Judith Steel BHATIA (LD)'],['Catriona Judith Steel BHATIA (LD)'],['Catriona Judith Steel BHATIA (LD)'],['Catriona Judith Steel BHATIA (LD)'],['Catriona Judith Steel BHATIA (LD)'],['Catriona Judith Steel BHATIA (LD)'],['Catriona Judith Steel BHATIA (LD)'],['Catriona Judith Steel BHATIA (LD)'],['Catriona Judith Steel BHATIA (LD)'],['Catriona Judith Steel BHATIA (LD)'],['Catriona Judith Steel BHATIA (LD)'],['Catriona Judith Steel BHATIA (LD)'],['Catriona Judith Steel BHATIA (LD)'],['Catriona Judith Steel BHATIA (LD)'],['Catriona Judith Steel BHATIA (LD)'],['Catriona Judith Steel BHATIA (LD)'],['Catriona Judith Steel BHATIA (LD)'],['Catriona Judith Steel BHATIA (LD)'],['Catriona Judith Steel BHATIA (LD)'],['Catriona Judith Steel BHATIA (LD)'],['Catriona Judith Steel BHATIA (LD)'],['Catriona Judith Steel BHATIA (LD)']
raw_data/scotland/processed_data/sc-borders12-ballots/GalashielsandDistrictWard_sc-borders12-03.csv,6,['Bill HERD (SNP)'],['Sandy AITCHISON (Scottish Borders)'],['Sandy AITCHISON (Scottish Borders)'],['Sandy AITCHISON (Scottish Borders)'],['Sandy AITCHISON (Scottish Borders)'],['Sandy AITCHISON (Scottish Borders)'],['Sandy AITCHISON (Scottish Borders)'],['Sandy AITCHISON (Scottish Borders)'],['Sandy AITCHISON (Scottish Borders)'],['Sandy AITCHISON (Scottish Borders)'],['Sandy AITCHISON (Scottish Borders)'],['Sandy AITCHISON (Scottish Borders)'],['Sandy AITCHISON (Scottish Borders)'],['Sandy AITCHISON (Scottish Borders)'],['Sandy AITCHISON (Scottish Borders)'],['Bill HERD (SNP)'],['Sandy AITCHISON (Scottish Borders)'],['Sandy AITCHISON (Scottish Borders)'],['Sandy AITCHISON (Scottish Borders)'],['Sandy AITCHISON (Scottish Borders)'],['Sandy AITCHISON (Scottish Borders)'],['Sandy AITCHISON (Scottish Borders)'],['Sandy AITCHISON (Scottish Borders)'],['Sandy AITCHISON (Scottish Borders)'],['Sandy AITCHISON (Scottish Borders)'],['Sandy AITCHISON (Scottish Borders)'],['Sandy AITCHISON (Scottish Borders)'],['Sandy AITCHISON (Scottish Borders)'],['Sandy AITCHISON (Scottish Borders)'],['Sandy AITCHISON (Scottish Borders)']
raw_data/scotland/processed_data/sc-borders12-ballots/TweeddaleEastWard_sc-borders12-02.csv,6,['Stuart BELL (SNP)'],['Stuart BELL (SNP)'],['Stuart BELL (SNP)'],['Stuart BELL (SNP)'],['Stuart BELL (SNP)'],['Stuart BELL (SNP)'],['Stuart BELL (SNP)'],['Stuart BELL (SNP)'],['Stuart BELL (SNP)'],['Stuart BELL (SNP)'],['Stuart BELL (SNP)'],['Stuart BELL (SNP)'],['Stuart BELL (SNP)'],['Stuart BELL (SNP)'],['Stuart BELL (SNP)'],['Stuart BELL (SNP)'],['Stuart BELL (SNP)'],['Stuart BELL (SNP)'],['Stuart BELL (SNP)'],['Graham GARVIE (LD)'],['Stuart BELL (SNP)'],['Stuart BELL (SNP)'],['Stuart BELL (SNP)'],['Stuart BELL (SNP)'],['Stuart BELL (SNP)'],['Stuart BELL (SNP)'],['Stuart BELL (SNP)'],['Stuart BELL (SNP)'],['Graham GARVIE (LD)'],['Stuart BELL (SNP)']
raw_data/scotland/processed_data/sc-borders12-ballots/MidBerwickshireWard_sc-borders12-06.csv,4,['Donald MOFFAT (SNP)'],['Donald MOFFAT (SNP)'],['Donald MOFFAT (SNP)'],['Donald MOFFAT (SNP)'],['Donald MOFFAT (SNP)'],['Donald MOFFAT (SNP)'],['Donald MOFFAT (SNP)'],['Donald MOFFAT (SNP)'],['Donald MOFFAT (SNP)'],['Donald MOFFAT (SNP)'],['Donald MOFFAT (SNP)'],['Donald MOFFAT (SNP)'],['Donald MOFFAT (SNP)'],['Donald MOFFAT (SNP)'],['Donald MOFFAT (SNP)'],['Donald MOFFAT (SNP)'],['Donald MOFFAT (SNP)'],['Donald MOFFAT (SNP)'],['Donald MOFFAT (SNP)'],['Donald MOFFAT (SNP)'],['Donald MOFFAT (SNP)'],['Donald MOFFAT (SNP)'],['Donald MOFFAT (SNP)'],['Donald MOFFAT (SNP)'],['Donald MOFFAT (SNP)'],['Donald MOFFAT (SNP)'],['Donald MOFFAT (SNP)'],['Donald MOFFAT (SNP)'],['Donald MOFFAT (SNP)'],['Donald MOFFAT (SNP)']
raw_data/scotland/processed_data/sc-borders12-ballots/JedburghandDistrictWard_sc-borders12-09.csv,6,['Len WYSE (Con)'],['Len WYSE (Con)'],['Len WYSE (Con)'],['Len WYSE (Con)'],['Jim BROWN (SNP)'],['Len WYSE (Con)'],['Len WYSE (Con)'],['Len WYSE (Con)'],['Len WYSE (Con)'],['Len WYSE (Con)'],['Len WYSE (Con)'],['Len WYSE (Con)'],['Len WYSE (Con)'],['Len WYSE (Con)'],['Len WYSE (Con)'],['Len WYSE (Con)'],['Len WYSE (Con)'],['Len WYSE (Con)'],['Len WYSE (Con)'],['Rory STEWART (Ind)'],['Len WYSE (Con)'],['Len WYSE (Con)'],['Len WYSE (Con)'],['Len WYSE (Con)'],['Len WYSE (Con)'],['Len WYSE (Con)'],['Len WYSE (Con)'],['Len WYSE (Con)'],['Len WYSE (Con)'],['Len WYSE (Con)']
raw_data/scotland/processed_data/sc-borders12-ballots/Kelso&DistrictWard_sc-borders12-08.csv,7,['Tom WEATHERSTON (Con)'],['Tom WEATHERSTON (Con)'],['Tom WEATHERSTON (Con)'],['Tom WEATHERSTON (Con)'],['Alec NICOL (LD)'],['Tom WEATHERSTON (Con)'],['Tom WEATHERSTON (Con)'],['Tom WEATHERSTON (Con)'],['Tom WEATHERSTON (Con)'],['Tom WEATHERSTON (Con)'],['Tom WEATHERSTON (Con)'],['Tom WEATHERSTON (Con)'],['Tom WEATHERSTON (Con)'],['Tom WEATHERSTON (Con)'],['Tom WEATHERSTON (Con)'],['Tom WEATHERSTON (Con)'],['Tom WEATHERSTON (Con)'],['Tom WEATHERSTON (Con)'],['Tom WEATHERSTON (Con)'],['Tom WEATHERSTON (Con)'],['Tom WEATHERSTON (Con)'],['Tom WEATHERSTON (Con)'],['Tom WEATHERSTON (Con)'],['Tom WEATHERSTON (Con)'],['Tom WEATHERSTON (Con)'],['Tom WEATHERSTON (Con)'],['Tom WEATHERSTON (Con)'],['Tom WEATHERSTON (Con)'],['Tom WEATHERSTON (Con)'],['Tom WEATHERSTON (Con)']
raw_data/scotland/processed_data/argyll22/Ward6-Cowal_ward6.csv,6,['Gordon BLAIR (SNP)'],['Gordon BLAIR (SNP)'],['Gordon BLAIR (SNP)'],['Gordon BLAIR (SNP)'],['William SINCLAIR (LD)'],['Gordon BLAIR (SNP)'],['Gordon BLAIR (SNP)'],['Gordon BLAIR (SNP)'],['Gordon BLAIR (SNP)'],['Gordon BLAIR (SNP)'],['Gordon BLAIR (SNP)'],['Gordon BLAIR (SNP)'],['Gordon BLAIR (SNP)'],['William SINCLAIR (LD)'],['Gordon BLAIR (SNP)'],['Gordon BLAIR (SNP)'],['Gordon BLAIR (SNP)'],['Gordon BLAIR (SNP)'],['Gordon BLAIR (SNP)'],['William SINCLAIR (LD)'],['Gordon BLAIR (SNP)'],['Gordon BLAIR (SNP)'],['Gordon BLAIR (SNP)'],['Gordon BLAIR (SNP)'],['Gordon BLAIR (SNP)'],['Gordon BLAIR (SNP)'],['Gordon BLAIR (SNP)'],['Gordon BLAIR (SNP)'],['William SINCLAIR (LD)'],['Gordon BLAIR (SNP)']
raw_data/scotland/processed_data/argyll22/Ward9-LomondNorth_ward9.csv,7,['Maurice CORRY (Con)'],['Maurice CORRY (Con)'],['Maurice CORRY (Con)'],['George FREEMAN (Ind)'],['George FREEMAN (Ind)'],['George FREEMAN (Ind)'],['Maurice CORRY (Con)'],['George FREEMAN (Ind)'],['George FREEMAN (Ind)'],['George FREEMAN (Ind)'],['George FREEMAN (Ind)'],['George FREEMAN (Ind)'],['George FREEMAN (Ind)'],['George FREEMAN (Ind)'],['George FREEMAN (Ind)'],['Maurice CORRY (Con)'],['Maurice CORRY (Con)'],['Maurice CORRY (Con)'],['George FREEMAN (Ind)'],['George FREEMAN (Ind)'],['George FREEMAN (Ind)'],['George FREEMAN (Ind)'],['George FREEMAN (Ind)'],['George FREEMAN (Ind)'],['George FREEMAN (Ind)'],['George FREEMAN (Ind)'],['George FREEMAN (Ind)'],['George FREEMAN (Ind)'],['George FREEMAN (Ind)'],['George FREEMAN (Ind)']
raw_data/scotland/processed_data/argyll22/Ward2-KintyreandtheIslands_ward2.csv,6,['Dougie MCFADZEAN (SNP)'],['John MCALPINE (Ind)'],['John MCALPINE (Ind)'],['John MCALPINE (Ind)'],['Robin CURRIE (LD)'],['Robin CURRIE (LD)'],['Dougie MCFADZEAN (SNP)'],[],['Dougie MCFADZEAN (SNP)'],['Dougie MCFADZEAN (SNP)'],['John MCALPINE (Ind)'],['Dougie MCFADZEAN (SNP)'],['Dougie MCFADZEAN (SNP)'],['Robin CURRIE (LD)'],['Dougie MCFADZEAN (SNP)'],['Dougie MCFADZEAN (SNP)'],['John MCALPINE (Ind)'],['John MCALPINE (Ind)'],['John MCALPINE (Ind)'],['John MCALPINE (Ind)'],['John MCALPINE (Ind)'],['John MCALPINE (Ind)'],['John MCALPINE (Ind)'],['John MCALPINE (Ind)'],['John MCALPINE (Ind)'],['John MCALPINE (Ind)'],['John MCALPINE (Ind)'],['John MCALPINE (Ind)'],['John MCALPINE (Ind)'],['John MCALPINE (Ind)']
raw_data/scotland/processed_data/argyll22/Ward7-Dunoon_ward7.csv,7,['Audrey E FORREST (SNP)'],['Audrey E FORREST (SNP)'],['Audrey E FORREST (SNP)'],['Audrey E FORREST (SNP)'],['Audrey E FORREST (SNP)'],['Audrey E FORREST (SNP)'],['Audrey E FORREST (SNP)'],['Audrey E FORREST (SNP)'],['Audrey E FORREST (SNP)'],['Audrey E FORREST (SNP)'],['Audrey E FORREST (SNP)'],['Audrey E FORREST (SNP)'],['Audrey E FORREST (SNP)'],['Audrey E FORREST (SNP)'],['Audrey E FORREST (SNP)'],['Audrey E FORREST (SNP)'],['Audrey E FORREST (SNP)'],['Audrey E FORREST (SNP)'],['Audrey E FORREST (SNP)'],['Audrey E FORREST (SNP)'],['Audrey E FORREST (SNP)'],['Audrey E FORREST (SNP)'],['Audrey E FORREST (SNP)'],['Audrey E FORREST (SNP)'],['Audrey E FORREST (SNP)'],['Audrey E FORREST (SNP)'],['Audrey E FORREST (SNP)'],['Audrey E FORREST (SNP)'],['Audrey E FORREST (SNP)'],['Audrey E FORREST (SNP)']
raw_data/scotland/processed_data/argyll22/Ward8-IsleofBute_ward8.csv,9,['Reeni KENNEDY-BOYLE (SNP)'],['Liz MCCABE (Ind)'],['Liz MCCABE (Ind)'],['Liz MCCABE (Ind)'],['Liz MCCABE (Ind)'],['Liz MCCABE (Ind)'],['Liz MCCABE (Ind)'],['Liz MCCABE (Ind)'],['Liz MCCABE (Ind)'],['Liz MCCABE (Ind)'],['Liz MCCABE (Ind)'],['Liz MCCABE (Ind)'],['Liz MCCABE (Ind)'],['Liz MCCABE (Ind)'],['Liz MCCABE (Ind)'],['Liz MCCABE (Ind)'],['Liz MCCABE (Ind)'],['Liz MCCABE (Ind)'],['Liz MCCABE (Ind)'],['Liz MCCABE (Ind)'],['Liz MCCABE (Ind)'],['Liz MCCABE (Ind)'],['Liz MCCABE (Ind)'],['Liz MCCABE (Ind)'],['Liz MCCABE (Ind)'],['Liz MCCABE (Ind)'],['Liz MCCABE (Ind)'],['Liz MCCABE (Ind)'],['Liz MCCABE (Ind)'],['Liz MCCABE (Ind)']
raw_data/scotland/processed_data/argyll22/Ward5-ObanNorthandLorn_ward5.csv,8,['Julie MCKENZIE (SNP)'],['Julie MCKENZIE (SNP)'],['Julie MCKENZIE (SNP)'],['Julie MCKENZIE (SNP)'],['Julie MCKENZIE (SNP)'],['Julie MCKENZIE (SNP)'],['Julie MCKENZIE (SNP)'],['Julie MCKENZIE (SNP)'],['Julie MCKENZIE (SNP)'],['Julie MCKENZIE (SNP)'],['Julie MCKENZIE (SNP)'],['Julie MCKENZIE (SNP)'],['Julie MCKENZIE (SNP)'],['Kieron GREEN (Ind)'],['Julie MCKENZIE (SNP)'],['Julie MCKENZIE (SNP)'],['Julie MCKENZIE (SNP)'],['Julie MCKENZIE (SNP)'],['Julie MCKENZIE (SNP)'],['Kieron GREEN (Ind)'],['Julie MCKENZIE (SNP)'],['Julie MCKENZIE (SNP)'],['Julie MCKENZIE (SNP)'],['Julie MCKENZIE (SNP)'],['Julie MCKENZIE (SNP)'],['Julie MCKENZIE (SNP)'],['Julie MCKENZIE (SNP)'],['Julie MCKENZIE (SNP)'],['Kieron GREEN (Ind)'],['Julie MCKENZIE (SNP)']
raw_data/scotland/processed_data/argyll22/Ward11-HelensburghandLomondSouth_ward11.csv,4,['Gemma PENFOLD (Con)'],['Gemma PENFOLD (Con)'],['Gemma PENFOLD (Con)'],['Gemma PENFOLD (Con)'],['Paul Donald KENNEDY (LD)'],['Gemma PENFOLD (Con)'],['Gemma PENFOLD (Con)'],['Gemma PENFOLD (Con)'],['Gemma PENFOLD (Con)'],['Gemma PENFOLD (Con)'],['Gemma PENFOLD (Con)'],['Gemma PENFOLD (Con)'],['Gemma PENFOLD (Con)'],['Gemma PENFOLD (Con)'],['Gemma PENFOLD (Con)'],['Gemma PENFOLD (Con)'],['Gemma PENFOLD (Con)'],['Gemma PENFOLD (Con)'],['Gemma PENFOLD (Con)'],['Paul Donald KENNEDY (LD)'],['Gemma PENFOLD (Con)'],['Gemma PENFOLD (Con)'],['Gemma PENFOLD (Con)'],['Gemma PENFOLD (Con)'],['Gemma PENFOLD (Con)'],['Gemma PENFOLD (Con)'],['Gemma PENFOLD (Con)'],['Gemma PENFOLD (Con)'],['Gemma PENFOLD (Con)'],['Gemma PENFOLD (Con)']
raw_data/scotland/processed_data/argyll22/Ward4-ObanSouthandtheIsles_ward4.csv,10,['Jim LYNCH (SNP)'],['Jim LYNCH (SNP)'],['Jim LYNCH (SNP)'],['Jim LYNCH (SNP)'],['Jim LYNCH (SNP)'],['Jim LYNCH (SNP)'],['Jim LYNCH (SNP)'],['Jim LYNCH (SNP)'],['Jim LYNCH (SNP)'],['Jim LYNCH (SNP)'],['Jim LYNCH (SNP)'],['Jim LYNCH (SNP)'],['Jim LYNCH (SNP)'],['Jim LYNCH (SNP)'],['Jim LYNCH (SNP)'],['Jim LYNCH (SNP)'],['Jim LYNCH (SNP)'],['Jim LYNCH (SNP)'],['Jim LYNCH (SNP)'],['Jim LYNCH (SNP)'],['Jim LYNCH (SNP)'],['Jim LYNCH (SNP)'],['Jim LYNCH (SNP)'],['Jim LYNCH (SNP)'],['Jim LYNCH (SNP)'],['Jim LYNCH (SNP)'],['Jim LYNCH (SNP)'],['Jim LYNCH (SNP)'],['Jim LYNCH (SNP)'],['Jim LYNCH (SNP)']
raw_data/scotland/processed_data/argyll22/Ward10-HelensburghCentral_ward10.csv,6,['Gary MULVANEY (Con)'],['Fiona HOWARD (Lab)'],['Fiona HOWARD (Lab)'],['Fiona HOWARD (Lab)'],['Fiona HOWARD (Lab)'],['Fiona HOWARD (Lab)'],['Gary MULVANEY (Con)'],['Fiona HOWARD (Lab)'],['Fiona HOWARD (Lab)'],['Fiona HOWARD (Lab)'],['Fiona HOWARD (Lab)'],['Fiona HOWARD (Lab)'],['Fiona HOWARD (Lab)'],['Fiona HOWARD (Lab)'],['Fiona HOWARD (Lab)'],['Gary MULVANEY (Con)'],['Fiona HOWARD (Lab)'],['Gary MULVANEY (Con)'],['Fiona HOWARD (Lab)'],['Fiona HOWARD (Lab)'],['Fiona HOWARD (Lab)'],['Fiona HOWARD (Lab)'],['Fiona HOWARD (Lab)'],['Fiona HOWARD (Lab)'],['Fiona HOWARD (Lab)'],['Fiona HOWARD (Lab)'],['Fiona HOWARD (Lab)'],['Fiona HOWARD (Lab)'],['Fiona HOWARD (Lab)'],['Fiona HOWARD (Lab)']
raw_data/scotland/processed_data/argyll22/Ward1-SouthKintyre_ward1.csv,4,['Donald KELLY (Ind)'],['Donald KELLY (Ind)'],['Donald KELLY (Ind)'],['Donald KELLY (Ind)'],['Donald KELLY (Ind)'],['Donald KELLY (Ind)'],['Donald KELLY (Ind)'],['Donald KELLY (Ind)'],['Donald KELLY (Ind)'],['Donald KELLY (Ind)'],['Donald KELLY (Ind)'],['Donald KELLY (Ind)'],['Donald KELLY (Ind)'],['Donald KELLY (Ind)'],['Donald KELLY (Ind)'],['Donald KELLY (Ind)'],['Donald KELLY (Ind)'],['Donald KELLY (Ind)'],['Donald KELLY (Ind)'],['Donald KELLY (Ind)'],['Donald KELLY (Ind)'],['Donald KELLY (Ind)'],['Donald KELLY (Ind)'],['Donald KELLY (Ind)'],['Donald KELLY (Ind)'],['Donald KELLY (Ind)'],['Donald KELLY (Ind)'],['Donald KELLY (Ind)'],['Donald KELLY (Ind)'],['Donald KELLY (Ind)']
raw_data/scotland/processed_data/argyll22/Ward3-Mid-Argyll_ward3.csv,9,['Douglas Trevor PHILAND (Ind)'],['Douglas Trevor PHILAND (Ind)'],['Douglas Trevor PHILAND (Ind)'],['Douglas Trevor PHILAND (Ind)'],['Douglas Trevor PHILAND (Ind)'],['Douglas Trevor PHILAND (Ind)'],['Douglas Trevor PHILAND (Ind)'],['Douglas Trevor PHILAND (Ind)'],['Douglas Trevor PHILAND (Ind)'],['Douglas Trevor PHILAND (Ind)'],['Douglas Trevor PHILAND (Ind)'],['Douglas Trevor PHILAND (Ind)'],['Douglas Trevor PHILAND (Ind)'],['Douglas Trevor PHILAND (Ind)'],['Douglas Trevor PHILAND (Ind)'],['Douglas Trevor PHILAND (Ind)'],['Douglas Trevor PHILAND (Ind)'],['Douglas Trevor PHILAND (Ind)'],['Douglas Trevor PHILAND (Ind)'],['Douglas Trevor PHILAND (Ind)'],['Douglas Trevor PHILAND (Ind)'],['Douglas Trevor PHILAND (Ind)'],['Douglas Trevor PHILAND (Ind)'],['Douglas Trevor PHILAND (Ind)'],['Douglas Trevor PHILAND (Ind)'],['Douglas Trevor PHILAND (Ind)'],['Douglas Trevor PHILAND (Ind)'],['Douglas Trevor PHILAND (Ind)'],['Douglas Trevor PHILAND (Ind)'],['Douglas Trevor PHILAND (Ind)']
raw_data/scotland/processed_data/orkney22/Ward6-NorthIslesWard_ward6.csv,5,['Heather WOODBRIDGE (Ind)'],['Heather WOODBRIDGE (Ind)'],['Heather WOODBRIDGE (Ind)'],['Heather WOODBRIDGE (Ind)'],['Heather WOODBRIDGE (Ind)'],['Heather WOODBRIDGE (Ind)'],['Heather WOODBRIDGE (Ind)'],['Heather WOODBRIDGE (Ind)'],['Heather WOODBRIDGE (Ind)'],['Heather WOODBRIDGE (Ind)'],['Heather WOODBRIDGE (Ind)'],['Heather WOODBRIDGE (Ind)'],['Heather WOODBRIDGE (Ind)'],['Heather WOODBRIDGE (Ind)'],['Heather WOODBRIDGE (Ind)'],['Heather WOODBRIDGE (Ind)'],['Heather WOODBRIDGE (Ind)'],['Heather WOODBRIDGE (Ind)'],['Heather WOODBRIDGE (Ind)'],['Heather WOODBRIDGE (Ind)'],['Heather WOODBRIDGE (Ind)'],['Heather WOODBRIDGE (Ind)'],['Heather WOODBRIDGE (Ind)'],['Heather WOODBRIDGE (Ind)'],['Heather WOODBRIDGE (Ind)'],['Heather WOODBRIDGE (Ind)'],['Heather WOODBRIDGE (Ind)'],['Heather WOODBRIDGE (Ind)'],['Heather WOODBRIDGE (Ind)'],['Heather WOODBRIDGE (Ind)']
raw_data/scotland/processed_data/orkney22/Ward5-EastMainlandSouthRonaldsayandBurrayWard_ward5.csv,5,['Raymie PEACE (Ind)'],['Raymie PEACE (Ind)'],['Raymie PEACE (Ind)'],['Raymie PEACE (Ind)'],['Raymie PEACE (Ind)'],['Raymie PEACE (Ind)'],['Raymie PEACE (Ind)'],['Raymie PEACE (Ind)'],['Raymie PEACE (Ind)'],['Raymie PEACE (Ind)'],['Raymie PEACE (Ind)'],['Raymie PEACE (Ind)'],['Raymie PEACE (Ind)'],['Raymie PEACE (Ind)'],['Raymie PEACE (Ind)'],['Raymie PEACE (Ind)'],['Raymie PEACE (Ind)'],['Raymie PEACE (Ind)'],['Raymie PEACE (Ind)'],['Raymie PEACE (Ind)'],['Raymie PEACE (Ind)'],['Raymie PEACE (Ind)'],['Raymie PEACE (Ind)'],['Raymie PEACE (Ind)'],['Raymie PEACE (Ind)'],['Raymie PEACE (Ind)'],['Raymie PEACE (Ind)'],['Raymie PEACE (Ind)'],['Raymie PEACE (Ind)'],['Raymie PEACE (Ind)']
raw_data/scotland/processed_data/orkney22/Ward2-KirkwallWestandOrphirWard_ward2.csv,8,['Leslie MANSON (Ind)'],['Leslie MANSON (Ind)'],['Leslie MANSON (Ind)'],['Leslie MANSON (Ind)'],['Leslie MANSON (Ind)'],['Leslie MANSON (Ind)'],['Leslie MANSON (Ind)'],['Leslie MANSON (Ind)'],['Leslie MANSON (Ind)'],['Leslie MANSON (Ind)'],['Leslie MANSON (Ind)'],['Leslie MANSON (Ind)'],['Leslie MANSON (Ind)'],['Ivan TAYLOR (Ind)'],['Leslie MANSON (Ind)'],['Leslie MANSON (Ind)'],['Leslie MANSON (Ind)'],['Leslie MANSON (Ind)'],['Leslie MANSON (Ind)'],['Leslie MANSON (Ind)'],['Leslie MANSON (Ind)'],['Leslie MANSON (Ind)'],['Leslie MANSON (Ind)'],['Leslie MANSON (Ind)'],['Leslie MANSON (Ind)'],['Leslie MANSON (Ind)'],['Leslie MANSON (Ind)'],['Leslie MANSON (Ind)'],['Ivan TAYLOR (Ind)'],['Leslie MANSON (Ind)']
raw_data/scotland/processed_data/orkney22/Ward1-KirkwallEastWard_ward1.csv,5,['John Ross SCOTT (Grn)'],['Steven HEDDLE (Ind)'],['Steven HEDDLE (Ind)'],['Steven HEDDLE (Ind)'],['Steven HEDDLE (Ind)'],['Steven HEDDLE (Ind)'],['Steven HEDDLE (Ind)'],['Steven HEDDLE (Ind)'],['Steven HEDDLE (Ind)'],['Steven HEDDLE (Ind)'],['Steven HEDDLE (Ind)'],['Steven HEDDLE (Ind)'],['Steven HEDDLE (Ind)'],['Steven HEDDLE (Ind)'],['Steven HEDDLE (Ind)'],['John Ross SCOTT (Grn)'],['Steven HEDDLE (Ind)'],['Steven HEDDLE (Ind)'],['Steven HEDDLE (Ind)'],['Steven HEDDLE (Ind)'],['Steven HEDDLE (Ind)'],['Steven HEDDLE (Ind)'],['Steven HEDDLE (Ind)'],['Steven HEDDLE (Ind)'],['Steven HEDDLE (Ind)'],['Steven HEDDLE (Ind)'],['Steven HEDDLE (Ind)'],['Steven HEDDLE (Ind)'],['Steven HEDDLE (Ind)'],['Steven HEDDLE (Ind)']
raw_data/scotland/processed_data/orkney22/Ward3-StromnessandSouthIslesWard_ward3.csv,6,['James STOCKAN (Ind)'],['James STOCKAN (Ind)'],['James STOCKAN (Ind)'],['James STOCKAN (Ind)'],['James STOCKAN (Ind)'],['James STOCKAN (Ind)'],['James STOCKAN (Ind)'],['James STOCKAN (Ind)'],['James STOCKAN (Ind)'],['James STOCKAN (Ind)'],['James STOCKAN (Ind)'],['James STOCKAN (Ind)'],['James STOCKAN (Ind)'],['Graham BEVAN (Ind)'],['James STOCKAN (Ind)'],['James STOCKAN (Ind)'],['James STOCKAN (Ind)'],['James STOCKAN (Ind)'],['James STOCKAN (Ind)'],['James STOCKAN (Ind)'],['James STOCKAN (Ind)'],['James STOCKAN (Ind)'],['James STOCKAN (Ind)'],['James STOCKAN (Ind)'],['James STOCKAN (Ind)'],['James STOCKAN (Ind)'],['James STOCKAN (Ind)'],['James STOCKAN (Ind)'],['James STOCKAN (Ind)'],['James STOCKAN (Ind)']
raw_data/scotland/processed_data/orkney22/Ward4-WestMainlandWard_ward4.csv,6,['Owen TIERNEY (Ind)'],['Owen TIERNEY (Ind)'],['Owen TIERNEY (Ind)'],['Owen TIERNEY (Ind)'],['Owen TIERNEY (Ind)'],['Owen TIERNEY (Ind)'],['Owen TIERNEY (Ind)'],['Owen TIERNEY (Ind)'],['Owen TIERNEY (Ind)'],['Owen TIERNEY (Ind)'],['Owen TIERNEY (Ind)'],['Owen TIERNEY (Ind)'],['Owen TIERNEY (Ind)'],['Owen TIERNEY (Ind)'],['Owen TIERNEY (Ind)'],['Owen TIERNEY (Ind)'],['Owen TIERNEY (Ind)'],['Owen TIERNEY (Ind)'],['Owen TIERNEY (Ind)'],['Owen TIERNEY (Ind)'],['Owen TIERNEY (Ind)'],['Owen TIERNEY (Ind)'],['Owen TIERNEY (Ind)'],['Owen TIERNEY (Ind)'],['Owen TIERNEY (Ind)'],['Owen TIERNEY (Ind)'],['Owen TIERNEY (Ind)'],['Owen TIERNEY (Ind)'],['Owen TIERNEY (Ind)'],['Owen TIERNEY (Ind)']
raw_data/scotland/processed_data/n-lanarks22/Ward17-MotherwellWest_Preference Profile Ward 17 Motherwell West.csv,4,['David CRICHTON (SNP)'],['David CRICHTON (SNP)'],['David CRICHTON (SNP)'],['Paul KELLY (Lab)'],['David CRICHTON (SNP)'],['David CRICHTON (SNP)'],['David CRICHTON (SNP)'],['David CRICHTON (SNP)'],['David CRICHTON (SNP)'],['David CRICHTON (SNP)'],['David CRICHTON (SNP)'],['David CRICHTON (SNP)'],['David CRICHTON (SNP)'],['Paul KELLY (Lab)'],['David CRICHTON (SNP)'],['David CRICHTON (SNP)'],['David CRICHTON (SNP)'],['David CRICHTON (SNP)'],['Paul KELLY (Lab)'],['David CRICHTON (SNP)'],['David CRICHTON (SNP)'],['David CRICHTON (SNP)'],['David CRICHTON (SNP)'],['David CRICHTON (SNP)'],['David CRICHTON (SNP)'],['David CRICHTON (SNP)'],['David CRICHTON (SNP)'],['David CRICHTON (SNP)'],['Paul KELLY (Lab)'],['David CRICHTON (SNP)']
raw_data/scotland/processed_data/n-lanarks22/Ward4-CumbernauldEast_Preference Profile WArd 4 Cumbernauld East.csv,5,['Claire BARCLAY (SNP)'],['Claire BARCLAY (SNP)'],['Claire BARCLAY (SNP)'],['Claire BARCLAY (SNP)'],['Claire BARCLAY (SNP)'],['Claire BARCLAY (SNP)'],['Claire BARCLAY (SNP)'],['Claire BARCLAY (SNP)'],['Claire BARCLAY (SNP)'],['Claire BARCLAY (SNP)'],['Claire BARCLAY (SNP)'],['Claire BARCLAY (SNP)'],['Claire BARCLAY (SNP)'],['Claire BARCLAY (SNP)'],['Claire BARCLAY (SNP)'],['Claire BARCLAY (SNP)'],['Claire BARCLAY (SNP)'],['Claire BARCLAY (SNP)'],['Claire BARCLAY (SNP)'],['Claire BARCLAY (SNP)'],['Claire BARCLAY (SNP)'],['Claire BARCLAY (SNP)'],['Claire BARCLAY (SNP)'],['Claire BARCLAY (SNP)'],['Claire BARCLAY (SNP)'],['Claire BARCLAY (SNP)'],['Claire BARCLAY (SNP)'],['Claire BARCLAY (SNP)'],['Claire BARCLAY (SNP)'],['Claire BARCLAY (SNP)']
"raw_data/scotland/processed_data/n-lanarks22/Preference Profile Ward 5 Stepps, Chryston and Muirhead.csv",5,['Josh CAIRNS (SNP)'],['John MCLAREN (Lab)'],['John MCLAREN (Lab)'],['John MCLAREN (Lab)'],['John MCLAREN (Lab)'],['John MCLAREN (Lab)'],['John MCLAREN (Lab)'],['John MCLAREN (Lab)'],['John MCLAREN (Lab)'],['John MCLAREN (Lab)'],['John MCLAREN (Lab)'],['John MCLAREN (Lab)'],['John MCLAREN (Lab)'],['John MCLAREN (Lab)'],['John MCLAREN (Lab)'],['Josh CAIRNS (SNP)'],['John MCLAREN (Lab)'],['John MCLAREN (Lab)'],['John MCLAREN (Lab)'],['Josh CAIRNS (SNP)'],['John MCLAREN (Lab)'],['John MCLAREN (Lab)'],['John MCLAREN (Lab)'],['John MCLAREN (Lab)'],['John MCLAREN (Lab)'],['John MCLAREN (Lab)'],['John MCLAREN (Lab)'],['John MCLAREN (Lab)'],['John MCLAREN (Lab)'],['John MCLAREN (Lab)']
raw_data/scotland/processed_data/n-lanarks22/Ward1-Kilsyth_Preference Profile Ward 1 Kilsyth.csv,5,['Jean JONES (Lab)'],['Jean JONES (Lab)'],['Jean JONES (Lab)'],['Jean JONES (Lab)'],['Jean JONES (Lab)'],['Jean JONES (Lab)'],['Jean JONES (Lab)'],['Jean JONES (Lab)'],['Jean JONES (Lab)'],['Jean JONES (Lab)'],['Jean JONES (Lab)'],['Jean JONES (Lab)'],['Jean JONES (Lab)'],['Jean JONES (Lab)'],['Jean JONES (Lab)'],['Jean JONES (Lab)'],['Jean JONES (Lab)'],['Jean JONES (Lab)'],['Jean JONES (Lab)'],['Jean JONES (Lab)'],['Jean JONES (Lab)'],['Jean JONES (Lab)'],['Jean JONES (Lab)'],['Jean JONES (Lab)'],['Jean JONES (Lab)'],['Jean JONES (Lab)'],['Jean JONES (Lab)'],['Jean JONES (Lab)'],['Jean JONES (Lab)'],['Jean JONES (Lab)']
raw_data/scotland/processed_data/n-lanarks22/Ward3-CumbernauldSouth_Preference Profile Ward 3 Cumbernauld South.csv,6,['William GOLDIE (SNP)'],['William GOLDIE (SNP)'],['William GOLDIE (SNP)'],['William GOLDIE (SNP)'],['William GOLDIE (SNP)'],['William GOLDIE (SNP)'],['William GOLDIE (SNP)'],['William GOLDIE (SNP)'],['William GOLDIE (SNP)'],['William GOLDIE (SNP)'],['William GOLDIE (SNP)'],['William GOLDIE (SNP)'],['William GOLDIE (SNP)'],['William GOLDIE (SNP)'],['William GOLDIE (SNP)'],['William GOLDIE (SNP)'],['William GOLDIE (SNP)'],['William GOLDIE (SNP)'],['William GOLDIE (SNP)'],['William GOLDIE (SNP)'],['William GOLDIE (SNP)'],['William GOLDIE (SNP)'],['William GOLDIE (SNP)'],['William GOLDIE (SNP)'],['William GOLDIE (SNP)'],['William GOLDIE (SNP)'],['William GOLDIE (SNP)'],['William GOLDIE (SNP)'],['William GOLDIE (SNP)'],['William GOLDIE (SNP)']
raw_data/scotland/processed_data/n-lanarks22/Ward8-AirdrieNorth_Preference Profile Ward 8 Airdrie North.csv,6,['Sophia COYLE (SNP)'],['Sophia COYLE (SNP)'],['Sophia COYLE (SNP)'],['Henry Emerson DUNBAR (Lab)'],['Henry Emerson DUNBAR (Lab)'],['Henry Emerson DUNBAR (Lab)'],['Sophia COYLE (SNP)'],['Sophia COYLE (SNP)'],['Sophia COYLE (SNP)'],['Sophia COYLE (SNP)'],['Sophia COYLE (SNP)'],['Sophia COYLE (SNP)'],['Sophia COYLE (SNP)'],['Henry Emerson DUNBAR (Lab)'],['Sophia COYLE (SNP)'],['Sophia COYLE (SNP)'],['Sophia COYLE (SNP)'],['Sophia COYLE (SNP)'],['Sophia COYLE (SNP)'],['Henry Emerson DUNBAR (Lab)'],['Henry Emerson DUNBAR (Lab)'],['Henry Emerson DUNBAR (Lab)'],['Sophia COYLE (SNP)'],['Sophia COYLE (SNP)'],['Sophia COYLE (SNP)'],['Sophia COYLE (SNP)'],['Sophia COYLE (SNP)'],['Sophia COYLE (SNP)'],['Henry Emerson DUNBAR (Lab)'],['Sophia COYLE (SNP)']
raw_data/scotland/processed_data/n-lanarks22/Ward12-AirdrieSouth_Preference Profile Ward 12 Airdrie South.csv,3,['Michael Joseph COYLE (SNP)'],['Michael Joseph COYLE (SNP)'],['Michael Joseph COYLE (SNP)'],['Michael Joseph COYLE (SNP)'],['Michael MCBRIDE (Lab)'],['Michael MCBRIDE (Lab)'],['Michael MCBRIDE (Lab)'],['Michael Joseph COYLE (SNP)'],['Michael Joseph COYLE (SNP)'],['Michael Joseph COYLE (SNP)'],['Michael Joseph COYLE (SNP)'],['Michael Joseph COYLE (SNP)'],['Michael Joseph COYLE (SNP)'],['Michael MCBRIDE (Lab)'],['Michael Joseph COYLE (SNP)'],['Michael Joseph COYLE (SNP)'],['Michael Joseph COYLE (SNP)'],['Michael Joseph COYLE (SNP)'],['Michael Joseph COYLE (SNP)'],['Michael MCBRIDE (Lab)'],['Michael MCBRIDE (Lab)'],['Michael MCBRIDE (Lab)'],['Michael Joseph COYLE (SNP)'],['Michael Joseph COYLE (SNP)'],['Michael Joseph COYLE (SNP)'],['Michael Joseph COYLE (SNP)'],['Michael Joseph COYLE (SNP)'],['Michael Joseph COYLE (SNP)'],['Michael MCBRIDE (Lab)'],['Michael Joseph COYLE (SNP)']
raw_data/scotland/processed_data/n-lanarks22/Ward13-Fortissat_Preference Profile Ward 13 Fortissat.csv,5,['Martin MCCULLOCH (Lab)'],['Martin MCCULLOCH (Lab)'],['Martin MCCULLOCH (Lab)'],['Martin MCCULLOCH (Lab)'],['Martin MCCULLOCH (Lab)'],['Martin MCCULLOCH (Lab)'],['Martin MCCULLOCH (Lab)'],['Martin MCCULLOCH (Lab)'],['Martin MCCULLOCH (Lab)'],['Martin MCCULLOCH (Lab)'],['Martin MCCULLOCH (Lab)'],['Martin MCCULLOCH (Lab)'],['Martin MCCULLOCH (Lab)'],['Martin MCCULLOCH (Lab)'],['Martin MCCULLOCH (Lab)'],['Martin MCCULLOCH (Lab)'],['Martin MCCULLOCH (Lab)'],['Martin MCCULLOCH (Lab)'],['Martin MCCULLOCH (Lab)'],['Martin MCCULLOCH (Lab)'],['Martin MCCULLOCH (Lab)'],['Martin MCCULLOCH (Lab)'],['Martin MCCULLOCH (Lab)'],['Martin MCCULLOCH (Lab)'],['Martin MCCULLOCH (Lab)'],['Martin MCCULLOCH (Lab)'],['Martin MCCULLOCH (Lab)'],['Martin MCCULLOCH (Lab)'],['Martin MCCULLOCH (Lab)'],['Martin MCCULLOCH (Lab)']
raw_data/scotland/processed_data/n-lanarks22/Ward9-AirdrieCentral_Preference Profile WArd 9 Airdrie Central.csv,4,['Lesley JARVIE (SNP)'],['Jim LOGUE (Lab)'],['Jim LOGUE (Lab)'],['Jim LOGUE (Lab)'],['Jim LOGUE (Lab)'],['Jim LOGUE (Lab)'],['Jim LOGUE (Lab)'],['Jim LOGUE (Lab)'],['Jim LOGUE (Lab)'],['Jim LOGUE (Lab)'],['Jim LOGUE (Lab)'],['Jim LOGUE (Lab)'],['Jim LOGUE (Lab)'],['Jim LOGUE (Lab)'],['Jim LOGUE (Lab)'],['Lesley JARVIE (SNP)'],['Jim LOGUE (Lab)'],['Jim LOGUE (Lab)'],['Jim LOGUE (Lab)'],['Jim LOGUE (Lab)'],['Jim LOGUE (Lab)'],['Jim LOGUE (Lab)'],['Jim LOGUE (Lab)'],['Jim LOGUE (Lab)'],['Jim LOGUE (Lab)'],['Jim LOGUE (Lab)'],['Jim LOGUE (Lab)'],['Jim LOGUE (Lab)'],['Jim LOGUE (Lab)'],['Jim LOGUE (Lab)']
raw_data/scotland/processed_data/n-lanarks22/Ward21-Wishaw_Preference Profile Ward 21 Wishaw.csv,3,['Fiona FOTHERINGHAM (SNP)'],['Fiona FOTHERINGHAM (SNP)'],['Fiona FOTHERINGHAM (SNP)'],['Frank MCKAY (Lab)'],['Frank MCKAY (Lab)'],['Frank MCKAY (Lab)'],['Frank MCKAY (Lab)'],['Fiona FOTHERINGHAM (SNP)'],['Fiona FOTHERINGHAM (SNP)'],['Fiona FOTHERINGHAM (SNP)'],['Fiona FOTHERINGHAM (SNP)'],['Fiona FOTHERINGHAM (SNP)'],['Fiona FOTHERINGHAM (SNP)'],['Frank MCKAY (Lab)'],['Fiona FOTHERINGHAM (SNP)'],['Fiona FOTHERINGHAM (SNP)'],['Fiona FOTHERINGHAM (SNP)'],['Fiona FOTHERINGHAM (SNP)'],['Frank MCKAY (Lab)'],['Frank MCKAY (Lab)'],['Frank MCKAY (Lab)'],['Frank MCKAY (Lab)'],['Fiona FOTHERINGHAM (SNP)'],['Fiona FOTHERINGHAM (SNP)'],['Fiona FOTHERINGHAM (SNP)'],['Fiona FOTHERINGHAM (SNP)'],['Fiona FOTHERINGHAM (SNP)'],['Fiona FOTHERINGHAM (SNP)'],['Frank MCKAY (Lab)'],['Fiona FOTHERINGHAM (SNP)']
raw_data/scotland/processed_data/n-lanarks22/Preference Profile Ward 16 Mossend and Holytown.csv,4,['Beth BAUDO (SNP)'],['Frank MCNALLY (Lab)'],['Frank MCNALLY (Lab)'],['Frank MCNALLY (Lab)'],['Frank MCNALLY (Lab)'],['Frank MCNALLY (Lab)'],['Frank MCNALLY (Lab)'],['Frank MCNALLY (Lab)'],['Frank MCNALLY (Lab)'],['Frank MCNALLY (Lab)'],['Frank MCNALLY (Lab)'],['Frank MCNALLY (Lab)'],['Frank MCNALLY (Lab)'],['Frank MCNALLY (Lab)'],['Frank MCNALLY (Lab)'],['Beth BAUDO (SNP)'],['Frank MCNALLY (Lab)'],['Frank MCNALLY (Lab)'],['Frank MCNALLY (Lab)'],['Frank MCNALLY (Lab)'],['Frank MCNALLY (Lab)'],['Frank MCNALLY (Lab)'],['Frank MCNALLY (Lab)'],['Frank MCNALLY (Lab)'],['Frank MCNALLY (Lab)'],['Frank MCNALLY (Lab)'],['Frank MCNALLY (Lab)'],['Frank MCNALLY (Lab)'],['Frank MCNALLY (Lab)'],['Frank MCNALLY (Lab)']
raw_data/scotland/processed_data/n-lanarks22/Ward18-MotherwellNorth_Preference Profile Ward 18 Motherwell North.csv,4,['Gerry BRENNAN (SNP)'],['Gerry BRENNAN (SNP)'],['Gerry BRENNAN (SNP)'],['Andrew DUFFY-LAWSON (Lab)'],['Gerry BRENNAN (SNP)'],['Gerry BRENNAN (SNP)'],['Gerry BRENNAN (SNP)'],['Gerry BRENNAN (SNP)'],['Gerry BRENNAN (SNP)'],['Gerry BRENNAN (SNP)'],['Gerry BRENNAN (SNP)'],['Gerry BRENNAN (SNP)'],['Gerry BRENNAN (SNP)'],['Andrew DUFFY-LAWSON (Lab)'],['Gerry BRENNAN (SNP)'],['Gerry BRENNAN (SNP)'],['Gerry BRENNAN (SNP)'],['Gerry BRENNAN (SNP)'],['Andrew DUFFY-LAWSON (Lab)'],['Gerry BRENNAN (SNP)'],['Gerry BRENNAN (SNP)'],['Gerry BRENNAN (SNP)'],['Gerry BRENNAN (SNP)'],['Gerry BRENNAN (SNP)'],['Gerry BRENNAN (SNP)'],['Gerry BRENNAN (SNP)'],['Gerry BRENNAN (SNP)'],['Gerry BRENNAN (SNP)'],['Andrew DUFFY-LAWSON (Lab)'],['Gerry BRENNAN (SNP)']
raw_data/scotland/processed_data/n-lanarks22/Ward10-CoatbridgeWest_Preference Profile Ward 10 Coatbridge West.csv,4,['Lesley MITCHELL (SNP)'],['Lesley MITCHELL (SNP)'],['Lesley MITCHELL (SNP)'],['Lesley MITCHELL (SNP)'],['Lesley MITCHELL (SNP)'],['Lesley MITCHELL (SNP)'],['Lesley MITCHELL (SNP)'],['Lesley MITCHELL (SNP)'],['Lesley MITCHELL (SNP)'],['Lesley MITCHELL (SNP)'],['Lesley MITCHELL (SNP)'],['Lesley MITCHELL (SNP)'],['Lesley MITCHELL (SNP)'],['Lesley MITCHELL (SNP)'],['Lesley MITCHELL (SNP)'],['Lesley MITCHELL (SNP)'],['Lesley MITCHELL (SNP)'],['Lesley MITCHELL (SNP)'],['Lesley MITCHELL (SNP)'],['Lesley MITCHELL (SNP)'],['Lesley MITCHELL (SNP)'],['Lesley MITCHELL (SNP)'],['Lesley MITCHELL (SNP)'],['Lesley MITCHELL (SNP)'],['Lesley MITCHELL (SNP)'],['Lesley MITCHELL (SNP)'],['Lesley MITCHELL (SNP)'],['Lesley MITCHELL (SNP)'],['Lesley MITCHELL (SNP)'],['Lesley MITCHELL (SNP)']
raw_data/scotland/processed_data/n-lanarks22/Ward15-Bellshill_Preference Profile WArd 15 Bellshill.csv,5,['Jordan James LINDEN (SNP)'],['Angela CAMPBELL (Lab)'],['Angela CAMPBELL (Lab)'],['Angela CAMPBELL (Lab)'],['Angela CAMPBELL (Lab)'],['Angela CAMPBELL (Lab)'],['Angela CAMPBELL (Lab)'],['Angela CAMPBELL (Lab)'],['Angela CAMPBELL (Lab)'],['Angela CAMPBELL (Lab)'],['Angela CAMPBELL (Lab)'],['Angela CAMPBELL (Lab)'],['Angela CAMPBELL (Lab)'],['Angela CAMPBELL (Lab)'],['Angela CAMPBELL (Lab)'],['Jordan James LINDEN (SNP)'],['Angela CAMPBELL (Lab)'],['Angela CAMPBELL (Lab)'],['Angela CAMPBELL (Lab)'],['Angela CAMPBELL (Lab)'],['Angela CAMPBELL (Lab)'],['Angela CAMPBELL (Lab)'],['Angela CAMPBELL (Lab)'],['Angela CAMPBELL (Lab)'],['Angela CAMPBELL (Lab)'],['Angela CAMPBELL (Lab)'],['Angela CAMPBELL (Lab)'],['Angela CAMPBELL (Lab)'],['Angela CAMPBELL (Lab)'],['Angela CAMPBELL (Lab)']
raw_data/scotland/processed_data/n-lanarks22/Ward14-Thorniewood_Preference Profile WArd 14 Thorniewood.csv,4,['Helen LOUGHRAN (Lab)'],['Helen LOUGHRAN (Lab)'],['Helen LOUGHRAN (Lab)'],['Helen LOUGHRAN (Lab)'],['Helen LOUGHRAN (Lab)'],['Helen LOUGHRAN (Lab)'],['Helen LOUGHRAN (Lab)'],['Helen LOUGHRAN (Lab)'],['Helen LOUGHRAN (Lab)'],['Helen LOUGHRAN (Lab)'],['Helen LOUGHRAN (Lab)'],['Helen LOUGHRAN (Lab)'],['Helen LOUGHRAN (Lab)'],['Helen LOUGHRAN (Lab)'],['Helen LOUGHRAN (Lab)'],['Helen LOUGHRAN (Lab)'],['Helen LOUGHRAN (Lab)'],['Helen LOUGHRAN (Lab)'],['Helen LOUGHRAN (Lab)'],['Helen LOUGHRAN (Lab)'],['Helen LOUGHRAN (Lab)'],['Helen LOUGHRAN (Lab)'],['Helen LOUGHRAN (Lab)'],['Helen LOUGHRAN (Lab)'],['Helen LOUGHRAN (Lab)'],['Helen LOUGHRAN (Lab)'],['Helen LOUGHRAN (Lab)'],['Helen LOUGHRAN (Lab)'],['Helen LOUGHRAN (Lab)'],['Helen LOUGHRAN (Lab)']
"raw_data/scotland/processed_data/n-lanarks22/Preference Profile Ward 6 Gartcosh, Glenboig and Moodiesburn.csv",4,['Greg LENNON (SNP)'],['Greg LENNON (SNP)'],['Greg LENNON (SNP)'],['Greg LENNON (SNP)'],['Greg LENNON (SNP)'],['Greg LENNON (SNP)'],['Greg LENNON (SNP)'],['Greg LENNON (SNP)'],['Greg LENNON (SNP)'],['Greg LENNON (SNP)'],['Greg LENNON (SNP)'],['Greg LENNON (SNP)'],['Greg LENNON (SNP)'],['Greg LENNON (SNP)'],['Greg LENNON (SNP)'],['Greg LENNON (SNP)'],['Greg LENNON (SNP)'],['Greg LENNON (SNP)'],['Greg LENNON (SNP)'],['Greg LENNON (SNP)'],['Greg LENNON (SNP)'],['Greg LENNON (SNP)'],['Greg LENNON (SNP)'],['Greg LENNON (SNP)'],['Greg LENNON (SNP)'],['Greg LENNON (SNP)'],['Greg LENNON (SNP)'],['Greg LENNON (SNP)'],['Greg LENNON (SNP)'],['Greg LENNON (SNP)']
raw_data/scotland/processed_data/n-lanarks22/Preference Profile Ward 19 Motherwell South East and Ravenscraig.csv,6,['Agnes MAGOWAN (SNP)'],['Agnes MAGOWAN (SNP)'],['Agnes MAGOWAN (SNP)'],['Agnes MAGOWAN (SNP)'],['Agnes MAGOWAN (SNP)'],['Agnes MAGOWAN (SNP)'],['Agnes MAGOWAN (SNP)'],['Agnes MAGOWAN (SNP)'],['Agnes MAGOWAN (SNP)'],['Agnes MAGOWAN (SNP)'],['Agnes MAGOWAN (SNP)'],['Agnes MAGOWAN (SNP)'],['Agnes MAGOWAN (SNP)'],['Agnes MAGOWAN (SNP)'],['Agnes MAGOWAN (SNP)'],['Agnes MAGOWAN (SNP)'],['Agnes MAGOWAN (SNP)'],['Agnes MAGOWAN (SNP)'],['Agnes MAGOWAN (SNP)'],['Agnes MAGOWAN (SNP)'],['Agnes MAGOWAN (SNP)'],['Agnes MAGOWAN (SNP)'],['Agnes MAGOWAN (SNP)'],['Agnes MAGOWAN (SNP)'],['Agnes MAGOWAN (SNP)'],['Agnes MAGOWAN (SNP)'],['Agnes MAGOWAN (SNP)'],['Agnes MAGOWAN (SNP)'],['Agnes MAGOWAN (SNP)'],['Agnes MAGOWAN (SNP)']
raw_data/scotland/processed_data/n-lanarks22/Ward7-CoatbridgeNorth_Preference Profile WArd 7 Coatbridge North.csv,7,['Kirsten LARSON (SNP)'],['Kirsten LARSON (SNP)'],['Kirsten LARSON (SNP)'],['Kirsten LARSON (SNP)'],['Kirsten LARSON (SNP)'],['Kirsten LARSON (SNP)'],['Kirsten LARSON (SNP)'],['Kirsten LARSON (SNP)'],['Kirsten LARSON (SNP)'],['Kirsten LARSON (SNP)'],['Kirsten LARSON (SNP)'],['Kirsten LARSON (SNP)'],['Kirsten LARSON (SNP)'],['Kirsten LARSON (SNP)'],['Kirsten LARSON (SNP)'],['Kirsten LARSON (SNP)'],['Kirsten LARSON (SNP)'],['Kirsten LARSON (SNP)'],['Kirsten LARSON (SNP)'],['Kirsten LARSON (SNP)'],['Kirsten LARSON (SNP)'],['Kirsten LARSON (SNP)'],['Kirsten LARSON (SNP)'],['Kirsten LARSON (SNP)'],['Kirsten LARSON (SNP)'],['Kirsten LARSON (SNP)'],['Kirsten LARSON (SNP)'],['Kirsten LARSON (SNP)'],['Kirsten LARSON (SNP)'],['Kirsten LARSON (SNP)']
raw_data/scotland/processed_data/n-lanarks22/Ward11-CoatbridgeSouth_Preference Profile Ward 11 Coatbridge South.csv,5,['Tracy CARRAGHER (SNP)'],['Tracy CARRAGHER (SNP)'],['Tracy CARRAGHER (SNP)'],['Tracy CARRAGHER (SNP)'],['Tracy CARRAGHER (SNP)'],['Tracy CARRAGHER (SNP)'],['Tracy CARRAGHER (SNP)'],['Tracy CARRAGHER (SNP)'],['Tracy CARRAGHER (SNP)'],['Tracy CARRAGHER (SNP)'],['Tracy CARRAGHER (SNP)'],['Tracy CARRAGHER (SNP)'],['Tracy CARRAGHER (SNP)'],['Tracy CARRAGHER (SNP)'],['Tracy CARRAGHER (SNP)'],['Tracy CARRAGHER (SNP)'],['Tracy CARRAGHER (SNP)'],['Tracy CARRAGHER (SNP)'],['Tracy CARRAGHER (SNP)'],['Tracy CARRAGHER (SNP)'],['Tracy CARRAGHER (SNP)'],['Tracy CARRAGHER (SNP)'],['Tracy CARRAGHER (SNP)'],['Tracy CARRAGHER (SNP)'],['Tracy CARRAGHER (SNP)'],['Tracy CARRAGHER (SNP)'],['Tracy CARRAGHER (SNP)'],['Tracy CARRAGHER (SNP)'],['Tracy CARRAGHER (SNP)'],['Tracy CARRAGHER (SNP)']
raw_data/scotland/processed_data/n-lanarks22/Ward20-Murdostoun_Preference Profile Ward 20 Murdostoun.csv,5,['Robert John MCKENDRICK (Ind)'],['Robert John MCKENDRICK (Ind)'],['Robert John MCKENDRICK (Ind)'],['Robert John MCKENDRICK (Ind)'],['Robert John MCKENDRICK (Ind)'],['Robert John MCKENDRICK (Ind)'],['Robert John MCKENDRICK (Ind)'],['Robert John MCKENDRICK (Ind)'],['Robert John MCKENDRICK (Ind)'],['Robert John MCKENDRICK (Ind)'],['Robert John MCKENDRICK (Ind)'],['Robert John MCKENDRICK (Ind)'],['Robert John MCKENDRICK (Ind)'],['Robert John MCKENDRICK (Ind)'],['Robert John MCKENDRICK (Ind)'],['Robert John MCKENDRICK (Ind)'],['Robert John MCKENDRICK (Ind)'],['Robert John MCKENDRICK (Ind)'],['Robert John MCKENDRICK (Ind)'],['Robert John MCKENDRICK (Ind)'],['Robert John MCKENDRICK (Ind)'],['Robert John MCKENDRICK (Ind)'],['Robert John MCKENDRICK (Ind)'],['Robert John MCKENDRICK (Ind)'],['Robert John MCKENDRICK (Ind)'],['Robert John MCKENDRICK (Ind)'],['Robert John MCKENDRICK (Ind)'],['Robert John MCKENDRICK (Ind)'],['Robert John MCKENDRICK (Ind)'],['Robert John MCKENDRICK (Ind)']
raw_data/scotland/processed_data/n-lanarks22/Ward2-CumbernauldNorth_Preference Profile Ward 2 Cumbernauld North.csv,6,['Alan MASTERTON (SNP)'],['Alan MASTERTON (SNP)'],['Alan MASTERTON (SNP)'],['Alan MASTERTON (SNP)'],['Alan MASTERTON (SNP)'],['Alan MASTERTON (SNP)'],['Alan MASTERTON (SNP)'],['Alan MASTERTON (SNP)'],['Alan MASTERTON (SNP)'],['Alan MASTERTON (SNP)'],['Alan MASTERTON (SNP)'],['Alan MASTERTON (SNP)'],['Alan MASTERTON (SNP)'],['Alan MASTERTON (SNP)'],['Alan MASTERTON (SNP)'],['Alan MASTERTON (SNP)'],['Alan MASTERTON (SNP)'],['Alan MASTERTON (SNP)'],['Alan MASTERTON (SNP)'],['Alan MASTERTON (SNP)'],['Alan MASTERTON (SNP)'],['Alan MASTERTON (SNP)'],['Alan MASTERTON (SNP)'],['Alan MASTERTON (SNP)'],['Alan MASTERTON (SNP)'],['Alan MASTERTON (SNP)'],['Alan MASTERTON (SNP)'],['Alan MASTERTON (SNP)'],['Alan MASTERTON (SNP)'],['Alan MASTERTON (SNP)']
raw_data/scotland/processed_data/sc-borders17/Ward10-HawickandDenholm_sc-borders17-10.csv,6,['Stuart MARSHALL (Ind)'],['Stuart MARSHALL (Ind)'],['Stuart MARSHALL (Ind)'],['Stuart MARSHALL (Ind)'],['Stuart MARSHALL (Ind)'],['Stuart MARSHALL (Ind)'],['Stuart MARSHALL (Ind)'],['Stuart MARSHALL (Ind)'],['Stuart MARSHALL (Ind)'],['Stuart MARSHALL (Ind)'],['Stuart MARSHALL (Ind)'],['Stuart MARSHALL (Ind)'],['Stuart MARSHALL (Ind)'],['Stuart MARSHALL (Ind)'],['Stuart MARSHALL (Ind)'],['Stuart MARSHALL (Ind)'],['Stuart MARSHALL (Ind)'],['Stuart MARSHALL (Ind)'],['Stuart MARSHALL (Ind)'],['Stuart MARSHALL (Ind)'],['Stuart MARSHALL (Ind)'],['Stuart MARSHALL (Ind)'],['Stuart MARSHALL (Ind)'],['Stuart MARSHALL (Ind)'],['Stuart MARSHALL (Ind)'],['Stuart MARSHALL (Ind)'],['Stuart MARSHALL (Ind)'],['Stuart MARSHALL (Ind)'],['Stuart MARSHALL (Ind)'],['Stuart MARSHALL (Ind)']
raw_data/scotland/processed_data/sc-borders17/Ward1-TweeddaleWest_sc-borders17-01.csv,7,['Eric SMALL (Con)'],['Eric SMALL (Con)'],['Eric SMALL (Con)'],['Eric SMALL (Con)'],['Kris CHAPMAN (LD)'],['Eric SMALL (Con)'],['Eric SMALL (Con)'],['Eric SMALL (Con)'],['Eric SMALL (Con)'],['Eric SMALL (Con)'],['Eric SMALL (Con)'],['Eric SMALL (Con)'],['Eric SMALL (Con)'],['Kris CHAPMAN (LD)'],['Eric SMALL (Con)'],['Eric SMALL (Con)'],['Eric SMALL (Con)'],['Eric SMALL (Con)'],['Eric SMALL (Con)'],['Kris CHAPMAN (LD)'],['Eric SMALL (Con)'],['Eric SMALL (Con)'],['Eric SMALL (Con)'],['Eric SMALL (Con)'],['Eric SMALL (Con)'],['Eric SMALL (Con)'],['Eric SMALL (Con)'],['Eric SMALL (Con)'],['Kris CHAPMAN (LD)'],['Eric SMALL (Con)']
raw_data/scotland/processed_data/sc-borders17/Ward3-GalashielsandDistrict_sc-borders17-03.csv,7,['Andy ANDERSON (SNP)'],['Euan JARDINE (Con)'],['Euan JARDINE (Con)'],['Euan JARDINE (Con)'],['Sandy AITCHISON (Ind)'],['Euan JARDINE (Con)'],['Euan JARDINE (Con)'],['Euan JARDINE (Con)'],['Euan JARDINE (Con)'],['Euan JARDINE (Con)'],['Euan JARDINE (Con)'],['Euan JARDINE (Con)'],['Euan JARDINE (Con)'],['Euan JARDINE (Con)'],['Euan JARDINE (Con)'],['Andy ANDERSON (SNP)'],['Euan JARDINE (Con)'],['Euan JARDINE (Con)'],['Euan JARDINE (Con)'],['Sandy AITCHISON (Ind)'],['Euan JARDINE (Con)'],['Euan JARDINE (Con)'],['Euan JARDINE (Con)'],['Euan JARDINE (Con)'],['Euan JARDINE (Con)'],['Euan JARDINE (Con)'],['Euan JARDINE (Con)'],['Euan JARDINE (Con)'],['Sandy AITCHISON (Ind)'],['Euan JARDINE (Con)']
raw_data/scotland/processed_data/sc-borders17/Ward5-LeaderdaleandMelrose_sc-borders17-05.csv,6,['Tom MIERS (Con)'],['David PARKER (Ind)'],['David PARKER (Ind)'],['David PARKER (Ind)'],['David PARKER (Ind)'],['David PARKER (Ind)'],['David PARKER (Ind)'],['David PARKER (Ind)'],['David PARKER (Ind)'],['David PARKER (Ind)'],['David PARKER (Ind)'],['David PARKER (Ind)'],['David PARKER (Ind)'],['David PARKER (Ind)'],['David PARKER (Ind)'],['Tom MIERS (Con)'],['David PARKER (Ind)'],['David PARKER (Ind)'],['David PARKER (Ind)'],['David PARKER (Ind)'],['David PARKER (Ind)'],['David PARKER (Ind)'],['David PARKER (Ind)'],['David PARKER (Ind)'],['David PARKER (Ind)'],['David PARKER (Ind)'],['David PARKER (Ind)'],['David PARKER (Ind)'],['David PARKER (Ind)'],['David PARKER (Ind)']
raw_data/scotland/processed_data/sc-borders17/Ward6-MidBerwickshire_sc-borders17-06.csv,5,['John GREENWELL (Con)'],['John GREENWELL (Con)'],['John GREENWELL (Con)'],['John GREENWELL (Con)'],['John GREENWELL (Con)'],['John GREENWELL (Con)'],['John GREENWELL (Con)'],['John GREENWELL (Con)'],['John GREENWELL (Con)'],['John GREENWELL (Con)'],['John GREENWELL (Con)'],['John GREENWELL (Con)'],['John GREENWELL (Con)'],['John GREENWELL (Con)'],['John GREENWELL (Con)'],['John GREENWELL (Con)'],['John GREENWELL (Con)'],['John GREENWELL (Con)'],['John GREENWELL (Con)'],['John GREENWELL (Con)'],['John GREENWELL (Con)'],['John GREENWELL (Con)'],['John GREENWELL (Con)'],['John GREENWELL (Con)'],['John GREENWELL (Con)'],['John GREENWELL (Con)'],['John GREENWELL (Con)'],['John GREENWELL (Con)'],['John GREENWELL (Con)'],['John GREENWELL (Con)']
raw_data/scotland/processed_data/sc-borders17/Ward7-EastBerwickshire_sc-borders17-07.csv,6,['Jim FULLARTON (Con)'],['Jim FULLARTON (Con)'],['Jim FULLARTON (Con)'],['Jim FULLARTON (Con)'],['Jim FULLARTON (Con)'],['Jim FULLARTON (Con)'],['Jim FULLARTON (Con)'],['Jim FULLARTON (Con)'],['Jim FULLARTON (Con)'],['Jim FULLARTON (Con)'],['Jim FULLARTON (Con)'],['Jim FULLARTON (Con)'],['Jim FULLARTON (Con)'],['Jim FULLARTON (Con)'],['Jim FULLARTON (Con)'],['Jim FULLARTON (Con)'],['Jim FULLARTON (Con)'],['Jim FULLARTON (Con)'],['Jim FULLARTON (Con)'],['Jim FULLARTON (Con)'],['Jim FULLARTON (Con)'],['Jim FULLARTON (Con)'],['Jim FULLARTON (Con)'],['Jim FULLARTON (Con)'],['Jim FULLARTON (Con)'],['Jim FULLARTON (Con)'],['Jim FULLARTON (Con)'],['Jim FULLARTON (Con)'],['Jim FULLARTON (Con)'],['Jim FULLARTON (Con)']
raw_data/scotland/processed_data/sc-borders17/Ward4-Selkirkshire_sc-borders17-04.csv,8,['Michelle BALLANTYNE (Con)'],['Michelle BALLANTYNE (Con)'],['Michelle BALLANTYNE (Con)'],['Michelle BALLANTYNE (Con)'],['Michelle BALLANTYNE (Con)'],['Michelle BALLANTYNE (Con)'],['Michelle BALLANTYNE (Con)'],['Michelle BALLANTYNE (Con)'],['Michelle BALLANTYNE (Con)'],['Michelle BALLANTYNE (Con)'],['Michelle BALLANTYNE (Con)'],['Michelle BALLANTYNE (Con)'],['Michelle BALLANTYNE (Con)'],['Michelle BALLANTYNE (Con)'],['Michelle BALLANTYNE (Con)'],['Michelle BALLANTYNE (Con)'],['Michelle BALLANTYNE (Con)'],['Michelle BALLANTYNE (Con)'],['Michelle BALLANTYNE (Con)'],['Michelle BALLANTYNE (Con)'],['Michelle BALLANTYNE (Con)'],['Michelle BALLANTYNE (Con)'],['Michelle BALLANTYNE (Con)'],['Michelle BALLANTYNE (Con)'],['Michelle BALLANTYNE (Con)'],['Michelle BALLANTYNE (Con)'],['Michelle BALLANTYNE (Con)'],['Michelle BALLANTYNE (Con)'],['Michelle BALLANTYNE (Con)'],['Michelle BALLANTYNE (Con)']
raw_data/scotland/processed_data/sc-borders17/Ward8-Kelso&District_sc-borders17-08.csv,7,['Tom WEATHERSTON (Con)'],['Tom WEATHERSTON (Con)'],['Tom WEATHERSTON (Con)'],['Tom WEATHERSTON (Con)'],['Tom WEATHERSTON (Con)'],['Tom WEATHERSTON (Con)'],['Tom WEATHERSTON (Con)'],['Tom WEATHERSTON (Con)'],['Tom WEATHERSTON (Con)'],['Tom WEATHERSTON (Con)'],['Tom WEATHERSTON (Con)'],['Tom WEATHERSTON (Con)'],['Tom WEATHERSTON (Con)'],['Tom WEATHERSTON (Con)'],['Tom WEATHERSTON (Con)'],['Tom WEATHERSTON (Con)'],['Tom WEATHERSTON (Con)'],['Tom WEATHERSTON (Con)'],['Tom WEATHERSTON (Con)'],['Tom WEATHERSTON (Con)'],['Tom WEATHERSTON (Con)'],['Tom WEATHERSTON (Con)'],['Tom WEATHERSTON (Con)'],['Tom WEATHERSTON (Con)'],['Tom WEATHERSTON (Con)'],['Tom WEATHERSTON (Con)'],['Tom WEATHERSTON (Con)'],['Tom WEATHERSTON (Con)'],['Tom WEATHERSTON (Con)'],['Tom WEATHERSTON (Con)']
raw_data/scotland/processed_data/sc-borders17/Ward9-JedburghandDistrict_sc-borders17-09.csv,6,['Scott HAMILTON (Con)'],['Scott HAMILTON (Con)'],['Scott HAMILTON (Con)'],['Scott HAMILTON (Con)'],['Scott HAMILTON (Con)'],['Scott HAMILTON (Con)'],['Scott HAMILTON (Con)'],['Scott HAMILTON (Con)'],['Scott HAMILTON (Con)'],['Scott HAMILTON (Con)'],['Scott HAMILTON (Con)'],['Scott HAMILTON (Con)'],['Scott HAMILTON (Con)'],['Scott HAMILTON (Con)'],['Scott HAMILTON (Con)'],['Scott HAMILTON (Con)'],['Scott HAMILTON (Con)'],['Scott HAMILTON (Con)'],['Scott HAMILTON (Con)'],['Scott HAMILTON (Con)'],['Scott HAMILTON (Con)'],['Scott HAMILTON (Con)'],['Scott HAMILTON (Con)'],['Scott HAMILTON (Con)'],['Scott HAMILTON (Con)'],['Scott HAMILTON (Con)'],['Scott HAMILTON (Con)'],['Scott HAMILTON (Con)'],['Scott HAMILTON (Con)'],['Scott HAMILTON (Con)']
raw_data/scotland/processed_data/sc-borders17/Ward11-HawickandHermitage_sc-borders17-11.csv,4,['Watson MCATEER (Ind)'],['Watson MCATEER (Ind)'],['Watson MCATEER (Ind)'],['Watson MCATEER (Ind)'],['Watson MCATEER (Ind)'],['Watson MCATEER (Ind)'],['Watson MCATEER (Ind)'],['Watson MCATEER (Ind)'],['Watson MCATEER (Ind)'],['Watson MCATEER (Ind)'],['Watson MCATEER (Ind)'],['Watson MCATEER (Ind)'],['Watson MCATEER (Ind)'],['Watson MCATEER (Ind)'],['Watson MCATEER (Ind)'],['Watson MCATEER (Ind)'],['Watson MCATEER (Ind)'],['Watson MCATEER (Ind)'],['Watson MCATEER (Ind)'],['Watson MCATEER (Ind)'],['Watson MCATEER (Ind)'],['Watson MCATEER (Ind)'],['Watson MCATEER (Ind)'],['Watson MCATEER (Ind)'],['Watson MCATEER (Ind)'],['Watson MCATEER (Ind)'],['Watson MCATEER (Ind)'],['Watson MCATEER (Ind)'],['Watson MCATEER (Ind)'],['Watson MCATEER (Ind)']
raw_data/scotland/processed_data/sc-borders17/Ward2-TweeddaleEast_sc-borders17-02.csv,4,['Shona HASLAM (Con)'],['Shona HASLAM (Con)'],['Shona HASLAM (Con)'],['Shona HASLAM (Con)'],['Shona HASLAM (Con)'],['Shona HASLAM (Con)'],['Shona HASLAM (Con)'],['Shona HASLAM (Con)'],['Shona HASLAM (Con)'],['Shona HASLAM (Con)'],['Shona HASLAM (Con)'],['Shona HASLAM (Con)'],['Shona HASLAM (Con)'],['Amanda Jane KUBIE (LD)'],['Shona HASLAM (Con)'],['Shona HASLAM (Con)'],['Shona HASLAM (Con)'],['Shona HASLAM (Con)'],['Shona HASLAM (Con)'],['Shona HASLAM (Con)'],['Shona HASLAM (Con)'],['Shona HASLAM (Con)'],['Shona HASLAM (Con)'],['Shona HASLAM (Con)'],['Shona HASLAM (Con)'],['Shona HASLAM (Con)'],['Shona HASLAM (Con)'],['Shona HASLAM (Con)'],['Amanda Jane KUBIE (LD)'],['Shona HASLAM (Con)']
raw_data/scotland/processed_data/dundee17-ballots/EastEnd_dundee17-07.csv,8,['Will DAWSON (SNP)'],['Will DAWSON (SNP)'],['Will DAWSON (SNP)'],['Will DAWSON (SNP)'],['Will DAWSON (SNP)'],['Will DAWSON (SNP)'],['Will DAWSON (SNP)'],['Will DAWSON (SNP)'],['Will DAWSON (SNP)'],['Will DAWSON (SNP)'],['Will DAWSON (SNP)'],['Will DAWSON (SNP)'],['Will DAWSON (SNP)'],['Will DAWSON (SNP)'],['Will DAWSON (SNP)'],['Will DAWSON (SNP)'],['Will DAWSON (SNP)'],['Will DAWSON (SNP)'],['Will DAWSON (SNP)'],['Will DAWSON (SNP)'],['Will DAWSON (SNP)'],['Will DAWSON (SNP)'],['Will DAWSON (SNP)'],['Will DAWSON (SNP)'],['Will DAWSON (SNP)'],['Will DAWSON (SNP)'],['Will DAWSON (SNP)'],['Will DAWSON (SNP)'],['Will DAWSON (SNP)'],['Will DAWSON (SNP)']
raw_data/scotland/processed_data/dundee17-ballots/TheFerry_dundee17-08.csv,7,['Derek SCOTT (Con)'],['Derek SCOTT (Con)'],['Derek SCOTT (Con)'],['Derek SCOTT (Con)'],['Craig DUNCAN (LD)'],['Derek SCOTT (Con)'],['Derek SCOTT (Con)'],['Derek SCOTT (Con)'],['Derek SCOTT (Con)'],['Derek SCOTT (Con)'],['Derek SCOTT (Con)'],['Derek SCOTT (Con)'],['Derek SCOTT (Con)'],['Derek SCOTT (Con)'],['Derek SCOTT (Con)'],['Derek SCOTT (Con)'],['Derek SCOTT (Con)'],['Derek SCOTT (Con)'],['Derek SCOTT (Con)'],['Derek SCOTT (Con)'],['Derek SCOTT (Con)'],['Derek SCOTT (Con)'],['Derek SCOTT (Con)'],['Derek SCOTT (Con)'],['Derek SCOTT (Con)'],['Derek SCOTT (Con)'],['Derek SCOTT (Con)'],['Derek SCOTT (Con)'],['Derek SCOTT (Con)'],['Derek SCOTT (Con)']
raw_data/scotland/processed_data/dundee17-ballots/Strathmartine_dundee17-01.csv,6,['John ALEXANDER (SNP)'],['John ALEXANDER (SNP)'],['John ALEXANDER (SNP)'],['John ALEXANDER (SNP)'],['John ALEXANDER (SNP)'],['John ALEXANDER (SNP)'],['John ALEXANDER (SNP)'],['John ALEXANDER (SNP)'],['John ALEXANDER (SNP)'],['John ALEXANDER (SNP)'],['John ALEXANDER (SNP)'],['John ALEXANDER (SNP)'],['John ALEXANDER (SNP)'],['John ALEXANDER (SNP)'],['John ALEXANDER (SNP)'],['John ALEXANDER (SNP)'],['John ALEXANDER (SNP)'],['John ALEXANDER (SNP)'],['John ALEXANDER (SNP)'],['John ALEXANDER (SNP)'],['John ALEXANDER (SNP)'],['John ALEXANDER (SNP)'],['John ALEXANDER (SNP)'],['John ALEXANDER (SNP)'],['John ALEXANDER (SNP)'],['John ALEXANDER (SNP)'],['John ALEXANDER (SNP)'],['John ALEXANDER (SNP)'],['John ALEXANDER (SNP)'],['John ALEXANDER (SNP)']
raw_data/scotland/processed_data/dundee17-ballots/Coldside_dundee17-04.csv,7,['Mark FLYNN (SNP)'],['Mark FLYNN (SNP)'],['Mark FLYNN (SNP)'],['Mark FLYNN (SNP)'],['Mark FLYNN (SNP)'],['Mark FLYNN (SNP)'],['Mark FLYNN (SNP)'],['Mark FLYNN (SNP)'],['Mark FLYNN (SNP)'],['Mark FLYNN (SNP)'],['Mark FLYNN (SNP)'],['Mark FLYNN (SNP)'],['Mark FLYNN (SNP)'],['Mark FLYNN (SNP)'],['Mark FLYNN (SNP)'],['Mark FLYNN (SNP)'],['Mark FLYNN (SNP)'],['Mark FLYNN (SNP)'],['Mark FLYNN (SNP)'],['Mark FLYNN (SNP)'],['Mark FLYNN (SNP)'],['Mark FLYNN (SNP)'],['Mark FLYNN (SNP)'],['Mark FLYNN (SNP)'],['Mark FLYNN (SNP)'],['Mark FLYNN (SNP)'],['Mark FLYNN (SNP)'],['Mark FLYNN (SNP)'],['Mark FLYNN (SNP)'],['Mark FLYNN (SNP)']
raw_data/scotland/processed_data/dundee17-ballots/Maryfield_dundee17-05.csv,5,['Ken LYNN (SNP)'],['Ken LYNN (SNP)'],['Ken LYNN (SNP)'],['Ken LYNN (SNP)'],['Ken LYNN (SNP)'],['Ken LYNN (SNP)'],['Ken LYNN (SNP)'],['Ken LYNN (SNP)'],['Ken LYNN (SNP)'],['Ken LYNN (SNP)'],['Ken LYNN (SNP)'],['Ken LYNN (SNP)'],['Ken LYNN (SNP)'],['Ken LYNN (SNP)'],['Ken LYNN (SNP)'],['Ken LYNN (SNP)'],['Ken LYNN (SNP)'],['Ken LYNN (SNP)'],['Ken LYNN (SNP)'],['Ken LYNN (SNP)'],['Ken LYNN (SNP)'],['Ken LYNN (SNP)'],['Ken LYNN (SNP)'],['Ken LYNN (SNP)'],['Ken LYNN (SNP)'],['Ken LYNN (SNP)'],['Ken LYNN (SNP)'],['Ken LYNN (SNP)'],['Ken LYNN (SNP)'],['Ken LYNN (SNP)']
raw_data/scotland/processed_data/dundee17-ballots/NorthEast_dundee17-06.csv,7,['Gregor MURRAY (SNP)'],['Gregor MURRAY (SNP)'],['Gregor MURRAY (SNP)'],['Gregor MURRAY (SNP)'],['Gregor MURRAY (SNP)'],['Gregor MURRAY (SNP)'],['Gregor MURRAY (SNP)'],['Gregor MURRAY (SNP)'],['Gregor MURRAY (SNP)'],['Gregor MURRAY (SNP)'],['Gregor MURRAY (SNP)'],['Gregor MURRAY (SNP)'],['Gregor MURRAY (SNP)'],['Gregor MURRAY (SNP)'],['Gregor MURRAY (SNP)'],['Gregor MURRAY (SNP)'],['Gregor MURRAY (SNP)'],['Gregor MURRAY (SNP)'],['Gregor MURRAY (SNP)'],['Gregor MURRAY (SNP)'],['Gregor MURRAY (SNP)'],['Gregor MURRAY (SNP)'],['Gregor MURRAY (SNP)'],['Gregor MURRAY (SNP)'],['Gregor MURRAY (SNP)'],['Gregor MURRAY (SNP)'],['Gregor MURRAY (SNP)'],['Gregor MURRAY (SNP)'],['Gregor MURRAY (SNP)'],['Gregor MURRAY (SNP)']
raw_data/scotland/processed_data/dundee17-ballots/WestEnd_dundee17-03.csv,8,['Fraser MACPHERSON (LD)'],['Fraser MACPHERSON (LD)'],['Fraser MACPHERSON (LD)'],['Fraser MACPHERSON (LD)'],['Fraser MACPHERSON (LD)'],['Fraser MACPHERSON (LD)'],['Fraser MACPHERSON (LD)'],['Fraser MACPHERSON (LD)'],['Fraser MACPHERSON (LD)'],['Fraser MACPHERSON (LD)'],['Fraser MACPHERSON (LD)'],['Fraser MACPHERSON (LD)'],['Fraser MACPHERSON (LD)'],['Fraser MACPHERSON (LD)'],['Fraser MACPHERSON (LD)'],['Fraser MACPHERSON (LD)'],['Fraser MACPHERSON (LD)'],['Fraser MACPHERSON (LD)'],['Fraser MACPHERSON (LD)'],['Fraser MACPHERSON (LD)'],['Fraser MACPHERSON (LD)'],['Fraser MACPHERSON (LD)'],['Fraser MACPHERSON (LD)'],['Fraser MACPHERSON (LD)'],['Fraser MACPHERSON (LD)'],['Fraser MACPHERSON (LD)'],['Fraser MACPHERSON (LD)'],['Fraser MACPHERSON (LD)'],['Fraser MACPHERSON (LD)'],['Fraser MACPHERSON (LD)']
raw_data/scotland/processed_data/dundee17-ballots/Lochee_dundee17-02.csv,7,['Alan ROSS (SNP)'],['Alan ROSS (SNP)'],['Alan ROSS (SNP)'],['Alan ROSS (SNP)'],['Alan ROSS (SNP)'],['Alan ROSS (SNP)'],['Alan ROSS (SNP)'],['Alan ROSS (SNP)'],['Alan ROSS (SNP)'],['Alan ROSS (SNP)'],['Alan ROSS (SNP)'],['Alan ROSS (SNP)'],['Alan ROSS (SNP)'],['Alan ROSS (SNP)'],['Alan ROSS (SNP)'],['Alan ROSS (SNP)'],['Alan ROSS (SNP)'],['Alan ROSS (SNP)'],['Alan ROSS (SNP)'],['Alan ROSS (SNP)'],['Alan ROSS (SNP)'],['Alan ROSS (SNP)'],['Alan ROSS (SNP)'],['Alan ROSS (SNP)'],['Alan ROSS (SNP)'],['Alan ROSS (SNP)'],['Alan ROSS (SNP)'],['Alan ROSS (SNP)'],['Alan ROSS (SNP)'],['Alan ROSS (SNP)']
raw_data/scotland/processed_data/edinburgh17-ballots/Ward11-CityCentre_edinburgh17-11.csv,6,['Jo MOWAT (Con)'],['Claire MILLER (Grn)'],['Alasdair RANKIN (SNP)'],['Claire MILLER (Grn)'],['Claire MILLER (Grn)'],['Claire MILLER (Grn)'],['Claire MILLER (Grn)'],['Claire MILLER (Grn)'],['Claire MILLER (Grn)'],['Claire MILLER (Grn)'],['Claire MILLER (Grn)'],['Claire MILLER (Grn)'],['Claire MILLER (Grn)'],['Claire MILLER (Grn)'],['Claire MILLER (Grn)'],['Jo MOWAT (Con)'],['Claire MILLER (Grn)'],['Alasdair RANKIN (SNP)'],['Claire MILLER (Grn)'],['Claire MILLER (Grn)'],['Claire MILLER (Grn)'],['Claire MILLER (Grn)'],['Claire MILLER (Grn)'],['Claire MILLER (Grn)'],['Claire MILLER (Grn)'],['Claire MILLER (Grn)'],['Claire MILLER (Grn)'],['Claire MILLER (Grn)'],['Claire MILLER (Grn)'],['Claire MILLER (Grn)']
raw_data/scotland/processed_data/edinburgh17-ballots/Ward2-PentlandHills_edinburgh17-02.csv,5,['Graeme BRUCE (Con)'],['Graeme BRUCE (Con)'],['Graeme BRUCE (Con)'],['Graeme BRUCE (Con)'],['Ricky HENDERSON (Lab)'],['Graeme BRUCE (Con)'],['Graeme BRUCE (Con)'],['Graeme BRUCE (Con)'],['Graeme BRUCE (Con)'],['Graeme BRUCE (Con)'],['Graeme BRUCE (Con)'],['Graeme BRUCE (Con)'],['Graeme BRUCE (Con)'],['Graeme BRUCE (Con)'],['Graeme BRUCE (Con)'],['Graeme BRUCE (Con)'],['Graeme BRUCE (Con)'],['Graeme BRUCE (Con)'],['Graeme BRUCE (Con)'],['Ricky HENDERSON (Lab)'],['Graeme BRUCE (Con)'],['Graeme BRUCE (Con)'],['Graeme BRUCE (Con)'],['Graeme BRUCE (Con)'],['Graeme BRUCE (Con)'],['Graeme BRUCE (Con)'],['Graeme BRUCE (Con)'],['Graeme BRUCE (Con)'],['Ricky HENDERSON (Lab)'],['Graeme BRUCE (Con)']
raw_data/scotland/processed_data/edinburgh17-ballots/Ward5-Inverleith_edinburgh17-05.csv,7,['Max MITCHELL (Con)'],['Hal OSLER (LD)'],['Max MITCHELL (Con)'],['Hal OSLER (LD)'],['Hal OSLER (LD)'],['Hal OSLER (LD)'],['Max MITCHELL (Con)'],['Hal OSLER (LD)'],['Hal OSLER (LD)'],['Hal OSLER (LD)'],['Hal OSLER (LD)'],['Hal OSLER (LD)'],['Hal OSLER (LD)'],['Hal OSLER (LD)'],['Hal OSLER (LD)'],['Max MITCHELL (Con)'],['Hal OSLER (LD)'],['Max MITCHELL (Con)'],['Hal OSLER (LD)'],['Hal OSLER (LD)'],['Hal OSLER (LD)'],['Hal OSLER (LD)'],['Hal OSLER (LD)'],['Hal OSLER (LD)'],['Hal OSLER (LD)'],['Hal OSLER (LD)'],['Hal OSLER (LD)'],['Hal OSLER (LD)'],['Hal OSLER (LD)'],['Hal OSLER (LD)']
raw_data/scotland/processed_data/edinburgh17-ballots/Ward15-Southside-Newington_edinburgh17-15.csv,5,['Cameron ROSE (Con)'],['Steve BURGESS (Grn)'],['Alison DICKIE (SNP)'],['Ian PERRY (Lab)'],['Steve BURGESS (Grn)'],['Steve BURGESS (Grn)'],['Steve BURGESS (Grn)'],['Steve BURGESS (Grn)'],['Steve BURGESS (Grn)'],['Steve BURGESS (Grn)'],['Steve BURGESS (Grn)'],['Steve BURGESS (Grn)'],['Steve BURGESS (Grn)'],['Ian PERRY (Lab)'],['Steve BURGESS (Grn)'],['Cameron ROSE (Con)'],['Steve BURGESS (Grn)'],['Ian PERRY (Lab)'],['Ian PERRY (Lab)'],['Steve BURGESS (Grn)'],['Ian PERRY (Lab)'],['Ian PERRY (Lab)'],['Steve BURGESS (Grn)'],['Steve BURGESS (Grn)'],['Steve BURGESS (Grn)'],['Steve BURGESS (Grn)'],['Steve BURGESS (Grn)'],['Steve BURGESS (Grn)'],['Steve BURGESS (Grn)'],['Steve BURGESS (Grn)']
raw_data/scotland/processed_data/edinburgh17-ballots/Ward14-Craigentinny-Duddingston_edinburgh17-14.csv,5,['Ian CAMPBELL (SNP)'],['Ian CAMPBELL (SNP)'],['Ian CAMPBELL (SNP)'],['Ian CAMPBELL (SNP)'],['Ian CAMPBELL (SNP)'],['Ian CAMPBELL (SNP)'],['Ian CAMPBELL (SNP)'],['Ian CAMPBELL (SNP)'],['Ian CAMPBELL (SNP)'],['Ian CAMPBELL (SNP)'],['Ian CAMPBELL (SNP)'],['Ian CAMPBELL (SNP)'],['Ian CAMPBELL (SNP)'],['Joan GRIFFITHS (Lab)'],['Ian CAMPBELL (SNP)'],['Ian CAMPBELL (SNP)'],['Ian CAMPBELL (SNP)'],['Ian CAMPBELL (SNP)'],['Ian CAMPBELL (SNP)'],['Ian CAMPBELL (SNP)'],['Ian CAMPBELL (SNP)'],['Ian CAMPBELL (SNP)'],['Ian CAMPBELL (SNP)'],['Ian CAMPBELL (SNP)'],['Ian CAMPBELL (SNP)'],['Ian CAMPBELL (SNP)'],['Ian CAMPBELL (SNP)'],['Ian CAMPBELL (SNP)'],['Joan GRIFFITHS (Lab)'],['Ian CAMPBELL (SNP)']
raw_data/scotland/processed_data/edinburgh17-ballots/Ward17-Portobello-Craigmillar_edinburgh17-17.csv,5,['KATE CAMPBELL (SNP)'],['Maureen CHILD (Lab)'],['Maureen CHILD (Lab)'],['Maureen CHILD (Lab)'],['Maureen CHILD (Lab)'],['Maureen CHILD (Lab)'],['Maureen CHILD (Lab)'],['Maureen CHILD (Lab)'],['Maureen CHILD (Lab)'],['Maureen CHILD (Lab)'],['Maureen CHILD (Lab)'],['Maureen CHILD (Lab)'],['Maureen CHILD (Lab)'],['Maureen CHILD (Lab)'],['Maureen CHILD (Lab)'],['KATE CAMPBELL (SNP)'],['Maureen CHILD (Lab)'],['Maureen CHILD (Lab)'],['Maureen CHILD (Lab)'],['Maureen CHILD (Lab)'],['Maureen CHILD (Lab)'],['Maureen CHILD (Lab)'],['Maureen CHILD (Lab)'],['Maureen CHILD (Lab)'],['Maureen CHILD (Lab)'],['Maureen CHILD (Lab)'],['Maureen CHILD (Lab)'],['Maureen CHILD (Lab)'],['Maureen CHILD (Lab)'],['Maureen CHILD (Lab)']
raw_data/scotland/processed_data/edinburgh17-ballots/Ward3-DrumBraeGyle_edinburgh17-03.csv,5,['Robert Christopher ALDRIDGE (LD)'],['Robert Christopher ALDRIDGE (LD)'],['Robert Christopher ALDRIDGE (LD)'],['Robert Christopher ALDRIDGE (LD)'],['Robert Christopher ALDRIDGE (LD)'],['Robert Christopher ALDRIDGE (LD)'],['Robert Christopher ALDRIDGE (LD)'],['Robert Christopher ALDRIDGE (LD)'],['Robert Christopher ALDRIDGE (LD)'],['Robert Christopher ALDRIDGE (LD)'],['Robert Christopher ALDRIDGE (LD)'],['Robert Christopher ALDRIDGE (LD)'],['Robert Christopher ALDRIDGE (LD)'],['Robert Christopher ALDRIDGE (LD)'],['Robert Christopher ALDRIDGE (LD)'],['Robert Christopher ALDRIDGE (LD)'],['Robert Christopher ALDRIDGE (LD)'],['Robert Christopher ALDRIDGE (LD)'],['Robert Christopher ALDRIDGE (LD)'],['Robert Christopher ALDRIDGE (LD)'],['Robert Christopher ALDRIDGE (LD)'],['Robert Christopher ALDRIDGE (LD)'],['Robert Christopher ALDRIDGE (LD)'],['Robert Christopher ALDRIDGE (LD)'],['Robert Christopher ALDRIDGE (LD)'],['Robert Christopher ALDRIDGE (LD)'],['Robert Christopher ALDRIDGE (LD)'],['Robert Christopher ALDRIDGE (LD)'],['Robert Christopher ALDRIDGE (LD)'],['Robert Christopher ALDRIDGE (LD)']
raw_data/scotland/processed_data/edinburgh17-ballots/Ward16-Liberton-Gilmerton_edinburgh17-16.csv,5,['Derek HOWIE (SNP)'],['Lezley Marion CAMERON (Lab)'],['Lezley Marion CAMERON (Lab)'],['Lezley Marion CAMERON (Lab)'],['Lezley Marion CAMERON (Lab)'],['Lezley Marion CAMERON (Lab)'],['Lezley Marion CAMERON (Lab)'],['Lezley Marion CAMERON (Lab)'],['Lezley Marion CAMERON (Lab)'],['Lezley Marion CAMERON (Lab)'],['Lezley Marion CAMERON (Lab)'],['Lezley Marion CAMERON (Lab)'],['Lezley Marion CAMERON (Lab)'],['Lezley Marion CAMERON (Lab)'],['Lezley Marion CAMERON (Lab)'],['Lezley Marion CAMERON (Lab)'],['Lezley Marion CAMERON (Lab)'],['Lezley Marion CAMERON (Lab)'],['Lezley Marion CAMERON (Lab)'],['Lezley Marion CAMERON (Lab)'],['Lezley Marion CAMERON (Lab)'],['Lezley Marion CAMERON (Lab)'],['Lezley Marion CAMERON (Lab)'],['Lezley Marion CAMERON (Lab)'],['Lezley Marion CAMERON (Lab)'],['Lezley Marion CAMERON (Lab)'],['Lezley Marion CAMERON (Lab)'],['Lezley Marion CAMERON (Lab)'],['Lezley Marion CAMERON (Lab)'],['Lezley Marion CAMERON (Lab)']
raw_data/scotland/processed_data/edinburgh17-ballots/Ward6-CorstorphineMurrayfield_edinburgh17-06.csv,7,['Scott DOUGLAS (Con)'],['Gillian GLOYER (LD)'],['Gillian GLOYER (LD)'],['Gillian GLOYER (LD)'],['Gillian GLOYER (LD)'],['Gillian GLOYER (LD)'],['Gillian GLOYER (LD)'],['Gillian GLOYER (LD)'],['Gillian GLOYER (LD)'],['Gillian GLOYER (LD)'],['Gillian GLOYER (LD)'],['Gillian GLOYER (LD)'],['Gillian GLOYER (LD)'],['Gillian GLOYER (LD)'],['Gillian GLOYER (LD)'],['Scott DOUGLAS (Con)'],['Gillian GLOYER (LD)'],['Gillian GLOYER (LD)'],['Gillian GLOYER (LD)'],['Gillian GLOYER (LD)'],['Gillian GLOYER (LD)'],['Gillian GLOYER (LD)'],['Gillian GLOYER (LD)'],['Gillian GLOYER (LD)'],['Gillian GLOYER (LD)'],['Gillian GLOYER (LD)'],['Gillian GLOYER (LD)'],['Gillian GLOYER (LD)'],['Gillian GLOYER (LD)'],['Gillian GLOYER (LD)']
raw_data/scotland/processed_data/edinburgh17-ballots/Ward10-Morningside_edinburgh17-10.csv,5,['Nick COOK (Con)'],['Melanie MAIN (Grn)'],['Melanie MAIN (Grn)'],['Neil ROSS (LD)'],['Melanie MAIN (Grn)'],['Melanie MAIN (Grn)'],['Melanie MAIN (Grn)'],['Melanie MAIN (Grn)'],['Melanie MAIN (Grn)'],['Melanie MAIN (Grn)'],['Melanie MAIN (Grn)'],['Melanie MAIN (Grn)'],['Melanie MAIN (Grn)'],['Neil ROSS (LD)'],['Melanie MAIN (Grn)'],['Nick COOK (Con)'],['Melanie MAIN (Grn)'],['Melanie MAIN (Grn)'],['Melanie MAIN (Grn)'],['Melanie MAIN (Grn)'],['Melanie MAIN (Grn)'],['Melanie MAIN (Grn)'],['Melanie MAIN (Grn)'],['Melanie MAIN (Grn)'],['Melanie MAIN (Grn)'],['Melanie MAIN (Grn)'],['Melanie MAIN (Grn)'],['Melanie MAIN (Grn)'],['Melanie MAIN (Grn)'],['Melanie MAIN (Grn)']
raw_data/scotland/processed_data/edinburgh17-ballots/Ward4-Forth_edinburgh17-04.csv,6,['Eleanor BIRD (SNP)'],['Eleanor BIRD (SNP)'],['Eleanor BIRD (SNP)'],['Eleanor BIRD (SNP)'],['Eleanor BIRD (SNP)'],['Eleanor BIRD (SNP)'],['Eleanor BIRD (SNP)'],['Eleanor BIRD (SNP)'],['Eleanor BIRD (SNP)'],['Eleanor BIRD (SNP)'],['Eleanor BIRD (SNP)'],['Eleanor BIRD (SNP)'],['Eleanor BIRD (SNP)'],['Cammy DAY (Lab)'],['Eleanor BIRD (SNP)'],['Jim CAMPBELL (Con)'],['Eleanor BIRD (SNP)'],['Eleanor BIRD (SNP)'],['Eleanor BIRD (SNP)'],['Eleanor BIRD (SNP)'],['Eleanor BIRD (SNP)'],['Eleanor BIRD (SNP)'],['Eleanor BIRD (SNP)'],['Eleanor BIRD (SNP)'],['Eleanor BIRD (SNP)'],['Eleanor BIRD (SNP)'],['Eleanor BIRD (SNP)'],['Eleanor BIRD (SNP)'],['Cammy DAY (Lab)'],['Eleanor BIRD (SNP)']
raw_data/scotland/processed_data/edinburgh17-ballots/Ward13-Leith_edinburgh17-13.csv,5,['Adam MCVEY (SNP)'],['Adam MCVEY (SNP)'],['Adam MCVEY (SNP)'],['Adam MCVEY (SNP)'],['Adam MCVEY (SNP)'],['Adam MCVEY (SNP)'],['Adam MCVEY (SNP)'],['Adam MCVEY (SNP)'],['Adam MCVEY (SNP)'],['Adam MCVEY (SNP)'],['Adam MCVEY (SNP)'],['Adam MCVEY (SNP)'],['Adam MCVEY (SNP)'],['Adam MCVEY (SNP)'],['Adam MCVEY (SNP)'],['Adam MCVEY (SNP)'],['Adam MCVEY (SNP)'],['Adam MCVEY (SNP)'],['Adam MCVEY (SNP)'],['Adam MCVEY (SNP)'],['Adam MCVEY (SNP)'],['Adam MCVEY (SNP)'],['Adam MCVEY (SNP)'],['Adam MCVEY (SNP)'],['Adam MCVEY (SNP)'],['Adam MCVEY (SNP)'],['Adam MCVEY (SNP)'],['Adam MCVEY (SNP)'],['Chas BOOTH (Grn)'],['Adam MCVEY (SNP)']
raw_data/scotland/processed_data/edinburgh17-ballots/Ward8-ColintonFairmilehead_edinburgh17-08.csv,5,['Jason RUST (Con)'],['Jason RUST (Con)'],['Jason RUST (Con)'],['Jason RUST (Con)'],['Jason RUST (Con)'],['Jason RUST (Con)'],['Jason RUST (Con)'],['Jason RUST (Con)'],['Jason RUST (Con)'],['Jason RUST (Con)'],['Jason RUST (Con)'],['Jason RUST (Con)'],['Jason RUST (Con)'],['Jason RUST (Con)'],['Jason RUST (Con)'],['Jason RUST (Con)'],['Jason RUST (Con)'],['Jason RUST (Con)'],['Jason RUST (Con)'],['Jason RUST (Con)'],['Jason RUST (Con)'],['Jason RUST (Con)'],['Jason RUST (Con)'],['Jason RUST (Con)'],['Jason RUST (Con)'],['Jason RUST (Con)'],['Jason RUST (Con)'],['Jason RUST (Con)'],['Jason RUST (Con)'],['Jason RUST (Con)']
raw_data/scotland/processed_data/edinburgh17-ballots/Ward12-LeithWalk_edinburgh17-12.csv,8,['Amy MCNEESE-MECHAN (SNP)'],['Amy MCNEESE-MECHAN (SNP)'],['Susan RAE (Grn)'],['Susan RAE (Grn)'],['Susan RAE (Grn)'],['Susan RAE (Grn)'],['Susan RAE (Grn)'],['Susan RAE (Grn)'],['Susan RAE (Grn)'],['Susan RAE (Grn)'],['Susan RAE (Grn)'],['Susan RAE (Grn)'],['Susan RAE (Grn)'],['Susan RAE (Grn)'],['Susan RAE (Grn)'],['Amy MCNEESE-MECHAN (SNP)'],['Amy MCNEESE-MECHAN (SNP)'],['Susan RAE (Grn)'],['Susan RAE (Grn)'],['Susan RAE (Grn)'],['Susan RAE (Grn)'],['Susan RAE (Grn)'],['Susan RAE (Grn)'],['Susan RAE (Grn)'],['Susan RAE (Grn)'],['Susan RAE (Grn)'],['Susan RAE (Grn)'],['Susan RAE (Grn)'],['Susan RAE (Grn)'],['Susan RAE (Grn)']
raw_data/scotland/processed_data/edinburgh17-ballots/Ward9-FountainbridgeCraiglockhart_edinburgh17-09.csv,6,['Andrew JOHNSTON (Con)'],['Gavin CORBETT (Grn)'],['Gavin CORBETT (Grn)'],['Gavin CORBETT (Grn)'],['Gavin CORBETT (Grn)'],['Gavin CORBETT (Grn)'],['Gavin CORBETT (Grn)'],['Gavin CORBETT (Grn)'],['Gavin CORBETT (Grn)'],['Gavin CORBETT (Grn)'],['Gavin CORBETT (Grn)'],['Gavin CORBETT (Grn)'],['Gavin CORBETT (Grn)'],['Gavin CORBETT (Grn)'],['Gavin CORBETT (Grn)'],['Andrew JOHNSTON (Con)'],['Gavin CORBETT (Grn)'],['Gavin CORBETT (Grn)'],['Gavin CORBETT (Grn)'],['Gavin CORBETT (Grn)'],['Gavin CORBETT (Grn)'],['Gavin CORBETT (Grn)'],['Gavin CORBETT (Grn)'],['Gavin CORBETT (Grn)'],['Gavin CORBETT (Grn)'],['Gavin CORBETT (Grn)'],['Gavin CORBETT (Grn)'],['Gavin CORBETT (Grn)'],['Gavin CORBETT (Grn)'],['Gavin CORBETT (Grn)']
raw_data/scotland/processed_data/edinburgh17-ballots/Ward1-Almond_edinburgh17-01.csv,8,['Kevin LANG (LD)'],['Kevin LANG (LD)'],['Kevin LANG (LD)'],['Kevin LANG (LD)'],['Kevin LANG (LD)'],['Kevin LANG (LD)'],['Kevin LANG (LD)'],['Kevin LANG (LD)'],['Kevin LANG (LD)'],['Kevin LANG (LD)'],['Kevin LANG (LD)'],['Kevin LANG (LD)'],['Kevin LANG (LD)'],['Kevin LANG (LD)'],['Kevin LANG (LD)'],['Kevin LANG (LD)'],['Kevin LANG (LD)'],['Kevin LANG (LD)'],['Kevin LANG (LD)'],['Kevin LANG (LD)'],['Kevin LANG (LD)'],['Kevin LANG (LD)'],['Kevin LANG (LD)'],['Kevin LANG (LD)'],['Kevin LANG (LD)'],['Kevin LANG (LD)'],['Kevin LANG (LD)'],['Kevin LANG (LD)'],['Kevin LANG (LD)'],['Kevin LANG (LD)']
raw_data/scotland/processed_data/edinburgh17-ballots/Ward7-SighthillGorgie_edinburgh17-07.csv,6,['Catherine FULLERTON (SNP)'],['Catherine FULLERTON (SNP)'],['Catherine FULLERTON (SNP)'],['Catherine FULLERTON (SNP)'],['Catherine FULLERTON (SNP)'],['Catherine FULLERTON (SNP)'],['Catherine FULLERTON (SNP)'],['Catherine FULLERTON (SNP)'],['Catherine FULLERTON (SNP)'],['Catherine FULLERTON (SNP)'],['Catherine FULLERTON (SNP)'],['Catherine FULLERTON (SNP)'],['Catherine FULLERTON (SNP)'],['Catherine FULLERTON (SNP)'],['Catherine FULLERTON (SNP)'],['Catherine FULLERTON (SNP)'],['Catherine FULLERTON (SNP)'],['Catherine FULLERTON (SNP)'],['Catherine FULLERTON (SNP)'],['Catherine FULLERTON (SNP)'],['Catherine FULLERTON (SNP)'],['Catherine FULLERTON (SNP)'],['Catherine FULLERTON (SNP)'],['Catherine FULLERTON (SNP)'],['Catherine FULLERTON (SNP)'],['Catherine FULLERTON (SNP)'],['Catherine FULLERTON (SNP)'],['Catherine FULLERTON (SNP)'],['Catherine FULLERTON (SNP)'],['Catherine FULLERTON (SNP)']
raw_data/scotland/processed_data/midlothian17-ballots/MidlothianEast_midlothian17-05.csv,5,['Peter SMAILL (Con)'],['John HACKETT (Lab)'],['Peter SMAILL (Con)'],['John HACKETT (Lab)'],['John HACKETT (Lab)'],['John HACKETT (Lab)'],['John HACKETT (Lab)'],['John HACKETT (Lab)'],['John HACKETT (Lab)'],['John HACKETT (Lab)'],['John HACKETT (Lab)'],['John HACKETT (Lab)'],['John HACKETT (Lab)'],['Robert HOGG (Ind)'],['John HACKETT (Lab)'],['Peter SMAILL (Con)'],['John HACKETT (Lab)'],['Peter SMAILL (Con)'],['John HACKETT (Lab)'],['John HACKETT (Lab)'],['John HACKETT (Lab)'],['John HACKETT (Lab)'],['John HACKETT (Lab)'],['John HACKETT (Lab)'],['John HACKETT (Lab)'],['John HACKETT (Lab)'],['John HACKETT (Lab)'],['John HACKETT (Lab)'],['Robert HOGG (Ind)'],['John HACKETT (Lab)']
raw_data/scotland/processed_data/midlothian17-ballots/Bonnyrigg_midlothian17-02.csv,5,['Derek MILLIGAN (Lab)'],['Derek MILLIGAN (Lab)'],['Derek MILLIGAN (Lab)'],['Derek MILLIGAN (Lab)'],['Derek MILLIGAN (Lab)'],['Derek MILLIGAN (Lab)'],['Derek MILLIGAN (Lab)'],['Derek MILLIGAN (Lab)'],['Derek MILLIGAN (Lab)'],['Derek MILLIGAN (Lab)'],['Derek MILLIGAN (Lab)'],['Derek MILLIGAN (Lab)'],['Derek MILLIGAN (Lab)'],['Derek MILLIGAN (Lab)'],['Derek MILLIGAN (Lab)'],['Derek MILLIGAN (Lab)'],['Derek MILLIGAN (Lab)'],['Derek MILLIGAN (Lab)'],['Derek MILLIGAN (Lab)'],['Derek MILLIGAN (Lab)'],['Derek MILLIGAN (Lab)'],['Derek MILLIGAN (Lab)'],['Derek MILLIGAN (Lab)'],['Derek MILLIGAN (Lab)'],['Derek MILLIGAN (Lab)'],['Derek MILLIGAN (Lab)'],['Derek MILLIGAN (Lab)'],['Derek MILLIGAN (Lab)'],['Derek MILLIGAN (Lab)'],['Derek MILLIGAN (Lab)']
raw_data/scotland/processed_data/midlothian17-ballots/MidlothianSouth_midlothian17-06.csv,5,['Jim MUIRHEAD (Lab)'],['Jim MUIRHEAD (Lab)'],['Jim MUIRHEAD (Lab)'],['Jim MUIRHEAD (Lab)'],['Jim MUIRHEAD (Lab)'],['Jim MUIRHEAD (Lab)'],['Jim MUIRHEAD (Lab)'],['Jim MUIRHEAD (Lab)'],['Jim MUIRHEAD (Lab)'],['Jim MUIRHEAD (Lab)'],['Jim MUIRHEAD (Lab)'],['Jim MUIRHEAD (Lab)'],['Jim MUIRHEAD (Lab)'],['Jim MUIRHEAD (Lab)'],['Jim MUIRHEAD (Lab)'],['Jim MUIRHEAD (Lab)'],['Jim MUIRHEAD (Lab)'],['Jim MUIRHEAD (Lab)'],['Jim MUIRHEAD (Lab)'],['Jim MUIRHEAD (Lab)'],['Jim MUIRHEAD (Lab)'],['Jim MUIRHEAD (Lab)'],['Jim MUIRHEAD (Lab)'],['Jim MUIRHEAD (Lab)'],['Jim MUIRHEAD (Lab)'],['Jim MUIRHEAD (Lab)'],['Jim MUIRHEAD (Lab)'],['Jim MUIRHEAD (Lab)'],['Jim MUIRHEAD (Lab)'],['Jim MUIRHEAD (Lab)']
raw_data/scotland/processed_data/midlothian17-ballots/MidlothianWest_midlothian17-04.csv,6,['Kelly PARRY (SNP)'],['Kelly PARRY (SNP)'],['Kelly PARRY (SNP)'],['Russell IMRIE (Lab)'],['Russell IMRIE (Lab)'],['Russell IMRIE (Lab)'],['Kelly PARRY (SNP)'],['Russell IMRIE (Lab)'],['Russell IMRIE (Lab)'],['Russell IMRIE (Lab)'],['Russell IMRIE (Lab)'],['Russell IMRIE (Lab)'],['Russell IMRIE (Lab)'],['Russell IMRIE (Lab)'],['Russell IMRIE (Lab)'],['Kelly PARRY (SNP)'],['Kelly PARRY (SNP)'],['Kelly PARRY (SNP)'],['Russell IMRIE (Lab)'],['Kelly PARRY (SNP)'],['Russell IMRIE (Lab)'],['Russell IMRIE (Lab)'],['Russell IMRIE (Lab)'],['Russell IMRIE (Lab)'],['Russell IMRIE (Lab)'],['Russell IMRIE (Lab)'],['Russell IMRIE (Lab)'],['Russell IMRIE (Lab)'],['Russell IMRIE (Lab)'],['Russell IMRIE (Lab)']
raw_data/scotland/processed_data/midlothian17-ballots/Penicuik_midlothian17-01.csv,5,['Debbi MCCALL (SNP)'],['Adam MONTGOMERY (Lab)'],['Debbi MCCALL (SNP)'],['Adam MONTGOMERY (Lab)'],['Adam MONTGOMERY (Lab)'],['Adam MONTGOMERY (Lab)'],['Adam MONTGOMERY (Lab)'],['Adam MONTGOMERY (Lab)'],['Adam MONTGOMERY (Lab)'],['Adam MONTGOMERY (Lab)'],['Adam MONTGOMERY (Lab)'],['Adam MONTGOMERY (Lab)'],['Adam MONTGOMERY (Lab)'],['Adam MONTGOMERY (Lab)'],['Adam MONTGOMERY (Lab)'],['Debbi MCCALL (SNP)'],['Adam MONTGOMERY (Lab)'],['Adam MONTGOMERY (Lab)'],['Adam MONTGOMERY (Lab)'],['Adam MONTGOMERY (Lab)'],['Adam MONTGOMERY (Lab)'],['Adam MONTGOMERY (Lab)'],['Adam MONTGOMERY (Lab)'],['Adam MONTGOMERY (Lab)'],['Adam MONTGOMERY (Lab)'],['Adam MONTGOMERY (Lab)'],['Adam MONTGOMERY (Lab)'],['Adam MONTGOMERY (Lab)'],['Adam MONTGOMERY (Lab)'],['Adam MONTGOMERY (Lab)']
raw_data/scotland/processed_data/midlothian17-ballots/Dalkeith_midlothian17-03.csv,5,['Stephen CURRAN (Lab)'],['Stephen CURRAN (Lab)'],['Stephen CURRAN (Lab)'],['Stephen CURRAN (Lab)'],['Stephen CURRAN (Lab)'],['Stephen CURRAN (Lab)'],['Stephen CURRAN (Lab)'],['Stephen CURRAN (Lab)'],['Stephen CURRAN (Lab)'],['Stephen CURRAN (Lab)'],['Stephen CURRAN (Lab)'],['Stephen CURRAN (Lab)'],['Stephen CURRAN (Lab)'],['Stephen CURRAN (Lab)'],['Stephen CURRAN (Lab)'],['Stephen CURRAN (Lab)'],['Stephen CURRAN (Lab)'],['Stephen CURRAN (Lab)'],['Stephen CURRAN (Lab)'],['Stephen CURRAN (Lab)'],['Stephen CURRAN (Lab)'],['Stephen CURRAN (Lab)'],['Stephen CURRAN (Lab)'],['Stephen CURRAN (Lab)'],['Stephen CURRAN (Lab)'],['Stephen CURRAN (Lab)'],['Stephen CURRAN (Lab)'],['Stephen CURRAN (Lab)'],['Stephen CURRAN (Lab)'],['Stephen CURRAN (Lab)']
raw_data/scotland/processed_data/n-lanarks12-ballots/Ward20Wishaw_n-lanarks12-20.csv,3,['Sam LOVE (Lab)'],['Sam LOVE (Lab)'],['Sam LOVE (Lab)'],['Sam LOVE (Lab)'],['Sam LOVE (Lab)'],['Sam LOVE (Lab)'],['Sam LOVE (Lab)'],['Sam LOVE (Lab)'],['Sam LOVE (Lab)'],['Sam LOVE (Lab)'],['Sam LOVE (Lab)'],['Sam LOVE (Lab)'],['Sam LOVE (Lab)'],['Sam LOVE (Lab)'],['Sam LOVE (Lab)'],['Sam LOVE (Lab)'],['Sam LOVE (Lab)'],['Sam LOVE (Lab)'],['Sam LOVE (Lab)'],['Sam LOVE (Lab)'],['Sam LOVE (Lab)'],['Sam LOVE (Lab)'],['Sam LOVE (Lab)'],['Sam LOVE (Lab)'],['Sam LOVE (Lab)'],['Sam LOVE (Lab)'],['Sam LOVE (Lab)'],['Sam LOVE (Lab)'],['Sam LOVE (Lab)'],['Sam LOVE (Lab)']
raw_data/scotland/processed_data/n-lanarks12-ballots/Ward2CumbernauldNorth_n-lanarks12-02.csv,5,['Bob CHADHA (Lab)'],['Alan MASTERTON (SNP)'],['Alan MASTERTON (SNP)'],['Alan MASTERTON (SNP)'],['Bob CHADHA (Lab)'],['Bob CHADHA (Lab)'],['Alan MASTERTON (SNP)'],['Alan MASTERTON (SNP)'],['Alan MASTERTON (SNP)'],['Alan MASTERTON (SNP)'],['Alan MASTERTON (SNP)'],['Alan MASTERTON (SNP)'],['Alan MASTERTON (SNP)'],['Alan MASTERTON (SNP)'],['Alan MASTERTON (SNP)'],['Bob CHADHA (Lab)'],['Alan MASTERTON (SNP)'],['Alan MASTERTON (SNP)'],['Alan MASTERTON (SNP)'],['Bob CHADHA (Lab)'],"['Alan MASTERTON (SNP)', 'Bob CHADHA (Lab)']",['Bob CHADHA (Lab)'],['Alan MASTERTON (SNP)'],['Alan MASTERTON (SNP)'],['Alan MASTERTON (SNP)'],['Alan MASTERTON (SNP)'],['Alan MASTERTON (SNP)'],['Alan MASTERTON (SNP)'],['Alan MASTERTON (SNP)'],['Alan MASTERTON (SNP)']
raw_data/scotland/processed_data/n-lanarks12-ballots/Ward4AbronhillKildrumandTheVillage_n-lanarks12-04.csv,5,['Elizabeth IRVINE (SNP)'],['Elizabeth IRVINE (SNP)'],['Elizabeth IRVINE (SNP)'],['Elizabeth IRVINE (SNP)'],['Elizabeth IRVINE (SNP)'],['Elizabeth IRVINE (SNP)'],['Elizabeth IRVINE (SNP)'],['Elizabeth IRVINE (SNP)'],['Elizabeth IRVINE (SNP)'],['Elizabeth IRVINE (SNP)'],['Elizabeth IRVINE (SNP)'],['Elizabeth IRVINE (SNP)'],['Elizabeth IRVINE (SNP)'],['Elizabeth IRVINE (SNP)'],['Elizabeth IRVINE (SNP)'],['Elizabeth IRVINE (SNP)'],['Elizabeth IRVINE (SNP)'],['Elizabeth IRVINE (SNP)'],['Elizabeth IRVINE (SNP)'],['Elizabeth IRVINE (SNP)'],['Elizabeth IRVINE (SNP)'],['Elizabeth IRVINE (SNP)'],['Elizabeth IRVINE (SNP)'],['Elizabeth IRVINE (SNP)'],['Elizabeth IRVINE (SNP)'],['Elizabeth IRVINE (SNP)'],['Elizabeth IRVINE (SNP)'],['Elizabeth IRVINE (SNP)'],['Elizabeth IRVINE (SNP)'],['Elizabeth IRVINE (SNP)']
raw_data/scotland/processed_data/n-lanarks12-ballots/Ward13Thorniewood_n-lanarks12-13.csv,3,['Bob BURROWS (Lab)'],['Bob BURROWS (Lab)'],['Bob BURROWS (Lab)'],['Bob BURROWS (Lab)'],['Bob BURROWS (Lab)'],['Bob BURROWS (Lab)'],['Bob BURROWS (Lab)'],['Bob BURROWS (Lab)'],['Bob BURROWS (Lab)'],['Bob BURROWS (Lab)'],['Bob BURROWS (Lab)'],['Bob BURROWS (Lab)'],['Bob BURROWS (Lab)'],['Bob BURROWS (Lab)'],['Bob BURROWS (Lab)'],['Bob BURROWS (Lab)'],['Bob BURROWS (Lab)'],['Bob BURROWS (Lab)'],['Bob BURROWS (Lab)'],['Bob BURROWS (Lab)'],['Bob BURROWS (Lab)'],['Bob BURROWS (Lab)'],['Bob BURROWS (Lab)'],['Bob BURROWS (Lab)'],['Bob BURROWS (Lab)'],['Bob BURROWS (Lab)'],['Bob BURROWS (Lab)'],['Bob BURROWS (Lab)'],['Bob BURROWS (Lab)'],['Bob BURROWS (Lab)']
raw_data/scotland/processed_data/n-lanarks12-ballots/Ward16MotherwellWest_n-lanarks12-16.csv,4,['Paul KELLY (Lab)'],['Paul KELLY (Lab)'],['Paul KELLY (Lab)'],['Paul KELLY (Lab)'],['Paul KELLY (Lab)'],['Paul KELLY (Lab)'],['Paul KELLY (Lab)'],['Paul KELLY (Lab)'],['Paul KELLY (Lab)'],['Paul KELLY (Lab)'],['Paul KELLY (Lab)'],['Paul KELLY (Lab)'],['Paul KELLY (Lab)'],['Paul KELLY (Lab)'],['Paul KELLY (Lab)'],['Paul KELLY (Lab)'],['Paul KELLY (Lab)'],['Paul KELLY (Lab)'],['Paul KELLY (Lab)'],['Paul KELLY (Lab)'],['Paul KELLY (Lab)'],['Paul KELLY (Lab)'],['Paul KELLY (Lab)'],['Paul KELLY (Lab)'],['Paul KELLY (Lab)'],['Paul KELLY (Lab)'],['Paul KELLY (Lab)'],['Paul KELLY (Lab)'],['Paul KELLY (Lab)'],['Paul KELLY (Lab)']
raw_data/scotland/processed_data/n-lanarks12-ballots/Ward15MossendandHolytown_n-lanarks12-15.csv,4,['James COYLE (Lab)'],['James COYLE (Lab)'],['James COYLE (Lab)'],['James COYLE (Lab)'],['James COYLE (Lab)'],['James COYLE (Lab)'],['James COYLE (Lab)'],['James COYLE (Lab)'],['James COYLE (Lab)'],['James COYLE (Lab)'],['James COYLE (Lab)'],['James COYLE (Lab)'],['James COYLE (Lab)'],['James COYLE (Lab)'],['James COYLE (Lab)'],['James COYLE (Lab)'],['James COYLE (Lab)'],['James COYLE (Lab)'],['James COYLE (Lab)'],['James COYLE (Lab)'],['James COYLE (Lab)'],['James COYLE (Lab)'],['James COYLE (Lab)'],['James COYLE (Lab)'],['James COYLE (Lab)'],['James COYLE (Lab)'],['James COYLE (Lab)'],['James COYLE (Lab)'],['James COYLE (Lab)'],['James COYLE (Lab)']
raw_data/scotland/processed_data/n-lanarks12-ballots/Ward3CumbernauldSouth_n-lanarks12-03.csv,5,['William GOLDIE (SNP)'],['William GOLDIE (SNP)'],['William GOLDIE (SNP)'],['William GOLDIE (SNP)'],['William GOLDIE (SNP)'],['William GOLDIE (SNP)'],['William GOLDIE (SNP)'],['William GOLDIE (SNP)'],['William GOLDIE (SNP)'],['William GOLDIE (SNP)'],['William GOLDIE (SNP)'],['William GOLDIE (SNP)'],['William GOLDIE (SNP)'],['William GOLDIE (SNP)'],['William GOLDIE (SNP)'],['William GOLDIE (SNP)'],['William GOLDIE (SNP)'],['William GOLDIE (SNP)'],['William GOLDIE (SNP)'],['William GOLDIE (SNP)'],['William GOLDIE (SNP)'],['William GOLDIE (SNP)'],['William GOLDIE (SNP)'],['William GOLDIE (SNP)'],['William GOLDIE (SNP)'],['William GOLDIE (SNP)'],['William GOLDIE (SNP)'],['William GOLDIE (SNP)'],['William GOLDIE (SNP)'],['William GOLDIE (SNP)']
raw_data/scotland/processed_data/n-lanarks12-ballots/Ward18MotherwellSouthEastandRavenscraig_n-lanarks12-18.csv,6,['Kaye HARMON (Lab)'],['Kaye HARMON (Lab)'],['Kaye HARMON (Lab)'],['Kaye HARMON (Lab)'],['Kaye HARMON (Lab)'],['Kaye HARMON (Lab)'],['Kaye HARMON (Lab)'],['Kaye HARMON (Lab)'],['Kaye HARMON (Lab)'],['Kaye HARMON (Lab)'],['Kaye HARMON (Lab)'],['Kaye HARMON (Lab)'],['Kaye HARMON (Lab)'],['Kaye HARMON (Lab)'],['Kaye HARMON (Lab)'],['Kaye HARMON (Lab)'],['Kaye HARMON (Lab)'],['Kaye HARMON (Lab)'],['Kaye HARMON (Lab)'],['Kaye HARMON (Lab)'],['Kaye HARMON (Lab)'],['Kaye HARMON (Lab)'],['Kaye HARMON (Lab)'],['Kaye HARMON (Lab)'],['Kaye HARMON (Lab)'],['Kaye HARMON (Lab)'],['Kaye HARMON (Lab)'],['Kaye HARMON (Lab)'],['Kaye HARMON (Lab)'],['Kaye HARMON (Lab)']
raw_data/scotland/processed_data/n-lanarks12-ballots/Ward9CoatbridgeWest_n-lanarks12-09.csv,3,['Tom MAGINNIS (Lab)'],['Tom MAGINNIS (Lab)'],['Tom MAGINNIS (Lab)'],['Tom MAGINNIS (Lab)'],['Tom MAGINNIS (Lab)'],['Tom MAGINNIS (Lab)'],['Tom MAGINNIS (Lab)'],['Tom MAGINNIS (Lab)'],['Tom MAGINNIS (Lab)'],['Tom MAGINNIS (Lab)'],['Tom MAGINNIS (Lab)'],['Tom MAGINNIS (Lab)'],['Tom MAGINNIS (Lab)'],['Tom MAGINNIS (Lab)'],['Tom MAGINNIS (Lab)'],['Tom MAGINNIS (Lab)'],['Tom MAGINNIS (Lab)'],['Tom MAGINNIS (Lab)'],['Tom MAGINNIS (Lab)'],['Tom MAGINNIS (Lab)'],['Tom MAGINNIS (Lab)'],['Tom MAGINNIS (Lab)'],['Tom MAGINNIS (Lab)'],['Tom MAGINNIS (Lab)'],['Tom MAGINNIS (Lab)'],['Tom MAGINNIS (Lab)'],['Tom MAGINNIS (Lab)'],['Tom MAGINNIS (Lab)'],['Tom MAGINNIS (Lab)'],['Tom MAGINNIS (Lab)']
raw_data/scotland/processed_data/n-lanarks12-ballots/Ward5Strathkelvin_n-lanarks12-05.csv,4,['William HOGG (Lab)'],['William HOGG (Lab)'],['William HOGG (Lab)'],['William HOGG (Lab)'],['William HOGG (Lab)'],['William HOGG (Lab)'],['William HOGG (Lab)'],['William HOGG (Lab)'],['William HOGG (Lab)'],['William HOGG (Lab)'],['William HOGG (Lab)'],['William HOGG (Lab)'],['William HOGG (Lab)'],['William HOGG (Lab)'],['William HOGG (Lab)'],['William HOGG (Lab)'],['William HOGG (Lab)'],['William HOGG (Lab)'],['William HOGG (Lab)'],['William HOGG (Lab)'],['William HOGG (Lab)'],['William HOGG (Lab)'],['William HOGG (Lab)'],['William HOGG (Lab)'],['William HOGG (Lab)'],['William HOGG (Lab)'],['William HOGG (Lab)'],['William HOGG (Lab)'],['William HOGG (Lab)'],['William HOGG (Lab)']
raw_data/scotland/processed_data/n-lanarks12-ballots/Ward17MotherwellNorth_n-lanarks12-17.csv,4,['Peter NOLAN (Lab)'],['Peter NOLAN (Lab)'],['Peter NOLAN (Lab)'],['Peter NOLAN (Lab)'],['Peter NOLAN (Lab)'],['Peter NOLAN (Lab)'],['Peter NOLAN (Lab)'],['Peter NOLAN (Lab)'],['Peter NOLAN (Lab)'],['Peter NOLAN (Lab)'],['Peter NOLAN (Lab)'],['Peter NOLAN (Lab)'],['Peter NOLAN (Lab)'],['Peter NOLAN (Lab)'],['Peter NOLAN (Lab)'],['Peter NOLAN (Lab)'],['Peter NOLAN (Lab)'],['Peter NOLAN (Lab)'],['Peter NOLAN (Lab)'],['Peter NOLAN (Lab)'],['Peter NOLAN (Lab)'],['Peter NOLAN (Lab)'],['Peter NOLAN (Lab)'],['Peter NOLAN (Lab)'],['Peter NOLAN (Lab)'],['Peter NOLAN (Lab)'],['Peter NOLAN (Lab)'],['Peter NOLAN (Lab)'],['Peter NOLAN (Lab)'],['Peter NOLAN (Lab)']
raw_data/scotland/processed_data/n-lanarks12-ballots/Ward19Murdostoun_n-lanarks12-19.csv,4,['Robert MCKENDRICK (Ind)'],['Robert MCKENDRICK (Ind)'],['Robert MCKENDRICK (Ind)'],['Robert MCKENDRICK (Ind)'],['Robert MCKENDRICK (Ind)'],['Robert MCKENDRICK (Ind)'],['Robert MCKENDRICK (Ind)'],['Robert MCKENDRICK (Ind)'],['Robert MCKENDRICK (Ind)'],['Robert MCKENDRICK (Ind)'],['Robert MCKENDRICK (Ind)'],['Robert MCKENDRICK (Ind)'],['Robert MCKENDRICK (Ind)'],['Robert MCKENDRICK (Ind)'],['Robert MCKENDRICK (Ind)'],['Robert MCKENDRICK (Ind)'],['Robert MCKENDRICK (Ind)'],['Robert MCKENDRICK (Ind)'],['Robert MCKENDRICK (Ind)'],['Robert MCKENDRICK (Ind)'],['Robert MCKENDRICK (Ind)'],['Robert MCKENDRICK (Ind)'],['Robert MCKENDRICK (Ind)'],['Robert MCKENDRICK (Ind)'],['Robert MCKENDRICK (Ind)'],['Robert MCKENDRICK (Ind)'],['Robert MCKENDRICK (Ind)'],['Robert MCKENDRICK (Ind)'],['Robert MCKENDRICK (Ind)'],['Robert MCKENDRICK (Ind)']
raw_data/scotland/processed_data/n-lanarks12-ballots/Ward12Fortissat_n-lanarks12-12.csv,4,['Jim ROBERTSON (Lab)'],['Jim ROBERTSON (Lab)'],['Jim ROBERTSON (Lab)'],['Jim ROBERTSON (Lab)'],['Jim ROBERTSON (Lab)'],['Jim ROBERTSON (Lab)'],['Jim ROBERTSON (Lab)'],['Jim ROBERTSON (Lab)'],['Jim ROBERTSON (Lab)'],['Jim ROBERTSON (Lab)'],['Jim ROBERTSON (Lab)'],['Jim ROBERTSON (Lab)'],['Jim ROBERTSON (Lab)'],['Jim ROBERTSON (Lab)'],['Jim ROBERTSON (Lab)'],['Jim ROBERTSON (Lab)'],['Jim ROBERTSON (Lab)'],['Jim ROBERTSON (Lab)'],['Jim ROBERTSON (Lab)'],['Jim ROBERTSON (Lab)'],['Jim ROBERTSON (Lab)'],['Jim ROBERTSON (Lab)'],['Jim ROBERTSON (Lab)'],['Jim ROBERTSON (Lab)'],['Jim ROBERTSON (Lab)'],['Jim ROBERTSON (Lab)'],['Jim ROBERTSON (Lab)'],['Jim ROBERTSON (Lab)'],['Jim ROBERTSON (Lab)'],['Jim ROBERTSON (Lab)']
raw_data/scotland/processed_data/n-lanarks12-ballots/Ward11AirdrieSouth_n-lanarks12-11.csv,5,['Tom CURLEY (Lab)'],['Tom CURLEY (Lab)'],['Tom CURLEY (Lab)'],['Tom CURLEY (Lab)'],['Tom CURLEY (Lab)'],['Tom CURLEY (Lab)'],['Tom CURLEY (Lab)'],['Tom CURLEY (Lab)'],['Tom CURLEY (Lab)'],['Tom CURLEY (Lab)'],['Tom CURLEY (Lab)'],['Tom CURLEY (Lab)'],['Tom CURLEY (Lab)'],['Tom CURLEY (Lab)'],['Tom CURLEY (Lab)'],['Tom CURLEY (Lab)'],['Tom CURLEY (Lab)'],['Tom CURLEY (Lab)'],['Tom CURLEY (Lab)'],['Tom CURLEY (Lab)'],['Tom CURLEY (Lab)'],['Tom CURLEY (Lab)'],['Tom CURLEY (Lab)'],['Tom CURLEY (Lab)'],['Tom CURLEY (Lab)'],['Tom CURLEY (Lab)'],['Tom CURLEY (Lab)'],['Tom CURLEY (Lab)'],['Tom CURLEY (Lab)'],['Tom CURLEY (Lab)']
raw_data/scotland/processed_data/n-lanarks12-ballots/Ward6CoatbridgeNorthandGlenboig_n-lanarks12-06.csv,4,['Michael MCPAKE (Lab)'],['Michael MCPAKE (Lab)'],['Michael MCPAKE (Lab)'],['Michael MCPAKE (Lab)'],['Michael MCPAKE (Lab)'],['Michael MCPAKE (Lab)'],['Michael MCPAKE (Lab)'],['Michael MCPAKE (Lab)'],['Michael MCPAKE (Lab)'],['Michael MCPAKE (Lab)'],['Michael MCPAKE (Lab)'],['Michael MCPAKE (Lab)'],['Michael MCPAKE (Lab)'],['Michael MCPAKE (Lab)'],['Michael MCPAKE (Lab)'],['Michael MCPAKE (Lab)'],['Michael MCPAKE (Lab)'],['Michael MCPAKE (Lab)'],['Michael MCPAKE (Lab)'],['Michael MCPAKE (Lab)'],['Michael MCPAKE (Lab)'],['Michael MCPAKE (Lab)'],['Michael MCPAKE (Lab)'],['Michael MCPAKE (Lab)'],['Michael MCPAKE (Lab)'],['Michael MCPAKE (Lab)'],['Michael MCPAKE (Lab)'],['Michael MCPAKE (Lab)'],['Michael MCPAKE (Lab)'],['Michael MCPAKE (Lab)']
raw_data/scotland/processed_data/n-lanarks12-ballots/Ward1Kilsyth_n-lanarks12-01.csv,4,['Jean JONES (Lab)'],['Jean JONES (Lab)'],['Jean JONES (Lab)'],['Jean JONES (Lab)'],['Jean JONES (Lab)'],['Jean JONES (Lab)'],['Jean JONES (Lab)'],['Jean JONES (Lab)'],['Jean JONES (Lab)'],['Jean JONES (Lab)'],['Jean JONES (Lab)'],['Jean JONES (Lab)'],['Jean JONES (Lab)'],['Jean JONES (Lab)'],['Jean JONES (Lab)'],['Jean JONES (Lab)'],['Jean JONES (Lab)'],['Jean JONES (Lab)'],['Jean JONES (Lab)'],['Jean JONES (Lab)'],['Jean JONES (Lab)'],['Jean JONES (Lab)'],['Jean JONES (Lab)'],['Jean JONES (Lab)'],['Jean JONES (Lab)'],['Jean JONES (Lab)'],['Jean JONES (Lab)'],['Jean JONES (Lab)'],['Jean JONES (Lab)'],['Jean JONES (Lab)']
raw_data/scotland/processed_data/n-lanarks12-ballots/Ward10CoatbridgeSouth_n-lanarks12-10.csv,3,['Jim BROOKS (Lab)'],['Jim BROOKS (Lab)'],['Jim BROOKS (Lab)'],['Jim BROOKS (Lab)'],['Jim BROOKS (Lab)'],['Jim BROOKS (Lab)'],['Jim BROOKS (Lab)'],['Jim BROOKS (Lab)'],['Jim BROOKS (Lab)'],['Jim BROOKS (Lab)'],['Jim BROOKS (Lab)'],['Jim BROOKS (Lab)'],['Jim BROOKS (Lab)'],['Jim BROOKS (Lab)'],['Jim BROOKS (Lab)'],['Jim BROOKS (Lab)'],['Jim BROOKS (Lab)'],['Jim BROOKS (Lab)'],['Jim BROOKS (Lab)'],['Jim BROOKS (Lab)'],['Jim BROOKS (Lab)'],['Jim BROOKS (Lab)'],['Jim BROOKS (Lab)'],['Jim BROOKS (Lab)'],['Jim BROOKS (Lab)'],['Jim BROOKS (Lab)'],['Jim BROOKS (Lab)'],['Jim BROOKS (Lab)'],['Jim BROOKS (Lab)'],['Jim BROOKS (Lab)']
raw_data/scotland/processed_data/n-lanarks12-ballots/Ward7AirdrieNorth_n-lanarks12-07.csv,4,['Sophia COYLE (SNP)'],['Sophia COYLE (SNP)'],['Sophia COYLE (SNP)'],['Sophia COYLE (SNP)'],['Tommy MORGAN (Lab)'],['Sophia COYLE (SNP)'],['Sophia COYLE (SNP)'],['Sophia COYLE (SNP)'],['Sophia COYLE (SNP)'],['Sophia COYLE (SNP)'],['Sophia COYLE (SNP)'],['Sophia COYLE (SNP)'],['Sophia COYLE (SNP)'],['Sophia COYLE (SNP)'],['Sophia COYLE (SNP)'],['Sophia COYLE (SNP)'],['Sophia COYLE (SNP)'],['Sophia COYLE (SNP)'],['Sophia COYLE (SNP)'],['Tommy MORGAN (Lab)'],['Sophia COYLE (SNP)'],['Sophia COYLE (SNP)'],['Sophia COYLE (SNP)'],['Sophia COYLE (SNP)'],['Sophia COYLE (SNP)'],['Sophia COYLE (SNP)'],['Sophia COYLE (SNP)'],['Sophia COYLE (SNP)'],['Sophia COYLE (SNP)'],['Sophia COYLE (SNP)']
raw_data/scotland/processed_data/n-lanarks12-ballots/Ward14Bellshill_n-lanarks12-14.csv,4,['Harry CURRAN (Lab)'],['Harry CURRAN (Lab)'],['Harry CURRAN (Lab)'],['Harry CURRAN (Lab)'],['Harry CURRAN (Lab)'],['Harry CURRAN (Lab)'],['Harry CURRAN (Lab)'],['Harry CURRAN (Lab)'],['Harry CURRAN (Lab)'],['Harry CURRAN (Lab)'],['Harry CURRAN (Lab)'],['Harry CURRAN (Lab)'],['Harry CURRAN (Lab)'],['Harry CURRAN (Lab)'],['Harry CURRAN (Lab)'],['Harry CURRAN (Lab)'],['Harry CURRAN (Lab)'],['Harry CURRAN (Lab)'],['Harry CURRAN (Lab)'],['Harry CURRAN (Lab)'],['Harry CURRAN (Lab)'],['Harry CURRAN (Lab)'],['Harry CURRAN (Lab)'],['Harry CURRAN (Lab)'],['Harry CURRAN (Lab)'],['Harry CURRAN (Lab)'],['Harry CURRAN (Lab)'],['Harry CURRAN (Lab)'],['Harry CURRAN (Lab)'],['Harry CURRAN (Lab)']
raw_data/scotland/processed_data/n-lanarks12-ballots/Ward8AirdrieCentral_n-lanarks12-08.csv,4,['Jim LOGUE (Lab)'],['Jim LOGUE (Lab)'],['Jim LOGUE (Lab)'],['Jim LOGUE (Lab)'],['Jim LOGUE (Lab)'],['Jim LOGUE (Lab)'],['Jim LOGUE (Lab)'],['Jim LOGUE (Lab)'],['Jim LOGUE (Lab)'],['Jim LOGUE (Lab)'],['Jim LOGUE (Lab)'],['Jim LOGUE (Lab)'],['Jim LOGUE (Lab)'],['Jim LOGUE (Lab)'],['Jim LOGUE (Lab)'],['Jim LOGUE (Lab)'],['Jim LOGUE (Lab)'],['Jim LOGUE (Lab)'],['Jim LOGUE (Lab)'],['Jim LOGUE (Lab)'],['Jim LOGUE (Lab)'],['Jim LOGUE (Lab)'],['Jim LOGUE (Lab)'],['Jim LOGUE (Lab)'],['Jim LOGUE (Lab)'],['Jim LOGUE (Lab)'],['Jim LOGUE (Lab)'],['Jim LOGUE (Lab)'],['Jim LOGUE (Lab)'],['Jim LOGUE (Lab)']
raw_data/scotland/processed_data/shetland12-ballots/LerwickSouth_shetland12-07.csv,7,['Jonathan WILLS (Ind)'],['Jonathan WILLS (Ind)'],['Jonathan WILLS (Ind)'],['Jonathan WILLS (Ind)'],['Jonathan WILLS (Ind)'],['Jonathan WILLS (Ind)'],['Jonathan WILLS (Ind)'],['Jonathan WILLS (Ind)'],['Jonathan WILLS (Ind)'],['Jonathan WILLS (Ind)'],['Jonathan WILLS (Ind)'],['Jonathan WILLS (Ind)'],['Jonathan WILLS (Ind)'],['Jonathan WILLS (Ind)'],['Jonathan WILLS (Ind)'],['Jonathan WILLS (Ind)'],['Jonathan WILLS (Ind)'],['Jonathan WILLS (Ind)'],['Jonathan WILLS (Ind)'],['Jonathan WILLS (Ind)'],['Jonathan WILLS (Ind)'],['Jonathan WILLS (Ind)'],['Jonathan WILLS (Ind)'],['Jonathan WILLS (Ind)'],['Jonathan WILLS (Ind)'],['Jonathan WILLS (Ind)'],['Jonathan WILLS (Ind)'],['Jonathan WILLS (Ind)'],['Jonathan WILLS (Ind)'],['Jonathan WILLS (Ind)']
raw_data/scotland/processed_data/shetland12-ballots/ShetlandSouth_shetland12-05.csv,4,['Allison DUNCAN (Ind)'],['Allison DUNCAN (Ind)'],['Allison DUNCAN (Ind)'],['Allison DUNCAN (Ind)'],['Allison DUNCAN (Ind)'],['Allison DUNCAN (Ind)'],['Allison DUNCAN (Ind)'],['Allison DUNCAN (Ind)'],['Allison DUNCAN (Ind)'],['Allison DUNCAN (Ind)'],['Allison DUNCAN (Ind)'],['Allison DUNCAN (Ind)'],['Allison DUNCAN (Ind)'],['Allison DUNCAN (Ind)'],['Allison DUNCAN (Ind)'],['Allison DUNCAN (Ind)'],['Allison DUNCAN (Ind)'],['Allison DUNCAN (Ind)'],['Allison DUNCAN (Ind)'],['Allison DUNCAN (Ind)'],['Allison DUNCAN (Ind)'],['Allison DUNCAN (Ind)'],['Allison DUNCAN (Ind)'],['Allison DUNCAN (Ind)'],['Allison DUNCAN (Ind)'],['Allison DUNCAN (Ind)'],['Allison DUNCAN (Ind)'],['Allison DUNCAN (Ind)'],['Allison DUNCAN (Ind)'],['Allison DUNCAN (Ind)']
raw_data/scotland/processed_data/shetland12-ballots/ShetlandNorth_shetland12-02.csv,7,['Andrea MANSON (Ind)'],['Andrea MANSON (Ind)'],['Andrea MANSON (Ind)'],['Andrea MANSON (Ind)'],['Andrea MANSON (Ind)'],['Andrea MANSON (Ind)'],['Andrea MANSON (Ind)'],['Andrea MANSON (Ind)'],['Andrea MANSON (Ind)'],['Andrea MANSON (Ind)'],['Andrea MANSON (Ind)'],['Andrea MANSON (Ind)'],['Andrea MANSON (Ind)'],['Andrea MANSON (Ind)'],['Andrea MANSON (Ind)'],['Andrea MANSON (Ind)'],['Andrea MANSON (Ind)'],['Andrea MANSON (Ind)'],['Andrea MANSON (Ind)'],['Andrea MANSON (Ind)'],['Andrea MANSON (Ind)'],['Andrea MANSON (Ind)'],['Andrea MANSON (Ind)'],['Andrea MANSON (Ind)'],['Andrea MANSON (Ind)'],['Andrea MANSON (Ind)'],['Andrea MANSON (Ind)'],['Andrea MANSON (Ind)'],['Andrea MANSON (Ind)'],['Andrea MANSON (Ind)']
raw_data/scotland/processed_data/shetland12-ballots/NorthIsles_shetland12-01.csv,5,['Robert HENDERSON (Ind)'],['Robert HENDERSON (Ind)'],['Robert HENDERSON (Ind)'],['Robert HENDERSON (Ind)'],['Robert HENDERSON (Ind)'],['Robert HENDERSON (Ind)'],['Robert HENDERSON (Ind)'],['Robert HENDERSON (Ind)'],['Robert HENDERSON (Ind)'],['Robert HENDERSON (Ind)'],['Robert HENDERSON (Ind)'],['Robert HENDERSON (Ind)'],['Robert HENDERSON (Ind)'],['Robert HENDERSON (Ind)'],['Robert HENDERSON (Ind)'],['Robert HENDERSON (Ind)'],['Robert HENDERSON (Ind)'],['Robert HENDERSON (Ind)'],['Robert HENDERSON (Ind)'],['Robert HENDERSON (Ind)'],['Robert HENDERSON (Ind)'],['Robert HENDERSON (Ind)'],['Robert HENDERSON (Ind)'],['Robert HENDERSON (Ind)'],['Robert HENDERSON (Ind)'],['Robert HENDERSON (Ind)'],['Robert HENDERSON (Ind)'],['Robert HENDERSON (Ind)'],['Robert HENDERSON (Ind)'],['Robert HENDERSON (Ind)']
raw_data/scotland/processed_data/shetland12-ballots/ShetlandCentral_shetland12-04.csv,6,['Davie SANDISON (Ind)'],['Davie SANDISON (Ind)'],['Davie SANDISON (Ind)'],['Davie SANDISON (Ind)'],['Davie SANDISON (Ind)'],['Davie SANDISON (Ind)'],['Davie SANDISON (Ind)'],['Davie SANDISON (Ind)'],['Davie SANDISON (Ind)'],['Davie SANDISON (Ind)'],['Davie SANDISON (Ind)'],['Davie SANDISON (Ind)'],['Davie SANDISON (Ind)'],['Davie SANDISON (Ind)'],['Davie SANDISON (Ind)'],['Davie SANDISON (Ind)'],['Davie SANDISON (Ind)'],['Davie SANDISON (Ind)'],['Davie SANDISON (Ind)'],['Davie SANDISON (Ind)'],['Davie SANDISON (Ind)'],['Davie SANDISON (Ind)'],['Davie SANDISON (Ind)'],['Davie SANDISON (Ind)'],['Davie SANDISON (Ind)'],['Davie SANDISON (Ind)'],['Davie SANDISON (Ind)'],['Davie SANDISON (Ind)'],['Davie SANDISON (Ind)'],['Davie SANDISON (Ind)']
raw_data/scotland/processed_data/shetland12-ballots/LerwickNorth_shetland12-06.csv,7,['Malcolm BELL (Ind)'],['Malcolm BELL (Ind)'],['Malcolm BELL (Ind)'],['Malcolm BELL (Ind)'],['Malcolm BELL (Ind)'],['Malcolm BELL (Ind)'],['Malcolm BELL (Ind)'],['Malcolm BELL (Ind)'],['Malcolm BELL (Ind)'],['Malcolm BELL (Ind)'],['Malcolm BELL (Ind)'],['Malcolm BELL (Ind)'],['Malcolm BELL (Ind)'],['Malcolm BELL (Ind)'],['Malcolm BELL (Ind)'],['Malcolm BELL (Ind)'],['Malcolm BELL (Ind)'],['Malcolm BELL (Ind)'],['Malcolm BELL (Ind)'],['Malcolm BELL (Ind)'],['Malcolm BELL (Ind)'],['Malcolm BELL (Ind)'],['Malcolm BELL (Ind)'],['Malcolm BELL (Ind)'],['Malcolm BELL (Ind)'],['Malcolm BELL (Ind)'],['Malcolm BELL (Ind)'],['Malcolm BELL (Ind)'],['Malcolm BELL (Ind)'],['Malcolm BELL (Ind)']
raw_data/scotland/processed_data/shetland12-ballots/ShetlandWest_shetland12-03.csv,7,['Theo SMITH (Ind)'],['Theo SMITH (Ind)'],['Theo SMITH (Ind)'],['Theo SMITH (Ind)'],['Theo SMITH (Ind)'],['Theo SMITH (Ind)'],['Theo SMITH (Ind)'],['Theo SMITH (Ind)'],['Theo SMITH (Ind)'],['Theo SMITH (Ind)'],['Theo SMITH (Ind)'],['Theo SMITH (Ind)'],['Theo SMITH (Ind)'],['Theo SMITH (Ind)'],['Theo SMITH (Ind)'],['Theo SMITH (Ind)'],['Theo SMITH (Ind)'],['Theo SMITH (Ind)'],['Theo SMITH (Ind)'],['Theo SMITH (Ind)'],['Theo SMITH (Ind)'],['Theo SMITH (Ind)'],['Theo SMITH (Ind)'],['Theo SMITH (Ind)'],['Theo SMITH (Ind)'],['Theo SMITH (Ind)'],['Theo SMITH (Ind)'],['Theo SMITH (Ind)'],['Theo SMITH (Ind)'],['Theo SMITH (Ind)']
raw_data/scotland/processed_data/falkirk12-ballots/FalkirkSouth_falkirk12-07.csv,5,['DENNIS GOLDIE (Lab)'],['DENNIS GOLDIE (Lab)'],['DENNIS GOLDIE (Lab)'],['DENNIS GOLDIE (Lab)'],['DENNIS GOLDIE (Lab)'],['DENNIS GOLDIE (Lab)'],['DENNIS GOLDIE (Lab)'],['DENNIS GOLDIE (Lab)'],['DENNIS GOLDIE (Lab)'],['DENNIS GOLDIE (Lab)'],['DENNIS GOLDIE (Lab)'],['DENNIS GOLDIE (Lab)'],['DENNIS GOLDIE (Lab)'],['DENNIS GOLDIE (Lab)'],['DENNIS GOLDIE (Lab)'],['DENNIS GOLDIE (Lab)'],['DENNIS GOLDIE (Lab)'],['DENNIS GOLDIE (Lab)'],['DENNIS GOLDIE (Lab)'],['DENNIS GOLDIE (Lab)'],['DENNIS GOLDIE (Lab)'],['DENNIS GOLDIE (Lab)'],['DENNIS GOLDIE (Lab)'],['DENNIS GOLDIE (Lab)'],['DENNIS GOLDIE (Lab)'],['DENNIS GOLDIE (Lab)'],['DENNIS GOLDIE (Lab)'],['DENNIS GOLDIE (Lab)'],['DENNIS GOLDIE (Lab)'],['DENNIS GOLDIE (Lab)']
raw_data/scotland/processed_data/falkirk12-ballots/BonnybridgeandLarbert_falkirk12-05.csv,5,['Tom COLEMAN (SNP)'],['Tom COLEMAN (SNP)'],['Tom COLEMAN (SNP)'],['Tom COLEMAN (SNP)'],['Linda GOW (Lab)'],['Tom COLEMAN (SNP)'],['Tom COLEMAN (SNP)'],['Tom COLEMAN (SNP)'],['Tom COLEMAN (SNP)'],['Tom COLEMAN (SNP)'],['Tom COLEMAN (SNP)'],['Tom COLEMAN (SNP)'],['Tom COLEMAN (SNP)'],['Tom COLEMAN (SNP)'],['Tom COLEMAN (SNP)'],['Tom COLEMAN (SNP)'],['Tom COLEMAN (SNP)'],['Tom COLEMAN (SNP)'],['Tom COLEMAN (SNP)'],['Tom COLEMAN (SNP)'],['Tom COLEMAN (SNP)'],['Tom COLEMAN (SNP)'],['Tom COLEMAN (SNP)'],['Tom COLEMAN (SNP)'],['Tom COLEMAN (SNP)'],['Tom COLEMAN (SNP)'],['Tom COLEMAN (SNP)'],['Tom COLEMAN (SNP)'],['Tom COLEMAN (SNP)'],['Tom COLEMAN (SNP)']
raw_data/scotland/processed_data/falkirk12-ballots/Grangemouth_falkirk12-02.csv,6,['Allyson BLACK (Lab)'],['Allyson BLACK (Lab)'],['Allyson BLACK (Lab)'],['Allyson BLACK (Lab)'],['Robert SPEARS (Ind)'],['Allyson BLACK (Lab)'],['Allyson BLACK (Lab)'],['Allyson BLACK (Lab)'],['Allyson BLACK (Lab)'],['Allyson BLACK (Lab)'],['Allyson BLACK (Lab)'],['Allyson BLACK (Lab)'],['Allyson BLACK (Lab)'],['Allyson BLACK (Lab)'],['Allyson BLACK (Lab)'],['Allyson BLACK (Lab)'],['Allyson BLACK (Lab)'],['Allyson BLACK (Lab)'],['Allyson BLACK (Lab)'],['Allyson BLACK (Lab)'],['Allyson BLACK (Lab)'],['Allyson BLACK (Lab)'],['Allyson BLACK (Lab)'],['Allyson BLACK (Lab)'],['Allyson BLACK (Lab)'],['Allyson BLACK (Lab)'],['Allyson BLACK (Lab)'],['Allyson BLACK (Lab)'],['Allyson BLACK (Lab)'],['Allyson BLACK (Lab)']
raw_data/scotland/processed_data/falkirk12-ballots/FalkirkNorth_falkirk12-06.csv,3,['David ALEXANDER (SNP)'],['David ALEXANDER (SNP)'],['David ALEXANDER (SNP)'],['David ALEXANDER (SNP)'],['David ALEXANDER (SNP)'],['David ALEXANDER (SNP)'],['David ALEXANDER (SNP)'],['David ALEXANDER (SNP)'],['David ALEXANDER (SNP)'],['David ALEXANDER (SNP)'],['David ALEXANDER (SNP)'],['David ALEXANDER (SNP)'],['David ALEXANDER (SNP)'],['David ALEXANDER (SNP)'],['David ALEXANDER (SNP)'],['David ALEXANDER (SNP)'],['David ALEXANDER (SNP)'],['David ALEXANDER (SNP)'],['David ALEXANDER (SNP)'],['David ALEXANDER (SNP)'],['David ALEXANDER (SNP)'],['David ALEXANDER (SNP)'],['David ALEXANDER (SNP)'],['David ALEXANDER (SNP)'],['David ALEXANDER (SNP)'],['David ALEXANDER (SNP)'],['David ALEXANDER (SNP)'],['David ALEXANDER (SNP)'],['David ALEXANDER (SNP)'],['David ALEXANDER (SNP)']
raw_data/scotland/processed_data/falkirk12-ballots/DennyandBanknock_falkirk12-03.csv,6,['Johnny MCNALLY (SNP)'],['Johnny MCNALLY (SNP)'],['Johnny MCNALLY (SNP)'],['Johnny MCNALLY (SNP)'],['Johnny MCNALLY (SNP)'],['Johnny MCNALLY (SNP)'],['Johnny MCNALLY (SNP)'],['Johnny MCNALLY (SNP)'],['Johnny MCNALLY (SNP)'],['Johnny MCNALLY (SNP)'],['Johnny MCNALLY (SNP)'],['Johnny MCNALLY (SNP)'],['Johnny MCNALLY (SNP)'],['Johnny MCNALLY (SNP)'],['Johnny MCNALLY (SNP)'],['Johnny MCNALLY (SNP)'],['Johnny MCNALLY (SNP)'],['Johnny MCNALLY (SNP)'],['Johnny MCNALLY (SNP)'],['Johnny MCNALLY (SNP)'],['Johnny MCNALLY (SNP)'],['Johnny MCNALLY (SNP)'],['Johnny MCNALLY (SNP)'],['Johnny MCNALLY (SNP)'],['Johnny MCNALLY (SNP)'],['Johnny MCNALLY (SNP)'],['Johnny MCNALLY (SNP)'],['Johnny MCNALLY (SNP)'],['Johnny MCNALLY (SNP)'],['Johnny MCNALLY (SNP)']
raw_data/scotland/processed_data/falkirk12-ballots/LowerBraes_falkirk12-08.csv,3,['Malcolm NICOL (Con)'],['Malcolm NICOL (Con)'],['Malcolm NICOL (Con)'],['Steven JACKSON (SNP)'],['Steven JACKSON (SNP)'],['Steven JACKSON (SNP)'],['Steven JACKSON (SNP)'],['Malcolm NICOL (Con)'],['Malcolm NICOL (Con)'],['Malcolm NICOL (Con)'],['Malcolm NICOL (Con)'],['Malcolm NICOL (Con)'],['Malcolm NICOL (Con)'],['Steven JACKSON (SNP)'],['Malcolm NICOL (Con)'],['Malcolm NICOL (Con)'],['Malcolm NICOL (Con)'],['Malcolm NICOL (Con)'],['Steven JACKSON (SNP)'],['Steven JACKSON (SNP)'],['Steven JACKSON (SNP)'],['Steven JACKSON (SNP)'],['Malcolm NICOL (Con)'],['Malcolm NICOL (Con)'],['Malcolm NICOL (Con)'],['Malcolm NICOL (Con)'],['Malcolm NICOL (Con)'],['Malcolm NICOL (Con)'],['Steven JACKSON (SNP)'],['Malcolm NICOL (Con)']
"raw_data/scotland/processed_data/falkirk12-ballots/Carse,KinnairdandTryst_falkirk12-04.csv",3,['Charles MACDONALD (Lab)'],['Charles MACDONALD (Lab)'],['Charles MACDONALD (Lab)'],['Charles MACDONALD (Lab)'],['Charles MACDONALD (Lab)'],['Charles MACDONALD (Lab)'],['Charles MACDONALD (Lab)'],['Charles MACDONALD (Lab)'],['Charles MACDONALD (Lab)'],['Charles MACDONALD (Lab)'],['Charles MACDONALD (Lab)'],['Charles MACDONALD (Lab)'],['Charles MACDONALD (Lab)'],['Charles MACDONALD (Lab)'],['Charles MACDONALD (Lab)'],['Charles MACDONALD (Lab)'],['Charles MACDONALD (Lab)'],['Charles MACDONALD (Lab)'],['Charles MACDONALD (Lab)'],['Charles MACDONALD (Lab)'],['Charles MACDONALD (Lab)'],['Charles MACDONALD (Lab)'],['Charles MACDONALD (Lab)'],['Charles MACDONALD (Lab)'],['Charles MACDONALD (Lab)'],['Charles MACDONALD (Lab)'],['Charles MACDONALD (Lab)'],['Charles MACDONALD (Lab)'],['Charles MACDONALD (Lab)'],['Charles MACDONALD (Lab)']
raw_data/scotland/processed_data/falkirk12-ballots/Bo'nessandBlackness_falkirk12-01.csv,3,['Ann RITCHIE (SNP)'],['Ann RITCHIE (SNP)'],['Ann RITCHIE (SNP)'],['Ann RITCHIE (SNP)'],['Ann RITCHIE (SNP)'],['Ann RITCHIE (SNP)'],['Ann RITCHIE (SNP)'],['Ann RITCHIE (SNP)'],['Ann RITCHIE (SNP)'],['Ann RITCHIE (SNP)'],['Ann RITCHIE (SNP)'],['Ann RITCHIE (SNP)'],['Ann RITCHIE (SNP)'],['Ann RITCHIE (SNP)'],['Ann RITCHIE (SNP)'],['Ann RITCHIE (SNP)'],['Ann RITCHIE (SNP)'],['Ann RITCHIE (SNP)'],['Ann RITCHIE (SNP)'],['Ann RITCHIE (SNP)'],['Ann RITCHIE (SNP)'],['Ann RITCHIE (SNP)'],['Ann RITCHIE (SNP)'],['Ann RITCHIE (SNP)'],['Ann RITCHIE (SNP)'],['Ann RITCHIE (SNP)'],['Ann RITCHIE (SNP)'],['Ann RITCHIE (SNP)'],['Ann RITCHIE (SNP)'],['Ann RITCHIE (SNP)']
raw_data/scotland/processed_data/falkirk12-ballots/UpperBraes_falkirk12-09.csv,3,['John MCLUCKIE (Lab)'],['John MCLUCKIE (Lab)'],['John MCLUCKIE (Lab)'],['John MCLUCKIE (Lab)'],['John MCLUCKIE (Lab)'],['John MCLUCKIE (Lab)'],['John MCLUCKIE (Lab)'],['John MCLUCKIE (Lab)'],['John MCLUCKIE (Lab)'],['John MCLUCKIE (Lab)'],['John MCLUCKIE (Lab)'],['John MCLUCKIE (Lab)'],['John MCLUCKIE (Lab)'],['John MCLUCKIE (Lab)'],['John MCLUCKIE (Lab)'],['John MCLUCKIE (Lab)'],['John MCLUCKIE (Lab)'],['John MCLUCKIE (Lab)'],['John MCLUCKIE (Lab)'],['John MCLUCKIE (Lab)'],['John MCLUCKIE (Lab)'],['John MCLUCKIE (Lab)'],['John MCLUCKIE (Lab)'],['John MCLUCKIE (Lab)'],['John MCLUCKIE (Lab)'],['John MCLUCKIE (Lab)'],['John MCLUCKIE (Lab)'],['John MCLUCKIE (Lab)'],['John MCLUCKIE (Lab)'],['John MCLUCKIE (Lab)']
raw_data/scotland/processed_data/glasgow17-ballots/Ward8SouthsideCentral_glasgow17-008.csv,7,['Mhairi HUNTER (SNP)'],['Mhairi HUNTER (SNP)'],['Mhairi HUNTER (SNP)'],['Mhairi HUNTER (SNP)'],['Mhairi HUNTER (SNP)'],['Mhairi HUNTER (SNP)'],['Mhairi HUNTER (SNP)'],['Mhairi HUNTER (SNP)'],['Mhairi HUNTER (SNP)'],['Mhairi HUNTER (SNP)'],['Mhairi HUNTER (SNP)'],['Mhairi HUNTER (SNP)'],['Mhairi HUNTER (SNP)'],['Mhairi HUNTER (SNP)'],['Mhairi HUNTER (SNP)'],['Mhairi HUNTER (SNP)'],['Mhairi HUNTER (SNP)'],['Mhairi HUNTER (SNP)'],['Mhairi HUNTER (SNP)'],['Mhairi HUNTER (SNP)'],['Mhairi HUNTER (SNP)'],['Mhairi HUNTER (SNP)'],['Mhairi HUNTER (SNP)'],['Mhairi HUNTER (SNP)'],['Mhairi HUNTER (SNP)'],['Mhairi HUNTER (SNP)'],['Mhairi HUNTER (SNP)'],['Mhairi HUNTER (SNP)'],['Mhairi HUNTER (SNP)'],['Mhairi HUNTER (SNP)']
raw_data/scotland/processed_data/glasgow17-ballots/Ward9Calton_glasgow17-009.csv,6,['Greg HEPBURN (SNP)'],['Greg HEPBURN (SNP)'],['Greg HEPBURN (SNP)'],['Greg HEPBURN (SNP)'],['Greg HEPBURN (SNP)'],['Greg HEPBURN (SNP)'],['Greg HEPBURN (SNP)'],['Greg HEPBURN (SNP)'],['Greg HEPBURN (SNP)'],['Greg HEPBURN (SNP)'],['Greg HEPBURN (SNP)'],['Greg HEPBURN (SNP)'],['Greg HEPBURN (SNP)'],['Greg HEPBURN (SNP)'],['Greg HEPBURN (SNP)'],['Greg HEPBURN (SNP)'],['Greg HEPBURN (SNP)'],['Greg HEPBURN (SNP)'],['Greg HEPBURN (SNP)'],['Greg HEPBURN (SNP)'],['Greg HEPBURN (SNP)'],['Greg HEPBURN (SNP)'],['Greg HEPBURN (SNP)'],['Greg HEPBURN (SNP)'],['Greg HEPBURN (SNP)'],['Greg HEPBURN (SNP)'],['Greg HEPBURN (SNP)'],['Greg HEPBURN (SNP)'],['Greg HEPBURN (SNP)'],['Greg HEPBURN (SNP)']
raw_data/scotland/processed_data/glasgow17-ballots/Ward16Canal_glasgow17-016.csv,9,['Allan GOW (SNP)'],['Allan GOW (SNP)'],['Allan GOW (SNP)'],['Allan GOW (SNP)'],['Allan GOW (SNP)'],['Allan GOW (SNP)'],['Allan GOW (SNP)'],['Allan GOW (SNP)'],['Allan GOW (SNP)'],['Allan GOW (SNP)'],['Allan GOW (SNP)'],['Allan GOW (SNP)'],['Allan GOW (SNP)'],['Allan GOW (SNP)'],['Allan GOW (SNP)'],['Allan GOW (SNP)'],['Allan GOW (SNP)'],['Allan GOW (SNP)'],['Allan GOW (SNP)'],['Allan GOW (SNP)'],['Allan GOW (SNP)'],['Allan GOW (SNP)'],['Allan GOW (SNP)'],['Allan GOW (SNP)'],['Allan GOW (SNP)'],['Allan GOW (SNP)'],['Allan GOW (SNP)'],['Allan GOW (SNP)'],['Allan GOW (SNP)'],['Allan GOW (SNP)']
raw_data/scotland/processed_data/glasgow17-ballots/Ward3GreaterPollok_glasgow17-003.csv,8,['David MCDONALD (SNP)'],['David MCDONALD (SNP)'],['David MCDONALD (SNP)'],['Saqib AHMED (Lab)'],['David MCDONALD (SNP)'],['David MCDONALD (SNP)'],['David MCDONALD (SNP)'],['David MCDONALD (SNP)'],['David MCDONALD (SNP)'],['David MCDONALD (SNP)'],['David MCDONALD (SNP)'],['David MCDONALD (SNP)'],['David MCDONALD (SNP)'],['David MCDONALD (SNP)'],['David MCDONALD (SNP)'],['David MCDONALD (SNP)'],['David MCDONALD (SNP)'],['David MCDONALD (SNP)'],['David MCDONALD (SNP)'],['David MCDONALD (SNP)'],['David MCDONALD (SNP)'],['David MCDONALD (SNP)'],['David MCDONALD (SNP)'],['David MCDONALD (SNP)'],['David MCDONALD (SNP)'],['David MCDONALD (SNP)'],['David MCDONALD (SNP)'],['David MCDONALD (SNP)'],['David MCDONALD (SNP)'],['David MCDONALD (SNP)']
raw_data/scotland/processed_data/glasgow17-ballots/Ward11Hillhead_glasgow17-011.csv,7,['Ken ANDREW (SNP)'],['Martha WARDROP (Grn)'],['Martha WARDROP (Grn)'],['Martha WARDROP (Grn)'],['Martha WARDROP (Grn)'],['Martha WARDROP (Grn)'],['Martha WARDROP (Grn)'],['Martha WARDROP (Grn)'],['Martha WARDROP (Grn)'],['Martha WARDROP (Grn)'],['Martha WARDROP (Grn)'],['Martha WARDROP (Grn)'],['Martha WARDROP (Grn)'],['Martha WARDROP (Grn)'],['Martha WARDROP (Grn)'],['Ken ANDREW (SNP)'],['Martha WARDROP (Grn)'],['Martha WARDROP (Grn)'],['Martha WARDROP (Grn)'],['Martha WARDROP (Grn)'],['Martha WARDROP (Grn)'],['Martha WARDROP (Grn)'],['Martha WARDROP (Grn)'],['Martha WARDROP (Grn)'],['Martha WARDROP (Grn)'],['Martha WARDROP (Grn)'],['Martha WARDROP (Grn)'],['Martha WARDROP (Grn)'],['Martha WARDROP (Grn)'],['Martha WARDROP (Grn)']
raw_data/scotland/processed_data/glasgow17-ballots/Ward2NewlandsAuldburn_glasgow17-002.csv,5,['Josephine DOCHERTY (SNP)'],['Josephine DOCHERTY (SNP)'],['Josephine DOCHERTY (SNP)'],['Josephine DOCHERTY (SNP)'],['Josephine DOCHERTY (SNP)'],['Josephine DOCHERTY (SNP)'],['Josephine DOCHERTY (SNP)'],['Josephine DOCHERTY (SNP)'],['Josephine DOCHERTY (SNP)'],['Josephine DOCHERTY (SNP)'],['Josephine DOCHERTY (SNP)'],['Josephine DOCHERTY (SNP)'],['Josephine DOCHERTY (SNP)'],['Stephen CURRAN (Lab)'],['Josephine DOCHERTY (SNP)'],['Josephine DOCHERTY (SNP)'],['Josephine DOCHERTY (SNP)'],['Josephine DOCHERTY (SNP)'],['Josephine DOCHERTY (SNP)'],['Josephine DOCHERTY (SNP)'],['Josephine DOCHERTY (SNP)'],['Josephine DOCHERTY (SNP)'],['Josephine DOCHERTY (SNP)'],['Josephine DOCHERTY (SNP)'],['Josephine DOCHERTY (SNP)'],['Josephine DOCHERTY (SNP)'],['Josephine DOCHERTY (SNP)'],['Josephine DOCHERTY (SNP)'],['Stephen CURRAN (Lab)'],['Josephine DOCHERTY (SNP)']
raw_data/scotland/processed_data/glasgow17-ballots/Ward13GarscaddenScotstounhill_glasgow17-013.csv,7,['Michael CULLEN (SNP)'],['Michael CULLEN (SNP)'],['Michael CULLEN (SNP)'],['Michael CULLEN (SNP)'],['Michael CULLEN (SNP)'],['Michael CULLEN (SNP)'],['Michael CULLEN (SNP)'],['Michael CULLEN (SNP)'],['Michael CULLEN (SNP)'],['Michael CULLEN (SNP)'],['Michael CULLEN (SNP)'],['Michael CULLEN (SNP)'],['Michael CULLEN (SNP)'],['Michael CULLEN (SNP)'],['Michael CULLEN (SNP)'],['Michael CULLEN (SNP)'],['Michael CULLEN (SNP)'],['Michael CULLEN (SNP)'],['Michael CULLEN (SNP)'],['Michael CULLEN (SNP)'],['Michael CULLEN (SNP)'],['Michael CULLEN (SNP)'],['Michael CULLEN (SNP)'],['Michael CULLEN (SNP)'],['Michael CULLEN (SNP)'],['Michael CULLEN (SNP)'],['Michael CULLEN (SNP)'],['Michael CULLEN (SNP)'],['Michael CULLEN (SNP)'],['Michael CULLEN (SNP)']
raw_data/scotland/processed_data/glasgow17-ballots/Ward14DrumchapelAnniesland_glasgow17-014.csv,7,['Malcolm BALFOUR (SNP)'],['Malcolm BALFOUR (SNP)'],['Malcolm BALFOUR (SNP)'],['Malcolm BALFOUR (SNP)'],['Malcolm BALFOUR (SNP)'],['Malcolm BALFOUR (SNP)'],['Malcolm BALFOUR (SNP)'],['Malcolm BALFOUR (SNP)'],['Malcolm BALFOUR (SNP)'],['Malcolm BALFOUR (SNP)'],['Malcolm BALFOUR (SNP)'],['Malcolm BALFOUR (SNP)'],['Malcolm BALFOUR (SNP)'],['Malcolm BALFOUR (SNP)'],['Malcolm BALFOUR (SNP)'],['Malcolm BALFOUR (SNP)'],['Malcolm BALFOUR (SNP)'],['Malcolm BALFOUR (SNP)'],['Malcolm BALFOUR (SNP)'],['Malcolm BALFOUR (SNP)'],['Malcolm BALFOUR (SNP)'],['Malcolm BALFOUR (SNP)'],['Malcolm BALFOUR (SNP)'],['Malcolm BALFOUR (SNP)'],['Malcolm BALFOUR (SNP)'],['Malcolm BALFOUR (SNP)'],['Malcolm BALFOUR (SNP)'],['Malcolm BALFOUR (SNP)'],['Malcolm BALFOUR (SNP)'],['Malcolm BALFOUR (SNP)']
raw_data/scotland/processed_data/glasgow17-ballots/Ward6Pollokshields_glasgow17-006.csv,6,['Norman MACLEOD (SNP)'],['Norman MACLEOD (SNP)'],['Norman MACLEOD (SNP)'],['Norman MACLEOD (SNP)'],['Norman MACLEOD (SNP)'],['Norman MACLEOD (SNP)'],['Norman MACLEOD (SNP)'],['Norman MACLEOD (SNP)'],['Norman MACLEOD (SNP)'],['Norman MACLEOD (SNP)'],['Norman MACLEOD (SNP)'],['Norman MACLEOD (SNP)'],['Norman MACLEOD (SNP)'],['Norman MACLEOD (SNP)'],['Norman MACLEOD (SNP)'],['Norman MACLEOD (SNP)'],['Norman MACLEOD (SNP)'],['Norman MACLEOD (SNP)'],['Norman MACLEOD (SNP)'],['Norman MACLEOD (SNP)'],['Norman MACLEOD (SNP)'],['Norman MACLEOD (SNP)'],['Norman MACLEOD (SNP)'],['Norman MACLEOD (SNP)'],['Norman MACLEOD (SNP)'],['Norman MACLEOD (SNP)'],['Norman MACLEOD (SNP)'],['Norman MACLEOD (SNP)'],['Norman MACLEOD (SNP)'],['Norman MACLEOD (SNP)']
raw_data/scotland/processed_data/glasgow17-ballots/Ward7Langside_glasgow17-007.csv,7,['Susan AITKEN (SNP)'],['Susan AITKEN (SNP)'],['Susan AITKEN (SNP)'],['Susan AITKEN (SNP)'],['Susan AITKEN (SNP)'],['Susan AITKEN (SNP)'],['Susan AITKEN (SNP)'],['Susan AITKEN (SNP)'],['Susan AITKEN (SNP)'],['Susan AITKEN (SNP)'],['Susan AITKEN (SNP)'],['Susan AITKEN (SNP)'],['Susan AITKEN (SNP)'],['Susan AITKEN (SNP)'],['Susan AITKEN (SNP)'],['Susan AITKEN (SNP)'],['Susan AITKEN (SNP)'],['Susan AITKEN (SNP)'],['Susan AITKEN (SNP)'],['Susan AITKEN (SNP)'],['Susan AITKEN (SNP)'],['Susan AITKEN (SNP)'],['Susan AITKEN (SNP)'],['Susan AITKEN (SNP)'],['Susan AITKEN (SNP)'],['Susan AITKEN (SNP)'],['Susan AITKEN (SNP)'],['Susan AITKEN (SNP)'],['Susan AITKEN (SNP)'],['Susan AITKEN (SNP)']
raw_data/scotland/processed_data/glasgow17-ballots/Ward17SpringburnRobroyston_glasgow17-017.csv,7,['Christina CANNON (SNP)'],['Martin MCELROY (Lab)'],['Martin MCELROY (Lab)'],['Martin MCELROY (Lab)'],['Martin MCELROY (Lab)'],['Martin MCELROY (Lab)'],['Martin MCELROY (Lab)'],['Martin MCELROY (Lab)'],['Martin MCELROY (Lab)'],['Martin MCELROY (Lab)'],['Martin MCELROY (Lab)'],['Martin MCELROY (Lab)'],['Martin MCELROY (Lab)'],['Martin MCELROY (Lab)'],['Martin MCELROY (Lab)'],['Christina CANNON (SNP)'],['Martin MCELROY (Lab)'],['Martin MCELROY (Lab)'],['Martin MCELROY (Lab)'],['Martin MCELROY (Lab)'],['Martin MCELROY (Lab)'],['Martin MCELROY (Lab)'],['Martin MCELROY (Lab)'],['Martin MCELROY (Lab)'],['Martin MCELROY (Lab)'],['Martin MCELROY (Lab)'],['Martin MCELROY (Lab)'],['Martin MCELROY (Lab)'],['Martin MCELROY (Lab)'],['Martin MCELROY (Lab)']
raw_data/scotland/processed_data/glasgow17-ballots/Ward1Linn_glasgow17-001.csv,9,['Glenn ELDER (SNP)'],['Glenn ELDER (SNP)'],['Glenn ELDER (SNP)'],['Glenn ELDER (SNP)'],['Glenn ELDER (SNP)'],['Glenn ELDER (SNP)'],['Glenn ELDER (SNP)'],['Glenn ELDER (SNP)'],['Glenn ELDER (SNP)'],['Glenn ELDER (SNP)'],['Glenn ELDER (SNP)'],['Glenn ELDER (SNP)'],['Glenn ELDER (SNP)'],['Malcolm CUNNING (Lab)'],['Glenn ELDER (SNP)'],['Glenn ELDER (SNP)'],['Glenn ELDER (SNP)'],['Glenn ELDER (SNP)'],['Glenn ELDER (SNP)'],['Glenn ELDER (SNP)'],['Glenn ELDER (SNP)'],['Glenn ELDER (SNP)'],['Glenn ELDER (SNP)'],['Glenn ELDER (SNP)'],['Glenn ELDER (SNP)'],['Glenn ELDER (SNP)'],['Glenn ELDER (SNP)'],['Glenn ELDER (SNP)'],['Malcolm CUNNING (Lab)'],['Glenn ELDER (SNP)']
raw_data/scotland/processed_data/glasgow17-ballots/Ward19Shettleston_glasgow17-019.csv,9,['Frank MCAVEETY (Lab)'],['Frank MCAVEETY (Lab)'],['Frank MCAVEETY (Lab)'],['Frank MCAVEETY (Lab)'],['Frank MCAVEETY (Lab)'],['Frank MCAVEETY (Lab)'],['Frank MCAVEETY (Lab)'],['Frank MCAVEETY (Lab)'],['Frank MCAVEETY (Lab)'],['Frank MCAVEETY (Lab)'],['Frank MCAVEETY (Lab)'],['Frank MCAVEETY (Lab)'],['Frank MCAVEETY (Lab)'],['Frank MCAVEETY (Lab)'],['Frank MCAVEETY (Lab)'],['Frank MCAVEETY (Lab)'],['Frank MCAVEETY (Lab)'],['Frank MCAVEETY (Lab)'],['Frank MCAVEETY (Lab)'],['Frank MCAVEETY (Lab)'],['Frank MCAVEETY (Lab)'],['Frank MCAVEETY (Lab)'],['Frank MCAVEETY (Lab)'],['Frank MCAVEETY (Lab)'],['Frank MCAVEETY (Lab)'],['Frank MCAVEETY (Lab)'],['Frank MCAVEETY (Lab)'],['Frank MCAVEETY (Lab)'],['Frank MCAVEETY (Lab)'],['Frank MCAVEETY (Lab)']
raw_data/scotland/processed_data/glasgow17-ballots/Ward21NorthEast_glasgow17-021.csv,6,['Ruairi KELLY (SNP)'],['Ruairi KELLY (SNP)'],['Maureen BURKE (Lab)'],['Maureen BURKE (Lab)'],['Ruairi KELLY (SNP)'],['Ruairi KELLY (SNP)'],['Ruairi KELLY (SNP)'],[],"['Maureen BURKE (Lab)', 'Ruairi KELLY (SNP)']",['Ruairi KELLY (SNP)'],['Ruairi KELLY (SNP)'],"['Maureen BURKE (Lab)', 'Ruairi KELLY (SNP)']",['Ruairi KELLY (SNP)'],['Maureen BURKE (Lab)'],['Ruairi KELLY (SNP)'],['Ruairi KELLY (SNP)'],['Ruairi KELLY (SNP)'],['Ruairi KELLY (SNP)'],['Maureen BURKE (Lab)'],['Maureen BURKE (Lab)'],['Maureen BURKE (Lab)'],['Maureen BURKE (Lab)'],[],"['Maureen BURKE (Lab)', 'Ruairi KELLY (SNP)']",['Maureen BURKE (Lab)'],['Ruairi KELLY (SNP)'],"['Maureen BURKE (Lab)', 'Ruairi KELLY (SNP)']",['Maureen BURKE (Lab)'],['Maureen BURKE (Lab)'],['Maureen BURKE (Lab)']
raw_data/scotland/processed_data/glasgow17-ballots/Ward23PartickEastKelvindale_glasgow17-023.csv,6,['Kenny MCLEAN (SNP)'],['Kenny MCLEAN (SNP)'],['Kenny MCLEAN (SNP)'],['Martin BARTOS (Grn)'],['Martin BARTOS (Grn)'],['Martin BARTOS (Grn)'],['Kenny MCLEAN (SNP)'],['Kenny MCLEAN (SNP)'],['Kenny MCLEAN (SNP)'],['Kenny MCLEAN (SNP)'],['Kenny MCLEAN (SNP)'],['Kenny MCLEAN (SNP)'],['Kenny MCLEAN (SNP)'],['Martin BARTOS (Grn)'],['Kenny MCLEAN (SNP)'],['Kenny MCLEAN (SNP)'],['Kenny MCLEAN (SNP)'],['Kenny MCLEAN (SNP)'],['Martin BARTOS (Grn)'],['Martin BARTOS (Grn)'],['Martin BARTOS (Grn)'],['Martin BARTOS (Grn)'],['Kenny MCLEAN (SNP)'],['Kenny MCLEAN (SNP)'],['Kenny MCLEAN (SNP)'],['Kenny MCLEAN (SNP)'],['Kenny MCLEAN (SNP)'],['Kenny MCLEAN (SNP)'],['Martin BARTOS (Grn)'],['Kenny MCLEAN (SNP)']
raw_data/scotland/processed_data/glasgow17-ballots/Ward10AnderstonCityYorkhill_glasgow17-010.csv,7,['Eva BOLANDER (SNP)'],['Eva BOLANDER (SNP)'],['Eva BOLANDER (SNP)'],['Eva BOLANDER (SNP)'],['Eva BOLANDER (SNP)'],['Eva BOLANDER (SNP)'],['Eva BOLANDER (SNP)'],['Eva BOLANDER (SNP)'],['Eva BOLANDER (SNP)'],['Eva BOLANDER (SNP)'],['Eva BOLANDER (SNP)'],['Eva BOLANDER (SNP)'],['Eva BOLANDER (SNP)'],['Eva BOLANDER (SNP)'],['Eva BOLANDER (SNP)'],['Eva BOLANDER (SNP)'],['Eva BOLANDER (SNP)'],['Eva BOLANDER (SNP)'],['Eva BOLANDER (SNP)'],['Eva BOLANDER (SNP)'],['Eva BOLANDER (SNP)'],['Eva BOLANDER (SNP)'],['Eva BOLANDER (SNP)'],['Eva BOLANDER (SNP)'],['Eva BOLANDER (SNP)'],['Eva BOLANDER (SNP)'],['Eva BOLANDER (SNP)'],['Eva BOLANDER (SNP)'],['Eva BOLANDER (SNP)'],['Eva BOLANDER (SNP)']
raw_data/scotland/processed_data/glasgow17-ballots/Ward18EastCentre_glasgow17-018.csv,6,['Annette CHRISTIE (SNP)'],['Annette CHRISTIE (SNP)'],['Annette CHRISTIE (SNP)'],['Annette CHRISTIE (SNP)'],['Annette CHRISTIE (SNP)'],['Annette CHRISTIE (SNP)'],['Annette CHRISTIE (SNP)'],['Annette CHRISTIE (SNP)'],['Annette CHRISTIE (SNP)'],['Annette CHRISTIE (SNP)'],['Annette CHRISTIE (SNP)'],['Annette CHRISTIE (SNP)'],['Annette CHRISTIE (SNP)'],['Annette CHRISTIE (SNP)'],['Annette CHRISTIE (SNP)'],['Annette CHRISTIE (SNP)'],['Annette CHRISTIE (SNP)'],['Annette CHRISTIE (SNP)'],['Annette CHRISTIE (SNP)'],['Annette CHRISTIE (SNP)'],['Annette CHRISTIE (SNP)'],['Annette CHRISTIE (SNP)'],['Annette CHRISTIE (SNP)'],['Annette CHRISTIE (SNP)'],['Annette CHRISTIE (SNP)'],['Annette CHRISTIE (SNP)'],['Annette CHRISTIE (SNP)'],['Annette CHRISTIE (SNP)'],['Frank DOCHERTY (Lab)'],['Annette CHRISTIE (SNP)']
raw_data/scotland/processed_data/glasgow17-ballots/Ward4Cardonald_glasgow17-004.csv,7,['Elaine MCSPORRAN (SNP)'],['Elaine MCSPORRAN (SNP)'],['Elaine MCSPORRAN (SNP)'],['Elaine MCSPORRAN (SNP)'],['Elaine MCSPORRAN (SNP)'],['Elaine MCSPORRAN (SNP)'],['Elaine MCSPORRAN (SNP)'],['Elaine MCSPORRAN (SNP)'],['Elaine MCSPORRAN (SNP)'],['Elaine MCSPORRAN (SNP)'],['Elaine MCSPORRAN (SNP)'],['Elaine MCSPORRAN (SNP)'],['Elaine MCSPORRAN (SNP)'],['Matt KERR (Lab)'],['Elaine MCSPORRAN (SNP)'],['Elaine MCSPORRAN (SNP)'],['Elaine MCSPORRAN (SNP)'],['Elaine MCSPORRAN (SNP)'],['Elaine MCSPORRAN (SNP)'],['Elaine MCSPORRAN (SNP)'],['Elaine MCSPORRAN (SNP)'],['Elaine MCSPORRAN (SNP)'],['Elaine MCSPORRAN (SNP)'],['Elaine MCSPORRAN (SNP)'],['Elaine MCSPORRAN (SNP)'],['Elaine MCSPORRAN (SNP)'],['Elaine MCSPORRAN (SNP)'],['Elaine MCSPORRAN (SNP)'],['Matt KERR (Lab)'],['Elaine MCSPORRAN (SNP)']
raw_data/scotland/processed_data/glasgow17-ballots/Ward20Baillieston_glasgow17-020.csv,7,['Elaine BALLANTYNE (SNP)'],['Elaine BALLANTYNE (SNP)'],['Elaine BALLANTYNE (SNP)'],['Elaine BALLANTYNE (SNP)'],['Elaine BALLANTYNE (SNP)'],['Elaine BALLANTYNE (SNP)'],['Elaine BALLANTYNE (SNP)'],['Elaine BALLANTYNE (SNP)'],['Elaine BALLANTYNE (SNP)'],['Elaine BALLANTYNE (SNP)'],['Elaine BALLANTYNE (SNP)'],['Elaine BALLANTYNE (SNP)'],['Elaine BALLANTYNE (SNP)'],['Elaine BALLANTYNE (SNP)'],['Elaine BALLANTYNE (SNP)'],['Elaine BALLANTYNE (SNP)'],['Elaine BALLANTYNE (SNP)'],['Elaine BALLANTYNE (SNP)'],['Elaine BALLANTYNE (SNP)'],['Elaine BALLANTYNE (SNP)'],['Elaine BALLANTYNE (SNP)'],['Elaine BALLANTYNE (SNP)'],['Elaine BALLANTYNE (SNP)'],['Elaine BALLANTYNE (SNP)'],['Elaine BALLANTYNE (SNP)'],['Elaine BALLANTYNE (SNP)'],['Elaine BALLANTYNE (SNP)'],['Elaine BALLANTYNE (SNP)'],['Elaine BALLANTYNE (SNP)'],['Elaine BALLANTYNE (SNP)']
raw_data/scotland/processed_data/glasgow17-ballots/Ward22Dennistoun_glasgow17-022.csv,5,['Allan CASEY (SNP)'],['Allan CASEY (SNP)'],['Allan CASEY (SNP)'],['Allan CASEY (SNP)'],['Allan CASEY (SNP)'],['Allan CASEY (SNP)'],['Allan CASEY (SNP)'],['Allan CASEY (SNP)'],['Allan CASEY (SNP)'],['Allan CASEY (SNP)'],['Allan CASEY (SNP)'],['Allan CASEY (SNP)'],['Allan CASEY (SNP)'],['Allan CASEY (SNP)'],['Allan CASEY (SNP)'],['Allan CASEY (SNP)'],['Allan CASEY (SNP)'],['Allan CASEY (SNP)'],['Allan CASEY (SNP)'],['Allan CASEY (SNP)'],['Allan CASEY (SNP)'],['Allan CASEY (SNP)'],['Allan CASEY (SNP)'],['Allan CASEY (SNP)'],['Allan CASEY (SNP)'],['Allan CASEY (SNP)'],['Allan CASEY (SNP)'],['Allan CASEY (SNP)'],['Allan CASEY (SNP)'],['Allan CASEY (SNP)']
raw_data/scotland/processed_data/glasgow17-ballots/Ward15Maryhill_glasgow17-015.csv,5,['John LETFORD (SNP)'],['John LETFORD (SNP)'],['John LETFORD (SNP)'],['John LETFORD (SNP)'],['John LETFORD (SNP)'],['John LETFORD (SNP)'],['John LETFORD (SNP)'],['John LETFORD (SNP)'],['John LETFORD (SNP)'],['John LETFORD (SNP)'],['John LETFORD (SNP)'],['John LETFORD (SNP)'],['John LETFORD (SNP)'],['John LETFORD (SNP)'],['John LETFORD (SNP)'],['John LETFORD (SNP)'],['John LETFORD (SNP)'],['John LETFORD (SNP)'],['John LETFORD (SNP)'],['John LETFORD (SNP)'],['John LETFORD (SNP)'],['John LETFORD (SNP)'],['John LETFORD (SNP)'],['John LETFORD (SNP)'],['John LETFORD (SNP)'],['John LETFORD (SNP)'],['John LETFORD (SNP)'],['John LETFORD (SNP)'],['John LETFORD (SNP)'],['John LETFORD (SNP)']
raw_data/scotland/processed_data/glasgow17-ballots/Ward12VictoriaPark_glasgow17-012.csv,6,['Feargal DALTON (SNP)'],['Feargal DALTON (SNP)'],['Feargal DALTON (SNP)'],['Feargal DALTON (SNP)'],['Feargal DALTON (SNP)'],['Feargal DALTON (SNP)'],['Feargal DALTON (SNP)'],['Feargal DALTON (SNP)'],['Feargal DALTON (SNP)'],['Feargal DALTON (SNP)'],['Feargal DALTON (SNP)'],['Feargal DALTON (SNP)'],['Feargal DALTON (SNP)'],['Allan FAULDS (Grn)'],['Feargal DALTON (SNP)'],['Feargal DALTON (SNP)'],['Feargal DALTON (SNP)'],['Feargal DALTON (SNP)'],['Feargal DALTON (SNP)'],['Feargal DALTON (SNP)'],['Feargal DALTON (SNP)'],['Feargal DALTON (SNP)'],['Feargal DALTON (SNP)'],['Feargal DALTON (SNP)'],['Feargal DALTON (SNP)'],['Feargal DALTON (SNP)'],['Feargal DALTON (SNP)'],['Feargal DALTON (SNP)'],['Allan FAULDS (Grn)'],['Feargal DALTON (SNP)']
raw_data/scotland/processed_data/glasgow17-ballots/Ward5Govan_glasgow17-005.csv,7,['Stephen DORNAN (SNP)'],['Stephen DORNAN (SNP)'],['Stephen DORNAN (SNP)'],['Stephen DORNAN (SNP)'],['Stephen DORNAN (SNP)'],['Stephen DORNAN (SNP)'],['Stephen DORNAN (SNP)'],['Stephen DORNAN (SNP)'],['Stephen DORNAN (SNP)'],['Stephen DORNAN (SNP)'],['Stephen DORNAN (SNP)'],['Stephen DORNAN (SNP)'],['Stephen DORNAN (SNP)'],['Stephen DORNAN (SNP)'],['Stephen DORNAN (SNP)'],['Stephen DORNAN (SNP)'],['Stephen DORNAN (SNP)'],['Stephen DORNAN (SNP)'],['Stephen DORNAN (SNP)'],['Stephen DORNAN (SNP)'],['Stephen DORNAN (SNP)'],['Stephen DORNAN (SNP)'],['Stephen DORNAN (SNP)'],['Stephen DORNAN (SNP)'],['Stephen DORNAN (SNP)'],['Stephen DORNAN (SNP)'],['Stephen DORNAN (SNP)'],['Stephen DORNAN (SNP)'],['Stephen DORNAN (SNP)'],['Stephen DORNAN (SNP)']
raw_data/scotland/processed_data/n-ayrshire12-ballots/Ward06-DalryandWestKilbride_n-ayrshire12-06.csv,6,['Robert BARR (Ind)'],['Robert BARR (Ind)'],['Robert BARR (Ind)'],['Robert BARR (Ind)'],['Robert BARR (Ind)'],['Robert BARR (Ind)'],['Robert BARR (Ind)'],['Robert BARR (Ind)'],['Robert BARR (Ind)'],['Robert BARR (Ind)'],['Robert BARR (Ind)'],['Robert BARR (Ind)'],['Robert BARR (Ind)'],['Robert BARR (Ind)'],['Robert BARR (Ind)'],['Robert BARR (Ind)'],['Robert BARR (Ind)'],['Robert BARR (Ind)'],['Robert BARR (Ind)'],['Robert BARR (Ind)'],['Robert BARR (Ind)'],['Robert BARR (Ind)'],['Robert BARR (Ind)'],['Robert BARR (Ind)'],['Robert BARR (Ind)'],['Robert BARR (Ind)'],['Robert BARR (Ind)'],['Robert BARR (Ind)'],['Robert BARR (Ind)'],['Robert BARR (Ind)']
raw_data/scotland/processed_data/n-ayrshire12-ballots/Ward08-NorthCoastandCumbraes_n-ayrshire12-08.csv,4,['Alan HILL (SNP)'],['Alan HILL (SNP)'],['Alan HILL (SNP)'],['Alan HILL (SNP)'],['Alan HILL (SNP)'],['Alan HILL (SNP)'],['Alan HILL (SNP)'],['Alan HILL (SNP)'],['Alan HILL (SNP)'],['Alan HILL (SNP)'],['Alan HILL (SNP)'],['Alan HILL (SNP)'],['Alan HILL (SNP)'],['Alan HILL (SNP)'],['Alan HILL (SNP)'],['Alan HILL (SNP)'],['Alan HILL (SNP)'],['Alan HILL (SNP)'],['Alan HILL (SNP)'],['Alan HILL (SNP)'],['Alan HILL (SNP)'],['Alan HILL (SNP)'],['Alan HILL (SNP)'],['Alan HILL (SNP)'],['Alan HILL (SNP)'],['Alan HILL (SNP)'],['Alan HILL (SNP)'],['Alan HILL (SNP)'],['Alan HILL (SNP)'],['Alan HILL (SNP)']
raw_data/scotland/processed_data/n-ayrshire12-ballots/Ward02-IrvineEast_n-ayrshire12-02.csv,6,['Joan STURGEON (SNP)'],['Joan STURGEON (SNP)'],['Joan STURGEON (SNP)'],['Joan STURGEON (SNP)'],['Joan STURGEON (SNP)'],['Joan STURGEON (SNP)'],['Joan STURGEON (SNP)'],['Joan STURGEON (SNP)'],['Joan STURGEON (SNP)'],['Joan STURGEON (SNP)'],['Joan STURGEON (SNP)'],['Joan STURGEON (SNP)'],['Joan STURGEON (SNP)'],['Joan STURGEON (SNP)'],['Joan STURGEON (SNP)'],['Joan STURGEON (SNP)'],['Joan STURGEON (SNP)'],['Joan STURGEON (SNP)'],['Joan STURGEON (SNP)'],['Joan STURGEON (SNP)'],['Joan STURGEON (SNP)'],['Joan STURGEON (SNP)'],['Joan STURGEON (SNP)'],['Joan STURGEON (SNP)'],['Joan STURGEON (SNP)'],['Joan STURGEON (SNP)'],['Joan STURGEON (SNP)'],['Joan STURGEON (SNP)'],['Joan STURGEON (SNP)'],['Joan STURGEON (SNP)']
raw_data/scotland/processed_data/n-ayrshire12-ballots/Ward07-KilbirnieandBeith_n-ayrshire12-07.csv,5,['Anthea DICKSON (SNP)'],['Anthea DICKSON (SNP)'],['Anthea DICKSON (SNP)'],['Anthea DICKSON (SNP)'],['Anthea DICKSON (SNP)'],['Anthea DICKSON (SNP)'],['Anthea DICKSON (SNP)'],['Anthea DICKSON (SNP)'],['Anthea DICKSON (SNP)'],['Anthea DICKSON (SNP)'],['Anthea DICKSON (SNP)'],['Anthea DICKSON (SNP)'],['Anthea DICKSON (SNP)'],['Anthea DICKSON (SNP)'],['Anthea DICKSON (SNP)'],['Anthea DICKSON (SNP)'],['Anthea DICKSON (SNP)'],['Anthea DICKSON (SNP)'],['Anthea DICKSON (SNP)'],['Anthea DICKSON (SNP)'],['Anthea DICKSON (SNP)'],['Anthea DICKSON (SNP)'],['Anthea DICKSON (SNP)'],['Anthea DICKSON (SNP)'],['Anthea DICKSON (SNP)'],['Anthea DICKSON (SNP)'],['Anthea DICKSON (SNP)'],['Anthea DICKSON (SNP)'],['Anthea DICKSON (SNP)'],['Anthea DICKSON (SNP)']
raw_data/scotland/processed_data/n-ayrshire12-ballots/Ward01-IrvineWest_n-ayrshire12-01.csv,6,['Ian CLARKSON (Lab)'],['Ian CLARKSON (Lab)'],['Ian CLARKSON (Lab)'],['Ian CLARKSON (Lab)'],['Matthew BROWN (SNP)'],['Ian CLARKSON (Lab)'],['Ian CLARKSON (Lab)'],['Ian CLARKSON (Lab)'],['Ian CLARKSON (Lab)'],['Ian CLARKSON (Lab)'],['Ian CLARKSON (Lab)'],['Ian CLARKSON (Lab)'],['Ian CLARKSON (Lab)'],['Ian CLARKSON (Lab)'],['Ian CLARKSON (Lab)'],['Ian CLARKSON (Lab)'],['Ian CLARKSON (Lab)'],['Ian CLARKSON (Lab)'],['Ian CLARKSON (Lab)'],['Matthew BROWN (SNP)'],['Ian CLARKSON (Lab)'],['Ian CLARKSON (Lab)'],['Ian CLARKSON (Lab)'],['Ian CLARKSON (Lab)'],['Ian CLARKSON (Lab)'],['Ian CLARKSON (Lab)'],['Ian CLARKSON (Lab)'],['Ian CLARKSON (Lab)'],['Ian CLARKSON (Lab)'],['Ian CLARKSON (Lab)']
raw_data/scotland/processed_data/n-ayrshire12-ballots/Ward05-ArdrossanandArran_n-ayrshire12-05.csv,8,['Tony GURNEY (SNP)'],['Tony GURNEY (SNP)'],['Tony GURNEY (SNP)'],['Tony GURNEY (SNP)'],['Tony GURNEY (SNP)'],['Tony GURNEY (SNP)'],['Tony GURNEY (SNP)'],['Tony GURNEY (SNP)'],['Tony GURNEY (SNP)'],['Tony GURNEY (SNP)'],['Tony GURNEY (SNP)'],['Tony GURNEY (SNP)'],['Tony GURNEY (SNP)'],['Tony GURNEY (SNP)'],['Tony GURNEY (SNP)'],['Tony GURNEY (SNP)'],['Tony GURNEY (SNP)'],['Tony GURNEY (SNP)'],['Tony GURNEY (SNP)'],['Tony GURNEY (SNP)'],['Tony GURNEY (SNP)'],['Tony GURNEY (SNP)'],['Tony GURNEY (SNP)'],['Tony GURNEY (SNP)'],['Tony GURNEY (SNP)'],['Tony GURNEY (SNP)'],['Tony GURNEY (SNP)'],['Tony GURNEY (SNP)'],['Tony GURNEY (SNP)'],['Tony GURNEY (SNP)']
raw_data/scotland/processed_data/n-ayrshire12-ballots/Ward04-SaltcoatsandStevenston_n-ayrshire12-04.csv,5,['Jim MONTGOMERIE (Lab)'],['Jim MONTGOMERIE (Lab)'],['Jim MONTGOMERIE (Lab)'],['Jim MONTGOMERIE (Lab)'],['Jim MONTGOMERIE (Lab)'],['Jim MONTGOMERIE (Lab)'],['Jim MONTGOMERIE (Lab)'],['Jim MONTGOMERIE (Lab)'],['Jim MONTGOMERIE (Lab)'],['Jim MONTGOMERIE (Lab)'],['Jim MONTGOMERIE (Lab)'],['Jim MONTGOMERIE (Lab)'],['Jim MONTGOMERIE (Lab)'],['Jim MONTGOMERIE (Lab)'],['Jim MONTGOMERIE (Lab)'],['Jim MONTGOMERIE (Lab)'],['Jim MONTGOMERIE (Lab)'],['Jim MONTGOMERIE (Lab)'],['Jim MONTGOMERIE (Lab)'],['Jim MONTGOMERIE (Lab)'],['Jim MONTGOMERIE (Lab)'],['Jim MONTGOMERIE (Lab)'],['Jim MONTGOMERIE (Lab)'],['Jim MONTGOMERIE (Lab)'],['Jim MONTGOMERIE (Lab)'],['Jim MONTGOMERIE (Lab)'],['Jim MONTGOMERIE (Lab)'],['Jim MONTGOMERIE (Lab)'],['Jim MONTGOMERIE (Lab)'],['Jim MONTGOMERIE (Lab)']
raw_data/scotland/processed_data/n-ayrshire12-ballots/Ward03-Kilwinning_n-ayrshire12-03.csv,7,['Joe CULLINANE (Lab)'],['Joe CULLINANE (Lab)'],['Joe CULLINANE (Lab)'],['Joe CULLINANE (Lab)'],['John FERGUSON (SNP)'],['John FERGUSON (SNP)'],['Joe CULLINANE (Lab)'],[],"['John FERGUSON (SNP)', 'Joe CULLINANE (Lab)']",['Joe CULLINANE (Lab)'],['John FERGUSON (SNP)'],"['John FERGUSON (SNP)', 'Joe CULLINANE (Lab)']",['John FERGUSON (SNP)'],['Joe CULLINANE (Lab)'],['John FERGUSON (SNP)'],['Joe CULLINANE (Lab)'],['Joe CULLINANE (Lab)'],['John FERGUSON (SNP)'],['Joe CULLINANE (Lab)'],['John FERGUSON (SNP)'],['John FERGUSON (SNP)'],['John FERGUSON (SNP)'],[],"['John FERGUSON (SNP)', 'Joe CULLINANE (Lab)']",['Joe CULLINANE (Lab)'],['Joe CULLINANE (Lab)'],"['John FERGUSON (SNP)', 'Joe CULLINANE (Lab)']",['John FERGUSON (SNP)'],['Joe CULLINANE (Lab)'],['John FERGUSON (SNP)']
raw_data/scotland/processed_data/perth-kinross17-ballots/Ward6-Strathearn_perth-kinross17-06.csv,6,['Roz MCCALL (Con)'],['Rhona BROCK (Ind)'],['Rhona BROCK (Ind)'],['Rhona BROCK (Ind)'],['Rhona BROCK (Ind)'],['Rhona BROCK (Ind)'],['Rhona BROCK (Ind)'],['Rhona BROCK (Ind)'],['Rhona BROCK (Ind)'],['Rhona BROCK (Ind)'],['Rhona BROCK (Ind)'],['Rhona BROCK (Ind)'],['Rhona BROCK (Ind)'],['Rhona BROCK (Ind)'],['Rhona BROCK (Ind)'],['Roz MCCALL (Con)'],['Rhona BROCK (Ind)'],['Rhona BROCK (Ind)'],['Rhona BROCK (Ind)'],['Rhona BROCK (Ind)'],['Rhona BROCK (Ind)'],['Rhona BROCK (Ind)'],['Rhona BROCK (Ind)'],['Rhona BROCK (Ind)'],['Rhona BROCK (Ind)'],['Rhona BROCK (Ind)'],['Rhona BROCK (Ind)'],['Rhona BROCK (Ind)'],['Rhona BROCK (Ind)'],['Rhona BROCK (Ind)']
raw_data/scotland/processed_data/perth-kinross17-ballots/Ward10-PerthCitySouth_perth-kinross17-10.csv,7,['Willie WILSON (LD)'],['Willie WILSON (LD)'],['Willie WILSON (LD)'],['Willie WILSON (LD)'],['Willie WILSON (LD)'],['Willie WILSON (LD)'],['Willie WILSON (LD)'],['Willie WILSON (LD)'],['Willie WILSON (LD)'],['Willie WILSON (LD)'],['Willie WILSON (LD)'],['Willie WILSON (LD)'],['Willie WILSON (LD)'],['Willie WILSON (LD)'],['Willie WILSON (LD)'],['Willie WILSON (LD)'],['Willie WILSON (LD)'],['Willie WILSON (LD)'],['Willie WILSON (LD)'],['Willie WILSON (LD)'],['Willie WILSON (LD)'],['Willie WILSON (LD)'],['Willie WILSON (LD)'],['Willie WILSON (LD)'],['Willie WILSON (LD)'],['Willie WILSON (LD)'],['Willie WILSON (LD)'],['Willie WILSON (LD)'],['Willie WILSON (LD)'],['Willie WILSON (LD)']
raw_data/scotland/processed_data/perth-kinross17-ballots/Ward8-Kinross-shire_perth-kinross17-08.csv,7,['Callum PURVES (Con)'],['Willie ROBERTSON (LD)'],['Callum PURVES (Con)'],['Willie ROBERTSON (LD)'],['Willie ROBERTSON (LD)'],['Willie ROBERTSON (LD)'],['Callum PURVES (Con)'],['Willie ROBERTSON (LD)'],['Willie ROBERTSON (LD)'],['Willie ROBERTSON (LD)'],['Willie ROBERTSON (LD)'],['Willie ROBERTSON (LD)'],['Willie ROBERTSON (LD)'],['Willie ROBERTSON (LD)'],['Willie ROBERTSON (LD)'],['Callum PURVES (Con)'],['Willie ROBERTSON (LD)'],['Willie ROBERTSON (LD)'],['Callum PURVES (Con)'],['Willie ROBERTSON (LD)'],['Willie ROBERTSON (LD)'],['Willie ROBERTSON (LD)'],['Willie ROBERTSON (LD)'],['Willie ROBERTSON (LD)'],['Willie ROBERTSON (LD)'],['Willie ROBERTSON (LD)'],['Willie ROBERTSON (LD)'],['Willie ROBERTSON (LD)'],['Willie ROBERTSON (LD)'],['Willie ROBERTSON (LD)']
raw_data/scotland/processed_data/perth-kinross17-ballots/Ward2-Strathmore_perth-kinross17-02.csv,5,['Dennis MELLOY (Con)'],['Dennis MELLOY (Con)'],['Dennis MELLOY (Con)'],['Dennis MELLOY (Con)'],['Lewis David Dawson SIMPSON (LD)'],['Dennis MELLOY (Con)'],['Dennis MELLOY (Con)'],['Dennis MELLOY (Con)'],['Dennis MELLOY (Con)'],['Dennis MELLOY (Con)'],['Dennis MELLOY (Con)'],['Dennis MELLOY (Con)'],['Dennis MELLOY (Con)'],['Dennis MELLOY (Con)'],['Dennis MELLOY (Con)'],['Dennis MELLOY (Con)'],['Dennis MELLOY (Con)'],['Dennis MELLOY (Con)'],['Dennis MELLOY (Con)'],['Dennis MELLOY (Con)'],['Dennis MELLOY (Con)'],['Dennis MELLOY (Con)'],['Dennis MELLOY (Con)'],['Dennis MELLOY (Con)'],['Dennis MELLOY (Con)'],['Dennis MELLOY (Con)'],['Dennis MELLOY (Con)'],['Dennis MELLOY (Con)'],['Dennis MELLOY (Con)'],['Dennis MELLOY (Con)']
raw_data/scotland/processed_data/perth-kinross17-ballots/Ward7-Strathallan_perth-kinross17-07.csv,6,['Murray LYLE (Con)'],['Murray LYLE (Con)'],['Murray LYLE (Con)'],['Murray LYLE (Con)'],['Murray LYLE (Con)'],['Murray LYLE (Con)'],['Murray LYLE (Con)'],['Murray LYLE (Con)'],['Murray LYLE (Con)'],['Murray LYLE (Con)'],['Murray LYLE (Con)'],['Murray LYLE (Con)'],['Murray LYLE (Con)'],['Murray LYLE (Con)'],['Murray LYLE (Con)'],['Murray LYLE (Con)'],['Murray LYLE (Con)'],['Murray LYLE (Con)'],['Murray LYLE (Con)'],['Murray LYLE (Con)'],['Murray LYLE (Con)'],['Murray LYLE (Con)'],['Murray LYLE (Con)'],['Murray LYLE (Con)'],['Murray LYLE (Con)'],['Murray LYLE (Con)'],['Murray LYLE (Con)'],['Murray LYLE (Con)'],['Murray LYLE (Con)'],['Murray LYLE (Con)']
raw_data/scotland/processed_data/perth-kinross17-ballots/Ward4-Highland_perth-kinross17-04.csv,5,['Ian CAMPBELL (Con)'],['Ian CAMPBELL (Con)'],['Ian CAMPBELL (Con)'],['Ian CAMPBELL (Con)'],['Ian CAMPBELL (Con)'],['Ian CAMPBELL (Con)'],['Ian CAMPBELL (Con)'],['Ian CAMPBELL (Con)'],['Ian CAMPBELL (Con)'],['Ian CAMPBELL (Con)'],['Ian CAMPBELL (Con)'],['Ian CAMPBELL (Con)'],['Ian CAMPBELL (Con)'],['Ian CAMPBELL (Con)'],['Ian CAMPBELL (Con)'],['Ian CAMPBELL (Con)'],['Ian CAMPBELL (Con)'],['Ian CAMPBELL (Con)'],['Ian CAMPBELL (Con)'],['Ian CAMPBELL (Con)'],['Ian CAMPBELL (Con)'],['Ian CAMPBELL (Con)'],['Ian CAMPBELL (Con)'],['Ian CAMPBELL (Con)'],['Ian CAMPBELL (Con)'],['Ian CAMPBELL (Con)'],['Ian CAMPBELL (Con)'],['Ian CAMPBELL (Con)'],['Ian CAMPBELL (Con)'],['Ian CAMPBELL (Con)']
raw_data/scotland/processed_data/perth-kinross17-ballots/Ward3-BlairgowrieandGlens_perth-kinross17-03.csv,4,['Caroline SHIERS (Con)'],['Caroline SHIERS (Con)'],['Caroline SHIERS (Con)'],['Caroline SHIERS (Con)'],['Caroline SHIERS (Con)'],['Caroline SHIERS (Con)'],['Caroline SHIERS (Con)'],['Caroline SHIERS (Con)'],['Caroline SHIERS (Con)'],['Caroline SHIERS (Con)'],['Caroline SHIERS (Con)'],['Caroline SHIERS (Con)'],['Caroline SHIERS (Con)'],['Caroline SHIERS (Con)'],['Caroline SHIERS (Con)'],['Caroline SHIERS (Con)'],['Caroline SHIERS (Con)'],['Caroline SHIERS (Con)'],['Caroline SHIERS (Con)'],['Caroline SHIERS (Con)'],['Caroline SHIERS (Con)'],['Caroline SHIERS (Con)'],['Caroline SHIERS (Con)'],['Caroline SHIERS (Con)'],['Caroline SHIERS (Con)'],['Caroline SHIERS (Con)'],['Caroline SHIERS (Con)'],['Caroline SHIERS (Con)'],['Caroline SHIERS (Con)'],['Caroline SHIERS (Con)']
raw_data/scotland/processed_data/perth-kinross17-ballots/Ward5-Strathtay_perth-kinross17-05.csv,5,['Anne JARVIS (Con)'],['Anne JARVIS (Con)'],['Anne JARVIS (Con)'],['Anne JARVIS (Con)'],['Anne JARVIS (Con)'],['Anne JARVIS (Con)'],['Anne JARVIS (Con)'],['Anne JARVIS (Con)'],['Anne JARVIS (Con)'],['Anne JARVIS (Con)'],['Anne JARVIS (Con)'],['Anne JARVIS (Con)'],['Anne JARVIS (Con)'],['Anne JARVIS (Con)'],['Anne JARVIS (Con)'],['Anne JARVIS (Con)'],['Anne JARVIS (Con)'],['Anne JARVIS (Con)'],['Anne JARVIS (Con)'],['Grant LAING (SNP)'],['Anne JARVIS (Con)'],['Anne JARVIS (Con)'],['Anne JARVIS (Con)'],['Anne JARVIS (Con)'],['Anne JARVIS (Con)'],['Anne JARVIS (Con)'],['Anne JARVIS (Con)'],['Anne JARVIS (Con)'],['Anne JARVIS (Con)'],['Anne JARVIS (Con)']
raw_data/scotland/processed_data/perth-kinross17-ballots/Ward12-PerthCityCentre_perth-kinross17-12.csv,7,['Chris AHERN (Con)'],['Chris AHERN (Con)'],['Chris AHERN (Con)'],['Chris AHERN (Con)'],['Peter Anthony BARRETT (LD)'],['Peter Anthony BARRETT (LD)'],['Chris AHERN (Con)'],['Chris AHERN (Con)'],['Chris AHERN (Con)'],['Chris AHERN (Con)'],['Chris AHERN (Con)'],['Chris AHERN (Con)'],['Chris AHERN (Con)'],['Peter Anthony BARRETT (LD)'],['Chris AHERN (Con)'],['Eric DRYSDALE (SNP)'],['Chris AHERN (Con)'],['Chris AHERN (Con)'],['Chris AHERN (Con)'],['Peter Anthony BARRETT (LD)'],['Chris AHERN (Con)'],['Chris AHERN (Con)'],['Chris AHERN (Con)'],['Chris AHERN (Con)'],['Chris AHERN (Con)'],['Chris AHERN (Con)'],['Chris AHERN (Con)'],['Chris AHERN (Con)'],['Peter Anthony BARRETT (LD)'],['Chris AHERN (Con)']
raw_data/scotland/processed_data/perth-kinross17-ballots/Ward1-CarseofGowrie_perth-kinross17-01.csv,5,['Angus FORBES (Con)'],['Angus FORBES (Con)'],['Angus FORBES (Con)'],['Angus FORBES (Con)'],['Angus FORBES (Con)'],['Angus FORBES (Con)'],['Angus FORBES (Con)'],['Angus FORBES (Con)'],['Angus FORBES (Con)'],['Angus FORBES (Con)'],['Angus FORBES (Con)'],['Angus FORBES (Con)'],['Angus FORBES (Con)'],['Angus FORBES (Con)'],['Angus FORBES (Con)'],['Angus FORBES (Con)'],['Angus FORBES (Con)'],['Angus FORBES (Con)'],['Angus FORBES (Con)'],['Angus FORBES (Con)'],['Angus FORBES (Con)'],['Angus FORBES (Con)'],['Angus FORBES (Con)'],['Angus FORBES (Con)'],['Angus FORBES (Con)'],['Angus FORBES (Con)'],['Angus FORBES (Con)'],['Angus FORBES (Con)'],['Angus FORBES (Con)'],['Angus FORBES (Con)']
raw_data/scotland/processed_data/perth-kinross17-ballots/Ward11-PerthCityNorth_perth-kinross17-11.csv,7,['Dave DOOGAN (SNP)'],['Dave DOOGAN (SNP)'],['Dave DOOGAN (SNP)'],['Dave DOOGAN (SNP)'],['Dave DOOGAN (SNP)'],['Dave DOOGAN (SNP)'],['Dave DOOGAN (SNP)'],['Dave DOOGAN (SNP)'],['Dave DOOGAN (SNP)'],['Dave DOOGAN (SNP)'],['Dave DOOGAN (SNP)'],['Dave DOOGAN (SNP)'],['Dave DOOGAN (SNP)'],['Dave DOOGAN (SNP)'],['Dave DOOGAN (SNP)'],['Dave DOOGAN (SNP)'],['Dave DOOGAN (SNP)'],['Dave DOOGAN (SNP)'],['Dave DOOGAN (SNP)'],['Dave DOOGAN (SNP)'],['Dave DOOGAN (SNP)'],['Dave DOOGAN (SNP)'],['Dave DOOGAN (SNP)'],['Dave DOOGAN (SNP)'],['Dave DOOGAN (SNP)'],['Dave DOOGAN (SNP)'],['Dave DOOGAN (SNP)'],['Dave DOOGAN (SNP)'],['Dave DOOGAN (SNP)'],['Dave DOOGAN (SNP)']
raw_data/scotland/processed_data/perth-kinross17-ballots/Ward9-AlmondandEarn_perth-kinross17-09.csv,4,['Kathleen BAIRD (Con)'],['Kathleen BAIRD (Con)'],['Kathleen BAIRD (Con)'],['Kathleen BAIRD (Con)'],['Kathleen BAIRD (Con)'],['Kathleen BAIRD (Con)'],['Kathleen BAIRD (Con)'],['Kathleen BAIRD (Con)'],['Kathleen BAIRD (Con)'],['Kathleen BAIRD (Con)'],['Kathleen BAIRD (Con)'],['Kathleen BAIRD (Con)'],['Kathleen BAIRD (Con)'],['Kathleen BAIRD (Con)'],['Kathleen BAIRD (Con)'],['Kathleen BAIRD (Con)'],['Kathleen BAIRD (Con)'],['Kathleen BAIRD (Con)'],['Kathleen BAIRD (Con)'],['Kathleen BAIRD (Con)'],['Kathleen BAIRD (Con)'],['Kathleen BAIRD (Con)'],['Kathleen BAIRD (Con)'],['Kathleen BAIRD (Con)'],['Kathleen BAIRD (Con)'],['Kathleen BAIRD (Con)'],['Kathleen BAIRD (Con)'],['Kathleen BAIRD (Con)'],['Kathleen BAIRD (Con)'],['Kathleen BAIRD (Con)']
raw_data/scotland/processed_data/clackmannanshire22/Ward3ClackmannanshireCentral_ward3.csv,4,['Wendy HAMILTON (SNP)'],['Wendy HAMILTON (SNP)'],['Wendy HAMILTON (SNP)'],['Wendy HAMILTON (SNP)'],['Wendy HAMILTON (SNP)'],['Wendy HAMILTON (SNP)'],['Wendy HAMILTON (SNP)'],['Wendy HAMILTON (SNP)'],['Wendy HAMILTON (SNP)'],['Wendy HAMILTON (SNP)'],['Wendy HAMILTON (SNP)'],['Wendy HAMILTON (SNP)'],['Wendy HAMILTON (SNP)'],['Janine RENNIE (Lab)'],['Wendy HAMILTON (SNP)'],['Wendy HAMILTON (SNP)'],['Wendy HAMILTON (SNP)'],['Wendy HAMILTON (SNP)'],['Wendy HAMILTON (SNP)'],['Wendy HAMILTON (SNP)'],['Wendy HAMILTON (SNP)'],['Wendy HAMILTON (SNP)'],['Wendy HAMILTON (SNP)'],['Wendy HAMILTON (SNP)'],['Wendy HAMILTON (SNP)'],['Wendy HAMILTON (SNP)'],['Wendy HAMILTON (SNP)'],['Wendy HAMILTON (SNP)'],['Janine RENNIE (Lab)'],['Wendy HAMILTON (SNP)']
raw_data/scotland/processed_data/clackmannanshire22/Ward4ClackmannanshireSouth_ward4.csv,6,['Craig HOLDEN (SNP)'],['Craig HOLDEN (SNP)'],['Craig HOLDEN (SNP)'],['Craig HOLDEN (SNP)'],['Craig HOLDEN (SNP)'],['Craig HOLDEN (SNP)'],['Craig HOLDEN (SNP)'],['Craig HOLDEN (SNP)'],['Craig HOLDEN (SNP)'],['Craig HOLDEN (SNP)'],['Craig HOLDEN (SNP)'],['Craig HOLDEN (SNP)'],['Craig HOLDEN (SNP)'],['Craig HOLDEN (SNP)'],['Craig HOLDEN (SNP)'],['Craig HOLDEN (SNP)'],['Craig HOLDEN (SNP)'],['Craig HOLDEN (SNP)'],['Craig HOLDEN (SNP)'],['Craig HOLDEN (SNP)'],['Craig HOLDEN (SNP)'],['Craig HOLDEN (SNP)'],['Craig HOLDEN (SNP)'],['Craig HOLDEN (SNP)'],['Craig HOLDEN (SNP)'],['Craig HOLDEN (SNP)'],['Craig HOLDEN (SNP)'],['Craig HOLDEN (SNP)'],['Craig HOLDEN (SNP)'],['Craig HOLDEN (SNP)']
raw_data/scotland/processed_data/clackmannanshire22/Ward1ClackmannanshireWest_ward1.csv,5,['Phil FAIRLIE (SNP)'],['Phil FAIRLIE (SNP)'],['Phil FAIRLIE (SNP)'],['Phil FAIRLIE (SNP)'],['Phil FAIRLIE (SNP)'],['Phil FAIRLIE (SNP)'],['Phil FAIRLIE (SNP)'],['Phil FAIRLIE (SNP)'],['Phil FAIRLIE (SNP)'],['Phil FAIRLIE (SNP)'],['Phil FAIRLIE (SNP)'],['Phil FAIRLIE (SNP)'],['Phil FAIRLIE (SNP)'],['Mark MCLUCKIE (Lab)'],['Phil FAIRLIE (SNP)'],['Phil FAIRLIE (SNP)'],['Phil FAIRLIE (SNP)'],['Phil FAIRLIE (SNP)'],['Phil FAIRLIE (SNP)'],['Phil FAIRLIE (SNP)'],['Phil FAIRLIE (SNP)'],['Phil FAIRLIE (SNP)'],['Phil FAIRLIE (SNP)'],['Phil FAIRLIE (SNP)'],['Phil FAIRLIE (SNP)'],['Phil FAIRLIE (SNP)'],['Phil FAIRLIE (SNP)'],['Phil FAIRLIE (SNP)'],['Mark MCLUCKIE (Lab)'],['Phil FAIRLIE (SNP)']
raw_data/scotland/processed_data/clackmannanshire22/Ward5ClackmannanshireEast_ward5.csv,6,['Denis COYNE (Con)'],['Denis COYNE (Con)'],['Denis COYNE (Con)'],['Denis COYNE (Con)'],['Kathleen Mary MARTIN (Lab)'],['Kathleen Mary MARTIN (Lab)'],['Denis COYNE (Con)'],['Denis COYNE (Con)'],['Denis COYNE (Con)'],['Denis COYNE (Con)'],['Denis COYNE (Con)'],['Denis COYNE (Con)'],['Denis COYNE (Con)'],['Kathleen Mary MARTIN (Lab)'],['Denis COYNE (Con)'],['Denis COYNE (Con)'],['Denis COYNE (Con)'],['Denis COYNE (Con)'],['Denis COYNE (Con)'],['Scott HARRISON (SNP)'],['Denis COYNE (Con)'],['Denis COYNE (Con)'],['Denis COYNE (Con)'],['Denis COYNE (Con)'],['Denis COYNE (Con)'],['Denis COYNE (Con)'],['Denis COYNE (Con)'],['Denis COYNE (Con)'],['Kathleen Mary MARTIN (Lab)'],['Denis COYNE (Con)']
raw_data/scotland/processed_data/clackmannanshire22/Ward2ClackmannanshireNorth_ward2.csv,7,['Donald BALSILLIE (SNP)'],['Donald BALSILLIE (SNP)'],['Donald BALSILLIE (SNP)'],['Donald BALSILLIE (SNP)'],['Donald BALSILLIE (SNP)'],['Donald BALSILLIE (SNP)'],['Donald BALSILLIE (SNP)'],['Donald BALSILLIE (SNP)'],['Donald BALSILLIE (SNP)'],['Donald BALSILLIE (SNP)'],['Donald BALSILLIE (SNP)'],['Donald BALSILLIE (SNP)'],['Donald BALSILLIE (SNP)'],['Donald BALSILLIE (SNP)'],['Donald BALSILLIE (SNP)'],['Donald BALSILLIE (SNP)'],['Donald BALSILLIE (SNP)'],['Donald BALSILLIE (SNP)'],['Donald BALSILLIE (SNP)'],['Donald BALSILLIE (SNP)'],['Donald BALSILLIE (SNP)'],['Donald BALSILLIE (SNP)'],['Donald BALSILLIE (SNP)'],['Donald BALSILLIE (SNP)'],['Donald BALSILLIE (SNP)'],['Donald BALSILLIE (SNP)'],['Donald BALSILLIE (SNP)'],['Donald BALSILLIE (SNP)'],['Donald BALSILLIE (SNP)'],['Donald BALSILLIE (SNP)']
"raw_data/scotland/processed_data/renfs17-ballots/Ward10-Houston,CrossleeandLinwood_renfs17-10.csv",5,['Audrey DOIG (SNP)'],['Audrey DOIG (SNP)'],['Audrey DOIG (SNP)'],['Alison Jean DOWLING (Lab)'],['Alison Jean DOWLING (Lab)'],['Alison Jean DOWLING (Lab)'],['Alison Jean DOWLING (Lab)'],['Alison Jean DOWLING (Lab)'],['Alison Jean DOWLING (Lab)'],['Alison Jean DOWLING (Lab)'],['Alison Jean DOWLING (Lab)'],['Alison Jean DOWLING (Lab)'],['Alison Jean DOWLING (Lab)'],['Alison Jean DOWLING (Lab)'],['Alison Jean DOWLING (Lab)'],['Audrey DOIG (SNP)'],['Audrey DOIG (SNP)'],['Audrey DOIG (SNP)'],['Alison Jean DOWLING (Lab)'],['Alison Jean DOWLING (Lab)'],['Alison Jean DOWLING (Lab)'],['Alison Jean DOWLING (Lab)'],['Alison Jean DOWLING (Lab)'],['Alison Jean DOWLING (Lab)'],['Alison Jean DOWLING (Lab)'],['Alison Jean DOWLING (Lab)'],['Alison Jean DOWLING (Lab)'],['Alison Jean DOWLING (Lab)'],['Alison Jean DOWLING (Lab)'],['Alison Jean DOWLING (Lab)']
"raw_data/scotland/processed_data/renfs17-ballots/Ward9-JohnstoneNorth,Kilbarchan,HowwoodandLochwinnoch_renfs17-09.csv",8,['Emma RODDEN (SNP)'],['Derek BIBBY (Lab)'],['Derek BIBBY (Lab)'],['Derek BIBBY (Lab)'],['Derek BIBBY (Lab)'],['Derek BIBBY (Lab)'],['Derek BIBBY (Lab)'],['Derek BIBBY (Lab)'],['Derek BIBBY (Lab)'],['Derek BIBBY (Lab)'],['Derek BIBBY (Lab)'],['Derek BIBBY (Lab)'],['Derek BIBBY (Lab)'],['Derek BIBBY (Lab)'],['Derek BIBBY (Lab)'],['Emma RODDEN (SNP)'],['Derek BIBBY (Lab)'],['Derek BIBBY (Lab)'],['Derek BIBBY (Lab)'],['Derek BIBBY (Lab)'],['Derek BIBBY (Lab)'],['Derek BIBBY (Lab)'],['Derek BIBBY (Lab)'],['Derek BIBBY (Lab)'],['Derek BIBBY (Lab)'],['Derek BIBBY (Lab)'],['Derek BIBBY (Lab)'],['Derek BIBBY (Lab)'],['Derek BIBBY (Lab)'],['Derek BIBBY (Lab)']
raw_data/scotland/processed_data/renfs17-ballots/Ward8-JohnstoneSouthandElderslie_renfs17-08.csv,5,['Jacqueline CAMERON (SNP)'],['John HOOD (Lab)'],['John HOOD (Lab)'],['John HOOD (Lab)'],['John HOOD (Lab)'],['John HOOD (Lab)'],['John HOOD (Lab)'],['John HOOD (Lab)'],['John HOOD (Lab)'],['John HOOD (Lab)'],['John HOOD (Lab)'],['John HOOD (Lab)'],['John HOOD (Lab)'],['John HOOD (Lab)'],['John HOOD (Lab)'],['Jacqueline CAMERON (SNP)'],['John HOOD (Lab)'],['John HOOD (Lab)'],['John HOOD (Lab)'],['John HOOD (Lab)'],['John HOOD (Lab)'],['John HOOD (Lab)'],['John HOOD (Lab)'],['John HOOD (Lab)'],['John HOOD (Lab)'],['John HOOD (Lab)'],['John HOOD (Lab)'],['John HOOD (Lab)'],['John HOOD (Lab)'],['John HOOD (Lab)']
raw_data/scotland/processed_data/renfs17-ballots/Ward5-PaisleyEastandCentral_renfs17-05.csv,5,['John MCNAUGHTAN (SNP)'],['John MCNAUGHTAN (SNP)'],['John MCNAUGHTAN (SNP)'],['John MCNAUGHTAN (SNP)'],['John MCNAUGHTAN (SNP)'],['John MCNAUGHTAN (SNP)'],['John MCNAUGHTAN (SNP)'],['John MCNAUGHTAN (SNP)'],['John MCNAUGHTAN (SNP)'],['John MCNAUGHTAN (SNP)'],['John MCNAUGHTAN (SNP)'],['John MCNAUGHTAN (SNP)'],['John MCNAUGHTAN (SNP)'],['Carolann DAVIDSON (Lab)'],['John MCNAUGHTAN (SNP)'],['John MCNAUGHTAN (SNP)'],['John MCNAUGHTAN (SNP)'],['John MCNAUGHTAN (SNP)'],['John MCNAUGHTAN (SNP)'],['John MCNAUGHTAN (SNP)'],['John MCNAUGHTAN (SNP)'],['John MCNAUGHTAN (SNP)'],['John MCNAUGHTAN (SNP)'],['John MCNAUGHTAN (SNP)'],['John MCNAUGHTAN (SNP)'],['John MCNAUGHTAN (SNP)'],['John MCNAUGHTAN (SNP)'],['John MCNAUGHTAN (SNP)'],['John MCNAUGHTAN (SNP)'],['John MCNAUGHTAN (SNP)']
"raw_data/scotland/processed_data/renfs17-ballots/Ward11-Bishopton,BridgeofWeirandLangbank_renfs17-11.csv",5,['James MACLAREN (Con)'],['James MACLAREN (Con)'],['James MACLAREN (Con)'],['James MACLAREN (Con)'],['James MACLAREN (Con)'],['James MACLAREN (Con)'],['James MACLAREN (Con)'],['James MACLAREN (Con)'],['James MACLAREN (Con)'],['James MACLAREN (Con)'],['James MACLAREN (Con)'],['James MACLAREN (Con)'],['James MACLAREN (Con)'],['James MACLAREN (Con)'],['James MACLAREN (Con)'],['James MACLAREN (Con)'],['James MACLAREN (Con)'],['James MACLAREN (Con)'],['James MACLAREN (Con)'],['James MACLAREN (Con)'],['James MACLAREN (Con)'],['James MACLAREN (Con)'],['James MACLAREN (Con)'],['James MACLAREN (Con)'],['James MACLAREN (Con)'],['James MACLAREN (Con)'],['James MACLAREN (Con)'],['James MACLAREN (Con)'],['James MACLAREN (Con)'],['James MACLAREN (Con)']
raw_data/scotland/processed_data/renfs17-ballots/Ward12-ErskineandInchinnan_renfs17-12.csv,7,['Iain NICOLSON (SNP)'],['Iain NICOLSON (SNP)'],['Iain NICOLSON (SNP)'],['Iain NICOLSON (SNP)'],['Iain NICOLSON (SNP)'],['Iain NICOLSON (SNP)'],['Iain NICOLSON (SNP)'],['Iain NICOLSON (SNP)'],['Iain NICOLSON (SNP)'],['Iain NICOLSON (SNP)'],['Iain NICOLSON (SNP)'],['Iain NICOLSON (SNP)'],['Iain NICOLSON (SNP)'],['Jim HARTE (Lab)'],['Iain NICOLSON (SNP)'],['Iain NICOLSON (SNP)'],['Iain NICOLSON (SNP)'],['Iain NICOLSON (SNP)'],['Iain NICOLSON (SNP)'],['Iain NICOLSON (SNP)'],['Iain NICOLSON (SNP)'],['Iain NICOLSON (SNP)'],['Iain NICOLSON (SNP)'],['Iain NICOLSON (SNP)'],['Iain NICOLSON (SNP)'],['Iain NICOLSON (SNP)'],['Iain NICOLSON (SNP)'],['Iain NICOLSON (SNP)'],['Jim HARTE (Lab)'],['Iain NICOLSON (SNP)']
raw_data/scotland/processed_data/renfs17-ballots/Ward4-PaisleyNorthwest_renfs17-04.csv,8,['KENNY MACLAREN (SNP)'],['KENNY MACLAREN (SNP)'],['KENNY MACLAREN (SNP)'],['KENNY MACLAREN (SNP)'],['KENNY MACLAREN (SNP)'],['KENNY MACLAREN (SNP)'],['KENNY MACLAREN (SNP)'],['KENNY MACLAREN (SNP)'],['KENNY MACLAREN (SNP)'],['KENNY MACLAREN (SNP)'],['KENNY MACLAREN (SNP)'],['KENNY MACLAREN (SNP)'],['KENNY MACLAREN (SNP)'],['KENNY MACLAREN (SNP)'],['KENNY MACLAREN (SNP)'],['KENNY MACLAREN (SNP)'],['KENNY MACLAREN (SNP)'],['KENNY MACLAREN (SNP)'],['KENNY MACLAREN (SNP)'],['KENNY MACLAREN (SNP)'],['KENNY MACLAREN (SNP)'],['KENNY MACLAREN (SNP)'],['KENNY MACLAREN (SNP)'],['KENNY MACLAREN (SNP)'],['KENNY MACLAREN (SNP)'],['KENNY MACLAREN (SNP)'],['KENNY MACLAREN (SNP)'],['KENNY MACLAREN (SNP)'],['KENNY MACLAREN (SNP)'],['KENNY MACLAREN (SNP)']
raw_data/scotland/processed_data/renfs17-ballots/Ward2-RenfrewSouthandGallowhill_renfs17-02.csv,5,['Cathy MCEWAN (SNP)'],['Cathy MCEWAN (SNP)'],['Cathy MCEWAN (SNP)'],['Cathy MCEWAN (SNP)'],['Cathy MCEWAN (SNP)'],['Cathy MCEWAN (SNP)'],['Cathy MCEWAN (SNP)'],['Cathy MCEWAN (SNP)'],['Cathy MCEWAN (SNP)'],['Cathy MCEWAN (SNP)'],['Cathy MCEWAN (SNP)'],['Cathy MCEWAN (SNP)'],['Cathy MCEWAN (SNP)'],['Cathy MCEWAN (SNP)'],['Cathy MCEWAN (SNP)'],['Cathy MCEWAN (SNP)'],['Cathy MCEWAN (SNP)'],['Cathy MCEWAN (SNP)'],['Cathy MCEWAN (SNP)'],['Cathy MCEWAN (SNP)'],['Cathy MCEWAN (SNP)'],['Cathy MCEWAN (SNP)'],['Cathy MCEWAN (SNP)'],['Cathy MCEWAN (SNP)'],['Cathy MCEWAN (SNP)'],['Cathy MCEWAN (SNP)'],['Cathy MCEWAN (SNP)'],['Cathy MCEWAN (SNP)'],['Cathy MCEWAN (SNP)'],['Cathy MCEWAN (SNP)']
raw_data/scotland/processed_data/renfs17-ballots/Ward1-RenfrewNorthandBraehead_renfs17-01.csv,6,['John SHAW (SNP)'],['Bill BROWN (Lab)'],['Bill BROWN (Lab)'],['Bill BROWN (Lab)'],['Bill BROWN (Lab)'],['Bill BROWN (Lab)'],['John SHAW (SNP)'],['Bill BROWN (Lab)'],['Bill BROWN (Lab)'],['Bill BROWN (Lab)'],['Bill BROWN (Lab)'],['Bill BROWN (Lab)'],['Bill BROWN (Lab)'],['Bill BROWN (Lab)'],['Bill BROWN (Lab)'],['John SHAW (SNP)'],['Bill BROWN (Lab)'],['Bill BROWN (Lab)'],['Bill BROWN (Lab)'],['John SHAW (SNP)'],['Bill BROWN (Lab)'],['Bill BROWN (Lab)'],['Bill BROWN (Lab)'],['Bill BROWN (Lab)'],['Bill BROWN (Lab)'],['Bill BROWN (Lab)'],['Bill BROWN (Lab)'],['Bill BROWN (Lab)'],['Bill BROWN (Lab)'],['Bill BROWN (Lab)']
raw_data/scotland/processed_data/renfs17-ballots/Ward3-PaisleyNortheastandRalston_renfs17-03.csv,7,['Jennifer Marion ADAM-MCGREGOR (SNP)'],['Jennifer Marion ADAM-MCGREGOR (SNP)'],['Jennifer Marion ADAM-MCGREGOR (SNP)'],['Jennifer Marion ADAM-MCGREGOR (SNP)'],['Jennifer Marion ADAM-MCGREGOR (SNP)'],['Jennifer Marion ADAM-MCGREGOR (SNP)'],['Jennifer Marion ADAM-MCGREGOR (SNP)'],['Jennifer Marion ADAM-MCGREGOR (SNP)'],['Jennifer Marion ADAM-MCGREGOR (SNP)'],['Jennifer Marion ADAM-MCGREGOR (SNP)'],['Jennifer Marion ADAM-MCGREGOR (SNP)'],['Jennifer Marion ADAM-MCGREGOR (SNP)'],['Jennifer Marion ADAM-MCGREGOR (SNP)'],['JIM SHARKEY (Lab)'],['Jennifer Marion ADAM-MCGREGOR (SNP)'],['Jennifer Marion ADAM-MCGREGOR (SNP)'],['Jennifer Marion ADAM-MCGREGOR (SNP)'],['Jennifer Marion ADAM-MCGREGOR (SNP)'],['Jennifer Marion ADAM-MCGREGOR (SNP)'],['JIM SHARKEY (Lab)'],['Jennifer Marion ADAM-MCGREGOR (SNP)'],['Jennifer Marion ADAM-MCGREGOR (SNP)'],['Jennifer Marion ADAM-MCGREGOR (SNP)'],['Jennifer Marion ADAM-MCGREGOR (SNP)'],['Jennifer Marion ADAM-MCGREGOR (SNP)'],['Jennifer Marion ADAM-MCGREGOR (SNP)'],['Jennifer Marion ADAM-MCGREGOR (SNP)'],['Jennifer Marion ADAM-MCGREGOR (SNP)'],['JIM SHARKEY (Lab)'],['Jennifer Marion ADAM-MCGREGOR (SNP)']
raw_data/scotland/processed_data/renfs17-ballots/Ward7-PaisleySouthwest_renfs17-07.csv,5,['Lorraine CAMERON (SNP)'],['Lorraine CAMERON (SNP)'],['Lorraine CAMERON (SNP)'],['Lorraine CAMERON (SNP)'],['Kevin MONTGOMERY (Lab)'],['Kevin MONTGOMERY (Lab)'],['Lorraine CAMERON (SNP)'],['Lorraine CAMERON (SNP)'],['Lorraine CAMERON (SNP)'],['Lorraine CAMERON (SNP)'],['Lorraine CAMERON (SNP)'],['Lorraine CAMERON (SNP)'],['Lorraine CAMERON (SNP)'],['Kevin MONTGOMERY (Lab)'],['Lorraine CAMERON (SNP)'],['Lorraine CAMERON (SNP)'],['Lorraine CAMERON (SNP)'],['Lorraine CAMERON (SNP)'],['Lorraine CAMERON (SNP)'],['Kevin MONTGOMERY (Lab)'],['Kevin MONTGOMERY (Lab)'],['Kevin MONTGOMERY (Lab)'],['Lorraine CAMERON (SNP)'],['Lorraine CAMERON (SNP)'],['Lorraine CAMERON (SNP)'],['Lorraine CAMERON (SNP)'],['Lorraine CAMERON (SNP)'],['Lorraine CAMERON (SNP)'],['Kevin MONTGOMERY (Lab)'],['Lorraine CAMERON (SNP)']
raw_data/scotland/processed_data/renfs17-ballots/Ward6-PaisleySoutheast_renfs17-06.csv,7,['Marie MCGURK (SNP)'],['Marie MCGURK (SNP)'],['Marie MCGURK (SNP)'],['Marie MCGURK (SNP)'],['Marie MCGURK (SNP)'],['Marie MCGURK (SNP)'],['Marie MCGURK (SNP)'],['Marie MCGURK (SNP)'],['Marie MCGURK (SNP)'],['Marie MCGURK (SNP)'],['Marie MCGURK (SNP)'],['Marie MCGURK (SNP)'],['Marie MCGURK (SNP)'],['Marie MCGURK (SNP)'],['Marie MCGURK (SNP)'],['Marie MCGURK (SNP)'],['Marie MCGURK (SNP)'],['Marie MCGURK (SNP)'],['Marie MCGURK (SNP)'],['Marie MCGURK (SNP)'],['Marie MCGURK (SNP)'],['Marie MCGURK (SNP)'],['Marie MCGURK (SNP)'],['Marie MCGURK (SNP)'],['Marie MCGURK (SNP)'],['Marie MCGURK (SNP)'],['Marie MCGURK (SNP)'],['Marie MCGURK (SNP)'],['Marie MCGURK (SNP)'],['Marie MCGURK (SNP)']
raw_data/scotland/processed_data/argyll-bute12-ballots/ISLEOFBUTEWARD_argyll-bute12-08.csv,5,['Robert MACINTYRE (SNP)'],['Len SCOULLAR (Ind)'],['Len SCOULLAR (Ind)'],['Len SCOULLAR (Ind)'],['Len SCOULLAR (Ind)'],['Len SCOULLAR (Ind)'],['Len SCOULLAR (Ind)'],['Len SCOULLAR (Ind)'],['Len SCOULLAR (Ind)'],['Len SCOULLAR (Ind)'],['Len SCOULLAR (Ind)'],['Len SCOULLAR (Ind)'],['Len SCOULLAR (Ind)'],['Len SCOULLAR (Ind)'],['Len SCOULLAR (Ind)'],['Robert MACINTYRE (SNP)'],['Len SCOULLAR (Ind)'],['Len SCOULLAR (Ind)'],['Len SCOULLAR (Ind)'],['Len SCOULLAR (Ind)'],['Len SCOULLAR (Ind)'],['Len SCOULLAR (Ind)'],['Len SCOULLAR (Ind)'],['Len SCOULLAR (Ind)'],['Len SCOULLAR (Ind)'],['Len SCOULLAR (Ind)'],['Len SCOULLAR (Ind)'],['Len SCOULLAR (Ind)'],['Len SCOULLAR (Ind)'],['Len SCOULLAR (Ind)']
raw_data/scotland/processed_data/argyll-bute12-ballots/OBANNORTHANDLORNWARD_argyll-bute12-05.csv,9,['Louise Anne GLEN-LEE (SNP)'],['Elaine ROBERTSON (Ind)'],['Elaine ROBERTSON (Ind)'],['Elaine ROBERTSON (Ind)'],['Elaine ROBERTSON (Ind)'],['Elaine ROBERTSON (Ind)'],['Elaine ROBERTSON (Ind)'],['Elaine ROBERTSON (Ind)'],['Elaine ROBERTSON (Ind)'],['Elaine ROBERTSON (Ind)'],['Elaine ROBERTSON (Ind)'],['Elaine ROBERTSON (Ind)'],['Elaine ROBERTSON (Ind)'],['Elaine ROBERTSON (Ind)'],['Elaine ROBERTSON (Ind)'],['Elaine ROBERTSON (Ind)'],['Elaine ROBERTSON (Ind)'],['Elaine ROBERTSON (Ind)'],['Elaine ROBERTSON (Ind)'],['Elaine ROBERTSON (Ind)'],['Elaine ROBERTSON (Ind)'],['Elaine ROBERTSON (Ind)'],['Elaine ROBERTSON (Ind)'],['Elaine ROBERTSON (Ind)'],['Elaine ROBERTSON (Ind)'],['Elaine ROBERTSON (Ind)'],['Elaine ROBERTSON (Ind)'],['Elaine ROBERTSON (Ind)'],['Elaine ROBERTSON (Ind)'],['Elaine ROBERTSON (Ind)']
raw_data/scotland/processed_data/argyll-bute12-ballots/KINTYREANDTHEISLANDSWARD_argyll-bute12-02.csv,7,['Anne HORN (SNP)'],['Anne HORN (SNP)'],['Anne HORN (SNP)'],['Anne HORN (SNP)'],['Anne HORN (SNP)'],['Anne HORN (SNP)'],['Anne HORN (SNP)'],['Anne HORN (SNP)'],['Anne HORN (SNP)'],['Anne HORN (SNP)'],['Anne HORN (SNP)'],['Anne HORN (SNP)'],['Anne HORN (SNP)'],['Anne HORN (SNP)'],['Anne HORN (SNP)'],['Anne HORN (SNP)'],['Anne HORN (SNP)'],['Anne HORN (SNP)'],['Anne HORN (SNP)'],['Anne HORN (SNP)'],['Anne HORN (SNP)'],['Anne HORN (SNP)'],['Anne HORN (SNP)'],['Anne HORN (SNP)'],['Anne HORN (SNP)'],['Anne HORN (SNP)'],['Anne HORN (SNP)'],['Anne HORN (SNP)'],['Anne HORN (SNP)'],['Anne HORN (SNP)']
raw_data/scotland/processed_data/argyll-bute12-ballots/MIDARGYLLWARD_argyll-bute12-03.csv,6,['Douglas Trevor PHILAND (Ind)'],['Douglas Trevor PHILAND (Ind)'],['Douglas Trevor PHILAND (Ind)'],['Douglas Trevor PHILAND (Ind)'],['Douglas Trevor PHILAND (Ind)'],['Douglas Trevor PHILAND (Ind)'],['Douglas Trevor PHILAND (Ind)'],['Douglas Trevor PHILAND (Ind)'],['Douglas Trevor PHILAND (Ind)'],['Douglas Trevor PHILAND (Ind)'],['Douglas Trevor PHILAND (Ind)'],['Douglas Trevor PHILAND (Ind)'],['Douglas Trevor PHILAND (Ind)'],['Douglas Trevor PHILAND (Ind)'],['Douglas Trevor PHILAND (Ind)'],['Douglas Trevor PHILAND (Ind)'],['Douglas Trevor PHILAND (Ind)'],['Douglas Trevor PHILAND (Ind)'],['Douglas Trevor PHILAND (Ind)'],['Douglas Trevor PHILAND (Ind)'],['Douglas Trevor PHILAND (Ind)'],['Douglas Trevor PHILAND (Ind)'],['Douglas Trevor PHILAND (Ind)'],['Douglas Trevor PHILAND (Ind)'],['Douglas Trevor PHILAND (Ind)'],['Douglas Trevor PHILAND (Ind)'],['Douglas Trevor PHILAND (Ind)'],['Douglas Trevor PHILAND (Ind)'],['Douglas Trevor PHILAND (Ind)'],['Douglas Trevor PHILAND (Ind)']
raw_data/scotland/processed_data/argyll-bute12-ballots/COWALWARD_argyll-bute12-06.csv,8,['William Gordon BLAIR (SNP)'],['Alex MCNAUGHTON (Ind)'],['Alex MCNAUGHTON (Ind)'],['Alex MCNAUGHTON (Ind)'],['Alex MCNAUGHTON (Ind)'],['Alex MCNAUGHTON (Ind)'],['William Gordon BLAIR (SNP)'],['Alex MCNAUGHTON (Ind)'],['Alex MCNAUGHTON (Ind)'],['Alex MCNAUGHTON (Ind)'],['Alex MCNAUGHTON (Ind)'],['Alex MCNAUGHTON (Ind)'],['Alex MCNAUGHTON (Ind)'],['Alex MCNAUGHTON (Ind)'],['Alex MCNAUGHTON (Ind)'],['William Gordon BLAIR (SNP)'],['Alex MCNAUGHTON (Ind)'],['Alex MCNAUGHTON (Ind)'],['William Gordon BLAIR (SNP)'],['Alex MCNAUGHTON (Ind)'],['Alex MCNAUGHTON (Ind)'],['Alex MCNAUGHTON (Ind)'],['Alex MCNAUGHTON (Ind)'],['Alex MCNAUGHTON (Ind)'],['Alex MCNAUGHTON (Ind)'],['Alex MCNAUGHTON (Ind)'],['Alex MCNAUGHTON (Ind)'],['Alex MCNAUGHTON (Ind)'],['Alex MCNAUGHTON (Ind)'],['Alex MCNAUGHTON (Ind)']
raw_data/scotland/processed_data/argyll-bute12-ballots/HELENSBURGHANDLOMONDSOUTHWARD_argyll-bute12-11.csv,3,['Ellen MORTON (LD)'],['Ellen MORTON (LD)'],['Ellen MORTON (LD)'],['Ellen MORTON (LD)'],['Ellen MORTON (LD)'],['Ellen MORTON (LD)'],['Ellen MORTON (LD)'],['Ellen MORTON (LD)'],['Ellen MORTON (LD)'],['Ellen MORTON (LD)'],['Ellen MORTON (LD)'],['Ellen MORTON (LD)'],['Ellen MORTON (LD)'],['Ellen MORTON (LD)'],['Ellen MORTON (LD)'],['Ellen MORTON (LD)'],['Ellen MORTON (LD)'],['Ellen MORTON (LD)'],['Ellen MORTON (LD)'],['Ellen MORTON (LD)'],['Ellen MORTON (LD)'],['Ellen MORTON (LD)'],['Ellen MORTON (LD)'],['Ellen MORTON (LD)'],['Ellen MORTON (LD)'],['Ellen MORTON (LD)'],['Ellen MORTON (LD)'],['Ellen MORTON (LD)'],['Ellen MORTON (LD)'],['Ellen MORTON (LD)']
raw_data/scotland/processed_data/argyll-bute12-ballots/SOUTHKINTYREWARD_argyll-bute12-01.csv,6,['Donald KELLY (Con)'],['Donald KELLY (Con)'],['Donald KELLY (Con)'],['Donald KELLY (Con)'],['Donald KELLY (Con)'],['Donald KELLY (Con)'],['Donald KELLY (Con)'],['Donald KELLY (Con)'],['Donald KELLY (Con)'],['Donald KELLY (Con)'],['Donald KELLY (Con)'],['Donald KELLY (Con)'],['Donald KELLY (Con)'],['Donald KELLY (Con)'],['Donald KELLY (Con)'],['Donald KELLY (Con)'],['Donald KELLY (Con)'],['Donald KELLY (Con)'],['Donald KELLY (Con)'],['Donald KELLY (Con)'],['Donald KELLY (Con)'],['Donald KELLY (Con)'],['Donald KELLY (Con)'],['Donald KELLY (Con)'],['Donald KELLY (Con)'],['Donald KELLY (Con)'],['Donald KELLY (Con)'],['Donald KELLY (Con)'],['Donald KELLY (Con)'],['Donald KELLY (Con)']
raw_data/scotland/processed_data/argyll-bute12-ballots/DUNOONWARD_argyll-bute12-07.csv,6,['Dick WALSH (Ind)'],['Dick WALSH (Ind)'],['Dick WALSH (Ind)'],['Dick WALSH (Ind)'],['Dick WALSH (Ind)'],['Dick WALSH (Ind)'],['Dick WALSH (Ind)'],['Dick WALSH (Ind)'],['Dick WALSH (Ind)'],['Dick WALSH (Ind)'],['Dick WALSH (Ind)'],['Dick WALSH (Ind)'],['Dick WALSH (Ind)'],['Dick WALSH (Ind)'],['Dick WALSH (Ind)'],['Dick WALSH (Ind)'],['Dick WALSH (Ind)'],['Dick WALSH (Ind)'],['Dick WALSH (Ind)'],['Dick WALSH (Ind)'],['Dick WALSH (Ind)'],['Dick WALSH (Ind)'],['Dick WALSH (Ind)'],['Dick WALSH (Ind)'],['Dick WALSH (Ind)'],['Dick WALSH (Ind)'],['Dick WALSH (Ind)'],['Dick WALSH (Ind)'],['Dick WALSH (Ind)'],['Dick WALSH (Ind)']
raw_data/scotland/processed_data/argyll-bute12-ballots/LOMONDNORTHWARD_argyll-bute12-09.csv,7,['George FREEMAN (Ind)'],['George FREEMAN (Ind)'],['George FREEMAN (Ind)'],['George FREEMAN (Ind)'],['George FREEMAN (Ind)'],['George FREEMAN (Ind)'],['George FREEMAN (Ind)'],['George FREEMAN (Ind)'],['George FREEMAN (Ind)'],['George FREEMAN (Ind)'],['George FREEMAN (Ind)'],['George FREEMAN (Ind)'],['George FREEMAN (Ind)'],['George FREEMAN (Ind)'],['George FREEMAN (Ind)'],['George FREEMAN (Ind)'],['George FREEMAN (Ind)'],['George FREEMAN (Ind)'],['George FREEMAN (Ind)'],['George FREEMAN (Ind)'],['George FREEMAN (Ind)'],['George FREEMAN (Ind)'],['George FREEMAN (Ind)'],['George FREEMAN (Ind)'],['George FREEMAN (Ind)'],['George FREEMAN (Ind)'],['George FREEMAN (Ind)'],['George FREEMAN (Ind)'],['George FREEMAN (Ind)'],['George FREEMAN (Ind)']
raw_data/scotland/processed_data/argyll-bute12-ballots/OBANSOUTHANDTHEISLESWARD_argyll-bute12-04.csv,7,['Mary-Jean DEVON (SNP)'],['Mary-Jean DEVON (SNP)'],['Mary-Jean DEVON (SNP)'],['Mary-Jean DEVON (SNP)'],['Mary-Jean DEVON (SNP)'],['Mary-Jean DEVON (SNP)'],['Mary-Jean DEVON (SNP)'],['Mary-Jean DEVON (SNP)'],['Mary-Jean DEVON (SNP)'],['Mary-Jean DEVON (SNP)'],['Mary-Jean DEVON (SNP)'],['Mary-Jean DEVON (SNP)'],['Mary-Jean DEVON (SNP)'],['Mary-Jean DEVON (SNP)'],['Mary-Jean DEVON (SNP)'],['Mary-Jean DEVON (SNP)'],['Mary-Jean DEVON (SNP)'],['Mary-Jean DEVON (SNP)'],['Mary-Jean DEVON (SNP)'],['Mary-Jean DEVON (SNP)'],['Mary-Jean DEVON (SNP)'],['Mary-Jean DEVON (SNP)'],['Mary-Jean DEVON (SNP)'],['Mary-Jean DEVON (SNP)'],['Mary-Jean DEVON (SNP)'],['Mary-Jean DEVON (SNP)'],['Mary-Jean DEVON (SNP)'],['Mary-Jean DEVON (SNP)'],['Mary-Jean DEVON (SNP)'],['Mary-Jean DEVON (SNP)']
raw_data/scotland/processed_data/argyll-bute12-ballots/HELENSBURGHCENTRALWARD_argyll-bute12-10.csv,6,['Vivien DANCE (Ind)'],['Vivien DANCE (Ind)'],['Vivien DANCE (Ind)'],['Aileen MORTON (LD)'],"['Aileen MORTON (LD)', 'Vivien DANCE (Ind)']",['Aileen MORTON (LD)'],['Vivien DANCE (Ind)'],['Vivien DANCE (Ind)'],['Vivien DANCE (Ind)'],['Vivien DANCE (Ind)'],['Vivien DANCE (Ind)'],['Vivien DANCE (Ind)'],['Vivien DANCE (Ind)'],['Aileen MORTON (LD)'],['Vivien DANCE (Ind)'],['Vivien DANCE (Ind)'],['Vivien DANCE (Ind)'],['Vivien DANCE (Ind)'],['Vivien DANCE (Ind)'],['Aileen MORTON (LD)'],['Aileen MORTON (LD)'],['Aileen MORTON (LD)'],['Vivien DANCE (Ind)'],['Vivien DANCE (Ind)'],['Vivien DANCE (Ind)'],['Vivien DANCE (Ind)'],['Vivien DANCE (Ind)'],['Vivien DANCE (Ind)'],['Aileen MORTON (LD)'],['Vivien DANCE (Ind)']
raw_data/scotland/processed_data/eilean-siar17-ballots/SgireanRubha_eilean-siar17-05.csv,6,['Norrie Tomsh MACDONALD (Ind)'],['Alasdair MACLEOD (Ind)'],['Alasdair MACLEOD (Ind)'],['Alasdair MACLEOD (Ind)'],['Alasdair MACLEOD (Ind)'],['Alasdair MACLEOD (Ind)'],['Alasdair MACLEOD (Ind)'],['Alasdair MACLEOD (Ind)'],['Alasdair MACLEOD (Ind)'],['Alasdair MACLEOD (Ind)'],['Alasdair MACLEOD (Ind)'],['Alasdair MACLEOD (Ind)'],['Alasdair MACLEOD (Ind)'],['Alasdair MACLEOD (Ind)'],['Alasdair MACLEOD (Ind)'],['Norrie Tomsh MACDONALD (Ind)'],['Alasdair MACLEOD (Ind)'],['Alasdair MACLEOD (Ind)'],['Alasdair MACLEOD (Ind)'],['Alasdair MACLEOD (Ind)'],['Alasdair MACLEOD (Ind)'],['Alasdair MACLEOD (Ind)'],['Alasdair MACLEOD (Ind)'],['Alasdair MACLEOD (Ind)'],['Alasdair MACLEOD (Ind)'],['Alasdair MACLEOD (Ind)'],['Alasdair MACLEOD (Ind)'],['Alasdair MACLEOD (Ind)'],['Alasdair MACLEOD (Ind)'],['Alasdair MACLEOD (Ind)']
raw_data/scotland/processed_data/eilean-siar17-ballots/Sgir'UigeagusCeannaTuathnanLoch_eilean-siar17-04.csv,4,['Angus MORRISON (Ind)'],['Angus MORRISON (Ind)'],['Angus MORRISON (Ind)'],['Angus MORRISON (Ind)'],['Angus MORRISON (Ind)'],['Angus MORRISON (Ind)'],['Angus MORRISON (Ind)'],['Angus MORRISON (Ind)'],['Angus MORRISON (Ind)'],['Angus MORRISON (Ind)'],['Angus MORRISON (Ind)'],['Angus MORRISON (Ind)'],['Angus MORRISON (Ind)'],['Angus MORRISON (Ind)'],['Angus MORRISON (Ind)'],['Angus MORRISON (Ind)'],['Angus MORRISON (Ind)'],['Angus MORRISON (Ind)'],['Angus MORRISON (Ind)'],['Angus MORRISON (Ind)'],['Angus MORRISON (Ind)'],['Angus MORRISON (Ind)'],['Angus MORRISON (Ind)'],['Angus MORRISON (Ind)'],['Angus MORRISON (Ind)'],['Angus MORRISON (Ind)'],['Angus MORRISON (Ind)'],['Angus MORRISON (Ind)'],['Angus MORRISON (Ind)'],['Angus MORRISON (Ind)']
raw_data/scotland/processed_data/eilean-siar17-ballots/SteornabhaghaDeas_eilean-siar17-06.csv,8,['Charlie NICOLSON (Ind)'],['Charlie NICOLSON (Ind)'],['Charlie NICOLSON (Ind)'],['Charlie NICOLSON (Ind)'],['Charlie NICOLSON (Ind)'],['Charlie NICOLSON (Ind)'],['Charlie NICOLSON (Ind)'],['Charlie NICOLSON (Ind)'],['Charlie NICOLSON (Ind)'],['Charlie NICOLSON (Ind)'],['Charlie NICOLSON (Ind)'],['Charlie NICOLSON (Ind)'],['Charlie NICOLSON (Ind)'],['Charlie NICOLSON (Ind)'],['Charlie NICOLSON (Ind)'],['Charlie NICOLSON (Ind)'],['Charlie NICOLSON (Ind)'],['Charlie NICOLSON (Ind)'],['Charlie NICOLSON (Ind)'],['Charlie NICOLSON (Ind)'],['Charlie NICOLSON (Ind)'],['Charlie NICOLSON (Ind)'],['Charlie NICOLSON (Ind)'],['Charlie NICOLSON (Ind)'],['Charlie NICOLSON (Ind)'],['Charlie NICOLSON (Ind)'],['Charlie NICOLSON (Ind)'],['Charlie NICOLSON (Ind)'],['Charlie NICOLSON (Ind)'],['Charlie NICOLSON (Ind)']
raw_data/scotland/processed_data/eilean-siar17-ballots/AnTaobhSiaragusNis_eilean-siar17-09.csv,6,['John Norman MACLEOD (Ind)'],['John Norman MACLEOD (Ind)'],['John Norman MACLEOD (Ind)'],['John Norman MACLEOD (Ind)'],['John Norman MACLEOD (Ind)'],['John Norman MACLEOD (Ind)'],['John Norman MACLEOD (Ind)'],['John Norman MACLEOD (Ind)'],['John Norman MACLEOD (Ind)'],['John Norman MACLEOD (Ind)'],['John Norman MACLEOD (Ind)'],['John Norman MACLEOD (Ind)'],['John Norman MACLEOD (Ind)'],['John Norman MACLEOD (Ind)'],['John Norman MACLEOD (Ind)'],['John Norman MACLEOD (Ind)'],['John Norman MACLEOD (Ind)'],['John Norman MACLEOD (Ind)'],['John Norman MACLEOD (Ind)'],['John Norman MACLEOD (Ind)'],['John Norman MACLEOD (Ind)'],['John Norman MACLEOD (Ind)'],['John Norman MACLEOD (Ind)'],['John Norman MACLEOD (Ind)'],['John Norman MACLEOD (Ind)'],['John Norman MACLEOD (Ind)'],['John Norman MACLEOD (Ind)'],['John Norman MACLEOD (Ind)'],['John Norman MACLEOD (Ind)'],['John Norman MACLEOD (Ind)']
"raw_data/scotland/processed_data/eilean-siar17-ballots/Barraigh,Bhatarsaigh,EirisgeighagusUibhistaDeas_eilean-siar17-01.csv",7,['Donald MANFORD (SNP)'],['Donald MANFORD (SNP)'],['Donald MANFORD (SNP)'],['Donald MANFORD (SNP)'],['Donald MANFORD (SNP)'],['Donald MANFORD (SNP)'],['Donald MANFORD (SNP)'],['Donald MANFORD (SNP)'],['Donald MANFORD (SNP)'],['Donald MANFORD (SNP)'],['Donald MANFORD (SNP)'],['Donald MANFORD (SNP)'],['Donald MANFORD (SNP)'],['Donald MANFORD (SNP)'],['Donald MANFORD (SNP)'],['Donald MANFORD (SNP)'],['Donald MANFORD (SNP)'],['Donald MANFORD (SNP)'],['Donald MANFORD (SNP)'],['Donald MANFORD (SNP)'],['Donald MANFORD (SNP)'],['Donald MANFORD (SNP)'],['Donald MANFORD (SNP)'],['Donald MANFORD (SNP)'],['Donald MANFORD (SNP)'],['Donald MANFORD (SNP)'],['Donald MANFORD (SNP)'],['Donald MANFORD (SNP)'],['Donald MANFORD (SNP)'],['Donald MANFORD (SNP)']
raw_data/scotland/processed_data/eilean-siar17-ballots/LochaTuath_eilean-siar17-08.csv,6,['Donald Finlayson CRICHTON (Ind)'],['Donald Finlayson CRICHTON (Ind)'],['Donald Finlayson CRICHTON (Ind)'],['Donald Finlayson CRICHTON (Ind)'],['Donald Finlayson CRICHTON (Ind)'],['Donald Finlayson CRICHTON (Ind)'],['Donald Finlayson CRICHTON (Ind)'],['Donald Finlayson CRICHTON (Ind)'],['Donald Finlayson CRICHTON (Ind)'],['Donald Finlayson CRICHTON (Ind)'],['Donald Finlayson CRICHTON (Ind)'],['Donald Finlayson CRICHTON (Ind)'],['Donald Finlayson CRICHTON (Ind)'],['Donald Finlayson CRICHTON (Ind)'],['Donald Finlayson CRICHTON (Ind)'],['Donald Finlayson CRICHTON (Ind)'],['Donald Finlayson CRICHTON (Ind)'],['Donald Finlayson CRICHTON (Ind)'],['Donald Finlayson CRICHTON (Ind)'],['Donald Finlayson CRICHTON (Ind)'],['Donald Finlayson CRICHTON (Ind)'],['Donald Finlayson CRICHTON (Ind)'],['Donald Finlayson CRICHTON (Ind)'],['Donald Finlayson CRICHTON (Ind)'],['Donald Finlayson CRICHTON (Ind)'],['Donald Finlayson CRICHTON (Ind)'],['Donald Finlayson CRICHTON (Ind)'],['Donald Finlayson CRICHTON (Ind)'],['Donald Finlayson CRICHTON (Ind)'],['Donald Finlayson CRICHTON (Ind)']
raw_data/scotland/processed_data/eilean-siar17-ballots/NaHearadhagusCeannaDeasnanLoch_eilean-siar17-03.csv,8,['Finlay CUNNINGHAM (Ind)'],['Finlay CUNNINGHAM (Ind)'],['Finlay CUNNINGHAM (Ind)'],['Finlay CUNNINGHAM (Ind)'],['Finlay CUNNINGHAM (Ind)'],['Finlay CUNNINGHAM (Ind)'],['Finlay CUNNINGHAM (Ind)'],['Finlay CUNNINGHAM (Ind)'],['Finlay CUNNINGHAM (Ind)'],['Finlay CUNNINGHAM (Ind)'],['Finlay CUNNINGHAM (Ind)'],['Finlay CUNNINGHAM (Ind)'],['Finlay CUNNINGHAM (Ind)'],['Finlay CUNNINGHAM (Ind)'],['Finlay CUNNINGHAM (Ind)'],['Finlay CUNNINGHAM (Ind)'],['Finlay CUNNINGHAM (Ind)'],['Finlay CUNNINGHAM (Ind)'],['Finlay CUNNINGHAM (Ind)'],['Finlay CUNNINGHAM (Ind)'],['Finlay CUNNINGHAM (Ind)'],['Finlay CUNNINGHAM (Ind)'],['Finlay CUNNINGHAM (Ind)'],['Finlay CUNNINGHAM (Ind)'],['Finlay CUNNINGHAM (Ind)'],['Finlay CUNNINGHAM (Ind)'],['Finlay CUNNINGHAM (Ind)'],['Finlay CUNNINGHAM (Ind)'],['Finlay CUNNINGHAM (Ind)'],['Finlay CUNNINGHAM (Ind)']
raw_data/scotland/processed_data/eilean-siar17-ballots/SteòrnabhaghaTuath_eilean-siar17-07.csv,5,['Gordon MURRAY (SNP)'],['Roddie MACKAY (Ind)'],['Roddie MACKAY (Ind)'],['Gordon MURRAY (SNP)'],['Roddie MACKAY (Ind)'],['Gordon MURRAY (SNP)'],['Gordon MURRAY (SNP)'],['Roddie MACKAY (Ind)'],['Roddie MACKAY (Ind)'],['Roddie MACKAY (Ind)'],['Roddie MACKAY (Ind)'],['Roddie MACKAY (Ind)'],['Roddie MACKAY (Ind)'],['Gordon MURRAY (SNP)'],['Roddie MACKAY (Ind)'],['Gordon MURRAY (SNP)'],['Roddie MACKAY (Ind)'],['Roddie MACKAY (Ind)'],['Gordon MURRAY (SNP)'],['Roddie MACKAY (Ind)'],['Roddie MACKAY (Ind)'],['Roddie MACKAY (Ind)'],['Roddie MACKAY (Ind)'],['Roddie MACKAY (Ind)'],['Roddie MACKAY (Ind)'],['Roddie MACKAY (Ind)'],['Roddie MACKAY (Ind)'],['Roddie MACKAY (Ind)'],['Gordon MURRAY (SNP)'],['Roddie MACKAY (Ind)']
raw_data/scotland/processed_data/eilean-siar17-ballots/BeinnnaFoghlaagusUibhistaTuath_eilean-siar17-02.csv,8,['Uisdean ROBERTSON (Ind)'],['Uisdean ROBERTSON (Ind)'],['Uisdean ROBERTSON (Ind)'],['Uisdean ROBERTSON (Ind)'],['Uisdean ROBERTSON (Ind)'],['Uisdean ROBERTSON (Ind)'],['Uisdean ROBERTSON (Ind)'],['Uisdean ROBERTSON (Ind)'],['Uisdean ROBERTSON (Ind)'],['Uisdean ROBERTSON (Ind)'],['Uisdean ROBERTSON (Ind)'],['Uisdean ROBERTSON (Ind)'],['Uisdean ROBERTSON (Ind)'],['Uisdean ROBERTSON (Ind)'],['Uisdean ROBERTSON (Ind)'],['Uisdean ROBERTSON (Ind)'],['Uisdean ROBERTSON (Ind)'],['Uisdean ROBERTSON (Ind)'],['Uisdean ROBERTSON (Ind)'],['Uisdean ROBERTSON (Ind)'],['Uisdean ROBERTSON (Ind)'],['Uisdean ROBERTSON (Ind)'],['Uisdean ROBERTSON (Ind)'],['Uisdean ROBERTSON (Ind)'],['Uisdean ROBERTSON (Ind)'],['Uisdean ROBERTSON (Ind)'],['Uisdean ROBERTSON (Ind)'],['Uisdean ROBERTSON (Ind)'],['Uisdean ROBERTSON (Ind)'],['Uisdean ROBERTSON (Ind)']
raw_data/scotland/processed_data/e-ayrshire12-ballots/Ward3KilmarnockWestandCrosshouse_e-ayrshire12-03.csv,4,['Iain LINTON (SNP)'],['Iain LINTON (SNP)'],['Iain LINTON (SNP)'],['Iain LINTON (SNP)'],['Iain LINTON (SNP)'],['Iain LINTON (SNP)'],['Iain LINTON (SNP)'],['Iain LINTON (SNP)'],['Iain LINTON (SNP)'],['Iain LINTON (SNP)'],['Iain LINTON (SNP)'],['Iain LINTON (SNP)'],['Iain LINTON (SNP)'],['Iain LINTON (SNP)'],['Iain LINTON (SNP)'],['Iain LINTON (SNP)'],['Iain LINTON (SNP)'],['Iain LINTON (SNP)'],['Iain LINTON (SNP)'],['Iain LINTON (SNP)'],['Iain LINTON (SNP)'],['Iain LINTON (SNP)'],['Iain LINTON (SNP)'],['Iain LINTON (SNP)'],['Iain LINTON (SNP)'],['Iain LINTON (SNP)'],['Iain LINTON (SNP)'],['Iain LINTON (SNP)'],['Iain LINTON (SNP)'],['Iain LINTON (SNP)']
raw_data/scotland/processed_data/e-ayrshire12-ballots/Ward1Annick_e-ayrshire12-01.csv,5,['E�ghann MACCOLL (SNP)'],['E�ghann MACCOLL (SNP)'],['E�ghann MACCOLL (SNP)'],['E�ghann MACCOLL (SNP)'],['Ellen FREEL (Ind)'],['Ellen FREEL (Ind)'],['E�ghann MACCOLL (SNP)'],['E�ghann MACCOLL (SNP)'],['E�ghann MACCOLL (SNP)'],['E�ghann MACCOLL (SNP)'],['E�ghann MACCOLL (SNP)'],['E�ghann MACCOLL (SNP)'],['E�ghann MACCOLL (SNP)'],['Ellen FREEL (Ind)'],['E�ghann MACCOLL (SNP)'],['E�ghann MACCOLL (SNP)'],['E�ghann MACCOLL (SNP)'],['E�ghann MACCOLL (SNP)'],['E�ghann MACCOLL (SNP)'],['Ellen FREEL (Ind)'],['E�ghann MACCOLL (SNP)'],['E�ghann MACCOLL (SNP)'],['E�ghann MACCOLL (SNP)'],['E�ghann MACCOLL (SNP)'],['E�ghann MACCOLL (SNP)'],['E�ghann MACCOLL (SNP)'],['E�ghann MACCOLL (SNP)'],['E�ghann MACCOLL (SNP)'],['Ellen FREEL (Ind)'],['E�ghann MACCOLL (SNP)']
raw_data/scotland/processed_data/e-ayrshire12-ballots/KilmarnockEastandHurlford_e-ayrshire12-04.csv,3,['John CAMPBELL (SNP)'],['John CAMPBELL (SNP)'],['John CAMPBELL (SNP)'],['John CAMPBELL (SNP)'],['John CAMPBELL (SNP)'],['John CAMPBELL (SNP)'],['John CAMPBELL (SNP)'],['John CAMPBELL (SNP)'],['John CAMPBELL (SNP)'],['John CAMPBELL (SNP)'],['John CAMPBELL (SNP)'],['John CAMPBELL (SNP)'],['John CAMPBELL (SNP)'],['Gordon CREE (Lab)'],['John CAMPBELL (SNP)'],['John CAMPBELL (SNP)'],['John CAMPBELL (SNP)'],['John CAMPBELL (SNP)'],['John CAMPBELL (SNP)'],['John CAMPBELL (SNP)'],['John CAMPBELL (SNP)'],['John CAMPBELL (SNP)'],['John CAMPBELL (SNP)'],['John CAMPBELL (SNP)'],['John CAMPBELL (SNP)'],['John CAMPBELL (SNP)'],['John CAMPBELL (SNP)'],['John CAMPBELL (SNP)'],['Gordon CREE (Lab)'],['John CAMPBELL (SNP)']
raw_data/scotland/processed_data/e-ayrshire12-ballots/Ward5KilmarnockSouth_e-ayrshire12-05.csv,3,['John KNAPP (Lab)'],['John KNAPP (Lab)'],['John KNAPP (Lab)'],['John KNAPP (Lab)'],['John KNAPP (Lab)'],['John KNAPP (Lab)'],['John KNAPP (Lab)'],['John KNAPP (Lab)'],['John KNAPP (Lab)'],['John KNAPP (Lab)'],['John KNAPP (Lab)'],['John KNAPP (Lab)'],['John KNAPP (Lab)'],['John KNAPP (Lab)'],['John KNAPP (Lab)'],['John KNAPP (Lab)'],['John KNAPP (Lab)'],['John KNAPP (Lab)'],['John KNAPP (Lab)'],['John KNAPP (Lab)'],['John KNAPP (Lab)'],['John KNAPP (Lab)'],['John KNAPP (Lab)'],['John KNAPP (Lab)'],['John KNAPP (Lab)'],['John KNAPP (Lab)'],['John KNAPP (Lab)'],['John KNAPP (Lab)'],['John KNAPP (Lab)'],['John KNAPP (Lab)']
raw_data/scotland/processed_data/e-ayrshire12-ballots/Ward9DoonValley_e-ayrshire12-09.csv,5,['Elaine DINWOODIE (Lab)'],['Elaine DINWOODIE (Lab)'],['Elaine DINWOODIE (Lab)'],['Elaine DINWOODIE (Lab)'],['Elaine DINWOODIE (Lab)'],['Elaine DINWOODIE (Lab)'],['Elaine DINWOODIE (Lab)'],['Elaine DINWOODIE (Lab)'],['Elaine DINWOODIE (Lab)'],['Elaine DINWOODIE (Lab)'],['Elaine DINWOODIE (Lab)'],['Elaine DINWOODIE (Lab)'],['Elaine DINWOODIE (Lab)'],['Elaine DINWOODIE (Lab)'],['Elaine DINWOODIE (Lab)'],['Elaine DINWOODIE (Lab)'],['Elaine DINWOODIE (Lab)'],['Elaine DINWOODIE (Lab)'],['Elaine DINWOODIE (Lab)'],['Elaine DINWOODIE (Lab)'],['Elaine DINWOODIE (Lab)'],['Elaine DINWOODIE (Lab)'],['Elaine DINWOODIE (Lab)'],['Elaine DINWOODIE (Lab)'],['Elaine DINWOODIE (Lab)'],['Elaine DINWOODIE (Lab)'],['Elaine DINWOODIE (Lab)'],['Elaine DINWOODIE (Lab)'],['Elaine DINWOODIE (Lab)'],['Elaine DINWOODIE (Lab)']
raw_data/scotland/processed_data/e-ayrshire12-ballots/Ward2KilmarnockNorth_e-ayrshire12-02.csv,3,['Helen COFFEY (SNP)'],['Helen COFFEY (SNP)'],['Helen COFFEY (SNP)'],['Helen COFFEY (SNP)'],['Helen COFFEY (SNP)'],['Helen COFFEY (SNP)'],['Helen COFFEY (SNP)'],['Helen COFFEY (SNP)'],['Helen COFFEY (SNP)'],['Helen COFFEY (SNP)'],['Helen COFFEY (SNP)'],['Helen COFFEY (SNP)'],['Helen COFFEY (SNP)'],['Helen COFFEY (SNP)'],['Helen COFFEY (SNP)'],['Helen COFFEY (SNP)'],['Helen COFFEY (SNP)'],['Helen COFFEY (SNP)'],['Helen COFFEY (SNP)'],['Helen COFFEY (SNP)'],['Helen COFFEY (SNP)'],['Helen COFFEY (SNP)'],['Helen COFFEY (SNP)'],['Helen COFFEY (SNP)'],['Helen COFFEY (SNP)'],['Helen COFFEY (SNP)'],['Helen COFFEY (SNP)'],['Helen COFFEY (SNP)'],['Helen COFFEY (SNP)'],['Helen COFFEY (SNP)']
raw_data/scotland/processed_data/e-ayrshire12-ballots/Ward7Ballochmyle_e-ayrshire12-07.csv,3,['Neil MCGHEE (Lab)'],['Neil MCGHEE (Lab)'],['Neil MCGHEE (Lab)'],['Neil MCGHEE (Lab)'],['Neil MCGHEE (Lab)'],['Neil MCGHEE (Lab)'],['Neil MCGHEE (Lab)'],['Neil MCGHEE (Lab)'],['Neil MCGHEE (Lab)'],['Neil MCGHEE (Lab)'],['Neil MCGHEE (Lab)'],['Neil MCGHEE (Lab)'],['Neil MCGHEE (Lab)'],['Neil MCGHEE (Lab)'],['Neil MCGHEE (Lab)'],['Neil MCGHEE (Lab)'],['Neil MCGHEE (Lab)'],['Neil MCGHEE (Lab)'],['Neil MCGHEE (Lab)'],['Neil MCGHEE (Lab)'],['Neil MCGHEE (Lab)'],['Neil MCGHEE (Lab)'],['Neil MCGHEE (Lab)'],['Neil MCGHEE (Lab)'],['Neil MCGHEE (Lab)'],['Neil MCGHEE (Lab)'],['Neil MCGHEE (Lab)'],['Neil MCGHEE (Lab)'],['Neil MCGHEE (Lab)'],['Neil MCGHEE (Lab)']
raw_data/scotland/processed_data/e-ayrshire12-ballots/Ward8CumnockandNewCumnock_e-ayrshire12-08.csv,5,['Eric ROSS (Lab)'],['Eric ROSS (Lab)'],['Eric ROSS (Lab)'],['Eric ROSS (Lab)'],['Eric ROSS (Lab)'],['Eric ROSS (Lab)'],['Eric ROSS (Lab)'],['Eric ROSS (Lab)'],['Eric ROSS (Lab)'],['Eric ROSS (Lab)'],['Eric ROSS (Lab)'],['Eric ROSS (Lab)'],['Eric ROSS (Lab)'],['Eric ROSS (Lab)'],['Eric ROSS (Lab)'],['Eric ROSS (Lab)'],['Eric ROSS (Lab)'],['Eric ROSS (Lab)'],['Eric ROSS (Lab)'],['Eric ROSS (Lab)'],['Eric ROSS (Lab)'],['Eric ROSS (Lab)'],['Eric ROSS (Lab)'],['Eric ROSS (Lab)'],['Eric ROSS (Lab)'],['Eric ROSS (Lab)'],['Eric ROSS (Lab)'],['Eric ROSS (Lab)'],['Eric ROSS (Lab)'],['Eric ROSS (Lab)']
raw_data/scotland/processed_data/e-ayrshire12-ballots/Ward6IrvineValley_e-ayrshire12-06.csv,4,['Alan BROWN (SNP)'],['Alan BROWN (SNP)'],['Alan BROWN (SNP)'],['Alan BROWN (SNP)'],['Alan BROWN (SNP)'],['Alan BROWN (SNP)'],['Alan BROWN (SNP)'],['Alan BROWN (SNP)'],['Alan BROWN (SNP)'],['Alan BROWN (SNP)'],['Alan BROWN (SNP)'],['Alan BROWN (SNP)'],['Alan BROWN (SNP)'],['Alan BROWN (SNP)'],['Alan BROWN (SNP)'],['Alan BROWN (SNP)'],['Alan BROWN (SNP)'],['Alan BROWN (SNP)'],['Alan BROWN (SNP)'],['Alan BROWN (SNP)'],['Alan BROWN (SNP)'],['Alan BROWN (SNP)'],['Alan BROWN (SNP)'],['Alan BROWN (SNP)'],['Alan BROWN (SNP)'],['Alan BROWN (SNP)'],['Alan BROWN (SNP)'],['Alan BROWN (SNP)'],['Alan BROWN (SNP)'],['Alan BROWN (SNP)']
raw_data/scotland/processed_data/shetland22/Ward4-ShetlandCentral_ward-4-shetland-central-preference-profile.csv,6,['Moraig LYALL (Ind)'],['Moraig LYALL (Ind)'],['Moraig LYALL (Ind)'],['Moraig LYALL (Ind)'],['Moraig LYALL (Ind)'],['Moraig LYALL (Ind)'],['Moraig LYALL (Ind)'],['Moraig LYALL (Ind)'],['Moraig LYALL (Ind)'],['Moraig LYALL (Ind)'],['Moraig LYALL (Ind)'],['Moraig LYALL (Ind)'],['Moraig LYALL (Ind)'],['Moraig LYALL (Ind)'],['Moraig LYALL (Ind)'],['Moraig LYALL (Ind)'],['Moraig LYALL (Ind)'],['Moraig LYALL (Ind)'],['Moraig LYALL (Ind)'],['Moraig LYALL (Ind)'],['Moraig LYALL (Ind)'],['Moraig LYALL (Ind)'],['Moraig LYALL (Ind)'],['Moraig LYALL (Ind)'],['Moraig LYALL (Ind)'],['Moraig LYALL (Ind)'],['Moraig LYALL (Ind)'],['Moraig LYALL (Ind)'],['Moraig LYALL (Ind)'],['Moraig LYALL (Ind)']
raw_data/scotland/processed_data/shetland22/Ward6-LerwickSouth_ward-6-lerwick-south-preference-profile.csv,7,['Dennis LEASK (Ind)'],['Dennis LEASK (Ind)'],['Dennis LEASK (Ind)'],['Dennis LEASK (Ind)'],['Dennis LEASK (Ind)'],['Dennis LEASK (Ind)'],['Dennis LEASK (Ind)'],['Dennis LEASK (Ind)'],['Dennis LEASK (Ind)'],['Dennis LEASK (Ind)'],['Dennis LEASK (Ind)'],['Dennis LEASK (Ind)'],['Dennis LEASK (Ind)'],['Dennis LEASK (Ind)'],['Dennis LEASK (Ind)'],['Dennis LEASK (Ind)'],['Dennis LEASK (Ind)'],['Dennis LEASK (Ind)'],['Dennis LEASK (Ind)'],['Dennis LEASK (Ind)'],['Dennis LEASK (Ind)'],['Dennis LEASK (Ind)'],['Dennis LEASK (Ind)'],['Dennis LEASK (Ind)'],['Dennis LEASK (Ind)'],['Dennis LEASK (Ind)'],['Dennis LEASK (Ind)'],['Dennis LEASK (Ind)'],['Dennis LEASK (Ind)'],['Dennis LEASK (Ind)']
raw_data/scotland/processed_data/shetland22/Ward7-ShetlandSouth_ward-7-shetland-south-preference-profile.csv,5,['Allison DUNCAN (Ind)'],['Allison DUNCAN (Ind)'],['Allison DUNCAN (Ind)'],['Allison DUNCAN (Ind)'],['Allison DUNCAN (Ind)'],['Allison DUNCAN (Ind)'],['Allison DUNCAN (Ind)'],['Allison DUNCAN (Ind)'],['Allison DUNCAN (Ind)'],['Allison DUNCAN (Ind)'],['Allison DUNCAN (Ind)'],['Allison DUNCAN (Ind)'],['Allison DUNCAN (Ind)'],['Allison DUNCAN (Ind)'],['Allison DUNCAN (Ind)'],['Allison DUNCAN (Ind)'],['Allison DUNCAN (Ind)'],['Allison DUNCAN (Ind)'],['Allison DUNCAN (Ind)'],['Allison DUNCAN (Ind)'],['Allison DUNCAN (Ind)'],['Allison DUNCAN (Ind)'],['Allison DUNCAN (Ind)'],['Allison DUNCAN (Ind)'],['Allison DUNCAN (Ind)'],['Allison DUNCAN (Ind)'],['Allison DUNCAN (Ind)'],['Allison DUNCAN (Ind)'],['Allison DUNCAN (Ind)'],['Allison DUNCAN (Ind)']
raw_data/scotland/processed_data/shetland22/ward-5-lerwick-north-and-bressay-preference-profile.csv,5,['Stephen LEASK (Ind)'],['Stephen LEASK (Ind)'],['Stephen LEASK (Ind)'],['Stephen LEASK (Ind)'],['Stephen LEASK (Ind)'],['Stephen LEASK (Ind)'],['Stephen LEASK (Ind)'],['Stephen LEASK (Ind)'],['Stephen LEASK (Ind)'],['Stephen LEASK (Ind)'],['Stephen LEASK (Ind)'],['Stephen LEASK (Ind)'],['Stephen LEASK (Ind)'],['Stephen LEASK (Ind)'],['Stephen LEASK (Ind)'],['Stephen LEASK (Ind)'],['Stephen LEASK (Ind)'],['Stephen LEASK (Ind)'],['Stephen LEASK (Ind)'],['Stephen LEASK (Ind)'],['Stephen LEASK (Ind)'],['Stephen LEASK (Ind)'],['Stephen LEASK (Ind)'],['Stephen LEASK (Ind)'],['Stephen LEASK (Ind)'],['Stephen LEASK (Ind)'],['Stephen LEASK (Ind)'],['Stephen LEASK (Ind)'],['Stephen LEASK (Ind)'],['Stephen LEASK (Ind)']
raw_data/scotland/processed_data/shetland22/Ward3-ShetlandWest_ward-3-shetland-west-preference-profile.csv,8,['Liz BOXWELL (Ind)'],['Liz BOXWELL (Ind)'],['Liz BOXWELL (Ind)'],['Liz BOXWELL (Ind)'],['Liz BOXWELL (Ind)'],['Liz BOXWELL (Ind)'],['Liz BOXWELL (Ind)'],['Liz BOXWELL (Ind)'],['Liz BOXWELL (Ind)'],['Liz BOXWELL (Ind)'],['Liz BOXWELL (Ind)'],['Liz BOXWELL (Ind)'],['Liz BOXWELL (Ind)'],['Liz BOXWELL (Ind)'],['Liz BOXWELL (Ind)'],['Liz BOXWELL (Ind)'],['Liz BOXWELL (Ind)'],['Liz BOXWELL (Ind)'],['Liz BOXWELL (Ind)'],['Liz BOXWELL (Ind)'],['Liz BOXWELL (Ind)'],['Liz BOXWELL (Ind)'],['Liz BOXWELL (Ind)'],['Liz BOXWELL (Ind)'],['Liz BOXWELL (Ind)'],['Liz BOXWELL (Ind)'],['Liz BOXWELL (Ind)'],['Liz BOXWELL (Ind)'],['Liz BOXWELL (Ind)'],['Liz BOXWELL (Ind)']
raw_data/scotland/processed_data/clackmannanshire17-ballots/Ward1ClackmannanshireWest_clacks17-001.csv,6,['Tina Margaret MURPHY (SNP)'],['George MATCHETT (Lab)'],['George MATCHETT (Lab)'],['George MATCHETT (Lab)'],['George MATCHETT (Lab)'],['George MATCHETT (Lab)'],['George MATCHETT (Lab)'],['George MATCHETT (Lab)'],['George MATCHETT (Lab)'],['George MATCHETT (Lab)'],['George MATCHETT (Lab)'],['George MATCHETT (Lab)'],['George MATCHETT (Lab)'],['George MATCHETT (Lab)'],['George MATCHETT (Lab)'],['Tina Margaret MURPHY (SNP)'],['George MATCHETT (Lab)'],['George MATCHETT (Lab)'],['George MATCHETT (Lab)'],['George MATCHETT (Lab)'],['George MATCHETT (Lab)'],['George MATCHETT (Lab)'],['George MATCHETT (Lab)'],['George MATCHETT (Lab)'],['George MATCHETT (Lab)'],['George MATCHETT (Lab)'],['George MATCHETT (Lab)'],['George MATCHETT (Lab)'],['George MATCHETT (Lab)'],['George MATCHETT (Lab)']
raw_data/scotland/processed_data/clackmannanshire17-ballots/Ward3ClackmannanshireCentral_clacks17-003.csv,4,['Derek STEWART (Lab)'],['Derek STEWART (Lab)'],['Derek STEWART (Lab)'],['Derek STEWART (Lab)'],['Derek STEWART (Lab)'],['Derek STEWART (Lab)'],['Derek STEWART (Lab)'],['Derek STEWART (Lab)'],['Derek STEWART (Lab)'],['Derek STEWART (Lab)'],['Derek STEWART (Lab)'],['Derek STEWART (Lab)'],['Derek STEWART (Lab)'],['Derek STEWART (Lab)'],['Derek STEWART (Lab)'],['Derek STEWART (Lab)'],['Derek STEWART (Lab)'],['Derek STEWART (Lab)'],['Derek STEWART (Lab)'],['Derek STEWART (Lab)'],['Derek STEWART (Lab)'],['Derek STEWART (Lab)'],['Derek STEWART (Lab)'],['Derek STEWART (Lab)'],['Derek STEWART (Lab)'],['Derek STEWART (Lab)'],['Derek STEWART (Lab)'],['Derek STEWART (Lab)'],['Derek STEWART (Lab)'],['Derek STEWART (Lab)']
raw_data/scotland/processed_data/clackmannanshire17-ballots/Ward5ClackmannanshireEast_clacks17-005.csv,5,['Bill MASON (Con)'],['Bill MASON (Con)'],['Bill MASON (Con)'],['Bill MASON (Con)'],['Bill MASON (Con)'],['Bill MASON (Con)'],['Bill MASON (Con)'],['Bill MASON (Con)'],['Bill MASON (Con)'],['Bill MASON (Con)'],['Bill MASON (Con)'],['Bill MASON (Con)'],['Bill MASON (Con)'],['Bill MASON (Con)'],['Bill MASON (Con)'],['Bill MASON (Con)'],['Bill MASON (Con)'],['Bill MASON (Con)'],['Bill MASON (Con)'],['Bill MASON (Con)'],['Bill MASON (Con)'],['Bill MASON (Con)'],['Bill MASON (Con)'],['Bill MASON (Con)'],['Bill MASON (Con)'],['Bill MASON (Con)'],['Bill MASON (Con)'],['Bill MASON (Con)'],['Bill MASON (Con)'],['Bill MASON (Con)']
raw_data/scotland/processed_data/clackmannanshire17-ballots/Ward2ClackmannanshireNorth_clacks17-002.csv,5,['Archie DRUMMOND (SNP)'],['Archie DRUMMOND (SNP)'],['Archie DRUMMOND (SNP)'],['Archie DRUMMOND (SNP)'],['Archie DRUMMOND (SNP)'],['Archie DRUMMOND (SNP)'],['Archie DRUMMOND (SNP)'],['Archie DRUMMOND (SNP)'],['Archie DRUMMOND (SNP)'],['Archie DRUMMOND (SNP)'],['Archie DRUMMOND (SNP)'],['Archie DRUMMOND (SNP)'],['Archie DRUMMOND (SNP)'],['Archie DRUMMOND (SNP)'],['Archie DRUMMOND (SNP)'],['Archie DRUMMOND (SNP)'],['Archie DRUMMOND (SNP)'],['Archie DRUMMOND (SNP)'],['Archie DRUMMOND (SNP)'],['Dave CLARK (Lab)'],['Archie DRUMMOND (SNP)'],['Archie DRUMMOND (SNP)'],['Archie DRUMMOND (SNP)'],['Archie DRUMMOND (SNP)'],['Archie DRUMMOND (SNP)'],['Archie DRUMMOND (SNP)'],['Archie DRUMMOND (SNP)'],['Archie DRUMMOND (SNP)'],['Archie DRUMMOND (SNP)'],['Archie DRUMMOND (SNP)']
raw_data/scotland/processed_data/clackmannanshire17-ballots/Ward4ClackmannanshireSouth_clacks17-004.csv,5,['Craig HOLDEN (SNP)'],['Craig HOLDEN (SNP)'],['Craig HOLDEN (SNP)'],['Craig HOLDEN (SNP)'],['Craig HOLDEN (SNP)'],['Craig HOLDEN (SNP)'],['Craig HOLDEN (SNP)'],['Craig HOLDEN (SNP)'],['Craig HOLDEN (SNP)'],['Craig HOLDEN (SNP)'],['Craig HOLDEN (SNP)'],['Craig HOLDEN (SNP)'],['Craig HOLDEN (SNP)'],['Craig HOLDEN (SNP)'],['Craig HOLDEN (SNP)'],['Craig HOLDEN (SNP)'],['Craig HOLDEN (SNP)'],['Craig HOLDEN (SNP)'],['Craig HOLDEN (SNP)'],['Craig HOLDEN (SNP)'],['Craig HOLDEN (SNP)'],['Craig HOLDEN (SNP)'],['Craig HOLDEN (SNP)'],['Craig HOLDEN (SNP)'],['Craig HOLDEN (SNP)'],['Craig HOLDEN (SNP)'],['Craig HOLDEN (SNP)'],['Craig HOLDEN (SNP)'],['Craig HOLDEN (SNP)'],['Craig HOLDEN (SNP)']
raw_data/scotland/processed_data/highland12-ballots/CromartyFirthWard_highland12-07.csv,7,['Maxine SMITH (SNP)'],['Carolyn Anne WILSON (Ind)'],['Carolyn Anne WILSON (Ind)'],['Carolyn Anne WILSON (Ind)'],['Carolyn Anne WILSON (Ind)'],['Carolyn Anne WILSON (Ind)'],['Carolyn Anne WILSON (Ind)'],['Carolyn Anne WILSON (Ind)'],['Carolyn Anne WILSON (Ind)'],['Carolyn Anne WILSON (Ind)'],['Carolyn Anne WILSON (Ind)'],['Carolyn Anne WILSON (Ind)'],['Carolyn Anne WILSON (Ind)'],['Carolyn Anne WILSON (Ind)'],['Carolyn Anne WILSON (Ind)'],['Maxine SMITH (SNP)'],['Carolyn Anne WILSON (Ind)'],['Carolyn Anne WILSON (Ind)'],['Carolyn Anne WILSON (Ind)'],['Carolyn Anne WILSON (Ind)'],['Carolyn Anne WILSON (Ind)'],['Carolyn Anne WILSON (Ind)'],['Carolyn Anne WILSON (Ind)'],['Carolyn Anne WILSON (Ind)'],['Carolyn Anne WILSON (Ind)'],['Carolyn Anne WILSON (Ind)'],['Carolyn Anne WILSON (Ind)'],['Carolyn Anne WILSON (Ind)'],['Carolyn Anne WILSON (Ind)'],['Carolyn Anne WILSON (Ind)']
raw_data/scotland/processed_data/highland12-ballots/CaolandMallaigWard_highland12-12.csv,8,['Allan HENDERSON (Ind)'],['Allan HENDERSON (Ind)'],['Allan HENDERSON (Ind)'],['Allan HENDERSON (Ind)'],['Allan HENDERSON (Ind)'],['Allan HENDERSON (Ind)'],['Allan HENDERSON (Ind)'],['Allan HENDERSON (Ind)'],['Allan HENDERSON (Ind)'],['Allan HENDERSON (Ind)'],['Allan HENDERSON (Ind)'],['Allan HENDERSON (Ind)'],['Allan HENDERSON (Ind)'],['Allan HENDERSON (Ind)'],['Allan HENDERSON (Ind)'],['Allan HENDERSON (Ind)'],['Allan HENDERSON (Ind)'],['Allan HENDERSON (Ind)'],['Allan HENDERSON (Ind)'],['Allan HENDERSON (Ind)'],['Allan HENDERSON (Ind)'],['Allan HENDERSON (Ind)'],['Allan HENDERSON (Ind)'],['Allan HENDERSON (Ind)'],['Allan HENDERSON (Ind)'],['Allan HENDERSON (Ind)'],['Allan HENDERSON (Ind)'],['Allan HENDERSON (Ind)'],['Allan HENDERSON (Ind)'],['Allan HENDERSON (Ind)']
raw_data/scotland/processed_data/highland12-ballots/DingwallandSeaforthWard_highland12-09.csv,9,['Margaret PATERSON (Ind)'],['Margaret PATERSON (Ind)'],['Margaret PATERSON (Ind)'],['Margaret PATERSON (Ind)'],['Margaret PATERSON (Ind)'],['Margaret PATERSON (Ind)'],['Margaret PATERSON (Ind)'],['Margaret PATERSON (Ind)'],['Margaret PATERSON (Ind)'],['Margaret PATERSON (Ind)'],['Margaret PATERSON (Ind)'],['Margaret PATERSON (Ind)'],['Margaret PATERSON (Ind)'],['Margaret PATERSON (Ind)'],['Margaret PATERSON (Ind)'],['Margaret PATERSON (Ind)'],['Margaret PATERSON (Ind)'],['Margaret PATERSON (Ind)'],['Margaret PATERSON (Ind)'],['Margaret PATERSON (Ind)'],['Margaret PATERSON (Ind)'],['Margaret PATERSON (Ind)'],['Margaret PATERSON (Ind)'],['Margaret PATERSON (Ind)'],['Margaret PATERSON (Ind)'],['Margaret PATERSON (Ind)'],['Margaret PATERSON (Ind)'],['Margaret PATERSON (Ind)'],['Margaret PATERSON (Ind)'],['Margaret PATERSON (Ind)']
raw_data/scotland/processed_data/highland12-ballots/InvernessCentralWard_highland12-15.csv,6,['Janet CAMPBELL (Ind)'],['Janet CAMPBELL (Ind)'],['Janet CAMPBELL (Ind)'],['Janet CAMPBELL (Ind)'],['Janet CAMPBELL (Ind)'],['Janet CAMPBELL (Ind)'],['Janet CAMPBELL (Ind)'],['Janet CAMPBELL (Ind)'],['Janet CAMPBELL (Ind)'],['Janet CAMPBELL (Ind)'],['Janet CAMPBELL (Ind)'],['Janet CAMPBELL (Ind)'],['Janet CAMPBELL (Ind)'],['Janet CAMPBELL (Ind)'],['Janet CAMPBELL (Ind)'],['Janet CAMPBELL (Ind)'],['Janet CAMPBELL (Ind)'],['Janet CAMPBELL (Ind)'],['Janet CAMPBELL (Ind)'],['Janet CAMPBELL (Ind)'],['Janet CAMPBELL (Ind)'],['Janet CAMPBELL (Ind)'],['Janet CAMPBELL (Ind)'],['Janet CAMPBELL (Ind)'],['Janet CAMPBELL (Ind)'],['Janet CAMPBELL (Ind)'],['Janet CAMPBELL (Ind)'],['Janet CAMPBELL (Ind)'],['Janet CAMPBELL (Ind)'],['Janet CAMPBELL (Ind)']
raw_data/scotland/processed_data/highland12-ballots/WickWard_highland12-03.csv,5,['Gail Elizabeth ROSS (SNP)'],['Gail Elizabeth ROSS (SNP)'],['Gail Elizabeth ROSS (SNP)'],['Gail Elizabeth ROSS (SNP)'],['Gail Elizabeth ROSS (SNP)'],['Gail Elizabeth ROSS (SNP)'],['Gail Elizabeth ROSS (SNP)'],['Gail Elizabeth ROSS (SNP)'],['Gail Elizabeth ROSS (SNP)'],['Gail Elizabeth ROSS (SNP)'],['Gail Elizabeth ROSS (SNP)'],['Gail Elizabeth ROSS (SNP)'],['Gail Elizabeth ROSS (SNP)'],['Gail Elizabeth ROSS (SNP)'],['Gail Elizabeth ROSS (SNP)'],['Gail Elizabeth ROSS (SNP)'],['Gail Elizabeth ROSS (SNP)'],['Gail Elizabeth ROSS (SNP)'],['Gail Elizabeth ROSS (SNP)'],['Gail Elizabeth ROSS (SNP)'],['Gail Elizabeth ROSS (SNP)'],['Gail Elizabeth ROSS (SNP)'],['Gail Elizabeth ROSS (SNP)'],['Gail Elizabeth ROSS (SNP)'],['Gail Elizabeth ROSS (SNP)'],['Gail Elizabeth ROSS (SNP)'],['Gail Elizabeth ROSS (SNP)'],['Gail Elizabeth ROSS (SNP)'],['Gail Elizabeth ROSS (SNP)'],['Gail Elizabeth ROSS (SNP)']
raw_data/scotland/processed_data/highland12-ballots/InvernessSouthWard_highland12-20.csv,6,['Ken GOWANS (SNP)'],['Carolyn CADDICK (LD)'],['Carolyn CADDICK (LD)'],['Carolyn CADDICK (LD)'],['Carolyn CADDICK (LD)'],['Carolyn CADDICK (LD)'],['Carolyn CADDICK (LD)'],['Carolyn CADDICK (LD)'],['Carolyn CADDICK (LD)'],['Carolyn CADDICK (LD)'],['Carolyn CADDICK (LD)'],['Carolyn CADDICK (LD)'],['Carolyn CADDICK (LD)'],['Carolyn CADDICK (LD)'],['Carolyn CADDICK (LD)'],['Ken GOWANS (SNP)'],['Carolyn CADDICK (LD)'],['Carolyn CADDICK (LD)'],['Carolyn CADDICK (LD)'],['Carolyn CADDICK (LD)'],['Carolyn CADDICK (LD)'],['Carolyn CADDICK (LD)'],['Carolyn CADDICK (LD)'],['Carolyn CADDICK (LD)'],['Carolyn CADDICK (LD)'],['Carolyn CADDICK (LD)'],['Carolyn CADDICK (LD)'],['Carolyn CADDICK (LD)'],['Carolyn CADDICK (LD)'],['Carolyn CADDICK (LD)']
raw_data/scotland/processed_data/highland12-ballots/NorthWestandCentralSutherlandWard_highland12-01.csv,9,['George FARLOW (SNP)'],['Hugh MORRISON (Ind)'],['Hugh MORRISON (Ind)'],['Hugh MORRISON (Ind)'],['George FARLOW (SNP)'],['Hugh MORRISON (Ind)'],['George FARLOW (SNP)'],['Hugh MORRISON (Ind)'],['Hugh MORRISON (Ind)'],['Hugh MORRISON (Ind)'],['Hugh MORRISON (Ind)'],['Hugh MORRISON (Ind)'],['Hugh MORRISON (Ind)'],['Hugh MORRISON (Ind)'],['Hugh MORRISON (Ind)'],['George FARLOW (SNP)'],['Hugh MORRISON (Ind)'],['Hugh MORRISON (Ind)'],['Hugh MORRISON (Ind)'],['Hugh MORRISON (Ind)'],['Hugh MORRISON (Ind)'],['Hugh MORRISON (Ind)'],['Hugh MORRISON (Ind)'],['Hugh MORRISON (Ind)'],['Hugh MORRISON (Ind)'],['Hugh MORRISON (Ind)'],['Hugh MORRISON (Ind)'],['Hugh MORRISON (Ind)'],['Hugh MORRISON (Ind)'],['Hugh MORRISON (Ind)']
raw_data/scotland/processed_data/highland12-ballots/ThursoWard_highland12-02.csv,7,['Donnie MACKAY (Ind)'],['Donnie MACKAY (Ind)'],['Donnie MACKAY (Ind)'],['Donnie MACKAY (Ind)'],['Donnie MACKAY (Ind)'],['Donnie MACKAY (Ind)'],['Donnie MACKAY (Ind)'],['Donnie MACKAY (Ind)'],['Donnie MACKAY (Ind)'],['Donnie MACKAY (Ind)'],['Donnie MACKAY (Ind)'],['Donnie MACKAY (Ind)'],['Donnie MACKAY (Ind)'],['Donnie MACKAY (Ind)'],['Donnie MACKAY (Ind)'],['Donnie MACKAY (Ind)'],['Donnie MACKAY (Ind)'],['Donnie MACKAY (Ind)'],['Donnie MACKAY (Ind)'],['Donnie MACKAY (Ind)'],['Donnie MACKAY (Ind)'],['Donnie MACKAY (Ind)'],['Donnie MACKAY (Ind)'],['Donnie MACKAY (Ind)'],['Donnie MACKAY (Ind)'],['Donnie MACKAY (Ind)'],['Donnie MACKAY (Ind)'],['Donnie MACKAY (Ind)'],['Donnie MACKAY (Ind)'],['Donnie MACKAY (Ind)']
raw_data/scotland/processed_data/highland12-ballots/Eileana'Che�Ward_highland12-11.csv,7,['John R GORDON (Ind)'],['John R GORDON (Ind)'],['John R GORDON (Ind)'],['John R GORDON (Ind)'],['John R GORDON (Ind)'],['John R GORDON (Ind)'],['John R GORDON (Ind)'],['John R GORDON (Ind)'],['John R GORDON (Ind)'],['John R GORDON (Ind)'],['John R GORDON (Ind)'],['John R GORDON (Ind)'],['John R GORDON (Ind)'],['John R GORDON (Ind)'],['John R GORDON (Ind)'],['John R GORDON (Ind)'],['John R GORDON (Ind)'],['John R GORDON (Ind)'],['John R GORDON (Ind)'],['John R GORDON (Ind)'],['John R GORDON (Ind)'],['John R GORDON (Ind)'],['John R GORDON (Ind)'],['John R GORDON (Ind)'],['John R GORDON (Ind)'],['John R GORDON (Ind)'],['John R GORDON (Ind)'],['John R GORDON (Ind)'],['John R GORDON (Ind)'],['John R GORDON (Ind)']
raw_data/scotland/processed_data/highland12-ballots/InvernessWestWard_highland12-14.csv,7,['Allan DUFFY (SNP)'],['Graham ROSS (Ind)'],['Alex GRAHAM (LD)'],['Graham ROSS (Ind)'],['Alex GRAHAM (LD)'],['Graham ROSS (Ind)'],['Alex GRAHAM (LD)'],['Graham ROSS (Ind)'],['Graham ROSS (Ind)'],['Graham ROSS (Ind)'],['Graham ROSS (Ind)'],['Graham ROSS (Ind)'],['Graham ROSS (Ind)'],['Graham ROSS (Ind)'],['Graham ROSS (Ind)'],['Allan DUFFY (SNP)'],['Graham ROSS (Ind)'],['Alex GRAHAM (LD)'],['Graham ROSS (Ind)'],['Alex GRAHAM (LD)'],['Graham ROSS (Ind)'],['Graham ROSS (Ind)'],['Graham ROSS (Ind)'],['Graham ROSS (Ind)'],['Graham ROSS (Ind)'],['Graham ROSS (Ind)'],['Graham ROSS (Ind)'],['Graham ROSS (Ind)'],['Graham ROSS (Ind)'],['Graham ROSS (Ind)']
raw_data/scotland/processed_data/highland12-ballots/NairnWard_highland12-19.csv,7,['Liz MACDONALD (SNP)'],['Liz MACDONALD (SNP)'],['Liz MACDONALD (SNP)'],['Liz MACDONALD (SNP)'],['Liz MACDONALD (SNP)'],['Liz MACDONALD (SNP)'],['Liz MACDONALD (SNP)'],['Liz MACDONALD (SNP)'],['Liz MACDONALD (SNP)'],['Liz MACDONALD (SNP)'],['Liz MACDONALD (SNP)'],['Liz MACDONALD (SNP)'],['Liz MACDONALD (SNP)'],['Liz MACDONALD (SNP)'],['Liz MACDONALD (SNP)'],['Liz MACDONALD (SNP)'],['Liz MACDONALD (SNP)'],['Liz MACDONALD (SNP)'],['Liz MACDONALD (SNP)'],['Liz MACDONALD (SNP)'],['Liz MACDONALD (SNP)'],['Liz MACDONALD (SNP)'],['Liz MACDONALD (SNP)'],['Liz MACDONALD (SNP)'],['Liz MACDONALD (SNP)'],['Liz MACDONALD (SNP)'],['Liz MACDONALD (SNP)'],['Liz MACDONALD (SNP)'],['Liz MACDONALD (SNP)'],['Liz MACDONALD (SNP)']
raw_data/scotland/processed_data/highland12-ballots/AirdandLochNessWard_highland12-13.csv,7,['Margaret Christine DAVIDSON (Ind)'],['Margaret Christine DAVIDSON (Ind)'],['Margaret Christine DAVIDSON (Ind)'],['Margaret Christine DAVIDSON (Ind)'],['Margaret Christine DAVIDSON (Ind)'],['Margaret Christine DAVIDSON (Ind)'],['Margaret Christine DAVIDSON (Ind)'],['Margaret Christine DAVIDSON (Ind)'],['Margaret Christine DAVIDSON (Ind)'],['Margaret Christine DAVIDSON (Ind)'],['Margaret Christine DAVIDSON (Ind)'],['Margaret Christine DAVIDSON (Ind)'],['Margaret Christine DAVIDSON (Ind)'],['Margaret Christine DAVIDSON (Ind)'],['Margaret Christine DAVIDSON (Ind)'],['Margaret Christine DAVIDSON (Ind)'],['Margaret Christine DAVIDSON (Ind)'],['Margaret Christine DAVIDSON (Ind)'],['Margaret Christine DAVIDSON (Ind)'],['Margaret Christine DAVIDSON (Ind)'],['Margaret Christine DAVIDSON (Ind)'],['Margaret Christine DAVIDSON (Ind)'],['Margaret Christine DAVIDSON (Ind)'],['Margaret Christine DAVIDSON (Ind)'],['Margaret Christine DAVIDSON (Ind)'],['Margaret Christine DAVIDSON (Ind)'],['Margaret Christine DAVIDSON (Ind)'],['Margaret Christine DAVIDSON (Ind)'],['Margaret Christine DAVIDSON (Ind)'],['Margaret Christine DAVIDSON (Ind)']
raw_data/scotland/processed_data/highland12-ballots/BlackIsleWard_highland12-10.csv,10,['Billy BARCLAY (Ind)'],['Billy BARCLAY (Ind)'],['Billy BARCLAY (Ind)'],['Billy BARCLAY (Ind)'],['Billy BARCLAY (Ind)'],['Billy BARCLAY (Ind)'],['Billy BARCLAY (Ind)'],['Billy BARCLAY (Ind)'],['Billy BARCLAY (Ind)'],['Billy BARCLAY (Ind)'],['Billy BARCLAY (Ind)'],['Billy BARCLAY (Ind)'],['Billy BARCLAY (Ind)'],['Billy BARCLAY (Ind)'],['Billy BARCLAY (Ind)'],['Billy BARCLAY (Ind)'],['Billy BARCLAY (Ind)'],['Billy BARCLAY (Ind)'],['Billy BARCLAY (Ind)'],['Billy BARCLAY (Ind)'],['Billy BARCLAY (Ind)'],['Billy BARCLAY (Ind)'],['Billy BARCLAY (Ind)'],['Billy BARCLAY (Ind)'],['Billy BARCLAY (Ind)'],['Billy BARCLAY (Ind)'],['Billy BARCLAY (Ind)'],['Billy BARCLAY (Ind)'],['Billy BARCLAY (Ind)'],['Billy BARCLAY (Ind)']
raw_data/scotland/processed_data/highland12-ballots/WesterRossStrathpefferandLochalshWard_highland12-06.csv,6,['Biz CAMPBELL (LD)'],['Biz CAMPBELL (LD)'],['Biz CAMPBELL (LD)'],['Biz CAMPBELL (LD)'],['Biz CAMPBELL (LD)'],['Biz CAMPBELL (LD)'],['Biz CAMPBELL (LD)'],['Biz CAMPBELL (LD)'],['Biz CAMPBELL (LD)'],['Biz CAMPBELL (LD)'],['Biz CAMPBELL (LD)'],['Biz CAMPBELL (LD)'],['Biz CAMPBELL (LD)'],['Biz CAMPBELL (LD)'],['Biz CAMPBELL (LD)'],['Biz CAMPBELL (LD)'],['Biz CAMPBELL (LD)'],['Biz CAMPBELL (LD)'],['Biz CAMPBELL (LD)'],['Biz CAMPBELL (LD)'],['Biz CAMPBELL (LD)'],['Biz CAMPBELL (LD)'],['Biz CAMPBELL (LD)'],['Biz CAMPBELL (LD)'],['Biz CAMPBELL (LD)'],['Biz CAMPBELL (LD)'],['Biz CAMPBELL (LD)'],['Biz CAMPBELL (LD)'],['Biz CAMPBELL (LD)'],['Biz CAMPBELL (LD)']
raw_data/scotland/processed_data/highland12-ballots/CullodenandArdersierWard_highland12-18.csv,8,['Roddy BALFOUR (Ind)'],['Roddy BALFOUR (Ind)'],['Roddy BALFOUR (Ind)'],['Roddy BALFOUR (Ind)'],['Roddy BALFOUR (Ind)'],['Roddy BALFOUR (Ind)'],['Roddy BALFOUR (Ind)'],['Roddy BALFOUR (Ind)'],['Roddy BALFOUR (Ind)'],['Roddy BALFOUR (Ind)'],['Roddy BALFOUR (Ind)'],['Roddy BALFOUR (Ind)'],['Roddy BALFOUR (Ind)'],['Roddy BALFOUR (Ind)'],['Roddy BALFOUR (Ind)'],['Roddy BALFOUR (Ind)'],['Roddy BALFOUR (Ind)'],['Roddy BALFOUR (Ind)'],['Roddy BALFOUR (Ind)'],['Roddy BALFOUR (Ind)'],['Roddy BALFOUR (Ind)'],['Roddy BALFOUR (Ind)'],['Roddy BALFOUR (Ind)'],['Roddy BALFOUR (Ind)'],['Roddy BALFOUR (Ind)'],['Roddy BALFOUR (Ind)'],['Roddy BALFOUR (Ind)'],['Roddy BALFOUR (Ind)'],['Roddy BALFOUR (Ind)'],['Roddy BALFOUR (Ind)']
raw_data/scotland/processed_data/highland12-ballots/LandwardCaithnessWard_highland12-04.csv,8,['A.I. Willie MACKAY (Ind)'],['A.I. Willie MACKAY (Ind)'],['A.I. Willie MACKAY (Ind)'],['A.I. Willie MACKAY (Ind)'],['A.I. Willie MACKAY (Ind)'],['A.I. Willie MACKAY (Ind)'],['A.I. Willie MACKAY (Ind)'],['A.I. Willie MACKAY (Ind)'],['A.I. Willie MACKAY (Ind)'],['A.I. Willie MACKAY (Ind)'],['A.I. Willie MACKAY (Ind)'],['A.I. Willie MACKAY (Ind)'],['A.I. Willie MACKAY (Ind)'],['A.I. Willie MACKAY (Ind)'],['A.I. Willie MACKAY (Ind)'],['A.I. Willie MACKAY (Ind)'],['A.I. Willie MACKAY (Ind)'],['A.I. Willie MACKAY (Ind)'],['A.I. Willie MACKAY (Ind)'],['A.I. Willie MACKAY (Ind)'],['A.I. Willie MACKAY (Ind)'],['A.I. Willie MACKAY (Ind)'],['A.I. Willie MACKAY (Ind)'],['A.I. Willie MACKAY (Ind)'],['A.I. Willie MACKAY (Ind)'],['A.I. Willie MACKAY (Ind)'],['A.I. Willie MACKAY (Ind)'],['A.I. Willie MACKAY (Ind)'],['A.I. Willie MACKAY (Ind)'],['A.I. Willie MACKAY (Ind)']
raw_data/scotland/processed_data/highland12-ballots/EastSutherlandandEddertonWard_highland12-05.csv,7,['Deirdre MACKAY (Lab)'],['Deirdre MACKAY (Lab)'],['Deirdre MACKAY (Lab)'],['Deirdre MACKAY (Lab)'],['Deirdre MACKAY (Lab)'],['Deirdre MACKAY (Lab)'],['Deirdre MACKAY (Lab)'],['Deirdre MACKAY (Lab)'],['Deirdre MACKAY (Lab)'],['Deirdre MACKAY (Lab)'],['Deirdre MACKAY (Lab)'],['Deirdre MACKAY (Lab)'],['Deirdre MACKAY (Lab)'],['Deirdre MACKAY (Lab)'],['Deirdre MACKAY (Lab)'],['Deirdre MACKAY (Lab)'],['Deirdre MACKAY (Lab)'],['Deirdre MACKAY (Lab)'],['Deirdre MACKAY (Lab)'],['Deirdre MACKAY (Lab)'],['Deirdre MACKAY (Lab)'],['Deirdre MACKAY (Lab)'],['Deirdre MACKAY (Lab)'],['Deirdre MACKAY (Lab)'],['Deirdre MACKAY (Lab)'],['Deirdre MACKAY (Lab)'],['Deirdre MACKAY (Lab)'],['Deirdre MACKAY (Lab)'],['Deirdre MACKAY (Lab)'],['Deirdre MACKAY (Lab)']
raw_data/scotland/processed_data/highland12-ballots/TainandEasterRossWard_highland12-08.csv,8,['Alasdair RHIND (Ind)'],['Alasdair RHIND (Ind)'],['Alasdair RHIND (Ind)'],['Alasdair RHIND (Ind)'],['Alasdair RHIND (Ind)'],['Alasdair RHIND (Ind)'],['Alasdair RHIND (Ind)'],['Alasdair RHIND (Ind)'],['Alasdair RHIND (Ind)'],['Alasdair RHIND (Ind)'],['Alasdair RHIND (Ind)'],['Alasdair RHIND (Ind)'],['Alasdair RHIND (Ind)'],['Alasdair RHIND (Ind)'],['Alasdair RHIND (Ind)'],['Alasdair RHIND (Ind)'],['Alasdair RHIND (Ind)'],['Alasdair RHIND (Ind)'],['Alasdair RHIND (Ind)'],['Alasdair RHIND (Ind)'],['Alasdair RHIND (Ind)'],['Alasdair RHIND (Ind)'],['Alasdair RHIND (Ind)'],['Alasdair RHIND (Ind)'],['Alasdair RHIND (Ind)'],['Alasdair RHIND (Ind)'],['Alasdair RHIND (Ind)'],['Alasdair RHIND (Ind)'],['Alasdair RHIND (Ind)'],['Alasdair RHIND (Ind)']
raw_data/scotland/processed_data/highland12-ballots/InvernessNess-sideWard_highland12-16.csv,7,['Jean Nimmo SLATER (SNP)'],['Norrie DONALD (Ind)'],['Alasdair CHRISTIE (LD)'],['Norrie DONALD (Ind)'],['Norrie DONALD (Ind)'],['Norrie DONALD (Ind)'],['Norrie DONALD (Ind)'],['Norrie DONALD (Ind)'],['Norrie DONALD (Ind)'],['Norrie DONALD (Ind)'],['Norrie DONALD (Ind)'],['Norrie DONALD (Ind)'],['Norrie DONALD (Ind)'],['Norrie DONALD (Ind)'],['Norrie DONALD (Ind)'],['Alasdair CHRISTIE (LD)'],['Norrie DONALD (Ind)'],['Alasdair CHRISTIE (LD)'],['Norrie DONALD (Ind)'],['Norrie DONALD (Ind)'],['Norrie DONALD (Ind)'],['Norrie DONALD (Ind)'],['Norrie DONALD (Ind)'],['Norrie DONALD (Ind)'],['Norrie DONALD (Ind)'],['Norrie DONALD (Ind)'],['Norrie DONALD (Ind)'],['Norrie DONALD (Ind)'],['Norrie DONALD (Ind)'],['Norrie DONALD (Ind)']
raw_data/scotland/processed_data/highland12-ballots/InvernessMillburnWard_highland12-17.csv,6,['Jimmy GRAY (Lab)'],['Jimmy GRAY (Lab)'],['Jimmy GRAY (Lab)'],['Jimmy GRAY (Lab)'],['Jimmy GRAY (Lab)'],['Jimmy GRAY (Lab)'],['Jimmy GRAY (Lab)'],['Jimmy GRAY (Lab)'],['Jimmy GRAY (Lab)'],['Jimmy GRAY (Lab)'],['Jimmy GRAY (Lab)'],['Jimmy GRAY (Lab)'],['Jimmy GRAY (Lab)'],['Jimmy GRAY (Lab)'],['Jimmy GRAY (Lab)'],['Jimmy GRAY (Lab)'],['Jimmy GRAY (Lab)'],['Jimmy GRAY (Lab)'],['Jimmy GRAY (Lab)'],['Jimmy GRAY (Lab)'],['Jimmy GRAY (Lab)'],['Jimmy GRAY (Lab)'],['Jimmy GRAY (Lab)'],['Jimmy GRAY (Lab)'],['Jimmy GRAY (Lab)'],['Jimmy GRAY (Lab)'],['Jimmy GRAY (Lab)'],['Jimmy GRAY (Lab)'],['Jimmy GRAY (Lab)'],['Jimmy GRAY (Lab)']
raw_data/scotland/processed_data/highland12-ballots/FortWilliamandArdnamurchanWard_highland12-22.csv,7,['Bren GORMLEY (SNP)'],['Andrew Phillip BAXTER (Ind)'],['Andrew Phillip BAXTER (Ind)'],['Bren GORMLEY (SNP)'],['Thomas MACLENNAN (Ind)'],['Thomas MACLENNAN (Ind)'],['Bren GORMLEY (SNP)'],['Thomas MACLENNAN (Ind)'],['Thomas MACLENNAN (Ind)'],['Thomas MACLENNAN (Ind)'],['Thomas MACLENNAN (Ind)'],['Thomas MACLENNAN (Ind)'],['Thomas MACLENNAN (Ind)'],['Thomas MACLENNAN (Ind)'],['Thomas MACLENNAN (Ind)'],['Bren GORMLEY (SNP)'],['Andrew Phillip BAXTER (Ind)'],['Andrew Phillip BAXTER (Ind)'],['Bren GORMLEY (SNP)'],['Andrew Phillip BAXTER (Ind)'],['Andrew Phillip BAXTER (Ind)'],['Andrew Phillip BAXTER (Ind)'],['Andrew Phillip BAXTER (Ind)'],['Andrew Phillip BAXTER (Ind)'],['Andrew Phillip BAXTER (Ind)'],['Andrew Phillip BAXTER (Ind)'],['Andrew Phillip BAXTER (Ind)'],['Andrew Phillip BAXTER (Ind)'],['Davie CORRIGAN (Ind)'],['Andrew Phillip BAXTER (Ind)']
raw_data/scotland/processed_data/highland12-ballots/BadenochandStrathspeyWard_highland12-21.csv,6,['David FALLOWS (SNP)'],['Jaci DOUGLAS (Ind)'],['Jaci DOUGLAS (Ind)'],['Jaci DOUGLAS (Ind)'],['Jaci DOUGLAS (Ind)'],['Jaci DOUGLAS (Ind)'],['Jaci DOUGLAS (Ind)'],['Jaci DOUGLAS (Ind)'],['Jaci DOUGLAS (Ind)'],['Jaci DOUGLAS (Ind)'],['Jaci DOUGLAS (Ind)'],['Jaci DOUGLAS (Ind)'],['Jaci DOUGLAS (Ind)'],['Jaci DOUGLAS (Ind)'],['Jaci DOUGLAS (Ind)'],['David FALLOWS (SNP)'],['Jaci DOUGLAS (Ind)'],['Jaci DOUGLAS (Ind)'],['Jaci DOUGLAS (Ind)'],['Jaci DOUGLAS (Ind)'],['Jaci DOUGLAS (Ind)'],['Jaci DOUGLAS (Ind)'],['Jaci DOUGLAS (Ind)'],['Jaci DOUGLAS (Ind)'],['Jaci DOUGLAS (Ind)'],['Jaci DOUGLAS (Ind)'],['Jaci DOUGLAS (Ind)'],['Jaci DOUGLAS (Ind)'],['Jaci DOUGLAS (Ind)'],['Jaci DOUGLAS (Ind)']
raw_data/scotland/processed_data/s-lanarks12-ballots/Ward13-CambuslangWest_s-lanarks12-13.csv,5,['Russell CLEARIE (Lab)'],['Russell CLEARIE (Lab)'],['Russell CLEARIE (Lab)'],['Russell CLEARIE (Lab)'],['Russell CLEARIE (Lab)'],['Russell CLEARIE (Lab)'],['Russell CLEARIE (Lab)'],['Russell CLEARIE (Lab)'],['Russell CLEARIE (Lab)'],['Russell CLEARIE (Lab)'],['Russell CLEARIE (Lab)'],['Russell CLEARIE (Lab)'],['Russell CLEARIE (Lab)'],['Russell CLEARIE (Lab)'],['Russell CLEARIE (Lab)'],['Russell CLEARIE (Lab)'],['Russell CLEARIE (Lab)'],['Russell CLEARIE (Lab)'],['Russell CLEARIE (Lab)'],['Russell CLEARIE (Lab)'],['Russell CLEARIE (Lab)'],['Russell CLEARIE (Lab)'],['Russell CLEARIE (Lab)'],['Russell CLEARIE (Lab)'],['Russell CLEARIE (Lab)'],['Russell CLEARIE (Lab)'],['Russell CLEARIE (Lab)'],['Russell CLEARIE (Lab)'],['Russell CLEARIE (Lab)'],['Russell CLEARIE (Lab)']
raw_data/scotland/processed_data/s-lanarks12-ballots/Ward20-Larkhall_s-lanarks12-20.csv,4,['Jackie BURNS (Lab)'],['Jackie BURNS (Lab)'],['Jackie BURNS (Lab)'],['Jackie BURNS (Lab)'],['Jackie BURNS (Lab)'],['Jackie BURNS (Lab)'],['Jackie BURNS (Lab)'],['Jackie BURNS (Lab)'],['Jackie BURNS (Lab)'],['Jackie BURNS (Lab)'],['Jackie BURNS (Lab)'],['Jackie BURNS (Lab)'],['Jackie BURNS (Lab)'],['Jackie BURNS (Lab)'],['Jackie BURNS (Lab)'],['Jackie BURNS (Lab)'],['Jackie BURNS (Lab)'],['Jackie BURNS (Lab)'],['Jackie BURNS (Lab)'],['Jackie BURNS (Lab)'],['Jackie BURNS (Lab)'],['Jackie BURNS (Lab)'],['Jackie BURNS (Lab)'],['Jackie BURNS (Lab)'],['Jackie BURNS (Lab)'],['Jackie BURNS (Lab)'],['Jackie BURNS (Lab)'],['Jackie BURNS (Lab)'],['Jackie BURNS (Lab)'],['Jackie BURNS (Lab)']
raw_data/scotland/processed_data/s-lanarks12-ballots/Ward15-Blantyre_s-lanarks12-15.csv,7,['Hugh DUNSMUIR (Lab)'],['Hugh DUNSMUIR (Lab)'],['Hugh DUNSMUIR (Lab)'],['Hugh DUNSMUIR (Lab)'],['Hugh DUNSMUIR (Lab)'],['Hugh DUNSMUIR (Lab)'],['Hugh DUNSMUIR (Lab)'],['Hugh DUNSMUIR (Lab)'],['Hugh DUNSMUIR (Lab)'],['Hugh DUNSMUIR (Lab)'],['Hugh DUNSMUIR (Lab)'],['Hugh DUNSMUIR (Lab)'],['Hugh DUNSMUIR (Lab)'],['Hugh DUNSMUIR (Lab)'],['Hugh DUNSMUIR (Lab)'],['Hugh DUNSMUIR (Lab)'],['Hugh DUNSMUIR (Lab)'],['Hugh DUNSMUIR (Lab)'],['Hugh DUNSMUIR (Lab)'],['Hugh DUNSMUIR (Lab)'],['Hugh DUNSMUIR (Lab)'],['Hugh DUNSMUIR (Lab)'],['Hugh DUNSMUIR (Lab)'],['Hugh DUNSMUIR (Lab)'],['Hugh DUNSMUIR (Lab)'],['Hugh DUNSMUIR (Lab)'],['Hugh DUNSMUIR (Lab)'],['Hugh DUNSMUIR (Lab)'],['Hugh DUNSMUIR (Lab)'],['Hugh DUNSMUIR (Lab)']
raw_data/scotland/processed_data/s-lanarks12-ballots/Ward1-ClydesdaleWest_s-lanarks12-01.csv,7,['Eileen LOGAN (Lab)'],['Eileen LOGAN (Lab)'],['Eileen LOGAN (Lab)'],['Eileen LOGAN (Lab)'],['Eileen LOGAN (Lab)'],['Eileen LOGAN (Lab)'],['Eileen LOGAN (Lab)'],['Eileen LOGAN (Lab)'],['Eileen LOGAN (Lab)'],['Eileen LOGAN (Lab)'],['Eileen LOGAN (Lab)'],['Eileen LOGAN (Lab)'],['Eileen LOGAN (Lab)'],['Eileen LOGAN (Lab)'],['Eileen LOGAN (Lab)'],['Eileen LOGAN (Lab)'],['Eileen LOGAN (Lab)'],['Eileen LOGAN (Lab)'],['Eileen LOGAN (Lab)'],['Eileen LOGAN (Lab)'],['Eileen LOGAN (Lab)'],['Eileen LOGAN (Lab)'],['Eileen LOGAN (Lab)'],['Eileen LOGAN (Lab)'],['Eileen LOGAN (Lab)'],['Eileen LOGAN (Lab)'],['Eileen LOGAN (Lab)'],['Eileen LOGAN (Lab)'],['Eileen LOGAN (Lab)'],['Eileen LOGAN (Lab)']
raw_data/scotland/processed_data/s-lanarks12-ballots/Ward19-HamiltonSouth_s-lanarks12-19.csv,5,['Joe LOWE (Lab)'],['Joe LOWE (Lab)'],['Joe LOWE (Lab)'],['Joe LOWE (Lab)'],['Joe LOWE (Lab)'],['Joe LOWE (Lab)'],['Joe LOWE (Lab)'],['Joe LOWE (Lab)'],['Joe LOWE (Lab)'],['Joe LOWE (Lab)'],['Joe LOWE (Lab)'],['Joe LOWE (Lab)'],['Joe LOWE (Lab)'],['Joe LOWE (Lab)'],['Joe LOWE (Lab)'],['Joe LOWE (Lab)'],['Joe LOWE (Lab)'],['Joe LOWE (Lab)'],['Joe LOWE (Lab)'],['Joe LOWE (Lab)'],['Joe LOWE (Lab)'],['Joe LOWE (Lab)'],['Joe LOWE (Lab)'],['Joe LOWE (Lab)'],['Joe LOWE (Lab)'],['Joe LOWE (Lab)'],['Joe LOWE (Lab)'],['Joe LOWE (Lab)'],['Joe LOWE (Lab)'],['Joe LOWE (Lab)']
raw_data/scotland/processed_data/s-lanarks12-ballots/Ward7-EastKilbrideCentralSouth_s-lanarks12-07.csv,4,['Gerry CONVERY (Lab)'],['Gerry CONVERY (Lab)'],['Gerry CONVERY (Lab)'],['Gerry CONVERY (Lab)'],['Gerry CONVERY (Lab)'],['Gerry CONVERY (Lab)'],['Gerry CONVERY (Lab)'],['Gerry CONVERY (Lab)'],['Gerry CONVERY (Lab)'],['Gerry CONVERY (Lab)'],['Gerry CONVERY (Lab)'],['Gerry CONVERY (Lab)'],['Gerry CONVERY (Lab)'],['Gerry CONVERY (Lab)'],['Gerry CONVERY (Lab)'],['Gerry CONVERY (Lab)'],['Gerry CONVERY (Lab)'],['Gerry CONVERY (Lab)'],['Gerry CONVERY (Lab)'],['Gerry CONVERY (Lab)'],['Gerry CONVERY (Lab)'],['Gerry CONVERY (Lab)'],['Gerry CONVERY (Lab)'],['Gerry CONVERY (Lab)'],['Gerry CONVERY (Lab)'],['Gerry CONVERY (Lab)'],['Gerry CONVERY (Lab)'],['Gerry CONVERY (Lab)'],['Gerry CONVERY (Lab)'],['Gerry CONVERY (Lab)']
raw_data/scotland/processed_data/s-lanarks12-ballots/Ward14-CambuslangEast_s-lanarks12-14.csv,4,['Walter BROGAN (Lab)'],['Walter BROGAN (Lab)'],['Walter BROGAN (Lab)'],['Walter BROGAN (Lab)'],['Walter BROGAN (Lab)'],['Walter BROGAN (Lab)'],['Walter BROGAN (Lab)'],['Walter BROGAN (Lab)'],['Walter BROGAN (Lab)'],['Walter BROGAN (Lab)'],['Walter BROGAN (Lab)'],['Walter BROGAN (Lab)'],['Walter BROGAN (Lab)'],['Walter BROGAN (Lab)'],['Walter BROGAN (Lab)'],['Walter BROGAN (Lab)'],['Walter BROGAN (Lab)'],['Walter BROGAN (Lab)'],['Walter BROGAN (Lab)'],['Walter BROGAN (Lab)'],['Walter BROGAN (Lab)'],['Walter BROGAN (Lab)'],['Walter BROGAN (Lab)'],['Walter BROGAN (Lab)'],['Walter BROGAN (Lab)'],['Walter BROGAN (Lab)'],['Walter BROGAN (Lab)'],['Walter BROGAN (Lab)'],['Walter BROGAN (Lab)'],['Walter BROGAN (Lab)']
raw_data/scotland/processed_data/s-lanarks12-ballots/Ward12-RutherglenCentralandNorth_s-lanarks12-12.csv,5,['Edward McAVOY (Lab)'],['Edward McAVOY (Lab)'],['Edward McAVOY (Lab)'],['Edward McAVOY (Lab)'],['Edward McAVOY (Lab)'],['Edward McAVOY (Lab)'],['Edward McAVOY (Lab)'],['Edward McAVOY (Lab)'],['Edward McAVOY (Lab)'],['Edward McAVOY (Lab)'],['Edward McAVOY (Lab)'],['Edward McAVOY (Lab)'],['Edward McAVOY (Lab)'],['Edward McAVOY (Lab)'],['Edward McAVOY (Lab)'],['Edward McAVOY (Lab)'],['Edward McAVOY (Lab)'],['Edward McAVOY (Lab)'],['Edward McAVOY (Lab)'],['Edward McAVOY (Lab)'],['Edward McAVOY (Lab)'],['Edward McAVOY (Lab)'],['Edward McAVOY (Lab)'],['Edward McAVOY (Lab)'],['Edward McAVOY (Lab)'],['Edward McAVOY (Lab)'],['Edward McAVOY (Lab)'],['Edward McAVOY (Lab)'],['Edward McAVOY (Lab)'],['Edward McAVOY (Lab)']
raw_data/scotland/processed_data/s-lanarks12-ballots/Ward8-EastKilbrideCentralNorth_s-lanarks12-08.csv,6,['Anne MAGGS (SNP)'],['Anne MAGGS (SNP)'],['Anne MAGGS (SNP)'],['Anne MAGGS (SNP)'],['Anne MAGGS (SNP)'],['Anne MAGGS (SNP)'],['Anne MAGGS (SNP)'],['Anne MAGGS (SNP)'],['Anne MAGGS (SNP)'],['Anne MAGGS (SNP)'],['Anne MAGGS (SNP)'],['Anne MAGGS (SNP)'],['Anne MAGGS (SNP)'],['Anne MAGGS (SNP)'],['Anne MAGGS (SNP)'],['Anne MAGGS (SNP)'],['Anne MAGGS (SNP)'],['Anne MAGGS (SNP)'],['Anne MAGGS (SNP)'],['Anne MAGGS (SNP)'],['Anne MAGGS (SNP)'],['Anne MAGGS (SNP)'],['Anne MAGGS (SNP)'],['Anne MAGGS (SNP)'],['Anne MAGGS (SNP)'],['Anne MAGGS (SNP)'],['Anne MAGGS (SNP)'],['Anne MAGGS (SNP)'],['Anne MAGGS (SNP)'],['Anne MAGGS (SNP)']
raw_data/scotland/processed_data/s-lanarks12-ballots/Ward17-HamiltonNorthandEast_s-lanarks12-17.csv,5,['Davie McLACHLAN (Lab)'],['Davie McLACHLAN (Lab)'],['Davie McLACHLAN (Lab)'],['Davie McLACHLAN (Lab)'],['Davie McLACHLAN (Lab)'],['Davie McLACHLAN (Lab)'],['Davie McLACHLAN (Lab)'],['Davie McLACHLAN (Lab)'],['Davie McLACHLAN (Lab)'],['Davie McLACHLAN (Lab)'],['Davie McLACHLAN (Lab)'],['Davie McLACHLAN (Lab)'],['Davie McLACHLAN (Lab)'],['Davie McLACHLAN (Lab)'],['Davie McLACHLAN (Lab)'],['Davie McLACHLAN (Lab)'],['Davie McLACHLAN (Lab)'],['Davie McLACHLAN (Lab)'],['Davie McLACHLAN (Lab)'],['Davie McLACHLAN (Lab)'],['Davie McLACHLAN (Lab)'],['Davie McLACHLAN (Lab)'],['Davie McLACHLAN (Lab)'],['Davie McLACHLAN (Lab)'],['Davie McLACHLAN (Lab)'],['Davie McLACHLAN (Lab)'],['Davie McLACHLAN (Lab)'],['Davie McLACHLAN (Lab)'],['Davie McLACHLAN (Lab)'],['Davie McLACHLAN (Lab)']
raw_data/scotland/processed_data/s-lanarks12-ballots/Ward9-EastKilbrideWest_s-lanarks12-09.csv,4,['David WATSON (SNP)'],['David WATSON (SNP)'],['David WATSON (SNP)'],['David WATSON (SNP)'],['David WATSON (SNP)'],['David WATSON (SNP)'],['David WATSON (SNP)'],['David WATSON (SNP)'],['David WATSON (SNP)'],['David WATSON (SNP)'],['David WATSON (SNP)'],['David WATSON (SNP)'],['David WATSON (SNP)'],['David WATSON (SNP)'],['David WATSON (SNP)'],['David WATSON (SNP)'],['David WATSON (SNP)'],['David WATSON (SNP)'],['David WATSON (SNP)'],['David WATSON (SNP)'],['David WATSON (SNP)'],['David WATSON (SNP)'],['David WATSON (SNP)'],['David WATSON (SNP)'],['David WATSON (SNP)'],['David WATSON (SNP)'],['David WATSON (SNP)'],['David WATSON (SNP)'],['David WATSON (SNP)'],['David WATSON (SNP)']
raw_data/scotland/processed_data/s-lanarks12-ballots/Ward10-EastKilbrideEast_s-lanarks12-10.csv,4,['John CAIRNEY (Lab)'],['John CAIRNEY (Lab)'],['John CAIRNEY (Lab)'],['John CAIRNEY (Lab)'],['John CAIRNEY (Lab)'],['John CAIRNEY (Lab)'],['John CAIRNEY (Lab)'],['John CAIRNEY (Lab)'],['John CAIRNEY (Lab)'],['John CAIRNEY (Lab)'],['John CAIRNEY (Lab)'],['John CAIRNEY (Lab)'],['John CAIRNEY (Lab)'],['John CAIRNEY (Lab)'],['John CAIRNEY (Lab)'],['John CAIRNEY (Lab)'],['John CAIRNEY (Lab)'],['John CAIRNEY (Lab)'],['John CAIRNEY (Lab)'],['John CAIRNEY (Lab)'],['John CAIRNEY (Lab)'],['John CAIRNEY (Lab)'],['John CAIRNEY (Lab)'],['John CAIRNEY (Lab)'],['John CAIRNEY (Lab)'],['John CAIRNEY (Lab)'],['John CAIRNEY (Lab)'],['John CAIRNEY (Lab)'],['John CAIRNEY (Lab)'],['John CAIRNEY (Lab)']
raw_data/scotland/processed_data/s-lanarks12-ballots/Ward6-EastKilbrideSouth_s-lanarks12-06.csv,6,['Archie BUCHANAN (SNP)'],['Archie BUCHANAN (SNP)'],['Archie BUCHANAN (SNP)'],['Archie BUCHANAN (SNP)'],['Archie BUCHANAN (SNP)'],['Archie BUCHANAN (SNP)'],['Archie BUCHANAN (SNP)'],['Archie BUCHANAN (SNP)'],['Archie BUCHANAN (SNP)'],['Archie BUCHANAN (SNP)'],['Archie BUCHANAN (SNP)'],['Archie BUCHANAN (SNP)'],['Archie BUCHANAN (SNP)'],['Archie BUCHANAN (SNP)'],['Archie BUCHANAN (SNP)'],['Archie BUCHANAN (SNP)'],['Archie BUCHANAN (SNP)'],['Archie BUCHANAN (SNP)'],['Archie BUCHANAN (SNP)'],['Archie BUCHANAN (SNP)'],['Archie BUCHANAN (SNP)'],['Archie BUCHANAN (SNP)'],['Archie BUCHANAN (SNP)'],['Archie BUCHANAN (SNP)'],['Archie BUCHANAN (SNP)'],['Archie BUCHANAN (SNP)'],['Archie BUCHANAN (SNP)'],['Archie BUCHANAN (SNP)'],['Archie BUCHANAN (SNP)'],['Archie BUCHANAN (SNP)']
raw_data/scotland/processed_data/s-lanarks12-ballots/Ward3-ClydesdaleEast_s-lanarks12-03.csv,4,['Bev GAULD (SNP)'],['Bev GAULD (SNP)'],['Bev GAULD (SNP)'],['Bev GAULD (SNP)'],['Bev GAULD (SNP)'],['Bev GAULD (SNP)'],['Bev GAULD (SNP)'],['Bev GAULD (SNP)'],['Bev GAULD (SNP)'],['Bev GAULD (SNP)'],['Bev GAULD (SNP)'],['Bev GAULD (SNP)'],['Bev GAULD (SNP)'],['Bev GAULD (SNP)'],['Bev GAULD (SNP)'],['Bev GAULD (SNP)'],['Bev GAULD (SNP)'],['Bev GAULD (SNP)'],['Bev GAULD (SNP)'],['Bev GAULD (SNP)'],['Bev GAULD (SNP)'],['Bev GAULD (SNP)'],['Bev GAULD (SNP)'],['Bev GAULD (SNP)'],['Bev GAULD (SNP)'],['Bev GAULD (SNP)'],['Bev GAULD (SNP)'],['Bev GAULD (SNP)'],['Bev GAULD (SNP)'],['Bev GAULD (SNP)']
raw_data/scotland/processed_data/s-lanarks12-ballots/Ward5-AvondaleandStonehouse_s-lanarks12-05.csv,9,['Isobel DORMAN (SNP)'],['Isobel DORMAN (SNP)'],['Isobel DORMAN (SNP)'],['Isobel DORMAN (SNP)'],['Isobel DORMAN (SNP)'],['Isobel DORMAN (SNP)'],['Isobel DORMAN (SNP)'],['Isobel DORMAN (SNP)'],['Isobel DORMAN (SNP)'],['Isobel DORMAN (SNP)'],['Isobel DORMAN (SNP)'],['Isobel DORMAN (SNP)'],['Isobel DORMAN (SNP)'],['Isobel DORMAN (SNP)'],['Isobel DORMAN (SNP)'],['Isobel DORMAN (SNP)'],['Isobel DORMAN (SNP)'],['Isobel DORMAN (SNP)'],['Isobel DORMAN (SNP)'],['Isobel DORMAN (SNP)'],['Isobel DORMAN (SNP)'],['Isobel DORMAN (SNP)'],['Isobel DORMAN (SNP)'],['Isobel DORMAN (SNP)'],['Isobel DORMAN (SNP)'],['Isobel DORMAN (SNP)'],['Isobel DORMAN (SNP)'],['Isobel DORMAN (SNP)'],['Isobel DORMAN (SNP)'],['Isobel DORMAN (SNP)']
raw_data/scotland/processed_data/s-lanarks12-ballots/Ward16-BothwellandUddingston_s-lanarks12-16.csv,3,['Maureen DEVLIN (Lab)'],['Jim McGUIGAN (SNP)'],['Jim McGUIGAN (SNP)'],['Maureen DEVLIN (Lab)'],['Jim McGUIGAN (SNP)'],['Jim McGUIGAN (SNP)'],['Jim McGUIGAN (SNP)'],['Jim McGUIGAN (SNP)'],['Jim McGUIGAN (SNP)'],['Jim McGUIGAN (SNP)'],['Jim McGUIGAN (SNP)'],['Jim McGUIGAN (SNP)'],['Jim McGUIGAN (SNP)'],['Maureen DEVLIN (Lab)'],['Jim McGUIGAN (SNP)'],['Maureen DEVLIN (Lab)'],['Jim McGUIGAN (SNP)'],['Jim McGUIGAN (SNP)'],['Maureen DEVLIN (Lab)'],['Jim McGUIGAN (SNP)'],['Jim McGUIGAN (SNP)'],['Jim McGUIGAN (SNP)'],['Jim McGUIGAN (SNP)'],['Jim McGUIGAN (SNP)'],['Jim McGUIGAN (SNP)'],['Jim McGUIGAN (SNP)'],['Jim McGUIGAN (SNP)'],['Jim McGUIGAN (SNP)'],['Maureen DEVLIN (Lab)'],['Jim McGUIGAN (SNP)']
raw_data/scotland/processed_data/s-lanarks12-ballots/Ward11-RutherglenSouth_s-lanarks12-11.csv,5,['Brian McKENNA (Lab)'],['Brian McKENNA (Lab)'],['Brian McKENNA (Lab)'],['Brian McKENNA (Lab)'],['Brian McKENNA (Lab)'],['Brian McKENNA (Lab)'],['Brian McKENNA (Lab)'],['Brian McKENNA (Lab)'],['Brian McKENNA (Lab)'],['Brian McKENNA (Lab)'],['Brian McKENNA (Lab)'],['Brian McKENNA (Lab)'],['Brian McKENNA (Lab)'],['Brian McKENNA (Lab)'],['Brian McKENNA (Lab)'],['Brian McKENNA (Lab)'],['Brian McKENNA (Lab)'],['Brian McKENNA (Lab)'],['Brian McKENNA (Lab)'],['Brian McKENNA (Lab)'],['Brian McKENNA (Lab)'],['Brian McKENNA (Lab)'],['Brian McKENNA (Lab)'],['Brian McKENNA (Lab)'],['Brian McKENNA (Lab)'],['Brian McKENNA (Lab)'],['Brian McKENNA (Lab)'],['Brian McKENNA (Lab)'],['Brian McKENNA (Lab)'],['Brian McKENNA (Lab)']
raw_data/scotland/processed_data/s-lanarks12-ballots/Ward4-ClydesdaleSouth_s-lanarks12-04.csv,4,['Archie MANSON (SNP)'],['Archie MANSON (SNP)'],['Archie MANSON (SNP)'],['Archie MANSON (SNP)'],['Archie MANSON (SNP)'],['Archie MANSON (SNP)'],['Archie MANSON (SNP)'],['Archie MANSON (SNP)'],['Archie MANSON (SNP)'],['Archie MANSON (SNP)'],['Archie MANSON (SNP)'],['Archie MANSON (SNP)'],['Archie MANSON (SNP)'],['Archie MANSON (SNP)'],['Archie MANSON (SNP)'],['Archie MANSON (SNP)'],['Archie MANSON (SNP)'],['Archie MANSON (SNP)'],['Archie MANSON (SNP)'],['Archie MANSON (SNP)'],['Archie MANSON (SNP)'],['Archie MANSON (SNP)'],['Archie MANSON (SNP)'],['Archie MANSON (SNP)'],['Archie MANSON (SNP)'],['Archie MANSON (SNP)'],['Archie MANSON (SNP)'],['Archie MANSON (SNP)'],['Archie MANSON (SNP)'],['Archie MANSON (SNP)']
raw_data/scotland/processed_data/s-lanarks12-ballots/Ward2-ClydesdaleNorth_s-lanarks12-02.csv,4,['Catherine McCLYMONT (Lab)'],['Catherine McCLYMONT (Lab)'],['Catherine McCLYMONT (Lab)'],['Catherine McCLYMONT (Lab)'],['Catherine McCLYMONT (Lab)'],['Catherine McCLYMONT (Lab)'],['Catherine McCLYMONT (Lab)'],['Catherine McCLYMONT (Lab)'],['Catherine McCLYMONT (Lab)'],['Catherine McCLYMONT (Lab)'],['Catherine McCLYMONT (Lab)'],['Catherine McCLYMONT (Lab)'],['Catherine McCLYMONT (Lab)'],['Catherine McCLYMONT (Lab)'],['Catherine McCLYMONT (Lab)'],['Catherine McCLYMONT (Lab)'],['Catherine McCLYMONT (Lab)'],['Catherine McCLYMONT (Lab)'],['Catherine McCLYMONT (Lab)'],['Catherine McCLYMONT (Lab)'],['Catherine McCLYMONT (Lab)'],['Catherine McCLYMONT (Lab)'],['Catherine McCLYMONT (Lab)'],['Catherine McCLYMONT (Lab)'],['Catherine McCLYMONT (Lab)'],['Catherine McCLYMONT (Lab)'],['Catherine McCLYMONT (Lab)'],['Catherine McCLYMONT (Lab)'],['Catherine McCLYMONT (Lab)'],['Catherine McCLYMONT (Lab)']
raw_data/scotland/processed_data/s-lanarks12-ballots/Ward18-HamiltonWestandEarnock_s-lanarks12-18.csv,5,['Allan FALCONER (Lab)'],['Allan FALCONER (Lab)'],['Allan FALCONER (Lab)'],['Allan FALCONER (Lab)'],['Allan FALCONER (Lab)'],['Allan FALCONER (Lab)'],['Allan FALCONER (Lab)'],['Allan FALCONER (Lab)'],['Allan FALCONER (Lab)'],['Allan FALCONER (Lab)'],['Allan FALCONER (Lab)'],['Allan FALCONER (Lab)'],['Allan FALCONER (Lab)'],['Allan FALCONER (Lab)'],['Allan FALCONER (Lab)'],['Allan FALCONER (Lab)'],['Allan FALCONER (Lab)'],['Allan FALCONER (Lab)'],['Allan FALCONER (Lab)'],['Allan FALCONER (Lab)'],['Allan FALCONER (Lab)'],['Allan FALCONER (Lab)'],['Allan FALCONER (Lab)'],['Allan FALCONER (Lab)'],['Allan FALCONER (Lab)'],['Allan FALCONER (Lab)'],['Allan FALCONER (Lab)'],['Allan FALCONER (Lab)'],['Allan FALCONER (Lab)'],['Allan FALCONER (Lab)']
raw_data/scotland/processed_data/falkirk22/Ward5-BonnybridgeandLarbert_ward5.csv,5,['Bryan DEAKIN (SNP)'],['Billy BUCHANAN (Ind)'],['Billy BUCHANAN (Ind)'],['Billy BUCHANAN (Ind)'],['Billy BUCHANAN (Ind)'],['Billy BUCHANAN (Ind)'],['Billy BUCHANAN (Ind)'],['Billy BUCHANAN (Ind)'],['Billy BUCHANAN (Ind)'],['Billy BUCHANAN (Ind)'],['Billy BUCHANAN (Ind)'],['Billy BUCHANAN (Ind)'],['Billy BUCHANAN (Ind)'],['Billy BUCHANAN (Ind)'],['Billy BUCHANAN (Ind)'],['Bryan DEAKIN (SNP)'],['Billy BUCHANAN (Ind)'],['Billy BUCHANAN (Ind)'],['Billy BUCHANAN (Ind)'],['Billy BUCHANAN (Ind)'],['Billy BUCHANAN (Ind)'],['Billy BUCHANAN (Ind)'],['Billy BUCHANAN (Ind)'],['Billy BUCHANAN (Ind)'],['Billy BUCHANAN (Ind)'],['Billy BUCHANAN (Ind)'],['Billy BUCHANAN (Ind)'],['Billy BUCHANAN (Ind)'],['Billy BUCHANAN (Ind)'],['Billy BUCHANAN (Ind)']
raw_data/scotland/processed_data/falkirk22/Ward8-LowerBraes_ward8.csv,6,['Gordon FORREST (SNP)'],['Anne HANNAH (Lab)'],['Anne HANNAH (Lab)'],['Anne HANNAH (Lab)'],['Anne HANNAH (Lab)'],['Anne HANNAH (Lab)'],['Anne HANNAH (Lab)'],['Anne HANNAH (Lab)'],['Anne HANNAH (Lab)'],['Anne HANNAH (Lab)'],['Anne HANNAH (Lab)'],['Anne HANNAH (Lab)'],['Anne HANNAH (Lab)'],['Anne HANNAH (Lab)'],['Anne HANNAH (Lab)'],['Gordon FORREST (SNP)'],['Anne HANNAH (Lab)'],['Anne HANNAH (Lab)'],['Anne HANNAH (Lab)'],['Anne HANNAH (Lab)'],['Anne HANNAH (Lab)'],['Anne HANNAH (Lab)'],['Anne HANNAH (Lab)'],['Anne HANNAH (Lab)'],['Anne HANNAH (Lab)'],['Anne HANNAH (Lab)'],['Anne HANNAH (Lab)'],['Anne HANNAH (Lab)'],['Anne HANNAH (Lab)'],['Anne HANNAH (Lab)']
raw_data/scotland/processed_data/falkirk22/Ward1-Bo'nessandBlackness_ward1.csv,6,['Ann RITCHIE (Ind)'],['Ann RITCHIE (Ind)'],['Ann RITCHIE (Ind)'],['Ann RITCHIE (Ind)'],['Ann RITCHIE (Ind)'],['Ann RITCHIE (Ind)'],['Ann RITCHIE (Ind)'],['Ann RITCHIE (Ind)'],['Ann RITCHIE (Ind)'],['Ann RITCHIE (Ind)'],['Ann RITCHIE (Ind)'],['Ann RITCHIE (Ind)'],['Ann RITCHIE (Ind)'],['Ann RITCHIE (Ind)'],['Ann RITCHIE (Ind)'],['Ann RITCHIE (Ind)'],['Ann RITCHIE (Ind)'],['Ann RITCHIE (Ind)'],['Ann RITCHIE (Ind)'],['Ann RITCHIE (Ind)'],['Ann RITCHIE (Ind)'],['Ann RITCHIE (Ind)'],['Ann RITCHIE (Ind)'],['Ann RITCHIE (Ind)'],['Ann RITCHIE (Ind)'],['Ann RITCHIE (Ind)'],['Ann RITCHIE (Ind)'],['Ann RITCHIE (Ind)'],['Ann RITCHIE (Ind)'],['Ann RITCHIE (Ind)']
raw_data/scotland/processed_data/falkirk22/Ward2-Grangemouth_ward2.csv,7,['David BALFOUR (SNP)'],['David BALFOUR (SNP)'],['David BALFOUR (SNP)'],['David BALFOUR (SNP)'],['David BALFOUR (SNP)'],['David BALFOUR (SNP)'],['David BALFOUR (SNP)'],['David BALFOUR (SNP)'],['David BALFOUR (SNP)'],['David BALFOUR (SNP)'],['David BALFOUR (SNP)'],['David BALFOUR (SNP)'],['David BALFOUR (SNP)'],['David BALFOUR (SNP)'],['David BALFOUR (SNP)'],['David BALFOUR (SNP)'],['David BALFOUR (SNP)'],['David BALFOUR (SNP)'],['David BALFOUR (SNP)'],['David BALFOUR (SNP)'],['David BALFOUR (SNP)'],['David BALFOUR (SNP)'],['David BALFOUR (SNP)'],['David BALFOUR (SNP)'],['David BALFOUR (SNP)'],['David BALFOUR (SNP)'],['David BALFOUR (SNP)'],['David BALFOUR (SNP)'],['David BALFOUR (SNP)'],['David BALFOUR (SNP)']
raw_data/scotland/processed_data/falkirk22/Ward7-FalkirkSouth_ward7.csv,5,['Lorna BINNIE (SNP)'],['Lorna BINNIE (SNP)'],['Lorna BINNIE (SNP)'],['Lorna BINNIE (SNP)'],['Lorna BINNIE (SNP)'],['Lorna BINNIE (SNP)'],['Lorna BINNIE (SNP)'],['Lorna BINNIE (SNP)'],['Lorna BINNIE (SNP)'],['Lorna BINNIE (SNP)'],['Lorna BINNIE (SNP)'],['Lorna BINNIE (SNP)'],['Lorna BINNIE (SNP)'],['Euan STAINBANK (Lab)'],['Lorna BINNIE (SNP)'],['Lorna BINNIE (SNP)'],['Lorna BINNIE (SNP)'],['Lorna BINNIE (SNP)'],['Lorna BINNIE (SNP)'],['Lorna BINNIE (SNP)'],['Lorna BINNIE (SNP)'],['Lorna BINNIE (SNP)'],['Lorna BINNIE (SNP)'],['Lorna BINNIE (SNP)'],['Lorna BINNIE (SNP)'],['Lorna BINNIE (SNP)'],['Lorna BINNIE (SNP)'],['Lorna BINNIE (SNP)'],['Euan STAINBANK (Lab)'],['Lorna BINNIE (SNP)']
raw_data/scotland/processed_data/falkirk22/Ward6-FalkirkNorth_ward6.csv,5,['Cecil MEIKLEJOHN (SNP)'],['Cecil MEIKLEJOHN (SNP)'],['Cecil MEIKLEJOHN (SNP)'],['Cecil MEIKLEJOHN (SNP)'],['Cecil MEIKLEJOHN (SNP)'],['Cecil MEIKLEJOHN (SNP)'],['Cecil MEIKLEJOHN (SNP)'],['Cecil MEIKLEJOHN (SNP)'],['Cecil MEIKLEJOHN (SNP)'],['Cecil MEIKLEJOHN (SNP)'],['Cecil MEIKLEJOHN (SNP)'],['Cecil MEIKLEJOHN (SNP)'],['Cecil MEIKLEJOHN (SNP)'],['Cecil MEIKLEJOHN (SNP)'],['Cecil MEIKLEJOHN (SNP)'],['Cecil MEIKLEJOHN (SNP)'],['Cecil MEIKLEJOHN (SNP)'],['Cecil MEIKLEJOHN (SNP)'],['Cecil MEIKLEJOHN (SNP)'],['Cecil MEIKLEJOHN (SNP)'],['Cecil MEIKLEJOHN (SNP)'],['Cecil MEIKLEJOHN (SNP)'],['Cecil MEIKLEJOHN (SNP)'],['Cecil MEIKLEJOHN (SNP)'],['Cecil MEIKLEJOHN (SNP)'],['Cecil MEIKLEJOHN (SNP)'],['Cecil MEIKLEJOHN (SNP)'],['Cecil MEIKLEJOHN (SNP)'],['Cecil MEIKLEJOHN (SNP)'],['Cecil MEIKLEJOHN (SNP)']
raw_data/scotland/processed_data/falkirk22/Ward3-DennyandBanknock_ward3.csv,5,['Paul GARNER (SNP)'],['Paul GARNER (SNP)'],['Paul GARNER (SNP)'],['Paul GARNER (SNP)'],['Paul GARNER (SNP)'],['Paul GARNER (SNP)'],['Paul GARNER (SNP)'],['Paul GARNER (SNP)'],['Paul GARNER (SNP)'],['Paul GARNER (SNP)'],['Paul GARNER (SNP)'],['Paul GARNER (SNP)'],['Paul GARNER (SNP)'],['Paul GARNER (SNP)'],['Paul GARNER (SNP)'],['Paul GARNER (SNP)'],['Paul GARNER (SNP)'],['Paul GARNER (SNP)'],['Paul GARNER (SNP)'],['Paul GARNER (SNP)'],['Paul GARNER (SNP)'],['Paul GARNER (SNP)'],['Paul GARNER (SNP)'],['Paul GARNER (SNP)'],['Paul GARNER (SNP)'],['Paul GARNER (SNP)'],['Paul GARNER (SNP)'],['Paul GARNER (SNP)'],['Paul GARNER (SNP)'],['Paul GARNER (SNP)']
raw_data/scotland/processed_data/falkirk22/Ward4-CarseKinnairdandTryst_ward4.csv,5,['Gary BOUSE (SNP)'],['Gary BOUSE (SNP)'],['Gary BOUSE (SNP)'],['Gary BOUSE (SNP)'],['Gary BOUSE (SNP)'],['Gary BOUSE (SNP)'],['Gary BOUSE (SNP)'],['Gary BOUSE (SNP)'],['Gary BOUSE (SNP)'],['Gary BOUSE (SNP)'],['Gary BOUSE (SNP)'],['Gary BOUSE (SNP)'],['Gary BOUSE (SNP)'],['Gary BOUSE (SNP)'],['Gary BOUSE (SNP)'],['Gary BOUSE (SNP)'],['Gary BOUSE (SNP)'],['Gary BOUSE (SNP)'],['Gary BOUSE (SNP)'],['Gary BOUSE (SNP)'],['Gary BOUSE (SNP)'],['Gary BOUSE (SNP)'],['Gary BOUSE (SNP)'],['Gary BOUSE (SNP)'],['Gary BOUSE (SNP)'],['Gary BOUSE (SNP)'],['Gary BOUSE (SNP)'],['Gary BOUSE (SNP)'],['Gary BOUSE (SNP)'],['Gary BOUSE (SNP)']
raw_data/scotland/processed_data/falkirk22/Ward9-UpperBraes_ward9.csv,9,['Jim ROBERTSON (SNP)'],['Jim ROBERTSON (SNP)'],['Jim ROBERTSON (SNP)'],['Jim ROBERTSON (SNP)'],['Jim ROBERTSON (SNP)'],['Jim ROBERTSON (SNP)'],['Jim ROBERTSON (SNP)'],['Jim ROBERTSON (SNP)'],['Jim ROBERTSON (SNP)'],['Jim ROBERTSON (SNP)'],['Jim ROBERTSON (SNP)'],['Jim ROBERTSON (SNP)'],['Jim ROBERTSON (SNP)'],['Siobhan PATERSON (Lab)'],['Jim ROBERTSON (SNP)'],['Jim ROBERTSON (SNP)'],['Jim ROBERTSON (SNP)'],['Jim ROBERTSON (SNP)'],['Jim ROBERTSON (SNP)'],['Siobhan PATERSON (Lab)'],['Jim ROBERTSON (SNP)'],['Jim ROBERTSON (SNP)'],['Jim ROBERTSON (SNP)'],['Jim ROBERTSON (SNP)'],['Jim ROBERTSON (SNP)'],['Jim ROBERTSON (SNP)'],['Jim ROBERTSON (SNP)'],['Jim ROBERTSON (SNP)'],['Siobhan PATERSON (Lab)'],['Jim ROBERTSON (SNP)']
raw_data/scotland/processed_data/dumgal22/Ward12-AnnandaleEastandEskdale_ward12.csv,6,['Karen CARRUTHERS (Con)'],['Karen CARRUTHERS (Con)'],['Karen CARRUTHERS (Con)'],['Karen CARRUTHERS (Con)'],['Archie DRYBURGH (Lab)'],['Karen CARRUTHERS (Con)'],['Karen CARRUTHERS (Con)'],['Karen CARRUTHERS (Con)'],['Karen CARRUTHERS (Con)'],['Karen CARRUTHERS (Con)'],['Karen CARRUTHERS (Con)'],['Karen CARRUTHERS (Con)'],['Karen CARRUTHERS (Con)'],['Karen CARRUTHERS (Con)'],['Karen CARRUTHERS (Con)'],['Karen CARRUTHERS (Con)'],['Karen CARRUTHERS (Con)'],['Karen CARRUTHERS (Con)'],['Karen CARRUTHERS (Con)'],['Archie DRYBURGH (Lab)'],['Karen CARRUTHERS (Con)'],['Karen CARRUTHERS (Con)'],['Karen CARRUTHERS (Con)'],['Karen CARRUTHERS (Con)'],['Karen CARRUTHERS (Con)'],['Karen CARRUTHERS (Con)'],['Karen CARRUTHERS (Con)'],['Karen CARRUTHERS (Con)'],['Karen CARRUTHERS (Con)'],['Karen CARRUTHERS (Con)']
raw_data/scotland/processed_data/dumgal22/Ward1-StranraerandtheRhins_ward1.csv,6,['Andrew GIUSTI (Con)'],['Andrew GIUSTI (Con)'],['Andrew GIUSTI (Con)'],['Willie SCOBIE (Ind)'],['Willie SCOBIE (Ind)'],['Willie SCOBIE (Ind)'],['Willie SCOBIE (Ind)'],['Andrew GIUSTI (Con)'],['Andrew GIUSTI (Con)'],['Andrew GIUSTI (Con)'],['Andrew GIUSTI (Con)'],['Andrew GIUSTI (Con)'],['Andrew GIUSTI (Con)'],['Willie SCOBIE (Ind)'],['Andrew GIUSTI (Con)'],['Andrew GIUSTI (Con)'],['Andrew GIUSTI (Con)'],['Andrew GIUSTI (Con)'],['Andrew GIUSTI (Con)'],['Willie SCOBIE (Ind)'],['Willie SCOBIE (Ind)'],['Willie SCOBIE (Ind)'],['Andrew GIUSTI (Con)'],['Andrew GIUSTI (Con)'],['Andrew GIUSTI (Con)'],['Andrew GIUSTI (Con)'],['Andrew GIUSTI (Con)'],['Andrew GIUSTI (Con)'],['Willie SCOBIE (Ind)'],['Andrew GIUSTI (Con)']
raw_data/scotland/processed_data/dumgal22/Ward3-DeeandGlenkens_ward3.csv,6,['Susan MURDOCH (Con)'],['Susan MURDOCH (Con)'],['Susan MURDOCH (Con)'],['Susan MURDOCH (Con)'],['Andy MCFARLANE (SNP)'],['Dougie CAMPBELL (Ind)'],['Susan MURDOCH (Con)'],['Susan MURDOCH (Con)'],['Susan MURDOCH (Con)'],['Susan MURDOCH (Con)'],['Susan MURDOCH (Con)'],['Susan MURDOCH (Con)'],['Susan MURDOCH (Con)'],['Dougie CAMPBELL (Ind)'],['Susan MURDOCH (Con)'],['Susan MURDOCH (Con)'],['Susan MURDOCH (Con)'],['Susan MURDOCH (Con)'],['Susan MURDOCH (Con)'],['Andy MCFARLANE (SNP)'],['Dougie CAMPBELL (Ind)'],['Dougie CAMPBELL (Ind)'],['Susan MURDOCH (Con)'],['Susan MURDOCH (Con)'],['Susan MURDOCH (Con)'],['Susan MURDOCH (Con)'],['Susan MURDOCH (Con)'],['Susan MURDOCH (Con)'],['Dougie CAMPBELL (Ind)'],['Susan MURDOCH (Con)']
raw_data/scotland/processed_data/dumgal22/Ward7-MidandUpperNithsdale_ward7.csv,4,['Tony BERRETTI (SNP)'],['Jim DEMPSTER (Ind)'],['Jim DEMPSTER (Ind)'],['Jim DEMPSTER (Ind)'],['Jim DEMPSTER (Ind)'],['Jim DEMPSTER (Ind)'],['Jim DEMPSTER (Ind)'],['Jim DEMPSTER (Ind)'],['Jim DEMPSTER (Ind)'],['Jim DEMPSTER (Ind)'],['Jim DEMPSTER (Ind)'],['Jim DEMPSTER (Ind)'],['Jim DEMPSTER (Ind)'],['Jim DEMPSTER (Ind)'],['Jim DEMPSTER (Ind)'],['Tony BERRETTI (SNP)'],['Jim DEMPSTER (Ind)'],['Jim DEMPSTER (Ind)'],['Jim DEMPSTER (Ind)'],['Jim DEMPSTER (Ind)'],['Jim DEMPSTER (Ind)'],['Jim DEMPSTER (Ind)'],['Jim DEMPSTER (Ind)'],['Jim DEMPSTER (Ind)'],['Jim DEMPSTER (Ind)'],['Jim DEMPSTER (Ind)'],['Jim DEMPSTER (Ind)'],['Jim DEMPSTER (Ind)'],['Jim DEMPSTER (Ind)'],['Jim DEMPSTER (Ind)']
raw_data/scotland/processed_data/dumgal22/Ward9-Nith_ward9.csv,5,['John Gillespie CAMPBELL (SNP)'],['John Gillespie CAMPBELL (SNP)'],['John Gillespie CAMPBELL (SNP)'],['John Gillespie CAMPBELL (SNP)'],['John Gillespie CAMPBELL (SNP)'],['John Gillespie CAMPBELL (SNP)'],['John Gillespie CAMPBELL (SNP)'],['John Gillespie CAMPBELL (SNP)'],['John Gillespie CAMPBELL (SNP)'],['John Gillespie CAMPBELL (SNP)'],['John Gillespie CAMPBELL (SNP)'],['John Gillespie CAMPBELL (SNP)'],['John Gillespie CAMPBELL (SNP)'],['Keith WALTERS (Lab)'],['John Gillespie CAMPBELL (SNP)'],['John Gillespie CAMPBELL (SNP)'],['John Gillespie CAMPBELL (SNP)'],['John Gillespie CAMPBELL (SNP)'],['John Gillespie CAMPBELL (SNP)'],['John Gillespie CAMPBELL (SNP)'],['John Gillespie CAMPBELL (SNP)'],['John Gillespie CAMPBELL (SNP)'],['John Gillespie CAMPBELL (SNP)'],['John Gillespie CAMPBELL (SNP)'],['John Gillespie CAMPBELL (SNP)'],['John Gillespie CAMPBELL (SNP)'],['John Gillespie CAMPBELL (SNP)'],['John Gillespie CAMPBELL (SNP)'],['Keith WALTERS (Lab)'],['John Gillespie CAMPBELL (SNP)']
raw_data/scotland/processed_data/dumgal22/Ward10-AnnandaleSouth_ward10.csv,5,['Ian CARRUTHERS (Con)'],['Sean MARSHALL (Lab)'],['Ian CARRUTHERS (Con)'],['Richard John BRODIE (LD)'],['Richard John BRODIE (LD)'],['Richard John BRODIE (LD)'],['Ian CARRUTHERS (Con)'],['Richard John BRODIE (LD)'],['Richard John BRODIE (LD)'],['Richard John BRODIE (LD)'],['Richard John BRODIE (LD)'],['Richard John BRODIE (LD)'],['Richard John BRODIE (LD)'],['Richard John BRODIE (LD)'],['Richard John BRODIE (LD)'],['Ian CARRUTHERS (Con)'],['Sean MARSHALL (Lab)'],['Ian CARRUTHERS (Con)'],['Ian CARRUTHERS (Con)'],['Richard John BRODIE (LD)'],['Richard John BRODIE (LD)'],['Richard John BRODIE (LD)'],['Richard John BRODIE (LD)'],['Richard John BRODIE (LD)'],['Richard John BRODIE (LD)'],['Richard John BRODIE (LD)'],['Richard John BRODIE (LD)'],['Richard John BRODIE (LD)'],['Richard John BRODIE (LD)'],['Richard John BRODIE (LD)']
raw_data/scotland/processed_data/dumgal22/Ward2-MidGallowayandWigtownWest_ward2.csv,4,['David INGLIS (Con)'],['David INGLIS (Con)'],['David INGLIS (Con)'],['David INGLIS (Con)'],['Katie HAGMANN (SNP)'],['David INGLIS (Con)'],['David INGLIS (Con)'],['David INGLIS (Con)'],['David INGLIS (Con)'],['David INGLIS (Con)'],['David INGLIS (Con)'],['David INGLIS (Con)'],['David INGLIS (Con)'],['David INGLIS (Con)'],['David INGLIS (Con)'],['David INGLIS (Con)'],['David INGLIS (Con)'],['David INGLIS (Con)'],['David INGLIS (Con)'],['Katie HAGMANN (SNP)'],['David INGLIS (Con)'],['David INGLIS (Con)'],['David INGLIS (Con)'],['David INGLIS (Con)'],['David INGLIS (Con)'],['David INGLIS (Con)'],['David INGLIS (Con)'],['David INGLIS (Con)'],['David INGLIS (Con)'],['David INGLIS (Con)']
raw_data/scotland/processed_data/dumgal22/Ward8-Lochar_ward8.csv,4,['Ivor HYSLOP (Con)'],['Tracey LITTLE (SNP)'],['Tracey LITTLE (SNP)'],['Ivor HYSLOP (Con)'],['Tracey LITTLE (SNP)'],['Tracey LITTLE (SNP)'],['Tracey LITTLE (SNP)'],['Tracey LITTLE (SNP)'],['Tracey LITTLE (SNP)'],['Tracey LITTLE (SNP)'],['Tracey LITTLE (SNP)'],['Tracey LITTLE (SNP)'],['Tracey LITTLE (SNP)'],['Linda DORWARD (Lab)'],['Tracey LITTLE (SNP)'],['Ivor HYSLOP (Con)'],['Tracey LITTLE (SNP)'],['Tracey LITTLE (SNP)'],['Ivor HYSLOP (Con)'],['Tracey LITTLE (SNP)'],['Tracey LITTLE (SNP)'],['Tracey LITTLE (SNP)'],['Tracey LITTLE (SNP)'],['Tracey LITTLE (SNP)'],['Tracey LITTLE (SNP)'],['Tracey LITTLE (SNP)'],['Tracey LITTLE (SNP)'],['Tracey LITTLE (SNP)'],['Linda DORWARD (Lab)'],['Tracey LITTLE (SNP)']
raw_data/scotland/processed_data/dumgal22/Ward4-CastleDouglasandCrocketford_ward4.csv,7,['Pauline DRYSDALE (Con)'],['Pauline DRYSDALE (Con)'],['Pauline DRYSDALE (Con)'],['Pauline DRYSDALE (Con)'],['Pauline DRYSDALE (Con)'],['Pauline DRYSDALE (Con)'],['Pauline DRYSDALE (Con)'],['Pauline DRYSDALE (Con)'],['Pauline DRYSDALE (Con)'],['Pauline DRYSDALE (Con)'],['Pauline DRYSDALE (Con)'],['Pauline DRYSDALE (Con)'],['Pauline DRYSDALE (Con)'],['Pauline DRYSDALE (Con)'],['Pauline DRYSDALE (Con)'],['Pauline DRYSDALE (Con)'],['Pauline DRYSDALE (Con)'],['Pauline DRYSDALE (Con)'],['Pauline DRYSDALE (Con)'],['Pauline DRYSDALE (Con)'],['Pauline DRYSDALE (Con)'],['Pauline DRYSDALE (Con)'],['Pauline DRYSDALE (Con)'],['Pauline DRYSDALE (Con)'],['Pauline DRYSDALE (Con)'],['Pauline DRYSDALE (Con)'],['Pauline DRYSDALE (Con)'],['Pauline DRYSDALE (Con)'],['Pauline DRYSDALE (Con)'],['Pauline DRYSDALE (Con)']
raw_data/scotland/processed_data/dumgal22/Ward11-AnnandaleNorth_ward11.csv,5,['Gail MACGREGOR (Con)'],['Gail MACGREGOR (Con)'],['Gail MACGREGOR (Con)'],['Gail MACGREGOR (Con)'],['Stephen THOMPSON (SNP)'],['Gail MACGREGOR (Con)'],['Gail MACGREGOR (Con)'],['Gail MACGREGOR (Con)'],['Gail MACGREGOR (Con)'],['Gail MACGREGOR (Con)'],['Gail MACGREGOR (Con)'],['Gail MACGREGOR (Con)'],['Gail MACGREGOR (Con)'],['Gail MACGREGOR (Con)'],['Gail MACGREGOR (Con)'],['Gail MACGREGOR (Con)'],['Gail MACGREGOR (Con)'],['Gail MACGREGOR (Con)'],['Gail MACGREGOR (Con)'],['Stephen THOMPSON (SNP)'],['Gail MACGREGOR (Con)'],['Gail MACGREGOR (Con)'],['Gail MACGREGOR (Con)'],['Gail MACGREGOR (Con)'],['Gail MACGREGOR (Con)'],['Gail MACGREGOR (Con)'],['Gail MACGREGOR (Con)'],['Gail MACGREGOR (Con)'],['Gail MACGREGOR (Con)'],['Gail MACGREGOR (Con)']
raw_data/scotland/processed_data/dumgal22/Ward5-Abbey_ward5.csv,4,['Ian BLAKE (Con)'],['Kim LOWE (SNP)'],['Kim LOWE (SNP)'],['Davie STITT (Lab)'],['Davie STITT (Lab)'],['Davie STITT (Lab)'],['Davie STITT (Lab)'],['Davie STITT (Lab)'],['Davie STITT (Lab)'],['Davie STITT (Lab)'],['Davie STITT (Lab)'],['Davie STITT (Lab)'],['Davie STITT (Lab)'],['Davie STITT (Lab)'],['Davie STITT (Lab)'],['Ian BLAKE (Con)'],['Kim LOWE (SNP)'],['Kim LOWE (SNP)'],['Davie STITT (Lab)'],['Davie STITT (Lab)'],['Davie STITT (Lab)'],['Davie STITT (Lab)'],['Davie STITT (Lab)'],['Davie STITT (Lab)'],['Davie STITT (Lab)'],['Davie STITT (Lab)'],['Davie STITT (Lab)'],['Davie STITT (Lab)'],['Davie STITT (Lab)'],['Davie STITT (Lab)']
raw_data/scotland/processed_data/dumgal22/Ward6-NorthWestDumfries_ward6.csv,4,['Andy FERGUSON (SNP)'],['Andy FERGUSON (SNP)'],['Andy FERGUSON (SNP)'],['Andy FERGUSON (SNP)'],['Andy FERGUSON (SNP)'],['Andy FERGUSON (SNP)'],['Andy FERGUSON (SNP)'],['Andy FERGUSON (SNP)'],['Andy FERGUSON (SNP)'],['Andy FERGUSON (SNP)'],['Andy FERGUSON (SNP)'],['Andy FERGUSON (SNP)'],['Andy FERGUSON (SNP)'],['Andy FERGUSON (SNP)'],['Andy FERGUSON (SNP)'],['Andy FERGUSON (SNP)'],['Andy FERGUSON (SNP)'],['Andy FERGUSON (SNP)'],['Andy FERGUSON (SNP)'],['Andy FERGUSON (SNP)'],['Andy FERGUSON (SNP)'],['Andy FERGUSON (SNP)'],['Andy FERGUSON (SNP)'],['Andy FERGUSON (SNP)'],['Andy FERGUSON (SNP)'],['Andy FERGUSON (SNP)'],['Andy FERGUSON (SNP)'],['Andy FERGUSON (SNP)'],['Andy FERGUSON (SNP)'],['Andy FERGUSON (SNP)']
"raw_data/scotland/processed_data/s-ayrshire22/Ward3-AyrNorth_south ayrshire,2022ward 3.csv",6,['Laura BRENNAN-WHITEFIELD (SNP)'],['Laura BRENNAN-WHITEFIELD (SNP)'],['Laura BRENNAN-WHITEFIELD (SNP)'],['Laura BRENNAN-WHITEFIELD (SNP)'],['Laura BRENNAN-WHITEFIELD (SNP)'],['Laura BRENNAN-WHITEFIELD (SNP)'],['Laura BRENNAN-WHITEFIELD (SNP)'],['Laura BRENNAN-WHITEFIELD (SNP)'],['Laura BRENNAN-WHITEFIELD (SNP)'],['Laura BRENNAN-WHITEFIELD (SNP)'],['Laura BRENNAN-WHITEFIELD (SNP)'],['Laura BRENNAN-WHITEFIELD (SNP)'],['Laura BRENNAN-WHITEFIELD (SNP)'],['Laura BRENNAN-WHITEFIELD (SNP)'],['Laura BRENNAN-WHITEFIELD (SNP)'],['Laura BRENNAN-WHITEFIELD (SNP)'],['Laura BRENNAN-WHITEFIELD (SNP)'],['Laura BRENNAN-WHITEFIELD (SNP)'],['Laura BRENNAN-WHITEFIELD (SNP)'],['Laura BRENNAN-WHITEFIELD (SNP)'],['Laura BRENNAN-WHITEFIELD (SNP)'],['Laura BRENNAN-WHITEFIELD (SNP)'],['Laura BRENNAN-WHITEFIELD (SNP)'],['Laura BRENNAN-WHITEFIELD (SNP)'],['Laura BRENNAN-WHITEFIELD (SNP)'],['Laura BRENNAN-WHITEFIELD (SNP)'],['Laura BRENNAN-WHITEFIELD (SNP)'],['Laura BRENNAN-WHITEFIELD (SNP)'],['Laura BRENNAN-WHITEFIELD (SNP)'],['Laura BRENNAN-WHITEFIELD (SNP)']
"raw_data/scotland/processed_data/s-ayrshire22/Ward1-Troon_south ayrshire,2022ward 1.csv",5,['Craig MACKAY (SNP)'],['Craig MACKAY (SNP)'],['Craig MACKAY (SNP)'],['Craig MACKAY (SNP)'],['Philip SAXTON (Lab)'],['Craig MACKAY (SNP)'],['Craig MACKAY (SNP)'],['Craig MACKAY (SNP)'],['Craig MACKAY (SNP)'],['Craig MACKAY (SNP)'],['Craig MACKAY (SNP)'],['Craig MACKAY (SNP)'],['Craig MACKAY (SNP)'],['Philip SAXTON (Lab)'],['Craig MACKAY (SNP)'],['Craig MACKAY (SNP)'],['Craig MACKAY (SNP)'],['Craig MACKAY (SNP)'],['Craig MACKAY (SNP)'],['Philip SAXTON (Lab)'],['Craig MACKAY (SNP)'],['Craig MACKAY (SNP)'],['Craig MACKAY (SNP)'],['Craig MACKAY (SNP)'],['Craig MACKAY (SNP)'],['Craig MACKAY (SNP)'],['Craig MACKAY (SNP)'],['Craig MACKAY (SNP)'],['Philip SAXTON (Lab)'],['Craig MACKAY (SNP)']
"raw_data/scotland/processed_data/s-ayrshire22/Ward4-AyrEast_south ayrshire,2022ward 4.csv",7,['Chris CULLEN (SNP)'],['Chris CULLEN (SNP)'],['Chris CULLEN (SNP)'],['Chris CULLEN (SNP)'],['Chris CULLEN (SNP)'],['Chris CULLEN (SNP)'],['Chris CULLEN (SNP)'],['Chris CULLEN (SNP)'],['Chris CULLEN (SNP)'],['Chris CULLEN (SNP)'],['Chris CULLEN (SNP)'],['Chris CULLEN (SNP)'],['Chris CULLEN (SNP)'],['Chris CULLEN (SNP)'],['Chris CULLEN (SNP)'],['Chris CULLEN (SNP)'],['Chris CULLEN (SNP)'],['Chris CULLEN (SNP)'],['Chris CULLEN (SNP)'],['Chris CULLEN (SNP)'],['Chris CULLEN (SNP)'],['Chris CULLEN (SNP)'],['Chris CULLEN (SNP)'],['Chris CULLEN (SNP)'],['Chris CULLEN (SNP)'],['Chris CULLEN (SNP)'],['Chris CULLEN (SNP)'],['Chris CULLEN (SNP)'],['Chris CULLEN (SNP)'],['Chris CULLEN (SNP)']
"raw_data/scotland/processed_data/s-ayrshire22/Ward2-Prestwick_south ayrshire,2022ward 2.csv",5,['Ian COCHRANE (SNP)'],['Hugh HUNTER (Ind)'],['Hugh HUNTER (Ind)'],['Hugh HUNTER (Ind)'],['Hugh HUNTER (Ind)'],['Hugh HUNTER (Ind)'],['Hugh HUNTER (Ind)'],['Hugh HUNTER (Ind)'],['Hugh HUNTER (Ind)'],['Hugh HUNTER (Ind)'],['Hugh HUNTER (Ind)'],['Hugh HUNTER (Ind)'],['Hugh HUNTER (Ind)'],['Hugh HUNTER (Ind)'],['Hugh HUNTER (Ind)'],['Ian COCHRANE (SNP)'],['Hugh HUNTER (Ind)'],['Hugh HUNTER (Ind)'],['Hugh HUNTER (Ind)'],['Hugh HUNTER (Ind)'],['Hugh HUNTER (Ind)'],['Hugh HUNTER (Ind)'],['Hugh HUNTER (Ind)'],['Hugh HUNTER (Ind)'],['Hugh HUNTER (Ind)'],['Hugh HUNTER (Ind)'],['Hugh HUNTER (Ind)'],['Hugh HUNTER (Ind)'],['Hugh HUNTER (Ind)'],['Hugh HUNTER (Ind)']
"raw_data/scotland/processed_data/s-ayrshire22/Ward6-Kyle_south ayrshire,2022ward 6.csv",5,['Julie DETTBARN (SNP)'],['Julie DETTBARN (SNP)'],['Julie DETTBARN (SNP)'],['Duncan TOWNSON (Lab)'],['Duncan TOWNSON (Lab)'],['Duncan TOWNSON (Lab)'],['Duncan TOWNSON (Lab)'],['Duncan TOWNSON (Lab)'],['Duncan TOWNSON (Lab)'],['Duncan TOWNSON (Lab)'],['Duncan TOWNSON (Lab)'],['Duncan TOWNSON (Lab)'],['Duncan TOWNSON (Lab)'],['Duncan TOWNSON (Lab)'],['Duncan TOWNSON (Lab)'],['Julie DETTBARN (SNP)'],['Julie DETTBARN (SNP)'],['Julie DETTBARN (SNP)'],['Duncan TOWNSON (Lab)'],['Duncan TOWNSON (Lab)'],['Duncan TOWNSON (Lab)'],['Duncan TOWNSON (Lab)'],['Duncan TOWNSON (Lab)'],['Duncan TOWNSON (Lab)'],['Duncan TOWNSON (Lab)'],['Duncan TOWNSON (Lab)'],['Duncan TOWNSON (Lab)'],['Duncan TOWNSON (Lab)'],['Duncan TOWNSON (Lab)'],['Duncan TOWNSON (Lab)']
"raw_data/scotland/processed_data/s-ayrshire22/Ward7-MayboleNorthCarrickandCoylton_south ayrshire,2022ward 7.csv",5,['Iain CAMPBELL (Con)'],['William James GRANT (SNP)'],['William James GRANT (SNP)'],['Brian CONNOLLY (Ind)'],['Brian CONNOLLY (Ind)'],['Brian CONNOLLY (Ind)'],['William James GRANT (SNP)'],['Brian CONNOLLY (Ind)'],['Brian CONNOLLY (Ind)'],['Brian CONNOLLY (Ind)'],['Brian CONNOLLY (Ind)'],['Brian CONNOLLY (Ind)'],['Brian CONNOLLY (Ind)'],['Brian CONNOLLY (Ind)'],['Brian CONNOLLY (Ind)'],['Iain CAMPBELL (Con)'],['William James GRANT (SNP)'],['William James GRANT (SNP)'],['Iain CAMPBELL (Con)'],['Brian CONNOLLY (Ind)'],['Brian CONNOLLY (Ind)'],['Brian CONNOLLY (Ind)'],['Brian CONNOLLY (Ind)'],['Brian CONNOLLY (Ind)'],['Brian CONNOLLY (Ind)'],['Brian CONNOLLY (Ind)'],['Brian CONNOLLY (Ind)'],['Brian CONNOLLY (Ind)'],['Brian CONNOLLY (Ind)'],['Brian CONNOLLY (Ind)']
"raw_data/scotland/processed_data/s-ayrshire22/Ward5-AyrWest_south ayrshire,2022ward 5.csv",6,['Martin DOWEY (Con)'],['Martin DOWEY (Con)'],['Martin DOWEY (Con)'],['Martin DOWEY (Con)'],['Bob SHIELDS (Ind)'],['Martin DOWEY (Con)'],['Martin DOWEY (Con)'],['Martin DOWEY (Con)'],['Martin DOWEY (Con)'],['Martin DOWEY (Con)'],['Martin DOWEY (Con)'],['Martin DOWEY (Con)'],['Martin DOWEY (Con)'],['Martin DOWEY (Con)'],['Martin DOWEY (Con)'],['Martin DOWEY (Con)'],['Martin DOWEY (Con)'],['Martin DOWEY (Con)'],['Martin DOWEY (Con)'],['Bob SHIELDS (Ind)'],['Martin DOWEY (Con)'],['Martin DOWEY (Con)'],['Martin DOWEY (Con)'],['Martin DOWEY (Con)'],['Martin DOWEY (Con)'],['Martin DOWEY (Con)'],['Martin DOWEY (Con)'],['Martin DOWEY (Con)'],['Martin DOWEY (Con)'],['Martin DOWEY (Con)']
"raw_data/scotland/processed_data/s-ayrshire22/Ward8-GirvanandSouthCarrick_south ayrshire,2022ward 8.csv",6,['Alec CLARK (Ind)'],['Alec CLARK (Ind)'],['Alec CLARK (Ind)'],['Alec CLARK (Ind)'],['Alec CLARK (Ind)'],['Alec CLARK (Ind)'],['Alec CLARK (Ind)'],['Alec CLARK (Ind)'],['Alec CLARK (Ind)'],['Alec CLARK (Ind)'],['Alec CLARK (Ind)'],['Alec CLARK (Ind)'],['Alec CLARK (Ind)'],['Alec CLARK (Ind)'],['Alec CLARK (Ind)'],['Alec CLARK (Ind)'],['Alec CLARK (Ind)'],['Alec CLARK (Ind)'],['Alec CLARK (Ind)'],['Alec CLARK (Ind)'],['Alec CLARK (Ind)'],['Alec CLARK (Ind)'],['Alec CLARK (Ind)'],['Alec CLARK (Ind)'],['Alec CLARK (Ind)'],['Alec CLARK (Ind)'],['Alec CLARK (Ind)'],['Alec CLARK (Ind)'],['Alec CLARK (Ind)'],['Alec CLARK (Ind)']
raw_data/scotland/processed_data/e-duns12-ballots/BearsdenSouth_e-duns12-03.csv,6,['Vaughan MOODY (LD)'],['Vaughan MOODY (LD)'],['Vaughan MOODY (LD)'],['Vaughan MOODY (LD)'],['Vaughan MOODY (LD)'],['Vaughan MOODY (LD)'],['Vaughan MOODY (LD)'],['Vaughan MOODY (LD)'],['Vaughan MOODY (LD)'],['Vaughan MOODY (LD)'],['Vaughan MOODY (LD)'],['Vaughan MOODY (LD)'],['Vaughan MOODY (LD)'],['Vaughan MOODY (LD)'],['Vaughan MOODY (LD)'],['Vaughan MOODY (LD)'],['Vaughan MOODY (LD)'],['Vaughan MOODY (LD)'],['Vaughan MOODY (LD)'],['Vaughan MOODY (LD)'],['Vaughan MOODY (LD)'],['Vaughan MOODY (LD)'],['Vaughan MOODY (LD)'],['Vaughan MOODY (LD)'],['Vaughan MOODY (LD)'],['Vaughan MOODY (LD)'],['Vaughan MOODY (LD)'],['Vaughan MOODY (LD)'],['Vaughan MOODY (LD)'],['Vaughan MOODY (LD)']
raw_data/scotland/processed_data/e-duns12-ballots/BishopbriggsNorthandTorrance_e-duns12-05.csv,5,['Una WALKER (Lab)'],['Una WALKER (Lab)'],['Una WALKER (Lab)'],['Una WALKER (Lab)'],['Una WALKER (Lab)'],['Una WALKER (Lab)'],['Una WALKER (Lab)'],['Una WALKER (Lab)'],['Una WALKER (Lab)'],['Una WALKER (Lab)'],['Una WALKER (Lab)'],['Una WALKER (Lab)'],['Una WALKER (Lab)'],['Una WALKER (Lab)'],['Una WALKER (Lab)'],['Una WALKER (Lab)'],['Una WALKER (Lab)'],['Una WALKER (Lab)'],['Una WALKER (Lab)'],['Una WALKER (Lab)'],['Una WALKER (Lab)'],['Una WALKER (Lab)'],['Una WALKER (Lab)'],['Una WALKER (Lab)'],['Una WALKER (Lab)'],['Una WALKER (Lab)'],['Una WALKER (Lab)'],['Una WALKER (Lab)'],['Una WALKER (Lab)'],['Una WALKER (Lab)']
raw_data/scotland/processed_data/e-duns12-ballots/CampsieandKirkintillochNorth_e-duns12-04.csv,5,['Charles KENNEDY (EDIA)'],['Charles KENNEDY (EDIA)'],['Charles KENNEDY (EDIA)'],['Charles KENNEDY (EDIA)'],['Charles KENNEDY (EDIA)'],['Charles KENNEDY (EDIA)'],['Charles KENNEDY (EDIA)'],['Charles KENNEDY (EDIA)'],['Charles KENNEDY (EDIA)'],['Charles KENNEDY (EDIA)'],['Charles KENNEDY (EDIA)'],['Charles KENNEDY (EDIA)'],['Charles KENNEDY (EDIA)'],['Charles KENNEDY (EDIA)'],['Charles KENNEDY (EDIA)'],['Charles KENNEDY (EDIA)'],['Charles KENNEDY (EDIA)'],['Charles KENNEDY (EDIA)'],['Charles KENNEDY (EDIA)'],['Charles KENNEDY (EDIA)'],['Charles KENNEDY (EDIA)'],['Charles KENNEDY (EDIA)'],['Charles KENNEDY (EDIA)'],['Charles KENNEDY (EDIA)'],['Charles KENNEDY (EDIA)'],['Charles KENNEDY (EDIA)'],['Charles KENNEDY (EDIA)'],['Charles KENNEDY (EDIA)'],['Charles KENNEDY (EDIA)'],['Charles KENNEDY (EDIA)']
raw_data/scotland/processed_data/e-duns12-ballots/BearsdenNorth_e-duns12-02.csv,8,['Duncan CUMMING (Ind)'],['Duncan CUMMING (Ind)'],['Duncan CUMMING (Ind)'],['Duncan CUMMING (Ind)'],['Duncan CUMMING (Ind)'],['Duncan CUMMING (Ind)'],['Duncan CUMMING (Ind)'],['Duncan CUMMING (Ind)'],['Duncan CUMMING (Ind)'],['Duncan CUMMING (Ind)'],['Duncan CUMMING (Ind)'],['Duncan CUMMING (Ind)'],['Duncan CUMMING (Ind)'],['Duncan CUMMING (Ind)'],['Duncan CUMMING (Ind)'],['Duncan CUMMING (Ind)'],['Duncan CUMMING (Ind)'],['Duncan CUMMING (Ind)'],['Duncan CUMMING (Ind)'],['Duncan CUMMING (Ind)'],['Duncan CUMMING (Ind)'],['Duncan CUMMING (Ind)'],['Duncan CUMMING (Ind)'],['Duncan CUMMING (Ind)'],['Duncan CUMMING (Ind)'],['Duncan CUMMING (Ind)'],['Duncan CUMMING (Ind)'],['Duncan CUMMING (Ind)'],['Duncan CUMMING (Ind)'],['Duncan CUMMING (Ind)']
raw_data/scotland/processed_data/e-duns12-ballots/BishopbriggsSouth_e-duns12-06.csv,5,['Alan MOIR (Lab)'],['Alan MOIR (Lab)'],['Alan MOIR (Lab)'],['Alan MOIR (Lab)'],['Alan MOIR (Lab)'],['Alan MOIR (Lab)'],['Alan MOIR (Lab)'],['Alan MOIR (Lab)'],['Alan MOIR (Lab)'],['Alan MOIR (Lab)'],['Alan MOIR (Lab)'],['Alan MOIR (Lab)'],['Alan MOIR (Lab)'],['Alan MOIR (Lab)'],['Alan MOIR (Lab)'],['Alan MOIR (Lab)'],['Alan MOIR (Lab)'],['Alan MOIR (Lab)'],['Alan MOIR (Lab)'],['Alan MOIR (Lab)'],['Alan MOIR (Lab)'],['Alan MOIR (Lab)'],['Alan MOIR (Lab)'],['Alan MOIR (Lab)'],['Alan MOIR (Lab)'],['Alan MOIR (Lab)'],['Alan MOIR (Lab)'],['Alan MOIR (Lab)'],['Alan MOIR (Lab)'],['Alan MOIR (Lab)']
raw_data/scotland/processed_data/e-duns12-ballots/KirkintillochEastandTwechar_e-duns12-08.csv,6,['Stewart MACDONALD (Lab)'],['Stewart MACDONALD (Lab)'],['Stewart MACDONALD (Lab)'],['Stewart MACDONALD (Lab)'],['Stewart MACDONALD (Lab)'],['Stewart MACDONALD (Lab)'],['Stewart MACDONALD (Lab)'],['Stewart MACDONALD (Lab)'],['Stewart MACDONALD (Lab)'],['Stewart MACDONALD (Lab)'],['Stewart MACDONALD (Lab)'],['Stewart MACDONALD (Lab)'],['Stewart MACDONALD (Lab)'],['Stewart MACDONALD (Lab)'],['Stewart MACDONALD (Lab)'],['Stewart MACDONALD (Lab)'],['Stewart MACDONALD (Lab)'],['Stewart MACDONALD (Lab)'],['Stewart MACDONALD (Lab)'],['Stewart MACDONALD (Lab)'],['Stewart MACDONALD (Lab)'],['Stewart MACDONALD (Lab)'],['Stewart MACDONALD (Lab)'],['Stewart MACDONALD (Lab)'],['Stewart MACDONALD (Lab)'],['Stewart MACDONALD (Lab)'],['Stewart MACDONALD (Lab)'],['Stewart MACDONALD (Lab)'],['Stewart MACDONALD (Lab)'],['Stewart MACDONALD (Lab)']
raw_data/scotland/processed_data/e-duns12-ballots/LenzieandKirkintillochSouth_e-duns12-07.csv,4,['Rhondda GEEKIE (Lab)'],['Rhondda GEEKIE (Lab)'],['Rhondda GEEKIE (Lab)'],['Rhondda GEEKIE (Lab)'],['Rhondda GEEKIE (Lab)'],['Rhondda GEEKIE (Lab)'],['Rhondda GEEKIE (Lab)'],['Rhondda GEEKIE (Lab)'],['Rhondda GEEKIE (Lab)'],['Rhondda GEEKIE (Lab)'],['Rhondda GEEKIE (Lab)'],['Rhondda GEEKIE (Lab)'],['Rhondda GEEKIE (Lab)'],['Rhondda GEEKIE (Lab)'],['Rhondda GEEKIE (Lab)'],['Rhondda GEEKIE (Lab)'],['Rhondda GEEKIE (Lab)'],['Rhondda GEEKIE (Lab)'],['Rhondda GEEKIE (Lab)'],['Rhondda GEEKIE (Lab)'],['Rhondda GEEKIE (Lab)'],['Rhondda GEEKIE (Lab)'],['Rhondda GEEKIE (Lab)'],['Rhondda GEEKIE (Lab)'],['Rhondda GEEKIE (Lab)'],['Rhondda GEEKIE (Lab)'],['Rhondda GEEKIE (Lab)'],['Rhondda GEEKIE (Lab)'],['Rhondda GEEKIE (Lab)'],['Rhondda GEEKIE (Lab)']
raw_data/scotland/processed_data/e-duns12-ballots/Milngavie_e-duns12-01.csv,4,['Eric GOTTS (LD)'],['Eric GOTTS (LD)'],['Eric GOTTS (LD)'],['Eric GOTTS (LD)'],['Eric GOTTS (LD)'],['Eric GOTTS (LD)'],['Eric GOTTS (LD)'],['Eric GOTTS (LD)'],['Eric GOTTS (LD)'],['Eric GOTTS (LD)'],['Eric GOTTS (LD)'],['Eric GOTTS (LD)'],['Eric GOTTS (LD)'],['Eric GOTTS (LD)'],['Eric GOTTS (LD)'],['Eric GOTTS (LD)'],['Eric GOTTS (LD)'],['Eric GOTTS (LD)'],['Eric GOTTS (LD)'],['Eric GOTTS (LD)'],['Eric GOTTS (LD)'],['Eric GOTTS (LD)'],['Eric GOTTS (LD)'],['Eric GOTTS (LD)'],['Eric GOTTS (LD)'],['Eric GOTTS (LD)'],['Eric GOTTS (LD)'],['Eric GOTTS (LD)'],['Eric GOTTS (LD)'],['Eric GOTTS (LD)']
raw_data/scotland/processed_data/s-ayrshire17-ballots/Troon_s-ayrshire17-01.csv,4,['Peter John CONVERY (Con)'],['Peter John CONVERY (Con)'],['Peter John CONVERY (Con)'],['Peter John CONVERY (Con)'],['Peter John CONVERY (Con)'],['Peter John CONVERY (Con)'],['Peter John CONVERY (Con)'],['Peter John CONVERY (Con)'],['Peter John CONVERY (Con)'],['Peter John CONVERY (Con)'],['Peter John CONVERY (Con)'],['Peter John CONVERY (Con)'],['Peter John CONVERY (Con)'],['Peter John CONVERY (Con)'],['Peter John CONVERY (Con)'],['Peter John CONVERY (Con)'],['Peter John CONVERY (Con)'],['Peter John CONVERY (Con)'],['Peter John CONVERY (Con)'],['Peter John CONVERY (Con)'],['Peter John CONVERY (Con)'],['Peter John CONVERY (Con)'],['Peter John CONVERY (Con)'],['Peter John CONVERY (Con)'],['Peter John CONVERY (Con)'],['Peter John CONVERY (Con)'],['Peter John CONVERY (Con)'],['Peter John CONVERY (Con)'],['Peter John CONVERY (Con)'],['Peter John CONVERY (Con)']
raw_data/scotland/processed_data/s-ayrshire17-ballots/GirvanandSouthCarrick_s-ayrshire17-08.csv,6,['Alec CLARK (Ind)'],['Alec CLARK (Ind)'],['Alec CLARK (Ind)'],['Alec CLARK (Ind)'],['Alec CLARK (Ind)'],['Alec CLARK (Ind)'],['Alec CLARK (Ind)'],['Alec CLARK (Ind)'],['Alec CLARK (Ind)'],['Alec CLARK (Ind)'],['Alec CLARK (Ind)'],['Alec CLARK (Ind)'],['Alec CLARK (Ind)'],['Alec CLARK (Ind)'],['Alec CLARK (Ind)'],['Alec CLARK (Ind)'],['Alec CLARK (Ind)'],['Alec CLARK (Ind)'],['Alec CLARK (Ind)'],['Alec CLARK (Ind)'],['Alec CLARK (Ind)'],['Alec CLARK (Ind)'],['Alec CLARK (Ind)'],['Alec CLARK (Ind)'],['Alec CLARK (Ind)'],['Alec CLARK (Ind)'],['Alec CLARK (Ind)'],['Alec CLARK (Ind)'],['Alec CLARK (Ind)'],['Alec CLARK (Ind)']
"raw_data/scotland/processed_data/s-ayrshire17-ballots/Maybole,NorthCarrickandCoylton_s-ayrshire17-07.csv",5,['Iain CAMPBELL (Con)'],['Iain CAMPBELL (Con)'],['Iain CAMPBELL (Con)'],['Brian CONNOLLY (Ind)'],['Brian CONNOLLY (Ind)'],['Brian CONNOLLY (Ind)'],['Brian CONNOLLY (Ind)'],['Brian CONNOLLY (Ind)'],['Brian CONNOLLY (Ind)'],['Brian CONNOLLY (Ind)'],['Brian CONNOLLY (Ind)'],['Brian CONNOLLY (Ind)'],['Brian CONNOLLY (Ind)'],['Brian CONNOLLY (Ind)'],['Brian CONNOLLY (Ind)'],['Iain CAMPBELL (Con)'],['Iain CAMPBELL (Con)'],['Iain CAMPBELL (Con)'],['Brian CONNOLLY (Ind)'],['Brian CONNOLLY (Ind)'],['Brian CONNOLLY (Ind)'],['Brian CONNOLLY (Ind)'],['Brian CONNOLLY (Ind)'],['Brian CONNOLLY (Ind)'],['Brian CONNOLLY (Ind)'],['Brian CONNOLLY (Ind)'],['Brian CONNOLLY (Ind)'],['Brian CONNOLLY (Ind)'],['Brian CONNOLLY (Ind)'],['Brian CONNOLLY (Ind)']
raw_data/scotland/processed_data/s-ayrshire17-ballots/Prestwick_s-ayrshire17-02.csv,4,['Hugh HUNTER (Con)'],['Hugh HUNTER (Con)'],['Hugh HUNTER (Con)'],['Hugh HUNTER (Con)'],['Hugh HUNTER (Con)'],['Hugh HUNTER (Con)'],['Hugh HUNTER (Con)'],['Hugh HUNTER (Con)'],['Hugh HUNTER (Con)'],['Hugh HUNTER (Con)'],['Hugh HUNTER (Con)'],['Hugh HUNTER (Con)'],['Hugh HUNTER (Con)'],['Hugh HUNTER (Con)'],['Hugh HUNTER (Con)'],['Hugh HUNTER (Con)'],['Hugh HUNTER (Con)'],['Hugh HUNTER (Con)'],['Hugh HUNTER (Con)'],['Hugh HUNTER (Con)'],['Hugh HUNTER (Con)'],['Hugh HUNTER (Con)'],['Hugh HUNTER (Con)'],['Hugh HUNTER (Con)'],['Hugh HUNTER (Con)'],['Hugh HUNTER (Con)'],['Hugh HUNTER (Con)'],['Hugh HUNTER (Con)'],['Hugh HUNTER (Con)'],['Hugh HUNTER (Con)']
raw_data/scotland/processed_data/s-ayrshire17-ballots/AyrEast_s-ayrshire17-04.csv,4,['Mary KILPATRICK (Con)'],['Mary KILPATRICK (Con)'],['Mary KILPATRICK (Con)'],['Mary KILPATRICK (Con)'],['Mary KILPATRICK (Con)'],['Mary KILPATRICK (Con)'],['Mary KILPATRICK (Con)'],['Mary KILPATRICK (Con)'],['Mary KILPATRICK (Con)'],['Mary KILPATRICK (Con)'],['Mary KILPATRICK (Con)'],['Mary KILPATRICK (Con)'],['Mary KILPATRICK (Con)'],['Mary KILPATRICK (Con)'],['Mary KILPATRICK (Con)'],['Mary KILPATRICK (Con)'],['Mary KILPATRICK (Con)'],['Mary KILPATRICK (Con)'],['Mary KILPATRICK (Con)'],['Mary KILPATRICK (Con)'],['Mary KILPATRICK (Con)'],['Mary KILPATRICK (Con)'],['Mary KILPATRICK (Con)'],['Mary KILPATRICK (Con)'],['Mary KILPATRICK (Con)'],['Mary KILPATRICK (Con)'],['Mary KILPATRICK (Con)'],['Mary KILPATRICK (Con)'],['Mary KILPATRICK (Con)'],['Mary KILPATRICK (Con)']
raw_data/scotland/processed_data/s-ayrshire17-ballots/Kyle_s-ayrshire17-06.csv,3,['Arthur SPURLING (Con)'],['Arthur SPURLING (Con)'],['Arthur SPURLING (Con)'],['Arthur SPURLING (Con)'],['Arthur SPURLING (Con)'],['Arthur SPURLING (Con)'],['Arthur SPURLING (Con)'],['Arthur SPURLING (Con)'],['Arthur SPURLING (Con)'],['Arthur SPURLING (Con)'],['Arthur SPURLING (Con)'],['Arthur SPURLING (Con)'],['Arthur SPURLING (Con)'],['Andy CAMPBELL (Lab)'],['Arthur SPURLING (Con)'],['Arthur SPURLING (Con)'],['Arthur SPURLING (Con)'],['Arthur SPURLING (Con)'],['Arthur SPURLING (Con)'],['Arthur SPURLING (Con)'],['Arthur SPURLING (Con)'],['Arthur SPURLING (Con)'],['Arthur SPURLING (Con)'],['Arthur SPURLING (Con)'],['Arthur SPURLING (Con)'],['Arthur SPURLING (Con)'],['Arthur SPURLING (Con)'],['Arthur SPURLING (Con)'],['Andy CAMPBELL (Lab)'],['Arthur SPURLING (Con)']
raw_data/scotland/processed_data/s-ayrshire17-ballots/AyrNorth_s-ayrshire17-03.csv,4,['Laura BRENNAN-WHITEFIELD (SNP)'],['Laura BRENNAN-WHITEFIELD (SNP)'],['Laura BRENNAN-WHITEFIELD (SNP)'],['Laura BRENNAN-WHITEFIELD (SNP)'],['Laura BRENNAN-WHITEFIELD (SNP)'],['Laura BRENNAN-WHITEFIELD (SNP)'],['Laura BRENNAN-WHITEFIELD (SNP)'],['Laura BRENNAN-WHITEFIELD (SNP)'],['Laura BRENNAN-WHITEFIELD (SNP)'],['Laura BRENNAN-WHITEFIELD (SNP)'],['Laura BRENNAN-WHITEFIELD (SNP)'],['Laura BRENNAN-WHITEFIELD (SNP)'],['Laura BRENNAN-WHITEFIELD (SNP)'],['Ian CAVANA (Lab)'],['Laura BRENNAN-WHITEFIELD (SNP)'],['Laura BRENNAN-WHITEFIELD (SNP)'],['Laura BRENNAN-WHITEFIELD (SNP)'],['Laura BRENNAN-WHITEFIELD (SNP)'],['Laura BRENNAN-WHITEFIELD (SNP)'],['Laura BRENNAN-WHITEFIELD (SNP)'],['Laura BRENNAN-WHITEFIELD (SNP)'],['Laura BRENNAN-WHITEFIELD (SNP)'],['Laura BRENNAN-WHITEFIELD (SNP)'],['Laura BRENNAN-WHITEFIELD (SNP)'],['Laura BRENNAN-WHITEFIELD (SNP)'],['Laura BRENNAN-WHITEFIELD (SNP)'],['Laura BRENNAN-WHITEFIELD (SNP)'],['Laura BRENNAN-WHITEFIELD (SNP)'],['Ian CAVANA (Lab)'],['Laura BRENNAN-WHITEFIELD (SNP)']
raw_data/scotland/processed_data/s-ayrshire17-ballots/AyrWest_s-ayrshire17-05.csv,4,['Martin DOWEY (Con)'],['Martin DOWEY (Con)'],['Martin DOWEY (Con)'],['Martin DOWEY (Con)'],['Martin DOWEY (Con)'],['Martin DOWEY (Con)'],['Martin DOWEY (Con)'],['Martin DOWEY (Con)'],['Martin DOWEY (Con)'],['Martin DOWEY (Con)'],['Martin DOWEY (Con)'],['Martin DOWEY (Con)'],['Martin DOWEY (Con)'],['Martin DOWEY (Con)'],['Martin DOWEY (Con)'],['Martin DOWEY (Con)'],['Martin DOWEY (Con)'],['Martin DOWEY (Con)'],['Martin DOWEY (Con)'],['Martin DOWEY (Con)'],['Martin DOWEY (Con)'],['Martin DOWEY (Con)'],['Martin DOWEY (Con)'],['Martin DOWEY (Con)'],['Martin DOWEY (Con)'],['Martin DOWEY (Con)'],['Martin DOWEY (Con)'],['Martin DOWEY (Con)'],['Martin DOWEY (Con)'],['Martin DOWEY (Con)']
raw_data/scotland/processed_data/fife22/V0001_Ward-14-Glenrothes-North-Leslie-and-Markinch_06052022_151925.csv,6,['John BEARE (SNP)'],['John BEARE (SNP)'],['John BEARE (SNP)'],['John BEARE (SNP)'],['John BEARE (SNP)'],['John BEARE (SNP)'],['John BEARE (SNP)'],['John BEARE (SNP)'],['John BEARE (SNP)'],['John BEARE (SNP)'],['John BEARE (SNP)'],['John BEARE (SNP)'],['John BEARE (SNP)'],['John BEARE (SNP)'],['John BEARE (SNP)'],['John BEARE (SNP)'],['John BEARE (SNP)'],['John BEARE (SNP)'],['John BEARE (SNP)'],['John BEARE (SNP)'],['John BEARE (SNP)'],['John BEARE (SNP)'],['John BEARE (SNP)'],['John BEARE (SNP)'],['John BEARE (SNP)'],['John BEARE (SNP)'],['John BEARE (SNP)'],['John BEARE (SNP)'],['John BEARE (SNP)'],['John BEARE (SNP)']
raw_data/scotland/processed_data/fife22/PreferenceProfile_V0001_Ward-7-Cowdenbeath_06052022_145532.csv,7,['Alex CAMPBELL (Lab)'],['Alex CAMPBELL (Lab)'],['Alex CAMPBELL (Lab)'],['Alex CAMPBELL (Lab)'],['Alex CAMPBELL (Lab)'],['Alex CAMPBELL (Lab)'],['Alex CAMPBELL (Lab)'],['Alex CAMPBELL (Lab)'],['Alex CAMPBELL (Lab)'],['Alex CAMPBELL (Lab)'],['Alex CAMPBELL (Lab)'],['Alex CAMPBELL (Lab)'],['Alex CAMPBELL (Lab)'],['Alex CAMPBELL (Lab)'],['Alex CAMPBELL (Lab)'],['Alex CAMPBELL (Lab)'],['Alex CAMPBELL (Lab)'],['Alex CAMPBELL (Lab)'],['Alex CAMPBELL (Lab)'],['Alex CAMPBELL (Lab)'],['Alex CAMPBELL (Lab)'],['Alex CAMPBELL (Lab)'],['Alex CAMPBELL (Lab)'],['Alex CAMPBELL (Lab)'],['Alex CAMPBELL (Lab)'],['Alex CAMPBELL (Lab)'],['Alex CAMPBELL (Lab)'],['Alex CAMPBELL (Lab)'],['Alex CAMPBELL (Lab)'],['Alex CAMPBELL (Lab)']
raw_data/scotland/processed_data/fife22/PreferenceProfile_V0001_Ward-2-Dunfermline-North_06052022_151927.csv,7,['Auxi BARRERA (SNP)'],['Gordon PRYDE (Lab)'],['Gordon PRYDE (Lab)'],['Gordon PRYDE (Lab)'],['Gordon PRYDE (Lab)'],['Gordon PRYDE (Lab)'],['Gordon PRYDE (Lab)'],['Gordon PRYDE (Lab)'],['Gordon PRYDE (Lab)'],['Gordon PRYDE (Lab)'],['Gordon PRYDE (Lab)'],['Gordon PRYDE (Lab)'],['Gordon PRYDE (Lab)'],['Gordon PRYDE (Lab)'],['Gordon PRYDE (Lab)'],['Auxi BARRERA (SNP)'],['Gordon PRYDE (Lab)'],['Gordon PRYDE (Lab)'],['Gordon PRYDE (Lab)'],['Gordon PRYDE (Lab)'],['Gordon PRYDE (Lab)'],['Gordon PRYDE (Lab)'],['Gordon PRYDE (Lab)'],['Gordon PRYDE (Lab)'],['Gordon PRYDE (Lab)'],['Gordon PRYDE (Lab)'],['Gordon PRYDE (Lab)'],['Gordon PRYDE (Lab)'],['Gordon PRYDE (Lab)'],['Gordon PRYDE (Lab)']
raw_data/scotland/processed_data/fife22/PreferenceProfile_V0001_Ward-10-Kirkcaldy-North_06052022_151928.csv,6,['David ROSS (Lab)'],['David ROSS (Lab)'],['David ROSS (Lab)'],['David ROSS (Lab)'],['David ROSS (Lab)'],['David ROSS (Lab)'],['David ROSS (Lab)'],['David ROSS (Lab)'],['David ROSS (Lab)'],['David ROSS (Lab)'],['David ROSS (Lab)'],['David ROSS (Lab)'],['David ROSS (Lab)'],['David ROSS (Lab)'],['David ROSS (Lab)'],['Carol LINDSAY (SNP)'],['David ROSS (Lab)'],['David ROSS (Lab)'],['David ROSS (Lab)'],['David ROSS (Lab)'],['David ROSS (Lab)'],['David ROSS (Lab)'],['David ROSS (Lab)'],['David ROSS (Lab)'],['David ROSS (Lab)'],['David ROSS (Lab)'],['David ROSS (Lab)'],['David ROSS (Lab)'],['David ROSS (Lab)'],['David ROSS (Lab)']
raw_data/scotland/processed_data/fife22/V0001_Ward-15-Glenrothes-Central-and-Thornton_06052022_145551.csv,7,['Ross VETTRAINO (SNP)'],['Ross VETTRAINO (SNP)'],['Ross VETTRAINO (SNP)'],['Ross VETTRAINO (SNP)'],['Ross VETTRAINO (SNP)'],['Ross VETTRAINO (SNP)'],['Ross VETTRAINO (SNP)'],['Ross VETTRAINO (SNP)'],['Ross VETTRAINO (SNP)'],['Ross VETTRAINO (SNP)'],['Ross VETTRAINO (SNP)'],['Ross VETTRAINO (SNP)'],['Ross VETTRAINO (SNP)'],['Ross VETTRAINO (SNP)'],['Ross VETTRAINO (SNP)'],['Ross VETTRAINO (SNP)'],['Ross VETTRAINO (SNP)'],['Ross VETTRAINO (SNP)'],['Ross VETTRAINO (SNP)'],['Ross VETTRAINO (SNP)'],['Ross VETTRAINO (SNP)'],['Ross VETTRAINO (SNP)'],['Ross VETTRAINO (SNP)'],['Ross VETTRAINO (SNP)'],['Ross VETTRAINO (SNP)'],['Ross VETTRAINO (SNP)'],['Ross VETTRAINO (SNP)'],['Ross VETTRAINO (SNP)'],['Ross VETTRAINO (SNP)'],['Ross VETTRAINO (SNP)']
raw_data/scotland/processed_data/fife22/PreferenceProfile_V0001_Ward-3-Dunfermline-Central_06052022_145551.csv,7,['Derek Gareth GLEN (SNP)'],['Aude BOUBAKER-CALDER (LD)'],['Aude BOUBAKER-CALDER (LD)'],['Jim LEISHMAN (Lab)'],['Aude BOUBAKER-CALDER (LD)'],['Aude BOUBAKER-CALDER (LD)'],['Derek Gareth GLEN (SNP)'],['Aude BOUBAKER-CALDER (LD)'],['Aude BOUBAKER-CALDER (LD)'],['Aude BOUBAKER-CALDER (LD)'],['Aude BOUBAKER-CALDER (LD)'],['Aude BOUBAKER-CALDER (LD)'],['Aude BOUBAKER-CALDER (LD)'],['Jim LEISHMAN (Lab)'],['Aude BOUBAKER-CALDER (LD)'],['Derek Gareth GLEN (SNP)'],['Aude BOUBAKER-CALDER (LD)'],['Aude BOUBAKER-CALDER (LD)'],['Aude BOUBAKER-CALDER (LD)'],['Aude BOUBAKER-CALDER (LD)'],['Aude BOUBAKER-CALDER (LD)'],['Aude BOUBAKER-CALDER (LD)'],['Aude BOUBAKER-CALDER (LD)'],['Aude BOUBAKER-CALDER (LD)'],['Aude BOUBAKER-CALDER (LD)'],['Aude BOUBAKER-CALDER (LD)'],['Aude BOUBAKER-CALDER (LD)'],['Aude BOUBAKER-CALDER (LD)'],['Jim LEISHMAN (Lab)'],['Aude BOUBAKER-CALDER (LD)']
raw_data/scotland/processed_data/fife22/V0001_Ward-13-Glenrothes-West-and-Kinglassie_06052022_145551.csv,5,['Julie Christina FORD (SNP)'],['Julie Christina FORD (SNP)'],['Julie Christina FORD (SNP)'],['Julie Christina FORD (SNP)'],['Altany Steel Andrew CRAIK (Lab)'],['Julie Christina FORD (SNP)'],['Julie Christina FORD (SNP)'],['Julie Christina FORD (SNP)'],['Julie Christina FORD (SNP)'],['Julie Christina FORD (SNP)'],['Julie Christina FORD (SNP)'],['Julie Christina FORD (SNP)'],['Julie Christina FORD (SNP)'],['Julie Christina FORD (SNP)'],['Julie Christina FORD (SNP)'],['Julie Christina FORD (SNP)'],['Julie Christina FORD (SNP)'],['Julie Christina FORD (SNP)'],['Julie Christina FORD (SNP)'],['Altany Steel Andrew CRAIK (Lab)'],['Julie Christina FORD (SNP)'],['Julie Christina FORD (SNP)'],['Julie Christina FORD (SNP)'],['Julie Christina FORD (SNP)'],['Julie Christina FORD (SNP)'],['Julie Christina FORD (SNP)'],['Julie Christina FORD (SNP)'],['Julie Christina FORD (SNP)'],['Julie Christina FORD (SNP)'],['Julie Christina FORD (SNP)']
raw_data/scotland/processed_data/fife22/V0001_Ward-1-West-Fife-and-Coastal-Villages_06052022_145537.csv,8,['Sam STEELE (SNP)'],['Graeme James DOWNIE (Lab)'],['Graeme James DOWNIE (Lab)'],['Graeme James DOWNIE (Lab)'],['Graeme James DOWNIE (Lab)'],['Graeme James DOWNIE (Lab)'],['Graeme James DOWNIE (Lab)'],['Graeme James DOWNIE (Lab)'],['Graeme James DOWNIE (Lab)'],['Graeme James DOWNIE (Lab)'],['Graeme James DOWNIE (Lab)'],['Graeme James DOWNIE (Lab)'],['Graeme James DOWNIE (Lab)'],['Graeme James DOWNIE (Lab)'],['Graeme James DOWNIE (Lab)'],['Sam STEELE (SNP)'],['Graeme James DOWNIE (Lab)'],['Graeme James DOWNIE (Lab)'],['Graeme James DOWNIE (Lab)'],['Graeme James DOWNIE (Lab)'],['Graeme James DOWNIE (Lab)'],['Graeme James DOWNIE (Lab)'],['Graeme James DOWNIE (Lab)'],['Graeme James DOWNIE (Lab)'],['Graeme James DOWNIE (Lab)'],['Graeme James DOWNIE (Lab)'],['Graeme James DOWNIE (Lab)'],['Graeme James DOWNIE (Lab)'],['Graeme James DOWNIE (Lab)'],['Graeme James DOWNIE (Lab)']
raw_data/scotland/processed_data/fife22/Ward5-Rosyth_PreferenceProfile_V0001_Ward-5-Rosyth_06052022_145544.csv,8,['Brian John GOODALL (SNP)'],['Brian John GOODALL (SNP)'],['Brian John GOODALL (SNP)'],['Andrew VERRECCHIA (Lab)'],['Andrew VERRECCHIA (Lab)'],['Andrew VERRECCHIA (Lab)'],['Brian John GOODALL (SNP)'],['Brian John GOODALL (SNP)'],['Brian John GOODALL (SNP)'],['Brian John GOODALL (SNP)'],['Brian John GOODALL (SNP)'],['Brian John GOODALL (SNP)'],['Brian John GOODALL (SNP)'],['Andrew VERRECCHIA (Lab)'],['Brian John GOODALL (SNP)'],['Brian John GOODALL (SNP)'],['Brian John GOODALL (SNP)'],['Brian John GOODALL (SNP)'],['Brian John GOODALL (SNP)'],['Andrew VERRECCHIA (Lab)'],['Andrew VERRECCHIA (Lab)'],['Andrew VERRECCHIA (Lab)'],['Brian John GOODALL (SNP)'],['Brian John GOODALL (SNP)'],['Brian John GOODALL (SNP)'],['Brian John GOODALL (SNP)'],['Brian John GOODALL (SNP)'],['Brian John GOODALL (SNP)'],['Andrew VERRECCHIA (Lab)'],['Brian John GOODALL (SNP)']
raw_data/scotland/processed_data/fife22/V0001_Ward-16-Howe-Of-Fife-and-Tay-Coast_06052022_151928.csv,6,['Donald Norman LOTHIAN (LD)'],['Donald Norman LOTHIAN (LD)'],['Donald Norman LOTHIAN (LD)'],['Donald Norman LOTHIAN (LD)'],['Donald Norman LOTHIAN (LD)'],['Donald Norman LOTHIAN (LD)'],['Donald Norman LOTHIAN (LD)'],['Donald Norman LOTHIAN (LD)'],['Donald Norman LOTHIAN (LD)'],['Donald Norman LOTHIAN (LD)'],['Donald Norman LOTHIAN (LD)'],['Donald Norman LOTHIAN (LD)'],['Donald Norman LOTHIAN (LD)'],['Donald Norman LOTHIAN (LD)'],['Donald Norman LOTHIAN (LD)'],['Donald Norman LOTHIAN (LD)'],['Donald Norman LOTHIAN (LD)'],['Donald Norman LOTHIAN (LD)'],['Donald Norman LOTHIAN (LD)'],['Donald Norman LOTHIAN (LD)'],['Donald Norman LOTHIAN (LD)'],['Donald Norman LOTHIAN (LD)'],['Donald Norman LOTHIAN (LD)'],['Donald Norman LOTHIAN (LD)'],['Donald Norman LOTHIAN (LD)'],['Donald Norman LOTHIAN (LD)'],['Donald Norman LOTHIAN (LD)'],['Donald Norman LOTHIAN (LD)'],['Donald Norman LOTHIAN (LD)'],['Donald Norman LOTHIAN (LD)']
raw_data/scotland/processed_data/fife22/PreferenceProfile_V0001_Ward-11-Kirkcaldy-Central_06052022_145551.csv,5,['Judy HAMILTON (Lab)'],['Judy HAMILTON (Lab)'],['Judy HAMILTON (Lab)'],['Judy HAMILTON (Lab)'],['Judy HAMILTON (Lab)'],['Judy HAMILTON (Lab)'],['Judy HAMILTON (Lab)'],['Judy HAMILTON (Lab)'],['Judy HAMILTON (Lab)'],['Judy HAMILTON (Lab)'],['Judy HAMILTON (Lab)'],['Judy HAMILTON (Lab)'],['Judy HAMILTON (Lab)'],['Judy HAMILTON (Lab)'],['Judy HAMILTON (Lab)'],['Judy HAMILTON (Lab)'],['Judy HAMILTON (Lab)'],['Judy HAMILTON (Lab)'],['Judy HAMILTON (Lab)'],['Judy HAMILTON (Lab)'],['Judy HAMILTON (Lab)'],['Judy HAMILTON (Lab)'],['Judy HAMILTON (Lab)'],['Judy HAMILTON (Lab)'],['Judy HAMILTON (Lab)'],['Judy HAMILTON (Lab)'],['Judy HAMILTON (Lab)'],['Judy HAMILTON (Lab)'],['Judy HAMILTON (Lab)'],['Judy HAMILTON (Lab)']
raw_data/scotland/processed_data/fife22/V0001_Ward-6-Inverkeithing-and-Dalgety-Bay_06052022_151927.csv,6,['David BARRATT (SNP)'],['David BARRATT (SNP)'],['David BARRATT (SNP)'],['David BARRATT (SNP)'],['David BARRATT (SNP)'],['David BARRATT (SNP)'],['David BARRATT (SNP)'],['David BARRATT (SNP)'],['David BARRATT (SNP)'],['David BARRATT (SNP)'],['David BARRATT (SNP)'],['David BARRATT (SNP)'],['David BARRATT (SNP)'],['Patrick Charles BROWNE (Lab)'],['David BARRATT (SNP)'],['David BARRATT (SNP)'],['David BARRATT (SNP)'],['David BARRATT (SNP)'],['David BARRATT (SNP)'],['David BARRATT (SNP)'],['David BARRATT (SNP)'],['David BARRATT (SNP)'],['David BARRATT (SNP)'],['David BARRATT (SNP)'],['David BARRATT (SNP)'],['David BARRATT (SNP)'],['David BARRATT (SNP)'],['David BARRATT (SNP)'],['Patrick Charles BROWNE (Lab)'],['David BARRATT (SNP)']
raw_data/scotland/processed_data/fife22/V0001_Ward-21-Leven-Kennoway-and-Largo_06052022_145552.csv,6,['David ALEXANDER (SNP)'],['David ALEXANDER (SNP)'],['David ALEXANDER (SNP)'],['David ALEXANDER (SNP)'],['David ALEXANDER (SNP)'],['David ALEXANDER (SNP)'],['David ALEXANDER (SNP)'],['David ALEXANDER (SNP)'],['David ALEXANDER (SNP)'],['David ALEXANDER (SNP)'],['David ALEXANDER (SNP)'],['David ALEXANDER (SNP)'],['David ALEXANDER (SNP)'],['David ALEXANDER (SNP)'],['David ALEXANDER (SNP)'],['David ALEXANDER (SNP)'],['David ALEXANDER (SNP)'],['David ALEXANDER (SNP)'],['David ALEXANDER (SNP)'],['David ALEXANDER (SNP)'],['David ALEXANDER (SNP)'],['David ALEXANDER (SNP)'],['David ALEXANDER (SNP)'],['David ALEXANDER (SNP)'],['David ALEXANDER (SNP)'],['David ALEXANDER (SNP)'],['David ALEXANDER (SNP)'],['David ALEXANDER (SNP)'],['David ALEXANDER (SNP)'],['David ALEXANDER (SNP)']
raw_data/scotland/processed_data/fife22/PreferenceProfile_V0001_Ward-17-Tay-Bridgehead_06052022_145551.csv,7,['Jonny TEPP (LD)'],['Jonny TEPP (LD)'],['Jonny TEPP (LD)'],['Jonny TEPP (LD)'],['Jonny TEPP (LD)'],['Jonny TEPP (LD)'],['Jonny TEPP (LD)'],['Jonny TEPP (LD)'],['Jonny TEPP (LD)'],['Jonny TEPP (LD)'],['Jonny TEPP (LD)'],['Jonny TEPP (LD)'],['Jonny TEPP (LD)'],['Jonny TEPP (LD)'],['Jonny TEPP (LD)'],['Jonny TEPP (LD)'],['Jonny TEPP (LD)'],['Jonny TEPP (LD)'],['Jonny TEPP (LD)'],['Jonny TEPP (LD)'],['Jonny TEPP (LD)'],['Jonny TEPP (LD)'],['Jonny TEPP (LD)'],['Jonny TEPP (LD)'],['Jonny TEPP (LD)'],['Jonny TEPP (LD)'],['Jonny TEPP (LD)'],['Jonny TEPP (LD)'],['Jonny TEPP (LD)'],['Jonny TEPP (LD)']
raw_data/scotland/processed_data/fife22/PreferenceProfile_V0001_Ward-18-St.-Andrews_06052022_151928.csv,5,['Jane Ann LISTON (LD)'],['Jane Ann LISTON (LD)'],['Jane Ann LISTON (LD)'],['Jane Ann LISTON (LD)'],['Jane Ann LISTON (LD)'],['Jane Ann LISTON (LD)'],['Jane Ann LISTON (LD)'],['Jane Ann LISTON (LD)'],['Jane Ann LISTON (LD)'],['Jane Ann LISTON (LD)'],['Jane Ann LISTON (LD)'],['Jane Ann LISTON (LD)'],['Jane Ann LISTON (LD)'],['Jane Ann LISTON (LD)'],['Jane Ann LISTON (LD)'],['Jane Ann LISTON (LD)'],['Jane Ann LISTON (LD)'],['Jane Ann LISTON (LD)'],['Jane Ann LISTON (LD)'],['Jane Ann LISTON (LD)'],['Jane Ann LISTON (LD)'],['Jane Ann LISTON (LD)'],['Jane Ann LISTON (LD)'],['Jane Ann LISTON (LD)'],['Jane Ann LISTON (LD)'],['Jane Ann LISTON (LD)'],['Jane Ann LISTON (LD)'],['Jane Ann LISTON (LD)'],['Jane Ann LISTON (LD)'],['Jane Ann LISTON (LD)']
raw_data/scotland/processed_data/fife22/V0001_Ward-19-East-Neuk-and-Landward_06052022_145551.csv,7,['Fiona CORPS (LD)'],['Fiona CORPS (LD)'],['Fiona CORPS (LD)'],['Fiona CORPS (LD)'],['Fiona CORPS (LD)'],['Fiona CORPS (LD)'],['Fiona CORPS (LD)'],['Fiona CORPS (LD)'],['Fiona CORPS (LD)'],['Fiona CORPS (LD)'],['Fiona CORPS (LD)'],['Fiona CORPS (LD)'],['Fiona CORPS (LD)'],['Fiona CORPS (LD)'],['Fiona CORPS (LD)'],['Fiona CORPS (LD)'],['Fiona CORPS (LD)'],['Fiona CORPS (LD)'],['Fiona CORPS (LD)'],['Fiona CORPS (LD)'],['Fiona CORPS (LD)'],['Fiona CORPS (LD)'],['Fiona CORPS (LD)'],['Fiona CORPS (LD)'],['Fiona CORPS (LD)'],['Fiona CORPS (LD)'],['Fiona CORPS (LD)'],['Fiona CORPS (LD)'],['Fiona CORPS (LD)'],['Fiona CORPS (LD)']
raw_data/scotland/processed_data/fife22/V0001_Ward-22-Buckhaven-Methil-and-Wemyss-Villages_06052022_151928.csv,6,['Ken CALDWELL (SNP)'],['Ken CALDWELL (SNP)'],['Ken CALDWELL (SNP)'],['Ken CALDWELL (SNP)'],['Ken CALDWELL (SNP)'],['Ken CALDWELL (SNP)'],['Ken CALDWELL (SNP)'],['Ken CALDWELL (SNP)'],['Ken CALDWELL (SNP)'],['Ken CALDWELL (SNP)'],['Ken CALDWELL (SNP)'],['Ken CALDWELL (SNP)'],['Ken CALDWELL (SNP)'],['Ken CALDWELL (SNP)'],['Ken CALDWELL (SNP)'],['Ken CALDWELL (SNP)'],['Ken CALDWELL (SNP)'],['Ken CALDWELL (SNP)'],['Ken CALDWELL (SNP)'],['David GRAHAM (Lab)'],['Ken CALDWELL (SNP)'],['Ken CALDWELL (SNP)'],['Ken CALDWELL (SNP)'],['Ken CALDWELL (SNP)'],['Ken CALDWELL (SNP)'],['Ken CALDWELL (SNP)'],['Ken CALDWELL (SNP)'],['Ken CALDWELL (SNP)'],['Ken CALDWELL (SNP)'],['Ken CALDWELL (SNP)']
raw_data/scotland/processed_data/fife22/Ward20-Cupar_PreferenceProfile_V0001_Ward-20-Cupar_06052022_151928.csv,8,['Margaret Christine KENNEDY (LD)'],['Margaret Christine KENNEDY (LD)'],['Margaret Christine KENNEDY (LD)'],['Margaret Christine KENNEDY (LD)'],['Margaret Christine KENNEDY (LD)'],['Margaret Christine KENNEDY (LD)'],['Margaret Christine KENNEDY (LD)'],['Margaret Christine KENNEDY (LD)'],['Margaret Christine KENNEDY (LD)'],['Margaret Christine KENNEDY (LD)'],['Margaret Christine KENNEDY (LD)'],['Margaret Christine KENNEDY (LD)'],['Margaret Christine KENNEDY (LD)'],['Margaret Christine KENNEDY (LD)'],['Margaret Christine KENNEDY (LD)'],['Margaret Christine KENNEDY (LD)'],['Margaret Christine KENNEDY (LD)'],['Margaret Christine KENNEDY (LD)'],['Margaret Christine KENNEDY (LD)'],['Margaret Christine KENNEDY (LD)'],['Margaret Christine KENNEDY (LD)'],['Margaret Christine KENNEDY (LD)'],['Margaret Christine KENNEDY (LD)'],['Margaret Christine KENNEDY (LD)'],['Margaret Christine KENNEDY (LD)'],['Margaret Christine KENNEDY (LD)'],['Margaret Christine KENNEDY (LD)'],['Margaret Christine KENNEDY (LD)'],['Margaret Christine KENNEDY (LD)'],['Margaret Christine KENNEDY (LD)']
raw_data/scotland/processed_data/fife22/PreferenceProfile_V0001_Ward-4-Dunfermline-South_06052022_151924.csv,8,['Lynn BALLANTYNE WARDLAW (SNP)'],['Cara HILTON (Lab)'],['Cara HILTON (Lab)'],['Cara HILTON (Lab)'],['James CALDER (LD)'],['Cara HILTON (Lab)'],['Lynn BALLANTYNE WARDLAW (SNP)'],['Cara HILTON (Lab)'],['Cara HILTON (Lab)'],['Cara HILTON (Lab)'],['Cara HILTON (Lab)'],['Cara HILTON (Lab)'],['Cara HILTON (Lab)'],['Cara HILTON (Lab)'],['Cara HILTON (Lab)'],['Lynn BALLANTYNE WARDLAW (SNP)'],['Cara HILTON (Lab)'],['Cara HILTON (Lab)'],['Lynn BALLANTYNE WARDLAW (SNP)'],['James CALDER (LD)'],['Cara HILTON (Lab)'],['Cara HILTON (Lab)'],['Cara HILTON (Lab)'],['Cara HILTON (Lab)'],['Cara HILTON (Lab)'],['Cara HILTON (Lab)'],['Cara HILTON (Lab)'],['Cara HILTON (Lab)'],['Cara HILTON (Lab)'],['Cara HILTON (Lab)']
raw_data/scotland/processed_data/fife22/Ward-9-Burntisland-Kinghorn-and-Western-Kirkcaldy_06052022_145551.csv,8,['Lesley Rankin BACKHOUSE (SNP)'],['Julie MACDOUGALL (Lab)'],['Julie MACDOUGALL (Lab)'],['Julie MACDOUGALL (Lab)'],['Julie MACDOUGALL (Lab)'],['Julie MACDOUGALL (Lab)'],['Julie MACDOUGALL (Lab)'],['Julie MACDOUGALL (Lab)'],['Julie MACDOUGALL (Lab)'],['Julie MACDOUGALL (Lab)'],['Julie MACDOUGALL (Lab)'],['Julie MACDOUGALL (Lab)'],['Julie MACDOUGALL (Lab)'],['Julie MACDOUGALL (Lab)'],['Julie MACDOUGALL (Lab)'],['Lesley Rankin BACKHOUSE (SNP)'],['Julie MACDOUGALL (Lab)'],['Julie MACDOUGALL (Lab)'],['Julie MACDOUGALL (Lab)'],['Julie MACDOUGALL (Lab)'],['Julie MACDOUGALL (Lab)'],['Julie MACDOUGALL (Lab)'],['Julie MACDOUGALL (Lab)'],['Julie MACDOUGALL (Lab)'],['Julie MACDOUGALL (Lab)'],['Julie MACDOUGALL (Lab)'],['Julie MACDOUGALL (Lab)'],['Julie MACDOUGALL (Lab)'],['Julie MACDOUGALL (Lab)'],['Julie MACDOUGALL (Lab)']
raw_data/scotland/processed_data/fife22/V0001_Ward-8-Lochgelly-Cardenden-and-Benarty_06052022_151928.csv,6,['Lea MCLELLAND (SNP)'],['Mary BAIN-LOCKHART (Lab)'],['Mary BAIN-LOCKHART (Lab)'],['Mary BAIN-LOCKHART (Lab)'],['Mary BAIN-LOCKHART (Lab)'],['Mary BAIN-LOCKHART (Lab)'],['Mary BAIN-LOCKHART (Lab)'],['Mary BAIN-LOCKHART (Lab)'],['Mary BAIN-LOCKHART (Lab)'],['Mary BAIN-LOCKHART (Lab)'],['Mary BAIN-LOCKHART (Lab)'],['Mary BAIN-LOCKHART (Lab)'],['Mary BAIN-LOCKHART (Lab)'],['Mary BAIN-LOCKHART (Lab)'],['Mary BAIN-LOCKHART (Lab)'],['Lea MCLELLAND (SNP)'],['Mary BAIN-LOCKHART (Lab)'],['Mary BAIN-LOCKHART (Lab)'],['Mary BAIN-LOCKHART (Lab)'],['Mary BAIN-LOCKHART (Lab)'],['Mary BAIN-LOCKHART (Lab)'],['Mary BAIN-LOCKHART (Lab)'],['Mary BAIN-LOCKHART (Lab)'],['Mary BAIN-LOCKHART (Lab)'],['Mary BAIN-LOCKHART (Lab)'],['Mary BAIN-LOCKHART (Lab)'],['Mary BAIN-LOCKHART (Lab)'],['Mary BAIN-LOCKHART (Lab)'],['Mary BAIN-LOCKHART (Lab)'],['Mary BAIN-LOCKHART (Lab)']
raw_data/scotland/processed_data/fife22/PreferenceProfile_V0001_Ward-12-Kirkcaldy-East_06052022_151925.csv,6,['Ian John CAMERON (Lab)'],['Ian John CAMERON (Lab)'],['Ian John CAMERON (Lab)'],['Ian John CAMERON (Lab)'],['Ian John CAMERON (Lab)'],['Ian John CAMERON (Lab)'],['Ian John CAMERON (Lab)'],['Ian John CAMERON (Lab)'],['Ian John CAMERON (Lab)'],['Ian John CAMERON (Lab)'],['Ian John CAMERON (Lab)'],['Ian John CAMERON (Lab)'],['Ian John CAMERON (Lab)'],['Ian John CAMERON (Lab)'],['Ian John CAMERON (Lab)'],['Ian John CAMERON (Lab)'],['Ian John CAMERON (Lab)'],['Ian John CAMERON (Lab)'],['Ian John CAMERON (Lab)'],['Ian John CAMERON (Lab)'],['Ian John CAMERON (Lab)'],['Ian John CAMERON (Lab)'],['Ian John CAMERON (Lab)'],['Ian John CAMERON (Lab)'],['Ian John CAMERON (Lab)'],['Ian John CAMERON (Lab)'],['Ian John CAMERON (Lab)'],['Ian John CAMERON (Lab)'],['Ian John CAMERON (Lab)'],['Ian John CAMERON (Lab)']
raw_data/scotland/processed_data/scottish by-elections/Ward4-LivingstonSouth_West Lothian 2021 by-election Ward_4.csv,7,['Maria MACAULAY (UNKNOWN)'],['Maria MACAULAY (UNKNOWN)'],['Maria MACAULAY (UNKNOWN)'],['Maria MACAULAY (UNKNOWN)'],['Maria MACAULAY (UNKNOWN)'],['Maria MACAULAY (UNKNOWN)'],['Maria MACAULAY (UNKNOWN)'],['Maria MACAULAY (UNKNOWN)'],['Maria MACAULAY (UNKNOWN)'],['Maria MACAULAY (UNKNOWN)'],['Maria MACAULAY (UNKNOWN)'],['Maria MACAULAY (UNKNOWN)'],['Maria MACAULAY (UNKNOWN)'],['Maria MACAULAY (UNKNOWN)'],['Maria MACAULAY (UNKNOWN)'],['Maria MACAULAY (UNKNOWN)'],['Maria MACAULAY (UNKNOWN)'],['Maria MACAULAY (UNKNOWN)'],['Maria MACAULAY (UNKNOWN)'],['Maria MACAULAY (UNKNOWN)'],['Maria MACAULAY (UNKNOWN)'],['Maria MACAULAY (UNKNOWN)'],['Maria MACAULAY (UNKNOWN)'],['Maria MACAULAY (UNKNOWN)'],['Maria MACAULAY (UNKNOWN)'],['Maria MACAULAY (UNKNOWN)'],['Maria MACAULAY (UNKNOWN)'],['Maria MACAULAY (UNKNOWN)'],['Maria MACAULAY (UNKNOWN)'],['Maria MACAULAY (UNKNOWN)']
raw_data/scotland/processed_data/scottish by-elections/Ward7-WhitburnandBlackburn_West Lothian 2024 by-election Ward 7.csv,7,['David Blackie RUSSELL (Lab)'],['David Blackie RUSSELL (Lab)'],['David Blackie RUSSELL (Lab)'],['David Blackie RUSSELL (Lab)'],['David Blackie RUSSELL (Lab)'],['David Blackie RUSSELL (Lab)'],['David Blackie RUSSELL (Lab)'],['David Blackie RUSSELL (Lab)'],['David Blackie RUSSELL (Lab)'],['David Blackie RUSSELL (Lab)'],['David Blackie RUSSELL (Lab)'],['David Blackie RUSSELL (Lab)'],['David Blackie RUSSELL (Lab)'],['David Blackie RUSSELL (Lab)'],['David Blackie RUSSELL (Lab)'],['David Blackie RUSSELL (Lab)'],['David Blackie RUSSELL (Lab)'],['David Blackie RUSSELL (Lab)'],['David Blackie RUSSELL (Lab)'],['David Blackie RUSSELL (Lab)'],['David Blackie RUSSELL (Lab)'],['David Blackie RUSSELL (Lab)'],['David Blackie RUSSELL (Lab)'],['David Blackie RUSSELL (Lab)'],['David Blackie RUSSELL (Lab)'],['David Blackie RUSSELL (Lab)'],['David Blackie RUSSELL (Lab)'],['David Blackie RUSSELL (Lab)'],['David Blackie RUSSELL (Lab)'],['David Blackie RUSSELL (Lab)']
raw_data/scotland/processed_data/scottish by-elections/Ward6-CromartyFirth_Highland 2023 by-election Ward 6.csv,12,['John EDMONDSON (LD)'],['John EDMONDSON (LD)'],['John EDMONDSON (LD)'],['John EDMONDSON (LD)'],['Sinclair COGHILL (Ind)'],['John EDMONDSON (LD)'],['John EDMONDSON (LD)'],['John EDMONDSON (LD)'],['John EDMONDSON (LD)'],['John EDMONDSON (LD)'],['John EDMONDSON (LD)'],['John EDMONDSON (LD)'],['John EDMONDSON (LD)'],['Sinclair COGHILL (Ind)'],['John EDMONDSON (LD)'],['John EDMONDSON (LD)'],['John EDMONDSON (LD)'],['John EDMONDSON (LD)'],['John EDMONDSON (LD)'],['Sinclair COGHILL (Ind)'],['John EDMONDSON (LD)'],['John EDMONDSON (LD)'],['John EDMONDSON (LD)'],['John EDMONDSON (LD)'],['John EDMONDSON (LD)'],['John EDMONDSON (LD)'],['John EDMONDSON (LD)'],['John EDMONDSON (LD)'],['Sinclair COGHILL (Ind)'],['John EDMONDSON (LD)']
raw_data/scotland/processed_data/scottish by-elections/Ward3-FraserburghandDistrict_aberdeenshire 2024 by-election ward 3.csv,5,['Iain SUTHERLAND (Con)'],['Iain SUTHERLAND (Con)'],['Iain SUTHERLAND (Con)'],['Iain SUTHERLAND (Con)'],['Iain SUTHERLAND (Con)'],['Iain SUTHERLAND (Con)'],['Iain SUTHERLAND (Con)'],['Iain SUTHERLAND (Con)'],['Iain SUTHERLAND (Con)'],['Iain SUTHERLAND (Con)'],['Iain SUTHERLAND (Con)'],['Iain SUTHERLAND (Con)'],['Iain SUTHERLAND (Con)'],['Iain SUTHERLAND (Con)'],['Iain SUTHERLAND (Con)'],['Iain SUTHERLAND (Con)'],['Iain SUTHERLAND (Con)'],['Iain SUTHERLAND (Con)'],['Iain SUTHERLAND (Con)'],['Iain SUTHERLAND (Con)'],['Iain SUTHERLAND (Con)'],['Iain SUTHERLAND (Con)'],['Iain SUTHERLAND (Con)'],['Iain SUTHERLAND (Con)'],['Iain SUTHERLAND (Con)'],['Iain SUTHERLAND (Con)'],['Iain SUTHERLAND (Con)'],['Iain SUTHERLAND (Con)'],['Iain SUTHERLAND (Con)'],['Iain SUTHERLAND (Con)']
raw_data/scotland/processed_data/scottish by-elections/LeithWalkWard_edinburgh by-election 2015 Leith Walk.csv,10,['John Lewis RITCHIE (SNP)'],['John Lewis RITCHIE (SNP)'],['John Lewis RITCHIE (SNP)'],['John Lewis RITCHIE (SNP)'],['John Lewis RITCHIE (SNP)'],['John Lewis RITCHIE (SNP)'],['John Lewis RITCHIE (SNP)'],['John Lewis RITCHIE (SNP)'],['John Lewis RITCHIE (SNP)'],['John Lewis RITCHIE (SNP)'],['John Lewis RITCHIE (SNP)'],['John Lewis RITCHIE (SNP)'],['John Lewis RITCHIE (SNP)'],['John Lewis RITCHIE (SNP)'],['John Lewis RITCHIE (SNP)'],['John Lewis RITCHIE (SNP)'],['John Lewis RITCHIE (SNP)'],['John Lewis RITCHIE (SNP)'],['John Lewis RITCHIE (SNP)'],['John Lewis RITCHIE (SNP)'],['John Lewis RITCHIE (SNP)'],['John Lewis RITCHIE (SNP)'],['John Lewis RITCHIE (SNP)'],['John Lewis RITCHIE (SNP)'],['John Lewis RITCHIE (SNP)'],['John Lewis RITCHIE (SNP)'],['John Lewis RITCHIE (SNP)'],['John Lewis RITCHIE (SNP)'],['John Lewis RITCHIE (SNP)'],['John Lewis RITCHIE (SNP)']
raw_data/scotland/processed_data/scottish by-elections/Ward8-Colinton-Fairmilehead_Edinburgh 2024 by-election Ward 8.csv,12,['Louise Watson SPENCE (LD)'],['Louise Watson SPENCE (LD)'],['Louise Watson SPENCE (LD)'],['Louise Watson SPENCE (LD)'],['Louise Watson SPENCE (LD)'],['Louise Watson SPENCE (LD)'],['Louise Watson SPENCE (LD)'],['Louise Watson SPENCE (LD)'],['Louise Watson SPENCE (LD)'],['Louise Watson SPENCE (LD)'],['Louise Watson SPENCE (LD)'],['Louise Watson SPENCE (LD)'],['Louise Watson SPENCE (LD)'],['Louise Watson SPENCE (LD)'],['Louise Watson SPENCE (LD)'],['Louise Watson SPENCE (LD)'],['Louise Watson SPENCE (LD)'],['Louise Watson SPENCE (LD)'],['Louise Watson SPENCE (LD)'],['Louise Watson SPENCE (LD)'],['Louise Watson SPENCE (LD)'],['Louise Watson SPENCE (LD)'],['Louise Watson SPENCE (LD)'],['Louise Watson SPENCE (LD)'],['Louise Watson SPENCE (LD)'],['Louise Watson SPENCE (LD)'],['Louise Watson SPENCE (LD)'],['Louise Watson SPENCE (LD)'],['Louise Watson SPENCE (LD)'],['Louise Watson SPENCE (LD)']
raw_data/scotland/processed_data/scottish by-elections/East Lothian 2019 by-election Ward 5 haddington.csv,5,['Craig HOY (UNKNOWN)'],['Craig HOY (UNKNOWN)'],['Craig HOY (UNKNOWN)'],['Craig HOY (UNKNOWN)'],['Craig HOY (UNKNOWN)'],['Craig HOY (UNKNOWN)'],['Craig HOY (UNKNOWN)'],['Craig HOY (UNKNOWN)'],['Craig HOY (UNKNOWN)'],['Craig HOY (UNKNOWN)'],['Craig HOY (UNKNOWN)'],['Craig HOY (UNKNOWN)'],['Craig HOY (UNKNOWN)'],['Stuart CRAWFORD (UNKNOWN)'],['Craig HOY (UNKNOWN)'],['Craig HOY (UNKNOWN)'],['Craig HOY (UNKNOWN)'],['Craig HOY (UNKNOWN)'],['Craig HOY (UNKNOWN)'],['Neal BLACK (UNKNOWN)'],['Craig HOY (UNKNOWN)'],['Craig HOY (UNKNOWN)'],['Craig HOY (UNKNOWN)'],['Craig HOY (UNKNOWN)'],['Craig HOY (UNKNOWN)'],['Craig HOY (UNKNOWN)'],['Craig HOY (UNKNOWN)'],['Craig HOY (UNKNOWN)'],['Stuart CRAWFORD (UNKNOWN)'],['Craig HOY (UNKNOWN)']
raw_data/scotland/processed_data/scottish by-elections/Ward7-FalkirkSouth_Falkirk 2021 by-election South.csv,4,['Emma Lindsey RUSSELL (UNKNOWN)'],['Emma Lindsey RUSSELL (UNKNOWN)'],['Emma Lindsey RUSSELL (UNKNOWN)'],['Emma Lindsey RUSSELL (UNKNOWN)'],['Emma Lindsey RUSSELL (UNKNOWN)'],['Emma Lindsey RUSSELL (UNKNOWN)'],['Emma Lindsey RUSSELL (UNKNOWN)'],['Emma Lindsey RUSSELL (UNKNOWN)'],['Emma Lindsey RUSSELL (UNKNOWN)'],['Emma Lindsey RUSSELL (UNKNOWN)'],['Emma Lindsey RUSSELL (UNKNOWN)'],['Emma Lindsey RUSSELL (UNKNOWN)'],['Emma Lindsey RUSSELL (UNKNOWN)'],['Emma Lindsey RUSSELL (UNKNOWN)'],['Emma Lindsey RUSSELL (UNKNOWN)'],['Emma Lindsey RUSSELL (UNKNOWN)'],['Emma Lindsey RUSSELL (UNKNOWN)'],['Emma Lindsey RUSSELL (UNKNOWN)'],['Emma Lindsey RUSSELL (UNKNOWN)'],['Emma Lindsey RUSSELL (UNKNOWN)'],['Emma Lindsey RUSSELL (UNKNOWN)'],['Emma Lindsey RUSSELL (UNKNOWN)'],['Emma Lindsey RUSSELL (UNKNOWN)'],['Emma Lindsey RUSSELL (UNKNOWN)'],['Emma Lindsey RUSSELL (UNKNOWN)'],['Emma Lindsey RUSSELL (UNKNOWN)'],['Emma Lindsey RUSSELL (UNKNOWN)'],['Emma Lindsey RUSSELL (UNKNOWN)'],['Emma Lindsey RUSSELL (UNKNOWN)'],['Emma Lindsey RUSSELL (UNKNOWN)']
raw_data/scotland/processed_data/scottish by-elections/clackmannanshire 2019 by-election ward 3 central.csv,6,['Jane MCTAGGART (UNKNOWN)'],['Jane MCTAGGART (UNKNOWN)'],['Jane MCTAGGART (UNKNOWN)'],['Jane MCTAGGART (UNKNOWN)'],['Jane MCTAGGART (UNKNOWN)'],['Jane MCTAGGART (UNKNOWN)'],['Jane MCTAGGART (UNKNOWN)'],['Jane MCTAGGART (UNKNOWN)'],['Jane MCTAGGART (UNKNOWN)'],['Jane MCTAGGART (UNKNOWN)'],['Jane MCTAGGART (UNKNOWN)'],['Jane MCTAGGART (UNKNOWN)'],['Jane MCTAGGART (UNKNOWN)'],['Jane MCTAGGART (UNKNOWN)'],['Jane MCTAGGART (UNKNOWN)'],['Jane MCTAGGART (UNKNOWN)'],['Jane MCTAGGART (UNKNOWN)'],['Jane MCTAGGART (UNKNOWN)'],['Jane MCTAGGART (UNKNOWN)'],['Jane MCTAGGART (UNKNOWN)'],['Jane MCTAGGART (UNKNOWN)'],['Jane MCTAGGART (UNKNOWN)'],['Jane MCTAGGART (UNKNOWN)'],['Jane MCTAGGART (UNKNOWN)'],['Jane MCTAGGART (UNKNOWN)'],['Jane MCTAGGART (UNKNOWN)'],['Jane MCTAGGART (UNKNOWN)'],['Jane MCTAGGART (UNKNOWN)'],['Jane MCTAGGART (UNKNOWN)'],['Jane MCTAGGART (UNKNOWN)']
raw_data/scotland/processed_data/scottish by-elections/Glasgow by-election 2021 Ward 23 Partick East-Kelvindale.csv,6,['Abdul BOSTANI (UNKNOWN)'],['Jill BROWN (UNKNOWN)'],['Jill BROWN (UNKNOWN)'],['Jill BROWN (UNKNOWN)'],['Jill BROWN (UNKNOWN)'],['Jill BROWN (UNKNOWN)'],['Jill BROWN (UNKNOWN)'],['Jill BROWN (UNKNOWN)'],['Jill BROWN (UNKNOWN)'],['Jill BROWN (UNKNOWN)'],['Jill BROWN (UNKNOWN)'],['Jill BROWN (UNKNOWN)'],['Jill BROWN (UNKNOWN)'],['Jill BROWN (UNKNOWN)'],['Jill BROWN (UNKNOWN)'],['Abdul BOSTANI (UNKNOWN)'],['Jill BROWN (UNKNOWN)'],['Jill BROWN (UNKNOWN)'],['Jill BROWN (UNKNOWN)'],['Jill BROWN (UNKNOWN)'],['Jill BROWN (UNKNOWN)'],['Jill BROWN (UNKNOWN)'],['Jill BROWN (UNKNOWN)'],['Jill BROWN (UNKNOWN)'],['Jill BROWN (UNKNOWN)'],['Jill BROWN (UNKNOWN)'],['Jill BROWN (UNKNOWN)'],['Jill BROWN (UNKNOWN)'],['Blair ANDERSON (UNKNOWN)'],['Jill BROWN (UNKNOWN)']
raw_data/scotland/processed_data/scottish by-elections/Ward1-Strathmartine_Dundee 2024 by-election Starthmartine.csv,6,['Jimmy BLACK (SNP)'],['Jimmy BLACK (SNP)'],['Jimmy BLACK (SNP)'],['Jimmy BLACK (SNP)'],['Jenny BLAIN (LD)'],['Jenny BLAIN (LD)'],['Jimmy BLACK (SNP)'],['Jimmy BLACK (SNP)'],['Jimmy BLACK (SNP)'],['Jimmy BLACK (SNP)'],['Jimmy BLACK (SNP)'],['Jimmy BLACK (SNP)'],['Jimmy BLACK (SNP)'],['Jenny BLAIN (LD)'],['Jimmy BLACK (SNP)'],['Jimmy BLACK (SNP)'],['Jimmy BLACK (SNP)'],['Jimmy BLACK (SNP)'],['Jimmy BLACK (SNP)'],['Jenny BLAIN (LD)'],['Jenny BLAIN (LD)'],['Jenny BLAIN (LD)'],['Jimmy BLACK (SNP)'],['Jimmy BLACK (SNP)'],['Jimmy BLACK (SNP)'],['Jimmy BLACK (SNP)'],['Jimmy BLACK (SNP)'],['Jimmy BLACK (SNP)'],['Jenny BLAIN (LD)'],['Jimmy BLACK (SNP)']
raw_data/scotland/processed_data/scottish by-elections/Aberdeen City Torry-Ferryhill Ward by election 2019.csv,7,['Audrey NICOLL (UNKNOWN)'],['Audrey NICOLL (UNKNOWN)'],['Audrey NICOLL (UNKNOWN)'],['Audrey NICOLL (UNKNOWN)'],['Audrey NICOLL (UNKNOWN)'],['Audrey NICOLL (UNKNOWN)'],['Audrey NICOLL (UNKNOWN)'],['Audrey NICOLL (UNKNOWN)'],['Audrey NICOLL (UNKNOWN)'],['Audrey NICOLL (UNKNOWN)'],['Audrey NICOLL (UNKNOWN)'],['Audrey NICOLL (UNKNOWN)'],['Audrey NICOLL (UNKNOWN)'],['Audrey NICOLL (UNKNOWN)'],['Audrey NICOLL (UNKNOWN)'],['Audrey NICOLL (UNKNOWN)'],['Audrey NICOLL (UNKNOWN)'],['Audrey NICOLL (UNKNOWN)'],['Audrey NICOLL (UNKNOWN)'],['Audrey NICOLL (UNKNOWN)'],['Audrey NICOLL (UNKNOWN)'],['Audrey NICOLL (UNKNOWN)'],['Audrey NICOLL (UNKNOWN)'],['Audrey NICOLL (UNKNOWN)'],['Audrey NICOLL (UNKNOWN)'],['Audrey NICOLL (UNKNOWN)'],['Audrey NICOLL (UNKNOWN)'],['Audrey NICOLL (UNKNOWN)'],['Audrey NICOLL (UNKNOWN)'],['Audrey NICOLL (UNKNOWN)']
raw_data/scotland/processed_data/scottish by-elections/North Lanarkshire 2023 by-election Motherweel South East and Ravenscraig.csv,8,['Kaye HARMON (Lab) and Co-Operative Party'],['Kaye HARMON (Lab) and Co-Operative Party'],['Kaye HARMON (Lab) and Co-Operative Party'],['Kaye HARMON (Lab) and Co-Operative Party'],['Kaye HARMON (Lab) and Co-Operative Party'],['Kaye HARMON (Lab) and Co-Operative Party'],['Kaye HARMON (Lab) and Co-Operative Party'],['Kaye HARMON (Lab) and Co-Operative Party'],['Kaye HARMON (Lab) and Co-Operative Party'],['Kaye HARMON (Lab) and Co-Operative Party'],['Kaye HARMON (Lab) and Co-Operative Party'],['Kaye HARMON (Lab) and Co-Operative Party'],['Kaye HARMON (Lab) and Co-Operative Party'],['Kaye HARMON (Lab) and Co-Operative Party'],['Kaye HARMON (Lab) and Co-Operative Party'],['Kaye HARMON (Lab) and Co-Operative Party'],['Kaye HARMON (Lab) and Co-Operative Party'],['Kaye HARMON (Lab) and Co-Operative Party'],['Kaye HARMON (Lab) and Co-Operative Party'],['Kaye HARMON (Lab) and Co-Operative Party'],['Kaye HARMON (Lab) and Co-Operative Party'],['Kaye HARMON (Lab) and Co-Operative Party'],['Kaye HARMON (Lab) and Co-Operative Party'],['Kaye HARMON (Lab) and Co-Operative Party'],['Kaye HARMON (Lab) and Co-Operative Party'],['Kaye HARMON (Lab) and Co-Operative Party'],['Kaye HARMON (Lab) and Co-Operative Party'],['Kaye HARMON (Lab) and Co-Operative Party'],['Kaye HARMON (Lab) and Co-Operative Party'],['Kaye HARMON (Lab) and Co-Operative Party']
raw_data/scotland/processed_data/scottish by-elections/West Lothian 2021 by-election Ward_5.csv,6,['Thomas George ULLATHORNE (UNKNOWN)'],['Thomas George ULLATHORNE (UNKNOWN)'],['Thomas George ULLATHORNE (UNKNOWN)'],['Thomas George ULLATHORNE (UNKNOWN)'],['Thomas George ULLATHORNE (UNKNOWN)'],['Thomas George ULLATHORNE (UNKNOWN)'],['Thomas George ULLATHORNE (UNKNOWN)'],['Thomas George ULLATHORNE (UNKNOWN)'],['Thomas George ULLATHORNE (UNKNOWN)'],['Thomas George ULLATHORNE (UNKNOWN)'],['Thomas George ULLATHORNE (UNKNOWN)'],['Thomas George ULLATHORNE (UNKNOWN)'],['Thomas George ULLATHORNE (UNKNOWN)'],['Thomas George ULLATHORNE (UNKNOWN)'],['Thomas George ULLATHORNE (UNKNOWN)'],['Thomas George ULLATHORNE (UNKNOWN)'],['Thomas George ULLATHORNE (UNKNOWN)'],['Thomas George ULLATHORNE (UNKNOWN)'],['Thomas George ULLATHORNE (UNKNOWN)'],['Thomas George ULLATHORNE (UNKNOWN)'],['Thomas George ULLATHORNE (UNKNOWN)'],['Thomas George ULLATHORNE (UNKNOWN)'],['Thomas George ULLATHORNE (UNKNOWN)'],['Thomas George ULLATHORNE (UNKNOWN)'],['Thomas George ULLATHORNE (UNKNOWN)'],['Thomas George ULLATHORNE (UNKNOWN)'],['Thomas George ULLATHORNE (UNKNOWN)'],['Thomas George ULLATHORNE (UNKNOWN)'],['Thomas George ULLATHORNE (UNKNOWN)'],['Thomas George ULLATHORNE (UNKNOWN)']
raw_data/scotland/processed_data/scottish by-elections/Ward7-Strathallan_Perth and Kinross 2024 by-election Ward 7.csv,6,['Amanda RUNCIMAN (Con)'],['Alan James WATT (LD)'],['Alan James WATT (LD)'],['Alan James WATT (LD)'],['Alan James WATT (LD)'],['Alan James WATT (LD)'],['Alan James WATT (LD)'],['Alan James WATT (LD)'],['Alan James WATT (LD)'],['Alan James WATT (LD)'],['Alan James WATT (LD)'],['Alan James WATT (LD)'],['Alan James WATT (LD)'],['Alan James WATT (LD)'],['Alan James WATT (LD)'],['Amanda RUNCIMAN (Con)'],['Alan James WATT (LD)'],['Alan James WATT (LD)'],['Alan James WATT (LD)'],['Alan James WATT (LD)'],['Alan James WATT (LD)'],['Alan James WATT (LD)'],['Alan James WATT (LD)'],['Alan James WATT (LD)'],['Alan James WATT (LD)'],['Alan James WATT (LD)'],['Alan James WATT (LD)'],['Alan James WATT (LD)'],['Alan James WATT (LD)'],['Alan James WATT (LD)']
raw_data/scotland/processed_data/scottish by-elections/Ward11Hillhead_Glasgow 2023 by-election Hillhead.csv,7,['Ruth HALL Glasgow (Lab)'],['Seonad HOY (Grn)'],['Seonad HOY (Grn)'],['Ruth HALL Glasgow (Lab)'],['Seonad HOY (Grn)'],['Seonad HOY (Grn)'],['Seonad HOY (Grn)'],['Seonad HOY (Grn)'],['Seonad HOY (Grn)'],['Seonad HOY (Grn)'],['Seonad HOY (Grn)'],['Seonad HOY (Grn)'],['Seonad HOY (Grn)'],['Seonad HOY (Grn)'],['Seonad HOY (Grn)'],['Ruth HALL Glasgow (Lab)'],['Seonad HOY (Grn)'],['Seonad HOY (Grn)'],['Seonad HOY (Grn)'],['Seonad HOY (Grn)'],['Seonad HOY (Grn)'],['Seonad HOY (Grn)'],['Seonad HOY (Grn)'],['Seonad HOY (Grn)'],['Seonad HOY (Grn)'],['Seonad HOY (Grn)'],['Seonad HOY (Grn)'],['Seonad HOY (Grn)'],['Seonad HOY (Grn)'],['Seonad HOY (Grn)']
raw_data/scotland/processed_data/scottish by-elections/Ward7-FalkirkSouth_Falkirk 2024 Ward 7 by-election.csv,7,['Carol Anne BEATTIE (SNP)'],['Claire AITKEN (Lab)'],['Claire AITKEN (Lab)'],['Claire AITKEN (Lab)'],['Claire AITKEN (Lab)'],['Claire AITKEN (Lab)'],['Claire AITKEN (Lab)'],['Claire AITKEN (Lab)'],['Claire AITKEN (Lab)'],['Claire AITKEN (Lab)'],['Claire AITKEN (Lab)'],['Claire AITKEN (Lab)'],['Claire AITKEN (Lab)'],['Claire AITKEN (Lab)'],['Claire AITKEN (Lab)'],['Carol Anne BEATTIE (SNP)'],['Claire AITKEN (Lab)'],['Claire AITKEN (Lab)'],['Claire AITKEN (Lab)'],['Claire AITKEN (Lab)'],['Claire AITKEN (Lab)'],['Claire AITKEN (Lab)'],['Claire AITKEN (Lab)'],['Claire AITKEN (Lab)'],['Claire AITKEN (Lab)'],['Claire AITKEN (Lab)'],['Claire AITKEN (Lab)'],['Claire AITKEN (Lab)'],['Claire AITKEN (Lab)'],['Claire AITKEN (Lab)']
raw_data/scotland/processed_data/scottish by-elections/Ward14-InvernessCentral_Highland 2024 by-election Ward 14.csv,6,['Martin MACGREGOR (SNP)'],['Michael GREGSON (Lab)'],['Michael GREGSON (Lab)'],['Michael GREGSON (Lab)'],['Michael GREGSON (Lab)'],['Michael GREGSON (Lab)'],['Martin MACGREGOR (SNP)'],['Michael GREGSON (Lab)'],['Michael GREGSON (Lab)'],['Michael GREGSON (Lab)'],['Michael GREGSON (Lab)'],['Michael GREGSON (Lab)'],['Michael GREGSON (Lab)'],['Michael GREGSON (Lab)'],['Michael GREGSON (Lab)'],['Martin MACGREGOR (SNP)'],['Michael GREGSON (Lab)'],['Michael GREGSON (Lab)'],['Michael GREGSON (Lab)'],['Michael GREGSON (Lab)'],['Michael GREGSON (Lab)'],['Michael GREGSON (Lab)'],['Michael GREGSON (Lab)'],['Michael GREGSON (Lab)'],['Michael GREGSON (Lab)'],['Michael GREGSON (Lab)'],['Michael GREGSON (Lab)'],['Michael GREGSON (Lab)'],['Michael GREGSON (Lab)'],['Michael GREGSON (Lab)']
raw_data/scotland/processed_data/scottish by-elections/Ward10-PerthCitySouth_Perth Kinross by-election 2020 South.csv,6,['Iain William MACPHERSON (UNKNOWN)'],['Liz BARRETT (UNKNOWN)'],['Liz BARRETT (UNKNOWN)'],['Liz BARRETT (UNKNOWN)'],['Liz BARRETT (UNKNOWN)'],['Liz BARRETT (UNKNOWN)'],['Liz BARRETT (UNKNOWN)'],['Liz BARRETT (UNKNOWN)'],['Liz BARRETT (UNKNOWN)'],['Liz BARRETT (UNKNOWN)'],['Liz BARRETT (UNKNOWN)'],['Liz BARRETT (UNKNOWN)'],['Liz BARRETT (UNKNOWN)'],['Liz BARRETT (UNKNOWN)'],['Liz BARRETT (UNKNOWN)'],['Iain William MACPHERSON (UNKNOWN)'],['Liz BARRETT (UNKNOWN)'],['Liz BARRETT (UNKNOWN)'],['Liz BARRETT (UNKNOWN)'],['Liz BARRETT (UNKNOWN)'],['Liz BARRETT (UNKNOWN)'],['Liz BARRETT (UNKNOWN)'],['Liz BARRETT (UNKNOWN)'],['Liz BARRETT (UNKNOWN)'],['Liz BARRETT (UNKNOWN)'],['Liz BARRETT (UNKNOWN)'],['Liz BARRETT (UNKNOWN)'],['Liz BARRETT (UNKNOWN)'],['Liz BARRETT (UNKNOWN)'],['Liz BARRETT (UNKNOWN)']
raw_data/scotland/processed_data/scottish by-elections/aberdeenshire by-election 2016 inverurie and district.csv,4,['Colin Clark (UNKNOWN)'],['Colin Clark (UNKNOWN)'],['Colin Clark (UNKNOWN)'],['Colin Clark (UNKNOWN)'],['Colin Clark (UNKNOWN)'],['Colin Clark (UNKNOWN)'],['Colin Clark (UNKNOWN)'],['Colin Clark (UNKNOWN)'],['Colin Clark (UNKNOWN)'],['Colin Clark (UNKNOWN)'],['Colin Clark (UNKNOWN)'],['Colin Clark (UNKNOWN)'],['Colin Clark (UNKNOWN)'],['Alison Auld (UNKNOWN)'],['Colin Clark (UNKNOWN)'],['Colin Clark (UNKNOWN)'],['Colin Clark (UNKNOWN)'],['Colin Clark (UNKNOWN)'],['Colin Clark (UNKNOWN)'],['Colin Clark (UNKNOWN)'],['Colin Clark (UNKNOWN)'],['Colin Clark (UNKNOWN)'],['Colin Clark (UNKNOWN)'],['Colin Clark (UNKNOWN)'],['Colin Clark (UNKNOWN)'],['Colin Clark (UNKNOWN)'],['Colin Clark (UNKNOWN)'],['Colin Clark (UNKNOWN)'],['Alison Auld (UNKNOWN)'],['Colin Clark (UNKNOWN)']
raw_data/scotland/processed_data/scottish by-elections/Ward2-Lochee_Dundee 2024 by-election Lochee.csv,7,['Lee MILLS (SNP)'],['Lee MILLS (SNP)'],['Lee MILLS (SNP)'],['Marty SMITH (Lab)'],['Marty SMITH (Lab)'],['Marty SMITH (Lab)'],['Lee MILLS (SNP)'],['Lee MILLS (SNP)'],['Lee MILLS (SNP)'],['Lee MILLS (SNP)'],['Lee MILLS (SNP)'],['Lee MILLS (SNP)'],['Lee MILLS (SNP)'],['Marty SMITH (Lab)'],['Lee MILLS (SNP)'],['Lee MILLS (SNP)'],['Lee MILLS (SNP)'],['Lee MILLS (SNP)'],['Marty SMITH (Lab)'],['Lee MILLS (SNP)'],['Lee MILLS (SNP)'],['Lee MILLS (SNP)'],['Lee MILLS (SNP)'],['Lee MILLS (SNP)'],['Lee MILLS (SNP)'],['Lee MILLS (SNP)'],['Lee MILLS (SNP)'],['Lee MILLS (SNP)'],['Lee MILLS (SNP)'],['Lee MILLS (SNP)']
raw_data/scotland/processed_data/scottish by-elections/Ward19-Mearns_aberdeenshire 2024 by-election ward 19.csv,5,['Tracey SMITH (Con)'],['Tracey SMITH (Con)'],['Tracey SMITH (Con)'],['Tracey SMITH (Con)'],['Isobel KNIGHTS (LD)'],['Tracey SMITH (Con)'],['Tracey SMITH (Con)'],['Tracey SMITH (Con)'],['Tracey SMITH (Con)'],['Tracey SMITH (Con)'],['Tracey SMITH (Con)'],['Tracey SMITH (Con)'],['Tracey SMITH (Con)'],['Tracey SMITH (Con)'],['Tracey SMITH (Con)'],['Tracey SMITH (Con)'],['Tracey SMITH (Con)'],['Tracey SMITH (Con)'],['Tracey SMITH (Con)'],['Tracey SMITH (Con)'],['Tracey SMITH (Con)'],['Tracey SMITH (Con)'],['Tracey SMITH (Con)'],['Tracey SMITH (Con)'],['Tracey SMITH (Con)'],['Tracey SMITH (Con)'],['Tracey SMITH (Con)'],['Tracey SMITH (Con)'],['Tracey SMITH (Con)'],['Tracey SMITH (Con)']
raw_data/scotland/processed_data/scottish by-elections/Ward9-DoonValley_East Ayrshire by-election 2024 Ward 9.csv,7,['Jim KYLE (Lab)'],['Jim KYLE (Lab)'],['Jim KYLE (Lab)'],['Jim KYLE (Lab)'],['Jim KYLE (Lab)'],['Jim KYLE (Lab)'],['Jim KYLE (Lab)'],['Jim KYLE (Lab)'],['Jim KYLE (Lab)'],['Jim KYLE (Lab)'],['Jim KYLE (Lab)'],['Jim KYLE (Lab)'],['Jim KYLE (Lab)'],['Jim KYLE (Lab)'],['Jim KYLE (Lab)'],['Jim KYLE (Lab)'],['Jim KYLE (Lab)'],['Jim KYLE (Lab)'],['Jim KYLE (Lab)'],['Jim KYLE (Lab)'],['Jim KYLE (Lab)'],['Jim KYLE (Lab)'],['Jim KYLE (Lab)'],['Jim KYLE (Lab)'],['Jim KYLE (Lab)'],['Jim KYLE (Lab)'],['Jim KYLE (Lab)'],['Jim KYLE (Lab)'],['Jim KYLE (Lab)'],['Jim KYLE (Lab)']
raw_data/scotland/processed_data/scottish by-elections/Ward8-IsleofBute_Argyll Bute by-election Isle of Bute 2021.csv,5,['Kim FINDLAY (UNKNOWN)'],['Liz MCCABE (UNKNOWN)'],['Liz MCCABE (UNKNOWN)'],['Kim FINDLAY (UNKNOWN)'],['Liz MCCABE (UNKNOWN)'],['Liz MCCABE (UNKNOWN)'],['Kim FINDLAY (UNKNOWN)'],['Liz MCCABE (UNKNOWN)'],['Liz MCCABE (UNKNOWN)'],['Liz MCCABE (UNKNOWN)'],['Liz MCCABE (UNKNOWN)'],['Liz MCCABE (UNKNOWN)'],['Liz MCCABE (UNKNOWN)'],['Fraser GILLIES (UNKNOWN)'],['Liz MCCABE (UNKNOWN)'],['Kim FINDLAY (UNKNOWN)'],['Liz MCCABE (UNKNOWN)'],['Liz MCCABE (UNKNOWN)'],['Kim FINDLAY (UNKNOWN)'],['Liz MCCABE (UNKNOWN)'],['Liz MCCABE (UNKNOWN)'],['Liz MCCABE (UNKNOWN)'],['Liz MCCABE (UNKNOWN)'],['Liz MCCABE (UNKNOWN)'],['Liz MCCABE (UNKNOWN)'],['Liz MCCABE (UNKNOWN)'],['Liz MCCABE (UNKNOWN)'],['Liz MCCABE (UNKNOWN)'],['Fraser GILLIES (UNKNOWN)'],['Liz MCCABE (UNKNOWN)']
raw_data/scotland/processed_data/scottish by-elections/Ward12-PerthCityCentre_Perth Kinross 2015 by-election Ward 12.csv,5,['Andrew John PARROTT (UNKNOWN)'],['Andrew John PARROTT (UNKNOWN)'],['Andrew John PARROTT (UNKNOWN)'],['Andrew John PARROTT (UNKNOWN)'],['Andrew John PARROTT (UNKNOWN)'],['Andrew John PARROTT (UNKNOWN)'],['Andrew John PARROTT (UNKNOWN)'],['Andrew John PARROTT (UNKNOWN)'],['Andrew John PARROTT (UNKNOWN)'],['Andrew John PARROTT (UNKNOWN)'],['Andrew John PARROTT (UNKNOWN)'],['Andrew John PARROTT (UNKNOWN)'],['Andrew John PARROTT (UNKNOWN)'],['Andrew John PARROTT (UNKNOWN)'],['Andrew John PARROTT (UNKNOWN)'],['Andrew John PARROTT (UNKNOWN)'],['Andrew John PARROTT (UNKNOWN)'],['Andrew John PARROTT (UNKNOWN)'],['Andrew John PARROTT (UNKNOWN)'],['Andrew John PARROTT (UNKNOWN)'],['Andrew John PARROTT (UNKNOWN)'],['Andrew John PARROTT (UNKNOWN)'],['Andrew John PARROTT (UNKNOWN)'],['Andrew John PARROTT (UNKNOWN)'],['Andrew John PARROTT (UNKNOWN)'],['Andrew John PARROTT (UNKNOWN)'],['Andrew John PARROTT (UNKNOWN)'],['Andrew John PARROTT (UNKNOWN)'],['Andrew John PARROTT (UNKNOWN)'],['Andrew John PARROTT (UNKNOWN)']
raw_data/scotland/processed_data/scottish by-elections/Ward1Linn_Glasgow 2022 Linn Ward.csv,9,['John CARSON Glasgow (Lab)'],['John CARSON Glasgow (Lab)'],['John CARSON Glasgow (Lab)'],['John CARSON Glasgow (Lab)'],['John CARSON Glasgow (Lab)'],['John CARSON Glasgow (Lab)'],['John CARSON Glasgow (Lab)'],['John CARSON Glasgow (Lab)'],['John CARSON Glasgow (Lab)'],['John CARSON Glasgow (Lab)'],['John CARSON Glasgow (Lab)'],['John CARSON Glasgow (Lab)'],['John CARSON Glasgow (Lab)'],['John CARSON Glasgow (Lab)'],['John CARSON Glasgow (Lab)'],['John CARSON Glasgow (Lab)'],['John CARSON Glasgow (Lab)'],['John CARSON Glasgow (Lab)'],['John CARSON Glasgow (Lab)'],['John CARSON Glasgow (Lab)'],['John CARSON Glasgow (Lab)'],['John CARSON Glasgow (Lab)'],['John CARSON Glasgow (Lab)'],['John CARSON Glasgow (Lab)'],['John CARSON Glasgow (Lab)'],['John CARSON Glasgow (Lab)'],['John CARSON Glasgow (Lab)'],['John CARSON Glasgow (Lab)'],['John CARSON Glasgow (Lab)'],['John CARSON Glasgow (Lab)']
raw_data/scotland/processed_data/scottish by-elections/Stirling 2024 August by-election ward 3.csv,6,['Stuart MCLUCKIE (Con)'],['David WILSON (Lab)'],['David WILSON (Lab)'],['David WILSON (Lab)'],['David WILSON (Lab)'],['David WILSON (Lab)'],['David WILSON (Lab)'],['David WILSON (Lab)'],['David WILSON (Lab)'],['David WILSON (Lab)'],['David WILSON (Lab)'],['David WILSON (Lab)'],['David WILSON (Lab)'],['David WILSON (Lab)'],['David WILSON (Lab)'],['Stuart MCLUCKIE (Con)'],['David WILSON (Lab)'],['David WILSON (Lab)'],['David WILSON (Lab)'],['David WILSON (Lab)'],['David WILSON (Lab)'],['David WILSON (Lab)'],['David WILSON (Lab)'],['David WILSON (Lab)'],['David WILSON (Lab)'],['David WILSON (Lab)'],['David WILSON (Lab)'],['David WILSON (Lab)'],['David WILSON (Lab)'],['David WILSON (Lab)']
raw_data/scotland/processed_data/scottish by-elections/Aberdeen_2023_by_election_Dyce_Bucksburn_Danestone.csv,8,['Tomasz BRZEZINSKI (SNP)'],['Graeme LAWRENCE (Lab)'],['Graeme LAWRENCE (Lab)'],['Graeme LAWRENCE (Lab)'],['Graeme LAWRENCE (Lab)'],['Graeme LAWRENCE (Lab)'],['Graeme LAWRENCE (Lab)'],['Graeme LAWRENCE (Lab)'],['Graeme LAWRENCE (Lab)'],['Graeme LAWRENCE (Lab)'],['Graeme LAWRENCE (Lab)'],['Graeme LAWRENCE (Lab)'],['Graeme LAWRENCE (Lab)'],['Graeme LAWRENCE (Lab)'],['Graeme LAWRENCE (Lab)'],['Tomasz BRZEZINSKI (SNP)'],['Graeme LAWRENCE (Lab)'],['Graeme LAWRENCE (Lab)'],['Graeme LAWRENCE (Lab)'],['Graeme LAWRENCE (Lab)'],['Graeme LAWRENCE (Lab)'],['Graeme LAWRENCE (Lab)'],['Graeme LAWRENCE (Lab)'],['Graeme LAWRENCE (Lab)'],['Graeme LAWRENCE (Lab)'],['Graeme LAWRENCE (Lab)'],['Graeme LAWRENCE (Lab)'],['Graeme LAWRENCE (Lab)'],['Graeme LAWRENCE (Lab)'],['Graeme LAWRENCE (Lab)']
raw_data/scotland/processed_data/scottish by-elections/Ward7-TainandEasterRoss_Highland 2023 by-election Ward 7.csv,7,['Maureen ROSS (Ind)'],['Maureen ROSS (Ind)'],['Maureen ROSS (Ind)'],['Maureen ROSS (Ind)'],['Maureen ROSS (Ind)'],['Maureen ROSS (Ind)'],['Maureen ROSS (Ind)'],['Maureen ROSS (Ind)'],['Maureen ROSS (Ind)'],['Maureen ROSS (Ind)'],['Maureen ROSS (Ind)'],['Maureen ROSS (Ind)'],['Maureen ROSS (Ind)'],['Maureen ROSS (Ind)'],['Maureen ROSS (Ind)'],['Maureen ROSS (Ind)'],['Maureen ROSS (Ind)'],['Maureen ROSS (Ind)'],['Maureen ROSS (Ind)'],['Maureen ROSS (Ind)'],['Maureen ROSS (Ind)'],['Maureen ROSS (Ind)'],['Maureen ROSS (Ind)'],['Maureen ROSS (Ind)'],['Maureen ROSS (Ind)'],['Maureen ROSS (Ind)'],['Maureen ROSS (Ind)'],['Maureen ROSS (Ind)'],['Maureen ROSS (Ind)'],['Maureen ROSS (Ind)']
raw_data/scotland/processed_data/scottish by-elections/Ward9-AlmondandEarn_Perth Kinross 2016 by-election ward 9.csv,5,['Kathleen BAIRD (UNKNOWN)'],['Kathleen BAIRD (UNKNOWN)'],['Kathleen BAIRD (UNKNOWN)'],['Kathleen BAIRD (UNKNOWN)'],['Kathleen BAIRD (UNKNOWN)'],['Kathleen BAIRD (UNKNOWN)'],['Kathleen BAIRD (UNKNOWN)'],['Kathleen BAIRD (UNKNOWN)'],['Kathleen BAIRD (UNKNOWN)'],['Kathleen BAIRD (UNKNOWN)'],['Kathleen BAIRD (UNKNOWN)'],['Kathleen BAIRD (UNKNOWN)'],['Kathleen BAIRD (UNKNOWN)'],['Kathleen BAIRD (UNKNOWN)'],['Kathleen BAIRD (UNKNOWN)'],['Kathleen BAIRD (UNKNOWN)'],['Kathleen BAIRD (UNKNOWN)'],['Kathleen BAIRD (UNKNOWN)'],['Kathleen BAIRD (UNKNOWN)'],['Kathleen BAIRD (UNKNOWN)'],['Kathleen BAIRD (UNKNOWN)'],['Kathleen BAIRD (UNKNOWN)'],['Kathleen BAIRD (UNKNOWN)'],['Kathleen BAIRD (UNKNOWN)'],['Kathleen BAIRD (UNKNOWN)'],['Kathleen BAIRD (UNKNOWN)'],['Kathleen BAIRD (UNKNOWN)'],['Kathleen BAIRD (UNKNOWN)'],['Kathleen BAIRD (UNKNOWN)'],['Kathleen BAIRD (UNKNOWN)']
raw_data/scotland/processed_data/scottish by-elections/Ward5-InverclydeWest_Inverclyde 2024 by-election ward 5.csv,5,['Ian HELLYER (Lab)'],['Ian HELLYER (Lab)'],['Ian HELLYER (Lab)'],['Ian HELLYER (Lab)'],['Ian HELLYER (Lab)'],['Ian HELLYER (Lab)'],['Ian HELLYER (Lab)'],['Ian HELLYER (Lab)'],['Ian HELLYER (Lab)'],['Ian HELLYER (Lab)'],['Ian HELLYER (Lab)'],['Ian HELLYER (Lab)'],['Ian HELLYER (Lab)'],['Ian HELLYER (Lab)'],['Ian HELLYER (Lab)'],['Ian HELLYER (Lab)'],['Ian HELLYER (Lab)'],['Ian HELLYER (Lab)'],['Ian HELLYER (Lab)'],['Ian HELLYER (Lab)'],['Ian HELLYER (Lab)'],['Ian HELLYER (Lab)'],['Ian HELLYER (Lab)'],['Ian HELLYER (Lab)'],['Ian HELLYER (Lab)'],['Ian HELLYER (Lab)'],['Ian HELLYER (Lab)'],['Ian HELLYER (Lab)'],['Ian HELLYER (Lab)'],['Ian HELLYER (Lab)']
raw_data/scotland/processed_data/scottish by-elections/Ward7-TainandEasterRoss_Highland 2024 by-election Ward 7.csv,7,['Laura DUNDAS (Ind)'],['Laura DUNDAS (Ind)'],['Laura DUNDAS (Ind)'],['Laura DUNDAS (Ind)'],['Laura DUNDAS (Ind)'],['Laura DUNDAS (Ind)'],['Laura DUNDAS (Ind)'],['Laura DUNDAS (Ind)'],['Laura DUNDAS (Ind)'],['Laura DUNDAS (Ind)'],['Laura DUNDAS (Ind)'],['Laura DUNDAS (Ind)'],['Laura DUNDAS (Ind)'],['Laura DUNDAS (Ind)'],['Laura DUNDAS (Ind)'],['Laura DUNDAS (Ind)'],['Laura DUNDAS (Ind)'],['Laura DUNDAS (Ind)'],['Laura DUNDAS (Ind)'],['Laura DUNDAS (Ind)'],['Laura DUNDAS (Ind)'],['Laura DUNDAS (Ind)'],['Laura DUNDAS (Ind)'],['Laura DUNDAS (Ind)'],['Laura DUNDAS (Ind)'],['Laura DUNDAS (Ind)'],['Laura DUNDAS (Ind)'],['Laura DUNDAS (Ind)'],['Laura DUNDAS (Ind)'],['Laura DUNDAS (Ind)']
raw_data/scotland/processed_data/scottish by-elections/Ward2-KintyreandtheIslands_Argyll and Bute 2024 by-election Ward 2.csv,5,['Anne HORN (SNP)'],['Anne HORN (SNP)'],['Anne HORN (SNP)'],['Anne HORN (SNP)'],['Anne HORN (SNP)'],['Anne HORN (SNP)'],['Anne HORN (SNP)'],['Anne HORN (SNP)'],['Anne HORN (SNP)'],['Anne HORN (SNP)'],['Anne HORN (SNP)'],['Anne HORN (SNP)'],['Anne HORN (SNP)'],['Anne HORN (SNP)'],['Anne HORN (SNP)'],['Anne HORN (SNP)'],['Anne HORN (SNP)'],['Anne HORN (SNP)'],['Anne HORN (SNP)'],['Anne HORN (SNP)'],['Anne HORN (SNP)'],['Anne HORN (SNP)'],['Anne HORN (SNP)'],['Anne HORN (SNP)'],['Anne HORN (SNP)'],['Anne HORN (SNP)'],['Anne HORN (SNP)'],['Anne HORN (SNP)'],['Anne HORN (SNP)'],['Anne HORN (SNP)']
raw_data/scotland/processed_data/scottish by-elections/North Lanarkshire 2024 by-election Ward 16.csv,6,['Helena GRAY (Lab)'],['Helena GRAY (Lab)'],['Helena GRAY (Lab)'],['Helena GRAY (Lab)'],['Helena GRAY (Lab)'],['Helena GRAY (Lab)'],['Helena GRAY (Lab)'],['Helena GRAY (Lab)'],['Helena GRAY (Lab)'],['Helena GRAY (Lab)'],['Helena GRAY (Lab)'],['Helena GRAY (Lab)'],['Helena GRAY (Lab)'],['Helena GRAY (Lab)'],['Helena GRAY (Lab)'],['Helena GRAY (Lab)'],['Helena GRAY (Lab)'],['Helena GRAY (Lab)'],['Helena GRAY (Lab)'],['Helena GRAY (Lab)'],['Helena GRAY (Lab)'],['Helena GRAY (Lab)'],['Helena GRAY (Lab)'],['Helena GRAY (Lab)'],['Helena GRAY (Lab)'],['Helena GRAY (Lab)'],['Helena GRAY (Lab)'],['Helena GRAY (Lab)'],['Helena GRAY (Lab)'],['Helena GRAY (Lab)']
raw_data/scotland/processed_data/scottish by-elections/Ward10-PerthCitySouth_Perth Kinross 2017 by-election Ward 10.csv,6,['Pauline LEITCH (UNKNOWN)'],['Audrey COATES (UNKNOWN)'],['Audrey COATES (UNKNOWN)'],['Liz BARRETT (UNKNOWN)'],['Liz BARRETT (UNKNOWN)'],['Liz BARRETT (UNKNOWN)'],['Liz BARRETT (UNKNOWN)'],['Liz BARRETT (UNKNOWN)'],['Liz BARRETT (UNKNOWN)'],['Liz BARRETT (UNKNOWN)'],['Liz BARRETT (UNKNOWN)'],['Liz BARRETT (UNKNOWN)'],['Liz BARRETT (UNKNOWN)'],['Liz BARRETT (UNKNOWN)'],['Liz BARRETT (UNKNOWN)'],['Pauline LEITCH (UNKNOWN)'],['Audrey COATES (UNKNOWN)'],['Audrey COATES (UNKNOWN)'],['Liz BARRETT (UNKNOWN)'],['Liz BARRETT (UNKNOWN)'],['Liz BARRETT (UNKNOWN)'],['Liz BARRETT (UNKNOWN)'],['Liz BARRETT (UNKNOWN)'],['Liz BARRETT (UNKNOWN)'],['Liz BARRETT (UNKNOWN)'],['Liz BARRETT (UNKNOWN)'],['Liz BARRETT (UNKNOWN)'],['Liz BARRETT (UNKNOWN)'],['Liz BARRETT (UNKNOWN)'],['Liz BARRETT (UNKNOWN)']
raw_data/scotland/processed_data/scottish by-elections/Ward2-Preston-Seton-Gosford_East Lothian 2022 by-election ward 2.csv,6,['Colin YORKSTON (Lab)'],['Colin YORKSTON (Lab)'],['Colin YORKSTON (Lab)'],['Colin YORKSTON (Lab)'],['Colin YORKSTON (Lab)'],['Colin YORKSTON (Lab)'],['Colin YORKSTON (Lab)'],['Colin YORKSTON (Lab)'],['Colin YORKSTON (Lab)'],['Colin YORKSTON (Lab)'],['Colin YORKSTON (Lab)'],['Colin YORKSTON (Lab)'],['Colin YORKSTON (Lab)'],['Colin YORKSTON (Lab)'],['Colin YORKSTON (Lab)'],['Colin YORKSTON (Lab)'],['Colin YORKSTON (Lab)'],['Colin YORKSTON (Lab)'],['Colin YORKSTON (Lab)'],['Colin YORKSTON (Lab)'],['Colin YORKSTON (Lab)'],['Colin YORKSTON (Lab)'],['Colin YORKSTON (Lab)'],['Colin YORKSTON (Lab)'],['Colin YORKSTON (Lab)'],['Colin YORKSTON (Lab)'],['Colin YORKSTON (Lab)'],['Colin YORKSTON (Lab)'],['Colin YORKSTON (Lab)'],['Colin YORKSTON (Lab)']
raw_data/scotland/processed_data/scottish by-elections/Ward9LomondNorth_Argyll Bute by-election 2021 Lomond North.csv,4,['Paul Collins (Con)'],['Paul Collins (Con)'],['Paul Collins (Con)'],['Paul Collins (Con)'],['Mark Irvine (Ind)'],['Mark Irvine (Ind)'],['Mark Irvine (Ind)'],['Paul Collins (Con)'],['Paul Collins (Con)'],['Paul Collins (Con)'],['Paul Collins (Con)'],['Paul Collins (Con)'],['Paul Collins (Con)'],['Mark Irvine (Ind)'],['Paul Collins (Con)'],['Paul Collins (Con)'],['Paul Collins (Con)'],['Paul Collins (Con)'],['Paul Collins (Con)'],['Mark Irvine (Ind)'],['Mark Irvine (Ind)'],['Mark Irvine (Ind)'],['Paul Collins (Con)'],['Paul Collins (Con)'],['Paul Collins (Con)'],['Paul Collins (Con)'],['Paul Collins (Con)'],['Paul Collins (Con)'],['Mark Irvine (Ind)'],['Paul Collins (Con)']
raw_data/scotland/processed_data/scottish by-elections/Aberdeenshire 2020 by-election Ellon and District.csv,5,['Louise MCALLISTER (UNKNOWN)'],['Louise MCALLISTER (UNKNOWN)'],['Louise MCALLISTER (UNKNOWN)'],['Louise MCALLISTER (UNKNOWN)'],['Louise MCALLISTER (UNKNOWN)'],['Louise MCALLISTER (UNKNOWN)'],['Louise MCALLISTER (UNKNOWN)'],['Louise MCALLISTER (UNKNOWN)'],['Louise MCALLISTER (UNKNOWN)'],['Louise MCALLISTER (UNKNOWN)'],['Louise MCALLISTER (UNKNOWN)'],['Louise MCALLISTER (UNKNOWN)'],['Louise MCALLISTER (UNKNOWN)'],['Louise MCALLISTER (UNKNOWN)'],['Louise MCALLISTER (UNKNOWN)'],['Louise MCALLISTER (UNKNOWN)'],['Louise MCALLISTER (UNKNOWN)'],['Louise MCALLISTER (UNKNOWN)'],['Louise MCALLISTER (UNKNOWN)'],['Louise MCALLISTER (UNKNOWN)'],['Louise MCALLISTER (UNKNOWN)'],['Louise MCALLISTER (UNKNOWN)'],['Louise MCALLISTER (UNKNOWN)'],['Louise MCALLISTER (UNKNOWN)'],['Louise MCALLISTER (UNKNOWN)'],['Louise MCALLISTER (UNKNOWN)'],['Louise MCALLISTER (UNKNOWN)'],['Louise MCALLISTER (UNKNOWN)'],['Louise MCALLISTER (UNKNOWN)'],['Louise MCALLISTER (UNKNOWN)']
raw_data/scotland/processed_data/scottish by-elections/Ward5-LeaderdaleandMelrose_Scottish Borders 2021 by-elction Ward 5.csv,7,['Jenny LINEHAN (UNKNOWN)'],['Jenny LINEHAN (UNKNOWN)'],['Jenny LINEHAN (UNKNOWN)'],['Jenny LINEHAN (UNKNOWN)'],['Jonny ADAMSON (UNKNOWN)'],['Jenny LINEHAN (UNKNOWN)'],['Jenny LINEHAN (UNKNOWN)'],['Jenny LINEHAN (UNKNOWN)'],['Jenny LINEHAN (UNKNOWN)'],['Jenny LINEHAN (UNKNOWN)'],['Jenny LINEHAN (UNKNOWN)'],['Jenny LINEHAN (UNKNOWN)'],['Jenny LINEHAN (UNKNOWN)'],['Jenny LINEHAN (UNKNOWN)'],['Jenny LINEHAN (UNKNOWN)'],['Jenny LINEHAN (UNKNOWN)'],['Jenny LINEHAN (UNKNOWN)'],['Jenny LINEHAN (UNKNOWN)'],['Jenny LINEHAN (UNKNOWN)'],['Jenny LINEHAN (UNKNOWN)'],['Jenny LINEHAN (UNKNOWN)'],['Jenny LINEHAN (UNKNOWN)'],['Jenny LINEHAN (UNKNOWN)'],['Jenny LINEHAN (UNKNOWN)'],['Jenny LINEHAN (UNKNOWN)'],['Jenny LINEHAN (UNKNOWN)'],['Jenny LINEHAN (UNKNOWN)'],['Jenny LINEHAN (UNKNOWN)'],['Jenny LINEHAN (UNKNOWN)'],['Jenny LINEHAN (UNKNOWN)']
raw_data/scotland/processed_data/scottish by-elections/East Ayrshire by-election 2024 Ward 3.csv,5,['Jayne SANGSTER (Lab)'],['Jayne SANGSTER (Lab)'],['Jayne SANGSTER (Lab)'],['Jayne SANGSTER (Lab)'],['Jayne SANGSTER (Lab)'],['Jayne SANGSTER (Lab)'],['Jayne SANGSTER (Lab)'],['Jayne SANGSTER (Lab)'],['Jayne SANGSTER (Lab)'],['Jayne SANGSTER (Lab)'],['Jayne SANGSTER (Lab)'],['Jayne SANGSTER (Lab)'],['Jayne SANGSTER (Lab)'],['Jayne SANGSTER (Lab)'],['Jayne SANGSTER (Lab)'],['Jayne SANGSTER (Lab)'],['Jayne SANGSTER (Lab)'],['Jayne SANGSTER (Lab)'],['Jayne SANGSTER (Lab)'],['Jayne SANGSTER (Lab)'],['Jayne SANGSTER (Lab)'],['Jayne SANGSTER (Lab)'],['Jayne SANGSTER (Lab)'],['Jayne SANGSTER (Lab)'],['Jayne SANGSTER (Lab)'],['Jayne SANGSTER (Lab)'],['Jayne SANGSTER (Lab)'],['Jayne SANGSTER (Lab)'],['Jayne SANGSTER (Lab)'],['Jayne SANGSTER (Lab)']
raw_data/scotland/processed_data/scottish by-elections/Ward12-EastGarioch_Aberdeenshire 2021 by-election East Garioch.csv,5,['David KEATING (UNKNOWN)'],['David KEATING (UNKNOWN)'],['David KEATING (UNKNOWN)'],['David KEATING (UNKNOWN)'],['David KEATING (UNKNOWN)'],['David KEATING (UNKNOWN)'],['David KEATING (UNKNOWN)'],['David KEATING (UNKNOWN)'],['David KEATING (UNKNOWN)'],['David KEATING (UNKNOWN)'],['David KEATING (UNKNOWN)'],['David KEATING (UNKNOWN)'],['David KEATING (UNKNOWN)'],['David KEATING (UNKNOWN)'],['David KEATING (UNKNOWN)'],['David KEATING (UNKNOWN)'],['David KEATING (UNKNOWN)'],['David KEATING (UNKNOWN)'],['David KEATING (UNKNOWN)'],['David KEATING (UNKNOWN)'],['David KEATING (UNKNOWN)'],['David KEATING (UNKNOWN)'],['David KEATING (UNKNOWN)'],['David KEATING (UNKNOWN)'],['David KEATING (UNKNOWN)'],['David KEATING (UNKNOWN)'],['David KEATING (UNKNOWN)'],['David KEATING (UNKNOWN)'],['David KEATING (UNKNOWN)'],['David KEATING (UNKNOWN)']
raw_data/scotland/processed_data/scottish by-elections/Ward12-LeithWalk_edinburgh 2019 by-election Leith Walk.csv,11,['Rob MUNN (UNKNOWN)'],['Rob MUNN (UNKNOWN)'],['Rob MUNN (UNKNOWN)'],['Lorna SLATER (UNKNOWN)'],['Lorna SLATER (UNKNOWN)'],['Lorna SLATER (UNKNOWN)'],['Rob MUNN (UNKNOWN)'],['Rob MUNN (UNKNOWN)'],['Rob MUNN (UNKNOWN)'],['Rob MUNN (UNKNOWN)'],['Rob MUNN (UNKNOWN)'],['Rob MUNN (UNKNOWN)'],['Rob MUNN (UNKNOWN)'],['Lorna SLATER (UNKNOWN)'],['Rob MUNN (UNKNOWN)'],['Rob MUNN (UNKNOWN)'],['Rob MUNN (UNKNOWN)'],['Rob MUNN (UNKNOWN)'],['Rob MUNN (UNKNOWN)'],['Rob MUNN (UNKNOWN)'],['Rob MUNN (UNKNOWN)'],['Rob MUNN (UNKNOWN)'],['Rob MUNN (UNKNOWN)'],['Rob MUNN (UNKNOWN)'],['Rob MUNN (UNKNOWN)'],['Rob MUNN (UNKNOWN)'],['Rob MUNN (UNKNOWN)'],['Rob MUNN (UNKNOWN)'],['Lorna SLATER (UNKNOWN)'],['Rob MUNN (UNKNOWN)']
raw_data/scotland/processed_data/scottish by-elections/aberdeenshire by-election 2017 inverurie.csv,5,['Lesley BERRY (UNKNOWN)'],['Lesley BERRY (UNKNOWN)'],['Lesley BERRY (UNKNOWN)'],['Lesley BERRY (UNKNOWN)'],['Lesley BERRY (UNKNOWN)'],['Lesley BERRY (UNKNOWN)'],['Lesley BERRY (UNKNOWN)'],['Lesley BERRY (UNKNOWN)'],['Lesley BERRY (UNKNOWN)'],['Lesley BERRY (UNKNOWN)'],['Lesley BERRY (UNKNOWN)'],['Lesley BERRY (UNKNOWN)'],['Lesley BERRY (UNKNOWN)'],['Lesley BERRY (UNKNOWN)'],['Lesley BERRY (UNKNOWN)'],['Lesley BERRY (UNKNOWN)'],['Lesley BERRY (UNKNOWN)'],['Lesley BERRY (UNKNOWN)'],['Lesley BERRY (UNKNOWN)'],['Lesley BERRY (UNKNOWN)'],['Lesley BERRY (UNKNOWN)'],['Lesley BERRY (UNKNOWN)'],['Lesley BERRY (UNKNOWN)'],['Lesley BERRY (UNKNOWN)'],['Lesley BERRY (UNKNOWN)'],['Lesley BERRY (UNKNOWN)'],['Lesley BERRY (UNKNOWN)'],['Lesley BERRY (UNKNOWN)'],['Lesley BERRY (UNKNOWN)'],['Lesley BERRY (UNKNOWN)']
raw_data/scotland/processed_data/scottish by-elections/Highland 2021 by-election Fort William.csv,7,['Sarah FANET (SNP)'],['Sarah FANET (SNP)'],['Sarah FANET (SNP)'],['Sarah FANET (SNP)'],['Sarah FANET (SNP)'],['Sarah FANET (SNP)'],['Sarah FANET (SNP)'],['Sarah FANET (SNP)'],['Sarah FANET (SNP)'],['Sarah FANET (SNP)'],['Sarah FANET (SNP)'],['Sarah FANET (SNP)'],['Sarah FANET (SNP)'],['Sarah FANET (SNP)'],['Sarah FANET (SNP)'],['Sarah FANET (SNP)'],['Sarah FANET (SNP)'],['Sarah FANET (SNP)'],['Sarah FANET (SNP)'],['Sarah FANET (SNP)'],['Sarah FANET (SNP)'],['Sarah FANET (SNP)'],['Sarah FANET (SNP)'],['Sarah FANET (SNP)'],['Sarah FANET (SNP)'],['Sarah FANET (SNP)'],['Sarah FANET (SNP)'],['Sarah FANET (SNP)'],['Sarah FANET (SNP)'],['Sarah FANET (SNP)']
raw_data/scotland/processed_data/scottish by-elections/Ward13-InvernessWest_highland 2021 by-election Inverness West.csv,7,['Kate MACLEAN (UNKNOWN)'],['Colin AITKEN (UNKNOWN)'],['Colin AITKEN (UNKNOWN)'],['Colin AITKEN (UNKNOWN)'],['Colin AITKEN (UNKNOWN)'],['Colin AITKEN (UNKNOWN)'],['Colin AITKEN (UNKNOWN)'],['Colin AITKEN (UNKNOWN)'],['Colin AITKEN (UNKNOWN)'],['Colin AITKEN (UNKNOWN)'],['Colin AITKEN (UNKNOWN)'],['Colin AITKEN (UNKNOWN)'],['Colin AITKEN (UNKNOWN)'],['Colin AITKEN (UNKNOWN)'],['Colin AITKEN (UNKNOWN)'],['Kate MACLEAN (UNKNOWN)'],['Colin AITKEN (UNKNOWN)'],['Colin AITKEN (UNKNOWN)'],['Colin AITKEN (UNKNOWN)'],['Colin AITKEN (UNKNOWN)'],['Colin AITKEN (UNKNOWN)'],['Colin AITKEN (UNKNOWN)'],['Colin AITKEN (UNKNOWN)'],['Colin AITKEN (UNKNOWN)'],['Colin AITKEN (UNKNOWN)'],['Colin AITKEN (UNKNOWN)'],['Colin AITKEN (UNKNOWN)'],['Colin AITKEN (UNKNOWN)'],['Colin AITKEN (UNKNOWN)'],['Colin AITKEN (UNKNOWN)']
raw_data/scotland/processed_data/scottish by-elections/South Lanarkshire 2019 by-election East Kilbride.csv,7,['Grant FERGUSON (UNKNOWN)'],['Grant FERGUSON (UNKNOWN)'],['Grant FERGUSON (UNKNOWN)'],['Grant FERGUSON (UNKNOWN)'],['Grant FERGUSON (UNKNOWN)'],['Grant FERGUSON (UNKNOWN)'],['Grant FERGUSON (UNKNOWN)'],['Grant FERGUSON (UNKNOWN)'],['Grant FERGUSON (UNKNOWN)'],['Grant FERGUSON (UNKNOWN)'],['Grant FERGUSON (UNKNOWN)'],['Grant FERGUSON (UNKNOWN)'],['Grant FERGUSON (UNKNOWN)'],['Grant FERGUSON (UNKNOWN)'],['Grant FERGUSON (UNKNOWN)'],['Grant FERGUSON (UNKNOWN)'],['Grant FERGUSON (UNKNOWN)'],['Grant FERGUSON (UNKNOWN)'],['Grant FERGUSON (UNKNOWN)'],['Grant FERGUSON (UNKNOWN)'],['Grant FERGUSON (UNKNOWN)'],['Grant FERGUSON (UNKNOWN)'],['Grant FERGUSON (UNKNOWN)'],['Grant FERGUSON (UNKNOWN)'],['Grant FERGUSON (UNKNOWN)'],['Grant FERGUSON (UNKNOWN)'],['Grant FERGUSON (UNKNOWN)'],['Grant FERGUSON (UNKNOWN)'],['Grant FERGUSON (UNKNOWN)'],['Grant FERGUSON (UNKNOWN)']
raw_data/scotland/processed_data/scottish by-elections/Ward11-PerthCityNorth_Perth and Kinross 2024 by-election Ward 11.csv,7,['Carol MAIR (SNP)'],['Carol MAIR (SNP)'],['Carol MAIR (SNP)'],['Carol MAIR (SNP)'],['Carol MAIR (SNP)'],['Carol MAIR (SNP)'],['Carol MAIR (SNP)'],['Carol MAIR (SNP)'],['Carol MAIR (SNP)'],['Carol MAIR (SNP)'],['Carol MAIR (SNP)'],['Carol MAIR (SNP)'],['Carol MAIR (SNP)'],['Carol MAIR (SNP)'],['Carol MAIR (SNP)'],['Carol MAIR (SNP)'],['Carol MAIR (SNP)'],['Carol MAIR (SNP)'],['Carol MAIR (SNP)'],['Carol MAIR (SNP)'],['Carol MAIR (SNP)'],['Carol MAIR (SNP)'],['Carol MAIR (SNP)'],['Carol MAIR (SNP)'],['Carol MAIR (SNP)'],['Carol MAIR (SNP)'],['Carol MAIR (SNP)'],['Carol MAIR (SNP)'],['Carol MAIR (SNP)'],['Carol MAIR (SNP)']
raw_data/scotland/processed_data/scottish by-elections/Ward12-AirdandLochNess_Highland 2021 by-election Aird Ward 3.csv,6,['David FRASER (UNKNOWN)'],['David FRASER (UNKNOWN)'],['David FRASER (UNKNOWN)'],['David FRASER (UNKNOWN)'],['David FRASER (UNKNOWN)'],['David FRASER (UNKNOWN)'],['David FRASER (UNKNOWN)'],['David FRASER (UNKNOWN)'],['David FRASER (UNKNOWN)'],['David FRASER (UNKNOWN)'],['David FRASER (UNKNOWN)'],['David FRASER (UNKNOWN)'],['David FRASER (UNKNOWN)'],['David FRASER (UNKNOWN)'],['David FRASER (UNKNOWN)'],['Gordon SHANKS (UNKNOWN)'],['David FRASER (UNKNOWN)'],['David FRASER (UNKNOWN)'],['David FRASER (UNKNOWN)'],['David FRASER (UNKNOWN)'],['David FRASER (UNKNOWN)'],['David FRASER (UNKNOWN)'],['David FRASER (UNKNOWN)'],['David FRASER (UNKNOWN)'],['David FRASER (UNKNOWN)'],['David FRASER (UNKNOWN)'],['David FRASER (UNKNOWN)'],['David FRASER (UNKNOWN)'],['David FRASER (UNKNOWN)'],['David FRASER (UNKNOWN)']
raw_data/scotland/processed_data/scottish by-elections/aberdeenshire by-election 2016 Banff and District.csv,3,['Iain Taylor (UNKNOWN)'],['Iain Taylor (UNKNOWN)'],['Iain Taylor (UNKNOWN)'],['Iain Taylor (UNKNOWN)'],['Iain Taylor (UNKNOWN)'],['Iain Taylor (UNKNOWN)'],['Iain Taylor (UNKNOWN)'],['Iain Taylor (UNKNOWN)'],['Iain Taylor (UNKNOWN)'],['Iain Taylor (UNKNOWN)'],['Iain Taylor (UNKNOWN)'],['Iain Taylor (UNKNOWN)'],['Iain Taylor (UNKNOWN)'],['Iain Taylor (UNKNOWN)'],['Iain Taylor (UNKNOWN)'],['Iain Taylor (UNKNOWN)'],['Iain Taylor (UNKNOWN)'],['Iain Taylor (UNKNOWN)'],['Iain Taylor (UNKNOWN)'],['Iain Taylor (UNKNOWN)'],['Iain Taylor (UNKNOWN)'],['Iain Taylor (UNKNOWN)'],['Iain Taylor (UNKNOWN)'],['Iain Taylor (UNKNOWN)'],['Iain Taylor (UNKNOWN)'],['Iain Taylor (UNKNOWN)'],['Iain Taylor (UNKNOWN)'],['Iain Taylor (UNKNOWN)'],['Iain Taylor (UNKNOWN)'],['Iain Taylor (UNKNOWN)']
raw_data/scotland/processed_data/scottish by-elections/Ward4-CentralBuchan_aberdeenshire 2024 by-election ward 4.csv,6,['Peter CHAPMAN (Con)'],['Peter CHAPMAN (Con)'],['Peter CHAPMAN (Con)'],['Peter CHAPMAN (Con)'],['Peter CHAPMAN (Con)'],['Peter CHAPMAN (Con)'],['Peter CHAPMAN (Con)'],['Peter CHAPMAN (Con)'],['Peter CHAPMAN (Con)'],['Peter CHAPMAN (Con)'],['Peter CHAPMAN (Con)'],['Peter CHAPMAN (Con)'],['Peter CHAPMAN (Con)'],['Peter CHAPMAN (Con)'],['Peter CHAPMAN (Con)'],['Peter CHAPMAN (Con)'],['Peter CHAPMAN (Con)'],['Peter CHAPMAN (Con)'],['Peter CHAPMAN (Con)'],['Peter CHAPMAN (Con)'],['Peter CHAPMAN (Con)'],['Peter CHAPMAN (Con)'],['Peter CHAPMAN (Con)'],['Peter CHAPMAN (Con)'],['Peter CHAPMAN (Con)'],['Peter CHAPMAN (Con)'],['Peter CHAPMAN (Con)'],['Peter CHAPMAN (Con)'],['Peter CHAPMAN (Con)'],['Peter CHAPMAN (Con)']
raw_data/scotland/processed_data/scottish by-elections/Ward5-BonnybridgeandLarbert_Falkirk 2018 by-election bonnybridge.csv,5,['Niall COLEMAN (UNKNOWN)'],['Niall COLEMAN (UNKNOWN)'],['Niall COLEMAN (UNKNOWN)'],['Niall COLEMAN (UNKNOWN)'],['Niall COLEMAN (UNKNOWN)'],['Niall COLEMAN (UNKNOWN)'],['Niall COLEMAN (UNKNOWN)'],['Niall COLEMAN (UNKNOWN)'],['Niall COLEMAN (UNKNOWN)'],['Niall COLEMAN (UNKNOWN)'],['Niall COLEMAN (UNKNOWN)'],['Niall COLEMAN (UNKNOWN)'],['Niall COLEMAN (UNKNOWN)'],['Linda GOW (UNKNOWN)'],['Niall COLEMAN (UNKNOWN)'],['Niall COLEMAN (UNKNOWN)'],['Niall COLEMAN (UNKNOWN)'],['Niall COLEMAN (UNKNOWN)'],['Niall COLEMAN (UNKNOWN)'],['Niall COLEMAN (UNKNOWN)'],['Niall COLEMAN (UNKNOWN)'],['Niall COLEMAN (UNKNOWN)'],['Niall COLEMAN (UNKNOWN)'],['Niall COLEMAN (UNKNOWN)'],['Niall COLEMAN (UNKNOWN)'],['Niall COLEMAN (UNKNOWN)'],['Niall COLEMAN (UNKNOWN)'],['Niall COLEMAN (UNKNOWN)'],['Linda GOW (UNKNOWN)'],['Niall COLEMAN (UNKNOWN)']
raw_data/scotland/processed_data/scottish by-elections/Ward3-WickandEastCaithness_Highland 2021 by-election Wick.csv,5,['Jill TILT (UNKNOWN)'],['Jill TILT (UNKNOWN)'],['Jill TILT (UNKNOWN)'],['Jill TILT (UNKNOWN)'],['Jill TILT (UNKNOWN)'],['Jill TILT (UNKNOWN)'],['Jill TILT (UNKNOWN)'],['Jill TILT (UNKNOWN)'],['Jill TILT (UNKNOWN)'],['Jill TILT (UNKNOWN)'],['Jill TILT (UNKNOWN)'],['Jill TILT (UNKNOWN)'],['Jill TILT (UNKNOWN)'],['Jill TILT (UNKNOWN)'],['Jill TILT (UNKNOWN)'],['Jill TILT (UNKNOWN)'],['Jill TILT (UNKNOWN)'],['Jill TILT (UNKNOWN)'],['Jill TILT (UNKNOWN)'],['Jill TILT (UNKNOWN)'],['Jill TILT (UNKNOWN)'],['Jill TILT (UNKNOWN)'],['Jill TILT (UNKNOWN)'],['Jill TILT (UNKNOWN)'],['Jill TILT (UNKNOWN)'],['Jill TILT (UNKNOWN)'],['Jill TILT (UNKNOWN)'],['Jill TILT (UNKNOWN)'],['Jill TILT (UNKNOWN)'],['Jill TILT (UNKNOWN)']
raw_data/scotland/processed_data/scottish by-elections/Ward13‐Fortissat_North Lanarkshire 2024 by-election Ward 13.csv,6,['Clare Margaret QUIGLEY (Lab)'],['Clare Margaret QUIGLEY (Lab)'],['Clare Margaret QUIGLEY (Lab)'],['Clare Margaret QUIGLEY (Lab)'],['Clare Margaret QUIGLEY (Lab)'],['Clare Margaret QUIGLEY (Lab)'],['Clare Margaret QUIGLEY (Lab)'],['Clare Margaret QUIGLEY (Lab)'],['Clare Margaret QUIGLEY (Lab)'],['Clare Margaret QUIGLEY (Lab)'],['Clare Margaret QUIGLEY (Lab)'],['Clare Margaret QUIGLEY (Lab)'],['Clare Margaret QUIGLEY (Lab)'],['Clare Margaret QUIGLEY (Lab)'],['Clare Margaret QUIGLEY (Lab)'],['Clare Margaret QUIGLEY (Lab)'],['Clare Margaret QUIGLEY (Lab)'],['Clare Margaret QUIGLEY (Lab)'],['Clare Margaret QUIGLEY (Lab)'],['Clare Margaret QUIGLEY (Lab)'],['Clare Margaret QUIGLEY (Lab)'],['Clare Margaret QUIGLEY (Lab)'],['Clare Margaret QUIGLEY (Lab)'],['Clare Margaret QUIGLEY (Lab)'],['Clare Margaret QUIGLEY (Lab)'],['Clare Margaret QUIGLEY (Lab)'],['Clare Margaret QUIGLEY (Lab)'],['Clare Margaret QUIGLEY (Lab)'],['Clare Margaret QUIGLEY (Lab)'],['Clare Margaret QUIGLEY (Lab)']
raw_data/scotland/processed_data/scottish by-elections/Ward4-Highland_Perth Kinross 2018 by-election Ward 4.csv,7,['John Cameron DUFF (UNKNOWN)'],['John Cameron DUFF (UNKNOWN)'],['John Cameron DUFF (UNKNOWN)'],['John Cameron DUFF (UNKNOWN)'],['John Cameron DUFF (UNKNOWN)'],['John Cameron DUFF (UNKNOWN)'],['John Cameron DUFF (UNKNOWN)'],['John Cameron DUFF (UNKNOWN)'],['John Cameron DUFF (UNKNOWN)'],['John Cameron DUFF (UNKNOWN)'],['John Cameron DUFF (UNKNOWN)'],['John Cameron DUFF (UNKNOWN)'],['John Cameron DUFF (UNKNOWN)'],['John Cameron DUFF (UNKNOWN)'],['John Cameron DUFF (UNKNOWN)'],['John Cameron DUFF (UNKNOWN)'],['John Cameron DUFF (UNKNOWN)'],['John Cameron DUFF (UNKNOWN)'],['John Cameron DUFF (UNKNOWN)'],['John Cameron DUFF (UNKNOWN)'],['John Cameron DUFF (UNKNOWN)'],['John Cameron DUFF (UNKNOWN)'],['John Cameron DUFF (UNKNOWN)'],['John Cameron DUFF (UNKNOWN)'],['John Cameron DUFF (UNKNOWN)'],['John Cameron DUFF (UNKNOWN)'],['John Cameron DUFF (UNKNOWN)'],['John Cameron DUFF (UNKNOWN)'],['John Cameron DUFF (UNKNOWN)'],['John Cameron DUFF (UNKNOWN)']
raw_data/scotland/processed_data/scottish by-elections/Ward19-InvernessSouth_Highland 2024 by-election Ward 19.csv,8,['Duncan Cameron MCDONALD (Ind)'],['Duncan Cameron MCDONALD (Ind)'],['Duncan Cameron MCDONALD (Ind)'],['Duncan Cameron MCDONALD (Ind)'],['Jonathan CHARTIER (LD)'],['Jonathan CHARTIER (LD)'],['Duncan Cameron MCDONALD (Ind)'],['Duncan Cameron MCDONALD (Ind)'],['Duncan Cameron MCDONALD (Ind)'],['Duncan Cameron MCDONALD (Ind)'],['Duncan Cameron MCDONALD (Ind)'],['Duncan Cameron MCDONALD (Ind)'],['Duncan Cameron MCDONALD (Ind)'],['Jonathan CHARTIER (LD)'],['Duncan Cameron MCDONALD (Ind)'],['Duncan Cameron MCDONALD (Ind)'],['Duncan Cameron MCDONALD (Ind)'],['Duncan Cameron MCDONALD (Ind)'],['Duncan Cameron MCDONALD (Ind)'],['Jonathan CHARTIER (LD)'],['Duncan Cameron MCDONALD (Ind)'],['Duncan Cameron MCDONALD (Ind)'],['Duncan Cameron MCDONALD (Ind)'],['Duncan Cameron MCDONALD (Ind)'],['Duncan Cameron MCDONALD (Ind)'],['Duncan Cameron MCDONALD (Ind)'],['Duncan Cameron MCDONALD (Ind)'],['Duncan Cameron MCDONALD (Ind)'],['Jonathan CHARTIER (LD)'],['Duncan Cameron MCDONALD (Ind)']
raw_data/scotland/processed_data/angus12-ballots/BrechinandEdzell_angus12-02.csv,5,['(SNP) Mairi EVANS'],['(SNP) Mairi EVANS'],['(SNP) Mairi EVANS'],['(SNP) Mairi EVANS'],['(SNP) Mairi EVANS'],['(SNP) Mairi EVANS'],['(SNP) Mairi EVANS'],['(SNP) Mairi EVANS'],['(SNP) Mairi EVANS'],['(SNP) Mairi EVANS'],['(SNP) Mairi EVANS'],['(SNP) Mairi EVANS'],['(SNP) Mairi EVANS'],['(SNP) Mairi EVANS'],['(SNP) Mairi EVANS'],['(SNP) Mairi EVANS'],['(SNP) Mairi EVANS'],['(SNP) Mairi EVANS'],['(SNP) Mairi EVANS'],['(SNP) Mairi EVANS'],['(SNP) Mairi EVANS'],['(SNP) Mairi EVANS'],['(SNP) Mairi EVANS'],['(SNP) Mairi EVANS'],['(SNP) Mairi EVANS'],['(SNP) Mairi EVANS'],['(SNP) Mairi EVANS'],['(SNP) Mairi EVANS'],['(SNP) Mairi EVANS'],['(SNP) Mairi EVANS']
raw_data/scotland/processed_data/angus12-ballots/MonifiethandSidlaw_angus12-04.csv,4,['(SNP) Rob MURRAY'],['(SNP) Rob MURRAY'],['(SNP) Rob MURRAY'],['(SNP) Rob MURRAY'],['(SNP) Rob MURRAY'],['(SNP) Rob MURRAY'],['(SNP) Rob MURRAY'],['(SNP) Rob MURRAY'],['(SNP) Rob MURRAY'],['(SNP) Rob MURRAY'],['(SNP) Rob MURRAY'],['(SNP) Rob MURRAY'],['(SNP) Rob MURRAY'],['(SNP) Rob MURRAY'],['(SNP) Rob MURRAY'],['(SNP) Rob MURRAY'],['(SNP) Rob MURRAY'],['(SNP) Rob MURRAY'],['(SNP) Rob MURRAY'],['(SNP) Rob MURRAY'],['(SNP) Rob MURRAY'],['(SNP) Rob MURRAY'],['(SNP) Rob MURRAY'],['(SNP) Rob MURRAY'],['(SNP) Rob MURRAY'],['(SNP) Rob MURRAY'],['(SNP) Rob MURRAY'],['(SNP) Rob MURRAY'],['(SNP) Rob MURRAY'],['(SNP) Rob MURRAY']
raw_data/scotland/processed_data/angus12-ballots/KirriemuirandDean_angus12-01.csv,3,['(SNP) IAIN GAUL'],['(SNP) IAIN GAUL'],['(SNP) IAIN GAUL'],['(SNP) IAIN GAUL'],['(Con) Ronnie PROCTOR'],['(SNP) IAIN GAUL'],['(SNP) IAIN GAUL'],['(SNP) IAIN GAUL'],['(SNP) IAIN GAUL'],['(SNP) IAIN GAUL'],['(SNP) IAIN GAUL'],['(SNP) IAIN GAUL'],['(SNP) IAIN GAUL'],['(SNP) IAIN GAUL'],['(SNP) IAIN GAUL'],['(SNP) IAIN GAUL'],['(SNP) IAIN GAUL'],['(SNP) IAIN GAUL'],['(SNP) IAIN GAUL'],['(Con) Ronnie PROCTOR'],['(SNP) IAIN GAUL'],['(SNP) IAIN GAUL'],['(SNP) IAIN GAUL'],['(SNP) IAIN GAUL'],['(SNP) IAIN GAUL'],['(SNP) IAIN GAUL'],['(SNP) IAIN GAUL'],['(SNP) IAIN GAUL'],['(SNP) IAIN GAUL'],['(SNP) IAIN GAUL']
raw_data/scotland/processed_data/angus12-ballots/ArbroathEastandLunan_angus12-07.csv,5,['(SNP) Sheena WELSH'],['(SNP) Sheena WELSH'],['(SNP) Sheena WELSH'],['(SNP) Sheena WELSH'],['(Ind) Bob SPINK'],['(Ind) Bob SPINK'],['(SNP) Sheena WELSH'],['(SNP) Sheena WELSH'],['(SNP) Sheena WELSH'],['(SNP) Sheena WELSH'],['(SNP) Sheena WELSH'],['(SNP) Sheena WELSH'],['(SNP) Sheena WELSH'],['(SNP) Sheena WELSH'],['(SNP) Sheena WELSH'],['(SNP) Sheena WELSH'],['(SNP) Sheena WELSH'],['(SNP) Sheena WELSH'],['(SNP) Sheena WELSH'],['(Ind) Bob SPINK'],['(Ind) Bob SPINK'],['(Ind) Bob SPINK'],['(SNP) Sheena WELSH'],['(SNP) Sheena WELSH'],['(SNP) Sheena WELSH'],['(SNP) Sheena WELSH'],['(SNP) Sheena WELSH'],['(SNP) Sheena WELSH'],['(Ind) Bob SPINK'],['(SNP) Sheena WELSH']
raw_data/scotland/processed_data/angus12-ballots/CarnoustieandDistrict_angus12-05.csv,6,['(Ind) Brian BOYD'],['(Ind) Brian BOYD'],['(Ind) Brian BOYD'],['(Ind) Brian BOYD'],['(Ind) Brian BOYD'],['(Ind) Brian BOYD'],['(Ind) Brian BOYD'],['(Ind) Brian BOYD'],['(Ind) Brian BOYD'],['(Ind) Brian BOYD'],['(Ind) Brian BOYD'],['(Ind) Brian BOYD'],['(Ind) Brian BOYD'],['(Ind) Brian BOYD'],['(Ind) Brian BOYD'],['(Ind) Brian BOYD'],['(Ind) Brian BOYD'],['(Ind) Brian BOYD'],['(Ind) Brian BOYD'],['(Ind) Brian BOYD'],['(Ind) Brian BOYD'],['(Ind) Brian BOYD'],['(Ind) Brian BOYD'],['(Ind) Brian BOYD'],['(Ind) Brian BOYD'],['(Ind) Brian BOYD'],['(Ind) Brian BOYD'],['(Ind) Brian BOYD'],['(Ind) Brian BOYD'],['(Ind) Brian BOYD']
raw_data/scotland/processed_data/angus12-ballots/MontroseandDistrict_angus12-08.csv,5,['(SNP) Bill DUFF'],['(Ind) Mark SALMOND'],['(Ind) Mark SALMOND'],['(SNP) Bill DUFF'],['(Ind) Mark SALMOND'],['(Ind) Mark SALMOND'],['(Ind) Mark SALMOND'],['(Ind) Mark SALMOND'],['(Ind) Mark SALMOND'],['(Ind) Mark SALMOND'],['(Ind) Mark SALMOND'],['(Ind) Mark SALMOND'],['(Ind) Mark SALMOND'],['(Ind) Mark SALMOND'],['(Ind) Mark SALMOND'],['(SNP) Bill DUFF'],['(Ind) Mark SALMOND'],['(Ind) Mark SALMOND'],['(SNP) Bill DUFF'],['(Ind) Mark SALMOND'],['(Ind) Mark SALMOND'],['(Ind) Mark SALMOND'],['(Ind) Mark SALMOND'],['(Ind) Mark SALMOND'],['(Ind) Mark SALMOND'],['(Ind) Mark SALMOND'],['(Ind) Mark SALMOND'],['(Ind) Mark SALMOND'],['(Ind) Mark SALMOND'],['(Ind) Mark SALMOND']
raw_data/scotland/processed_data/angus12-ballots/ArbroathWestandLetham_angus12-06.csv,7,['(SNP) Alex KING'],['(SNP) Alex KING'],['(SNP) Alex KING'],['(SNP) Alex KING'],['(Ind) David FAIRWEATHER'],['(SNP) Alex KING'],['(SNP) Alex KING'],['(SNP) Alex KING'],['(SNP) Alex KING'],['(SNP) Alex KING'],['(SNP) Alex KING'],['(SNP) Alex KING'],['(SNP) Alex KING'],['(SNP) Alex KING'],['(SNP) Alex KING'],['(SNP) Alex KING'],['(SNP) Alex KING'],['(SNP) Alex KING'],['(SNP) Alex KING'],['(SNP) Alex KING'],['(SNP) Alex KING'],['(SNP) Alex KING'],['(SNP) Alex KING'],['(SNP) Alex KING'],['(SNP) Alex KING'],['(SNP) Alex KING'],['(SNP) Alex KING'],['(SNP) Alex KING'],['(SNP) Alex KING'],['(SNP) Alex KING']
raw_data/scotland/processed_data/angus12-ballots/ForfarandDistrict_angus12-03.csv,6,['(SNP) Glennis MIDDLETON'],['(SNP) Glennis MIDDLETON'],['(SNP) Glennis MIDDLETON'],['(SNP) Glennis MIDDLETON'],['(Ind) COLIN BROWN'],['(Ind) Ian MCLAREN'],['(SNP) Glennis MIDDLETON'],['(SNP) Glennis MIDDLETON'],['(SNP) Glennis MIDDLETON'],['(SNP) Glennis MIDDLETON'],['(SNP) Glennis MIDDLETON'],['(SNP) Glennis MIDDLETON'],['(SNP) Glennis MIDDLETON'],['(Ind) Ian MCLAREN'],['(SNP) Glennis MIDDLETON'],['(SNP) Glennis MIDDLETON'],['(SNP) Glennis MIDDLETON'],['(SNP) Glennis MIDDLETON'],['(SNP) Glennis MIDDLETON'],['(Ind) Ian MCLAREN'],['(SNP) Glennis MIDDLETON'],['(SNP) Glennis MIDDLETON'],['(SNP) Glennis MIDDLETON'],['(SNP) Glennis MIDDLETON'],['(SNP) Glennis MIDDLETON'],['(SNP) Glennis MIDDLETON'],['(SNP) Glennis MIDDLETON'],['(SNP) Glennis MIDDLETON'],['(Ind) Ian MCLAREN'],['(SNP) Glennis MIDDLETON']
raw_data/scotland/processed_data/moray17-ballots/Buckie_moray17-03.csv,3,['Gordon MCDONALD (SNP)'],['Gordon MCDONALD (SNP)'],['Gordon MCDONALD (SNP)'],['Gordon MCDONALD (SNP)'],['Gordon COWIE (Ind)'],['Gordon MCDONALD (SNP)'],['Gordon MCDONALD (SNP)'],['Gordon MCDONALD (SNP)'],['Gordon MCDONALD (SNP)'],['Gordon MCDONALD (SNP)'],['Gordon MCDONALD (SNP)'],['Gordon MCDONALD (SNP)'],['Gordon MCDONALD (SNP)'],['Gordon COWIE (Ind)'],['Gordon MCDONALD (SNP)'],['Gordon MCDONALD (SNP)'],['Gordon MCDONALD (SNP)'],['Gordon MCDONALD (SNP)'],['Gordon MCDONALD (SNP)'],['Gordon COWIE (Ind)'],['Gordon MCDONALD (SNP)'],['Gordon MCDONALD (SNP)'],['Gordon MCDONALD (SNP)'],['Gordon MCDONALD (SNP)'],['Gordon MCDONALD (SNP)'],['Gordon MCDONALD (SNP)'],['Gordon MCDONALD (SNP)'],['Gordon MCDONALD (SNP)'],['Gordon COWIE (Ind)'],['Gordon MCDONALD (SNP)']
raw_data/scotland/processed_data/moray17-ballots/SpeysideGlenlivet_moray17-01.csv,3,['Louise Margaret LAING (SNP)'],['Walter WILSON (Con)'],['Walter WILSON (Con)'],['Derek ROSS (Ind)'],['Derek ROSS (Ind)'],['Derek ROSS (Ind)'],['Derek ROSS (Ind)'],['Derek ROSS (Ind)'],['Derek ROSS (Ind)'],['Derek ROSS (Ind)'],['Derek ROSS (Ind)'],['Derek ROSS (Ind)'],['Derek ROSS (Ind)'],['Derek ROSS (Ind)'],['Derek ROSS (Ind)'],['Louise Margaret LAING (SNP)'],['Walter WILSON (Con)'],['Walter WILSON (Con)'],['Derek ROSS (Ind)'],['Derek ROSS (Ind)'],['Derek ROSS (Ind)'],['Derek ROSS (Ind)'],['Derek ROSS (Ind)'],['Derek ROSS (Ind)'],['Derek ROSS (Ind)'],['Derek ROSS (Ind)'],['Derek ROSS (Ind)'],['Derek ROSS (Ind)'],['Derek ROSS (Ind)'],['Derek ROSS (Ind)']
raw_data/scotland/processed_data/moray17-ballots/HeldonandLaich_moray17-05.csv,7,['James ALLAN (Con)'],['James ALLAN (Con)'],['James ALLAN (Con)'],['James ALLAN (Con)'],['James ALLAN (Con)'],['James ALLAN (Con)'],['James ALLAN (Con)'],['James ALLAN (Con)'],['James ALLAN (Con)'],['James ALLAN (Con)'],['James ALLAN (Con)'],['James ALLAN (Con)'],['James ALLAN (Con)'],['James ALLAN (Con)'],['James ALLAN (Con)'],['James ALLAN (Con)'],['James ALLAN (Con)'],['James ALLAN (Con)'],['James ALLAN (Con)'],['James ALLAN (Con)'],['James ALLAN (Con)'],['James ALLAN (Con)'],['James ALLAN (Con)'],['James ALLAN (Con)'],['James ALLAN (Con)'],['James ALLAN (Con)'],['James ALLAN (Con)'],['James ALLAN (Con)'],['James ALLAN (Con)'],['James ALLAN (Con)']
raw_data/scotland/processed_data/moray17-ballots/ElginCitySouth_moray17-07.csv,4,['Ray MCLEAN (Con)'],['Ray MCLEAN (Con)'],['Ray MCLEAN (Con)'],['John DIVERS (Lab)'],['John DIVERS (Lab)'],['John DIVERS (Lab)'],['John DIVERS (Lab)'],['John DIVERS (Lab)'],['John DIVERS (Lab)'],['John DIVERS (Lab)'],['John DIVERS (Lab)'],['John DIVERS (Lab)'],['John DIVERS (Lab)'],['John DIVERS (Lab)'],['John DIVERS (Lab)'],['Ray MCLEAN (Con)'],['Ray MCLEAN (Con)'],['Ray MCLEAN (Con)'],['John DIVERS (Lab)'],['John DIVERS (Lab)'],['John DIVERS (Lab)'],['John DIVERS (Lab)'],['John DIVERS (Lab)'],['John DIVERS (Lab)'],['John DIVERS (Lab)'],['John DIVERS (Lab)'],['John DIVERS (Lab)'],['John DIVERS (Lab)'],['John DIVERS (Lab)'],['John DIVERS (Lab)']
raw_data/scotland/processed_data/moray17-ballots/FochabersLhanbryde_moray17-04.csv,6,['Marc MACRAE (Con)'],['Marc MACRAE (Con)'],['Marc MACRAE (Con)'],['Marc MACRAE (Con)'],['Marc MACRAE (Con)'],['Marc MACRAE (Con)'],['Marc MACRAE (Con)'],['Marc MACRAE (Con)'],['Marc MACRAE (Con)'],['Marc MACRAE (Con)'],['Marc MACRAE (Con)'],['Marc MACRAE (Con)'],['Marc MACRAE (Con)'],['Marc MACRAE (Con)'],['Marc MACRAE (Con)'],['Marc MACRAE (Con)'],['Marc MACRAE (Con)'],['Marc MACRAE (Con)'],['Marc MACRAE (Con)'],['Marc MACRAE (Con)'],['Marc MACRAE (Con)'],['Marc MACRAE (Con)'],['Marc MACRAE (Con)'],['Marc MACRAE (Con)'],['Marc MACRAE (Con)'],['Marc MACRAE (Con)'],['Marc MACRAE (Con)'],['Marc MACRAE (Con)'],['Marc MACRAE (Con)'],['Marc MACRAE (Con)']
raw_data/scotland/processed_data/moray17-ballots/KeithandCullen_moray17-02.csv,4,['Theresa Ann COULL (SNP)'],['Donald GATT (Con)'],['Donald GATT (Con)'],['Donald GATT (Con)'],['Ron SHEPHERD (Ind)'],['Donald GATT (Con)'],['Donald GATT (Con)'],['Donald GATT (Con)'],['Donald GATT (Con)'],['Donald GATT (Con)'],['Donald GATT (Con)'],['Donald GATT (Con)'],['Donald GATT (Con)'],['Ron SHEPHERD (Ind)'],['Donald GATT (Con)'],['Theresa Ann COULL (SNP)'],['Donald GATT (Con)'],['Donald GATT (Con)'],['Donald GATT (Con)'],['Ron SHEPHERD (Ind)'],['Donald GATT (Con)'],['Donald GATT (Con)'],['Donald GATT (Con)'],['Donald GATT (Con)'],['Donald GATT (Con)'],['Donald GATT (Con)'],['Donald GATT (Con)'],['Donald GATT (Con)'],['Ron SHEPHERD (Ind)'],['Donald GATT (Con)']
raw_data/scotland/processed_data/moray17-ballots/Forres_moray17-08.csv,7,['Claire FEAVER (Con)'],['Claire FEAVER (Con)'],['Claire FEAVER (Con)'],['Claire FEAVER (Con)'],['George ALEXANDER (Ind)'],['George ALEXANDER (Ind)'],['Claire FEAVER (Con)'],['Claire FEAVER (Con)'],['Claire FEAVER (Con)'],['Claire FEAVER (Con)'],['Claire FEAVER (Con)'],['Claire FEAVER (Con)'],['Claire FEAVER (Con)'],['Lorna CRESWELL (Ind)'],['Claire FEAVER (Con)'],['Claire FEAVER (Con)'],['Claire FEAVER (Con)'],['Claire FEAVER (Con)'],['Claire FEAVER (Con)'],['George ALEXANDER (Ind)'],['Claire FEAVER (Con)'],['Claire FEAVER (Con)'],['Claire FEAVER (Con)'],['Claire FEAVER (Con)'],['Claire FEAVER (Con)'],['Claire FEAVER (Con)'],['Claire FEAVER (Con)'],['Claire FEAVER (Con)'],['George ALEXANDER (Ind)'],['Claire FEAVER (Con)']
raw_data/scotland/processed_data/moray17-ballots/ElginCityNorth_moray17-06.csv,5,['Frank BROWN (Con)'],['Frank BROWN (Con)'],['Frank BROWN (Con)'],['Frank BROWN (Con)'],['Frank BROWN (Con)'],['Frank BROWN (Con)'],['Frank BROWN (Con)'],['Frank BROWN (Con)'],['Frank BROWN (Con)'],['Frank BROWN (Con)'],['Frank BROWN (Con)'],['Frank BROWN (Con)'],['Frank BROWN (Con)'],['Frank BROWN (Con)'],['Frank BROWN (Con)'],['Frank BROWN (Con)'],['Frank BROWN (Con)'],['Frank BROWN (Con)'],['Frank BROWN (Con)'],['Frank BROWN (Con)'],['Frank BROWN (Con)'],['Frank BROWN (Con)'],['Frank BROWN (Con)'],['Frank BROWN (Con)'],['Frank BROWN (Con)'],['Frank BROWN (Con)'],['Frank BROWN (Con)'],['Frank BROWN (Con)'],['Frank BROWN (Con)'],['Frank BROWN (Con)']
raw_data/scotland/processed_data/orkney17-ballots/NorthIslesWard_orkney17-06.csv,8,['Graham SINCLAIR (Ind)'],['Graham SINCLAIR (Ind)'],['Graham SINCLAIR (Ind)'],['Kevin WOODBRIDGE (Ind)'],['Kevin WOODBRIDGE (Ind)'],['Kevin WOODBRIDGE (Ind)'],['Graham SINCLAIR (Ind)'],['Graham SINCLAIR (Ind)'],['Graham SINCLAIR (Ind)'],['Graham SINCLAIR (Ind)'],['Graham SINCLAIR (Ind)'],['Graham SINCLAIR (Ind)'],['Graham SINCLAIR (Ind)'],['Kevin WOODBRIDGE (Ind)'],['Graham SINCLAIR (Ind)'],['Graham SINCLAIR (Ind)'],['Graham SINCLAIR (Ind)'],['Graham SINCLAIR (Ind)'],['Kevin WOODBRIDGE (Ind)'],['Graham SINCLAIR (Ind)'],['Graham SINCLAIR (Ind)'],['Graham SINCLAIR (Ind)'],['Graham SINCLAIR (Ind)'],['Graham SINCLAIR (Ind)'],['Graham SINCLAIR (Ind)'],['Graham SINCLAIR (Ind)'],['Graham SINCLAIR (Ind)'],['Graham SINCLAIR (Ind)'],['Kevin WOODBRIDGE (Ind)'],['Graham SINCLAIR (Ind)']
raw_data/scotland/processed_data/orkney17-ballots/KirkwallEastWard_orkney17-01.csv,8,['Steven HEDDLE (Ind)'],['Steven HEDDLE (Ind)'],['Steven HEDDLE (Ind)'],['Gwenda SHEARER (Ind)'],['Gwenda SHEARER (Ind)'],['Gwenda SHEARER (Ind)'],['Steven HEDDLE (Ind)'],['Steven HEDDLE (Ind)'],['Steven HEDDLE (Ind)'],['Steven HEDDLE (Ind)'],['Steven HEDDLE (Ind)'],['Steven HEDDLE (Ind)'],['Steven HEDDLE (Ind)'],['Gwenda SHEARER (Ind)'],['Steven HEDDLE (Ind)'],['Steven HEDDLE (Ind)'],['Steven HEDDLE (Ind)'],['Steven HEDDLE (Ind)'],['Gwenda SHEARER (Ind)'],['Steven HEDDLE (Ind)'],['Steven HEDDLE (Ind)'],['Steven HEDDLE (Ind)'],['Steven HEDDLE (Ind)'],['Steven HEDDLE (Ind)'],['Steven HEDDLE (Ind)'],['Steven HEDDLE (Ind)'],['Steven HEDDLE (Ind)'],['Steven HEDDLE (Ind)'],['Gwenda SHEARER (Ind)'],['Steven HEDDLE (Ind)']
raw_data/scotland/processed_data/orkney17-ballots/KirkwallWestandOrphirWard_orkney17-02.csv,7,['Leslie MANSON (Ind)'],['Leslie MANSON (Ind)'],['Leslie MANSON (Ind)'],['Leslie MANSON (Ind)'],['Leslie MANSON (Ind)'],['Leslie MANSON (Ind)'],['Leslie MANSON (Ind)'],['Leslie MANSON (Ind)'],['Leslie MANSON (Ind)'],['Leslie MANSON (Ind)'],['Leslie MANSON (Ind)'],['Leslie MANSON (Ind)'],['Leslie MANSON (Ind)'],['Leslie MANSON (Ind)'],['Leslie MANSON (Ind)'],['Leslie MANSON (Ind)'],['Leslie MANSON (Ind)'],['Leslie MANSON (Ind)'],['Leslie MANSON (Ind)'],['Leslie MANSON (Ind)'],['Leslie MANSON (Ind)'],['Leslie MANSON (Ind)'],['Leslie MANSON (Ind)'],['Leslie MANSON (Ind)'],['Leslie MANSON (Ind)'],['Leslie MANSON (Ind)'],['Leslie MANSON (Ind)'],['Leslie MANSON (Ind)'],['Leslie MANSON (Ind)'],['Leslie MANSON (Ind)']
raw_data/scotland/processed_data/orkney17-ballots/WestMainlandWard_orkney17-04.csv,7,['Rachael KING (OMG)'],['Harvey JOHNSTON (Ind)'],['Harvey JOHNSTON (Ind)'],['Harvey JOHNSTON (Ind)'],['Harvey JOHNSTON (Ind)'],['Harvey JOHNSTON (Ind)'],['Harvey JOHNSTON (Ind)'],['Harvey JOHNSTON (Ind)'],['Harvey JOHNSTON (Ind)'],['Harvey JOHNSTON (Ind)'],['Harvey JOHNSTON (Ind)'],['Harvey JOHNSTON (Ind)'],['Harvey JOHNSTON (Ind)'],['Harvey JOHNSTON (Ind)'],['Harvey JOHNSTON (Ind)'],['Rachael KING (OMG)'],['Harvey JOHNSTON (Ind)'],['Harvey JOHNSTON (Ind)'],['Harvey JOHNSTON (Ind)'],['Harvey JOHNSTON (Ind)'],['Harvey JOHNSTON (Ind)'],['Harvey JOHNSTON (Ind)'],['Harvey JOHNSTON (Ind)'],['Harvey JOHNSTON (Ind)'],['Harvey JOHNSTON (Ind)'],['Harvey JOHNSTON (Ind)'],['Harvey JOHNSTON (Ind)'],['Harvey JOHNSTON (Ind)'],['Harvey JOHNSTON (Ind)'],['Harvey JOHNSTON (Ind)']
"raw_data/scotland/processed_data/orkney17-ballots/EastMainland,SouthRonaldsayandBurrayWard_orkney17-05.csv",5,['Andrew DREVER (Ind)'],['Andrew DREVER (Ind)'],['Andrew DREVER (Ind)'],['Andrew DREVER (Ind)'],['Andrew DREVER (Ind)'],['Andrew DREVER (Ind)'],['Andrew DREVER (Ind)'],['Andrew DREVER (Ind)'],['Andrew DREVER (Ind)'],['Andrew DREVER (Ind)'],['Andrew DREVER (Ind)'],['Andrew DREVER (Ind)'],['Andrew DREVER (Ind)'],['Andrew DREVER (Ind)'],['Andrew DREVER (Ind)'],['Andrew DREVER (Ind)'],['Andrew DREVER (Ind)'],['Andrew DREVER (Ind)'],['Andrew DREVER (Ind)'],['Andrew DREVER (Ind)'],['Andrew DREVER (Ind)'],['Andrew DREVER (Ind)'],['Andrew DREVER (Ind)'],['Andrew DREVER (Ind)'],['Andrew DREVER (Ind)'],['Andrew DREVER (Ind)'],['Andrew DREVER (Ind)'],['Andrew DREVER (Ind)'],['Andrew DREVER (Ind)'],['Andrew DREVER (Ind)']
raw_data/scotland/processed_data/inverclyde22/Ward2-InverclydeEastCentral_PreferenceProfile_Ward-2.csv,5,['Jim MACLEOD (SNP)'],['Robert MORAN (Lab)'],['Robert MORAN (Lab)'],['Robert MORAN (Lab)'],['Robert MORAN (Lab)'],['Robert MORAN (Lab)'],['Robert MORAN (Lab)'],['Robert MORAN (Lab)'],['Robert MORAN (Lab)'],['Robert MORAN (Lab)'],['Robert MORAN (Lab)'],['Robert MORAN (Lab)'],['Robert MORAN (Lab)'],['Robert MORAN (Lab)'],['Robert MORAN (Lab)'],['Jim MACLEOD (SNP)'],['Robert MORAN (Lab)'],['Robert MORAN (Lab)'],['Robert MORAN (Lab)'],['Robert MORAN (Lab)'],['Robert MORAN (Lab)'],['Robert MORAN (Lab)'],['Robert MORAN (Lab)'],['Robert MORAN (Lab)'],['Robert MORAN (Lab)'],['Robert MORAN (Lab)'],['Robert MORAN (Lab)'],['Robert MORAN (Lab)'],['Robert MORAN (Lab)'],['Robert MORAN (Lab)']
raw_data/scotland/processed_data/inverclyde22/Ward6-InverclydeSouthWest_PreferenceProfile_Ward-6.csv,5,['James DAISLEY (SNP)'],['James DAISLEY (SNP)'],['James DAISLEY (SNP)'],['James DAISLEY (SNP)'],['Paul CASSIDY (Labour and Co-operative Party)'],['Paul CASSIDY (Labour and Co-operative Party)'],['James DAISLEY (SNP)'],['James DAISLEY (SNP)'],['James DAISLEY (SNP)'],['James DAISLEY (SNP)'],['James DAISLEY (SNP)'],['James DAISLEY (SNP)'],['James DAISLEY (SNP)'],['James DAISLEY (SNP)'],['James DAISLEY (SNP)'],['James DAISLEY (SNP)'],['James DAISLEY (SNP)'],['James DAISLEY (SNP)'],['James DAISLEY (SNP)'],['Paul CASSIDY (Labour and Co-operative Party)'],['Paul CASSIDY (Labour and Co-operative Party)'],['Paul CASSIDY (Labour and Co-operative Party)'],['James DAISLEY (SNP)'],['James DAISLEY (SNP)'],['James DAISLEY (SNP)'],['James DAISLEY (SNP)'],['James DAISLEY (SNP)'],['James DAISLEY (SNP)'],['Paul CASSIDY (Labour and Co-operative Party)'],['James DAISLEY (SNP)']
raw_data/scotland/processed_data/inverclyde22/Ward7-InverclydeSouth_PreferenceProfile_Ward-7.csv,4,['John CROWTHER (SNP)'],['John CROWTHER (SNP)'],['John CROWTHER (SNP)'],['John CROWTHER (SNP)'],['Natasha MCGUIRE (Lab)'],['John CROWTHER (SNP)'],['John CROWTHER (SNP)'],['John CROWTHER (SNP)'],['John CROWTHER (SNP)'],['John CROWTHER (SNP)'],['John CROWTHER (SNP)'],['John CROWTHER (SNP)'],['John CROWTHER (SNP)'],['John CROWTHER (SNP)'],['John CROWTHER (SNP)'],['John CROWTHER (SNP)'],['John CROWTHER (SNP)'],['John CROWTHER (SNP)'],['John CROWTHER (SNP)'],['Natasha MCGUIRE (Lab)'],['John CROWTHER (SNP)'],['John CROWTHER (SNP)'],['John CROWTHER (SNP)'],['John CROWTHER (SNP)'],['John CROWTHER (SNP)'],['John CROWTHER (SNP)'],['John CROWTHER (SNP)'],['John CROWTHER (SNP)'],['John CROWTHER (SNP)'],['John CROWTHER (SNP)']
raw_data/scotland/processed_data/inverclyde22/Ward4-InverclydeNorth_PreferenceProfile_Ward-4.csv,7,['Francesca BRENNAN (Lab)'],['Francesca BRENNAN (Lab)'],['Francesca BRENNAN (Lab)'],['Francesca BRENNAN (Lab)'],['Francesca BRENNAN (Lab)'],['Francesca BRENNAN (Lab)'],['Francesca BRENNAN (Lab)'],['Francesca BRENNAN (Lab)'],['Francesca BRENNAN (Lab)'],['Francesca BRENNAN (Lab)'],['Francesca BRENNAN (Lab)'],['Francesca BRENNAN (Lab)'],['Francesca BRENNAN (Lab)'],['Francesca BRENNAN (Lab)'],['Francesca BRENNAN (Lab)'],['Francesca BRENNAN (Lab)'],['Francesca BRENNAN (Lab)'],['Francesca BRENNAN (Lab)'],['Francesca BRENNAN (Lab)'],['Francesca BRENNAN (Lab)'],['Francesca BRENNAN (Lab)'],['Francesca BRENNAN (Lab)'],['Francesca BRENNAN (Lab)'],['Francesca BRENNAN (Lab)'],['Francesca BRENNAN (Lab)'],['Francesca BRENNAN (Lab)'],['Francesca BRENNAN (Lab)'],['Francesca BRENNAN (Lab)'],['Francesca BRENNAN (Lab)'],['Francesca BRENNAN (Lab)']
raw_data/scotland/processed_data/inverclyde22/Ward3-InverclydeCentral_PreferenceProfile_Ward-3.csv,4,['Pam ARMSTRONG (SNP)'],['Michael MCCORMICK (Lab)'],['Michael MCCORMICK (Lab)'],['Michael MCCORMICK (Lab)'],['Michael MCCORMICK (Lab)'],['Michael MCCORMICK (Lab)'],['Michael MCCORMICK (Lab)'],['Michael MCCORMICK (Lab)'],['Michael MCCORMICK (Lab)'],['Michael MCCORMICK (Lab)'],['Michael MCCORMICK (Lab)'],['Michael MCCORMICK (Lab)'],['Michael MCCORMICK (Lab)'],['Michael MCCORMICK (Lab)'],['Michael MCCORMICK (Lab)'],['Pam ARMSTRONG (SNP)'],['Michael MCCORMICK (Lab)'],['Michael MCCORMICK (Lab)'],['Michael MCCORMICK (Lab)'],['Michael MCCORMICK (Lab)'],['Michael MCCORMICK (Lab)'],['Michael MCCORMICK (Lab)'],['Michael MCCORMICK (Lab)'],['Michael MCCORMICK (Lab)'],['Michael MCCORMICK (Lab)'],['Michael MCCORMICK (Lab)'],['Michael MCCORMICK (Lab)'],['Michael MCCORMICK (Lab)'],['Michael MCCORMICK (Lab)'],['Michael MCCORMICK (Lab)']
raw_data/scotland/processed_data/inverclyde22/Ward5-InverclydeWest_PreferenceProfile_Ward-5.csv,7,['Lynne QUINN (Ind)'],['Lynne QUINN (Ind)'],['Lynne QUINN (Ind)'],['Lynne QUINN (Ind)'],['Lynne QUINN (Ind)'],['Lynne QUINN (Ind)'],['Lynne QUINN (Ind)'],['Lynne QUINN (Ind)'],['Lynne QUINN (Ind)'],['Lynne QUINN (Ind)'],['Lynne QUINN (Ind)'],['Lynne QUINN (Ind)'],['Lynne QUINN (Ind)'],['Lynne QUINN (Ind)'],['Lynne QUINN (Ind)'],['Lynne QUINN (Ind)'],['Lynne QUINN (Ind)'],['Lynne QUINN (Ind)'],['Lynne QUINN (Ind)'],['Lynne QUINN (Ind)'],['Lynne QUINN (Ind)'],['Lynne QUINN (Ind)'],['Lynne QUINN (Ind)'],['Lynne QUINN (Ind)'],['Lynne QUINN (Ind)'],['Lynne QUINN (Ind)'],['Lynne QUINN (Ind)'],['Lynne QUINN (Ind)'],['Lynne QUINN (Ind)'],['Lynne QUINN (Ind)']
raw_data/scotland/processed_data/inverclyde12-ballots/Ward2-InverclydeEastCentral_inverclyde12-02.csv,5,['Michael MCCORMICK (Lab)'],['Michael MCCORMICK (Lab)'],['Michael MCCORMICK (Lab)'],['Michael MCCORMICK (Lab)'],['Michael MCCORMICK (Lab)'],['Michael MCCORMICK (Lab)'],['Michael MCCORMICK (Lab)'],['Michael MCCORMICK (Lab)'],['Michael MCCORMICK (Lab)'],['Michael MCCORMICK (Lab)'],['Michael MCCORMICK (Lab)'],['Michael MCCORMICK (Lab)'],['Michael MCCORMICK (Lab)'],['Michael MCCORMICK (Lab)'],['Michael MCCORMICK (Lab)'],['Michael MCCORMICK (Lab)'],['Michael MCCORMICK (Lab)'],['Michael MCCORMICK (Lab)'],['Michael MCCORMICK (Lab)'],['Michael MCCORMICK (Lab)'],['Michael MCCORMICK (Lab)'],['Michael MCCORMICK (Lab)'],['Michael MCCORMICK (Lab)'],['Michael MCCORMICK (Lab)'],['Michael MCCORMICK (Lab)'],['Michael MCCORMICK (Lab)'],['Michael MCCORMICK (Lab)'],['Michael MCCORMICK (Lab)'],['Michael MCCORMICK (Lab)'],['Michael MCCORMICK (Lab)']
raw_data/scotland/processed_data/inverclyde12-ballots/Ward6-InverclydeSouthWest_inverclyde12-06.csv,5,['Gerry DORRIAN (Lab)'],['Gerry DORRIAN (Lab)'],['Gerry DORRIAN (Lab)'],['Gerry DORRIAN (Lab)'],['Ciano REBECCHI (LD)'],['Gerry DORRIAN (Lab)'],['Gerry DORRIAN (Lab)'],['Gerry DORRIAN (Lab)'],['Gerry DORRIAN (Lab)'],['Gerry DORRIAN (Lab)'],['Gerry DORRIAN (Lab)'],['Gerry DORRIAN (Lab)'],['Gerry DORRIAN (Lab)'],['Ciano REBECCHI (LD)'],['Gerry DORRIAN (Lab)'],['Gerry DORRIAN (Lab)'],['Gerry DORRIAN (Lab)'],['Gerry DORRIAN (Lab)'],['Gerry DORRIAN (Lab)'],['Ciano REBECCHI (LD)'],['Gerry DORRIAN (Lab)'],['Gerry DORRIAN (Lab)'],['Gerry DORRIAN (Lab)'],['Gerry DORRIAN (Lab)'],['Gerry DORRIAN (Lab)'],['Gerry DORRIAN (Lab)'],['Gerry DORRIAN (Lab)'],['Gerry DORRIAN (Lab)'],['Ciano REBECCHI (LD)'],['Gerry DORRIAN (Lab)']
raw_data/scotland/processed_data/inverclyde12-ballots/Ward4-InverclydeSouth_inverclyde12-04.csv,5,['Joe MCILWEE (Lab)'],['Joe MCILWEE (Lab)'],['Joe MCILWEE (Lab)'],['Joe MCILWEE (Lab)'],['Joe MCILWEE (Lab)'],['Joe MCILWEE (Lab)'],['Joe MCILWEE (Lab)'],['Joe MCILWEE (Lab)'],['Joe MCILWEE (Lab)'],['Joe MCILWEE (Lab)'],['Joe MCILWEE (Lab)'],['Joe MCILWEE (Lab)'],['Joe MCILWEE (Lab)'],['Joe MCILWEE (Lab)'],['Joe MCILWEE (Lab)'],['Joe MCILWEE (Lab)'],['Joe MCILWEE (Lab)'],['Joe MCILWEE (Lab)'],['Joe MCILWEE (Lab)'],['Joe MCILWEE (Lab)'],['Joe MCILWEE (Lab)'],['Joe MCILWEE (Lab)'],['Joe MCILWEE (Lab)'],['Joe MCILWEE (Lab)'],['Joe MCILWEE (Lab)'],['Joe MCILWEE (Lab)'],['Joe MCILWEE (Lab)'],['Joe MCILWEE (Lab)'],['Joe MCILWEE (Lab)'],['Joe MCILWEE (Lab)']
raw_data/scotland/processed_data/inverclyde12-ballots/Ward5-InverclydeWest_inverclyde12-05.csv,6,['Ronald AHLFELD (Ind)'],['Ronald AHLFELD (Ind)'],['Ronald AHLFELD (Ind)'],['Ronald AHLFELD (Ind)'],['Ronald AHLFELD (Ind)'],['Ronald AHLFELD (Ind)'],['Ronald AHLFELD (Ind)'],['Ronald AHLFELD (Ind)'],['Ronald AHLFELD (Ind)'],['Ronald AHLFELD (Ind)'],['Ronald AHLFELD (Ind)'],['Ronald AHLFELD (Ind)'],['Ronald AHLFELD (Ind)'],['Ronald AHLFELD (Ind)'],['Ronald AHLFELD (Ind)'],['Ronald AHLFELD (Ind)'],['Ronald AHLFELD (Ind)'],['Ronald AHLFELD (Ind)'],['Ronald AHLFELD (Ind)'],['Ronald AHLFELD (Ind)'],['Ronald AHLFELD (Ind)'],['Ronald AHLFELD (Ind)'],['Ronald AHLFELD (Ind)'],['Ronald AHLFELD (Ind)'],['Ronald AHLFELD (Ind)'],['Ronald AHLFELD (Ind)'],['Ronald AHLFELD (Ind)'],['Ronald AHLFELD (Ind)'],['Ronald AHLFELD (Ind)'],['Ronald AHLFELD (Ind)']
raw_data/scotland/processed_data/inverclyde12-ballots/Ward1-InverclydeEast_inverclyde12-01.csv,4,['Stephen MCCABE (Lab)'],['Stephen MCCABE (Lab)'],['Stephen MCCABE (Lab)'],['Stephen MCCABE (Lab)'],['Stephen MCCABE (Lab)'],['Stephen MCCABE (Lab)'],['Stephen MCCABE (Lab)'],['Stephen MCCABE (Lab)'],['Stephen MCCABE (Lab)'],['Stephen MCCABE (Lab)'],['Stephen MCCABE (Lab)'],['Stephen MCCABE (Lab)'],['Stephen MCCABE (Lab)'],['Stephen MCCABE (Lab)'],['Stephen MCCABE (Lab)'],['Stephen MCCABE (Lab)'],['Stephen MCCABE (Lab)'],['Stephen MCCABE (Lab)'],['Stephen MCCABE (Lab)'],['Stephen MCCABE (Lab)'],['Stephen MCCABE (Lab)'],['Stephen MCCABE (Lab)'],['Stephen MCCABE (Lab)'],['Stephen MCCABE (Lab)'],['Stephen MCCABE (Lab)'],['Stephen MCCABE (Lab)'],['Stephen MCCABE (Lab)'],['Stephen MCCABE (Lab)'],['Stephen MCCABE (Lab)'],['Stephen MCCABE (Lab)']
raw_data/scotland/processed_data/inverclyde12-ballots/Ward3-InverclydeNorth_inverclyde12-03.csv,5,['Martin BRENNAN (Lab)'],['Martin BRENNAN (Lab)'],['Martin BRENNAN (Lab)'],['Martin BRENNAN (Lab)'],['Martin BRENNAN (Lab)'],['Martin BRENNAN (Lab)'],['Martin BRENNAN (Lab)'],['Martin BRENNAN (Lab)'],['Martin BRENNAN (Lab)'],['Martin BRENNAN (Lab)'],['Martin BRENNAN (Lab)'],['Martin BRENNAN (Lab)'],['Martin BRENNAN (Lab)'],['Martin BRENNAN (Lab)'],['Martin BRENNAN (Lab)'],['Martin BRENNAN (Lab)'],['Martin BRENNAN (Lab)'],['Martin BRENNAN (Lab)'],['Martin BRENNAN (Lab)'],['Martin BRENNAN (Lab)'],['Martin BRENNAN (Lab)'],['Martin BRENNAN (Lab)'],['Martin BRENNAN (Lab)'],['Martin BRENNAN (Lab)'],['Martin BRENNAN (Lab)'],['Martin BRENNAN (Lab)'],['Martin BRENNAN (Lab)'],['Martin BRENNAN (Lab)'],['Martin BRENNAN (Lab)'],['Martin BRENNAN (Lab)']
raw_data/scotland/processed_data/aberdeenshire17-ballots/Ward11-InverurieandDistrict_aberdeenshire17-11.csv,5,['Colin CLARK (Con)'],['Colin CLARK (Con)'],['Colin CLARK (Con)'],['Colin CLARK (Con)'],['Colin CLARK (Con)'],['Colin CLARK (Con)'],['Colin CLARK (Con)'],['Colin CLARK (Con)'],['Colin CLARK (Con)'],['Colin CLARK (Con)'],['Colin CLARK (Con)'],['Colin CLARK (Con)'],['Colin CLARK (Con)'],['Colin CLARK (Con)'],['Colin CLARK (Con)'],['Colin CLARK (Con)'],['Colin CLARK (Con)'],['Colin CLARK (Con)'],['Colin CLARK (Con)'],['Colin CLARK (Con)'],['Colin CLARK (Con)'],['Colin CLARK (Con)'],['Colin CLARK (Con)'],['Colin CLARK (Con)'],['Colin CLARK (Con)'],['Colin CLARK (Con)'],['Colin CLARK (Con)'],['Colin CLARK (Con)'],['Colin CLARK (Con)'],['Colin CLARK (Con)']
raw_data/scotland/processed_data/aberdeenshire17-ballots/Ward17-NorthKincardine_aberdeenshire17-17.csv,6,['Colin PIKE (Con)'],['Ian James MOLLISON (LD)'],['Colin PIKE (Con)'],['Ian James MOLLISON (LD)'],['Ian James MOLLISON (LD)'],['Ian James MOLLISON (LD)'],['Ian James MOLLISON (LD)'],['Ian James MOLLISON (LD)'],['Ian James MOLLISON (LD)'],['Ian James MOLLISON (LD)'],['Ian James MOLLISON (LD)'],['Ian James MOLLISON (LD)'],['Ian James MOLLISON (LD)'],['Ian James MOLLISON (LD)'],['Ian James MOLLISON (LD)'],['Colin PIKE (Con)'],['Ian James MOLLISON (LD)'],['Colin PIKE (Con)'],['Ian James MOLLISON (LD)'],['Ian James MOLLISON (LD)'],['Ian James MOLLISON (LD)'],['Ian James MOLLISON (LD)'],['Ian James MOLLISON (LD)'],['Ian James MOLLISON (LD)'],['Ian James MOLLISON (LD)'],['Ian James MOLLISON (LD)'],['Ian James MOLLISON (LD)'],['Ian James MOLLISON (LD)'],['Ian James MOLLISON (LD)'],['Ian James MOLLISON (LD)']
raw_data/scotland/processed_data/aberdeenshire17-ballots/Ward7-TurriffandDistrict_aberdeenshire17-07.csv,5,['Iain TAYLOR (Con)'],['Iain TAYLOR (Con)'],['Iain TAYLOR (Con)'],['Iain TAYLOR (Con)'],['Anne ROBERTSON (LD)'],['Iain TAYLOR (Con)'],['Iain TAYLOR (Con)'],['Iain TAYLOR (Con)'],['Iain TAYLOR (Con)'],['Iain TAYLOR (Con)'],['Iain TAYLOR (Con)'],['Iain TAYLOR (Con)'],['Iain TAYLOR (Con)'],['Iain TAYLOR (Con)'],['Iain TAYLOR (Con)'],['Iain TAYLOR (Con)'],['Iain TAYLOR (Con)'],['Iain TAYLOR (Con)'],['Iain TAYLOR (Con)'],['Anne ROBERTSON (LD)'],['Iain TAYLOR (Con)'],['Iain TAYLOR (Con)'],['Iain TAYLOR (Con)'],['Iain TAYLOR (Con)'],['Iain TAYLOR (Con)'],['Iain TAYLOR (Con)'],['Iain TAYLOR (Con)'],['Iain TAYLOR (Con)'],['Iain TAYLOR (Con)'],['Iain TAYLOR (Con)']
raw_data/scotland/processed_data/aberdeenshire17-ballots/Ward12-EastGarioch_aberdeenshire17-12.csv,5,['Dominic LONCHAY (Con)'],['Dominic LONCHAY (Con)'],['Dominic LONCHAY (Con)'],['Fergus HOOD (LD)'],['Fergus HOOD (LD)'],['Fergus HOOD (LD)'],['Fergus HOOD (LD)'],['Fergus HOOD (LD)'],['Fergus HOOD (LD)'],['Fergus HOOD (LD)'],['Fergus HOOD (LD)'],['Fergus HOOD (LD)'],['Fergus HOOD (LD)'],['Fergus HOOD (LD)'],['Fergus HOOD (LD)'],['Dominic LONCHAY (Con)'],['Dominic LONCHAY (Con)'],['Dominic LONCHAY (Con)'],['Fergus HOOD (LD)'],['Fergus HOOD (LD)'],['Fergus HOOD (LD)'],['Fergus HOOD (LD)'],['Fergus HOOD (LD)'],['Fergus HOOD (LD)'],['Fergus HOOD (LD)'],['Fergus HOOD (LD)'],['Fergus HOOD (LD)'],['Fergus HOOD (LD)'],['Fergus HOOD (LD)'],['Fergus HOOD (LD)']
raw_data/scotland/processed_data/aberdeenshire17-ballots/Ward4-CentralBuchan_aberdeenshire17-04.csv,4,['Marion Anne BUCHAN (Con)'],['Marion Anne BUCHAN (Con)'],['Marion Anne BUCHAN (Con)'],['Marion Anne BUCHAN (Con)'],['Marion Anne BUCHAN (Con)'],['Marion Anne BUCHAN (Con)'],['Marion Anne BUCHAN (Con)'],['Marion Anne BUCHAN (Con)'],['Marion Anne BUCHAN (Con)'],['Marion Anne BUCHAN (Con)'],['Marion Anne BUCHAN (Con)'],['Marion Anne BUCHAN (Con)'],['Marion Anne BUCHAN (Con)'],['Norman SMITH (Ind)'],['Marion Anne BUCHAN (Con)'],['Marion Anne BUCHAN (Con)'],['Marion Anne BUCHAN (Con)'],['Marion Anne BUCHAN (Con)'],['Marion Anne BUCHAN (Con)'],['Marion Anne BUCHAN (Con)'],['Marion Anne BUCHAN (Con)'],['Marion Anne BUCHAN (Con)'],['Marion Anne BUCHAN (Con)'],['Marion Anne BUCHAN (Con)'],['Marion Anne BUCHAN (Con)'],['Marion Anne BUCHAN (Con)'],['Marion Anne BUCHAN (Con)'],['Marion Anne BUCHAN (Con)'],['Norman SMITH (Ind)'],['Marion Anne BUCHAN (Con)']
"raw_data/scotland/processed_data/aberdeenshire17-ballots/Ward15-Aboyne,UpperDeesideandDonside_aberdeenshire17-15.csv",5,['Paul GIBB (Con)'],['Paul GIBB (Con)'],['Paul GIBB (Con)'],['Paul GIBB (Con)'],['Paul GIBB (Con)'],['Paul GIBB (Con)'],['Paul GIBB (Con)'],['Paul GIBB (Con)'],['Paul GIBB (Con)'],['Paul GIBB (Con)'],['Paul GIBB (Con)'],['Paul GIBB (Con)'],['Paul GIBB (Con)'],['Paul GIBB (Con)'],['Paul GIBB (Con)'],['Paul GIBB (Con)'],['Paul GIBB (Con)'],['Paul GIBB (Con)'],['Paul GIBB (Con)'],['Paul GIBB (Con)'],['Paul GIBB (Con)'],['Paul GIBB (Con)'],['Paul GIBB (Con)'],['Paul GIBB (Con)'],['Paul GIBB (Con)'],['Paul GIBB (Con)'],['Paul GIBB (Con)'],['Paul GIBB (Con)'],['Paul GIBB (Con)'],['Paul GIBB (Con)']
raw_data/scotland/processed_data/aberdeenshire17-ballots/Ward16-BanchoryandMidDeeside_aberdeenshire17-16.csv,4,['Ann ROSS (Con)'],['Ann ROSS (Con)'],['Ann ROSS (Con)'],['Ann ROSS (Con)'],['Ann ROSS (Con)'],['Ann ROSS (Con)'],['Ann ROSS (Con)'],['Ann ROSS (Con)'],['Ann ROSS (Con)'],['Ann ROSS (Con)'],['Ann ROSS (Con)'],['Ann ROSS (Con)'],['Ann ROSS (Con)'],['Ann ROSS (Con)'],['Ann ROSS (Con)'],['Ann ROSS (Con)'],['Ann ROSS (Con)'],['Ann ROSS (Con)'],['Ann ROSS (Con)'],['Ann ROSS (Con)'],['Ann ROSS (Con)'],['Ann ROSS (Con)'],['Ann ROSS (Con)'],['Ann ROSS (Con)'],['Ann ROSS (Con)'],['Ann ROSS (Con)'],['Ann ROSS (Con)'],['Ann ROSS (Con)'],['Ann ROSS (Con)'],['Ann ROSS (Con)']
raw_data/scotland/processed_data/aberdeenshire17-ballots/Ward8-MidFormartine_aberdeenshire17-08.csv,6,['Jim GIFFORD (Con)'],['Jim GIFFORD (Con)'],['Jim GIFFORD (Con)'],['Jim GIFFORD (Con)'],['Paul JOHNSTON (Ind)'],['Jim GIFFORD (Con)'],['Jim GIFFORD (Con)'],['Jim GIFFORD (Con)'],['Jim GIFFORD (Con)'],['Jim GIFFORD (Con)'],['Jim GIFFORD (Con)'],['Jim GIFFORD (Con)'],['Jim GIFFORD (Con)'],['Jim GIFFORD (Con)'],['Jim GIFFORD (Con)'],['Jim GIFFORD (Con)'],['Jim GIFFORD (Con)'],['Jim GIFFORD (Con)'],['Jim GIFFORD (Con)'],['Jim GIFFORD (Con)'],['Jim GIFFORD (Con)'],['Jim GIFFORD (Con)'],['Jim GIFFORD (Con)'],['Jim GIFFORD (Con)'],['Jim GIFFORD (Con)'],['Jim GIFFORD (Con)'],['Jim GIFFORD (Con)'],['Jim GIFFORD (Con)'],['Jim GIFFORD (Con)'],['Jim GIFFORD (Con)']
raw_data/scotland/processed_data/aberdeenshire17-ballots/Ward1-BanffandDistrict_aberdeenshire17-01.csv,4,['Mike ROY (Con)'],['Mike ROY (Con)'],['Mike ROY (Con)'],['Mike ROY (Con)'],['John COX (Ind)'],['John COX (Ind)'],['John COX (Ind)'],['Mike ROY (Con)'],['Mike ROY (Con)'],['Mike ROY (Con)'],['Mike ROY (Con)'],['Mike ROY (Con)'],['Mike ROY (Con)'],['John COX (Ind)'],['Mike ROY (Con)'],['Mike ROY (Con)'],['Mike ROY (Con)'],['Mike ROY (Con)'],['Mike ROY (Con)'],['John COX (Ind)'],['John COX (Ind)'],['John COX (Ind)'],['Mike ROY (Con)'],['Mike ROY (Con)'],['Mike ROY (Con)'],['Mike ROY (Con)'],['Mike ROY (Con)'],['Mike ROY (Con)'],['John COX (Ind)'],['Mike ROY (Con)']
raw_data/scotland/processed_data/aberdeenshire17-ballots/Ward6-PeterheadSouthandCruden_aberdeenshire17-06.csv,5,['Alan FAKLEY (Con)'],['Alan FAKLEY (Con)'],['Alan FAKLEY (Con)'],['Alan FAKLEY (Con)'],['Alan FAKLEY (Con)'],['Alan FAKLEY (Con)'],['Alan FAKLEY (Con)'],['Alan FAKLEY (Con)'],['Alan FAKLEY (Con)'],['Alan FAKLEY (Con)'],['Alan FAKLEY (Con)'],['Alan FAKLEY (Con)'],['Alan FAKLEY (Con)'],['Alan FAKLEY (Con)'],['Alan FAKLEY (Con)'],['Alan FAKLEY (Con)'],['Alan FAKLEY (Con)'],['Alan FAKLEY (Con)'],['Alan FAKLEY (Con)'],['Alan FAKLEY (Con)'],['Alan FAKLEY (Con)'],['Alan FAKLEY (Con)'],['Alan FAKLEY (Con)'],['Alan FAKLEY (Con)'],['Alan FAKLEY (Con)'],['Alan FAKLEY (Con)'],['Alan FAKLEY (Con)'],['Alan FAKLEY (Con)'],['Alan FAKLEY (Con)'],['Alan FAKLEY (Con)']
"raw_data/scotland/processed_data/aberdeenshire17-ballots/Ward14-Huntly,StrathbogieandHoweofAlford_aberdeenshire17-14.csv",4,['Moira INGLEBY (Con)'],['Moira INGLEBY (Con)'],['Moira INGLEBY (Con)'],['Moira INGLEBY (Con)'],['Moira INGLEBY (Con)'],['Moira INGLEBY (Con)'],['Moira INGLEBY (Con)'],['Moira INGLEBY (Con)'],['Moira INGLEBY (Con)'],['Moira INGLEBY (Con)'],['Moira INGLEBY (Con)'],['Moira INGLEBY (Con)'],['Moira INGLEBY (Con)'],['Moira INGLEBY (Con)'],['Moira INGLEBY (Con)'],['Moira INGLEBY (Con)'],['Moira INGLEBY (Con)'],['Moira INGLEBY (Con)'],['Moira INGLEBY (Con)'],['Moira INGLEBY (Con)'],['Moira INGLEBY (Con)'],['Moira INGLEBY (Con)'],['Moira INGLEBY (Con)'],['Moira INGLEBY (Con)'],['Moira INGLEBY (Con)'],['Moira INGLEBY (Con)'],['Moira INGLEBY (Con)'],['Moira INGLEBY (Con)'],['Moira INGLEBY (Con)'],['Moira INGLEBY (Con)']
raw_data/scotland/processed_data/aberdeenshire17-ballots/Ward3-FraserburghandDistrict_aberdeenshire17-03.csv,8,['Andy KILLE (Con)'],['Andy KILLE (Con)'],['Andy KILLE (Con)'],['Doreen MAIR (Ind)'],['Doreen MAIR (Ind)'],['Doreen MAIR (Ind)'],['Andy KILLE (Con)'],['Doreen MAIR (Ind)'],['Doreen MAIR (Ind)'],['Doreen MAIR (Ind)'],['Doreen MAIR (Ind)'],['Doreen MAIR (Ind)'],['Doreen MAIR (Ind)'],['Doreen MAIR (Ind)'],['Doreen MAIR (Ind)'],['Andy KILLE (Con)'],['Andy KILLE (Con)'],['Andy KILLE (Con)'],['Doreen MAIR (Ind)'],['Doreen MAIR (Ind)'],['Doreen MAIR (Ind)'],['Doreen MAIR (Ind)'],['Doreen MAIR (Ind)'],['Doreen MAIR (Ind)'],['Doreen MAIR (Ind)'],['Doreen MAIR (Ind)'],['Doreen MAIR (Ind)'],['Doreen MAIR (Ind)'],['Doreen MAIR (Ind)'],['Doreen MAIR (Ind)']
raw_data/scotland/processed_data/aberdeenshire17-ballots/Ward2-Troup_aberdeenshire17-02.csv,5,['Mark FINDLATER (Con)'],['Mark FINDLATER (Con)'],['Mark FINDLATER (Con)'],['Mark FINDLATER (Con)'],['Mark FINDLATER (Con)'],['Mark FINDLATER (Con)'],['Mark FINDLATER (Con)'],['Mark FINDLATER (Con)'],['Mark FINDLATER (Con)'],['Mark FINDLATER (Con)'],['Mark FINDLATER (Con)'],['Mark FINDLATER (Con)'],['Mark FINDLATER (Con)'],['Mark FINDLATER (Con)'],['Mark FINDLATER (Con)'],['Mark FINDLATER (Con)'],['Mark FINDLATER (Con)'],['Mark FINDLATER (Con)'],['Mark FINDLATER (Con)'],['Mark FINDLATER (Con)'],['Mark FINDLATER (Con)'],['Mark FINDLATER (Con)'],['Mark FINDLATER (Con)'],['Mark FINDLATER (Con)'],['Mark FINDLATER (Con)'],['Mark FINDLATER (Con)'],['Mark FINDLATER (Con)'],['Mark FINDLATER (Con)'],['Mark FINDLATER (Con)'],['Mark FINDLATER (Con)']
raw_data/scotland/processed_data/aberdeenshire17-ballots/Ward9-EllonandDistrict_aberdeenshire17-09.csv,4,['Gillian OWEN (Con)'],['Gillian OWEN (Con)'],['Gillian OWEN (Con)'],['Gillian OWEN (Con)'],['Gillian OWEN (Con)'],['Gillian OWEN (Con)'],['Gillian OWEN (Con)'],['Gillian OWEN (Con)'],['Gillian OWEN (Con)'],['Gillian OWEN (Con)'],['Gillian OWEN (Con)'],['Gillian OWEN (Con)'],['Gillian OWEN (Con)'],['Isobel DAVIDSON (LD)'],['Gillian OWEN (Con)'],['Gillian OWEN (Con)'],['Gillian OWEN (Con)'],['Gillian OWEN (Con)'],['Gillian OWEN (Con)'],['Gillian OWEN (Con)'],['Gillian OWEN (Con)'],['Gillian OWEN (Con)'],['Gillian OWEN (Con)'],['Gillian OWEN (Con)'],['Gillian OWEN (Con)'],['Gillian OWEN (Con)'],['Gillian OWEN (Con)'],['Gillian OWEN (Con)'],['Isobel DAVIDSON (LD)'],['Gillian OWEN (Con)']
raw_data/scotland/processed_data/aberdeenshire17-ballots/Ward13-WesthillandDistrict_aberdeenshire17-13.csv,5,['Ron MCKAIL (Con)'],['Ron MCKAIL (Con)'],['Ron MCKAIL (Con)'],['Ron MCKAIL (Con)'],['Ron MCKAIL (Con)'],['Ron MCKAIL (Con)'],['Ron MCKAIL (Con)'],['Ron MCKAIL (Con)'],['Ron MCKAIL (Con)'],['Ron MCKAIL (Con)'],['Ron MCKAIL (Con)'],['Ron MCKAIL (Con)'],['Ron MCKAIL (Con)'],['Ron MCKAIL (Con)'],['Ron MCKAIL (Con)'],['Ron MCKAIL (Con)'],['Ron MCKAIL (Con)'],['Ron MCKAIL (Con)'],['Ron MCKAIL (Con)'],['Ron MCKAIL (Con)'],['Ron MCKAIL (Con)'],['Ron MCKAIL (Con)'],['Ron MCKAIL (Con)'],['Ron MCKAIL (Con)'],['Ron MCKAIL (Con)'],['Ron MCKAIL (Con)'],['Ron MCKAIL (Con)'],['Ron MCKAIL (Con)'],['Ron MCKAIL (Con)'],['Ron MCKAIL (Con)']
raw_data/scotland/processed_data/aberdeenshire17-ballots/Ward10-WestGarioch_aberdeenshire17-10.csv,5,['Sebastian LESLIE (Con)'],['Sebastian LESLIE (Con)'],['Sebastian LESLIE (Con)'],['Sebastian LESLIE (Con)'],['Sebastian LESLIE (Con)'],['Sebastian LESLIE (Con)'],['Sebastian LESLIE (Con)'],['Sebastian LESLIE (Con)'],['Sebastian LESLIE (Con)'],['Sebastian LESLIE (Con)'],['Sebastian LESLIE (Con)'],['Sebastian LESLIE (Con)'],['Sebastian LESLIE (Con)'],['Sebastian LESLIE (Con)'],['Sebastian LESLIE (Con)'],['Sebastian LESLIE (Con)'],['Sebastian LESLIE (Con)'],['Sebastian LESLIE (Con)'],['Sebastian LESLIE (Con)'],['Sebastian LESLIE (Con)'],['Sebastian LESLIE (Con)'],['Sebastian LESLIE (Con)'],['Sebastian LESLIE (Con)'],['Sebastian LESLIE (Con)'],['Sebastian LESLIE (Con)'],['Sebastian LESLIE (Con)'],['Sebastian LESLIE (Con)'],['Sebastian LESLIE (Con)'],['Sebastian LESLIE (Con)'],['Sebastian LESLIE (Con)']
raw_data/scotland/processed_data/aberdeenshire17-ballots/Ward19-Mearns_aberdeenshire17-19.csv,6,['George CARR (Con)'],['George CARR (Con)'],['George CARR (Con)'],['George CARR (Con)'],['George CARR (Con)'],['George CARR (Con)'],['George CARR (Con)'],['George CARR (Con)'],['George CARR (Con)'],['George CARR (Con)'],['George CARR (Con)'],['George CARR (Con)'],['George CARR (Con)'],['George CARR (Con)'],['George CARR (Con)'],['George CARR (Con)'],['George CARR (Con)'],['George CARR (Con)'],['George CARR (Con)'],['George CARR (Con)'],['George CARR (Con)'],['George CARR (Con)'],['George CARR (Con)'],['George CARR (Con)'],['George CARR (Con)'],['George CARR (Con)'],['George CARR (Con)'],['George CARR (Con)'],['George CARR (Con)'],['George CARR (Con)']
raw_data/scotland/processed_data/aberdeenshire17-ballots/Ward18-StonehavenandLowerDeeside_aberdeenshire17-18.csv,6,['Wendy AGNEW (Con)'],['Wendy AGNEW (Con)'],['Wendy AGNEW (Con)'],['Wendy AGNEW (Con)'],['Sarah DICKINSON (LD)'],['Wendy AGNEW (Con)'],['Wendy AGNEW (Con)'],['Wendy AGNEW (Con)'],['Wendy AGNEW (Con)'],['Wendy AGNEW (Con)'],['Wendy AGNEW (Con)'],['Wendy AGNEW (Con)'],['Wendy AGNEW (Con)'],['Wendy AGNEW (Con)'],['Wendy AGNEW (Con)'],['Wendy AGNEW (Con)'],['Wendy AGNEW (Con)'],['Wendy AGNEW (Con)'],['Wendy AGNEW (Con)'],['Wendy AGNEW (Con)'],['Wendy AGNEW (Con)'],['Wendy AGNEW (Con)'],['Wendy AGNEW (Con)'],['Wendy AGNEW (Con)'],['Wendy AGNEW (Con)'],['Wendy AGNEW (Con)'],['Wendy AGNEW (Con)'],['Wendy AGNEW (Con)'],['Wendy AGNEW (Con)'],['Wendy AGNEW (Con)']
raw_data/scotland/processed_data/aberdeenshire17-ballots/Ward5-PeterheadNorthandRattray_aberdeenshire17-05.csv,5,['Dianne BEAGRIE (Con)'],['Dianne BEAGRIE (Con)'],['Dianne BEAGRIE (Con)'],['Dianne BEAGRIE (Con)'],['Dianne BEAGRIE (Con)'],['Dianne BEAGRIE (Con)'],['Dianne BEAGRIE (Con)'],['Dianne BEAGRIE (Con)'],['Dianne BEAGRIE (Con)'],['Dianne BEAGRIE (Con)'],['Dianne BEAGRIE (Con)'],['Dianne BEAGRIE (Con)'],['Dianne BEAGRIE (Con)'],['Dianne BEAGRIE (Con)'],['Dianne BEAGRIE (Con)'],['Dianne BEAGRIE (Con)'],['Dianne BEAGRIE (Con)'],['Dianne BEAGRIE (Con)'],['Dianne BEAGRIE (Con)'],['Dianne BEAGRIE (Con)'],['Dianne BEAGRIE (Con)'],['Dianne BEAGRIE (Con)'],['Dianne BEAGRIE (Con)'],['Dianne BEAGRIE (Con)'],['Dianne BEAGRIE (Con)'],['Dianne BEAGRIE (Con)'],['Dianne BEAGRIE (Con)'],['Dianne BEAGRIE (Con)'],['Dianne BEAGRIE (Con)'],['Dianne BEAGRIE (Con)']
raw_data/scotland/processed_data/aberdeen2012/Ward5-Hilton-Stockethill_aberdeen12-05.csv,9,['(Lab) George ADAM'],['(Lab) George ADAM'],['(Lab) George ADAM'],['(Lab) George ADAM'],['(Lab) George ADAM'],['(Lab) George ADAM'],['(Lab) George ADAM'],['(Lab) George ADAM'],['(Lab) George ADAM'],['(Lab) George ADAM'],['(Lab) George ADAM'],['(Lab) George ADAM'],['(Lab) George ADAM'],['(Lab) George ADAM'],['(Lab) George ADAM'],['(Lab) George ADAM'],['(Lab) George ADAM'],['(Lab) George ADAM'],['(Lab) George ADAM'],['(Lab) George ADAM'],['(Lab) George ADAM'],['(Lab) George ADAM'],['(Lab) George ADAM'],['(Lab) George ADAM'],['(Lab) George ADAM'],['(Lab) George ADAM'],['(Lab) George ADAM'],['(Lab) George ADAM'],['(Lab) George ADAM'],['(Lab) George ADAM']
raw_data/scotland/processed_data/aberdeen2012/Ward3-Kingswells-Sheddocksley_aberdeen12-03.csv,7,['(SNP) David John CAMERON'],['(SNP) David John CAMERON'],['(SNP) David John CAMERON'],['(SNP) David John CAMERON'],['(SNP) David John CAMERON'],['(SNP) David John CAMERON'],['(SNP) David John CAMERON'],['(SNP) David John CAMERON'],['(SNP) David John CAMERON'],['(SNP) David John CAMERON'],['(SNP) David John CAMERON'],['(SNP) David John CAMERON'],['(SNP) David John CAMERON'],['(SNP) David John CAMERON'],['(SNP) David John CAMERON'],['(SNP) David John CAMERON'],['(SNP) David John CAMERON'],['(SNP) David John CAMERON'],['(SNP) David John CAMERON'],['(SNP) David John CAMERON'],['(SNP) David John CAMERON'],['(SNP) David John CAMERON'],['(SNP) David John CAMERON'],['(SNP) David John CAMERON'],['(SNP) David John CAMERON'],['(SNP) David John CAMERON'],['(SNP) David John CAMERON'],['(SNP) David John CAMERON'],['(SNP) David John CAMERON'],['(SNP) David John CAMERON']
raw_data/scotland/processed_data/aberdeen2012/Ward8-GeorgeStreet-Harbour_aberdeen12-08.csv,9,['(SNP) Andrew MAY'],['(SNP) Andrew MAY'],['(SNP) Andrew MAY'],['(Lab) NATHAN MORRISON'],['(Lab) NATHAN MORRISON'],['(Lab) NATHAN MORRISON'],['(SNP) Andrew MAY'],['(SNP) Andrew MAY'],['(SNP) Andrew MAY'],['(SNP) Andrew MAY'],['(SNP) Andrew MAY'],['(SNP) Andrew MAY'],['(SNP) Andrew MAY'],['(Lab) NATHAN MORRISON'],['(SNP) Andrew MAY'],['(SNP) Andrew MAY'],['(SNP) Andrew MAY'],['(SNP) Andrew MAY'],['(SNP) Andrew MAY'],['(SNP) Andrew MAY'],['(SNP) Andrew MAY'],['(SNP) Andrew MAY'],['(SNP) Andrew MAY'],['(SNP) Andrew MAY'],['(SNP) Andrew MAY'],['(SNP) Andrew MAY'],['(SNP) Andrew MAY'],['(SNP) Andrew MAY'],['(Lab) NATHAN MORRISON'],['(SNP) Andrew MAY']
raw_data/scotland/processed_data/aberdeen2012/Ward2-BridgeofDon_aberdeen12-02.csv,7,['(SNP) Muriel JAFFREY'],['(Ind) John REYNOLDS'],['(Ind) John REYNOLDS'],['(SNP) Muriel JAFFREY'],['(Ind) John REYNOLDS'],['(Ind) John REYNOLDS'],['(SNP) Muriel JAFFREY'],['(Ind) John REYNOLDS'],['(Ind) John REYNOLDS'],['(Ind) John REYNOLDS'],['(Ind) John REYNOLDS'],['(Ind) John REYNOLDS'],['(Ind) John REYNOLDS'],['(SNP) Muriel JAFFREY'],['(Ind) John REYNOLDS'],['(SNP) Muriel JAFFREY'],['(Ind) John REYNOLDS'],['(Ind) John REYNOLDS'],['(SNP) Muriel JAFFREY'],['(Ind) John REYNOLDS'],['(Ind) John REYNOLDS'],['(Ind) John REYNOLDS'],['(Ind) John REYNOLDS'],['(Ind) John REYNOLDS'],['(Ind) John REYNOLDS'],['(Ind) John REYNOLDS'],['(Ind) John REYNOLDS'],['(Ind) John REYNOLDS'],['(SNP) Muriel JAFFREY'],['(Ind) John REYNOLDS']
raw_data/scotland/processed_data/aberdeen2012/Ward1-Dyce-Bucksburn-Danestone_aberdeen12-01.csv,6,['(SNP) Neil MACGREGOR'],['(SNP) Neil MACGREGOR'],['(SNP) Neil MACGREGOR'],['(SNP) Neil MACGREGOR'],['(Lab) Barney CROCKETT'],['(SNP) Neil MACGREGOR'],['(SNP) Neil MACGREGOR'],['(SNP) Neil MACGREGOR'],['(SNP) Neil MACGREGOR'],['(SNP) Neil MACGREGOR'],['(SNP) Neil MACGREGOR'],['(SNP) Neil MACGREGOR'],['(SNP) Neil MACGREGOR'],['(SNP) Neil MACGREGOR'],['(SNP) Neil MACGREGOR'],['(SNP) Neil MACGREGOR'],['(SNP) Neil MACGREGOR'],['(SNP) Neil MACGREGOR'],['(SNP) Neil MACGREGOR'],['(Lab) Barney CROCKETT'],['(SNP) Neil MACGREGOR'],['(SNP) Neil MACGREGOR'],['(SNP) Neil MACGREGOR'],['(SNP) Neil MACGREGOR'],['(SNP) Neil MACGREGOR'],['(SNP) Neil MACGREGOR'],['(SNP) Neil MACGREGOR'],['(SNP) Neil MACGREGOR'],['(SNP) Neil MACGREGOR'],['(SNP) Neil MACGREGOR']
raw_data/scotland/processed_data/aberdeen2012/Ward12-Torry-Ferryhill_aberdeen12-12.csv,10,['(Lab) Yvonne ALLAN'],['(Lab) Yvonne ALLAN'],['(Lab) Yvonne ALLAN'],['(Lab) Yvonne ALLAN'],['(Lab) Yvonne ALLAN'],['(Lab) Yvonne ALLAN'],['(Lab) Yvonne ALLAN'],['(Lab) Yvonne ALLAN'],['(Lab) Yvonne ALLAN'],['(Lab) Yvonne ALLAN'],['(Lab) Yvonne ALLAN'],['(Lab) Yvonne ALLAN'],['(Lab) Yvonne ALLAN'],['(Lab) Yvonne ALLAN'],['(Lab) Yvonne ALLAN'],['(Lab) Yvonne ALLAN'],['(Lab) Yvonne ALLAN'],['(Lab) Yvonne ALLAN'],['(Lab) Yvonne ALLAN'],['(Lab) Yvonne ALLAN'],['(Lab) Yvonne ALLAN'],['(Lab) Yvonne ALLAN'],['(Lab) Yvonne ALLAN'],['(Lab) Yvonne ALLAN'],['(Lab) Yvonne ALLAN'],['(Lab) Yvonne ALLAN'],['(Lab) Yvonne ALLAN'],['(Lab) Yvonne ALLAN'],['(Lab) Yvonne ALLAN'],['(Lab) Yvonne ALLAN']
raw_data/scotland/processed_data/aberdeen2012/Ward11-Airyhall-Broomhill-Garthdee_aberdeen12-11.csv,6,['(LD) Ian YUILL'],['(LD) Ian YUILL'],['(LD) Ian YUILL'],['(LD) Ian YUILL'],['(LD) Ian YUILL'],['(LD) Ian YUILL'],['(LD) Ian YUILL'],['(LD) Ian YUILL'],['(LD) Ian YUILL'],['(LD) Ian YUILL'],['(LD) Ian YUILL'],['(LD) Ian YUILL'],['(LD) Ian YUILL'],['(LD) Ian YUILL'],['(LD) Ian YUILL'],['(LD) Ian YUILL'],['(LD) Ian YUILL'],['(LD) Ian YUILL'],['(LD) Ian YUILL'],['(LD) Ian YUILL'],['(LD) Ian YUILL'],['(LD) Ian YUILL'],['(LD) Ian YUILL'],['(LD) Ian YUILL'],['(LD) Ian YUILL'],['(LD) Ian YUILL'],['(LD) Ian YUILL'],['(LD) Ian YUILL'],['(LD) Ian YUILL'],['(LD) Ian YUILL']
raw_data/scotland/processed_data/aberdeen2012/Ward9-LowerDeeside_aberdeen12-09.csv,7,['(Ind) Marie BOULTON'],['(Ind) Marie BOULTON'],['(Ind) Marie BOULTON'],['(Ind) Marie BOULTON'],['(Ind) Marie BOULTON'],['(Ind) Marie BOULTON'],['(Ind) Marie BOULTON'],['(Ind) Marie BOULTON'],['(Ind) Marie BOULTON'],['(Ind) Marie BOULTON'],['(Ind) Marie BOULTON'],['(Ind) Marie BOULTON'],['(Ind) Marie BOULTON'],['(Ind) Marie BOULTON'],['(Ind) Marie BOULTON'],['(Ind) Marie BOULTON'],['(Ind) Marie BOULTON'],['(Ind) Marie BOULTON'],['(Ind) Marie BOULTON'],['(Ind) Marie BOULTON'],['(Ind) Marie BOULTON'],['(Ind) Marie BOULTON'],['(Ind) Marie BOULTON'],['(Ind) Marie BOULTON'],['(Ind) Marie BOULTON'],['(Ind) Marie BOULTON'],['(Ind) Marie BOULTON'],['(Ind) Marie BOULTON'],['(Ind) Marie BOULTON'],['(Ind) Marie BOULTON']
raw_data/scotland/processed_data/aberdeen2012/Ward7-Midstocket-Rosemount_aberdeen12-07.csv,6,['(SNP) Bill CORMIE'],['(SNP) Bill CORMIE'],['(SNP) Bill CORMIE'],['(SNP) Bill CORMIE'],['(Lab) Jenny LAING'],['(SNP) Bill CORMIE'],['(SNP) Bill CORMIE'],['(SNP) Bill CORMIE'],['(SNP) Bill CORMIE'],['(SNP) Bill CORMIE'],['(SNP) Bill CORMIE'],['(SNP) Bill CORMIE'],['(SNP) Bill CORMIE'],['(SNP) Bill CORMIE'],['(SNP) Bill CORMIE'],['(SNP) Bill CORMIE'],['(SNP) Bill CORMIE'],['(SNP) Bill CORMIE'],['(SNP) Bill CORMIE'],['(Lab) Jenny LAING'],['(SNP) Bill CORMIE'],['(SNP) Bill CORMIE'],['(SNP) Bill CORMIE'],['(SNP) Bill CORMIE'],['(SNP) Bill CORMIE'],['(SNP) Bill CORMIE'],['(SNP) Bill CORMIE'],['(SNP) Bill CORMIE'],['(SNP) Bill CORMIE'],['(SNP) Bill CORMIE']
raw_data/scotland/processed_data/aberdeen2012/Ward10-Hazlehead-Ashley-QueensCross_aberdeen12-10.csv,6,['(LD) Jennifer STEWART'],['(LD) Jennifer STEWART'],['(LD) Jennifer STEWART'],['(LD) Jennifer STEWART'],['(LD) Jennifer STEWART'],['(LD) Jennifer STEWART'],['(LD) Jennifer STEWART'],['(LD) Jennifer STEWART'],['(LD) Jennifer STEWART'],['(LD) Jennifer STEWART'],['(LD) Jennifer STEWART'],['(LD) Jennifer STEWART'],['(LD) Jennifer STEWART'],['(LD) Jennifer STEWART'],['(LD) Jennifer STEWART'],['(LD) Jennifer STEWART'],['(LD) Jennifer STEWART'],['(LD) Jennifer STEWART'],['(LD) Jennifer STEWART'],['(LD) Jennifer STEWART'],['(LD) Jennifer STEWART'],['(LD) Jennifer STEWART'],['(LD) Jennifer STEWART'],['(LD) Jennifer STEWART'],['(LD) Jennifer STEWART'],['(LD) Jennifer STEWART'],['(LD) Jennifer STEWART'],['(LD) Jennifer STEWART'],['(LD) Jennifer STEWART'],['(LD) Jennifer STEWART']
raw_data/scotland/processed_data/aberdeen2012/Ward4-Northfield_aberdeen12-04.csv,5,['(SNP) Jackie DUNBAR'],['(SNP) Jackie DUNBAR'],['(SNP) Jackie DUNBAR'],['(SNP) Jackie DUNBAR'],['(SNP) Jackie DUNBAR'],['(SNP) Jackie DUNBAR'],['(SNP) Jackie DUNBAR'],['(SNP) Jackie DUNBAR'],['(SNP) Jackie DUNBAR'],['(SNP) Jackie DUNBAR'],['(SNP) Jackie DUNBAR'],['(SNP) Jackie DUNBAR'],['(SNP) Jackie DUNBAR'],['(SNP) Jackie DUNBAR'],['(SNP) Jackie DUNBAR'],['(SNP) Jackie DUNBAR'],['(SNP) Jackie DUNBAR'],['(SNP) Jackie DUNBAR'],['(SNP) Jackie DUNBAR'],['(SNP) Jackie DUNBAR'],['(SNP) Jackie DUNBAR'],['(SNP) Jackie DUNBAR'],['(SNP) Jackie DUNBAR'],['(SNP) Jackie DUNBAR'],['(SNP) Jackie DUNBAR'],['(SNP) Jackie DUNBAR'],['(SNP) Jackie DUNBAR'],['(SNP) Jackie DUNBAR'],['(SNP) Jackie DUNBAR'],['(SNP) Jackie DUNBAR']
raw_data/scotland/processed_data/aberdeen2012/Ward13-Kincorth-Loirston_aberdeen12-13.csv,6,['(Lab) Neil COONEY'],['(Lab) Neil COONEY'],['(Lab) Neil COONEY'],['(Lab) Neil COONEY'],['(SNP) Callum MCCAIG'],['(Lab) Neil COONEY'],['(Lab) Neil COONEY'],['(Lab) Neil COONEY'],['(Lab) Neil COONEY'],['(Lab) Neil COONEY'],['(Lab) Neil COONEY'],['(Lab) Neil COONEY'],['(Lab) Neil COONEY'],['(Lab) Neil COONEY'],['(Lab) Neil COONEY'],['(Lab) Neil COONEY'],['(Lab) Neil COONEY'],['(Lab) Neil COONEY'],['(Lab) Neil COONEY'],['(SNP) Callum MCCAIG'],['(Lab) Neil COONEY'],['(Lab) Neil COONEY'],['(Lab) Neil COONEY'],['(Lab) Neil COONEY'],['(Lab) Neil COONEY'],['(Lab) Neil COONEY'],['(Lab) Neil COONEY'],['(Lab) Neil COONEY'],['(Lab) Neil COONEY'],['(Lab) Neil COONEY']
raw_data/scotland/processed_data/aberdeen2012/Ward6-Tillydrone-Seaton-OldAberdeen_aberdeen12-06.csv,7,['(Lab) Ross GRANT'],['(Lab) Ross GRANT'],['(Lab) Ross GRANT'],['(Lab) Ross GRANT'],['(Lab) Ross GRANT'],['(Lab) Ross GRANT'],['(Lab) Ross GRANT'],['(Lab) Ross GRANT'],['(Lab) Ross GRANT'],['(Lab) Ross GRANT'],['(Lab) Ross GRANT'],['(Lab) Ross GRANT'],['(Lab) Ross GRANT'],['(Lab) Ross GRANT'],['(Lab) Ross GRANT'],['(Lab) Ross GRANT'],['(Lab) Ross GRANT'],['(Lab) Ross GRANT'],['(Lab) Ross GRANT'],['(Lab) Ross GRANT'],['(Lab) Ross GRANT'],['(Lab) Ross GRANT'],['(Lab) Ross GRANT'],['(Lab) Ross GRANT'],['(Lab) Ross GRANT'],['(Lab) Ross GRANT'],['(Lab) Ross GRANT'],['(Lab) Ross GRANT'],['(Lab) Ross GRANT'],['(Lab) Ross GRANT']
raw_data/scotland/processed_data/fife17-ballots/Ward4-DunfermlineSouth_fife17-04.csv,5,['Brian John GOODALL (SNP)'],['Brian John GOODALL (SNP)'],['Brian John GOODALL (SNP)'],['James CALDER (LD)'],['James CALDER (LD)'],['James CALDER (LD)'],['Brian John GOODALL (SNP)'],['James CALDER (LD)'],['James CALDER (LD)'],['James CALDER (LD)'],['James CALDER (LD)'],['James CALDER (LD)'],['James CALDER (LD)'],['James CALDER (LD)'],['James CALDER (LD)'],['Brian John GOODALL (SNP)'],['Brian John GOODALL (SNP)'],['Brian John GOODALL (SNP)'],['Brian John GOODALL (SNP)'],['James CALDER (LD)'],['James CALDER (LD)'],['James CALDER (LD)'],['James CALDER (LD)'],['James CALDER (LD)'],['James CALDER (LD)'],['James CALDER (LD)'],['James CALDER (LD)'],['James CALDER (LD)'],['James CALDER (LD)'],['James CALDER (LD)']
raw_data/scotland/processed_data/fife17-ballots/Ward3-DunfermlineCentral_fife17-03.csv,7,['Jean HALL MUIR (SNP)'],['Jim LEISHMAN (Lab)'],['Alan CRAIG (Con)'],['Jim LEISHMAN (Lab)'],['Jim LEISHMAN (Lab)'],['Jim LEISHMAN (Lab)'],['Jim LEISHMAN (Lab)'],['Jim LEISHMAN (Lab)'],['Jim LEISHMAN (Lab)'],['Jim LEISHMAN (Lab)'],['Jim LEISHMAN (Lab)'],['Jim LEISHMAN (Lab)'],['Jim LEISHMAN (Lab)'],['Jim LEISHMAN (Lab)'],['Jim LEISHMAN (Lab)'],['Jean HALL MUIR (SNP)'],['Jim LEISHMAN (Lab)'],['Jim LEISHMAN (Lab)'],['Jim LEISHMAN (Lab)'],['Jim LEISHMAN (Lab)'],['Jim LEISHMAN (Lab)'],['Jim LEISHMAN (Lab)'],['Jim LEISHMAN (Lab)'],['Jim LEISHMAN (Lab)'],['Jim LEISHMAN (Lab)'],['Jim LEISHMAN (Lab)'],['Jim LEISHMAN (Lab)'],['Jim LEISHMAN (Lab)'],['Jim LEISHMAN (Lab)'],['Jim LEISHMAN (Lab)']
raw_data/scotland/processed_data/fife17-ballots/Ward15-GlenrothesCentral&Thornton_fife17-15.csv,8,['Ross VETTRAINO (SNP)'],['Ross VETTRAINO (SNP)'],['Ross VETTRAINO (SNP)'],['Ross VETTRAINO (SNP)'],['Ross VETTRAINO (SNP)'],['Ross VETTRAINO (SNP)'],['Ross VETTRAINO (SNP)'],['Ross VETTRAINO (SNP)'],['Ross VETTRAINO (SNP)'],['Ross VETTRAINO (SNP)'],['Ross VETTRAINO (SNP)'],['Ross VETTRAINO (SNP)'],['Ross VETTRAINO (SNP)'],['Ross VETTRAINO (SNP)'],['Ross VETTRAINO (SNP)'],['Ross VETTRAINO (SNP)'],['Ross VETTRAINO (SNP)'],['Ross VETTRAINO (SNP)'],['Ross VETTRAINO (SNP)'],['Ross VETTRAINO (SNP)'],['Ross VETTRAINO (SNP)'],['Ross VETTRAINO (SNP)'],['Ross VETTRAINO (SNP)'],['Ross VETTRAINO (SNP)'],['Ross VETTRAINO (SNP)'],['Ross VETTRAINO (SNP)'],['Ross VETTRAINO (SNP)'],['Ross VETTRAINO (SNP)'],['Ross VETTRAINO (SNP)'],['Ross VETTRAINO (SNP)']
raw_data/scotland/processed_data/fife17-ballots/Ward19-EastNeuk&Landward_fife17-19.csv,5,['Bill PORTEOUS (LD)'],['Bill PORTEOUS (LD)'],['Bill PORTEOUS (LD)'],['Bill PORTEOUS (LD)'],['Bill PORTEOUS (LD)'],['Bill PORTEOUS (LD)'],['Bill PORTEOUS (LD)'],['Bill PORTEOUS (LD)'],['Bill PORTEOUS (LD)'],['Bill PORTEOUS (LD)'],['Bill PORTEOUS (LD)'],['Bill PORTEOUS (LD)'],['Bill PORTEOUS (LD)'],['Bill PORTEOUS (LD)'],['Bill PORTEOUS (LD)'],['Bill PORTEOUS (LD)'],['Bill PORTEOUS (LD)'],['Bill PORTEOUS (LD)'],['Bill PORTEOUS (LD)'],['Bill PORTEOUS (LD)'],['Bill PORTEOUS (LD)'],['Bill PORTEOUS (LD)'],['Bill PORTEOUS (LD)'],['Bill PORTEOUS (LD)'],['Bill PORTEOUS (LD)'],['Bill PORTEOUS (LD)'],['Bill PORTEOUS (LD)'],['Bill PORTEOUS (LD)'],['Bill PORTEOUS (LD)'],['Bill PORTEOUS (LD)']
raw_data/scotland/processed_data/fife17-ballots/Ward1-WestFife&CoastalVillages_fife17-01.csv,6,['Bobby CLELLAND (Lab)'],['Bobby CLELLAND (Lab)'],['Bobby CLELLAND (Lab)'],['Bobby CLELLAND (Lab)'],['Bobby CLELLAND (Lab)'],['Bobby CLELLAND (Lab)'],['Bobby CLELLAND (Lab)'],['Bobby CLELLAND (Lab)'],['Bobby CLELLAND (Lab)'],['Bobby CLELLAND (Lab)'],['Bobby CLELLAND (Lab)'],['Bobby CLELLAND (Lab)'],['Bobby CLELLAND (Lab)'],['Bobby CLELLAND (Lab)'],['Bobby CLELLAND (Lab)'],['Bobby CLELLAND (Lab)'],['Bobby CLELLAND (Lab)'],['Bobby CLELLAND (Lab)'],['Bobby CLELLAND (Lab)'],['Bobby CLELLAND (Lab)'],['Bobby CLELLAND (Lab)'],['Bobby CLELLAND (Lab)'],['Bobby CLELLAND (Lab)'],['Bobby CLELLAND (Lab)'],['Bobby CLELLAND (Lab)'],['Bobby CLELLAND (Lab)'],['Bobby CLELLAND (Lab)'],['Bobby CLELLAND (Lab)'],['Bobby CLELLAND (Lab)'],['Bobby CLELLAND (Lab)']
raw_data/scotland/processed_data/fife17-ballots/Ward16-HoweOfFife&TayCoast_fife17-16.csv,6,['Donald LOTHIAN (LD)'],['Donald LOTHIAN (LD)'],['Donald LOTHIAN (LD)'],['Donald LOTHIAN (LD)'],['Donald LOTHIAN (LD)'],['Donald LOTHIAN (LD)'],['Donald LOTHIAN (LD)'],['Donald LOTHIAN (LD)'],['Donald LOTHIAN (LD)'],['Donald LOTHIAN (LD)'],['Donald LOTHIAN (LD)'],['Donald LOTHIAN (LD)'],['Donald LOTHIAN (LD)'],['Donald LOTHIAN (LD)'],['Donald LOTHIAN (LD)'],['Donald LOTHIAN (LD)'],['Donald LOTHIAN (LD)'],['Donald LOTHIAN (LD)'],['Donald LOTHIAN (LD)'],['Donald LOTHIAN (LD)'],['Donald LOTHIAN (LD)'],['Donald LOTHIAN (LD)'],['Donald LOTHIAN (LD)'],['Donald LOTHIAN (LD)'],['Donald LOTHIAN (LD)'],['Donald LOTHIAN (LD)'],['Donald LOTHIAN (LD)'],['Donald LOTHIAN (LD)'],['Donald LOTHIAN (LD)'],['Donald LOTHIAN (LD)']
"raw_data/scotland/processed_data/fife17-ballots/Ward8-Lochgelly,Cardenden&Benarty_fife17-08.csv",5,['Mary BAIN LOCKHART (Lab)'],['Mary BAIN LOCKHART (Lab)'],['Mary BAIN LOCKHART (Lab)'],['Mary BAIN LOCKHART (Lab)'],['Mary BAIN LOCKHART (Lab)'],['Mary BAIN LOCKHART (Lab)'],['Mary BAIN LOCKHART (Lab)'],['Mary BAIN LOCKHART (Lab)'],['Mary BAIN LOCKHART (Lab)'],['Mary BAIN LOCKHART (Lab)'],['Mary BAIN LOCKHART (Lab)'],['Mary BAIN LOCKHART (Lab)'],['Mary BAIN LOCKHART (Lab)'],['Mary BAIN LOCKHART (Lab)'],['Mary BAIN LOCKHART (Lab)'],['Mary BAIN LOCKHART (Lab)'],['Mary BAIN LOCKHART (Lab)'],['Mary BAIN LOCKHART (Lab)'],['Mary BAIN LOCKHART (Lab)'],['Mary BAIN LOCKHART (Lab)'],['Mary BAIN LOCKHART (Lab)'],['Mary BAIN LOCKHART (Lab)'],['Mary BAIN LOCKHART (Lab)'],['Mary BAIN LOCKHART (Lab)'],['Mary BAIN LOCKHART (Lab)'],['Mary BAIN LOCKHART (Lab)'],['Mary BAIN LOCKHART (Lab)'],['Mary BAIN LOCKHART (Lab)'],['Mary BAIN LOCKHART (Lab)'],['Mary BAIN LOCKHART (Lab)']
raw_data/scotland/processed_data/fife17-ballots/Ward20-Cupar_fife17-20.csv,5,['Margaret KENNEDY (LD)'],['Margaret KENNEDY (LD)'],['Margaret KENNEDY (LD)'],['Margaret KENNEDY (LD)'],['Margaret KENNEDY (LD)'],['Margaret KENNEDY (LD)'],['Margaret KENNEDY (LD)'],['Margaret KENNEDY (LD)'],['Margaret KENNEDY (LD)'],['Margaret KENNEDY (LD)'],['Margaret KENNEDY (LD)'],['Margaret KENNEDY (LD)'],['Margaret KENNEDY (LD)'],['Margaret KENNEDY (LD)'],['Margaret KENNEDY (LD)'],['Margaret KENNEDY (LD)'],['Margaret KENNEDY (LD)'],['Margaret KENNEDY (LD)'],['Margaret KENNEDY (LD)'],['Margaret KENNEDY (LD)'],['Margaret KENNEDY (LD)'],['Margaret KENNEDY (LD)'],['Margaret KENNEDY (LD)'],['Margaret KENNEDY (LD)'],['Margaret KENNEDY (LD)'],['Margaret KENNEDY (LD)'],['Margaret KENNEDY (LD)'],['Margaret KENNEDY (LD)'],['Margaret KENNEDY (LD)'],['Margaret KENNEDY (LD)']
raw_data/scotland/processed_data/fife17-ballots/Ward10-KirkcaldyNorth_fife17-10.csv,5,['Neil CROOKS (Lab)'],['Neil CROOKS (Lab)'],['Neil CROOKS (Lab)'],['Neil CROOKS (Lab)'],['Neil CROOKS (Lab)'],['Neil CROOKS (Lab)'],['Neil CROOKS (Lab)'],['Neil CROOKS (Lab)'],['Neil CROOKS (Lab)'],['Neil CROOKS (Lab)'],['Neil CROOKS (Lab)'],['Neil CROOKS (Lab)'],['Neil CROOKS (Lab)'],['Neil CROOKS (Lab)'],['Neil CROOKS (Lab)'],['Neil CROOKS (Lab)'],['Neil CROOKS (Lab)'],['Neil CROOKS (Lab)'],['Neil CROOKS (Lab)'],['Neil CROOKS (Lab)'],['Neil CROOKS (Lab)'],['Neil CROOKS (Lab)'],['Neil CROOKS (Lab)'],['Neil CROOKS (Lab)'],['Neil CROOKS (Lab)'],['Neil CROOKS (Lab)'],['Neil CROOKS (Lab)'],['Neil CROOKS (Lab)'],['Neil CROOKS (Lab)'],['Neil CROOKS (Lab)']
raw_data/scotland/processed_data/fife17-ballots/Ward17-TayBridgehead_fife17-17.csv,5,['Tim BRETT (LD)'],['Tim BRETT (LD)'],['Tim BRETT (LD)'],['Tim BRETT (LD)'],['Tim BRETT (LD)'],['Tim BRETT (LD)'],['Tim BRETT (LD)'],['Tim BRETT (LD)'],['Tim BRETT (LD)'],['Tim BRETT (LD)'],['Tim BRETT (LD)'],['Tim BRETT (LD)'],['Tim BRETT (LD)'],['Tim BRETT (LD)'],['Tim BRETT (LD)'],['Tim BRETT (LD)'],['Tim BRETT (LD)'],['Tim BRETT (LD)'],['Tim BRETT (LD)'],['Tim BRETT (LD)'],['Tim BRETT (LD)'],['Tim BRETT (LD)'],['Tim BRETT (LD)'],['Tim BRETT (LD)'],['Tim BRETT (LD)'],['Tim BRETT (LD)'],['Tim BRETT (LD)'],['Tim BRETT (LD)'],['Tim BRETT (LD)'],['Tim BRETT (LD)']
raw_data/scotland/processed_data/fife17-ballots/Ward12-KirkcaldyEast_fife17-12.csv,7,['Rod CAVANAGH (SNP)'],['Rod CAVANAGH (SNP)'],['Rod CAVANAGH (SNP)'],['Rod CAVANAGH (SNP)'],['Rod CAVANAGH (SNP)'],['Rod CAVANAGH (SNP)'],['Rod CAVANAGH (SNP)'],['Rod CAVANAGH (SNP)'],['Rod CAVANAGH (SNP)'],['Rod CAVANAGH (SNP)'],['Rod CAVANAGH (SNP)'],['Rod CAVANAGH (SNP)'],['Rod CAVANAGH (SNP)'],['IAN JOHN CAMERON (Lab)'],['Rod CAVANAGH (SNP)'],['Rod CAVANAGH (SNP)'],['Rod CAVANAGH (SNP)'],['Rod CAVANAGH (SNP)'],['Rod CAVANAGH (SNP)'],['IAN JOHN CAMERON (Lab)'],['Rod CAVANAGH (SNP)'],['Rod CAVANAGH (SNP)'],['Rod CAVANAGH (SNP)'],['Rod CAVANAGH (SNP)'],['Rod CAVANAGH (SNP)'],['Rod CAVANAGH (SNP)'],['Rod CAVANAGH (SNP)'],['Rod CAVANAGH (SNP)'],['IAN JOHN CAMERON (Lab)'],['Rod CAVANAGH (SNP)']
"raw_data/scotland/processed_data/fife17-ballots/Ward22-Buckhaven,Methil&WemyssVillages_fife17-22.csv",7,['Ken CALDWELL (SNP)'],['David GRAHAM (Lab)'],['David GRAHAM (Lab)'],['David GRAHAM (Lab)'],['David GRAHAM (Lab)'],['David GRAHAM (Lab)'],['David GRAHAM (Lab)'],['David GRAHAM (Lab)'],['David GRAHAM (Lab)'],['David GRAHAM (Lab)'],['David GRAHAM (Lab)'],['David GRAHAM (Lab)'],['David GRAHAM (Lab)'],['David GRAHAM (Lab)'],['David GRAHAM (Lab)'],['Ken CALDWELL (SNP)'],['David GRAHAM (Lab)'],['David GRAHAM (Lab)'],['David GRAHAM (Lab)'],['David GRAHAM (Lab)'],['David GRAHAM (Lab)'],['David GRAHAM (Lab)'],['David GRAHAM (Lab)'],['David GRAHAM (Lab)'],['David GRAHAM (Lab)'],['David GRAHAM (Lab)'],['David GRAHAM (Lab)'],['David GRAHAM (Lab)'],['David GRAHAM (Lab)'],['David GRAHAM (Lab)']
raw_data/scotland/processed_data/fife17-ballots/Ward5-Rosyth_fife17-05.csv,8,['Samantha STEELE (SNP)'],['Samantha STEELE (SNP)'],['Samantha STEELE (SNP)'],['Samantha STEELE (SNP)'],['Samantha STEELE (SNP)'],['Samantha STEELE (SNP)'],['Samantha STEELE (SNP)'],['Samantha STEELE (SNP)'],['Samantha STEELE (SNP)'],['Samantha STEELE (SNP)'],['Samantha STEELE (SNP)'],['Samantha STEELE (SNP)'],['Samantha STEELE (SNP)'],['Samantha STEELE (SNP)'],['Samantha STEELE (SNP)'],['Samantha STEELE (SNP)'],['Samantha STEELE (SNP)'],['Samantha STEELE (SNP)'],['Samantha STEELE (SNP)'],['Samantha STEELE (SNP)'],['Samantha STEELE (SNP)'],['Samantha STEELE (SNP)'],['Samantha STEELE (SNP)'],['Samantha STEELE (SNP)'],['Samantha STEELE (SNP)'],['Samantha STEELE (SNP)'],['Samantha STEELE (SNP)'],['Samantha STEELE (SNP)'],['Samantha STEELE (SNP)'],['Samantha STEELE (SNP)']
"raw_data/scotland/processed_data/fife17-ballots/Ward9-Burntisland,Kinghorn&WesternKirkcaldy_fife17-09.csv",8,['Lesley BACKHOUSE (SNP)'],['Lesley BACKHOUSE (SNP)'],['Lesley BACKHOUSE (SNP)'],['SUSAN LESLIE (LD)'],['Lesley BACKHOUSE (SNP)'],['Lesley BACKHOUSE (SNP)'],['Lesley BACKHOUSE (SNP)'],['Lesley BACKHOUSE (SNP)'],['Lesley BACKHOUSE (SNP)'],['Lesley BACKHOUSE (SNP)'],['Lesley BACKHOUSE (SNP)'],['Lesley BACKHOUSE (SNP)'],['Lesley BACKHOUSE (SNP)'],['SUSAN LESLIE (LD)'],['Lesley BACKHOUSE (SNP)'],['Lesley BACKHOUSE (SNP)'],['Lesley BACKHOUSE (SNP)'],['Lesley BACKHOUSE (SNP)'],['Lesley BACKHOUSE (SNP)'],['SUSAN LESLIE (LD)'],['Lesley BACKHOUSE (SNP)'],['Lesley BACKHOUSE (SNP)'],['Lesley BACKHOUSE (SNP)'],['Lesley BACKHOUSE (SNP)'],['Lesley BACKHOUSE (SNP)'],['Lesley BACKHOUSE (SNP)'],['Lesley BACKHOUSE (SNP)'],['Lesley BACKHOUSE (SNP)'],['SUSAN LESLIE (LD)'],['Lesley BACKHOUSE (SNP)']
raw_data/scotland/processed_data/fife17-ballots/Ward2-DunfermlineNorth_fife17-02.csv,5,['Ian FERGUSON (SNP)'],['Helen LAW (Lab)'],['Helen LAW (Lab)'],['Helen LAW (Lab)'],['Helen LAW (Lab)'],['Helen LAW (Lab)'],['Helen LAW (Lab)'],['Helen LAW (Lab)'],['Helen LAW (Lab)'],['Helen LAW (Lab)'],['Helen LAW (Lab)'],['Helen LAW (Lab)'],['Helen LAW (Lab)'],['Helen LAW (Lab)'],['Helen LAW (Lab)'],['Ian FERGUSON (SNP)'],['Helen LAW (Lab)'],['Helen LAW (Lab)'],['Helen LAW (Lab)'],['Helen LAW (Lab)'],['Helen LAW (Lab)'],['Helen LAW (Lab)'],['Helen LAW (Lab)'],['Helen LAW (Lab)'],['Helen LAW (Lab)'],['Helen LAW (Lab)'],['Helen LAW (Lab)'],['Helen LAW (Lab)'],['Helen LAW (Lab)'],['Helen LAW (Lab)']
raw_data/scotland/processed_data/fife17-ballots/Ward11-KirkcaldyCentral_fife17-11.csv,7,['Zoe HISBENT (SNP)'],['Judy HAMILTON (Lab)'],['Judy HAMILTON (Lab)'],['Judy HAMILTON (Lab)'],['Judy HAMILTON (Lab)'],['Judy HAMILTON (Lab)'],['Judy HAMILTON (Lab)'],['Judy HAMILTON (Lab)'],['Judy HAMILTON (Lab)'],['Judy HAMILTON (Lab)'],['Judy HAMILTON (Lab)'],['Judy HAMILTON (Lab)'],['Judy HAMILTON (Lab)'],['Judy HAMILTON (Lab)'],['Judy HAMILTON (Lab)'],['Judy HAMILTON (Lab)'],['Judy HAMILTON (Lab)'],['Judy HAMILTON (Lab)'],['Judy HAMILTON (Lab)'],['Judy HAMILTON (Lab)'],['Judy HAMILTON (Lab)'],['Judy HAMILTON (Lab)'],['Judy HAMILTON (Lab)'],['Judy HAMILTON (Lab)'],['Judy HAMILTON (Lab)'],['Judy HAMILTON (Lab)'],['Judy HAMILTON (Lab)'],['Judy HAMILTON (Lab)'],['Judy HAMILTON (Lab)'],['Judy HAMILTON (Lab)']
"raw_data/scotland/processed_data/fife17-ballots/Ward14-GlenrothesNorth,Leslie&Markinch_fife17-14.csv",7,['Fiona GRANT (SNP)'],['Fiona GRANT (SNP)'],['Fiona GRANT (SNP)'],['Fiona GRANT (SNP)'],['Fiona GRANT (SNP)'],['Fiona GRANT (SNP)'],['Fiona GRANT (SNP)'],['Fiona GRANT (SNP)'],['Fiona GRANT (SNP)'],['Fiona GRANT (SNP)'],['Fiona GRANT (SNP)'],['Fiona GRANT (SNP)'],['Fiona GRANT (SNP)'],['Fiona GRANT (SNP)'],['Fiona GRANT (SNP)'],['Fiona GRANT (SNP)'],['Fiona GRANT (SNP)'],['Fiona GRANT (SNP)'],['Fiona GRANT (SNP)'],['Fiona GRANT (SNP)'],['Fiona GRANT (SNP)'],['Fiona GRANT (SNP)'],['Fiona GRANT (SNP)'],['Fiona GRANT (SNP)'],['Fiona GRANT (SNP)'],['Fiona GRANT (SNP)'],['Fiona GRANT (SNP)'],['Fiona GRANT (SNP)'],['Fiona GRANT (SNP)'],['Fiona GRANT (SNP)']
raw_data/scotland/processed_data/fife17-ballots/Ward6-Inverkeithing&DalgetyBay_fife17-06.csv,6,['Dave DEMPSEY (Con)'],['Dave DEMPSEY (Con)'],['Dave DEMPSEY (Con)'],['Dave DEMPSEY (Con)'],['Dave DEMPSEY (Con)'],['Dave DEMPSEY (Con)'],['Dave DEMPSEY (Con)'],['Dave DEMPSEY (Con)'],['Dave DEMPSEY (Con)'],['Dave DEMPSEY (Con)'],['Dave DEMPSEY (Con)'],['Dave DEMPSEY (Con)'],['Dave DEMPSEY (Con)'],['Dave DEMPSEY (Con)'],['Dave DEMPSEY (Con)'],['Dave DEMPSEY (Con)'],['Dave DEMPSEY (Con)'],['Dave DEMPSEY (Con)'],['Dave DEMPSEY (Con)'],['Dave DEMPSEY (Con)'],['Dave DEMPSEY (Con)'],['Dave DEMPSEY (Con)'],['Dave DEMPSEY (Con)'],['Dave DEMPSEY (Con)'],['Dave DEMPSEY (Con)'],['Dave DEMPSEY (Con)'],['Dave DEMPSEY (Con)'],['Dave DEMPSEY (Con)'],['Dave DEMPSEY (Con)'],['Dave DEMPSEY (Con)']
raw_data/scotland/processed_data/fife17-ballots/Ward7-Cowdenbeath_fife17-07.csv,5,['Alex CAMPBELL (Lab)'],['Alex CAMPBELL (Lab)'],['Alex CAMPBELL (Lab)'],['Alex CAMPBELL (Lab)'],['Alex CAMPBELL (Lab)'],['Alex CAMPBELL (Lab)'],['Alex CAMPBELL (Lab)'],['Alex CAMPBELL (Lab)'],['Alex CAMPBELL (Lab)'],['Alex CAMPBELL (Lab)'],['Alex CAMPBELL (Lab)'],['Alex CAMPBELL (Lab)'],['Alex CAMPBELL (Lab)'],['Alex CAMPBELL (Lab)'],['Alex CAMPBELL (Lab)'],['Alex CAMPBELL (Lab)'],['Alex CAMPBELL (Lab)'],['Alex CAMPBELL (Lab)'],['Alex CAMPBELL (Lab)'],['Alex CAMPBELL (Lab)'],['Alex CAMPBELL (Lab)'],['Alex CAMPBELL (Lab)'],['Alex CAMPBELL (Lab)'],['Alex CAMPBELL (Lab)'],['Alex CAMPBELL (Lab)'],['Alex CAMPBELL (Lab)'],['Alex CAMPBELL (Lab)'],['Alex CAMPBELL (Lab)'],['Alex CAMPBELL (Lab)'],['Alex CAMPBELL (Lab)']
raw_data/scotland/processed_data/fife17-ballots/Ward13-GlenrothesWest&Kinglassie_fife17-13.csv,7,['Julie FORD (SNP)'],['Julie FORD (SNP)'],['Julie FORD (SNP)'],['Julie FORD (SNP)'],['Julie FORD (SNP)'],['Julie FORD (SNP)'],['Julie FORD (SNP)'],['Julie FORD (SNP)'],['Julie FORD (SNP)'],['Julie FORD (SNP)'],['Julie FORD (SNP)'],['Julie FORD (SNP)'],['Julie FORD (SNP)'],['Julie FORD (SNP)'],['Julie FORD (SNP)'],['Julie FORD (SNP)'],['Julie FORD (SNP)'],['Julie FORD (SNP)'],['Julie FORD (SNP)'],['Julie FORD (SNP)'],['Julie FORD (SNP)'],['Julie FORD (SNP)'],['Julie FORD (SNP)'],['Julie FORD (SNP)'],['Julie FORD (SNP)'],['Julie FORD (SNP)'],['Julie FORD (SNP)'],['Julie FORD (SNP)'],['Julie FORD (SNP)'],['Julie FORD (SNP)']
"raw_data/scotland/processed_data/fife17-ballots/Ward21-Leven,Kennoway&Largo_fife17-21.csv",6,['David ALEXANDER (SNP)'],['David ALEXANDER (SNP)'],['David ALEXANDER (SNP)'],['David ALEXANDER (SNP)'],['David ALEXANDER (SNP)'],['David ALEXANDER (SNP)'],['David ALEXANDER (SNP)'],['David ALEXANDER (SNP)'],['David ALEXANDER (SNP)'],['David ALEXANDER (SNP)'],['David ALEXANDER (SNP)'],['David ALEXANDER (SNP)'],['David ALEXANDER (SNP)'],['Colin DAVIDSON (Lab)'],['David ALEXANDER (SNP)'],['David ALEXANDER (SNP)'],['David ALEXANDER (SNP)'],['David ALEXANDER (SNP)'],['David ALEXANDER (SNP)'],['Colin DAVIDSON (Lab)'],['David ALEXANDER (SNP)'],['David ALEXANDER (SNP)'],['David ALEXANDER (SNP)'],['David ALEXANDER (SNP)'],['David ALEXANDER (SNP)'],['David ALEXANDER (SNP)'],['David ALEXANDER (SNP)'],['David ALEXANDER (SNP)'],['Colin DAVIDSON (Lab)'],['David ALEXANDER (SNP)']
raw_data/scotland/processed_data/fife17-ballots/Ward18-StAndrews_fife17-18.csv,8,['Jane Ann LISTON (LD)'],['Jane Ann LISTON (LD)'],['Jane Ann LISTON (LD)'],['Jane Ann LISTON (LD)'],['Jane Ann LISTON (LD)'],['Jane Ann LISTON (LD)'],['Jane Ann LISTON (LD)'],['Jane Ann LISTON (LD)'],['Jane Ann LISTON (LD)'],['Jane Ann LISTON (LD)'],['Jane Ann LISTON (LD)'],['Jane Ann LISTON (LD)'],['Jane Ann LISTON (LD)'],['Jane Ann LISTON (LD)'],['Jane Ann LISTON (LD)'],['Jane Ann LISTON (LD)'],['Jane Ann LISTON (LD)'],['Jane Ann LISTON (LD)'],['Jane Ann LISTON (LD)'],['Jane Ann LISTON (LD)'],['Jane Ann LISTON (LD)'],['Jane Ann LISTON (LD)'],['Jane Ann LISTON (LD)'],['Jane Ann LISTON (LD)'],['Jane Ann LISTON (LD)'],['Jane Ann LISTON (LD)'],['Jane Ann LISTON (LD)'],['Jane Ann LISTON (LD)'],['Jane Ann LISTON (LD)'],['Jane Ann LISTON (LD)']
raw_data/scotland/processed_data/e-renfs12-ballots/BusbyClarkstonandEagleshamWard_e-renfs12-06.csv,5,['Stewart MILLER (Con)'],['Alan LAFFERTY (Lab)'],['Alan LAFFERTY (Lab)'],['Alan LAFFERTY (Lab)'],['Alan LAFFERTY (Lab)'],['Alan LAFFERTY (Lab)'],['Alan LAFFERTY (Lab)'],['Alan LAFFERTY (Lab)'],['Alan LAFFERTY (Lab)'],['Alan LAFFERTY (Lab)'],['Alan LAFFERTY (Lab)'],['Alan LAFFERTY (Lab)'],['Alan LAFFERTY (Lab)'],['Alan LAFFERTY (Lab)'],['Alan LAFFERTY (Lab)'],['Stewart MILLER (Con)'],['Alan LAFFERTY (Lab)'],['Alan LAFFERTY (Lab)'],['Alan LAFFERTY (Lab)'],['Alan LAFFERTY (Lab)'],['Alan LAFFERTY (Lab)'],['Alan LAFFERTY (Lab)'],['Alan LAFFERTY (Lab)'],['Alan LAFFERTY (Lab)'],['Alan LAFFERTY (Lab)'],['Alan LAFFERTY (Lab)'],['Alan LAFFERTY (Lab)'],['Alan LAFFERTY (Lab)'],['Alan LAFFERTY (Lab)'],['Alan LAFFERTY (Lab)']
raw_data/scotland/processed_data/e-renfs12-ballots/NewtonMearnsSouthWard_e-renfs12-05.csv,5,['Jim SWIFT (Con)'],['Jim SWIFT (Con)'],['Jim SWIFT (Con)'],['Jim SWIFT (Con)'],['Jim SWIFT (Con)'],['Jim SWIFT (Con)'],['Jim SWIFT (Con)'],['Jim SWIFT (Con)'],['Jim SWIFT (Con)'],['Jim SWIFT (Con)'],['Jim SWIFT (Con)'],['Jim SWIFT (Con)'],['Jim SWIFT (Con)'],['Jim SWIFT (Con)'],['Jim SWIFT (Con)'],['Jim SWIFT (Con)'],['Jim SWIFT (Con)'],['Jim SWIFT (Con)'],['Jim SWIFT (Con)'],['Jim SWIFT (Con)'],['Jim SWIFT (Con)'],['Jim SWIFT (Con)'],['Jim SWIFT (Con)'],['Jim SWIFT (Con)'],['Jim SWIFT (Con)'],['Jim SWIFT (Con)'],['Jim SWIFT (Con)'],['Jim SWIFT (Con)'],['Jim SWIFT (Con)'],['Jim SWIFT (Con)']
raw_data/scotland/processed_data/e-renfs12-ballots/BarrheadWard_e-renfs12-02.csv,6,['Danny DEVLIN (Ind)'],['Danny DEVLIN (Ind)'],['Danny DEVLIN (Ind)'],['Danny DEVLIN (Ind)'],['Danny DEVLIN (Ind)'],['Danny DEVLIN (Ind)'],['Danny DEVLIN (Ind)'],['Danny DEVLIN (Ind)'],['Danny DEVLIN (Ind)'],['Danny DEVLIN (Ind)'],['Danny DEVLIN (Ind)'],['Danny DEVLIN (Ind)'],['Danny DEVLIN (Ind)'],['Danny DEVLIN (Ind)'],['Danny DEVLIN (Ind)'],['Danny DEVLIN (Ind)'],['Danny DEVLIN (Ind)'],['Danny DEVLIN (Ind)'],['Danny DEVLIN (Ind)'],['Danny DEVLIN (Ind)'],['Danny DEVLIN (Ind)'],['Danny DEVLIN (Ind)'],['Danny DEVLIN (Ind)'],['Danny DEVLIN (Ind)'],['Danny DEVLIN (Ind)'],['Danny DEVLIN (Ind)'],['Danny DEVLIN (Ind)'],['Danny DEVLIN (Ind)'],['Danny DEVLIN (Ind)'],['Danny DEVLIN (Ind)']
raw_data/scotland/processed_data/e-renfs12-ballots/NeilstonUplawmoorandNewtonMearnsNorthWard_e-renfs12-01.csv,6,['Charlie GILBERT (Con)'],['Elaine GREEN (Lab)'],['Elaine GREEN (Lab)'],['Elaine GREEN (Lab)'],['Elaine GREEN (Lab)'],['Elaine GREEN (Lab)'],['Elaine GREEN (Lab)'],['Elaine GREEN (Lab)'],['Elaine GREEN (Lab)'],['Elaine GREEN (Lab)'],['Elaine GREEN (Lab)'],['Elaine GREEN (Lab)'],['Elaine GREEN (Lab)'],['Elaine GREEN (Lab)'],['Elaine GREEN (Lab)'],['Charlie GILBERT (Con)'],['Elaine GREEN (Lab)'],['Elaine GREEN (Lab)'],['Elaine GREEN (Lab)'],['Elaine GREEN (Lab)'],['Elaine GREEN (Lab)'],['Elaine GREEN (Lab)'],['Elaine GREEN (Lab)'],['Elaine GREEN (Lab)'],['Elaine GREEN (Lab)'],['Elaine GREEN (Lab)'],['Elaine GREEN (Lab)'],['Elaine GREEN (Lab)'],['Elaine GREEN (Lab)'],['Elaine GREEN (Lab)']
raw_data/scotland/processed_data/e-renfs12-ballots/NetherleeStamperlandandWilliamwoodWard_e-renfs12-04.csv,5,['Mary MONTAGUE (Lab)'],['Ralph ROBERTSON (Ind)'],['Ralph ROBERTSON (Ind)'],['Ralph ROBERTSON (Ind)'],['Ralph ROBERTSON (Ind)'],['Ralph ROBERTSON (Ind)'],['Ralph ROBERTSON (Ind)'],['Ralph ROBERTSON (Ind)'],['Ralph ROBERTSON (Ind)'],['Ralph ROBERTSON (Ind)'],['Ralph ROBERTSON (Ind)'],['Ralph ROBERTSON (Ind)'],['Ralph ROBERTSON (Ind)'],['Ralph ROBERTSON (Ind)'],['Ralph ROBERTSON (Ind)'],['Mary MONTAGUE (Lab)'],['Ralph ROBERTSON (Ind)'],['Ralph ROBERTSON (Ind)'],['Ralph ROBERTSON (Ind)'],['Ralph ROBERTSON (Ind)'],['Ralph ROBERTSON (Ind)'],['Ralph ROBERTSON (Ind)'],['Ralph ROBERTSON (Ind)'],['Ralph ROBERTSON (Ind)'],['Ralph ROBERTSON (Ind)'],['Ralph ROBERTSON (Ind)'],['Ralph ROBERTSON (Ind)'],['Ralph ROBERTSON (Ind)'],['Ralph ROBERTSON (Ind)'],['Ralph ROBERTSON (Ind)']
raw_data/scotland/processed_data/e-renfs12-ballots/GiffnockandThornliebankWard_e-renfs12-03.csv,5,['Jim FLETCHER (Lab)'],['Jim FLETCHER (Lab)'],['Jim FLETCHER (Lab)'],['Jim FLETCHER (Lab)'],['Jim FLETCHER (Lab)'],['Jim FLETCHER (Lab)'],['Jim FLETCHER (Lab)'],['Jim FLETCHER (Lab)'],['Jim FLETCHER (Lab)'],['Jim FLETCHER (Lab)'],['Jim FLETCHER (Lab)'],['Jim FLETCHER (Lab)'],['Jim FLETCHER (Lab)'],['Jim FLETCHER (Lab)'],['Jim FLETCHER (Lab)'],['Jim FLETCHER (Lab)'],['Jim FLETCHER (Lab)'],['Jim FLETCHER (Lab)'],['Jim FLETCHER (Lab)'],['Jim FLETCHER (Lab)'],['Jim FLETCHER (Lab)'],['Jim FLETCHER (Lab)'],['Jim FLETCHER (Lab)'],['Jim FLETCHER (Lab)'],['Jim FLETCHER (Lab)'],['Jim FLETCHER (Lab)'],['Jim FLETCHER (Lab)'],['Jim FLETCHER (Lab)'],['Jim FLETCHER (Lab)'],['Jim FLETCHER (Lab)']
raw_data/scotland/processed_data/e-lothian17-ballots/DunbarandEastLinton_e-lothian17-06.csv,5,['Sue KEMPSON (Con)'],['Sue KEMPSON (Con)'],['Norman HAMPSHIRE (Lab)'],['Norman HAMPSHIRE (Lab)'],['Norman HAMPSHIRE (Lab)'],['Norman HAMPSHIRE (Lab)'],['Norman HAMPSHIRE (Lab)'],['Norman HAMPSHIRE (Lab)'],['Norman HAMPSHIRE (Lab)'],['Norman HAMPSHIRE (Lab)'],['Norman HAMPSHIRE (Lab)'],['Norman HAMPSHIRE (Lab)'],['Norman HAMPSHIRE (Lab)'],['Norman HAMPSHIRE (Lab)'],['Norman HAMPSHIRE (Lab)'],['Sue KEMPSON (Con)'],['Sue KEMPSON (Con)'],['Norman HAMPSHIRE (Lab)'],['Norman HAMPSHIRE (Lab)'],['Norman HAMPSHIRE (Lab)'],['Norman HAMPSHIRE (Lab)'],['Norman HAMPSHIRE (Lab)'],['Norman HAMPSHIRE (Lab)'],['Norman HAMPSHIRE (Lab)'],['Norman HAMPSHIRE (Lab)'],['Norman HAMPSHIRE (Lab)'],['Norman HAMPSHIRE (Lab)'],['Norman HAMPSHIRE (Lab)'],['Norman HAMPSHIRE (Lab)'],['Norman HAMPSHIRE (Lab)']
raw_data/scotland/processed_data/e-lothian17-ballots/NorthBerwickCoastal_e-lothian17-04.csv,5,['Jeremy FINDLAY (Con)'],['Jeremy FINDLAY (Con)'],['Jeremy FINDLAY (Con)'],['Jeremy FINDLAY (Con)'],['Jim GOODFELLOW (Lab)'],['Jeremy FINDLAY (Con)'],['Jeremy FINDLAY (Con)'],['Jeremy FINDLAY (Con)'],['Jeremy FINDLAY (Con)'],['Jeremy FINDLAY (Con)'],['Jeremy FINDLAY (Con)'],['Jeremy FINDLAY (Con)'],['Jeremy FINDLAY (Con)'],['Jeremy FINDLAY (Con)'],['Jeremy FINDLAY (Con)'],['Jeremy FINDLAY (Con)'],['Jeremy FINDLAY (Con)'],['Jeremy FINDLAY (Con)'],['Jeremy FINDLAY (Con)'],['Jim GOODFELLOW (Lab)'],['Jeremy FINDLAY (Con)'],['Jeremy FINDLAY (Con)'],['Jeremy FINDLAY (Con)'],['Jeremy FINDLAY (Con)'],['Jeremy FINDLAY (Con)'],['Jeremy FINDLAY (Con)'],['Jeremy FINDLAY (Con)'],['Jeremy FINDLAY (Con)'],['Jeremy FINDLAY (Con)'],['Jeremy FINDLAY (Con)']
"raw_data/scotland/processed_data/e-lothian17-ballots/Preston,SetonandGosford_e-lothian17-02.csv",5,['Willie INNES (Lab)'],['Willie INNES (Lab)'],['Willie INNES (Lab)'],['Willie INNES (Lab)'],['Willie INNES (Lab)'],['Willie INNES (Lab)'],['Willie INNES (Lab)'],['Willie INNES (Lab)'],['Willie INNES (Lab)'],['Willie INNES (Lab)'],['Willie INNES (Lab)'],['Willie INNES (Lab)'],['Willie INNES (Lab)'],['Willie INNES (Lab)'],['Willie INNES (Lab)'],['Willie INNES (Lab)'],['Willie INNES (Lab)'],['Willie INNES (Lab)'],['Willie INNES (Lab)'],['Willie INNES (Lab)'],['Willie INNES (Lab)'],['Willie INNES (Lab)'],['Willie INNES (Lab)'],['Willie INNES (Lab)'],['Willie INNES (Lab)'],['Willie INNES (Lab)'],['Willie INNES (Lab)'],['Willie INNES (Lab)'],['Willie INNES (Lab)'],['Willie INNES (Lab)']
"raw_data/scotland/processed_data/e-lothian17-ballots/Tranent,WallyfordandMacmerry_e-lothian17-03.csv",5,['Fiona DUGDALE (Lab)'],['Fiona DUGDALE (Lab)'],['Fiona DUGDALE (Lab)'],['Fiona DUGDALE (Lab)'],['Fiona DUGDALE (Lab)'],['Fiona DUGDALE (Lab)'],['Fiona DUGDALE (Lab)'],['Fiona DUGDALE (Lab)'],['Fiona DUGDALE (Lab)'],['Fiona DUGDALE (Lab)'],['Fiona DUGDALE (Lab)'],['Fiona DUGDALE (Lab)'],['Fiona DUGDALE (Lab)'],['Fiona DUGDALE (Lab)'],['Fiona DUGDALE (Lab)'],['Fiona DUGDALE (Lab)'],['Fiona DUGDALE (Lab)'],['Fiona DUGDALE (Lab)'],['Fiona DUGDALE (Lab)'],['Fiona DUGDALE (Lab)'],['Fiona DUGDALE (Lab)'],['Fiona DUGDALE (Lab)'],['Fiona DUGDALE (Lab)'],['Fiona DUGDALE (Lab)'],['Fiona DUGDALE (Lab)'],['Fiona DUGDALE (Lab)'],['Fiona DUGDALE (Lab)'],['Fiona DUGDALE (Lab)'],['Fiona DUGDALE (Lab)'],['Fiona DUGDALE (Lab)']
raw_data/scotland/processed_data/e-lothian17-ballots/Musselburgh_e-lothian17-01.csv,7,['Stuart McDonald CURRIE (SNP)'],['Stuart McDonald CURRIE (SNP)'],['Stuart McDonald CURRIE (SNP)'],['Stuart McDonald CURRIE (SNP)'],['Stuart McDonald CURRIE (SNP)'],['Stuart McDonald CURRIE (SNP)'],['Stuart McDonald CURRIE (SNP)'],['Stuart McDonald CURRIE (SNP)'],['Stuart McDonald CURRIE (SNP)'],['Stuart McDonald CURRIE (SNP)'],['Stuart McDonald CURRIE (SNP)'],['Stuart McDonald CURRIE (SNP)'],['Stuart McDonald CURRIE (SNP)'],['Andy FORREST (Lab)'],['Stuart McDonald CURRIE (SNP)'],['Stuart McDonald CURRIE (SNP)'],['Stuart McDonald CURRIE (SNP)'],['Stuart McDonald CURRIE (SNP)'],['Stuart McDonald CURRIE (SNP)'],['Stuart McDonald CURRIE (SNP)'],['Stuart McDonald CURRIE (SNP)'],['Stuart McDonald CURRIE (SNP)'],['Stuart McDonald CURRIE (SNP)'],['Stuart McDonald CURRIE (SNP)'],['Stuart McDonald CURRIE (SNP)'],['Stuart McDonald CURRIE (SNP)'],['Stuart McDonald CURRIE (SNP)'],['Stuart McDonald CURRIE (SNP)'],['Andy FORREST (Lab)'],['Stuart McDonald CURRIE (SNP)']
raw_data/scotland/processed_data/e-lothian17-ballots/HaddingtonandLammermuir_e-lothian17-05.csv,5,['John MCMILLAN (Lab)'],['John MCMILLAN (Lab)'],['John MCMILLAN (Lab)'],['John MCMILLAN (Lab)'],['John MCMILLAN (Lab)'],['John MCMILLAN (Lab)'],['John MCMILLAN (Lab)'],['John MCMILLAN (Lab)'],['John MCMILLAN (Lab)'],['John MCMILLAN (Lab)'],['John MCMILLAN (Lab)'],['John MCMILLAN (Lab)'],['John MCMILLAN (Lab)'],['John MCMILLAN (Lab)'],['John MCMILLAN (Lab)'],['John MCMILLAN (Lab)'],['John MCMILLAN (Lab)'],['John MCMILLAN (Lab)'],['John MCMILLAN (Lab)'],['John MCMILLAN (Lab)'],['John MCMILLAN (Lab)'],['John MCMILLAN (Lab)'],['John MCMILLAN (Lab)'],['John MCMILLAN (Lab)'],['John MCMILLAN (Lab)'],['John MCMILLAN (Lab)'],['John MCMILLAN (Lab)'],['John MCMILLAN (Lab)'],['John MCMILLAN (Lab)'],['John MCMILLAN (Lab)']
"raw_data/scotland/processed_data/w-duns22/Ward2-Leven_west dunbartonshire,2022,ward 2.csv",6,['Ian DICKSON (SNP)'],['John Kelly MILLAR (Lab)'],['John Kelly MILLAR (Lab)'],['John Kelly MILLAR (Lab)'],['Ian DICKSON (SNP)'],['John Kelly MILLAR (Lab)'],['John Kelly MILLAR (Lab)'],['John Kelly MILLAR (Lab)'],['John Kelly MILLAR (Lab)'],['John Kelly MILLAR (Lab)'],['John Kelly MILLAR (Lab)'],['John Kelly MILLAR (Lab)'],['John Kelly MILLAR (Lab)'],['John Kelly MILLAR (Lab)'],['John Kelly MILLAR (Lab)'],['Ian DICKSON (SNP)'],['John Kelly MILLAR (Lab)'],['John Kelly MILLAR (Lab)'],['John Kelly MILLAR (Lab)'],['John Kelly MILLAR (Lab)'],['John Kelly MILLAR (Lab)'],['John Kelly MILLAR (Lab)'],['John Kelly MILLAR (Lab)'],['John Kelly MILLAR (Lab)'],['John Kelly MILLAR (Lab)'],['John Kelly MILLAR (Lab)'],['John Kelly MILLAR (Lab)'],['John Kelly MILLAR (Lab)'],['John Kelly MILLAR (Lab)'],['John Kelly MILLAR (Lab)']
"raw_data/scotland/processed_data/w-duns22/Ward5-ClydebankCentral_west dunbartonshire,2022,ward 5.csv",3,['Diane DOCHERTY (SNP)'],['Diane DOCHERTY (SNP)'],['Diane DOCHERTY (SNP)'],['Diane DOCHERTY (SNP)'],['Diane DOCHERTY (SNP)'],['Diane DOCHERTY (SNP)'],['Diane DOCHERTY (SNP)'],['Diane DOCHERTY (SNP)'],['Diane DOCHERTY (SNP)'],['Diane DOCHERTY (SNP)'],['Diane DOCHERTY (SNP)'],['Diane DOCHERTY (SNP)'],['Diane DOCHERTY (SNP)'],['Diane DOCHERTY (SNP)'],['Diane DOCHERTY (SNP)'],['Diane DOCHERTY (SNP)'],['Diane DOCHERTY (SNP)'],['Diane DOCHERTY (SNP)'],['Diane DOCHERTY (SNP)'],['Diane DOCHERTY (SNP)'],['Diane DOCHERTY (SNP)'],['Diane DOCHERTY (SNP)'],['Diane DOCHERTY (SNP)'],['Diane DOCHERTY (SNP)'],['Diane DOCHERTY (SNP)'],['Diane DOCHERTY (SNP)'],['Diane DOCHERTY (SNP)'],['Diane DOCHERTY (SNP)'],['Diane DOCHERTY (SNP)'],['Diane DOCHERTY (SNP)']
"raw_data/scotland/processed_data/w-duns22/Ward6-ClydebankWaterfront_west dunbartonshire,2022,ward 6.csv",4,['James MCELHILL (SNP)'],['James MCELHILL (SNP)'],['James MCELHILL (SNP)'],['James MCELHILL (SNP)'],['Daniel LENNIE (Lab)'],['James MCELHILL (SNP)'],['James MCELHILL (SNP)'],['James MCELHILL (SNP)'],['James MCELHILL (SNP)'],['James MCELHILL (SNP)'],['James MCELHILL (SNP)'],['James MCELHILL (SNP)'],['James MCELHILL (SNP)'],['James MCELHILL (SNP)'],['James MCELHILL (SNP)'],['James MCELHILL (SNP)'],['James MCELHILL (SNP)'],['James MCELHILL (SNP)'],['James MCELHILL (SNP)'],['Daniel LENNIE (Lab)'],['James MCELHILL (SNP)'],['James MCELHILL (SNP)'],['James MCELHILL (SNP)'],['James MCELHILL (SNP)'],['James MCELHILL (SNP)'],['James MCELHILL (SNP)'],['James MCELHILL (SNP)'],['James MCELHILL (SNP)'],['James MCELHILL (SNP)'],['James MCELHILL (SNP)']
"raw_data/scotland/processed_data/w-duns22/Ward1-Lomond_west dunbartonshire,2022,ward 1.csv",4,['Jonathan MCCOLL (SNP)'],['Martin ROONEY (Lab)'],['Martin ROONEY (Lab)'],['Martin ROONEY (Lab)'],['Martin ROONEY (Lab)'],['Martin ROONEY (Lab)'],['Martin ROONEY (Lab)'],['Martin ROONEY (Lab)'],['Martin ROONEY (Lab)'],['Martin ROONEY (Lab)'],['Martin ROONEY (Lab)'],['Martin ROONEY (Lab)'],['Martin ROONEY (Lab)'],['Martin ROONEY (Lab)'],['Martin ROONEY (Lab)'],['Jonathan MCCOLL (SNP)'],['Martin ROONEY (Lab)'],['Martin ROONEY (Lab)'],['Martin ROONEY (Lab)'],['Martin ROONEY (Lab)'],['Martin ROONEY (Lab)'],['Martin ROONEY (Lab)'],['Martin ROONEY (Lab)'],['Martin ROONEY (Lab)'],['Martin ROONEY (Lab)'],['Martin ROONEY (Lab)'],['Martin ROONEY (Lab)'],['Martin ROONEY (Lab)'],['Martin ROONEY (Lab)'],['Martin ROONEY (Lab)']
"raw_data/scotland/processed_data/w-duns22/Ward3-Dumbarton_west dunbartonshire,2022,ward 3.csv",7,['David MCBRIDE (Lab)'],['David MCBRIDE (Lab)'],['David MCBRIDE (Lab)'],['David MCBRIDE (Lab)'],['David MCBRIDE (Lab)'],['David MCBRIDE (Lab)'],['David MCBRIDE (Lab)'],['David MCBRIDE (Lab)'],['David MCBRIDE (Lab)'],['David MCBRIDE (Lab)'],['David MCBRIDE (Lab)'],['David MCBRIDE (Lab)'],['David MCBRIDE (Lab)'],['David MCBRIDE (Lab)'],['David MCBRIDE (Lab)'],['David MCBRIDE (Lab)'],['David MCBRIDE (Lab)'],['David MCBRIDE (Lab)'],['David MCBRIDE (Lab)'],['David MCBRIDE (Lab)'],['David MCBRIDE (Lab)'],['David MCBRIDE (Lab)'],['David MCBRIDE (Lab)'],['David MCBRIDE (Lab)'],['David MCBRIDE (Lab)'],['David MCBRIDE (Lab)'],['David MCBRIDE (Lab)'],['David MCBRIDE (Lab)'],['David MCBRIDE (Lab)'],['David MCBRIDE (Lab)']
"raw_data/scotland/processed_data/w-duns22/Ward4-Kilpatrick_west dunbartonshire,2022,ward 4.csv",3,['Douglas MCALLISTER (Lab)'],['Douglas MCALLISTER (Lab)'],['Douglas MCALLISTER (Lab)'],['Douglas MCALLISTER (Lab)'],['Douglas MCALLISTER (Lab)'],['Douglas MCALLISTER (Lab)'],['Douglas MCALLISTER (Lab)'],['Douglas MCALLISTER (Lab)'],['Douglas MCALLISTER (Lab)'],['Douglas MCALLISTER (Lab)'],['Douglas MCALLISTER (Lab)'],['Douglas MCALLISTER (Lab)'],['Douglas MCALLISTER (Lab)'],['Douglas MCALLISTER (Lab)'],['Douglas MCALLISTER (Lab)'],['Douglas MCALLISTER (Lab)'],['Douglas MCALLISTER (Lab)'],['Douglas MCALLISTER (Lab)'],['Douglas MCALLISTER (Lab)'],['Douglas MCALLISTER (Lab)'],['Douglas MCALLISTER (Lab)'],['Douglas MCALLISTER (Lab)'],['Douglas MCALLISTER (Lab)'],['Douglas MCALLISTER (Lab)'],['Douglas MCALLISTER (Lab)'],['Douglas MCALLISTER (Lab)'],['Douglas MCALLISTER (Lab)'],['Douglas MCALLISTER (Lab)'],['Douglas MCALLISTER (Lab)'],['Douglas MCALLISTER (Lab)']
raw_data/scotland/processed_data/e-renfs22/Ward2‐NewtonMearnsNorthandNeilston_ward2_copy.csv,7,['Tony BUCHANAN (SNP)'],['Tony BUCHANAN (SNP)'],['Tony BUCHANAN (SNP)'],"[""Owen O'DONNELL (Lab)""]","[""Owen O'DONNELL (Lab)""]","[""Owen O'DONNELL (Lab)""]","[""Owen O'DONNELL (Lab)""]","[""Owen O'DONNELL (Lab)""]","[""Owen O'DONNELL (Lab)""]","[""Owen O'DONNELL (Lab)""]","[""Owen O'DONNELL (Lab)""]","[""Owen O'DONNELL (Lab)""]","[""Owen O'DONNELL (Lab)""]","[""Owen O'DONNELL (Lab)""]","[""Owen O'DONNELL (Lab)""]",['Tony BUCHANAN (SNP)'],['Tony BUCHANAN (SNP)'],['Tony BUCHANAN (SNP)'],"[""Owen O'DONNELL (Lab)""]",['Tony BUCHANAN (SNP)'],"[""Owen O'DONNELL (Lab)""]","[""Owen O'DONNELL (Lab)""]","[""Owen O'DONNELL (Lab)""]","[""Owen O'DONNELL (Lab)""]","[""Owen O'DONNELL (Lab)""]","[""Owen O'DONNELL (Lab)""]","[""Owen O'DONNELL (Lab)""]","[""Owen O'DONNELL (Lab)""]","[""Owen O'DONNELL (Lab)""]","[""Owen O'DONNELL (Lab)""]"
raw_data/scotland/processed_data/e-renfs22/Ward5‐NewtonMearnsSouthandEaglesham_ward5_copy.csv,7,['Jim MCLEAN (Con)'],['Jim MCLEAN (Con)'],['Jim MCLEAN (Con)'],['Jim MCLEAN (Con)'],['Andrew ANDERSON (Lab)'],['Jim MCLEAN (Con)'],['Jim MCLEAN (Con)'],['Jim MCLEAN (Con)'],['Jim MCLEAN (Con)'],['Jim MCLEAN (Con)'],['Jim MCLEAN (Con)'],['Jim MCLEAN (Con)'],['Jim MCLEAN (Con)'],['Jim MCLEAN (Con)'],['Jim MCLEAN (Con)'],['Jim MCLEAN (Con)'],['Jim MCLEAN (Con)'],['Jim MCLEAN (Con)'],['Jim MCLEAN (Con)'],['Andrew ANDERSON (Lab)'],['Jim MCLEAN (Con)'],['Jim MCLEAN (Con)'],['Jim MCLEAN (Con)'],['Jim MCLEAN (Con)'],['Jim MCLEAN (Con)'],['Jim MCLEAN (Con)'],['Jim MCLEAN (Con)'],['Jim MCLEAN (Con)'],['Jim MCLEAN (Con)'],['Jim MCLEAN (Con)']
raw_data/scotland/processed_data/e-renfs22/Ward4‐ClarkstonNetherleeandWilliamwood_ward4_copy.csv,8,['Annette IRELAND (SNP)'],['Annette IRELAND (SNP)'],['Annette IRELAND (SNP)'],['Annette IRELAND (SNP)'],['Annette IRELAND (SNP)'],['Annette IRELAND (SNP)'],['Annette IRELAND (SNP)'],['Annette IRELAND (SNP)'],['Annette IRELAND (SNP)'],['Annette IRELAND (SNP)'],['Annette IRELAND (SNP)'],['Annette IRELAND (SNP)'],['Annette IRELAND (SNP)'],['Katie Victoria PRAGNELL (Labour and Co-operative Party)'],['Annette IRELAND (SNP)'],['Annette IRELAND (SNP)'],['Annette IRELAND (SNP)'],['Annette IRELAND (SNP)'],['Annette IRELAND (SNP)'],['Katie Victoria PRAGNELL (Labour and Co-operative Party)'],['Annette IRELAND (SNP)'],['Annette IRELAND (SNP)'],['Annette IRELAND (SNP)'],['Annette IRELAND (SNP)'],['Annette IRELAND (SNP)'],['Annette IRELAND (SNP)'],['Annette IRELAND (SNP)'],['Annette IRELAND (SNP)'],['Katie Victoria PRAGNELL (Labour and Co-operative Party)'],['Annette IRELAND (SNP)']
raw_data/scotland/processed_data/e-renfs22/Ward3‐GiffnockandThornliebank_ward3_copy.csv,7,['Colm MERRICK (SNP)'],['Colm MERRICK (SNP)'],['Colm MERRICK (SNP)'],['Mary MONTAGUE (Lab)'],['Mary MONTAGUE (Lab)'],['Mary MONTAGUE (Lab)'],['Mary MONTAGUE (Lab)'],['Mary MONTAGUE (Lab)'],['Mary MONTAGUE (Lab)'],['Mary MONTAGUE (Lab)'],['Mary MONTAGUE (Lab)'],['Mary MONTAGUE (Lab)'],['Mary MONTAGUE (Lab)'],['Mary MONTAGUE (Lab)'],['Mary MONTAGUE (Lab)'],['Colm MERRICK (SNP)'],['Colm MERRICK (SNP)'],['Colm MERRICK (SNP)'],['Mary MONTAGUE (Lab)'],['Mary MONTAGUE (Lab)'],['Mary MONTAGUE (Lab)'],['Mary MONTAGUE (Lab)'],['Mary MONTAGUE (Lab)'],['Mary MONTAGUE (Lab)'],['Mary MONTAGUE (Lab)'],['Mary MONTAGUE (Lab)'],['Mary MONTAGUE (Lab)'],['Mary MONTAGUE (Lab)'],['Mary MONTAGUE (Lab)'],['Mary MONTAGUE (Lab)']
raw_data/scotland/processed_data/e-renfs22/Ward1‐BarrheadLibosideandUplawmoor_ward1_copy.csv,7,['Angela CONVERY (SNP)'],['Danny DEVLIN (Ind)'],['Danny DEVLIN (Ind)'],['Danny DEVLIN (Ind)'],['Danny DEVLIN (Ind)'],['Danny DEVLIN (Ind)'],['Danny DEVLIN (Ind)'],['Danny DEVLIN (Ind)'],['Danny DEVLIN (Ind)'],['Danny DEVLIN (Ind)'],['Danny DEVLIN (Ind)'],['Danny DEVLIN (Ind)'],['Danny DEVLIN (Ind)'],['Danny DEVLIN (Ind)'],['Danny DEVLIN (Ind)'],['Angela CONVERY (SNP)'],['Danny DEVLIN (Ind)'],['Danny DEVLIN (Ind)'],['Danny DEVLIN (Ind)'],['Danny DEVLIN (Ind)'],['Danny DEVLIN (Ind)'],['Danny DEVLIN (Ind)'],['Danny DEVLIN (Ind)'],['Danny DEVLIN (Ind)'],['Danny DEVLIN (Ind)'],['Danny DEVLIN (Ind)'],['Danny DEVLIN (Ind)'],['Danny DEVLIN (Ind)'],['Danny DEVLIN (Ind)'],['Danny DEVLIN (Ind)']
raw_data/scotland/processed_data/w-duns17-ballots/Leven_w-duns17-02.csv,6,['Ian DICKSON (SNP)'],['Ian DICKSON (SNP)'],['Ian DICKSON (SNP)'],['Jim BOLLAN (WDuns)'],['Jim BOLLAN (WDuns)'],['Jim BOLLAN (WDuns)'],['Ian DICKSON (SNP)'],['Ian DICKSON (SNP)'],['Ian DICKSON (SNP)'],['Ian DICKSON (SNP)'],['Ian DICKSON (SNP)'],['Ian DICKSON (SNP)'],['Ian DICKSON (SNP)'],['Jim BOLLAN (WDuns)'],['Ian DICKSON (SNP)'],['Ian DICKSON (SNP)'],['Ian DICKSON (SNP)'],['Ian DICKSON (SNP)'],['Ian DICKSON (SNP)'],['Jim BOLLAN (WDuns)'],['Jim BOLLAN (WDuns)'],['Jim BOLLAN (WDuns)'],['Ian DICKSON (SNP)'],['Ian DICKSON (SNP)'],['Ian DICKSON (SNP)'],['Ian DICKSON (SNP)'],['Ian DICKSON (SNP)'],['Ian DICKSON (SNP)'],['Jim BOLLAN (WDuns)'],['Ian DICKSON (SNP)']
raw_data/scotland/processed_data/w-duns17-ballots/Kilpatrick_w-duns17-04.csv,4,['Douglas James MCALLISTER (Lab)'],['Douglas James MCALLISTER (Lab)'],['Douglas James MCALLISTER (Lab)'],['Douglas James MCALLISTER (Lab)'],['Douglas James MCALLISTER (Lab)'],['Douglas James MCALLISTER (Lab)'],['Douglas James MCALLISTER (Lab)'],['Douglas James MCALLISTER (Lab)'],['Douglas James MCALLISTER (Lab)'],['Douglas James MCALLISTER (Lab)'],['Douglas James MCALLISTER (Lab)'],['Douglas James MCALLISTER (Lab)'],['Douglas James MCALLISTER (Lab)'],['Douglas James MCALLISTER (Lab)'],['Douglas James MCALLISTER (Lab)'],['Douglas James MCALLISTER (Lab)'],['Douglas James MCALLISTER (Lab)'],['Douglas James MCALLISTER (Lab)'],['Douglas James MCALLISTER (Lab)'],['Douglas James MCALLISTER (Lab)'],['Douglas James MCALLISTER (Lab)'],['Douglas James MCALLISTER (Lab)'],['Douglas James MCALLISTER (Lab)'],['Douglas James MCALLISTER (Lab)'],['Douglas James MCALLISTER (Lab)'],['Douglas James MCALLISTER (Lab)'],['Douglas James MCALLISTER (Lab)'],['Douglas James MCALLISTER (Lab)'],['Douglas James MCALLISTER (Lab)'],['Douglas James MCALLISTER (Lab)']
raw_data/scotland/processed_data/w-duns17-ballots/Lomond_w-duns17-01.csv,5,['Jonathan MCCOLL (SNP)'],['Martin ROONEY (Lab)'],['Martin ROONEY (Lab)'],['Martin ROONEY (Lab)'],['Jonathan MCCOLL (SNP)'],['Martin ROONEY (Lab)'],['Jonathan MCCOLL (SNP)'],['Martin ROONEY (Lab)'],['Martin ROONEY (Lab)'],['Martin ROONEY (Lab)'],['Martin ROONEY (Lab)'],['Martin ROONEY (Lab)'],['Martin ROONEY (Lab)'],['Martin ROONEY (Lab)'],['Martin ROONEY (Lab)'],['Jonathan MCCOLL (SNP)'],['Martin ROONEY (Lab)'],['Martin ROONEY (Lab)'],['Martin ROONEY (Lab)'],['Martin ROONEY (Lab)'],['Martin ROONEY (Lab)'],['Martin ROONEY (Lab)'],['Martin ROONEY (Lab)'],['Martin ROONEY (Lab)'],['Martin ROONEY (Lab)'],['Martin ROONEY (Lab)'],['Martin ROONEY (Lab)'],['Martin ROONEY (Lab)'],['Martin ROONEY (Lab)'],['Martin ROONEY (Lab)']
raw_data/scotland/processed_data/w-duns17-ballots/Dumbarton_w-duns17-03.csv,5,['Karen CONAGHAN (SNP)'],['David MCBRIDE (Lab)'],['David MCBRIDE (Lab)'],['David MCBRIDE (Lab)'],['David MCBRIDE (Lab)'],['David MCBRIDE (Lab)'],['David MCBRIDE (Lab)'],['David MCBRIDE (Lab)'],['David MCBRIDE (Lab)'],['David MCBRIDE (Lab)'],['David MCBRIDE (Lab)'],['David MCBRIDE (Lab)'],['David MCBRIDE (Lab)'],['David MCBRIDE (Lab)'],['David MCBRIDE (Lab)'],['Karen CONAGHAN (SNP)'],['David MCBRIDE (Lab)'],['David MCBRIDE (Lab)'],['David MCBRIDE (Lab)'],['David MCBRIDE (Lab)'],['David MCBRIDE (Lab)'],['David MCBRIDE (Lab)'],['David MCBRIDE (Lab)'],['David MCBRIDE (Lab)'],['David MCBRIDE (Lab)'],['David MCBRIDE (Lab)'],['David MCBRIDE (Lab)'],['David MCBRIDE (Lab)'],['David MCBRIDE (Lab)'],['David MCBRIDE (Lab)']
raw_data/scotland/processed_data/w-duns17-ballots/ClydebankWaterfront_w-duns17-06.csv,6,['William HENDRIE (SNP)'],['William HENDRIE (SNP)'],['William HENDRIE (SNP)'],['William HENDRIE (SNP)'],['William HENDRIE (SNP)'],['William HENDRIE (SNP)'],['William HENDRIE (SNP)'],['William HENDRIE (SNP)'],['William HENDRIE (SNP)'],['William HENDRIE (SNP)'],['William HENDRIE (SNP)'],['William HENDRIE (SNP)'],['William HENDRIE (SNP)'],['William HENDRIE (SNP)'],['William HENDRIE (SNP)'],['William HENDRIE (SNP)'],['William HENDRIE (SNP)'],['William HENDRIE (SNP)'],['William HENDRIE (SNP)'],['William HENDRIE (SNP)'],['William HENDRIE (SNP)'],['William HENDRIE (SNP)'],['William HENDRIE (SNP)'],['William HENDRIE (SNP)'],['William HENDRIE (SNP)'],['William HENDRIE (SNP)'],['William HENDRIE (SNP)'],['William HENDRIE (SNP)'],['William HENDRIE (SNP)'],['William HENDRIE (SNP)']
raw_data/scotland/processed_data/w-duns17-ballots/ClydebankCentral_w-duns17-05.csv,5,['Jim BROWN (SNP)'],['Jim BROWN (SNP)'],['Jim BROWN (SNP)'],['Jim BROWN (SNP)'],['Jim BROWN (SNP)'],['Jim BROWN (SNP)'],['Jim BROWN (SNP)'],['Jim BROWN (SNP)'],['Jim BROWN (SNP)'],['Jim BROWN (SNP)'],['Jim BROWN (SNP)'],['Jim BROWN (SNP)'],['Jim BROWN (SNP)'],['Jim BROWN (SNP)'],['Jim BROWN (SNP)'],['Jim BROWN (SNP)'],['Jim BROWN (SNP)'],['Jim BROWN (SNP)'],['Jim BROWN (SNP)'],['Jim BROWN (SNP)'],['Jim BROWN (SNP)'],['Jim BROWN (SNP)'],['Jim BROWN (SNP)'],['Jim BROWN (SNP)'],['Jim BROWN (SNP)'],['Jim BROWN (SNP)'],['Jim BROWN (SNP)'],['Jim BROWN (SNP)'],['Jim BROWN (SNP)'],['Jim BROWN (SNP)']
raw_data/scotland/processed_data/aberdeen2022/Hazlehead-QueensCross-CountesswellsWard_Ward10.csv,6,['Martin GREIG (LD)'],['Martin GREIG (LD)'],['Martin GREIG (LD)'],['Martin GREIG (LD)'],['Martin GREIG (LD)'],['Martin GREIG (LD)'],['Martin GREIG (LD)'],['Martin GREIG (LD)'],['Martin GREIG (LD)'],['Martin GREIG (LD)'],['Martin GREIG (LD)'],['Martin GREIG (LD)'],['Martin GREIG (LD)'],['Martin GREIG (LD)'],['Martin GREIG (LD)'],['Martin GREIG (LD)'],['Martin GREIG (LD)'],['Martin GREIG (LD)'],['Martin GREIG (LD)'],['Martin GREIG (LD)'],['Martin GREIG (LD)'],['Martin GREIG (LD)'],['Martin GREIG (LD)'],['Martin GREIG (LD)'],['Martin GREIG (LD)'],['Martin GREIG (LD)'],['Martin GREIG (LD)'],['Martin GREIG (LD)'],['Martin GREIG (LD)'],['Martin GREIG (LD)']
raw_data/scotland/processed_data/aberdeen2022/Kincorth-Nigg-CoveWard_Ward13.csv,7,['Alex NICOLL (SNP)'],['Alex NICOLL (SNP)'],['Alex NICOLL (SNP)'],['Alex NICOLL (SNP)'],['Alex NICOLL (SNP)'],['Alex NICOLL (SNP)'],['Alex NICOLL (SNP)'],['Alex NICOLL (SNP)'],['Alex NICOLL (SNP)'],['Alex NICOLL (SNP)'],['Alex NICOLL (SNP)'],['Alex NICOLL (SNP)'],['Alex NICOLL (SNP)'],['Alex NICOLL (SNP)'],['Alex NICOLL (SNP)'],['Alex NICOLL (SNP)'],['Alex NICOLL (SNP)'],['Alex NICOLL (SNP)'],['Alex NICOLL (SNP)'],['Alex NICOLL (SNP)'],['Alex NICOLL (SNP)'],['Alex NICOLL (SNP)'],['Alex NICOLL (SNP)'],['Alex NICOLL (SNP)'],['Alex NICOLL (SNP)'],['Alex NICOLL (SNP)'],['Alex NICOLL (SNP)'],['Alex NICOLL (SNP)'],['Alex NICOLL (SNP)'],['Alex NICOLL (SNP)']
raw_data/scotland/processed_data/aberdeen2022/BridgeofDonWard_Ward2.csv,6,['Alison ALPHONSE (SNP)'],['Alison ALPHONSE (SNP)'],['Alison ALPHONSE (SNP)'],['Alison ALPHONSE (SNP)'],['Alison ALPHONSE (SNP)'],['Alison ALPHONSE (SNP)'],['Alison ALPHONSE (SNP)'],['Alison ALPHONSE (SNP)'],['Alison ALPHONSE (SNP)'],['Alison ALPHONSE (SNP)'],['Alison ALPHONSE (SNP)'],['Alison ALPHONSE (SNP)'],['Alison ALPHONSE (SNP)'],['Alison ALPHONSE (SNP)'],['Alison ALPHONSE (SNP)'],['Alison ALPHONSE (SNP)'],['Alison ALPHONSE (SNP)'],['Alison ALPHONSE (SNP)'],['Alison ALPHONSE (SNP)'],['Alison ALPHONSE (SNP)'],['Alison ALPHONSE (SNP)'],['Alison ALPHONSE (SNP)'],['Alison ALPHONSE (SNP)'],['Alison ALPHONSE (SNP)'],['Alison ALPHONSE (SNP)'],['Alison ALPHONSE (SNP)'],['Alison ALPHONSE (SNP)'],['Alison ALPHONSE (SNP)'],['Alison ALPHONSE (SNP)'],['Alison ALPHONSE (SNP)']
raw_data/scotland/processed_data/aberdeen2022/Midstocket-RosemountWard_Ward7.csv,5,['Bill CORMIE (SNP)'],['Bill CORMIE (SNP)'],['Bill CORMIE (SNP)'],['Bill CORMIE (SNP)'],['Jennifer BONSELL (Lab)'],['Bill CORMIE (SNP)'],['Bill CORMIE (SNP)'],['Bill CORMIE (SNP)'],['Bill CORMIE (SNP)'],['Bill CORMIE (SNP)'],['Bill CORMIE (SNP)'],['Bill CORMIE (SNP)'],['Bill CORMIE (SNP)'],['Jennifer BONSELL (Lab)'],['Bill CORMIE (SNP)'],['Bill CORMIE (SNP)'],['Bill CORMIE (SNP)'],['Bill CORMIE (SNP)'],['Bill CORMIE (SNP)'],['Bill CORMIE (SNP)'],['Bill CORMIE (SNP)'],['Bill CORMIE (SNP)'],['Bill CORMIE (SNP)'],['Bill CORMIE (SNP)'],['Bill CORMIE (SNP)'],['Bill CORMIE (SNP)'],['Bill CORMIE (SNP)'],['Bill CORMIE (SNP)'],['Jennifer BONSELL (Lab)'],['Bill CORMIE (SNP)']
raw_data/scotland/processed_data/aberdeen2022/Torry-FerryhillWard_Ward12.csv,9,['Christian ALLARD (SNP)'],['Christian ALLARD (SNP)'],['Christian ALLARD (SNP)'],['Christian ALLARD (SNP)'],['Christian ALLARD (SNP)'],['Christian ALLARD (SNP)'],['Christian ALLARD (SNP)'],['Christian ALLARD (SNP)'],['Christian ALLARD (SNP)'],['Christian ALLARD (SNP)'],['Christian ALLARD (SNP)'],['Christian ALLARD (SNP)'],['Christian ALLARD (SNP)'],['Christian ALLARD (SNP)'],['Christian ALLARD (SNP)'],['Christian ALLARD (SNP)'],['Christian ALLARD (SNP)'],['Christian ALLARD (SNP)'],['Christian ALLARD (SNP)'],['Christian ALLARD (SNP)'],['Christian ALLARD (SNP)'],['Christian ALLARD (SNP)'],['Christian ALLARD (SNP)'],['Christian ALLARD (SNP)'],['Christian ALLARD (SNP)'],['Christian ALLARD (SNP)'],['Christian ALLARD (SNP)'],['Christian ALLARD (SNP)'],['Christian ALLARD (SNP)'],['Christian ALLARD (SNP)']
raw_data/scotland/processed_data/aberdeen2022/Tillydrone-Seaton-OldAberdeenWard_Ward6.csv,8,['Alexander MCLELLAN (SNP)'],['Alexander MCLELLAN (SNP)'],['Alexander MCLELLAN (SNP)'],['Alexander MCLELLAN (SNP)'],['Alexander MCLELLAN (SNP)'],['Alexander MCLELLAN (SNP)'],['Alexander MCLELLAN (SNP)'],['Alexander MCLELLAN (SNP)'],['Alexander MCLELLAN (SNP)'],['Alexander MCLELLAN (SNP)'],['Alexander MCLELLAN (SNP)'],['Alexander MCLELLAN (SNP)'],['Alexander MCLELLAN (SNP)'],['Alexander MCLELLAN (SNP)'],['Alexander MCLELLAN (SNP)'],['Alexander MCLELLAN (SNP)'],['Alexander MCLELLAN (SNP)'],['Alexander MCLELLAN (SNP)'],['Alexander MCLELLAN (SNP)'],['Alexander MCLELLAN (SNP)'],['Alexander MCLELLAN (SNP)'],['Alexander MCLELLAN (SNP)'],['Alexander MCLELLAN (SNP)'],['Alexander MCLELLAN (SNP)'],['Alexander MCLELLAN (SNP)'],['Alexander MCLELLAN (SNP)'],['Alexander MCLELLAN (SNP)'],['Alexander MCLELLAN (SNP)'],['Alexander MCLELLAN (SNP)'],['Alexander MCLELLAN (SNP)']
raw_data/scotland/processed_data/aberdeen2022/GeorgeSt-HarbourWard_Ward8.csv,6,['Michael HUTCHISON (SNP)'],['Michael HUTCHISON (SNP)'],['Michael HUTCHISON (SNP)'],['Michael HUTCHISON (SNP)'],['Michael HUTCHISON (SNP)'],['Michael HUTCHISON (SNP)'],['Michael HUTCHISON (SNP)'],['Michael HUTCHISON (SNP)'],['Michael HUTCHISON (SNP)'],['Michael HUTCHISON (SNP)'],['Michael HUTCHISON (SNP)'],['Michael HUTCHISON (SNP)'],['Michael HUTCHISON (SNP)'],['Michael HUTCHISON (SNP)'],['Michael HUTCHISON (SNP)'],['Michael HUTCHISON (SNP)'],['Michael HUTCHISON (SNP)'],['Michael HUTCHISON (SNP)'],['Michael HUTCHISON (SNP)'],['Michael HUTCHISON (SNP)'],['Michael HUTCHISON (SNP)'],['Michael HUTCHISON (SNP)'],['Michael HUTCHISON (SNP)'],['Michael HUTCHISON (SNP)'],['Michael HUTCHISON (SNP)'],['Michael HUTCHISON (SNP)'],['Michael HUTCHISON (SNP)'],['Michael HUTCHISON (SNP)'],['Michael HUTCHISON (SNP)'],['Michael HUTCHISON (SNP)']
raw_data/scotland/processed_data/aberdeen2022/Airyhall-Broomhill-GarthdeeWard_Ward11.csv,5,['Ian YUILL (LD)'],['Ian YUILL (LD)'],['Ian YUILL (LD)'],['Ian YUILL (LD)'],['Ian YUILL (LD)'],['Ian YUILL (LD)'],['Ian YUILL (LD)'],['Ian YUILL (LD)'],['Ian YUILL (LD)'],['Ian YUILL (LD)'],['Ian YUILL (LD)'],['Ian YUILL (LD)'],['Ian YUILL (LD)'],['Ian YUILL (LD)'],['Ian YUILL (LD)'],['Ian YUILL (LD)'],['Ian YUILL (LD)'],['Ian YUILL (LD)'],['Ian YUILL (LD)'],['Ian YUILL (LD)'],['Ian YUILL (LD)'],['Ian YUILL (LD)'],['Ian YUILL (LD)'],['Ian YUILL (LD)'],['Ian YUILL (LD)'],['Ian YUILL (LD)'],['Ian YUILL (LD)'],['Ian YUILL (LD)'],['Ian YUILL (LD)'],['Ian YUILL (LD)']
raw_data/scotland/processed_data/aberdeen2022/Northfield-MastrickNorthWard_Ward4.csv,7,['Donna CLARK (SNP)'],['Donna CLARK (SNP)'],['Donna CLARK (SNP)'],['Donna CLARK (SNP)'],['Donna CLARK (SNP)'],['Donna CLARK (SNP)'],['Donna CLARK (SNP)'],['Donna CLARK (SNP)'],['Donna CLARK (SNP)'],['Donna CLARK (SNP)'],['Donna CLARK (SNP)'],['Donna CLARK (SNP)'],['Donna CLARK (SNP)'],['Donna CLARK (SNP)'],['Donna CLARK (SNP)'],['Donna CLARK (SNP)'],['Donna CLARK (SNP)'],['Donna CLARK (SNP)'],['Donna CLARK (SNP)'],['Donna CLARK (SNP)'],['Donna CLARK (SNP)'],['Donna CLARK (SNP)'],['Donna CLARK (SNP)'],['Donna CLARK (SNP)'],['Donna CLARK (SNP)'],['Donna CLARK (SNP)'],['Donna CLARK (SNP)'],['Donna CLARK (SNP)'],['Donna CLARK (SNP)'],['Donna CLARK (SNP)']
raw_data/scotland/processed_data/aberdeen2022/Dyce-Bucksburn-DanestoneWard_Ward1.csv,6,['Gill AL-SAMARAI (SNP)'],['Gill AL-SAMARAI (SNP)'],['Gill AL-SAMARAI (SNP)'],['Gill AL-SAMARAI (SNP)'],['Gill AL-SAMARAI (SNP)'],['Gill AL-SAMARAI (SNP)'],['Gill AL-SAMARAI (SNP)'],['Gill AL-SAMARAI (SNP)'],['Gill AL-SAMARAI (SNP)'],['Gill AL-SAMARAI (SNP)'],['Gill AL-SAMARAI (SNP)'],['Gill AL-SAMARAI (SNP)'],['Gill AL-SAMARAI (SNP)'],['Gill AL-SAMARAI (SNP)'],['Gill AL-SAMARAI (SNP)'],['Gill AL-SAMARAI (SNP)'],['Gill AL-SAMARAI (SNP)'],['Gill AL-SAMARAI (SNP)'],['Gill AL-SAMARAI (SNP)'],['Gill AL-SAMARAI (SNP)'],['Gill AL-SAMARAI (SNP)'],['Gill AL-SAMARAI (SNP)'],['Gill AL-SAMARAI (SNP)'],['Gill AL-SAMARAI (SNP)'],['Gill AL-SAMARAI (SNP)'],['Gill AL-SAMARAI (SNP)'],['Gill AL-SAMARAI (SNP)'],['Gill AL-SAMARAI (SNP)'],['Gill AL-SAMARAI (SNP)'],['Gill AL-SAMARAI (SNP)']
raw_data/scotland/processed_data/aberdeen2022/LowerDeesideWard_Ward9.csv,6,['Duncan MASSEY (Con)'],['M. Tauqeer MALIK (Lab)'],['M. Tauqeer MALIK (Lab)'],['M. Tauqeer MALIK (Lab)'],['M. Tauqeer MALIK (Lab)'],['M. Tauqeer MALIK (Lab)'],['M. Tauqeer MALIK (Lab)'],['Marie Louise BOULTON (Ind)'],['Marie Louise BOULTON (Ind)'],['Marie Louise BOULTON (Ind)'],['Marie Louise BOULTON (Ind)'],['Marie Louise BOULTON (Ind)'],['Marie Louise BOULTON (Ind)'],['M. Tauqeer MALIK (Lab)'],['Marie Louise BOULTON (Ind)'],['Duncan MASSEY (Con)'],['M. Tauqeer MALIK (Lab)'],['M. Tauqeer MALIK (Lab)'],['M. Tauqeer MALIK (Lab)'],['Marie Louise BOULTON (Ind)'],['M. Tauqeer MALIK (Lab)'],['M. Tauqeer MALIK (Lab)'],['Marie Louise BOULTON (Ind)'],['Marie Louise BOULTON (Ind)'],['Marie Louise BOULTON (Ind)'],['Marie Louise BOULTON (Ind)'],['Marie Louise BOULTON (Ind)'],['Marie Louise BOULTON (Ind)'],['M. Tauqeer MALIK (Lab)'],['Marie Louise BOULTON (Ind)']
raw_data/scotland/processed_data/aberdeen2022/Kingswells-Sheddocksley-SummerhillWard_Ward3.csv,6,['Steve DELANEY (LD)'],['Steve DELANEY (LD)'],['Steve DELANEY (LD)'],['Steve DELANEY (LD)'],['Steve DELANEY (LD)'],['Steve DELANEY (LD)'],['Steve DELANEY (LD)'],['Steve DELANEY (LD)'],['Steve DELANEY (LD)'],['Steve DELANEY (LD)'],['Steve DELANEY (LD)'],['Steve DELANEY (LD)'],['Steve DELANEY (LD)'],['Steve DELANEY (LD)'],['Steve DELANEY (LD)'],['Steve DELANEY (LD)'],['Steve DELANEY (LD)'],['Steve DELANEY (LD)'],['Steve DELANEY (LD)'],['Steve DELANEY (LD)'],['Steve DELANEY (LD)'],['Steve DELANEY (LD)'],['Steve DELANEY (LD)'],['Steve DELANEY (LD)'],['Steve DELANEY (LD)'],['Steve DELANEY (LD)'],['Steve DELANEY (LD)'],['Steve DELANEY (LD)'],['Steve DELANEY (LD)'],['Steve DELANEY (LD)']
raw_data/scotland/processed_data/aberdeen2022/Hilton-Woodside-StockethillWard_Ward5.csv,6,['Hazel CAMERON (SNP)'],['Hazel CAMERON (SNP)'],['Hazel CAMERON (SNP)'],['Hazel CAMERON (SNP)'],['Hazel CAMERON (SNP)'],['Hazel CAMERON (SNP)'],['Hazel CAMERON (SNP)'],['Hazel CAMERON (SNP)'],['Hazel CAMERON (SNP)'],['Hazel CAMERON (SNP)'],['Hazel CAMERON (SNP)'],['Hazel CAMERON (SNP)'],['Hazel CAMERON (SNP)'],['Hazel CAMERON (SNP)'],['Hazel CAMERON (SNP)'],['Hazel CAMERON (SNP)'],['Hazel CAMERON (SNP)'],['Hazel CAMERON (SNP)'],['Hazel CAMERON (SNP)'],['Hazel CAMERON (SNP)'],['Hazel CAMERON (SNP)'],['Hazel CAMERON (SNP)'],['Hazel CAMERON (SNP)'],['Hazel CAMERON (SNP)'],['Hazel CAMERON (SNP)'],['Hazel CAMERON (SNP)'],['Hazel CAMERON (SNP)'],['Hazel CAMERON (SNP)'],['Hazel CAMERON (SNP)'],['Hazel CAMERON (SNP)']
raw_data/scotland/processed_data/stirling17-ballots/StirlingEast_stirling17-06.csv,5,['Alison LAURIE (SNP)'],['Alison LAURIE (SNP)'],['Alison LAURIE (SNP)'],['Alison LAURIE (SNP)'],['Alison LAURIE (SNP)'],['Alison LAURIE (SNP)'],['Alison LAURIE (SNP)'],['Alison LAURIE (SNP)'],['Alison LAURIE (SNP)'],['Alison LAURIE (SNP)'],['Alison LAURIE (SNP)'],['Alison LAURIE (SNP)'],['Alison LAURIE (SNP)'],['Alison LAURIE (SNP)'],['Alison LAURIE (SNP)'],['Alison LAURIE (SNP)'],['Alison LAURIE (SNP)'],['Alison LAURIE (SNP)'],['Alison LAURIE (SNP)'],['Alison LAURIE (SNP)'],['Alison LAURIE (SNP)'],['Alison LAURIE (SNP)'],['Alison LAURIE (SNP)'],['Alison LAURIE (SNP)'],['Alison LAURIE (SNP)'],['Alison LAURIE (SNP)'],['Alison LAURIE (SNP)'],['Alison LAURIE (SNP)'],['Chris KANE (Lab)'],['Alison LAURIE (SNP)']
raw_data/scotland/processed_data/stirling17-ballots/ForthandEndrick_stirling17-02.csv,5,['Alistair BERRILL (Con)'],['Alistair BERRILL (Con)'],['Alistair BERRILL (Con)'],['Alistair BERRILL (Con)'],['Alistair BERRILL (Con)'],['Alistair BERRILL (Con)'],['Alistair BERRILL (Con)'],['Alistair BERRILL (Con)'],['Alistair BERRILL (Con)'],['Alistair BERRILL (Con)'],['Alistair BERRILL (Con)'],['Alistair BERRILL (Con)'],['Alistair BERRILL (Con)'],['Alistair BERRILL (Con)'],['Alistair BERRILL (Con)'],['Alistair BERRILL (Con)'],['Alistair BERRILL (Con)'],['Alistair BERRILL (Con)'],['Alistair BERRILL (Con)'],['Alistair BERRILL (Con)'],['Alistair BERRILL (Con)'],['Alistair BERRILL (Con)'],['Alistair BERRILL (Con)'],['Alistair BERRILL (Con)'],['Alistair BERRILL (Con)'],['Alistair BERRILL (Con)'],['Alistair BERRILL (Con)'],['Alistair BERRILL (Con)'],['Alistair BERRILL (Con)'],['Alistair BERRILL (Con)']
raw_data/scotland/processed_data/stirling17-ballots/StirlingNorth_stirling17-04.csv,6,['Susan MCGILL (SNP)'],['Susan MCGILL (SNP)'],['Susan MCGILL (SNP)'],['Susan MCGILL (SNP)'],['Susan MCGILL (SNP)'],['Susan MCGILL (SNP)'],['Susan MCGILL (SNP)'],['Susan MCGILL (SNP)'],['Susan MCGILL (SNP)'],['Susan MCGILL (SNP)'],['Susan MCGILL (SNP)'],['Susan MCGILL (SNP)'],['Susan MCGILL (SNP)'],['Susan MCGILL (SNP)'],['Susan MCGILL (SNP)'],['Susan MCGILL (SNP)'],['Susan MCGILL (SNP)'],['Susan MCGILL (SNP)'],['Susan MCGILL (SNP)'],['Susan MCGILL (SNP)'],['Susan MCGILL (SNP)'],['Susan MCGILL (SNP)'],['Susan MCGILL (SNP)'],['Susan MCGILL (SNP)'],['Susan MCGILL (SNP)'],['Susan MCGILL (SNP)'],['Susan MCGILL (SNP)'],['Susan MCGILL (SNP)'],['Susan MCGILL (SNP)'],['Susan MCGILL (SNP)']
raw_data/scotland/processed_data/stirling17-ballots/Bannockburn_stirling17-07.csv,5,['Alasdair MACPHERSON (SNP)'],['Alasdair MACPHERSON (SNP)'],['Alasdair MACPHERSON (SNP)'],['Alasdair MACPHERSON (SNP)'],['Alasdair MACPHERSON (SNP)'],['Alasdair MACPHERSON (SNP)'],['Alasdair MACPHERSON (SNP)'],['Alasdair MACPHERSON (SNP)'],['Alasdair MACPHERSON (SNP)'],['Alasdair MACPHERSON (SNP)'],['Alasdair MACPHERSON (SNP)'],['Alasdair MACPHERSON (SNP)'],['Alasdair MACPHERSON (SNP)'],['Alasdair MACPHERSON (SNP)'],['Alasdair MACPHERSON (SNP)'],['Alasdair MACPHERSON (SNP)'],['Alasdair MACPHERSON (SNP)'],['Alasdair MACPHERSON (SNP)'],['Alasdair MACPHERSON (SNP)'],['Alasdair MACPHERSON (SNP)'],['Alasdair MACPHERSON (SNP)'],['Alasdair MACPHERSON (SNP)'],['Alasdair MACPHERSON (SNP)'],['Alasdair MACPHERSON (SNP)'],['Alasdair MACPHERSON (SNP)'],['Alasdair MACPHERSON (SNP)'],['Alasdair MACPHERSON (SNP)'],['Alasdair MACPHERSON (SNP)'],['Alasdair MACPHERSON (SNP)'],['Alasdair MACPHERSON (SNP)']
raw_data/scotland/processed_data/stirling17-ballots/StirlingWest_stirling17-05.csv,5,['Neil BENNY (Con)'],['Neil BENNY (Con)'],['Neil BENNY (Con)'],['Neil BENNY (Con)'],['Neil BENNY (Con)'],['Neil BENNY (Con)'],['Neil BENNY (Con)'],['Neil BENNY (Con)'],['Neil BENNY (Con)'],['Neil BENNY (Con)'],['Neil BENNY (Con)'],['Neil BENNY (Con)'],['Neil BENNY (Con)'],['Christine SIMPSON (Lab)'],['Neil BENNY (Con)'],['Neil BENNY (Con)'],['Neil BENNY (Con)'],['Neil BENNY (Con)'],['Neil BENNY (Con)'],['Neil BENNY (Con)'],['Neil BENNY (Con)'],['Neil BENNY (Con)'],['Neil BENNY (Con)'],['Neil BENNY (Con)'],['Neil BENNY (Con)'],['Neil BENNY (Con)'],['Neil BENNY (Con)'],['Neil BENNY (Con)'],['Christine SIMPSON (Lab)'],['Neil BENNY (Con)']
raw_data/scotland/processed_data/stirling17-ballots/DunblaneandBridgeofAllan_stirling17-03.csv,5,['Douglas DODDS (Con)'],['Douglas DODDS (Con)'],['Douglas DODDS (Con)'],['Douglas DODDS (Con)'],['Douglas DODDS (Con)'],['Douglas DODDS (Con)'],['Douglas DODDS (Con)'],['Douglas DODDS (Con)'],['Douglas DODDS (Con)'],['Douglas DODDS (Con)'],['Douglas DODDS (Con)'],['Douglas DODDS (Con)'],['Douglas DODDS (Con)'],['Douglas DODDS (Con)'],['Douglas DODDS (Con)'],['Douglas DODDS (Con)'],['Douglas DODDS (Con)'],['Douglas DODDS (Con)'],['Douglas DODDS (Con)'],['Douglas DODDS (Con)'],['Douglas DODDS (Con)'],['Douglas DODDS (Con)'],['Douglas DODDS (Con)'],['Douglas DODDS (Con)'],['Douglas DODDS (Con)'],['Douglas DODDS (Con)'],['Douglas DODDS (Con)'],['Douglas DODDS (Con)'],['Douglas DODDS (Con)'],['Douglas DODDS (Con)']
raw_data/scotland/processed_data/stirling17-ballots/TrossachsandTeith_stirling17-01.csv,5,['Martin EARL (Con)'],['Martin EARL (Con)'],['Martin EARL (Con)'],['Martin EARL (Con)'],['Martin EARL (Con)'],['Martin EARL (Con)'],['Martin EARL (Con)'],['Martin EARL (Con)'],['Martin EARL (Con)'],['Martin EARL (Con)'],['Martin EARL (Con)'],['Martin EARL (Con)'],['Martin EARL (Con)'],['Martin EARL (Con)'],['Martin EARL (Con)'],['Martin EARL (Con)'],['Martin EARL (Con)'],['Martin EARL (Con)'],['Martin EARL (Con)'],['Martin EARL (Con)'],['Martin EARL (Con)'],['Martin EARL (Con)'],['Martin EARL (Con)'],['Martin EARL (Con)'],['Martin EARL (Con)'],['Martin EARL (Con)'],['Martin EARL (Con)'],['Martin EARL (Con)'],['Martin EARL (Con)'],['Martin EARL (Con)']
raw_data/scotland/processed_data/dumgal12-ballots/LocharWard_dumgal12-09.csv,3,['(Lab) Jeff LEAVER'],['(Lab) Jeff LEAVER'],['(Lab) Jeff LEAVER'],['(Lab) Jeff LEAVER'],['(Lab) Jeff LEAVER'],['(Lab) Jeff LEAVER'],['(Lab) Jeff LEAVER'],['(Lab) Jeff LEAVER'],['(Lab) Jeff LEAVER'],['(Lab) Jeff LEAVER'],['(Lab) Jeff LEAVER'],['(Lab) Jeff LEAVER'],['(Lab) Jeff LEAVER'],['(Lab) Jeff LEAVER'],['(Lab) Jeff LEAVER'],['(Lab) Jeff LEAVER'],['(Lab) Jeff LEAVER'],['(Lab) Jeff LEAVER'],['(Lab) Jeff LEAVER'],['(Lab) Jeff LEAVER'],['(Lab) Jeff LEAVER'],['(Lab) Jeff LEAVER'],['(Lab) Jeff LEAVER'],['(Lab) Jeff LEAVER'],['(Lab) Jeff LEAVER'],['(Lab) Jeff LEAVER'],['(Lab) Jeff LEAVER'],['(Lab) Jeff LEAVER'],['(Lab) Jeff LEAVER'],['(Lab) Jeff LEAVER']
raw_data/scotland/processed_data/dumgal12-ballots/StranraerandNorthRhinsWard_dumgal12-01.csv,4,['(Ind) Willie SCOBIE'],['(Ind) Willie SCOBIE'],['(Ind) Willie SCOBIE'],['(Ind) Willie SCOBIE'],['(Ind) Willie SCOBIE'],['(Ind) Willie SCOBIE'],['(Ind) Willie SCOBIE'],['(Ind) Willie SCOBIE'],['(Ind) Willie SCOBIE'],['(Ind) Willie SCOBIE'],['(Ind) Willie SCOBIE'],['(Ind) Willie SCOBIE'],['(Ind) Willie SCOBIE'],['(Ind) Willie SCOBIE'],['(Ind) Willie SCOBIE'],['(Ind) Willie SCOBIE'],['(Ind) Willie SCOBIE'],['(Ind) Willie SCOBIE'],['(Ind) Willie SCOBIE'],['(Ind) Willie SCOBIE'],['(Ind) Willie SCOBIE'],['(Ind) Willie SCOBIE'],['(Ind) Willie SCOBIE'],['(Ind) Willie SCOBIE'],['(Ind) Willie SCOBIE'],['(Ind) Willie SCOBIE'],['(Ind) Willie SCOBIE'],['(Ind) Willie SCOBIE'],['(Ind) Willie SCOBIE'],['(Ind) Willie SCOBIE']
raw_data/scotland/processed_data/dumgal12-ballots/WigtownWestWard_dumgal12-02.csv,4,['(Ind) Grahame FORSTER'],['(Ind) Grahame FORSTER'],['(Ind) Grahame FORSTER'],['(Ind) Grahame FORSTER'],['(Ind) Grahame FORSTER'],['(Ind) Grahame FORSTER'],['(Ind) Grahame FORSTER'],['(Ind) Grahame FORSTER'],['(Ind) Grahame FORSTER'],['(Ind) Grahame FORSTER'],['(Ind) Grahame FORSTER'],['(Ind) Grahame FORSTER'],['(Ind) Grahame FORSTER'],['(Ind) Grahame FORSTER'],['(Ind) Grahame FORSTER'],['(Ind) Grahame FORSTER'],['(Ind) Grahame FORSTER'],['(Ind) Grahame FORSTER'],['(Ind) Grahame FORSTER'],['(Ind) Grahame FORSTER'],['(Ind) Grahame FORSTER'],['(Ind) Grahame FORSTER'],['(Ind) Grahame FORSTER'],['(Ind) Grahame FORSTER'],['(Ind) Grahame FORSTER'],['(Ind) Grahame FORSTER'],['(Ind) Grahame FORSTER'],['(Ind) Grahame FORSTER'],['(Ind) Grahame FORSTER'],['(Ind) Grahame FORSTER']
raw_data/scotland/processed_data/dumgal12-ballots/AnnandaleSouthWard_dumgal12-11.csv,5,['(Lab) Sean MARSHALL'],['(Lab) Sean MARSHALL'],['(Lab) Sean MARSHALL'],['(Lab) Sean MARSHALL'],['(Lab) Sean MARSHALL'],['(Lab) Sean MARSHALL'],['(Lab) Sean MARSHALL'],['(Lab) Sean MARSHALL'],['(Lab) Sean MARSHALL'],['(Lab) Sean MARSHALL'],['(Lab) Sean MARSHALL'],['(Lab) Sean MARSHALL'],['(Lab) Sean MARSHALL'],['(Lab) Sean MARSHALL'],['(Lab) Sean MARSHALL'],['(Lab) Sean MARSHALL'],['(Lab) Sean MARSHALL'],['(Lab) Sean MARSHALL'],['(Lab) Sean MARSHALL'],['(Lab) Sean MARSHALL'],['(Lab) Sean MARSHALL'],['(Lab) Sean MARSHALL'],['(Lab) Sean MARSHALL'],['(Lab) Sean MARSHALL'],['(Lab) Sean MARSHALL'],['(Lab) Sean MARSHALL'],['(Lab) Sean MARSHALL'],['(Lab) Sean MARSHALL'],['(Lab) Sean MARSHALL'],['(Lab) Sean MARSHALL']
raw_data/scotland/processed_data/dumgal12-ballots/MidGallowayWard_dumgal12-03.csv,4,['(SNP) Alistair GEDDES'],['(Ind) Jim MCCOLM'],['(Ind) Jim MCCOLM'],['(Ind) Jim MCCOLM'],['(Ind) Jim MCCOLM'],['(Ind) Jim MCCOLM'],['(Ind) Jim MCCOLM'],['(Ind) Jim MCCOLM'],['(Ind) Jim MCCOLM'],['(Ind) Jim MCCOLM'],['(Ind) Jim MCCOLM'],['(Ind) Jim MCCOLM'],['(Ind) Jim MCCOLM'],['(Ind) Jim MCCOLM'],['(Ind) Jim MCCOLM'],['(SNP) Alistair GEDDES'],['(Ind) Jim MCCOLM'],['(Ind) Jim MCCOLM'],['(Ind) Jim MCCOLM'],['(Ind) Jim MCCOLM'],['(Ind) Jim MCCOLM'],['(Ind) Jim MCCOLM'],['(Ind) Jim MCCOLM'],['(Ind) Jim MCCOLM'],['(Ind) Jim MCCOLM'],['(Ind) Jim MCCOLM'],['(Ind) Jim MCCOLM'],['(Ind) Jim MCCOLM'],['(Ind) Jim MCCOLM'],['(Ind) Jim MCCOLM']
raw_data/scotland/processed_data/dumgal12-ballots/CastleDouglasandGlenkensWard_dumgal12-05.csv,6,['(Con) Finlay CARSON'],['(Con) Finlay CARSON'],['(Ind) George N PRENTICE'],['(Ind) George N PRENTICE'],['(Ind) George N PRENTICE'],['(Ind) George N PRENTICE'],['(Ind) George N PRENTICE'],['(Ind) George N PRENTICE'],['(Ind) George N PRENTICE'],['(Ind) George N PRENTICE'],['(Ind) George N PRENTICE'],['(Ind) George N PRENTICE'],['(Ind) George N PRENTICE'],['(Ind) George N PRENTICE'],['(Ind) George N PRENTICE'],['(Con) Finlay CARSON'],['(Con) Finlay CARSON'],['(Con) Finlay CARSON'],['(Ind) George N PRENTICE'],['(Ind) George N PRENTICE'],['(Ind) George N PRENTICE'],['(Ind) George N PRENTICE'],['(Ind) George N PRENTICE'],['(Ind) George N PRENTICE'],['(Ind) George N PRENTICE'],['(Ind) George N PRENTICE'],['(Ind) George N PRENTICE'],['(Ind) George N PRENTICE'],['(Ind) George N PRENTICE'],['(Ind) George N PRENTICE']
raw_data/scotland/processed_data/dumgal12-ballots/DeeWard_dumgal12-04.csv,8,['(Ind) Colin WYPER'],['(Ind) Colin WYPER'],['(Ind) Colin WYPER'],['(Ind) Colin WYPER'],['(Ind) Colin WYPER'],['(Ind) Colin WYPER'],['(Ind) Colin WYPER'],['(Ind) Colin WYPER'],['(Ind) Colin WYPER'],['(Ind) Colin WYPER'],['(Ind) Colin WYPER'],['(Ind) Colin WYPER'],['(Ind) Colin WYPER'],['(Ind) Colin WYPER'],['(Ind) Colin WYPER'],['(Ind) Colin WYPER'],['(Ind) Colin WYPER'],['(Ind) Colin WYPER'],['(Ind) Colin WYPER'],['(Ind) Colin WYPER'],['(Ind) Colin WYPER'],['(Ind) Colin WYPER'],['(Ind) Colin WYPER'],['(Ind) Colin WYPER'],['(Ind) Colin WYPER'],['(Ind) Colin WYPER'],['(Ind) Colin WYPER'],['(Ind) Colin WYPER'],['(Ind) Colin WYPER'],['(Ind) Colin WYPER']
raw_data/scotland/processed_data/dumgal12-ballots/MidandUpperNithsdaleWard_dumgal12-08.csv,4,['(Lab) Jim DEMPSTER'],['(Lab) Jim DEMPSTER'],['(Lab) Jim DEMPSTER'],['(Lab) Jim DEMPSTER'],['(Lab) Jim DEMPSTER'],['(Lab) Jim DEMPSTER'],['(Lab) Jim DEMPSTER'],['(Lab) Jim DEMPSTER'],['(Lab) Jim DEMPSTER'],['(Lab) Jim DEMPSTER'],['(Lab) Jim DEMPSTER'],['(Lab) Jim DEMPSTER'],['(Lab) Jim DEMPSTER'],['(Lab) Jim DEMPSTER'],['(Lab) Jim DEMPSTER'],['(Lab) Jim DEMPSTER'],['(Lab) Jim DEMPSTER'],['(Lab) Jim DEMPSTER'],['(Lab) Jim DEMPSTER'],['(Lab) Jim DEMPSTER'],['(Lab) Jim DEMPSTER'],['(Lab) Jim DEMPSTER'],['(Lab) Jim DEMPSTER'],['(Lab) Jim DEMPSTER'],['(Lab) Jim DEMPSTER'],['(Lab) Jim DEMPSTER'],['(Lab) Jim DEMPSTER'],['(Lab) Jim DEMPSTER'],['(Lab) Jim DEMPSTER'],['(Lab) Jim DEMPSTER']
raw_data/scotland/processed_data/dumgal12-ballots/NithWard_dumgal12-10.csv,6,['(Lab) John MARTIN'],['(Lab) John MARTIN'],['(Lab) John MARTIN'],['(Lab) John MARTIN'],['(Lab) John MARTIN'],['(Lab) John MARTIN'],['(Lab) John MARTIN'],['(Lab) John MARTIN'],['(Lab) John MARTIN'],['(Lab) John MARTIN'],['(Lab) John MARTIN'],['(Lab) John MARTIN'],['(Lab) John MARTIN'],['(Lab) John MARTIN'],['(Lab) John MARTIN'],['(Lab) John MARTIN'],['(Lab) John MARTIN'],['(Lab) John MARTIN'],['(Lab) John MARTIN'],['(Lab) John MARTIN'],['(Lab) John MARTIN'],['(Lab) John MARTIN'],['(Lab) John MARTIN'],['(Lab) John MARTIN'],['(Lab) John MARTIN'],['(Lab) John MARTIN'],['(Lab) John MARTIN'],['(Lab) John MARTIN'],['(Lab) John MARTIN'],['(Lab) John MARTIN']
raw_data/scotland/processed_data/dumgal12-ballots/AnnandaleEastandEskdaleWard_dumgal12-13.csv,7,['(Con) Denis MALE'],['(Con) Denis MALE'],['(Con) Denis MALE'],['(Con) Denis MALE'],['(Lab) Archie DRYBURGH'],['(Con) Denis MALE'],['(Con) Denis MALE'],['(Con) Denis MALE'],['(Con) Denis MALE'],['(Con) Denis MALE'],['(Con) Denis MALE'],['(Con) Denis MALE'],['(Con) Denis MALE'],['(Con) Denis MALE'],['(Con) Denis MALE'],['(Con) Denis MALE'],['(Con) Denis MALE'],['(Con) Denis MALE'],['(Con) Denis MALE'],['(Lab) Archie DRYBURGH'],['(Con) Denis MALE'],['(Con) Denis MALE'],['(Con) Denis MALE'],['(Con) Denis MALE'],['(Con) Denis MALE'],['(Con) Denis MALE'],['(Con) Denis MALE'],['(Con) Denis MALE'],['(Con) Denis MALE'],['(Con) Denis MALE']
raw_data/scotland/processed_data/dumgal12-ballots/NorthWestDumfriesWard_dumgal12-07.csv,3,['(Lab) Ronnie NICHOLSON'],['(Lab) Ronnie NICHOLSON'],['(Lab) Ronnie NICHOLSON'],['(Lab) Ronnie NICHOLSON'],['(Lab) Ronnie NICHOLSON'],['(Lab) Ronnie NICHOLSON'],['(Lab) Ronnie NICHOLSON'],['(Lab) Ronnie NICHOLSON'],['(Lab) Ronnie NICHOLSON'],['(Lab) Ronnie NICHOLSON'],['(Lab) Ronnie NICHOLSON'],['(Lab) Ronnie NICHOLSON'],['(Lab) Ronnie NICHOLSON'],['(Lab) Ronnie NICHOLSON'],['(Lab) Ronnie NICHOLSON'],['(Lab) Ronnie NICHOLSON'],['(Lab) Ronnie NICHOLSON'],['(Lab) Ronnie NICHOLSON'],['(Lab) Ronnie NICHOLSON'],['(Lab) Ronnie NICHOLSON'],['(Lab) Ronnie NICHOLSON'],['(Lab) Ronnie NICHOLSON'],['(Lab) Ronnie NICHOLSON'],['(Lab) Ronnie NICHOLSON'],['(Lab) Ronnie NICHOLSON'],['(Lab) Ronnie NICHOLSON'],['(Lab) Ronnie NICHOLSON'],['(Lab) Ronnie NICHOLSON'],['(Lab) Ronnie NICHOLSON'],['(Lab) Ronnie NICHOLSON']
raw_data/scotland/processed_data/dumgal12-ballots/AnnandaleNorthWard_dumgal12-12.csv,5,['(Con) Gail MACGREGOR'],['(Con) Gail MACGREGOR'],['(Con) Gail MACGREGOR'],['(Con) Gail MACGREGOR'],['(Lab) Ted BROWN'],['(Con) Gail MACGREGOR'],['(Con) Gail MACGREGOR'],['(Con) Gail MACGREGOR'],['(Con) Gail MACGREGOR'],['(Con) Gail MACGREGOR'],['(Con) Gail MACGREGOR'],['(Con) Gail MACGREGOR'],['(Con) Gail MACGREGOR'],['(Con) Gail MACGREGOR'],['(Con) Gail MACGREGOR'],['(Con) Gail MACGREGOR'],['(Con) Gail MACGREGOR'],['(Con) Gail MACGREGOR'],['(Con) Gail MACGREGOR'],['(Lab) Ted BROWN'],['(Con) Gail MACGREGOR'],['(Con) Gail MACGREGOR'],['(Con) Gail MACGREGOR'],['(Con) Gail MACGREGOR'],['(Con) Gail MACGREGOR'],['(Con) Gail MACGREGOR'],['(Con) Gail MACGREGOR'],['(Con) Gail MACGREGOR'],['(Con) Gail MACGREGOR'],['(Con) Gail MACGREGOR']
raw_data/scotland/processed_data/dumgal12-ballots/AbbeyWard_dumgal12-06.csv,4,['(Lab) Davie STITT'],['(Lab) Davie STITT'],['(Lab) Davie STITT'],['(Lab) Davie STITT'],['(Lab) Davie STITT'],['(Lab) Davie STITT'],['(Lab) Davie STITT'],['(Lab) Davie STITT'],['(Lab) Davie STITT'],['(Lab) Davie STITT'],['(Lab) Davie STITT'],['(Lab) Davie STITT'],['(Lab) Davie STITT'],['(Lab) Davie STITT'],['(Lab) Davie STITT'],['(Lab) Davie STITT'],['(Lab) Davie STITT'],['(Lab) Davie STITT'],['(Lab) Davie STITT'],['(Lab) Davie STITT'],['(Lab) Davie STITT'],['(Lab) Davie STITT'],['(Lab) Davie STITT'],['(Lab) Davie STITT'],['(Lab) Davie STITT'],['(Lab) Davie STITT'],['(Lab) Davie STITT'],['(Lab) Davie STITT'],['(Lab) Davie STITT'],['(Lab) Davie STITT']
raw_data/scotland/processed_data/w-lothian12-ballots/LivingstonNorth_w-lothian12-03.csv,5,['Robert DE BOLD (SNP)'],['Robert DE BOLD (SNP)'],['Robert DE BOLD (SNP)'],['Robert DE BOLD (SNP)'],['Robert DE BOLD (SNP)'],['Robert DE BOLD (SNP)'],['Robert DE BOLD (SNP)'],['Robert DE BOLD (SNP)'],['Robert DE BOLD (SNP)'],['Robert DE BOLD (SNP)'],['Robert DE BOLD (SNP)'],['Robert DE BOLD (SNP)'],['Robert DE BOLD (SNP)'],['Robert DE BOLD (SNP)'],['Robert DE BOLD (SNP)'],['Robert DE BOLD (SNP)'],['Robert DE BOLD (SNP)'],['Robert DE BOLD (SNP)'],['Robert DE BOLD (SNP)'],['Robert DE BOLD (SNP)'],['Robert DE BOLD (SNP)'],['Robert DE BOLD (SNP)'],['Robert DE BOLD (SNP)'],['Robert DE BOLD (SNP)'],['Robert DE BOLD (SNP)'],['Robert DE BOLD (SNP)'],['Robert DE BOLD (SNP)'],['Robert DE BOLD (SNP)'],['Robert DE BOLD (SNP)'],['Robert DE BOLD (SNP)']
raw_data/scotland/processed_data/w-lothian12-ballots/LivingstonSouth_w-lothian12-04.csv,4,['Lawrence FITZPATRICK (Lab)'],['Lawrence FITZPATRICK (Lab)'],['Lawrence FITZPATRICK (Lab)'],['Lawrence FITZPATRICK (Lab)'],['Lawrence FITZPATRICK (Lab)'],['Lawrence FITZPATRICK (Lab)'],['Lawrence FITZPATRICK (Lab)'],['Lawrence FITZPATRICK (Lab)'],['Lawrence FITZPATRICK (Lab)'],['Lawrence FITZPATRICK (Lab)'],['Lawrence FITZPATRICK (Lab)'],['Lawrence FITZPATRICK (Lab)'],['Lawrence FITZPATRICK (Lab)'],['Lawrence FITZPATRICK (Lab)'],['Lawrence FITZPATRICK (Lab)'],['Lawrence FITZPATRICK (Lab)'],['Lawrence FITZPATRICK (Lab)'],['Lawrence FITZPATRICK (Lab)'],['Lawrence FITZPATRICK (Lab)'],['Lawrence FITZPATRICK (Lab)'],['Lawrence FITZPATRICK (Lab)'],['Lawrence FITZPATRICK (Lab)'],['Lawrence FITZPATRICK (Lab)'],['Lawrence FITZPATRICK (Lab)'],['Lawrence FITZPATRICK (Lab)'],['Lawrence FITZPATRICK (Lab)'],['Lawrence FITZPATRICK (Lab)'],['Lawrence FITZPATRICK (Lab)'],['Lawrence FITZPATRICK (Lab)'],['Lawrence FITZPATRICK (Lab)']
raw_data/scotland/processed_data/w-lothian12-ballots/Bathgate_w-lothian12-08.csv,6,['Jim WALKER (SNP)'],['Jim WALKER (SNP)'],['Jim WALKER (SNP)'],['Jim WALKER (SNP)'],['John MCGINTY (Lab)'],['Jim WALKER (SNP)'],['Jim WALKER (SNP)'],['Jim WALKER (SNP)'],['Jim WALKER (SNP)'],['Jim WALKER (SNP)'],['Jim WALKER (SNP)'],['Jim WALKER (SNP)'],['Jim WALKER (SNP)'],['Jim WALKER (SNP)'],['Jim WALKER (SNP)'],['Jim WALKER (SNP)'],['Jim WALKER (SNP)'],['Jim WALKER (SNP)'],['Jim WALKER (SNP)'],['John MCGINTY (Lab)'],['Jim WALKER (SNP)'],['Jim WALKER (SNP)'],['Jim WALKER (SNP)'],['Jim WALKER (SNP)'],['Jim WALKER (SNP)'],['Jim WALKER (SNP)'],['Jim WALKER (SNP)'],['Jim WALKER (SNP)'],['Jim WALKER (SNP)'],['Jim WALKER (SNP)']
raw_data/scotland/processed_data/w-lothian12-ballots/FauldhouseandtheBriechValley_w-lothian12-06.csv,4,['David DODDS (Lab)'],['David DODDS (Lab)'],['David DODDS (Lab)'],['David DODDS (Lab)'],['David DODDS (Lab)'],['David DODDS (Lab)'],['David DODDS (Lab)'],['David DODDS (Lab)'],['David DODDS (Lab)'],['David DODDS (Lab)'],['David DODDS (Lab)'],['David DODDS (Lab)'],['David DODDS (Lab)'],['David DODDS (Lab)'],['David DODDS (Lab)'],['David DODDS (Lab)'],['David DODDS (Lab)'],['David DODDS (Lab)'],['David DODDS (Lab)'],['David DODDS (Lab)'],['David DODDS (Lab)'],['David DODDS (Lab)'],['David DODDS (Lab)'],['David DODDS (Lab)'],['David DODDS (Lab)'],['David DODDS (Lab)'],['David DODDS (Lab)'],['David DODDS (Lab)'],['David DODDS (Lab)'],['David DODDS (Lab)']
raw_data/scotland/processed_data/w-lothian12-ballots/WhitburnandBlackburn_w-lothian12-07.csv,6,['George PAUL (Lab)'],['George PAUL (Lab)'],['George PAUL (Lab)'],['George PAUL (Lab)'],['George PAUL (Lab)'],['George PAUL (Lab)'],['George PAUL (Lab)'],['George PAUL (Lab)'],['George PAUL (Lab)'],['George PAUL (Lab)'],['George PAUL (Lab)'],['George PAUL (Lab)'],['George PAUL (Lab)'],['George PAUL (Lab)'],['George PAUL (Lab)'],['George PAUL (Lab)'],['George PAUL (Lab)'],['George PAUL (Lab)'],['George PAUL (Lab)'],['George PAUL (Lab)'],['George PAUL (Lab)'],['George PAUL (Lab)'],['George PAUL (Lab)'],['George PAUL (Lab)'],['George PAUL (Lab)'],['George PAUL (Lab)'],['George PAUL (Lab)'],['George PAUL (Lab)'],['George PAUL (Lab)'],['George PAUL (Lab)']
raw_data/scotland/processed_data/w-lothian12-ballots/EastLivingstonandEastCalder_w-lothian12-05.csv,4,['Dave KING (Lab)'],['Dave KING (Lab)'],['Dave KING (Lab)'],['Dave KING (Lab)'],['Dave KING (Lab)'],['Dave KING (Lab)'],['Dave KING (Lab)'],['Dave KING (Lab)'],['Dave KING (Lab)'],['Dave KING (Lab)'],['Dave KING (Lab)'],['Dave KING (Lab)'],['Dave KING (Lab)'],['Dave KING (Lab)'],['Dave KING (Lab)'],['Dave KING (Lab)'],['Dave KING (Lab)'],['Dave KING (Lab)'],['Dave KING (Lab)'],['Dave KING (Lab)'],['Dave KING (Lab)'],['Dave KING (Lab)'],['Dave KING (Lab)'],['Dave KING (Lab)'],['Dave KING (Lab)'],['Dave KING (Lab)'],['Dave KING (Lab)'],['Dave KING (Lab)'],['Dave KING (Lab)'],['Dave KING (Lab)']
"raw_data/scotland/processed_data/w-lothian12-ballots/Broxburn,UphallandWinchburgh_w-lothian12-02.csv",4,['Diane CALDER (SNP)'],['Diane CALDER (SNP)'],['Diane CALDER (SNP)'],['Alex DAVIDSON (Lab)'],['Alex DAVIDSON (Lab)'],['Alex DAVIDSON (Lab)'],['Alex DAVIDSON (Lab)'],['Diane CALDER (SNP)'],['Diane CALDER (SNP)'],['Diane CALDER (SNP)'],['Diane CALDER (SNP)'],['Diane CALDER (SNP)'],['Diane CALDER (SNP)'],['Alex DAVIDSON (Lab)'],['Diane CALDER (SNP)'],['Diane CALDER (SNP)'],['Diane CALDER (SNP)'],['Diane CALDER (SNP)'],['Alex DAVIDSON (Lab)'],['Alex DAVIDSON (Lab)'],['Alex DAVIDSON (Lab)'],['Alex DAVIDSON (Lab)'],['Diane CALDER (SNP)'],['Diane CALDER (SNP)'],['Diane CALDER (SNP)'],['Diane CALDER (SNP)'],['Diane CALDER (SNP)'],['Diane CALDER (SNP)'],['Alex DAVIDSON (Lab)'],['Diane CALDER (SNP)']
raw_data/scotland/processed_data/w-lothian12-ballots/Linlithgow_w-lothian12-01.csv,5,['Martyn DAY (SNP)'],['Martyn DAY (SNP)'],['Martyn DAY (SNP)'],['Martyn DAY (SNP)'],['Martyn DAY (SNP)'],['Martyn DAY (SNP)'],['Martyn DAY (SNP)'],['Martyn DAY (SNP)'],['Martyn DAY (SNP)'],['Martyn DAY (SNP)'],['Martyn DAY (SNP)'],['Martyn DAY (SNP)'],['Martyn DAY (SNP)'],['Martyn DAY (SNP)'],['Martyn DAY (SNP)'],['Martyn DAY (SNP)'],['Martyn DAY (SNP)'],['Martyn DAY (SNP)'],['Martyn DAY (SNP)'],['Martyn DAY (SNP)'],['Martyn DAY (SNP)'],['Martyn DAY (SNP)'],['Martyn DAY (SNP)'],['Martyn DAY (SNP)'],['Martyn DAY (SNP)'],['Martyn DAY (SNP)'],['Martyn DAY (SNP)'],['Martyn DAY (SNP)'],['Martyn DAY (SNP)'],['Martyn DAY (SNP)']
raw_data/scotland/processed_data/w-lothian12-ballots/ArmadaleandBlackridge_w-lothian12-09.csv,4,['Stuart BORROWMAN (Ind)'],['Stuart BORROWMAN (Ind)'],['Stuart BORROWMAN (Ind)'],['Stuart BORROWMAN (Ind)'],['Stuart BORROWMAN (Ind)'],['Stuart BORROWMAN (Ind)'],['Stuart BORROWMAN (Ind)'],['Stuart BORROWMAN (Ind)'],['Stuart BORROWMAN (Ind)'],['Stuart BORROWMAN (Ind)'],['Stuart BORROWMAN (Ind)'],['Stuart BORROWMAN (Ind)'],['Stuart BORROWMAN (Ind)'],['Stuart BORROWMAN (Ind)'],['Stuart BORROWMAN (Ind)'],['Stuart BORROWMAN (Ind)'],['Stuart BORROWMAN (Ind)'],['Stuart BORROWMAN (Ind)'],['Stuart BORROWMAN (Ind)'],['Stuart BORROWMAN (Ind)'],['Stuart BORROWMAN (Ind)'],['Stuart BORROWMAN (Ind)'],['Stuart BORROWMAN (Ind)'],['Stuart BORROWMAN (Ind)'],['Stuart BORROWMAN (Ind)'],['Stuart BORROWMAN (Ind)'],['Stuart BORROWMAN (Ind)'],['Stuart BORROWMAN (Ind)'],['Stuart BORROWMAN (Ind)'],['Stuart BORROWMAN (Ind)']
raw_data/scotland/processed_data/e-ayrshire22/Ward6-IrvineValley_Ward6.csv,4,['Beverley Michele CLARK (SNP) '],['Beverley Michele CLARK (SNP) '],['Beverley Michele CLARK (SNP) '],['Beverley Michele CLARK (SNP) '],['Kevin MCGREGOR (Labour and Co-operative Party) '],['Beverley Michele CLARK (SNP) '],['Beverley Michele CLARK (SNP) '],['Beverley Michele CLARK (SNP) '],['Beverley Michele CLARK (SNP) '],['Beverley Michele CLARK (SNP) '],['Beverley Michele CLARK (SNP) '],['Beverley Michele CLARK (SNP) '],['Beverley Michele CLARK (SNP) '],['Kevin MCGREGOR (Labour and Co-operative Party) '],['Beverley Michele CLARK (SNP) '],['Beverley Michele CLARK (SNP) '],['Beverley Michele CLARK (SNP) '],['Beverley Michele CLARK (SNP) '],['Beverley Michele CLARK (SNP) '],['Kevin MCGREGOR (Labour and Co-operative Party) '],['Beverley Michele CLARK (SNP) '],['Beverley Michele CLARK (SNP) '],['Beverley Michele CLARK (SNP) '],['Beverley Michele CLARK (SNP) '],['Beverley Michele CLARK (SNP) '],['Beverley Michele CLARK (SNP) '],['Beverley Michele CLARK (SNP) '],['Beverley Michele CLARK (SNP) '],['Kevin MCGREGOR (Labour and Co-operative Party) '],['Beverley Michele CLARK (SNP) ']
raw_data/scotland/processed_data/e-ayrshire22/Ward3-KilmarnockWestandCrosshouse_Ward3.csv,6,['Iain LINTON (SNP)'],['Lillian JONES (Lab)'],['Lillian JONES (Lab)'],['Lillian JONES (Lab)'],['Lillian JONES (Lab)'],['Lillian JONES (Lab)'],['Lillian JONES (Lab)'],['Lillian JONES (Lab)'],['Lillian JONES (Lab)'],['Lillian JONES (Lab)'],['Lillian JONES (Lab)'],['Lillian JONES (Lab)'],['Lillian JONES (Lab)'],['Lillian JONES (Lab)'],['Lillian JONES (Lab)'],['Iain LINTON (SNP)'],['Lillian JONES (Lab)'],['Lillian JONES (Lab)'],['Lillian JONES (Lab)'],['Lillian JONES (Lab)'],['Lillian JONES (Lab)'],['Lillian JONES (Lab)'],['Lillian JONES (Lab)'],['Lillian JONES (Lab)'],['Lillian JONES (Lab)'],['Lillian JONES (Lab)'],['Lillian JONES (Lab)'],['Lillian JONES (Lab)'],['Lillian JONES (Lab)'],['Lillian JONES (Lab)']
raw_data/scotland/processed_data/e-ayrshire22/Ward4-KilmarnockEastandHurlford_Ward4.csv,5,['Barry DOUGLAS (Lab) '],['Barry DOUGLAS (Lab) '],['Barry DOUGLAS (Lab) '],['Barry DOUGLAS (Lab) '],['Barry DOUGLAS (Lab) '],['Barry DOUGLAS (Lab) '],['Barry DOUGLAS (Lab) '],['Barry DOUGLAS (Lab) '],['Barry DOUGLAS (Lab) '],['Barry DOUGLAS (Lab) '],['Barry DOUGLAS (Lab) '],['Barry DOUGLAS (Lab) '],['Barry DOUGLAS (Lab) '],['Barry DOUGLAS (Lab) '],['Barry DOUGLAS (Lab) '],['Barry DOUGLAS (Lab) '],['Barry DOUGLAS (Lab) '],['Barry DOUGLAS (Lab) '],['Barry DOUGLAS (Lab) '],['Barry DOUGLAS (Lab) '],['Barry DOUGLAS (Lab) '],['Barry DOUGLAS (Lab) '],['Barry DOUGLAS (Lab) '],['Barry DOUGLAS (Lab) '],['Barry DOUGLAS (Lab) '],['Barry DOUGLAS (Lab) '],['Barry DOUGLAS (Lab) '],['Barry DOUGLAS (Lab) '],['Barry DOUGLAS (Lab) '],['Barry DOUGLAS (Lab) ']
raw_data/scotland/processed_data/e-ayrshire22/Ward7-Ballochmyle_Ward7.csv,4,['Claire LEITCH (SNP) '],['Linda HOLLAND (Lab) '],['Linda HOLLAND (Lab) '],['Linda HOLLAND (Lab) '],['Linda HOLLAND (Lab) '],['Linda HOLLAND (Lab) '],['Linda HOLLAND (Lab) '],['Linda HOLLAND (Lab) '],['Linda HOLLAND (Lab) '],['Linda HOLLAND (Lab) '],['Linda HOLLAND (Lab) '],['Linda HOLLAND (Lab) '],['Linda HOLLAND (Lab) '],['Linda HOLLAND (Lab) '],['Linda HOLLAND (Lab) '],['Claire LEITCH (SNP) '],['Linda HOLLAND (Lab) '],['Linda HOLLAND (Lab) '],['Linda HOLLAND (Lab) '],['Linda HOLLAND (Lab) '],['Linda HOLLAND (Lab) '],['Linda HOLLAND (Lab) '],['Linda HOLLAND (Lab) '],['Linda HOLLAND (Lab) '],['Linda HOLLAND (Lab) '],['Linda HOLLAND (Lab) '],['Linda HOLLAND (Lab) '],['Linda HOLLAND (Lab) '],['Linda HOLLAND (Lab) '],['Linda HOLLAND (Lab) ']
raw_data/scotland/processed_data/e-ayrshire22/Ward8-CumnockandNewCumnock_Ward8.csv,4,['Billy CRAWFORD (Lab) '],['Billy CRAWFORD (Lab) '],['Billy CRAWFORD (Lab) '],['Billy CRAWFORD (Lab) '],['Billy CRAWFORD (Lab) '],['Billy CRAWFORD (Lab) '],['Billy CRAWFORD (Lab) '],['Billy CRAWFORD (Lab) '],['Billy CRAWFORD (Lab) '],['Billy CRAWFORD (Lab) '],['Billy CRAWFORD (Lab) '],['Billy CRAWFORD (Lab) '],['Billy CRAWFORD (Lab) '],['Billy CRAWFORD (Lab) '],['Billy CRAWFORD (Lab) '],['Billy CRAWFORD (Lab) '],['Billy CRAWFORD (Lab) '],['Billy CRAWFORD (Lab) '],['Billy CRAWFORD (Lab) '],['Billy CRAWFORD (Lab) '],['Billy CRAWFORD (Lab) '],['Billy CRAWFORD (Lab) '],['Billy CRAWFORD (Lab) '],['Billy CRAWFORD (Lab) '],['Billy CRAWFORD (Lab) '],['Billy CRAWFORD (Lab) '],['Billy CRAWFORD (Lab) '],['Billy CRAWFORD (Lab) '],['Billy CRAWFORD (Lab) '],['Billy CRAWFORD (Lab) ']
raw_data/scotland/processed_data/e-ayrshire22/Ward9-DoonValley_Ward9.csv,6,['Drew FILSON (Ind) '],['Drew FILSON (Ind) '],['Drew FILSON (Ind) '],['Drew FILSON (Ind) '],['Drew FILSON (Ind) '],['Drew FILSON (Ind) '],['Drew FILSON (Ind) '],['Drew FILSON (Ind) '],['Drew FILSON (Ind) '],['Drew FILSON (Ind) '],['Drew FILSON (Ind) '],['Drew FILSON (Ind) '],['Drew FILSON (Ind) '],['Drew FILSON (Ind) '],['Drew FILSON (Ind) '],['Drew FILSON (Ind) '],['Drew FILSON (Ind) '],['Drew FILSON (Ind) '],['Drew FILSON (Ind) '],['Drew FILSON (Ind) '],['Drew FILSON (Ind) '],['Drew FILSON (Ind) '],['Drew FILSON (Ind) '],['Drew FILSON (Ind) '],['Drew FILSON (Ind) '],['Drew FILSON (Ind) '],['Drew FILSON (Ind) '],['Drew FILSON (Ind) '],['Drew FILSON (Ind) '],['Drew FILSON (Ind) ']
raw_data/scotland/processed_data/e-ayrshire22/Ward2-KilmarnockNorth_Ward2.csv,5,['Elaine COWAN (SNP)'],['Elaine COWAN (SNP)'],['Elaine COWAN (SNP)'],['Elaine COWAN (SNP)'],['Elaine COWAN (SNP)'],['Elaine COWAN (SNP)'],['Elaine COWAN (SNP)'],['Elaine COWAN (SNP)'],['Elaine COWAN (SNP)'],['Elaine COWAN (SNP)'],['Elaine COWAN (SNP)'],['Elaine COWAN (SNP)'],['Elaine COWAN (SNP)'],['Elaine COWAN (SNP)'],['Elaine COWAN (SNP)'],['Elaine COWAN (SNP)'],['Elaine COWAN (SNP)'],['Elaine COWAN (SNP)'],['Elaine COWAN (SNP)'],['Elaine COWAN (SNP)'],['Elaine COWAN (SNP)'],['Elaine COWAN (SNP)'],['Elaine COWAN (SNP)'],['Elaine COWAN (SNP)'],['Elaine COWAN (SNP)'],['Elaine COWAN (SNP)'],['Elaine COWAN (SNP)'],['Elaine COWAN (SNP)'],['Elaine COWAN (SNP)'],['Elaine COWAN (SNP)']
raw_data/scotland/processed_data/e-ayrshire22/Ward1-Annick_Ward1.csv,5,['Wendy HANNAH (SNP)'],['Wendy HANNAH (SNP)'],['Wendy HANNAH (SNP)'],['John MCGHEE (Lab)'],['Ellen FREEL (Ind)'],['John MCGHEE (Lab)'],['Wendy HANNAH (SNP)'],['John MCGHEE (Lab)'],['John MCGHEE (Lab)'],['John MCGHEE (Lab)'],['John MCGHEE (Lab)'],['John MCGHEE (Lab)'],['John MCGHEE (Lab)'],['Ellen FREEL (Ind)'],['John MCGHEE (Lab)'],['Wendy HANNAH (SNP)'],['Wendy HANNAH (SNP)'],['Wendy HANNAH (SNP)'],['John MCGHEE (Lab)'],['John MCGHEE (Lab)'],['John MCGHEE (Lab)'],['John MCGHEE (Lab)'],['John MCGHEE (Lab)'],['John MCGHEE (Lab)'],['John MCGHEE (Lab)'],['John MCGHEE (Lab)'],['John MCGHEE (Lab)'],['John MCGHEE (Lab)'],['John MCGHEE (Lab)'],['John MCGHEE (Lab)']
raw_data/scotland/processed_data/e-ayrshire22/Ward5-KilmarnockSouth_Ward5.csv,5,['Jim TODD (SNP) '],['Jim TODD (SNP) '],['Jim TODD (SNP) '],['Jim TODD (SNP) '],['Jim TODD (SNP) '],['Jim TODD (SNP) '],['Jim TODD (SNP) '],['Jim TODD (SNP) '],['Jim TODD (SNP) '],['Jim TODD (SNP) '],['Jim TODD (SNP) '],['Jim TODD (SNP) '],['Jim TODD (SNP) '],['Jim TODD (SNP) '],['Jim TODD (SNP) '],['Jim TODD (SNP) '],['Jim TODD (SNP) '],['Jim TODD (SNP) '],['Jim TODD (SNP) '],['Jim TODD (SNP) '],['Jim TODD (SNP) '],['Jim TODD (SNP) '],['Jim TODD (SNP) '],['Jim TODD (SNP) '],['Jim TODD (SNP) '],['Jim TODD (SNP) '],['Jim TODD (SNP) '],['Jim TODD (SNP) '],['Jim TODD (SNP) '],['Jim TODD (SNP) ']
raw_data/scotland/processed_data/midlothian22/dalkeith_preference_profile_open_from_within_ms_word_or_similar.csv,6,['Douglas BOWEN (SNP)'],['Kelly DRUMMOND (Lab)'],['Kelly DRUMMOND (Lab)'],['Kelly DRUMMOND (Lab)'],['Douglas BOWEN (SNP)'],['Kelly DRUMMOND (Lab)'],['Kelly DRUMMOND (Lab)'],['Kelly DRUMMOND (Lab)'],['Kelly DRUMMOND (Lab)'],['Kelly DRUMMOND (Lab)'],['Kelly DRUMMOND (Lab)'],['Kelly DRUMMOND (Lab)'],['Kelly DRUMMOND (Lab)'],['Kelly DRUMMOND (Lab)'],['Kelly DRUMMOND (Lab)'],['Douglas BOWEN (SNP)'],['Kelly DRUMMOND (Lab)'],['Kelly DRUMMOND (Lab)'],['Kelly DRUMMOND (Lab)'],['Kelly DRUMMOND (Lab)'],['Kelly DRUMMOND (Lab)'],['Kelly DRUMMOND (Lab)'],['Kelly DRUMMOND (Lab)'],['Kelly DRUMMOND (Lab)'],['Kelly DRUMMOND (Lab)'],['Kelly DRUMMOND (Lab)'],['Kelly DRUMMOND (Lab)'],['Kelly DRUMMOND (Lab)'],['Kelly DRUMMOND (Lab)'],['Kelly DRUMMOND (Lab)']
