voterId,rank1,rank2,rank3,rank4,rank5,numSeats,numCands
0,Con,skipped,skipped,skipped,skipped,,5
1,Con,skipped,skipped,skipped,skipped,,5
2,Con,skipped,skipped,skipped,skipped,,5
3,Con,skipped,skipped,skipped,skipped,,5
4,Con,skipped,skipped,skipped,skipped,,5
5,Con,skipped,skipped,skipped,skipped,,5
6,Con,skipped,skipped,skipped,skipped,,5
7,Con,skipped,skipped,skipped,skipped,,5
8,Con,skipped,skipped,skipped,skipped,,5
9,Con,skipped,skipped,skipped,skipped,,5
10,Con,skipped,skipped,skipped,skipped,,5
11,Con,skipped,skipped,skipped,skipped,,5
12,Con,skipped,skipped,skipped,skipped,,5
13,Con,skipped,skipped,skipped,skipped,,5
14,Con,skipped,skipped,skipped,skipped,,5
15,Con,skipped,skipped,skipped,skipped,,5
16,Con,skipped,skipped,skipped,skipped,,5
17,Con,skipped,skipped,skipped,skipped,,5
18,Con,skipped,skipped,skipped,skipped,,5
19,Con,skipped,skipped,skipped,skipped,,5
20,Con,skipped,skipped,skipped,skipped,,5
21,Con,skipped,skipped,skipped,skipped,,5
22,Con,skipped,skipped,skipped,skipped,,5
23,Con,skipped,skipped,skipped,skipped,,5
24,Con,skipped,skipped,skipped,skipped,,5
25,Con,skipped,skipped,skipped,skipped,,5
26,Con,skipped,skipped,skipped,skipped,,5
27,Con,skipped,skipped,skipped,skipped,,5
28,Con,skipped,skipped,skipped,skipped,,5
29,Con,skipped,skipped,skipped,skipped,,5
30,Con,skipped,skipped,skipped,skipped,,5
31,Con,skipped,skipped,skipped,skipped,,5
32,Con,skipped,skipped,skipped,skipped,,5
33,Con,skipped,skipped,skipped,skipped,,5
34,Con,skipped,skipped,skipped,skipped,,5
35,Con,skipped,skipped,skipped,skipped,,5
36,Con,skipped,skipped,skipped,skipped,,5
37,Con,skipped,skipped,skipped,skipped,,5
38,Con,skipped,skipped,skipped,skipped,,5
39,Con,skipped,skipped,skipped,skipped,,5
40,Con,skipped,skipped,skipped,skipped,,5
41,Con,skipped,skipped,skipped,skipped,,5
42,Con,skipped,skipped,skipped,skipped,,5
43,Con,skipped,skipped,skipped,skipped,,5
44,Con,skipped,skipped,skipped,skipped,,5
45,Con,skipped,skipped,skipped,skipped,,5
46,Con,skipped,skipped,skipped,skipped,,5
47,Con,skipped,skipped,skipped,skipped,,5
48,Con,skipped,skipped,skipped,skipped,,5
49,Con,skipped,skipped,skipped,skipped,,5
50,Con,skipped,skipped,skipped,skipped,,5
51,Con,skipped,skipped,skipped,skipped,,5
52,Con,skipped,skipped,skipped,skipped,,5
53,Con,skipped,skipped,skipped,skipped,,5
54,Con,skipped,skipped,skipped,skipped,,5
55,Con,skipped,skipped,skipped,skipped,,5
56,Con,skipped,skipped,skipped,skipped,,5
57,Con,skipped,skipped,skipped,skipped,,5
58,Con,skipped,skipped,skipped,skipped,,5
59,Con,skipped,skipped,skipped,skipped,,5
60,Con,skipped,skipped,skipped,skipped,,5
61,Con,skipped,skipped,skipped,skipped,,5
62,Con,skipped,skipped,skipped,skipped,,5
63,Con,skipped,skipped,skipped,skipped,,5
64,Con,skipped,skipped,skipped,skipped,,5
65,Con,skipped,skipped,skipped,skipped,,5
66,Con,skipped,skipped,skipped,skipped,,5
67,Con,skipped,skipped,skipped,skipped,,5
68,Con,skipped,skipped,skipped,skipped,,5
69,Con,skipped,skipped,skipped,skipped,,5
70,Con,skipped,skipped,skipped,skipped,,5
71,Con,skipped,skipped,skipped,skipped,,5
72,Con,skipped,skipped,skipped,skipped,,5
73,Con,skipped,skipped,skipped,skipped,,5
74,Con,skipped,skipped,skipped,skipped,,5
75,Con,skipped,skipped,skipped,skipped,,5
76,Con,skipped,skipped,skipped,skipped,,5
77,Con,skipped,skipped,skipped,skipped,,5
78,Con,skipped,skipped,skipped,skipped,,5
79,Con,skipped,skipped,skipped,skipped,,5
80,Con,skipped,skipped,skipped,skipped,,5
81,Con,skipped,skipped,skipped,skipped,,5
82,Con,skipped,skipped,skipped,skipped,,5
83,Con,skipped,skipped,skipped,skipped,,5
84,Con,skipped,skipped,skipped,skipped,,5
85,Con,skipped,skipped,skipped,skipped,,5
86,Con,skipped,skipped,skipped,skipped,,5
87,Con,skipped,skipped,skipped,skipped,,5
88,Con,skipped,skipped,skipped,skipped,,5
89,Con,skipped,skipped,skipped,skipped,,5
90,Con,skipped,skipped,skipped,skipped,,5
91,Con,skipped,skipped,skipped,skipped,,5
92,Con,skipped,skipped,skipped,skipped,,5
93,Con,skipped,skipped,skipped,skipped,,5
94,Con,skipped,skipped,skipped,skipped,,5
95,Con,skipped,skipped,skipped,skipped,,5
96,Con,skipped,skipped,skipped,skipped,,5
97,Con,skipped,skipped,skipped,skipped,,5
98,Con,skipped,skipped,skipped,skipped,,5
99,Con,skipped,skipped,skipped,skipped,,5
100,Con,skipped,skipped,skipped,skipped,,5
101,Con,skipped,skipped,skipped,skipped,,5
102,Con,skipped,skipped,skipped,skipped,,5
103,Con,skipped,skipped,skipped,skipped,,5
104,Con,skipped,skipped,skipped,skipped,,5
105,Con,skipped,skipped,skipped,skipped,,5
106,Con,skipped,skipped,skipped,skipped,,5
107,Con,skipped,skipped,skipped,skipped,,5
108,Con,skipped,skipped,skipped,skipped,,5
109,Con,skipped,skipped,skipped,skipped,,5
110,Con,skipped,skipped,skipped,skipped,,5
111,Con,skipped,skipped,skipped,skipped,,5
112,Con,skipped,skipped,skipped,skipped,,5
113,Con,skipped,skipped,skipped,skipped,,5
114,Con,skipped,skipped,skipped,skipped,,5
115,Con,skipped,skipped,skipped,skipped,,5
116,Con,skipped,skipped,skipped,skipped,,5
117,Con,skipped,skipped,skipped,skipped,,5
118,Con,skipped,skipped,skipped,skipped,,5
119,Con,skipped,skipped,skipped,skipped,,5
120,Con,skipped,skipped,skipped,skipped,,5
121,Con,skipped,skipped,skipped,skipped,,5
122,Con,skipped,skipped,skipped,skipped,,5
123,Con,skipped,skipped,skipped,skipped,,5
124,Con,skipped,skipped,skipped,skipped,,5
125,Con,skipped,skipped,skipped,skipped,,5
126,Con,skipped,skipped,skipped,skipped,,5
127,Con,skipped,skipped,skipped,skipped,,5
128,Con,skipped,skipped,skipped,skipped,,5
129,Con,skipped,skipped,skipped,skipped,,5
130,Con,skipped,skipped,skipped,skipped,,5
131,Con,skipped,skipped,skipped,skipped,,5
132,Con,skipped,skipped,skipped,skipped,,5
133,Con,skipped,skipped,skipped,skipped,,5
134,Con,skipped,skipped,skipped,skipped,,5
135,Con,skipped,skipped,skipped,skipped,,5
136,Con,skipped,skipped,skipped,skipped,,5
137,Con,skipped,skipped,skipped,skipped,,5
138,Con,skipped,skipped,skipped,skipped,,5
139,Con,skipped,skipped,skipped,skipped,,5
140,Con,skipped,skipped,skipped,skipped,,5
141,Con,skipped,skipped,skipped,skipped,,5
142,Con,skipped,skipped,skipped,skipped,,5
143,Con,skipped,skipped,skipped,skipped,,5
144,Con,skipped,skipped,skipped,skipped,,5
145,Con,skipped,skipped,skipped,skipped,,5
146,Con,skipped,skipped,skipped,skipped,,5
147,Con,skipped,skipped,skipped,skipped,,5
148,Con,skipped,skipped,skipped,skipped,,5
149,Con,skipped,skipped,skipped,skipped,,5
150,Con,skipped,skipped,skipped,skipped,,5
151,Con,skipped,skipped,skipped,skipped,,5
152,Con,skipped,skipped,skipped,skipped,,5
153,Con,skipped,skipped,skipped,skipped,,5
154,Con,skipped,skipped,skipped,skipped,,5
155,Con,skipped,skipped,skipped,skipped,,5
156,Con,skipped,skipped,skipped,skipped,,5
157,Con,skipped,skipped,skipped,skipped,,5
158,Con,skipped,skipped,skipped,skipped,,5
159,Con,skipped,skipped,skipped,skipped,,5
160,Con,skipped,skipped,skipped,skipped,,5
161,Con,skipped,skipped,skipped,skipped,,5
162,Con,skipped,skipped,skipped,skipped,,5
163,Con,skipped,skipped,skipped,skipped,,5
164,Con,skipped,skipped,skipped,skipped,,5
165,Con,skipped,skipped,skipped,skipped,,5
166,Con,skipped,skipped,skipped,skipped,,5
167,Con,skipped,skipped,skipped,skipped,,5
168,Con,skipped,skipped,skipped,skipped,,5
169,Con,skipped,skipped,skipped,skipped,,5
170,Con,skipped,skipped,skipped,skipped,,5
171,Con,skipped,skipped,skipped,skipped,,5
172,Con,skipped,skipped,skipped,skipped,,5
173,Con,skipped,skipped,skipped,skipped,,5
174,Con,skipped,skipped,skipped,skipped,,5
175,Con,skipped,skipped,skipped,skipped,,5
176,Con,skipped,skipped,skipped,skipped,,5
177,Con,skipped,skipped,skipped,skipped,,5
178,Con,skipped,skipped,skipped,skipped,,5
179,Con,skipped,skipped,skipped,skipped,,5
180,Con,skipped,skipped,skipped,skipped,,5
181,Con,skipped,skipped,skipped,skipped,,5
182,Con,skipped,skipped,skipped,skipped,,5
183,Con,skipped,skipped,skipped,skipped,,5
184,Con,skipped,skipped,skipped,skipped,,5
185,Con,skipped,skipped,skipped,skipped,,5
186,Con,skipped,skipped,skipped,skipped,,5
187,Con,skipped,skipped,skipped,skipped,,5
188,Con,skipped,skipped,skipped,skipped,,5
189,Con,skipped,skipped,skipped,skipped,,5
190,Con,skipped,skipped,skipped,skipped,,5
191,Con,skipped,skipped,skipped,skipped,,5
192,Con,skipped,skipped,skipped,skipped,,5
193,Con,skipped,skipped,skipped,skipped,,5
194,Con,skipped,skipped,skipped,skipped,,5
195,Con,skipped,skipped,skipped,skipped,,5
196,Con,skipped,skipped,skipped,skipped,,5
197,Con,skipped,skipped,skipped,skipped,,5
198,Con,skipped,skipped,skipped,skipped,,5
199,Con,skipped,skipped,skipped,skipped,,5
200,Con,skipped,skipped,skipped,skipped,,5
201,Con,skipped,skipped,skipped,skipped,,5
202,Con,skipped,skipped,skipped,skipped,,5
203,Con,skipped,skipped,skipped,skipped,,5
204,Con,skipped,skipped,skipped,skipped,,5
205,Con,skipped,skipped,skipped,skipped,,5
206,Con,skipped,skipped,skipped,skipped,,5
207,Con,skipped,skipped,skipped,skipped,,5
208,Con,skipped,skipped,skipped,skipped,,5
209,Con,skipped,skipped,skipped,skipped,,5
210,Con,skipped,skipped,skipped,skipped,,5
211,Con,skipped,skipped,skipped,skipped,,5
212,Con,skipped,skipped,skipped,skipped,,5
213,Con,skipped,skipped,skipped,skipped,,5
214,Con,skipped,skipped,skipped,skipped,,5
215,Con,skipped,skipped,skipped,skipped,,5
216,Con,skipped,skipped,skipped,skipped,,5
217,Con,skipped,skipped,skipped,skipped,,5
218,Con,skipped,skipped,skipped,skipped,,5
219,Con,skipped,skipped,skipped,skipped,,5
220,Con,skipped,skipped,skipped,skipped,,5
221,Con,skipped,skipped,skipped,skipped,,5
222,Con,skipped,skipped,skipped,skipped,,5
223,Con,skipped,skipped,skipped,skipped,,5
224,Con,skipped,skipped,skipped,skipped,,5
225,Con,skipped,skipped,skipped,skipped,,5
226,Con,skipped,skipped,skipped,skipped,,5
227,Con,skipped,skipped,skipped,skipped,,5
228,Con,skipped,skipped,skipped,skipped,,5
229,Con,skipped,skipped,skipped,skipped,,5
230,Con,skipped,skipped,skipped,skipped,,5
231,Con,skipped,skipped,skipped,skipped,,5
232,Con,skipped,skipped,skipped,skipped,,5
233,Con,skipped,skipped,skipped,skipped,,5
234,Con,skipped,skipped,skipped,skipped,,5
235,Con,skipped,skipped,skipped,skipped,,5
236,Con,skipped,skipped,skipped,skipped,,5
237,Con,skipped,skipped,skipped,skipped,,5
238,Con,skipped,skipped,skipped,skipped,,5
239,Con,skipped,skipped,skipped,skipped,,5
240,Con,skipped,skipped,skipped,skipped,,5
241,Con,skipped,skipped,skipped,skipped,,5
242,Con,skipped,skipped,skipped,skipped,,5
243,Con,skipped,skipped,skipped,skipped,,5
244,Con,skipped,skipped,skipped,skipped,,5
245,Con,skipped,skipped,skipped,skipped,,5
246,Con,skipped,skipped,skipped,skipped,,5
247,Con,skipped,skipped,skipped,skipped,,5
248,Con,skipped,skipped,skipped,skipped,,5
249,Con,skipped,skipped,skipped,skipped,,5
250,Con,skipped,skipped,skipped,skipped,,5
251,Con,skipped,skipped,skipped,skipped,,5
252,Con,skipped,skipped,skipped,skipped,,5
253,Con,skipped,skipped,skipped,skipped,,5
254,Con,skipped,skipped,skipped,skipped,,5
255,Con,skipped,skipped,skipped,skipped,,5
256,Con,skipped,skipped,skipped,skipped,,5
257,Con,skipped,skipped,skipped,skipped,,5
258,Con,skipped,skipped,skipped,skipped,,5
259,Con,skipped,skipped,skipped,skipped,,5
260,Con,skipped,skipped,skipped,skipped,,5
261,Con,skipped,skipped,skipped,skipped,,5
262,Con,skipped,skipped,skipped,skipped,,5
263,Con,skipped,skipped,skipped,skipped,,5
264,Con,skipped,skipped,skipped,skipped,,5
265,Con,skipped,skipped,skipped,skipped,,5
266,Con,skipped,skipped,skipped,skipped,,5
267,Con,skipped,skipped,skipped,skipped,,5
268,Con,skipped,skipped,skipped,skipped,,5
269,Con,skipped,skipped,skipped,skipped,,5
270,Con,skipped,skipped,skipped,skipped,,5
271,Con,skipped,skipped,skipped,skipped,,5
272,Con,skipped,skipped,skipped,skipped,,5
273,Con,skipped,skipped,skipped,skipped,,5
274,Con,skipped,skipped,skipped,skipped,,5
275,Con,skipped,skipped,skipped,skipped,,5
276,Con,skipped,skipped,skipped,skipped,,5
277,Con,skipped,skipped,skipped,skipped,,5
278,Con,skipped,skipped,skipped,skipped,,5
279,Con,skipped,skipped,skipped,skipped,,5
280,Con,skipped,skipped,skipped,skipped,,5
281,Con,skipped,skipped,skipped,skipped,,5
282,Con,skipped,skipped,skipped,skipped,,5
283,Con,skipped,skipped,skipped,skipped,,5
284,Con,skipped,skipped,skipped,skipped,,5
285,Con,skipped,skipped,skipped,skipped,,5
286,Con,skipped,skipped,skipped,skipped,,5
287,Con,skipped,skipped,skipped,skipped,,5
288,Con,skipped,skipped,skipped,skipped,,5
289,Con,skipped,skipped,skipped,skipped,,5
290,Con,skipped,skipped,skipped,skipped,,5
291,Con,skipped,skipped,skipped,skipped,,5
292,Con,skipped,skipped,skipped,skipped,,5
293,Con,skipped,skipped,skipped,skipped,,5
294,Con,skipped,skipped,skipped,skipped,,5
295,Con,skipped,skipped,skipped,skipped,,5
296,Con,skipped,skipped,skipped,skipped,,5
297,Con,skipped,skipped,skipped,skipped,,5
298,Con,skipped,skipped,skipped,skipped,,5
299,Con,skipped,skipped,skipped,skipped,,5
300,Con,skipped,skipped,skipped,skipped,,5
301,Con,skipped,skipped,skipped,skipped,,5
302,Con,skipped,skipped,skipped,skipped,,5
303,Con,skipped,skipped,skipped,skipped,,5
304,Con,skipped,skipped,skipped,skipped,,5
305,Con,skipped,skipped,skipped,skipped,,5
306,Con,skipped,skipped,skipped,skipped,,5
307,Con,skipped,skipped,skipped,skipped,,5
308,Con,skipped,skipped,skipped,skipped,,5
309,Con,skipped,skipped,skipped,skipped,,5
310,Con,skipped,skipped,skipped,skipped,,5
311,Con,skipped,skipped,skipped,skipped,,5
312,Con,skipped,skipped,skipped,skipped,,5
313,Con,skipped,skipped,skipped,skipped,,5
314,Con,skipped,skipped,skipped,skipped,,5
315,Con,skipped,skipped,skipped,skipped,,5
316,Con,skipped,skipped,skipped,skipped,,5
317,Con,skipped,skipped,skipped,skipped,,5
318,Con,skipped,skipped,skipped,skipped,,5
319,Con,skipped,skipped,skipped,skipped,,5
320,Con,skipped,skipped,skipped,skipped,,5
321,Con,skipped,skipped,skipped,skipped,,5
322,Con,skipped,skipped,skipped,skipped,,5
323,Con,skipped,skipped,skipped,skipped,,5
324,Con,skipped,skipped,skipped,skipped,,5
325,Con,skipped,skipped,skipped,skipped,,5
326,Con,skipped,skipped,skipped,skipped,,5
327,Con,skipped,skipped,skipped,skipped,,5
328,Con,skipped,skipped,skipped,skipped,,5
329,Con,skipped,skipped,skipped,skipped,,5
330,Con,skipped,skipped,skipped,skipped,,5
331,Con,skipped,skipped,skipped,skipped,,5
332,Con,skipped,skipped,skipped,skipped,,5
333,Con,skipped,skipped,skipped,skipped,,5
334,Con,skipped,skipped,skipped,skipped,,5
335,Con,skipped,skipped,skipped,skipped,,5
336,Con,skipped,skipped,skipped,skipped,,5
337,Con,skipped,skipped,skipped,skipped,,5
338,Con,skipped,skipped,skipped,skipped,,5
339,Con,skipped,skipped,skipped,skipped,,5
340,Con,skipped,skipped,skipped,skipped,,5
341,Con,skipped,skipped,skipped,skipped,,5
342,Con,skipped,skipped,skipped,skipped,,5
343,Con,skipped,skipped,skipped,skipped,,5
344,Con,skipped,skipped,skipped,skipped,,5
345,Con,skipped,skipped,skipped,skipped,,5
346,Con,skipped,skipped,skipped,skipped,,5
347,Con,skipped,skipped,skipped,skipped,,5
348,Con,skipped,skipped,skipped,skipped,,5
349,Con,skipped,skipped,skipped,skipped,,5
350,Con,skipped,skipped,skipped,skipped,,5
351,Con,skipped,skipped,skipped,skipped,,5
352,Con,skipped,skipped,skipped,skipped,,5
353,Con,skipped,skipped,skipped,skipped,,5
354,Con,skipped,skipped,skipped,skipped,,5
355,Con,skipped,skipped,skipped,skipped,,5
356,Con,skipped,skipped,skipped,skipped,,5
357,Con,skipped,skipped,skipped,skipped,,5
358,Con,skipped,skipped,skipped,skipped,,5
359,Con,skipped,skipped,skipped,skipped,,5
360,Con,skipped,skipped,skipped,skipped,,5
361,Con,skipped,skipped,skipped,skipped,,5
362,Con,skipped,skipped,skipped,skipped,,5
363,Con,skipped,skipped,skipped,skipped,,5
364,Con,skipped,skipped,skipped,skipped,,5
365,Con,skipped,skipped,skipped,skipped,,5
366,Con,skipped,skipped,skipped,skipped,,5
367,Con,skipped,skipped,skipped,skipped,,5
368,Con,skipped,skipped,skipped,skipped,,5
369,Con,skipped,skipped,skipped,skipped,,5
370,Con,skipped,skipped,skipped,skipped,,5
371,Con,skipped,skipped,skipped,skipped,,5
372,Con,skipped,skipped,skipped,skipped,,5
373,Con,skipped,skipped,skipped,skipped,,5
374,Con,skipped,skipped,skipped,skipped,,5
375,Con,skipped,skipped,skipped,skipped,,5
376,Con,skipped,skipped,skipped,skipped,,5
377,Con,skipped,skipped,skipped,skipped,,5
378,Con,skipped,skipped,skipped,skipped,,5
379,Con,skipped,skipped,skipped,skipped,,5
380,Con,skipped,skipped,skipped,skipped,,5
381,Con,skipped,skipped,skipped,skipped,,5
382,Con,skipped,skipped,skipped,skipped,,5
383,Con,skipped,skipped,skipped,skipped,,5
384,Con,skipped,skipped,skipped,skipped,,5
385,Con,skipped,skipped,skipped,skipped,,5
386,Con,skipped,skipped,skipped,skipped,,5
387,Con,skipped,skipped,skipped,skipped,,5
388,Con,skipped,skipped,skipped,skipped,,5
389,Con,skipped,skipped,skipped,skipped,,5
390,Con,skipped,skipped,skipped,skipped,,5
391,Con,skipped,skipped,skipped,skipped,,5
392,Con,skipped,skipped,skipped,skipped,,5
393,Con,skipped,skipped,skipped,skipped,,5
394,Con,skipped,skipped,skipped,skipped,,5
395,Con,skipped,skipped,skipped,skipped,,5
396,Con,skipped,skipped,skipped,skipped,,5
397,Con,skipped,skipped,skipped,skipped,,5
398,Con,skipped,skipped,skipped,skipped,,5
399,Con,skipped,skipped,skipped,skipped,,5
400,Con,skipped,skipped,skipped,skipped,,5
401,Con,skipped,skipped,skipped,skipped,,5
402,Con,skipped,skipped,skipped,skipped,,5
403,Con,skipped,skipped,skipped,skipped,,5
404,Con,skipped,skipped,skipped,skipped,,5
405,Con,skipped,skipped,skipped,skipped,,5
406,Con,skipped,skipped,skipped,skipped,,5
407,Con,skipped,skipped,skipped,skipped,,5
408,Con,skipped,skipped,skipped,skipped,,5
409,Con,skipped,skipped,skipped,skipped,,5
410,Con,skipped,skipped,skipped,skipped,,5
411,Con,skipped,skipped,skipped,skipped,,5
412,Con,skipped,skipped,skipped,skipped,,5
413,Con,skipped,skipped,skipped,skipped,,5
414,Con,skipped,skipped,skipped,skipped,,5
415,Con,skipped,skipped,skipped,skipped,,5
416,Con,skipped,skipped,skipped,skipped,,5
417,Con,skipped,skipped,skipped,skipped,,5
418,Con,skipped,skipped,skipped,skipped,,5
419,Con,skipped,skipped,skipped,skipped,,5
420,Con,skipped,skipped,skipped,skipped,,5
421,Con,skipped,skipped,skipped,skipped,,5
422,Con,skipped,skipped,skipped,skipped,,5
423,Con,skipped,skipped,skipped,skipped,,5
424,Con,skipped,skipped,skipped,skipped,,5
425,Con,skipped,skipped,skipped,skipped,,5
426,Con,skipped,skipped,skipped,skipped,,5
427,Con,skipped,skipped,skipped,skipped,,5
428,Con,skipped,skipped,skipped,skipped,,5
429,Con,skipped,skipped,skipped,skipped,,5
430,Con,skipped,skipped,skipped,skipped,,5
431,Con,skipped,skipped,skipped,skipped,,5
432,Con,skipped,skipped,skipped,skipped,,5
433,Con,skipped,skipped,skipped,skipped,,5
434,Con,skipped,skipped,skipped,skipped,,5
435,Con,skipped,skipped,skipped,skipped,,5
436,Con,skipped,skipped,skipped,skipped,,5
437,Con,skipped,skipped,skipped,skipped,,5
438,Con,skipped,skipped,skipped,skipped,,5
439,Con,skipped,skipped,skipped,skipped,,5
440,Con,skipped,skipped,skipped,skipped,,5
441,Con,skipped,skipped,skipped,skipped,,5
442,Con,skipped,skipped,skipped,skipped,,5
443,Con,skipped,skipped,skipped,skipped,,5
444,Con,skipped,skipped,skipped,skipped,,5
445,Con,skipped,skipped,skipped,skipped,,5
446,Con,skipped,skipped,skipped,skipped,,5
447,Con,skipped,skipped,skipped,skipped,,5
448,Con,skipped,skipped,skipped,skipped,,5
449,Con,skipped,skipped,skipped,skipped,,5
450,Con,skipped,skipped,skipped,skipped,,5
451,Con,skipped,skipped,skipped,skipped,,5
452,Con,skipped,skipped,skipped,skipped,,5
453,Con,skipped,skipped,skipped,skipped,,5
454,Con,skipped,skipped,skipped,skipped,,5
455,Con,skipped,skipped,skipped,skipped,,5
456,Con,skipped,skipped,skipped,skipped,,5
457,Con,skipped,skipped,skipped,skipped,,5
458,Con,skipped,skipped,skipped,skipped,,5
459,Con,skipped,skipped,skipped,skipped,,5
460,Con,skipped,skipped,skipped,skipped,,5
461,Con,skipped,skipped,skipped,skipped,,5
462,Con,skipped,skipped,skipped,skipped,,5
463,Con,skipped,skipped,skipped,skipped,,5
464,Con,skipped,skipped,skipped,skipped,,5
465,Con,skipped,skipped,skipped,skipped,,5
466,Con,skipped,skipped,skipped,skipped,,5
467,Con,skipped,skipped,skipped,skipped,,5
468,Con,skipped,skipped,skipped,skipped,,5
469,Con,skipped,skipped,skipped,skipped,,5
470,Con,skipped,skipped,skipped,skipped,,5
471,Con,skipped,skipped,skipped,skipped,,5
472,Con,skipped,skipped,skipped,skipped,,5
473,Con,skipped,skipped,skipped,skipped,,5
474,Con,skipped,skipped,skipped,skipped,,5
475,Con,skipped,skipped,skipped,skipped,,5
476,Con,skipped,skipped,skipped,skipped,,5
477,Con,skipped,skipped,skipped,skipped,,5
478,Con,skipped,skipped,skipped,skipped,,5
479,Con,skipped,skipped,skipped,skipped,,5
480,Con,skipped,skipped,skipped,skipped,,5
481,Con,skipped,skipped,skipped,skipped,,5
482,Con,skipped,skipped,skipped,skipped,,5
483,Con,skipped,skipped,skipped,skipped,,5
484,Con,skipped,skipped,skipped,skipped,,5
485,Con,skipped,skipped,skipped,skipped,,5
486,Con,skipped,skipped,skipped,skipped,,5
487,Con,skipped,skipped,skipped,skipped,,5
488,Con,skipped,skipped,skipped,skipped,,5
489,Con,skipped,skipped,skipped,skipped,,5
490,Con,skipped,skipped,skipped,skipped,,5
491,Con,skipped,skipped,skipped,skipped,,5
492,Con,skipped,skipped,skipped,skipped,,5
493,Con,skipped,skipped,skipped,skipped,,5
494,Con,skipped,skipped,skipped,skipped,,5
495,Con,skipped,skipped,skipped,skipped,,5
496,Con,skipped,skipped,skipped,skipped,,5
497,Con,skipped,skipped,skipped,skipped,,5
498,Con,skipped,skipped,skipped,skipped,,5
499,Con,skipped,skipped,skipped,skipped,,5
500,Con,skipped,skipped,skipped,skipped,,5
501,Con,skipped,skipped,skipped,skipped,,5
502,Con,skipped,skipped,skipped,skipped,,5
503,Con,skipped,skipped,skipped,skipped,,5
504,Con,skipped,skipped,skipped,skipped,,5
505,Con,skipped,skipped,skipped,skipped,,5
506,Con,skipped,skipped,skipped,skipped,,5
507,Con,skipped,skipped,skipped,skipped,,5
508,Con,skipped,skipped,skipped,skipped,,5
509,Con,skipped,skipped,skipped,skipped,,5
510,Con,skipped,skipped,skipped,skipped,,5
511,Con,skipped,skipped,skipped,skipped,,5
512,Con,skipped,skipped,skipped,skipped,,5
513,Con,skipped,skipped,skipped,skipped,,5
514,Con,skipped,skipped,skipped,skipped,,5
515,Con,skipped,skipped,skipped,skipped,,5
516,Con,skipped,skipped,skipped,skipped,,5
517,Con,skipped,skipped,skipped,skipped,,5
518,Con,skipped,skipped,skipped,skipped,,5
519,Con,skipped,skipped,skipped,skipped,,5
520,Con,skipped,skipped,skipped,skipped,,5
521,Con,skipped,skipped,skipped,skipped,,5
522,Con,skipped,skipped,skipped,skipped,,5
523,Con,skipped,skipped,skipped,skipped,,5
524,Con,skipped,skipped,skipped,skipped,,5
525,Con,skipped,skipped,skipped,skipped,,5
526,Con,skipped,skipped,skipped,skipped,,5
527,Con,skipped,skipped,skipped,skipped,,5
528,Con,skipped,skipped,skipped,skipped,,5
529,Con,skipped,skipped,skipped,skipped,,5
530,Con,skipped,skipped,skipped,skipped,,5
531,Con,skipped,skipped,skipped,skipped,,5
532,Con,skipped,skipped,skipped,skipped,,5
533,Con,skipped,skipped,skipped,skipped,,5
534,Con,skipped,skipped,skipped,skipped,,5
535,Con,skipped,skipped,skipped,skipped,,5
536,Con,skipped,skipped,skipped,skipped,,5
537,Con,skipped,skipped,skipped,skipped,,5
538,Con,skipped,skipped,skipped,skipped,,5
539,Con,skipped,skipped,skipped,skipped,,5
540,Con,skipped,skipped,skipped,skipped,,5
541,Con,skipped,skipped,skipped,skipped,,5
542,Con,skipped,skipped,skipped,skipped,,5
543,Con,skipped,skipped,skipped,skipped,,5
544,Con,skipped,skipped,skipped,skipped,,5
545,Con,skipped,skipped,skipped,skipped,,5
546,Con,skipped,skipped,skipped,skipped,,5
547,Con,skipped,skipped,skipped,skipped,,5
548,Con,skipped,skipped,skipped,skipped,,5
549,Con,skipped,skipped,skipped,skipped,,5
550,Con,skipped,skipped,skipped,skipped,,5
551,Con,skipped,skipped,skipped,skipped,,5
552,Con,skipped,skipped,skipped,skipped,,5
553,Con,skipped,skipped,skipped,skipped,,5
554,Con,skipped,skipped,skipped,skipped,,5
555,Con,skipped,skipped,skipped,skipped,,5
556,Con,skipped,skipped,skipped,skipped,,5
557,Con,skipped,skipped,skipped,skipped,,5
558,Con,skipped,skipped,skipped,skipped,,5
559,Con,skipped,skipped,skipped,skipped,,5
560,Con,skipped,skipped,skipped,skipped,,5
561,Con,skipped,skipped,skipped,skipped,,5
562,Con,skipped,skipped,skipped,skipped,,5
563,Con,skipped,skipped,skipped,skipped,,5
564,Con,skipped,skipped,skipped,skipped,,5
565,Con,skipped,skipped,skipped,skipped,,5
566,Con,skipped,skipped,skipped,skipped,,5
567,Con,skipped,skipped,skipped,skipped,,5
568,Con,skipped,skipped,skipped,skipped,,5
569,Con,skipped,skipped,skipped,skipped,,5
570,Con,skipped,skipped,skipped,skipped,,5
571,Con,skipped,skipped,skipped,skipped,,5
572,Con,skipped,skipped,skipped,skipped,,5
573,Con,skipped,skipped,skipped,skipped,,5
574,Con,skipped,skipped,skipped,skipped,,5
575,Con,skipped,skipped,skipped,skipped,,5
576,Con,skipped,skipped,skipped,skipped,,5
577,Con,skipped,skipped,skipped,skipped,,5
578,Con,skipped,skipped,skipped,skipped,,5
579,Con,skipped,skipped,skipped,skipped,,5
580,Con,skipped,skipped,skipped,skipped,,5
581,Con,skipped,skipped,skipped,skipped,,5
582,Con,skipped,skipped,skipped,skipped,,5
583,Con,skipped,skipped,skipped,skipped,,5
584,Con,skipped,skipped,skipped,skipped,,5
585,Con,skipped,skipped,skipped,skipped,,5
586,Con,skipped,skipped,skipped,skipped,,5
587,Con,skipped,skipped,skipped,skipped,,5
588,Con,skipped,skipped,skipped,skipped,,5
589,Con,skipped,skipped,skipped,skipped,,5
590,Con,skipped,skipped,skipped,skipped,,5
591,Con,skipped,skipped,skipped,skipped,,5
592,Con,skipped,skipped,skipped,skipped,,5
593,Con,skipped,skipped,skipped,skipped,,5
594,Con,skipped,skipped,skipped,skipped,,5
595,Con,skipped,skipped,skipped,skipped,,5
596,Con,skipped,skipped,skipped,skipped,,5
597,Con,skipped,skipped,skipped,skipped,,5
598,Con,skipped,skipped,skipped,skipped,,5
599,Con,skipped,skipped,skipped,skipped,,5
600,Con,skipped,skipped,skipped,skipped,,5
601,Con,skipped,skipped,skipped,skipped,,5
602,Con,skipped,skipped,skipped,skipped,,5
603,Con,skipped,skipped,skipped,skipped,,5
604,Con,skipped,skipped,skipped,skipped,,5
605,Con,skipped,skipped,skipped,skipped,,5
606,Con,skipped,skipped,skipped,skipped,,5
607,Con,skipped,skipped,skipped,skipped,,5
608,Con,skipped,skipped,skipped,skipped,,5
609,Con,skipped,skipped,skipped,skipped,,5
610,Con,skipped,skipped,skipped,skipped,,5
611,Con,skipped,skipped,skipped,skipped,,5
612,Con,skipped,skipped,skipped,skipped,,5
613,Con,skipped,skipped,skipped,skipped,,5
614,Con,skipped,skipped,skipped,skipped,,5
615,Con,skipped,skipped,skipped,skipped,,5
616,Con,skipped,skipped,skipped,skipped,,5
617,Con,skipped,skipped,skipped,skipped,,5
618,Con,skipped,skipped,skipped,skipped,,5
619,Con,skipped,skipped,skipped,skipped,,5
620,Con,skipped,skipped,skipped,skipped,,5
621,Con,skipped,skipped,skipped,skipped,,5
622,Con,skipped,skipped,skipped,skipped,,5
623,Con,skipped,skipped,skipped,skipped,,5
624,Con,skipped,skipped,skipped,skipped,,5
625,Con,skipped,skipped,skipped,skipped,,5
626,Con,skipped,skipped,skipped,skipped,,5
627,Con,skipped,skipped,skipped,skipped,,5
628,Con,skipped,skipped,skipped,skipped,,5
629,Con,skipped,skipped,skipped,skipped,,5
630,Con,skipped,skipped,skipped,skipped,,5
631,Con,skipped,skipped,skipped,skipped,,5
632,Con,skipped,skipped,skipped,skipped,,5
633,Con,skipped,skipped,skipped,skipped,,5
634,Con,skipped,skipped,skipped,skipped,,5
635,Con,skipped,skipped,skipped,skipped,,5
636,Con,skipped,skipped,skipped,skipped,,5
637,Con,skipped,skipped,skipped,skipped,,5
638,Con,skipped,skipped,skipped,skipped,,5
639,Con,skipped,skipped,skipped,skipped,,5
640,Con,skipped,skipped,skipped,skipped,,5
641,Con,skipped,skipped,skipped,skipped,,5
642,Con,skipped,skipped,skipped,skipped,,5
643,Con,skipped,skipped,skipped,skipped,,5
644,Con,skipped,skipped,skipped,skipped,,5
645,Con,skipped,skipped,skipped,skipped,,5
646,Con,skipped,skipped,skipped,skipped,,5
647,Con,skipped,skipped,skipped,skipped,,5
648,Con,skipped,skipped,skipped,skipped,,5
649,Con,skipped,skipped,skipped,skipped,,5
650,Con,skipped,skipped,skipped,skipped,,5
651,Con,skipped,skipped,skipped,skipped,,5
652,Con,skipped,skipped,skipped,skipped,,5
653,Con,skipped,skipped,skipped,skipped,,5
654,Con,skipped,skipped,skipped,skipped,,5
655,Con,skipped,skipped,skipped,skipped,,5
656,Con,skipped,skipped,skipped,skipped,,5
657,Con,skipped,skipped,skipped,skipped,,5
658,Con,skipped,skipped,skipped,skipped,,5
659,Con,skipped,skipped,skipped,skipped,,5
660,Con,skipped,skipped,skipped,skipped,,5
661,Con,skipped,skipped,skipped,skipped,,5
662,Con,skipped,skipped,skipped,skipped,,5
663,Con,skipped,skipped,skipped,skipped,,5
664,Con,skipped,skipped,skipped,skipped,,5
665,Con,skipped,skipped,skipped,skipped,,5
666,Con,skipped,skipped,skipped,skipped,,5
667,Con,skipped,skipped,skipped,skipped,,5
668,Con,skipped,skipped,skipped,skipped,,5
669,Con,skipped,skipped,skipped,skipped,,5
670,Con,skipped,skipped,skipped,skipped,,5
671,Con,skipped,skipped,skipped,skipped,,5
672,Con,skipped,skipped,skipped,skipped,,5
673,Con,skipped,skipped,skipped,skipped,,5
674,Con,skipped,skipped,skipped,skipped,,5
675,Con,skipped,skipped,skipped,skipped,,5
676,Con,skipped,skipped,skipped,skipped,,5
677,Con,skipped,skipped,skipped,skipped,,5
678,Con,skipped,skipped,skipped,skipped,,5
679,Con,skipped,skipped,skipped,skipped,,5
680,Con,skipped,skipped,skipped,skipped,,5
681,Con,skipped,skipped,skipped,skipped,,5
682,Con,skipped,skipped,skipped,skipped,,5
683,Con,skipped,skipped,skipped,skipped,,5
684,Con,skipped,skipped,skipped,skipped,,5
685,Con,skipped,skipped,skipped,skipped,,5
686,Con,skipped,skipped,skipped,skipped,,5
687,Con,skipped,skipped,skipped,skipped,,5
688,Con,skipped,skipped,skipped,skipped,,5
689,Con,skipped,skipped,skipped,skipped,,5
690,Con,skipped,skipped,skipped,skipped,,5
691,Con,skipped,skipped,skipped,skipped,,5
692,Con,skipped,skipped,skipped,skipped,,5
693,Con,skipped,skipped,skipped,skipped,,5
694,Con,skipped,skipped,skipped,skipped,,5
695,Con,skipped,skipped,skipped,skipped,,5
696,Con,skipped,skipped,skipped,skipped,,5
697,Con,skipped,skipped,skipped,skipped,,5
698,Con,skipped,skipped,skipped,skipped,,5
699,Con,skipped,skipped,skipped,skipped,,5
700,Con,skipped,skipped,skipped,skipped,,5
701,Con,skipped,skipped,skipped,skipped,,5
702,Con,skipped,skipped,skipped,skipped,,5
703,Con,skipped,skipped,skipped,skipped,,5
704,Con,skipped,skipped,skipped,skipped,,5
705,Con,skipped,skipped,skipped,skipped,,5
706,Con,skipped,skipped,skipped,skipped,,5
707,Con,skipped,skipped,skipped,skipped,,5
708,Con,skipped,skipped,skipped,skipped,,5
709,Con,skipped,skipped,skipped,skipped,,5
710,Con,skipped,skipped,skipped,skipped,,5
711,Con,skipped,skipped,skipped,skipped,,5
712,Con,skipped,skipped,skipped,skipped,,5
713,Con,skipped,skipped,skipped,skipped,,5
714,Con,skipped,skipped,skipped,skipped,,5
715,Con,skipped,skipped,skipped,skipped,,5
716,Con,skipped,skipped,skipped,skipped,,5
717,Con,skipped,skipped,skipped,skipped,,5
718,Con,skipped,skipped,skipped,skipped,,5
719,Con,skipped,skipped,skipped,skipped,,5
720,Con,skipped,skipped,skipped,skipped,,5
721,Con,skipped,skipped,skipped,skipped,,5
722,Con,skipped,skipped,skipped,skipped,,5
723,Con,skipped,skipped,skipped,skipped,,5
724,Con,skipped,skipped,skipped,skipped,,5
725,Con,skipped,skipped,skipped,skipped,,5
726,Con,skipped,skipped,skipped,skipped,,5
727,Con,skipped,skipped,skipped,skipped,,5
728,Con,skipped,skipped,skipped,skipped,,5
729,Con,skipped,skipped,skipped,skipped,,5
730,Con,skipped,skipped,skipped,skipped,,5
731,Con,skipped,skipped,skipped,skipped,,5
732,Con,skipped,skipped,skipped,skipped,,5
733,Con,skipped,skipped,skipped,skipped,,5
734,Con,skipped,skipped,skipped,skipped,,5
735,Con,skipped,skipped,skipped,skipped,,5
736,Con,skipped,skipped,skipped,skipped,,5
737,Con,skipped,skipped,skipped,skipped,,5
738,Con,skipped,skipped,skipped,skipped,,5
739,Con,skipped,skipped,skipped,skipped,,5
740,Con,skipped,skipped,skipped,skipped,,5
741,Con,skipped,skipped,skipped,skipped,,5
742,Con,skipped,skipped,skipped,skipped,,5
743,Con,skipped,skipped,skipped,skipped,,5
744,Con,skipped,skipped,skipped,skipped,,5
745,Con,skipped,skipped,skipped,skipped,,5
746,Con,skipped,skipped,skipped,skipped,,5
747,Con,skipped,skipped,skipped,skipped,,5
748,Con,skipped,skipped,skipped,skipped,,5
749,Con,skipped,skipped,skipped,skipped,,5
750,Con,skipped,skipped,skipped,skipped,,5
751,Con,skipped,skipped,skipped,skipped,,5
752,Con,skipped,skipped,skipped,skipped,,5
753,Con,skipped,skipped,skipped,skipped,,5
754,Con,skipped,skipped,skipped,skipped,,5
755,Con,skipped,skipped,skipped,skipped,,5
756,Con,skipped,skipped,skipped,skipped,,5
757,Con,skipped,skipped,skipped,skipped,,5
758,Con,skipped,skipped,skipped,skipped,,5
759,Con,skipped,skipped,skipped,skipped,,5
760,Con,skipped,skipped,skipped,skipped,,5
761,Con,skipped,skipped,skipped,skipped,,5
762,Con,skipped,skipped,skipped,skipped,,5
763,Con,skipped,skipped,skipped,skipped,,5
764,Con,skipped,skipped,skipped,skipped,,5
765,Con,skipped,skipped,skipped,skipped,,5
766,Con,skipped,skipped,skipped,skipped,,5
767,Con,skipped,skipped,skipped,skipped,,5
768,Con,skipped,skipped,skipped,skipped,,5
769,Con,skipped,skipped,skipped,skipped,,5
770,Con,skipped,skipped,skipped,skipped,,5
771,Con,skipped,skipped,skipped,skipped,,5
772,Con,skipped,skipped,skipped,skipped,,5
773,Con,skipped,skipped,skipped,skipped,,5
774,Con,skipped,skipped,skipped,skipped,,5
775,Con,skipped,skipped,skipped,skipped,,5
776,Con,skipped,skipped,skipped,skipped,,5
777,Con,skipped,skipped,skipped,skipped,,5
778,Con,skipped,skipped,skipped,skipped,,5
779,Con,skipped,skipped,skipped,skipped,,5
780,Con,skipped,skipped,skipped,skipped,,5
781,Con,skipped,skipped,skipped,skipped,,5
782,Con,skipped,skipped,skipped,skipped,,5
783,Con,skipped,skipped,skipped,skipped,,5
784,Con,skipped,skipped,skipped,skipped,,5
785,Con,skipped,skipped,skipped,skipped,,5
786,Con,skipped,skipped,skipped,skipped,,5
787,Con,skipped,skipped,skipped,skipped,,5
788,Con,skipped,skipped,skipped,skipped,,5
789,Con,skipped,skipped,skipped,skipped,,5
790,Con,skipped,skipped,skipped,skipped,,5
791,Con,skipped,skipped,skipped,skipped,,5
792,Con,skipped,skipped,skipped,skipped,,5
793,Con,skipped,skipped,skipped,skipped,,5
794,Con,skipped,skipped,skipped,skipped,,5
795,Con,skipped,skipped,skipped,skipped,,5
796,Con,skipped,skipped,skipped,skipped,,5
797,Con,skipped,skipped,skipped,skipped,,5
798,Con,skipped,skipped,skipped,skipped,,5
799,Con,skipped,skipped,skipped,skipped,,5
800,Con,skipped,skipped,skipped,skipped,,5
801,Con,skipped,skipped,skipped,skipped,,5
802,Con,skipped,skipped,skipped,skipped,,5
803,Con,skipped,skipped,skipped,skipped,,5
804,Con,skipped,skipped,skipped,skipped,,5
805,Con,skipped,skipped,skipped,skipped,,5
806,Con,skipped,skipped,skipped,skipped,,5
807,Con,skipped,skipped,skipped,skipped,,5
808,Con,skipped,skipped,skipped,skipped,,5
809,Con,skipped,skipped,skipped,skipped,,5
810,Con,skipped,skipped,skipped,skipped,,5
811,Con,skipped,skipped,skipped,skipped,,5
812,Con,skipped,skipped,skipped,skipped,,5
813,Con,skipped,skipped,skipped,skipped,,5
814,Con,skipped,skipped,skipped,skipped,,5
815,Con,skipped,skipped,skipped,skipped,,5
816,Con,skipped,skipped,skipped,skipped,,5
817,Con,skipped,skipped,skipped,skipped,,5
818,Con,skipped,skipped,skipped,skipped,,5
819,Con,skipped,skipped,skipped,skipped,,5
820,Con,skipped,skipped,skipped,skipped,,5
821,Con,skipped,skipped,skipped,skipped,,5
822,Con,skipped,skipped,skipped,skipped,,5
823,Con,skipped,skipped,skipped,skipped,,5
824,Con,skipped,skipped,skipped,skipped,,5
825,Con,skipped,skipped,skipped,skipped,,5
826,Con,skipped,skipped,skipped,skipped,,5
827,Con,skipped,skipped,skipped,skipped,,5
828,Con,skipped,skipped,skipped,skipped,,5
829,Con,skipped,skipped,skipped,skipped,,5
830,Con,skipped,skipped,skipped,skipped,,5
831,Con,skipped,skipped,skipped,skipped,,5
832,Con,skipped,skipped,skipped,skipped,,5
833,Con,skipped,skipped,skipped,skipped,,5
834,Con,skipped,skipped,skipped,skipped,,5
835,Con,skipped,skipped,skipped,skipped,,5
836,Con,skipped,skipped,skipped,skipped,,5
837,Con,skipped,skipped,skipped,skipped,,5
838,Con,skipped,skipped,skipped,skipped,,5
839,Con,skipped,skipped,skipped,skipped,,5
840,Con,skipped,skipped,skipped,skipped,,5
841,Con,skipped,skipped,skipped,skipped,,5
842,Con,skipped,skipped,skipped,skipped,,5
843,Con,skipped,skipped,skipped,skipped,,5
844,Con,skipped,skipped,skipped,skipped,,5
845,Con,skipped,skipped,skipped,skipped,,5
846,Con,skipped,skipped,skipped,skipped,,5
847,Con,skipped,skipped,skipped,skipped,,5
848,Con,skipped,skipped,skipped,skipped,,5
849,Con,skipped,skipped,skipped,skipped,,5
850,Con,skipped,skipped,skipped,skipped,,5
851,Con,skipped,skipped,skipped,skipped,,5
852,Con,skipped,skipped,skipped,skipped,,5
853,Con,skipped,skipped,skipped,skipped,,5
854,Con,skipped,skipped,skipped,skipped,,5
855,Con,Lab,skipped,skipped,skipped,,5
856,Con,Lab,skipped,skipped,skipped,,5
857,Con,Lab,skipped,skipped,skipped,,5
858,Con,Lab,skipped,skipped,skipped,,5
859,Con,Lab,skipped,skipped,skipped,,5
860,Con,Lab,skipped,skipped,skipped,,5
861,Con,Lab,skipped,skipped,skipped,,5
862,Con,Lab,skipped,skipped,skipped,,5
863,Con,Lab,skipped,skipped,skipped,,5
864,Con,Lab,skipped,skipped,skipped,,5
865,Con,Lab,skipped,skipped,skipped,,5
866,Con,Lab,skipped,skipped,skipped,,5
867,Con,Lab,skipped,skipped,skipped,,5
868,Con,Lab,skipped,skipped,skipped,,5
869,Con,Lab,skipped,skipped,skipped,,5
870,Con,Lab,skipped,skipped,skipped,,5
871,Con,Lab,skipped,skipped,skipped,,5
872,Con,Lab,skipped,skipped,skipped,,5
873,Con,Lab,skipped,skipped,skipped,,5
874,Con,Lab,skipped,skipped,skipped,,5
875,Con,Lab,skipped,skipped,skipped,,5
876,Con,Lab,skipped,skipped,skipped,,5
877,Con,Lab,skipped,skipped,skipped,,5
878,Con,Lab,skipped,skipped,skipped,,5
879,Con,Lab,skipped,skipped,skipped,,5
880,Con,Lab,skipped,skipped,skipped,,5
881,Con,Lab,skipped,skipped,skipped,,5
882,Con,Lab,skipped,skipped,skipped,,5
883,Con,Lab,skipped,skipped,skipped,,5
884,Con,Lab,skipped,skipped,skipped,,5
885,Con,Lab,skipped,skipped,skipped,,5
886,Con,Lab,skipped,skipped,skipped,,5
887,Con,Lab,skipped,skipped,skipped,,5
888,Con,Lab,skipped,skipped,skipped,,5
889,Con,Lab,skipped,skipped,skipped,,5
890,Con,Lab,skipped,skipped,skipped,,5
891,Con,Lab,skipped,skipped,skipped,,5
892,Con,Lab,skipped,skipped,skipped,,5
893,Con,Lab,skipped,skipped,skipped,,5
894,Con,Lab,skipped,skipped,skipped,,5
895,Con,Lab,skipped,skipped,skipped,,5
896,Con,Lab,skipped,skipped,skipped,,5
897,Con,Lab,skipped,skipped,skipped,,5
898,Con,Lab,skipped,skipped,skipped,,5
899,Con,Lab,skipped,skipped,skipped,,5
900,Con,Lab,skipped,skipped,skipped,,5
901,Con,Lab,skipped,skipped,skipped,,5
902,Con,Lab,skipped,skipped,skipped,,5
903,Con,Lab,skipped,skipped,skipped,,5
904,Con,Lab,skipped,skipped,skipped,,5
905,Con,Lab,skipped,skipped,skipped,,5
906,Con,Lab,skipped,skipped,skipped,,5
907,Con,Lab,skipped,skipped,skipped,,5
908,Con,Lab,skipped,skipped,skipped,,5
909,Con,Lab,skipped,skipped,skipped,,5
910,Con,Lab,skipped,skipped,skipped,,5
911,Con,Lab,skipped,skipped,skipped,,5
912,Con,Lab,skipped,skipped,skipped,,5
913,Con,Lab,skipped,skipped,skipped,,5
914,Con,Lab,skipped,skipped,skipped,,5
915,Con,Lab,skipped,skipped,skipped,,5
916,Con,Lab,skipped,skipped,skipped,,5
917,Con,Lab,skipped,skipped,skipped,,5
918,Con,Lab,skipped,skipped,skipped,,5
919,Con,Lab,skipped,skipped,skipped,,5
920,Con,Lab,skipped,skipped,skipped,,5
921,Con,Lab,skipped,skipped,skipped,,5
922,Con,Lab,skipped,skipped,skipped,,5
923,Con,Lab,skipped,skipped,skipped,,5
924,Con,Lab,skipped,skipped,skipped,,5
925,Con,Lab,skipped,skipped,skipped,,5
926,Con,Lab,skipped,skipped,skipped,,5
927,Con,Lab,skipped,skipped,skipped,,5
928,Con,Lab,skipped,skipped,skipped,,5
929,Con,Lab,skipped,skipped,skipped,,5
930,Con,Lab,skipped,skipped,skipped,,5
931,Con,Lab,skipped,skipped,skipped,,5
932,Con,Lab,skipped,skipped,skipped,,5
933,Con,Lab,skipped,skipped,skipped,,5
934,Con,Lab,skipped,skipped,skipped,,5
935,Con,Lab,skipped,skipped,skipped,,5
936,Con,Lab,skipped,skipped,skipped,,5
937,Con,Lab,skipped,skipped,skipped,,5
938,Con,Lab,skipped,skipped,skipped,,5
939,Con,Lab,skipped,skipped,skipped,,5
940,Con,Lab,skipped,skipped,skipped,,5
941,Con,Lab,skipped,skipped,skipped,,5
942,Con,Lab,skipped,skipped,skipped,,5
943,Con,Lab,skipped,skipped,skipped,,5
944,Con,Lab,skipped,skipped,skipped,,5
945,Con,Lab,skipped,skipped,skipped,,5
946,Con,Lab,skipped,skipped,skipped,,5
947,Con,Lab,skipped,skipped,skipped,,5
948,Con,Lab,skipped,skipped,skipped,,5
949,Con,Lab,skipped,skipped,skipped,,5
950,Con,Lab,skipped,skipped,skipped,,5
951,Con,Lab,skipped,skipped,skipped,,5
952,Con,Lab,skipped,skipped,skipped,,5
953,Con,Lab,skipped,skipped,skipped,,5
954,Con,Lab,skipped,skipped,skipped,,5
955,Con,Lab,skipped,skipped,skipped,,5
956,Con,Lab,skipped,skipped,skipped,,5
957,Con,Lab,skipped,skipped,skipped,,5
958,Con,Lab,skipped,skipped,skipped,,5
959,Con,Lab,skipped,skipped,skipped,,5
960,Con,Lab,skipped,skipped,skipped,,5
961,Con,Lab,skipped,skipped,skipped,,5
962,Con,Lab,skipped,skipped,skipped,,5
963,Con,Lab,skipped,skipped,skipped,,5
964,Con,Lab,skipped,skipped,skipped,,5
965,Con,Lab,skipped,skipped,skipped,,5
966,Con,Lab,skipped,skipped,skipped,,5
967,Con,Lab,skipped,skipped,skipped,,5
968,Con,Lab,skipped,skipped,skipped,,5
969,Con,Lab,skipped,skipped,skipped,,5
970,Con,Lab,skipped,skipped,skipped,,5
971,Con,Lab,skipped,skipped,skipped,,5
972,Con,Lab,skipped,skipped,skipped,,5
973,Con,Lab,skipped,skipped,skipped,,5
974,Con,Lab,skipped,skipped,skipped,,5
975,Con,Lab,skipped,skipped,skipped,,5
976,Con,Lab,skipped,skipped,skipped,,5
977,Con,Lab,skipped,skipped,skipped,,5
978,Con,Lab,skipped,skipped,skipped,,5
979,Con,Lab,skipped,skipped,skipped,,5
980,Con,Lab,skipped,skipped,skipped,,5
981,Con,Lab,skipped,skipped,skipped,,5
982,Con,Lab,skipped,skipped,skipped,,5
983,Con,Lab,skipped,skipped,skipped,,5
984,Con,Lab,skipped,skipped,skipped,,5
985,Con,Lab,skipped,skipped,skipped,,5
986,Con,Lab,skipped,skipped,skipped,,5
987,Con,Lab,skipped,skipped,skipped,,5
988,Con,Lab,skipped,skipped,skipped,,5
989,Con,Lab,skipped,skipped,skipped,,5
990,Con,Lab,skipped,skipped,skipped,,5
991,Con,Lab,skipped,skipped,skipped,,5
992,Con,Lab,skipped,skipped,skipped,,5
993,Con,Lab,skipped,skipped,skipped,,5
994,Con,Lab,skipped,skipped,skipped,,5
995,Con,Lab,skipped,skipped,skipped,,5
996,Con,Lab,skipped,skipped,skipped,,5
997,Con,Lab,skipped,skipped,skipped,,5
998,Con,Lab,skipped,skipped,skipped,,5
999,Con,Lab,skipped,skipped,skipped,,5
1000,Con,Lab,skipped,skipped,skipped,,5
1001,Con,Lab,skipped,skipped,skipped,,5
1002,Con,Lab,skipped,skipped,skipped,,5
1003,Con,Lab,skipped,skipped,skipped,,5
1004,Con,Lab,skipped,skipped,skipped,,5
1005,Con,Lab,skipped,skipped,skipped,,5
1006,Con,Lab,skipped,skipped,skipped,,5
1007,Con,Lab,skipped,skipped,skipped,,5
1008,Con,Lab,skipped,skipped,skipped,,5
1009,Con,Lab,skipped,skipped,skipped,,5
1010,Con,Lab,skipped,skipped,skipped,,5
1011,Con,Lab,skipped,skipped,skipped,,5
1012,Con,Lab,skipped,skipped,skipped,,5
1013,Con,Lab,skipped,skipped,skipped,,5
1014,Con,Lab,skipped,skipped,skipped,,5
1015,Con,Lab,skipped,skipped,skipped,,5
1016,Con,Lab,skipped,skipped,skipped,,5
1017,Con,Lab,skipped,skipped,skipped,,5
1018,Con,Lab,skipped,skipped,skipped,,5
1019,Con,Lab,skipped,skipped,skipped,,5
1020,Con,Lab,skipped,skipped,skipped,,5
1021,Con,Lab,skipped,skipped,skipped,,5
1022,Con,Lab,skipped,skipped,skipped,,5
1023,Con,Lab,skipped,skipped,skipped,,5
1024,Con,Lab,skipped,skipped,skipped,,5
1025,Con,Lab,skipped,skipped,skipped,,5
1026,Con,Lab,skipped,skipped,skipped,,5
1027,Con,Lab,skipped,skipped,skipped,,5
1028,Con,Lab,skipped,skipped,skipped,,5
1029,Con,Lab,skipped,skipped,skipped,,5
1030,Con,Lab,skipped,skipped,skipped,,5
1031,Con,Lab,skipped,skipped,skipped,,5
1032,Con,Lab,skipped,skipped,skipped,,5
1033,Con,Lab,skipped,skipped,skipped,,5
1034,Con,Lab,skipped,skipped,skipped,,5
1035,Con,Lab,skipped,skipped,skipped,,5
1036,Con,Lab,skipped,skipped,skipped,,5
1037,Con,Lab,skipped,skipped,skipped,,5
1038,Con,Lab,skipped,skipped,skipped,,5
1039,Con,Lab,skipped,skipped,skipped,,5
1040,Con,Lab,skipped,skipped,skipped,,5
1041,Con,Lab,skipped,skipped,skipped,,5
1042,Con,Lab,skipped,skipped,skipped,,5
1043,Con,Lab,skipped,skipped,skipped,,5
1044,Con,Lab,skipped,skipped,skipped,,5
1045,Con,Lab,skipped,skipped,skipped,,5
1046,Con,Lab,skipped,skipped,skipped,,5
1047,Con,Lab,skipped,skipped,skipped,,5
1048,Con,Lab,skipped,skipped,skipped,,5
1049,Con,Lab,skipped,skipped,skipped,,5
1050,Con,Lab,skipped,skipped,skipped,,5
1051,Con,Lab,skipped,skipped,skipped,,5
1052,Con,Lab,skipped,skipped,skipped,,5
1053,Con,Lab,skipped,skipped,skipped,,5
1054,Con,Lab,skipped,skipped,skipped,,5
1055,Con,Lab,skipped,skipped,skipped,,5
1056,Con,Lab,skipped,skipped,skipped,,5
1057,Con,Lab,skipped,skipped,skipped,,5
1058,Con,Lab,skipped,skipped,skipped,,5
1059,Con,Lab,skipped,skipped,skipped,,5
1060,Con,Lab,skipped,skipped,skipped,,5
1061,Con,Lab,skipped,skipped,skipped,,5
1062,Con,Lab,skipped,skipped,skipped,,5
1063,Con,Lab,skipped,skipped,skipped,,5
1064,Con,Lab,skipped,skipped,skipped,,5
1065,Con,Lab,skipped,skipped,skipped,,5
1066,Con,Lab,skipped,skipped,skipped,,5
1067,Con,Lab,skipped,skipped,skipped,,5
1068,Con,Lab,skipped,skipped,skipped,,5
1069,Con,Lab,skipped,skipped,skipped,,5
1070,Con,Lab,skipped,skipped,skipped,,5
1071,Con,Lab,skipped,skipped,skipped,,5
1072,Con,Lab,skipped,skipped,skipped,,5
1073,Con,Lab,skipped,skipped,skipped,,5
1074,Con,Lab,skipped,skipped,skipped,,5
1075,Con,Lab,skipped,skipped,skipped,,5
1076,Con,Lab,skipped,skipped,skipped,,5
1077,Con,Lab,skipped,skipped,skipped,,5
1078,Con,Lab,skipped,skipped,skipped,,5
1079,Con,Lab,skipped,skipped,skipped,,5
1080,Con,Lab,skipped,skipped,skipped,,5
1081,Con,Lab,skipped,skipped,skipped,,5
1082,Con,Lab,skipped,skipped,skipped,,5
1083,Con,Lab,skipped,skipped,skipped,,5
1084,Con,Lab,skipped,skipped,skipped,,5
1085,Con,Lab,skipped,skipped,skipped,,5
1086,Con,Lab,skipped,skipped,skipped,,5
1087,Con,Lab,skipped,skipped,skipped,,5
1088,Con,Lab,skipped,skipped,skipped,,5
1089,Con,Lab,skipped,skipped,skipped,,5
1090,Con,Lab,skipped,skipped,skipped,,5
1091,Con,Lab,skipped,skipped,skipped,,5
1092,Con,Lab,skipped,skipped,skipped,,5
1093,Con,Lab,skipped,skipped,skipped,,5
1094,Con,Lab,skipped,skipped,skipped,,5
1095,Con,Lab,skipped,skipped,skipped,,5
1096,Con,Lab,skipped,skipped,skipped,,5
1097,Con,Lab,skipped,skipped,skipped,,5
1098,Con,Lab,skipped,skipped,skipped,,5
1099,Con,Lab,skipped,skipped,skipped,,5
1100,Con,Lab,skipped,skipped,skipped,,5
1101,Con,Lab,skipped,skipped,skipped,,5
1102,Con,Lab,skipped,skipped,skipped,,5
1103,Con,Lab,skipped,skipped,skipped,,5
1104,Con,Lab,skipped,skipped,skipped,,5
1105,Con,Lab,skipped,skipped,skipped,,5
1106,Con,Lab,skipped,skipped,skipped,,5
1107,Con,Lab,skipped,skipped,skipped,,5
1108,Con,Lab,skipped,skipped,skipped,,5
1109,Con,Lab,skipped,skipped,skipped,,5
1110,Con,Lab,skipped,skipped,skipped,,5
1111,Con,Lab,skipped,skipped,skipped,,5
1112,Con,Lab,skipped,skipped,skipped,,5
1113,Con,Lab,skipped,skipped,skipped,,5
1114,Con,Lab,skipped,skipped,skipped,,5
1115,Con,Lab,skipped,skipped,skipped,,5
1116,Con,Lab,skipped,skipped,skipped,,5
1117,Con,Lab,skipped,skipped,skipped,,5
1118,Con,Lab,skipped,skipped,skipped,,5
1119,Con,Lab,skipped,skipped,skipped,,5
1120,Con,Lab,skipped,skipped,skipped,,5
1121,Con,Lab,skipped,skipped,skipped,,5
1122,Con,Lab,skipped,skipped,skipped,,5
1123,Con,Lab,skipped,skipped,skipped,,5
1124,Con,Lab,skipped,skipped,skipped,,5
1125,Con,Lab,skipped,skipped,skipped,,5
1126,Con,Lab,skipped,skipped,skipped,,5
1127,Con,Lab,skipped,skipped,skipped,,5
1128,Con,Lab,skipped,skipped,skipped,,5
1129,Con,Lab,skipped,skipped,skipped,,5
1130,Con,Lab,skipped,skipped,skipped,,5
1131,Con,Lab,skipped,skipped,skipped,,5
1132,Con,Lab,skipped,skipped,skipped,,5
1133,Con,Lab,skipped,skipped,skipped,,5
1134,Con,Lab,SNP,skipped,skipped,,5
1135,Con,Lab,SNP,skipped,skipped,,5
1136,Con,Lab,SNP,skipped,skipped,,5
1137,Con,Lab,SNP,skipped,skipped,,5
1138,Con,Lab,SNP,skipped,skipped,,5
1139,Con,Lab,SNP,skipped,skipped,,5
1140,Con,Lab,SNP,skipped,skipped,,5
1141,Con,Lab,SNP,skipped,skipped,,5
1142,Con,Lab,SNP,skipped,skipped,,5
1143,Con,Lab,SNP,skipped,skipped,,5
1144,Con,Lab,SNP,skipped,skipped,,5
1145,Con,Lab,SNP,skipped,skipped,,5
1146,Con,Lab,SNP,skipped,skipped,,5
1147,Con,Lab,SNP,skipped,skipped,,5
1148,Con,Lab,SNP,skipped,skipped,,5
1149,Con,Lab,SNP,skipped,skipped,,5
1150,Con,Lab,SNP,skipped,skipped,,5
1151,Con,Lab,SNP,Andrew BRYDEN (Ind),skipped,,5
1152,Con,Lab,SNP,Andrew BRYDEN (Ind),skipped,,5
1153,Con,Lab,SNP,Andrew BRYDEN (Ind),skipped,,5
1154,Con,Lab,SNP,Andrew BRYDEN (Ind),skipped,,5
1155,Con,Lab,SNP,Andrew BRYDEN (Ind),skipped,,5
1156,Con,Lab,SNP,Andrew BRYDEN (Ind),skipped,,5
1157,Con,Lab,SNP,Andrew BRYDEN (Ind),skipped,,5
1158,Con,Lab,SNP,Andrew BRYDEN (Ind),skipped,,5
1159,Con,Lab,SNP,Andrew BRYDEN (Ind),skipped,,5
1160,Con,Lab,SNP,Andrew BRYDEN (Ind),skipped,,5
1161,Con,Lab,SNP,Andrew BRYDEN (Ind),skipped,,5
1162,Con,Lab,SNP,skipped,skipped,,5
1163,Con,Lab,SNP,skipped,skipped,,5
1164,Con,Lab,SNP,skipped,skipped,,5
1165,Con,Lab,SNP,skipped,skipped,,5
1166,Con,Lab,SNP,skipped,skipped,,5
1167,Con,Lab,SNP,skipped,skipped,,5
1168,Con,Lab,SNP,skipped,skipped,,5
1169,Con,Lab,SNP,skipped,skipped,,5
1170,Con,Lab,SNP,skipped,skipped,,5
1171,Con,Lab,SNP,skipped,skipped,,5
1172,Con,Lab,SNP,skipped,skipped,,5
1173,Con,Lab,SNP,skipped,skipped,,5
1174,Con,Lab,SNP,skipped,skipped,,5
1175,Con,Lab,SNP,skipped,skipped,,5
1176,Con,Lab,SNP,skipped,skipped,,5
1177,Con,Lab,SNP,skipped,skipped,,5
1178,Con,Lab,SNP,Andrew BRYDEN (Ind),skipped,,5
1179,Con,Lab,SNP,Andrew BRYDEN (Ind),skipped,,5
1180,Con,Lab,SNP,Andrew BRYDEN (Ind),skipped,,5
1181,Con,Lab,SNP,Andrew BRYDEN (Ind),skipped,,5
1182,Con,Lab,SNP,Andrew BRYDEN (Ind),skipped,,5
1183,Con,Lab,SNP,Andrew BRYDEN (Ind),skipped,,5
1184,Con,Lab,SNP,Andrew BRYDEN (Ind),skipped,,5
1185,Con,Lab,SNP,Andrew BRYDEN (Ind),skipped,,5
1186,Con,Lab,SNP,Andrew BRYDEN (Ind),skipped,,5
1187,Con,Lab,SNP,Andrew BRYDEN (Ind),skipped,,5
1188,Con,Lab,SNP,Andrew BRYDEN (Ind),skipped,,5
1189,Con,Lab,SNP,Andrew BRYDEN (Ind),skipped,,5
1190,Con,Lab,SNP,Andrew BRYDEN (Ind),skipped,,5
1191,Con,Lab,SNP,Andrew BRYDEN (Ind),skipped,,5
1192,Con,Lab,Andrew BRYDEN (Ind),SNP,skipped,,5
1193,Con,Lab,Andrew BRYDEN (Ind),SNP,skipped,,5
1194,Con,Lab,Andrew BRYDEN (Ind),SNP,skipped,,5
1195,Con,Lab,Andrew BRYDEN (Ind),SNP,skipped,,5
1196,Con,Lab,Andrew BRYDEN (Ind),SNP,skipped,,5
1197,Con,Lab,Andrew BRYDEN (Ind),skipped,skipped,,5
1198,Con,Lab,Andrew BRYDEN (Ind),skipped,skipped,,5
1199,Con,Lab,Andrew BRYDEN (Ind),skipped,skipped,,5
1200,Con,Lab,Andrew BRYDEN (Ind),skipped,skipped,,5
1201,Con,Lab,Andrew BRYDEN (Ind),skipped,skipped,,5
1202,Con,Lab,Andrew BRYDEN (Ind),skipped,skipped,,5
1203,Con,Lab,Andrew BRYDEN (Ind),skipped,skipped,,5
1204,Con,Lab,Andrew BRYDEN (Ind),skipped,skipped,,5
1205,Con,Lab,Andrew BRYDEN (Ind),skipped,skipped,,5
1206,Con,Lab,Andrew BRYDEN (Ind),skipped,skipped,,5
1207,Con,Lab,Andrew BRYDEN (Ind),skipped,skipped,,5
1208,Con,Lab,Andrew BRYDEN (Ind),skipped,skipped,,5
1209,Con,Lab,Andrew BRYDEN (Ind),skipped,skipped,,5
1210,Con,Lab,Andrew BRYDEN (Ind),skipped,skipped,,5
1211,Con,Lab,Andrew BRYDEN (Ind),skipped,skipped,,5
1212,Con,Lab,Andrew BRYDEN (Ind),skipped,skipped,,5
1213,Con,Lab,Andrew BRYDEN (Ind),skipped,skipped,,5
1214,Con,Lab,Andrew BRYDEN (Ind),skipped,skipped,,5
1215,Con,Lab,Andrew BRYDEN (Ind),skipped,skipped,,5
1216,Con,Lab,Andrew BRYDEN (Ind),skipped,skipped,,5
1217,Con,Lab,Andrew BRYDEN (Ind),skipped,skipped,,5
1218,Con,Lab,Andrew BRYDEN (Ind),skipped,skipped,,5
1219,Con,Lab,Andrew BRYDEN (Ind),skipped,skipped,,5
1220,Con,Lab,Andrew BRYDEN (Ind),skipped,skipped,,5
1221,Con,Lab,Andrew BRYDEN (Ind),skipped,skipped,,5
1222,Con,Lab,Andrew BRYDEN (Ind),skipped,skipped,,5
1223,Con,Lab,Andrew BRYDEN (Ind),skipped,skipped,,5
1224,Con,Lab,Andrew BRYDEN (Ind),skipped,skipped,,5
1225,Con,Lab,Andrew BRYDEN (Ind),skipped,skipped,,5
1226,Con,Lab,Andrew BRYDEN (Ind),skipped,skipped,,5
1227,Con,Lab,Andrew BRYDEN (Ind),skipped,skipped,,5
1228,Con,Lab,Andrew BRYDEN (Ind),skipped,skipped,,5
1229,Con,Lab,Andrew BRYDEN (Ind),skipped,skipped,,5
1230,Con,Lab,Andrew BRYDEN (Ind),skipped,skipped,,5
1231,Con,Lab,Andrew BRYDEN (Ind),skipped,skipped,,5
1232,Con,Lab,Andrew BRYDEN (Ind),skipped,skipped,,5
1233,Con,Lab,Andrew BRYDEN (Ind),skipped,skipped,,5
1234,Con,Lab,Andrew BRYDEN (Ind),skipped,skipped,,5
1235,Con,Lab,Andrew BRYDEN (Ind),skipped,skipped,,5
1236,Con,Lab,Andrew BRYDEN (Ind),skipped,skipped,,5
1237,Con,Lab,Andrew BRYDEN (Ind),skipped,skipped,,5
1238,Con,Lab,Andrew BRYDEN (Ind),skipped,skipped,,5
1239,Con,Lab,Andrew BRYDEN (Ind),skipped,skipped,,5
1240,Con,Lab,Andrew BRYDEN (Ind),skipped,skipped,,5
1241,Con,Lab,Andrew BRYDEN (Ind),skipped,skipped,,5
1242,Con,Lab,Andrew BRYDEN (Ind),skipped,skipped,,5
1243,Con,Lab,Andrew BRYDEN (Ind),skipped,skipped,,5
1244,Con,Lab,Andrew BRYDEN (Ind),skipped,skipped,,5
1245,Con,Lab,Andrew BRYDEN (Ind),skipped,skipped,,5
1246,Con,Lab,Andrew BRYDEN (Ind),skipped,skipped,,5
1247,Con,Lab,Andrew BRYDEN (Ind),skipped,skipped,,5
1248,Con,Lab,Andrew BRYDEN (Ind),skipped,skipped,,5
1249,Con,Lab,Andrew BRYDEN (Ind),skipped,skipped,,5
1250,Con,Lab,Andrew BRYDEN (Ind),skipped,skipped,,5
1251,Con,Lab,Andrew BRYDEN (Ind),skipped,skipped,,5
1252,Con,Lab,Andrew BRYDEN (Ind),skipped,skipped,,5
1253,Con,Lab,Andrew BRYDEN (Ind),skipped,skipped,,5
1254,Con,Lab,Andrew BRYDEN (Ind),skipped,skipped,,5
1255,Con,Lab,Andrew BRYDEN (Ind),skipped,skipped,,5
1256,Con,Lab,Andrew BRYDEN (Ind),skipped,skipped,,5
1257,Con,Lab,Andrew BRYDEN (Ind),skipped,skipped,,5
1258,Con,Lab,Andrew BRYDEN (Ind),skipped,skipped,,5
1259,Con,Lab,Andrew BRYDEN (Ind),skipped,skipped,,5
1260,Con,Lab,Andrew BRYDEN (Ind),skipped,skipped,,5
1261,Con,Lab,Andrew BRYDEN (Ind),skipped,skipped,,5
1262,Con,Lab,Andrew BRYDEN (Ind),skipped,skipped,,5
1263,Con,Lab,Andrew BRYDEN (Ind),skipped,skipped,,5
1264,Con,Lab,Andrew BRYDEN (Ind),skipped,skipped,,5
1265,Con,Lab,Andrew BRYDEN (Ind),skipped,skipped,,5
1266,Con,Lab,Andrew BRYDEN (Ind),skipped,skipped,,5
1267,Con,Lab,Andrew BRYDEN (Ind),skipped,skipped,,5
1268,Con,Lab,Andrew BRYDEN (Ind),skipped,skipped,,5
1269,Con,Lab,Andrew BRYDEN (Ind),skipped,skipped,,5
1270,Con,Lab,Andrew BRYDEN (Ind),skipped,skipped,,5
1271,Con,Lab,Andrew BRYDEN (Ind),skipped,skipped,,5
1272,Con,Lab,Andrew BRYDEN (Ind),skipped,skipped,,5
1273,Con,Lab,Andrew BRYDEN (Ind),skipped,skipped,,5
1274,Con,Lab,Andrew BRYDEN (Ind),skipped,skipped,,5
1275,Con,Lab,Andrew BRYDEN (Ind),skipped,skipped,,5
1276,Con,Lab,Andrew BRYDEN (Ind),skipped,skipped,,5
1277,Con,Lab,Andrew BRYDEN (Ind),skipped,skipped,,5
1278,Con,Lab,Andrew BRYDEN (Ind),skipped,skipped,,5
1279,Con,Lab,Andrew BRYDEN (Ind),skipped,skipped,,5
1280,Con,Lab,Andrew BRYDEN (Ind),skipped,skipped,,5
1281,Con,Lab,Andrew BRYDEN (Ind),skipped,skipped,,5
1282,Con,Lab,Andrew BRYDEN (Ind),skipped,skipped,,5
1283,Con,Lab,Andrew BRYDEN (Ind),skipped,skipped,,5
1284,Con,Lab,Andrew BRYDEN (Ind),skipped,skipped,,5
1285,Con,Lab,Andrew BRYDEN (Ind),skipped,skipped,,5
1286,Con,Lab,Andrew BRYDEN (Ind),skipped,skipped,,5
1287,Con,Lab,Andrew BRYDEN (Ind),skipped,skipped,,5
1288,Con,Lab,Andrew BRYDEN (Ind),skipped,skipped,,5
1289,Con,Lab,Andrew BRYDEN (Ind),skipped,skipped,,5
1290,Con,Lab,Andrew BRYDEN (Ind),skipped,skipped,,5
1291,Con,Lab,Andrew BRYDEN (Ind),skipped,skipped,,5
1292,Con,Lab,Andrew BRYDEN (Ind),skipped,skipped,,5
1293,Con,Lab,Andrew BRYDEN (Ind),skipped,skipped,,5
1294,Con,Lab,Andrew BRYDEN (Ind),skipped,skipped,,5
1295,Con,Lab,Andrew BRYDEN (Ind),skipped,skipped,,5
1296,Con,Lab,Andrew BRYDEN (Ind),skipped,skipped,,5
1297,Con,Lab,Andrew BRYDEN (Ind),skipped,skipped,,5
1298,Con,Lab,Andrew BRYDEN (Ind),skipped,skipped,,5
1299,Con,Lab,Andrew BRYDEN (Ind),skipped,skipped,,5
1300,Con,Lab,Andrew BRYDEN (Ind),skipped,skipped,,5
1301,Con,Lab,Andrew BRYDEN (Ind),skipped,skipped,,5
1302,Con,Lab,Andrew BRYDEN (Ind),skipped,skipped,,5
1303,Con,Lab,Andrew BRYDEN (Ind),skipped,skipped,,5
1304,Con,Lab,Andrew BRYDEN (Ind),skipped,skipped,,5
1305,Con,Lab,Andrew BRYDEN (Ind),skipped,skipped,,5
1306,Con,Lab,Andrew BRYDEN (Ind),skipped,skipped,,5
1307,Con,Lab,Andrew BRYDEN (Ind),skipped,skipped,,5
1308,Con,Lab,Andrew BRYDEN (Ind),skipped,skipped,,5
1309,Con,Lab,Andrew BRYDEN (Ind),skipped,skipped,,5
1310,Con,Lab,Andrew BRYDEN (Ind),skipped,skipped,,5
1311,Con,Lab,Andrew BRYDEN (Ind),skipped,skipped,,5
1312,Con,Lab,Andrew BRYDEN (Ind),skipped,skipped,,5
1313,Con,Lab,Andrew BRYDEN (Ind),skipped,skipped,,5
1314,Con,Lab,Andrew BRYDEN (Ind),skipped,skipped,,5
1315,Con,Lab,Andrew BRYDEN (Ind),skipped,skipped,,5
1316,Con,Lab,Andrew BRYDEN (Ind),skipped,skipped,,5
1317,Con,Lab,Andrew BRYDEN (Ind),skipped,skipped,,5
1318,Con,Lab,Andrew BRYDEN (Ind),skipped,skipped,,5
1319,Con,Lab,Andrew BRYDEN (Ind),skipped,skipped,,5
1320,Con,Lab,Andrew BRYDEN (Ind),skipped,skipped,,5
1321,Con,Lab,Andrew BRYDEN (Ind),skipped,skipped,,5
1322,Con,Lab,Andrew BRYDEN (Ind),skipped,skipped,,5
1323,Con,Lab,Andrew BRYDEN (Ind),skipped,skipped,,5
1324,Con,Lab,Andrew BRYDEN (Ind),skipped,skipped,,5
1325,Con,Lab,Andrew BRYDEN (Ind),skipped,skipped,,5
1326,Con,Lab,Andrew BRYDEN (Ind),skipped,skipped,,5
1327,Con,Lab,Andrew BRYDEN (Ind),skipped,skipped,,5
1328,Con,Lab,Andrew BRYDEN (Ind),skipped,skipped,,5
1329,Con,Lab,Andrew BRYDEN (Ind),skipped,skipped,,5
1330,Con,Lab,Andrew BRYDEN (Ind),skipped,skipped,,5
1331,Con,Lab,Andrew BRYDEN (Ind),skipped,skipped,,5
1332,Con,Lab,Andrew BRYDEN (Ind),skipped,skipped,,5
1333,Con,Lab,Andrew BRYDEN (Ind),skipped,skipped,,5
1334,Con,Lab,Andrew BRYDEN (Ind),skipped,skipped,,5
1335,Con,Lab,Andrew BRYDEN (Ind),skipped,skipped,,5
1336,Con,Lab,Andrew BRYDEN (Ind),skipped,skipped,,5
1337,Con,Lab,Andrew BRYDEN (Ind),skipped,skipped,,5
1338,Con,Lab,Andrew BRYDEN (Ind),skipped,skipped,,5
1339,Con,Lab,Andrew BRYDEN (Ind),skipped,skipped,,5
1340,Con,Lab,Andrew BRYDEN (Ind),skipped,skipped,,5
1341,Con,Lab,Andrew BRYDEN (Ind),skipped,skipped,,5
1342,Con,Lab,Andrew BRYDEN (Ind),skipped,skipped,,5
1343,Con,Lab,Andrew BRYDEN (Ind),skipped,skipped,,5
1344,Con,Lab,Andrew BRYDEN (Ind),skipped,skipped,,5
1345,Con,Lab,Andrew BRYDEN (Ind),skipped,skipped,,5
1346,Con,Lab,Andrew BRYDEN (Ind),skipped,skipped,,5
1347,Con,Lab,Andrew BRYDEN (Ind),skipped,skipped,,5
1348,Con,Lab,Andrew BRYDEN (Ind),skipped,skipped,,5
1349,Con,Lab,Andrew BRYDEN (Ind),skipped,skipped,,5
1350,Con,Lab,Andrew BRYDEN (Ind),skipped,skipped,,5
1351,Con,Lab,Andrew BRYDEN (Ind),skipped,skipped,,5
1352,Con,Lab,Andrew BRYDEN (Ind),skipped,skipped,,5
1353,Con,Lab,Andrew BRYDEN (Ind),skipped,skipped,,5
1354,Con,Lab,Andrew BRYDEN (Ind),skipped,skipped,,5
1355,Con,Lab,Andrew BRYDEN (Ind),skipped,skipped,,5
1356,Con,Lab,Andrew BRYDEN (Ind),skipped,skipped,,5
1357,Con,Lab,Andrew BRYDEN (Ind),skipped,skipped,,5
1358,Con,Lab,Andrew BRYDEN (Ind),skipped,skipped,,5
1359,Con,Lab,Andrew BRYDEN (Ind),skipped,skipped,,5
1360,Con,Lab,Andrew BRYDEN (Ind),skipped,skipped,,5
1361,Con,Lab,Andrew BRYDEN (Ind),skipped,skipped,,5
1362,Con,Lab,Andrew BRYDEN (Ind),skipped,skipped,,5
1363,Con,Lab,Andrew BRYDEN (Ind),skipped,skipped,,5
1364,Con,Lab,Andrew BRYDEN (Ind),skipped,skipped,,5
1365,Con,Lab,Andrew BRYDEN (Ind),skipped,skipped,,5
1366,Con,Lab,Andrew BRYDEN (Ind),skipped,skipped,,5
1367,Con,Lab,Andrew BRYDEN (Ind),skipped,skipped,,5
1368,Con,Lab,Andrew BRYDEN (Ind),skipped,skipped,,5
1369,Con,Lab,Andrew BRYDEN (Ind),skipped,skipped,,5
1370,Con,Lab,Andrew BRYDEN (Ind),skipped,skipped,,5
1371,Con,Lab,Andrew BRYDEN (Ind),skipped,skipped,,5
1372,Con,Lab,Andrew BRYDEN (Ind),skipped,skipped,,5
1373,Con,Lab,Andrew BRYDEN (Ind),skipped,skipped,,5
1374,Con,Lab,Andrew BRYDEN (Ind),skipped,skipped,,5
1375,Con,Lab,Andrew BRYDEN (Ind),skipped,skipped,,5
1376,Con,Lab,Andrew BRYDEN (Ind),skipped,skipped,,5
1377,Con,Lab,Andrew BRYDEN (Ind),skipped,skipped,,5
1378,Con,Lab,Andrew BRYDEN (Ind),skipped,skipped,,5
1379,Con,Lab,Andrew BRYDEN (Ind),skipped,skipped,,5
1380,Con,Lab,Andrew BRYDEN (Ind),skipped,skipped,,5
1381,Con,Lab,Andrew BRYDEN (Ind),skipped,skipped,,5
1382,Con,Lab,Andrew BRYDEN (Ind),skipped,skipped,,5
1383,Con,Lab,Andrew BRYDEN (Ind),skipped,skipped,,5
1384,Con,Lab,Andrew BRYDEN (Ind),skipped,skipped,,5
1385,Con,Lab,Andrew BRYDEN (Ind),skipped,skipped,,5
1386,Con,Lab,Andrew BRYDEN (Ind),skipped,skipped,,5
1387,Con,Lab,Andrew BRYDEN (Ind),skipped,skipped,,5
1388,Con,Lab,Andrew BRYDEN (Ind),skipped,skipped,,5
1389,Con,Lab,Andrew BRYDEN (Ind),skipped,skipped,,5
1390,Con,Lab,Andrew BRYDEN (Ind),skipped,skipped,,5
1391,Con,Lab,Andrew BRYDEN (Ind),skipped,skipped,,5
1392,Con,Lab,Andrew BRYDEN (Ind),skipped,skipped,,5
1393,Con,Lab,Andrew BRYDEN (Ind),skipped,skipped,,5
1394,Con,Lab,Andrew BRYDEN (Ind),skipped,skipped,,5
1395,Con,Lab,Andrew BRYDEN (Ind),skipped,skipped,,5
1396,Con,Lab,Andrew BRYDEN (Ind),skipped,skipped,,5
1397,Con,Lab,Andrew BRYDEN (Ind),skipped,skipped,,5
1398,Con,Lab,Andrew BRYDEN (Ind),skipped,skipped,,5
1399,Con,Lab,Andrew BRYDEN (Ind),skipped,skipped,,5
1400,Con,Lab,Andrew BRYDEN (Ind),skipped,skipped,,5
1401,Con,Lab,Andrew BRYDEN (Ind),skipped,skipped,,5
1402,Con,Lab,Andrew BRYDEN (Ind),skipped,skipped,,5
1403,Con,Lab,Andrew BRYDEN (Ind),skipped,skipped,,5
1404,Con,Lab,Andrew BRYDEN (Ind),skipped,skipped,,5
1405,Con,Lab,Andrew BRYDEN (Ind),skipped,skipped,,5
1406,Con,Lab,Andrew BRYDEN (Ind),skipped,skipped,,5
1407,Con,Lab,Andrew BRYDEN (Ind),skipped,skipped,,5
1408,Con,Lab,Andrew BRYDEN (Ind),skipped,skipped,,5
1409,Con,Lab,Andrew BRYDEN (Ind),skipped,skipped,,5
1410,Con,Lab,Andrew BRYDEN (Ind),skipped,skipped,,5
1411,Con,Lab,Andrew BRYDEN (Ind),skipped,skipped,,5
1412,Con,Lab,Andrew BRYDEN (Ind),skipped,skipped,,5
1413,Con,Lab,Andrew BRYDEN (Ind),skipped,skipped,,5
1414,Con,Lab,Andrew BRYDEN (Ind),skipped,skipped,,5
1415,Con,Lab,Andrew BRYDEN (Ind),skipped,skipped,,5
1416,Con,Lab,Andrew BRYDEN (Ind),skipped,skipped,,5
1417,Con,Lab,Andrew BRYDEN (Ind),skipped,skipped,,5
1418,Con,Lab,Andrew BRYDEN (Ind),skipped,skipped,,5
1419,Con,Lab,Andrew BRYDEN (Ind),skipped,skipped,,5
1420,Con,Lab,Andrew BRYDEN (Ind),skipped,skipped,,5
1421,Con,Lab,Andrew BRYDEN (Ind),skipped,skipped,,5
1422,Con,Lab,Andrew BRYDEN (Ind),skipped,skipped,,5
1423,Con,Lab,Andrew BRYDEN (Ind),skipped,skipped,,5
1424,Con,Lab,Andrew BRYDEN (Ind),skipped,skipped,,5
1425,Con,Lab,Andrew BRYDEN (Ind),skipped,skipped,,5
1426,Con,Lab,Andrew BRYDEN (Ind),SNP,skipped,,5
1427,Con,Lab,Andrew BRYDEN (Ind),SNP,skipped,,5
1428,Con,Lab,Andrew BRYDEN (Ind),SNP,skipped,,5
1429,Con,Lab,Andrew BRYDEN (Ind),SNP,skipped,,5
1430,Con,Lab,Andrew BRYDEN (Ind),SNP,skipped,,5
1431,Con,Lab,Andrew BRYDEN (Ind),SNP,skipped,,5
1432,Con,Lab,Andrew BRYDEN (Ind),SNP,skipped,,5
1433,Con,Lab,Andrew BRYDEN (Ind),SNP,skipped,,5
1434,Con,Lab,Andrew BRYDEN (Ind),SNP,skipped,,5
1435,Con,Lab,Andrew BRYDEN (Ind),SNP,skipped,,5
1436,Con,Lab,Andrew BRYDEN (Ind),SNP,skipped,,5
1437,Con,Lab,Andrew BRYDEN (Ind),SNP,skipped,,5
1438,Con,Lab,Andrew BRYDEN (Ind),SNP,skipped,,5
1439,Con,Lab,Andrew BRYDEN (Ind),SNP,skipped,,5
1440,Con,Lab,Andrew BRYDEN (Ind),SNP,skipped,,5
1441,Con,Lab,Andrew BRYDEN (Ind),SNP,skipped,,5
1442,Con,Lab,Andrew BRYDEN (Ind),SNP,skipped,,5
1443,Con,Lab,Andrew BRYDEN (Ind),SNP,skipped,,5
1444,Con,Lab,Andrew BRYDEN (Ind),SNP,skipped,,5
1445,Con,Lab,Andrew BRYDEN (Ind),SNP,skipped,,5
1446,Con,Lab,Andrew BRYDEN (Ind),SNP,skipped,,5
1447,Con,Lab,Andrew BRYDEN (Ind),SNP,skipped,,5
1448,Con,Lab,Andrew BRYDEN (Ind),SNP,skipped,,5
1449,Con,Lab,Andrew BRYDEN (Ind),SNP,skipped,,5
1450,Con,Lab,Andrew BRYDEN (Ind),SNP,skipped,,5
1451,Con,Lab,Andrew BRYDEN (Ind),SNP,skipped,,5
1452,Con,Lab,Andrew BRYDEN (Ind),SNP,skipped,,5
1453,Con,Lab,Andrew BRYDEN (Ind),SNP,skipped,,5
1454,Con,Lab,Andrew BRYDEN (Ind),SNP,skipped,,5
1455,Con,Lab,Andrew BRYDEN (Ind),SNP,skipped,,5
1456,Con,Lab,Andrew BRYDEN (Ind),SNP,skipped,,5
1457,Con,Lab,Andrew BRYDEN (Ind),SNP,skipped,,5
1458,Con,Lab,Andrew BRYDEN (Ind),SNP,skipped,,5
1459,Con,Lab,Andrew BRYDEN (Ind),SNP,skipped,,5
1460,Con,Lab,Andrew BRYDEN (Ind),SNP,skipped,,5
1461,Con,Lab,Andrew BRYDEN (Ind),SNP,skipped,,5
1462,Con,Lab,Andrew BRYDEN (Ind),SNP,skipped,,5
1463,Con,Lab,Andrew BRYDEN (Ind),SNP,skipped,,5
1464,Con,Lab,Andrew BRYDEN (Ind),SNP,skipped,,5
1465,Con,Lab,Andrew BRYDEN (Ind),SNP,skipped,,5
1466,Con,Lab,Andrew BRYDEN (Ind),SNP,skipped,,5
1467,Con,Lab,Andrew BRYDEN (Ind),SNP,skipped,,5
1468,Con,Lab,Andrew BRYDEN (Ind),SNP,skipped,,5
1469,Con,Lab,Andrew BRYDEN (Ind),SNP,skipped,,5
1470,Con,Lab,Andrew BRYDEN (Ind),SNP,skipped,,5
1471,Con,Lab,Andrew BRYDEN (Ind),SNP,skipped,,5
1472,Con,Lab,Andrew BRYDEN (Ind),SNP,skipped,,5
1473,Con,Lab,Andrew BRYDEN (Ind),SNP,skipped,,5
1474,Con,Lab,Andrew BRYDEN (Ind),SNP,skipped,,5
1475,Con,Lab,Andrew BRYDEN (Ind),SNP,skipped,,5
1476,Con,Lab,Andrew BRYDEN (Ind),SNP,skipped,,5
1477,Con,Lab,Andrew BRYDEN (Ind),SNP,skipped,,5
1478,Con,Lab,Andrew BRYDEN (Ind),SNP,skipped,,5
1479,Con,Lab,Andrew BRYDEN (Ind),SNP,skipped,,5
1480,Con,Lab,Andrew BRYDEN (Ind),SNP,skipped,,5
1481,Con,Lab,Andrew BRYDEN (Ind),SNP,skipped,,5
1482,Con,Lab,Andrew BRYDEN (Ind),SNP,skipped,,5
1483,Con,Lab,Andrew BRYDEN (Ind),SNP,skipped,,5
1484,Con,Lab,Andrew BRYDEN (Ind),SNP,skipped,,5
1485,Con,Lab,Andrew BRYDEN (Ind),SNP,skipped,,5
1486,Con,SNP,skipped,skipped,skipped,,5
1487,Con,SNP,skipped,skipped,skipped,,5
1488,Con,SNP,skipped,skipped,skipped,,5
1489,Con,SNP,skipped,skipped,skipped,,5
1490,Con,SNP,skipped,skipped,skipped,,5
1491,Con,SNP,skipped,skipped,skipped,,5
1492,Con,SNP,skipped,skipped,skipped,,5
1493,Con,SNP,skipped,skipped,skipped,,5
1494,Con,SNP,skipped,skipped,skipped,,5
1495,Con,SNP,skipped,skipped,skipped,,5
1496,Con,SNP,Lab,skipped,skipped,,5
1497,Con,SNP,Lab,skipped,skipped,,5
1498,Con,SNP,Lab,skipped,skipped,,5
1499,Con,SNP,Lab,skipped,skipped,,5
1500,Con,SNP,Lab,skipped,skipped,,5
1501,Con,SNP,Lab,skipped,skipped,,5
1502,Con,SNP,Lab,skipped,skipped,,5
1503,Con,SNP,Lab,skipped,skipped,,5
1504,Con,SNP,Lab,Andrew BRYDEN (Ind),skipped,,5
1505,Con,SNP,Lab,Andrew BRYDEN (Ind),skipped,,5
1506,Con,SNP,Lab,Andrew BRYDEN (Ind),skipped,,5
1507,Con,SNP,Lab,Andrew BRYDEN (Ind),skipped,,5
1508,Con,SNP,skipped,skipped,skipped,,5
1509,Con,SNP,skipped,skipped,skipped,,5
1510,Con,SNP,skipped,skipped,skipped,,5
1511,Con,SNP,skipped,skipped,skipped,,5
1512,Con,SNP,skipped,skipped,skipped,,5
1513,Con,SNP,skipped,skipped,skipped,,5
1514,Con,SNP,skipped,skipped,skipped,,5
1515,Con,SNP,skipped,skipped,skipped,,5
1516,Con,SNP,skipped,skipped,skipped,,5
1517,Con,SNP,skipped,skipped,skipped,,5
1518,Con,SNP,Lab,skipped,skipped,,5
1519,Con,SNP,Lab,skipped,skipped,,5
1520,Con,SNP,Lab,Andrew BRYDEN (Ind),skipped,,5
1521,Con,SNP,Andrew BRYDEN (Ind),Lab,skipped,,5
1522,Con,SNP,Andrew BRYDEN (Ind),Lab,skipped,,5
1523,Con,SNP,Andrew BRYDEN (Ind),Lab,skipped,,5
1524,Con,SNP,Andrew BRYDEN (Ind),Lab,skipped,,5
1525,Con,SNP,Andrew BRYDEN (Ind),Lab,skipped,,5
1526,Con,SNP,Andrew BRYDEN (Ind),Lab,skipped,,5
1527,Con,SNP,Andrew BRYDEN (Ind),skipped,skipped,,5
1528,Con,SNP,Andrew BRYDEN (Ind),skipped,skipped,,5
1529,Con,SNP,Andrew BRYDEN (Ind),skipped,skipped,,5
1530,Con,SNP,Andrew BRYDEN (Ind),Lab,skipped,,5
1531,Con,SNP,skipped,skipped,skipped,,5
1532,Con,SNP,skipped,skipped,skipped,,5
1533,Con,SNP,skipped,skipped,skipped,,5
1534,Con,SNP,skipped,skipped,skipped,,5
1535,Con,SNP,skipped,skipped,skipped,,5
1536,Con,SNP,skipped,skipped,skipped,,5
1537,Con,SNP,skipped,skipped,skipped,,5
1538,Con,SNP,skipped,skipped,skipped,,5
1539,Con,SNP,skipped,skipped,skipped,,5
1540,Con,SNP,skipped,skipped,skipped,,5
1541,Con,SNP,skipped,skipped,skipped,,5
1542,Con,SNP,skipped,skipped,skipped,,5
1543,Con,SNP,skipped,skipped,skipped,,5
1544,Con,SNP,skipped,skipped,skipped,,5
1545,Con,SNP,skipped,skipped,skipped,,5
1546,Con,SNP,skipped,skipped,skipped,,5
1547,Con,SNP,skipped,skipped,skipped,,5
1548,Con,SNP,skipped,skipped,skipped,,5
1549,Con,SNP,Lab,skipped,skipped,,5
1550,Con,SNP,Lab,skipped,skipped,,5
1551,Con,SNP,Lab,skipped,skipped,,5
1552,Con,Lab,SNP,Andrew BRYDEN (Ind),skipped,,5
1553,Con,SNP,Lab,Andrew BRYDEN (Ind),skipped,,5
1554,Con,SNP,skipped,skipped,skipped,,5
1555,Con,SNP,skipped,skipped,skipped,,5
1556,Con,SNP,skipped,skipped,skipped,,5
1557,Con,SNP,skipped,skipped,skipped,,5
1558,Con,SNP,skipped,skipped,skipped,,5
1559,Con,SNP,skipped,skipped,skipped,,5
1560,Con,SNP,skipped,skipped,skipped,,5
1561,Con,SNP,Andrew BRYDEN (Ind),Lab,skipped,,5
1562,Con,SNP,Andrew BRYDEN (Ind),Lab,skipped,,5
1563,Con,SNP,Andrew BRYDEN (Ind),Lab,skipped,,5
1564,Con,SNP,Andrew BRYDEN (Ind),skipped,skipped,,5
1565,Con,SNP,Andrew BRYDEN (Ind),skipped,skipped,,5
1566,Con,Andrew BRYDEN (Ind),SNP,Lab,skipped,,5
1567,Con,Andrew BRYDEN (Ind),SNP,Lab,skipped,,5
1568,Con,Andrew BRYDEN (Ind),SNP,Lab,skipped,,5
1569,Con,Andrew BRYDEN (Ind),skipped,skipped,skipped,,5
1570,Con,Andrew BRYDEN (Ind),skipped,skipped,skipped,,5
1571,Con,Andrew BRYDEN (Ind),skipped,skipped,skipped,,5
1572,Con,Andrew BRYDEN (Ind),skipped,skipped,skipped,,5
1573,Con,Andrew BRYDEN (Ind),skipped,skipped,skipped,,5
1574,Con,Andrew BRYDEN (Ind),skipped,skipped,skipped,,5
1575,Con,Andrew BRYDEN (Ind),skipped,skipped,skipped,,5
1576,Con,Andrew BRYDEN (Ind),skipped,skipped,skipped,,5
1577,Con,Andrew BRYDEN (Ind),skipped,skipped,skipped,,5
1578,Con,Andrew BRYDEN (Ind),skipped,skipped,skipped,,5
1579,Con,Andrew BRYDEN (Ind),skipped,skipped,skipped,,5
1580,Con,Andrew BRYDEN (Ind),skipped,skipped,skipped,,5
1581,Con,Andrew BRYDEN (Ind),skipped,skipped,skipped,,5
1582,Con,Andrew BRYDEN (Ind),skipped,skipped,skipped,,5
1583,Con,Andrew BRYDEN (Ind),skipped,skipped,skipped,,5
1584,Con,Andrew BRYDEN (Ind),skipped,skipped,skipped,,5
1585,Con,Andrew BRYDEN (Ind),skipped,skipped,skipped,,5
1586,Con,Andrew BRYDEN (Ind),skipped,skipped,skipped,,5
1587,Con,Andrew BRYDEN (Ind),skipped,skipped,skipped,,5
1588,Con,Andrew BRYDEN (Ind),skipped,skipped,skipped,,5
1589,Con,Andrew BRYDEN (Ind),skipped,skipped,skipped,,5
1590,Con,Andrew BRYDEN (Ind),skipped,skipped,skipped,,5
1591,Con,Andrew BRYDEN (Ind),skipped,skipped,skipped,,5
1592,Con,Andrew BRYDEN (Ind),skipped,skipped,skipped,,5
1593,Con,Andrew BRYDEN (Ind),skipped,skipped,skipped,,5
1594,Con,Andrew BRYDEN (Ind),skipped,skipped,skipped,,5
1595,Con,Andrew BRYDEN (Ind),skipped,skipped,skipped,,5
1596,Con,Andrew BRYDEN (Ind),skipped,skipped,skipped,,5
1597,Con,Andrew BRYDEN (Ind),skipped,skipped,skipped,,5
1598,Con,Andrew BRYDEN (Ind),skipped,skipped,skipped,,5
1599,Con,Andrew BRYDEN (Ind),skipped,skipped,skipped,,5
1600,Con,Andrew BRYDEN (Ind),skipped,skipped,skipped,,5
1601,Con,Andrew BRYDEN (Ind),skipped,skipped,skipped,,5
1602,Con,Andrew BRYDEN (Ind),skipped,skipped,skipped,,5
1603,Con,Andrew BRYDEN (Ind),skipped,skipped,skipped,,5
1604,Con,Andrew BRYDEN (Ind),skipped,skipped,skipped,,5
1605,Con,Andrew BRYDEN (Ind),skipped,skipped,skipped,,5
1606,Con,Andrew BRYDEN (Ind),skipped,skipped,skipped,,5
1607,Con,Andrew BRYDEN (Ind),skipped,skipped,skipped,,5
1608,Con,Andrew BRYDEN (Ind),skipped,skipped,skipped,,5
1609,Con,Andrew BRYDEN (Ind),skipped,skipped,skipped,,5
1610,Con,Andrew BRYDEN (Ind),skipped,skipped,skipped,,5
1611,Con,Andrew BRYDEN (Ind),skipped,skipped,skipped,,5
1612,Con,Andrew BRYDEN (Ind),skipped,skipped,skipped,,5
1613,Con,Andrew BRYDEN (Ind),skipped,skipped,skipped,,5
1614,Con,Andrew BRYDEN (Ind),skipped,skipped,skipped,,5
1615,Con,Andrew BRYDEN (Ind),skipped,skipped,skipped,,5
1616,Con,Andrew BRYDEN (Ind),skipped,skipped,skipped,,5
1617,Con,Andrew BRYDEN (Ind),skipped,skipped,skipped,,5
1618,Con,Andrew BRYDEN (Ind),skipped,skipped,skipped,,5
1619,Con,Andrew BRYDEN (Ind),skipped,skipped,skipped,,5
1620,Con,Andrew BRYDEN (Ind),skipped,skipped,skipped,,5
1621,Con,Andrew BRYDEN (Ind),skipped,skipped,skipped,,5
1622,Con,Andrew BRYDEN (Ind),skipped,skipped,skipped,,5
1623,Con,Andrew BRYDEN (Ind),skipped,skipped,skipped,,5
1624,Con,Andrew BRYDEN (Ind),skipped,skipped,skipped,,5
1625,Con,Andrew BRYDEN (Ind),skipped,skipped,skipped,,5
1626,Con,Andrew BRYDEN (Ind),skipped,skipped,skipped,,5
1627,Con,Andrew BRYDEN (Ind),skipped,skipped,skipped,,5
1628,Con,Andrew BRYDEN (Ind),skipped,skipped,skipped,,5
1629,Con,Andrew BRYDEN (Ind),skipped,skipped,skipped,,5
1630,Con,Andrew BRYDEN (Ind),skipped,skipped,skipped,,5
1631,Con,Andrew BRYDEN (Ind),skipped,skipped,skipped,,5
1632,Con,Andrew BRYDEN (Ind),skipped,skipped,skipped,,5
1633,Con,Andrew BRYDEN (Ind),skipped,skipped,skipped,,5
1634,Con,Andrew BRYDEN (Ind),skipped,skipped,skipped,,5
1635,Con,Andrew BRYDEN (Ind),skipped,skipped,skipped,,5
1636,Con,Andrew BRYDEN (Ind),skipped,skipped,skipped,,5
1637,Con,Andrew BRYDEN (Ind),skipped,skipped,skipped,,5
1638,Con,Andrew BRYDEN (Ind),skipped,skipped,skipped,,5
1639,Con,Andrew BRYDEN (Ind),skipped,skipped,skipped,,5
1640,Con,Andrew BRYDEN (Ind),skipped,skipped,skipped,,5
1641,Con,Andrew BRYDEN (Ind),skipped,skipped,skipped,,5
1642,Con,Andrew BRYDEN (Ind),skipped,skipped,skipped,,5
1643,Con,Andrew BRYDEN (Ind),skipped,skipped,skipped,,5
1644,Con,Andrew BRYDEN (Ind),skipped,skipped,skipped,,5
1645,Con,Andrew BRYDEN (Ind),skipped,skipped,skipped,,5
1646,Con,Andrew BRYDEN (Ind),skipped,skipped,skipped,,5
1647,Con,Andrew BRYDEN (Ind),skipped,skipped,skipped,,5
1648,Con,Andrew BRYDEN (Ind),skipped,skipped,skipped,,5
1649,Con,Andrew BRYDEN (Ind),skipped,skipped,skipped,,5
1650,Con,Andrew BRYDEN (Ind),skipped,skipped,skipped,,5
1651,Con,Andrew BRYDEN (Ind),skipped,skipped,skipped,,5
1652,Con,Andrew BRYDEN (Ind),skipped,skipped,skipped,,5
1653,Con,Andrew BRYDEN (Ind),skipped,skipped,skipped,,5
1654,Con,Andrew BRYDEN (Ind),skipped,skipped,skipped,,5
1655,Con,Andrew BRYDEN (Ind),skipped,skipped,skipped,,5
1656,Con,Andrew BRYDEN (Ind),skipped,skipped,skipped,,5
1657,Con,Andrew BRYDEN (Ind),skipped,skipped,skipped,,5
1658,Con,Andrew BRYDEN (Ind),skipped,skipped,skipped,,5
1659,Con,Andrew BRYDEN (Ind),skipped,skipped,skipped,,5
1660,Con,Andrew BRYDEN (Ind),skipped,skipped,skipped,,5
1661,Con,Andrew BRYDEN (Ind),skipped,skipped,skipped,,5
1662,Con,Andrew BRYDEN (Ind),skipped,skipped,skipped,,5
1663,Con,Andrew BRYDEN (Ind),skipped,skipped,skipped,,5
1664,Con,Andrew BRYDEN (Ind),skipped,skipped,skipped,,5
1665,Con,Andrew BRYDEN (Ind),skipped,skipped,skipped,,5
1666,Con,Andrew BRYDEN (Ind),skipped,skipped,skipped,,5
1667,Con,Andrew BRYDEN (Ind),skipped,skipped,skipped,,5
1668,Con,Andrew BRYDEN (Ind),skipped,skipped,skipped,,5
1669,Con,Andrew BRYDEN (Ind),skipped,skipped,skipped,,5
1670,Con,Andrew BRYDEN (Ind),skipped,skipped,skipped,,5
1671,Con,Andrew BRYDEN (Ind),skipped,skipped,skipped,,5
1672,Con,Andrew BRYDEN (Ind),skipped,skipped,skipped,,5
1673,Con,Andrew BRYDEN (Ind),skipped,skipped,skipped,,5
1674,Con,Andrew BRYDEN (Ind),skipped,skipped,skipped,,5
1675,Con,Andrew BRYDEN (Ind),skipped,skipped,skipped,,5
1676,Con,Andrew BRYDEN (Ind),skipped,skipped,skipped,,5
1677,Con,Andrew BRYDEN (Ind),skipped,skipped,skipped,,5
1678,Con,Andrew BRYDEN (Ind),skipped,skipped,skipped,,5
1679,Con,Andrew BRYDEN (Ind),skipped,skipped,skipped,,5
1680,Con,Andrew BRYDEN (Ind),skipped,skipped,skipped,,5
1681,Con,Andrew BRYDEN (Ind),skipped,skipped,skipped,,5
1682,Con,Andrew BRYDEN (Ind),skipped,skipped,skipped,,5
1683,Con,Andrew BRYDEN (Ind),skipped,skipped,skipped,,5
1684,Con,Andrew BRYDEN (Ind),skipped,skipped,skipped,,5
1685,Con,Andrew BRYDEN (Ind),skipped,skipped,skipped,,5
1686,Con,Andrew BRYDEN (Ind),skipped,skipped,skipped,,5
1687,Con,Andrew BRYDEN (Ind),skipped,skipped,skipped,,5
1688,Con,Andrew BRYDEN (Ind),skipped,skipped,skipped,,5
1689,Con,Andrew BRYDEN (Ind),skipped,skipped,skipped,,5
1690,Con,Andrew BRYDEN (Ind),skipped,skipped,skipped,,5
1691,Con,Andrew BRYDEN (Ind),skipped,skipped,skipped,,5
1692,Con,Andrew BRYDEN (Ind),skipped,skipped,skipped,,5
1693,Con,Andrew BRYDEN (Ind),skipped,skipped,skipped,,5
1694,Con,Andrew BRYDEN (Ind),skipped,skipped,skipped,,5
1695,Con,Andrew BRYDEN (Ind),skipped,skipped,skipped,,5
1696,Con,Andrew BRYDEN (Ind),skipped,skipped,skipped,,5
1697,Con,Andrew BRYDEN (Ind),skipped,skipped,skipped,,5
1698,Con,Andrew BRYDEN (Ind),skipped,skipped,skipped,,5
1699,Con,Andrew BRYDEN (Ind),skipped,skipped,skipped,,5
1700,Con,Andrew BRYDEN (Ind),skipped,skipped,skipped,,5
1701,Con,Andrew BRYDEN (Ind),skipped,skipped,skipped,,5
1702,Con,Andrew BRYDEN (Ind),skipped,skipped,skipped,,5
1703,Con,Andrew BRYDEN (Ind),skipped,skipped,skipped,,5
1704,Con,Andrew BRYDEN (Ind),skipped,skipped,skipped,,5
1705,Con,Andrew BRYDEN (Ind),skipped,skipped,skipped,,5
1706,Con,Andrew BRYDEN (Ind),skipped,skipped,skipped,,5
1707,Con,Andrew BRYDEN (Ind),skipped,skipped,skipped,,5
1708,Con,Andrew BRYDEN (Ind),skipped,skipped,skipped,,5
1709,Con,Andrew BRYDEN (Ind),skipped,skipped,skipped,,5
1710,Con,Andrew BRYDEN (Ind),skipped,skipped,skipped,,5
1711,Con,Andrew BRYDEN (Ind),skipped,skipped,skipped,,5
1712,Con,Andrew BRYDEN (Ind),skipped,skipped,skipped,,5
1713,Con,Andrew BRYDEN (Ind),skipped,skipped,skipped,,5
1714,Con,Andrew BRYDEN (Ind),skipped,skipped,skipped,,5
1715,Con,Andrew BRYDEN (Ind),skipped,skipped,skipped,,5
1716,Con,Andrew BRYDEN (Ind),skipped,skipped,skipped,,5
1717,Con,Andrew BRYDEN (Ind),skipped,skipped,skipped,,5
1718,Con,Andrew BRYDEN (Ind),skipped,skipped,skipped,,5
1719,Con,Andrew BRYDEN (Ind),skipped,skipped,skipped,,5
1720,Con,Andrew BRYDEN (Ind),skipped,skipped,skipped,,5
1721,Con,Andrew BRYDEN (Ind),skipped,skipped,skipped,,5
1722,Con,Andrew BRYDEN (Ind),skipped,skipped,skipped,,5
1723,Con,Andrew BRYDEN (Ind),skipped,skipped,skipped,,5
1724,Con,Andrew BRYDEN (Ind),skipped,skipped,skipped,,5
1725,Con,Andrew BRYDEN (Ind),skipped,skipped,skipped,,5
1726,Con,Andrew BRYDEN (Ind),skipped,skipped,skipped,,5
1727,Con,Andrew BRYDEN (Ind),skipped,skipped,skipped,,5
1728,Con,Andrew BRYDEN (Ind),skipped,skipped,skipped,,5
1729,Con,Andrew BRYDEN (Ind),skipped,skipped,skipped,,5
1730,Con,Andrew BRYDEN (Ind),skipped,skipped,skipped,,5
1731,Con,Andrew BRYDEN (Ind),skipped,skipped,skipped,,5
1732,Con,Andrew BRYDEN (Ind),skipped,skipped,skipped,,5
1733,Con,Andrew BRYDEN (Ind),skipped,skipped,skipped,,5
1734,Con,Andrew BRYDEN (Ind),skipped,skipped,skipped,,5
1735,Con,Andrew BRYDEN (Ind),skipped,skipped,skipped,,5
1736,Con,Andrew BRYDEN (Ind),skipped,skipped,skipped,,5
1737,Con,Andrew BRYDEN (Ind),skipped,skipped,skipped,,5
1738,Con,Andrew BRYDEN (Ind),skipped,skipped,skipped,,5
1739,Con,Andrew BRYDEN (Ind),skipped,skipped,skipped,,5
1740,Con,Andrew BRYDEN (Ind),skipped,skipped,skipped,,5
1741,Con,Andrew BRYDEN (Ind),skipped,skipped,skipped,,5
1742,Con,Andrew BRYDEN (Ind),skipped,skipped,skipped,,5
1743,Con,Andrew BRYDEN (Ind),skipped,skipped,skipped,,5
1744,Con,Andrew BRYDEN (Ind),skipped,skipped,skipped,,5
1745,Con,Andrew BRYDEN (Ind),skipped,skipped,skipped,,5
1746,Con,Andrew BRYDEN (Ind),skipped,skipped,skipped,,5
1747,Con,Andrew BRYDEN (Ind),skipped,skipped,skipped,,5
1748,Con,Andrew BRYDEN (Ind),skipped,skipped,skipped,,5
1749,Con,Andrew BRYDEN (Ind),skipped,skipped,skipped,,5
1750,Con,Andrew BRYDEN (Ind),skipped,skipped,skipped,,5
1751,Con,Andrew BRYDEN (Ind),skipped,skipped,skipped,,5
1752,Con,Andrew BRYDEN (Ind),skipped,skipped,skipped,,5
1753,Con,Andrew BRYDEN (Ind),skipped,skipped,skipped,,5
1754,Con,Andrew BRYDEN (Ind),skipped,skipped,skipped,,5
1755,Con,Andrew BRYDEN (Ind),skipped,skipped,skipped,,5
1756,Con,Andrew BRYDEN (Ind),skipped,skipped,skipped,,5
1757,Con,Andrew BRYDEN (Ind),skipped,skipped,skipped,,5
1758,Con,Andrew BRYDEN (Ind),skipped,skipped,skipped,,5
1759,Con,Andrew BRYDEN (Ind),skipped,skipped,skipped,,5
1760,Con,Andrew BRYDEN (Ind),skipped,skipped,skipped,,5
1761,Con,Andrew BRYDEN (Ind),skipped,skipped,skipped,,5
1762,Con,Andrew BRYDEN (Ind),skipped,skipped,skipped,,5
1763,Con,Andrew BRYDEN (Ind),skipped,skipped,skipped,,5
1764,Con,Andrew BRYDEN (Ind),skipped,skipped,skipped,,5
1765,Con,Andrew BRYDEN (Ind),skipped,skipped,skipped,,5
1766,Con,Andrew BRYDEN (Ind),skipped,skipped,skipped,,5
1767,Con,Andrew BRYDEN (Ind),skipped,skipped,skipped,,5
1768,Con,Andrew BRYDEN (Ind),skipped,skipped,skipped,,5
1769,Con,Andrew BRYDEN (Ind),skipped,skipped,skipped,,5
1770,Con,Andrew BRYDEN (Ind),skipped,skipped,skipped,,5
1771,Con,Andrew BRYDEN (Ind),skipped,skipped,skipped,,5
1772,Con,Andrew BRYDEN (Ind),skipped,skipped,skipped,,5
1773,Con,Andrew BRYDEN (Ind),skipped,skipped,skipped,,5
1774,Con,Andrew BRYDEN (Ind),skipped,skipped,skipped,,5
1775,Con,Andrew BRYDEN (Ind),skipped,skipped,skipped,,5
1776,Con,Andrew BRYDEN (Ind),skipped,skipped,skipped,,5
1777,Con,Andrew BRYDEN (Ind),skipped,skipped,skipped,,5
1778,Con,Andrew BRYDEN (Ind),skipped,skipped,skipped,,5
1779,Con,Andrew BRYDEN (Ind),skipped,skipped,skipped,,5
1780,Con,Andrew BRYDEN (Ind),skipped,skipped,skipped,,5
1781,Con,Andrew BRYDEN (Ind),skipped,skipped,skipped,,5
1782,Con,Andrew BRYDEN (Ind),skipped,skipped,skipped,,5
1783,Con,Andrew BRYDEN (Ind),skipped,skipped,skipped,,5
1784,Con,Andrew BRYDEN (Ind),skipped,skipped,skipped,,5
1785,Con,Andrew BRYDEN (Ind),skipped,skipped,skipped,,5
1786,Con,Andrew BRYDEN (Ind),skipped,skipped,skipped,,5
1787,Con,Andrew BRYDEN (Ind),skipped,skipped,skipped,,5
1788,Con,Andrew BRYDEN (Ind),skipped,skipped,skipped,,5
1789,Con,Andrew BRYDEN (Ind),skipped,skipped,skipped,,5
1790,Con,Andrew BRYDEN (Ind),skipped,skipped,skipped,,5
1791,Con,Andrew BRYDEN (Ind),skipped,skipped,skipped,,5
1792,Con,Andrew BRYDEN (Ind),skipped,skipped,skipped,,5
1793,Con,Andrew BRYDEN (Ind),skipped,skipped,skipped,,5
1794,Con,Andrew BRYDEN (Ind),skipped,skipped,skipped,,5
1795,Con,Andrew BRYDEN (Ind),skipped,skipped,skipped,,5
1796,Con,Andrew BRYDEN (Ind),skipped,skipped,skipped,,5
1797,Con,Andrew BRYDEN (Ind),skipped,skipped,skipped,,5
1798,Con,Andrew BRYDEN (Ind),skipped,skipped,skipped,,5
1799,Con,Andrew BRYDEN (Ind),skipped,skipped,skipped,,5
1800,Con,Andrew BRYDEN (Ind),skipped,skipped,skipped,,5
1801,Con,Andrew BRYDEN (Ind),skipped,skipped,skipped,,5
1802,Con,Andrew BRYDEN (Ind),skipped,skipped,skipped,,5
1803,Con,Andrew BRYDEN (Ind),skipped,skipped,skipped,,5
1804,Con,Andrew BRYDEN (Ind),skipped,skipped,skipped,,5
1805,Con,Andrew BRYDEN (Ind),skipped,skipped,skipped,,5
1806,Con,Andrew BRYDEN (Ind),skipped,skipped,skipped,,5
1807,Con,Andrew BRYDEN (Ind),skipped,skipped,skipped,,5
1808,Con,Andrew BRYDEN (Ind),skipped,skipped,skipped,,5
1809,Con,Andrew BRYDEN (Ind),skipped,skipped,skipped,,5
1810,Con,Andrew BRYDEN (Ind),skipped,skipped,skipped,,5
1811,Con,Andrew BRYDEN (Ind),skipped,skipped,skipped,,5
1812,Con,Andrew BRYDEN (Ind),skipped,skipped,skipped,,5
1813,Con,Andrew BRYDEN (Ind),skipped,skipped,skipped,,5
1814,Con,Andrew BRYDEN (Ind),skipped,skipped,skipped,,5
1815,Con,Andrew BRYDEN (Ind),skipped,skipped,skipped,,5
1816,Con,Andrew BRYDEN (Ind),skipped,skipped,skipped,,5
1817,Con,Andrew BRYDEN (Ind),skipped,skipped,skipped,,5
1818,Con,Andrew BRYDEN (Ind),skipped,skipped,skipped,,5
1819,Con,Andrew BRYDEN (Ind),skipped,skipped,skipped,,5
1820,Con,Andrew BRYDEN (Ind),skipped,skipped,skipped,,5
1821,Con,Andrew BRYDEN (Ind),skipped,skipped,skipped,,5
1822,Con,Andrew BRYDEN (Ind),skipped,skipped,skipped,,5
1823,Con,Andrew BRYDEN (Ind),skipped,skipped,skipped,,5
1824,Con,Andrew BRYDEN (Ind),skipped,skipped,skipped,,5
1825,Con,Andrew BRYDEN (Ind),skipped,skipped,skipped,,5
1826,Con,Andrew BRYDEN (Ind),skipped,skipped,skipped,,5
1827,Con,Andrew BRYDEN (Ind),skipped,skipped,skipped,,5
1828,Con,Andrew BRYDEN (Ind),skipped,skipped,skipped,,5
1829,Con,Andrew BRYDEN (Ind),skipped,skipped,skipped,,5
1830,Con,Andrew BRYDEN (Ind),skipped,skipped,skipped,,5
1831,Con,Andrew BRYDEN (Ind),skipped,skipped,skipped,,5
1832,Con,Andrew BRYDEN (Ind),skipped,skipped,skipped,,5
1833,Con,Andrew BRYDEN (Ind),skipped,skipped,skipped,,5
1834,Con,Andrew BRYDEN (Ind),skipped,skipped,skipped,,5
1835,Con,Andrew BRYDEN (Ind),skipped,skipped,skipped,,5
1836,Con,Andrew BRYDEN (Ind),skipped,skipped,skipped,,5
1837,Con,Andrew BRYDEN (Ind),skipped,skipped,skipped,,5
1838,Con,Andrew BRYDEN (Ind),skipped,skipped,skipped,,5
1839,Con,Andrew BRYDEN (Ind),skipped,skipped,skipped,,5
1840,Con,Andrew BRYDEN (Ind),skipped,skipped,skipped,,5
1841,Con,Andrew BRYDEN (Ind),skipped,skipped,skipped,,5
1842,Con,Andrew BRYDEN (Ind),skipped,skipped,skipped,,5
1843,Con,Andrew BRYDEN (Ind),skipped,skipped,skipped,,5
1844,Con,Andrew BRYDEN (Ind),skipped,skipped,skipped,,5
1845,Con,Andrew BRYDEN (Ind),skipped,skipped,skipped,,5
1846,Con,Andrew BRYDEN (Ind),skipped,skipped,skipped,,5
1847,Con,Andrew BRYDEN (Ind),skipped,skipped,skipped,,5
1848,Con,Andrew BRYDEN (Ind),Lab,skipped,skipped,,5
1849,Con,Andrew BRYDEN (Ind),Lab,skipped,skipped,,5
1850,Con,Andrew BRYDEN (Ind),Lab,skipped,skipped,,5
1851,Con,Andrew BRYDEN (Ind),Lab,skipped,skipped,,5
1852,Con,Andrew BRYDEN (Ind),Lab,skipped,skipped,,5
1853,Con,Andrew BRYDEN (Ind),Lab,skipped,skipped,,5
1854,Con,Andrew BRYDEN (Ind),Lab,skipped,skipped,,5
1855,Con,Andrew BRYDEN (Ind),Lab,skipped,skipped,,5
1856,Con,Andrew BRYDEN (Ind),Lab,skipped,skipped,,5
1857,Con,Andrew BRYDEN (Ind),Lab,skipped,skipped,,5
1858,Con,Andrew BRYDEN (Ind),Lab,skipped,skipped,,5
1859,Con,Andrew BRYDEN (Ind),Lab,skipped,skipped,,5
1860,Con,Andrew BRYDEN (Ind),Lab,skipped,skipped,,5
1861,Con,Andrew BRYDEN (Ind),Lab,skipped,skipped,,5
1862,Con,Andrew BRYDEN (Ind),Lab,skipped,skipped,,5
1863,Con,Andrew BRYDEN (Ind),Lab,skipped,skipped,,5
1864,Con,Andrew BRYDEN (Ind),Lab,skipped,skipped,,5
1865,Con,Andrew BRYDEN (Ind),Lab,skipped,skipped,,5
1866,Con,Andrew BRYDEN (Ind),Lab,skipped,skipped,,5
1867,Con,Andrew BRYDEN (Ind),Lab,skipped,skipped,,5
1868,Con,Andrew BRYDEN (Ind),Lab,skipped,skipped,,5
1869,Con,Andrew BRYDEN (Ind),Lab,skipped,skipped,,5
1870,Con,Andrew BRYDEN (Ind),Lab,skipped,skipped,,5
1871,Con,Andrew BRYDEN (Ind),Lab,skipped,skipped,,5
1872,Con,Andrew BRYDEN (Ind),Lab,skipped,skipped,,5
1873,Con,Andrew BRYDEN (Ind),Lab,skipped,skipped,,5
1874,Con,Andrew BRYDEN (Ind),Lab,skipped,skipped,,5
1875,Con,Andrew BRYDEN (Ind),Lab,skipped,skipped,,5
1876,Con,Andrew BRYDEN (Ind),Lab,skipped,skipped,,5
1877,Con,Andrew BRYDEN (Ind),Lab,skipped,skipped,,5
1878,Con,Andrew BRYDEN (Ind),Lab,skipped,skipped,,5
1879,Con,Andrew BRYDEN (Ind),Lab,skipped,skipped,,5
1880,Con,Andrew BRYDEN (Ind),Lab,skipped,skipped,,5
1881,Con,Andrew BRYDEN (Ind),Lab,skipped,skipped,,5
1882,Con,Andrew BRYDEN (Ind),Lab,skipped,skipped,,5
1883,Con,Andrew BRYDEN (Ind),Lab,skipped,skipped,,5
1884,Con,Andrew BRYDEN (Ind),Lab,skipped,skipped,,5
1885,Con,Andrew BRYDEN (Ind),Lab,skipped,skipped,,5
1886,Con,Andrew BRYDEN (Ind),Lab,skipped,skipped,,5
1887,Con,Andrew BRYDEN (Ind),Lab,skipped,skipped,,5
1888,Con,Andrew BRYDEN (Ind),Lab,skipped,skipped,,5
1889,Con,Andrew BRYDEN (Ind),Lab,skipped,skipped,,5
1890,Con,Andrew BRYDEN (Ind),Lab,skipped,skipped,,5
1891,Con,Andrew BRYDEN (Ind),Lab,skipped,skipped,,5
1892,Con,Andrew BRYDEN (Ind),Lab,skipped,skipped,,5
1893,Con,Andrew BRYDEN (Ind),Lab,skipped,skipped,,5
1894,Con,Andrew BRYDEN (Ind),Lab,skipped,skipped,,5
1895,Con,Andrew BRYDEN (Ind),Lab,skipped,skipped,,5
1896,Con,Andrew BRYDEN (Ind),Lab,skipped,skipped,,5
1897,Con,Andrew BRYDEN (Ind),Lab,skipped,skipped,,5
1898,Con,Andrew BRYDEN (Ind),Lab,skipped,skipped,,5
1899,Con,Andrew BRYDEN (Ind),Lab,skipped,skipped,,5
1900,Con,Andrew BRYDEN (Ind),Lab,skipped,skipped,,5
1901,Con,Andrew BRYDEN (Ind),Lab,skipped,skipped,,5
1902,Con,Andrew BRYDEN (Ind),Lab,skipped,skipped,,5
1903,Con,Andrew BRYDEN (Ind),Lab,skipped,skipped,,5
1904,Con,Andrew BRYDEN (Ind),Lab,skipped,skipped,,5
1905,Con,Andrew BRYDEN (Ind),Lab,skipped,skipped,,5
1906,Con,Andrew BRYDEN (Ind),Lab,skipped,skipped,,5
1907,Con,Andrew BRYDEN (Ind),Lab,skipped,skipped,,5
1908,Con,Andrew BRYDEN (Ind),Lab,skipped,skipped,,5
1909,Con,Andrew BRYDEN (Ind),Lab,skipped,skipped,,5
1910,Con,Andrew BRYDEN (Ind),Lab,skipped,skipped,,5
1911,Con,Andrew BRYDEN (Ind),Lab,skipped,skipped,,5
1912,Con,Andrew BRYDEN (Ind),Lab,skipped,skipped,,5
1913,Con,Andrew BRYDEN (Ind),Lab,skipped,skipped,,5
1914,Con,Andrew BRYDEN (Ind),Lab,skipped,skipped,,5
1915,Con,Andrew BRYDEN (Ind),Lab,skipped,skipped,,5
1916,Con,Andrew BRYDEN (Ind),Lab,skipped,skipped,,5
1917,Con,Andrew BRYDEN (Ind),Lab,skipped,skipped,,5
1918,Con,Andrew BRYDEN (Ind),Lab,skipped,skipped,,5
1919,Con,Andrew BRYDEN (Ind),Lab,skipped,skipped,,5
1920,Con,Andrew BRYDEN (Ind),Lab,skipped,skipped,,5
1921,Con,Andrew BRYDEN (Ind),Lab,skipped,skipped,,5
1922,Con,Andrew BRYDEN (Ind),Lab,skipped,skipped,,5
1923,Con,Andrew BRYDEN (Ind),Lab,skipped,skipped,,5
1924,Con,Andrew BRYDEN (Ind),Lab,skipped,skipped,,5
1925,Con,Andrew BRYDEN (Ind),Lab,skipped,skipped,,5
1926,Con,Andrew BRYDEN (Ind),Lab,skipped,skipped,,5
1927,Con,Andrew BRYDEN (Ind),Lab,skipped,skipped,,5
1928,Con,Andrew BRYDEN (Ind),Lab,skipped,skipped,,5
1929,Con,Andrew BRYDEN (Ind),Lab,skipped,skipped,,5
1930,Con,Andrew BRYDEN (Ind),Lab,skipped,skipped,,5
1931,Con,Andrew BRYDEN (Ind),Lab,skipped,skipped,,5
1932,Con,Andrew BRYDEN (Ind),Lab,skipped,skipped,,5
1933,Con,Andrew BRYDEN (Ind),Lab,skipped,skipped,,5
1934,Con,Andrew BRYDEN (Ind),Lab,skipped,skipped,,5
1935,Con,Andrew BRYDEN (Ind),Lab,skipped,skipped,,5
1936,Con,Andrew BRYDEN (Ind),Lab,skipped,skipped,,5
1937,Con,Andrew BRYDEN (Ind),Lab,skipped,skipped,,5
1938,Con,Andrew BRYDEN (Ind),Lab,skipped,skipped,,5
1939,Con,Andrew BRYDEN (Ind),Lab,skipped,skipped,,5
1940,Con,Andrew BRYDEN (Ind),Lab,skipped,skipped,,5
1941,Con,Andrew BRYDEN (Ind),Lab,skipped,skipped,,5
1942,Con,Andrew BRYDEN (Ind),Lab,skipped,skipped,,5
1943,Con,Andrew BRYDEN (Ind),Lab,skipped,skipped,,5
1944,Con,Andrew BRYDEN (Ind),Lab,skipped,skipped,,5
1945,Con,Andrew BRYDEN (Ind),Lab,skipped,skipped,,5
1946,Con,Andrew BRYDEN (Ind),Lab,skipped,skipped,,5
1947,Con,Andrew BRYDEN (Ind),Lab,skipped,skipped,,5
1948,Con,Andrew BRYDEN (Ind),Lab,skipped,skipped,,5
1949,Con,Andrew BRYDEN (Ind),Lab,skipped,skipped,,5
1950,Con,Andrew BRYDEN (Ind),Lab,skipped,skipped,,5
1951,Con,Andrew BRYDEN (Ind),Lab,skipped,skipped,,5
1952,Con,Andrew BRYDEN (Ind),Lab,skipped,skipped,,5
1953,Con,Andrew BRYDEN (Ind),Lab,skipped,skipped,,5
1954,Con,Andrew BRYDEN (Ind),Lab,skipped,skipped,,5
1955,Con,Andrew BRYDEN (Ind),Lab,skipped,skipped,,5
1956,Con,Andrew BRYDEN (Ind),Lab,skipped,skipped,,5
1957,Con,Andrew BRYDEN (Ind),Lab,skipped,skipped,,5
1958,Con,Andrew BRYDEN (Ind),Lab,skipped,skipped,,5
1959,Con,Andrew BRYDEN (Ind),Lab,skipped,skipped,,5
1960,Con,Andrew BRYDEN (Ind),Lab,skipped,skipped,,5
1961,Con,Andrew BRYDEN (Ind),Lab,skipped,skipped,,5
1962,Con,Andrew BRYDEN (Ind),Lab,skipped,skipped,,5
1963,Con,Andrew BRYDEN (Ind),Lab,skipped,skipped,,5
1964,Con,Andrew BRYDEN (Ind),Lab,skipped,skipped,,5
1965,Con,Andrew BRYDEN (Ind),Lab,skipped,skipped,,5
1966,Con,Andrew BRYDEN (Ind),Lab,skipped,skipped,,5
1967,Con,Andrew BRYDEN (Ind),Lab,skipped,skipped,,5
1968,Con,Andrew BRYDEN (Ind),Lab,skipped,skipped,,5
1969,Con,Andrew BRYDEN (Ind),Lab,skipped,skipped,,5
1970,Con,Andrew BRYDEN (Ind),Lab,skipped,skipped,,5
1971,Con,Andrew BRYDEN (Ind),Lab,skipped,skipped,,5
1972,Con,Andrew BRYDEN (Ind),Lab,skipped,skipped,,5
1973,Con,Andrew BRYDEN (Ind),Lab,skipped,skipped,,5
1974,Con,Andrew BRYDEN (Ind),Lab,skipped,skipped,,5
1975,Con,Andrew BRYDEN (Ind),Lab,skipped,skipped,,5
1976,Con,Andrew BRYDEN (Ind),Lab,skipped,skipped,,5
1977,Con,Andrew BRYDEN (Ind),Lab,skipped,skipped,,5
1978,Con,Andrew BRYDEN (Ind),Lab,skipped,skipped,,5
1979,Con,Andrew BRYDEN (Ind),Lab,skipped,skipped,,5
1980,Con,Andrew BRYDEN (Ind),Lab,skipped,skipped,,5
1981,Con,Andrew BRYDEN (Ind),Lab,skipped,skipped,,5
1982,Con,Andrew BRYDEN (Ind),Lab,skipped,skipped,,5
1983,Con,Andrew BRYDEN (Ind),Lab,skipped,skipped,,5
1984,Con,Andrew BRYDEN (Ind),Lab,skipped,skipped,,5
1985,Con,Andrew BRYDEN (Ind),Lab,skipped,skipped,,5
1986,Con,Andrew BRYDEN (Ind),Lab,skipped,skipped,,5
1987,Con,Andrew BRYDEN (Ind),Lab,skipped,skipped,,5
1988,Con,Andrew BRYDEN (Ind),Lab,skipped,skipped,,5
1989,Con,Andrew BRYDEN (Ind),Lab,skipped,skipped,,5
1990,Con,Andrew BRYDEN (Ind),Lab,skipped,skipped,,5
1991,Con,Andrew BRYDEN (Ind),Lab,skipped,skipped,,5
1992,Con,Andrew BRYDEN (Ind),Lab,skipped,skipped,,5
1993,Con,Andrew BRYDEN (Ind),Lab,skipped,skipped,,5
1994,Con,Andrew BRYDEN (Ind),Lab,skipped,skipped,,5
1995,Con,Andrew BRYDEN (Ind),Lab,skipped,skipped,,5
1996,Con,Andrew BRYDEN (Ind),Lab,skipped,skipped,,5
1997,Con,Andrew BRYDEN (Ind),Lab,skipped,skipped,,5
1998,Con,Andrew BRYDEN (Ind),Lab,skipped,skipped,,5
1999,Con,Andrew BRYDEN (Ind),Lab,skipped,skipped,,5
2000,Con,Andrew BRYDEN (Ind),Lab,skipped,skipped,,5
2001,Con,Andrew BRYDEN (Ind),Lab,skipped,skipped,,5
2002,Con,Andrew BRYDEN (Ind),Lab,skipped,skipped,,5
2003,Con,Andrew BRYDEN (Ind),Lab,skipped,skipped,,5
2004,Con,Andrew BRYDEN (Ind),Lab,skipped,skipped,,5
2005,Con,Andrew BRYDEN (Ind),Lab,skipped,skipped,,5
2006,Con,Andrew BRYDEN (Ind),Lab,skipped,skipped,,5
2007,Con,Andrew BRYDEN (Ind),Lab,skipped,skipped,,5
2008,Con,Andrew BRYDEN (Ind),Lab,skipped,skipped,,5
2009,Con,Andrew BRYDEN (Ind),Lab,skipped,skipped,,5
2010,Con,Andrew BRYDEN (Ind),Lab,skipped,skipped,,5
2011,Con,Andrew BRYDEN (Ind),Lab,skipped,skipped,,5
2012,Con,Andrew BRYDEN (Ind),Lab,skipped,skipped,,5
2013,Con,Andrew BRYDEN (Ind),Lab,skipped,skipped,,5
2014,Con,Andrew BRYDEN (Ind),Lab,skipped,skipped,,5
2015,Con,Andrew BRYDEN (Ind),Lab,skipped,skipped,,5
2016,Con,Andrew BRYDEN (Ind),Lab,skipped,skipped,,5
2017,Con,Andrew BRYDEN (Ind),Lab,skipped,skipped,,5
2018,Con,Andrew BRYDEN (Ind),Lab,skipped,skipped,,5
2019,Con,Andrew BRYDEN (Ind),Lab,skipped,skipped,,5
2020,Con,Andrew BRYDEN (Ind),Lab,skipped,skipped,,5
2021,Con,Andrew BRYDEN (Ind),Lab,skipped,skipped,,5
2022,Con,Andrew BRYDEN (Ind),Lab,skipped,skipped,,5
2023,Con,Andrew BRYDEN (Ind),Lab,skipped,skipped,,5
2024,Con,Andrew BRYDEN (Ind),Lab,skipped,skipped,,5
2025,Con,Andrew BRYDEN (Ind),Lab,skipped,skipped,,5
2026,Con,Andrew BRYDEN (Ind),Lab,skipped,skipped,,5
2027,Con,Andrew BRYDEN (Ind),Lab,skipped,skipped,,5
2028,Con,Andrew BRYDEN (Ind),Lab,skipped,skipped,,5
2029,Con,Andrew BRYDEN (Ind),Lab,skipped,skipped,,5
2030,Con,Andrew BRYDEN (Ind),Lab,skipped,skipped,,5
2031,Con,Andrew BRYDEN (Ind),Lab,skipped,skipped,,5
2032,Con,Andrew BRYDEN (Ind),Lab,skipped,skipped,,5
2033,Con,Andrew BRYDEN (Ind),Lab,skipped,skipped,,5
2034,Con,Andrew BRYDEN (Ind),Lab,skipped,skipped,,5
2035,Con,Andrew BRYDEN (Ind),Lab,skipped,skipped,,5
2036,Con,Andrew BRYDEN (Ind),Lab,SNP,skipped,,5
2037,Con,Andrew BRYDEN (Ind),Lab,SNP,skipped,,5
2038,Con,Andrew BRYDEN (Ind),Lab,SNP,skipped,,5
2039,Con,Andrew BRYDEN (Ind),Lab,SNP,skipped,,5
2040,Con,Andrew BRYDEN (Ind),Lab,SNP,skipped,,5
2041,Con,Andrew BRYDEN (Ind),Lab,SNP,skipped,,5
2042,Con,Andrew BRYDEN (Ind),Lab,SNP,skipped,,5
2043,Con,Andrew BRYDEN (Ind),Lab,SNP,skipped,,5
2044,Con,Andrew BRYDEN (Ind),Lab,SNP,skipped,,5
2045,Con,Andrew BRYDEN (Ind),Lab,SNP,skipped,,5
2046,Con,Andrew BRYDEN (Ind),Lab,SNP,skipped,,5
2047,Con,Andrew BRYDEN (Ind),Lab,SNP,skipped,,5
2048,Con,Andrew BRYDEN (Ind),Lab,SNP,skipped,,5
2049,Con,Andrew BRYDEN (Ind),Lab,SNP,skipped,,5
2050,Con,Andrew BRYDEN (Ind),Lab,SNP,skipped,,5
2051,Con,Andrew BRYDEN (Ind),Lab,SNP,skipped,,5
2052,Con,Andrew BRYDEN (Ind),Lab,SNP,skipped,,5
2053,Con,Andrew BRYDEN (Ind),Lab,SNP,skipped,,5
2054,Con,Andrew BRYDEN (Ind),Lab,SNP,skipped,,5
2055,Con,Andrew BRYDEN (Ind),Lab,SNP,skipped,,5
2056,Con,Andrew BRYDEN (Ind),Lab,SNP,skipped,,5
2057,Con,Andrew BRYDEN (Ind),Lab,SNP,skipped,,5
2058,Con,Andrew BRYDEN (Ind),Lab,SNP,skipped,,5
2059,Con,Andrew BRYDEN (Ind),Lab,SNP,skipped,,5
2060,Con,Andrew BRYDEN (Ind),Lab,SNP,skipped,,5
2061,Con,Andrew BRYDEN (Ind),Lab,SNP,skipped,,5
2062,Con,Andrew BRYDEN (Ind),Lab,SNP,skipped,,5
2063,Con,Andrew BRYDEN (Ind),Lab,SNP,skipped,,5
2064,Con,Andrew BRYDEN (Ind),Lab,SNP,skipped,,5
2065,Con,Andrew BRYDEN (Ind),Lab,SNP,skipped,,5
2066,Con,Andrew BRYDEN (Ind),Lab,SNP,skipped,,5
2067,Con,Andrew BRYDEN (Ind),Lab,SNP,skipped,,5
2068,Con,Andrew BRYDEN (Ind),Lab,SNP,skipped,,5
2069,Con,Andrew BRYDEN (Ind),Lab,SNP,skipped,,5
2070,Con,Andrew BRYDEN (Ind),Lab,SNP,skipped,,5
2071,Con,Andrew BRYDEN (Ind),Lab,SNP,skipped,,5
2072,Con,Andrew BRYDEN (Ind),Lab,SNP,skipped,,5
2073,Con,Andrew BRYDEN (Ind),Lab,SNP,skipped,,5
2074,Con,Andrew BRYDEN (Ind),Lab,SNP,skipped,,5
2075,Con,Andrew BRYDEN (Ind),Lab,SNP,skipped,,5
2076,Con,Andrew BRYDEN (Ind),Lab,SNP,skipped,,5
2077,Con,Andrew BRYDEN (Ind),Lab,SNP,skipped,,5
2078,Con,Andrew BRYDEN (Ind),Lab,SNP,skipped,,5
2079,Con,Andrew BRYDEN (Ind),Lab,SNP,skipped,,5
2080,Con,Andrew BRYDEN (Ind),Lab,SNP,skipped,,5
2081,Con,Andrew BRYDEN (Ind),Lab,SNP,skipped,,5
2082,Con,Andrew BRYDEN (Ind),Lab,SNP,skipped,,5
2083,Con,Andrew BRYDEN (Ind),Lab,SNP,skipped,,5
2084,Con,Andrew BRYDEN (Ind),Lab,SNP,skipped,,5
2085,Con,Andrew BRYDEN (Ind),Lab,SNP,skipped,,5
2086,Con,Andrew BRYDEN (Ind),Lab,SNP,skipped,,5
2087,Con,Andrew BRYDEN (Ind),Lab,SNP,skipped,,5
2088,Con,Andrew BRYDEN (Ind),SNP,Lab,skipped,,5
2089,Con,Andrew BRYDEN (Ind),SNP,Lab,skipped,,5
2090,Con,Andrew BRYDEN (Ind),SNP,Lab,skipped,,5
2091,Con,Andrew BRYDEN (Ind),SNP,Lab,skipped,,5
2092,Con,Andrew BRYDEN (Ind),SNP,Lab,skipped,,5
2093,Con,Andrew BRYDEN (Ind),SNP,Lab,skipped,,5
2094,Con,Andrew BRYDEN (Ind),SNP,Lab,skipped,,5
2095,Con,Andrew BRYDEN (Ind),SNP,Lab,skipped,,5
2096,Con,Andrew BRYDEN (Ind),SNP,Lab,skipped,,5
2097,Con,Andrew BRYDEN (Ind),SNP,Lab,skipped,,5
2098,Con,Andrew BRYDEN (Ind),SNP,Lab,skipped,,5
2099,Con,Andrew BRYDEN (Ind),SNP,Lab,skipped,,5
2100,Con,Andrew BRYDEN (Ind),SNP,skipped,skipped,,5
2101,Con,Andrew BRYDEN (Ind),SNP,skipped,skipped,,5
2102,Con,Andrew BRYDEN (Ind),SNP,skipped,skipped,,5
2103,Con,Andrew BRYDEN (Ind),SNP,skipped,skipped,,5
2104,Con,Andrew BRYDEN (Ind),SNP,skipped,skipped,,5
2105,Con,Andrew BRYDEN (Ind),Lab,SNP,skipped,,5
2106,Con,Andrew BRYDEN (Ind),Lab,SNP,skipped,,5
2107,Con,Andrew BRYDEN (Ind),SNP,Lab,skipped,,5
2108,Con,Andrew BRYDEN (Ind),SNP,Lab,skipped,,5
2109,Con,Andrew BRYDEN (Ind),SNP,Lab,skipped,,5
2110,Lab,skipped,skipped,skipped,skipped,,5
2111,Lab,skipped,skipped,skipped,skipped,,5
2112,Lab,skipped,skipped,skipped,skipped,,5
2113,Lab,skipped,skipped,skipped,skipped,,5
2114,Lab,skipped,skipped,skipped,skipped,,5
2115,Lab,skipped,skipped,skipped,skipped,,5
2116,Lab,skipped,skipped,skipped,skipped,,5
2117,Lab,skipped,skipped,skipped,skipped,,5
2118,Lab,skipped,skipped,skipped,skipped,,5
2119,Lab,skipped,skipped,skipped,skipped,,5
2120,Lab,skipped,skipped,skipped,skipped,,5
2121,Lab,skipped,skipped,skipped,skipped,,5
2122,Lab,skipped,skipped,skipped,skipped,,5
2123,Lab,skipped,skipped,skipped,skipped,,5
2124,Lab,skipped,skipped,skipped,skipped,,5
2125,Lab,skipped,skipped,skipped,skipped,,5
2126,Lab,skipped,skipped,skipped,skipped,,5
2127,Lab,skipped,skipped,skipped,skipped,,5
2128,Lab,skipped,skipped,skipped,skipped,,5
2129,Lab,skipped,skipped,skipped,skipped,,5
2130,Lab,skipped,skipped,skipped,skipped,,5
2131,Lab,skipped,skipped,skipped,skipped,,5
2132,Lab,skipped,skipped,skipped,skipped,,5
2133,Lab,skipped,skipped,skipped,skipped,,5
2134,Lab,skipped,skipped,skipped,skipped,,5
2135,Lab,skipped,skipped,skipped,skipped,,5
2136,Lab,skipped,skipped,skipped,skipped,,5
2137,Lab,skipped,skipped,skipped,skipped,,5
2138,Lab,skipped,skipped,skipped,skipped,,5
2139,Lab,skipped,skipped,skipped,skipped,,5
2140,Lab,skipped,skipped,skipped,skipped,,5
2141,Lab,skipped,skipped,skipped,skipped,,5
2142,Lab,skipped,skipped,skipped,skipped,,5
2143,Lab,skipped,skipped,skipped,skipped,,5
2144,Lab,skipped,skipped,skipped,skipped,,5
2145,Lab,skipped,skipped,skipped,skipped,,5
2146,Lab,skipped,skipped,skipped,skipped,,5
2147,Lab,skipped,skipped,skipped,skipped,,5
2148,Lab,skipped,skipped,skipped,skipped,,5
2149,Lab,skipped,skipped,skipped,skipped,,5
2150,Lab,skipped,skipped,skipped,skipped,,5
2151,Lab,skipped,skipped,skipped,skipped,,5
2152,Lab,skipped,skipped,skipped,skipped,,5
2153,Lab,skipped,skipped,skipped,skipped,,5
2154,Lab,skipped,skipped,skipped,skipped,,5
2155,Lab,skipped,skipped,skipped,skipped,,5
2156,Lab,skipped,skipped,skipped,skipped,,5
2157,Lab,skipped,skipped,skipped,skipped,,5
2158,Lab,skipped,skipped,skipped,skipped,,5
2159,Lab,skipped,skipped,skipped,skipped,,5
2160,Lab,skipped,skipped,skipped,skipped,,5
2161,Lab,skipped,skipped,skipped,skipped,,5
2162,Lab,skipped,skipped,skipped,skipped,,5
2163,Lab,skipped,skipped,skipped,skipped,,5
2164,Lab,skipped,skipped,skipped,skipped,,5
2165,Lab,skipped,skipped,skipped,skipped,,5
2166,Lab,skipped,skipped,skipped,skipped,,5
2167,Lab,skipped,skipped,skipped,skipped,,5
2168,Lab,skipped,skipped,skipped,skipped,,5
2169,Lab,skipped,skipped,skipped,skipped,,5
2170,Lab,skipped,skipped,skipped,skipped,,5
2171,Lab,skipped,skipped,skipped,skipped,,5
2172,Lab,skipped,skipped,skipped,skipped,,5
2173,Lab,skipped,skipped,skipped,skipped,,5
2174,Lab,skipped,skipped,skipped,skipped,,5
2175,Lab,skipped,skipped,skipped,skipped,,5
2176,Lab,skipped,skipped,skipped,skipped,,5
2177,Lab,skipped,skipped,skipped,skipped,,5
2178,Lab,skipped,skipped,skipped,skipped,,5
2179,Lab,skipped,skipped,skipped,skipped,,5
2180,Lab,skipped,skipped,skipped,skipped,,5
2181,Lab,skipped,skipped,skipped,skipped,,5
2182,Lab,skipped,skipped,skipped,skipped,,5
2183,Lab,skipped,skipped,skipped,skipped,,5
2184,Lab,skipped,skipped,skipped,skipped,,5
2185,Lab,skipped,skipped,skipped,skipped,,5
2186,Lab,skipped,skipped,skipped,skipped,,5
2187,Lab,skipped,skipped,skipped,skipped,,5
2188,Lab,skipped,skipped,skipped,skipped,,5
2189,Lab,skipped,skipped,skipped,skipped,,5
2190,Lab,skipped,skipped,skipped,skipped,,5
2191,Lab,skipped,skipped,skipped,skipped,,5
2192,Lab,skipped,skipped,skipped,skipped,,5
2193,Lab,skipped,skipped,skipped,skipped,,5
2194,Lab,skipped,skipped,skipped,skipped,,5
2195,Lab,skipped,skipped,skipped,skipped,,5
2196,Lab,skipped,skipped,skipped,skipped,,5
2197,Lab,skipped,skipped,skipped,skipped,,5
2198,Lab,skipped,skipped,skipped,skipped,,5
2199,Lab,skipped,skipped,skipped,skipped,,5
2200,Lab,skipped,skipped,skipped,skipped,,5
2201,Lab,skipped,skipped,skipped,skipped,,5
2202,Lab,skipped,skipped,skipped,skipped,,5
2203,Lab,skipped,skipped,skipped,skipped,,5
2204,Lab,skipped,skipped,skipped,skipped,,5
2205,Lab,skipped,skipped,skipped,skipped,,5
2206,Lab,skipped,skipped,skipped,skipped,,5
2207,Lab,skipped,skipped,skipped,skipped,,5
2208,Lab,skipped,skipped,skipped,skipped,,5
2209,Lab,skipped,skipped,skipped,skipped,,5
2210,Lab,skipped,skipped,skipped,skipped,,5
2211,Lab,skipped,skipped,skipped,skipped,,5
2212,Lab,skipped,skipped,skipped,skipped,,5
2213,Lab,skipped,skipped,skipped,skipped,,5
2214,Lab,skipped,skipped,skipped,skipped,,5
2215,Lab,skipped,skipped,skipped,skipped,,5
2216,Lab,skipped,skipped,skipped,skipped,,5
2217,Lab,skipped,skipped,skipped,skipped,,5
2218,Lab,skipped,skipped,skipped,skipped,,5
2219,Lab,skipped,skipped,skipped,skipped,,5
2220,Lab,skipped,skipped,skipped,skipped,,5
2221,Lab,skipped,skipped,skipped,skipped,,5
2222,Lab,skipped,skipped,skipped,skipped,,5
2223,Lab,skipped,skipped,skipped,skipped,,5
2224,Lab,skipped,skipped,skipped,skipped,,5
2225,Lab,skipped,skipped,skipped,skipped,,5
2226,Lab,skipped,skipped,skipped,skipped,,5
2227,Lab,skipped,skipped,skipped,skipped,,5
2228,Lab,skipped,skipped,skipped,skipped,,5
2229,Lab,skipped,skipped,skipped,skipped,,5
2230,Lab,skipped,skipped,skipped,skipped,,5
2231,Lab,skipped,skipped,skipped,skipped,,5
2232,Lab,skipped,skipped,skipped,skipped,,5
2233,Lab,skipped,skipped,skipped,skipped,,5
2234,Lab,skipped,skipped,skipped,skipped,,5
2235,Lab,skipped,skipped,skipped,skipped,,5
2236,Lab,skipped,skipped,skipped,skipped,,5
2237,Lab,skipped,skipped,skipped,skipped,,5
2238,Lab,skipped,skipped,skipped,skipped,,5
2239,Lab,skipped,skipped,skipped,skipped,,5
2240,Lab,skipped,skipped,skipped,skipped,,5
2241,Lab,skipped,skipped,skipped,skipped,,5
2242,Lab,skipped,skipped,skipped,skipped,,5
2243,Lab,skipped,skipped,skipped,skipped,,5
2244,Lab,skipped,skipped,skipped,skipped,,5
2245,Lab,skipped,skipped,skipped,skipped,,5
2246,Lab,skipped,skipped,skipped,skipped,,5
2247,Lab,skipped,skipped,skipped,skipped,,5
2248,Lab,skipped,skipped,skipped,skipped,,5
2249,Lab,skipped,skipped,skipped,skipped,,5
2250,Lab,skipped,skipped,skipped,skipped,,5
2251,Lab,skipped,skipped,skipped,skipped,,5
2252,Lab,skipped,skipped,skipped,skipped,,5
2253,Lab,skipped,skipped,skipped,skipped,,5
2254,Lab,skipped,skipped,skipped,skipped,,5
2255,Lab,skipped,skipped,skipped,skipped,,5
2256,Lab,skipped,skipped,skipped,skipped,,5
2257,Lab,skipped,skipped,skipped,skipped,,5
2258,Lab,skipped,skipped,skipped,skipped,,5
2259,Lab,skipped,skipped,skipped,skipped,,5
2260,Lab,skipped,skipped,skipped,skipped,,5
2261,Lab,skipped,skipped,skipped,skipped,,5
2262,Lab,skipped,skipped,skipped,skipped,,5
2263,Lab,skipped,skipped,skipped,skipped,,5
2264,Lab,skipped,skipped,skipped,skipped,,5
2265,Lab,skipped,skipped,skipped,skipped,,5
2266,Lab,skipped,skipped,skipped,skipped,,5
2267,Lab,skipped,skipped,skipped,skipped,,5
2268,Lab,skipped,skipped,skipped,skipped,,5
2269,Lab,skipped,skipped,skipped,skipped,,5
2270,Lab,skipped,skipped,skipped,skipped,,5
2271,Lab,skipped,skipped,skipped,skipped,,5
2272,Lab,skipped,skipped,skipped,skipped,,5
2273,Lab,skipped,skipped,skipped,skipped,,5
2274,Lab,skipped,skipped,skipped,skipped,,5
2275,Lab,skipped,skipped,skipped,skipped,,5
2276,Lab,skipped,skipped,skipped,skipped,,5
2277,Lab,skipped,skipped,skipped,skipped,,5
2278,Lab,skipped,skipped,skipped,skipped,,5
2279,Lab,skipped,skipped,skipped,skipped,,5
2280,Lab,skipped,skipped,skipped,skipped,,5
2281,Lab,skipped,skipped,skipped,skipped,,5
2282,Lab,skipped,skipped,skipped,skipped,,5
2283,Lab,skipped,skipped,skipped,skipped,,5
2284,Lab,skipped,skipped,skipped,skipped,,5
2285,Lab,skipped,skipped,skipped,skipped,,5
2286,Lab,skipped,skipped,skipped,skipped,,5
2287,Lab,skipped,skipped,skipped,skipped,,5
2288,Lab,skipped,skipped,skipped,skipped,,5
2289,Lab,skipped,skipped,skipped,skipped,,5
2290,Lab,skipped,skipped,skipped,skipped,,5
2291,Lab,skipped,skipped,skipped,skipped,,5
2292,Lab,skipped,skipped,skipped,skipped,,5
2293,Lab,skipped,skipped,skipped,skipped,,5
2294,Lab,skipped,skipped,skipped,skipped,,5
2295,Lab,skipped,skipped,skipped,skipped,,5
2296,Lab,skipped,skipped,skipped,skipped,,5
2297,Lab,skipped,skipped,skipped,skipped,,5
2298,Lab,skipped,skipped,skipped,skipped,,5
2299,Lab,skipped,skipped,skipped,skipped,,5
2300,Lab,skipped,skipped,skipped,skipped,,5
2301,Lab,skipped,skipped,skipped,skipped,,5
2302,Lab,skipped,skipped,skipped,skipped,,5
2303,Lab,skipped,skipped,skipped,skipped,,5
2304,Lab,skipped,skipped,skipped,skipped,,5
2305,Lab,skipped,skipped,skipped,skipped,,5
2306,Lab,skipped,skipped,skipped,skipped,,5
2307,Lab,skipped,skipped,skipped,skipped,,5
2308,Lab,skipped,skipped,skipped,skipped,,5
2309,Lab,skipped,skipped,skipped,skipped,,5
2310,Lab,skipped,skipped,skipped,skipped,,5
2311,Lab,skipped,skipped,skipped,skipped,,5
2312,Lab,skipped,skipped,skipped,skipped,,5
2313,Lab,skipped,skipped,skipped,skipped,,5
2314,Lab,skipped,skipped,skipped,skipped,,5
2315,Lab,skipped,skipped,skipped,skipped,,5
2316,Lab,skipped,skipped,skipped,skipped,,5
2317,Lab,skipped,skipped,skipped,skipped,,5
2318,Lab,skipped,skipped,skipped,skipped,,5
2319,Lab,skipped,skipped,skipped,skipped,,5
2320,Lab,skipped,skipped,skipped,skipped,,5
2321,Lab,skipped,skipped,skipped,skipped,,5
2322,Lab,skipped,skipped,skipped,skipped,,5
2323,Lab,skipped,skipped,skipped,skipped,,5
2324,Lab,skipped,skipped,skipped,skipped,,5
2325,Lab,skipped,skipped,skipped,skipped,,5
2326,Lab,skipped,skipped,skipped,skipped,,5
2327,Lab,skipped,skipped,skipped,skipped,,5
2328,Lab,skipped,skipped,skipped,skipped,,5
2329,Lab,skipped,skipped,skipped,skipped,,5
2330,Lab,skipped,skipped,skipped,skipped,,5
2331,Lab,skipped,skipped,skipped,skipped,,5
2332,Lab,skipped,skipped,skipped,skipped,,5
2333,Lab,skipped,skipped,skipped,skipped,,5
2334,Lab,skipped,skipped,skipped,skipped,,5
2335,Lab,skipped,skipped,skipped,skipped,,5
2336,Lab,skipped,skipped,skipped,skipped,,5
2337,Lab,skipped,skipped,skipped,skipped,,5
2338,Lab,skipped,skipped,skipped,skipped,,5
2339,Lab,skipped,skipped,skipped,skipped,,5
2340,Lab,skipped,skipped,skipped,skipped,,5
2341,Lab,skipped,skipped,skipped,skipped,,5
2342,Lab,skipped,skipped,skipped,skipped,,5
2343,Lab,skipped,skipped,skipped,skipped,,5
2344,Lab,skipped,skipped,skipped,skipped,,5
2345,Lab,skipped,skipped,skipped,skipped,,5
2346,Lab,skipped,skipped,skipped,skipped,,5
2347,Lab,skipped,skipped,skipped,skipped,,5
2348,Lab,skipped,skipped,skipped,skipped,,5
2349,Lab,skipped,skipped,skipped,skipped,,5
2350,Lab,skipped,skipped,skipped,skipped,,5
2351,Lab,skipped,skipped,skipped,skipped,,5
2352,Lab,skipped,skipped,skipped,skipped,,5
2353,Lab,skipped,skipped,skipped,skipped,,5
2354,Lab,skipped,skipped,skipped,skipped,,5
2355,Lab,skipped,skipped,skipped,skipped,,5
2356,Lab,skipped,skipped,skipped,skipped,,5
2357,Lab,skipped,skipped,skipped,skipped,,5
2358,Lab,skipped,skipped,skipped,skipped,,5
2359,Lab,skipped,skipped,skipped,skipped,,5
2360,Lab,skipped,skipped,skipped,skipped,,5
2361,Lab,skipped,skipped,skipped,skipped,,5
2362,Lab,skipped,skipped,skipped,skipped,,5
2363,Lab,skipped,skipped,skipped,skipped,,5
2364,Lab,skipped,skipped,skipped,skipped,,5
2365,Lab,skipped,skipped,skipped,skipped,,5
2366,Lab,skipped,skipped,skipped,skipped,,5
2367,Lab,skipped,skipped,skipped,skipped,,5
2368,Lab,skipped,skipped,skipped,skipped,,5
2369,Lab,skipped,skipped,skipped,skipped,,5
2370,Lab,skipped,skipped,skipped,skipped,,5
2371,Lab,skipped,skipped,skipped,skipped,,5
2372,Lab,skipped,skipped,skipped,skipped,,5
2373,Lab,skipped,skipped,skipped,skipped,,5
2374,Lab,skipped,skipped,skipped,skipped,,5
2375,Lab,skipped,skipped,skipped,skipped,,5
2376,Lab,skipped,skipped,skipped,skipped,,5
2377,Lab,skipped,skipped,skipped,skipped,,5
2378,Lab,skipped,skipped,skipped,skipped,,5
2379,Lab,skipped,skipped,skipped,skipped,,5
2380,Lab,skipped,skipped,skipped,skipped,,5
2381,Lab,skipped,skipped,skipped,skipped,,5
2382,Lab,skipped,skipped,skipped,skipped,,5
2383,Lab,skipped,skipped,skipped,skipped,,5
2384,Lab,skipped,skipped,skipped,skipped,,5
2385,Lab,skipped,skipped,skipped,skipped,,5
2386,Lab,skipped,skipped,skipped,skipped,,5
2387,Lab,skipped,skipped,skipped,skipped,,5
2388,Lab,skipped,skipped,skipped,skipped,,5
2389,Lab,skipped,skipped,skipped,skipped,,5
2390,Lab,skipped,skipped,skipped,skipped,,5
2391,Lab,skipped,skipped,skipped,skipped,,5
2392,Lab,skipped,skipped,skipped,skipped,,5
2393,Lab,skipped,skipped,skipped,skipped,,5
2394,Lab,skipped,skipped,skipped,skipped,,5
2395,Lab,skipped,skipped,skipped,skipped,,5
2396,Lab,skipped,skipped,skipped,skipped,,5
2397,Lab,skipped,skipped,skipped,skipped,,5
2398,Lab,skipped,skipped,skipped,skipped,,5
2399,Lab,skipped,skipped,skipped,skipped,,5
2400,Lab,skipped,skipped,skipped,skipped,,5
2401,Lab,skipped,skipped,skipped,skipped,,5
2402,Lab,skipped,skipped,skipped,skipped,,5
2403,Lab,skipped,skipped,skipped,skipped,,5
2404,Lab,skipped,skipped,skipped,skipped,,5
2405,Lab,skipped,skipped,skipped,skipped,,5
2406,Lab,Con,skipped,skipped,skipped,,5
2407,Lab,Con,skipped,skipped,skipped,,5
2408,Lab,Con,skipped,skipped,skipped,,5
2409,Lab,Con,skipped,skipped,skipped,,5
2410,Lab,Con,skipped,skipped,skipped,,5
2411,Lab,Con,skipped,skipped,skipped,,5
2412,Lab,Con,skipped,skipped,skipped,,5
2413,Lab,Con,skipped,skipped,skipped,,5
2414,Lab,Con,skipped,skipped,skipped,,5
2415,Lab,Con,skipped,skipped,skipped,,5
2416,Lab,Con,skipped,skipped,skipped,,5
2417,Lab,Con,skipped,skipped,skipped,,5
2418,Lab,Con,skipped,skipped,skipped,,5
2419,Lab,Con,skipped,skipped,skipped,,5
2420,Lab,Con,skipped,skipped,skipped,,5
2421,Lab,Con,skipped,skipped,skipped,,5
2422,Lab,Con,skipped,skipped,skipped,,5
2423,Lab,Con,skipped,skipped,skipped,,5
2424,Lab,Con,skipped,skipped,skipped,,5
2425,Lab,Con,skipped,skipped,skipped,,5
2426,Lab,Con,skipped,skipped,skipped,,5
2427,Lab,Con,skipped,skipped,skipped,,5
2428,Lab,Con,skipped,skipped,skipped,,5
2429,Lab,Con,skipped,skipped,skipped,,5
2430,Lab,Con,skipped,skipped,skipped,,5
2431,Lab,Con,skipped,skipped,skipped,,5
2432,Lab,Con,skipped,skipped,skipped,,5
2433,Lab,Con,skipped,skipped,skipped,,5
2434,Lab,Con,skipped,skipped,skipped,,5
2435,Lab,Con,skipped,skipped,skipped,,5
2436,Lab,Con,skipped,skipped,skipped,,5
2437,Lab,Con,skipped,skipped,skipped,,5
2438,Lab,Con,skipped,skipped,skipped,,5
2439,Lab,Con,skipped,skipped,skipped,,5
2440,Lab,Con,skipped,skipped,skipped,,5
2441,Lab,Con,skipped,skipped,skipped,,5
2442,Lab,Con,skipped,skipped,skipped,,5
2443,Lab,Con,skipped,skipped,skipped,,5
2444,Lab,Con,skipped,skipped,skipped,,5
2445,Lab,Con,skipped,skipped,skipped,,5
2446,Lab,Con,skipped,skipped,skipped,,5
2447,Lab,Con,skipped,skipped,skipped,,5
2448,Lab,Con,skipped,skipped,skipped,,5
2449,Lab,Con,skipped,skipped,skipped,,5
2450,Lab,Con,skipped,skipped,skipped,,5
2451,Lab,Con,skipped,skipped,skipped,,5
2452,Lab,Con,skipped,skipped,skipped,,5
2453,Lab,Con,skipped,skipped,skipped,,5
2454,Lab,Con,skipped,skipped,skipped,,5
2455,Lab,Con,skipped,skipped,skipped,,5
2456,Lab,Con,skipped,skipped,skipped,,5
2457,Lab,Con,skipped,skipped,skipped,,5
2458,Lab,Con,skipped,skipped,skipped,,5
2459,Lab,Con,skipped,skipped,skipped,,5
2460,Lab,Con,skipped,skipped,skipped,,5
2461,Lab,Con,skipped,skipped,skipped,,5
2462,Lab,Con,skipped,skipped,skipped,,5
2463,Lab,Con,skipped,skipped,skipped,,5
2464,Lab,Con,skipped,skipped,skipped,,5
2465,Lab,Con,skipped,skipped,skipped,,5
2466,Lab,Con,skipped,skipped,skipped,,5
2467,Lab,Con,skipped,skipped,skipped,,5
2468,Lab,Con,skipped,skipped,skipped,,5
2469,Lab,Con,skipped,skipped,skipped,,5
2470,Lab,Con,skipped,skipped,skipped,,5
2471,Lab,Con,SNP,skipped,skipped,,5
2472,Lab,Con,SNP,skipped,skipped,,5
2473,Lab,Con,SNP,skipped,skipped,,5
2474,Lab,Con,SNP,skipped,skipped,,5
2475,Lab,Con,SNP,skipped,skipped,,5
2476,Lab,Con,SNP,skipped,skipped,,5
2477,Lab,Con,SNP,skipped,skipped,,5
2478,Lab,Con,SNP,skipped,skipped,,5
2479,Lab,Con,SNP,skipped,skipped,,5
2480,Lab,Con,SNP,skipped,skipped,,5
2481,Lab,Con,SNP,Andrew BRYDEN (Ind),skipped,,5
2482,Lab,Con,SNP,Andrew BRYDEN (Ind),skipped,,5
2483,Lab,Con,SNP,Andrew BRYDEN (Ind),skipped,,5
2484,Lab,Con,SNP,Andrew BRYDEN (Ind),skipped,,5
2485,Lab,Con,SNP,Andrew BRYDEN (Ind),skipped,,5
2486,Lab,Con,SNP,Andrew BRYDEN (Ind),skipped,,5
2487,Lab,Con,SNP,skipped,skipped,,5
2488,Lab,Con,SNP,skipped,skipped,,5
2489,Lab,Con,SNP,skipped,skipped,,5
2490,Lab,Con,SNP,skipped,skipped,,5
2491,Lab,Con,SNP,skipped,skipped,,5
2492,Lab,Con,SNP,skipped,skipped,,5
2493,Lab,Con,SNP,skipped,skipped,,5
2494,Lab,Con,SNP,Andrew BRYDEN (Ind),skipped,,5
2495,Lab,Con,SNP,Andrew BRYDEN (Ind),skipped,,5
2496,Lab,Con,SNP,Andrew BRYDEN (Ind),skipped,,5
2497,Lab,Con,SNP,Andrew BRYDEN (Ind),skipped,,5
2498,Lab,Con,SNP,Andrew BRYDEN (Ind),skipped,,5
2499,Lab,Con,SNP,Andrew BRYDEN (Ind),skipped,,5
2500,Lab,Con,SNP,Andrew BRYDEN (Ind),skipped,,5
2501,Lab,Con,SNP,Andrew BRYDEN (Ind),skipped,,5
2502,Lab,Con,Andrew BRYDEN (Ind),SNP,skipped,,5
2503,Lab,Con,Andrew BRYDEN (Ind),SNP,skipped,,5
2504,Lab,Con,Andrew BRYDEN (Ind),skipped,skipped,,5
2505,Lab,Con,Andrew BRYDEN (Ind),skipped,skipped,,5
2506,Lab,Con,Andrew BRYDEN (Ind),skipped,skipped,,5
2507,Lab,Con,Andrew BRYDEN (Ind),skipped,skipped,,5
2508,Lab,Con,Andrew BRYDEN (Ind),skipped,skipped,,5
2509,Lab,Con,Andrew BRYDEN (Ind),skipped,skipped,,5
2510,Lab,Con,Andrew BRYDEN (Ind),skipped,skipped,,5
2511,Lab,Con,Andrew BRYDEN (Ind),skipped,skipped,,5
2512,Lab,Con,Andrew BRYDEN (Ind),skipped,skipped,,5
2513,Lab,Con,Andrew BRYDEN (Ind),skipped,skipped,,5
2514,Lab,Con,Andrew BRYDEN (Ind),skipped,skipped,,5
2515,Lab,Con,Andrew BRYDEN (Ind),skipped,skipped,,5
2516,Lab,Con,Andrew BRYDEN (Ind),skipped,skipped,,5
2517,Lab,Con,Andrew BRYDEN (Ind),skipped,skipped,,5
2518,Lab,Con,Andrew BRYDEN (Ind),skipped,skipped,,5
2519,Lab,Con,Andrew BRYDEN (Ind),skipped,skipped,,5
2520,Lab,Con,Andrew BRYDEN (Ind),skipped,skipped,,5
2521,Lab,Con,Andrew BRYDEN (Ind),skipped,skipped,,5
2522,Lab,Con,Andrew BRYDEN (Ind),skipped,skipped,,5
2523,Lab,Con,Andrew BRYDEN (Ind),skipped,skipped,,5
2524,Lab,Con,Andrew BRYDEN (Ind),skipped,skipped,,5
2525,Lab,Con,Andrew BRYDEN (Ind),skipped,skipped,,5
2526,Lab,Con,Andrew BRYDEN (Ind),skipped,skipped,,5
2527,Lab,Con,Andrew BRYDEN (Ind),skipped,skipped,,5
2528,Lab,Con,Andrew BRYDEN (Ind),skipped,skipped,,5
2529,Lab,Con,Andrew BRYDEN (Ind),skipped,skipped,,5
2530,Lab,Con,Andrew BRYDEN (Ind),skipped,skipped,,5
2531,Lab,Con,Andrew BRYDEN (Ind),skipped,skipped,,5
2532,Lab,Con,Andrew BRYDEN (Ind),skipped,skipped,,5
2533,Lab,Con,Andrew BRYDEN (Ind),skipped,skipped,,5
2534,Lab,Con,Andrew BRYDEN (Ind),skipped,skipped,,5
2535,Lab,Con,Andrew BRYDEN (Ind),skipped,skipped,,5
2536,Lab,Con,Andrew BRYDEN (Ind),skipped,skipped,,5
2537,Lab,Con,Andrew BRYDEN (Ind),skipped,skipped,,5
2538,Lab,Con,Andrew BRYDEN (Ind),skipped,skipped,,5
2539,Lab,Con,Andrew BRYDEN (Ind),skipped,skipped,,5
2540,Lab,Con,Andrew BRYDEN (Ind),skipped,skipped,,5
2541,Lab,Con,Andrew BRYDEN (Ind),skipped,skipped,,5
2542,Lab,Con,Andrew BRYDEN (Ind),skipped,skipped,,5
2543,Lab,Con,Andrew BRYDEN (Ind),skipped,skipped,,5
2544,Lab,Con,Andrew BRYDEN (Ind),skipped,skipped,,5
2545,Lab,Con,Andrew BRYDEN (Ind),skipped,skipped,,5
2546,Lab,Con,Andrew BRYDEN (Ind),skipped,skipped,,5
2547,Lab,Con,Andrew BRYDEN (Ind),skipped,skipped,,5
2548,Lab,Con,Andrew BRYDEN (Ind),skipped,skipped,,5
2549,Lab,Con,Andrew BRYDEN (Ind),skipped,skipped,,5
2550,Lab,Con,Andrew BRYDEN (Ind),skipped,skipped,,5
2551,Lab,Con,Andrew BRYDEN (Ind),skipped,skipped,,5
2552,Lab,Con,Andrew BRYDEN (Ind),skipped,skipped,,5
2553,Lab,Con,Andrew BRYDEN (Ind),skipped,skipped,,5
2554,Lab,Con,Andrew BRYDEN (Ind),skipped,skipped,,5
2555,Lab,Con,Andrew BRYDEN (Ind),skipped,skipped,,5
2556,Lab,Con,Andrew BRYDEN (Ind),skipped,skipped,,5
2557,Lab,Con,Andrew BRYDEN (Ind),skipped,skipped,,5
2558,Lab,Con,Andrew BRYDEN (Ind),skipped,skipped,,5
2559,Lab,Con,Andrew BRYDEN (Ind),skipped,skipped,,5
2560,Lab,Con,Andrew BRYDEN (Ind),skipped,skipped,,5
2561,Lab,Con,Andrew BRYDEN (Ind),skipped,skipped,,5
2562,Lab,Con,Andrew BRYDEN (Ind),skipped,skipped,,5
2563,Lab,Con,Andrew BRYDEN (Ind),skipped,skipped,,5
2564,Lab,Con,Andrew BRYDEN (Ind),skipped,skipped,,5
2565,Lab,Con,Andrew BRYDEN (Ind),skipped,skipped,,5
2566,Lab,Con,Andrew BRYDEN (Ind),skipped,skipped,,5
2567,Lab,Con,Andrew BRYDEN (Ind),SNP,skipped,,5
2568,Lab,Con,Andrew BRYDEN (Ind),SNP,skipped,,5
2569,Lab,Con,Andrew BRYDEN (Ind),SNP,skipped,,5
2570,Lab,Con,Andrew BRYDEN (Ind),SNP,skipped,,5
2571,Lab,Con,Andrew BRYDEN (Ind),SNP,skipped,,5
2572,Lab,Con,Andrew BRYDEN (Ind),SNP,skipped,,5
2573,Lab,Con,Andrew BRYDEN (Ind),SNP,skipped,,5
2574,Lab,Con,Andrew BRYDEN (Ind),SNP,skipped,,5
2575,Lab,Con,Andrew BRYDEN (Ind),SNP,skipped,,5
2576,Lab,Con,Andrew BRYDEN (Ind),SNP,skipped,,5
2577,Lab,Con,Andrew BRYDEN (Ind),SNP,skipped,,5
2578,Lab,Con,Andrew BRYDEN (Ind),SNP,skipped,,5
2579,Lab,Con,Andrew BRYDEN (Ind),SNP,skipped,,5
2580,Lab,Con,Andrew BRYDEN (Ind),SNP,skipped,,5
2581,Lab,Con,Andrew BRYDEN (Ind),SNP,skipped,,5
2582,Lab,Con,Andrew BRYDEN (Ind),SNP,skipped,,5
2583,Lab,Con,Andrew BRYDEN (Ind),SNP,skipped,,5
2584,Lab,Con,Andrew BRYDEN (Ind),SNP,skipped,,5
2585,Lab,Con,Andrew BRYDEN (Ind),SNP,skipped,,5
2586,Lab,Con,Andrew BRYDEN (Ind),SNP,skipped,,5
2587,Lab,Con,Andrew BRYDEN (Ind),SNP,skipped,,5
2588,Lab,Con,Andrew BRYDEN (Ind),SNP,skipped,,5
2589,Lab,Con,Andrew BRYDEN (Ind),SNP,skipped,,5
2590,Lab,Con,Andrew BRYDEN (Ind),SNP,skipped,,5
2591,Lab,Con,Andrew BRYDEN (Ind),SNP,skipped,,5
2592,Lab,SNP,skipped,skipped,skipped,,5
2593,Lab,SNP,skipped,skipped,skipped,,5
2594,Lab,SNP,skipped,skipped,skipped,,5
2595,Lab,SNP,skipped,skipped,skipped,,5
2596,Lab,SNP,skipped,skipped,skipped,,5
2597,Lab,SNP,skipped,skipped,skipped,,5
2598,Lab,SNP,skipped,skipped,skipped,,5
2599,Lab,SNP,skipped,skipped,skipped,,5
2600,Lab,SNP,skipped,skipped,skipped,,5
2601,Lab,SNP,skipped,skipped,skipped,,5
2602,Lab,SNP,skipped,skipped,skipped,,5
2603,Lab,SNP,skipped,skipped,skipped,,5
2604,Lab,SNP,skipped,skipped,skipped,,5
2605,Lab,SNP,skipped,skipped,skipped,,5
2606,Lab,SNP,skipped,skipped,skipped,,5
2607,Lab,SNP,skipped,skipped,skipped,,5
2608,Lab,SNP,Con,skipped,skipped,,5
2609,Lab,SNP,Con,skipped,skipped,,5
2610,Lab,SNP,Con,skipped,skipped,,5
2611,Lab,SNP,Con,Andrew BRYDEN (Ind),skipped,,5
2612,Lab,SNP,Con,Andrew BRYDEN (Ind),skipped,,5
2613,Lab,SNP,skipped,skipped,skipped,,5
2614,Lab,SNP,skipped,skipped,skipped,,5
2615,Lab,SNP,skipped,skipped,skipped,,5
2616,Lab,SNP,skipped,skipped,skipped,,5
2617,Lab,SNP,skipped,skipped,skipped,,5
2618,Lab,SNP,skipped,skipped,skipped,,5
2619,Lab,SNP,skipped,skipped,skipped,,5
2620,Lab,SNP,skipped,skipped,skipped,,5
2621,Lab,SNP,skipped,skipped,skipped,,5
2622,Lab,SNP,skipped,skipped,skipped,,5
2623,Lab,SNP,skipped,skipped,skipped,,5
2624,Lab,SNP,skipped,skipped,skipped,,5
2625,Lab,SNP,skipped,skipped,skipped,,5
2626,Lab,SNP,skipped,skipped,skipped,,5
2627,Lab,SNP,skipped,skipped,skipped,,5
2628,Lab,SNP,skipped,skipped,skipped,,5
2629,Lab,SNP,skipped,skipped,skipped,,5
2630,Lab,SNP,skipped,skipped,skipped,,5
2631,Lab,SNP,skipped,skipped,skipped,,5
2632,Lab,SNP,skipped,skipped,skipped,,5
2633,Lab,SNP,skipped,skipped,skipped,,5
2634,Lab,SNP,skipped,skipped,skipped,,5
2635,Lab,SNP,skipped,skipped,skipped,,5
2636,Lab,SNP,skipped,skipped,skipped,,5
2637,Lab,SNP,skipped,skipped,skipped,,5
2638,Lab,SNP,skipped,skipped,skipped,,5
2639,Lab,SNP,skipped,skipped,skipped,,5
2640,Lab,SNP,skipped,skipped,skipped,,5
2641,Lab,SNP,skipped,skipped,skipped,,5
2642,Lab,SNP,skipped,skipped,skipped,,5
2643,Lab,SNP,skipped,skipped,skipped,,5
2644,Lab,SNP,skipped,skipped,skipped,,5
2645,Lab,SNP,skipped,skipped,skipped,,5
2646,Lab,SNP,skipped,skipped,skipped,,5
2647,Lab,SNP,skipped,skipped,skipped,,5
2648,Lab,SNP,skipped,skipped,skipped,,5
2649,Lab,SNP,Con,skipped,skipped,,5
2650,Lab,SNP,Con,skipped,skipped,,5
2651,Lab,SNP,Con,skipped,skipped,,5
2652,Lab,SNP,Con,Andrew BRYDEN (Ind),skipped,,5
2653,Lab,SNP,Con,Andrew BRYDEN (Ind),skipped,,5
2654,Lab,SNP,Con,Andrew BRYDEN (Ind),skipped,,5
2655,Lab,SNP,Con,Andrew BRYDEN (Ind),skipped,,5
2656,Lab,SNP,Con,Andrew BRYDEN (Ind),skipped,,5
2657,Lab,SNP,Con,Andrew BRYDEN (Ind),skipped,,5
2658,Lab,SNP,Con,Andrew BRYDEN (Ind),skipped,,5
2659,Lab,SNP,Con,Andrew BRYDEN (Ind),skipped,,5
2660,Lab,SNP,Andrew BRYDEN (Ind),skipped,skipped,,5
2661,Lab,SNP,Andrew BRYDEN (Ind),skipped,skipped,,5
2662,Lab,SNP,Andrew BRYDEN (Ind),skipped,skipped,,5
2663,Lab,SNP,Andrew BRYDEN (Ind),skipped,skipped,,5
2664,Lab,SNP,Andrew BRYDEN (Ind),Con,skipped,,5
2665,Lab,SNP,Andrew BRYDEN (Ind),Con,skipped,,5
2666,Lab,SNP,Andrew BRYDEN (Ind),Con,skipped,,5
2667,Lab,SNP,Andrew BRYDEN (Ind),Con,skipped,,5
2668,Lab,SNP,Andrew BRYDEN (Ind),Con,skipped,,5
2669,Lab,SNP,Andrew BRYDEN (Ind),Con,skipped,,5
2670,Lab,SNP,Andrew BRYDEN (Ind),Con,skipped,,5
2671,Lab,SNP,Andrew BRYDEN (Ind),Con,skipped,,5
2672,Lab,SNP,Andrew BRYDEN (Ind),Con,skipped,,5
2673,Lab,SNP,Andrew BRYDEN (Ind),Con,skipped,,5
2674,Lab,SNP,Andrew BRYDEN (Ind),Con,skipped,,5
2675,Lab,SNP,Andrew BRYDEN (Ind),Con,skipped,,5
2676,Lab,SNP,Andrew BRYDEN (Ind),Con,skipped,,5
2677,Lab,SNP,Andrew BRYDEN (Ind),Con,skipped,,5
2678,Lab,SNP,Andrew BRYDEN (Ind),skipped,skipped,,5
2679,Lab,SNP,Andrew BRYDEN (Ind),skipped,skipped,,5
2680,Lab,SNP,Andrew BRYDEN (Ind),skipped,skipped,,5
2681,Lab,SNP,Andrew BRYDEN (Ind),skipped,skipped,,5
2682,Lab,SNP,Andrew BRYDEN (Ind),skipped,skipped,,5
2683,Lab,SNP,Andrew BRYDEN (Ind),skipped,skipped,,5
2684,Lab,SNP,Andrew BRYDEN (Ind),skipped,skipped,,5
2685,Lab,SNP,Andrew BRYDEN (Ind),skipped,skipped,,5
2686,Lab,SNP,Andrew BRYDEN (Ind),skipped,skipped,,5
2687,Lab,SNP,Andrew BRYDEN (Ind),skipped,skipped,,5
2688,Lab,SNP,Andrew BRYDEN (Ind),skipped,skipped,,5
2689,Lab,SNP,Andrew BRYDEN (Ind),Con,skipped,,5
2690,Lab,SNP,skipped,skipped,skipped,,5
2691,Lab,SNP,skipped,skipped,skipped,,5
2692,Lab,SNP,skipped,skipped,skipped,,5
2693,Lab,SNP,skipped,skipped,skipped,,5
2694,Lab,SNP,skipped,skipped,skipped,,5
2695,Lab,SNP,skipped,skipped,skipped,,5
2696,Lab,SNP,skipped,skipped,skipped,,5
2697,Lab,SNP,skipped,skipped,skipped,,5
2698,Lab,SNP,skipped,skipped,skipped,,5
2699,Lab,SNP,skipped,skipped,skipped,,5
2700,Lab,SNP,skipped,skipped,skipped,,5
2701,Lab,SNP,skipped,skipped,skipped,,5
2702,Lab,SNP,skipped,skipped,skipped,,5
2703,Lab,SNP,skipped,skipped,skipped,,5
2704,Lab,SNP,skipped,skipped,skipped,,5
2705,Lab,SNP,skipped,skipped,skipped,,5
2706,Lab,SNP,skipped,skipped,skipped,,5
2707,Lab,SNP,skipped,skipped,skipped,,5
2708,Lab,SNP,Con,skipped,skipped,,5
2709,Lab,SNP,Con,skipped,skipped,,5
2710,Lab,SNP,Con,skipped,skipped,,5
2711,Lab,SNP,Con,skipped,skipped,,5
2712,Lab,SNP,Con,skipped,skipped,,5
2713,Lab,SNP,Con,skipped,skipped,,5
2714,Lab,SNP,Con,skipped,skipped,,5
2715,Lab,SNP,Con,skipped,skipped,,5
2716,Lab,Con,SNP,skipped,skipped,,5
2717,Lab,Con,SNP,Andrew BRYDEN (Ind),skipped,,5
2718,Lab,Con,SNP,Andrew BRYDEN (Ind),skipped,,5
2719,Lab,Con,SNP,Andrew BRYDEN (Ind),skipped,,5
2720,Lab,Con,SNP,Andrew BRYDEN (Ind),skipped,,5
2721,Lab,SNP,Con,Andrew BRYDEN (Ind),skipped,,5
2722,Lab,SNP,skipped,skipped,skipped,,5
2723,Lab,SNP,skipped,skipped,skipped,,5
2724,Lab,SNP,skipped,skipped,skipped,,5
2725,Lab,SNP,skipped,skipped,skipped,,5
2726,Lab,SNP,skipped,skipped,skipped,,5
2727,Lab,SNP,skipped,skipped,skipped,,5
2728,Lab,SNP,skipped,skipped,skipped,,5
2729,Lab,SNP,skipped,skipped,skipped,,5
2730,Lab,SNP,skipped,skipped,skipped,,5
2731,Lab,SNP,skipped,skipped,skipped,,5
2732,Lab,SNP,skipped,skipped,skipped,,5
2733,Lab,SNP,skipped,skipped,skipped,,5
2734,Lab,SNP,skipped,skipped,skipped,,5
2735,Lab,SNP,skipped,skipped,skipped,,5
2736,Lab,SNP,skipped,skipped,skipped,,5
2737,Lab,SNP,skipped,skipped,skipped,,5
2738,Lab,SNP,skipped,skipped,skipped,,5
2739,Lab,SNP,skipped,skipped,skipped,,5
2740,Lab,SNP,skipped,skipped,skipped,,5
2741,Lab,SNP,skipped,skipped,skipped,,5
2742,Lab,SNP,skipped,skipped,skipped,,5
2743,Lab,SNP,skipped,skipped,skipped,,5
2744,Lab,SNP,skipped,skipped,skipped,,5
2745,Lab,SNP,skipped,skipped,skipped,,5
2746,Lab,SNP,skipped,skipped,skipped,,5
2747,Lab,SNP,skipped,skipped,skipped,,5
2748,Lab,SNP,skipped,skipped,skipped,,5
2749,Lab,SNP,skipped,skipped,skipped,,5
2750,Lab,SNP,skipped,skipped,skipped,,5
2751,Lab,SNP,skipped,skipped,skipped,,5
2752,Lab,SNP,skipped,skipped,skipped,,5
2753,Lab,SNP,skipped,skipped,skipped,,5
2754,Lab,SNP,skipped,skipped,skipped,,5
2755,Lab,SNP,skipped,skipped,skipped,,5
2756,Lab,SNP,skipped,skipped,skipped,,5
2757,Lab,SNP,skipped,skipped,skipped,,5
2758,Lab,SNP,skipped,skipped,skipped,,5
2759,Lab,SNP,skipped,skipped,skipped,,5
2760,Lab,SNP,skipped,skipped,skipped,,5
2761,Lab,SNP,Con,skipped,skipped,,5
2762,Lab,SNP,Con,Andrew BRYDEN (Ind),skipped,,5
2763,Lab,SNP,Con,Andrew BRYDEN (Ind),skipped,,5
2764,Lab,SNP,Con,Andrew BRYDEN (Ind),skipped,,5
2765,Lab,SNP,Con,Andrew BRYDEN (Ind),skipped,,5
2766,Lab,SNP,Con,Andrew BRYDEN (Ind),skipped,,5
2767,Lab,SNP,Con,Andrew BRYDEN (Ind),skipped,,5
2768,Lab,SNP,Con,Andrew BRYDEN (Ind),skipped,,5
2769,Lab,SNP,Andrew BRYDEN (Ind),skipped,skipped,,5
2770,Lab,SNP,Andrew BRYDEN (Ind),skipped,skipped,,5
2771,Lab,SNP,Andrew BRYDEN (Ind),skipped,skipped,,5
2772,Lab,SNP,Andrew BRYDEN (Ind),skipped,skipped,,5
2773,Lab,SNP,Andrew BRYDEN (Ind),skipped,skipped,,5
2774,Lab,SNP,Andrew BRYDEN (Ind),Con,skipped,,5
2775,Lab,SNP,Andrew BRYDEN (Ind),Con,skipped,,5
2776,Lab,SNP,Andrew BRYDEN (Ind),Con,skipped,,5
2777,Lab,SNP,Andrew BRYDEN (Ind),Con,skipped,,5
2778,Lab,SNP,Andrew BRYDEN (Ind),Con,skipped,,5
2779,Lab,SNP,Andrew BRYDEN (Ind),Con,skipped,,5
2780,Lab,SNP,Andrew BRYDEN (Ind),Con,skipped,,5
2781,Lab,SNP,Andrew BRYDEN (Ind),Con,skipped,,5
2782,Lab,SNP,Andrew BRYDEN (Ind),Con,skipped,,5
2783,Lab,SNP,Andrew BRYDEN (Ind),Con,skipped,,5
2784,Lab,SNP,Andrew BRYDEN (Ind),Con,skipped,,5
2785,Lab,SNP,Andrew BRYDEN (Ind),Con,skipped,,5
2786,Lab,SNP,Andrew BRYDEN (Ind),Con,skipped,,5
2787,Lab,SNP,Andrew BRYDEN (Ind),Con,skipped,,5
2788,Lab,SNP,Andrew BRYDEN (Ind),skipped,skipped,,5
2789,Lab,SNP,Andrew BRYDEN (Ind),skipped,skipped,,5
2790,Lab,SNP,Andrew BRYDEN (Ind),skipped,skipped,,5
2791,Lab,SNP,Andrew BRYDEN (Ind),skipped,skipped,,5
2792,Lab,SNP,Andrew BRYDEN (Ind),skipped,skipped,,5
2793,Lab,SNP,Andrew BRYDEN (Ind),skipped,skipped,,5
2794,Lab,SNP,Andrew BRYDEN (Ind),skipped,skipped,,5
2795,Lab,SNP,Andrew BRYDEN (Ind),skipped,skipped,,5
2796,Lab,SNP,Andrew BRYDEN (Ind),skipped,skipped,,5
2797,Lab,SNP,Andrew BRYDEN (Ind),skipped,skipped,,5
2798,Lab,Andrew BRYDEN (Ind),SNP,Con,skipped,,5
2799,Lab,Andrew BRYDEN (Ind),SNP,Con,skipped,,5
2800,Lab,Andrew BRYDEN (Ind),SNP,Con,skipped,,5
2801,Lab,Andrew BRYDEN (Ind),SNP,Con,skipped,,5
2802,Lab,Andrew BRYDEN (Ind),SNP,Con,skipped,,5
2803,Lab,Andrew BRYDEN (Ind),skipped,skipped,skipped,,5
2804,Lab,Andrew BRYDEN (Ind),skipped,skipped,skipped,,5
2805,Lab,Andrew BRYDEN (Ind),skipped,skipped,skipped,,5
2806,Lab,Andrew BRYDEN (Ind),skipped,skipped,skipped,,5
2807,Lab,Andrew BRYDEN (Ind),skipped,skipped,skipped,,5
2808,Lab,Andrew BRYDEN (Ind),skipped,skipped,skipped,,5
2809,Lab,Andrew BRYDEN (Ind),skipped,skipped,skipped,,5
2810,Lab,Andrew BRYDEN (Ind),skipped,skipped,skipped,,5
2811,Lab,Andrew BRYDEN (Ind),skipped,skipped,skipped,,5
2812,Lab,Andrew BRYDEN (Ind),skipped,skipped,skipped,,5
2813,Lab,Andrew BRYDEN (Ind),skipped,skipped,skipped,,5
2814,Lab,Andrew BRYDEN (Ind),skipped,skipped,skipped,,5
2815,Lab,Andrew BRYDEN (Ind),skipped,skipped,skipped,,5
2816,Lab,Andrew BRYDEN (Ind),skipped,skipped,skipped,,5
2817,Lab,Andrew BRYDEN (Ind),skipped,skipped,skipped,,5
2818,Lab,Andrew BRYDEN (Ind),skipped,skipped,skipped,,5
2819,Lab,Andrew BRYDEN (Ind),skipped,skipped,skipped,,5
2820,Lab,Andrew BRYDEN (Ind),skipped,skipped,skipped,,5
2821,Lab,Andrew BRYDEN (Ind),skipped,skipped,skipped,,5
2822,Lab,Andrew BRYDEN (Ind),skipped,skipped,skipped,,5
2823,Lab,Andrew BRYDEN (Ind),skipped,skipped,skipped,,5
2824,Lab,Andrew BRYDEN (Ind),skipped,skipped,skipped,,5
2825,Lab,Andrew BRYDEN (Ind),skipped,skipped,skipped,,5
2826,Lab,Andrew BRYDEN (Ind),skipped,skipped,skipped,,5
2827,Lab,Andrew BRYDEN (Ind),skipped,skipped,skipped,,5
2828,Lab,Andrew BRYDEN (Ind),skipped,skipped,skipped,,5
2829,Lab,Andrew BRYDEN (Ind),skipped,skipped,skipped,,5
2830,Lab,Andrew BRYDEN (Ind),skipped,skipped,skipped,,5
2831,Lab,Andrew BRYDEN (Ind),skipped,skipped,skipped,,5
2832,Lab,Andrew BRYDEN (Ind),skipped,skipped,skipped,,5
2833,Lab,Andrew BRYDEN (Ind),skipped,skipped,skipped,,5
2834,Lab,Andrew BRYDEN (Ind),skipped,skipped,skipped,,5
2835,Lab,Andrew BRYDEN (Ind),skipped,skipped,skipped,,5
2836,Lab,Andrew BRYDEN (Ind),skipped,skipped,skipped,,5
2837,Lab,Andrew BRYDEN (Ind),skipped,skipped,skipped,,5
2838,Lab,Andrew BRYDEN (Ind),skipped,skipped,skipped,,5
2839,Lab,Andrew BRYDEN (Ind),skipped,skipped,skipped,,5
2840,Lab,Andrew BRYDEN (Ind),skipped,skipped,skipped,,5
2841,Lab,Andrew BRYDEN (Ind),skipped,skipped,skipped,,5
2842,Lab,Andrew BRYDEN (Ind),skipped,skipped,skipped,,5
2843,Lab,Andrew BRYDEN (Ind),skipped,skipped,skipped,,5
2844,Lab,Andrew BRYDEN (Ind),skipped,skipped,skipped,,5
2845,Lab,Andrew BRYDEN (Ind),skipped,skipped,skipped,,5
2846,Lab,Andrew BRYDEN (Ind),skipped,skipped,skipped,,5
2847,Lab,Andrew BRYDEN (Ind),skipped,skipped,skipped,,5
2848,Lab,Andrew BRYDEN (Ind),skipped,skipped,skipped,,5
2849,Lab,Andrew BRYDEN (Ind),skipped,skipped,skipped,,5
2850,Lab,Andrew BRYDEN (Ind),skipped,skipped,skipped,,5
2851,Lab,Andrew BRYDEN (Ind),skipped,skipped,skipped,,5
2852,Lab,Andrew BRYDEN (Ind),skipped,skipped,skipped,,5
2853,Lab,Andrew BRYDEN (Ind),skipped,skipped,skipped,,5
2854,Lab,Andrew BRYDEN (Ind),skipped,skipped,skipped,,5
2855,Lab,Andrew BRYDEN (Ind),skipped,skipped,skipped,,5
2856,Lab,Andrew BRYDEN (Ind),skipped,skipped,skipped,,5
2857,Lab,Andrew BRYDEN (Ind),skipped,skipped,skipped,,5
2858,Lab,Andrew BRYDEN (Ind),skipped,skipped,skipped,,5
2859,Lab,Andrew BRYDEN (Ind),skipped,skipped,skipped,,5
2860,Lab,Andrew BRYDEN (Ind),skipped,skipped,skipped,,5
2861,Lab,Andrew BRYDEN (Ind),skipped,skipped,skipped,,5
2862,Lab,Andrew BRYDEN (Ind),skipped,skipped,skipped,,5
2863,Lab,Andrew BRYDEN (Ind),skipped,skipped,skipped,,5
2864,Lab,Andrew BRYDEN (Ind),skipped,skipped,skipped,,5
2865,Lab,Andrew BRYDEN (Ind),skipped,skipped,skipped,,5
2866,Lab,Andrew BRYDEN (Ind),skipped,skipped,skipped,,5
2867,Lab,Andrew BRYDEN (Ind),skipped,skipped,skipped,,5
2868,Lab,Andrew BRYDEN (Ind),skipped,skipped,skipped,,5
2869,Lab,Andrew BRYDEN (Ind),skipped,skipped,skipped,,5
2870,Lab,Andrew BRYDEN (Ind),skipped,skipped,skipped,,5
2871,Lab,Andrew BRYDEN (Ind),skipped,skipped,skipped,,5
2872,Lab,Andrew BRYDEN (Ind),skipped,skipped,skipped,,5
2873,Lab,Andrew BRYDEN (Ind),skipped,skipped,skipped,,5
2874,Lab,Andrew BRYDEN (Ind),skipped,skipped,skipped,,5
2875,Lab,Andrew BRYDEN (Ind),skipped,skipped,skipped,,5
2876,Lab,Andrew BRYDEN (Ind),skipped,skipped,skipped,,5
2877,Lab,Andrew BRYDEN (Ind),skipped,skipped,skipped,,5
2878,Lab,Andrew BRYDEN (Ind),skipped,skipped,skipped,,5
2879,Lab,Andrew BRYDEN (Ind),skipped,skipped,skipped,,5
2880,Lab,Andrew BRYDEN (Ind),skipped,skipped,skipped,,5
2881,Lab,Andrew BRYDEN (Ind),skipped,skipped,skipped,,5
2882,Lab,Andrew BRYDEN (Ind),skipped,skipped,skipped,,5
2883,Lab,Andrew BRYDEN (Ind),skipped,skipped,skipped,,5
2884,Lab,Andrew BRYDEN (Ind),skipped,skipped,skipped,,5
2885,Lab,Andrew BRYDEN (Ind),skipped,skipped,skipped,,5
2886,Lab,Andrew BRYDEN (Ind),skipped,skipped,skipped,,5
2887,Lab,Andrew BRYDEN (Ind),skipped,skipped,skipped,,5
2888,Lab,Andrew BRYDEN (Ind),skipped,skipped,skipped,,5
2889,Lab,Andrew BRYDEN (Ind),skipped,skipped,skipped,,5
2890,Lab,Andrew BRYDEN (Ind),skipped,skipped,skipped,,5
2891,Lab,Andrew BRYDEN (Ind),skipped,skipped,skipped,,5
2892,Lab,Andrew BRYDEN (Ind),skipped,skipped,skipped,,5
2893,Lab,Andrew BRYDEN (Ind),skipped,skipped,skipped,,5
2894,Lab,Andrew BRYDEN (Ind),skipped,skipped,skipped,,5
2895,Lab,Andrew BRYDEN (Ind),skipped,skipped,skipped,,5
2896,Lab,Andrew BRYDEN (Ind),skipped,skipped,skipped,,5
2897,Lab,Andrew BRYDEN (Ind),skipped,skipped,skipped,,5
2898,Lab,Andrew BRYDEN (Ind),skipped,skipped,skipped,,5
2899,Lab,Andrew BRYDEN (Ind),skipped,skipped,skipped,,5
2900,Lab,Andrew BRYDEN (Ind),Con,skipped,skipped,,5
2901,Lab,Andrew BRYDEN (Ind),Con,skipped,skipped,,5
2902,Lab,Andrew BRYDEN (Ind),Con,skipped,skipped,,5
2903,Lab,Andrew BRYDEN (Ind),Con,skipped,skipped,,5
2904,Lab,Andrew BRYDEN (Ind),Con,skipped,skipped,,5
2905,Lab,Andrew BRYDEN (Ind),Con,skipped,skipped,,5
2906,Lab,Andrew BRYDEN (Ind),Con,skipped,skipped,,5
2907,Lab,Andrew BRYDEN (Ind),Con,skipped,skipped,,5
2908,Lab,Andrew BRYDEN (Ind),Con,skipped,skipped,,5
2909,Lab,Andrew BRYDEN (Ind),Con,skipped,skipped,,5
2910,Lab,Andrew BRYDEN (Ind),Con,skipped,skipped,,5
2911,Lab,Andrew BRYDEN (Ind),Con,skipped,skipped,,5
2912,Lab,Andrew BRYDEN (Ind),Con,skipped,skipped,,5
2913,Lab,Andrew BRYDEN (Ind),Con,skipped,skipped,,5
2914,Lab,Andrew BRYDEN (Ind),Con,skipped,skipped,,5
2915,Lab,Andrew BRYDEN (Ind),Con,skipped,skipped,,5
2916,Lab,Andrew BRYDEN (Ind),Con,skipped,skipped,,5
2917,Lab,Andrew BRYDEN (Ind),Con,skipped,skipped,,5
2918,Lab,Andrew BRYDEN (Ind),Con,skipped,skipped,,5
2919,Lab,Andrew BRYDEN (Ind),Con,skipped,skipped,,5
2920,Lab,Andrew BRYDEN (Ind),Con,skipped,skipped,,5
2921,Lab,Andrew BRYDEN (Ind),Con,skipped,skipped,,5
2922,Lab,Andrew BRYDEN (Ind),Con,skipped,skipped,,5
2923,Lab,Andrew BRYDEN (Ind),Con,skipped,skipped,,5
2924,Lab,Andrew BRYDEN (Ind),Con,skipped,skipped,,5
2925,Lab,Andrew BRYDEN (Ind),Con,skipped,skipped,,5
2926,Lab,Andrew BRYDEN (Ind),Con,skipped,skipped,,5
2927,Lab,Andrew BRYDEN (Ind),Con,skipped,skipped,,5
2928,Lab,Andrew BRYDEN (Ind),Con,skipped,skipped,,5
2929,Lab,Andrew BRYDEN (Ind),Con,skipped,skipped,,5
2930,Lab,Andrew BRYDEN (Ind),Con,skipped,skipped,,5
2931,Lab,Andrew BRYDEN (Ind),Con,skipped,skipped,,5
2932,Lab,Andrew BRYDEN (Ind),Con,skipped,skipped,,5
2933,Lab,Andrew BRYDEN (Ind),Con,skipped,skipped,,5
2934,Lab,Andrew BRYDEN (Ind),Con,skipped,skipped,,5
2935,Lab,Andrew BRYDEN (Ind),Con,skipped,skipped,,5
2936,Lab,Andrew BRYDEN (Ind),Con,skipped,skipped,,5
2937,Lab,Andrew BRYDEN (Ind),Con,skipped,skipped,,5
2938,Lab,Andrew BRYDEN (Ind),Con,skipped,skipped,,5
2939,Lab,Andrew BRYDEN (Ind),Con,skipped,skipped,,5
2940,Lab,Andrew BRYDEN (Ind),Con,SNP,skipped,,5
2941,Lab,Andrew BRYDEN (Ind),Con,SNP,skipped,,5
2942,Lab,Andrew BRYDEN (Ind),Con,SNP,skipped,,5
2943,Lab,Andrew BRYDEN (Ind),Con,SNP,skipped,,5
2944,Lab,Andrew BRYDEN (Ind),Con,SNP,skipped,,5
2945,Lab,Andrew BRYDEN (Ind),Con,SNP,skipped,,5
2946,Lab,Andrew BRYDEN (Ind),Con,SNP,skipped,,5
2947,Lab,Andrew BRYDEN (Ind),Con,SNP,skipped,,5
2948,Lab,Andrew BRYDEN (Ind),Con,SNP,skipped,,5
2949,Lab,Andrew BRYDEN (Ind),Con,SNP,skipped,,5
2950,Lab,Andrew BRYDEN (Ind),Con,SNP,skipped,,5
2951,Lab,Andrew BRYDEN (Ind),Con,SNP,skipped,,5
2952,Lab,Andrew BRYDEN (Ind),Con,SNP,skipped,,5
2953,Lab,Andrew BRYDEN (Ind),Con,SNP,skipped,,5
2954,Lab,Andrew BRYDEN (Ind),Con,SNP,skipped,,5
2955,Lab,Andrew BRYDEN (Ind),Con,SNP,skipped,,5
2956,Lab,Andrew BRYDEN (Ind),Con,SNP,skipped,,5
2957,Lab,Andrew BRYDEN (Ind),Con,SNP,skipped,,5
2958,Lab,Andrew BRYDEN (Ind),SNP,skipped,skipped,,5
2959,Lab,Andrew BRYDEN (Ind),SNP,skipped,skipped,,5
2960,Lab,Andrew BRYDEN (Ind),SNP,skipped,skipped,,5
2961,Lab,Andrew BRYDEN (Ind),SNP,skipped,skipped,,5
2962,Lab,Andrew BRYDEN (Ind),SNP,skipped,skipped,,5
2963,Lab,Andrew BRYDEN (Ind),SNP,skipped,skipped,,5
2964,Lab,Andrew BRYDEN (Ind),SNP,skipped,skipped,,5
2965,Lab,Andrew BRYDEN (Ind),SNP,skipped,skipped,,5
2966,Lab,Andrew BRYDEN (Ind),SNP,Con,skipped,,5
2967,Lab,Andrew BRYDEN (Ind),SNP,Con,skipped,,5
2968,Lab,Andrew BRYDEN (Ind),SNP,skipped,skipped,,5
2969,Lab,Andrew BRYDEN (Ind),SNP,skipped,skipped,,5
2970,Lab,Andrew BRYDEN (Ind),SNP,skipped,skipped,,5
2971,Lab,Andrew BRYDEN (Ind),SNP,skipped,skipped,,5
2972,Lab,Andrew BRYDEN (Ind),SNP,Con,skipped,,5
2973,Lab,Andrew BRYDEN (Ind),SNP,Con,skipped,,5
2974,Lab,Andrew BRYDEN (Ind),SNP,Con,skipped,,5
2975,Lab,Andrew BRYDEN (Ind),SNP,Con,skipped,,5
2976,Lab,Andrew BRYDEN (Ind),SNP,Con,skipped,,5
2977,Lab,Andrew BRYDEN (Ind),SNP,Con,skipped,,5
2978,Lab,Andrew BRYDEN (Ind),SNP,Con,skipped,,5
2979,Lab,Andrew BRYDEN (Ind),SNP,Con,skipped,,5
2980,Lab,Andrew BRYDEN (Ind),SNP,Con,skipped,,5
2981,Lab,Andrew BRYDEN (Ind),SNP,Con,skipped,,5
2982,Lab,Andrew BRYDEN (Ind),SNP,Con,skipped,,5
2983,Lab,Andrew BRYDEN (Ind),SNP,Con,skipped,,5
2984,Lab,Andrew BRYDEN (Ind),SNP,Con,skipped,,5
2985,Lab,Andrew BRYDEN (Ind),SNP,Con,skipped,,5
2986,Lab,Andrew BRYDEN (Ind),SNP,Con,skipped,,5
2987,Lab,Andrew BRYDEN (Ind),SNP,Con,skipped,,5
2988,Lab,Andrew BRYDEN (Ind),SNP,Con,skipped,,5
2989,Lab,Andrew BRYDEN (Ind),SNP,skipped,skipped,,5
2990,Lab,Andrew BRYDEN (Ind),SNP,skipped,skipped,,5
2991,Lab,Andrew BRYDEN (Ind),SNP,skipped,skipped,,5
2992,Lab,Andrew BRYDEN (Ind),SNP,skipped,skipped,,5
2993,Lab,Andrew BRYDEN (Ind),SNP,skipped,skipped,,5
2994,Lab,Andrew BRYDEN (Ind),SNP,skipped,skipped,,5
2995,Lab,Andrew BRYDEN (Ind),SNP,skipped,skipped,,5
2996,Lab,Andrew BRYDEN (Ind),SNP,skipped,skipped,,5
2997,Lab,Andrew BRYDEN (Ind),SNP,skipped,skipped,,5
2998,Lab,Andrew BRYDEN (Ind),SNP,skipped,skipped,,5
2999,Lab,Andrew BRYDEN (Ind),SNP,skipped,skipped,,5
3000,Lab,Andrew BRYDEN (Ind),SNP,skipped,skipped,,5
3001,Lab,Andrew BRYDEN (Ind),Con,SNP,skipped,,5
3002,Lab,Andrew BRYDEN (Ind),SNP,skipped,skipped,,5
3003,Lab,Andrew BRYDEN (Ind),SNP,skipped,skipped,,5
3004,Lab,Andrew BRYDEN (Ind),SNP,Con,skipped,,5
3005,Lab,Andrew BRYDEN (Ind),SNP,Con,skipped,,5
3006,Lab,Andrew BRYDEN (Ind),SNP,Con,skipped,,5
3007,Lab,Andrew BRYDEN (Ind),SNP,Con,skipped,,5
3008,Lab,Andrew BRYDEN (Ind),SNP,Con,skipped,,5
3009,Lab,Andrew BRYDEN (Ind),SNP,Con,skipped,,5
3010,SNP,skipped,skipped,skipped,skipped,,5
3011,SNP,skipped,skipped,skipped,skipped,,5
3012,SNP,skipped,skipped,skipped,skipped,,5
3013,SNP,skipped,skipped,skipped,skipped,,5
3014,SNP,skipped,skipped,skipped,skipped,,5
3015,SNP,skipped,skipped,skipped,skipped,,5
3016,SNP,skipped,skipped,skipped,skipped,,5
3017,SNP,skipped,skipped,skipped,skipped,,5
3018,SNP,skipped,skipped,skipped,skipped,,5
3019,SNP,skipped,skipped,skipped,skipped,,5
3020,SNP,skipped,skipped,skipped,skipped,,5
3021,SNP,skipped,skipped,skipped,skipped,,5
3022,SNP,skipped,skipped,skipped,skipped,,5
3023,SNP,skipped,skipped,skipped,skipped,,5
3024,SNP,skipped,skipped,skipped,skipped,,5
3025,SNP,skipped,skipped,skipped,skipped,,5
3026,SNP,skipped,skipped,skipped,skipped,,5
3027,SNP,skipped,skipped,skipped,skipped,,5
3028,SNP,skipped,skipped,skipped,skipped,,5
3029,SNP,skipped,skipped,skipped,skipped,,5
3030,SNP,skipped,skipped,skipped,skipped,,5
3031,SNP,skipped,skipped,skipped,skipped,,5
3032,SNP,skipped,skipped,skipped,skipped,,5
3033,SNP,skipped,skipped,skipped,skipped,,5
3034,SNP,skipped,skipped,skipped,skipped,,5
3035,SNP,skipped,skipped,skipped,skipped,,5
3036,SNP,skipped,skipped,skipped,skipped,,5
3037,SNP,skipped,skipped,skipped,skipped,,5
3038,SNP,skipped,skipped,skipped,skipped,,5
3039,SNP,skipped,skipped,skipped,skipped,,5
3040,SNP,skipped,skipped,skipped,skipped,,5
3041,SNP,skipped,skipped,skipped,skipped,,5
3042,SNP,skipped,skipped,skipped,skipped,,5
3043,SNP,skipped,skipped,skipped,skipped,,5
3044,SNP,skipped,skipped,skipped,skipped,,5
3045,SNP,skipped,skipped,skipped,skipped,,5
3046,SNP,skipped,skipped,skipped,skipped,,5
3047,SNP,skipped,skipped,skipped,skipped,,5
3048,SNP,skipped,skipped,skipped,skipped,,5
3049,SNP,skipped,skipped,skipped,skipped,,5
3050,SNP,skipped,skipped,skipped,skipped,,5
3051,SNP,skipped,skipped,skipped,skipped,,5
3052,SNP,skipped,skipped,skipped,skipped,,5
3053,SNP,skipped,skipped,skipped,skipped,,5
3054,SNP,skipped,skipped,skipped,skipped,,5
3055,SNP,skipped,skipped,skipped,skipped,,5
3056,SNP,skipped,skipped,skipped,skipped,,5
3057,SNP,Con,skipped,skipped,skipped,,5
3058,SNP,Con,skipped,skipped,skipped,,5
3059,SNP,Con,skipped,skipped,skipped,,5
3060,SNP,Con,Lab,skipped,skipped,,5
3061,SNP,Con,Lab,Andrew BRYDEN (Ind),skipped,,5
3062,SNP,Con,skipped,skipped,skipped,,5
3063,SNP,Con,skipped,skipped,skipped,,5
3064,SNP,Con,skipped,skipped,skipped,,5
3065,SNP,Con,skipped,skipped,skipped,,5
3066,SNP,Con,skipped,skipped,skipped,,5
3067,SNP,Con,skipped,skipped,skipped,,5
3068,SNP,Con,skipped,skipped,skipped,,5
3069,SNP,Con,Lab,skipped,skipped,,5
3070,SNP,Con,Lab,skipped,skipped,,5
3071,SNP,Con,Lab,skipped,skipped,,5
3072,SNP,Con,Lab,Andrew BRYDEN (Ind),skipped,,5
3073,SNP,Con,Lab,Andrew BRYDEN (Ind),skipped,,5
3074,SNP,Con,Andrew BRYDEN (Ind),Lab,skipped,,5
3075,SNP,Con,Andrew BRYDEN (Ind),skipped,skipped,,5
3076,SNP,Con,Andrew BRYDEN (Ind),skipped,skipped,,5
3077,SNP,Con,Andrew BRYDEN (Ind),Lab,skipped,,5
3078,SNP,Lab,skipped,skipped,skipped,,5
3079,SNP,Lab,skipped,skipped,skipped,,5
3080,SNP,Lab,skipped,skipped,skipped,,5
3081,SNP,Lab,skipped,skipped,skipped,,5
3082,SNP,Lab,skipped,skipped,skipped,,5
3083,SNP,Lab,skipped,skipped,skipped,,5
3084,SNP,Lab,skipped,skipped,skipped,,5
3085,SNP,Lab,skipped,skipped,skipped,,5
3086,SNP,Lab,skipped,skipped,skipped,,5
3087,SNP,Lab,skipped,skipped,skipped,,5
3088,SNP,Lab,skipped,skipped,skipped,,5
3089,SNP,Lab,skipped,skipped,skipped,,5
3090,SNP,Lab,skipped,skipped,skipped,,5
3091,SNP,Lab,Con,skipped,skipped,,5
3092,SNP,Lab,Con,skipped,skipped,,5
3093,SNP,Lab,Con,skipped,skipped,,5
3094,SNP,Lab,Con,skipped,skipped,,5
3095,SNP,Lab,skipped,skipped,skipped,,5
3096,SNP,Lab,skipped,skipped,skipped,,5
3097,SNP,Lab,skipped,skipped,skipped,,5
3098,SNP,Lab,skipped,skipped,skipped,,5
3099,SNP,Lab,skipped,skipped,skipped,,5
3100,SNP,Lab,skipped,skipped,skipped,,5
3101,SNP,Lab,skipped,skipped,skipped,,5
3102,SNP,Lab,skipped,skipped,skipped,,5
3103,SNP,Lab,skipped,skipped,skipped,,5
3104,SNP,Lab,skipped,skipped,skipped,,5
3105,SNP,Lab,skipped,skipped,skipped,,5
3106,SNP,Lab,skipped,skipped,skipped,,5
3107,SNP,Lab,skipped,skipped,skipped,,5
3108,SNP,Lab,skipped,skipped,skipped,,5
3109,SNP,Lab,skipped,skipped,skipped,,5
3110,SNP,Lab,skipped,skipped,skipped,,5
3111,SNP,Lab,skipped,skipped,skipped,,5
3112,SNP,Lab,skipped,skipped,skipped,,5
3113,SNP,Lab,skipped,skipped,skipped,,5
3114,SNP,Lab,skipped,skipped,skipped,,5
3115,SNP,Lab,skipped,skipped,skipped,,5
3116,SNP,Lab,skipped,skipped,skipped,,5
3117,SNP,Lab,skipped,skipped,skipped,,5
3118,SNP,Lab,skipped,skipped,skipped,,5
3119,SNP,Lab,skipped,skipped,skipped,,5
3120,SNP,Lab,skipped,skipped,skipped,,5
3121,SNP,Lab,skipped,skipped,skipped,,5
3122,SNP,Lab,skipped,skipped,skipped,,5
3123,SNP,Lab,skipped,skipped,skipped,,5
3124,SNP,Lab,Con,Andrew BRYDEN (Ind),skipped,,5
3125,SNP,Lab,Andrew BRYDEN (Ind),skipped,skipped,,5
3126,SNP,Lab,Andrew BRYDEN (Ind),skipped,skipped,,5
3127,SNP,Lab,Andrew BRYDEN (Ind),skipped,skipped,,5
3128,SNP,Lab,Andrew BRYDEN (Ind),skipped,skipped,,5
3129,SNP,Lab,Andrew BRYDEN (Ind),skipped,skipped,,5
3130,SNP,Lab,Andrew BRYDEN (Ind),Con,skipped,,5
3131,SNP,Lab,Andrew BRYDEN (Ind),Con,skipped,,5
3132,SNP,Lab,Andrew BRYDEN (Ind),Con,skipped,,5
3133,SNP,Lab,Andrew BRYDEN (Ind),Con,skipped,,5
3134,SNP,Lab,Andrew BRYDEN (Ind),Con,skipped,,5
3135,SNP,Lab,Andrew BRYDEN (Ind),Con,skipped,,5
3136,SNP,Lab,Andrew BRYDEN (Ind),Con,skipped,,5
3137,SNP,Lab,Andrew BRYDEN (Ind),skipped,skipped,,5
3138,SNP,Lab,Andrew BRYDEN (Ind),skipped,skipped,,5
3139,SNP,Lab,Andrew BRYDEN (Ind),skipped,skipped,,5
3140,SNP,Lab,Andrew BRYDEN (Ind),skipped,skipped,,5
3141,SNP,Lab,Andrew BRYDEN (Ind),skipped,skipped,,5
3142,SNP,Lab,Andrew BRYDEN (Ind),skipped,skipped,,5
3143,SNP,Lab,Andrew BRYDEN (Ind),Con,skipped,,5
3144,SNP,Lab,Andrew BRYDEN (Ind),skipped,skipped,,5
3145,SNP,Lab,Andrew BRYDEN (Ind),Con,skipped,,5
3146,SNP,skipped,skipped,skipped,skipped,,5
3147,SNP,skipped,skipped,skipped,skipped,,5
3148,SNP,skipped,skipped,skipped,skipped,,5
3149,SNP,skipped,skipped,skipped,skipped,,5
3150,SNP,skipped,skipped,skipped,skipped,,5
3151,SNP,skipped,skipped,skipped,skipped,,5
3152,SNP,skipped,skipped,skipped,skipped,,5
3153,SNP,skipped,skipped,skipped,skipped,,5
3154,SNP,skipped,skipped,skipped,skipped,,5
3155,SNP,skipped,skipped,skipped,skipped,,5
3156,SNP,skipped,skipped,skipped,skipped,,5
3157,SNP,skipped,skipped,skipped,skipped,,5
3158,SNP,skipped,skipped,skipped,skipped,,5
3159,SNP,skipped,skipped,skipped,skipped,,5
3160,SNP,skipped,skipped,skipped,skipped,,5
3161,SNP,skipped,skipped,skipped,skipped,,5
3162,SNP,skipped,skipped,skipped,skipped,,5
3163,SNP,skipped,skipped,skipped,skipped,,5
3164,SNP,skipped,skipped,skipped,skipped,,5
3165,SNP,skipped,skipped,skipped,skipped,,5
3166,SNP,skipped,skipped,skipped,skipped,,5
3167,SNP,skipped,skipped,skipped,skipped,,5
3168,SNP,skipped,skipped,skipped,skipped,,5
3169,SNP,skipped,skipped,skipped,skipped,,5
3170,SNP,skipped,skipped,skipped,skipped,,5
3171,SNP,skipped,skipped,skipped,skipped,,5
3172,SNP,skipped,skipped,skipped,skipped,,5
3173,SNP,skipped,skipped,skipped,skipped,,5
3174,SNP,skipped,skipped,skipped,skipped,,5
3175,SNP,skipped,skipped,skipped,skipped,,5
3176,SNP,skipped,skipped,skipped,skipped,,5
3177,SNP,skipped,skipped,skipped,skipped,,5
3178,SNP,skipped,skipped,skipped,skipped,,5
3179,SNP,skipped,skipped,skipped,skipped,,5
3180,SNP,skipped,skipped,skipped,skipped,,5
3181,SNP,skipped,skipped,skipped,skipped,,5
3182,SNP,skipped,skipped,skipped,skipped,,5
3183,SNP,skipped,skipped,skipped,skipped,,5
3184,SNP,skipped,skipped,skipped,skipped,,5
3185,SNP,skipped,skipped,skipped,skipped,,5
3186,SNP,skipped,skipped,skipped,skipped,,5
3187,SNP,skipped,skipped,skipped,skipped,,5
3188,SNP,skipped,skipped,skipped,skipped,,5
3189,SNP,skipped,skipped,skipped,skipped,,5
3190,SNP,skipped,skipped,skipped,skipped,,5
3191,SNP,skipped,skipped,skipped,skipped,,5
3192,SNP,skipped,skipped,skipped,skipped,,5
3193,SNP,skipped,skipped,skipped,skipped,,5
3194,SNP,skipped,skipped,skipped,skipped,,5
3195,SNP,skipped,skipped,skipped,skipped,,5
3196,SNP,skipped,skipped,skipped,skipped,,5
3197,SNP,skipped,skipped,skipped,skipped,,5
3198,SNP,skipped,skipped,skipped,skipped,,5
3199,SNP,skipped,skipped,skipped,skipped,,5
3200,SNP,skipped,skipped,skipped,skipped,,5
3201,SNP,skipped,skipped,skipped,skipped,,5
3202,SNP,skipped,skipped,skipped,skipped,,5
3203,SNP,skipped,skipped,skipped,skipped,,5
3204,SNP,skipped,skipped,skipped,skipped,,5
3205,SNP,skipped,skipped,skipped,skipped,,5
3206,SNP,skipped,skipped,skipped,skipped,,5
3207,SNP,skipped,skipped,skipped,skipped,,5
3208,SNP,skipped,skipped,skipped,skipped,,5
3209,SNP,skipped,skipped,skipped,skipped,,5
3210,SNP,skipped,skipped,skipped,skipped,,5
3211,SNP,skipped,skipped,skipped,skipped,,5
3212,SNP,skipped,skipped,skipped,skipped,,5
3213,SNP,skipped,skipped,skipped,skipped,,5
3214,SNP,skipped,skipped,skipped,skipped,,5
3215,SNP,skipped,skipped,skipped,skipped,,5
3216,SNP,skipped,skipped,skipped,skipped,,5
3217,SNP,skipped,skipped,skipped,skipped,,5
3218,SNP,skipped,skipped,skipped,skipped,,5
3219,SNP,skipped,skipped,skipped,skipped,,5
3220,SNP,skipped,skipped,skipped,skipped,,5
3221,SNP,skipped,skipped,skipped,skipped,,5
3222,SNP,skipped,skipped,skipped,skipped,,5
3223,SNP,skipped,skipped,skipped,skipped,,5
3224,SNP,skipped,skipped,skipped,skipped,,5
3225,SNP,skipped,skipped,skipped,skipped,,5
3226,SNP,skipped,skipped,skipped,skipped,,5
3227,SNP,skipped,skipped,skipped,skipped,,5
3228,SNP,skipped,skipped,skipped,skipped,,5
3229,SNP,skipped,skipped,skipped,skipped,,5
3230,SNP,skipped,skipped,skipped,skipped,,5
3231,SNP,skipped,skipped,skipped,skipped,,5
3232,SNP,skipped,skipped,skipped,skipped,,5
3233,SNP,skipped,skipped,skipped,skipped,,5
3234,SNP,skipped,skipped,skipped,skipped,,5
3235,SNP,skipped,skipped,skipped,skipped,,5
3236,SNP,skipped,skipped,skipped,skipped,,5
3237,SNP,skipped,skipped,skipped,skipped,,5
3238,SNP,skipped,skipped,skipped,skipped,,5
3239,SNP,skipped,skipped,skipped,skipped,,5
3240,SNP,skipped,skipped,skipped,skipped,,5
3241,SNP,skipped,skipped,skipped,skipped,,5
3242,SNP,skipped,skipped,skipped,skipped,,5
3243,SNP,skipped,skipped,skipped,skipped,,5
3244,SNP,skipped,skipped,skipped,skipped,,5
3245,SNP,skipped,skipped,skipped,skipped,,5
3246,SNP,skipped,skipped,skipped,skipped,,5
3247,SNP,skipped,skipped,skipped,skipped,,5
3248,SNP,skipped,skipped,skipped,skipped,,5
3249,SNP,skipped,skipped,skipped,skipped,,5
3250,SNP,skipped,skipped,skipped,skipped,,5
3251,SNP,skipped,skipped,skipped,skipped,,5
3252,SNP,skipped,skipped,skipped,skipped,,5
3253,SNP,skipped,skipped,skipped,skipped,,5
3254,SNP,skipped,skipped,skipped,skipped,,5
3255,SNP,skipped,skipped,skipped,skipped,,5
3256,SNP,skipped,skipped,skipped,skipped,,5
3257,SNP,skipped,skipped,skipped,skipped,,5
3258,SNP,skipped,skipped,skipped,skipped,,5
3259,SNP,skipped,skipped,skipped,skipped,,5
3260,SNP,skipped,skipped,skipped,skipped,,5
3261,SNP,skipped,skipped,skipped,skipped,,5
3262,SNP,skipped,skipped,skipped,skipped,,5
3263,SNP,skipped,skipped,skipped,skipped,,5
3264,SNP,skipped,skipped,skipped,skipped,,5
3265,SNP,skipped,skipped,skipped,skipped,,5
3266,SNP,skipped,skipped,skipped,skipped,,5
3267,SNP,skipped,skipped,skipped,skipped,,5
3268,SNP,skipped,skipped,skipped,skipped,,5
3269,SNP,skipped,skipped,skipped,skipped,,5
3270,SNP,skipped,skipped,skipped,skipped,,5
3271,SNP,skipped,skipped,skipped,skipped,,5
3272,SNP,skipped,skipped,skipped,skipped,,5
3273,SNP,skipped,skipped,skipped,skipped,,5
3274,SNP,skipped,skipped,skipped,skipped,,5
3275,SNP,skipped,skipped,skipped,skipped,,5
3276,SNP,skipped,skipped,skipped,skipped,,5
3277,SNP,skipped,skipped,skipped,skipped,,5
3278,SNP,skipped,skipped,skipped,skipped,,5
3279,SNP,skipped,skipped,skipped,skipped,,5
3280,SNP,skipped,skipped,skipped,skipped,,5
3281,SNP,skipped,skipped,skipped,skipped,,5
3282,SNP,skipped,skipped,skipped,skipped,,5
3283,SNP,skipped,skipped,skipped,skipped,,5
3284,SNP,skipped,skipped,skipped,skipped,,5
3285,SNP,skipped,skipped,skipped,skipped,,5
3286,SNP,skipped,skipped,skipped,skipped,,5
3287,SNP,skipped,skipped,skipped,skipped,,5
3288,SNP,skipped,skipped,skipped,skipped,,5
3289,SNP,skipped,skipped,skipped,skipped,,5
3290,SNP,skipped,skipped,skipped,skipped,,5
3291,SNP,skipped,skipped,skipped,skipped,,5
3292,SNP,skipped,skipped,skipped,skipped,,5
3293,SNP,skipped,skipped,skipped,skipped,,5
3294,SNP,skipped,skipped,skipped,skipped,,5
3295,SNP,skipped,skipped,skipped,skipped,,5
3296,SNP,skipped,skipped,skipped,skipped,,5
3297,SNP,skipped,skipped,skipped,skipped,,5
3298,SNP,skipped,skipped,skipped,skipped,,5
3299,SNP,skipped,skipped,skipped,skipped,,5
3300,SNP,skipped,skipped,skipped,skipped,,5
3301,SNP,skipped,skipped,skipped,skipped,,5
3302,SNP,skipped,skipped,skipped,skipped,,5
3303,SNP,skipped,skipped,skipped,skipped,,5
3304,SNP,skipped,skipped,skipped,skipped,,5
3305,SNP,skipped,skipped,skipped,skipped,,5
3306,SNP,skipped,skipped,skipped,skipped,,5
3307,SNP,skipped,skipped,skipped,skipped,,5
3308,SNP,skipped,skipped,skipped,skipped,,5
3309,SNP,skipped,skipped,skipped,skipped,,5
3310,SNP,skipped,skipped,skipped,skipped,,5
3311,SNP,skipped,skipped,skipped,skipped,,5
3312,SNP,skipped,skipped,skipped,skipped,,5
3313,SNP,skipped,skipped,skipped,skipped,,5
3314,SNP,skipped,skipped,skipped,skipped,,5
3315,SNP,skipped,skipped,skipped,skipped,,5
3316,SNP,skipped,skipped,skipped,skipped,,5
3317,SNP,skipped,skipped,skipped,skipped,,5
3318,SNP,skipped,skipped,skipped,skipped,,5
3319,SNP,skipped,skipped,skipped,skipped,,5
3320,SNP,skipped,skipped,skipped,skipped,,5
3321,SNP,skipped,skipped,skipped,skipped,,5
3322,SNP,skipped,skipped,skipped,skipped,,5
3323,SNP,skipped,skipped,skipped,skipped,,5
3324,SNP,skipped,skipped,skipped,skipped,,5
3325,SNP,skipped,skipped,skipped,skipped,,5
3326,SNP,skipped,skipped,skipped,skipped,,5
3327,SNP,skipped,skipped,skipped,skipped,,5
3328,SNP,skipped,skipped,skipped,skipped,,5
3329,SNP,skipped,skipped,skipped,skipped,,5
3330,SNP,skipped,skipped,skipped,skipped,,5
3331,SNP,skipped,skipped,skipped,skipped,,5
3332,SNP,skipped,skipped,skipped,skipped,,5
3333,SNP,skipped,skipped,skipped,skipped,,5
3334,SNP,skipped,skipped,skipped,skipped,,5
3335,SNP,skipped,skipped,skipped,skipped,,5
3336,SNP,skipped,skipped,skipped,skipped,,5
3337,SNP,skipped,skipped,skipped,skipped,,5
3338,SNP,skipped,skipped,skipped,skipped,,5
3339,SNP,skipped,skipped,skipped,skipped,,5
3340,SNP,skipped,skipped,skipped,skipped,,5
3341,SNP,skipped,skipped,skipped,skipped,,5
3342,SNP,skipped,skipped,skipped,skipped,,5
3343,SNP,skipped,skipped,skipped,skipped,,5
3344,SNP,skipped,skipped,skipped,skipped,,5
3345,SNP,skipped,skipped,skipped,skipped,,5
3346,SNP,skipped,skipped,skipped,skipped,,5
3347,SNP,skipped,skipped,skipped,skipped,,5
3348,SNP,skipped,skipped,skipped,skipped,,5
3349,SNP,skipped,skipped,skipped,skipped,,5
3350,SNP,skipped,skipped,skipped,skipped,,5
3351,SNP,skipped,skipped,skipped,skipped,,5
3352,SNP,skipped,skipped,skipped,skipped,,5
3353,SNP,skipped,skipped,skipped,skipped,,5
3354,SNP,skipped,skipped,skipped,skipped,,5
3355,SNP,skipped,skipped,skipped,skipped,,5
3356,SNP,skipped,skipped,skipped,skipped,,5
3357,SNP,skipped,skipped,skipped,skipped,,5
3358,SNP,skipped,skipped,skipped,skipped,,5
3359,SNP,skipped,skipped,skipped,skipped,,5
3360,SNP,skipped,skipped,skipped,skipped,,5
3361,SNP,skipped,skipped,skipped,skipped,,5
3362,SNP,skipped,skipped,skipped,skipped,,5
3363,SNP,skipped,skipped,skipped,skipped,,5
3364,SNP,skipped,skipped,skipped,skipped,,5
3365,SNP,skipped,skipped,skipped,skipped,,5
3366,SNP,skipped,skipped,skipped,skipped,,5
3367,SNP,skipped,skipped,skipped,skipped,,5
3368,SNP,skipped,skipped,skipped,skipped,,5
3369,SNP,skipped,skipped,skipped,skipped,,5
3370,SNP,skipped,skipped,skipped,skipped,,5
3371,SNP,skipped,skipped,skipped,skipped,,5
3372,SNP,skipped,skipped,skipped,skipped,,5
3373,SNP,skipped,skipped,skipped,skipped,,5
3374,SNP,skipped,skipped,skipped,skipped,,5
3375,SNP,skipped,skipped,skipped,skipped,,5
3376,SNP,skipped,skipped,skipped,skipped,,5
3377,SNP,skipped,skipped,skipped,skipped,,5
3378,SNP,skipped,skipped,skipped,skipped,,5
3379,SNP,skipped,skipped,skipped,skipped,,5
3380,SNP,skipped,skipped,skipped,skipped,,5
3381,SNP,skipped,skipped,skipped,skipped,,5
3382,SNP,skipped,skipped,skipped,skipped,,5
3383,SNP,skipped,skipped,skipped,skipped,,5
3384,SNP,skipped,skipped,skipped,skipped,,5
3385,SNP,skipped,skipped,skipped,skipped,,5
3386,SNP,skipped,skipped,skipped,skipped,,5
3387,SNP,skipped,skipped,skipped,skipped,,5
3388,SNP,skipped,skipped,skipped,skipped,,5
3389,SNP,skipped,skipped,skipped,skipped,,5
3390,SNP,skipped,skipped,skipped,skipped,,5
3391,SNP,skipped,skipped,skipped,skipped,,5
3392,SNP,skipped,skipped,skipped,skipped,,5
3393,SNP,skipped,skipped,skipped,skipped,,5
3394,SNP,skipped,skipped,skipped,skipped,,5
3395,SNP,skipped,skipped,skipped,skipped,,5
3396,SNP,skipped,skipped,skipped,skipped,,5
3397,SNP,skipped,skipped,skipped,skipped,,5
3398,SNP,skipped,skipped,skipped,skipped,,5
3399,SNP,skipped,skipped,skipped,skipped,,5
3400,SNP,skipped,skipped,skipped,skipped,,5
3401,SNP,skipped,skipped,skipped,skipped,,5
3402,SNP,skipped,skipped,skipped,skipped,,5
3403,SNP,skipped,skipped,skipped,skipped,,5
3404,SNP,skipped,skipped,skipped,skipped,,5
3405,SNP,skipped,skipped,skipped,skipped,,5
3406,SNP,skipped,skipped,skipped,skipped,,5
3407,SNP,skipped,skipped,skipped,skipped,,5
3408,SNP,skipped,skipped,skipped,skipped,,5
3409,SNP,skipped,skipped,skipped,skipped,,5
3410,SNP,skipped,skipped,skipped,skipped,,5
3411,SNP,skipped,skipped,skipped,skipped,,5
3412,SNP,skipped,skipped,skipped,skipped,,5
3413,SNP,skipped,skipped,skipped,skipped,,5
3414,SNP,skipped,skipped,skipped,skipped,,5
3415,SNP,skipped,skipped,skipped,skipped,,5
3416,SNP,skipped,skipped,skipped,skipped,,5
3417,SNP,skipped,skipped,skipped,skipped,,5
3418,SNP,skipped,skipped,skipped,skipped,,5
3419,SNP,skipped,skipped,skipped,skipped,,5
3420,SNP,skipped,skipped,skipped,skipped,,5
3421,SNP,skipped,skipped,skipped,skipped,,5
3422,SNP,skipped,skipped,skipped,skipped,,5
3423,SNP,skipped,skipped,skipped,skipped,,5
3424,SNP,skipped,skipped,skipped,skipped,,5
3425,SNP,skipped,skipped,skipped,skipped,,5
3426,SNP,skipped,skipped,skipped,skipped,,5
3427,SNP,skipped,skipped,skipped,skipped,,5
3428,SNP,skipped,skipped,skipped,skipped,,5
3429,SNP,skipped,skipped,skipped,skipped,,5
3430,SNP,skipped,skipped,skipped,skipped,,5
3431,SNP,skipped,skipped,skipped,skipped,,5
3432,SNP,skipped,skipped,skipped,skipped,,5
3433,SNP,skipped,skipped,skipped,skipped,,5
3434,SNP,skipped,skipped,skipped,skipped,,5
3435,SNP,skipped,skipped,skipped,skipped,,5
3436,SNP,skipped,skipped,skipped,skipped,,5
3437,SNP,skipped,skipped,skipped,skipped,,5
3438,SNP,skipped,skipped,skipped,skipped,,5
3439,SNP,skipped,skipped,skipped,skipped,,5
3440,SNP,skipped,skipped,skipped,skipped,,5
3441,SNP,skipped,skipped,skipped,skipped,,5
3442,SNP,skipped,skipped,skipped,skipped,,5
3443,SNP,skipped,skipped,skipped,skipped,,5
3444,SNP,skipped,skipped,skipped,skipped,,5
3445,SNP,skipped,skipped,skipped,skipped,,5
3446,SNP,skipped,skipped,skipped,skipped,,5
3447,SNP,skipped,skipped,skipped,skipped,,5
3448,SNP,skipped,skipped,skipped,skipped,,5
3449,SNP,skipped,skipped,skipped,skipped,,5
3450,SNP,skipped,skipped,skipped,skipped,,5
3451,SNP,skipped,skipped,skipped,skipped,,5
3452,SNP,skipped,skipped,skipped,skipped,,5
3453,SNP,skipped,skipped,skipped,skipped,,5
3454,SNP,skipped,skipped,skipped,skipped,,5
3455,SNP,skipped,skipped,skipped,skipped,,5
3456,SNP,skipped,skipped,skipped,skipped,,5
3457,SNP,skipped,skipped,skipped,skipped,,5
3458,SNP,skipped,skipped,skipped,skipped,,5
3459,SNP,skipped,skipped,skipped,skipped,,5
3460,SNP,skipped,skipped,skipped,skipped,,5
3461,SNP,skipped,skipped,skipped,skipped,,5
3462,SNP,skipped,skipped,skipped,skipped,,5
3463,SNP,skipped,skipped,skipped,skipped,,5
3464,SNP,skipped,skipped,skipped,skipped,,5
3465,SNP,skipped,skipped,skipped,skipped,,5
3466,SNP,skipped,skipped,skipped,skipped,,5
3467,SNP,skipped,skipped,skipped,skipped,,5
3468,SNP,skipped,skipped,skipped,skipped,,5
3469,SNP,skipped,skipped,skipped,skipped,,5
3470,SNP,skipped,skipped,skipped,skipped,,5
3471,SNP,skipped,skipped,skipped,skipped,,5
3472,SNP,skipped,skipped,skipped,skipped,,5
3473,SNP,skipped,skipped,skipped,skipped,,5
3474,SNP,skipped,skipped,skipped,skipped,,5
3475,SNP,skipped,skipped,skipped,skipped,,5
3476,SNP,skipped,skipped,skipped,skipped,,5
3477,SNP,skipped,skipped,skipped,skipped,,5
3478,SNP,skipped,skipped,skipped,skipped,,5
3479,SNP,skipped,skipped,skipped,skipped,,5
3480,SNP,skipped,skipped,skipped,skipped,,5
3481,SNP,skipped,skipped,skipped,skipped,,5
3482,SNP,skipped,skipped,skipped,skipped,,5
3483,SNP,skipped,skipped,skipped,skipped,,5
3484,SNP,skipped,skipped,skipped,skipped,,5
3485,SNP,skipped,skipped,skipped,skipped,,5
3486,SNP,skipped,skipped,skipped,skipped,,5
3487,SNP,skipped,skipped,skipped,skipped,,5
3488,SNP,skipped,skipped,skipped,skipped,,5
3489,SNP,skipped,skipped,skipped,skipped,,5
3490,SNP,skipped,skipped,skipped,skipped,,5
3491,SNP,skipped,skipped,skipped,skipped,,5
3492,SNP,skipped,skipped,skipped,skipped,,5
3493,SNP,skipped,skipped,skipped,skipped,,5
3494,SNP,skipped,skipped,skipped,skipped,,5
3495,SNP,skipped,skipped,skipped,skipped,,5
3496,SNP,skipped,skipped,skipped,skipped,,5
3497,SNP,skipped,skipped,skipped,skipped,,5
3498,SNP,skipped,skipped,skipped,skipped,,5
3499,SNP,skipped,skipped,skipped,skipped,,5
3500,SNP,skipped,skipped,skipped,skipped,,5
3501,SNP,skipped,skipped,skipped,skipped,,5
3502,SNP,skipped,skipped,skipped,skipped,,5
3503,SNP,skipped,skipped,skipped,skipped,,5
3504,SNP,skipped,skipped,skipped,skipped,,5
3505,SNP,skipped,skipped,skipped,skipped,,5
3506,SNP,skipped,skipped,skipped,skipped,,5
3507,SNP,skipped,skipped,skipped,skipped,,5
3508,SNP,skipped,skipped,skipped,skipped,,5
3509,SNP,skipped,skipped,skipped,skipped,,5
3510,SNP,skipped,skipped,skipped,skipped,,5
3511,SNP,skipped,skipped,skipped,skipped,,5
3512,SNP,skipped,skipped,skipped,skipped,,5
3513,SNP,skipped,skipped,skipped,skipped,,5
3514,SNP,skipped,skipped,skipped,skipped,,5
3515,SNP,skipped,skipped,skipped,skipped,,5
3516,SNP,skipped,skipped,skipped,skipped,,5
3517,SNP,skipped,skipped,skipped,skipped,,5
3518,SNP,skipped,skipped,skipped,skipped,,5
3519,SNP,skipped,skipped,skipped,skipped,,5
3520,SNP,skipped,skipped,skipped,skipped,,5
3521,SNP,skipped,skipped,skipped,skipped,,5
3522,SNP,skipped,skipped,skipped,skipped,,5
3523,SNP,skipped,skipped,skipped,skipped,,5
3524,SNP,skipped,skipped,skipped,skipped,,5
3525,SNP,skipped,skipped,skipped,skipped,,5
3526,SNP,skipped,skipped,skipped,skipped,,5
3527,SNP,skipped,skipped,skipped,skipped,,5
3528,SNP,skipped,skipped,skipped,skipped,,5
3529,SNP,skipped,skipped,skipped,skipped,,5
3530,SNP,skipped,skipped,skipped,skipped,,5
3531,SNP,skipped,skipped,skipped,skipped,,5
3532,SNP,skipped,skipped,skipped,skipped,,5
3533,SNP,skipped,skipped,skipped,skipped,,5
3534,SNP,skipped,skipped,skipped,skipped,,5
3535,SNP,skipped,skipped,skipped,skipped,,5
3536,SNP,skipped,skipped,skipped,skipped,,5
3537,SNP,skipped,skipped,skipped,skipped,,5
3538,SNP,skipped,skipped,skipped,skipped,,5
3539,SNP,skipped,skipped,skipped,skipped,,5
3540,SNP,skipped,skipped,skipped,skipped,,5
3541,SNP,skipped,skipped,skipped,skipped,,5
3542,SNP,skipped,skipped,skipped,skipped,,5
3543,SNP,skipped,skipped,skipped,skipped,,5
3544,SNP,skipped,skipped,skipped,skipped,,5
3545,SNP,skipped,skipped,skipped,skipped,,5
3546,SNP,skipped,skipped,skipped,skipped,,5
3547,SNP,skipped,skipped,skipped,skipped,,5
3548,SNP,skipped,skipped,skipped,skipped,,5
3549,SNP,skipped,skipped,skipped,skipped,,5
3550,SNP,skipped,skipped,skipped,skipped,,5
3551,SNP,skipped,skipped,skipped,skipped,,5
3552,SNP,skipped,skipped,skipped,skipped,,5
3553,SNP,skipped,skipped,skipped,skipped,,5
3554,SNP,skipped,skipped,skipped,skipped,,5
3555,SNP,skipped,skipped,skipped,skipped,,5
3556,SNP,skipped,skipped,skipped,skipped,,5
3557,SNP,skipped,skipped,skipped,skipped,,5
3558,SNP,skipped,skipped,skipped,skipped,,5
3559,SNP,skipped,skipped,skipped,skipped,,5
3560,SNP,skipped,skipped,skipped,skipped,,5
3561,SNP,skipped,skipped,skipped,skipped,,5
3562,SNP,skipped,skipped,skipped,skipped,,5
3563,SNP,skipped,skipped,skipped,skipped,,5
3564,SNP,skipped,skipped,skipped,skipped,,5
3565,SNP,skipped,skipped,skipped,skipped,,5
3566,SNP,skipped,skipped,skipped,skipped,,5
3567,SNP,skipped,skipped,skipped,skipped,,5
3568,SNP,skipped,skipped,skipped,skipped,,5
3569,SNP,skipped,skipped,skipped,skipped,,5
3570,SNP,skipped,skipped,skipped,skipped,,5
3571,SNP,skipped,skipped,skipped,skipped,,5
3572,SNP,skipped,skipped,skipped,skipped,,5
3573,SNP,skipped,skipped,skipped,skipped,,5
3574,SNP,skipped,skipped,skipped,skipped,,5
3575,SNP,skipped,skipped,skipped,skipped,,5
3576,SNP,skipped,skipped,skipped,skipped,,5
3577,SNP,skipped,skipped,skipped,skipped,,5
3578,SNP,skipped,skipped,skipped,skipped,,5
3579,SNP,skipped,skipped,skipped,skipped,,5
3580,SNP,skipped,skipped,skipped,skipped,,5
3581,SNP,Con,skipped,skipped,skipped,,5
3582,SNP,Con,skipped,skipped,skipped,,5
3583,SNP,Con,skipped,skipped,skipped,,5
3584,SNP,Con,skipped,skipped,skipped,,5
3585,SNP,Con,skipped,skipped,skipped,,5
3586,SNP,Con,skipped,skipped,skipped,,5
3587,SNP,Con,skipped,skipped,skipped,,5
3588,SNP,Con,skipped,skipped,skipped,,5
3589,SNP,Con,skipped,skipped,skipped,,5
3590,SNP,Con,skipped,skipped,skipped,,5
3591,SNP,Con,skipped,skipped,skipped,,5
3592,SNP,Con,skipped,skipped,skipped,,5
3593,SNP,Con,skipped,skipped,skipped,,5
3594,SNP,Con,skipped,skipped,skipped,,5
3595,SNP,Con,skipped,skipped,skipped,,5
3596,SNP,Con,skipped,skipped,skipped,,5
3597,SNP,Con,skipped,skipped,skipped,,5
3598,SNP,Con,skipped,skipped,skipped,,5
3599,SNP,Con,skipped,skipped,skipped,,5
3600,SNP,Con,skipped,skipped,skipped,,5
3601,SNP,Con,skipped,skipped,skipped,,5
3602,SNP,Con,skipped,skipped,skipped,,5
3603,SNP,Con,skipped,skipped,skipped,,5
3604,SNP,Con,skipped,skipped,skipped,,5
3605,SNP,Con,Lab,skipped,skipped,,5
3606,SNP,Con,Lab,skipped,skipped,,5
3607,SNP,Con,Lab,Andrew BRYDEN (Ind),skipped,,5
3608,SNP,Con,Lab,Andrew BRYDEN (Ind),skipped,,5
3609,SNP,Con,Lab,Andrew BRYDEN (Ind),skipped,,5
3610,SNP,Con,Lab,Andrew BRYDEN (Ind),skipped,,5
3611,SNP,Con,Lab,Andrew BRYDEN (Ind),skipped,,5
3612,SNP,Con,Lab,Andrew BRYDEN (Ind),skipped,,5
3613,SNP,Con,Lab,Andrew BRYDEN (Ind),skipped,,5
3614,SNP,Con,Lab,Andrew BRYDEN (Ind),skipped,,5
3615,SNP,Con,Lab,Andrew BRYDEN (Ind),skipped,,5
3616,SNP,Con,Lab,Andrew BRYDEN (Ind),skipped,,5
3617,SNP,Con,Lab,Andrew BRYDEN (Ind),skipped,,5
3618,SNP,Con,Andrew BRYDEN (Ind),skipped,skipped,,5
3619,SNP,Con,Andrew BRYDEN (Ind),Lab,skipped,,5
3620,SNP,Con,Andrew BRYDEN (Ind),Lab,skipped,,5
3621,SNP,Con,Andrew BRYDEN (Ind),Lab,skipped,,5
3622,SNP,Con,Andrew BRYDEN (Ind),Lab,skipped,,5
3623,SNP,Lab,skipped,skipped,skipped,,5
3624,SNP,Lab,skipped,skipped,skipped,,5
3625,SNP,Lab,skipped,skipped,skipped,,5
3626,SNP,Lab,skipped,skipped,skipped,,5
3627,SNP,Lab,skipped,skipped,skipped,,5
3628,SNP,Lab,skipped,skipped,skipped,,5
3629,SNP,Lab,skipped,skipped,skipped,,5
3630,SNP,Lab,skipped,skipped,skipped,,5
3631,SNP,Lab,skipped,skipped,skipped,,5
3632,SNP,Lab,skipped,skipped,skipped,,5
3633,SNP,Lab,skipped,skipped,skipped,,5
3634,SNP,Lab,skipped,skipped,skipped,,5
3635,SNP,Lab,skipped,skipped,skipped,,5
3636,SNP,Lab,skipped,skipped,skipped,,5
3637,SNP,Lab,skipped,skipped,skipped,,5
3638,SNP,Lab,skipped,skipped,skipped,,5
3639,SNP,Lab,skipped,skipped,skipped,,5
3640,SNP,Lab,skipped,skipped,skipped,,5
3641,SNP,Lab,skipped,skipped,skipped,,5
3642,SNP,Lab,skipped,skipped,skipped,,5
3643,SNP,Lab,skipped,skipped,skipped,,5
3644,SNP,Lab,skipped,skipped,skipped,,5
3645,SNP,Lab,skipped,skipped,skipped,,5
3646,SNP,Lab,skipped,skipped,skipped,,5
3647,SNP,Lab,skipped,skipped,skipped,,5
3648,SNP,Lab,skipped,skipped,skipped,,5
3649,SNP,Lab,skipped,skipped,skipped,,5
3650,SNP,Lab,skipped,skipped,skipped,,5
3651,SNP,Lab,skipped,skipped,skipped,,5
3652,SNP,Lab,skipped,skipped,skipped,,5
3653,SNP,Lab,skipped,skipped,skipped,,5
3654,SNP,Lab,skipped,skipped,skipped,,5
3655,SNP,Lab,skipped,skipped,skipped,,5
3656,SNP,Lab,skipped,skipped,skipped,,5
3657,SNP,Lab,skipped,skipped,skipped,,5
3658,SNP,Lab,skipped,skipped,skipped,,5
3659,SNP,Lab,skipped,skipped,skipped,,5
3660,SNP,Lab,skipped,skipped,skipped,,5
3661,SNP,Lab,skipped,skipped,skipped,,5
3662,SNP,Lab,skipped,skipped,skipped,,5
3663,SNP,Lab,skipped,skipped,skipped,,5
3664,SNP,Lab,skipped,skipped,skipped,,5
3665,SNP,Lab,skipped,skipped,skipped,,5
3666,SNP,Lab,skipped,skipped,skipped,,5
3667,SNP,Lab,skipped,skipped,skipped,,5
3668,SNP,Lab,skipped,skipped,skipped,,5
3669,SNP,Lab,skipped,skipped,skipped,,5
3670,SNP,Lab,skipped,skipped,skipped,,5
3671,SNP,Lab,skipped,skipped,skipped,,5
3672,SNP,Lab,skipped,skipped,skipped,,5
3673,SNP,Lab,skipped,skipped,skipped,,5
3674,SNP,Lab,skipped,skipped,skipped,,5
3675,SNP,Lab,skipped,skipped,skipped,,5
3676,SNP,Lab,skipped,skipped,skipped,,5
3677,SNP,Lab,skipped,skipped,skipped,,5
3678,SNP,Lab,skipped,skipped,skipped,,5
3679,SNP,Lab,skipped,skipped,skipped,,5
3680,SNP,Lab,skipped,skipped,skipped,,5
3681,SNP,Lab,skipped,skipped,skipped,,5
3682,SNP,Lab,skipped,skipped,skipped,,5
3683,SNP,Lab,skipped,skipped,skipped,,5
3684,SNP,Lab,skipped,skipped,skipped,,5
3685,SNP,Lab,skipped,skipped,skipped,,5
3686,SNP,Lab,skipped,skipped,skipped,,5
3687,SNP,Lab,skipped,skipped,skipped,,5
3688,SNP,Lab,skipped,skipped,skipped,,5
3689,SNP,Lab,skipped,skipped,skipped,,5
3690,SNP,Lab,skipped,skipped,skipped,,5
3691,SNP,Lab,skipped,skipped,skipped,,5
3692,SNP,Lab,skipped,skipped,skipped,,5
3693,SNP,Lab,skipped,skipped,skipped,,5
3694,SNP,Lab,skipped,skipped,skipped,,5
3695,SNP,Lab,skipped,skipped,skipped,,5
3696,SNP,Lab,skipped,skipped,skipped,,5
3697,SNP,Lab,skipped,skipped,skipped,,5
3698,SNP,Lab,skipped,skipped,skipped,,5
3699,SNP,Lab,skipped,skipped,skipped,,5
3700,SNP,Lab,skipped,skipped,skipped,,5
3701,SNP,Lab,skipped,skipped,skipped,,5
3702,SNP,Lab,skipped,skipped,skipped,,5
3703,SNP,Lab,skipped,skipped,skipped,,5
3704,SNP,Lab,skipped,skipped,skipped,,5
3705,SNP,Lab,skipped,skipped,skipped,,5
3706,SNP,Lab,skipped,skipped,skipped,,5
3707,SNP,Lab,skipped,skipped,skipped,,5
3708,SNP,Lab,skipped,skipped,skipped,,5
3709,SNP,Lab,skipped,skipped,skipped,,5
3710,SNP,Lab,skipped,skipped,skipped,,5
3711,SNP,Lab,skipped,skipped,skipped,,5
3712,SNP,Lab,skipped,skipped,skipped,,5
3713,SNP,Lab,skipped,skipped,skipped,,5
3714,SNP,Lab,skipped,skipped,skipped,,5
3715,SNP,Lab,skipped,skipped,skipped,,5
3716,SNP,Lab,skipped,skipped,skipped,,5
3717,SNP,Lab,skipped,skipped,skipped,,5
3718,SNP,Lab,skipped,skipped,skipped,,5
3719,SNP,Lab,skipped,skipped,skipped,,5
3720,SNP,Lab,skipped,skipped,skipped,,5
3721,SNP,Lab,skipped,skipped,skipped,,5
3722,SNP,Lab,skipped,skipped,skipped,,5
3723,SNP,Lab,skipped,skipped,skipped,,5
3724,SNP,Lab,skipped,skipped,skipped,,5
3725,SNP,Lab,skipped,skipped,skipped,,5
3726,SNP,Lab,skipped,skipped,skipped,,5
3727,SNP,Lab,skipped,skipped,skipped,,5
3728,SNP,Lab,skipped,skipped,skipped,,5
3729,SNP,Lab,skipped,skipped,skipped,,5
3730,SNP,Lab,skipped,skipped,skipped,,5
3731,SNP,Lab,skipped,skipped,skipped,,5
3732,SNP,Lab,skipped,skipped,skipped,,5
3733,SNP,Lab,skipped,skipped,skipped,,5
3734,SNP,Lab,skipped,skipped,skipped,,5
3735,SNP,Lab,skipped,skipped,skipped,,5
3736,SNP,Lab,skipped,skipped,skipped,,5
3737,SNP,Lab,skipped,skipped,skipped,,5
3738,SNP,Lab,skipped,skipped,skipped,,5
3739,SNP,Lab,skipped,skipped,skipped,,5
3740,SNP,Lab,skipped,skipped,skipped,,5
3741,SNP,Lab,skipped,skipped,skipped,,5
3742,SNP,Lab,skipped,skipped,skipped,,5
3743,SNP,Lab,skipped,skipped,skipped,,5
3744,SNP,Lab,skipped,skipped,skipped,,5
3745,SNP,Lab,skipped,skipped,skipped,,5
3746,SNP,Lab,skipped,skipped,skipped,,5
3747,SNP,Lab,skipped,skipped,skipped,,5
3748,SNP,Lab,skipped,skipped,skipped,,5
3749,SNP,Lab,skipped,skipped,skipped,,5
3750,SNP,Lab,skipped,skipped,skipped,,5
3751,SNP,Lab,skipped,skipped,skipped,,5
3752,SNP,Lab,skipped,skipped,skipped,,5
3753,SNP,Lab,skipped,skipped,skipped,,5
3754,SNP,Lab,Con,skipped,skipped,,5
3755,SNP,Lab,Con,skipped,skipped,,5
3756,SNP,Lab,Con,skipped,skipped,,5
3757,SNP,Lab,Con,skipped,skipped,,5
3758,SNP,Lab,Con,skipped,skipped,,5
3759,SNP,Lab,Con,skipped,skipped,,5
3760,SNP,Lab,Con,skipped,skipped,,5
3761,SNP,Lab,Con,skipped,skipped,,5
3762,SNP,Lab,Con,Andrew BRYDEN (Ind),skipped,,5
3763,SNP,Lab,Con,Andrew BRYDEN (Ind),skipped,,5
3764,SNP,Lab,Con,Andrew BRYDEN (Ind),skipped,,5
3765,SNP,Lab,Con,Andrew BRYDEN (Ind),skipped,,5
3766,SNP,Lab,Con,Andrew BRYDEN (Ind),skipped,,5
3767,SNP,Lab,Con,Andrew BRYDEN (Ind),skipped,,5
3768,SNP,Lab,Con,Andrew BRYDEN (Ind),skipped,,5
3769,SNP,Lab,Con,Andrew BRYDEN (Ind),skipped,,5
3770,SNP,Lab,Con,Andrew BRYDEN (Ind),skipped,,5
3771,SNP,Lab,Con,Andrew BRYDEN (Ind),skipped,,5
3772,SNP,Lab,Con,Andrew BRYDEN (Ind),skipped,,5
3773,SNP,Lab,Con,Andrew BRYDEN (Ind),skipped,,5
3774,SNP,Lab,Con,Andrew BRYDEN (Ind),skipped,,5
3775,SNP,Lab,Con,Andrew BRYDEN (Ind),skipped,,5
3776,SNP,Lab,Con,Andrew BRYDEN (Ind),skipped,,5
3777,SNP,Lab,Con,Andrew BRYDEN (Ind),skipped,,5
3778,SNP,Lab,Con,Andrew BRYDEN (Ind),skipped,,5
3779,SNP,Lab,Con,Andrew BRYDEN (Ind),skipped,,5
3780,SNP,Lab,Con,Andrew BRYDEN (Ind),skipped,,5
3781,SNP,Lab,Con,Andrew BRYDEN (Ind),skipped,,5
3782,SNP,Lab,Con,Andrew BRYDEN (Ind),skipped,,5
3783,SNP,Lab,Con,Andrew BRYDEN (Ind),skipped,,5
3784,SNP,Lab,Con,Andrew BRYDEN (Ind),skipped,,5
3785,SNP,Lab,Andrew BRYDEN (Ind),skipped,skipped,,5
3786,SNP,Lab,Andrew BRYDEN (Ind),skipped,skipped,,5
3787,SNP,Lab,Andrew BRYDEN (Ind),skipped,skipped,,5
3788,SNP,Lab,Andrew BRYDEN (Ind),skipped,skipped,,5
3789,SNP,Lab,Andrew BRYDEN (Ind),skipped,skipped,,5
3790,SNP,Lab,Andrew BRYDEN (Ind),skipped,skipped,,5
3791,SNP,Lab,Andrew BRYDEN (Ind),skipped,skipped,,5
3792,SNP,Lab,Andrew BRYDEN (Ind),skipped,skipped,,5
3793,SNP,Lab,Andrew BRYDEN (Ind),skipped,skipped,,5
3794,SNP,Lab,Andrew BRYDEN (Ind),skipped,skipped,,5
3795,SNP,Lab,Andrew BRYDEN (Ind),skipped,skipped,,5
3796,SNP,Lab,Andrew BRYDEN (Ind),skipped,skipped,,5
3797,SNP,Lab,Andrew BRYDEN (Ind),skipped,skipped,,5
3798,SNP,Lab,Andrew BRYDEN (Ind),skipped,skipped,,5
3799,SNP,Lab,Andrew BRYDEN (Ind),skipped,skipped,,5
3800,SNP,Lab,Andrew BRYDEN (Ind),skipped,skipped,,5
3801,SNP,Lab,Andrew BRYDEN (Ind),skipped,skipped,,5
3802,SNP,Lab,Andrew BRYDEN (Ind),skipped,skipped,,5
3803,SNP,Lab,Andrew BRYDEN (Ind),skipped,skipped,,5
3804,SNP,Lab,Andrew BRYDEN (Ind),skipped,skipped,,5
3805,SNP,Lab,Andrew BRYDEN (Ind),skipped,skipped,,5
3806,SNP,Lab,Andrew BRYDEN (Ind),skipped,skipped,,5
3807,SNP,Lab,Andrew BRYDEN (Ind),skipped,skipped,,5
3808,SNP,Lab,Andrew BRYDEN (Ind),skipped,skipped,,5
3809,SNP,Lab,Andrew BRYDEN (Ind),skipped,skipped,,5
3810,SNP,Lab,Andrew BRYDEN (Ind),Con,skipped,,5
3811,SNP,Lab,Andrew BRYDEN (Ind),Con,skipped,,5
3812,SNP,Lab,Andrew BRYDEN (Ind),Con,skipped,,5
3813,SNP,Lab,Andrew BRYDEN (Ind),Con,skipped,,5
3814,SNP,Lab,Andrew BRYDEN (Ind),Con,skipped,,5
3815,SNP,Lab,Andrew BRYDEN (Ind),Con,skipped,,5
3816,SNP,Lab,Andrew BRYDEN (Ind),Con,skipped,,5
3817,SNP,Lab,Andrew BRYDEN (Ind),Con,skipped,,5
3818,SNP,Lab,Andrew BRYDEN (Ind),Con,skipped,,5
3819,SNP,Lab,Andrew BRYDEN (Ind),Con,skipped,,5
3820,SNP,Lab,Andrew BRYDEN (Ind),Con,skipped,,5
3821,SNP,Lab,Andrew BRYDEN (Ind),Con,skipped,,5
3822,SNP,Lab,Andrew BRYDEN (Ind),Con,skipped,,5
3823,SNP,Lab,Andrew BRYDEN (Ind),Con,skipped,,5
3824,SNP,Lab,Andrew BRYDEN (Ind),Con,skipped,,5
3825,SNP,Lab,Andrew BRYDEN (Ind),Con,skipped,,5
3826,SNP,Lab,Andrew BRYDEN (Ind),Con,skipped,,5
3827,SNP,Lab,Andrew BRYDEN (Ind),Con,skipped,,5
3828,SNP,Lab,Andrew BRYDEN (Ind),Con,skipped,,5
3829,SNP,Lab,Andrew BRYDEN (Ind),Con,skipped,,5
3830,SNP,Lab,Andrew BRYDEN (Ind),Con,skipped,,5
3831,SNP,Lab,Andrew BRYDEN (Ind),Con,skipped,,5
3832,SNP,Lab,Andrew BRYDEN (Ind),Con,skipped,,5
3833,SNP,Lab,Andrew BRYDEN (Ind),Con,skipped,,5
3834,SNP,Lab,Andrew BRYDEN (Ind),Con,skipped,,5
3835,SNP,Lab,Andrew BRYDEN (Ind),Con,skipped,,5
3836,SNP,Lab,Andrew BRYDEN (Ind),Con,skipped,,5
3837,SNP,Lab,Andrew BRYDEN (Ind),Con,skipped,,5
3838,SNP,Lab,Andrew BRYDEN (Ind),Con,skipped,,5
3839,SNP,Lab,Andrew BRYDEN (Ind),Con,skipped,,5
3840,SNP,Lab,Andrew BRYDEN (Ind),Con,skipped,,5
3841,SNP,Lab,Andrew BRYDEN (Ind),Con,skipped,,5
3842,SNP,Lab,Andrew BRYDEN (Ind),Con,skipped,,5
3843,SNP,Lab,Andrew BRYDEN (Ind),Con,skipped,,5
3844,SNP,Lab,Andrew BRYDEN (Ind),Con,skipped,,5
3845,SNP,Lab,Andrew BRYDEN (Ind),Con,skipped,,5
3846,SNP,Lab,Andrew BRYDEN (Ind),Con,skipped,,5
3847,SNP,Lab,Andrew BRYDEN (Ind),Con,skipped,,5
3848,SNP,Lab,Andrew BRYDEN (Ind),Con,skipped,,5
3849,SNP,Lab,Andrew BRYDEN (Ind),Con,skipped,,5
3850,SNP,Lab,Andrew BRYDEN (Ind),Con,skipped,,5
3851,SNP,Lab,Andrew BRYDEN (Ind),Con,skipped,,5
3852,SNP,Lab,Andrew BRYDEN (Ind),Con,skipped,,5
3853,SNP,Lab,Andrew BRYDEN (Ind),Con,skipped,,5
3854,SNP,Lab,Andrew BRYDEN (Ind),Con,skipped,,5
3855,SNP,Lab,Andrew BRYDEN (Ind),Con,skipped,,5
3856,SNP,Lab,Andrew BRYDEN (Ind),Con,skipped,,5
3857,SNP,Lab,Andrew BRYDEN (Ind),Con,skipped,,5
3858,SNP,Lab,Andrew BRYDEN (Ind),Con,skipped,,5
3859,SNP,Lab,Andrew BRYDEN (Ind),Con,skipped,,5
3860,SNP,Lab,Andrew BRYDEN (Ind),Con,skipped,,5
3861,SNP,Lab,Andrew BRYDEN (Ind),Con,skipped,,5
3862,SNP,Lab,Andrew BRYDEN (Ind),Con,skipped,,5
3863,SNP,Lab,Andrew BRYDEN (Ind),Con,skipped,,5
3864,SNP,Lab,Andrew BRYDEN (Ind),Con,skipped,,5
3865,SNP,Lab,Andrew BRYDEN (Ind),Con,skipped,,5
3866,SNP,Lab,Andrew BRYDEN (Ind),Con,skipped,,5
3867,SNP,Lab,Andrew BRYDEN (Ind),Con,skipped,,5
3868,SNP,Lab,Andrew BRYDEN (Ind),Con,skipped,,5
3869,SNP,Lab,Andrew BRYDEN (Ind),Con,skipped,,5
3870,SNP,Lab,Andrew BRYDEN (Ind),Con,skipped,,5
3871,SNP,Lab,Andrew BRYDEN (Ind),Con,skipped,,5
3872,SNP,Lab,Andrew BRYDEN (Ind),Con,skipped,,5
3873,SNP,Lab,Andrew BRYDEN (Ind),Con,skipped,,5
3874,SNP,Lab,Andrew BRYDEN (Ind),Con,skipped,,5
3875,SNP,Lab,Andrew BRYDEN (Ind),Con,skipped,,5
3876,SNP,Lab,Andrew BRYDEN (Ind),Con,skipped,,5
3877,SNP,Lab,Andrew BRYDEN (Ind),Con,skipped,,5
3878,SNP,Lab,Andrew BRYDEN (Ind),Con,skipped,,5
3879,SNP,Lab,Andrew BRYDEN (Ind),Con,skipped,,5
3880,SNP,Lab,Andrew BRYDEN (Ind),Con,skipped,,5
3881,SNP,Lab,Andrew BRYDEN (Ind),Con,skipped,,5
3882,SNP,Lab,Andrew BRYDEN (Ind),Con,skipped,,5
3883,SNP,Lab,Andrew BRYDEN (Ind),Con,skipped,,5
3884,SNP,Lab,Andrew BRYDEN (Ind),Con,skipped,,5
3885,SNP,Lab,Andrew BRYDEN (Ind),Con,skipped,,5
3886,SNP,Lab,Andrew BRYDEN (Ind),Con,skipped,,5
3887,SNP,Lab,Andrew BRYDEN (Ind),Con,skipped,,5
3888,SNP,Lab,Andrew BRYDEN (Ind),Con,skipped,,5
3889,SNP,Lab,Andrew BRYDEN (Ind),Con,skipped,,5
3890,SNP,Lab,Andrew BRYDEN (Ind),Con,skipped,,5
3891,SNP,Andrew BRYDEN (Ind),skipped,skipped,skipped,,5
3892,SNP,Andrew BRYDEN (Ind),skipped,skipped,skipped,,5
3893,SNP,Andrew BRYDEN (Ind),skipped,skipped,skipped,,5
3894,SNP,Andrew BRYDEN (Ind),skipped,skipped,skipped,,5
3895,SNP,Andrew BRYDEN (Ind),skipped,skipped,skipped,,5
3896,SNP,Andrew BRYDEN (Ind),skipped,skipped,skipped,,5
3897,SNP,Andrew BRYDEN (Ind),skipped,skipped,skipped,,5
3898,SNP,Andrew BRYDEN (Ind),skipped,skipped,skipped,,5
3899,SNP,Andrew BRYDEN (Ind),skipped,skipped,skipped,,5
3900,SNP,Andrew BRYDEN (Ind),skipped,skipped,skipped,,5
3901,SNP,Andrew BRYDEN (Ind),skipped,skipped,skipped,,5
3902,SNP,Andrew BRYDEN (Ind),skipped,skipped,skipped,,5
3903,SNP,Andrew BRYDEN (Ind),skipped,skipped,skipped,,5
3904,SNP,Andrew BRYDEN (Ind),skipped,skipped,skipped,,5
3905,SNP,Andrew BRYDEN (Ind),skipped,skipped,skipped,,5
3906,SNP,Andrew BRYDEN (Ind),skipped,skipped,skipped,,5
3907,SNP,Andrew BRYDEN (Ind),skipped,skipped,skipped,,5
3908,SNP,Andrew BRYDEN (Ind),skipped,skipped,skipped,,5
3909,SNP,Andrew BRYDEN (Ind),skipped,skipped,skipped,,5
3910,SNP,Andrew BRYDEN (Ind),skipped,skipped,skipped,,5
3911,SNP,Andrew BRYDEN (Ind),skipped,skipped,skipped,,5
3912,SNP,Andrew BRYDEN (Ind),skipped,skipped,skipped,,5
3913,SNP,Andrew BRYDEN (Ind),skipped,skipped,skipped,,5
3914,SNP,Andrew BRYDEN (Ind),skipped,skipped,skipped,,5
3915,SNP,Andrew BRYDEN (Ind),skipped,skipped,skipped,,5
3916,SNP,Andrew BRYDEN (Ind),skipped,skipped,skipped,,5
3917,SNP,Andrew BRYDEN (Ind),skipped,skipped,skipped,,5
3918,SNP,Andrew BRYDEN (Ind),skipped,skipped,skipped,,5
3919,SNP,Andrew BRYDEN (Ind),skipped,skipped,skipped,,5
3920,SNP,Andrew BRYDEN (Ind),skipped,skipped,skipped,,5
3921,SNP,Andrew BRYDEN (Ind),skipped,skipped,skipped,,5
3922,SNP,Andrew BRYDEN (Ind),skipped,skipped,skipped,,5
3923,SNP,Andrew BRYDEN (Ind),skipped,skipped,skipped,,5
3924,SNP,Andrew BRYDEN (Ind),skipped,skipped,skipped,,5
3925,SNP,Andrew BRYDEN (Ind),skipped,skipped,skipped,,5
3926,SNP,Andrew BRYDEN (Ind),skipped,skipped,skipped,,5
3927,SNP,Andrew BRYDEN (Ind),skipped,skipped,skipped,,5
3928,SNP,Andrew BRYDEN (Ind),skipped,skipped,skipped,,5
3929,SNP,Andrew BRYDEN (Ind),skipped,skipped,skipped,,5
3930,SNP,Andrew BRYDEN (Ind),skipped,skipped,skipped,,5
3931,SNP,Andrew BRYDEN (Ind),skipped,skipped,skipped,,5
3932,SNP,Andrew BRYDEN (Ind),skipped,skipped,skipped,,5
3933,SNP,Andrew BRYDEN (Ind),skipped,skipped,skipped,,5
3934,SNP,Andrew BRYDEN (Ind),skipped,skipped,skipped,,5
3935,SNP,Andrew BRYDEN (Ind),skipped,skipped,skipped,,5
3936,SNP,Andrew BRYDEN (Ind),skipped,skipped,skipped,,5
3937,SNP,Andrew BRYDEN (Ind),skipped,skipped,skipped,,5
3938,SNP,Andrew BRYDEN (Ind),skipped,skipped,skipped,,5
3939,SNP,Andrew BRYDEN (Ind),skipped,skipped,skipped,,5
3940,SNP,Andrew BRYDEN (Ind),skipped,skipped,skipped,,5
3941,SNP,Andrew BRYDEN (Ind),skipped,skipped,skipped,,5
3942,SNP,Andrew BRYDEN (Ind),skipped,skipped,skipped,,5
3943,SNP,Andrew BRYDEN (Ind),skipped,skipped,skipped,,5
3944,SNP,Andrew BRYDEN (Ind),skipped,skipped,skipped,,5
3945,SNP,Andrew BRYDEN (Ind),skipped,skipped,skipped,,5
3946,SNP,Andrew BRYDEN (Ind),skipped,skipped,skipped,,5
3947,SNP,Andrew BRYDEN (Ind),skipped,skipped,skipped,,5
3948,SNP,Andrew BRYDEN (Ind),skipped,skipped,skipped,,5
3949,SNP,Andrew BRYDEN (Ind),skipped,skipped,skipped,,5
3950,SNP,Andrew BRYDEN (Ind),skipped,skipped,skipped,,5
3951,SNP,Andrew BRYDEN (Ind),skipped,skipped,skipped,,5
3952,SNP,Andrew BRYDEN (Ind),skipped,skipped,skipped,,5
3953,SNP,Andrew BRYDEN (Ind),skipped,skipped,skipped,,5
3954,SNP,Andrew BRYDEN (Ind),skipped,skipped,skipped,,5
3955,SNP,Andrew BRYDEN (Ind),skipped,skipped,skipped,,5
3956,SNP,Andrew BRYDEN (Ind),skipped,skipped,skipped,,5
3957,SNP,Andrew BRYDEN (Ind),skipped,skipped,skipped,,5
3958,SNP,Andrew BRYDEN (Ind),skipped,skipped,skipped,,5
3959,SNP,Andrew BRYDEN (Ind),skipped,skipped,skipped,,5
3960,SNP,Andrew BRYDEN (Ind),skipped,skipped,skipped,,5
3961,SNP,Andrew BRYDEN (Ind),skipped,skipped,skipped,,5
3962,SNP,Andrew BRYDEN (Ind),skipped,skipped,skipped,,5
3963,SNP,Andrew BRYDEN (Ind),skipped,skipped,skipped,,5
3964,SNP,Andrew BRYDEN (Ind),skipped,skipped,skipped,,5
3965,SNP,Andrew BRYDEN (Ind),skipped,skipped,skipped,,5
3966,SNP,Andrew BRYDEN (Ind),skipped,skipped,skipped,,5
3967,SNP,Andrew BRYDEN (Ind),skipped,skipped,skipped,,5
3968,SNP,Andrew BRYDEN (Ind),skipped,skipped,skipped,,5
3969,SNP,Andrew BRYDEN (Ind),skipped,skipped,skipped,,5
3970,SNP,Andrew BRYDEN (Ind),skipped,skipped,skipped,,5
3971,SNP,Andrew BRYDEN (Ind),skipped,skipped,skipped,,5
3972,SNP,Andrew BRYDEN (Ind),skipped,skipped,skipped,,5
3973,SNP,Andrew BRYDEN (Ind),skipped,skipped,skipped,,5
3974,SNP,Andrew BRYDEN (Ind),skipped,skipped,skipped,,5
3975,SNP,Andrew BRYDEN (Ind),skipped,skipped,skipped,,5
3976,SNP,Andrew BRYDEN (Ind),skipped,skipped,skipped,,5
3977,SNP,Andrew BRYDEN (Ind),skipped,skipped,skipped,,5
3978,SNP,Andrew BRYDEN (Ind),skipped,skipped,skipped,,5
3979,SNP,Andrew BRYDEN (Ind),skipped,skipped,skipped,,5
3980,SNP,Andrew BRYDEN (Ind),skipped,skipped,skipped,,5
3981,SNP,Andrew BRYDEN (Ind),skipped,skipped,skipped,,5
3982,SNP,Andrew BRYDEN (Ind),skipped,skipped,skipped,,5
3983,SNP,Andrew BRYDEN (Ind),skipped,skipped,skipped,,5
3984,SNP,Andrew BRYDEN (Ind),skipped,skipped,skipped,,5
3985,SNP,Andrew BRYDEN (Ind),skipped,skipped,skipped,,5
3986,SNP,Andrew BRYDEN (Ind),skipped,skipped,skipped,,5
3987,SNP,Andrew BRYDEN (Ind),skipped,skipped,skipped,,5
3988,SNP,Andrew BRYDEN (Ind),skipped,skipped,skipped,,5
3989,SNP,Andrew BRYDEN (Ind),skipped,skipped,skipped,,5
3990,SNP,Andrew BRYDEN (Ind),skipped,skipped,skipped,,5
3991,SNP,Andrew BRYDEN (Ind),skipped,skipped,skipped,,5
3992,SNP,Andrew BRYDEN (Ind),skipped,skipped,skipped,,5
3993,SNP,Andrew BRYDEN (Ind),skipped,skipped,skipped,,5
3994,SNP,Andrew BRYDEN (Ind),skipped,skipped,skipped,,5
3995,SNP,Andrew BRYDEN (Ind),skipped,skipped,skipped,,5
3996,SNP,Andrew BRYDEN (Ind),skipped,skipped,skipped,,5
3997,SNP,Andrew BRYDEN (Ind),skipped,skipped,skipped,,5
3998,SNP,Andrew BRYDEN (Ind),skipped,skipped,skipped,,5
3999,SNP,Andrew BRYDEN (Ind),skipped,skipped,skipped,,5
4000,SNP,Andrew BRYDEN (Ind),skipped,skipped,skipped,,5
4001,SNP,Andrew BRYDEN (Ind),skipped,skipped,skipped,,5
4002,SNP,Andrew BRYDEN (Ind),skipped,skipped,skipped,,5
4003,SNP,Andrew BRYDEN (Ind),skipped,skipped,skipped,,5
4004,SNP,Andrew BRYDEN (Ind),skipped,skipped,skipped,,5
4005,SNP,Andrew BRYDEN (Ind),skipped,skipped,skipped,,5
4006,SNP,Andrew BRYDEN (Ind),skipped,skipped,skipped,,5
4007,SNP,Andrew BRYDEN (Ind),skipped,skipped,skipped,,5
4008,SNP,Andrew BRYDEN (Ind),skipped,skipped,skipped,,5
4009,SNP,Andrew BRYDEN (Ind),skipped,skipped,skipped,,5
4010,SNP,Andrew BRYDEN (Ind),Con,Lab,skipped,,5
4011,SNP,Andrew BRYDEN (Ind),Con,Lab,skipped,,5
4012,SNP,Andrew BRYDEN (Ind),Con,Lab,skipped,,5
4013,SNP,Andrew BRYDEN (Ind),Con,Lab,skipped,,5
4014,SNP,Andrew BRYDEN (Ind),Con,Lab,skipped,,5
4015,SNP,Andrew BRYDEN (Ind),Con,Lab,skipped,,5
4016,SNP,Andrew BRYDEN (Ind),Con,Lab,skipped,,5
4017,SNP,Andrew BRYDEN (Ind),Con,Lab,skipped,,5
4018,SNP,Andrew BRYDEN (Ind),Lab,skipped,skipped,,5
4019,SNP,Andrew BRYDEN (Ind),Lab,skipped,skipped,,5
4020,SNP,Andrew BRYDEN (Ind),Lab,skipped,skipped,,5
4021,SNP,Andrew BRYDEN (Ind),Lab,skipped,skipped,,5
4022,SNP,Andrew BRYDEN (Ind),Lab,skipped,skipped,,5
4023,SNP,Andrew BRYDEN (Ind),Lab,skipped,skipped,,5
4024,SNP,Andrew BRYDEN (Ind),Lab,skipped,skipped,,5
4025,SNP,Andrew BRYDEN (Ind),Lab,skipped,skipped,,5
4026,SNP,Andrew BRYDEN (Ind),Lab,skipped,skipped,,5
4027,SNP,Andrew BRYDEN (Ind),Lab,skipped,skipped,,5
4028,SNP,Andrew BRYDEN (Ind),Lab,skipped,skipped,,5
4029,SNP,Andrew BRYDEN (Ind),Lab,skipped,skipped,,5
4030,SNP,Andrew BRYDEN (Ind),Lab,skipped,skipped,,5
4031,SNP,Andrew BRYDEN (Ind),Lab,skipped,skipped,,5
4032,SNP,Andrew BRYDEN (Ind),Lab,skipped,skipped,,5
4033,SNP,Andrew BRYDEN (Ind),Lab,skipped,skipped,,5
4034,SNP,Andrew BRYDEN (Ind),Lab,skipped,skipped,,5
4035,SNP,Andrew BRYDEN (Ind),Lab,skipped,skipped,,5
4036,SNP,Andrew BRYDEN (Ind),Lab,skipped,skipped,,5
4037,SNP,Andrew BRYDEN (Ind),Lab,skipped,skipped,,5
4038,SNP,Andrew BRYDEN (Ind),Lab,skipped,skipped,,5
4039,SNP,Andrew BRYDEN (Ind),Lab,Con,skipped,,5
4040,SNP,Andrew BRYDEN (Ind),Lab,Con,skipped,,5
4041,SNP,Andrew BRYDEN (Ind),Lab,Con,skipped,,5
4042,SNP,Andrew BRYDEN (Ind),Lab,Con,skipped,,5
4043,SNP,Andrew BRYDEN (Ind),Lab,Con,skipped,,5
4044,SNP,Andrew BRYDEN (Ind),Lab,Con,skipped,,5
4045,SNP,Andrew BRYDEN (Ind),Lab,Con,skipped,,5
4046,SNP,Andrew BRYDEN (Ind),Lab,Con,skipped,,5
4047,SNP,Andrew BRYDEN (Ind),Lab,Con,skipped,,5
4048,SNP,Andrew BRYDEN (Ind),Lab,Con,skipped,,5
4049,SNP,Andrew BRYDEN (Ind),Lab,Con,skipped,,5
4050,SNP,Andrew BRYDEN (Ind),Lab,Con,skipped,,5
4051,SNP,Andrew BRYDEN (Ind),Lab,Con,skipped,,5
4052,SNP,Andrew BRYDEN (Ind),Lab,Con,skipped,,5
4053,SNP,Andrew BRYDEN (Ind),Lab,Con,skipped,,5
4054,SNP,Andrew BRYDEN (Ind),Lab,Con,skipped,,5
4055,SNP,Andrew BRYDEN (Ind),Lab,Con,skipped,,5
4056,SNP,Andrew BRYDEN (Ind),Lab,Con,skipped,,5
4057,SNP,Andrew BRYDEN (Ind),Lab,Con,skipped,,5
4058,SNP,Andrew BRYDEN (Ind),Lab,Con,skipped,,5
4059,SNP,Andrew BRYDEN (Ind),Lab,Con,skipped,,5
4060,SNP,Andrew BRYDEN (Ind),Lab,Con,skipped,,5
4061,SNP,Andrew BRYDEN (Ind),Lab,Con,skipped,,5
4062,SNP,Andrew BRYDEN (Ind),Lab,Con,skipped,,5
4063,SNP,Andrew BRYDEN (Ind),Lab,Con,skipped,,5
4064,SNP,Andrew BRYDEN (Ind),Lab,Con,skipped,,5
4065,SNP,Andrew BRYDEN (Ind),Lab,Con,skipped,,5
4066,SNP,Andrew BRYDEN (Ind),Lab,Con,skipped,,5
4067,SNP,Andrew BRYDEN (Ind),Lab,Con,skipped,,5
4068,SNP,Andrew BRYDEN (Ind),Lab,Con,skipped,,5
4069,SNP,Andrew BRYDEN (Ind),Lab,Con,skipped,,5
4070,SNP,Andrew BRYDEN (Ind),Lab,Con,skipped,,5
4071,SNP,Andrew BRYDEN (Ind),Lab,Con,skipped,,5
4072,SNP,Andrew BRYDEN (Ind),Lab,Con,skipped,,5
4073,SNP,Andrew BRYDEN (Ind),Lab,Con,skipped,,5
4074,SNP,Andrew BRYDEN (Ind),Lab,Con,skipped,,5
4075,SNP,Andrew BRYDEN (Ind),Lab,Con,skipped,,5
4076,SNP,Andrew BRYDEN (Ind),Lab,Con,skipped,,5
4077,SNP,Andrew BRYDEN (Ind),Lab,Con,skipped,,5
4078,SNP,Andrew BRYDEN (Ind),Lab,Con,skipped,,5
4079,SNP,Andrew BRYDEN (Ind),Lab,Con,skipped,,5
4080,SNP,Andrew BRYDEN (Ind),Lab,Con,skipped,,5
4081,SNP,Andrew BRYDEN (Ind),Lab,Con,skipped,,5
4082,SNP,Andrew BRYDEN (Ind),Lab,Con,skipped,,5
4083,SNP,Andrew BRYDEN (Ind),Lab,Con,skipped,,5
4084,SNP,Andrew BRYDEN (Ind),Lab,Con,skipped,,5
4085,SNP,Andrew BRYDEN (Ind),Lab,Con,skipped,,5
4086,SNP,Andrew BRYDEN (Ind),Lab,Con,skipped,,5
4087,SNP,Andrew BRYDEN (Ind),Lab,Con,skipped,,5
4088,SNP,Andrew BRYDEN (Ind),Lab,Con,skipped,,5
4089,SNP,Andrew BRYDEN (Ind),Lab,Con,skipped,,5
4090,SNP,Andrew BRYDEN (Ind),Lab,Con,skipped,,5
4091,SNP,Andrew BRYDEN (Ind),Lab,Con,skipped,,5
4092,SNP,Andrew BRYDEN (Ind),Lab,Con,skipped,,5
4093,SNP,Andrew BRYDEN (Ind),Lab,Con,skipped,,5
4094,SNP,Andrew BRYDEN (Ind),Lab,Con,skipped,,5
4095,SNP,Andrew BRYDEN (Ind),Lab,Con,skipped,,5
4096,SNP,Andrew BRYDEN (Ind),Lab,Con,skipped,,5
4097,SNP,Andrew BRYDEN (Ind),Lab,Con,skipped,,5
4098,SNP,Andrew BRYDEN (Ind),Lab,Con,skipped,,5
4099,SNP,Andrew BRYDEN (Ind),Lab,Con,skipped,,5
4100,SNP,Andrew BRYDEN (Ind),Lab,Con,skipped,,5
4101,SNP,Andrew BRYDEN (Ind),Lab,Con,skipped,,5
4102,SNP,Andrew BRYDEN (Ind),Lab,Con,skipped,,5
4103,SNP,Andrew BRYDEN (Ind),Lab,Con,skipped,,5
4104,SNP,Andrew BRYDEN (Ind),Lab,Con,skipped,,5
4105,SNP,Andrew BRYDEN (Ind),Lab,Con,skipped,,5
4106,SNP,Andrew BRYDEN (Ind),Lab,Con,skipped,,5
4107,SNP,Andrew BRYDEN (Ind),Lab,Con,skipped,,5
4108,SNP,Andrew BRYDEN (Ind),Lab,Con,skipped,,5
4109,SNP,Andrew BRYDEN (Ind),Lab,Con,skipped,,5
4110,SNP,Andrew BRYDEN (Ind),Lab,Con,skipped,,5
4111,SNP,Andrew BRYDEN (Ind),Lab,Con,skipped,,5
4112,SNP,Andrew BRYDEN (Ind),Lab,Con,skipped,,5
4113,SNP,Andrew BRYDEN (Ind),Lab,Con,skipped,,5
4114,SNP,Andrew BRYDEN (Ind),Lab,Con,skipped,,5
4115,SNP,Andrew BRYDEN (Ind),Lab,Con,skipped,,5
4116,SNP,Andrew BRYDEN (Ind),Lab,Con,skipped,,5
4117,SNP,Andrew BRYDEN (Ind),Lab,Con,skipped,,5
4118,SNP,Andrew BRYDEN (Ind),Lab,Con,skipped,,5
4119,SNP,Andrew BRYDEN (Ind),Lab,Con,skipped,,5
4120,SNP,Andrew BRYDEN (Ind),Lab,Con,skipped,,5
4121,SNP,Andrew BRYDEN (Ind),Lab,Con,skipped,,5
4122,SNP,Andrew BRYDEN (Ind),Lab,Con,skipped,,5
4123,SNP,Andrew BRYDEN (Ind),Lab,Con,skipped,,5
4124,SNP,Andrew BRYDEN (Ind),Lab,Con,skipped,,5
4125,SNP,Andrew BRYDEN (Ind),Lab,Con,skipped,,5
4126,SNP,Andrew BRYDEN (Ind),Lab,Con,skipped,,5
4127,SNP,Andrew BRYDEN (Ind),Lab,Con,skipped,,5
4128,SNP,Andrew BRYDEN (Ind),Lab,Con,skipped,,5
4129,SNP,Andrew BRYDEN (Ind),skipped,skipped,skipped,,5
4130,SNP,Andrew BRYDEN (Ind),skipped,skipped,skipped,,5
4131,SNP,Andrew BRYDEN (Ind),skipped,skipped,skipped,,5
4132,SNP,Andrew BRYDEN (Ind),skipped,skipped,skipped,,5
4133,SNP,Andrew BRYDEN (Ind),skipped,skipped,skipped,,5
4134,SNP,Andrew BRYDEN (Ind),Con,skipped,skipped,,5
4135,SNP,Andrew BRYDEN (Ind),Con,skipped,skipped,,5
4136,SNP,Andrew BRYDEN (Ind),Con,skipped,skipped,,5
4137,SNP,Andrew BRYDEN (Ind),Con,Lab,skipped,,5
4138,SNP,Andrew BRYDEN (Ind),Con,Lab,skipped,,5
4139,SNP,Andrew BRYDEN (Ind),Lab,skipped,skipped,,5
4140,SNP,Andrew BRYDEN (Ind),Lab,skipped,skipped,,5
4141,SNP,Andrew BRYDEN (Ind),Lab,skipped,skipped,,5
4142,SNP,Andrew BRYDEN (Ind),Lab,Con,skipped,,5
4143,SNP,Andrew BRYDEN (Ind),Lab,Con,skipped,,5
4144,SNP,Andrew BRYDEN (Ind),skipped,skipped,skipped,,5
4145,SNP,Andrew BRYDEN (Ind),skipped,skipped,skipped,,5
4146,SNP,Andrew BRYDEN (Ind),skipped,skipped,skipped,,5
4147,SNP,Andrew BRYDEN (Ind),skipped,skipped,skipped,,5
4148,SNP,Andrew BRYDEN (Ind),skipped,skipped,skipped,,5
4149,SNP,Andrew BRYDEN (Ind),skipped,skipped,skipped,,5
4150,SNP,Andrew BRYDEN (Ind),skipped,skipped,skipped,,5
4151,SNP,Andrew BRYDEN (Ind),skipped,skipped,skipped,,5
4152,SNP,Andrew BRYDEN (Ind),skipped,skipped,skipped,,5
4153,SNP,Andrew BRYDEN (Ind),skipped,skipped,skipped,,5
4154,SNP,Andrew BRYDEN (Ind),skipped,skipped,skipped,,5
4155,SNP,Andrew BRYDEN (Ind),Con,Lab,skipped,,5
4156,SNP,Andrew BRYDEN (Ind),Lab,Con,skipped,,5
4157,SNP,Andrew BRYDEN (Ind),Lab,Con,skipped,,5
4158,SNP,skipped,skipped,skipped,skipped,,5
4159,SNP,skipped,skipped,skipped,skipped,,5
4160,SNP,skipped,skipped,skipped,skipped,,5
4161,SNP,skipped,skipped,skipped,skipped,,5
4162,SNP,skipped,skipped,skipped,skipped,,5
4163,SNP,skipped,skipped,skipped,skipped,,5
4164,SNP,skipped,skipped,skipped,skipped,,5
4165,SNP,skipped,skipped,skipped,skipped,,5
4166,SNP,skipped,skipped,skipped,skipped,,5
4167,SNP,skipped,skipped,skipped,skipped,,5
4168,SNP,skipped,skipped,skipped,skipped,,5
4169,SNP,skipped,skipped,skipped,skipped,,5
4170,SNP,skipped,skipped,skipped,skipped,,5
4171,SNP,skipped,skipped,skipped,skipped,,5
4172,SNP,skipped,skipped,skipped,skipped,,5
4173,SNP,skipped,skipped,skipped,skipped,,5
4174,SNP,skipped,skipped,skipped,skipped,,5
4175,SNP,skipped,skipped,skipped,skipped,,5
4176,SNP,skipped,skipped,skipped,skipped,,5
4177,SNP,skipped,skipped,skipped,skipped,,5
4178,SNP,skipped,skipped,skipped,skipped,,5
4179,SNP,skipped,skipped,skipped,skipped,,5
4180,SNP,skipped,skipped,skipped,skipped,,5
4181,SNP,skipped,skipped,skipped,skipped,,5
4182,SNP,skipped,skipped,skipped,skipped,,5
4183,SNP,skipped,skipped,skipped,skipped,,5
4184,SNP,skipped,skipped,skipped,skipped,,5
4185,SNP,skipped,skipped,skipped,skipped,,5
4186,SNP,skipped,skipped,skipped,skipped,,5
4187,SNP,skipped,skipped,skipped,skipped,,5
4188,SNP,skipped,skipped,skipped,skipped,,5
4189,SNP,skipped,skipped,skipped,skipped,,5
4190,SNP,skipped,skipped,skipped,skipped,,5
4191,SNP,skipped,skipped,skipped,skipped,,5
4192,SNP,skipped,skipped,skipped,skipped,,5
4193,SNP,skipped,skipped,skipped,skipped,,5
4194,SNP,skipped,skipped,skipped,skipped,,5
4195,SNP,skipped,skipped,skipped,skipped,,5
4196,SNP,skipped,skipped,skipped,skipped,,5
4197,SNP,skipped,skipped,skipped,skipped,,5
4198,SNP,skipped,skipped,skipped,skipped,,5
4199,SNP,skipped,skipped,skipped,skipped,,5
4200,SNP,Con,skipped,skipped,skipped,,5
4201,SNP,Con,skipped,skipped,skipped,,5
4202,Con,SNP,skipped,skipped,skipped,,5
4203,Con,SNP,Lab,skipped,skipped,,5
4204,Con,SNP,Andrew BRYDEN (Ind),Lab,skipped,,5
4205,Con,SNP,Andrew BRYDEN (Ind),Lab,skipped,,5
4206,SNP,Con,Andrew BRYDEN (Ind),skipped,skipped,,5
4207,SNP,Con,Andrew BRYDEN (Ind),skipped,skipped,,5
4208,SNP,Con,Andrew BRYDEN (Ind),skipped,skipped,,5
4209,Con,Andrew BRYDEN (Ind),SNP,Lab,skipped,,5
4210,SNP,Lab,skipped,skipped,skipped,,5
4211,SNP,Lab,skipped,skipped,skipped,,5
4212,SNP,Lab,skipped,skipped,skipped,,5
4213,SNP,Lab,skipped,skipped,skipped,,5
4214,SNP,Lab,skipped,skipped,skipped,,5
4215,SNP,Lab,skipped,skipped,skipped,,5
4216,SNP,Lab,skipped,skipped,skipped,,5
4217,SNP,Lab,skipped,skipped,skipped,,5
4218,SNP,Lab,skipped,skipped,skipped,,5
4219,SNP,Lab,Con,skipped,skipped,,5
4220,SNP,Lab,Con,skipped,skipped,,5
4221,Lab,Con,SNP,skipped,skipped,,5
4222,Lab,Con,SNP,Andrew BRYDEN (Ind),skipped,,5
4223,Lab,SNP,skipped,skipped,skipped,,5
4224,Lab,SNP,skipped,skipped,skipped,,5
4225,Lab,SNP,skipped,skipped,skipped,,5
4226,Lab,SNP,skipped,skipped,skipped,,5
4227,Lab,SNP,skipped,skipped,skipped,,5
4228,Lab,SNP,skipped,skipped,skipped,,5
4229,Lab,SNP,skipped,skipped,skipped,,5
4230,Lab,SNP,skipped,skipped,skipped,,5
4231,Lab,SNP,skipped,skipped,skipped,,5
4232,Lab,SNP,skipped,skipped,skipped,,5
4233,Lab,SNP,skipped,skipped,skipped,,5
4234,Lab,SNP,Con,skipped,skipped,,5
4235,Lab,SNP,Con,skipped,skipped,,5
4236,Lab,SNP,Con,Andrew BRYDEN (Ind),skipped,,5
4237,Lab,SNP,Con,Andrew BRYDEN (Ind),skipped,,5
4238,Lab,SNP,Con,Andrew BRYDEN (Ind),skipped,,5
4239,Lab,SNP,Andrew BRYDEN (Ind),skipped,skipped,,5
4240,Lab,SNP,Andrew BRYDEN (Ind),skipped,skipped,,5
4241,Lab,SNP,Andrew BRYDEN (Ind),skipped,skipped,,5
4242,Lab,SNP,Andrew BRYDEN (Ind),skipped,skipped,,5
4243,Lab,SNP,Andrew BRYDEN (Ind),Con,skipped,,5
4244,Lab,SNP,Andrew BRYDEN (Ind),Con,skipped,,5
4245,Lab,SNP,Andrew BRYDEN (Ind),Con,skipped,,5
4246,Lab,SNP,Andrew BRYDEN (Ind),Con,skipped,,5
4247,SNP,Lab,Andrew BRYDEN (Ind),skipped,skipped,,5
4248,SNP,Lab,Andrew BRYDEN (Ind),skipped,skipped,,5
4249,SNP,Lab,Andrew BRYDEN (Ind),skipped,skipped,,5
4250,SNP,Lab,Andrew BRYDEN (Ind),skipped,skipped,,5
4251,SNP,Lab,Andrew BRYDEN (Ind),skipped,skipped,,5
4252,Lab,Andrew BRYDEN (Ind),SNP,Con,skipped,,5
4253,Lab,Andrew BRYDEN (Ind),SNP,Con,skipped,,5
4254,Lab,Andrew BRYDEN (Ind),SNP,Con,skipped,,5
4255,Lab,Andrew BRYDEN (Ind),SNP,Con,skipped,,5
4256,SNP,skipped,skipped,skipped,skipped,,5
4257,SNP,skipped,skipped,skipped,skipped,,5
4258,SNP,skipped,skipped,skipped,skipped,,5
4259,SNP,skipped,skipped,skipped,skipped,,5
4260,SNP,skipped,skipped,skipped,skipped,,5
4261,SNP,skipped,skipped,skipped,skipped,,5
4262,SNP,skipped,skipped,skipped,skipped,,5
4263,SNP,skipped,skipped,skipped,skipped,,5
4264,SNP,skipped,skipped,skipped,skipped,,5
4265,SNP,skipped,skipped,skipped,skipped,,5
4266,SNP,skipped,skipped,skipped,skipped,,5
4267,SNP,skipped,skipped,skipped,skipped,,5
4268,SNP,skipped,skipped,skipped,skipped,,5
4269,SNP,skipped,skipped,skipped,skipped,,5
4270,SNP,skipped,skipped,skipped,skipped,,5
4271,SNP,skipped,skipped,skipped,skipped,,5
4272,SNP,skipped,skipped,skipped,skipped,,5
4273,SNP,skipped,skipped,skipped,skipped,,5
4274,SNP,skipped,skipped,skipped,skipped,,5
4275,SNP,skipped,skipped,skipped,skipped,,5
4276,SNP,skipped,skipped,skipped,skipped,,5
4277,SNP,skipped,skipped,skipped,skipped,,5
4278,SNP,skipped,skipped,skipped,skipped,,5
4279,SNP,skipped,skipped,skipped,skipped,,5
4280,SNP,skipped,skipped,skipped,skipped,,5
4281,SNP,skipped,skipped,skipped,skipped,,5
4282,SNP,skipped,skipped,skipped,skipped,,5
4283,SNP,skipped,skipped,skipped,skipped,,5
4284,SNP,skipped,skipped,skipped,skipped,,5
4285,SNP,skipped,skipped,skipped,skipped,,5
4286,SNP,skipped,skipped,skipped,skipped,,5
4287,SNP,skipped,skipped,skipped,skipped,,5
4288,SNP,skipped,skipped,skipped,skipped,,5
4289,SNP,skipped,skipped,skipped,skipped,,5
4290,SNP,skipped,skipped,skipped,skipped,,5
4291,SNP,skipped,skipped,skipped,skipped,,5
4292,SNP,skipped,skipped,skipped,skipped,,5
4293,SNP,skipped,skipped,skipped,skipped,,5
4294,SNP,skipped,skipped,skipped,skipped,,5
4295,SNP,skipped,skipped,skipped,skipped,,5
4296,SNP,skipped,skipped,skipped,skipped,,5
4297,SNP,skipped,skipped,skipped,skipped,,5
4298,SNP,skipped,skipped,skipped,skipped,,5
4299,SNP,skipped,skipped,skipped,skipped,,5
4300,SNP,skipped,skipped,skipped,skipped,,5
4301,SNP,skipped,skipped,skipped,skipped,,5
4302,SNP,skipped,skipped,skipped,skipped,,5
4303,SNP,skipped,skipped,skipped,skipped,,5
4304,SNP,skipped,skipped,skipped,skipped,,5
4305,SNP,skipped,skipped,skipped,skipped,,5
4306,SNP,skipped,skipped,skipped,skipped,,5
4307,SNP,skipped,skipped,skipped,skipped,,5
4308,SNP,skipped,skipped,skipped,skipped,,5
4309,SNP,skipped,skipped,skipped,skipped,,5
4310,SNP,skipped,skipped,skipped,skipped,,5
4311,SNP,skipped,skipped,skipped,skipped,,5
4312,SNP,skipped,skipped,skipped,skipped,,5
4313,SNP,skipped,skipped,skipped,skipped,,5
4314,SNP,skipped,skipped,skipped,skipped,,5
4315,SNP,skipped,skipped,skipped,skipped,,5
4316,SNP,skipped,skipped,skipped,skipped,,5
4317,SNP,skipped,skipped,skipped,skipped,,5
4318,SNP,skipped,skipped,skipped,skipped,,5
4319,SNP,skipped,skipped,skipped,skipped,,5
4320,SNP,skipped,skipped,skipped,skipped,,5
4321,SNP,skipped,skipped,skipped,skipped,,5
4322,SNP,skipped,skipped,skipped,skipped,,5
4323,SNP,skipped,skipped,skipped,skipped,,5
4324,SNP,skipped,skipped,skipped,skipped,,5
4325,SNP,skipped,skipped,skipped,skipped,,5
4326,SNP,skipped,skipped,skipped,skipped,,5
4327,SNP,skipped,skipped,skipped,skipped,,5
4328,SNP,skipped,skipped,skipped,skipped,,5
4329,SNP,skipped,skipped,skipped,skipped,,5
4330,SNP,skipped,skipped,skipped,skipped,,5
4331,SNP,skipped,skipped,skipped,skipped,,5
4332,SNP,skipped,skipped,skipped,skipped,,5
4333,SNP,skipped,skipped,skipped,skipped,,5
4334,SNP,skipped,skipped,skipped,skipped,,5
4335,SNP,skipped,skipped,skipped,skipped,,5
4336,SNP,skipped,skipped,skipped,skipped,,5
4337,SNP,skipped,skipped,skipped,skipped,,5
4338,SNP,skipped,skipped,skipped,skipped,,5
4339,SNP,skipped,skipped,skipped,skipped,,5
4340,SNP,skipped,skipped,skipped,skipped,,5
4341,SNP,skipped,skipped,skipped,skipped,,5
4342,SNP,skipped,skipped,skipped,skipped,,5
4343,SNP,skipped,skipped,skipped,skipped,,5
4344,SNP,skipped,skipped,skipped,skipped,,5
4345,SNP,skipped,skipped,skipped,skipped,,5
4346,SNP,skipped,skipped,skipped,skipped,,5
4347,SNP,skipped,skipped,skipped,skipped,,5
4348,SNP,skipped,skipped,skipped,skipped,,5
4349,SNP,skipped,skipped,skipped,skipped,,5
4350,SNP,skipped,skipped,skipped,skipped,,5
4351,SNP,skipped,skipped,skipped,skipped,,5
4352,SNP,skipped,skipped,skipped,skipped,,5
4353,SNP,skipped,skipped,skipped,skipped,,5
4354,SNP,skipped,skipped,skipped,skipped,,5
4355,SNP,skipped,skipped,skipped,skipped,,5
4356,SNP,skipped,skipped,skipped,skipped,,5
4357,SNP,skipped,skipped,skipped,skipped,,5
4358,SNP,skipped,skipped,skipped,skipped,,5
4359,SNP,skipped,skipped,skipped,skipped,,5
4360,SNP,skipped,skipped,skipped,skipped,,5
4361,SNP,skipped,skipped,skipped,skipped,,5
4362,SNP,skipped,skipped,skipped,skipped,,5
4363,SNP,skipped,skipped,skipped,skipped,,5
4364,SNP,skipped,skipped,skipped,skipped,,5
4365,SNP,skipped,skipped,skipped,skipped,,5
4366,SNP,skipped,skipped,skipped,skipped,,5
4367,SNP,skipped,skipped,skipped,skipped,,5
4368,SNP,skipped,skipped,skipped,skipped,,5
4369,SNP,skipped,skipped,skipped,skipped,,5
4370,SNP,skipped,skipped,skipped,skipped,,5
4371,SNP,skipped,skipped,skipped,skipped,,5
4372,SNP,skipped,skipped,skipped,skipped,,5
4373,SNP,skipped,skipped,skipped,skipped,,5
4374,SNP,skipped,skipped,skipped,skipped,,5
4375,SNP,skipped,skipped,skipped,skipped,,5
4376,SNP,skipped,skipped,skipped,skipped,,5
4377,SNP,skipped,skipped,skipped,skipped,,5
4378,SNP,skipped,skipped,skipped,skipped,,5
4379,SNP,skipped,skipped,skipped,skipped,,5
4380,SNP,skipped,skipped,skipped,skipped,,5
4381,SNP,skipped,skipped,skipped,skipped,,5
4382,SNP,skipped,skipped,skipped,skipped,,5
4383,SNP,skipped,skipped,skipped,skipped,,5
4384,SNP,skipped,skipped,skipped,skipped,,5
4385,SNP,skipped,skipped,skipped,skipped,,5
4386,SNP,skipped,skipped,skipped,skipped,,5
4387,SNP,skipped,skipped,skipped,skipped,,5
4388,SNP,skipped,skipped,skipped,skipped,,5
4389,SNP,skipped,skipped,skipped,skipped,,5
4390,SNP,skipped,skipped,skipped,skipped,,5
4391,SNP,skipped,skipped,skipped,skipped,,5
4392,SNP,skipped,skipped,skipped,skipped,,5
4393,SNP,skipped,skipped,skipped,skipped,,5
4394,SNP,skipped,skipped,skipped,skipped,,5
4395,SNP,skipped,skipped,skipped,skipped,,5
4396,SNP,skipped,skipped,skipped,skipped,,5
4397,SNP,skipped,skipped,skipped,skipped,,5
4398,SNP,skipped,skipped,skipped,skipped,,5
4399,SNP,skipped,skipped,skipped,skipped,,5
4400,SNP,skipped,skipped,skipped,skipped,,5
4401,SNP,skipped,skipped,skipped,skipped,,5
4402,SNP,skipped,skipped,skipped,skipped,,5
4403,SNP,skipped,skipped,skipped,skipped,,5
4404,SNP,skipped,skipped,skipped,skipped,,5
4405,SNP,skipped,skipped,skipped,skipped,,5
4406,SNP,skipped,skipped,skipped,skipped,,5
4407,SNP,skipped,skipped,skipped,skipped,,5
4408,SNP,skipped,skipped,skipped,skipped,,5
4409,SNP,skipped,skipped,skipped,skipped,,5
4410,SNP,skipped,skipped,skipped,skipped,,5
4411,SNP,skipped,skipped,skipped,skipped,,5
4412,SNP,skipped,skipped,skipped,skipped,,5
4413,SNP,skipped,skipped,skipped,skipped,,5
4414,SNP,skipped,skipped,skipped,skipped,,5
4415,SNP,skipped,skipped,skipped,skipped,,5
4416,SNP,skipped,skipped,skipped,skipped,,5
4417,SNP,skipped,skipped,skipped,skipped,,5
4418,SNP,skipped,skipped,skipped,skipped,,5
4419,SNP,skipped,skipped,skipped,skipped,,5
4420,SNP,skipped,skipped,skipped,skipped,,5
4421,SNP,skipped,skipped,skipped,skipped,,5
4422,SNP,skipped,skipped,skipped,skipped,,5
4423,SNP,skipped,skipped,skipped,skipped,,5
4424,SNP,skipped,skipped,skipped,skipped,,5
4425,SNP,skipped,skipped,skipped,skipped,,5
4426,SNP,skipped,skipped,skipped,skipped,,5
4427,SNP,skipped,skipped,skipped,skipped,,5
4428,SNP,skipped,skipped,skipped,skipped,,5
4429,SNP,skipped,skipped,skipped,skipped,,5
4430,SNP,skipped,skipped,skipped,skipped,,5
4431,SNP,skipped,skipped,skipped,skipped,,5
4432,SNP,skipped,skipped,skipped,skipped,,5
4433,SNP,skipped,skipped,skipped,skipped,,5
4434,SNP,skipped,skipped,skipped,skipped,,5
4435,SNP,skipped,skipped,skipped,skipped,,5
4436,SNP,skipped,skipped,skipped,skipped,,5
4437,SNP,skipped,skipped,skipped,skipped,,5
4438,SNP,skipped,skipped,skipped,skipped,,5
4439,SNP,skipped,skipped,skipped,skipped,,5
4440,SNP,skipped,skipped,skipped,skipped,,5
4441,SNP,skipped,skipped,skipped,skipped,,5
4442,SNP,skipped,skipped,skipped,skipped,,5
4443,SNP,skipped,skipped,skipped,skipped,,5
4444,SNP,skipped,skipped,skipped,skipped,,5
4445,SNP,skipped,skipped,skipped,skipped,,5
4446,SNP,skipped,skipped,skipped,skipped,,5
4447,SNP,skipped,skipped,skipped,skipped,,5
4448,SNP,skipped,skipped,skipped,skipped,,5
4449,SNP,skipped,skipped,skipped,skipped,,5
4450,SNP,skipped,skipped,skipped,skipped,,5
4451,SNP,skipped,skipped,skipped,skipped,,5
4452,SNP,skipped,skipped,skipped,skipped,,5
4453,SNP,skipped,skipped,skipped,skipped,,5
4454,SNP,skipped,skipped,skipped,skipped,,5
4455,SNP,skipped,skipped,skipped,skipped,,5
4456,SNP,skipped,skipped,skipped,skipped,,5
4457,SNP,skipped,skipped,skipped,skipped,,5
4458,SNP,skipped,skipped,skipped,skipped,,5
4459,SNP,skipped,skipped,skipped,skipped,,5
4460,SNP,skipped,skipped,skipped,skipped,,5
4461,SNP,skipped,skipped,skipped,skipped,,5
4462,SNP,skipped,skipped,skipped,skipped,,5
4463,SNP,skipped,skipped,skipped,skipped,,5
4464,SNP,skipped,skipped,skipped,skipped,,5
4465,SNP,skipped,skipped,skipped,skipped,,5
4466,SNP,skipped,skipped,skipped,skipped,,5
4467,SNP,skipped,skipped,skipped,skipped,,5
4468,SNP,skipped,skipped,skipped,skipped,,5
4469,SNP,skipped,skipped,skipped,skipped,,5
4470,SNP,skipped,skipped,skipped,skipped,,5
4471,SNP,skipped,skipped,skipped,skipped,,5
4472,SNP,skipped,skipped,skipped,skipped,,5
4473,SNP,skipped,skipped,skipped,skipped,,5
4474,SNP,skipped,skipped,skipped,skipped,,5
4475,SNP,skipped,skipped,skipped,skipped,,5
4476,SNP,skipped,skipped,skipped,skipped,,5
4477,SNP,skipped,skipped,skipped,skipped,,5
4478,SNP,skipped,skipped,skipped,skipped,,5
4479,SNP,skipped,skipped,skipped,skipped,,5
4480,SNP,skipped,skipped,skipped,skipped,,5
4481,SNP,skipped,skipped,skipped,skipped,,5
4482,SNP,skipped,skipped,skipped,skipped,,5
4483,SNP,skipped,skipped,skipped,skipped,,5
4484,SNP,skipped,skipped,skipped,skipped,,5
4485,SNP,skipped,skipped,skipped,skipped,,5
4486,SNP,skipped,skipped,skipped,skipped,,5
4487,SNP,skipped,skipped,skipped,skipped,,5
4488,SNP,skipped,skipped,skipped,skipped,,5
4489,SNP,skipped,skipped,skipped,skipped,,5
4490,SNP,skipped,skipped,skipped,skipped,,5
4491,SNP,skipped,skipped,skipped,skipped,,5
4492,SNP,skipped,skipped,skipped,skipped,,5
4493,SNP,skipped,skipped,skipped,skipped,,5
4494,SNP,skipped,skipped,skipped,skipped,,5
4495,SNP,skipped,skipped,skipped,skipped,,5
4496,SNP,skipped,skipped,skipped,skipped,,5
4497,SNP,skipped,skipped,skipped,skipped,,5
4498,SNP,skipped,skipped,skipped,skipped,,5
4499,SNP,skipped,skipped,skipped,skipped,,5
4500,SNP,skipped,skipped,skipped,skipped,,5
4501,SNP,skipped,skipped,skipped,skipped,,5
4502,SNP,skipped,skipped,skipped,skipped,,5
4503,SNP,skipped,skipped,skipped,skipped,,5
4504,SNP,skipped,skipped,skipped,skipped,,5
4505,SNP,skipped,skipped,skipped,skipped,,5
4506,SNP,skipped,skipped,skipped,skipped,,5
4507,SNP,skipped,skipped,skipped,skipped,,5
4508,SNP,skipped,skipped,skipped,skipped,,5
4509,SNP,skipped,skipped,skipped,skipped,,5
4510,SNP,skipped,skipped,skipped,skipped,,5
4511,SNP,skipped,skipped,skipped,skipped,,5
4512,SNP,skipped,skipped,skipped,skipped,,5
4513,SNP,skipped,skipped,skipped,skipped,,5
4514,SNP,skipped,skipped,skipped,skipped,,5
4515,SNP,skipped,skipped,skipped,skipped,,5
4516,SNP,skipped,skipped,skipped,skipped,,5
4517,SNP,skipped,skipped,skipped,skipped,,5
4518,SNP,skipped,skipped,skipped,skipped,,5
4519,SNP,skipped,skipped,skipped,skipped,,5
4520,SNP,skipped,skipped,skipped,skipped,,5
4521,SNP,skipped,skipped,skipped,skipped,,5
4522,SNP,skipped,skipped,skipped,skipped,,5
4523,SNP,skipped,skipped,skipped,skipped,,5
4524,SNP,skipped,skipped,skipped,skipped,,5
4525,SNP,skipped,skipped,skipped,skipped,,5
4526,SNP,skipped,skipped,skipped,skipped,,5
4527,SNP,skipped,skipped,skipped,skipped,,5
4528,SNP,skipped,skipped,skipped,skipped,,5
4529,SNP,skipped,skipped,skipped,skipped,,5
4530,SNP,skipped,skipped,skipped,skipped,,5
4531,SNP,skipped,skipped,skipped,skipped,,5
4532,SNP,skipped,skipped,skipped,skipped,,5
4533,SNP,skipped,skipped,skipped,skipped,,5
4534,SNP,skipped,skipped,skipped,skipped,,5
4535,SNP,skipped,skipped,skipped,skipped,,5
4536,SNP,skipped,skipped,skipped,skipped,,5
4537,SNP,skipped,skipped,skipped,skipped,,5
4538,SNP,skipped,skipped,skipped,skipped,,5
4539,SNP,skipped,skipped,skipped,skipped,,5
4540,SNP,skipped,skipped,skipped,skipped,,5
4541,SNP,skipped,skipped,skipped,skipped,,5
4542,SNP,skipped,skipped,skipped,skipped,,5
4543,SNP,skipped,skipped,skipped,skipped,,5
4544,SNP,skipped,skipped,skipped,skipped,,5
4545,SNP,skipped,skipped,skipped,skipped,,5
4546,SNP,Con,skipped,skipped,skipped,,5
4547,SNP,Con,skipped,skipped,skipped,,5
4548,SNP,Con,skipped,skipped,skipped,,5
4549,SNP,Con,skipped,skipped,skipped,,5
4550,SNP,Con,skipped,skipped,skipped,,5
4551,SNP,Con,skipped,skipped,skipped,,5
4552,SNP,Con,skipped,skipped,skipped,,5
4553,SNP,Con,skipped,skipped,skipped,,5
4554,SNP,Con,skipped,skipped,skipped,,5
4555,SNP,Con,skipped,skipped,skipped,,5
4556,SNP,Con,skipped,skipped,skipped,,5
4557,SNP,Con,skipped,skipped,skipped,,5
4558,SNP,Con,skipped,skipped,skipped,,5
4559,SNP,Con,skipped,skipped,skipped,,5
4560,SNP,Con,Lab,skipped,skipped,,5
4561,SNP,Con,Lab,Andrew BRYDEN (Ind),skipped,,5
4562,SNP,Con,Lab,Andrew BRYDEN (Ind),skipped,,5
4563,SNP,Con,Lab,Andrew BRYDEN (Ind),skipped,,5
4564,SNP,Con,Lab,Andrew BRYDEN (Ind),skipped,,5
4565,SNP,Con,Lab,Andrew BRYDEN (Ind),skipped,,5
4566,SNP,Con,Lab,Andrew BRYDEN (Ind),skipped,,5
4567,SNP,Con,Lab,Andrew BRYDEN (Ind),skipped,,5
4568,SNP,Con,Lab,Andrew BRYDEN (Ind),skipped,,5
4569,SNP,Con,Andrew BRYDEN (Ind),Lab,skipped,,5
4570,SNP,Con,Andrew BRYDEN (Ind),Lab,skipped,,5
4571,SNP,Lab,skipped,skipped,skipped,,5
4572,SNP,Lab,skipped,skipped,skipped,,5
4573,SNP,Lab,skipped,skipped,skipped,,5
4574,SNP,Lab,skipped,skipped,skipped,,5
4575,SNP,Lab,skipped,skipped,skipped,,5
4576,SNP,Lab,skipped,skipped,skipped,,5
4577,SNP,Lab,skipped,skipped,skipped,,5
4578,SNP,Lab,skipped,skipped,skipped,,5
4579,SNP,Lab,skipped,skipped,skipped,,5
4580,SNP,Lab,skipped,skipped,skipped,,5
4581,SNP,Lab,skipped,skipped,skipped,,5
4582,SNP,Lab,skipped,skipped,skipped,,5
4583,SNP,Lab,skipped,skipped,skipped,,5
4584,SNP,Lab,skipped,skipped,skipped,,5
4585,SNP,Lab,skipped,skipped,skipped,,5
4586,SNP,Lab,skipped,skipped,skipped,,5
4587,SNP,Lab,skipped,skipped,skipped,,5
4588,SNP,Lab,skipped,skipped,skipped,,5
4589,SNP,Lab,skipped,skipped,skipped,,5
4590,SNP,Lab,skipped,skipped,skipped,,5
4591,SNP,Lab,skipped,skipped,skipped,,5
4592,SNP,Lab,skipped,skipped,skipped,,5
4593,SNP,Lab,skipped,skipped,skipped,,5
4594,SNP,Lab,skipped,skipped,skipped,,5
4595,SNP,Lab,skipped,skipped,skipped,,5
4596,SNP,Lab,skipped,skipped,skipped,,5
4597,SNP,Lab,skipped,skipped,skipped,,5
4598,SNP,Lab,skipped,skipped,skipped,,5
4599,SNP,Lab,skipped,skipped,skipped,,5
4600,SNP,Lab,skipped,skipped,skipped,,5
4601,SNP,Lab,skipped,skipped,skipped,,5
4602,SNP,Lab,skipped,skipped,skipped,,5
4603,SNP,Lab,skipped,skipped,skipped,,5
4604,SNP,Lab,skipped,skipped,skipped,,5
4605,SNP,Lab,skipped,skipped,skipped,,5
4606,SNP,Lab,skipped,skipped,skipped,,5
4607,SNP,Lab,skipped,skipped,skipped,,5
4608,SNP,Lab,skipped,skipped,skipped,,5
4609,SNP,Lab,skipped,skipped,skipped,,5
4610,SNP,Lab,skipped,skipped,skipped,,5
4611,SNP,Lab,skipped,skipped,skipped,,5
4612,SNP,Lab,skipped,skipped,skipped,,5
4613,SNP,Lab,skipped,skipped,skipped,,5
4614,SNP,Lab,skipped,skipped,skipped,,5
4615,SNP,Lab,skipped,skipped,skipped,,5
4616,SNP,Lab,skipped,skipped,skipped,,5
4617,SNP,Lab,skipped,skipped,skipped,,5
4618,SNP,Lab,skipped,skipped,skipped,,5
4619,SNP,Lab,skipped,skipped,skipped,,5
4620,SNP,Lab,skipped,skipped,skipped,,5
4621,SNP,Lab,skipped,skipped,skipped,,5
4622,SNP,Lab,skipped,skipped,skipped,,5
4623,SNP,Lab,skipped,skipped,skipped,,5
4624,SNP,Lab,skipped,skipped,skipped,,5
4625,SNP,Lab,skipped,skipped,skipped,,5
4626,SNP,Lab,skipped,skipped,skipped,,5
4627,SNP,Lab,skipped,skipped,skipped,,5
4628,SNP,Lab,skipped,skipped,skipped,,5
4629,SNP,Lab,skipped,skipped,skipped,,5
4630,SNP,Lab,skipped,skipped,skipped,,5
4631,SNP,Lab,skipped,skipped,skipped,,5
4632,SNP,Lab,skipped,skipped,skipped,,5
4633,SNP,Lab,skipped,skipped,skipped,,5
4634,SNP,Lab,skipped,skipped,skipped,,5
4635,SNP,Lab,Con,skipped,skipped,,5
4636,SNP,Lab,Con,skipped,skipped,,5
4637,SNP,Lab,Con,skipped,skipped,,5
4638,SNP,Lab,Con,skipped,skipped,,5
4639,SNP,Lab,Con,Andrew BRYDEN (Ind),skipped,,5
4640,SNP,Lab,Con,Andrew BRYDEN (Ind),skipped,,5
4641,SNP,Lab,Con,Andrew BRYDEN (Ind),skipped,,5
4642,SNP,Lab,Con,Andrew BRYDEN (Ind),skipped,,5
4643,SNP,Lab,Con,Andrew BRYDEN (Ind),skipped,,5
4644,SNP,Lab,Con,Andrew BRYDEN (Ind),skipped,,5
4645,SNP,Lab,Con,Andrew BRYDEN (Ind),skipped,,5
4646,SNP,Lab,Con,Andrew BRYDEN (Ind),skipped,,5
4647,SNP,Lab,Con,Andrew BRYDEN (Ind),skipped,,5
4648,SNP,Lab,Con,Andrew BRYDEN (Ind),skipped,,5
4649,SNP,Lab,Con,Andrew BRYDEN (Ind),skipped,,5
4650,SNP,Lab,Con,Andrew BRYDEN (Ind),skipped,,5
4651,SNP,Lab,Con,Andrew BRYDEN (Ind),skipped,,5
4652,SNP,Lab,Con,Andrew BRYDEN (Ind),skipped,,5
4653,SNP,Lab,Andrew BRYDEN (Ind),skipped,skipped,,5
4654,SNP,Lab,Andrew BRYDEN (Ind),skipped,skipped,,5
4655,SNP,Lab,Andrew BRYDEN (Ind),skipped,skipped,,5
4656,SNP,Lab,Andrew BRYDEN (Ind),skipped,skipped,,5
4657,SNP,Lab,Andrew BRYDEN (Ind),skipped,skipped,,5
4658,SNP,Lab,Andrew BRYDEN (Ind),skipped,skipped,,5
4659,SNP,Lab,Andrew BRYDEN (Ind),skipped,skipped,,5
4660,SNP,Lab,Andrew BRYDEN (Ind),skipped,skipped,,5
4661,SNP,Lab,Andrew BRYDEN (Ind),skipped,skipped,,5
4662,SNP,Lab,Andrew BRYDEN (Ind),skipped,skipped,,5
4663,SNP,Lab,Andrew BRYDEN (Ind),Con,skipped,,5
4664,SNP,Lab,Andrew BRYDEN (Ind),Con,skipped,,5
4665,SNP,Lab,Andrew BRYDEN (Ind),Con,skipped,,5
4666,SNP,Lab,Andrew BRYDEN (Ind),Con,skipped,,5
4667,SNP,Lab,Andrew BRYDEN (Ind),Con,skipped,,5
4668,SNP,Lab,Andrew BRYDEN (Ind),Con,skipped,,5
4669,SNP,Lab,Andrew BRYDEN (Ind),Con,skipped,,5
4670,SNP,Lab,Andrew BRYDEN (Ind),Con,skipped,,5
4671,SNP,Lab,Andrew BRYDEN (Ind),Con,skipped,,5
4672,SNP,Lab,Andrew BRYDEN (Ind),Con,skipped,,5
4673,SNP,Lab,Andrew BRYDEN (Ind),Con,skipped,,5
4674,SNP,Lab,Andrew BRYDEN (Ind),Con,skipped,,5
4675,SNP,Lab,Andrew BRYDEN (Ind),Con,skipped,,5
4676,SNP,Lab,Andrew BRYDEN (Ind),Con,skipped,,5
4677,SNP,Lab,Andrew BRYDEN (Ind),Con,skipped,,5
4678,SNP,Lab,Andrew BRYDEN (Ind),Con,skipped,,5
4679,SNP,Lab,Andrew BRYDEN (Ind),Con,skipped,,5
4680,SNP,Lab,Andrew BRYDEN (Ind),Con,skipped,,5
4681,SNP,Lab,Andrew BRYDEN (Ind),Con,skipped,,5
4682,SNP,Lab,Andrew BRYDEN (Ind),Con,skipped,,5
4683,SNP,Lab,Andrew BRYDEN (Ind),Con,skipped,,5
4684,SNP,Lab,Andrew BRYDEN (Ind),Con,skipped,,5
4685,SNP,Lab,Andrew BRYDEN (Ind),Con,skipped,,5
4686,SNP,Lab,Andrew BRYDEN (Ind),Con,skipped,,5
4687,SNP,Lab,Andrew BRYDEN (Ind),Con,skipped,,5
4688,SNP,Lab,Andrew BRYDEN (Ind),Con,skipped,,5
4689,SNP,Lab,Andrew BRYDEN (Ind),Con,skipped,,5
4690,SNP,Lab,Andrew BRYDEN (Ind),Con,skipped,,5
4691,SNP,Lab,Andrew BRYDEN (Ind),Con,skipped,,5
4692,SNP,Lab,Andrew BRYDEN (Ind),Con,skipped,,5
4693,SNP,Lab,Andrew BRYDEN (Ind),Con,skipped,,5
4694,SNP,Lab,Andrew BRYDEN (Ind),Con,skipped,,5
4695,SNP,Lab,Andrew BRYDEN (Ind),Con,skipped,,5
4696,SNP,Lab,Andrew BRYDEN (Ind),Con,skipped,,5
4697,SNP,Lab,Andrew BRYDEN (Ind),Con,skipped,,5
4698,SNP,Lab,Andrew BRYDEN (Ind),Con,skipped,,5
4699,SNP,Lab,Andrew BRYDEN (Ind),Con,skipped,,5
4700,SNP,Lab,Andrew BRYDEN (Ind),Con,skipped,,5
4701,SNP,Andrew BRYDEN (Ind),skipped,skipped,skipped,,5
4702,SNP,Andrew BRYDEN (Ind),skipped,skipped,skipped,,5
4703,SNP,Andrew BRYDEN (Ind),skipped,skipped,skipped,,5
4704,SNP,Andrew BRYDEN (Ind),skipped,skipped,skipped,,5
4705,SNP,Andrew BRYDEN (Ind),skipped,skipped,skipped,,5
4706,SNP,Andrew BRYDEN (Ind),skipped,skipped,skipped,,5
4707,SNP,Andrew BRYDEN (Ind),skipped,skipped,skipped,,5
4708,SNP,Andrew BRYDEN (Ind),skipped,skipped,skipped,,5
4709,SNP,Andrew BRYDEN (Ind),skipped,skipped,skipped,,5
4710,SNP,Andrew BRYDEN (Ind),skipped,skipped,skipped,,5
4711,SNP,Andrew BRYDEN (Ind),skipped,skipped,skipped,,5
4712,SNP,Andrew BRYDEN (Ind),skipped,skipped,skipped,,5
4713,SNP,Andrew BRYDEN (Ind),skipped,skipped,skipped,,5
4714,SNP,Andrew BRYDEN (Ind),skipped,skipped,skipped,,5
4715,SNP,Andrew BRYDEN (Ind),skipped,skipped,skipped,,5
4716,SNP,Andrew BRYDEN (Ind),skipped,skipped,skipped,,5
4717,SNP,Andrew BRYDEN (Ind),skipped,skipped,skipped,,5
4718,SNP,Andrew BRYDEN (Ind),skipped,skipped,skipped,,5
4719,SNP,Andrew BRYDEN (Ind),skipped,skipped,skipped,,5
4720,SNP,Andrew BRYDEN (Ind),skipped,skipped,skipped,,5
4721,SNP,Andrew BRYDEN (Ind),skipped,skipped,skipped,,5
4722,SNP,Andrew BRYDEN (Ind),skipped,skipped,skipped,,5
4723,SNP,Andrew BRYDEN (Ind),skipped,skipped,skipped,,5
4724,SNP,Andrew BRYDEN (Ind),skipped,skipped,skipped,,5
4725,SNP,Andrew BRYDEN (Ind),skipped,skipped,skipped,,5
4726,SNP,Andrew BRYDEN (Ind),skipped,skipped,skipped,,5
4727,SNP,Andrew BRYDEN (Ind),skipped,skipped,skipped,,5
4728,SNP,Andrew BRYDEN (Ind),skipped,skipped,skipped,,5
4729,SNP,Andrew BRYDEN (Ind),skipped,skipped,skipped,,5
4730,SNP,Andrew BRYDEN (Ind),skipped,skipped,skipped,,5
4731,SNP,Andrew BRYDEN (Ind),skipped,skipped,skipped,,5
4732,SNP,Andrew BRYDEN (Ind),skipped,skipped,skipped,,5
4733,SNP,Andrew BRYDEN (Ind),skipped,skipped,skipped,,5
4734,SNP,Andrew BRYDEN (Ind),skipped,skipped,skipped,,5
4735,SNP,Andrew BRYDEN (Ind),skipped,skipped,skipped,,5
4736,SNP,Andrew BRYDEN (Ind),skipped,skipped,skipped,,5
4737,SNP,Andrew BRYDEN (Ind),skipped,skipped,skipped,,5
4738,SNP,Andrew BRYDEN (Ind),skipped,skipped,skipped,,5
4739,SNP,Andrew BRYDEN (Ind),skipped,skipped,skipped,,5
4740,SNP,Andrew BRYDEN (Ind),skipped,skipped,skipped,,5
4741,SNP,Andrew BRYDEN (Ind),skipped,skipped,skipped,,5
4742,SNP,Andrew BRYDEN (Ind),skipped,skipped,skipped,,5
4743,SNP,Andrew BRYDEN (Ind),skipped,skipped,skipped,,5
4744,SNP,Andrew BRYDEN (Ind),skipped,skipped,skipped,,5
4745,SNP,Andrew BRYDEN (Ind),skipped,skipped,skipped,,5
4746,SNP,Andrew BRYDEN (Ind),skipped,skipped,skipped,,5
4747,SNP,Andrew BRYDEN (Ind),skipped,skipped,skipped,,5
4748,SNP,Andrew BRYDEN (Ind),skipped,skipped,skipped,,5
4749,SNP,Andrew BRYDEN (Ind),skipped,skipped,skipped,,5
4750,SNP,Andrew BRYDEN (Ind),skipped,skipped,skipped,,5
4751,SNP,Andrew BRYDEN (Ind),skipped,skipped,skipped,,5
4752,SNP,Andrew BRYDEN (Ind),skipped,skipped,skipped,,5
4753,SNP,Andrew BRYDEN (Ind),skipped,skipped,skipped,,5
4754,SNP,Andrew BRYDEN (Ind),skipped,skipped,skipped,,5
4755,SNP,Andrew BRYDEN (Ind),skipped,skipped,skipped,,5
4756,SNP,Andrew BRYDEN (Ind),skipped,skipped,skipped,,5
4757,SNP,Andrew BRYDEN (Ind),skipped,skipped,skipped,,5
4758,SNP,Andrew BRYDEN (Ind),skipped,skipped,skipped,,5
4759,SNP,Andrew BRYDEN (Ind),skipped,skipped,skipped,,5
4760,SNP,Andrew BRYDEN (Ind),skipped,skipped,skipped,,5
4761,SNP,Andrew BRYDEN (Ind),skipped,skipped,skipped,,5
4762,SNP,Andrew BRYDEN (Ind),skipped,skipped,skipped,,5
4763,SNP,Andrew BRYDEN (Ind),skipped,skipped,skipped,,5
4764,SNP,Andrew BRYDEN (Ind),skipped,skipped,skipped,,5
4765,SNP,Andrew BRYDEN (Ind),skipped,skipped,skipped,,5
4766,SNP,Andrew BRYDEN (Ind),skipped,skipped,skipped,,5
4767,SNP,Andrew BRYDEN (Ind),skipped,skipped,skipped,,5
4768,SNP,Andrew BRYDEN (Ind),skipped,skipped,skipped,,5
4769,SNP,Andrew BRYDEN (Ind),skipped,skipped,skipped,,5
4770,SNP,Andrew BRYDEN (Ind),skipped,skipped,skipped,,5
4771,SNP,Andrew BRYDEN (Ind),skipped,skipped,skipped,,5
4772,SNP,Andrew BRYDEN (Ind),skipped,skipped,skipped,,5
4773,SNP,Andrew BRYDEN (Ind),skipped,skipped,skipped,,5
4774,SNP,Andrew BRYDEN (Ind),skipped,skipped,skipped,,5
4775,SNP,Andrew BRYDEN (Ind),Con,Lab,skipped,,5
4776,SNP,Andrew BRYDEN (Ind),Con,Lab,skipped,,5
4777,SNP,Andrew BRYDEN (Ind),Con,Lab,skipped,,5
4778,SNP,Andrew BRYDEN (Ind),Con,Lab,skipped,,5
4779,SNP,Andrew BRYDEN (Ind),Con,Lab,skipped,,5
4780,SNP,Andrew BRYDEN (Ind),Con,Lab,skipped,,5
4781,SNP,Andrew BRYDEN (Ind),Con,Lab,skipped,,5
4782,SNP,Andrew BRYDEN (Ind),Con,Lab,skipped,,5
4783,SNP,Andrew BRYDEN (Ind),Lab,skipped,skipped,,5
4784,SNP,Andrew BRYDEN (Ind),Lab,skipped,skipped,,5
4785,SNP,Andrew BRYDEN (Ind),Lab,skipped,skipped,,5
4786,SNP,Andrew BRYDEN (Ind),Lab,skipped,skipped,,5
4787,SNP,Andrew BRYDEN (Ind),Lab,skipped,skipped,,5
4788,SNP,Andrew BRYDEN (Ind),Lab,skipped,skipped,,5
4789,SNP,Andrew BRYDEN (Ind),Lab,skipped,skipped,,5
4790,SNP,Andrew BRYDEN (Ind),Lab,skipped,skipped,,5
4791,SNP,Andrew BRYDEN (Ind),Lab,skipped,skipped,,5
4792,SNP,Andrew BRYDEN (Ind),Lab,skipped,skipped,,5
4793,SNP,Andrew BRYDEN (Ind),Lab,skipped,skipped,,5
4794,SNP,Andrew BRYDEN (Ind),Lab,skipped,skipped,,5
4795,SNP,Andrew BRYDEN (Ind),Lab,Con,skipped,,5
4796,SNP,Andrew BRYDEN (Ind),Lab,Con,skipped,,5
4797,SNP,Andrew BRYDEN (Ind),Lab,Con,skipped,,5
4798,SNP,Andrew BRYDEN (Ind),Lab,Con,skipped,,5
4799,SNP,Andrew BRYDEN (Ind),Lab,Con,skipped,,5
4800,SNP,Andrew BRYDEN (Ind),Lab,Con,skipped,,5
4801,SNP,Andrew BRYDEN (Ind),Lab,Con,skipped,,5
4802,SNP,Andrew BRYDEN (Ind),Lab,Con,skipped,,5
4803,SNP,Andrew BRYDEN (Ind),Lab,Con,skipped,,5
4804,SNP,Andrew BRYDEN (Ind),Lab,Con,skipped,,5
4805,SNP,Andrew BRYDEN (Ind),Lab,Con,skipped,,5
4806,SNP,Andrew BRYDEN (Ind),Lab,Con,skipped,,5
4807,SNP,Andrew BRYDEN (Ind),Lab,Con,skipped,,5
4808,SNP,Andrew BRYDEN (Ind),Lab,Con,skipped,,5
4809,SNP,Andrew BRYDEN (Ind),Lab,Con,skipped,,5
4810,SNP,Andrew BRYDEN (Ind),Lab,Con,skipped,,5
4811,SNP,Andrew BRYDEN (Ind),Lab,Con,skipped,,5
4812,SNP,Andrew BRYDEN (Ind),Lab,Con,skipped,,5
4813,SNP,Andrew BRYDEN (Ind),Lab,Con,skipped,,5
4814,SNP,Andrew BRYDEN (Ind),Lab,Con,skipped,,5
4815,SNP,Andrew BRYDEN (Ind),Lab,Con,skipped,,5
4816,SNP,Andrew BRYDEN (Ind),Lab,Con,skipped,,5
4817,SNP,Andrew BRYDEN (Ind),Lab,Con,skipped,,5
4818,SNP,Andrew BRYDEN (Ind),Lab,Con,skipped,,5
4819,SNP,Andrew BRYDEN (Ind),Lab,Con,skipped,,5
4820,SNP,Andrew BRYDEN (Ind),Lab,Con,skipped,,5
4821,SNP,Andrew BRYDEN (Ind),Lab,Con,skipped,,5
4822,SNP,Andrew BRYDEN (Ind),Lab,Con,skipped,,5
4823,SNP,Andrew BRYDEN (Ind),Lab,Con,skipped,,5
4824,SNP,Andrew BRYDEN (Ind),Lab,Con,skipped,,5
4825,SNP,Andrew BRYDEN (Ind),Lab,Con,skipped,,5
4826,SNP,Andrew BRYDEN (Ind),Lab,Con,skipped,,5
4827,SNP,Andrew BRYDEN (Ind),Lab,Con,skipped,,5
4828,SNP,Andrew BRYDEN (Ind),Lab,Con,skipped,,5
4829,SNP,Andrew BRYDEN (Ind),Lab,Con,skipped,,5
4830,SNP,Andrew BRYDEN (Ind),Lab,Con,skipped,,5
4831,SNP,Andrew BRYDEN (Ind),Lab,Con,skipped,,5
4832,SNP,Andrew BRYDEN (Ind),Lab,Con,skipped,,5
4833,SNP,Andrew BRYDEN (Ind),Lab,Con,skipped,,5
4834,SNP,Andrew BRYDEN (Ind),Lab,Con,skipped,,5
4835,SNP,Andrew BRYDEN (Ind),Lab,Con,skipped,,5
4836,SNP,Andrew BRYDEN (Ind),Lab,Con,skipped,,5
4837,SNP,Andrew BRYDEN (Ind),Lab,Con,skipped,,5
4838,SNP,Andrew BRYDEN (Ind),Lab,Con,skipped,,5
4839,SNP,Andrew BRYDEN (Ind),Lab,Con,skipped,,5
4840,SNP,Andrew BRYDEN (Ind),Lab,Con,skipped,,5
4841,SNP,Andrew BRYDEN (Ind),Lab,Con,skipped,,5
4842,SNP,Andrew BRYDEN (Ind),Lab,Con,skipped,,5
4843,SNP,Andrew BRYDEN (Ind),Lab,Con,skipped,,5
4844,SNP,Andrew BRYDEN (Ind),Lab,Con,skipped,,5
4845,SNP,Andrew BRYDEN (Ind),Lab,Con,skipped,,5
4846,SNP,Andrew BRYDEN (Ind),Lab,Con,skipped,,5
4847,SNP,Andrew BRYDEN (Ind),Lab,Con,skipped,,5
4848,SNP,Andrew BRYDEN (Ind),Lab,Con,skipped,,5
4849,SNP,Andrew BRYDEN (Ind),Lab,Con,skipped,,5
4850,SNP,Andrew BRYDEN (Ind),Lab,Con,skipped,,5
4851,SNP,Andrew BRYDEN (Ind),Lab,Con,skipped,,5
4852,SNP,Andrew BRYDEN (Ind),Lab,Con,skipped,,5
4853,SNP,Andrew BRYDEN (Ind),Lab,Con,skipped,,5
4854,SNP,Andrew BRYDEN (Ind),Lab,Con,skipped,,5
4855,SNP,Andrew BRYDEN (Ind),Lab,Con,skipped,,5
4856,SNP,Andrew BRYDEN (Ind),Lab,Con,skipped,,5
4857,SNP,Andrew BRYDEN (Ind),Lab,Con,skipped,,5
4858,SNP,Andrew BRYDEN (Ind),Lab,Con,skipped,,5
4859,SNP,Andrew BRYDEN (Ind),Lab,Con,skipped,,5
4860,SNP,Andrew BRYDEN (Ind),Lab,Con,skipped,,5
4861,SNP,Andrew BRYDEN (Ind),Lab,Con,skipped,,5
4862,SNP,Andrew BRYDEN (Ind),Lab,Con,skipped,,5
4863,SNP,Andrew BRYDEN (Ind),Lab,Con,skipped,,5
4864,SNP,Andrew BRYDEN (Ind),Lab,Con,skipped,,5
4865,SNP,Andrew BRYDEN (Ind),Lab,Con,skipped,,5
4866,SNP,Andrew BRYDEN (Ind),skipped,skipped,skipped,,5
4867,SNP,Andrew BRYDEN (Ind),skipped,skipped,skipped,,5
4868,SNP,Andrew BRYDEN (Ind),skipped,skipped,skipped,,5
4869,SNP,Andrew BRYDEN (Ind),skipped,skipped,skipped,,5
4870,SNP,Andrew BRYDEN (Ind),skipped,skipped,skipped,,5
4871,SNP,Andrew BRYDEN (Ind),skipped,skipped,skipped,,5
4872,SNP,Andrew BRYDEN (Ind),skipped,skipped,skipped,,5
4873,SNP,Andrew BRYDEN (Ind),skipped,skipped,skipped,,5
4874,SNP,Andrew BRYDEN (Ind),skipped,skipped,skipped,,5
4875,SNP,Andrew BRYDEN (Ind),skipped,skipped,skipped,,5
4876,SNP,Andrew BRYDEN (Ind),skipped,skipped,skipped,,5
4877,SNP,Andrew BRYDEN (Ind),skipped,skipped,skipped,,5
4878,SNP,Andrew BRYDEN (Ind),skipped,skipped,skipped,,5
4879,SNP,Andrew BRYDEN (Ind),skipped,skipped,skipped,,5
4880,SNP,Andrew BRYDEN (Ind),skipped,skipped,skipped,,5
4881,SNP,Andrew BRYDEN (Ind),skipped,skipped,skipped,,5
4882,SNP,Andrew BRYDEN (Ind),skipped,skipped,skipped,,5
4883,SNP,Andrew BRYDEN (Ind),skipped,skipped,skipped,,5
4884,SNP,Andrew BRYDEN (Ind),Con,skipped,skipped,,5
4885,SNP,Andrew BRYDEN (Ind),Con,skipped,skipped,,5
4886,SNP,Andrew BRYDEN (Ind),Lab,skipped,skipped,,5
4887,SNP,Andrew BRYDEN (Ind),Lab,skipped,skipped,,5
4888,SNP,Andrew BRYDEN (Ind),Lab,skipped,skipped,,5
4889,SNP,Andrew BRYDEN (Ind),Lab,skipped,skipped,,5
4890,SNP,Andrew BRYDEN (Ind),Lab,skipped,skipped,,5
4891,Andrew BRYDEN (Ind),Lab,Con,SNP,skipped,,5
4892,Andrew BRYDEN (Ind),Lab,Con,SNP,skipped,,5
4893,Andrew BRYDEN (Ind),Lab,Con,SNP,skipped,,5
4894,Andrew BRYDEN (Ind),Lab,Con,SNP,skipped,,5
4895,Andrew BRYDEN (Ind),Lab,Con,SNP,skipped,,5
4896,Andrew BRYDEN (Ind),Lab,SNP,skipped,skipped,,5
4897,Andrew BRYDEN (Ind),Lab,SNP,Con,skipped,,5
4898,Andrew BRYDEN (Ind),SNP,skipped,skipped,skipped,,5
4899,Andrew BRYDEN (Ind),SNP,skipped,skipped,skipped,,5
4900,Andrew BRYDEN (Ind),SNP,skipped,skipped,skipped,,5
4901,Andrew BRYDEN (Ind),SNP,skipped,skipped,skipped,,5
4902,Andrew BRYDEN (Ind),SNP,skipped,skipped,skipped,,5
4903,Andrew BRYDEN (Ind),SNP,skipped,skipped,skipped,,5
4904,Andrew BRYDEN (Ind),SNP,skipped,skipped,skipped,,5
4905,Andrew BRYDEN (Ind),SNP,skipped,skipped,skipped,,5
4906,Andrew BRYDEN (Ind),SNP,Con,Lab,skipped,,5
4907,Andrew BRYDEN (Ind),SNP,Lab,skipped,skipped,,5
4908,Andrew BRYDEN (Ind),SNP,Lab,Con,skipped,,5
4909,Andrew BRYDEN (Ind),SNP,Lab,Con,skipped,,5
4910,Andrew BRYDEN (Ind),SNP,Lab,Con,skipped,,5
4911,Andrew BRYDEN (Ind),skipped,skipped,skipped,skipped,,5
4912,Andrew BRYDEN (Ind),skipped,skipped,skipped,skipped,,5
4913,Andrew BRYDEN (Ind),skipped,skipped,skipped,skipped,,5
4914,Andrew BRYDEN (Ind),skipped,skipped,skipped,skipped,,5
4915,Andrew BRYDEN (Ind),skipped,skipped,skipped,skipped,,5
4916,Andrew BRYDEN (Ind),skipped,skipped,skipped,skipped,,5
4917,Andrew BRYDEN (Ind),skipped,skipped,skipped,skipped,,5
4918,Andrew BRYDEN (Ind),skipped,skipped,skipped,skipped,,5
4919,Andrew BRYDEN (Ind),skipped,skipped,skipped,skipped,,5
4920,Andrew BRYDEN (Ind),skipped,skipped,skipped,skipped,,5
4921,Andrew BRYDEN (Ind),skipped,skipped,skipped,skipped,,5
4922,Andrew BRYDEN (Ind),skipped,skipped,skipped,skipped,,5
4923,Andrew BRYDEN (Ind),skipped,skipped,skipped,skipped,,5
4924,Andrew BRYDEN (Ind),skipped,skipped,skipped,skipped,,5
4925,Andrew BRYDEN (Ind),skipped,skipped,skipped,skipped,,5
4926,Andrew BRYDEN (Ind),skipped,skipped,skipped,skipped,,5
4927,Andrew BRYDEN (Ind),skipped,skipped,skipped,skipped,,5
4928,Andrew BRYDEN (Ind),skipped,skipped,skipped,skipped,,5
4929,Andrew BRYDEN (Ind),skipped,skipped,skipped,skipped,,5
4930,Andrew BRYDEN (Ind),skipped,skipped,skipped,skipped,,5
4931,Andrew BRYDEN (Ind),skipped,skipped,skipped,skipped,,5
4932,Andrew BRYDEN (Ind),skipped,skipped,skipped,skipped,,5
4933,Andrew BRYDEN (Ind),skipped,skipped,skipped,skipped,,5
4934,Andrew BRYDEN (Ind),skipped,skipped,skipped,skipped,,5
4935,Andrew BRYDEN (Ind),skipped,skipped,skipped,skipped,,5
4936,Andrew BRYDEN (Ind),skipped,skipped,skipped,skipped,,5
4937,Andrew BRYDEN (Ind),skipped,skipped,skipped,skipped,,5
4938,Andrew BRYDEN (Ind),skipped,skipped,skipped,skipped,,5
4939,Andrew BRYDEN (Ind),skipped,skipped,skipped,skipped,,5
4940,Andrew BRYDEN (Ind),skipped,skipped,skipped,skipped,,5
4941,Andrew BRYDEN (Ind),skipped,skipped,skipped,skipped,,5
4942,Andrew BRYDEN (Ind),skipped,skipped,skipped,skipped,,5
4943,Andrew BRYDEN (Ind),skipped,skipped,skipped,skipped,,5
4944,Andrew BRYDEN (Ind),skipped,skipped,skipped,skipped,,5
4945,Andrew BRYDEN (Ind),skipped,skipped,skipped,skipped,,5
4946,Andrew BRYDEN (Ind),skipped,skipped,skipped,skipped,,5
4947,Andrew BRYDEN (Ind),skipped,skipped,skipped,skipped,,5
4948,Andrew BRYDEN (Ind),skipped,skipped,skipped,skipped,,5
4949,Andrew BRYDEN (Ind),skipped,skipped,skipped,skipped,,5
4950,Andrew BRYDEN (Ind),skipped,skipped,skipped,skipped,,5
4951,Andrew BRYDEN (Ind),skipped,skipped,skipped,skipped,,5
4952,Andrew BRYDEN (Ind),skipped,skipped,skipped,skipped,,5
4953,Andrew BRYDEN (Ind),skipped,skipped,skipped,skipped,,5
4954,Andrew BRYDEN (Ind),skipped,skipped,skipped,skipped,,5
4955,Andrew BRYDEN (Ind),skipped,skipped,skipped,skipped,,5
4956,Andrew BRYDEN (Ind),skipped,skipped,skipped,skipped,,5
4957,Andrew BRYDEN (Ind),skipped,skipped,skipped,skipped,,5
4958,Andrew BRYDEN (Ind),skipped,skipped,skipped,skipped,,5
4959,Andrew BRYDEN (Ind),skipped,skipped,skipped,skipped,,5
4960,Andrew BRYDEN (Ind),skipped,skipped,skipped,skipped,,5
4961,Andrew BRYDEN (Ind),skipped,skipped,skipped,skipped,,5
4962,Andrew BRYDEN (Ind),skipped,skipped,skipped,skipped,,5
4963,Andrew BRYDEN (Ind),Con,skipped,skipped,skipped,,5
4964,Andrew BRYDEN (Ind),Con,skipped,skipped,skipped,,5
4965,Andrew BRYDEN (Ind),Con,skipped,skipped,skipped,,5
4966,Andrew BRYDEN (Ind),Con,skipped,skipped,skipped,,5
4967,Andrew BRYDEN (Ind),Con,skipped,skipped,skipped,,5
4968,Andrew BRYDEN (Ind),Con,skipped,skipped,skipped,,5
4969,Andrew BRYDEN (Ind),Con,skipped,skipped,skipped,,5
4970,Andrew BRYDEN (Ind),Con,skipped,skipped,skipped,,5
4971,Andrew BRYDEN (Ind),Con,skipped,skipped,skipped,,5
4972,Andrew BRYDEN (Ind),Con,skipped,skipped,skipped,,5
4973,Andrew BRYDEN (Ind),Con,skipped,skipped,skipped,,5
4974,Andrew BRYDEN (Ind),Con,skipped,skipped,skipped,,5
4975,Andrew BRYDEN (Ind),Con,skipped,skipped,skipped,,5
4976,Andrew BRYDEN (Ind),Con,skipped,skipped,skipped,,5
4977,Andrew BRYDEN (Ind),Con,skipped,skipped,skipped,,5
4978,Andrew BRYDEN (Ind),Con,skipped,skipped,skipped,,5
4979,Andrew BRYDEN (Ind),Con,skipped,skipped,skipped,,5
4980,Andrew BRYDEN (Ind),Con,skipped,skipped,skipped,,5
4981,Andrew BRYDEN (Ind),Con,skipped,skipped,skipped,,5
4982,Andrew BRYDEN (Ind),Con,skipped,skipped,skipped,,5
4983,Andrew BRYDEN (Ind),Con,skipped,skipped,skipped,,5
4984,Andrew BRYDEN (Ind),Con,skipped,skipped,skipped,,5
4985,Andrew BRYDEN (Ind),Con,skipped,skipped,skipped,,5
4986,Andrew BRYDEN (Ind),Con,skipped,skipped,skipped,,5
4987,Andrew BRYDEN (Ind),Con,skipped,skipped,skipped,,5
4988,Andrew BRYDEN (Ind),Con,skipped,skipped,skipped,,5
4989,Andrew BRYDEN (Ind),Con,skipped,skipped,skipped,,5
4990,Andrew BRYDEN (Ind),Con,skipped,skipped,skipped,,5
4991,Andrew BRYDEN (Ind),Con,skipped,skipped,skipped,,5
4992,Andrew BRYDEN (Ind),Con,skipped,skipped,skipped,,5
4993,Andrew BRYDEN (Ind),Con,skipped,skipped,skipped,,5
4994,Andrew BRYDEN (Ind),Con,skipped,skipped,skipped,,5
4995,Andrew BRYDEN (Ind),Con,skipped,skipped,skipped,,5
4996,Andrew BRYDEN (Ind),Con,skipped,skipped,skipped,,5
4997,Andrew BRYDEN (Ind),Con,Lab,skipped,skipped,,5
4998,Andrew BRYDEN (Ind),Con,Lab,skipped,skipped,,5
4999,Andrew BRYDEN (Ind),Con,Lab,skipped,skipped,,5
5000,Andrew BRYDEN (Ind),Con,Lab,skipped,skipped,,5
5001,Andrew BRYDEN (Ind),Con,Lab,skipped,skipped,,5
5002,Andrew BRYDEN (Ind),Con,Lab,skipped,skipped,,5
5003,Andrew BRYDEN (Ind),Con,Lab,skipped,skipped,,5
5004,Andrew BRYDEN (Ind),Con,Lab,skipped,skipped,,5
5005,Andrew BRYDEN (Ind),Con,Lab,skipped,skipped,,5
5006,Andrew BRYDEN (Ind),Con,Lab,skipped,skipped,,5
5007,Andrew BRYDEN (Ind),Con,Lab,skipped,skipped,,5
5008,Andrew BRYDEN (Ind),Con,Lab,skipped,skipped,,5
5009,Andrew BRYDEN (Ind),Con,Lab,skipped,skipped,,5
5010,Andrew BRYDEN (Ind),Con,Lab,skipped,skipped,,5
5011,Andrew BRYDEN (Ind),Con,Lab,skipped,skipped,,5
5012,Andrew BRYDEN (Ind),Con,Lab,skipped,skipped,,5
5013,Andrew BRYDEN (Ind),Con,Lab,skipped,skipped,,5
5014,Andrew BRYDEN (Ind),Con,Lab,skipped,skipped,,5
5015,Andrew BRYDEN (Ind),Con,Lab,skipped,skipped,,5
5016,Andrew BRYDEN (Ind),Con,Lab,skipped,skipped,,5
5017,Andrew BRYDEN (Ind),Con,Lab,skipped,skipped,,5
5018,Andrew BRYDEN (Ind),Con,Lab,skipped,skipped,,5
5019,Andrew BRYDEN (Ind),Con,Lab,skipped,skipped,,5
5020,Andrew BRYDEN (Ind),Con,Lab,skipped,skipped,,5
5021,Andrew BRYDEN (Ind),Con,Lab,skipped,skipped,,5
5022,Andrew BRYDEN (Ind),Con,Lab,skipped,skipped,,5
5023,Andrew BRYDEN (Ind),Con,Lab,skipped,skipped,,5
5024,Andrew BRYDEN (Ind),Con,Lab,skipped,skipped,,5
5025,Andrew BRYDEN (Ind),Con,Lab,skipped,skipped,,5
5026,Andrew BRYDEN (Ind),Con,Lab,skipped,skipped,,5
5027,Andrew BRYDEN (Ind),Con,Lab,skipped,skipped,,5
5028,Andrew BRYDEN (Ind),Con,Lab,skipped,skipped,,5
5029,Andrew BRYDEN (Ind),Con,Lab,skipped,skipped,,5
5030,Andrew BRYDEN (Ind),Con,Lab,SNP,skipped,,5
5031,Andrew BRYDEN (Ind),Con,Lab,SNP,skipped,,5
5032,Andrew BRYDEN (Ind),Con,Lab,SNP,skipped,,5
5033,Andrew BRYDEN (Ind),Con,Lab,SNP,skipped,,5
5034,Andrew BRYDEN (Ind),Con,Lab,SNP,skipped,,5
5035,Andrew BRYDEN (Ind),Con,Lab,SNP,skipped,,5
5036,Andrew BRYDEN (Ind),Con,Lab,SNP,skipped,,5
5037,Andrew BRYDEN (Ind),Con,Lab,SNP,skipped,,5
5038,Andrew BRYDEN (Ind),Con,Lab,SNP,skipped,,5
5039,Andrew BRYDEN (Ind),Con,Lab,SNP,skipped,,5
5040,Andrew BRYDEN (Ind),Con,SNP,skipped,skipped,,5
5041,Andrew BRYDEN (Ind),Con,SNP,skipped,skipped,,5
5042,Andrew BRYDEN (Ind),Con,SNP,Lab,skipped,,5
5043,Andrew BRYDEN (Ind),Con,SNP,Lab,skipped,,5
5044,Andrew BRYDEN (Ind),Con,SNP,skipped,skipped,,5
5045,Andrew BRYDEN (Ind),Con,SNP,skipped,skipped,,5
5046,Andrew BRYDEN (Ind),Con,SNP,skipped,skipped,,5
5047,Andrew BRYDEN (Ind),Con,Lab,SNP,skipped,,5
5048,Andrew BRYDEN (Ind),Con,Lab,SNP,skipped,,5
5049,Andrew BRYDEN (Ind),Con,SNP,Lab,skipped,,5
5050,Andrew BRYDEN (Ind),Lab,skipped,skipped,skipped,,5
5051,Andrew BRYDEN (Ind),Lab,skipped,skipped,skipped,,5
5052,Andrew BRYDEN (Ind),Lab,skipped,skipped,skipped,,5
5053,Andrew BRYDEN (Ind),Lab,skipped,skipped,skipped,,5
5054,Andrew BRYDEN (Ind),Lab,skipped,skipped,skipped,,5
5055,Andrew BRYDEN (Ind),Lab,skipped,skipped,skipped,,5
5056,Andrew BRYDEN (Ind),Lab,skipped,skipped,skipped,,5
5057,Andrew BRYDEN (Ind),Lab,skipped,skipped,skipped,,5
5058,Andrew BRYDEN (Ind),Lab,skipped,skipped,skipped,,5
5059,Andrew BRYDEN (Ind),Lab,skipped,skipped,skipped,,5
5060,Andrew BRYDEN (Ind),Lab,skipped,skipped,skipped,,5
5061,Andrew BRYDEN (Ind),Lab,skipped,skipped,skipped,,5
5062,Andrew BRYDEN (Ind),Lab,skipped,skipped,skipped,,5
5063,Andrew BRYDEN (Ind),Lab,skipped,skipped,skipped,,5
5064,Andrew BRYDEN (Ind),Lab,skipped,skipped,skipped,,5
5065,Andrew BRYDEN (Ind),Lab,skipped,skipped,skipped,,5
5066,Andrew BRYDEN (Ind),Lab,skipped,skipped,skipped,,5
5067,Andrew BRYDEN (Ind),Lab,skipped,skipped,skipped,,5
5068,Andrew BRYDEN (Ind),Lab,skipped,skipped,skipped,,5
5069,Andrew BRYDEN (Ind),Lab,skipped,skipped,skipped,,5
5070,Andrew BRYDEN (Ind),Lab,skipped,skipped,skipped,,5
5071,Andrew BRYDEN (Ind),Lab,skipped,skipped,skipped,,5
5072,Andrew BRYDEN (Ind),Lab,skipped,skipped,skipped,,5
5073,Andrew BRYDEN (Ind),Lab,skipped,skipped,skipped,,5
5074,Andrew BRYDEN (Ind),Lab,skipped,skipped,skipped,,5
5075,Andrew BRYDEN (Ind),Lab,skipped,skipped,skipped,,5
5076,Andrew BRYDEN (Ind),Lab,skipped,skipped,skipped,,5
5077,Andrew BRYDEN (Ind),Lab,Con,skipped,skipped,,5
5078,Andrew BRYDEN (Ind),Lab,Con,skipped,skipped,,5
5079,Andrew BRYDEN (Ind),Lab,Con,skipped,skipped,,5
5080,Andrew BRYDEN (Ind),Lab,Con,skipped,skipped,,5
5081,Andrew BRYDEN (Ind),Lab,Con,skipped,skipped,,5
5082,Andrew BRYDEN (Ind),Lab,Con,skipped,skipped,,5
5083,Andrew BRYDEN (Ind),Lab,Con,skipped,skipped,,5
5084,Andrew BRYDEN (Ind),Lab,Con,skipped,skipped,,5
5085,Andrew BRYDEN (Ind),Lab,Con,skipped,skipped,,5
5086,Andrew BRYDEN (Ind),Lab,Con,skipped,skipped,,5
5087,Andrew BRYDEN (Ind),Lab,Con,skipped,skipped,,5
5088,Andrew BRYDEN (Ind),Lab,Con,skipped,skipped,,5
5089,Andrew BRYDEN (Ind),Lab,Con,skipped,skipped,,5
5090,Andrew BRYDEN (Ind),Lab,Con,skipped,skipped,,5
5091,Andrew BRYDEN (Ind),Lab,Con,skipped,skipped,,5
5092,Andrew BRYDEN (Ind),Lab,Con,skipped,skipped,,5
5093,Andrew BRYDEN (Ind),Lab,Con,SNP,skipped,,5
5094,Andrew BRYDEN (Ind),Lab,Con,SNP,skipped,,5
5095,Andrew BRYDEN (Ind),Lab,Con,SNP,skipped,,5
5096,Andrew BRYDEN (Ind),Lab,Con,SNP,skipped,,5
5097,Andrew BRYDEN (Ind),Lab,Con,SNP,skipped,,5
5098,Andrew BRYDEN (Ind),Lab,Con,SNP,skipped,,5
5099,Andrew BRYDEN (Ind),Lab,Con,SNP,skipped,,5
5100,Andrew BRYDEN (Ind),Lab,Con,SNP,skipped,,5
5101,Andrew BRYDEN (Ind),Lab,Con,SNP,skipped,,5
5102,Andrew BRYDEN (Ind),Lab,Con,SNP,skipped,,5
5103,Andrew BRYDEN (Ind),Lab,SNP,skipped,skipped,,5
5104,Andrew BRYDEN (Ind),Lab,SNP,skipped,skipped,,5
5105,Andrew BRYDEN (Ind),Lab,SNP,skipped,skipped,,5
5106,Andrew BRYDEN (Ind),Lab,SNP,skipped,skipped,,5
5107,Andrew BRYDEN (Ind),Lab,SNP,skipped,skipped,,5
5108,Andrew BRYDEN (Ind),Lab,SNP,Con,skipped,,5
5109,Andrew BRYDEN (Ind),Lab,SNP,Con,skipped,,5
5110,Andrew BRYDEN (Ind),Lab,SNP,Con,skipped,,5
5111,Andrew BRYDEN (Ind),Lab,SNP,Con,skipped,,5
5112,Andrew BRYDEN (Ind),Lab,SNP,Con,skipped,,5
5113,Andrew BRYDEN (Ind),Lab,SNP,Con,skipped,,5
5114,Andrew BRYDEN (Ind),Lab,SNP,Con,skipped,,5
5115,Andrew BRYDEN (Ind),Lab,SNP,Con,skipped,,5
5116,Andrew BRYDEN (Ind),Lab,SNP,skipped,skipped,,5
5117,Andrew BRYDEN (Ind),Lab,SNP,skipped,skipped,,5
5118,Andrew BRYDEN (Ind),Lab,SNP,skipped,skipped,,5
5119,Andrew BRYDEN (Ind),Lab,SNP,skipped,skipped,,5
5120,Andrew BRYDEN (Ind),Lab,SNP,skipped,skipped,,5
5121,Andrew BRYDEN (Ind),Lab,SNP,skipped,skipped,,5
5122,Andrew BRYDEN (Ind),Lab,SNP,skipped,skipped,,5
5123,Andrew BRYDEN (Ind),Lab,SNP,skipped,skipped,,5
5124,Andrew BRYDEN (Ind),Lab,SNP,skipped,skipped,,5
5125,Andrew BRYDEN (Ind),Lab,SNP,skipped,skipped,,5
5126,Andrew BRYDEN (Ind),Lab,SNP,Con,skipped,,5
5127,Andrew BRYDEN (Ind),Lab,SNP,Con,skipped,,5
5128,Andrew BRYDEN (Ind),Lab,SNP,Con,skipped,,5
5129,Andrew BRYDEN (Ind),Lab,SNP,Con,skipped,,5
5130,Andrew BRYDEN (Ind),SNP,skipped,skipped,skipped,,5
5131,Andrew BRYDEN (Ind),SNP,skipped,skipped,skipped,,5
5132,Andrew BRYDEN (Ind),SNP,skipped,skipped,skipped,,5
5133,Andrew BRYDEN (Ind),SNP,skipped,skipped,skipped,,5
5134,Andrew BRYDEN (Ind),SNP,Con,skipped,skipped,,5
5135,Andrew BRYDEN (Ind),SNP,Con,skipped,skipped,,5
5136,Andrew BRYDEN (Ind),SNP,Con,skipped,skipped,,5
5137,Andrew BRYDEN (Ind),SNP,Lab,skipped,skipped,,5
5138,Andrew BRYDEN (Ind),SNP,Lab,skipped,skipped,,5
5139,Andrew BRYDEN (Ind),SNP,Lab,skipped,skipped,,5
5140,Andrew BRYDEN (Ind),SNP,Lab,skipped,skipped,,5
5141,Andrew BRYDEN (Ind),SNP,Lab,Con,skipped,,5
5142,Andrew BRYDEN (Ind),SNP,Lab,Con,skipped,,5
5143,Andrew BRYDEN (Ind),SNP,Lab,Con,skipped,,5
5144,Andrew BRYDEN (Ind),SNP,skipped,skipped,skipped,,5
5145,Andrew BRYDEN (Ind),SNP,skipped,skipped,skipped,,5
5146,Andrew BRYDEN (Ind),SNP,skipped,skipped,skipped,,5
5147,Andrew BRYDEN (Ind),SNP,skipped,skipped,skipped,,5
5148,Andrew BRYDEN (Ind),SNP,skipped,skipped,skipped,,5
5149,Andrew BRYDEN (Ind),SNP,skipped,skipped,skipped,,5
5150,Andrew BRYDEN (Ind),SNP,skipped,skipped,skipped,,5
5151,Andrew BRYDEN (Ind),SNP,skipped,skipped,skipped,,5
5152,Andrew BRYDEN (Ind),SNP,skipped,skipped,skipped,,5
5153,Andrew BRYDEN (Ind),SNP,skipped,skipped,skipped,,5
5154,Andrew BRYDEN (Ind),SNP,skipped,skipped,skipped,,5
5155,Andrew BRYDEN (Ind),SNP,skipped,skipped,skipped,,5
5156,Andrew BRYDEN (Ind),SNP,skipped,skipped,skipped,,5
5157,Andrew BRYDEN (Ind),SNP,skipped,skipped,skipped,,5
5158,Andrew BRYDEN (Ind),SNP,skipped,skipped,skipped,,5
5159,Andrew BRYDEN (Ind),SNP,skipped,skipped,skipped,,5
5160,Andrew BRYDEN (Ind),SNP,skipped,skipped,skipped,,5
5161,Andrew BRYDEN (Ind),SNP,skipped,skipped,skipped,,5
5162,Andrew BRYDEN (Ind),SNP,Con,skipped,skipped,,5
5163,Andrew BRYDEN (Ind),SNP,Con,Lab,skipped,,5
5164,Andrew BRYDEN (Ind),SNP,Con,Lab,skipped,,5
5165,Andrew BRYDEN (Ind),SNP,Con,Lab,skipped,,5
5166,Andrew BRYDEN (Ind),SNP,Con,Lab,skipped,,5
5167,Andrew BRYDEN (Ind),SNP,Con,Lab,skipped,,5
5168,Andrew BRYDEN (Ind),SNP,Con,Lab,skipped,,5
5169,Andrew BRYDEN (Ind),SNP,Lab,skipped,skipped,,5
5170,Andrew BRYDEN (Ind),SNP,Lab,skipped,skipped,,5
5171,Andrew BRYDEN (Ind),SNP,Lab,skipped,skipped,,5
5172,Andrew BRYDEN (Ind),SNP,Lab,Con,skipped,,5
5173,Andrew BRYDEN (Ind),SNP,Lab,Con,skipped,,5
5174,Andrew BRYDEN (Ind),SNP,Lab,Con,skipped,,5
5175,Andrew BRYDEN (Ind),SNP,Lab,Con,skipped,,5
5176,Andrew BRYDEN (Ind),SNP,Lab,Con,skipped,,5
5177,Andrew BRYDEN (Ind),SNP,Lab,Con,skipped,,5
5178,Andrew BRYDEN (Ind),SNP,Lab,Con,skipped,,5
5179,Andrew BRYDEN (Ind),SNP,Lab,Con,skipped,,5
5180,Andrew BRYDEN (Ind),SNP,skipped,skipped,skipped,,5
5181,Andrew BRYDEN (Ind),SNP,skipped,skipped,skipped,,5
5182,Andrew BRYDEN (Ind),SNP,skipped,skipped,skipped,,5
5183,Andrew BRYDEN (Ind),SNP,skipped,skipped,skipped,,5
5184,Andrew BRYDEN (Ind),SNP,skipped,skipped,skipped,,5
5185,Andrew BRYDEN (Ind),SNP,skipped,skipped,skipped,,5
5186,Andrew BRYDEN (Ind),SNP,skipped,skipped,skipped,,5
5187,Andrew BRYDEN (Ind),SNP,skipped,skipped,skipped,,5
5188,Andrew BRYDEN (Ind),SNP,skipped,skipped,skipped,,5
5189,Andrew BRYDEN (Ind),SNP,Con,skipped,skipped,,5
5190,Andrew BRYDEN (Ind),SNP,Lab,skipped,skipped,,5
5191,Andrew BRYDEN (Ind),SNP,Lab,Con,skipped,,5
5192,Andrew BRYDEN (Ind),Lab,Con,SNP,skipped,,5
5193,Andrew BRYDEN (Ind),Lab,SNP,Con,skipped,,5
5194,Andrew BRYDEN (Ind),SNP,skipped,skipped,skipped,,5
5195,Andrew BRYDEN (Ind),SNP,skipped,skipped,skipped,,5
5196,Andrew BRYDEN (Ind),SNP,skipped,skipped,skipped,,5
5197,Andrew BRYDEN (Ind),SNP,skipped,skipped,skipped,,5
5198,Andrew BRYDEN (Ind),SNP,skipped,skipped,skipped,,5
5199,Andrew BRYDEN (Ind),SNP,skipped,skipped,skipped,,5
5200,Andrew BRYDEN (Ind),SNP,skipped,skipped,skipped,,5
5201,Andrew BRYDEN (Ind),SNP,Con,Lab,skipped,,5
5202,Andrew BRYDEN (Ind),SNP,Con,Lab,skipped,,5
5203,Andrew BRYDEN (Ind),SNP,Lab,Con,skipped,,5
