voterId,rank1,rank2,rank3,rank4,rank5,rank6,rank7,rank8,rank9,rank10,numSeats,numCands
0,Iris GIBSON (SNP),skipped,skipped,skipped,skipped,skipped,skipped,skipped,skipped,skipped,4,10
1,Iris GIBSON (SNP),skipped,skipped,skipped,skipped,skipped,skipped,skipped,skipped,skipped,4,10
2,Iris GIBSON (SNP),skipped,skipped,skipped,skipped,skipped,skipped,skipped,skipped,skipped,4,10
3,Iris GIBSON (SNP),skipped,skipped,skipped,skipped,skipped,skipped,skipped,skipped,skipped,4,10
4,Iris GIBSON (SNP),skipped,skipped,skipped,skipped,skipped,skipped,skipped,skipped,skipped,4,10
5,Iris GIBSON (SNP),skipped,skipped,skipped,skipped,skipped,skipped,skipped,skipped,skipped,4,10
6,Iris GIBSON (SNP),skipped,skipped,skipped,skipped,skipped,skipped,skipped,skipped,skipped,4,10
7,Iris GIBSON (SNP),skipped,skipped,skipped,skipped,skipped,skipped,skipped,skipped,skipped,4,10
8,Iris GIBSON (SNP),skipped,skipped,skipped,skipped,skipped,skipped,skipped,skipped,skipped,4,10
9,Iris GIBSON (SNP),skipped,skipped,skipped,skipped,skipped,skipped,skipped,skipped,skipped,4,10
10,Iris GIBSON (SNP),skipped,skipped,skipped,skipped,skipped,skipped,skipped,skipped,skipped,4,10
11,Iris GIBSON (SNP),skipped,skipped,skipped,skipped,skipped,skipped,skipped,skipped,skipped,4,10
12,Iris GIBSON (SNP),skipped,skipped,skipped,skipped,skipped,skipped,skipped,skipped,skipped,4,10
13,Iris GIBSON (SNP),skipped,skipped,skipped,skipped,skipped,skipped,skipped,skipped,skipped,4,10
14,Iris GIBSON (SNP),skipped,skipped,skipped,skipped,skipped,skipped,skipped,skipped,skipped,4,10
15,Iris GIBSON (SNP),skipped,skipped,skipped,skipped,skipped,skipped,skipped,skipped,skipped,4,10
16,Iris GIBSON (SNP),skipped,skipped,skipped,skipped,skipped,skipped,skipped,skipped,skipped,4,10
17,Iris GIBSON (SNP),skipped,skipped,skipped,skipped,skipped,skipped,skipped,skipped,skipped,4,10
18,Iris GIBSON (SNP),skipped,skipped,skipped,skipped,skipped,skipped,skipped,skipped,skipped,4,10
19,Iris GIBSON (SNP),skipped,skipped,skipped,skipped,skipped,skipped,skipped,skipped,skipped,4,10
20,Iris GIBSON (SNP),skipped,skipped,skipped,skipped,skipped,skipped,skipped,skipped,skipped,4,10
21,Iris GIBSON (SNP),skipped,skipped,skipped,skipped,skipped,skipped,skipped,skipped,skipped,4,10
22,Iris GIBSON (SNP),skipped,skipped,skipped,skipped,skipped,skipped,skipped,skipped,skipped,4,10
23,Iris GIBSON (SNP),skipped,skipped,skipped,skipped,skipped,skipped,skipped,skipped,skipped,4,10
24,Iris GIBSON (SNP),skipped,skipped,skipped,skipped,skipped,skipped,skipped,skipped,skipped,4,10
25,Iris GIBSON (SNP),skipped,skipped,skipped,skipped,skipped,skipped,skipped,skipped,skipped,4,10
26,Iris GIBSON (SNP),skipped,skipped,skipped,skipped,skipped,skipped,skipped,skipped,skipped,4,10
27,Iris GIBSON (SNP),skipped,skipped,skipped,skipped,skipped,skipped,skipped,skipped,skipped,4,10
28,Iris GIBSON (SNP),skipped,skipped,skipped,skipped,skipped,skipped,skipped,skipped,skipped,4,10
29,Iris GIBSON (SNP),skipped,skipped,skipped,skipped,skipped,skipped,skipped,skipped,skipped,4,10
30,Iris GIBSON (SNP),skipped,skipped,skipped,skipped,skipped,skipped,skipped,skipped,skipped,4,10
31,Iris GIBSON (SNP),skipped,skipped,skipped,skipped,skipped,skipped,skipped,skipped,skipped,4,10
32,Iris GIBSON (SNP),skipped,skipped,skipped,skipped,skipped,skipped,skipped,skipped,skipped,4,10
33,Iris GIBSON (SNP),skipped,skipped,skipped,skipped,skipped,skipped,skipped,skipped,skipped,4,10
34,Iris GIBSON (SNP),skipped,skipped,skipped,skipped,skipped,skipped,skipped,skipped,skipped,4,10
35,Iris GIBSON (SNP),skipped,skipped,skipped,skipped,skipped,skipped,skipped,skipped,skipped,4,10
36,Iris GIBSON (SNP),skipped,skipped,skipped,skipped,skipped,skipped,skipped,skipped,skipped,4,10
37,Iris GIBSON (SNP),skipped,skipped,skipped,skipped,skipped,skipped,skipped,skipped,skipped,4,10
38,Iris GIBSON (SNP),skipped,skipped,skipped,skipped,skipped,skipped,skipped,skipped,skipped,4,10
39,Iris GIBSON (SNP),skipped,skipped,skipped,skipped,skipped,skipped,skipped,skipped,skipped,4,10
40,Iris GIBSON (SNP),skipped,skipped,skipped,skipped,skipped,skipped,skipped,skipped,skipped,4,10
41,Iris GIBSON (SNP),skipped,skipped,skipped,skipped,skipped,skipped,skipped,skipped,skipped,4,10
42,Iris GIBSON (SNP),skipped,skipped,skipped,skipped,skipped,skipped,skipped,skipped,skipped,4,10
43,Iris GIBSON (SNP),skipped,skipped,skipped,skipped,skipped,skipped,skipped,skipped,skipped,4,10
44,Iris GIBSON (SNP),skipped,skipped,skipped,skipped,skipped,skipped,skipped,skipped,skipped,4,10
45,Iris GIBSON (SNP),skipped,skipped,skipped,skipped,skipped,skipped,skipped,skipped,skipped,4,10
46,Iris GIBSON (SNP),skipped,skipped,skipped,skipped,skipped,skipped,skipped,skipped,skipped,4,10
47,Iris GIBSON (SNP),skipped,skipped,skipped,skipped,skipped,skipped,skipped,skipped,skipped,4,10
48,Iris GIBSON (SNP),skipped,skipped,skipped,skipped,skipped,skipped,skipped,skipped,skipped,4,10
49,Iris GIBSON (SNP),skipped,skipped,skipped,skipped,skipped,skipped,skipped,skipped,skipped,4,10
50,Iris GIBSON (SNP),skipped,skipped,skipped,skipped,skipped,skipped,skipped,skipped,skipped,4,10
51,Iris GIBSON (SNP),skipped,skipped,skipped,skipped,skipped,skipped,skipped,skipped,skipped,4,10
52,Iris GIBSON (SNP),skipped,skipped,skipped,skipped,skipped,skipped,skipped,skipped,skipped,4,10
53,Iris GIBSON (SNP),skipped,skipped,skipped,skipped,skipped,skipped,skipped,skipped,skipped,4,10
54,Iris GIBSON (SNP),skipped,skipped,skipped,skipped,skipped,skipped,skipped,skipped,skipped,4,10
55,Iris GIBSON (SNP),skipped,skipped,skipped,skipped,skipped,skipped,skipped,skipped,skipped,4,10
56,Iris GIBSON (SNP),skipped,skipped,skipped,skipped,skipped,skipped,skipped,skipped,skipped,4,10
57,Iris GIBSON (SNP),skipped,skipped,skipped,skipped,skipped,skipped,skipped,skipped,skipped,4,10
58,Iris GIBSON (SNP),skipped,skipped,skipped,skipped,skipped,skipped,skipped,skipped,skipped,4,10
59,Iris GIBSON (SNP),skipped,skipped,skipped,skipped,skipped,skipped,skipped,skipped,skipped,4,10
60,Iris GIBSON (SNP),skipped,skipped,skipped,skipped,skipped,skipped,skipped,skipped,skipped,4,10
61,Iris GIBSON (SNP),skipped,skipped,skipped,skipped,skipped,skipped,skipped,skipped,skipped,4,10
62,Iris GIBSON (SNP),skipped,skipped,skipped,skipped,skipped,skipped,skipped,skipped,skipped,4,10
63,Iris GIBSON (SNP),skipped,skipped,skipped,skipped,skipped,skipped,skipped,skipped,skipped,4,10
64,Iris GIBSON (SNP),skipped,skipped,skipped,skipped,skipped,skipped,skipped,skipped,skipped,4,10
65,Iris GIBSON (SNP),skipped,skipped,skipped,skipped,skipped,skipped,skipped,skipped,skipped,4,10
66,Iris GIBSON (SNP),skipped,skipped,skipped,skipped,skipped,skipped,skipped,skipped,skipped,4,10
67,Iris GIBSON (SNP),skipped,skipped,skipped,skipped,skipped,skipped,skipped,skipped,skipped,4,10
68,Iris GIBSON (SNP),skipped,skipped,skipped,skipped,skipped,skipped,skipped,skipped,skipped,4,10
69,Iris GIBSON (SNP),skipped,skipped,skipped,skipped,skipped,skipped,skipped,skipped,skipped,4,10
70,Iris GIBSON (SNP),skipped,skipped,skipped,skipped,skipped,skipped,skipped,skipped,skipped,4,10
71,Iris GIBSON (SNP),skipped,skipped,skipped,skipped,skipped,skipped,skipped,skipped,skipped,4,10
72,Iris GIBSON (SNP),skipped,skipped,skipped,skipped,skipped,skipped,skipped,skipped,skipped,4,10
73,Iris GIBSON (SNP),skipped,skipped,skipped,skipped,skipped,skipped,skipped,skipped,skipped,4,10
74,Iris GIBSON (SNP),skipped,skipped,skipped,skipped,skipped,skipped,skipped,skipped,skipped,4,10
75,Iris GIBSON (SNP),skipped,skipped,skipped,skipped,skipped,skipped,skipped,skipped,skipped,4,10
76,Iris GIBSON (SNP),skipped,skipped,skipped,skipped,skipped,skipped,skipped,skipped,skipped,4,10
77,Iris GIBSON (SNP),skipped,skipped,skipped,skipped,skipped,skipped,skipped,skipped,skipped,4,10
78,Iris GIBSON (SNP),skipped,skipped,skipped,skipped,skipped,skipped,skipped,skipped,skipped,4,10
79,Iris GIBSON (SNP),skipped,skipped,skipped,skipped,skipped,skipped,skipped,skipped,skipped,4,10
80,Iris GIBSON (SNP),skipped,skipped,skipped,skipped,skipped,skipped,skipped,skipped,skipped,4,10
81,Iris GIBSON (SNP),skipped,skipped,skipped,skipped,skipped,skipped,skipped,skipped,skipped,4,10
82,Iris GIBSON (SNP),skipped,skipped,skipped,skipped,skipped,skipped,skipped,skipped,skipped,4,10
83,Iris GIBSON (SNP),skipped,skipped,skipped,skipped,skipped,skipped,skipped,skipped,skipped,4,10
84,Iris GIBSON (SNP),skipped,skipped,skipped,skipped,skipped,skipped,skipped,skipped,skipped,4,10
85,Iris GIBSON (SNP),skipped,skipped,skipped,skipped,skipped,skipped,skipped,skipped,skipped,4,10
86,Iris GIBSON (SNP),skipped,skipped,skipped,skipped,skipped,skipped,skipped,skipped,skipped,4,10
87,Iris GIBSON (SNP),skipped,skipped,skipped,skipped,skipped,skipped,skipped,skipped,skipped,4,10
88,Iris GIBSON (SNP),skipped,skipped,skipped,skipped,skipped,skipped,skipped,skipped,skipped,4,10
89,Iris GIBSON (SNP),skipped,skipped,skipped,skipped,skipped,skipped,skipped,skipped,skipped,4,10
90,Iris GIBSON (SNP),skipped,skipped,skipped,skipped,skipped,skipped,skipped,skipped,skipped,4,10
91,Iris GIBSON (SNP),skipped,skipped,skipped,skipped,skipped,skipped,skipped,skipped,skipped,4,10
92,Iris GIBSON (SNP),skipped,skipped,skipped,skipped,skipped,skipped,skipped,skipped,skipped,4,10
93,Iris GIBSON (SNP),Alistair WATSON (Lab),skipped,skipped,skipped,skipped,skipped,skipped,skipped,skipped,4,10
94,Iris GIBSON (SNP),Alistair WATSON (Lab),skipped,skipped,skipped,skipped,skipped,skipped,skipped,skipped,4,10
95,Iris GIBSON (SNP),Alistair WATSON (Lab),skipped,skipped,skipped,skipped,skipped,skipped,skipped,skipped,4,10
96,Iris GIBSON (SNP),Alistair WATSON (Lab),skipped,skipped,skipped,skipped,skipped,skipped,skipped,skipped,4,10
97,Iris GIBSON (SNP),Alistair WATSON (Lab),skipped,skipped,skipped,skipped,skipped,skipped,skipped,skipped,4,10
98,Iris GIBSON (SNP),Alistair WATSON (Lab),skipped,skipped,skipped,skipped,skipped,skipped,skipped,skipped,4,10
99,Iris GIBSON (SNP),Alistair WATSON (Lab),skipped,skipped,skipped,skipped,skipped,skipped,skipped,skipped,4,10
100,Iris GIBSON (SNP),Alistair WATSON (Lab),skipped,skipped,skipped,skipped,skipped,skipped,skipped,skipped,4,10
101,Iris GIBSON (SNP),Alistair WATSON (Lab),skipped,skipped,skipped,skipped,skipped,skipped,skipped,skipped,4,10
102,Iris GIBSON (SNP),Alistair WATSON (Lab),skipped,skipped,skipped,skipped,skipped,skipped,skipped,skipped,4,10
103,Iris GIBSON (SNP),Alistair WATSON (Lab),skipped,skipped,skipped,skipped,skipped,skipped,skipped,skipped,4,10
104,Iris GIBSON (SNP),Alistair WATSON (Lab),skipped,skipped,skipped,skipped,skipped,skipped,skipped,skipped,4,10
105,Iris GIBSON (SNP),Alistair WATSON (Lab),skipped,skipped,skipped,skipped,skipped,skipped,skipped,skipped,4,10
106,Iris GIBSON (SNP),Alistair WATSON (Lab),Matt KERR (Lab),skipped,skipped,skipped,skipped,skipped,skipped,skipped,4,10
107,Iris GIBSON (SNP),Alistair WATSON (Lab),Matt KERR (Lab),skipped,skipped,skipped,skipped,skipped,skipped,skipped,4,10
108,Iris GIBSON (SNP),Alistair WATSON (Lab),Matt KERR (Lab),skipped,skipped,skipped,skipped,skipped,skipped,skipped,4,10
109,Iris GIBSON (SNP),Alistair WATSON (Lab),Matt KERR (Lab),skipped,skipped,skipped,skipped,skipped,skipped,skipped,4,10
110,Iris GIBSON (SNP),Alistair WATSON (Lab),Matt KERR (Lab),skipped,skipped,skipped,skipped,skipped,skipped,skipped,4,10
111,Iris GIBSON (SNP),Alistair WATSON (Lab),Matt KERR (Lab),skipped,skipped,skipped,skipped,skipped,skipped,skipped,4,10
112,Iris GIBSON (SNP),Alistair WATSON (Lab),Matt KERR (Lab),skipped,skipped,skipped,skipped,skipped,skipped,skipped,4,10
113,Iris GIBSON (SNP),Alistair WATSON (Lab),Matt KERR (Lab),skipped,skipped,skipped,skipped,skipped,skipped,skipped,4,10
114,Iris GIBSON (SNP),Alistair WATSON (Lab),Matt KERR (Lab),Gordon MACDIARMID (Glasgow First),Janice MACKAY (UKIP),skipped,skipped,skipped,skipped,skipped,4,10
115,Iris GIBSON (SNP),Alistair WATSON (Lab),Matt KERR (Lab),Janice MACKAY (UKIP),skipped,skipped,skipped,skipped,skipped,skipped,4,10
116,Iris GIBSON (SNP),Alistair WATSON (Lab),Matt KERR (Lab),Jim TORRANCE (SNP),skipped,skipped,skipped,skipped,skipped,skipped,4,10
117,Iris GIBSON (SNP),Alistair WATSON (Lab),Matt KERR (Lab),Jim TORRANCE (SNP),skipped,skipped,skipped,skipped,skipped,skipped,4,10
118,Iris GIBSON (SNP),Alistair WATSON (Lab),Matt KERR (Lab),Jim TORRANCE (SNP),Isabel NELSON (LD),Ian RUFFELL (Grn),Jayne Ann MORGAN (Con),skipped,skipped,skipped,4,10
119,Iris GIBSON (SNP),Alistair WATSON (Lab),Matt KERR (Lab),Jim TORRANCE (SNP),Ian RUFFELL (Grn),skipped,skipped,skipped,skipped,skipped,4,10
120,Iris GIBSON (SNP),Alistair WATSON (Lab),Gordon MACDIARMID (Glasgow First),skipped,skipped,skipped,skipped,skipped,skipped,skipped,4,10
121,Iris GIBSON (SNP),Alistair WATSON (Lab),Gordon MACDIARMID (Glasgow First),skipped,skipped,skipped,skipped,skipped,skipped,skipped,4,10
122,Iris GIBSON (SNP),Alistair WATSON (Lab),Gordon MACDIARMID (Glasgow First),Matt KERR (Lab),Gail SHERIDAN (Sol),Jim TORRANCE (SNP),skipped,skipped,skipped,skipped,4,10
123,Iris GIBSON (SNP),Alistair WATSON (Lab),Gordon MACDIARMID (Glasgow First),Jim TORRANCE (SNP),Matt KERR (Lab),Ian RUFFELL (Grn),skipped,skipped,skipped,skipped,4,10
124,Iris GIBSON (SNP),Alistair WATSON (Lab),Janice MACKAY (UKIP),skipped,skipped,skipped,skipped,skipped,skipped,skipped,4,10
125,Iris GIBSON (SNP),Alistair WATSON (Lab),Isabel NELSON (LD),Jim TORRANCE (SNP),Matt KERR (Lab),Gordon MACDIARMID (Glasgow First),skipped,skipped,skipped,skipped,4,10
126,Iris GIBSON (SNP),Alistair WATSON (Lab),Isabel NELSON (LD),Jim TORRANCE (SNP),Matt KERR (Lab),Gordon MACDIARMID (Glasgow First),Ian RUFFELL (Grn),Janice MACKAY (UKIP),Jayne Ann MORGAN (Con),Gail SHERIDAN (Sol),4,10
127,Iris GIBSON (SNP),Alistair WATSON (Lab),Ian RUFFELL (Grn),skipped,skipped,skipped,skipped,skipped,skipped,skipped,4,10
128,Iris GIBSON (SNP),Alistair WATSON (Lab),Ian RUFFELL (Grn),skipped,skipped,skipped,skipped,skipped,skipped,skipped,4,10
129,Iris GIBSON (SNP),Alistair WATSON (Lab),Ian RUFFELL (Grn),skipped,skipped,skipped,skipped,skipped,skipped,skipped,4,10
130,Iris GIBSON (SNP),Alistair WATSON (Lab),Gail SHERIDAN (Sol),skipped,skipped,skipped,skipped,skipped,skipped,skipped,4,10
131,Iris GIBSON (SNP),Alistair WATSON (Lab),Gail SHERIDAN (Sol),skipped,skipped,skipped,skipped,skipped,skipped,skipped,4,10
132,Iris GIBSON (SNP),Alistair WATSON (Lab),Gail SHERIDAN (Sol),skipped,skipped,skipped,skipped,skipped,skipped,skipped,4,10
133,Iris GIBSON (SNP),Alistair WATSON (Lab),Gail SHERIDAN (Sol),skipped,skipped,skipped,skipped,skipped,skipped,skipped,4,10
134,Iris GIBSON (SNP),Alistair WATSON (Lab),Jim TORRANCE (SNP),skipped,skipped,skipped,skipped,skipped,skipped,skipped,4,10
135,Iris GIBSON (SNP),Alistair WATSON (Lab),Jim TORRANCE (SNP),skipped,skipped,skipped,skipped,skipped,skipped,skipped,4,10
136,Iris GIBSON (SNP),Alistair WATSON (Lab),Jim TORRANCE (SNP),skipped,skipped,skipped,skipped,skipped,skipped,skipped,4,10
137,Iris GIBSON (SNP),Alistair WATSON (Lab),Jim TORRANCE (SNP),skipped,skipped,skipped,skipped,skipped,skipped,skipped,4,10
138,Iris GIBSON (SNP),Alistair WATSON (Lab),Jim TORRANCE (SNP),skipped,skipped,skipped,skipped,skipped,skipped,skipped,4,10
139,Iris GIBSON (SNP),Alistair WATSON (Lab),Jim TORRANCE (SNP),skipped,skipped,skipped,skipped,skipped,skipped,skipped,4,10
140,Iris GIBSON (SNP),Alistair WATSON (Lab),Jim TORRANCE (SNP),skipped,skipped,skipped,skipped,skipped,skipped,skipped,4,10
141,Iris GIBSON (SNP),Alistair WATSON (Lab),Jim TORRANCE (SNP),skipped,skipped,skipped,skipped,skipped,skipped,skipped,4,10
142,Iris GIBSON (SNP),Alistair WATSON (Lab),Jim TORRANCE (SNP),skipped,skipped,skipped,skipped,skipped,skipped,skipped,4,10
143,Iris GIBSON (SNP),Alistair WATSON (Lab),Jim TORRANCE (SNP),skipped,skipped,skipped,skipped,skipped,skipped,skipped,4,10
144,Iris GIBSON (SNP),Alistair WATSON (Lab),Jim TORRANCE (SNP),skipped,skipped,skipped,skipped,skipped,skipped,skipped,4,10
145,Iris GIBSON (SNP),Alistair WATSON (Lab),Jim TORRANCE (SNP),skipped,skipped,skipped,skipped,skipped,skipped,skipped,4,10
146,Iris GIBSON (SNP),Alistair WATSON (Lab),Jim TORRANCE (SNP),skipped,skipped,skipped,skipped,skipped,skipped,skipped,4,10
147,Iris GIBSON (SNP),Alistair WATSON (Lab),Jim TORRANCE (SNP),skipped,skipped,skipped,skipped,skipped,skipped,skipped,4,10
148,Iris GIBSON (SNP),Alistair WATSON (Lab),Jim TORRANCE (SNP),skipped,skipped,skipped,skipped,skipped,skipped,skipped,4,10
149,Iris GIBSON (SNP),Alistair WATSON (Lab),Jim TORRANCE (SNP),skipped,skipped,skipped,skipped,skipped,skipped,skipped,4,10
150,Iris GIBSON (SNP),Alistair WATSON (Lab),Jim TORRANCE (SNP),skipped,skipped,skipped,skipped,skipped,skipped,skipped,4,10
151,Iris GIBSON (SNP),Alistair WATSON (Lab),Jim TORRANCE (SNP),skipped,skipped,skipped,skipped,skipped,skipped,skipped,4,10
152,Iris GIBSON (SNP),Alistair WATSON (Lab),Jim TORRANCE (SNP),Matt KERR (Lab),skipped,skipped,skipped,skipped,skipped,skipped,4,10
153,Iris GIBSON (SNP),Alistair WATSON (Lab),Jim TORRANCE (SNP),Matt KERR (Lab),skipped,skipped,skipped,skipped,skipped,skipped,4,10
154,Iris GIBSON (SNP),Alistair WATSON (Lab),Jim TORRANCE (SNP),Matt KERR (Lab),skipped,skipped,skipped,skipped,skipped,skipped,4,10
155,Iris GIBSON (SNP),Alistair WATSON (Lab),Jim TORRANCE (SNP),Matt KERR (Lab),skipped,skipped,skipped,skipped,skipped,skipped,4,10
156,Iris GIBSON (SNP),Alistair WATSON (Lab),Jim TORRANCE (SNP),Matt KERR (Lab),skipped,skipped,skipped,skipped,skipped,skipped,4,10
157,Iris GIBSON (SNP),Alistair WATSON (Lab),Jim TORRANCE (SNP),Matt KERR (Lab),Gail SHERIDAN (Sol),Ian RUFFELL (Grn),Isabel NELSON (LD),Gordon MACDIARMID (Glasgow First),Jayne Ann MORGAN (Con),Janice MACKAY (UKIP),4,10
158,Iris GIBSON (SNP),Alistair WATSON (Lab),Jim TORRANCE (SNP),Gordon MACDIARMID (Glasgow First),Matt KERR (Lab),Janice MACKAY (UKIP),Isabel NELSON (LD),Jayne Ann MORGAN (Con),Ian RUFFELL (Grn),Gail SHERIDAN (Sol),4,10
159,Iris GIBSON (SNP),Alistair WATSON (Lab),Jim TORRANCE (SNP),Jayne Ann MORGAN (Con),Isabel NELSON (LD),Ian RUFFELL (Grn),Gordon MACDIARMID (Glasgow First),Janice MACKAY (UKIP),Matt KERR (Lab),Gail SHERIDAN (Sol),4,10
160,Iris GIBSON (SNP),Alistair WATSON (Lab),Jim TORRANCE (SNP),Isabel NELSON (LD),Jayne Ann MORGAN (Con),Matt KERR (Lab),Gail SHERIDAN (Sol),skipped,skipped,skipped,4,10
161,Iris GIBSON (SNP),Alistair WATSON (Lab),Jim TORRANCE (SNP),Ian RUFFELL (Grn),skipped,skipped,skipped,skipped,skipped,skipped,4,10
162,Iris GIBSON (SNP),Alistair WATSON (Lab),Jim TORRANCE (SNP),Ian RUFFELL (Grn),skipped,skipped,skipped,skipped,skipped,skipped,4,10
163,Iris GIBSON (SNP),Alistair WATSON (Lab),Jim TORRANCE (SNP),Ian RUFFELL (Grn),Matt KERR (Lab),Gail SHERIDAN (Sol),Gordon MACDIARMID (Glasgow First),Isabel NELSON (LD),Jayne Ann MORGAN (Con),Janice MACKAY (UKIP),4,10
164,Iris GIBSON (SNP),Alistair WATSON (Lab),Jim TORRANCE (SNP),Gail SHERIDAN (Sol),skipped,skipped,skipped,skipped,skipped,skipped,4,10
165,Iris GIBSON (SNP),Alistair WATSON (Lab),Jim TORRANCE (SNP),Gail SHERIDAN (Sol),Matt KERR (Lab),skipped,skipped,skipped,skipped,skipped,4,10
166,Iris GIBSON (SNP),Alistair WATSON (Lab),Jim TORRANCE (SNP),Gail SHERIDAN (Sol),Ian RUFFELL (Grn),skipped,skipped,skipped,skipped,skipped,4,10
167,Iris GIBSON (SNP),Matt KERR (Lab),skipped,skipped,skipped,skipped,skipped,skipped,skipped,skipped,4,10
168,Iris GIBSON (SNP),Matt KERR (Lab),skipped,skipped,skipped,skipped,skipped,skipped,skipped,skipped,4,10
169,Iris GIBSON (SNP),Matt KERR (Lab),skipped,skipped,skipped,skipped,skipped,skipped,skipped,skipped,4,10
170,Iris GIBSON (SNP),Matt KERR (Lab),skipped,skipped,skipped,skipped,skipped,skipped,skipped,skipped,4,10
171,Iris GIBSON (SNP),Matt KERR (Lab),skipped,skipped,skipped,skipped,skipped,skipped,skipped,skipped,4,10
172,Iris GIBSON (SNP),Matt KERR (Lab),skipped,skipped,skipped,skipped,skipped,skipped,skipped,skipped,4,10
173,Iris GIBSON (SNP),Matt KERR (Lab),skipped,skipped,skipped,skipped,skipped,skipped,skipped,skipped,4,10
174,Iris GIBSON (SNP),Matt KERR (Lab),skipped,skipped,skipped,skipped,skipped,skipped,skipped,skipped,4,10
175,Iris GIBSON (SNP),Matt KERR (Lab),skipped,skipped,skipped,skipped,skipped,skipped,skipped,skipped,4,10
176,Iris GIBSON (SNP),Matt KERR (Lab),skipped,skipped,skipped,skipped,skipped,skipped,skipped,skipped,4,10
177,Iris GIBSON (SNP),Matt KERR (Lab),skipped,skipped,skipped,skipped,skipped,skipped,skipped,skipped,4,10
178,Iris GIBSON (SNP),Matt KERR (Lab),skipped,skipped,skipped,skipped,skipped,skipped,skipped,skipped,4,10
179,Iris GIBSON (SNP),Matt KERR (Lab),skipped,skipped,skipped,skipped,skipped,skipped,skipped,skipped,4,10
180,Iris GIBSON (SNP),Matt KERR (Lab),skipped,skipped,skipped,skipped,skipped,skipped,skipped,skipped,4,10
181,Iris GIBSON (SNP),Matt KERR (Lab),skipped,skipped,skipped,skipped,skipped,skipped,skipped,skipped,4,10
182,Iris GIBSON (SNP),Matt KERR (Lab),skipped,skipped,skipped,skipped,skipped,skipped,skipped,skipped,4,10
183,Iris GIBSON (SNP),Matt KERR (Lab),skipped,skipped,skipped,skipped,skipped,skipped,skipped,skipped,4,10
184,Iris GIBSON (SNP),Matt KERR (Lab),skipped,skipped,skipped,skipped,skipped,skipped,skipped,skipped,4,10
185,Iris GIBSON (SNP),Matt KERR (Lab),skipped,skipped,skipped,skipped,skipped,skipped,skipped,skipped,4,10
186,Iris GIBSON (SNP),Matt KERR (Lab),skipped,skipped,skipped,skipped,skipped,skipped,skipped,skipped,4,10
187,Iris GIBSON (SNP),Matt KERR (Lab),skipped,skipped,skipped,skipped,skipped,skipped,skipped,skipped,4,10
188,Iris GIBSON (SNP),Matt KERR (Lab),skipped,skipped,skipped,skipped,skipped,skipped,skipped,skipped,4,10
189,Iris GIBSON (SNP),Matt KERR (Lab),skipped,skipped,skipped,skipped,skipped,skipped,skipped,skipped,4,10
190,Iris GIBSON (SNP),Matt KERR (Lab),skipped,skipped,skipped,skipped,skipped,skipped,skipped,skipped,4,10
191,Iris GIBSON (SNP),Matt KERR (Lab),skipped,skipped,skipped,skipped,skipped,skipped,skipped,skipped,4,10
192,Iris GIBSON (SNP),Matt KERR (Lab),skipped,skipped,skipped,skipped,skipped,skipped,skipped,skipped,4,10
193,Iris GIBSON (SNP),Matt KERR (Lab),skipped,skipped,skipped,skipped,skipped,skipped,skipped,skipped,4,10
194,Iris GIBSON (SNP),Matt KERR (Lab),skipped,skipped,skipped,skipped,skipped,skipped,skipped,skipped,4,10
195,Iris GIBSON (SNP),Matt KERR (Lab),skipped,skipped,skipped,skipped,skipped,skipped,skipped,skipped,4,10
196,Iris GIBSON (SNP),Matt KERR (Lab),skipped,skipped,skipped,skipped,skipped,skipped,skipped,skipped,4,10
197,Iris GIBSON (SNP),Matt KERR (Lab),skipped,skipped,skipped,skipped,skipped,skipped,skipped,skipped,4,10
198,Iris GIBSON (SNP),Matt KERR (Lab),skipped,skipped,skipped,skipped,skipped,skipped,skipped,skipped,4,10
199,Iris GIBSON (SNP),Matt KERR (Lab),skipped,skipped,skipped,skipped,skipped,skipped,skipped,skipped,4,10
200,Iris GIBSON (SNP),Matt KERR (Lab),Alistair WATSON (Lab),skipped,skipped,skipped,skipped,skipped,skipped,skipped,4,10
201,Iris GIBSON (SNP),Matt KERR (Lab),Alistair WATSON (Lab),skipped,skipped,skipped,skipped,skipped,skipped,skipped,4,10
202,Iris GIBSON (SNP),Matt KERR (Lab),Alistair WATSON (Lab),skipped,skipped,skipped,skipped,skipped,skipped,skipped,4,10
203,Iris GIBSON (SNP),Matt KERR (Lab),Alistair WATSON (Lab),skipped,skipped,skipped,skipped,skipped,skipped,skipped,4,10
204,Iris GIBSON (SNP),Matt KERR (Lab),Alistair WATSON (Lab),skipped,skipped,skipped,skipped,skipped,skipped,skipped,4,10
205,Iris GIBSON (SNP),Matt KERR (Lab),Alistair WATSON (Lab),skipped,skipped,skipped,skipped,skipped,skipped,skipped,4,10
206,Iris GIBSON (SNP),Matt KERR (Lab),Alistair WATSON (Lab),skipped,skipped,skipped,skipped,skipped,skipped,skipped,4,10
207,Iris GIBSON (SNP),Matt KERR (Lab),Alistair WATSON (Lab),skipped,skipped,skipped,skipped,skipped,skipped,skipped,4,10
208,Iris GIBSON (SNP),Matt KERR (Lab),Alistair WATSON (Lab),skipped,skipped,skipped,skipped,skipped,skipped,skipped,4,10
209,Iris GIBSON (SNP),Matt KERR (Lab),Alistair WATSON (Lab),skipped,skipped,skipped,skipped,skipped,skipped,skipped,4,10
210,Iris GIBSON (SNP),Matt KERR (Lab),Alistair WATSON (Lab),skipped,skipped,skipped,skipped,skipped,skipped,skipped,4,10
211,Iris GIBSON (SNP),Matt KERR (Lab),Alistair WATSON (Lab),skipped,skipped,skipped,skipped,skipped,skipped,skipped,4,10
212,Iris GIBSON (SNP),Matt KERR (Lab),Alistair WATSON (Lab),skipped,skipped,skipped,skipped,skipped,skipped,skipped,4,10
213,Iris GIBSON (SNP),Matt KERR (Lab),Alistair WATSON (Lab),skipped,skipped,skipped,skipped,skipped,skipped,skipped,4,10
214,Iris GIBSON (SNP),Matt KERR (Lab),Alistair WATSON (Lab),Ian RUFFELL (Grn),skipped,skipped,skipped,skipped,skipped,skipped,4,10
215,Iris GIBSON (SNP),Matt KERR (Lab),Alistair WATSON (Lab),Ian RUFFELL (Grn),Gail SHERIDAN (Sol),skipped,skipped,skipped,skipped,skipped,4,10
216,Iris GIBSON (SNP),Matt KERR (Lab),Alistair WATSON (Lab),Gail SHERIDAN (Sol),skipped,skipped,skipped,skipped,skipped,skipped,4,10
217,Iris GIBSON (SNP),Matt KERR (Lab),Alistair WATSON (Lab),Jim TORRANCE (SNP),skipped,skipped,skipped,skipped,skipped,skipped,4,10
218,Iris GIBSON (SNP),Matt KERR (Lab),Alistair WATSON (Lab),Jim TORRANCE (SNP),skipped,skipped,skipped,skipped,skipped,skipped,4,10
219,Iris GIBSON (SNP),Matt KERR (Lab),Alistair WATSON (Lab),Jim TORRANCE (SNP),skipped,skipped,skipped,skipped,skipped,skipped,4,10
220,Iris GIBSON (SNP),Matt KERR (Lab),Alistair WATSON (Lab),Jim TORRANCE (SNP),skipped,skipped,skipped,skipped,skipped,skipped,4,10
221,Iris GIBSON (SNP),Matt KERR (Lab),Alistair WATSON (Lab),Jim TORRANCE (SNP),skipped,skipped,skipped,skipped,skipped,skipped,4,10
222,Iris GIBSON (SNP),Matt KERR (Lab),Alistair WATSON (Lab),Jim TORRANCE (SNP),Gordon MACDIARMID (Glasgow First),Isabel NELSON (LD),Janice MACKAY (UKIP),Ian RUFFELL (Grn),Gail SHERIDAN (Sol),Jayne Ann MORGAN (Con),4,10
223,Iris GIBSON (SNP),Matt KERR (Lab),Alistair WATSON (Lab),Jim TORRANCE (SNP),Janice MACKAY (UKIP),Isabel NELSON (LD),Ian RUFFELL (Grn),Gordon MACDIARMID (Glasgow First),Jayne Ann MORGAN (Con),Gail SHERIDAN (Sol),4,10
224,Iris GIBSON (SNP),Matt KERR (Lab),Alistair WATSON (Lab),Jim TORRANCE (SNP),Jayne Ann MORGAN (Con),Janice MACKAY (UKIP),Gordon MACDIARMID (Glasgow First),Isabel NELSON (LD),Ian RUFFELL (Grn),Gail SHERIDAN (Sol),4,10
225,Iris GIBSON (SNP),Matt KERR (Lab),Alistair WATSON (Lab),Jim TORRANCE (SNP),Gail SHERIDAN (Sol),Ian RUFFELL (Grn),Isabel NELSON (LD),Jayne Ann MORGAN (Con),Janice MACKAY (UKIP),Gordon MACDIARMID (Glasgow First),4,10
226,Iris GIBSON (SNP),Matt KERR (Lab),Gordon MACDIARMID (Glasgow First),skipped,skipped,skipped,skipped,skipped,skipped,skipped,4,10
227,Iris GIBSON (SNP),Matt KERR (Lab),Gordon MACDIARMID (Glasgow First),skipped,skipped,skipped,skipped,skipped,skipped,skipped,4,10
228,Iris GIBSON (SNP),Matt KERR (Lab),Gordon MACDIARMID (Glasgow First),skipped,skipped,skipped,skipped,skipped,skipped,skipped,4,10
229,Iris GIBSON (SNP),Matt KERR (Lab),Gordon MACDIARMID (Glasgow First),skipped,skipped,skipped,skipped,skipped,skipped,skipped,4,10
230,Iris GIBSON (SNP),Matt KERR (Lab),Gordon MACDIARMID (Glasgow First),Alistair WATSON (Lab),Jim TORRANCE (SNP),skipped,skipped,skipped,skipped,skipped,4,10
231,Iris GIBSON (SNP),Matt KERR (Lab),Gordon MACDIARMID (Glasgow First),Janice MACKAY (UKIP),skipped,skipped,skipped,skipped,skipped,skipped,4,10
232,Iris GIBSON (SNP),Matt KERR (Lab),Gordon MACDIARMID (Glasgow First),Janice MACKAY (UKIP),skipped,skipped,skipped,skipped,skipped,skipped,4,10
233,Iris GIBSON (SNP),Matt KERR (Lab),Gordon MACDIARMID (Glasgow First),Janice MACKAY (UKIP),Jayne Ann MORGAN (Con),Isabel NELSON (LD),skipped,skipped,skipped,skipped,4,10
234,Iris GIBSON (SNP),Matt KERR (Lab),Gordon MACDIARMID (Glasgow First),Janice MACKAY (UKIP),Jayne Ann MORGAN (Con),Isabel NELSON (LD),Ian RUFFELL (Grn),Gail SHERIDAN (Sol),Jim TORRANCE (SNP),Alistair WATSON (Lab),4,10
235,Iris GIBSON (SNP),Matt KERR (Lab),Gordon MACDIARMID (Glasgow First),Janice MACKAY (UKIP),Jim TORRANCE (SNP),Jayne Ann MORGAN (Con),Isabel NELSON (LD),Ian RUFFELL (Grn),Alistair WATSON (Lab),Gail SHERIDAN (Sol),4,10
236,Iris GIBSON (SNP),Matt KERR (Lab),Gordon MACDIARMID (Glasgow First),Isabel NELSON (LD),Janice MACKAY (UKIP),Jayne Ann MORGAN (Con),Jim TORRANCE (SNP),Alistair WATSON (Lab),Gail SHERIDAN (Sol),Ian RUFFELL (Grn),4,10
237,Iris GIBSON (SNP),Matt KERR (Lab),Gordon MACDIARMID (Glasgow First),Isabel NELSON (LD),Jim TORRANCE (SNP),Alistair WATSON (Lab),Janice MACKAY (UKIP),Jayne Ann MORGAN (Con),Ian RUFFELL (Grn),Gail SHERIDAN (Sol),4,10
238,Iris GIBSON (SNP),Matt KERR (Lab),Gordon MACDIARMID (Glasgow First),Ian RUFFELL (Grn),Gail SHERIDAN (Sol),Jim TORRANCE (SNP),Isabel NELSON (LD),skipped,skipped,skipped,4,10
239,Iris GIBSON (SNP),Matt KERR (Lab),Gordon MACDIARMID (Glasgow First),Gail SHERIDAN (Sol),Jim TORRANCE (SNP),skipped,skipped,skipped,skipped,skipped,4,10
240,Iris GIBSON (SNP),Matt KERR (Lab),Gordon MACDIARMID (Glasgow First),Jim TORRANCE (SNP),skipped,skipped,skipped,skipped,skipped,skipped,4,10
241,Iris GIBSON (SNP),Matt KERR (Lab),Gordon MACDIARMID (Glasgow First),Jim TORRANCE (SNP),Isabel NELSON (LD),skipped,skipped,skipped,skipped,skipped,4,10
242,Iris GIBSON (SNP),Matt KERR (Lab),Janice MACKAY (UKIP),Gordon MACDIARMID (Glasgow First),Jayne Ann MORGAN (Con),Isabel NELSON (LD),Ian RUFFELL (Grn),Jim TORRANCE (SNP),Alistair WATSON (Lab),Gail SHERIDAN (Sol),4,10
243,Iris GIBSON (SNP),Matt KERR (Lab),Jayne Ann MORGAN (Con),skipped,skipped,skipped,skipped,skipped,skipped,skipped,4,10
244,Iris GIBSON (SNP),Matt KERR (Lab),Jayne Ann MORGAN (Con),skipped,skipped,skipped,skipped,skipped,skipped,skipped,4,10
245,Iris GIBSON (SNP),Matt KERR (Lab),Jayne Ann MORGAN (Con),skipped,skipped,skipped,skipped,skipped,skipped,skipped,4,10
246,Iris GIBSON (SNP),Matt KERR (Lab),Jayne Ann MORGAN (Con),Isabel NELSON (LD),Gail SHERIDAN (Sol),Alistair WATSON (Lab),skipped,skipped,skipped,skipped,4,10
247,Iris GIBSON (SNP),Matt KERR (Lab),Jayne Ann MORGAN (Con),Jim TORRANCE (SNP),skipped,skipped,skipped,skipped,skipped,skipped,4,10
248,Iris GIBSON (SNP),Matt KERR (Lab),Jayne Ann MORGAN (Con),Jim TORRANCE (SNP),skipped,skipped,skipped,skipped,skipped,skipped,4,10
249,Iris GIBSON (SNP),Matt KERR (Lab),Isabel NELSON (LD),skipped,skipped,skipped,skipped,skipped,skipped,skipped,4,10
250,Iris GIBSON (SNP),Matt KERR (Lab),Isabel NELSON (LD),skipped,skipped,skipped,skipped,skipped,skipped,skipped,4,10
251,Iris GIBSON (SNP),Matt KERR (Lab),Isabel NELSON (LD),skipped,skipped,skipped,skipped,skipped,skipped,skipped,4,10
252,Iris GIBSON (SNP),Matt KERR (Lab),Isabel NELSON (LD),skipped,skipped,skipped,skipped,skipped,skipped,skipped,4,10
253,Iris GIBSON (SNP),Matt KERR (Lab),Isabel NELSON (LD),skipped,skipped,skipped,skipped,skipped,skipped,skipped,4,10
254,Iris GIBSON (SNP),Matt KERR (Lab),Isabel NELSON (LD),skipped,skipped,skipped,skipped,skipped,skipped,skipped,4,10
255,Iris GIBSON (SNP),Matt KERR (Lab),Isabel NELSON (LD),Alistair WATSON (Lab),skipped,skipped,skipped,skipped,skipped,skipped,4,10
256,Iris GIBSON (SNP),Matt KERR (Lab),Isabel NELSON (LD),Jayne Ann MORGAN (Con),Gordon MACDIARMID (Glasgow First),Janice MACKAY (UKIP),Jim TORRANCE (SNP),Ian RUFFELL (Grn),Alistair WATSON (Lab),Gail SHERIDAN (Sol),4,10
257,Iris GIBSON (SNP),Matt KERR (Lab),Isabel NELSON (LD),Gail SHERIDAN (Sol),skipped,skipped,skipped,skipped,skipped,skipped,4,10
258,Iris GIBSON (SNP),Matt KERR (Lab),Isabel NELSON (LD),Jim TORRANCE (SNP),skipped,skipped,skipped,skipped,skipped,skipped,4,10
259,Iris GIBSON (SNP),Matt KERR (Lab),Isabel NELSON (LD),Jim TORRANCE (SNP),Alistair WATSON (Lab),skipped,skipped,skipped,skipped,skipped,4,10
260,Iris GIBSON (SNP),Matt KERR (Lab),Ian RUFFELL (Grn),skipped,skipped,skipped,skipped,skipped,skipped,skipped,4,10
261,Iris GIBSON (SNP),Matt KERR (Lab),Ian RUFFELL (Grn),skipped,skipped,skipped,skipped,skipped,skipped,skipped,4,10
262,Iris GIBSON (SNP),Matt KERR (Lab),Ian RUFFELL (Grn),skipped,skipped,skipped,skipped,skipped,skipped,skipped,4,10
263,Iris GIBSON (SNP),Matt KERR (Lab),Ian RUFFELL (Grn),skipped,skipped,skipped,skipped,skipped,skipped,skipped,4,10
264,Iris GIBSON (SNP),Matt KERR (Lab),Ian RUFFELL (Grn),skipped,skipped,skipped,skipped,skipped,skipped,skipped,4,10
265,Iris GIBSON (SNP),Matt KERR (Lab),Ian RUFFELL (Grn),skipped,skipped,skipped,skipped,skipped,skipped,skipped,4,10
266,Iris GIBSON (SNP),Matt KERR (Lab),Ian RUFFELL (Grn),skipped,skipped,skipped,skipped,skipped,skipped,skipped,4,10
267,Iris GIBSON (SNP),Matt KERR (Lab),Ian RUFFELL (Grn),skipped,skipped,skipped,skipped,skipped,skipped,skipped,4,10
268,Iris GIBSON (SNP),Matt KERR (Lab),Ian RUFFELL (Grn),skipped,skipped,skipped,skipped,skipped,skipped,skipped,4,10
269,Iris GIBSON (SNP),Matt KERR (Lab),Ian RUFFELL (Grn),skipped,skipped,skipped,skipped,skipped,skipped,skipped,4,10
270,Iris GIBSON (SNP),Matt KERR (Lab),Ian RUFFELL (Grn),skipped,skipped,skipped,skipped,skipped,skipped,skipped,4,10
271,Iris GIBSON (SNP),Matt KERR (Lab),Ian RUFFELL (Grn),skipped,skipped,skipped,skipped,skipped,skipped,skipped,4,10
272,Iris GIBSON (SNP),Matt KERR (Lab),Ian RUFFELL (Grn),Alistair WATSON (Lab),skipped,skipped,skipped,skipped,skipped,skipped,4,10
273,Iris GIBSON (SNP),Matt KERR (Lab),Ian RUFFELL (Grn),Alistair WATSON (Lab),Isabel NELSON (LD),skipped,skipped,skipped,skipped,skipped,4,10
274,Iris GIBSON (SNP),Matt KERR (Lab),Ian RUFFELL (Grn),Alistair WATSON (Lab),Gail SHERIDAN (Sol),Gordon MACDIARMID (Glasgow First),skipped,skipped,skipped,skipped,4,10
275,Iris GIBSON (SNP),Matt KERR (Lab),Ian RUFFELL (Grn),Gail SHERIDAN (Sol),Alistair WATSON (Lab),skipped,skipped,skipped,skipped,skipped,4,10
276,Iris GIBSON (SNP),Matt KERR (Lab),Ian RUFFELL (Grn),Gail SHERIDAN (Sol),Jim TORRANCE (SNP),Alistair WATSON (Lab),skipped,skipped,skipped,skipped,4,10
277,Iris GIBSON (SNP),Matt KERR (Lab),Ian RUFFELL (Grn),Gail SHERIDAN (Sol),Jim TORRANCE (SNP),Alistair WATSON (Lab),Gordon MACDIARMID (Glasgow First),Janice MACKAY (UKIP),Jayne Ann MORGAN (Con),Isabel NELSON (LD),4,10
278,Iris GIBSON (SNP),Matt KERR (Lab),Ian RUFFELL (Grn),Jim TORRANCE (SNP),skipped,skipped,skipped,skipped,skipped,skipped,4,10
279,Iris GIBSON (SNP),Matt KERR (Lab),Ian RUFFELL (Grn),Jim TORRANCE (SNP),skipped,skipped,skipped,skipped,skipped,skipped,4,10
280,Iris GIBSON (SNP),Matt KERR (Lab),Ian RUFFELL (Grn),Jim TORRANCE (SNP),skipped,skipped,skipped,skipped,skipped,skipped,4,10
281,Iris GIBSON (SNP),Matt KERR (Lab),Ian RUFFELL (Grn),Jim TORRANCE (SNP),Gordon MACDIARMID (Glasgow First),skipped,skipped,skipped,skipped,skipped,4,10
282,Iris GIBSON (SNP),Matt KERR (Lab),Ian RUFFELL (Grn),Jim TORRANCE (SNP),Jayne Ann MORGAN (Con),skipped,skipped,skipped,skipped,skipped,4,10
283,Iris GIBSON (SNP),Matt KERR (Lab),Gail SHERIDAN (Sol),skipped,skipped,skipped,skipped,skipped,skipped,skipped,4,10
284,Iris GIBSON (SNP),Matt KERR (Lab),Gail SHERIDAN (Sol),skipped,skipped,skipped,skipped,skipped,skipped,skipped,4,10
285,Iris GIBSON (SNP),Matt KERR (Lab),Gail SHERIDAN (Sol),skipped,skipped,skipped,skipped,skipped,skipped,skipped,4,10
286,Iris GIBSON (SNP),Matt KERR (Lab),Gail SHERIDAN (Sol),skipped,skipped,skipped,skipped,skipped,skipped,skipped,4,10
287,Iris GIBSON (SNP),Matt KERR (Lab),Gail SHERIDAN (Sol),skipped,skipped,skipped,skipped,skipped,skipped,skipped,4,10
288,Iris GIBSON (SNP),Matt KERR (Lab),Gail SHERIDAN (Sol),skipped,skipped,skipped,skipped,skipped,skipped,skipped,4,10
289,Iris GIBSON (SNP),Matt KERR (Lab),Gail SHERIDAN (Sol),skipped,skipped,skipped,skipped,skipped,skipped,skipped,4,10
290,Iris GIBSON (SNP),Matt KERR (Lab),Gail SHERIDAN (Sol),skipped,skipped,skipped,skipped,skipped,skipped,skipped,4,10
291,Iris GIBSON (SNP),Matt KERR (Lab),Gail SHERIDAN (Sol),skipped,skipped,skipped,skipped,skipped,skipped,skipped,4,10
292,Iris GIBSON (SNP),Matt KERR (Lab),Gail SHERIDAN (Sol),skipped,skipped,skipped,skipped,skipped,skipped,skipped,4,10
293,Iris GIBSON (SNP),Matt KERR (Lab),Gail SHERIDAN (Sol),skipped,skipped,skipped,skipped,skipped,skipped,skipped,4,10
294,Iris GIBSON (SNP),Matt KERR (Lab),Gail SHERIDAN (Sol),skipped,skipped,skipped,skipped,skipped,skipped,skipped,4,10
295,Iris GIBSON (SNP),Matt KERR (Lab),Gail SHERIDAN (Sol),skipped,skipped,skipped,skipped,skipped,skipped,skipped,4,10
296,Iris GIBSON (SNP),Matt KERR (Lab),Gail SHERIDAN (Sol),skipped,skipped,skipped,skipped,skipped,skipped,skipped,4,10
297,Iris GIBSON (SNP),Matt KERR (Lab),Gail SHERIDAN (Sol),skipped,skipped,skipped,skipped,skipped,skipped,skipped,4,10
298,Iris GIBSON (SNP),Matt KERR (Lab),Gail SHERIDAN (Sol),skipped,skipped,skipped,skipped,skipped,skipped,skipped,4,10
299,Iris GIBSON (SNP),Matt KERR (Lab),Gail SHERIDAN (Sol),skipped,skipped,skipped,skipped,skipped,skipped,skipped,4,10
300,Iris GIBSON (SNP),Matt KERR (Lab),Gail SHERIDAN (Sol),skipped,skipped,skipped,skipped,skipped,skipped,skipped,4,10
301,Iris GIBSON (SNP),Matt KERR (Lab),Gail SHERIDAN (Sol),Alistair WATSON (Lab),skipped,skipped,skipped,skipped,skipped,skipped,4,10
302,Iris GIBSON (SNP),Matt KERR (Lab),Gail SHERIDAN (Sol),Alistair WATSON (Lab),Jim TORRANCE (SNP),skipped,skipped,skipped,skipped,skipped,4,10
303,Iris GIBSON (SNP),Matt KERR (Lab),Gail SHERIDAN (Sol),Gordon MACDIARMID (Glasgow First),Janice MACKAY (UKIP),Jim TORRANCE (SNP),Alistair WATSON (Lab),Ian RUFFELL (Grn),Jayne Ann MORGAN (Con),Isabel NELSON (LD),4,10
304,Iris GIBSON (SNP),Matt KERR (Lab),Gail SHERIDAN (Sol),Jayne Ann MORGAN (Con),Jim TORRANCE (SNP),Alistair WATSON (Lab),Janice MACKAY (UKIP),Isabel NELSON (LD),Gordon MACDIARMID (Glasgow First),Ian RUFFELL (Grn),4,10
305,Iris GIBSON (SNP),Matt KERR (Lab),Gail SHERIDAN (Sol),Jayne Ann MORGAN (Con),Jim TORRANCE (SNP),Alistair WATSON (Lab),Isabel NELSON (LD),skipped,skipped,skipped,4,10
306,Iris GIBSON (SNP),Matt KERR (Lab),Gail SHERIDAN (Sol),Jim TORRANCE (SNP),skipped,skipped,skipped,skipped,skipped,skipped,4,10
307,Iris GIBSON (SNP),Matt KERR (Lab),Gail SHERIDAN (Sol),Jim TORRANCE (SNP),skipped,skipped,skipped,skipped,skipped,skipped,4,10
308,Iris GIBSON (SNP),Matt KERR (Lab),Gail SHERIDAN (Sol),Jim TORRANCE (SNP),skipped,skipped,skipped,skipped,skipped,skipped,4,10
309,Iris GIBSON (SNP),Matt KERR (Lab),Gail SHERIDAN (Sol),Jim TORRANCE (SNP),Alistair WATSON (Lab),skipped,skipped,skipped,skipped,skipped,4,10
310,Iris GIBSON (SNP),Matt KERR (Lab),Gail SHERIDAN (Sol),Jim TORRANCE (SNP),Ian RUFFELL (Grn),skipped,skipped,skipped,skipped,skipped,4,10
311,Iris GIBSON (SNP),Matt KERR (Lab),Gail SHERIDAN (Sol),Jim TORRANCE (SNP),Ian RUFFELL (Grn),Isabel NELSON (LD),Gordon MACDIARMID (Glasgow First),Janice MACKAY (UKIP),Jayne Ann MORGAN (Con),Alistair WATSON (Lab),4,10
312,Iris GIBSON (SNP),Matt KERR (Lab),Jim TORRANCE (SNP),skipped,skipped,skipped,skipped,skipped,skipped,skipped,4,10
313,Iris GIBSON (SNP),Matt KERR (Lab),Jim TORRANCE (SNP),skipped,skipped,skipped,skipped,skipped,skipped,skipped,4,10
314,Iris GIBSON (SNP),Matt KERR (Lab),Jim TORRANCE (SNP),skipped,skipped,skipped,skipped,skipped,skipped,skipped,4,10
315,Iris GIBSON (SNP),Matt KERR (Lab),Jim TORRANCE (SNP),skipped,skipped,skipped,skipped,skipped,skipped,skipped,4,10
316,Iris GIBSON (SNP),Matt KERR (Lab),Jim TORRANCE (SNP),skipped,skipped,skipped,skipped,skipped,skipped,skipped,4,10
317,Iris GIBSON (SNP),Matt KERR (Lab),Jim TORRANCE (SNP),skipped,skipped,skipped,skipped,skipped,skipped,skipped,4,10
318,Iris GIBSON (SNP),Matt KERR (Lab),Jim TORRANCE (SNP),skipped,skipped,skipped,skipped,skipped,skipped,skipped,4,10
319,Iris GIBSON (SNP),Matt KERR (Lab),Jim TORRANCE (SNP),skipped,skipped,skipped,skipped,skipped,skipped,skipped,4,10
320,Iris GIBSON (SNP),Matt KERR (Lab),Jim TORRANCE (SNP),skipped,skipped,skipped,skipped,skipped,skipped,skipped,4,10
321,Iris GIBSON (SNP),Matt KERR (Lab),Jim TORRANCE (SNP),skipped,skipped,skipped,skipped,skipped,skipped,skipped,4,10
322,Iris GIBSON (SNP),Matt KERR (Lab),Jim TORRANCE (SNP),skipped,skipped,skipped,skipped,skipped,skipped,skipped,4,10
323,Iris GIBSON (SNP),Matt KERR (Lab),Jim TORRANCE (SNP),skipped,skipped,skipped,skipped,skipped,skipped,skipped,4,10
324,Iris GIBSON (SNP),Matt KERR (Lab),Jim TORRANCE (SNP),skipped,skipped,skipped,skipped,skipped,skipped,skipped,4,10
325,Iris GIBSON (SNP),Matt KERR (Lab),Jim TORRANCE (SNP),skipped,skipped,skipped,skipped,skipped,skipped,skipped,4,10
326,Iris GIBSON (SNP),Matt KERR (Lab),Jim TORRANCE (SNP),skipped,skipped,skipped,skipped,skipped,skipped,skipped,4,10
327,Iris GIBSON (SNP),Matt KERR (Lab),Jim TORRANCE (SNP),skipped,skipped,skipped,skipped,skipped,skipped,skipped,4,10
328,Iris GIBSON (SNP),Matt KERR (Lab),Jim TORRANCE (SNP),skipped,skipped,skipped,skipped,skipped,skipped,skipped,4,10
329,Iris GIBSON (SNP),Matt KERR (Lab),Jim TORRANCE (SNP),skipped,skipped,skipped,skipped,skipped,skipped,skipped,4,10
330,Iris GIBSON (SNP),Matt KERR (Lab),Jim TORRANCE (SNP),skipped,skipped,skipped,skipped,skipped,skipped,skipped,4,10
331,Iris GIBSON (SNP),Matt KERR (Lab),Jim TORRANCE (SNP),skipped,skipped,skipped,skipped,skipped,skipped,skipped,4,10
332,Iris GIBSON (SNP),Matt KERR (Lab),Jim TORRANCE (SNP),skipped,skipped,skipped,skipped,skipped,skipped,skipped,4,10
333,Iris GIBSON (SNP),Matt KERR (Lab),Jim TORRANCE (SNP),skipped,skipped,skipped,skipped,skipped,skipped,skipped,4,10
334,Iris GIBSON (SNP),Matt KERR (Lab),Jim TORRANCE (SNP),skipped,skipped,skipped,skipped,skipped,skipped,skipped,4,10
335,Iris GIBSON (SNP),Matt KERR (Lab),Jim TORRANCE (SNP),skipped,skipped,skipped,skipped,skipped,skipped,skipped,4,10
336,Iris GIBSON (SNP),Matt KERR (Lab),Jim TORRANCE (SNP),skipped,skipped,skipped,skipped,skipped,skipped,skipped,4,10
337,Iris GIBSON (SNP),Matt KERR (Lab),Jim TORRANCE (SNP),skipped,skipped,skipped,skipped,skipped,skipped,skipped,4,10
338,Iris GIBSON (SNP),Matt KERR (Lab),Jim TORRANCE (SNP),skipped,skipped,skipped,skipped,skipped,skipped,skipped,4,10
339,Iris GIBSON (SNP),Matt KERR (Lab),Jim TORRANCE (SNP),skipped,skipped,skipped,skipped,skipped,skipped,skipped,4,10
340,Iris GIBSON (SNP),Matt KERR (Lab),Jim TORRANCE (SNP),skipped,skipped,skipped,skipped,skipped,skipped,skipped,4,10
341,Iris GIBSON (SNP),Matt KERR (Lab),Jim TORRANCE (SNP),skipped,skipped,skipped,skipped,skipped,skipped,skipped,4,10
342,Iris GIBSON (SNP),Matt KERR (Lab),Jim TORRANCE (SNP),skipped,skipped,skipped,skipped,skipped,skipped,skipped,4,10
343,Iris GIBSON (SNP),Matt KERR (Lab),Jim TORRANCE (SNP),skipped,skipped,skipped,skipped,skipped,skipped,skipped,4,10
344,Iris GIBSON (SNP),Matt KERR (Lab),Jim TORRANCE (SNP),skipped,skipped,skipped,skipped,skipped,skipped,skipped,4,10
345,Iris GIBSON (SNP),Matt KERR (Lab),Jim TORRANCE (SNP),skipped,skipped,skipped,skipped,skipped,skipped,skipped,4,10
346,Iris GIBSON (SNP),Matt KERR (Lab),Jim TORRANCE (SNP),Alistair WATSON (Lab),skipped,skipped,skipped,skipped,skipped,skipped,4,10
347,Iris GIBSON (SNP),Matt KERR (Lab),Jim TORRANCE (SNP),Alistair WATSON (Lab),skipped,skipped,skipped,skipped,skipped,skipped,4,10
348,Iris GIBSON (SNP),Matt KERR (Lab),Jim TORRANCE (SNP),Alistair WATSON (Lab),skipped,skipped,skipped,skipped,skipped,skipped,4,10
349,Iris GIBSON (SNP),Matt KERR (Lab),Jim TORRANCE (SNP),Alistair WATSON (Lab),skipped,skipped,skipped,skipped,skipped,skipped,4,10
350,Iris GIBSON (SNP),Matt KERR (Lab),Jim TORRANCE (SNP),Alistair WATSON (Lab),skipped,skipped,skipped,skipped,skipped,skipped,4,10
351,Iris GIBSON (SNP),Matt KERR (Lab),Jim TORRANCE (SNP),Alistair WATSON (Lab),skipped,skipped,skipped,skipped,skipped,skipped,4,10
352,Iris GIBSON (SNP),Matt KERR (Lab),Jim TORRANCE (SNP),Alistair WATSON (Lab),skipped,skipped,skipped,skipped,skipped,skipped,4,10
353,Iris GIBSON (SNP),Matt KERR (Lab),Jim TORRANCE (SNP),Alistair WATSON (Lab),skipped,skipped,skipped,skipped,skipped,skipped,4,10
354,Iris GIBSON (SNP),Matt KERR (Lab),Jim TORRANCE (SNP),Alistair WATSON (Lab),skipped,skipped,skipped,skipped,skipped,skipped,4,10
355,Iris GIBSON (SNP),Matt KERR (Lab),Jim TORRANCE (SNP),Alistair WATSON (Lab),skipped,skipped,skipped,skipped,skipped,skipped,4,10
356,Iris GIBSON (SNP),Matt KERR (Lab),Jim TORRANCE (SNP),Alistair WATSON (Lab),skipped,skipped,skipped,skipped,skipped,skipped,4,10
357,Iris GIBSON (SNP),Matt KERR (Lab),Jim TORRANCE (SNP),Alistair WATSON (Lab),skipped,skipped,skipped,skipped,skipped,skipped,4,10
358,Iris GIBSON (SNP),Matt KERR (Lab),Jim TORRANCE (SNP),Alistair WATSON (Lab),skipped,skipped,skipped,skipped,skipped,skipped,4,10
359,Iris GIBSON (SNP),Matt KERR (Lab),Jim TORRANCE (SNP),Alistair WATSON (Lab),skipped,skipped,skipped,skipped,skipped,skipped,4,10
360,Iris GIBSON (SNP),Matt KERR (Lab),Jim TORRANCE (SNP),Alistair WATSON (Lab),skipped,skipped,skipped,skipped,skipped,skipped,4,10
361,Iris GIBSON (SNP),Matt KERR (Lab),Jim TORRANCE (SNP),Alistair WATSON (Lab),Gordon MACDIARMID (Glasgow First),Ian RUFFELL (Grn),Isabel NELSON (LD),Jayne Ann MORGAN (Con),Janice MACKAY (UKIP),Gail SHERIDAN (Sol),4,10
362,Iris GIBSON (SNP),Matt KERR (Lab),Jim TORRANCE (SNP),Alistair WATSON (Lab),Gordon MACDIARMID (Glasgow First),Gail SHERIDAN (Sol),skipped,skipped,skipped,skipped,4,10
363,Iris GIBSON (SNP),Matt KERR (Lab),Jim TORRANCE (SNP),Alistair WATSON (Lab),Janice MACKAY (UKIP),Gordon MACDIARMID (Glasgow First),Jayne Ann MORGAN (Con),Isabel NELSON (LD),Ian RUFFELL (Grn),Gail SHERIDAN (Sol),4,10
364,Iris GIBSON (SNP),Matt KERR (Lab),Jim TORRANCE (SNP),Alistair WATSON (Lab),Janice MACKAY (UKIP),Gordon MACDIARMID (Glasgow First),Ian RUFFELL (Grn),Gail SHERIDAN (Sol),Isabel NELSON (LD),Jayne Ann MORGAN (Con),4,10
365,Iris GIBSON (SNP),Matt KERR (Lab),Jim TORRANCE (SNP),Alistair WATSON (Lab),Isabel NELSON (LD),Gail SHERIDAN (Sol),skipped,skipped,skipped,skipped,4,10
366,Iris GIBSON (SNP),Matt KERR (Lab),Jim TORRANCE (SNP),Alistair WATSON (Lab),Isabel NELSON (LD),Gail SHERIDAN (Sol),Gordon MACDIARMID (Glasgow First),Janice MACKAY (UKIP),Jayne Ann MORGAN (Con),Ian RUFFELL (Grn),4,10
367,Iris GIBSON (SNP),Matt KERR (Lab),Jim TORRANCE (SNP),Alistair WATSON (Lab),Ian RUFFELL (Grn),Isabel NELSON (LD),Janice MACKAY (UKIP),Gordon MACDIARMID (Glasgow First),Gail SHERIDAN (Sol),Jayne Ann MORGAN (Con),4,10
368,Iris GIBSON (SNP),Matt KERR (Lab),Jim TORRANCE (SNP),Alistair WATSON (Lab),Ian RUFFELL (Grn),Gail SHERIDAN (Sol),Isabel NELSON (LD),Janice MACKAY (UKIP),Gordon MACDIARMID (Glasgow First),Jayne Ann MORGAN (Con),4,10
369,Iris GIBSON (SNP),Matt KERR (Lab),Jim TORRANCE (SNP),Alistair WATSON (Lab),Gail SHERIDAN (Sol),skipped,skipped,skipped,skipped,skipped,4,10
370,Iris GIBSON (SNP),Matt KERR (Lab),Jim TORRANCE (SNP),Alistair WATSON (Lab),Gail SHERIDAN (Sol),skipped,skipped,skipped,skipped,skipped,4,10
371,Iris GIBSON (SNP),Matt KERR (Lab),Jim TORRANCE (SNP),Alistair WATSON (Lab),Gail SHERIDAN (Sol),skipped,skipped,skipped,skipped,skipped,4,10
372,Iris GIBSON (SNP),Matt KERR (Lab),Jim TORRANCE (SNP),Alistair WATSON (Lab),Gail SHERIDAN (Sol),Isabel NELSON (LD),Ian RUFFELL (Grn),Jayne Ann MORGAN (Con),Janice MACKAY (UKIP),Gordon MACDIARMID (Glasgow First),4,10
373,Iris GIBSON (SNP),Matt KERR (Lab),Jim TORRANCE (SNP),Alistair WATSON (Lab),Gail SHERIDAN (Sol),Ian RUFFELL (Grn),Janice MACKAY (UKIP),Gordon MACDIARMID (Glasgow First),Isabel NELSON (LD),Jayne Ann MORGAN (Con),4,10
374,Iris GIBSON (SNP),Matt KERR (Lab),Jim TORRANCE (SNP),Janice MACKAY (UKIP),Alistair WATSON (Lab),Isabel NELSON (LD),Jayne Ann MORGAN (Con),Gordon MACDIARMID (Glasgow First),Ian RUFFELL (Grn),skipped,4,10
375,Iris GIBSON (SNP),Matt KERR (Lab),Jim TORRANCE (SNP),Isabel NELSON (LD),Jayne Ann MORGAN (Con),skipped,skipped,skipped,skipped,skipped,4,10
376,Iris GIBSON (SNP),Matt KERR (Lab),Jim TORRANCE (SNP),Ian RUFFELL (Grn),skipped,skipped,skipped,skipped,skipped,skipped,4,10
377,Iris GIBSON (SNP),Matt KERR (Lab),Jim TORRANCE (SNP),Ian RUFFELL (Grn),Gail SHERIDAN (Sol),Alistair WATSON (Lab),skipped,skipped,skipped,skipped,4,10
378,Iris GIBSON (SNP),Matt KERR (Lab),Jim TORRANCE (SNP),Gail SHERIDAN (Sol),skipped,skipped,skipped,skipped,skipped,skipped,4,10
379,Iris GIBSON (SNP),Matt KERR (Lab),Jim TORRANCE (SNP),Gail SHERIDAN (Sol),skipped,skipped,skipped,skipped,skipped,skipped,4,10
380,Iris GIBSON (SNP),Gordon MACDIARMID (Glasgow First),skipped,skipped,skipped,skipped,skipped,skipped,skipped,skipped,4,10
381,Iris GIBSON (SNP),Gordon MACDIARMID (Glasgow First),skipped,skipped,skipped,skipped,skipped,skipped,skipped,skipped,4,10
382,Iris GIBSON (SNP),Gordon MACDIARMID (Glasgow First),skipped,skipped,skipped,skipped,skipped,skipped,skipped,skipped,4,10
383,Iris GIBSON (SNP),Gordon MACDIARMID (Glasgow First),skipped,skipped,skipped,skipped,skipped,skipped,skipped,skipped,4,10
384,Iris GIBSON (SNP),Gordon MACDIARMID (Glasgow First),skipped,skipped,skipped,skipped,skipped,skipped,skipped,skipped,4,10
385,Iris GIBSON (SNP),Gordon MACDIARMID (Glasgow First),skipped,skipped,skipped,skipped,skipped,skipped,skipped,skipped,4,10
386,Iris GIBSON (SNP),Gordon MACDIARMID (Glasgow First),skipped,skipped,skipped,skipped,skipped,skipped,skipped,skipped,4,10
387,Iris GIBSON (SNP),Gordon MACDIARMID (Glasgow First),skipped,skipped,skipped,skipped,skipped,skipped,skipped,skipped,4,10
388,Iris GIBSON (SNP),Gordon MACDIARMID (Glasgow First),skipped,skipped,skipped,skipped,skipped,skipped,skipped,skipped,4,10
389,Iris GIBSON (SNP),Gordon MACDIARMID (Glasgow First),Alistair WATSON (Lab),Isabel NELSON (LD),skipped,skipped,skipped,skipped,skipped,skipped,4,10
390,Iris GIBSON (SNP),Gordon MACDIARMID (Glasgow First),Matt KERR (Lab),skipped,skipped,skipped,skipped,skipped,skipped,skipped,4,10
391,Iris GIBSON (SNP),Gordon MACDIARMID (Glasgow First),Matt KERR (Lab),skipped,skipped,skipped,skipped,skipped,skipped,skipped,4,10
392,Iris GIBSON (SNP),Gordon MACDIARMID (Glasgow First),Matt KERR (Lab),Jayne Ann MORGAN (Con),Isabel NELSON (LD),skipped,skipped,skipped,skipped,skipped,4,10
393,Iris GIBSON (SNP),Gordon MACDIARMID (Glasgow First),Matt KERR (Lab),Isabel NELSON (LD),skipped,skipped,skipped,skipped,skipped,skipped,4,10
394,Iris GIBSON (SNP),Gordon MACDIARMID (Glasgow First),Matt KERR (Lab),Gail SHERIDAN (Sol),skipped,skipped,skipped,skipped,skipped,skipped,4,10
395,Iris GIBSON (SNP),Gordon MACDIARMID (Glasgow First),Matt KERR (Lab),Jim TORRANCE (SNP),skipped,skipped,skipped,skipped,skipped,skipped,4,10
396,Iris GIBSON (SNP),Gordon MACDIARMID (Glasgow First),Janice MACKAY (UKIP),skipped,skipped,skipped,skipped,skipped,skipped,skipped,4,10
397,Iris GIBSON (SNP),Gordon MACDIARMID (Glasgow First),Janice MACKAY (UKIP),skipped,skipped,skipped,skipped,skipped,skipped,skipped,4,10
398,Iris GIBSON (SNP),Gordon MACDIARMID (Glasgow First),Janice MACKAY (UKIP),skipped,skipped,skipped,skipped,skipped,skipped,skipped,4,10
399,Iris GIBSON (SNP),Gordon MACDIARMID (Glasgow First),Janice MACKAY (UKIP),Matt KERR (Lab),skipped,skipped,skipped,skipped,skipped,skipped,4,10
400,Iris GIBSON (SNP),Gordon MACDIARMID (Glasgow First),Janice MACKAY (UKIP),Gail SHERIDAN (Sol),Jim TORRANCE (SNP),Alistair WATSON (Lab),Matt KERR (Lab),Ian RUFFELL (Grn),Isabel NELSON (LD),Jayne Ann MORGAN (Con),4,10
401,Iris GIBSON (SNP),Gordon MACDIARMID (Glasgow First),Jayne Ann MORGAN (Con),skipped,skipped,skipped,skipped,skipped,skipped,skipped,4,10
402,Iris GIBSON (SNP),Gordon MACDIARMID (Glasgow First),Jayne Ann MORGAN (Con),skipped,skipped,skipped,skipped,skipped,skipped,skipped,4,10
403,Iris GIBSON (SNP),Gordon MACDIARMID (Glasgow First),Jayne Ann MORGAN (Con),skipped,skipped,skipped,skipped,skipped,skipped,skipped,4,10
404,Iris GIBSON (SNP),Gordon MACDIARMID (Glasgow First),Jayne Ann MORGAN (Con),skipped,skipped,skipped,skipped,skipped,skipped,skipped,4,10
405,Iris GIBSON (SNP),Gordon MACDIARMID (Glasgow First),Jayne Ann MORGAN (Con),Jim TORRANCE (SNP),skipped,skipped,skipped,skipped,skipped,skipped,4,10
406,Iris GIBSON (SNP),Gordon MACDIARMID (Glasgow First),Isabel NELSON (LD),skipped,skipped,skipped,skipped,skipped,skipped,skipped,4,10
407,Iris GIBSON (SNP),Gordon MACDIARMID (Glasgow First),Isabel NELSON (LD),skipped,skipped,skipped,skipped,skipped,skipped,skipped,4,10
408,Iris GIBSON (SNP),Gordon MACDIARMID (Glasgow First),Ian RUFFELL (Grn),Gail SHERIDAN (Sol),skipped,skipped,skipped,skipped,skipped,skipped,4,10
409,Iris GIBSON (SNP),Gordon MACDIARMID (Glasgow First),Ian RUFFELL (Grn),Jim TORRANCE (SNP),Matt KERR (Lab),Isabel NELSON (LD),Gail SHERIDAN (Sol),Janice MACKAY (UKIP),Jayne Ann MORGAN (Con),Alistair WATSON (Lab),4,10
410,Iris GIBSON (SNP),Gordon MACDIARMID (Glasgow First),Gail SHERIDAN (Sol),skipped,skipped,skipped,skipped,skipped,skipped,skipped,4,10
411,Iris GIBSON (SNP),Gordon MACDIARMID (Glasgow First),Gail SHERIDAN (Sol),skipped,skipped,skipped,skipped,skipped,skipped,skipped,4,10
412,Iris GIBSON (SNP),Gordon MACDIARMID (Glasgow First),Gail SHERIDAN (Sol),Jim TORRANCE (SNP),skipped,skipped,skipped,skipped,skipped,skipped,4,10
413,Iris GIBSON (SNP),Gordon MACDIARMID (Glasgow First),Jim TORRANCE (SNP),skipped,skipped,skipped,skipped,skipped,skipped,skipped,4,10
414,Iris GIBSON (SNP),Gordon MACDIARMID (Glasgow First),Jim TORRANCE (SNP),Jayne Ann MORGAN (Con),skipped,skipped,skipped,skipped,skipped,skipped,4,10
415,Iris GIBSON (SNP),Gordon MACDIARMID (Glasgow First),Jim TORRANCE (SNP),Ian RUFFELL (Grn),Gail SHERIDAN (Sol),Alistair WATSON (Lab),Isabel NELSON (LD),Matt KERR (Lab),Janice MACKAY (UKIP),Jayne Ann MORGAN (Con),4,10
416,Iris GIBSON (SNP),Janice MACKAY (UKIP),skipped,skipped,skipped,skipped,skipped,skipped,skipped,skipped,4,10
417,Iris GIBSON (SNP),Janice MACKAY (UKIP),Matt KERR (Lab),Gordon MACDIARMID (Glasgow First),skipped,skipped,skipped,skipped,skipped,skipped,4,10
418,Iris GIBSON (SNP),Janice MACKAY (UKIP),Matt KERR (Lab),Gordon MACDIARMID (Glasgow First),Jayne Ann MORGAN (Con),Isabel NELSON (LD),Jim TORRANCE (SNP),Ian RUFFELL (Grn),Alistair WATSON (Lab),Gail SHERIDAN (Sol),4,10
419,Iris GIBSON (SNP),Janice MACKAY (UKIP),Gordon MACDIARMID (Glasgow First),skipped,skipped,skipped,skipped,skipped,skipped,skipped,4,10
420,Iris GIBSON (SNP),Janice MACKAY (UKIP),Gordon MACDIARMID (Glasgow First),skipped,skipped,skipped,skipped,skipped,skipped,skipped,4,10
421,Iris GIBSON (SNP),Janice MACKAY (UKIP),Gordon MACDIARMID (Glasgow First),Ian RUFFELL (Grn),Gail SHERIDAN (Sol),Jim TORRANCE (SNP),Matt KERR (Lab),Alistair WATSON (Lab),Isabel NELSON (LD),Jayne Ann MORGAN (Con),4,10
422,Iris GIBSON (SNP),Janice MACKAY (UKIP),Isabel NELSON (LD),Alistair WATSON (Lab),skipped,skipped,skipped,skipped,skipped,skipped,4,10
423,Iris GIBSON (SNP),Janice MACKAY (UKIP),Ian RUFFELL (Grn),Jim TORRANCE (SNP),skipped,skipped,skipped,skipped,skipped,skipped,4,10
424,Iris GIBSON (SNP),Janice MACKAY (UKIP),Ian RUFFELL (Grn),Jim TORRANCE (SNP),Matt KERR (Lab),Gordon MACDIARMID (Glasgow First),Jayne Ann MORGAN (Con),Isabel NELSON (LD),Alistair WATSON (Lab),Gail SHERIDAN (Sol),4,10
425,Iris GIBSON (SNP),Janice MACKAY (UKIP),Gail SHERIDAN (Sol),Jim TORRANCE (SNP),skipped,skipped,skipped,skipped,skipped,skipped,4,10
426,Iris GIBSON (SNP),Janice MACKAY (UKIP),Jim TORRANCE (SNP),skipped,skipped,skipped,skipped,skipped,skipped,skipped,4,10
427,Iris GIBSON (SNP),Janice MACKAY (UKIP),Jim TORRANCE (SNP),skipped,skipped,skipped,skipped,skipped,skipped,skipped,4,10
428,Iris GIBSON (SNP),Janice MACKAY (UKIP),Jim TORRANCE (SNP),skipped,skipped,skipped,skipped,skipped,skipped,skipped,4,10
429,Iris GIBSON (SNP),Janice MACKAY (UKIP),Jim TORRANCE (SNP),skipped,skipped,skipped,skipped,skipped,skipped,skipped,4,10
430,Iris GIBSON (SNP),Janice MACKAY (UKIP),Jim TORRANCE (SNP),skipped,skipped,skipped,skipped,skipped,skipped,skipped,4,10
431,Iris GIBSON (SNP),Janice MACKAY (UKIP),Jim TORRANCE (SNP),Alistair WATSON (Lab),skipped,skipped,skipped,skipped,skipped,skipped,4,10
432,Iris GIBSON (SNP),Janice MACKAY (UKIP),Jim TORRANCE (SNP),Alistair WATSON (Lab),Gordon MACDIARMID (Glasgow First),skipped,skipped,skipped,skipped,skipped,4,10
433,Iris GIBSON (SNP),Jayne Ann MORGAN (Con),skipped,skipped,skipped,skipped,skipped,skipped,skipped,skipped,4,10
434,Iris GIBSON (SNP),Jayne Ann MORGAN (Con),skipped,skipped,skipped,skipped,skipped,skipped,skipped,skipped,4,10
435,Iris GIBSON (SNP),Jayne Ann MORGAN (Con),skipped,skipped,skipped,skipped,skipped,skipped,skipped,skipped,4,10
436,Iris GIBSON (SNP),Jayne Ann MORGAN (Con),Alistair WATSON (Lab),skipped,skipped,skipped,skipped,skipped,skipped,skipped,4,10
437,Iris GIBSON (SNP),Jayne Ann MORGAN (Con),Matt KERR (Lab),skipped,skipped,skipped,skipped,skipped,skipped,skipped,4,10
438,Iris GIBSON (SNP),Jayne Ann MORGAN (Con),Matt KERR (Lab),skipped,skipped,skipped,skipped,skipped,skipped,skipped,4,10
439,Iris GIBSON (SNP),Jayne Ann MORGAN (Con),Matt KERR (Lab),skipped,skipped,skipped,skipped,skipped,skipped,skipped,4,10
440,Iris GIBSON (SNP),Jayne Ann MORGAN (Con),Matt KERR (Lab),Isabel NELSON (LD),skipped,skipped,skipped,skipped,skipped,skipped,4,10
441,Iris GIBSON (SNP),Jayne Ann MORGAN (Con),Janice MACKAY (UKIP),skipped,skipped,skipped,skipped,skipped,skipped,skipped,4,10
442,Iris GIBSON (SNP),Jayne Ann MORGAN (Con),Isabel NELSON (LD),skipped,skipped,skipped,skipped,skipped,skipped,skipped,4,10
443,Iris GIBSON (SNP),Jayne Ann MORGAN (Con),Isabel NELSON (LD),skipped,skipped,skipped,skipped,skipped,skipped,skipped,4,10
444,Iris GIBSON (SNP),Jayne Ann MORGAN (Con),Isabel NELSON (LD),Jim TORRANCE (SNP),skipped,skipped,skipped,skipped,skipped,skipped,4,10
445,Iris GIBSON (SNP),Jayne Ann MORGAN (Con),Ian RUFFELL (Grn),Alistair WATSON (Lab),skipped,skipped,skipped,skipped,skipped,skipped,4,10
446,Iris GIBSON (SNP),Jayne Ann MORGAN (Con),Jim TORRANCE (SNP),skipped,skipped,skipped,skipped,skipped,skipped,skipped,4,10
447,Iris GIBSON (SNP),Jayne Ann MORGAN (Con),Jim TORRANCE (SNP),skipped,skipped,skipped,skipped,skipped,skipped,skipped,4,10
448,Iris GIBSON (SNP),Jayne Ann MORGAN (Con),Jim TORRANCE (SNP),skipped,skipped,skipped,skipped,skipped,skipped,skipped,4,10
449,Iris GIBSON (SNP),Isabel NELSON (LD),skipped,skipped,skipped,skipped,skipped,skipped,skipped,skipped,4,10
450,Iris GIBSON (SNP),Isabel NELSON (LD),skipped,skipped,skipped,skipped,skipped,skipped,skipped,skipped,4,10
451,Iris GIBSON (SNP),Isabel NELSON (LD),Matt KERR (Lab),skipped,skipped,skipped,skipped,skipped,skipped,skipped,4,10
452,Iris GIBSON (SNP),Isabel NELSON (LD),Matt KERR (Lab),skipped,skipped,skipped,skipped,skipped,skipped,skipped,4,10
453,Iris GIBSON (SNP),Isabel NELSON (LD),Matt KERR (Lab),skipped,skipped,skipped,skipped,skipped,skipped,skipped,4,10
454,Iris GIBSON (SNP),Isabel NELSON (LD),Matt KERR (Lab),Jim TORRANCE (SNP),Alistair WATSON (Lab),Ian RUFFELL (Grn),skipped,skipped,skipped,skipped,4,10
455,Iris GIBSON (SNP),Isabel NELSON (LD),Gordon MACDIARMID (Glasgow First),Janice MACKAY (UKIP),Matt KERR (Lab),Jayne Ann MORGAN (Con),Jim TORRANCE (SNP),Ian RUFFELL (Grn),Alistair WATSON (Lab),Gail SHERIDAN (Sol),4,10
456,Iris GIBSON (SNP),Isabel NELSON (LD),Janice MACKAY (UKIP),skipped,skipped,skipped,skipped,skipped,skipped,skipped,4,10
457,Iris GIBSON (SNP),Isabel NELSON (LD),Jayne Ann MORGAN (Con),Jim TORRANCE (SNP),skipped,skipped,skipped,skipped,skipped,skipped,4,10
458,Iris GIBSON (SNP),Isabel NELSON (LD),Ian RUFFELL (Grn),skipped,skipped,skipped,skipped,skipped,skipped,skipped,4,10
459,Iris GIBSON (SNP),Isabel NELSON (LD),Ian RUFFELL (Grn),Jim TORRANCE (SNP),Gail SHERIDAN (Sol),skipped,skipped,skipped,skipped,skipped,4,10
460,Iris GIBSON (SNP),Isabel NELSON (LD),Gail SHERIDAN (Sol),skipped,skipped,skipped,skipped,skipped,skipped,skipped,4,10
461,Iris GIBSON (SNP),Isabel NELSON (LD),Gail SHERIDAN (Sol),Matt KERR (Lab),Janice MACKAY (UKIP),skipped,skipped,skipped,skipped,skipped,4,10
462,Iris GIBSON (SNP),Isabel NELSON (LD),Jim TORRANCE (SNP),skipped,skipped,skipped,skipped,skipped,skipped,skipped,4,10
463,Iris GIBSON (SNP),Isabel NELSON (LD),Jim TORRANCE (SNP),skipped,skipped,skipped,skipped,skipped,skipped,skipped,4,10
464,Iris GIBSON (SNP),Isabel NELSON (LD),Jim TORRANCE (SNP),skipped,skipped,skipped,skipped,skipped,skipped,skipped,4,10
465,Iris GIBSON (SNP),Isabel NELSON (LD),Jim TORRANCE (SNP),skipped,skipped,skipped,skipped,skipped,skipped,skipped,4,10
466,Iris GIBSON (SNP),Isabel NELSON (LD),Jim TORRANCE (SNP),skipped,skipped,skipped,skipped,skipped,skipped,skipped,4,10
467,Iris GIBSON (SNP),Isabel NELSON (LD),Jim TORRANCE (SNP),Matt KERR (Lab),Alistair WATSON (Lab),skipped,skipped,skipped,skipped,skipped,4,10
468,Iris GIBSON (SNP),Isabel NELSON (LD),Jim TORRANCE (SNP),Ian RUFFELL (Grn),skipped,skipped,skipped,skipped,skipped,skipped,4,10
469,Iris GIBSON (SNP),Ian RUFFELL (Grn),skipped,skipped,skipped,skipped,skipped,skipped,skipped,skipped,4,10
470,Iris GIBSON (SNP),Ian RUFFELL (Grn),skipped,skipped,skipped,skipped,skipped,skipped,skipped,skipped,4,10
471,Iris GIBSON (SNP),Ian RUFFELL (Grn),skipped,skipped,skipped,skipped,skipped,skipped,skipped,skipped,4,10
472,Iris GIBSON (SNP),Ian RUFFELL (Grn),skipped,skipped,skipped,skipped,skipped,skipped,skipped,skipped,4,10
473,Iris GIBSON (SNP),Ian RUFFELL (Grn),Alistair WATSON (Lab),skipped,skipped,skipped,skipped,skipped,skipped,skipped,4,10
474,Iris GIBSON (SNP),Ian RUFFELL (Grn),Matt KERR (Lab),skipped,skipped,skipped,skipped,skipped,skipped,skipped,4,10
475,Iris GIBSON (SNP),Ian RUFFELL (Grn),Matt KERR (Lab),skipped,skipped,skipped,skipped,skipped,skipped,skipped,4,10
476,Iris GIBSON (SNP),Ian RUFFELL (Grn),Matt KERR (Lab),Gordon MACDIARMID (Glasgow First),skipped,skipped,skipped,skipped,skipped,skipped,4,10
477,Iris GIBSON (SNP),Ian RUFFELL (Grn),Matt KERR (Lab),Jim TORRANCE (SNP),skipped,skipped,skipped,skipped,skipped,skipped,4,10
478,Iris GIBSON (SNP),Ian RUFFELL (Grn),Matt KERR (Lab),Jim TORRANCE (SNP),skipped,skipped,skipped,skipped,skipped,skipped,4,10
479,Iris GIBSON (SNP),Ian RUFFELL (Grn),Gordon MACDIARMID (Glasgow First),Jim TORRANCE (SNP),skipped,skipped,skipped,skipped,skipped,skipped,4,10
480,Iris GIBSON (SNP),Ian RUFFELL (Grn),Isabel NELSON (LD),skipped,skipped,skipped,skipped,skipped,skipped,skipped,4,10
481,Iris GIBSON (SNP),Ian RUFFELL (Grn),Gail SHERIDAN (Sol),skipped,skipped,skipped,skipped,skipped,skipped,skipped,4,10
482,Iris GIBSON (SNP),Ian RUFFELL (Grn),Gail SHERIDAN (Sol),Jim TORRANCE (SNP),Matt KERR (Lab),Gordon MACDIARMID (Glasgow First),Janice MACKAY (UKIP),Alistair WATSON (Lab),Isabel NELSON (LD),Jayne Ann MORGAN (Con),4,10
483,Iris GIBSON (SNP),Ian RUFFELL (Grn),Gail SHERIDAN (Sol),Jim TORRANCE (SNP),Gordon MACDIARMID (Glasgow First),skipped,skipped,skipped,skipped,skipped,4,10
484,Iris GIBSON (SNP),Ian RUFFELL (Grn),Jim TORRANCE (SNP),skipped,skipped,skipped,skipped,skipped,skipped,skipped,4,10
485,Iris GIBSON (SNP),Ian RUFFELL (Grn),Jim TORRANCE (SNP),skipped,skipped,skipped,skipped,skipped,skipped,skipped,4,10
486,Iris GIBSON (SNP),Ian RUFFELL (Grn),Jim TORRANCE (SNP),skipped,skipped,skipped,skipped,skipped,skipped,skipped,4,10
487,Iris GIBSON (SNP),Ian RUFFELL (Grn),Jim TORRANCE (SNP),skipped,skipped,skipped,skipped,skipped,skipped,skipped,4,10
488,Iris GIBSON (SNP),Ian RUFFELL (Grn),Jim TORRANCE (SNP),skipped,skipped,skipped,skipped,skipped,skipped,skipped,4,10
489,Iris GIBSON (SNP),Ian RUFFELL (Grn),Jim TORRANCE (SNP),skipped,skipped,skipped,skipped,skipped,skipped,skipped,4,10
490,Iris GIBSON (SNP),Ian RUFFELL (Grn),Jim TORRANCE (SNP),skipped,skipped,skipped,skipped,skipped,skipped,skipped,4,10
491,Iris GIBSON (SNP),Ian RUFFELL (Grn),Jim TORRANCE (SNP),Matt KERR (Lab),skipped,skipped,skipped,skipped,skipped,skipped,4,10
492,Iris GIBSON (SNP),Ian RUFFELL (Grn),Jim TORRANCE (SNP),Matt KERR (Lab),skipped,skipped,skipped,skipped,skipped,skipped,4,10
493,Iris GIBSON (SNP),Ian RUFFELL (Grn),Jim TORRANCE (SNP),Matt KERR (Lab),Alistair WATSON (Lab),skipped,skipped,skipped,skipped,skipped,4,10
494,Iris GIBSON (SNP),Ian RUFFELL (Grn),Jim TORRANCE (SNP),Gordon MACDIARMID (Glasgow First),skipped,skipped,skipped,skipped,skipped,skipped,4,10
495,Iris GIBSON (SNP),Ian RUFFELL (Grn),Jim TORRANCE (SNP),Gordon MACDIARMID (Glasgow First),Janice MACKAY (UKIP),skipped,skipped,skipped,skipped,skipped,4,10
496,Iris GIBSON (SNP),Ian RUFFELL (Grn),Jim TORRANCE (SNP),Gordon MACDIARMID (Glasgow First),Janice MACKAY (UKIP),Isabel NELSON (LD),Jayne Ann MORGAN (Con),Matt KERR (Lab),Alistair WATSON (Lab),Gail SHERIDAN (Sol),4,10
497,Iris GIBSON (SNP),Ian RUFFELL (Grn),Jim TORRANCE (SNP),Gail SHERIDAN (Sol),skipped,skipped,skipped,skipped,skipped,skipped,4,10
498,Iris GIBSON (SNP),Gail SHERIDAN (Sol),skipped,skipped,skipped,skipped,skipped,skipped,skipped,skipped,4,10
499,Iris GIBSON (SNP),Gail SHERIDAN (Sol),skipped,skipped,skipped,skipped,skipped,skipped,skipped,skipped,4,10
500,Iris GIBSON (SNP),Gail SHERIDAN (Sol),skipped,skipped,skipped,skipped,skipped,skipped,skipped,skipped,4,10
501,Iris GIBSON (SNP),Gail SHERIDAN (Sol),skipped,skipped,skipped,skipped,skipped,skipped,skipped,skipped,4,10
502,Iris GIBSON (SNP),Gail SHERIDAN (Sol),skipped,skipped,skipped,skipped,skipped,skipped,skipped,skipped,4,10
503,Iris GIBSON (SNP),Gail SHERIDAN (Sol),skipped,skipped,skipped,skipped,skipped,skipped,skipped,skipped,4,10
504,Iris GIBSON (SNP),Gail SHERIDAN (Sol),skipped,skipped,skipped,skipped,skipped,skipped,skipped,skipped,4,10
505,Iris GIBSON (SNP),Gail SHERIDAN (Sol),skipped,skipped,skipped,skipped,skipped,skipped,skipped,skipped,4,10
506,Iris GIBSON (SNP),Gail SHERIDAN (Sol),skipped,skipped,skipped,skipped,skipped,skipped,skipped,skipped,4,10
507,Iris GIBSON (SNP),Gail SHERIDAN (Sol),skipped,skipped,skipped,skipped,skipped,skipped,skipped,skipped,4,10
508,Iris GIBSON (SNP),Gail SHERIDAN (Sol),Alistair WATSON (Lab),skipped,skipped,skipped,skipped,skipped,skipped,skipped,4,10
509,Iris GIBSON (SNP),Gail SHERIDAN (Sol),Alistair WATSON (Lab),skipped,skipped,skipped,skipped,skipped,skipped,skipped,4,10
510,Iris GIBSON (SNP),Gail SHERIDAN (Sol),Alistair WATSON (Lab),skipped,skipped,skipped,skipped,skipped,skipped,skipped,4,10
511,Iris GIBSON (SNP),Gail SHERIDAN (Sol),Alistair WATSON (Lab),skipped,skipped,skipped,skipped,skipped,skipped,skipped,4,10
512,Iris GIBSON (SNP),Gail SHERIDAN (Sol),Alistair WATSON (Lab),skipped,skipped,skipped,skipped,skipped,skipped,skipped,4,10
513,Iris GIBSON (SNP),Gail SHERIDAN (Sol),Alistair WATSON (Lab),skipped,skipped,skipped,skipped,skipped,skipped,skipped,4,10
514,Iris GIBSON (SNP),Gail SHERIDAN (Sol),Alistair WATSON (Lab),skipped,skipped,skipped,skipped,skipped,skipped,skipped,4,10
515,Iris GIBSON (SNP),Gail SHERIDAN (Sol),Alistair WATSON (Lab),Matt KERR (Lab),skipped,skipped,skipped,skipped,skipped,skipped,4,10
516,Iris GIBSON (SNP),Gail SHERIDAN (Sol),Alistair WATSON (Lab),Matt KERR (Lab),Gordon MACDIARMID (Glasgow First),skipped,skipped,skipped,skipped,skipped,4,10
517,Iris GIBSON (SNP),Gail SHERIDAN (Sol),Alistair WATSON (Lab),Jim TORRANCE (SNP),skipped,skipped,skipped,skipped,skipped,skipped,4,10
518,Iris GIBSON (SNP),Gail SHERIDAN (Sol),Alistair WATSON (Lab),Jim TORRANCE (SNP),skipped,skipped,skipped,skipped,skipped,skipped,4,10
519,Iris GIBSON (SNP),Gail SHERIDAN (Sol),Alistair WATSON (Lab),Jim TORRANCE (SNP),skipped,skipped,skipped,skipped,skipped,skipped,4,10
520,Iris GIBSON (SNP),Gail SHERIDAN (Sol),Alistair WATSON (Lab),Jim TORRANCE (SNP),Gordon MACDIARMID (Glasgow First),Matt KERR (Lab),skipped,skipped,skipped,skipped,4,10
521,Iris GIBSON (SNP),Gail SHERIDAN (Sol),Alistair WATSON (Lab),Jim TORRANCE (SNP),Ian RUFFELL (Grn),Gordon MACDIARMID (Glasgow First),Matt KERR (Lab),Janice MACKAY (UKIP),Jayne Ann MORGAN (Con),Isabel NELSON (LD),4,10
522,Iris GIBSON (SNP),Gail SHERIDAN (Sol),Matt KERR (Lab),skipped,skipped,skipped,skipped,skipped,skipped,skipped,4,10
523,Iris GIBSON (SNP),Gail SHERIDAN (Sol),Matt KERR (Lab),skipped,skipped,skipped,skipped,skipped,skipped,skipped,4,10
524,Iris GIBSON (SNP),Gail SHERIDAN (Sol),Matt KERR (Lab),Alistair WATSON (Lab),Jim TORRANCE (SNP),skipped,skipped,skipped,skipped,skipped,4,10
525,Iris GIBSON (SNP),Gail SHERIDAN (Sol),Matt KERR (Lab),Jim TORRANCE (SNP),skipped,skipped,skipped,skipped,skipped,skipped,4,10
526,Iris GIBSON (SNP),Gail SHERIDAN (Sol),Matt KERR (Lab),Jim TORRANCE (SNP),skipped,skipped,skipped,skipped,skipped,skipped,4,10
527,Iris GIBSON (SNP),Gail SHERIDAN (Sol),Matt KERR (Lab),Jim TORRANCE (SNP),skipped,skipped,skipped,skipped,skipped,skipped,4,10
528,Iris GIBSON (SNP),Gail SHERIDAN (Sol),Gordon MACDIARMID (Glasgow First),skipped,skipped,skipped,skipped,skipped,skipped,skipped,4,10
529,Iris GIBSON (SNP),Gail SHERIDAN (Sol),Gordon MACDIARMID (Glasgow First),skipped,skipped,skipped,skipped,skipped,skipped,skipped,4,10
530,Iris GIBSON (SNP),Gail SHERIDAN (Sol),Gordon MACDIARMID (Glasgow First),Jim TORRANCE (SNP),skipped,skipped,skipped,skipped,skipped,skipped,4,10
531,Iris GIBSON (SNP),Gail SHERIDAN (Sol),Janice MACKAY (UKIP),skipped,skipped,skipped,skipped,skipped,skipped,skipped,4,10
532,Iris GIBSON (SNP),Gail SHERIDAN (Sol),Janice MACKAY (UKIP),Gordon MACDIARMID (Glasgow First),Ian RUFFELL (Grn),Jim TORRANCE (SNP),Alistair WATSON (Lab),Matt KERR (Lab),Jayne Ann MORGAN (Con),Isabel NELSON (LD),4,10
533,Iris GIBSON (SNP),Gail SHERIDAN (Sol),Jayne Ann MORGAN (Con),skipped,skipped,skipped,skipped,skipped,skipped,skipped,4,10
534,Iris GIBSON (SNP),Gail SHERIDAN (Sol),Isabel NELSON (LD),skipped,skipped,skipped,skipped,skipped,skipped,skipped,4,10
535,Iris GIBSON (SNP),Gail SHERIDAN (Sol),Isabel NELSON (LD),skipped,skipped,skipped,skipped,skipped,skipped,skipped,4,10
536,Iris GIBSON (SNP),Gail SHERIDAN (Sol),Isabel NELSON (LD),Gordon MACDIARMID (Glasgow First),Matt KERR (Lab),Janice MACKAY (UKIP),Ian RUFFELL (Grn),Jim TORRANCE (SNP),Alistair WATSON (Lab),Jayne Ann MORGAN (Con),4,10
537,Iris GIBSON (SNP),Gail SHERIDAN (Sol),Isabel NELSON (LD),Ian RUFFELL (Grn),Jim TORRANCE (SNP),Janice MACKAY (UKIP),skipped,skipped,skipped,skipped,4,10
538,Iris GIBSON (SNP),Gail SHERIDAN (Sol),Ian RUFFELL (Grn),skipped,skipped,skipped,skipped,skipped,skipped,skipped,4,10
539,Iris GIBSON (SNP),Gail SHERIDAN (Sol),Ian RUFFELL (Grn),Gordon MACDIARMID (Glasgow First),skipped,skipped,skipped,skipped,skipped,skipped,4,10
540,Iris GIBSON (SNP),Gail SHERIDAN (Sol),Ian RUFFELL (Grn),Gordon MACDIARMID (Glasgow First),skipped,skipped,skipped,skipped,skipped,skipped,4,10
541,Iris GIBSON (SNP),Gail SHERIDAN (Sol),Ian RUFFELL (Grn),Jim TORRANCE (SNP),skipped,skipped,skipped,skipped,skipped,skipped,4,10
542,Iris GIBSON (SNP),Gail SHERIDAN (Sol),Ian RUFFELL (Grn),Jim TORRANCE (SNP),skipped,skipped,skipped,skipped,skipped,skipped,4,10
543,Iris GIBSON (SNP),Gail SHERIDAN (Sol),Jim TORRANCE (SNP),skipped,skipped,skipped,skipped,skipped,skipped,skipped,4,10
544,Iris GIBSON (SNP),Gail SHERIDAN (Sol),Jim TORRANCE (SNP),skipped,skipped,skipped,skipped,skipped,skipped,skipped,4,10
545,Iris GIBSON (SNP),Gail SHERIDAN (Sol),Jim TORRANCE (SNP),skipped,skipped,skipped,skipped,skipped,skipped,skipped,4,10
546,Iris GIBSON (SNP),Gail SHERIDAN (Sol),Jim TORRANCE (SNP),skipped,skipped,skipped,skipped,skipped,skipped,skipped,4,10
547,Iris GIBSON (SNP),Gail SHERIDAN (Sol),Jim TORRANCE (SNP),skipped,skipped,skipped,skipped,skipped,skipped,skipped,4,10
548,Iris GIBSON (SNP),Gail SHERIDAN (Sol),Jim TORRANCE (SNP),skipped,skipped,skipped,skipped,skipped,skipped,skipped,4,10
549,Iris GIBSON (SNP),Gail SHERIDAN (Sol),Jim TORRANCE (SNP),skipped,skipped,skipped,skipped,skipped,skipped,skipped,4,10
550,Iris GIBSON (SNP),Gail SHERIDAN (Sol),Jim TORRANCE (SNP),skipped,skipped,skipped,skipped,skipped,skipped,skipped,4,10
551,Iris GIBSON (SNP),Gail SHERIDAN (Sol),Jim TORRANCE (SNP),skipped,skipped,skipped,skipped,skipped,skipped,skipped,4,10
552,Iris GIBSON (SNP),Gail SHERIDAN (Sol),Jim TORRANCE (SNP),skipped,skipped,skipped,skipped,skipped,skipped,skipped,4,10
553,Iris GIBSON (SNP),Gail SHERIDAN (Sol),Jim TORRANCE (SNP),skipped,skipped,skipped,skipped,skipped,skipped,skipped,4,10
554,Iris GIBSON (SNP),Gail SHERIDAN (Sol),Jim TORRANCE (SNP),skipped,skipped,skipped,skipped,skipped,skipped,skipped,4,10
555,Iris GIBSON (SNP),Gail SHERIDAN (Sol),Jim TORRANCE (SNP),skipped,skipped,skipped,skipped,skipped,skipped,skipped,4,10
556,Iris GIBSON (SNP),Gail SHERIDAN (Sol),Jim TORRANCE (SNP),skipped,skipped,skipped,skipped,skipped,skipped,skipped,4,10
557,Iris GIBSON (SNP),Gail SHERIDAN (Sol),Jim TORRANCE (SNP),skipped,skipped,skipped,skipped,skipped,skipped,skipped,4,10
558,Iris GIBSON (SNP),Gail SHERIDAN (Sol),Jim TORRANCE (SNP),skipped,skipped,skipped,skipped,skipped,skipped,skipped,4,10
559,Iris GIBSON (SNP),Gail SHERIDAN (Sol),Jim TORRANCE (SNP),skipped,skipped,skipped,skipped,skipped,skipped,skipped,4,10
560,Iris GIBSON (SNP),Gail SHERIDAN (Sol),Jim TORRANCE (SNP),skipped,skipped,skipped,skipped,skipped,skipped,skipped,4,10
561,Iris GIBSON (SNP),Gail SHERIDAN (Sol),Jim TORRANCE (SNP),skipped,skipped,skipped,skipped,skipped,skipped,skipped,4,10
562,Iris GIBSON (SNP),Gail SHERIDAN (Sol),Jim TORRANCE (SNP),Alistair WATSON (Lab),skipped,skipped,skipped,skipped,skipped,skipped,4,10
563,Iris GIBSON (SNP),Gail SHERIDAN (Sol),Jim TORRANCE (SNP),Alistair WATSON (Lab),Matt KERR (Lab),skipped,skipped,skipped,skipped,skipped,4,10
564,Iris GIBSON (SNP),Gail SHERIDAN (Sol),Jim TORRANCE (SNP),Alistair WATSON (Lab),Matt KERR (Lab),skipped,skipped,skipped,skipped,skipped,4,10
565,Iris GIBSON (SNP),Gail SHERIDAN (Sol),Jim TORRANCE (SNP),Alistair WATSON (Lab),Matt KERR (Lab),skipped,skipped,skipped,skipped,skipped,4,10
566,Iris GIBSON (SNP),Gail SHERIDAN (Sol),Jim TORRANCE (SNP),Alistair WATSON (Lab),Matt KERR (Lab),skipped,skipped,skipped,skipped,skipped,4,10
567,Iris GIBSON (SNP),Gail SHERIDAN (Sol),Jim TORRANCE (SNP),Matt KERR (Lab),Alistair WATSON (Lab),Gordon MACDIARMID (Glasgow First),Isabel NELSON (LD),Ian RUFFELL (Grn),Janice MACKAY (UKIP),Jayne Ann MORGAN (Con),4,10
568,Iris GIBSON (SNP),Gail SHERIDAN (Sol),Jim TORRANCE (SNP),Matt KERR (Lab),Jayne Ann MORGAN (Con),Isabel NELSON (LD),Gordon MACDIARMID (Glasgow First),Janice MACKAY (UKIP),Ian RUFFELL (Grn),Alistair WATSON (Lab),4,10
569,Iris GIBSON (SNP),Gail SHERIDAN (Sol),Jim TORRANCE (SNP),Matt KERR (Lab),Isabel NELSON (LD),Gordon MACDIARMID (Glasgow First),Alistair WATSON (Lab),Ian RUFFELL (Grn),Jayne Ann MORGAN (Con),Janice MACKAY (UKIP),4,10
570,Iris GIBSON (SNP),Gail SHERIDAN (Sol),Jim TORRANCE (SNP),Gordon MACDIARMID (Glasgow First),skipped,skipped,skipped,skipped,skipped,skipped,4,10
571,Iris GIBSON (SNP),Gail SHERIDAN (Sol),Jim TORRANCE (SNP),Gordon MACDIARMID (Glasgow First),Matt KERR (Lab),Janice MACKAY (UKIP),Jayne Ann MORGAN (Con),Isabel NELSON (LD),Ian RUFFELL (Grn),Alistair WATSON (Lab),4,10
572,Iris GIBSON (SNP),Gail SHERIDAN (Sol),Jim TORRANCE (SNP),Gordon MACDIARMID (Glasgow First),Janice MACKAY (UKIP),skipped,skipped,skipped,skipped,skipped,4,10
573,Iris GIBSON (SNP),Gail SHERIDAN (Sol),Jim TORRANCE (SNP),Janice MACKAY (UKIP),skipped,skipped,skipped,skipped,skipped,skipped,4,10
574,Iris GIBSON (SNP),Gail SHERIDAN (Sol),Jim TORRANCE (SNP),Ian RUFFELL (Grn),skipped,skipped,skipped,skipped,skipped,skipped,4,10
575,Iris GIBSON (SNP),Gail SHERIDAN (Sol),Jim TORRANCE (SNP),Ian RUFFELL (Grn),skipped,skipped,skipped,skipped,skipped,skipped,4,10
576,Iris GIBSON (SNP),Gail SHERIDAN (Sol),Jim TORRANCE (SNP),Ian RUFFELL (Grn),skipped,skipped,skipped,skipped,skipped,skipped,4,10
577,Iris GIBSON (SNP),Gail SHERIDAN (Sol),Jim TORRANCE (SNP),Ian RUFFELL (Grn),Matt KERR (Lab),Gordon MACDIARMID (Glasgow First),skipped,skipped,skipped,skipped,4,10
578,Iris GIBSON (SNP),Gail SHERIDAN (Sol),Jim TORRANCE (SNP),Ian RUFFELL (Grn),Gordon MACDIARMID (Glasgow First),Matt KERR (Lab),Janice MACKAY (UKIP),Isabel NELSON (LD),Jayne Ann MORGAN (Con),Alistair WATSON (Lab),4,10
579,Iris GIBSON (SNP),Gail SHERIDAN (Sol),Jim TORRANCE (SNP),Ian RUFFELL (Grn),Isabel NELSON (LD),skipped,skipped,skipped,skipped,skipped,4,10
580,Iris GIBSON (SNP),Jim TORRANCE (SNP),skipped,skipped,skipped,skipped,skipped,skipped,skipped,skipped,4,10
581,Iris GIBSON (SNP),Jim TORRANCE (SNP),skipped,skipped,skipped,skipped,skipped,skipped,skipped,skipped,4,10
582,Iris GIBSON (SNP),Jim TORRANCE (SNP),skipped,skipped,skipped,skipped,skipped,skipped,skipped,skipped,4,10
583,Iris GIBSON (SNP),Jim TORRANCE (SNP),skipped,skipped,skipped,skipped,skipped,skipped,skipped,skipped,4,10
584,Iris GIBSON (SNP),Jim TORRANCE (SNP),skipped,skipped,skipped,skipped,skipped,skipped,skipped,skipped,4,10
585,Iris GIBSON (SNP),Jim TORRANCE (SNP),skipped,skipped,skipped,skipped,skipped,skipped,skipped,skipped,4,10
586,Iris GIBSON (SNP),Jim TORRANCE (SNP),skipped,skipped,skipped,skipped,skipped,skipped,skipped,skipped,4,10
587,Iris GIBSON (SNP),Jim TORRANCE (SNP),skipped,skipped,skipped,skipped,skipped,skipped,skipped,skipped,4,10
588,Iris GIBSON (SNP),Jim TORRANCE (SNP),skipped,skipped,skipped,skipped,skipped,skipped,skipped,skipped,4,10
589,Iris GIBSON (SNP),Jim TORRANCE (SNP),skipped,skipped,skipped,skipped,skipped,skipped,skipped,skipped,4,10
590,Iris GIBSON (SNP),Jim TORRANCE (SNP),skipped,skipped,skipped,skipped,skipped,skipped,skipped,skipped,4,10
591,Iris GIBSON (SNP),Jim TORRANCE (SNP),skipped,skipped,skipped,skipped,skipped,skipped,skipped,skipped,4,10
592,Iris GIBSON (SNP),Jim TORRANCE (SNP),skipped,skipped,skipped,skipped,skipped,skipped,skipped,skipped,4,10
593,Iris GIBSON (SNP),Jim TORRANCE (SNP),skipped,skipped,skipped,skipped,skipped,skipped,skipped,skipped,4,10
594,Iris GIBSON (SNP),Jim TORRANCE (SNP),skipped,skipped,skipped,skipped,skipped,skipped,skipped,skipped,4,10
595,Iris GIBSON (SNP),Jim TORRANCE (SNP),skipped,skipped,skipped,skipped,skipped,skipped,skipped,skipped,4,10
596,Iris GIBSON (SNP),Jim TORRANCE (SNP),skipped,skipped,skipped,skipped,skipped,skipped,skipped,skipped,4,10
597,Iris GIBSON (SNP),Jim TORRANCE (SNP),skipped,skipped,skipped,skipped,skipped,skipped,skipped,skipped,4,10
598,Iris GIBSON (SNP),Jim TORRANCE (SNP),skipped,skipped,skipped,skipped,skipped,skipped,skipped,skipped,4,10
599,Iris GIBSON (SNP),Jim TORRANCE (SNP),skipped,skipped,skipped,skipped,skipped,skipped,skipped,skipped,4,10
600,Iris GIBSON (SNP),Jim TORRANCE (SNP),skipped,skipped,skipped,skipped,skipped,skipped,skipped,skipped,4,10
601,Iris GIBSON (SNP),Jim TORRANCE (SNP),skipped,skipped,skipped,skipped,skipped,skipped,skipped,skipped,4,10
602,Iris GIBSON (SNP),Jim TORRANCE (SNP),skipped,skipped,skipped,skipped,skipped,skipped,skipped,skipped,4,10
603,Iris GIBSON (SNP),Jim TORRANCE (SNP),skipped,skipped,skipped,skipped,skipped,skipped,skipped,skipped,4,10
604,Iris GIBSON (SNP),Jim TORRANCE (SNP),skipped,skipped,skipped,skipped,skipped,skipped,skipped,skipped,4,10
605,Iris GIBSON (SNP),Jim TORRANCE (SNP),skipped,skipped,skipped,skipped,skipped,skipped,skipped,skipped,4,10
606,Iris GIBSON (SNP),Jim TORRANCE (SNP),skipped,skipped,skipped,skipped,skipped,skipped,skipped,skipped,4,10
607,Iris GIBSON (SNP),Jim TORRANCE (SNP),skipped,skipped,skipped,skipped,skipped,skipped,skipped,skipped,4,10
608,Iris GIBSON (SNP),Jim TORRANCE (SNP),skipped,skipped,skipped,skipped,skipped,skipped,skipped,skipped,4,10
609,Iris GIBSON (SNP),Jim TORRANCE (SNP),skipped,skipped,skipped,skipped,skipped,skipped,skipped,skipped,4,10
610,Iris GIBSON (SNP),Jim TORRANCE (SNP),skipped,skipped,skipped,skipped,skipped,skipped,skipped,skipped,4,10
611,Iris GIBSON (SNP),Jim TORRANCE (SNP),skipped,skipped,skipped,skipped,skipped,skipped,skipped,skipped,4,10
612,Iris GIBSON (SNP),Jim TORRANCE (SNP),skipped,skipped,skipped,skipped,skipped,skipped,skipped,skipped,4,10
613,Iris GIBSON (SNP),Jim TORRANCE (SNP),skipped,skipped,skipped,skipped,skipped,skipped,skipped,skipped,4,10
614,Iris GIBSON (SNP),Jim TORRANCE (SNP),skipped,skipped,skipped,skipped,skipped,skipped,skipped,skipped,4,10
615,Iris GIBSON (SNP),Jim TORRANCE (SNP),skipped,skipped,skipped,skipped,skipped,skipped,skipped,skipped,4,10
616,Iris GIBSON (SNP),Jim TORRANCE (SNP),skipped,skipped,skipped,skipped,skipped,skipped,skipped,skipped,4,10
617,Iris GIBSON (SNP),Jim TORRANCE (SNP),skipped,skipped,skipped,skipped,skipped,skipped,skipped,skipped,4,10
618,Iris GIBSON (SNP),Jim TORRANCE (SNP),skipped,skipped,skipped,skipped,skipped,skipped,skipped,skipped,4,10
619,Iris GIBSON (SNP),Jim TORRANCE (SNP),skipped,skipped,skipped,skipped,skipped,skipped,skipped,skipped,4,10
620,Iris GIBSON (SNP),Jim TORRANCE (SNP),skipped,skipped,skipped,skipped,skipped,skipped,skipped,skipped,4,10
621,Iris GIBSON (SNP),Jim TORRANCE (SNP),skipped,skipped,skipped,skipped,skipped,skipped,skipped,skipped,4,10
622,Iris GIBSON (SNP),Jim TORRANCE (SNP),skipped,skipped,skipped,skipped,skipped,skipped,skipped,skipped,4,10
623,Iris GIBSON (SNP),Jim TORRANCE (SNP),skipped,skipped,skipped,skipped,skipped,skipped,skipped,skipped,4,10
624,Iris GIBSON (SNP),Jim TORRANCE (SNP),skipped,skipped,skipped,skipped,skipped,skipped,skipped,skipped,4,10
625,Iris GIBSON (SNP),Jim TORRANCE (SNP),skipped,skipped,skipped,skipped,skipped,skipped,skipped,skipped,4,10
626,Iris GIBSON (SNP),Jim TORRANCE (SNP),skipped,skipped,skipped,skipped,skipped,skipped,skipped,skipped,4,10
627,Iris GIBSON (SNP),Jim TORRANCE (SNP),skipped,skipped,skipped,skipped,skipped,skipped,skipped,skipped,4,10
628,Iris GIBSON (SNP),Jim TORRANCE (SNP),skipped,skipped,skipped,skipped,skipped,skipped,skipped,skipped,4,10
629,Iris GIBSON (SNP),Jim TORRANCE (SNP),skipped,skipped,skipped,skipped,skipped,skipped,skipped,skipped,4,10
630,Iris GIBSON (SNP),Jim TORRANCE (SNP),skipped,skipped,skipped,skipped,skipped,skipped,skipped,skipped,4,10
631,Iris GIBSON (SNP),Jim TORRANCE (SNP),skipped,skipped,skipped,skipped,skipped,skipped,skipped,skipped,4,10
632,Iris GIBSON (SNP),Jim TORRANCE (SNP),skipped,skipped,skipped,skipped,skipped,skipped,skipped,skipped,4,10
633,Iris GIBSON (SNP),Jim TORRANCE (SNP),skipped,skipped,skipped,skipped,skipped,skipped,skipped,skipped,4,10
634,Iris GIBSON (SNP),Jim TORRANCE (SNP),skipped,skipped,skipped,skipped,skipped,skipped,skipped,skipped,4,10
635,Iris GIBSON (SNP),Jim TORRANCE (SNP),skipped,skipped,skipped,skipped,skipped,skipped,skipped,skipped,4,10
636,Iris GIBSON (SNP),Jim TORRANCE (SNP),skipped,skipped,skipped,skipped,skipped,skipped,skipped,skipped,4,10
637,Iris GIBSON (SNP),Jim TORRANCE (SNP),skipped,skipped,skipped,skipped,skipped,skipped,skipped,skipped,4,10
638,Iris GIBSON (SNP),Jim TORRANCE (SNP),skipped,skipped,skipped,skipped,skipped,skipped,skipped,skipped,4,10
639,Iris GIBSON (SNP),Jim TORRANCE (SNP),skipped,skipped,skipped,skipped,skipped,skipped,skipped,skipped,4,10
640,Iris GIBSON (SNP),Jim TORRANCE (SNP),skipped,skipped,skipped,skipped,skipped,skipped,skipped,skipped,4,10
641,Iris GIBSON (SNP),Jim TORRANCE (SNP),skipped,skipped,skipped,skipped,skipped,skipped,skipped,skipped,4,10
642,Iris GIBSON (SNP),Jim TORRANCE (SNP),skipped,skipped,skipped,skipped,skipped,skipped,skipped,skipped,4,10
643,Iris GIBSON (SNP),Jim TORRANCE (SNP),skipped,skipped,skipped,skipped,skipped,skipped,skipped,skipped,4,10
644,Iris GIBSON (SNP),Jim TORRANCE (SNP),skipped,skipped,skipped,skipped,skipped,skipped,skipped,skipped,4,10
645,Iris GIBSON (SNP),Jim TORRANCE (SNP),skipped,skipped,skipped,skipped,skipped,skipped,skipped,skipped,4,10
646,Iris GIBSON (SNP),Jim TORRANCE (SNP),skipped,skipped,skipped,skipped,skipped,skipped,skipped,skipped,4,10
647,Iris GIBSON (SNP),Jim TORRANCE (SNP),skipped,skipped,skipped,skipped,skipped,skipped,skipped,skipped,4,10
648,Iris GIBSON (SNP),Jim TORRANCE (SNP),skipped,skipped,skipped,skipped,skipped,skipped,skipped,skipped,4,10
649,Iris GIBSON (SNP),Jim TORRANCE (SNP),skipped,skipped,skipped,skipped,skipped,skipped,skipped,skipped,4,10
650,Iris GIBSON (SNP),Jim TORRANCE (SNP),skipped,skipped,skipped,skipped,skipped,skipped,skipped,skipped,4,10
651,Iris GIBSON (SNP),Jim TORRANCE (SNP),skipped,skipped,skipped,skipped,skipped,skipped,skipped,skipped,4,10
652,Iris GIBSON (SNP),Jim TORRANCE (SNP),skipped,skipped,skipped,skipped,skipped,skipped,skipped,skipped,4,10
653,Iris GIBSON (SNP),Jim TORRANCE (SNP),skipped,skipped,skipped,skipped,skipped,skipped,skipped,skipped,4,10
654,Iris GIBSON (SNP),Jim TORRANCE (SNP),skipped,skipped,skipped,skipped,skipped,skipped,skipped,skipped,4,10
655,Iris GIBSON (SNP),Jim TORRANCE (SNP),skipped,skipped,skipped,skipped,skipped,skipped,skipped,skipped,4,10
656,Iris GIBSON (SNP),Jim TORRANCE (SNP),skipped,skipped,skipped,skipped,skipped,skipped,skipped,skipped,4,10
657,Iris GIBSON (SNP),Jim TORRANCE (SNP),skipped,skipped,skipped,skipped,skipped,skipped,skipped,skipped,4,10
658,Iris GIBSON (SNP),Jim TORRANCE (SNP),skipped,skipped,skipped,skipped,skipped,skipped,skipped,skipped,4,10
659,Iris GIBSON (SNP),Jim TORRANCE (SNP),skipped,skipped,skipped,skipped,skipped,skipped,skipped,skipped,4,10
660,Iris GIBSON (SNP),Jim TORRANCE (SNP),skipped,skipped,skipped,skipped,skipped,skipped,skipped,skipped,4,10
661,Iris GIBSON (SNP),Jim TORRANCE (SNP),skipped,skipped,skipped,skipped,skipped,skipped,skipped,skipped,4,10
662,Iris GIBSON (SNP),Jim TORRANCE (SNP),skipped,skipped,skipped,skipped,skipped,skipped,skipped,skipped,4,10
663,Iris GIBSON (SNP),Jim TORRANCE (SNP),skipped,skipped,skipped,skipped,skipped,skipped,skipped,skipped,4,10
664,Iris GIBSON (SNP),Jim TORRANCE (SNP),skipped,skipped,skipped,skipped,skipped,skipped,skipped,skipped,4,10
665,Iris GIBSON (SNP),Jim TORRANCE (SNP),skipped,skipped,skipped,skipped,skipped,skipped,skipped,skipped,4,10
666,Iris GIBSON (SNP),Jim TORRANCE (SNP),skipped,skipped,skipped,skipped,skipped,skipped,skipped,skipped,4,10
667,Iris GIBSON (SNP),Jim TORRANCE (SNP),skipped,skipped,skipped,skipped,skipped,skipped,skipped,skipped,4,10
668,Iris GIBSON (SNP),Jim TORRANCE (SNP),skipped,skipped,skipped,skipped,skipped,skipped,skipped,skipped,4,10
669,Iris GIBSON (SNP),Jim TORRANCE (SNP),skipped,skipped,skipped,skipped,skipped,skipped,skipped,skipped,4,10
670,Iris GIBSON (SNP),Jim TORRANCE (SNP),skipped,skipped,skipped,skipped,skipped,skipped,skipped,skipped,4,10
671,Iris GIBSON (SNP),Jim TORRANCE (SNP),skipped,skipped,skipped,skipped,skipped,skipped,skipped,skipped,4,10
672,Iris GIBSON (SNP),Jim TORRANCE (SNP),skipped,skipped,skipped,skipped,skipped,skipped,skipped,skipped,4,10
673,Iris GIBSON (SNP),Jim TORRANCE (SNP),skipped,skipped,skipped,skipped,skipped,skipped,skipped,skipped,4,10
674,Iris GIBSON (SNP),Jim TORRANCE (SNP),skipped,skipped,skipped,skipped,skipped,skipped,skipped,skipped,4,10
675,Iris GIBSON (SNP),Jim TORRANCE (SNP),skipped,skipped,skipped,skipped,skipped,skipped,skipped,skipped,4,10
676,Iris GIBSON (SNP),Jim TORRANCE (SNP),skipped,skipped,skipped,skipped,skipped,skipped,skipped,skipped,4,10
677,Iris GIBSON (SNP),Jim TORRANCE (SNP),skipped,skipped,skipped,skipped,skipped,skipped,skipped,skipped,4,10
678,Iris GIBSON (SNP),Jim TORRANCE (SNP),skipped,skipped,skipped,skipped,skipped,skipped,skipped,skipped,4,10
679,Iris GIBSON (SNP),Jim TORRANCE (SNP),skipped,skipped,skipped,skipped,skipped,skipped,skipped,skipped,4,10
680,Iris GIBSON (SNP),Jim TORRANCE (SNP),skipped,skipped,skipped,skipped,skipped,skipped,skipped,skipped,4,10
681,Iris GIBSON (SNP),Jim TORRANCE (SNP),skipped,skipped,skipped,skipped,skipped,skipped,skipped,skipped,4,10
682,Iris GIBSON (SNP),Jim TORRANCE (SNP),skipped,skipped,skipped,skipped,skipped,skipped,skipped,skipped,4,10
683,Iris GIBSON (SNP),Jim TORRANCE (SNP),skipped,skipped,skipped,skipped,skipped,skipped,skipped,skipped,4,10
684,Iris GIBSON (SNP),Jim TORRANCE (SNP),skipped,skipped,skipped,skipped,skipped,skipped,skipped,skipped,4,10
685,Iris GIBSON (SNP),Jim TORRANCE (SNP),skipped,skipped,skipped,skipped,skipped,skipped,skipped,skipped,4,10
686,Iris GIBSON (SNP),Jim TORRANCE (SNP),skipped,skipped,skipped,skipped,skipped,skipped,skipped,skipped,4,10
687,Iris GIBSON (SNP),Jim TORRANCE (SNP),skipped,skipped,skipped,skipped,skipped,skipped,skipped,skipped,4,10
688,Iris GIBSON (SNP),Jim TORRANCE (SNP),skipped,skipped,skipped,skipped,skipped,skipped,skipped,skipped,4,10
689,Iris GIBSON (SNP),Jim TORRANCE (SNP),skipped,skipped,skipped,skipped,skipped,skipped,skipped,skipped,4,10
690,Iris GIBSON (SNP),Jim TORRANCE (SNP),skipped,skipped,skipped,skipped,skipped,skipped,skipped,skipped,4,10
691,Iris GIBSON (SNP),Jim TORRANCE (SNP),skipped,skipped,skipped,skipped,skipped,skipped,skipped,skipped,4,10
692,Iris GIBSON (SNP),Jim TORRANCE (SNP),skipped,skipped,skipped,skipped,skipped,skipped,skipped,skipped,4,10
693,Iris GIBSON (SNP),Jim TORRANCE (SNP),skipped,skipped,skipped,skipped,skipped,skipped,skipped,skipped,4,10
694,Iris GIBSON (SNP),Jim TORRANCE (SNP),skipped,skipped,skipped,skipped,skipped,skipped,skipped,skipped,4,10
695,Iris GIBSON (SNP),Jim TORRANCE (SNP),skipped,skipped,skipped,skipped,skipped,skipped,skipped,skipped,4,10
696,Iris GIBSON (SNP),Jim TORRANCE (SNP),skipped,skipped,skipped,skipped,skipped,skipped,skipped,skipped,4,10
697,Iris GIBSON (SNP),Jim TORRANCE (SNP),skipped,skipped,skipped,skipped,skipped,skipped,skipped,skipped,4,10
698,Iris GIBSON (SNP),Jim TORRANCE (SNP),skipped,skipped,skipped,skipped,skipped,skipped,skipped,skipped,4,10
699,Iris GIBSON (SNP),Jim TORRANCE (SNP),skipped,skipped,skipped,skipped,skipped,skipped,skipped,skipped,4,10
700,Iris GIBSON (SNP),Jim TORRANCE (SNP),skipped,skipped,skipped,skipped,skipped,skipped,skipped,skipped,4,10
701,Iris GIBSON (SNP),Jim TORRANCE (SNP),skipped,skipped,skipped,skipped,skipped,skipped,skipped,skipped,4,10
702,Iris GIBSON (SNP),Jim TORRANCE (SNP),skipped,skipped,skipped,skipped,skipped,skipped,skipped,skipped,4,10
703,Iris GIBSON (SNP),Jim TORRANCE (SNP),skipped,skipped,skipped,skipped,skipped,skipped,skipped,skipped,4,10
704,Iris GIBSON (SNP),Jim TORRANCE (SNP),skipped,skipped,skipped,skipped,skipped,skipped,skipped,skipped,4,10
705,Iris GIBSON (SNP),Jim TORRANCE (SNP),skipped,skipped,skipped,skipped,skipped,skipped,skipped,skipped,4,10
706,Iris GIBSON (SNP),Jim TORRANCE (SNP),skipped,skipped,skipped,skipped,skipped,skipped,skipped,skipped,4,10
707,Iris GIBSON (SNP),Jim TORRANCE (SNP),skipped,skipped,skipped,skipped,skipped,skipped,skipped,skipped,4,10
708,Iris GIBSON (SNP),Jim TORRANCE (SNP),skipped,skipped,skipped,skipped,skipped,skipped,skipped,skipped,4,10
709,Iris GIBSON (SNP),Jim TORRANCE (SNP),skipped,skipped,skipped,skipped,skipped,skipped,skipped,skipped,4,10
710,Iris GIBSON (SNP),Jim TORRANCE (SNP),skipped,skipped,skipped,skipped,skipped,skipped,skipped,skipped,4,10
711,Iris GIBSON (SNP),Jim TORRANCE (SNP),skipped,skipped,skipped,skipped,skipped,skipped,skipped,skipped,4,10
712,Iris GIBSON (SNP),Jim TORRANCE (SNP),skipped,skipped,skipped,skipped,skipped,skipped,skipped,skipped,4,10
713,Iris GIBSON (SNP),Jim TORRANCE (SNP),skipped,skipped,skipped,skipped,skipped,skipped,skipped,skipped,4,10
714,Iris GIBSON (SNP),Jim TORRANCE (SNP),skipped,skipped,skipped,skipped,skipped,skipped,skipped,skipped,4,10
715,Iris GIBSON (SNP),Jim TORRANCE (SNP),skipped,skipped,skipped,skipped,skipped,skipped,skipped,skipped,4,10
716,Iris GIBSON (SNP),Jim TORRANCE (SNP),skipped,skipped,skipped,skipped,skipped,skipped,skipped,skipped,4,10
717,Iris GIBSON (SNP),Jim TORRANCE (SNP),skipped,skipped,skipped,skipped,skipped,skipped,skipped,skipped,4,10
718,Iris GIBSON (SNP),Jim TORRANCE (SNP),skipped,skipped,skipped,skipped,skipped,skipped,skipped,skipped,4,10
719,Iris GIBSON (SNP),Jim TORRANCE (SNP),skipped,skipped,skipped,skipped,skipped,skipped,skipped,skipped,4,10
720,Iris GIBSON (SNP),Jim TORRANCE (SNP),skipped,skipped,skipped,skipped,skipped,skipped,skipped,skipped,4,10
721,Iris GIBSON (SNP),Jim TORRANCE (SNP),skipped,skipped,skipped,skipped,skipped,skipped,skipped,skipped,4,10
722,Iris GIBSON (SNP),Jim TORRANCE (SNP),skipped,skipped,skipped,skipped,skipped,skipped,skipped,skipped,4,10
723,Iris GIBSON (SNP),Jim TORRANCE (SNP),skipped,skipped,skipped,skipped,skipped,skipped,skipped,skipped,4,10
724,Iris GIBSON (SNP),Jim TORRANCE (SNP),skipped,skipped,skipped,skipped,skipped,skipped,skipped,skipped,4,10
725,Iris GIBSON (SNP),Jim TORRANCE (SNP),skipped,skipped,skipped,skipped,skipped,skipped,skipped,skipped,4,10
726,Iris GIBSON (SNP),Jim TORRANCE (SNP),skipped,skipped,skipped,skipped,skipped,skipped,skipped,skipped,4,10
727,Iris GIBSON (SNP),Jim TORRANCE (SNP),skipped,skipped,skipped,skipped,skipped,skipped,skipped,skipped,4,10
728,Iris GIBSON (SNP),Jim TORRANCE (SNP),skipped,skipped,skipped,skipped,skipped,skipped,skipped,skipped,4,10
729,Iris GIBSON (SNP),Jim TORRANCE (SNP),skipped,skipped,skipped,skipped,skipped,skipped,skipped,skipped,4,10
730,Iris GIBSON (SNP),Jim TORRANCE (SNP),skipped,skipped,skipped,skipped,skipped,skipped,skipped,skipped,4,10
731,Iris GIBSON (SNP),Jim TORRANCE (SNP),skipped,skipped,skipped,skipped,skipped,skipped,skipped,skipped,4,10
732,Iris GIBSON (SNP),Jim TORRANCE (SNP),skipped,skipped,skipped,skipped,skipped,skipped,skipped,skipped,4,10
733,Iris GIBSON (SNP),Jim TORRANCE (SNP),skipped,skipped,skipped,skipped,skipped,skipped,skipped,skipped,4,10
734,Iris GIBSON (SNP),Jim TORRANCE (SNP),skipped,skipped,skipped,skipped,skipped,skipped,skipped,skipped,4,10
735,Iris GIBSON (SNP),Jim TORRANCE (SNP),skipped,skipped,skipped,skipped,skipped,skipped,skipped,skipped,4,10
736,Iris GIBSON (SNP),Jim TORRANCE (SNP),skipped,skipped,skipped,skipped,skipped,skipped,skipped,skipped,4,10
737,Iris GIBSON (SNP),Jim TORRANCE (SNP),skipped,skipped,skipped,skipped,skipped,skipped,skipped,skipped,4,10
738,Iris GIBSON (SNP),Jim TORRANCE (SNP),skipped,skipped,skipped,skipped,skipped,skipped,skipped,skipped,4,10
739,Iris GIBSON (SNP),Jim TORRANCE (SNP),skipped,skipped,skipped,skipped,skipped,skipped,skipped,skipped,4,10
740,Iris GIBSON (SNP),Jim TORRANCE (SNP),skipped,skipped,skipped,skipped,skipped,skipped,skipped,skipped,4,10
741,Iris GIBSON (SNP),Jim TORRANCE (SNP),skipped,skipped,skipped,skipped,skipped,skipped,skipped,skipped,4,10
742,Iris GIBSON (SNP),Jim TORRANCE (SNP),skipped,skipped,skipped,skipped,skipped,skipped,skipped,skipped,4,10
743,Iris GIBSON (SNP),Jim TORRANCE (SNP),skipped,skipped,skipped,skipped,skipped,skipped,skipped,skipped,4,10
744,Iris GIBSON (SNP),Jim TORRANCE (SNP),skipped,skipped,skipped,skipped,skipped,skipped,skipped,skipped,4,10
745,Iris GIBSON (SNP),Jim TORRANCE (SNP),skipped,skipped,skipped,skipped,skipped,skipped,skipped,skipped,4,10
746,Iris GIBSON (SNP),Jim TORRANCE (SNP),skipped,skipped,skipped,skipped,skipped,skipped,skipped,skipped,4,10
747,Iris GIBSON (SNP),Jim TORRANCE (SNP),skipped,skipped,skipped,skipped,skipped,skipped,skipped,skipped,4,10
748,Iris GIBSON (SNP),Jim TORRANCE (SNP),skipped,skipped,skipped,skipped,skipped,skipped,skipped,skipped,4,10
749,Iris GIBSON (SNP),Jim TORRANCE (SNP),skipped,skipped,skipped,skipped,skipped,skipped,skipped,skipped,4,10
750,Iris GIBSON (SNP),Jim TORRANCE (SNP),skipped,skipped,skipped,skipped,skipped,skipped,skipped,skipped,4,10
751,Iris GIBSON (SNP),Jim TORRANCE (SNP),skipped,skipped,skipped,skipped,skipped,skipped,skipped,skipped,4,10
752,Iris GIBSON (SNP),Jim TORRANCE (SNP),skipped,skipped,skipped,skipped,skipped,skipped,skipped,skipped,4,10
753,Iris GIBSON (SNP),Jim TORRANCE (SNP),skipped,skipped,skipped,skipped,skipped,skipped,skipped,skipped,4,10
754,Iris GIBSON (SNP),Jim TORRANCE (SNP),skipped,skipped,skipped,skipped,skipped,skipped,skipped,skipped,4,10
755,Iris GIBSON (SNP),Jim TORRANCE (SNP),skipped,skipped,skipped,skipped,skipped,skipped,skipped,skipped,4,10
756,Iris GIBSON (SNP),Jim TORRANCE (SNP),skipped,skipped,skipped,skipped,skipped,skipped,skipped,skipped,4,10
757,Iris GIBSON (SNP),Jim TORRANCE (SNP),skipped,skipped,skipped,skipped,skipped,skipped,skipped,skipped,4,10
758,Iris GIBSON (SNP),Jim TORRANCE (SNP),skipped,skipped,skipped,skipped,skipped,skipped,skipped,skipped,4,10
759,Iris GIBSON (SNP),Jim TORRANCE (SNP),skipped,skipped,skipped,skipped,skipped,skipped,skipped,skipped,4,10
760,Iris GIBSON (SNP),Jim TORRANCE (SNP),skipped,skipped,skipped,skipped,skipped,skipped,skipped,skipped,4,10
761,Iris GIBSON (SNP),Jim TORRANCE (SNP),skipped,skipped,skipped,skipped,skipped,skipped,skipped,skipped,4,10
762,Iris GIBSON (SNP),Jim TORRANCE (SNP),skipped,skipped,skipped,skipped,skipped,skipped,skipped,skipped,4,10
763,Iris GIBSON (SNP),Jim TORRANCE (SNP),skipped,skipped,skipped,skipped,skipped,skipped,skipped,skipped,4,10
764,Iris GIBSON (SNP),Jim TORRANCE (SNP),skipped,skipped,skipped,skipped,skipped,skipped,skipped,skipped,4,10
765,Iris GIBSON (SNP),Jim TORRANCE (SNP),skipped,skipped,skipped,skipped,skipped,skipped,skipped,skipped,4,10
766,Iris GIBSON (SNP),Jim TORRANCE (SNP),skipped,skipped,skipped,skipped,skipped,skipped,skipped,skipped,4,10
767,Iris GIBSON (SNP),Jim TORRANCE (SNP),skipped,skipped,skipped,skipped,skipped,skipped,skipped,skipped,4,10
768,Iris GIBSON (SNP),Jim TORRANCE (SNP),skipped,skipped,skipped,skipped,skipped,skipped,skipped,skipped,4,10
769,Iris GIBSON (SNP),Jim TORRANCE (SNP),skipped,skipped,skipped,skipped,skipped,skipped,skipped,skipped,4,10
770,Iris GIBSON (SNP),Jim TORRANCE (SNP),skipped,skipped,skipped,skipped,skipped,skipped,skipped,skipped,4,10
771,Iris GIBSON (SNP),Jim TORRANCE (SNP),skipped,skipped,skipped,skipped,skipped,skipped,skipped,skipped,4,10
772,Iris GIBSON (SNP),Jim TORRANCE (SNP),skipped,skipped,skipped,skipped,skipped,skipped,skipped,skipped,4,10
773,Iris GIBSON (SNP),Jim TORRANCE (SNP),skipped,skipped,skipped,skipped,skipped,skipped,skipped,skipped,4,10
774,Iris GIBSON (SNP),Jim TORRANCE (SNP),skipped,skipped,skipped,skipped,skipped,skipped,skipped,skipped,4,10
775,Iris GIBSON (SNP),Jim TORRANCE (SNP),skipped,skipped,skipped,skipped,skipped,skipped,skipped,skipped,4,10
776,Iris GIBSON (SNP),Jim TORRANCE (SNP),skipped,skipped,skipped,skipped,skipped,skipped,skipped,skipped,4,10
777,Iris GIBSON (SNP),Jim TORRANCE (SNP),skipped,skipped,skipped,skipped,skipped,skipped,skipped,skipped,4,10
778,Iris GIBSON (SNP),Jim TORRANCE (SNP),skipped,skipped,skipped,skipped,skipped,skipped,skipped,skipped,4,10
779,Iris GIBSON (SNP),Jim TORRANCE (SNP),skipped,skipped,skipped,skipped,skipped,skipped,skipped,skipped,4,10
780,Iris GIBSON (SNP),Jim TORRANCE (SNP),skipped,skipped,skipped,skipped,skipped,skipped,skipped,skipped,4,10
781,Iris GIBSON (SNP),Jim TORRANCE (SNP),skipped,skipped,skipped,skipped,skipped,skipped,skipped,skipped,4,10
782,Iris GIBSON (SNP),Jim TORRANCE (SNP),skipped,skipped,skipped,skipped,skipped,skipped,skipped,skipped,4,10
783,Iris GIBSON (SNP),Jim TORRANCE (SNP),skipped,skipped,skipped,skipped,skipped,skipped,skipped,skipped,4,10
784,Iris GIBSON (SNP),Jim TORRANCE (SNP),skipped,skipped,skipped,skipped,skipped,skipped,skipped,skipped,4,10
785,Iris GIBSON (SNP),Jim TORRANCE (SNP),skipped,skipped,skipped,skipped,skipped,skipped,skipped,skipped,4,10
786,Iris GIBSON (SNP),Jim TORRANCE (SNP),skipped,skipped,skipped,skipped,skipped,skipped,skipped,skipped,4,10
787,Iris GIBSON (SNP),Jim TORRANCE (SNP),skipped,skipped,skipped,skipped,skipped,skipped,skipped,skipped,4,10
788,Iris GIBSON (SNP),Jim TORRANCE (SNP),skipped,skipped,skipped,skipped,skipped,skipped,skipped,skipped,4,10
789,Iris GIBSON (SNP),Jim TORRANCE (SNP),skipped,skipped,skipped,skipped,skipped,skipped,skipped,skipped,4,10
790,Iris GIBSON (SNP),Jim TORRANCE (SNP),skipped,skipped,skipped,skipped,skipped,skipped,skipped,skipped,4,10
791,Iris GIBSON (SNP),Jim TORRANCE (SNP),skipped,skipped,skipped,skipped,skipped,skipped,skipped,skipped,4,10
792,Iris GIBSON (SNP),Jim TORRANCE (SNP),skipped,skipped,skipped,skipped,skipped,skipped,skipped,skipped,4,10
793,Iris GIBSON (SNP),Jim TORRANCE (SNP),skipped,skipped,skipped,skipped,skipped,skipped,skipped,skipped,4,10
794,Iris GIBSON (SNP),Jim TORRANCE (SNP),skipped,skipped,skipped,skipped,skipped,skipped,skipped,skipped,4,10
795,Iris GIBSON (SNP),Jim TORRANCE (SNP),skipped,skipped,skipped,skipped,skipped,skipped,skipped,skipped,4,10
796,Iris GIBSON (SNP),Jim TORRANCE (SNP),skipped,skipped,skipped,skipped,skipped,skipped,skipped,skipped,4,10
797,Iris GIBSON (SNP),Jim TORRANCE (SNP),skipped,skipped,skipped,skipped,skipped,skipped,skipped,skipped,4,10
798,Iris GIBSON (SNP),Jim TORRANCE (SNP),skipped,skipped,skipped,skipped,skipped,skipped,skipped,skipped,4,10
799,Iris GIBSON (SNP),Jim TORRANCE (SNP),skipped,skipped,skipped,skipped,skipped,skipped,skipped,skipped,4,10
800,Iris GIBSON (SNP),Jim TORRANCE (SNP),skipped,skipped,skipped,skipped,skipped,skipped,skipped,skipped,4,10
801,Iris GIBSON (SNP),Jim TORRANCE (SNP),skipped,skipped,skipped,skipped,skipped,skipped,skipped,skipped,4,10
802,Iris GIBSON (SNP),Jim TORRANCE (SNP),skipped,skipped,skipped,skipped,skipped,skipped,skipped,skipped,4,10
803,Iris GIBSON (SNP),Jim TORRANCE (SNP),skipped,skipped,skipped,skipped,skipped,skipped,skipped,skipped,4,10
804,Iris GIBSON (SNP),Jim TORRANCE (SNP),skipped,skipped,skipped,skipped,skipped,skipped,skipped,skipped,4,10
805,Iris GIBSON (SNP),Jim TORRANCE (SNP),skipped,skipped,skipped,skipped,skipped,skipped,skipped,skipped,4,10
806,Iris GIBSON (SNP),Jim TORRANCE (SNP),skipped,skipped,skipped,skipped,skipped,skipped,skipped,skipped,4,10
807,Iris GIBSON (SNP),Jim TORRANCE (SNP),skipped,skipped,skipped,skipped,skipped,skipped,skipped,skipped,4,10
808,Iris GIBSON (SNP),Jim TORRANCE (SNP),skipped,skipped,skipped,skipped,skipped,skipped,skipped,skipped,4,10
809,Iris GIBSON (SNP),Jim TORRANCE (SNP),skipped,skipped,skipped,skipped,skipped,skipped,skipped,skipped,4,10
810,Iris GIBSON (SNP),Jim TORRANCE (SNP),skipped,skipped,skipped,skipped,skipped,skipped,skipped,skipped,4,10
811,Iris GIBSON (SNP),Jim TORRANCE (SNP),skipped,skipped,skipped,skipped,skipped,skipped,skipped,skipped,4,10
812,Iris GIBSON (SNP),Jim TORRANCE (SNP),skipped,skipped,skipped,skipped,skipped,skipped,skipped,skipped,4,10
813,Iris GIBSON (SNP),Jim TORRANCE (SNP),skipped,skipped,skipped,skipped,skipped,skipped,skipped,skipped,4,10
814,Iris GIBSON (SNP),Jim TORRANCE (SNP),skipped,skipped,skipped,skipped,skipped,skipped,skipped,skipped,4,10
815,Iris GIBSON (SNP),Jim TORRANCE (SNP),skipped,skipped,skipped,skipped,skipped,skipped,skipped,skipped,4,10
816,Iris GIBSON (SNP),Jim TORRANCE (SNP),skipped,skipped,skipped,skipped,skipped,skipped,skipped,skipped,4,10
817,Iris GIBSON (SNP),Jim TORRANCE (SNP),skipped,skipped,skipped,skipped,skipped,skipped,skipped,skipped,4,10
818,Iris GIBSON (SNP),Jim TORRANCE (SNP),skipped,skipped,skipped,skipped,skipped,skipped,skipped,skipped,4,10
819,Iris GIBSON (SNP),Jim TORRANCE (SNP),skipped,skipped,skipped,skipped,skipped,skipped,skipped,skipped,4,10
820,Iris GIBSON (SNP),Jim TORRANCE (SNP),skipped,skipped,skipped,skipped,skipped,skipped,skipped,skipped,4,10
821,Iris GIBSON (SNP),Jim TORRANCE (SNP),skipped,skipped,skipped,skipped,skipped,skipped,skipped,skipped,4,10
822,Iris GIBSON (SNP),Jim TORRANCE (SNP),skipped,skipped,skipped,skipped,skipped,skipped,skipped,skipped,4,10
823,Iris GIBSON (SNP),Jim TORRANCE (SNP),skipped,skipped,skipped,skipped,skipped,skipped,skipped,skipped,4,10
824,Iris GIBSON (SNP),Jim TORRANCE (SNP),skipped,skipped,skipped,skipped,skipped,skipped,skipped,skipped,4,10
825,Iris GIBSON (SNP),Jim TORRANCE (SNP),skipped,skipped,skipped,skipped,skipped,skipped,skipped,skipped,4,10
826,Iris GIBSON (SNP),Jim TORRANCE (SNP),skipped,skipped,skipped,skipped,skipped,skipped,skipped,skipped,4,10
827,Iris GIBSON (SNP),Jim TORRANCE (SNP),skipped,skipped,skipped,skipped,skipped,skipped,skipped,skipped,4,10
828,Iris GIBSON (SNP),Jim TORRANCE (SNP),skipped,skipped,skipped,skipped,skipped,skipped,skipped,skipped,4,10
829,Iris GIBSON (SNP),Jim TORRANCE (SNP),skipped,skipped,skipped,skipped,skipped,skipped,skipped,skipped,4,10
830,Iris GIBSON (SNP),Jim TORRANCE (SNP),skipped,skipped,skipped,skipped,skipped,skipped,skipped,skipped,4,10
831,Iris GIBSON (SNP),Jim TORRANCE (SNP),skipped,skipped,skipped,skipped,skipped,skipped,skipped,skipped,4,10
832,Iris GIBSON (SNP),Jim TORRANCE (SNP),skipped,skipped,skipped,skipped,skipped,skipped,skipped,skipped,4,10
833,Iris GIBSON (SNP),Jim TORRANCE (SNP),skipped,skipped,skipped,skipped,skipped,skipped,skipped,skipped,4,10
834,Iris GIBSON (SNP),Jim TORRANCE (SNP),skipped,skipped,skipped,skipped,skipped,skipped,skipped,skipped,4,10
835,Iris GIBSON (SNP),Jim TORRANCE (SNP),skipped,skipped,skipped,skipped,skipped,skipped,skipped,skipped,4,10
836,Iris GIBSON (SNP),Jim TORRANCE (SNP),skipped,skipped,skipped,skipped,skipped,skipped,skipped,skipped,4,10
837,Iris GIBSON (SNP),Jim TORRANCE (SNP),skipped,skipped,skipped,skipped,skipped,skipped,skipped,skipped,4,10
838,Iris GIBSON (SNP),Jim TORRANCE (SNP),skipped,skipped,skipped,skipped,skipped,skipped,skipped,skipped,4,10
839,Iris GIBSON (SNP),Jim TORRANCE (SNP),skipped,skipped,skipped,skipped,skipped,skipped,skipped,skipped,4,10
840,Iris GIBSON (SNP),Jim TORRANCE (SNP),skipped,skipped,skipped,skipped,skipped,skipped,skipped,skipped,4,10
841,Iris GIBSON (SNP),Jim TORRANCE (SNP),skipped,skipped,skipped,skipped,skipped,skipped,skipped,skipped,4,10
842,Iris GIBSON (SNP),Jim TORRANCE (SNP),skipped,skipped,skipped,skipped,skipped,skipped,skipped,skipped,4,10
843,Iris GIBSON (SNP),Jim TORRANCE (SNP),skipped,skipped,skipped,skipped,skipped,skipped,skipped,skipped,4,10
844,Iris GIBSON (SNP),Jim TORRANCE (SNP),skipped,skipped,skipped,skipped,skipped,skipped,skipped,skipped,4,10
845,Iris GIBSON (SNP),Jim TORRANCE (SNP),skipped,skipped,skipped,skipped,skipped,skipped,skipped,skipped,4,10
846,Iris GIBSON (SNP),Jim TORRANCE (SNP),skipped,skipped,skipped,skipped,skipped,skipped,skipped,skipped,4,10
847,Iris GIBSON (SNP),Jim TORRANCE (SNP),skipped,skipped,skipped,skipped,skipped,skipped,skipped,skipped,4,10
848,Iris GIBSON (SNP),Jim TORRANCE (SNP),skipped,skipped,skipped,skipped,skipped,skipped,skipped,skipped,4,10
849,Iris GIBSON (SNP),Jim TORRANCE (SNP),skipped,skipped,skipped,skipped,skipped,skipped,skipped,skipped,4,10
850,Iris GIBSON (SNP),Jim TORRANCE (SNP),skipped,skipped,skipped,skipped,skipped,skipped,skipped,skipped,4,10
851,Iris GIBSON (SNP),Jim TORRANCE (SNP),skipped,skipped,skipped,skipped,skipped,skipped,skipped,skipped,4,10
852,Iris GIBSON (SNP),Jim TORRANCE (SNP),skipped,skipped,skipped,skipped,skipped,skipped,skipped,skipped,4,10
853,Iris GIBSON (SNP),Jim TORRANCE (SNP),skipped,skipped,skipped,skipped,skipped,skipped,skipped,skipped,4,10
854,Iris GIBSON (SNP),Jim TORRANCE (SNP),skipped,skipped,skipped,skipped,skipped,skipped,skipped,skipped,4,10
855,Iris GIBSON (SNP),Jim TORRANCE (SNP),skipped,skipped,skipped,skipped,skipped,skipped,skipped,skipped,4,10
856,Iris GIBSON (SNP),Jim TORRANCE (SNP),skipped,skipped,skipped,skipped,skipped,skipped,skipped,skipped,4,10
857,Iris GIBSON (SNP),Jim TORRANCE (SNP),skipped,skipped,skipped,skipped,skipped,skipped,skipped,skipped,4,10
858,Iris GIBSON (SNP),Jim TORRANCE (SNP),skipped,skipped,skipped,skipped,skipped,skipped,skipped,skipped,4,10
859,Iris GIBSON (SNP),Jim TORRANCE (SNP),skipped,skipped,skipped,skipped,skipped,skipped,skipped,skipped,4,10
860,Iris GIBSON (SNP),Jim TORRANCE (SNP),skipped,skipped,skipped,skipped,skipped,skipped,skipped,skipped,4,10
861,Iris GIBSON (SNP),Jim TORRANCE (SNP),skipped,skipped,skipped,skipped,skipped,skipped,skipped,skipped,4,10
862,Iris GIBSON (SNP),Jim TORRANCE (SNP),skipped,skipped,skipped,skipped,skipped,skipped,skipped,skipped,4,10
863,Iris GIBSON (SNP),Jim TORRANCE (SNP),skipped,skipped,skipped,skipped,skipped,skipped,skipped,skipped,4,10
864,Iris GIBSON (SNP),Jim TORRANCE (SNP),skipped,skipped,skipped,skipped,skipped,skipped,skipped,skipped,4,10
865,Iris GIBSON (SNP),Jim TORRANCE (SNP),skipped,skipped,skipped,skipped,skipped,skipped,skipped,skipped,4,10
866,Iris GIBSON (SNP),Jim TORRANCE (SNP),skipped,skipped,skipped,skipped,skipped,skipped,skipped,skipped,4,10
867,Iris GIBSON (SNP),Jim TORRANCE (SNP),skipped,skipped,skipped,skipped,skipped,skipped,skipped,skipped,4,10
868,Iris GIBSON (SNP),Jim TORRANCE (SNP),skipped,skipped,skipped,skipped,skipped,skipped,skipped,skipped,4,10
869,Iris GIBSON (SNP),Jim TORRANCE (SNP),skipped,skipped,skipped,skipped,skipped,skipped,skipped,skipped,4,10
870,Iris GIBSON (SNP),Jim TORRANCE (SNP),skipped,skipped,skipped,skipped,skipped,skipped,skipped,skipped,4,10
871,Iris GIBSON (SNP),Jim TORRANCE (SNP),skipped,skipped,skipped,skipped,skipped,skipped,skipped,skipped,4,10
872,Iris GIBSON (SNP),Jim TORRANCE (SNP),skipped,skipped,skipped,skipped,skipped,skipped,skipped,skipped,4,10
873,Iris GIBSON (SNP),Jim TORRANCE (SNP),skipped,skipped,skipped,skipped,skipped,skipped,skipped,skipped,4,10
874,Iris GIBSON (SNP),Jim TORRANCE (SNP),skipped,skipped,skipped,skipped,skipped,skipped,skipped,skipped,4,10
875,Iris GIBSON (SNP),Jim TORRANCE (SNP),skipped,skipped,skipped,skipped,skipped,skipped,skipped,skipped,4,10
876,Iris GIBSON (SNP),Jim TORRANCE (SNP),skipped,skipped,skipped,skipped,skipped,skipped,skipped,skipped,4,10
877,Iris GIBSON (SNP),Jim TORRANCE (SNP),skipped,skipped,skipped,skipped,skipped,skipped,skipped,skipped,4,10
878,Iris GIBSON (SNP),Jim TORRANCE (SNP),skipped,skipped,skipped,skipped,skipped,skipped,skipped,skipped,4,10
879,Iris GIBSON (SNP),Jim TORRANCE (SNP),skipped,skipped,skipped,skipped,skipped,skipped,skipped,skipped,4,10
880,Iris GIBSON (SNP),Jim TORRANCE (SNP),skipped,skipped,skipped,skipped,skipped,skipped,skipped,skipped,4,10
881,Iris GIBSON (SNP),Jim TORRANCE (SNP),skipped,skipped,skipped,skipped,skipped,skipped,skipped,skipped,4,10
882,Iris GIBSON (SNP),Jim TORRANCE (SNP),skipped,skipped,skipped,skipped,skipped,skipped,skipped,skipped,4,10
883,Iris GIBSON (SNP),Jim TORRANCE (SNP),skipped,skipped,skipped,skipped,skipped,skipped,skipped,skipped,4,10
884,Iris GIBSON (SNP),Jim TORRANCE (SNP),skipped,skipped,skipped,skipped,skipped,skipped,skipped,skipped,4,10
885,Iris GIBSON (SNP),Jim TORRANCE (SNP),skipped,skipped,skipped,skipped,skipped,skipped,skipped,skipped,4,10
886,Iris GIBSON (SNP),Jim TORRANCE (SNP),skipped,skipped,skipped,skipped,skipped,skipped,skipped,skipped,4,10
887,Iris GIBSON (SNP),Jim TORRANCE (SNP),skipped,skipped,skipped,skipped,skipped,skipped,skipped,skipped,4,10
888,Iris GIBSON (SNP),Jim TORRANCE (SNP),skipped,skipped,skipped,skipped,skipped,skipped,skipped,skipped,4,10
889,Iris GIBSON (SNP),Jim TORRANCE (SNP),skipped,skipped,skipped,skipped,skipped,skipped,skipped,skipped,4,10
890,Iris GIBSON (SNP),Jim TORRANCE (SNP),skipped,skipped,skipped,skipped,skipped,skipped,skipped,skipped,4,10
891,Iris GIBSON (SNP),Jim TORRANCE (SNP),skipped,skipped,skipped,skipped,skipped,skipped,skipped,skipped,4,10
892,Iris GIBSON (SNP),Jim TORRANCE (SNP),skipped,skipped,skipped,skipped,skipped,skipped,skipped,skipped,4,10
893,Iris GIBSON (SNP),Jim TORRANCE (SNP),skipped,skipped,skipped,skipped,skipped,skipped,skipped,skipped,4,10
894,Iris GIBSON (SNP),Jim TORRANCE (SNP),skipped,skipped,skipped,skipped,skipped,skipped,skipped,skipped,4,10
895,Iris GIBSON (SNP),Jim TORRANCE (SNP),skipped,skipped,skipped,skipped,skipped,skipped,skipped,skipped,4,10
896,Iris GIBSON (SNP),Jim TORRANCE (SNP),skipped,skipped,skipped,skipped,skipped,skipped,skipped,skipped,4,10
897,Iris GIBSON (SNP),Jim TORRANCE (SNP),skipped,skipped,skipped,skipped,skipped,skipped,skipped,skipped,4,10
898,Iris GIBSON (SNP),Jim TORRANCE (SNP),skipped,skipped,skipped,skipped,skipped,skipped,skipped,skipped,4,10
899,Iris GIBSON (SNP),Jim TORRANCE (SNP),skipped,skipped,skipped,skipped,skipped,skipped,skipped,skipped,4,10
900,Iris GIBSON (SNP),Jim TORRANCE (SNP),skipped,skipped,skipped,skipped,skipped,skipped,skipped,skipped,4,10
901,Iris GIBSON (SNP),Jim TORRANCE (SNP),skipped,skipped,skipped,skipped,skipped,skipped,skipped,skipped,4,10
902,Iris GIBSON (SNP),Jim TORRANCE (SNP),skipped,skipped,skipped,skipped,skipped,skipped,skipped,skipped,4,10
903,Iris GIBSON (SNP),Jim TORRANCE (SNP),skipped,skipped,skipped,skipped,skipped,skipped,skipped,skipped,4,10
904,Iris GIBSON (SNP),Jim TORRANCE (SNP),skipped,skipped,skipped,skipped,skipped,skipped,skipped,skipped,4,10
905,Iris GIBSON (SNP),Jim TORRANCE (SNP),skipped,skipped,skipped,skipped,skipped,skipped,skipped,skipped,4,10
906,Iris GIBSON (SNP),Jim TORRANCE (SNP),skipped,skipped,skipped,skipped,skipped,skipped,skipped,skipped,4,10
907,Iris GIBSON (SNP),Jim TORRANCE (SNP),skipped,skipped,skipped,skipped,skipped,skipped,skipped,skipped,4,10
908,Iris GIBSON (SNP),Jim TORRANCE (SNP),skipped,skipped,skipped,skipped,skipped,skipped,skipped,skipped,4,10
909,Iris GIBSON (SNP),Jim TORRANCE (SNP),skipped,skipped,skipped,skipped,skipped,skipped,skipped,skipped,4,10
910,Iris GIBSON (SNP),Jim TORRANCE (SNP),skipped,skipped,skipped,skipped,skipped,skipped,skipped,skipped,4,10
911,Iris GIBSON (SNP),Jim TORRANCE (SNP),skipped,skipped,skipped,skipped,skipped,skipped,skipped,skipped,4,10
912,Iris GIBSON (SNP),Jim TORRANCE (SNP),skipped,skipped,skipped,skipped,skipped,skipped,skipped,skipped,4,10
913,Iris GIBSON (SNP),Jim TORRANCE (SNP),skipped,skipped,skipped,skipped,skipped,skipped,skipped,skipped,4,10
914,Iris GIBSON (SNP),Jim TORRANCE (SNP),skipped,skipped,skipped,skipped,skipped,skipped,skipped,skipped,4,10
915,Iris GIBSON (SNP),Jim TORRANCE (SNP),skipped,skipped,skipped,skipped,skipped,skipped,skipped,skipped,4,10
916,Iris GIBSON (SNP),Jim TORRANCE (SNP),skipped,skipped,skipped,skipped,skipped,skipped,skipped,skipped,4,10
917,Iris GIBSON (SNP),Jim TORRANCE (SNP),skipped,skipped,skipped,skipped,skipped,skipped,skipped,skipped,4,10
918,Iris GIBSON (SNP),Jim TORRANCE (SNP),skipped,skipped,skipped,skipped,skipped,skipped,skipped,skipped,4,10
919,Iris GIBSON (SNP),Jim TORRANCE (SNP),skipped,skipped,skipped,skipped,skipped,skipped,skipped,skipped,4,10
920,Iris GIBSON (SNP),Jim TORRANCE (SNP),skipped,skipped,skipped,skipped,skipped,skipped,skipped,skipped,4,10
921,Iris GIBSON (SNP),Jim TORRANCE (SNP),skipped,skipped,skipped,skipped,skipped,skipped,skipped,skipped,4,10
922,Iris GIBSON (SNP),Jim TORRANCE (SNP),skipped,skipped,skipped,skipped,skipped,skipped,skipped,skipped,4,10
923,Iris GIBSON (SNP),Jim TORRANCE (SNP),skipped,skipped,skipped,skipped,skipped,skipped,skipped,skipped,4,10
924,Iris GIBSON (SNP),Jim TORRANCE (SNP),skipped,skipped,skipped,skipped,skipped,skipped,skipped,skipped,4,10
925,Iris GIBSON (SNP),Jim TORRANCE (SNP),skipped,skipped,skipped,skipped,skipped,skipped,skipped,skipped,4,10
926,Iris GIBSON (SNP),Jim TORRANCE (SNP),skipped,skipped,skipped,skipped,skipped,skipped,skipped,skipped,4,10
927,Iris GIBSON (SNP),Jim TORRANCE (SNP),skipped,skipped,skipped,skipped,skipped,skipped,skipped,skipped,4,10
928,Iris GIBSON (SNP),Jim TORRANCE (SNP),skipped,skipped,skipped,skipped,skipped,skipped,skipped,skipped,4,10
929,Iris GIBSON (SNP),Jim TORRANCE (SNP),skipped,skipped,skipped,skipped,skipped,skipped,skipped,skipped,4,10
930,Iris GIBSON (SNP),Jim TORRANCE (SNP),skipped,skipped,skipped,skipped,skipped,skipped,skipped,skipped,4,10
931,Iris GIBSON (SNP),Jim TORRANCE (SNP),skipped,skipped,skipped,skipped,skipped,skipped,skipped,skipped,4,10
932,Iris GIBSON (SNP),Jim TORRANCE (SNP),skipped,skipped,skipped,skipped,skipped,skipped,skipped,skipped,4,10
933,Iris GIBSON (SNP),Jim TORRANCE (SNP),skipped,skipped,skipped,skipped,skipped,skipped,skipped,skipped,4,10
934,Iris GIBSON (SNP),Jim TORRANCE (SNP),skipped,skipped,skipped,skipped,skipped,skipped,skipped,skipped,4,10
935,Iris GIBSON (SNP),Jim TORRANCE (SNP),skipped,skipped,skipped,skipped,skipped,skipped,skipped,skipped,4,10
936,Iris GIBSON (SNP),Jim TORRANCE (SNP),skipped,skipped,skipped,skipped,skipped,skipped,skipped,skipped,4,10
937,Iris GIBSON (SNP),Jim TORRANCE (SNP),skipped,skipped,skipped,skipped,skipped,skipped,skipped,skipped,4,10
938,Iris GIBSON (SNP),Jim TORRANCE (SNP),skipped,skipped,skipped,skipped,skipped,skipped,skipped,skipped,4,10
939,Iris GIBSON (SNP),Jim TORRANCE (SNP),skipped,skipped,skipped,skipped,skipped,skipped,skipped,skipped,4,10
940,Iris GIBSON (SNP),Jim TORRANCE (SNP),skipped,skipped,skipped,skipped,skipped,skipped,skipped,skipped,4,10
941,Iris GIBSON (SNP),Jim TORRANCE (SNP),skipped,skipped,skipped,skipped,skipped,skipped,skipped,skipped,4,10
942,Iris GIBSON (SNP),Jim TORRANCE (SNP),skipped,skipped,skipped,skipped,skipped,skipped,skipped,skipped,4,10
943,Iris GIBSON (SNP),Jim TORRANCE (SNP),skipped,skipped,skipped,skipped,skipped,skipped,skipped,skipped,4,10
944,Iris GIBSON (SNP),Jim TORRANCE (SNP),skipped,skipped,skipped,skipped,skipped,skipped,skipped,skipped,4,10
945,Iris GIBSON (SNP),Jim TORRANCE (SNP),skipped,skipped,skipped,skipped,skipped,skipped,skipped,skipped,4,10
946,Iris GIBSON (SNP),Jim TORRANCE (SNP),skipped,skipped,skipped,skipped,skipped,skipped,skipped,skipped,4,10
947,Iris GIBSON (SNP),Jim TORRANCE (SNP),skipped,skipped,skipped,skipped,skipped,skipped,skipped,skipped,4,10
948,Iris GIBSON (SNP),Jim TORRANCE (SNP),skipped,skipped,skipped,skipped,skipped,skipped,skipped,skipped,4,10
949,Iris GIBSON (SNP),Jim TORRANCE (SNP),skipped,skipped,skipped,skipped,skipped,skipped,skipped,skipped,4,10
950,Iris GIBSON (SNP),Jim TORRANCE (SNP),skipped,skipped,skipped,skipped,skipped,skipped,skipped,skipped,4,10
951,Iris GIBSON (SNP),Jim TORRANCE (SNP),skipped,skipped,skipped,skipped,skipped,skipped,skipped,skipped,4,10
952,Iris GIBSON (SNP),Jim TORRANCE (SNP),skipped,skipped,skipped,skipped,skipped,skipped,skipped,skipped,4,10
953,Iris GIBSON (SNP),Jim TORRANCE (SNP),skipped,skipped,skipped,skipped,skipped,skipped,skipped,skipped,4,10
954,Iris GIBSON (SNP),Jim TORRANCE (SNP),skipped,skipped,skipped,skipped,skipped,skipped,skipped,skipped,4,10
955,Iris GIBSON (SNP),Jim TORRANCE (SNP),skipped,skipped,skipped,skipped,skipped,skipped,skipped,skipped,4,10
956,Iris GIBSON (SNP),Jim TORRANCE (SNP),skipped,skipped,skipped,skipped,skipped,skipped,skipped,skipped,4,10
957,Iris GIBSON (SNP),Jim TORRANCE (SNP),skipped,skipped,skipped,skipped,skipped,skipped,skipped,skipped,4,10
958,Iris GIBSON (SNP),Jim TORRANCE (SNP),skipped,skipped,skipped,skipped,skipped,skipped,skipped,skipped,4,10
959,Iris GIBSON (SNP),Jim TORRANCE (SNP),skipped,skipped,skipped,skipped,skipped,skipped,skipped,skipped,4,10
960,Iris GIBSON (SNP),Jim TORRANCE (SNP),skipped,skipped,skipped,skipped,skipped,skipped,skipped,skipped,4,10
961,Iris GIBSON (SNP),Jim TORRANCE (SNP),skipped,skipped,skipped,skipped,skipped,skipped,skipped,skipped,4,10
962,Iris GIBSON (SNP),Jim TORRANCE (SNP),skipped,skipped,skipped,skipped,skipped,skipped,skipped,skipped,4,10
963,Iris GIBSON (SNP),Jim TORRANCE (SNP),skipped,skipped,skipped,skipped,skipped,skipped,skipped,skipped,4,10
964,Iris GIBSON (SNP),Jim TORRANCE (SNP),skipped,skipped,skipped,skipped,skipped,skipped,skipped,skipped,4,10
965,Iris GIBSON (SNP),Jim TORRANCE (SNP),skipped,skipped,skipped,skipped,skipped,skipped,skipped,skipped,4,10
966,Iris GIBSON (SNP),Jim TORRANCE (SNP),skipped,skipped,skipped,skipped,skipped,skipped,skipped,skipped,4,10
967,Iris GIBSON (SNP),Jim TORRANCE (SNP),skipped,skipped,skipped,skipped,skipped,skipped,skipped,skipped,4,10
968,Iris GIBSON (SNP),Jim TORRANCE (SNP),skipped,skipped,skipped,skipped,skipped,skipped,skipped,skipped,4,10
969,Iris GIBSON (SNP),Jim TORRANCE (SNP),skipped,skipped,skipped,skipped,skipped,skipped,skipped,skipped,4,10
970,Iris GIBSON (SNP),Jim TORRANCE (SNP),skipped,skipped,skipped,skipped,skipped,skipped,skipped,skipped,4,10
971,Iris GIBSON (SNP),Jim TORRANCE (SNP),skipped,skipped,skipped,skipped,skipped,skipped,skipped,skipped,4,10
972,Iris GIBSON (SNP),Jim TORRANCE (SNP),skipped,skipped,skipped,skipped,skipped,skipped,skipped,skipped,4,10
973,Iris GIBSON (SNP),Jim TORRANCE (SNP),skipped,skipped,skipped,skipped,skipped,skipped,skipped,skipped,4,10
974,Iris GIBSON (SNP),Jim TORRANCE (SNP),skipped,skipped,skipped,skipped,skipped,skipped,skipped,skipped,4,10
975,Iris GIBSON (SNP),Jim TORRANCE (SNP),skipped,skipped,skipped,skipped,skipped,skipped,skipped,skipped,4,10
976,Iris GIBSON (SNP),Jim TORRANCE (SNP),skipped,skipped,skipped,skipped,skipped,skipped,skipped,skipped,4,10
977,Iris GIBSON (SNP),Jim TORRANCE (SNP),skipped,skipped,skipped,skipped,skipped,skipped,skipped,skipped,4,10
978,Iris GIBSON (SNP),Jim TORRANCE (SNP),skipped,skipped,skipped,skipped,skipped,skipped,skipped,skipped,4,10
979,Iris GIBSON (SNP),Jim TORRANCE (SNP),skipped,skipped,skipped,skipped,skipped,skipped,skipped,skipped,4,10
980,Iris GIBSON (SNP),Jim TORRANCE (SNP),skipped,skipped,skipped,skipped,skipped,skipped,skipped,skipped,4,10
981,Iris GIBSON (SNP),Jim TORRANCE (SNP),skipped,skipped,skipped,skipped,skipped,skipped,skipped,skipped,4,10
982,Iris GIBSON (SNP),Jim TORRANCE (SNP),skipped,skipped,skipped,skipped,skipped,skipped,skipped,skipped,4,10
983,Iris GIBSON (SNP),Jim TORRANCE (SNP),skipped,skipped,skipped,skipped,skipped,skipped,skipped,skipped,4,10
984,Iris GIBSON (SNP),Jim TORRANCE (SNP),skipped,skipped,skipped,skipped,skipped,skipped,skipped,skipped,4,10
985,Iris GIBSON (SNP),Jim TORRANCE (SNP),skipped,skipped,skipped,skipped,skipped,skipped,skipped,skipped,4,10
986,Iris GIBSON (SNP),Jim TORRANCE (SNP),skipped,skipped,skipped,skipped,skipped,skipped,skipped,skipped,4,10
987,Iris GIBSON (SNP),Jim TORRANCE (SNP),skipped,skipped,skipped,skipped,skipped,skipped,skipped,skipped,4,10
988,Iris GIBSON (SNP),Jim TORRANCE (SNP),skipped,skipped,skipped,skipped,skipped,skipped,skipped,skipped,4,10
989,Iris GIBSON (SNP),Jim TORRANCE (SNP),skipped,skipped,skipped,skipped,skipped,skipped,skipped,skipped,4,10
990,Iris GIBSON (SNP),Jim TORRANCE (SNP),skipped,skipped,skipped,skipped,skipped,skipped,skipped,skipped,4,10
991,Iris GIBSON (SNP),Jim TORRANCE (SNP),skipped,skipped,skipped,skipped,skipped,skipped,skipped,skipped,4,10
992,Iris GIBSON (SNP),Jim TORRANCE (SNP),skipped,skipped,skipped,skipped,skipped,skipped,skipped,skipped,4,10
993,Iris GIBSON (SNP),Jim TORRANCE (SNP),skipped,skipped,skipped,skipped,skipped,skipped,skipped,skipped,4,10
994,Iris GIBSON (SNP),Jim TORRANCE (SNP),skipped,skipped,skipped,skipped,skipped,skipped,skipped,skipped,4,10
995,Iris GIBSON (SNP),Jim TORRANCE (SNP),skipped,skipped,skipped,skipped,skipped,skipped,skipped,skipped,4,10
996,Iris GIBSON (SNP),Jim TORRANCE (SNP),skipped,skipped,skipped,skipped,skipped,skipped,skipped,skipped,4,10
997,Iris GIBSON (SNP),Jim TORRANCE (SNP),skipped,skipped,skipped,skipped,skipped,skipped,skipped,skipped,4,10
998,Iris GIBSON (SNP),Jim TORRANCE (SNP),skipped,skipped,skipped,skipped,skipped,skipped,skipped,skipped,4,10
999,Iris GIBSON (SNP),Jim TORRANCE (SNP),skipped,skipped,skipped,skipped,skipped,skipped,skipped,skipped,4,10
1000,Iris GIBSON (SNP),Jim TORRANCE (SNP),skipped,skipped,skipped,skipped,skipped,skipped,skipped,skipped,4,10
1001,Iris GIBSON (SNP),Jim TORRANCE (SNP),skipped,skipped,skipped,skipped,skipped,skipped,skipped,skipped,4,10
1002,Iris GIBSON (SNP),Jim TORRANCE (SNP),skipped,skipped,skipped,skipped,skipped,skipped,skipped,skipped,4,10
1003,Iris GIBSON (SNP),Jim TORRANCE (SNP),skipped,skipped,skipped,skipped,skipped,skipped,skipped,skipped,4,10
1004,Iris GIBSON (SNP),Jim TORRANCE (SNP),skipped,skipped,skipped,skipped,skipped,skipped,skipped,skipped,4,10
1005,Iris GIBSON (SNP),Jim TORRANCE (SNP),skipped,skipped,skipped,skipped,skipped,skipped,skipped,skipped,4,10
1006,Iris GIBSON (SNP),Jim TORRANCE (SNP),skipped,skipped,skipped,skipped,skipped,skipped,skipped,skipped,4,10
1007,Iris GIBSON (SNP),Jim TORRANCE (SNP),skipped,skipped,skipped,skipped,skipped,skipped,skipped,skipped,4,10
1008,Iris GIBSON (SNP),Jim TORRANCE (SNP),skipped,skipped,skipped,skipped,skipped,skipped,skipped,skipped,4,10
1009,Iris GIBSON (SNP),Jim TORRANCE (SNP),skipped,skipped,skipped,skipped,skipped,skipped,skipped,skipped,4,10
1010,Iris GIBSON (SNP),Jim TORRANCE (SNP),skipped,skipped,skipped,skipped,skipped,skipped,skipped,skipped,4,10
1011,Iris GIBSON (SNP),Jim TORRANCE (SNP),skipped,skipped,skipped,skipped,skipped,skipped,skipped,skipped,4,10
1012,Iris GIBSON (SNP),Jim TORRANCE (SNP),skipped,skipped,skipped,skipped,skipped,skipped,skipped,skipped,4,10
1013,Iris GIBSON (SNP),Jim TORRANCE (SNP),skipped,skipped,skipped,skipped,skipped,skipped,skipped,skipped,4,10
1014,Iris GIBSON (SNP),Jim TORRANCE (SNP),skipped,skipped,skipped,skipped,skipped,skipped,skipped,skipped,4,10
1015,Iris GIBSON (SNP),Jim TORRANCE (SNP),skipped,skipped,skipped,skipped,skipped,skipped,skipped,skipped,4,10
1016,Iris GIBSON (SNP),Jim TORRANCE (SNP),skipped,skipped,skipped,skipped,skipped,skipped,skipped,skipped,4,10
1017,Iris GIBSON (SNP),Jim TORRANCE (SNP),skipped,skipped,skipped,skipped,skipped,skipped,skipped,skipped,4,10
1018,Iris GIBSON (SNP),Jim TORRANCE (SNP),skipped,skipped,skipped,skipped,skipped,skipped,skipped,skipped,4,10
1019,Iris GIBSON (SNP),Jim TORRANCE (SNP),skipped,skipped,skipped,skipped,skipped,skipped,skipped,skipped,4,10
1020,Iris GIBSON (SNP),Jim TORRANCE (SNP),skipped,skipped,skipped,skipped,skipped,skipped,skipped,skipped,4,10
1021,Iris GIBSON (SNP),Jim TORRANCE (SNP),skipped,skipped,skipped,skipped,skipped,skipped,skipped,skipped,4,10
1022,Iris GIBSON (SNP),Jim TORRANCE (SNP),skipped,skipped,skipped,skipped,skipped,skipped,skipped,skipped,4,10
1023,Iris GIBSON (SNP),Jim TORRANCE (SNP),skipped,skipped,skipped,skipped,skipped,skipped,skipped,skipped,4,10
1024,Iris GIBSON (SNP),Jim TORRANCE (SNP),skipped,skipped,skipped,skipped,skipped,skipped,skipped,skipped,4,10
1025,Iris GIBSON (SNP),Jim TORRANCE (SNP),skipped,skipped,skipped,skipped,skipped,skipped,skipped,skipped,4,10
1026,Iris GIBSON (SNP),Jim TORRANCE (SNP),skipped,skipped,skipped,skipped,skipped,skipped,skipped,skipped,4,10
1027,Iris GIBSON (SNP),Jim TORRANCE (SNP),skipped,skipped,skipped,skipped,skipped,skipped,skipped,skipped,4,10
1028,Iris GIBSON (SNP),Jim TORRANCE (SNP),skipped,skipped,skipped,skipped,skipped,skipped,skipped,skipped,4,10
1029,Iris GIBSON (SNP),Jim TORRANCE (SNP),skipped,skipped,skipped,skipped,skipped,skipped,skipped,skipped,4,10
1030,Iris GIBSON (SNP),Jim TORRANCE (SNP),skipped,skipped,skipped,skipped,skipped,skipped,skipped,skipped,4,10
1031,Iris GIBSON (SNP),Jim TORRANCE (SNP),skipped,skipped,skipped,skipped,skipped,skipped,skipped,skipped,4,10
1032,Iris GIBSON (SNP),Jim TORRANCE (SNP),skipped,skipped,skipped,skipped,skipped,skipped,skipped,skipped,4,10
1033,Iris GIBSON (SNP),Jim TORRANCE (SNP),skipped,skipped,skipped,skipped,skipped,skipped,skipped,skipped,4,10
1034,Iris GIBSON (SNP),Jim TORRANCE (SNP),skipped,skipped,skipped,skipped,skipped,skipped,skipped,skipped,4,10
1035,Iris GIBSON (SNP),Jim TORRANCE (SNP),skipped,skipped,skipped,skipped,skipped,skipped,skipped,skipped,4,10
1036,Iris GIBSON (SNP),Jim TORRANCE (SNP),skipped,skipped,skipped,skipped,skipped,skipped,skipped,skipped,4,10
1037,Iris GIBSON (SNP),Jim TORRANCE (SNP),skipped,skipped,skipped,skipped,skipped,skipped,skipped,skipped,4,10
1038,Iris GIBSON (SNP),Jim TORRANCE (SNP),skipped,skipped,skipped,skipped,skipped,skipped,skipped,skipped,4,10
1039,Iris GIBSON (SNP),Jim TORRANCE (SNP),skipped,skipped,skipped,skipped,skipped,skipped,skipped,skipped,4,10
1040,Iris GIBSON (SNP),Jim TORRANCE (SNP),skipped,skipped,skipped,skipped,skipped,skipped,skipped,skipped,4,10
1041,Iris GIBSON (SNP),Jim TORRANCE (SNP),skipped,skipped,skipped,skipped,skipped,skipped,skipped,skipped,4,10
1042,Iris GIBSON (SNP),Jim TORRANCE (SNP),skipped,skipped,skipped,skipped,skipped,skipped,skipped,skipped,4,10
1043,Iris GIBSON (SNP),Jim TORRANCE (SNP),skipped,skipped,skipped,skipped,skipped,skipped,skipped,skipped,4,10
1044,Iris GIBSON (SNP),Jim TORRANCE (SNP),skipped,skipped,skipped,skipped,skipped,skipped,skipped,skipped,4,10
1045,Iris GIBSON (SNP),Jim TORRANCE (SNP),skipped,skipped,skipped,skipped,skipped,skipped,skipped,skipped,4,10
1046,Iris GIBSON (SNP),Jim TORRANCE (SNP),skipped,skipped,skipped,skipped,skipped,skipped,skipped,skipped,4,10
1047,Iris GIBSON (SNP),Jim TORRANCE (SNP),skipped,skipped,skipped,skipped,skipped,skipped,skipped,skipped,4,10
1048,Iris GIBSON (SNP),Jim TORRANCE (SNP),skipped,skipped,skipped,skipped,skipped,skipped,skipped,skipped,4,10
1049,Iris GIBSON (SNP),Jim TORRANCE (SNP),skipped,skipped,skipped,skipped,skipped,skipped,skipped,skipped,4,10
1050,Iris GIBSON (SNP),Jim TORRANCE (SNP),skipped,skipped,skipped,skipped,skipped,skipped,skipped,skipped,4,10
1051,Iris GIBSON (SNP),Jim TORRANCE (SNP),skipped,skipped,skipped,skipped,skipped,skipped,skipped,skipped,4,10
1052,Iris GIBSON (SNP),Jim TORRANCE (SNP),skipped,skipped,skipped,skipped,skipped,skipped,skipped,skipped,4,10
1053,Iris GIBSON (SNP),Jim TORRANCE (SNP),skipped,skipped,skipped,skipped,skipped,skipped,skipped,skipped,4,10
1054,Iris GIBSON (SNP),Jim TORRANCE (SNP),skipped,skipped,skipped,skipped,skipped,skipped,skipped,skipped,4,10
1055,Iris GIBSON (SNP),Jim TORRANCE (SNP),skipped,skipped,skipped,skipped,skipped,skipped,skipped,skipped,4,10
1056,Iris GIBSON (SNP),Jim TORRANCE (SNP),skipped,skipped,skipped,skipped,skipped,skipped,skipped,skipped,4,10
1057,Iris GIBSON (SNP),Jim TORRANCE (SNP),skipped,skipped,skipped,skipped,skipped,skipped,skipped,skipped,4,10
1058,Iris GIBSON (SNP),Jim TORRANCE (SNP),skipped,skipped,skipped,skipped,skipped,skipped,skipped,skipped,4,10
1059,Iris GIBSON (SNP),Jim TORRANCE (SNP),skipped,skipped,skipped,skipped,skipped,skipped,skipped,skipped,4,10
1060,Iris GIBSON (SNP),Jim TORRANCE (SNP),skipped,skipped,skipped,skipped,skipped,skipped,skipped,skipped,4,10
1061,Iris GIBSON (SNP),Jim TORRANCE (SNP),skipped,skipped,skipped,skipped,skipped,skipped,skipped,skipped,4,10
1062,Iris GIBSON (SNP),Jim TORRANCE (SNP),skipped,skipped,skipped,skipped,skipped,skipped,skipped,skipped,4,10
1063,Iris GIBSON (SNP),Jim TORRANCE (SNP),skipped,skipped,skipped,skipped,skipped,skipped,skipped,skipped,4,10
1064,Iris GIBSON (SNP),Jim TORRANCE (SNP),skipped,skipped,skipped,skipped,skipped,skipped,skipped,skipped,4,10
1065,Iris GIBSON (SNP),Jim TORRANCE (SNP),skipped,skipped,skipped,skipped,skipped,skipped,skipped,skipped,4,10
1066,Iris GIBSON (SNP),Jim TORRANCE (SNP),skipped,skipped,skipped,skipped,skipped,skipped,skipped,skipped,4,10
1067,Iris GIBSON (SNP),Jim TORRANCE (SNP),skipped,skipped,skipped,skipped,skipped,skipped,skipped,skipped,4,10
1068,Iris GIBSON (SNP),Jim TORRANCE (SNP),skipped,skipped,skipped,skipped,skipped,skipped,skipped,skipped,4,10
1069,Iris GIBSON (SNP),Jim TORRANCE (SNP),skipped,skipped,skipped,skipped,skipped,skipped,skipped,skipped,4,10
1070,Iris GIBSON (SNP),Jim TORRANCE (SNP),skipped,skipped,skipped,skipped,skipped,skipped,skipped,skipped,4,10
1071,Iris GIBSON (SNP),Jim TORRANCE (SNP),skipped,skipped,skipped,skipped,skipped,skipped,skipped,skipped,4,10
1072,Iris GIBSON (SNP),Jim TORRANCE (SNP),skipped,skipped,skipped,skipped,skipped,skipped,skipped,skipped,4,10
1073,Iris GIBSON (SNP),Jim TORRANCE (SNP),skipped,skipped,skipped,skipped,skipped,skipped,skipped,skipped,4,10
1074,Iris GIBSON (SNP),Jim TORRANCE (SNP),skipped,skipped,skipped,skipped,skipped,skipped,skipped,skipped,4,10
1075,Iris GIBSON (SNP),Jim TORRANCE (SNP),skipped,skipped,skipped,skipped,skipped,skipped,skipped,skipped,4,10
1076,Iris GIBSON (SNP),Jim TORRANCE (SNP),skipped,skipped,skipped,skipped,skipped,skipped,skipped,skipped,4,10
1077,Iris GIBSON (SNP),Jim TORRANCE (SNP),skipped,skipped,skipped,skipped,skipped,skipped,skipped,skipped,4,10
1078,Iris GIBSON (SNP),Jim TORRANCE (SNP),skipped,skipped,skipped,skipped,skipped,skipped,skipped,skipped,4,10
1079,Iris GIBSON (SNP),Jim TORRANCE (SNP),skipped,skipped,skipped,skipped,skipped,skipped,skipped,skipped,4,10
1080,Iris GIBSON (SNP),Jim TORRANCE (SNP),skipped,skipped,skipped,skipped,skipped,skipped,skipped,skipped,4,10
1081,Iris GIBSON (SNP),Jim TORRANCE (SNP),skipped,skipped,skipped,skipped,skipped,skipped,skipped,skipped,4,10
1082,Iris GIBSON (SNP),Jim TORRANCE (SNP),skipped,skipped,skipped,skipped,skipped,skipped,skipped,skipped,4,10
1083,Iris GIBSON (SNP),Jim TORRANCE (SNP),skipped,skipped,skipped,skipped,skipped,skipped,skipped,skipped,4,10
1084,Iris GIBSON (SNP),Jim TORRANCE (SNP),skipped,skipped,skipped,skipped,skipped,skipped,skipped,skipped,4,10
1085,Iris GIBSON (SNP),Jim TORRANCE (SNP),skipped,skipped,skipped,skipped,skipped,skipped,skipped,skipped,4,10
1086,Iris GIBSON (SNP),Jim TORRANCE (SNP),skipped,skipped,skipped,skipped,skipped,skipped,skipped,skipped,4,10
1087,Iris GIBSON (SNP),Jim TORRANCE (SNP),skipped,skipped,skipped,skipped,skipped,skipped,skipped,skipped,4,10
1088,Iris GIBSON (SNP),Jim TORRANCE (SNP),skipped,skipped,skipped,skipped,skipped,skipped,skipped,skipped,4,10
1089,Iris GIBSON (SNP),Jim TORRANCE (SNP),skipped,skipped,skipped,skipped,skipped,skipped,skipped,skipped,4,10
1090,Iris GIBSON (SNP),Jim TORRANCE (SNP),skipped,skipped,skipped,skipped,skipped,skipped,skipped,skipped,4,10
1091,Iris GIBSON (SNP),Jim TORRANCE (SNP),skipped,skipped,skipped,skipped,skipped,skipped,skipped,skipped,4,10
1092,Iris GIBSON (SNP),Jim TORRANCE (SNP),skipped,skipped,skipped,skipped,skipped,skipped,skipped,skipped,4,10
1093,Iris GIBSON (SNP),Jim TORRANCE (SNP),skipped,skipped,skipped,skipped,skipped,skipped,skipped,skipped,4,10
1094,Iris GIBSON (SNP),Jim TORRANCE (SNP),skipped,skipped,skipped,skipped,skipped,skipped,skipped,skipped,4,10
1095,Iris GIBSON (SNP),Jim TORRANCE (SNP),skipped,skipped,skipped,skipped,skipped,skipped,skipped,skipped,4,10
1096,Iris GIBSON (SNP),Jim TORRANCE (SNP),skipped,skipped,skipped,skipped,skipped,skipped,skipped,skipped,4,10
1097,Iris GIBSON (SNP),Jim TORRANCE (SNP),skipped,skipped,skipped,skipped,skipped,skipped,skipped,skipped,4,10
1098,Iris GIBSON (SNP),Jim TORRANCE (SNP),skipped,skipped,skipped,skipped,skipped,skipped,skipped,skipped,4,10
1099,Iris GIBSON (SNP),Jim TORRANCE (SNP),skipped,skipped,skipped,skipped,skipped,skipped,skipped,skipped,4,10
1100,Iris GIBSON (SNP),Jim TORRANCE (SNP),skipped,skipped,skipped,skipped,skipped,skipped,skipped,skipped,4,10
1101,Iris GIBSON (SNP),Jim TORRANCE (SNP),skipped,skipped,skipped,skipped,skipped,skipped,skipped,skipped,4,10
1102,Iris GIBSON (SNP),Jim TORRANCE (SNP),skipped,skipped,skipped,skipped,skipped,skipped,skipped,skipped,4,10
1103,Iris GIBSON (SNP),Jim TORRANCE (SNP),skipped,skipped,skipped,skipped,skipped,skipped,skipped,skipped,4,10
1104,Iris GIBSON (SNP),Jim TORRANCE (SNP),skipped,skipped,skipped,skipped,skipped,skipped,skipped,skipped,4,10
1105,Iris GIBSON (SNP),Jim TORRANCE (SNP),skipped,skipped,skipped,skipped,skipped,skipped,skipped,skipped,4,10
1106,Iris GIBSON (SNP),Jim TORRANCE (SNP),skipped,skipped,skipped,skipped,skipped,skipped,skipped,skipped,4,10
1107,Iris GIBSON (SNP),Jim TORRANCE (SNP),skipped,skipped,skipped,skipped,skipped,skipped,skipped,skipped,4,10
1108,Iris GIBSON (SNP),Jim TORRANCE (SNP),skipped,skipped,skipped,skipped,skipped,skipped,skipped,skipped,4,10
1109,Iris GIBSON (SNP),Jim TORRANCE (SNP),skipped,skipped,skipped,skipped,skipped,skipped,skipped,skipped,4,10
1110,Iris GIBSON (SNP),Jim TORRANCE (SNP),skipped,skipped,skipped,skipped,skipped,skipped,skipped,skipped,4,10
1111,Iris GIBSON (SNP),Jim TORRANCE (SNP),skipped,skipped,skipped,skipped,skipped,skipped,skipped,skipped,4,10
1112,Iris GIBSON (SNP),Jim TORRANCE (SNP),skipped,skipped,skipped,skipped,skipped,skipped,skipped,skipped,4,10
1113,Iris GIBSON (SNP),Jim TORRANCE (SNP),skipped,skipped,skipped,skipped,skipped,skipped,skipped,skipped,4,10
1114,Iris GIBSON (SNP),Jim TORRANCE (SNP),skipped,skipped,skipped,skipped,skipped,skipped,skipped,skipped,4,10
1115,Iris GIBSON (SNP),Jim TORRANCE (SNP),skipped,skipped,skipped,skipped,skipped,skipped,skipped,skipped,4,10
1116,Iris GIBSON (SNP),Jim TORRANCE (SNP),skipped,skipped,skipped,skipped,skipped,skipped,skipped,skipped,4,10
1117,Iris GIBSON (SNP),Jim TORRANCE (SNP),skipped,skipped,skipped,skipped,skipped,skipped,skipped,skipped,4,10
1118,Iris GIBSON (SNP),Jim TORRANCE (SNP),skipped,skipped,skipped,skipped,skipped,skipped,skipped,skipped,4,10
1119,Iris GIBSON (SNP),Jim TORRANCE (SNP),skipped,skipped,skipped,skipped,skipped,skipped,skipped,skipped,4,10
1120,Iris GIBSON (SNP),Jim TORRANCE (SNP),skipped,skipped,skipped,skipped,skipped,skipped,skipped,skipped,4,10
1121,Iris GIBSON (SNP),Jim TORRANCE (SNP),skipped,skipped,skipped,skipped,skipped,skipped,skipped,skipped,4,10
1122,Iris GIBSON (SNP),Jim TORRANCE (SNP),skipped,skipped,skipped,skipped,skipped,skipped,skipped,skipped,4,10
1123,Iris GIBSON (SNP),Jim TORRANCE (SNP),skipped,skipped,skipped,skipped,skipped,skipped,skipped,skipped,4,10
1124,Iris GIBSON (SNP),Jim TORRANCE (SNP),skipped,skipped,skipped,skipped,skipped,skipped,skipped,skipped,4,10
1125,Iris GIBSON (SNP),Jim TORRANCE (SNP),skipped,skipped,skipped,skipped,skipped,skipped,skipped,skipped,4,10
1126,Iris GIBSON (SNP),Jim TORRANCE (SNP),skipped,skipped,skipped,skipped,skipped,skipped,skipped,skipped,4,10
1127,Iris GIBSON (SNP),Jim TORRANCE (SNP),skipped,skipped,skipped,skipped,skipped,skipped,skipped,skipped,4,10
1128,Iris GIBSON (SNP),Jim TORRANCE (SNP),skipped,skipped,skipped,skipped,skipped,skipped,skipped,skipped,4,10
1129,Iris GIBSON (SNP),Jim TORRANCE (SNP),skipped,skipped,skipped,skipped,skipped,skipped,skipped,skipped,4,10
1130,Iris GIBSON (SNP),Jim TORRANCE (SNP),Alistair WATSON (Lab),skipped,skipped,skipped,skipped,skipped,skipped,skipped,4,10
1131,Iris GIBSON (SNP),Jim TORRANCE (SNP),Alistair WATSON (Lab),skipped,skipped,skipped,skipped,skipped,skipped,skipped,4,10
1132,Iris GIBSON (SNP),Jim TORRANCE (SNP),Alistair WATSON (Lab),skipped,skipped,skipped,skipped,skipped,skipped,skipped,4,10
1133,Iris GIBSON (SNP),Jim TORRANCE (SNP),Alistair WATSON (Lab),skipped,skipped,skipped,skipped,skipped,skipped,skipped,4,10
1134,Iris GIBSON (SNP),Jim TORRANCE (SNP),Alistair WATSON (Lab),skipped,skipped,skipped,skipped,skipped,skipped,skipped,4,10
1135,Iris GIBSON (SNP),Jim TORRANCE (SNP),Alistair WATSON (Lab),skipped,skipped,skipped,skipped,skipped,skipped,skipped,4,10
1136,Iris GIBSON (SNP),Jim TORRANCE (SNP),Alistair WATSON (Lab),skipped,skipped,skipped,skipped,skipped,skipped,skipped,4,10
1137,Iris GIBSON (SNP),Jim TORRANCE (SNP),Alistair WATSON (Lab),skipped,skipped,skipped,skipped,skipped,skipped,skipped,4,10
1138,Iris GIBSON (SNP),Jim TORRANCE (SNP),Alistair WATSON (Lab),skipped,skipped,skipped,skipped,skipped,skipped,skipped,4,10
1139,Iris GIBSON (SNP),Jim TORRANCE (SNP),Alistair WATSON (Lab),skipped,skipped,skipped,skipped,skipped,skipped,skipped,4,10
1140,Iris GIBSON (SNP),Jim TORRANCE (SNP),Alistair WATSON (Lab),skipped,skipped,skipped,skipped,skipped,skipped,skipped,4,10
1141,Iris GIBSON (SNP),Jim TORRANCE (SNP),Alistair WATSON (Lab),skipped,skipped,skipped,skipped,skipped,skipped,skipped,4,10
1142,Iris GIBSON (SNP),Jim TORRANCE (SNP),Alistair WATSON (Lab),skipped,skipped,skipped,skipped,skipped,skipped,skipped,4,10
1143,Iris GIBSON (SNP),Jim TORRANCE (SNP),Alistair WATSON (Lab),skipped,skipped,skipped,skipped,skipped,skipped,skipped,4,10
1144,Iris GIBSON (SNP),Jim TORRANCE (SNP),Alistair WATSON (Lab),skipped,skipped,skipped,skipped,skipped,skipped,skipped,4,10
1145,Iris GIBSON (SNP),Jim TORRANCE (SNP),Alistair WATSON (Lab),skipped,skipped,skipped,skipped,skipped,skipped,skipped,4,10
1146,Iris GIBSON (SNP),Jim TORRANCE (SNP),Alistair WATSON (Lab),skipped,skipped,skipped,skipped,skipped,skipped,skipped,4,10
1147,Iris GIBSON (SNP),Jim TORRANCE (SNP),Alistair WATSON (Lab),skipped,skipped,skipped,skipped,skipped,skipped,skipped,4,10
1148,Iris GIBSON (SNP),Jim TORRANCE (SNP),Alistair WATSON (Lab),skipped,skipped,skipped,skipped,skipped,skipped,skipped,4,10
1149,Iris GIBSON (SNP),Jim TORRANCE (SNP),Alistair WATSON (Lab),skipped,skipped,skipped,skipped,skipped,skipped,skipped,4,10
1150,Iris GIBSON (SNP),Jim TORRANCE (SNP),Alistair WATSON (Lab),skipped,skipped,skipped,skipped,skipped,skipped,skipped,4,10
1151,Iris GIBSON (SNP),Jim TORRANCE (SNP),Alistair WATSON (Lab),skipped,skipped,skipped,skipped,skipped,skipped,skipped,4,10
1152,Iris GIBSON (SNP),Jim TORRANCE (SNP),Alistair WATSON (Lab),skipped,skipped,skipped,skipped,skipped,skipped,skipped,4,10
1153,Iris GIBSON (SNP),Jim TORRANCE (SNP),Alistair WATSON (Lab),skipped,skipped,skipped,skipped,skipped,skipped,skipped,4,10
1154,Iris GIBSON (SNP),Jim TORRANCE (SNP),Alistair WATSON (Lab),skipped,skipped,skipped,skipped,skipped,skipped,skipped,4,10
1155,Iris GIBSON (SNP),Jim TORRANCE (SNP),Alistair WATSON (Lab),skipped,skipped,skipped,skipped,skipped,skipped,skipped,4,10
1156,Iris GIBSON (SNP),Jim TORRANCE (SNP),Alistair WATSON (Lab),skipped,skipped,skipped,skipped,skipped,skipped,skipped,4,10
1157,Iris GIBSON (SNP),Jim TORRANCE (SNP),Alistair WATSON (Lab),skipped,skipped,skipped,skipped,skipped,skipped,skipped,4,10
1158,Iris GIBSON (SNP),Jim TORRANCE (SNP),Alistair WATSON (Lab),skipped,skipped,skipped,skipped,skipped,skipped,skipped,4,10
1159,Iris GIBSON (SNP),Jim TORRANCE (SNP),Alistair WATSON (Lab),skipped,skipped,skipped,skipped,skipped,skipped,skipped,4,10
1160,Iris GIBSON (SNP),Jim TORRANCE (SNP),Alistair WATSON (Lab),skipped,skipped,skipped,skipped,skipped,skipped,skipped,4,10
1161,Iris GIBSON (SNP),Jim TORRANCE (SNP),Alistair WATSON (Lab),skipped,skipped,skipped,skipped,skipped,skipped,skipped,4,10
1162,Iris GIBSON (SNP),Jim TORRANCE (SNP),Alistair WATSON (Lab),skipped,skipped,skipped,skipped,skipped,skipped,skipped,4,10
1163,Iris GIBSON (SNP),Jim TORRANCE (SNP),Alistair WATSON (Lab),skipped,skipped,skipped,skipped,skipped,skipped,skipped,4,10
1164,Iris GIBSON (SNP),Jim TORRANCE (SNP),Alistair WATSON (Lab),skipped,skipped,skipped,skipped,skipped,skipped,skipped,4,10
1165,Iris GIBSON (SNP),Jim TORRANCE (SNP),Alistair WATSON (Lab),skipped,skipped,skipped,skipped,skipped,skipped,skipped,4,10
1166,Iris GIBSON (SNP),Jim TORRANCE (SNP),Alistair WATSON (Lab),skipped,skipped,skipped,skipped,skipped,skipped,skipped,4,10
1167,Iris GIBSON (SNP),Jim TORRANCE (SNP),Alistair WATSON (Lab),skipped,skipped,skipped,skipped,skipped,skipped,skipped,4,10
1168,Iris GIBSON (SNP),Jim TORRANCE (SNP),Alistair WATSON (Lab),skipped,skipped,skipped,skipped,skipped,skipped,skipped,4,10
1169,Iris GIBSON (SNP),Jim TORRANCE (SNP),Alistair WATSON (Lab),skipped,skipped,skipped,skipped,skipped,skipped,skipped,4,10
1170,Iris GIBSON (SNP),Jim TORRANCE (SNP),Alistair WATSON (Lab),skipped,skipped,skipped,skipped,skipped,skipped,skipped,4,10
1171,Iris GIBSON (SNP),Jim TORRANCE (SNP),Alistair WATSON (Lab),skipped,skipped,skipped,skipped,skipped,skipped,skipped,4,10
1172,Iris GIBSON (SNP),Jim TORRANCE (SNP),Alistair WATSON (Lab),Matt KERR (Lab),skipped,skipped,skipped,skipped,skipped,skipped,4,10
1173,Iris GIBSON (SNP),Jim TORRANCE (SNP),Alistair WATSON (Lab),Matt KERR (Lab),skipped,skipped,skipped,skipped,skipped,skipped,4,10
1174,Iris GIBSON (SNP),Jim TORRANCE (SNP),Alistair WATSON (Lab),Matt KERR (Lab),skipped,skipped,skipped,skipped,skipped,skipped,4,10
1175,Iris GIBSON (SNP),Jim TORRANCE (SNP),Alistair WATSON (Lab),Matt KERR (Lab),skipped,skipped,skipped,skipped,skipped,skipped,4,10
1176,Iris GIBSON (SNP),Jim TORRANCE (SNP),Alistair WATSON (Lab),Matt KERR (Lab),skipped,skipped,skipped,skipped,skipped,skipped,4,10
1177,Iris GIBSON (SNP),Jim TORRANCE (SNP),Alistair WATSON (Lab),Matt KERR (Lab),skipped,skipped,skipped,skipped,skipped,skipped,4,10
1178,Iris GIBSON (SNP),Jim TORRANCE (SNP),Alistair WATSON (Lab),Matt KERR (Lab),skipped,skipped,skipped,skipped,skipped,skipped,4,10
1179,Iris GIBSON (SNP),Jim TORRANCE (SNP),Alistair WATSON (Lab),Matt KERR (Lab),skipped,skipped,skipped,skipped,skipped,skipped,4,10
1180,Iris GIBSON (SNP),Jim TORRANCE (SNP),Alistair WATSON (Lab),Matt KERR (Lab),skipped,skipped,skipped,skipped,skipped,skipped,4,10
1181,Iris GIBSON (SNP),Jim TORRANCE (SNP),Alistair WATSON (Lab),Matt KERR (Lab),skipped,skipped,skipped,skipped,skipped,skipped,4,10
1182,Iris GIBSON (SNP),Jim TORRANCE (SNP),Alistair WATSON (Lab),Matt KERR (Lab),skipped,skipped,skipped,skipped,skipped,skipped,4,10
1183,Iris GIBSON (SNP),Jim TORRANCE (SNP),Alistair WATSON (Lab),Matt KERR (Lab),skipped,skipped,skipped,skipped,skipped,skipped,4,10
1184,Iris GIBSON (SNP),Jim TORRANCE (SNP),Alistair WATSON (Lab),Matt KERR (Lab),skipped,skipped,skipped,skipped,skipped,skipped,4,10
1185,Iris GIBSON (SNP),Jim TORRANCE (SNP),Alistair WATSON (Lab),Matt KERR (Lab),skipped,skipped,skipped,skipped,skipped,skipped,4,10
1186,Iris GIBSON (SNP),Jim TORRANCE (SNP),Alistair WATSON (Lab),Matt KERR (Lab),skipped,skipped,skipped,skipped,skipped,skipped,4,10
1187,Iris GIBSON (SNP),Jim TORRANCE (SNP),Alistair WATSON (Lab),Matt KERR (Lab),skipped,skipped,skipped,skipped,skipped,skipped,4,10
1188,Iris GIBSON (SNP),Jim TORRANCE (SNP),Alistair WATSON (Lab),Matt KERR (Lab),skipped,skipped,skipped,skipped,skipped,skipped,4,10
1189,Iris GIBSON (SNP),Jim TORRANCE (SNP),Alistair WATSON (Lab),Matt KERR (Lab),skipped,skipped,skipped,skipped,skipped,skipped,4,10
1190,Iris GIBSON (SNP),Jim TORRANCE (SNP),Alistair WATSON (Lab),Matt KERR (Lab),skipped,skipped,skipped,skipped,skipped,skipped,4,10
1191,Iris GIBSON (SNP),Jim TORRANCE (SNP),Alistair WATSON (Lab),Matt KERR (Lab),skipped,skipped,skipped,skipped,skipped,skipped,4,10
1192,Iris GIBSON (SNP),Jim TORRANCE (SNP),Alistair WATSON (Lab),Matt KERR (Lab),skipped,skipped,skipped,skipped,skipped,skipped,4,10
1193,Iris GIBSON (SNP),Jim TORRANCE (SNP),Alistair WATSON (Lab),Matt KERR (Lab),skipped,skipped,skipped,skipped,skipped,skipped,4,10
1194,Iris GIBSON (SNP),Jim TORRANCE (SNP),Alistair WATSON (Lab),Matt KERR (Lab),skipped,skipped,skipped,skipped,skipped,skipped,4,10
1195,Iris GIBSON (SNP),Jim TORRANCE (SNP),Alistair WATSON (Lab),Matt KERR (Lab),skipped,skipped,skipped,skipped,skipped,skipped,4,10
1196,Iris GIBSON (SNP),Jim TORRANCE (SNP),Alistair WATSON (Lab),Matt KERR (Lab),skipped,skipped,skipped,skipped,skipped,skipped,4,10
1197,Iris GIBSON (SNP),Jim TORRANCE (SNP),Alistair WATSON (Lab),Matt KERR (Lab),skipped,skipped,skipped,skipped,skipped,skipped,4,10
1198,Iris GIBSON (SNP),Jim TORRANCE (SNP),Alistair WATSON (Lab),Matt KERR (Lab),skipped,skipped,skipped,skipped,skipped,skipped,4,10
1199,Iris GIBSON (SNP),Jim TORRANCE (SNP),Alistair WATSON (Lab),Matt KERR (Lab),skipped,skipped,skipped,skipped,skipped,skipped,4,10
1200,Iris GIBSON (SNP),Jim TORRANCE (SNP),Alistair WATSON (Lab),Matt KERR (Lab),skipped,skipped,skipped,skipped,skipped,skipped,4,10
1201,Iris GIBSON (SNP),Jim TORRANCE (SNP),Alistair WATSON (Lab),Matt KERR (Lab),Gordon MACDIARMID (Glasgow First),skipped,skipped,skipped,skipped,skipped,4,10
1202,Iris GIBSON (SNP),Jim TORRANCE (SNP),Alistair WATSON (Lab),Matt KERR (Lab),Gordon MACDIARMID (Glasgow First),skipped,skipped,skipped,skipped,skipped,4,10
1203,Iris GIBSON (SNP),Jim TORRANCE (SNP),Alistair WATSON (Lab),Matt KERR (Lab),Gordon MACDIARMID (Glasgow First),skipped,skipped,skipped,skipped,skipped,4,10
1204,Iris GIBSON (SNP),Jim TORRANCE (SNP),Alistair WATSON (Lab),Matt KERR (Lab),Jayne Ann MORGAN (Con),Isabel NELSON (LD),Ian RUFFELL (Grn),Gordon MACDIARMID (Glasgow First),Janice MACKAY (UKIP),Gail SHERIDAN (Sol),4,10
1205,Iris GIBSON (SNP),Jim TORRANCE (SNP),Alistair WATSON (Lab),Matt KERR (Lab),Isabel NELSON (LD),skipped,skipped,skipped,skipped,skipped,4,10
1206,Iris GIBSON (SNP),Jim TORRANCE (SNP),Alistair WATSON (Lab),Matt KERR (Lab),Isabel NELSON (LD),Ian RUFFELL (Grn),skipped,skipped,skipped,skipped,4,10
1207,Iris GIBSON (SNP),Jim TORRANCE (SNP),Alistair WATSON (Lab),Matt KERR (Lab),Ian RUFFELL (Grn),Gordon MACDIARMID (Glasgow First),skipped,skipped,skipped,skipped,4,10
1208,Iris GIBSON (SNP),Jim TORRANCE (SNP),Alistair WATSON (Lab),Matt KERR (Lab),Ian RUFFELL (Grn),Gordon MACDIARMID (Glasgow First),skipped,skipped,skipped,skipped,4,10
1209,Iris GIBSON (SNP),Jim TORRANCE (SNP),Alistair WATSON (Lab),Matt KERR (Lab),Ian RUFFELL (Grn),Janice MACKAY (UKIP),Gail SHERIDAN (Sol),Gordon MACDIARMID (Glasgow First),Isabel NELSON (LD),Jayne Ann MORGAN (Con),4,10
1210,Iris GIBSON (SNP),Jim TORRANCE (SNP),Alistair WATSON (Lab),Matt KERR (Lab),Ian RUFFELL (Grn),Isabel NELSON (LD),skipped,skipped,skipped,skipped,4,10
1211,Iris GIBSON (SNP),Jim TORRANCE (SNP),Alistair WATSON (Lab),Matt KERR (Lab),Gail SHERIDAN (Sol),skipped,skipped,skipped,skipped,skipped,4,10
1212,Iris GIBSON (SNP),Jim TORRANCE (SNP),Alistair WATSON (Lab),Matt KERR (Lab),Gail SHERIDAN (Sol),skipped,skipped,skipped,skipped,skipped,4,10
1213,Iris GIBSON (SNP),Jim TORRANCE (SNP),Alistair WATSON (Lab),Matt KERR (Lab),Gail SHERIDAN (Sol),Isabel NELSON (LD),Gordon MACDIARMID (Glasgow First),Jayne Ann MORGAN (Con),Janice MACKAY (UKIP),Ian RUFFELL (Grn),4,10
1214,Iris GIBSON (SNP),Jim TORRANCE (SNP),Alistair WATSON (Lab),Gordon MACDIARMID (Glasgow First),skipped,skipped,skipped,skipped,skipped,skipped,4,10
1215,Iris GIBSON (SNP),Jim TORRANCE (SNP),Alistair WATSON (Lab),Gordon MACDIARMID (Glasgow First),skipped,skipped,skipped,skipped,skipped,skipped,4,10
1216,Iris GIBSON (SNP),Jim TORRANCE (SNP),Alistair WATSON (Lab),Janice MACKAY (UKIP),skipped,skipped,skipped,skipped,skipped,skipped,4,10
1217,Iris GIBSON (SNP),Jim TORRANCE (SNP),Alistair WATSON (Lab),Jayne Ann MORGAN (Con),Matt KERR (Lab),skipped,skipped,skipped,skipped,skipped,4,10
1218,Iris GIBSON (SNP),Jim TORRANCE (SNP),Alistair WATSON (Lab),Jayne Ann MORGAN (Con),Gail SHERIDAN (Sol),Isabel NELSON (LD),Gordon MACDIARMID (Glasgow First),Matt KERR (Lab),Janice MACKAY (UKIP),Ian RUFFELL (Grn),4,10
1219,Iris GIBSON (SNP),Jim TORRANCE (SNP),Alistair WATSON (Lab),Ian RUFFELL (Grn),skipped,skipped,skipped,skipped,skipped,skipped,4,10
1220,Iris GIBSON (SNP),Jim TORRANCE (SNP),Alistair WATSON (Lab),Ian RUFFELL (Grn),skipped,skipped,skipped,skipped,skipped,skipped,4,10
1221,Iris GIBSON (SNP),Jim TORRANCE (SNP),Alistair WATSON (Lab),Ian RUFFELL (Grn),skipped,skipped,skipped,skipped,skipped,skipped,4,10
1222,Iris GIBSON (SNP),Jim TORRANCE (SNP),Alistair WATSON (Lab),Ian RUFFELL (Grn),Matt KERR (Lab),skipped,skipped,skipped,skipped,skipped,4,10
1223,Iris GIBSON (SNP),Jim TORRANCE (SNP),Alistair WATSON (Lab),Gail SHERIDAN (Sol),skipped,skipped,skipped,skipped,skipped,skipped,4,10
1224,Iris GIBSON (SNP),Jim TORRANCE (SNP),Alistair WATSON (Lab),Gail SHERIDAN (Sol),skipped,skipped,skipped,skipped,skipped,skipped,4,10
1225,Iris GIBSON (SNP),Jim TORRANCE (SNP),Alistair WATSON (Lab),Gail SHERIDAN (Sol),skipped,skipped,skipped,skipped,skipped,skipped,4,10
1226,Iris GIBSON (SNP),Jim TORRANCE (SNP),Alistair WATSON (Lab),Gail SHERIDAN (Sol),skipped,skipped,skipped,skipped,skipped,skipped,4,10
1227,Iris GIBSON (SNP),Jim TORRANCE (SNP),Alistair WATSON (Lab),Gail SHERIDAN (Sol),skipped,skipped,skipped,skipped,skipped,skipped,4,10
1228,Iris GIBSON (SNP),Jim TORRANCE (SNP),Alistair WATSON (Lab),Gail SHERIDAN (Sol),Matt KERR (Lab),skipped,skipped,skipped,skipped,skipped,4,10
1229,Iris GIBSON (SNP),Jim TORRANCE (SNP),Alistair WATSON (Lab),Gail SHERIDAN (Sol),Matt KERR (Lab),Ian RUFFELL (Grn),skipped,skipped,skipped,skipped,4,10
1230,Iris GIBSON (SNP),Jim TORRANCE (SNP),Alistair WATSON (Lab),Gail SHERIDAN (Sol),Gordon MACDIARMID (Glasgow First),skipped,skipped,skipped,skipped,skipped,4,10
1231,Iris GIBSON (SNP),Jim TORRANCE (SNP),Alistair WATSON (Lab),Gail SHERIDAN (Sol),Gordon MACDIARMID (Glasgow First),Isabel NELSON (LD),skipped,skipped,skipped,skipped,4,10
1232,Iris GIBSON (SNP),Jim TORRANCE (SNP),Matt KERR (Lab),skipped,skipped,skipped,skipped,skipped,skipped,skipped,4,10
1233,Iris GIBSON (SNP),Jim TORRANCE (SNP),Matt KERR (Lab),skipped,skipped,skipped,skipped,skipped,skipped,skipped,4,10
1234,Iris GIBSON (SNP),Jim TORRANCE (SNP),Matt KERR (Lab),skipped,skipped,skipped,skipped,skipped,skipped,skipped,4,10
1235,Iris GIBSON (SNP),Jim TORRANCE (SNP),Matt KERR (Lab),skipped,skipped,skipped,skipped,skipped,skipped,skipped,4,10
1236,Iris GIBSON (SNP),Jim TORRANCE (SNP),Matt KERR (Lab),skipped,skipped,skipped,skipped,skipped,skipped,skipped,4,10
1237,Iris GIBSON (SNP),Jim TORRANCE (SNP),Matt KERR (Lab),skipped,skipped,skipped,skipped,skipped,skipped,skipped,4,10
1238,Iris GIBSON (SNP),Jim TORRANCE (SNP),Matt KERR (Lab),skipped,skipped,skipped,skipped,skipped,skipped,skipped,4,10
1239,Iris GIBSON (SNP),Jim TORRANCE (SNP),Matt KERR (Lab),skipped,skipped,skipped,skipped,skipped,skipped,skipped,4,10
1240,Iris GIBSON (SNP),Jim TORRANCE (SNP),Matt KERR (Lab),skipped,skipped,skipped,skipped,skipped,skipped,skipped,4,10
1241,Iris GIBSON (SNP),Jim TORRANCE (SNP),Matt KERR (Lab),skipped,skipped,skipped,skipped,skipped,skipped,skipped,4,10
1242,Iris GIBSON (SNP),Jim TORRANCE (SNP),Matt KERR (Lab),skipped,skipped,skipped,skipped,skipped,skipped,skipped,4,10
1243,Iris GIBSON (SNP),Jim TORRANCE (SNP),Matt KERR (Lab),skipped,skipped,skipped,skipped,skipped,skipped,skipped,4,10
1244,Iris GIBSON (SNP),Jim TORRANCE (SNP),Matt KERR (Lab),skipped,skipped,skipped,skipped,skipped,skipped,skipped,4,10
1245,Iris GIBSON (SNP),Jim TORRANCE (SNP),Matt KERR (Lab),skipped,skipped,skipped,skipped,skipped,skipped,skipped,4,10
1246,Iris GIBSON (SNP),Jim TORRANCE (SNP),Matt KERR (Lab),skipped,skipped,skipped,skipped,skipped,skipped,skipped,4,10
1247,Iris GIBSON (SNP),Jim TORRANCE (SNP),Matt KERR (Lab),skipped,skipped,skipped,skipped,skipped,skipped,skipped,4,10
1248,Iris GIBSON (SNP),Jim TORRANCE (SNP),Matt KERR (Lab),skipped,skipped,skipped,skipped,skipped,skipped,skipped,4,10
1249,Iris GIBSON (SNP),Jim TORRANCE (SNP),Matt KERR (Lab),skipped,skipped,skipped,skipped,skipped,skipped,skipped,4,10
1250,Iris GIBSON (SNP),Jim TORRANCE (SNP),Matt KERR (Lab),skipped,skipped,skipped,skipped,skipped,skipped,skipped,4,10
1251,Iris GIBSON (SNP),Jim TORRANCE (SNP),Matt KERR (Lab),skipped,skipped,skipped,skipped,skipped,skipped,skipped,4,10
1252,Iris GIBSON (SNP),Jim TORRANCE (SNP),Matt KERR (Lab),skipped,skipped,skipped,skipped,skipped,skipped,skipped,4,10
1253,Iris GIBSON (SNP),Jim TORRANCE (SNP),Matt KERR (Lab),skipped,skipped,skipped,skipped,skipped,skipped,skipped,4,10
1254,Iris GIBSON (SNP),Jim TORRANCE (SNP),Matt KERR (Lab),skipped,skipped,skipped,skipped,skipped,skipped,skipped,4,10
1255,Iris GIBSON (SNP),Jim TORRANCE (SNP),Matt KERR (Lab),skipped,skipped,skipped,skipped,skipped,skipped,skipped,4,10
1256,Iris GIBSON (SNP),Jim TORRANCE (SNP),Matt KERR (Lab),skipped,skipped,skipped,skipped,skipped,skipped,skipped,4,10
1257,Iris GIBSON (SNP),Jim TORRANCE (SNP),Matt KERR (Lab),skipped,skipped,skipped,skipped,skipped,skipped,skipped,4,10
1258,Iris GIBSON (SNP),Jim TORRANCE (SNP),Matt KERR (Lab),skipped,skipped,skipped,skipped,skipped,skipped,skipped,4,10
1259,Iris GIBSON (SNP),Jim TORRANCE (SNP),Matt KERR (Lab),skipped,skipped,skipped,skipped,skipped,skipped,skipped,4,10
1260,Iris GIBSON (SNP),Jim TORRANCE (SNP),Matt KERR (Lab),skipped,skipped,skipped,skipped,skipped,skipped,skipped,4,10
1261,Iris GIBSON (SNP),Jim TORRANCE (SNP),Matt KERR (Lab),skipped,skipped,skipped,skipped,skipped,skipped,skipped,4,10
1262,Iris GIBSON (SNP),Jim TORRANCE (SNP),Matt KERR (Lab),skipped,skipped,skipped,skipped,skipped,skipped,skipped,4,10
1263,Iris GIBSON (SNP),Jim TORRANCE (SNP),Matt KERR (Lab),skipped,skipped,skipped,skipped,skipped,skipped,skipped,4,10
1264,Iris GIBSON (SNP),Jim TORRANCE (SNP),Matt KERR (Lab),skipped,skipped,skipped,skipped,skipped,skipped,skipped,4,10
1265,Iris GIBSON (SNP),Jim TORRANCE (SNP),Matt KERR (Lab),skipped,skipped,skipped,skipped,skipped,skipped,skipped,4,10
1266,Iris GIBSON (SNP),Jim TORRANCE (SNP),Matt KERR (Lab),skipped,skipped,skipped,skipped,skipped,skipped,skipped,4,10
1267,Iris GIBSON (SNP),Jim TORRANCE (SNP),Matt KERR (Lab),skipped,skipped,skipped,skipped,skipped,skipped,skipped,4,10
1268,Iris GIBSON (SNP),Jim TORRANCE (SNP),Matt KERR (Lab),skipped,skipped,skipped,skipped,skipped,skipped,skipped,4,10
1269,Iris GIBSON (SNP),Jim TORRANCE (SNP),Matt KERR (Lab),skipped,skipped,skipped,skipped,skipped,skipped,skipped,4,10
1270,Iris GIBSON (SNP),Jim TORRANCE (SNP),Matt KERR (Lab),skipped,skipped,skipped,skipped,skipped,skipped,skipped,4,10
1271,Iris GIBSON (SNP),Jim TORRANCE (SNP),Matt KERR (Lab),skipped,skipped,skipped,skipped,skipped,skipped,skipped,4,10
1272,Iris GIBSON (SNP),Jim TORRANCE (SNP),Matt KERR (Lab),skipped,skipped,skipped,skipped,skipped,skipped,skipped,4,10
1273,Iris GIBSON (SNP),Jim TORRANCE (SNP),Matt KERR (Lab),skipped,skipped,skipped,skipped,skipped,skipped,skipped,4,10
1274,Iris GIBSON (SNP),Jim TORRANCE (SNP),Matt KERR (Lab),skipped,skipped,skipped,skipped,skipped,skipped,skipped,4,10
1275,Iris GIBSON (SNP),Jim TORRANCE (SNP),Matt KERR (Lab),skipped,skipped,skipped,skipped,skipped,skipped,skipped,4,10
1276,Iris GIBSON (SNP),Jim TORRANCE (SNP),Matt KERR (Lab),skipped,skipped,skipped,skipped,skipped,skipped,skipped,4,10
1277,Iris GIBSON (SNP),Jim TORRANCE (SNP),Matt KERR (Lab),skipped,skipped,skipped,skipped,skipped,skipped,skipped,4,10
1278,Iris GIBSON (SNP),Jim TORRANCE (SNP),Matt KERR (Lab),skipped,skipped,skipped,skipped,skipped,skipped,skipped,4,10
1279,Iris GIBSON (SNP),Jim TORRANCE (SNP),Matt KERR (Lab),skipped,skipped,skipped,skipped,skipped,skipped,skipped,4,10
1280,Iris GIBSON (SNP),Jim TORRANCE (SNP),Matt KERR (Lab),skipped,skipped,skipped,skipped,skipped,skipped,skipped,4,10
1281,Iris GIBSON (SNP),Jim TORRANCE (SNP),Matt KERR (Lab),skipped,skipped,skipped,skipped,skipped,skipped,skipped,4,10
1282,Iris GIBSON (SNP),Jim TORRANCE (SNP),Matt KERR (Lab),skipped,skipped,skipped,skipped,skipped,skipped,skipped,4,10
1283,Iris GIBSON (SNP),Jim TORRANCE (SNP),Matt KERR (Lab),skipped,skipped,skipped,skipped,skipped,skipped,skipped,4,10
1284,Iris GIBSON (SNP),Jim TORRANCE (SNP),Matt KERR (Lab),skipped,skipped,skipped,skipped,skipped,skipped,skipped,4,10
1285,Iris GIBSON (SNP),Jim TORRANCE (SNP),Matt KERR (Lab),skipped,skipped,skipped,skipped,skipped,skipped,skipped,4,10
1286,Iris GIBSON (SNP),Jim TORRANCE (SNP),Matt KERR (Lab),skipped,skipped,skipped,skipped,skipped,skipped,skipped,4,10
1287,Iris GIBSON (SNP),Jim TORRANCE (SNP),Matt KERR (Lab),skipped,skipped,skipped,skipped,skipped,skipped,skipped,4,10
1288,Iris GIBSON (SNP),Jim TORRANCE (SNP),Matt KERR (Lab),Alistair WATSON (Lab),skipped,skipped,skipped,skipped,skipped,skipped,4,10
1289,Iris GIBSON (SNP),Jim TORRANCE (SNP),Matt KERR (Lab),Alistair WATSON (Lab),skipped,skipped,skipped,skipped,skipped,skipped,4,10
1290,Iris GIBSON (SNP),Jim TORRANCE (SNP),Matt KERR (Lab),Alistair WATSON (Lab),skipped,skipped,skipped,skipped,skipped,skipped,4,10
1291,Iris GIBSON (SNP),Jim TORRANCE (SNP),Matt KERR (Lab),Alistair WATSON (Lab),skipped,skipped,skipped,skipped,skipped,skipped,4,10
1292,Iris GIBSON (SNP),Jim TORRANCE (SNP),Matt KERR (Lab),Alistair WATSON (Lab),skipped,skipped,skipped,skipped,skipped,skipped,4,10
1293,Iris GIBSON (SNP),Jim TORRANCE (SNP),Matt KERR (Lab),Alistair WATSON (Lab),skipped,skipped,skipped,skipped,skipped,skipped,4,10
1294,Iris GIBSON (SNP),Jim TORRANCE (SNP),Matt KERR (Lab),Alistair WATSON (Lab),skipped,skipped,skipped,skipped,skipped,skipped,4,10
1295,Iris GIBSON (SNP),Jim TORRANCE (SNP),Matt KERR (Lab),Alistair WATSON (Lab),skipped,skipped,skipped,skipped,skipped,skipped,4,10
1296,Iris GIBSON (SNP),Jim TORRANCE (SNP),Matt KERR (Lab),Alistair WATSON (Lab),skipped,skipped,skipped,skipped,skipped,skipped,4,10
1297,Iris GIBSON (SNP),Jim TORRANCE (SNP),Matt KERR (Lab),Alistair WATSON (Lab),skipped,skipped,skipped,skipped,skipped,skipped,4,10
1298,Iris GIBSON (SNP),Jim TORRANCE (SNP),Matt KERR (Lab),Alistair WATSON (Lab),skipped,skipped,skipped,skipped,skipped,skipped,4,10
1299,Iris GIBSON (SNP),Jim TORRANCE (SNP),Matt KERR (Lab),Alistair WATSON (Lab),skipped,skipped,skipped,skipped,skipped,skipped,4,10
1300,Iris GIBSON (SNP),Jim TORRANCE (SNP),Matt KERR (Lab),Alistair WATSON (Lab),skipped,skipped,skipped,skipped,skipped,skipped,4,10
1301,Iris GIBSON (SNP),Jim TORRANCE (SNP),Matt KERR (Lab),Alistair WATSON (Lab),skipped,skipped,skipped,skipped,skipped,skipped,4,10
1302,Iris GIBSON (SNP),Jim TORRANCE (SNP),Matt KERR (Lab),Alistair WATSON (Lab),skipped,skipped,skipped,skipped,skipped,skipped,4,10
1303,Iris GIBSON (SNP),Jim TORRANCE (SNP),Matt KERR (Lab),Alistair WATSON (Lab),skipped,skipped,skipped,skipped,skipped,skipped,4,10
1304,Iris GIBSON (SNP),Jim TORRANCE (SNP),Matt KERR (Lab),Alistair WATSON (Lab),skipped,skipped,skipped,skipped,skipped,skipped,4,10
1305,Iris GIBSON (SNP),Jim TORRANCE (SNP),Matt KERR (Lab),Alistair WATSON (Lab),skipped,skipped,skipped,skipped,skipped,skipped,4,10
1306,Iris GIBSON (SNP),Jim TORRANCE (SNP),Matt KERR (Lab),Alistair WATSON (Lab),skipped,skipped,skipped,skipped,skipped,skipped,4,10
1307,Iris GIBSON (SNP),Jim TORRANCE (SNP),Matt KERR (Lab),Alistair WATSON (Lab),skipped,skipped,skipped,skipped,skipped,skipped,4,10
1308,Iris GIBSON (SNP),Jim TORRANCE (SNP),Matt KERR (Lab),Alistair WATSON (Lab),skipped,skipped,skipped,skipped,skipped,skipped,4,10
1309,Iris GIBSON (SNP),Jim TORRANCE (SNP),Matt KERR (Lab),Alistair WATSON (Lab),skipped,skipped,skipped,skipped,skipped,skipped,4,10
1310,Iris GIBSON (SNP),Jim TORRANCE (SNP),Matt KERR (Lab),Alistair WATSON (Lab),skipped,skipped,skipped,skipped,skipped,skipped,4,10
1311,Iris GIBSON (SNP),Jim TORRANCE (SNP),Matt KERR (Lab),Alistair WATSON (Lab),skipped,skipped,skipped,skipped,skipped,skipped,4,10
1312,Iris GIBSON (SNP),Jim TORRANCE (SNP),Matt KERR (Lab),Alistair WATSON (Lab),skipped,skipped,skipped,skipped,skipped,skipped,4,10
1313,Iris GIBSON (SNP),Jim TORRANCE (SNP),Matt KERR (Lab),Alistair WATSON (Lab),skipped,skipped,skipped,skipped,skipped,skipped,4,10
1314,Iris GIBSON (SNP),Jim TORRANCE (SNP),Matt KERR (Lab),Alistair WATSON (Lab),skipped,skipped,skipped,skipped,skipped,skipped,4,10
1315,Iris GIBSON (SNP),Jim TORRANCE (SNP),Matt KERR (Lab),Alistair WATSON (Lab),skipped,skipped,skipped,skipped,skipped,skipped,4,10
1316,Iris GIBSON (SNP),Jim TORRANCE (SNP),Matt KERR (Lab),Alistair WATSON (Lab),skipped,skipped,skipped,skipped,skipped,skipped,4,10
1317,Iris GIBSON (SNP),Jim TORRANCE (SNP),Matt KERR (Lab),Alistair WATSON (Lab),skipped,skipped,skipped,skipped,skipped,skipped,4,10
1318,Iris GIBSON (SNP),Jim TORRANCE (SNP),Matt KERR (Lab),Alistair WATSON (Lab),skipped,skipped,skipped,skipped,skipped,skipped,4,10
1319,Iris GIBSON (SNP),Jim TORRANCE (SNP),Matt KERR (Lab),Alistair WATSON (Lab),skipped,skipped,skipped,skipped,skipped,skipped,4,10
1320,Iris GIBSON (SNP),Jim TORRANCE (SNP),Matt KERR (Lab),Alistair WATSON (Lab),skipped,skipped,skipped,skipped,skipped,skipped,4,10
1321,Iris GIBSON (SNP),Jim TORRANCE (SNP),Matt KERR (Lab),Alistair WATSON (Lab),skipped,skipped,skipped,skipped,skipped,skipped,4,10
1322,Iris GIBSON (SNP),Jim TORRANCE (SNP),Matt KERR (Lab),Alistair WATSON (Lab),skipped,skipped,skipped,skipped,skipped,skipped,4,10
1323,Iris GIBSON (SNP),Jim TORRANCE (SNP),Matt KERR (Lab),Alistair WATSON (Lab),skipped,skipped,skipped,skipped,skipped,skipped,4,10
1324,Iris GIBSON (SNP),Jim TORRANCE (SNP),Matt KERR (Lab),Alistair WATSON (Lab),skipped,skipped,skipped,skipped,skipped,skipped,4,10
1325,Iris GIBSON (SNP),Jim TORRANCE (SNP),Matt KERR (Lab),Alistair WATSON (Lab),skipped,skipped,skipped,skipped,skipped,skipped,4,10
1326,Iris GIBSON (SNP),Jim TORRANCE (SNP),Matt KERR (Lab),Alistair WATSON (Lab),skipped,skipped,skipped,skipped,skipped,skipped,4,10
1327,Iris GIBSON (SNP),Jim TORRANCE (SNP),Matt KERR (Lab),Alistair WATSON (Lab),skipped,skipped,skipped,skipped,skipped,skipped,4,10
1328,Iris GIBSON (SNP),Jim TORRANCE (SNP),Matt KERR (Lab),Alistair WATSON (Lab),skipped,skipped,skipped,skipped,skipped,skipped,4,10
1329,Iris GIBSON (SNP),Jim TORRANCE (SNP),Matt KERR (Lab),Alistair WATSON (Lab),skipped,skipped,skipped,skipped,skipped,skipped,4,10
1330,Iris GIBSON (SNP),Jim TORRANCE (SNP),Matt KERR (Lab),Alistair WATSON (Lab),skipped,skipped,skipped,skipped,skipped,skipped,4,10
1331,Iris GIBSON (SNP),Jim TORRANCE (SNP),Matt KERR (Lab),Alistair WATSON (Lab),skipped,skipped,skipped,skipped,skipped,skipped,4,10
1332,Iris GIBSON (SNP),Jim TORRANCE (SNP),Matt KERR (Lab),Alistair WATSON (Lab),skipped,skipped,skipped,skipped,skipped,skipped,4,10
1333,Iris GIBSON (SNP),Jim TORRANCE (SNP),Matt KERR (Lab),Alistair WATSON (Lab),Gordon MACDIARMID (Glasgow First),skipped,skipped,skipped,skipped,skipped,4,10
1334,Iris GIBSON (SNP),Jim TORRANCE (SNP),Matt KERR (Lab),Alistair WATSON (Lab),Gordon MACDIARMID (Glasgow First),skipped,skipped,skipped,skipped,skipped,4,10
1335,Iris GIBSON (SNP),Jim TORRANCE (SNP),Matt KERR (Lab),Alistair WATSON (Lab),Gordon MACDIARMID (Glasgow First),Janice MACKAY (UKIP),Jayne Ann MORGAN (Con),Ian RUFFELL (Grn),Isabel NELSON (LD),Gail SHERIDAN (Sol),4,10
1336,Iris GIBSON (SNP),Jim TORRANCE (SNP),Matt KERR (Lab),Alistair WATSON (Lab),Gordon MACDIARMID (Glasgow First),Janice MACKAY (UKIP),Gail SHERIDAN (Sol),Ian RUFFELL (Grn),Isabel NELSON (LD),Jayne Ann MORGAN (Con),4,10
1337,Iris GIBSON (SNP),Jim TORRANCE (SNP),Matt KERR (Lab),Alistair WATSON (Lab),Gordon MACDIARMID (Glasgow First),Ian RUFFELL (Grn),skipped,skipped,skipped,skipped,4,10
1338,Iris GIBSON (SNP),Jim TORRANCE (SNP),Matt KERR (Lab),Alistair WATSON (Lab),Gordon MACDIARMID (Glasgow First),Ian RUFFELL (Grn),Janice MACKAY (UKIP),Isabel NELSON (LD),Jayne Ann MORGAN (Con),Gail SHERIDAN (Sol),4,10
1339,Iris GIBSON (SNP),Jim TORRANCE (SNP),Matt KERR (Lab),Alistair WATSON (Lab),Gordon MACDIARMID (Glasgow First),Ian RUFFELL (Grn),Janice MACKAY (UKIP),Isabel NELSON (LD),Jayne Ann MORGAN (Con),Gail SHERIDAN (Sol),4,10
1340,Iris GIBSON (SNP),Jim TORRANCE (SNP),Matt KERR (Lab),Alistair WATSON (Lab),Gordon MACDIARMID (Glasgow First),Ian RUFFELL (Grn),Gail SHERIDAN (Sol),skipped,skipped,skipped,4,10
1341,Iris GIBSON (SNP),Jim TORRANCE (SNP),Matt KERR (Lab),Alistair WATSON (Lab),Gordon MACDIARMID (Glasgow First),Ian RUFFELL (Grn),Gail SHERIDAN (Sol),Isabel NELSON (LD),Jayne Ann MORGAN (Con),Janice MACKAY (UKIP),4,10
1342,Iris GIBSON (SNP),Jim TORRANCE (SNP),Matt KERR (Lab),Alistair WATSON (Lab),Jayne Ann MORGAN (Con),Isabel NELSON (LD),skipped,skipped,skipped,skipped,4,10
1343,Iris GIBSON (SNP),Jim TORRANCE (SNP),Matt KERR (Lab),Alistair WATSON (Lab),Isabel NELSON (LD),Gordon MACDIARMID (Glasgow First),Janice MACKAY (UKIP),Jayne Ann MORGAN (Con),Ian RUFFELL (Grn),Gail SHERIDAN (Sol),4,10
1344,Iris GIBSON (SNP),Jim TORRANCE (SNP),Matt KERR (Lab),Alistair WATSON (Lab),Isabel NELSON (LD),Jayne Ann MORGAN (Con),Gordon MACDIARMID (Glasgow First),Ian RUFFELL (Grn),Janice MACKAY (UKIP),Gail SHERIDAN (Sol),4,10
1345,Iris GIBSON (SNP),Jim TORRANCE (SNP),Matt KERR (Lab),Alistair WATSON (Lab),Isabel NELSON (LD),Jayne Ann MORGAN (Con),Ian RUFFELL (Grn),Gordon MACDIARMID (Glasgow First),Janice MACKAY (UKIP),Gail SHERIDAN (Sol),4,10
1346,Iris GIBSON (SNP),Jim TORRANCE (SNP),Matt KERR (Lab),Alistair WATSON (Lab),Isabel NELSON (LD),Ian RUFFELL (Grn),Jayne Ann MORGAN (Con),Gail SHERIDAN (Sol),Janice MACKAY (UKIP),Gordon MACDIARMID (Glasgow First),4,10
1347,Iris GIBSON (SNP),Jim TORRANCE (SNP),Matt KERR (Lab),Alistair WATSON (Lab),Isabel NELSON (LD),Ian RUFFELL (Grn),Jayne Ann MORGAN (Con),Gail SHERIDAN (Sol),Janice MACKAY (UKIP),Gordon MACDIARMID (Glasgow First),4,10
1348,Iris GIBSON (SNP),Jim TORRANCE (SNP),Matt KERR (Lab),Alistair WATSON (Lab),Ian RUFFELL (Grn),skipped,skipped,skipped,skipped,skipped,4,10
1349,Iris GIBSON (SNP),Jim TORRANCE (SNP),Matt KERR (Lab),Alistair WATSON (Lab),Ian RUFFELL (Grn),skipped,skipped,skipped,skipped,skipped,4,10
1350,Iris GIBSON (SNP),Jim TORRANCE (SNP),Matt KERR (Lab),Alistair WATSON (Lab),Ian RUFFELL (Grn),skipped,skipped,skipped,skipped,skipped,4,10
1351,Iris GIBSON (SNP),Jim TORRANCE (SNP),Matt KERR (Lab),Alistair WATSON (Lab),Ian RUFFELL (Grn),Gordon MACDIARMID (Glasgow First),skipped,skipped,skipped,skipped,4,10
1352,Iris GIBSON (SNP),Jim TORRANCE (SNP),Matt KERR (Lab),Alistair WATSON (Lab),Ian RUFFELL (Grn),Gordon MACDIARMID (Glasgow First),Janice MACKAY (UKIP),Gail SHERIDAN (Sol),Jayne Ann MORGAN (Con),Isabel NELSON (LD),4,10
1353,Iris GIBSON (SNP),Jim TORRANCE (SNP),Matt KERR (Lab),Alistair WATSON (Lab),Ian RUFFELL (Grn),Jayne Ann MORGAN (Con),Isabel NELSON (LD),Gail SHERIDAN (Sol),Janice MACKAY (UKIP),Gordon MACDIARMID (Glasgow First),4,10
1354,Iris GIBSON (SNP),Jim TORRANCE (SNP),Matt KERR (Lab),Alistair WATSON (Lab),Ian RUFFELL (Grn),Isabel NELSON (LD),skipped,skipped,skipped,skipped,4,10
1355,Iris GIBSON (SNP),Jim TORRANCE (SNP),Matt KERR (Lab),Alistair WATSON (Lab),Ian RUFFELL (Grn),Isabel NELSON (LD),Janice MACKAY (UKIP),Gordon MACDIARMID (Glasgow First),Gail SHERIDAN (Sol),skipped,4,10
1356,Iris GIBSON (SNP),Jim TORRANCE (SNP),Matt KERR (Lab),Alistair WATSON (Lab),Ian RUFFELL (Grn),Gail SHERIDAN (Sol),Gordon MACDIARMID (Glasgow First),Janice MACKAY (UKIP),Isabel NELSON (LD),Jayne Ann MORGAN (Con),4,10
1357,Iris GIBSON (SNP),Jim TORRANCE (SNP),Matt KERR (Lab),Alistair WATSON (Lab),Ian RUFFELL (Grn),Gail SHERIDAN (Sol),Gordon MACDIARMID (Glasgow First),Isabel NELSON (LD),Janice MACKAY (UKIP),Jayne Ann MORGAN (Con),4,10
1358,Iris GIBSON (SNP),Jim TORRANCE (SNP),Matt KERR (Lab),Alistair WATSON (Lab),Gail SHERIDAN (Sol),skipped,skipped,skipped,skipped,skipped,4,10
1359,Iris GIBSON (SNP),Jim TORRANCE (SNP),Matt KERR (Lab),Alistair WATSON (Lab),Gail SHERIDAN (Sol),skipped,skipped,skipped,skipped,skipped,4,10
1360,Iris GIBSON (SNP),Jim TORRANCE (SNP),Matt KERR (Lab),Alistair WATSON (Lab),Gail SHERIDAN (Sol),skipped,skipped,skipped,skipped,skipped,4,10
1361,Iris GIBSON (SNP),Jim TORRANCE (SNP),Matt KERR (Lab),Alistair WATSON (Lab),Gail SHERIDAN (Sol),Gordon MACDIARMID (Glasgow First),Janice MACKAY (UKIP),Ian RUFFELL (Grn),Isabel NELSON (LD),Jayne Ann MORGAN (Con),4,10
1362,Iris GIBSON (SNP),Jim TORRANCE (SNP),Matt KERR (Lab),Alistair WATSON (Lab),Gail SHERIDAN (Sol),Gordon MACDIARMID (Glasgow First),Janice MACKAY (UKIP),Ian RUFFELL (Grn),Isabel NELSON (LD),Jayne Ann MORGAN (Con),4,10
1363,Iris GIBSON (SNP),Jim TORRANCE (SNP),Matt KERR (Lab),Alistair WATSON (Lab),Gail SHERIDAN (Sol),Ian RUFFELL (Grn),skipped,skipped,skipped,skipped,4,10
1364,Iris GIBSON (SNP),Jim TORRANCE (SNP),Matt KERR (Lab),Alistair WATSON (Lab),Gail SHERIDAN (Sol),Ian RUFFELL (Grn),Gordon MACDIARMID (Glasgow First),Janice MACKAY (UKIP),Isabel NELSON (LD),Jayne Ann MORGAN (Con),4,10
1365,Iris GIBSON (SNP),Jim TORRANCE (SNP),Matt KERR (Lab),Alistair WATSON (Lab),Gail SHERIDAN (Sol),Ian RUFFELL (Grn),Janice MACKAY (UKIP),Gordon MACDIARMID (Glasgow First),Isabel NELSON (LD),Jayne Ann MORGAN (Con),4,10
1366,Iris GIBSON (SNP),Jim TORRANCE (SNP),Matt KERR (Lab),Gordon MACDIARMID (Glasgow First),Alistair WATSON (Lab),skipped,skipped,skipped,skipped,skipped,4,10
1367,Iris GIBSON (SNP),Jim TORRANCE (SNP),Matt KERR (Lab),Gordon MACDIARMID (Glasgow First),Janice MACKAY (UKIP),Alistair WATSON (Lab),Gail SHERIDAN (Sol),Ian RUFFELL (Grn),Isabel NELSON (LD),Jayne Ann MORGAN (Con),4,10
1368,Iris GIBSON (SNP),Jim TORRANCE (SNP),Matt KERR (Lab),Gordon MACDIARMID (Glasgow First),Ian RUFFELL (Grn),Alistair WATSON (Lab),Isabel NELSON (LD),Jayne Ann MORGAN (Con),Janice MACKAY (UKIP),Gail SHERIDAN (Sol),4,10
1369,Iris GIBSON (SNP),Jim TORRANCE (SNP),Matt KERR (Lab),Janice MACKAY (UKIP),skipped,skipped,skipped,skipped,skipped,skipped,4,10
1370,Iris GIBSON (SNP),Jim TORRANCE (SNP),Matt KERR (Lab),Isabel NELSON (LD),skipped,skipped,skipped,skipped,skipped,skipped,4,10
1371,Iris GIBSON (SNP),Jim TORRANCE (SNP),Matt KERR (Lab),Isabel NELSON (LD),skipped,skipped,skipped,skipped,skipped,skipped,4,10
1372,Iris GIBSON (SNP),Jim TORRANCE (SNP),Matt KERR (Lab),Isabel NELSON (LD),skipped,skipped,skipped,skipped,skipped,skipped,4,10
1373,Iris GIBSON (SNP),Jim TORRANCE (SNP),Matt KERR (Lab),Isabel NELSON (LD),Ian RUFFELL (Grn),skipped,skipped,skipped,skipped,skipped,4,10
1374,Iris GIBSON (SNP),Jim TORRANCE (SNP),Matt KERR (Lab),Isabel NELSON (LD),Ian RUFFELL (Grn),skipped,skipped,skipped,skipped,skipped,4,10
1375,Iris GIBSON (SNP),Jim TORRANCE (SNP),Matt KERR (Lab),Isabel NELSON (LD),Gail SHERIDAN (Sol),Gordon MACDIARMID (Glasgow First),Ian RUFFELL (Grn),Alistair WATSON (Lab),Jayne Ann MORGAN (Con),Janice MACKAY (UKIP),4,10
1376,Iris GIBSON (SNP),Jim TORRANCE (SNP),Matt KERR (Lab),Ian RUFFELL (Grn),skipped,skipped,skipped,skipped,skipped,skipped,4,10
1377,Iris GIBSON (SNP),Jim TORRANCE (SNP),Matt KERR (Lab),Ian RUFFELL (Grn),skipped,skipped,skipped,skipped,skipped,skipped,4,10
1378,Iris GIBSON (SNP),Jim TORRANCE (SNP),Matt KERR (Lab),Ian RUFFELL (Grn),skipped,skipped,skipped,skipped,skipped,skipped,4,10
1379,Iris GIBSON (SNP),Jim TORRANCE (SNP),Matt KERR (Lab),Ian RUFFELL (Grn),skipped,skipped,skipped,skipped,skipped,skipped,4,10
1380,Iris GIBSON (SNP),Jim TORRANCE (SNP),Matt KERR (Lab),Ian RUFFELL (Grn),Isabel NELSON (LD),skipped,skipped,skipped,skipped,skipped,4,10
1381,Iris GIBSON (SNP),Jim TORRANCE (SNP),Matt KERR (Lab),Ian RUFFELL (Grn),Gail SHERIDAN (Sol),skipped,skipped,skipped,skipped,skipped,4,10
1382,Iris GIBSON (SNP),Jim TORRANCE (SNP),Matt KERR (Lab),Ian RUFFELL (Grn),Gail SHERIDAN (Sol),Alistair WATSON (Lab),Gordon MACDIARMID (Glasgow First),Janice MACKAY (UKIP),Isabel NELSON (LD),Jayne Ann MORGAN (Con),4,10
1383,Iris GIBSON (SNP),Jim TORRANCE (SNP),Matt KERR (Lab),Gail SHERIDAN (Sol),skipped,skipped,skipped,skipped,skipped,skipped,4,10
1384,Iris GIBSON (SNP),Jim TORRANCE (SNP),Matt KERR (Lab),Gail SHERIDAN (Sol),skipped,skipped,skipped,skipped,skipped,skipped,4,10
1385,Iris GIBSON (SNP),Jim TORRANCE (SNP),Matt KERR (Lab),Gail SHERIDAN (Sol),skipped,skipped,skipped,skipped,skipped,skipped,4,10
1386,Iris GIBSON (SNP),Jim TORRANCE (SNP),Matt KERR (Lab),Gail SHERIDAN (Sol),skipped,skipped,skipped,skipped,skipped,skipped,4,10
1387,Iris GIBSON (SNP),Jim TORRANCE (SNP),Matt KERR (Lab),Gail SHERIDAN (Sol),Alistair WATSON (Lab),skipped,skipped,skipped,skipped,skipped,4,10
1388,Iris GIBSON (SNP),Jim TORRANCE (SNP),Matt KERR (Lab),Gail SHERIDAN (Sol),Alistair WATSON (Lab),skipped,skipped,skipped,skipped,skipped,4,10
1389,Iris GIBSON (SNP),Jim TORRANCE (SNP),Gordon MACDIARMID (Glasgow First),skipped,skipped,skipped,skipped,skipped,skipped,skipped,4,10
1390,Iris GIBSON (SNP),Jim TORRANCE (SNP),Gordon MACDIARMID (Glasgow First),skipped,skipped,skipped,skipped,skipped,skipped,skipped,4,10
1391,Iris GIBSON (SNP),Jim TORRANCE (SNP),Gordon MACDIARMID (Glasgow First),skipped,skipped,skipped,skipped,skipped,skipped,skipped,4,10
1392,Iris GIBSON (SNP),Jim TORRANCE (SNP),Gordon MACDIARMID (Glasgow First),skipped,skipped,skipped,skipped,skipped,skipped,skipped,4,10
1393,Iris GIBSON (SNP),Jim TORRANCE (SNP),Gordon MACDIARMID (Glasgow First),skipped,skipped,skipped,skipped,skipped,skipped,skipped,4,10
1394,Iris GIBSON (SNP),Jim TORRANCE (SNP),Gordon MACDIARMID (Glasgow First),skipped,skipped,skipped,skipped,skipped,skipped,skipped,4,10
1395,Iris GIBSON (SNP),Jim TORRANCE (SNP),Gordon MACDIARMID (Glasgow First),skipped,skipped,skipped,skipped,skipped,skipped,skipped,4,10
1396,Iris GIBSON (SNP),Jim TORRANCE (SNP),Gordon MACDIARMID (Glasgow First),skipped,skipped,skipped,skipped,skipped,skipped,skipped,4,10
1397,Iris GIBSON (SNP),Jim TORRANCE (SNP),Gordon MACDIARMID (Glasgow First),skipped,skipped,skipped,skipped,skipped,skipped,skipped,4,10
1398,Iris GIBSON (SNP),Jim TORRANCE (SNP),Gordon MACDIARMID (Glasgow First),skipped,skipped,skipped,skipped,skipped,skipped,skipped,4,10
1399,Iris GIBSON (SNP),Jim TORRANCE (SNP),Gordon MACDIARMID (Glasgow First),skipped,skipped,skipped,skipped,skipped,skipped,skipped,4,10
1400,Iris GIBSON (SNP),Jim TORRANCE (SNP),Gordon MACDIARMID (Glasgow First),skipped,skipped,skipped,skipped,skipped,skipped,skipped,4,10
1401,Iris GIBSON (SNP),Jim TORRANCE (SNP),Gordon MACDIARMID (Glasgow First),skipped,skipped,skipped,skipped,skipped,skipped,skipped,4,10
1402,Iris GIBSON (SNP),Jim TORRANCE (SNP),Gordon MACDIARMID (Glasgow First),skipped,skipped,skipped,skipped,skipped,skipped,skipped,4,10
1403,Iris GIBSON (SNP),Jim TORRANCE (SNP),Gordon MACDIARMID (Glasgow First),skipped,skipped,skipped,skipped,skipped,skipped,skipped,4,10
1404,Iris GIBSON (SNP),Jim TORRANCE (SNP),Gordon MACDIARMID (Glasgow First),skipped,skipped,skipped,skipped,skipped,skipped,skipped,4,10
1405,Iris GIBSON (SNP),Jim TORRANCE (SNP),Gordon MACDIARMID (Glasgow First),skipped,skipped,skipped,skipped,skipped,skipped,skipped,4,10
1406,Iris GIBSON (SNP),Jim TORRANCE (SNP),Gordon MACDIARMID (Glasgow First),skipped,skipped,skipped,skipped,skipped,skipped,skipped,4,10
1407,Iris GIBSON (SNP),Jim TORRANCE (SNP),Gordon MACDIARMID (Glasgow First),skipped,skipped,skipped,skipped,skipped,skipped,skipped,4,10
1408,Iris GIBSON (SNP),Jim TORRANCE (SNP),Gordon MACDIARMID (Glasgow First),skipped,skipped,skipped,skipped,skipped,skipped,skipped,4,10
1409,Iris GIBSON (SNP),Jim TORRANCE (SNP),Gordon MACDIARMID (Glasgow First),skipped,skipped,skipped,skipped,skipped,skipped,skipped,4,10
1410,Iris GIBSON (SNP),Jim TORRANCE (SNP),Gordon MACDIARMID (Glasgow First),skipped,skipped,skipped,skipped,skipped,skipped,skipped,4,10
1411,Iris GIBSON (SNP),Jim TORRANCE (SNP),Gordon MACDIARMID (Glasgow First),skipped,skipped,skipped,skipped,skipped,skipped,skipped,4,10
1412,Iris GIBSON (SNP),Jim TORRANCE (SNP),Gordon MACDIARMID (Glasgow First),skipped,skipped,skipped,skipped,skipped,skipped,skipped,4,10
1413,Iris GIBSON (SNP),Jim TORRANCE (SNP),Gordon MACDIARMID (Glasgow First),skipped,skipped,skipped,skipped,skipped,skipped,skipped,4,10
1414,Iris GIBSON (SNP),Jim TORRANCE (SNP),Gordon MACDIARMID (Glasgow First),skipped,skipped,skipped,skipped,skipped,skipped,skipped,4,10
1415,Iris GIBSON (SNP),Jim TORRANCE (SNP),Gordon MACDIARMID (Glasgow First),skipped,skipped,skipped,skipped,skipped,skipped,skipped,4,10
1416,Iris GIBSON (SNP),Jim TORRANCE (SNP),Gordon MACDIARMID (Glasgow First),skipped,skipped,skipped,skipped,skipped,skipped,skipped,4,10
1417,Iris GIBSON (SNP),Jim TORRANCE (SNP),Gordon MACDIARMID (Glasgow First),skipped,skipped,skipped,skipped,skipped,skipped,skipped,4,10
1418,Iris GIBSON (SNP),Jim TORRANCE (SNP),Gordon MACDIARMID (Glasgow First),skipped,skipped,skipped,skipped,skipped,skipped,skipped,4,10
1419,Iris GIBSON (SNP),Jim TORRANCE (SNP),Gordon MACDIARMID (Glasgow First),skipped,skipped,skipped,skipped,skipped,skipped,skipped,4,10
1420,Iris GIBSON (SNP),Jim TORRANCE (SNP),Gordon MACDIARMID (Glasgow First),skipped,skipped,skipped,skipped,skipped,skipped,skipped,4,10
1421,Iris GIBSON (SNP),Jim TORRANCE (SNP),Gordon MACDIARMID (Glasgow First),skipped,skipped,skipped,skipped,skipped,skipped,skipped,4,10
1422,Iris GIBSON (SNP),Jim TORRANCE (SNP),Gordon MACDIARMID (Glasgow First),skipped,skipped,skipped,skipped,skipped,skipped,skipped,4,10
1423,Iris GIBSON (SNP),Jim TORRANCE (SNP),Gordon MACDIARMID (Glasgow First),skipped,skipped,skipped,skipped,skipped,skipped,skipped,4,10
1424,Iris GIBSON (SNP),Jim TORRANCE (SNP),Gordon MACDIARMID (Glasgow First),skipped,skipped,skipped,skipped,skipped,skipped,skipped,4,10
1425,Iris GIBSON (SNP),Jim TORRANCE (SNP),Gordon MACDIARMID (Glasgow First),skipped,skipped,skipped,skipped,skipped,skipped,skipped,4,10
1426,Iris GIBSON (SNP),Jim TORRANCE (SNP),Gordon MACDIARMID (Glasgow First),skipped,skipped,skipped,skipped,skipped,skipped,skipped,4,10
1427,Iris GIBSON (SNP),Jim TORRANCE (SNP),Gordon MACDIARMID (Glasgow First),skipped,skipped,skipped,skipped,skipped,skipped,skipped,4,10
1428,Iris GIBSON (SNP),Jim TORRANCE (SNP),Gordon MACDIARMID (Glasgow First),skipped,skipped,skipped,skipped,skipped,skipped,skipped,4,10
1429,Iris GIBSON (SNP),Jim TORRANCE (SNP),Gordon MACDIARMID (Glasgow First),skipped,skipped,skipped,skipped,skipped,skipped,skipped,4,10
1430,Iris GIBSON (SNP),Jim TORRANCE (SNP),Gordon MACDIARMID (Glasgow First),skipped,skipped,skipped,skipped,skipped,skipped,skipped,4,10
1431,Iris GIBSON (SNP),Jim TORRANCE (SNP),Gordon MACDIARMID (Glasgow First),Alistair WATSON (Lab),Matt KERR (Lab),skipped,skipped,skipped,skipped,skipped,4,10
1432,Iris GIBSON (SNP),Jim TORRANCE (SNP),Gordon MACDIARMID (Glasgow First),Matt KERR (Lab),skipped,skipped,skipped,skipped,skipped,skipped,4,10
1433,Iris GIBSON (SNP),Jim TORRANCE (SNP),Gordon MACDIARMID (Glasgow First),Matt KERR (Lab),skipped,skipped,skipped,skipped,skipped,skipped,4,10
1434,Iris GIBSON (SNP),Jim TORRANCE (SNP),Gordon MACDIARMID (Glasgow First),Matt KERR (Lab),Alistair WATSON (Lab),Gail SHERIDAN (Sol),Ian RUFFELL (Grn),Isabel NELSON (LD),Janice MACKAY (UKIP),Jayne Ann MORGAN (Con),4,10
1435,Iris GIBSON (SNP),Jim TORRANCE (SNP),Gordon MACDIARMID (Glasgow First),Matt KERR (Lab),Ian RUFFELL (Grn),Alistair WATSON (Lab),Isabel NELSON (LD),Janice MACKAY (UKIP),Jayne Ann MORGAN (Con),Gail SHERIDAN (Sol),4,10
1436,Iris GIBSON (SNP),Jim TORRANCE (SNP),Gordon MACDIARMID (Glasgow First),Janice MACKAY (UKIP),skipped,skipped,skipped,skipped,skipped,skipped,4,10
1437,Iris GIBSON (SNP),Jim TORRANCE (SNP),Gordon MACDIARMID (Glasgow First),Janice MACKAY (UKIP),skipped,skipped,skipped,skipped,skipped,skipped,4,10
1438,Iris GIBSON (SNP),Jim TORRANCE (SNP),Gordon MACDIARMID (Glasgow First),Janice MACKAY (UKIP),skipped,skipped,skipped,skipped,skipped,skipped,4,10
1439,Iris GIBSON (SNP),Jim TORRANCE (SNP),Gordon MACDIARMID (Glasgow First),Janice MACKAY (UKIP),Ian RUFFELL (Grn),Jayne Ann MORGAN (Con),Isabel NELSON (LD),Gail SHERIDAN (Sol),Matt KERR (Lab),Alistair WATSON (Lab),4,10
1440,Iris GIBSON (SNP),Jim TORRANCE (SNP),Gordon MACDIARMID (Glasgow First),Jayne Ann MORGAN (Con),skipped,skipped,skipped,skipped,skipped,skipped,4,10
1441,Iris GIBSON (SNP),Jim TORRANCE (SNP),Gordon MACDIARMID (Glasgow First),Jayne Ann MORGAN (Con),skipped,skipped,skipped,skipped,skipped,skipped,4,10
1442,Iris GIBSON (SNP),Jim TORRANCE (SNP),Gordon MACDIARMID (Glasgow First),Isabel NELSON (LD),skipped,skipped,skipped,skipped,skipped,skipped,4,10
1443,Iris GIBSON (SNP),Jim TORRANCE (SNP),Gordon MACDIARMID (Glasgow First),Isabel NELSON (LD),Ian RUFFELL (Grn),skipped,skipped,skipped,skipped,skipped,4,10
1444,Iris GIBSON (SNP),Jim TORRANCE (SNP),Gordon MACDIARMID (Glasgow First),Ian RUFFELL (Grn),skipped,skipped,skipped,skipped,skipped,skipped,4,10
1445,Iris GIBSON (SNP),Jim TORRANCE (SNP),Gordon MACDIARMID (Glasgow First),Ian RUFFELL (Grn),skipped,skipped,skipped,skipped,skipped,skipped,4,10
1446,Iris GIBSON (SNP),Jim TORRANCE (SNP),Gordon MACDIARMID (Glasgow First),Ian RUFFELL (Grn),skipped,skipped,skipped,skipped,skipped,skipped,4,10
1447,Iris GIBSON (SNP),Jim TORRANCE (SNP),Gordon MACDIARMID (Glasgow First),Ian RUFFELL (Grn),skipped,skipped,skipped,skipped,skipped,skipped,4,10
1448,Iris GIBSON (SNP),Jim TORRANCE (SNP),Gordon MACDIARMID (Glasgow First),Ian RUFFELL (Grn),Matt KERR (Lab),Alistair WATSON (Lab),skipped,skipped,skipped,skipped,4,10
1449,Iris GIBSON (SNP),Jim TORRANCE (SNP),Gordon MACDIARMID (Glasgow First),Ian RUFFELL (Grn),Janice MACKAY (UKIP),skipped,skipped,skipped,skipped,skipped,4,10
1450,Iris GIBSON (SNP),Jim TORRANCE (SNP),Gordon MACDIARMID (Glasgow First),Ian RUFFELL (Grn),Janice MACKAY (UKIP),skipped,skipped,skipped,skipped,skipped,4,10
1451,Iris GIBSON (SNP),Jim TORRANCE (SNP),Gordon MACDIARMID (Glasgow First),Ian RUFFELL (Grn),Janice MACKAY (UKIP),Gail SHERIDAN (Sol),Alistair WATSON (Lab),Matt KERR (Lab),Isabel NELSON (LD),Jayne Ann MORGAN (Con),4,10
1452,Iris GIBSON (SNP),Jim TORRANCE (SNP),Gordon MACDIARMID (Glasgow First),Ian RUFFELL (Grn),Jayne Ann MORGAN (Con),skipped,skipped,skipped,skipped,skipped,4,10
1453,Iris GIBSON (SNP),Jim TORRANCE (SNP),Gordon MACDIARMID (Glasgow First),Ian RUFFELL (Grn),Isabel NELSON (LD),skipped,skipped,skipped,skipped,skipped,4,10
1454,Iris GIBSON (SNP),Jim TORRANCE (SNP),Gordon MACDIARMID (Glasgow First),Ian RUFFELL (Grn),Isabel NELSON (LD),Matt KERR (Lab),Janice MACKAY (UKIP),Alistair WATSON (Lab),Jayne Ann MORGAN (Con),Gail SHERIDAN (Sol),4,10
1455,Iris GIBSON (SNP),Jim TORRANCE (SNP),Gordon MACDIARMID (Glasgow First),Ian RUFFELL (Grn),Isabel NELSON (LD),Janice MACKAY (UKIP),Alistair WATSON (Lab),Matt KERR (Lab),skipped,skipped,4,10
1456,Iris GIBSON (SNP),Jim TORRANCE (SNP),Gordon MACDIARMID (Glasgow First),Ian RUFFELL (Grn),Gail SHERIDAN (Sol),skipped,skipped,skipped,skipped,skipped,4,10
1457,Iris GIBSON (SNP),Jim TORRANCE (SNP),Gordon MACDIARMID (Glasgow First),Gail SHERIDAN (Sol),skipped,skipped,skipped,skipped,skipped,skipped,4,10
1458,Iris GIBSON (SNP),Jim TORRANCE (SNP),Gordon MACDIARMID (Glasgow First),Gail SHERIDAN (Sol),skipped,skipped,skipped,skipped,skipped,skipped,4,10
1459,Iris GIBSON (SNP),Jim TORRANCE (SNP),Gordon MACDIARMID (Glasgow First),Gail SHERIDAN (Sol),skipped,skipped,skipped,skipped,skipped,skipped,4,10
1460,Iris GIBSON (SNP),Jim TORRANCE (SNP),Gordon MACDIARMID (Glasgow First),Gail SHERIDAN (Sol),skipped,skipped,skipped,skipped,skipped,skipped,4,10
1461,Iris GIBSON (SNP),Jim TORRANCE (SNP),Gordon MACDIARMID (Glasgow First),Gail SHERIDAN (Sol),skipped,skipped,skipped,skipped,skipped,skipped,4,10
1462,Iris GIBSON (SNP),Jim TORRANCE (SNP),Gordon MACDIARMID (Glasgow First),Gail SHERIDAN (Sol),skipped,skipped,skipped,skipped,skipped,skipped,4,10
1463,Iris GIBSON (SNP),Jim TORRANCE (SNP),Janice MACKAY (UKIP),skipped,skipped,skipped,skipped,skipped,skipped,skipped,4,10
1464,Iris GIBSON (SNP),Jim TORRANCE (SNP),Janice MACKAY (UKIP),skipped,skipped,skipped,skipped,skipped,skipped,skipped,4,10
1465,Iris GIBSON (SNP),Jim TORRANCE (SNP),Janice MACKAY (UKIP),skipped,skipped,skipped,skipped,skipped,skipped,skipped,4,10
1466,Iris GIBSON (SNP),Jim TORRANCE (SNP),Janice MACKAY (UKIP),skipped,skipped,skipped,skipped,skipped,skipped,skipped,4,10
1467,Iris GIBSON (SNP),Jim TORRANCE (SNP),Janice MACKAY (UKIP),skipped,skipped,skipped,skipped,skipped,skipped,skipped,4,10
1468,Iris GIBSON (SNP),Jim TORRANCE (SNP),Janice MACKAY (UKIP),skipped,skipped,skipped,skipped,skipped,skipped,skipped,4,10
1469,Iris GIBSON (SNP),Jim TORRANCE (SNP),Janice MACKAY (UKIP),skipped,skipped,skipped,skipped,skipped,skipped,skipped,4,10
1470,Iris GIBSON (SNP),Jim TORRANCE (SNP),Janice MACKAY (UKIP),skipped,skipped,skipped,skipped,skipped,skipped,skipped,4,10
1471,Iris GIBSON (SNP),Jim TORRANCE (SNP),Janice MACKAY (UKIP),skipped,skipped,skipped,skipped,skipped,skipped,skipped,4,10
1472,Iris GIBSON (SNP),Jim TORRANCE (SNP),Janice MACKAY (UKIP),skipped,skipped,skipped,skipped,skipped,skipped,skipped,4,10
1473,Iris GIBSON (SNP),Jim TORRANCE (SNP),Janice MACKAY (UKIP),skipped,skipped,skipped,skipped,skipped,skipped,skipped,4,10
1474,Iris GIBSON (SNP),Jim TORRANCE (SNP),Janice MACKAY (UKIP),skipped,skipped,skipped,skipped,skipped,skipped,skipped,4,10
1475,Iris GIBSON (SNP),Jim TORRANCE (SNP),Janice MACKAY (UKIP),skipped,skipped,skipped,skipped,skipped,skipped,skipped,4,10
1476,Iris GIBSON (SNP),Jim TORRANCE (SNP),Janice MACKAY (UKIP),skipped,skipped,skipped,skipped,skipped,skipped,skipped,4,10
1477,Iris GIBSON (SNP),Jim TORRANCE (SNP),Janice MACKAY (UKIP),skipped,skipped,skipped,skipped,skipped,skipped,skipped,4,10
1478,Iris GIBSON (SNP),Jim TORRANCE (SNP),Janice MACKAY (UKIP),skipped,skipped,skipped,skipped,skipped,skipped,skipped,4,10
1479,Iris GIBSON (SNP),Jim TORRANCE (SNP),Janice MACKAY (UKIP),skipped,skipped,skipped,skipped,skipped,skipped,skipped,4,10
1480,Iris GIBSON (SNP),Jim TORRANCE (SNP),Janice MACKAY (UKIP),skipped,skipped,skipped,skipped,skipped,skipped,skipped,4,10
1481,Iris GIBSON (SNP),Jim TORRANCE (SNP),Janice MACKAY (UKIP),skipped,skipped,skipped,skipped,skipped,skipped,skipped,4,10
1482,Iris GIBSON (SNP),Jim TORRANCE (SNP),Janice MACKAY (UKIP),skipped,skipped,skipped,skipped,skipped,skipped,skipped,4,10
1483,Iris GIBSON (SNP),Jim TORRANCE (SNP),Janice MACKAY (UKIP),skipped,skipped,skipped,skipped,skipped,skipped,skipped,4,10
1484,Iris GIBSON (SNP),Jim TORRANCE (SNP),Janice MACKAY (UKIP),skipped,skipped,skipped,skipped,skipped,skipped,skipped,4,10
1485,Iris GIBSON (SNP),Jim TORRANCE (SNP),Janice MACKAY (UKIP),skipped,skipped,skipped,skipped,skipped,skipped,skipped,4,10
1486,Iris GIBSON (SNP),Jim TORRANCE (SNP),Janice MACKAY (UKIP),skipped,skipped,skipped,skipped,skipped,skipped,skipped,4,10
1487,Iris GIBSON (SNP),Jim TORRANCE (SNP),Janice MACKAY (UKIP),skipped,skipped,skipped,skipped,skipped,skipped,skipped,4,10
1488,Iris GIBSON (SNP),Jim TORRANCE (SNP),Janice MACKAY (UKIP),skipped,skipped,skipped,skipped,skipped,skipped,skipped,4,10
1489,Iris GIBSON (SNP),Jim TORRANCE (SNP),Janice MACKAY (UKIP),skipped,skipped,skipped,skipped,skipped,skipped,skipped,4,10
1490,Iris GIBSON (SNP),Jim TORRANCE (SNP),Janice MACKAY (UKIP),skipped,skipped,skipped,skipped,skipped,skipped,skipped,4,10
1491,Iris GIBSON (SNP),Jim TORRANCE (SNP),Janice MACKAY (UKIP),skipped,skipped,skipped,skipped,skipped,skipped,skipped,4,10
1492,Iris GIBSON (SNP),Jim TORRANCE (SNP),Janice MACKAY (UKIP),skipped,skipped,skipped,skipped,skipped,skipped,skipped,4,10
1493,Iris GIBSON (SNP),Jim TORRANCE (SNP),Janice MACKAY (UKIP),skipped,skipped,skipped,skipped,skipped,skipped,skipped,4,10
1494,Iris GIBSON (SNP),Jim TORRANCE (SNP),Janice MACKAY (UKIP),Alistair WATSON (Lab),skipped,skipped,skipped,skipped,skipped,skipped,4,10
1495,Iris GIBSON (SNP),Jim TORRANCE (SNP),Janice MACKAY (UKIP),Gordon MACDIARMID (Glasgow First),skipped,skipped,skipped,skipped,skipped,skipped,4,10
1496,Iris GIBSON (SNP),Jim TORRANCE (SNP),Janice MACKAY (UKIP),Gordon MACDIARMID (Glasgow First),Matt KERR (Lab),Ian RUFFELL (Grn),Gail SHERIDAN (Sol),Alistair WATSON (Lab),Isabel NELSON (LD),Jayne Ann MORGAN (Con),4,10
1497,Iris GIBSON (SNP),Jim TORRANCE (SNP),Janice MACKAY (UKIP),Gordon MACDIARMID (Glasgow First),Jayne Ann MORGAN (Con),Isabel NELSON (LD),Ian RUFFELL (Grn),Gail SHERIDAN (Sol),Matt KERR (Lab),Alistair WATSON (Lab),4,10
1498,Iris GIBSON (SNP),Jim TORRANCE (SNP),Janice MACKAY (UKIP),Jayne Ann MORGAN (Con),Ian RUFFELL (Grn),Alistair WATSON (Lab),Matt KERR (Lab),Gail SHERIDAN (Sol),Isabel NELSON (LD),Gordon MACDIARMID (Glasgow First),4,10
1499,Iris GIBSON (SNP),Jim TORRANCE (SNP),Janice MACKAY (UKIP),Isabel NELSON (LD),Ian RUFFELL (Grn),skipped,skipped,skipped,skipped,skipped,4,10
1500,Iris GIBSON (SNP),Jim TORRANCE (SNP),Janice MACKAY (UKIP),Ian RUFFELL (Grn),Gail SHERIDAN (Sol),Gordon MACDIARMID (Glasgow First),skipped,skipped,skipped,skipped,4,10
1501,Iris GIBSON (SNP),Jim TORRANCE (SNP),Jayne Ann MORGAN (Con),skipped,skipped,skipped,skipped,skipped,skipped,skipped,4,10
1502,Iris GIBSON (SNP),Jim TORRANCE (SNP),Jayne Ann MORGAN (Con),skipped,skipped,skipped,skipped,skipped,skipped,skipped,4,10
1503,Iris GIBSON (SNP),Jim TORRANCE (SNP),Jayne Ann MORGAN (Con),skipped,skipped,skipped,skipped,skipped,skipped,skipped,4,10
1504,Iris GIBSON (SNP),Jim TORRANCE (SNP),Jayne Ann MORGAN (Con),skipped,skipped,skipped,skipped,skipped,skipped,skipped,4,10
1505,Iris GIBSON (SNP),Jim TORRANCE (SNP),Jayne Ann MORGAN (Con),skipped,skipped,skipped,skipped,skipped,skipped,skipped,4,10
1506,Iris GIBSON (SNP),Jim TORRANCE (SNP),Jayne Ann MORGAN (Con),skipped,skipped,skipped,skipped,skipped,skipped,skipped,4,10
1507,Iris GIBSON (SNP),Jim TORRANCE (SNP),Jayne Ann MORGAN (Con),skipped,skipped,skipped,skipped,skipped,skipped,skipped,4,10
1508,Iris GIBSON (SNP),Jim TORRANCE (SNP),Jayne Ann MORGAN (Con),skipped,skipped,skipped,skipped,skipped,skipped,skipped,4,10
1509,Iris GIBSON (SNP),Jim TORRANCE (SNP),Jayne Ann MORGAN (Con),skipped,skipped,skipped,skipped,skipped,skipped,skipped,4,10
1510,Iris GIBSON (SNP),Jim TORRANCE (SNP),Jayne Ann MORGAN (Con),skipped,skipped,skipped,skipped,skipped,skipped,skipped,4,10
1511,Iris GIBSON (SNP),Jim TORRANCE (SNP),Jayne Ann MORGAN (Con),skipped,skipped,skipped,skipped,skipped,skipped,skipped,4,10
1512,Iris GIBSON (SNP),Jim TORRANCE (SNP),Jayne Ann MORGAN (Con),Matt KERR (Lab),Isabel NELSON (LD),skipped,skipped,skipped,skipped,skipped,4,10
1513,Iris GIBSON (SNP),Jim TORRANCE (SNP),Jayne Ann MORGAN (Con),Matt KERR (Lab),Isabel NELSON (LD),Alistair WATSON (Lab),skipped,skipped,skipped,skipped,4,10
1514,Iris GIBSON (SNP),Jim TORRANCE (SNP),Jayne Ann MORGAN (Con),Gordon MACDIARMID (Glasgow First),skipped,skipped,skipped,skipped,skipped,skipped,4,10
1515,Iris GIBSON (SNP),Jim TORRANCE (SNP),Jayne Ann MORGAN (Con),Gordon MACDIARMID (Glasgow First),skipped,skipped,skipped,skipped,skipped,skipped,4,10
1516,Iris GIBSON (SNP),Jim TORRANCE (SNP),Jayne Ann MORGAN (Con),Gordon MACDIARMID (Glasgow First),skipped,skipped,skipped,skipped,skipped,skipped,4,10
1517,Iris GIBSON (SNP),Jim TORRANCE (SNP),Jayne Ann MORGAN (Con),Gordon MACDIARMID (Glasgow First),Isabel NELSON (LD),skipped,skipped,skipped,skipped,skipped,4,10
1518,Iris GIBSON (SNP),Jim TORRANCE (SNP),Jayne Ann MORGAN (Con),Gordon MACDIARMID (Glasgow First),Ian RUFFELL (Grn),Janice MACKAY (UKIP),Isabel NELSON (LD),Matt KERR (Lab),Alistair WATSON (Lab),Gail SHERIDAN (Sol),4,10
1519,Iris GIBSON (SNP),Jim TORRANCE (SNP),Jayne Ann MORGAN (Con),Janice MACKAY (UKIP),skipped,skipped,skipped,skipped,skipped,skipped,4,10
1520,Iris GIBSON (SNP),Jim TORRANCE (SNP),Jayne Ann MORGAN (Con),Isabel NELSON (LD),skipped,skipped,skipped,skipped,skipped,skipped,4,10
1521,Iris GIBSON (SNP),Jim TORRANCE (SNP),Jayne Ann MORGAN (Con),Isabel NELSON (LD),skipped,skipped,skipped,skipped,skipped,skipped,4,10
1522,Iris GIBSON (SNP),Jim TORRANCE (SNP),Jayne Ann MORGAN (Con),Isabel NELSON (LD),Ian RUFFELL (Grn),skipped,skipped,skipped,skipped,skipped,4,10
1523,Iris GIBSON (SNP),Jim TORRANCE (SNP),Jayne Ann MORGAN (Con),Ian RUFFELL (Grn),skipped,skipped,skipped,skipped,skipped,skipped,4,10
1524,Iris GIBSON (SNP),Jim TORRANCE (SNP),Jayne Ann MORGAN (Con),Ian RUFFELL (Grn),Isabel NELSON (LD),skipped,skipped,skipped,skipped,skipped,4,10
1525,Iris GIBSON (SNP),Jim TORRANCE (SNP),Jayne Ann MORGAN (Con),Gail SHERIDAN (Sol),skipped,skipped,skipped,skipped,skipped,skipped,4,10
1526,Iris GIBSON (SNP),Jim TORRANCE (SNP),Isabel NELSON (LD),skipped,skipped,skipped,skipped,skipped,skipped,skipped,4,10
1527,Iris GIBSON (SNP),Jim TORRANCE (SNP),Isabel NELSON (LD),skipped,skipped,skipped,skipped,skipped,skipped,skipped,4,10
1528,Iris GIBSON (SNP),Jim TORRANCE (SNP),Isabel NELSON (LD),skipped,skipped,skipped,skipped,skipped,skipped,skipped,4,10
1529,Iris GIBSON (SNP),Jim TORRANCE (SNP),Isabel NELSON (LD),skipped,skipped,skipped,skipped,skipped,skipped,skipped,4,10
1530,Iris GIBSON (SNP),Jim TORRANCE (SNP),Isabel NELSON (LD),skipped,skipped,skipped,skipped,skipped,skipped,skipped,4,10
1531,Iris GIBSON (SNP),Jim TORRANCE (SNP),Isabel NELSON (LD),skipped,skipped,skipped,skipped,skipped,skipped,skipped,4,10
1532,Iris GIBSON (SNP),Jim TORRANCE (SNP),Isabel NELSON (LD),skipped,skipped,skipped,skipped,skipped,skipped,skipped,4,10
1533,Iris GIBSON (SNP),Jim TORRANCE (SNP),Isabel NELSON (LD),skipped,skipped,skipped,skipped,skipped,skipped,skipped,4,10
1534,Iris GIBSON (SNP),Jim TORRANCE (SNP),Isabel NELSON (LD),skipped,skipped,skipped,skipped,skipped,skipped,skipped,4,10
1535,Iris GIBSON (SNP),Jim TORRANCE (SNP),Isabel NELSON (LD),skipped,skipped,skipped,skipped,skipped,skipped,skipped,4,10
1536,Iris GIBSON (SNP),Jim TORRANCE (SNP),Isabel NELSON (LD),skipped,skipped,skipped,skipped,skipped,skipped,skipped,4,10
1537,Iris GIBSON (SNP),Jim TORRANCE (SNP),Isabel NELSON (LD),skipped,skipped,skipped,skipped,skipped,skipped,skipped,4,10
1538,Iris GIBSON (SNP),Jim TORRANCE (SNP),Isabel NELSON (LD),skipped,skipped,skipped,skipped,skipped,skipped,skipped,4,10
1539,Iris GIBSON (SNP),Jim TORRANCE (SNP),Isabel NELSON (LD),skipped,skipped,skipped,skipped,skipped,skipped,skipped,4,10
1540,Iris GIBSON (SNP),Jim TORRANCE (SNP),Isabel NELSON (LD),skipped,skipped,skipped,skipped,skipped,skipped,skipped,4,10
1541,Iris GIBSON (SNP),Jim TORRANCE (SNP),Isabel NELSON (LD),skipped,skipped,skipped,skipped,skipped,skipped,skipped,4,10
1542,Iris GIBSON (SNP),Jim TORRANCE (SNP),Isabel NELSON (LD),skipped,skipped,skipped,skipped,skipped,skipped,skipped,4,10
1543,Iris GIBSON (SNP),Jim TORRANCE (SNP),Isabel NELSON (LD),skipped,skipped,skipped,skipped,skipped,skipped,skipped,4,10
1544,Iris GIBSON (SNP),Jim TORRANCE (SNP),Isabel NELSON (LD),skipped,skipped,skipped,skipped,skipped,skipped,skipped,4,10
1545,Iris GIBSON (SNP),Jim TORRANCE (SNP),Isabel NELSON (LD),skipped,skipped,skipped,skipped,skipped,skipped,skipped,4,10
1546,Iris GIBSON (SNP),Jim TORRANCE (SNP),Isabel NELSON (LD),skipped,skipped,skipped,skipped,skipped,skipped,skipped,4,10
1547,Iris GIBSON (SNP),Jim TORRANCE (SNP),Isabel NELSON (LD),skipped,skipped,skipped,skipped,skipped,skipped,skipped,4,10
1548,Iris GIBSON (SNP),Jim TORRANCE (SNP),Isabel NELSON (LD),skipped,skipped,skipped,skipped,skipped,skipped,skipped,4,10
1549,Iris GIBSON (SNP),Jim TORRANCE (SNP),Isabel NELSON (LD),skipped,skipped,skipped,skipped,skipped,skipped,skipped,4,10
1550,Iris GIBSON (SNP),Jim TORRANCE (SNP),Isabel NELSON (LD),skipped,skipped,skipped,skipped,skipped,skipped,skipped,4,10
1551,Iris GIBSON (SNP),Jim TORRANCE (SNP),Isabel NELSON (LD),skipped,skipped,skipped,skipped,skipped,skipped,skipped,4,10
1552,Iris GIBSON (SNP),Jim TORRANCE (SNP),Isabel NELSON (LD),skipped,skipped,skipped,skipped,skipped,skipped,skipped,4,10
1553,Iris GIBSON (SNP),Jim TORRANCE (SNP),Isabel NELSON (LD),Matt KERR (Lab),skipped,skipped,skipped,skipped,skipped,skipped,4,10
1554,Iris GIBSON (SNP),Jim TORRANCE (SNP),Isabel NELSON (LD),Matt KERR (Lab),Alistair WATSON (Lab),skipped,skipped,skipped,skipped,skipped,4,10
1555,Iris GIBSON (SNP),Jim TORRANCE (SNP),Isabel NELSON (LD),Matt KERR (Lab),Alistair WATSON (Lab),skipped,skipped,skipped,skipped,skipped,4,10
1556,Iris GIBSON (SNP),Jim TORRANCE (SNP),Isabel NELSON (LD),Matt KERR (Lab),Alistair WATSON (Lab),Ian RUFFELL (Grn),Gordon MACDIARMID (Glasgow First),Jayne Ann MORGAN (Con),Gail SHERIDAN (Sol),Janice MACKAY (UKIP),4,10
1557,Iris GIBSON (SNP),Jim TORRANCE (SNP),Isabel NELSON (LD),Gordon MACDIARMID (Glasgow First),skipped,skipped,skipped,skipped,skipped,skipped,4,10
1558,Iris GIBSON (SNP),Jim TORRANCE (SNP),Isabel NELSON (LD),Gordon MACDIARMID (Glasgow First),skipped,skipped,skipped,skipped,skipped,skipped,4,10
1559,Iris GIBSON (SNP),Jim TORRANCE (SNP),Isabel NELSON (LD),Gordon MACDIARMID (Glasgow First),skipped,skipped,skipped,skipped,skipped,skipped,4,10
1560,Iris GIBSON (SNP),Jim TORRANCE (SNP),Isabel NELSON (LD),Gordon MACDIARMID (Glasgow First),Gail SHERIDAN (Sol),Janice MACKAY (UKIP),Matt KERR (Lab),Alistair WATSON (Lab),Ian RUFFELL (Grn),Jayne Ann MORGAN (Con),4,10
1561,Iris GIBSON (SNP),Jim TORRANCE (SNP),Isabel NELSON (LD),Gordon MACDIARMID (Glasgow First),Gail SHERIDAN (Sol),Janice MACKAY (UKIP),Jayne Ann MORGAN (Con),Ian RUFFELL (Grn),Alistair WATSON (Lab),Matt KERR (Lab),4,10
1562,Iris GIBSON (SNP),Jim TORRANCE (SNP),Isabel NELSON (LD),Janice MACKAY (UKIP),skipped,skipped,skipped,skipped,skipped,skipped,4,10
1563,Iris GIBSON (SNP),Jim TORRANCE (SNP),Isabel NELSON (LD),Jayne Ann MORGAN (Con),Gordon MACDIARMID (Glasgow First),Matt KERR (Lab),Janice MACKAY (UKIP),Gail SHERIDAN (Sol),Ian RUFFELL (Grn),Alistair WATSON (Lab),4,10
1564,Iris GIBSON (SNP),Jim TORRANCE (SNP),Isabel NELSON (LD),Jayne Ann MORGAN (Con),Gordon MACDIARMID (Glasgow First),Ian RUFFELL (Grn),Alistair WATSON (Lab),Matt KERR (Lab),Gail SHERIDAN (Sol),Janice MACKAY (UKIP),4,10
1565,Iris GIBSON (SNP),Jim TORRANCE (SNP),Isabel NELSON (LD),Ian RUFFELL (Grn),skipped,skipped,skipped,skipped,skipped,skipped,4,10
1566,Iris GIBSON (SNP),Jim TORRANCE (SNP),Isabel NELSON (LD),Ian RUFFELL (Grn),Gordon MACDIARMID (Glasgow First),Janice MACKAY (UKIP),Gail SHERIDAN (Sol),Alistair WATSON (Lab),Matt KERR (Lab),Jayne Ann MORGAN (Con),4,10
1567,Iris GIBSON (SNP),Jim TORRANCE (SNP),Isabel NELSON (LD),Gail SHERIDAN (Sol),skipped,skipped,skipped,skipped,skipped,skipped,4,10
1568,Iris GIBSON (SNP),Jim TORRANCE (SNP),Ian RUFFELL (Grn),skipped,skipped,skipped,skipped,skipped,skipped,skipped,4,10
1569,Iris GIBSON (SNP),Jim TORRANCE (SNP),Ian RUFFELL (Grn),skipped,skipped,skipped,skipped,skipped,skipped,skipped,4,10
1570,Iris GIBSON (SNP),Jim TORRANCE (SNP),Ian RUFFELL (Grn),skipped,skipped,skipped,skipped,skipped,skipped,skipped,4,10
1571,Iris GIBSON (SNP),Jim TORRANCE (SNP),Ian RUFFELL (Grn),skipped,skipped,skipped,skipped,skipped,skipped,skipped,4,10
1572,Iris GIBSON (SNP),Jim TORRANCE (SNP),Ian RUFFELL (Grn),skipped,skipped,skipped,skipped,skipped,skipped,skipped,4,10
1573,Iris GIBSON (SNP),Jim TORRANCE (SNP),Ian RUFFELL (Grn),skipped,skipped,skipped,skipped,skipped,skipped,skipped,4,10
1574,Iris GIBSON (SNP),Jim TORRANCE (SNP),Ian RUFFELL (Grn),skipped,skipped,skipped,skipped,skipped,skipped,skipped,4,10
1575,Iris GIBSON (SNP),Jim TORRANCE (SNP),Ian RUFFELL (Grn),skipped,skipped,skipped,skipped,skipped,skipped,skipped,4,10
1576,Iris GIBSON (SNP),Jim TORRANCE (SNP),Ian RUFFELL (Grn),skipped,skipped,skipped,skipped,skipped,skipped,skipped,4,10
1577,Iris GIBSON (SNP),Jim TORRANCE (SNP),Ian RUFFELL (Grn),skipped,skipped,skipped,skipped,skipped,skipped,skipped,4,10
1578,Iris GIBSON (SNP),Jim TORRANCE (SNP),Ian RUFFELL (Grn),skipped,skipped,skipped,skipped,skipped,skipped,skipped,4,10
1579,Iris GIBSON (SNP),Jim TORRANCE (SNP),Ian RUFFELL (Grn),skipped,skipped,skipped,skipped,skipped,skipped,skipped,4,10
1580,Iris GIBSON (SNP),Jim TORRANCE (SNP),Ian RUFFELL (Grn),skipped,skipped,skipped,skipped,skipped,skipped,skipped,4,10
1581,Iris GIBSON (SNP),Jim TORRANCE (SNP),Ian RUFFELL (Grn),skipped,skipped,skipped,skipped,skipped,skipped,skipped,4,10
1582,Iris GIBSON (SNP),Jim TORRANCE (SNP),Ian RUFFELL (Grn),skipped,skipped,skipped,skipped,skipped,skipped,skipped,4,10
1583,Iris GIBSON (SNP),Jim TORRANCE (SNP),Ian RUFFELL (Grn),skipped,skipped,skipped,skipped,skipped,skipped,skipped,4,10
1584,Iris GIBSON (SNP),Jim TORRANCE (SNP),Ian RUFFELL (Grn),skipped,skipped,skipped,skipped,skipped,skipped,skipped,4,10
1585,Iris GIBSON (SNP),Jim TORRANCE (SNP),Ian RUFFELL (Grn),skipped,skipped,skipped,skipped,skipped,skipped,skipped,4,10
1586,Iris GIBSON (SNP),Jim TORRANCE (SNP),Ian RUFFELL (Grn),skipped,skipped,skipped,skipped,skipped,skipped,skipped,4,10
1587,Iris GIBSON (SNP),Jim TORRANCE (SNP),Ian RUFFELL (Grn),skipped,skipped,skipped,skipped,skipped,skipped,skipped,4,10
1588,Iris GIBSON (SNP),Jim TORRANCE (SNP),Ian RUFFELL (Grn),skipped,skipped,skipped,skipped,skipped,skipped,skipped,4,10
1589,Iris GIBSON (SNP),Jim TORRANCE (SNP),Ian RUFFELL (Grn),skipped,skipped,skipped,skipped,skipped,skipped,skipped,4,10
1590,Iris GIBSON (SNP),Jim TORRANCE (SNP),Ian RUFFELL (Grn),skipped,skipped,skipped,skipped,skipped,skipped,skipped,4,10
1591,Iris GIBSON (SNP),Jim TORRANCE (SNP),Ian RUFFELL (Grn),skipped,skipped,skipped,skipped,skipped,skipped,skipped,4,10
1592,Iris GIBSON (SNP),Jim TORRANCE (SNP),Ian RUFFELL (Grn),skipped,skipped,skipped,skipped,skipped,skipped,skipped,4,10
1593,Iris GIBSON (SNP),Jim TORRANCE (SNP),Ian RUFFELL (Grn),skipped,skipped,skipped,skipped,skipped,skipped,skipped,4,10
1594,Iris GIBSON (SNP),Jim TORRANCE (SNP),Ian RUFFELL (Grn),skipped,skipped,skipped,skipped,skipped,skipped,skipped,4,10
1595,Iris GIBSON (SNP),Jim TORRANCE (SNP),Ian RUFFELL (Grn),skipped,skipped,skipped,skipped,skipped,skipped,skipped,4,10
1596,Iris GIBSON (SNP),Jim TORRANCE (SNP),Ian RUFFELL (Grn),skipped,skipped,skipped,skipped,skipped,skipped,skipped,4,10
1597,Iris GIBSON (SNP),Jim TORRANCE (SNP),Ian RUFFELL (Grn),skipped,skipped,skipped,skipped,skipped,skipped,skipped,4,10
1598,Iris GIBSON (SNP),Jim TORRANCE (SNP),Ian RUFFELL (Grn),skipped,skipped,skipped,skipped,skipped,skipped,skipped,4,10
1599,Iris GIBSON (SNP),Jim TORRANCE (SNP),Ian RUFFELL (Grn),skipped,skipped,skipped,skipped,skipped,skipped,skipped,4,10
1600,Iris GIBSON (SNP),Jim TORRANCE (SNP),Ian RUFFELL (Grn),skipped,skipped,skipped,skipped,skipped,skipped,skipped,4,10
1601,Iris GIBSON (SNP),Jim TORRANCE (SNP),Ian RUFFELL (Grn),skipped,skipped,skipped,skipped,skipped,skipped,skipped,4,10
1602,Iris GIBSON (SNP),Jim TORRANCE (SNP),Ian RUFFELL (Grn),skipped,skipped,skipped,skipped,skipped,skipped,skipped,4,10
1603,Iris GIBSON (SNP),Jim TORRANCE (SNP),Ian RUFFELL (Grn),skipped,skipped,skipped,skipped,skipped,skipped,skipped,4,10
1604,Iris GIBSON (SNP),Jim TORRANCE (SNP),Ian RUFFELL (Grn),skipped,skipped,skipped,skipped,skipped,skipped,skipped,4,10
1605,Iris GIBSON (SNP),Jim TORRANCE (SNP),Ian RUFFELL (Grn),skipped,skipped,skipped,skipped,skipped,skipped,skipped,4,10
1606,Iris GIBSON (SNP),Jim TORRANCE (SNP),Ian RUFFELL (Grn),skipped,skipped,skipped,skipped,skipped,skipped,skipped,4,10
1607,Iris GIBSON (SNP),Jim TORRANCE (SNP),Ian RUFFELL (Grn),skipped,skipped,skipped,skipped,skipped,skipped,skipped,4,10
1608,Iris GIBSON (SNP),Jim TORRANCE (SNP),Ian RUFFELL (Grn),skipped,skipped,skipped,skipped,skipped,skipped,skipped,4,10
1609,Iris GIBSON (SNP),Jim TORRANCE (SNP),Ian RUFFELL (Grn),skipped,skipped,skipped,skipped,skipped,skipped,skipped,4,10
1610,Iris GIBSON (SNP),Jim TORRANCE (SNP),Ian RUFFELL (Grn),skipped,skipped,skipped,skipped,skipped,skipped,skipped,4,10
1611,Iris GIBSON (SNP),Jim TORRANCE (SNP),Ian RUFFELL (Grn),skipped,skipped,skipped,skipped,skipped,skipped,skipped,4,10
1612,Iris GIBSON (SNP),Jim TORRANCE (SNP),Ian RUFFELL (Grn),skipped,skipped,skipped,skipped,skipped,skipped,skipped,4,10
1613,Iris GIBSON (SNP),Jim TORRANCE (SNP),Ian RUFFELL (Grn),skipped,skipped,skipped,skipped,skipped,skipped,skipped,4,10
1614,Iris GIBSON (SNP),Jim TORRANCE (SNP),Ian RUFFELL (Grn),skipped,skipped,skipped,skipped,skipped,skipped,skipped,4,10
1615,Iris GIBSON (SNP),Jim TORRANCE (SNP),Ian RUFFELL (Grn),skipped,skipped,skipped,skipped,skipped,skipped,skipped,4,10
1616,Iris GIBSON (SNP),Jim TORRANCE (SNP),Ian RUFFELL (Grn),skipped,skipped,skipped,skipped,skipped,skipped,skipped,4,10
1617,Iris GIBSON (SNP),Jim TORRANCE (SNP),Ian RUFFELL (Grn),skipped,skipped,skipped,skipped,skipped,skipped,skipped,4,10
1618,Iris GIBSON (SNP),Jim TORRANCE (SNP),Ian RUFFELL (Grn),skipped,skipped,skipped,skipped,skipped,skipped,skipped,4,10
1619,Iris GIBSON (SNP),Jim TORRANCE (SNP),Ian RUFFELL (Grn),skipped,skipped,skipped,skipped,skipped,skipped,skipped,4,10
1620,Iris GIBSON (SNP),Jim TORRANCE (SNP),Ian RUFFELL (Grn),skipped,skipped,skipped,skipped,skipped,skipped,skipped,4,10
1621,Iris GIBSON (SNP),Jim TORRANCE (SNP),Ian RUFFELL (Grn),skipped,skipped,skipped,skipped,skipped,skipped,skipped,4,10
1622,Iris GIBSON (SNP),Jim TORRANCE (SNP),Ian RUFFELL (Grn),skipped,skipped,skipped,skipped,skipped,skipped,skipped,4,10
1623,Iris GIBSON (SNP),Jim TORRANCE (SNP),Ian RUFFELL (Grn),skipped,skipped,skipped,skipped,skipped,skipped,skipped,4,10
1624,Iris GIBSON (SNP),Jim TORRANCE (SNP),Ian RUFFELL (Grn),skipped,skipped,skipped,skipped,skipped,skipped,skipped,4,10
1625,Iris GIBSON (SNP),Jim TORRANCE (SNP),Ian RUFFELL (Grn),skipped,skipped,skipped,skipped,skipped,skipped,skipped,4,10
1626,Iris GIBSON (SNP),Jim TORRANCE (SNP),Ian RUFFELL (Grn),skipped,skipped,skipped,skipped,skipped,skipped,skipped,4,10
1627,Iris GIBSON (SNP),Jim TORRANCE (SNP),Ian RUFFELL (Grn),skipped,skipped,skipped,skipped,skipped,skipped,skipped,4,10
1628,Iris GIBSON (SNP),Jim TORRANCE (SNP),Ian RUFFELL (Grn),skipped,skipped,skipped,skipped,skipped,skipped,skipped,4,10
1629,Iris GIBSON (SNP),Jim TORRANCE (SNP),Ian RUFFELL (Grn),skipped,skipped,skipped,skipped,skipped,skipped,skipped,4,10
1630,Iris GIBSON (SNP),Jim TORRANCE (SNP),Ian RUFFELL (Grn),skipped,skipped,skipped,skipped,skipped,skipped,skipped,4,10
1631,Iris GIBSON (SNP),Jim TORRANCE (SNP),Ian RUFFELL (Grn),skipped,skipped,skipped,skipped,skipped,skipped,skipped,4,10
1632,Iris GIBSON (SNP),Jim TORRANCE (SNP),Ian RUFFELL (Grn),skipped,skipped,skipped,skipped,skipped,skipped,skipped,4,10
1633,Iris GIBSON (SNP),Jim TORRANCE (SNP),Ian RUFFELL (Grn),skipped,skipped,skipped,skipped,skipped,skipped,skipped,4,10
1634,Iris GIBSON (SNP),Jim TORRANCE (SNP),Ian RUFFELL (Grn),skipped,skipped,skipped,skipped,skipped,skipped,skipped,4,10
1635,Iris GIBSON (SNP),Jim TORRANCE (SNP),Ian RUFFELL (Grn),skipped,skipped,skipped,skipped,skipped,skipped,skipped,4,10
1636,Iris GIBSON (SNP),Jim TORRANCE (SNP),Ian RUFFELL (Grn),skipped,skipped,skipped,skipped,skipped,skipped,skipped,4,10
1637,Iris GIBSON (SNP),Jim TORRANCE (SNP),Ian RUFFELL (Grn),skipped,skipped,skipped,skipped,skipped,skipped,skipped,4,10
1638,Iris GIBSON (SNP),Jim TORRANCE (SNP),Ian RUFFELL (Grn),skipped,skipped,skipped,skipped,skipped,skipped,skipped,4,10
1639,Iris GIBSON (SNP),Jim TORRANCE (SNP),Ian RUFFELL (Grn),skipped,skipped,skipped,skipped,skipped,skipped,skipped,4,10
1640,Iris GIBSON (SNP),Jim TORRANCE (SNP),Ian RUFFELL (Grn),skipped,skipped,skipped,skipped,skipped,skipped,skipped,4,10
1641,Iris GIBSON (SNP),Jim TORRANCE (SNP),Ian RUFFELL (Grn),skipped,skipped,skipped,skipped,skipped,skipped,skipped,4,10
1642,Iris GIBSON (SNP),Jim TORRANCE (SNP),Ian RUFFELL (Grn),skipped,skipped,skipped,skipped,skipped,skipped,skipped,4,10
1643,Iris GIBSON (SNP),Jim TORRANCE (SNP),Ian RUFFELL (Grn),skipped,skipped,skipped,skipped,skipped,skipped,skipped,4,10
1644,Iris GIBSON (SNP),Jim TORRANCE (SNP),Ian RUFFELL (Grn),skipped,skipped,skipped,skipped,skipped,skipped,skipped,4,10
1645,Iris GIBSON (SNP),Jim TORRANCE (SNP),Ian RUFFELL (Grn),skipped,skipped,skipped,skipped,skipped,skipped,skipped,4,10
1646,Iris GIBSON (SNP),Jim TORRANCE (SNP),Ian RUFFELL (Grn),skipped,skipped,skipped,skipped,skipped,skipped,skipped,4,10
1647,Iris GIBSON (SNP),Jim TORRANCE (SNP),Ian RUFFELL (Grn),skipped,skipped,skipped,skipped,skipped,skipped,skipped,4,10
1648,Iris GIBSON (SNP),Jim TORRANCE (SNP),Ian RUFFELL (Grn),skipped,skipped,skipped,skipped,skipped,skipped,skipped,4,10
1649,Iris GIBSON (SNP),Jim TORRANCE (SNP),Ian RUFFELL (Grn),skipped,skipped,skipped,skipped,skipped,skipped,skipped,4,10
1650,Iris GIBSON (SNP),Jim TORRANCE (SNP),Ian RUFFELL (Grn),skipped,skipped,skipped,skipped,skipped,skipped,skipped,4,10
1651,Iris GIBSON (SNP),Jim TORRANCE (SNP),Ian RUFFELL (Grn),skipped,skipped,skipped,skipped,skipped,skipped,skipped,4,10
1652,Iris GIBSON (SNP),Jim TORRANCE (SNP),Ian RUFFELL (Grn),skipped,skipped,skipped,skipped,skipped,skipped,skipped,4,10
1653,Iris GIBSON (SNP),Jim TORRANCE (SNP),Ian RUFFELL (Grn),skipped,skipped,skipped,skipped,skipped,skipped,skipped,4,10
1654,Iris GIBSON (SNP),Jim TORRANCE (SNP),Ian RUFFELL (Grn),skipped,skipped,skipped,skipped,skipped,skipped,skipped,4,10
1655,Iris GIBSON (SNP),Jim TORRANCE (SNP),Ian RUFFELL (Grn),skipped,skipped,skipped,skipped,skipped,skipped,skipped,4,10
1656,Iris GIBSON (SNP),Jim TORRANCE (SNP),Ian RUFFELL (Grn),skipped,skipped,skipped,skipped,skipped,skipped,skipped,4,10
1657,Iris GIBSON (SNP),Jim TORRANCE (SNP),Ian RUFFELL (Grn),skipped,skipped,skipped,skipped,skipped,skipped,skipped,4,10
1658,Iris GIBSON (SNP),Jim TORRANCE (SNP),Ian RUFFELL (Grn),skipped,skipped,skipped,skipped,skipped,skipped,skipped,4,10
1659,Iris GIBSON (SNP),Jim TORRANCE (SNP),Ian RUFFELL (Grn),skipped,skipped,skipped,skipped,skipped,skipped,skipped,4,10
1660,Iris GIBSON (SNP),Jim TORRANCE (SNP),Ian RUFFELL (Grn),skipped,skipped,skipped,skipped,skipped,skipped,skipped,4,10
1661,Iris GIBSON (SNP),Jim TORRANCE (SNP),Ian RUFFELL (Grn),skipped,skipped,skipped,skipped,skipped,skipped,skipped,4,10
1662,Iris GIBSON (SNP),Jim TORRANCE (SNP),Ian RUFFELL (Grn),skipped,skipped,skipped,skipped,skipped,skipped,skipped,4,10
1663,Iris GIBSON (SNP),Jim TORRANCE (SNP),Ian RUFFELL (Grn),Alistair WATSON (Lab),skipped,skipped,skipped,skipped,skipped,skipped,4,10
1664,Iris GIBSON (SNP),Jim TORRANCE (SNP),Ian RUFFELL (Grn),Alistair WATSON (Lab),skipped,skipped,skipped,skipped,skipped,skipped,4,10
1665,Iris GIBSON (SNP),Jim TORRANCE (SNP),Ian RUFFELL (Grn),Alistair WATSON (Lab),skipped,skipped,skipped,skipped,skipped,skipped,4,10
1666,Iris GIBSON (SNP),Jim TORRANCE (SNP),Ian RUFFELL (Grn),Alistair WATSON (Lab),Matt KERR (Lab),Gordon MACDIARMID (Glasgow First),Janice MACKAY (UKIP),Isabel NELSON (LD),Gail SHERIDAN (Sol),Jayne Ann MORGAN (Con),4,10
1667,Iris GIBSON (SNP),Jim TORRANCE (SNP),Ian RUFFELL (Grn),Matt KERR (Lab),skipped,skipped,skipped,skipped,skipped,skipped,4,10
1668,Iris GIBSON (SNP),Jim TORRANCE (SNP),Ian RUFFELL (Grn),Matt KERR (Lab),skipped,skipped,skipped,skipped,skipped,skipped,4,10
1669,Iris GIBSON (SNP),Jim TORRANCE (SNP),Ian RUFFELL (Grn),Matt KERR (Lab),skipped,skipped,skipped,skipped,skipped,skipped,4,10
1670,Iris GIBSON (SNP),Jim TORRANCE (SNP),Ian RUFFELL (Grn),Matt KERR (Lab),skipped,skipped,skipped,skipped,skipped,skipped,4,10
1671,Iris GIBSON (SNP),Jim TORRANCE (SNP),Ian RUFFELL (Grn),Matt KERR (Lab),Alistair WATSON (Lab),skipped,skipped,skipped,skipped,skipped,4,10
1672,Iris GIBSON (SNP),Jim TORRANCE (SNP),Ian RUFFELL (Grn),Matt KERR (Lab),Alistair WATSON (Lab),skipped,skipped,skipped,skipped,skipped,4,10
1673,Iris GIBSON (SNP),Jim TORRANCE (SNP),Ian RUFFELL (Grn),Matt KERR (Lab),Alistair WATSON (Lab),Gail SHERIDAN (Sol),Gordon MACDIARMID (Glasgow First),Isabel NELSON (LD),Janice MACKAY (UKIP),Jayne Ann MORGAN (Con),4,10
1674,Iris GIBSON (SNP),Jim TORRANCE (SNP),Ian RUFFELL (Grn),Matt KERR (Lab),Gordon MACDIARMID (Glasgow First),skipped,skipped,skipped,skipped,skipped,4,10
1675,Iris GIBSON (SNP),Jim TORRANCE (SNP),Ian RUFFELL (Grn),Matt KERR (Lab),Gordon MACDIARMID (Glasgow First),skipped,skipped,skipped,skipped,skipped,4,10
1676,Iris GIBSON (SNP),Jim TORRANCE (SNP),Ian RUFFELL (Grn),Matt KERR (Lab),Gordon MACDIARMID (Glasgow First),Janice MACKAY (UKIP),Jayne Ann MORGAN (Con),Isabel NELSON (LD),Gail SHERIDAN (Sol),Alistair WATSON (Lab),4,10
1677,Iris GIBSON (SNP),Jim TORRANCE (SNP),Ian RUFFELL (Grn),Gordon MACDIARMID (Glasgow First),skipped,skipped,skipped,skipped,skipped,skipped,4,10
1678,Iris GIBSON (SNP),Jim TORRANCE (SNP),Ian RUFFELL (Grn),Gordon MACDIARMID (Glasgow First),skipped,skipped,skipped,skipped,skipped,skipped,4,10
1679,Iris GIBSON (SNP),Jim TORRANCE (SNP),Ian RUFFELL (Grn),Gordon MACDIARMID (Glasgow First),skipped,skipped,skipped,skipped,skipped,skipped,4,10
1680,Iris GIBSON (SNP),Jim TORRANCE (SNP),Ian RUFFELL (Grn),Gordon MACDIARMID (Glasgow First),skipped,skipped,skipped,skipped,skipped,skipped,4,10
1681,Iris GIBSON (SNP),Jim TORRANCE (SNP),Ian RUFFELL (Grn),Gordon MACDIARMID (Glasgow First),skipped,skipped,skipped,skipped,skipped,skipped,4,10
1682,Iris GIBSON (SNP),Jim TORRANCE (SNP),Ian RUFFELL (Grn),Gordon MACDIARMID (Glasgow First),skipped,skipped,skipped,skipped,skipped,skipped,4,10
1683,Iris GIBSON (SNP),Jim TORRANCE (SNP),Ian RUFFELL (Grn),Gordon MACDIARMID (Glasgow First),Matt KERR (Lab),skipped,skipped,skipped,skipped,skipped,4,10
1684,Iris GIBSON (SNP),Jim TORRANCE (SNP),Ian RUFFELL (Grn),Gordon MACDIARMID (Glasgow First),Janice MACKAY (UKIP),skipped,skipped,skipped,skipped,skipped,4,10
1685,Iris GIBSON (SNP),Jim TORRANCE (SNP),Ian RUFFELL (Grn),Gordon MACDIARMID (Glasgow First),Janice MACKAY (UKIP),skipped,skipped,skipped,skipped,skipped,4,10
1686,Iris GIBSON (SNP),Jim TORRANCE (SNP),Ian RUFFELL (Grn),Gordon MACDIARMID (Glasgow First),Janice MACKAY (UKIP),Gail SHERIDAN (Sol),Isabel NELSON (LD),Jayne Ann MORGAN (Con),Matt KERR (Lab),Alistair WATSON (Lab),4,10
1687,Iris GIBSON (SNP),Jim TORRANCE (SNP),Ian RUFFELL (Grn),Gordon MACDIARMID (Glasgow First),Isabel NELSON (LD),skipped,skipped,skipped,skipped,skipped,4,10
1688,Iris GIBSON (SNP),Jim TORRANCE (SNP),Ian RUFFELL (Grn),Janice MACKAY (UKIP),Gail SHERIDAN (Sol),skipped,skipped,skipped,skipped,skipped,4,10
1689,Iris GIBSON (SNP),Jim TORRANCE (SNP),Ian RUFFELL (Grn),Jayne Ann MORGAN (Con),skipped,skipped,skipped,skipped,skipped,skipped,4,10
1690,Iris GIBSON (SNP),Jim TORRANCE (SNP),Ian RUFFELL (Grn),Jayne Ann MORGAN (Con),Matt KERR (Lab),skipped,skipped,skipped,skipped,skipped,4,10
1691,Iris GIBSON (SNP),Jim TORRANCE (SNP),Ian RUFFELL (Grn),Jayne Ann MORGAN (Con),Janice MACKAY (UKIP),Gordon MACDIARMID (Glasgow First),Gail SHERIDAN (Sol),Matt KERR (Lab),Alistair WATSON (Lab),Isabel NELSON (LD),4,10
1692,Iris GIBSON (SNP),Jim TORRANCE (SNP),Ian RUFFELL (Grn),Jayne Ann MORGAN (Con),Isabel NELSON (LD),Gordon MACDIARMID (Glasgow First),Janice MACKAY (UKIP),Matt KERR (Lab),Alistair WATSON (Lab),Gail SHERIDAN (Sol),4,10
1693,Iris GIBSON (SNP),Jim TORRANCE (SNP),Ian RUFFELL (Grn),Isabel NELSON (LD),skipped,skipped,skipped,skipped,skipped,skipped,4,10
1694,Iris GIBSON (SNP),Jim TORRANCE (SNP),Ian RUFFELL (Grn),Isabel NELSON (LD),skipped,skipped,skipped,skipped,skipped,skipped,4,10
1695,Iris GIBSON (SNP),Jim TORRANCE (SNP),Ian RUFFELL (Grn),Isabel NELSON (LD),skipped,skipped,skipped,skipped,skipped,skipped,4,10
1696,Iris GIBSON (SNP),Jim TORRANCE (SNP),Ian RUFFELL (Grn),Isabel NELSON (LD),skipped,skipped,skipped,skipped,skipped,skipped,4,10
1697,Iris GIBSON (SNP),Jim TORRANCE (SNP),Ian RUFFELL (Grn),Isabel NELSON (LD),Matt KERR (Lab),skipped,skipped,skipped,skipped,skipped,4,10
1698,Iris GIBSON (SNP),Jim TORRANCE (SNP),Ian RUFFELL (Grn),Isabel NELSON (LD),Gordon MACDIARMID (Glasgow First),Matt KERR (Lab),Alistair WATSON (Lab),Janice MACKAY (UKIP),Jayne Ann MORGAN (Con),Gail SHERIDAN (Sol),4,10
1699,Iris GIBSON (SNP),Jim TORRANCE (SNP),Ian RUFFELL (Grn),Isabel NELSON (LD),Gail SHERIDAN (Sol),Matt KERR (Lab),Gordon MACDIARMID (Glasgow First),Alistair WATSON (Lab),Jayne Ann MORGAN (Con),Janice MACKAY (UKIP),4,10
1700,Iris GIBSON (SNP),Jim TORRANCE (SNP),Ian RUFFELL (Grn),Gail SHERIDAN (Sol),skipped,skipped,skipped,skipped,skipped,skipped,4,10
1701,Iris GIBSON (SNP),Jim TORRANCE (SNP),Ian RUFFELL (Grn),Gail SHERIDAN (Sol),skipped,skipped,skipped,skipped,skipped,skipped,4,10
1702,Iris GIBSON (SNP),Jim TORRANCE (SNP),Ian RUFFELL (Grn),Gail SHERIDAN (Sol),skipped,skipped,skipped,skipped,skipped,skipped,4,10
1703,Iris GIBSON (SNP),Jim TORRANCE (SNP),Ian RUFFELL (Grn),Gail SHERIDAN (Sol),skipped,skipped,skipped,skipped,skipped,skipped,4,10
1704,Iris GIBSON (SNP),Jim TORRANCE (SNP),Ian RUFFELL (Grn),Gail SHERIDAN (Sol),skipped,skipped,skipped,skipped,skipped,skipped,4,10
1705,Iris GIBSON (SNP),Jim TORRANCE (SNP),Ian RUFFELL (Grn),Gail SHERIDAN (Sol),skipped,skipped,skipped,skipped,skipped,skipped,4,10
1706,Iris GIBSON (SNP),Jim TORRANCE (SNP),Ian RUFFELL (Grn),Gail SHERIDAN (Sol),skipped,skipped,skipped,skipped,skipped,skipped,4,10
1707,Iris GIBSON (SNP),Jim TORRANCE (SNP),Ian RUFFELL (Grn),Gail SHERIDAN (Sol),skipped,skipped,skipped,skipped,skipped,skipped,4,10
1708,Iris GIBSON (SNP),Jim TORRANCE (SNP),Ian RUFFELL (Grn),Gail SHERIDAN (Sol),skipped,skipped,skipped,skipped,skipped,skipped,4,10
1709,Iris GIBSON (SNP),Jim TORRANCE (SNP),Ian RUFFELL (Grn),Gail SHERIDAN (Sol),Matt KERR (Lab),Alistair WATSON (Lab),Isabel NELSON (LD),Gordon MACDIARMID (Glasgow First),Jayne Ann MORGAN (Con),Janice MACKAY (UKIP),4,10
1710,Iris GIBSON (SNP),Jim TORRANCE (SNP),Ian RUFFELL (Grn),Gail SHERIDAN (Sol),Gordon MACDIARMID (Glasgow First),Matt KERR (Lab),Alistair WATSON (Lab),Janice MACKAY (UKIP),Isabel NELSON (LD),Jayne Ann MORGAN (Con),4,10
1711,Iris GIBSON (SNP),Jim TORRANCE (SNP),Ian RUFFELL (Grn),Gail SHERIDAN (Sol),Gordon MACDIARMID (Glasgow First),Janice MACKAY (UKIP),skipped,skipped,skipped,skipped,4,10
1712,Iris GIBSON (SNP),Jim TORRANCE (SNP),Ian RUFFELL (Grn),Gail SHERIDAN (Sol),Janice MACKAY (UKIP),skipped,skipped,skipped,skipped,skipped,4,10
1713,Iris GIBSON (SNP),Jim TORRANCE (SNP),Gail SHERIDAN (Sol),skipped,skipped,skipped,skipped,skipped,skipped,skipped,4,10
1714,Iris GIBSON (SNP),Jim TORRANCE (SNP),Gail SHERIDAN (Sol),skipped,skipped,skipped,skipped,skipped,skipped,skipped,4,10
1715,Iris GIBSON (SNP),Jim TORRANCE (SNP),Gail SHERIDAN (Sol),skipped,skipped,skipped,skipped,skipped,skipped,skipped,4,10
1716,Iris GIBSON (SNP),Jim TORRANCE (SNP),Gail SHERIDAN (Sol),skipped,skipped,skipped,skipped,skipped,skipped,skipped,4,10
1717,Iris GIBSON (SNP),Jim TORRANCE (SNP),Gail SHERIDAN (Sol),skipped,skipped,skipped,skipped,skipped,skipped,skipped,4,10
1718,Iris GIBSON (SNP),Jim TORRANCE (SNP),Gail SHERIDAN (Sol),skipped,skipped,skipped,skipped,skipped,skipped,skipped,4,10
1719,Iris GIBSON (SNP),Jim TORRANCE (SNP),Gail SHERIDAN (Sol),skipped,skipped,skipped,skipped,skipped,skipped,skipped,4,10
1720,Iris GIBSON (SNP),Jim TORRANCE (SNP),Gail SHERIDAN (Sol),skipped,skipped,skipped,skipped,skipped,skipped,skipped,4,10
1721,Iris GIBSON (SNP),Jim TORRANCE (SNP),Gail SHERIDAN (Sol),skipped,skipped,skipped,skipped,skipped,skipped,skipped,4,10
1722,Iris GIBSON (SNP),Jim TORRANCE (SNP),Gail SHERIDAN (Sol),skipped,skipped,skipped,skipped,skipped,skipped,skipped,4,10
1723,Iris GIBSON (SNP),Jim TORRANCE (SNP),Gail SHERIDAN (Sol),skipped,skipped,skipped,skipped,skipped,skipped,skipped,4,10
1724,Iris GIBSON (SNP),Jim TORRANCE (SNP),Gail SHERIDAN (Sol),skipped,skipped,skipped,skipped,skipped,skipped,skipped,4,10
1725,Iris GIBSON (SNP),Jim TORRANCE (SNP),Gail SHERIDAN (Sol),skipped,skipped,skipped,skipped,skipped,skipped,skipped,4,10
1726,Iris GIBSON (SNP),Jim TORRANCE (SNP),Gail SHERIDAN (Sol),skipped,skipped,skipped,skipped,skipped,skipped,skipped,4,10
1727,Iris GIBSON (SNP),Jim TORRANCE (SNP),Gail SHERIDAN (Sol),skipped,skipped,skipped,skipped,skipped,skipped,skipped,4,10
1728,Iris GIBSON (SNP),Jim TORRANCE (SNP),Gail SHERIDAN (Sol),skipped,skipped,skipped,skipped,skipped,skipped,skipped,4,10
1729,Iris GIBSON (SNP),Jim TORRANCE (SNP),Gail SHERIDAN (Sol),skipped,skipped,skipped,skipped,skipped,skipped,skipped,4,10
1730,Iris GIBSON (SNP),Jim TORRANCE (SNP),Gail SHERIDAN (Sol),skipped,skipped,skipped,skipped,skipped,skipped,skipped,4,10
1731,Iris GIBSON (SNP),Jim TORRANCE (SNP),Gail SHERIDAN (Sol),skipped,skipped,skipped,skipped,skipped,skipped,skipped,4,10
1732,Iris GIBSON (SNP),Jim TORRANCE (SNP),Gail SHERIDAN (Sol),skipped,skipped,skipped,skipped,skipped,skipped,skipped,4,10
1733,Iris GIBSON (SNP),Jim TORRANCE (SNP),Gail SHERIDAN (Sol),skipped,skipped,skipped,skipped,skipped,skipped,skipped,4,10
1734,Iris GIBSON (SNP),Jim TORRANCE (SNP),Gail SHERIDAN (Sol),skipped,skipped,skipped,skipped,skipped,skipped,skipped,4,10
1735,Iris GIBSON (SNP),Jim TORRANCE (SNP),Gail SHERIDAN (Sol),skipped,skipped,skipped,skipped,skipped,skipped,skipped,4,10
1736,Iris GIBSON (SNP),Jim TORRANCE (SNP),Gail SHERIDAN (Sol),skipped,skipped,skipped,skipped,skipped,skipped,skipped,4,10
1737,Iris GIBSON (SNP),Jim TORRANCE (SNP),Gail SHERIDAN (Sol),skipped,skipped,skipped,skipped,skipped,skipped,skipped,4,10
1738,Iris GIBSON (SNP),Jim TORRANCE (SNP),Gail SHERIDAN (Sol),skipped,skipped,skipped,skipped,skipped,skipped,skipped,4,10
1739,Iris GIBSON (SNP),Jim TORRANCE (SNP),Gail SHERIDAN (Sol),skipped,skipped,skipped,skipped,skipped,skipped,skipped,4,10
1740,Iris GIBSON (SNP),Jim TORRANCE (SNP),Gail SHERIDAN (Sol),skipped,skipped,skipped,skipped,skipped,skipped,skipped,4,10
1741,Iris GIBSON (SNP),Jim TORRANCE (SNP),Gail SHERIDAN (Sol),skipped,skipped,skipped,skipped,skipped,skipped,skipped,4,10
1742,Iris GIBSON (SNP),Jim TORRANCE (SNP),Gail SHERIDAN (Sol),skipped,skipped,skipped,skipped,skipped,skipped,skipped,4,10
1743,Iris GIBSON (SNP),Jim TORRANCE (SNP),Gail SHERIDAN (Sol),skipped,skipped,skipped,skipped,skipped,skipped,skipped,4,10
1744,Iris GIBSON (SNP),Jim TORRANCE (SNP),Gail SHERIDAN (Sol),skipped,skipped,skipped,skipped,skipped,skipped,skipped,4,10
1745,Iris GIBSON (SNP),Jim TORRANCE (SNP),Gail SHERIDAN (Sol),skipped,skipped,skipped,skipped,skipped,skipped,skipped,4,10
1746,Iris GIBSON (SNP),Jim TORRANCE (SNP),Gail SHERIDAN (Sol),skipped,skipped,skipped,skipped,skipped,skipped,skipped,4,10
1747,Iris GIBSON (SNP),Jim TORRANCE (SNP),Gail SHERIDAN (Sol),skipped,skipped,skipped,skipped,skipped,skipped,skipped,4,10
1748,Iris GIBSON (SNP),Jim TORRANCE (SNP),Gail SHERIDAN (Sol),skipped,skipped,skipped,skipped,skipped,skipped,skipped,4,10
1749,Iris GIBSON (SNP),Jim TORRANCE (SNP),Gail SHERIDAN (Sol),skipped,skipped,skipped,skipped,skipped,skipped,skipped,4,10
1750,Iris GIBSON (SNP),Jim TORRANCE (SNP),Gail SHERIDAN (Sol),skipped,skipped,skipped,skipped,skipped,skipped,skipped,4,10
1751,Iris GIBSON (SNP),Jim TORRANCE (SNP),Gail SHERIDAN (Sol),skipped,skipped,skipped,skipped,skipped,skipped,skipped,4,10
1752,Iris GIBSON (SNP),Jim TORRANCE (SNP),Gail SHERIDAN (Sol),skipped,skipped,skipped,skipped,skipped,skipped,skipped,4,10
1753,Iris GIBSON (SNP),Jim TORRANCE (SNP),Gail SHERIDAN (Sol),skipped,skipped,skipped,skipped,skipped,skipped,skipped,4,10
1754,Iris GIBSON (SNP),Jim TORRANCE (SNP),Gail SHERIDAN (Sol),skipped,skipped,skipped,skipped,skipped,skipped,skipped,4,10
1755,Iris GIBSON (SNP),Jim TORRANCE (SNP),Gail SHERIDAN (Sol),skipped,skipped,skipped,skipped,skipped,skipped,skipped,4,10
1756,Iris GIBSON (SNP),Jim TORRANCE (SNP),Gail SHERIDAN (Sol),skipped,skipped,skipped,skipped,skipped,skipped,skipped,4,10
1757,Iris GIBSON (SNP),Jim TORRANCE (SNP),Gail SHERIDAN (Sol),skipped,skipped,skipped,skipped,skipped,skipped,skipped,4,10
1758,Iris GIBSON (SNP),Jim TORRANCE (SNP),Gail SHERIDAN (Sol),skipped,skipped,skipped,skipped,skipped,skipped,skipped,4,10
1759,Iris GIBSON (SNP),Jim TORRANCE (SNP),Gail SHERIDAN (Sol),skipped,skipped,skipped,skipped,skipped,skipped,skipped,4,10
1760,Iris GIBSON (SNP),Jim TORRANCE (SNP),Gail SHERIDAN (Sol),skipped,skipped,skipped,skipped,skipped,skipped,skipped,4,10
1761,Iris GIBSON (SNP),Jim TORRANCE (SNP),Gail SHERIDAN (Sol),skipped,skipped,skipped,skipped,skipped,skipped,skipped,4,10
1762,Iris GIBSON (SNP),Jim TORRANCE (SNP),Gail SHERIDAN (Sol),skipped,skipped,skipped,skipped,skipped,skipped,skipped,4,10
1763,Iris GIBSON (SNP),Jim TORRANCE (SNP),Gail SHERIDAN (Sol),skipped,skipped,skipped,skipped,skipped,skipped,skipped,4,10
1764,Iris GIBSON (SNP),Jim TORRANCE (SNP),Gail SHERIDAN (Sol),skipped,skipped,skipped,skipped,skipped,skipped,skipped,4,10
1765,Iris GIBSON (SNP),Jim TORRANCE (SNP),Gail SHERIDAN (Sol),skipped,skipped,skipped,skipped,skipped,skipped,skipped,4,10
1766,Iris GIBSON (SNP),Jim TORRANCE (SNP),Gail SHERIDAN (Sol),skipped,skipped,skipped,skipped,skipped,skipped,skipped,4,10
1767,Iris GIBSON (SNP),Jim TORRANCE (SNP),Gail SHERIDAN (Sol),skipped,skipped,skipped,skipped,skipped,skipped,skipped,4,10
1768,Iris GIBSON (SNP),Jim TORRANCE (SNP),Gail SHERIDAN (Sol),skipped,skipped,skipped,skipped,skipped,skipped,skipped,4,10
1769,Iris GIBSON (SNP),Jim TORRANCE (SNP),Gail SHERIDAN (Sol),skipped,skipped,skipped,skipped,skipped,skipped,skipped,4,10
1770,Iris GIBSON (SNP),Jim TORRANCE (SNP),Gail SHERIDAN (Sol),skipped,skipped,skipped,skipped,skipped,skipped,skipped,4,10
1771,Iris GIBSON (SNP),Jim TORRANCE (SNP),Gail SHERIDAN (Sol),skipped,skipped,skipped,skipped,skipped,skipped,skipped,4,10
1772,Iris GIBSON (SNP),Jim TORRANCE (SNP),Gail SHERIDAN (Sol),skipped,skipped,skipped,skipped,skipped,skipped,skipped,4,10
1773,Iris GIBSON (SNP),Jim TORRANCE (SNP),Gail SHERIDAN (Sol),skipped,skipped,skipped,skipped,skipped,skipped,skipped,4,10
1774,Iris GIBSON (SNP),Jim TORRANCE (SNP),Gail SHERIDAN (Sol),skipped,skipped,skipped,skipped,skipped,skipped,skipped,4,10
1775,Iris GIBSON (SNP),Jim TORRANCE (SNP),Gail SHERIDAN (Sol),skipped,skipped,skipped,skipped,skipped,skipped,skipped,4,10
1776,Iris GIBSON (SNP),Jim TORRANCE (SNP),Gail SHERIDAN (Sol),skipped,skipped,skipped,skipped,skipped,skipped,skipped,4,10
1777,Iris GIBSON (SNP),Jim TORRANCE (SNP),Gail SHERIDAN (Sol),skipped,skipped,skipped,skipped,skipped,skipped,skipped,4,10
1778,Iris GIBSON (SNP),Jim TORRANCE (SNP),Gail SHERIDAN (Sol),skipped,skipped,skipped,skipped,skipped,skipped,skipped,4,10
1779,Iris GIBSON (SNP),Jim TORRANCE (SNP),Gail SHERIDAN (Sol),skipped,skipped,skipped,skipped,skipped,skipped,skipped,4,10
1780,Iris GIBSON (SNP),Jim TORRANCE (SNP),Gail SHERIDAN (Sol),skipped,skipped,skipped,skipped,skipped,skipped,skipped,4,10
1781,Iris GIBSON (SNP),Jim TORRANCE (SNP),Gail SHERIDAN (Sol),skipped,skipped,skipped,skipped,skipped,skipped,skipped,4,10
1782,Iris GIBSON (SNP),Jim TORRANCE (SNP),Gail SHERIDAN (Sol),skipped,skipped,skipped,skipped,skipped,skipped,skipped,4,10
1783,Iris GIBSON (SNP),Jim TORRANCE (SNP),Gail SHERIDAN (Sol),skipped,skipped,skipped,skipped,skipped,skipped,skipped,4,10
1784,Iris GIBSON (SNP),Jim TORRANCE (SNP),Gail SHERIDAN (Sol),skipped,skipped,skipped,skipped,skipped,skipped,skipped,4,10
1785,Iris GIBSON (SNP),Jim TORRANCE (SNP),Gail SHERIDAN (Sol),skipped,skipped,skipped,skipped,skipped,skipped,skipped,4,10
1786,Iris GIBSON (SNP),Jim TORRANCE (SNP),Gail SHERIDAN (Sol),skipped,skipped,skipped,skipped,skipped,skipped,skipped,4,10
1787,Iris GIBSON (SNP),Jim TORRANCE (SNP),Gail SHERIDAN (Sol),skipped,skipped,skipped,skipped,skipped,skipped,skipped,4,10
1788,Iris GIBSON (SNP),Jim TORRANCE (SNP),Gail SHERIDAN (Sol),skipped,skipped,skipped,skipped,skipped,skipped,skipped,4,10
1789,Iris GIBSON (SNP),Jim TORRANCE (SNP),Gail SHERIDAN (Sol),skipped,skipped,skipped,skipped,skipped,skipped,skipped,4,10
1790,Iris GIBSON (SNP),Jim TORRANCE (SNP),Gail SHERIDAN (Sol),skipped,skipped,skipped,skipped,skipped,skipped,skipped,4,10
1791,Iris GIBSON (SNP),Jim TORRANCE (SNP),Gail SHERIDAN (Sol),skipped,skipped,skipped,skipped,skipped,skipped,skipped,4,10
1792,Iris GIBSON (SNP),Jim TORRANCE (SNP),Gail SHERIDAN (Sol),skipped,skipped,skipped,skipped,skipped,skipped,skipped,4,10
1793,Iris GIBSON (SNP),Jim TORRANCE (SNP),Gail SHERIDAN (Sol),skipped,skipped,skipped,skipped,skipped,skipped,skipped,4,10
1794,Iris GIBSON (SNP),Jim TORRANCE (SNP),Gail SHERIDAN (Sol),skipped,skipped,skipped,skipped,skipped,skipped,skipped,4,10
1795,Iris GIBSON (SNP),Jim TORRANCE (SNP),Gail SHERIDAN (Sol),skipped,skipped,skipped,skipped,skipped,skipped,skipped,4,10
1796,Iris GIBSON (SNP),Jim TORRANCE (SNP),Gail SHERIDAN (Sol),skipped,skipped,skipped,skipped,skipped,skipped,skipped,4,10
1797,Iris GIBSON (SNP),Jim TORRANCE (SNP),Gail SHERIDAN (Sol),skipped,skipped,skipped,skipped,skipped,skipped,skipped,4,10
1798,Iris GIBSON (SNP),Jim TORRANCE (SNP),Gail SHERIDAN (Sol),skipped,skipped,skipped,skipped,skipped,skipped,skipped,4,10
1799,Iris GIBSON (SNP),Jim TORRANCE (SNP),Gail SHERIDAN (Sol),skipped,skipped,skipped,skipped,skipped,skipped,skipped,4,10
1800,Iris GIBSON (SNP),Jim TORRANCE (SNP),Gail SHERIDAN (Sol),skipped,skipped,skipped,skipped,skipped,skipped,skipped,4,10
1801,Iris GIBSON (SNP),Jim TORRANCE (SNP),Gail SHERIDAN (Sol),skipped,skipped,skipped,skipped,skipped,skipped,skipped,4,10
1802,Iris GIBSON (SNP),Jim TORRANCE (SNP),Gail SHERIDAN (Sol),skipped,skipped,skipped,skipped,skipped,skipped,skipped,4,10
1803,Iris GIBSON (SNP),Jim TORRANCE (SNP),Gail SHERIDAN (Sol),skipped,skipped,skipped,skipped,skipped,skipped,skipped,4,10
1804,Iris GIBSON (SNP),Jim TORRANCE (SNP),Gail SHERIDAN (Sol),skipped,skipped,skipped,skipped,skipped,skipped,skipped,4,10
1805,Iris GIBSON (SNP),Jim TORRANCE (SNP),Gail SHERIDAN (Sol),skipped,skipped,skipped,skipped,skipped,skipped,skipped,4,10
1806,Iris GIBSON (SNP),Jim TORRANCE (SNP),Gail SHERIDAN (Sol),skipped,skipped,skipped,skipped,skipped,skipped,skipped,4,10
1807,Iris GIBSON (SNP),Jim TORRANCE (SNP),Gail SHERIDAN (Sol),skipped,skipped,skipped,skipped,skipped,skipped,skipped,4,10
1808,Iris GIBSON (SNP),Jim TORRANCE (SNP),Gail SHERIDAN (Sol),skipped,skipped,skipped,skipped,skipped,skipped,skipped,4,10
1809,Iris GIBSON (SNP),Jim TORRANCE (SNP),Gail SHERIDAN (Sol),skipped,skipped,skipped,skipped,skipped,skipped,skipped,4,10
1810,Iris GIBSON (SNP),Jim TORRANCE (SNP),Gail SHERIDAN (Sol),skipped,skipped,skipped,skipped,skipped,skipped,skipped,4,10
1811,Iris GIBSON (SNP),Jim TORRANCE (SNP),Gail SHERIDAN (Sol),skipped,skipped,skipped,skipped,skipped,skipped,skipped,4,10
1812,Iris GIBSON (SNP),Jim TORRANCE (SNP),Gail SHERIDAN (Sol),skipped,skipped,skipped,skipped,skipped,skipped,skipped,4,10
1813,Iris GIBSON (SNP),Jim TORRANCE (SNP),Gail SHERIDAN (Sol),skipped,skipped,skipped,skipped,skipped,skipped,skipped,4,10
1814,Iris GIBSON (SNP),Jim TORRANCE (SNP),Gail SHERIDAN (Sol),skipped,skipped,skipped,skipped,skipped,skipped,skipped,4,10
1815,Iris GIBSON (SNP),Jim TORRANCE (SNP),Gail SHERIDAN (Sol),skipped,skipped,skipped,skipped,skipped,skipped,skipped,4,10
1816,Iris GIBSON (SNP),Jim TORRANCE (SNP),Gail SHERIDAN (Sol),skipped,skipped,skipped,skipped,skipped,skipped,skipped,4,10
1817,Iris GIBSON (SNP),Jim TORRANCE (SNP),Gail SHERIDAN (Sol),skipped,skipped,skipped,skipped,skipped,skipped,skipped,4,10
1818,Iris GIBSON (SNP),Jim TORRANCE (SNP),Gail SHERIDAN (Sol),skipped,skipped,skipped,skipped,skipped,skipped,skipped,4,10
1819,Iris GIBSON (SNP),Jim TORRANCE (SNP),Gail SHERIDAN (Sol),skipped,skipped,skipped,skipped,skipped,skipped,skipped,4,10
1820,Iris GIBSON (SNP),Jim TORRANCE (SNP),Gail SHERIDAN (Sol),skipped,skipped,skipped,skipped,skipped,skipped,skipped,4,10
1821,Iris GIBSON (SNP),Jim TORRANCE (SNP),Gail SHERIDAN (Sol),skipped,skipped,skipped,skipped,skipped,skipped,skipped,4,10
1822,Iris GIBSON (SNP),Jim TORRANCE (SNP),Gail SHERIDAN (Sol),skipped,skipped,skipped,skipped,skipped,skipped,skipped,4,10
1823,Iris GIBSON (SNP),Jim TORRANCE (SNP),Gail SHERIDAN (Sol),skipped,skipped,skipped,skipped,skipped,skipped,skipped,4,10
1824,Iris GIBSON (SNP),Jim TORRANCE (SNP),Gail SHERIDAN (Sol),Alistair WATSON (Lab),skipped,skipped,skipped,skipped,skipped,skipped,4,10
1825,Iris GIBSON (SNP),Jim TORRANCE (SNP),Gail SHERIDAN (Sol),Alistair WATSON (Lab),skipped,skipped,skipped,skipped,skipped,skipped,4,10
1826,Iris GIBSON (SNP),Jim TORRANCE (SNP),Gail SHERIDAN (Sol),Alistair WATSON (Lab),skipped,skipped,skipped,skipped,skipped,skipped,4,10
1827,Iris GIBSON (SNP),Jim TORRANCE (SNP),Gail SHERIDAN (Sol),Alistair WATSON (Lab),skipped,skipped,skipped,skipped,skipped,skipped,4,10
1828,Iris GIBSON (SNP),Jim TORRANCE (SNP),Gail SHERIDAN (Sol),Alistair WATSON (Lab),Matt KERR (Lab),skipped,skipped,skipped,skipped,skipped,4,10
1829,Iris GIBSON (SNP),Jim TORRANCE (SNP),Gail SHERIDAN (Sol),Alistair WATSON (Lab),Matt KERR (Lab),Ian RUFFELL (Grn),Isabel NELSON (LD),Gordon MACDIARMID (Glasgow First),Janice MACKAY (UKIP),Jayne Ann MORGAN (Con),4,10
1830,Iris GIBSON (SNP),Jim TORRANCE (SNP),Gail SHERIDAN (Sol),Alistair WATSON (Lab),Gordon MACDIARMID (Glasgow First),skipped,skipped,skipped,skipped,skipped,4,10
1831,Iris GIBSON (SNP),Jim TORRANCE (SNP),Gail SHERIDAN (Sol),Alistair WATSON (Lab),Ian RUFFELL (Grn),skipped,skipped,skipped,skipped,skipped,4,10
1832,Iris GIBSON (SNP),Jim TORRANCE (SNP),Gail SHERIDAN (Sol),Matt KERR (Lab),skipped,skipped,skipped,skipped,skipped,skipped,4,10
1833,Iris GIBSON (SNP),Jim TORRANCE (SNP),Gail SHERIDAN (Sol),Matt KERR (Lab),skipped,skipped,skipped,skipped,skipped,skipped,4,10
1834,Iris GIBSON (SNP),Jim TORRANCE (SNP),Gail SHERIDAN (Sol),Matt KERR (Lab),Alistair WATSON (Lab),skipped,skipped,skipped,skipped,skipped,4,10
1835,Iris GIBSON (SNP),Jim TORRANCE (SNP),Gail SHERIDAN (Sol),Matt KERR (Lab),Alistair WATSON (Lab),skipped,skipped,skipped,skipped,skipped,4,10
1836,Iris GIBSON (SNP),Jim TORRANCE (SNP),Gail SHERIDAN (Sol),Matt KERR (Lab),Alistair WATSON (Lab),skipped,skipped,skipped,skipped,skipped,4,10
1837,Iris GIBSON (SNP),Jim TORRANCE (SNP),Gail SHERIDAN (Sol),Matt KERR (Lab),Alistair WATSON (Lab),skipped,skipped,skipped,skipped,skipped,4,10
1838,Iris GIBSON (SNP),Jim TORRANCE (SNP),Gail SHERIDAN (Sol),Matt KERR (Lab),Alistair WATSON (Lab),skipped,skipped,skipped,skipped,skipped,4,10
1839,Iris GIBSON (SNP),Jim TORRANCE (SNP),Gail SHERIDAN (Sol),Matt KERR (Lab),Alistair WATSON (Lab),Isabel NELSON (LD),skipped,skipped,skipped,skipped,4,10
1840,Iris GIBSON (SNP),Jim TORRANCE (SNP),Gail SHERIDAN (Sol),Matt KERR (Lab),Alistair WATSON (Lab),Ian RUFFELL (Grn),Gordon MACDIARMID (Glasgow First),Janice MACKAY (UKIP),Jayne Ann MORGAN (Con),Isabel NELSON (LD),4,10
1841,Iris GIBSON (SNP),Jim TORRANCE (SNP),Gail SHERIDAN (Sol),Matt KERR (Lab),Isabel NELSON (LD),skipped,skipped,skipped,skipped,skipped,4,10
1842,Iris GIBSON (SNP),Jim TORRANCE (SNP),Gail SHERIDAN (Sol),Matt KERR (Lab),Ian RUFFELL (Grn),skipped,skipped,skipped,skipped,skipped,4,10
1843,Iris GIBSON (SNP),Jim TORRANCE (SNP),Gail SHERIDAN (Sol),Gordon MACDIARMID (Glasgow First),skipped,skipped,skipped,skipped,skipped,skipped,4,10
1844,Iris GIBSON (SNP),Jim TORRANCE (SNP),Gail SHERIDAN (Sol),Gordon MACDIARMID (Glasgow First),skipped,skipped,skipped,skipped,skipped,skipped,4,10
1845,Iris GIBSON (SNP),Jim TORRANCE (SNP),Gail SHERIDAN (Sol),Gordon MACDIARMID (Glasgow First),skipped,skipped,skipped,skipped,skipped,skipped,4,10
1846,Iris GIBSON (SNP),Jim TORRANCE (SNP),Gail SHERIDAN (Sol),Gordon MACDIARMID (Glasgow First),Alistair WATSON (Lab),Matt KERR (Lab),skipped,skipped,skipped,skipped,4,10
1847,Iris GIBSON (SNP),Jim TORRANCE (SNP),Gail SHERIDAN (Sol),Gordon MACDIARMID (Glasgow First),Janice MACKAY (UKIP),Ian RUFFELL (Grn),skipped,skipped,skipped,skipped,4,10
1848,Iris GIBSON (SNP),Jim TORRANCE (SNP),Gail SHERIDAN (Sol),Gordon MACDIARMID (Glasgow First),Jayne Ann MORGAN (Con),skipped,skipped,skipped,skipped,skipped,4,10
1849,Iris GIBSON (SNP),Jim TORRANCE (SNP),Gail SHERIDAN (Sol),Gordon MACDIARMID (Glasgow First),Jayne Ann MORGAN (Con),skipped,skipped,skipped,skipped,skipped,4,10
1850,Iris GIBSON (SNP),Jim TORRANCE (SNP),Gail SHERIDAN (Sol),Gordon MACDIARMID (Glasgow First),Ian RUFFELL (Grn),Isabel NELSON (LD),Janice MACKAY (UKIP),Jayne Ann MORGAN (Con),Matt KERR (Lab),Alistair WATSON (Lab),4,10
1851,Iris GIBSON (SNP),Jim TORRANCE (SNP),Gail SHERIDAN (Sol),Janice MACKAY (UKIP),skipped,skipped,skipped,skipped,skipped,skipped,4,10
1852,Iris GIBSON (SNP),Jim TORRANCE (SNP),Gail SHERIDAN (Sol),Janice MACKAY (UKIP),skipped,skipped,skipped,skipped,skipped,skipped,4,10
1853,Iris GIBSON (SNP),Jim TORRANCE (SNP),Gail SHERIDAN (Sol),Janice MACKAY (UKIP),skipped,skipped,skipped,skipped,skipped,skipped,4,10
1854,Iris GIBSON (SNP),Jim TORRANCE (SNP),Gail SHERIDAN (Sol),Janice MACKAY (UKIP),Gordon MACDIARMID (Glasgow First),Ian RUFFELL (Grn),skipped,skipped,skipped,skipped,4,10
1855,Iris GIBSON (SNP),Jim TORRANCE (SNP),Gail SHERIDAN (Sol),Jayne Ann MORGAN (Con),Ian RUFFELL (Grn),Gordon MACDIARMID (Glasgow First),Janice MACKAY (UKIP),Isabel NELSON (LD),Alistair WATSON (Lab),Matt KERR (Lab),4,10
1856,Iris GIBSON (SNP),Jim TORRANCE (SNP),Gail SHERIDAN (Sol),Isabel NELSON (LD),Ian RUFFELL (Grn),Janice MACKAY (UKIP),Gordon MACDIARMID (Glasgow First),Jayne Ann MORGAN (Con),Matt KERR (Lab),Alistair WATSON (Lab),4,10
1857,Iris GIBSON (SNP),Jim TORRANCE (SNP),Gail SHERIDAN (Sol),Ian RUFFELL (Grn),skipped,skipped,skipped,skipped,skipped,skipped,4,10
1858,Iris GIBSON (SNP),Jim TORRANCE (SNP),Gail SHERIDAN (Sol),Ian RUFFELL (Grn),skipped,skipped,skipped,skipped,skipped,skipped,4,10
1859,Iris GIBSON (SNP),Jim TORRANCE (SNP),Gail SHERIDAN (Sol),Ian RUFFELL (Grn),skipped,skipped,skipped,skipped,skipped,skipped,4,10
1860,Iris GIBSON (SNP),Jim TORRANCE (SNP),Gail SHERIDAN (Sol),Ian RUFFELL (Grn),skipped,skipped,skipped,skipped,skipped,skipped,4,10
1861,Iris GIBSON (SNP),Jim TORRANCE (SNP),Gail SHERIDAN (Sol),Ian RUFFELL (Grn),skipped,skipped,skipped,skipped,skipped,skipped,4,10
1862,Iris GIBSON (SNP),Jim TORRANCE (SNP),Gail SHERIDAN (Sol),Ian RUFFELL (Grn),skipped,skipped,skipped,skipped,skipped,skipped,4,10
1863,Iris GIBSON (SNP),Jim TORRANCE (SNP),Gail SHERIDAN (Sol),Ian RUFFELL (Grn),skipped,skipped,skipped,skipped,skipped,skipped,4,10
1864,Iris GIBSON (SNP),Jim TORRANCE (SNP),Gail SHERIDAN (Sol),Ian RUFFELL (Grn),skipped,skipped,skipped,skipped,skipped,skipped,4,10
1865,Iris GIBSON (SNP),Jim TORRANCE (SNP),Gail SHERIDAN (Sol),Ian RUFFELL (Grn),skipped,skipped,skipped,skipped,skipped,skipped,4,10
1866,Iris GIBSON (SNP),Jim TORRANCE (SNP),Gail SHERIDAN (Sol),Ian RUFFELL (Grn),skipped,skipped,skipped,skipped,skipped,skipped,4,10
1867,Iris GIBSON (SNP),Jim TORRANCE (SNP),Gail SHERIDAN (Sol),Ian RUFFELL (Grn),skipped,skipped,skipped,skipped,skipped,skipped,4,10
1868,Iris GIBSON (SNP),Jim TORRANCE (SNP),Gail SHERIDAN (Sol),Ian RUFFELL (Grn),skipped,skipped,skipped,skipped,skipped,skipped,4,10
1869,Iris GIBSON (SNP),Jim TORRANCE (SNP),Gail SHERIDAN (Sol),Ian RUFFELL (Grn),Matt KERR (Lab),Alistair WATSON (Lab),Isabel NELSON (LD),Jayne Ann MORGAN (Con),Gordon MACDIARMID (Glasgow First),Janice MACKAY (UKIP),4,10
1870,Iris GIBSON (SNP),Jim TORRANCE (SNP),Gail SHERIDAN (Sol),Ian RUFFELL (Grn),Gordon MACDIARMID (Glasgow First),skipped,skipped,skipped,skipped,skipped,4,10
1871,Iris GIBSON (SNP),Jim TORRANCE (SNP),Gail SHERIDAN (Sol),Ian RUFFELL (Grn),Gordon MACDIARMID (Glasgow First),skipped,skipped,skipped,skipped,skipped,4,10
1872,Iris GIBSON (SNP),Jim TORRANCE (SNP),Gail SHERIDAN (Sol),Ian RUFFELL (Grn),Gordon MACDIARMID (Glasgow First),Janice MACKAY (UKIP),Isabel NELSON (LD),Matt KERR (Lab),Alistair WATSON (Lab),Jayne Ann MORGAN (Con),4,10
1873,Iris GIBSON (SNP),Jim TORRANCE (SNP),Gail SHERIDAN (Sol),Ian RUFFELL (Grn),Janice MACKAY (UKIP),skipped,skipped,skipped,skipped,skipped,4,10
1874,Iris GIBSON (SNP),Jim TORRANCE (SNP),Gail SHERIDAN (Sol),Ian RUFFELL (Grn),Isabel NELSON (LD),skipped,skipped,skipped,skipped,skipped,4,10
1875,Iris GIBSON (SNP),Jim TORRANCE (SNP),Gail SHERIDAN (Sol),Ian RUFFELL (Grn),Isabel NELSON (LD),Alistair WATSON (Lab),Matt KERR (Lab),Gordon MACDIARMID (Glasgow First),Jayne Ann MORGAN (Con),Janice MACKAY (UKIP),4,10
1876,Alistair WATSON (Lab),skipped,skipped,skipped,skipped,skipped,skipped,skipped,skipped,skipped,4,10
1877,Alistair WATSON (Lab),skipped,skipped,skipped,skipped,skipped,skipped,skipped,skipped,skipped,4,10
1878,Alistair WATSON (Lab),skipped,skipped,skipped,skipped,skipped,skipped,skipped,skipped,skipped,4,10
1879,Alistair WATSON (Lab),skipped,skipped,skipped,skipped,skipped,skipped,skipped,skipped,skipped,4,10
1880,Alistair WATSON (Lab),skipped,skipped,skipped,skipped,skipped,skipped,skipped,skipped,skipped,4,10
1881,Alistair WATSON (Lab),skipped,skipped,skipped,skipped,skipped,skipped,skipped,skipped,skipped,4,10
1882,Alistair WATSON (Lab),skipped,skipped,skipped,skipped,skipped,skipped,skipped,skipped,skipped,4,10
1883,Alistair WATSON (Lab),skipped,skipped,skipped,skipped,skipped,skipped,skipped,skipped,skipped,4,10
1884,Alistair WATSON (Lab),skipped,skipped,skipped,skipped,skipped,skipped,skipped,skipped,skipped,4,10
1885,Alistair WATSON (Lab),skipped,skipped,skipped,skipped,skipped,skipped,skipped,skipped,skipped,4,10
1886,Alistair WATSON (Lab),skipped,skipped,skipped,skipped,skipped,skipped,skipped,skipped,skipped,4,10
1887,Alistair WATSON (Lab),skipped,skipped,skipped,skipped,skipped,skipped,skipped,skipped,skipped,4,10
1888,Alistair WATSON (Lab),skipped,skipped,skipped,skipped,skipped,skipped,skipped,skipped,skipped,4,10
1889,Alistair WATSON (Lab),skipped,skipped,skipped,skipped,skipped,skipped,skipped,skipped,skipped,4,10
1890,Alistair WATSON (Lab),skipped,skipped,skipped,skipped,skipped,skipped,skipped,skipped,skipped,4,10
1891,Alistair WATSON (Lab),skipped,skipped,skipped,skipped,skipped,skipped,skipped,skipped,skipped,4,10
1892,Alistair WATSON (Lab),skipped,skipped,skipped,skipped,skipped,skipped,skipped,skipped,skipped,4,10
1893,Alistair WATSON (Lab),skipped,skipped,skipped,skipped,skipped,skipped,skipped,skipped,skipped,4,10
1894,Alistair WATSON (Lab),skipped,skipped,skipped,skipped,skipped,skipped,skipped,skipped,skipped,4,10
1895,Alistair WATSON (Lab),skipped,skipped,skipped,skipped,skipped,skipped,skipped,skipped,skipped,4,10
1896,Alistair WATSON (Lab),skipped,skipped,skipped,skipped,skipped,skipped,skipped,skipped,skipped,4,10
1897,Alistair WATSON (Lab),skipped,skipped,skipped,skipped,skipped,skipped,skipped,skipped,skipped,4,10
1898,Alistair WATSON (Lab),skipped,skipped,skipped,skipped,skipped,skipped,skipped,skipped,skipped,4,10
1899,Alistair WATSON (Lab),skipped,skipped,skipped,skipped,skipped,skipped,skipped,skipped,skipped,4,10
1900,Alistair WATSON (Lab),skipped,skipped,skipped,skipped,skipped,skipped,skipped,skipped,skipped,4,10
1901,Alistair WATSON (Lab),skipped,skipped,skipped,skipped,skipped,skipped,skipped,skipped,skipped,4,10
1902,Alistair WATSON (Lab),skipped,skipped,skipped,skipped,skipped,skipped,skipped,skipped,skipped,4,10
1903,Alistair WATSON (Lab),skipped,skipped,skipped,skipped,skipped,skipped,skipped,skipped,skipped,4,10
1904,Alistair WATSON (Lab),skipped,skipped,skipped,skipped,skipped,skipped,skipped,skipped,skipped,4,10
1905,Alistair WATSON (Lab),skipped,skipped,skipped,skipped,skipped,skipped,skipped,skipped,skipped,4,10
1906,Alistair WATSON (Lab),skipped,skipped,skipped,skipped,skipped,skipped,skipped,skipped,skipped,4,10
1907,Alistair WATSON (Lab),skipped,skipped,skipped,skipped,skipped,skipped,skipped,skipped,skipped,4,10
1908,Alistair WATSON (Lab),skipped,skipped,skipped,skipped,skipped,skipped,skipped,skipped,skipped,4,10
1909,Alistair WATSON (Lab),skipped,skipped,skipped,skipped,skipped,skipped,skipped,skipped,skipped,4,10
1910,Alistair WATSON (Lab),skipped,skipped,skipped,skipped,skipped,skipped,skipped,skipped,skipped,4,10
1911,Alistair WATSON (Lab),skipped,skipped,skipped,skipped,skipped,skipped,skipped,skipped,skipped,4,10
1912,Alistair WATSON (Lab),skipped,skipped,skipped,skipped,skipped,skipped,skipped,skipped,skipped,4,10
1913,Alistair WATSON (Lab),skipped,skipped,skipped,skipped,skipped,skipped,skipped,skipped,skipped,4,10
1914,Alistair WATSON (Lab),skipped,skipped,skipped,skipped,skipped,skipped,skipped,skipped,skipped,4,10
1915,Alistair WATSON (Lab),skipped,skipped,skipped,skipped,skipped,skipped,skipped,skipped,skipped,4,10
1916,Alistair WATSON (Lab),skipped,skipped,skipped,skipped,skipped,skipped,skipped,skipped,skipped,4,10
1917,Alistair WATSON (Lab),skipped,skipped,skipped,skipped,skipped,skipped,skipped,skipped,skipped,4,10
1918,Alistair WATSON (Lab),skipped,skipped,skipped,skipped,skipped,skipped,skipped,skipped,skipped,4,10
1919,Alistair WATSON (Lab),skipped,skipped,skipped,skipped,skipped,skipped,skipped,skipped,skipped,4,10
1920,Alistair WATSON (Lab),skipped,skipped,skipped,skipped,skipped,skipped,skipped,skipped,skipped,4,10
1921,Alistair WATSON (Lab),skipped,skipped,skipped,skipped,skipped,skipped,skipped,skipped,skipped,4,10
1922,Alistair WATSON (Lab),skipped,skipped,skipped,skipped,skipped,skipped,skipped,skipped,skipped,4,10
1923,Alistair WATSON (Lab),skipped,skipped,skipped,skipped,skipped,skipped,skipped,skipped,skipped,4,10
1924,Alistair WATSON (Lab),skipped,skipped,skipped,skipped,skipped,skipped,skipped,skipped,skipped,4,10
1925,Alistair WATSON (Lab),skipped,skipped,skipped,skipped,skipped,skipped,skipped,skipped,skipped,4,10
1926,Alistair WATSON (Lab),skipped,skipped,skipped,skipped,skipped,skipped,skipped,skipped,skipped,4,10
1927,Alistair WATSON (Lab),skipped,skipped,skipped,skipped,skipped,skipped,skipped,skipped,skipped,4,10
1928,Alistair WATSON (Lab),skipped,skipped,skipped,skipped,skipped,skipped,skipped,skipped,skipped,4,10
1929,Alistair WATSON (Lab),skipped,skipped,skipped,skipped,skipped,skipped,skipped,skipped,skipped,4,10
1930,Alistair WATSON (Lab),skipped,skipped,skipped,skipped,skipped,skipped,skipped,skipped,skipped,4,10
1931,Alistair WATSON (Lab),skipped,skipped,skipped,skipped,skipped,skipped,skipped,skipped,skipped,4,10
1932,Alistair WATSON (Lab),skipped,skipped,skipped,skipped,skipped,skipped,skipped,skipped,skipped,4,10
1933,Alistair WATSON (Lab),skipped,skipped,skipped,skipped,skipped,skipped,skipped,skipped,skipped,4,10
1934,Alistair WATSON (Lab),skipped,skipped,skipped,skipped,skipped,skipped,skipped,skipped,skipped,4,10
1935,Alistair WATSON (Lab),skipped,skipped,skipped,skipped,skipped,skipped,skipped,skipped,skipped,4,10
1936,Alistair WATSON (Lab),skipped,skipped,skipped,skipped,skipped,skipped,skipped,skipped,skipped,4,10
1937,Alistair WATSON (Lab),skipped,skipped,skipped,skipped,skipped,skipped,skipped,skipped,skipped,4,10
1938,Alistair WATSON (Lab),skipped,skipped,skipped,skipped,skipped,skipped,skipped,skipped,skipped,4,10
1939,Alistair WATSON (Lab),skipped,skipped,skipped,skipped,skipped,skipped,skipped,skipped,skipped,4,10
1940,Alistair WATSON (Lab),skipped,skipped,skipped,skipped,skipped,skipped,skipped,skipped,skipped,4,10
1941,Alistair WATSON (Lab),skipped,skipped,skipped,skipped,skipped,skipped,skipped,skipped,skipped,4,10
1942,Alistair WATSON (Lab),skipped,skipped,skipped,skipped,skipped,skipped,skipped,skipped,skipped,4,10
1943,Alistair WATSON (Lab),skipped,skipped,skipped,skipped,skipped,skipped,skipped,skipped,skipped,4,10
1944,Alistair WATSON (Lab),skipped,skipped,skipped,skipped,skipped,skipped,skipped,skipped,skipped,4,10
1945,Alistair WATSON (Lab),skipped,skipped,skipped,skipped,skipped,skipped,skipped,skipped,skipped,4,10
1946,Alistair WATSON (Lab),skipped,skipped,skipped,skipped,skipped,skipped,skipped,skipped,skipped,4,10
1947,Alistair WATSON (Lab),skipped,skipped,skipped,skipped,skipped,skipped,skipped,skipped,skipped,4,10
1948,Alistair WATSON (Lab),skipped,skipped,skipped,skipped,skipped,skipped,skipped,skipped,skipped,4,10
1949,Alistair WATSON (Lab),skipped,skipped,skipped,skipped,skipped,skipped,skipped,skipped,skipped,4,10
1950,Alistair WATSON (Lab),skipped,skipped,skipped,skipped,skipped,skipped,skipped,skipped,skipped,4,10
1951,Alistair WATSON (Lab),skipped,skipped,skipped,skipped,skipped,skipped,skipped,skipped,skipped,4,10
1952,Alistair WATSON (Lab),skipped,skipped,skipped,skipped,skipped,skipped,skipped,skipped,skipped,4,10
1953,Alistair WATSON (Lab),skipped,skipped,skipped,skipped,skipped,skipped,skipped,skipped,skipped,4,10
1954,Alistair WATSON (Lab),skipped,skipped,skipped,skipped,skipped,skipped,skipped,skipped,skipped,4,10
1955,Alistair WATSON (Lab),skipped,skipped,skipped,skipped,skipped,skipped,skipped,skipped,skipped,4,10
1956,Alistair WATSON (Lab),skipped,skipped,skipped,skipped,skipped,skipped,skipped,skipped,skipped,4,10
1957,Alistair WATSON (Lab),skipped,skipped,skipped,skipped,skipped,skipped,skipped,skipped,skipped,4,10
1958,Alistair WATSON (Lab),skipped,skipped,skipped,skipped,skipped,skipped,skipped,skipped,skipped,4,10
1959,Alistair WATSON (Lab),skipped,skipped,skipped,skipped,skipped,skipped,skipped,skipped,skipped,4,10
1960,Alistair WATSON (Lab),skipped,skipped,skipped,skipped,skipped,skipped,skipped,skipped,skipped,4,10
1961,Alistair WATSON (Lab),skipped,skipped,skipped,skipped,skipped,skipped,skipped,skipped,skipped,4,10
1962,Alistair WATSON (Lab),skipped,skipped,skipped,skipped,skipped,skipped,skipped,skipped,skipped,4,10
1963,Alistair WATSON (Lab),skipped,skipped,skipped,skipped,skipped,skipped,skipped,skipped,skipped,4,10
1964,Alistair WATSON (Lab),skipped,skipped,skipped,skipped,skipped,skipped,skipped,skipped,skipped,4,10
1965,Alistair WATSON (Lab),skipped,skipped,skipped,skipped,skipped,skipped,skipped,skipped,skipped,4,10
1966,Alistair WATSON (Lab),skipped,skipped,skipped,skipped,skipped,skipped,skipped,skipped,skipped,4,10
1967,Alistair WATSON (Lab),skipped,skipped,skipped,skipped,skipped,skipped,skipped,skipped,skipped,4,10
1968,Alistair WATSON (Lab),skipped,skipped,skipped,skipped,skipped,skipped,skipped,skipped,skipped,4,10
1969,Alistair WATSON (Lab),skipped,skipped,skipped,skipped,skipped,skipped,skipped,skipped,skipped,4,10
1970,Alistair WATSON (Lab),skipped,skipped,skipped,skipped,skipped,skipped,skipped,skipped,skipped,4,10
1971,Alistair WATSON (Lab),skipped,skipped,skipped,skipped,skipped,skipped,skipped,skipped,skipped,4,10
1972,Alistair WATSON (Lab),skipped,skipped,skipped,skipped,skipped,skipped,skipped,skipped,skipped,4,10
1973,Alistair WATSON (Lab),skipped,skipped,skipped,skipped,skipped,skipped,skipped,skipped,skipped,4,10
1974,Alistair WATSON (Lab),skipped,skipped,skipped,skipped,skipped,skipped,skipped,skipped,skipped,4,10
1975,Alistair WATSON (Lab),skipped,skipped,skipped,skipped,skipped,skipped,skipped,skipped,skipped,4,10
1976,Alistair WATSON (Lab),skipped,skipped,skipped,skipped,skipped,skipped,skipped,skipped,skipped,4,10
1977,Alistair WATSON (Lab),skipped,skipped,skipped,skipped,skipped,skipped,skipped,skipped,skipped,4,10
1978,Alistair WATSON (Lab),skipped,skipped,skipped,skipped,skipped,skipped,skipped,skipped,skipped,4,10
1979,Alistair WATSON (Lab),skipped,skipped,skipped,skipped,skipped,skipped,skipped,skipped,skipped,4,10
1980,Alistair WATSON (Lab),skipped,skipped,skipped,skipped,skipped,skipped,skipped,skipped,skipped,4,10
1981,Alistair WATSON (Lab),skipped,skipped,skipped,skipped,skipped,skipped,skipped,skipped,skipped,4,10
1982,Alistair WATSON (Lab),skipped,skipped,skipped,skipped,skipped,skipped,skipped,skipped,skipped,4,10
1983,Alistair WATSON (Lab),skipped,skipped,skipped,skipped,skipped,skipped,skipped,skipped,skipped,4,10
1984,Alistair WATSON (Lab),skipped,skipped,skipped,skipped,skipped,skipped,skipped,skipped,skipped,4,10
1985,Alistair WATSON (Lab),skipped,skipped,skipped,skipped,skipped,skipped,skipped,skipped,skipped,4,10
1986,Alistair WATSON (Lab),skipped,skipped,skipped,skipped,skipped,skipped,skipped,skipped,skipped,4,10
1987,Alistair WATSON (Lab),skipped,skipped,skipped,skipped,skipped,skipped,skipped,skipped,skipped,4,10
1988,Alistair WATSON (Lab),skipped,skipped,skipped,skipped,skipped,skipped,skipped,skipped,skipped,4,10
1989,Alistair WATSON (Lab),skipped,skipped,skipped,skipped,skipped,skipped,skipped,skipped,skipped,4,10
1990,Alistair WATSON (Lab),skipped,skipped,skipped,skipped,skipped,skipped,skipped,skipped,skipped,4,10
1991,Alistair WATSON (Lab),skipped,skipped,skipped,skipped,skipped,skipped,skipped,skipped,skipped,4,10
1992,Alistair WATSON (Lab),skipped,skipped,skipped,skipped,skipped,skipped,skipped,skipped,skipped,4,10
1993,Alistair WATSON (Lab),skipped,skipped,skipped,skipped,skipped,skipped,skipped,skipped,skipped,4,10
1994,Alistair WATSON (Lab),skipped,skipped,skipped,skipped,skipped,skipped,skipped,skipped,skipped,4,10
1995,Alistair WATSON (Lab),skipped,skipped,skipped,skipped,skipped,skipped,skipped,skipped,skipped,4,10
1996,Alistair WATSON (Lab),skipped,skipped,skipped,skipped,skipped,skipped,skipped,skipped,skipped,4,10
1997,Alistair WATSON (Lab),skipped,skipped,skipped,skipped,skipped,skipped,skipped,skipped,skipped,4,10
1998,Alistair WATSON (Lab),skipped,skipped,skipped,skipped,skipped,skipped,skipped,skipped,skipped,4,10
1999,Alistair WATSON (Lab),skipped,skipped,skipped,skipped,skipped,skipped,skipped,skipped,skipped,4,10
2000,Alistair WATSON (Lab),skipped,skipped,skipped,skipped,skipped,skipped,skipped,skipped,skipped,4,10
2001,Alistair WATSON (Lab),skipped,skipped,skipped,skipped,skipped,skipped,skipped,skipped,skipped,4,10
2002,Alistair WATSON (Lab),skipped,skipped,skipped,skipped,skipped,skipped,skipped,skipped,skipped,4,10
2003,Alistair WATSON (Lab),skipped,skipped,skipped,skipped,skipped,skipped,skipped,skipped,skipped,4,10
2004,Alistair WATSON (Lab),skipped,skipped,skipped,skipped,skipped,skipped,skipped,skipped,skipped,4,10
2005,Alistair WATSON (Lab),skipped,skipped,skipped,skipped,skipped,skipped,skipped,skipped,skipped,4,10
2006,Alistair WATSON (Lab),skipped,skipped,skipped,skipped,skipped,skipped,skipped,skipped,skipped,4,10
2007,Alistair WATSON (Lab),skipped,skipped,skipped,skipped,skipped,skipped,skipped,skipped,skipped,4,10
2008,Alistair WATSON (Lab),skipped,skipped,skipped,skipped,skipped,skipped,skipped,skipped,skipped,4,10
2009,Alistair WATSON (Lab),skipped,skipped,skipped,skipped,skipped,skipped,skipped,skipped,skipped,4,10
2010,Alistair WATSON (Lab),skipped,skipped,skipped,skipped,skipped,skipped,skipped,skipped,skipped,4,10
2011,Alistair WATSON (Lab),skipped,skipped,skipped,skipped,skipped,skipped,skipped,skipped,skipped,4,10
2012,Alistair WATSON (Lab),skipped,skipped,skipped,skipped,skipped,skipped,skipped,skipped,skipped,4,10
2013,Alistair WATSON (Lab),skipped,skipped,skipped,skipped,skipped,skipped,skipped,skipped,skipped,4,10
2014,Alistair WATSON (Lab),skipped,skipped,skipped,skipped,skipped,skipped,skipped,skipped,skipped,4,10
2015,Alistair WATSON (Lab),skipped,skipped,skipped,skipped,skipped,skipped,skipped,skipped,skipped,4,10
2016,Alistair WATSON (Lab),skipped,skipped,skipped,skipped,skipped,skipped,skipped,skipped,skipped,4,10
2017,Alistair WATSON (Lab),skipped,skipped,skipped,skipped,skipped,skipped,skipped,skipped,skipped,4,10
2018,Alistair WATSON (Lab),skipped,skipped,skipped,skipped,skipped,skipped,skipped,skipped,skipped,4,10
2019,Alistair WATSON (Lab),skipped,skipped,skipped,skipped,skipped,skipped,skipped,skipped,skipped,4,10
2020,Alistair WATSON (Lab),skipped,skipped,skipped,skipped,skipped,skipped,skipped,skipped,skipped,4,10
2021,Alistair WATSON (Lab),Iris GIBSON (SNP),skipped,skipped,skipped,skipped,skipped,skipped,skipped,skipped,4,10
2022,Alistair WATSON (Lab),Iris GIBSON (SNP),skipped,skipped,skipped,skipped,skipped,skipped,skipped,skipped,4,10
2023,Alistair WATSON (Lab),Iris GIBSON (SNP),skipped,skipped,skipped,skipped,skipped,skipped,skipped,skipped,4,10
2024,Alistair WATSON (Lab),Iris GIBSON (SNP),skipped,skipped,skipped,skipped,skipped,skipped,skipped,skipped,4,10
2025,Alistair WATSON (Lab),Iris GIBSON (SNP),skipped,skipped,skipped,skipped,skipped,skipped,skipped,skipped,4,10
2026,Alistair WATSON (Lab),Iris GIBSON (SNP),skipped,skipped,skipped,skipped,skipped,skipped,skipped,skipped,4,10
2027,Alistair WATSON (Lab),Iris GIBSON (SNP),skipped,skipped,skipped,skipped,skipped,skipped,skipped,skipped,4,10
2028,Alistair WATSON (Lab),Iris GIBSON (SNP),skipped,skipped,skipped,skipped,skipped,skipped,skipped,skipped,4,10
2029,Alistair WATSON (Lab),Iris GIBSON (SNP),skipped,skipped,skipped,skipped,skipped,skipped,skipped,skipped,4,10
2030,Alistair WATSON (Lab),Iris GIBSON (SNP),skipped,skipped,skipped,skipped,skipped,skipped,skipped,skipped,4,10
2031,Alistair WATSON (Lab),Iris GIBSON (SNP),skipped,skipped,skipped,skipped,skipped,skipped,skipped,skipped,4,10
2032,Alistair WATSON (Lab),Iris GIBSON (SNP),skipped,skipped,skipped,skipped,skipped,skipped,skipped,skipped,4,10
2033,Alistair WATSON (Lab),Iris GIBSON (SNP),skipped,skipped,skipped,skipped,skipped,skipped,skipped,skipped,4,10
2034,Alistair WATSON (Lab),Iris GIBSON (SNP),skipped,skipped,skipped,skipped,skipped,skipped,skipped,skipped,4,10
2035,Alistair WATSON (Lab),Iris GIBSON (SNP),skipped,skipped,skipped,skipped,skipped,skipped,skipped,skipped,4,10
2036,Alistair WATSON (Lab),Iris GIBSON (SNP),skipped,skipped,skipped,skipped,skipped,skipped,skipped,skipped,4,10
2037,Alistair WATSON (Lab),Iris GIBSON (SNP),skipped,skipped,skipped,skipped,skipped,skipped,skipped,skipped,4,10
2038,Alistair WATSON (Lab),Iris GIBSON (SNP),Matt KERR (Lab),skipped,skipped,skipped,skipped,skipped,skipped,skipped,4,10
2039,Alistair WATSON (Lab),Iris GIBSON (SNP),Matt KERR (Lab),skipped,skipped,skipped,skipped,skipped,skipped,skipped,4,10
2040,Alistair WATSON (Lab),Iris GIBSON (SNP),Matt KERR (Lab),skipped,skipped,skipped,skipped,skipped,skipped,skipped,4,10
2041,Alistair WATSON (Lab),Iris GIBSON (SNP),Matt KERR (Lab),skipped,skipped,skipped,skipped,skipped,skipped,skipped,4,10
2042,Alistair WATSON (Lab),Iris GIBSON (SNP),Matt KERR (Lab),skipped,skipped,skipped,skipped,skipped,skipped,skipped,4,10
2043,Alistair WATSON (Lab),Iris GIBSON (SNP),Matt KERR (Lab),skipped,skipped,skipped,skipped,skipped,skipped,skipped,4,10
2044,Alistair WATSON (Lab),Iris GIBSON (SNP),Matt KERR (Lab),skipped,skipped,skipped,skipped,skipped,skipped,skipped,4,10
2045,Alistair WATSON (Lab),Iris GIBSON (SNP),Matt KERR (Lab),skipped,skipped,skipped,skipped,skipped,skipped,skipped,4,10
2046,Alistair WATSON (Lab),Iris GIBSON (SNP),Matt KERR (Lab),skipped,skipped,skipped,skipped,skipped,skipped,skipped,4,10
2047,Alistair WATSON (Lab),Iris GIBSON (SNP),Matt KERR (Lab),skipped,skipped,skipped,skipped,skipped,skipped,skipped,4,10
2048,Alistair WATSON (Lab),Iris GIBSON (SNP),Matt KERR (Lab),skipped,skipped,skipped,skipped,skipped,skipped,skipped,4,10
2049,Alistair WATSON (Lab),Iris GIBSON (SNP),Matt KERR (Lab),skipped,skipped,skipped,skipped,skipped,skipped,skipped,4,10
2050,Alistair WATSON (Lab),Iris GIBSON (SNP),Matt KERR (Lab),skipped,skipped,skipped,skipped,skipped,skipped,skipped,4,10
2051,Alistair WATSON (Lab),Iris GIBSON (SNP),Matt KERR (Lab),skipped,skipped,skipped,skipped,skipped,skipped,skipped,4,10
2052,Alistair WATSON (Lab),Iris GIBSON (SNP),Matt KERR (Lab),skipped,skipped,skipped,skipped,skipped,skipped,skipped,4,10
2053,Alistair WATSON (Lab),Iris GIBSON (SNP),Matt KERR (Lab),Gordon MACDIARMID (Glasgow First),Jayne Ann MORGAN (Con),Jim TORRANCE (SNP),Ian RUFFELL (Grn),Isabel NELSON (LD),Janice MACKAY (UKIP),Gail SHERIDAN (Sol),4,10
2054,Alistair WATSON (Lab),Iris GIBSON (SNP),Matt KERR (Lab),Isabel NELSON (LD),skipped,skipped,skipped,skipped,skipped,skipped,4,10
2055,Alistair WATSON (Lab),Iris GIBSON (SNP),Matt KERR (Lab),Ian RUFFELL (Grn),skipped,skipped,skipped,skipped,skipped,skipped,4,10
2056,Alistair WATSON (Lab),Iris GIBSON (SNP),Matt KERR (Lab),Gail SHERIDAN (Sol),skipped,skipped,skipped,skipped,skipped,skipped,4,10
2057,Alistair WATSON (Lab),Iris GIBSON (SNP),Matt KERR (Lab),Gail SHERIDAN (Sol),Jim TORRANCE (SNP),Ian RUFFELL (Grn),skipped,skipped,skipped,skipped,4,10
2058,Alistair WATSON (Lab),Iris GIBSON (SNP),Matt KERR (Lab),Jim TORRANCE (SNP),skipped,skipped,skipped,skipped,skipped,skipped,4,10
2059,Alistair WATSON (Lab),Iris GIBSON (SNP),Matt KERR (Lab),Jim TORRANCE (SNP),skipped,skipped,skipped,skipped,skipped,skipped,4,10
2060,Alistair WATSON (Lab),Iris GIBSON (SNP),Matt KERR (Lab),Jim TORRANCE (SNP),skipped,skipped,skipped,skipped,skipped,skipped,4,10
2061,Alistair WATSON (Lab),Iris GIBSON (SNP),Matt KERR (Lab),Jim TORRANCE (SNP),skipped,skipped,skipped,skipped,skipped,skipped,4,10
2062,Alistair WATSON (Lab),Iris GIBSON (SNP),Matt KERR (Lab),Jim TORRANCE (SNP),skipped,skipped,skipped,skipped,skipped,skipped,4,10
2063,Alistair WATSON (Lab),Iris GIBSON (SNP),Matt KERR (Lab),Jim TORRANCE (SNP),Gordon MACDIARMID (Glasgow First),Isabel NELSON (LD),Ian RUFFELL (Grn),Janice MACKAY (UKIP),Gail SHERIDAN (Sol),skipped,4,10
2064,Alistair WATSON (Lab),Iris GIBSON (SNP),Matt KERR (Lab),Jim TORRANCE (SNP),Gordon MACDIARMID (Glasgow First),Ian RUFFELL (Grn),Isabel NELSON (LD),Jayne Ann MORGAN (Con),Janice MACKAY (UKIP),Gail SHERIDAN (Sol),4,10
2065,Alistair WATSON (Lab),Iris GIBSON (SNP),Matt KERR (Lab),Jim TORRANCE (SNP),Ian RUFFELL (Grn),Gordon MACDIARMID (Glasgow First),skipped,skipped,skipped,skipped,4,10
2066,Alistair WATSON (Lab),Iris GIBSON (SNP),Matt KERR (Lab),Jim TORRANCE (SNP),Ian RUFFELL (Grn),Isabel NELSON (LD),Gordon MACDIARMID (Glasgow First),Janice MACKAY (UKIP),Jayne Ann MORGAN (Con),Gail SHERIDAN (Sol),4,10
2067,Alistair WATSON (Lab),Iris GIBSON (SNP),Matt KERR (Lab),Jim TORRANCE (SNP),Gail SHERIDAN (Sol),Ian RUFFELL (Grn),Isabel NELSON (LD),Gordon MACDIARMID (Glasgow First),Janice MACKAY (UKIP),Jayne Ann MORGAN (Con),4,10
2068,Alistair WATSON (Lab),Iris GIBSON (SNP),Gordon MACDIARMID (Glasgow First),skipped,skipped,skipped,skipped,skipped,skipped,skipped,4,10
2069,Alistair WATSON (Lab),Iris GIBSON (SNP),Gordon MACDIARMID (Glasgow First),skipped,skipped,skipped,skipped,skipped,skipped,skipped,4,10
2070,Alistair WATSON (Lab),Iris GIBSON (SNP),Gordon MACDIARMID (Glasgow First),skipped,skipped,skipped,skipped,skipped,skipped,skipped,4,10
2071,Alistair WATSON (Lab),Iris GIBSON (SNP),Gordon MACDIARMID (Glasgow First),Ian RUFFELL (Grn),Jim TORRANCE (SNP),Matt KERR (Lab),skipped,skipped,skipped,skipped,4,10
2072,Alistair WATSON (Lab),Iris GIBSON (SNP),Jayne Ann MORGAN (Con),Gordon MACDIARMID (Glasgow First),Gail SHERIDAN (Sol),skipped,skipped,skipped,skipped,skipped,4,10
2073,Alistair WATSON (Lab),Iris GIBSON (SNP),Isabel NELSON (LD),skipped,skipped,skipped,skipped,skipped,skipped,skipped,4,10
2074,Alistair WATSON (Lab),Iris GIBSON (SNP),Isabel NELSON (LD),Jim TORRANCE (SNP),Matt KERR (Lab),Ian RUFFELL (Grn),skipped,skipped,skipped,skipped,4,10
2075,Alistair WATSON (Lab),Iris GIBSON (SNP),Ian RUFFELL (Grn),skipped,skipped,skipped,skipped,skipped,skipped,skipped,4,10
2076,Alistair WATSON (Lab),Iris GIBSON (SNP),Ian RUFFELL (Grn),skipped,skipped,skipped,skipped,skipped,skipped,skipped,4,10
2077,Alistair WATSON (Lab),Iris GIBSON (SNP),Ian RUFFELL (Grn),Matt KERR (Lab),skipped,skipped,skipped,skipped,skipped,skipped,4,10
2078,Alistair WATSON (Lab),Iris GIBSON (SNP),Ian RUFFELL (Grn),Gail SHERIDAN (Sol),skipped,skipped,skipped,skipped,skipped,skipped,4,10
2079,Alistair WATSON (Lab),Iris GIBSON (SNP),Gail SHERIDAN (Sol),skipped,skipped,skipped,skipped,skipped,skipped,skipped,4,10
2080,Alistair WATSON (Lab),Iris GIBSON (SNP),Gail SHERIDAN (Sol),skipped,skipped,skipped,skipped,skipped,skipped,skipped,4,10
2081,Alistair WATSON (Lab),Iris GIBSON (SNP),Gail SHERIDAN (Sol),skipped,skipped,skipped,skipped,skipped,skipped,skipped,4,10
2082,Alistair WATSON (Lab),Iris GIBSON (SNP),Gail SHERIDAN (Sol),skipped,skipped,skipped,skipped,skipped,skipped,skipped,4,10
2083,Alistair WATSON (Lab),Iris GIBSON (SNP),Gail SHERIDAN (Sol),Matt KERR (Lab),skipped,skipped,skipped,skipped,skipped,skipped,4,10
2084,Alistair WATSON (Lab),Iris GIBSON (SNP),Gail SHERIDAN (Sol),Matt KERR (Lab),Jim TORRANCE (SNP),skipped,skipped,skipped,skipped,skipped,4,10
2085,Alistair WATSON (Lab),Iris GIBSON (SNP),Jim TORRANCE (SNP),skipped,skipped,skipped,skipped,skipped,skipped,skipped,4,10
2086,Alistair WATSON (Lab),Iris GIBSON (SNP),Jim TORRANCE (SNP),skipped,skipped,skipped,skipped,skipped,skipped,skipped,4,10
2087,Alistair WATSON (Lab),Iris GIBSON (SNP),Jim TORRANCE (SNP),skipped,skipped,skipped,skipped,skipped,skipped,skipped,4,10
2088,Alistair WATSON (Lab),Iris GIBSON (SNP),Jim TORRANCE (SNP),skipped,skipped,skipped,skipped,skipped,skipped,skipped,4,10
2089,Alistair WATSON (Lab),Iris GIBSON (SNP),Jim TORRANCE (SNP),skipped,skipped,skipped,skipped,skipped,skipped,skipped,4,10
2090,Alistair WATSON (Lab),Iris GIBSON (SNP),Jim TORRANCE (SNP),skipped,skipped,skipped,skipped,skipped,skipped,skipped,4,10
2091,Alistair WATSON (Lab),Iris GIBSON (SNP),Jim TORRANCE (SNP),skipped,skipped,skipped,skipped,skipped,skipped,skipped,4,10
2092,Alistair WATSON (Lab),Iris GIBSON (SNP),Jim TORRANCE (SNP),skipped,skipped,skipped,skipped,skipped,skipped,skipped,4,10
2093,Alistair WATSON (Lab),Iris GIBSON (SNP),Jim TORRANCE (SNP),skipped,skipped,skipped,skipped,skipped,skipped,skipped,4,10
2094,Alistair WATSON (Lab),Iris GIBSON (SNP),Jim TORRANCE (SNP),Matt KERR (Lab),skipped,skipped,skipped,skipped,skipped,skipped,4,10
2095,Alistair WATSON (Lab),Iris GIBSON (SNP),Jim TORRANCE (SNP),Matt KERR (Lab),skipped,skipped,skipped,skipped,skipped,skipped,4,10
2096,Alistair WATSON (Lab),Iris GIBSON (SNP),Jim TORRANCE (SNP),Matt KERR (Lab),skipped,skipped,skipped,skipped,skipped,skipped,4,10
2097,Alistair WATSON (Lab),Iris GIBSON (SNP),Jim TORRANCE (SNP),Matt KERR (Lab),skipped,skipped,skipped,skipped,skipped,skipped,4,10
2098,Alistair WATSON (Lab),Iris GIBSON (SNP),Jim TORRANCE (SNP),Matt KERR (Lab),Isabel NELSON (LD),Gordon MACDIARMID (Glasgow First),Janice MACKAY (UKIP),Ian RUFFELL (Grn),Jayne Ann MORGAN (Con),Gail SHERIDAN (Sol),4,10
2099,Alistair WATSON (Lab),Iris GIBSON (SNP),Jim TORRANCE (SNP),Matt KERR (Lab),Ian RUFFELL (Grn),skipped,skipped,skipped,skipped,skipped,4,10
2100,Alistair WATSON (Lab),Iris GIBSON (SNP),Jim TORRANCE (SNP),Matt KERR (Lab),Gail SHERIDAN (Sol),Gordon MACDIARMID (Glasgow First),Jayne Ann MORGAN (Con),Ian RUFFELL (Grn),Isabel NELSON (LD),Janice MACKAY (UKIP),4,10
2101,Alistair WATSON (Lab),Iris GIBSON (SNP),Jim TORRANCE (SNP),Gordon MACDIARMID (Glasgow First),skipped,skipped,skipped,skipped,skipped,skipped,4,10
2102,Alistair WATSON (Lab),Iris GIBSON (SNP),Jim TORRANCE (SNP),Gordon MACDIARMID (Glasgow First),skipped,skipped,skipped,skipped,skipped,skipped,4,10
2103,Alistair WATSON (Lab),Iris GIBSON (SNP),Jim TORRANCE (SNP),Gordon MACDIARMID (Glasgow First),Matt KERR (Lab),Ian RUFFELL (Grn),Isabel NELSON (LD),Jayne Ann MORGAN (Con),Janice MACKAY (UKIP),Gail SHERIDAN (Sol),4,10
2104,Alistair WATSON (Lab),Iris GIBSON (SNP),Jim TORRANCE (SNP),Ian RUFFELL (Grn),skipped,skipped,skipped,skipped,skipped,skipped,4,10
2105,Alistair WATSON (Lab),Iris GIBSON (SNP),Jim TORRANCE (SNP),Ian RUFFELL (Grn),skipped,skipped,skipped,skipped,skipped,skipped,4,10
2106,Alistair WATSON (Lab),Iris GIBSON (SNP),Jim TORRANCE (SNP),Ian RUFFELL (Grn),skipped,skipped,skipped,skipped,skipped,skipped,4,10
2107,Alistair WATSON (Lab),Iris GIBSON (SNP),Jim TORRANCE (SNP),Gail SHERIDAN (Sol),skipped,skipped,skipped,skipped,skipped,skipped,4,10
2108,Alistair WATSON (Lab),Iris GIBSON (SNP),Jim TORRANCE (SNP),Gail SHERIDAN (Sol),skipped,skipped,skipped,skipped,skipped,skipped,4,10
2109,Alistair WATSON (Lab),Iris GIBSON (SNP),Jim TORRANCE (SNP),Gail SHERIDAN (Sol),Gordon MACDIARMID (Glasgow First),Matt KERR (Lab),skipped,skipped,skipped,skipped,4,10
2110,Alistair WATSON (Lab),Matt KERR (Lab),skipped,skipped,skipped,skipped,skipped,skipped,skipped,skipped,4,10
2111,Alistair WATSON (Lab),Matt KERR (Lab),skipped,skipped,skipped,skipped,skipped,skipped,skipped,skipped,4,10
2112,Alistair WATSON (Lab),Matt KERR (Lab),skipped,skipped,skipped,skipped,skipped,skipped,skipped,skipped,4,10
2113,Alistair WATSON (Lab),Matt KERR (Lab),skipped,skipped,skipped,skipped,skipped,skipped,skipped,skipped,4,10
2114,Alistair WATSON (Lab),Matt KERR (Lab),skipped,skipped,skipped,skipped,skipped,skipped,skipped,skipped,4,10
2115,Alistair WATSON (Lab),Matt KERR (Lab),skipped,skipped,skipped,skipped,skipped,skipped,skipped,skipped,4,10
2116,Alistair WATSON (Lab),Matt KERR (Lab),skipped,skipped,skipped,skipped,skipped,skipped,skipped,skipped,4,10
2117,Alistair WATSON (Lab),Matt KERR (Lab),skipped,skipped,skipped,skipped,skipped,skipped,skipped,skipped,4,10
2118,Alistair WATSON (Lab),Matt KERR (Lab),skipped,skipped,skipped,skipped,skipped,skipped,skipped,skipped,4,10
2119,Alistair WATSON (Lab),Matt KERR (Lab),skipped,skipped,skipped,skipped,skipped,skipped,skipped,skipped,4,10
2120,Alistair WATSON (Lab),Matt KERR (Lab),skipped,skipped,skipped,skipped,skipped,skipped,skipped,skipped,4,10
2121,Alistair WATSON (Lab),Matt KERR (Lab),skipped,skipped,skipped,skipped,skipped,skipped,skipped,skipped,4,10
2122,Alistair WATSON (Lab),Matt KERR (Lab),skipped,skipped,skipped,skipped,skipped,skipped,skipped,skipped,4,10
2123,Alistair WATSON (Lab),Matt KERR (Lab),skipped,skipped,skipped,skipped,skipped,skipped,skipped,skipped,4,10
2124,Alistair WATSON (Lab),Matt KERR (Lab),skipped,skipped,skipped,skipped,skipped,skipped,skipped,skipped,4,10
2125,Alistair WATSON (Lab),Matt KERR (Lab),skipped,skipped,skipped,skipped,skipped,skipped,skipped,skipped,4,10
2126,Alistair WATSON (Lab),Matt KERR (Lab),skipped,skipped,skipped,skipped,skipped,skipped,skipped,skipped,4,10
2127,Alistair WATSON (Lab),Matt KERR (Lab),skipped,skipped,skipped,skipped,skipped,skipped,skipped,skipped,4,10
2128,Alistair WATSON (Lab),Matt KERR (Lab),skipped,skipped,skipped,skipped,skipped,skipped,skipped,skipped,4,10
2129,Alistair WATSON (Lab),Matt KERR (Lab),skipped,skipped,skipped,skipped,skipped,skipped,skipped,skipped,4,10
2130,Alistair WATSON (Lab),Matt KERR (Lab),skipped,skipped,skipped,skipped,skipped,skipped,skipped,skipped,4,10
2131,Alistair WATSON (Lab),Matt KERR (Lab),skipped,skipped,skipped,skipped,skipped,skipped,skipped,skipped,4,10
2132,Alistair WATSON (Lab),Matt KERR (Lab),skipped,skipped,skipped,skipped,skipped,skipped,skipped,skipped,4,10
2133,Alistair WATSON (Lab),Matt KERR (Lab),skipped,skipped,skipped,skipped,skipped,skipped,skipped,skipped,4,10
2134,Alistair WATSON (Lab),Matt KERR (Lab),skipped,skipped,skipped,skipped,skipped,skipped,skipped,skipped,4,10
2135,Alistair WATSON (Lab),Matt KERR (Lab),skipped,skipped,skipped,skipped,skipped,skipped,skipped,skipped,4,10
2136,Alistair WATSON (Lab),Matt KERR (Lab),skipped,skipped,skipped,skipped,skipped,skipped,skipped,skipped,4,10
2137,Alistair WATSON (Lab),Matt KERR (Lab),skipped,skipped,skipped,skipped,skipped,skipped,skipped,skipped,4,10
2138,Alistair WATSON (Lab),Matt KERR (Lab),skipped,skipped,skipped,skipped,skipped,skipped,skipped,skipped,4,10
2139,Alistair WATSON (Lab),Matt KERR (Lab),skipped,skipped,skipped,skipped,skipped,skipped,skipped,skipped,4,10
2140,Alistair WATSON (Lab),Matt KERR (Lab),skipped,skipped,skipped,skipped,skipped,skipped,skipped,skipped,4,10
2141,Alistair WATSON (Lab),Matt KERR (Lab),skipped,skipped,skipped,skipped,skipped,skipped,skipped,skipped,4,10
2142,Alistair WATSON (Lab),Matt KERR (Lab),skipped,skipped,skipped,skipped,skipped,skipped,skipped,skipped,4,10
2143,Alistair WATSON (Lab),Matt KERR (Lab),skipped,skipped,skipped,skipped,skipped,skipped,skipped,skipped,4,10
2144,Alistair WATSON (Lab),Matt KERR (Lab),skipped,skipped,skipped,skipped,skipped,skipped,skipped,skipped,4,10
2145,Alistair WATSON (Lab),Matt KERR (Lab),skipped,skipped,skipped,skipped,skipped,skipped,skipped,skipped,4,10
2146,Alistair WATSON (Lab),Matt KERR (Lab),skipped,skipped,skipped,skipped,skipped,skipped,skipped,skipped,4,10
2147,Alistair WATSON (Lab),Matt KERR (Lab),skipped,skipped,skipped,skipped,skipped,skipped,skipped,skipped,4,10
2148,Alistair WATSON (Lab),Matt KERR (Lab),skipped,skipped,skipped,skipped,skipped,skipped,skipped,skipped,4,10
2149,Alistair WATSON (Lab),Matt KERR (Lab),skipped,skipped,skipped,skipped,skipped,skipped,skipped,skipped,4,10
2150,Alistair WATSON (Lab),Matt KERR (Lab),skipped,skipped,skipped,skipped,skipped,skipped,skipped,skipped,4,10
2151,Alistair WATSON (Lab),Matt KERR (Lab),skipped,skipped,skipped,skipped,skipped,skipped,skipped,skipped,4,10
2152,Alistair WATSON (Lab),Matt KERR (Lab),skipped,skipped,skipped,skipped,skipped,skipped,skipped,skipped,4,10
2153,Alistair WATSON (Lab),Matt KERR (Lab),skipped,skipped,skipped,skipped,skipped,skipped,skipped,skipped,4,10
2154,Alistair WATSON (Lab),Matt KERR (Lab),skipped,skipped,skipped,skipped,skipped,skipped,skipped,skipped,4,10
2155,Alistair WATSON (Lab),Matt KERR (Lab),skipped,skipped,skipped,skipped,skipped,skipped,skipped,skipped,4,10
2156,Alistair WATSON (Lab),Matt KERR (Lab),skipped,skipped,skipped,skipped,skipped,skipped,skipped,skipped,4,10
2157,Alistair WATSON (Lab),Matt KERR (Lab),skipped,skipped,skipped,skipped,skipped,skipped,skipped,skipped,4,10
2158,Alistair WATSON (Lab),Matt KERR (Lab),skipped,skipped,skipped,skipped,skipped,skipped,skipped,skipped,4,10
2159,Alistair WATSON (Lab),Matt KERR (Lab),skipped,skipped,skipped,skipped,skipped,skipped,skipped,skipped,4,10
2160,Alistair WATSON (Lab),Matt KERR (Lab),skipped,skipped,skipped,skipped,skipped,skipped,skipped,skipped,4,10
2161,Alistair WATSON (Lab),Matt KERR (Lab),skipped,skipped,skipped,skipped,skipped,skipped,skipped,skipped,4,10
2162,Alistair WATSON (Lab),Matt KERR (Lab),skipped,skipped,skipped,skipped,skipped,skipped,skipped,skipped,4,10
2163,Alistair WATSON (Lab),Matt KERR (Lab),skipped,skipped,skipped,skipped,skipped,skipped,skipped,skipped,4,10
2164,Alistair WATSON (Lab),Matt KERR (Lab),skipped,skipped,skipped,skipped,skipped,skipped,skipped,skipped,4,10
2165,Alistair WATSON (Lab),Matt KERR (Lab),skipped,skipped,skipped,skipped,skipped,skipped,skipped,skipped,4,10
2166,Alistair WATSON (Lab),Matt KERR (Lab),skipped,skipped,skipped,skipped,skipped,skipped,skipped,skipped,4,10
2167,Alistair WATSON (Lab),Matt KERR (Lab),skipped,skipped,skipped,skipped,skipped,skipped,skipped,skipped,4,10
2168,Alistair WATSON (Lab),Matt KERR (Lab),skipped,skipped,skipped,skipped,skipped,skipped,skipped,skipped,4,10
2169,Alistair WATSON (Lab),Matt KERR (Lab),skipped,skipped,skipped,skipped,skipped,skipped,skipped,skipped,4,10
2170,Alistair WATSON (Lab),Matt KERR (Lab),skipped,skipped,skipped,skipped,skipped,skipped,skipped,skipped,4,10
2171,Alistair WATSON (Lab),Matt KERR (Lab),skipped,skipped,skipped,skipped,skipped,skipped,skipped,skipped,4,10
2172,Alistair WATSON (Lab),Matt KERR (Lab),skipped,skipped,skipped,skipped,skipped,skipped,skipped,skipped,4,10
2173,Alistair WATSON (Lab),Matt KERR (Lab),skipped,skipped,skipped,skipped,skipped,skipped,skipped,skipped,4,10
2174,Alistair WATSON (Lab),Matt KERR (Lab),skipped,skipped,skipped,skipped,skipped,skipped,skipped,skipped,4,10
2175,Alistair WATSON (Lab),Matt KERR (Lab),skipped,skipped,skipped,skipped,skipped,skipped,skipped,skipped,4,10
2176,Alistair WATSON (Lab),Matt KERR (Lab),skipped,skipped,skipped,skipped,skipped,skipped,skipped,skipped,4,10
2177,Alistair WATSON (Lab),Matt KERR (Lab),skipped,skipped,skipped,skipped,skipped,skipped,skipped,skipped,4,10
2178,Alistair WATSON (Lab),Matt KERR (Lab),skipped,skipped,skipped,skipped,skipped,skipped,skipped,skipped,4,10
2179,Alistair WATSON (Lab),Matt KERR (Lab),skipped,skipped,skipped,skipped,skipped,skipped,skipped,skipped,4,10
2180,Alistair WATSON (Lab),Matt KERR (Lab),skipped,skipped,skipped,skipped,skipped,skipped,skipped,skipped,4,10
2181,Alistair WATSON (Lab),Matt KERR (Lab),skipped,skipped,skipped,skipped,skipped,skipped,skipped,skipped,4,10
2182,Alistair WATSON (Lab),Matt KERR (Lab),skipped,skipped,skipped,skipped,skipped,skipped,skipped,skipped,4,10
2183,Alistair WATSON (Lab),Matt KERR (Lab),skipped,skipped,skipped,skipped,skipped,skipped,skipped,skipped,4,10
2184,Alistair WATSON (Lab),Matt KERR (Lab),skipped,skipped,skipped,skipped,skipped,skipped,skipped,skipped,4,10
2185,Alistair WATSON (Lab),Matt KERR (Lab),skipped,skipped,skipped,skipped,skipped,skipped,skipped,skipped,4,10
2186,Alistair WATSON (Lab),Matt KERR (Lab),skipped,skipped,skipped,skipped,skipped,skipped,skipped,skipped,4,10
2187,Alistair WATSON (Lab),Matt KERR (Lab),skipped,skipped,skipped,skipped,skipped,skipped,skipped,skipped,4,10
2188,Alistair WATSON (Lab),Matt KERR (Lab),skipped,skipped,skipped,skipped,skipped,skipped,skipped,skipped,4,10
2189,Alistair WATSON (Lab),Matt KERR (Lab),skipped,skipped,skipped,skipped,skipped,skipped,skipped,skipped,4,10
2190,Alistair WATSON (Lab),Matt KERR (Lab),skipped,skipped,skipped,skipped,skipped,skipped,skipped,skipped,4,10
2191,Alistair WATSON (Lab),Matt KERR (Lab),skipped,skipped,skipped,skipped,skipped,skipped,skipped,skipped,4,10
2192,Alistair WATSON (Lab),Matt KERR (Lab),skipped,skipped,skipped,skipped,skipped,skipped,skipped,skipped,4,10
2193,Alistair WATSON (Lab),Matt KERR (Lab),skipped,skipped,skipped,skipped,skipped,skipped,skipped,skipped,4,10
2194,Alistair WATSON (Lab),Matt KERR (Lab),skipped,skipped,skipped,skipped,skipped,skipped,skipped,skipped,4,10
2195,Alistair WATSON (Lab),Matt KERR (Lab),skipped,skipped,skipped,skipped,skipped,skipped,skipped,skipped,4,10
2196,Alistair WATSON (Lab),Matt KERR (Lab),skipped,skipped,skipped,skipped,skipped,skipped,skipped,skipped,4,10
2197,Alistair WATSON (Lab),Matt KERR (Lab),skipped,skipped,skipped,skipped,skipped,skipped,skipped,skipped,4,10
2198,Alistair WATSON (Lab),Matt KERR (Lab),skipped,skipped,skipped,skipped,skipped,skipped,skipped,skipped,4,10
2199,Alistair WATSON (Lab),Matt KERR (Lab),skipped,skipped,skipped,skipped,skipped,skipped,skipped,skipped,4,10
2200,Alistair WATSON (Lab),Matt KERR (Lab),skipped,skipped,skipped,skipped,skipped,skipped,skipped,skipped,4,10
2201,Alistair WATSON (Lab),Matt KERR (Lab),skipped,skipped,skipped,skipped,skipped,skipped,skipped,skipped,4,10
2202,Alistair WATSON (Lab),Matt KERR (Lab),skipped,skipped,skipped,skipped,skipped,skipped,skipped,skipped,4,10
2203,Alistair WATSON (Lab),Matt KERR (Lab),skipped,skipped,skipped,skipped,skipped,skipped,skipped,skipped,4,10
2204,Alistair WATSON (Lab),Matt KERR (Lab),skipped,skipped,skipped,skipped,skipped,skipped,skipped,skipped,4,10
2205,Alistair WATSON (Lab),Matt KERR (Lab),skipped,skipped,skipped,skipped,skipped,skipped,skipped,skipped,4,10
2206,Alistair WATSON (Lab),Matt KERR (Lab),skipped,skipped,skipped,skipped,skipped,skipped,skipped,skipped,4,10
2207,Alistair WATSON (Lab),Matt KERR (Lab),skipped,skipped,skipped,skipped,skipped,skipped,skipped,skipped,4,10
2208,Alistair WATSON (Lab),Matt KERR (Lab),skipped,skipped,skipped,skipped,skipped,skipped,skipped,skipped,4,10
2209,Alistair WATSON (Lab),Matt KERR (Lab),skipped,skipped,skipped,skipped,skipped,skipped,skipped,skipped,4,10
2210,Alistair WATSON (Lab),Matt KERR (Lab),skipped,skipped,skipped,skipped,skipped,skipped,skipped,skipped,4,10
2211,Alistair WATSON (Lab),Matt KERR (Lab),skipped,skipped,skipped,skipped,skipped,skipped,skipped,skipped,4,10
2212,Alistair WATSON (Lab),Matt KERR (Lab),skipped,skipped,skipped,skipped,skipped,skipped,skipped,skipped,4,10
2213,Alistair WATSON (Lab),Matt KERR (Lab),skipped,skipped,skipped,skipped,skipped,skipped,skipped,skipped,4,10
2214,Alistair WATSON (Lab),Matt KERR (Lab),skipped,skipped,skipped,skipped,skipped,skipped,skipped,skipped,4,10
2215,Alistair WATSON (Lab),Matt KERR (Lab),skipped,skipped,skipped,skipped,skipped,skipped,skipped,skipped,4,10
2216,Alistair WATSON (Lab),Matt KERR (Lab),skipped,skipped,skipped,skipped,skipped,skipped,skipped,skipped,4,10
2217,Alistair WATSON (Lab),Matt KERR (Lab),skipped,skipped,skipped,skipped,skipped,skipped,skipped,skipped,4,10
2218,Alistair WATSON (Lab),Matt KERR (Lab),skipped,skipped,skipped,skipped,skipped,skipped,skipped,skipped,4,10
2219,Alistair WATSON (Lab),Matt KERR (Lab),skipped,skipped,skipped,skipped,skipped,skipped,skipped,skipped,4,10
2220,Alistair WATSON (Lab),Matt KERR (Lab),skipped,skipped,skipped,skipped,skipped,skipped,skipped,skipped,4,10
2221,Alistair WATSON (Lab),Matt KERR (Lab),skipped,skipped,skipped,skipped,skipped,skipped,skipped,skipped,4,10
2222,Alistair WATSON (Lab),Matt KERR (Lab),skipped,skipped,skipped,skipped,skipped,skipped,skipped,skipped,4,10
2223,Alistair WATSON (Lab),Matt KERR (Lab),skipped,skipped,skipped,skipped,skipped,skipped,skipped,skipped,4,10
2224,Alistair WATSON (Lab),Matt KERR (Lab),skipped,skipped,skipped,skipped,skipped,skipped,skipped,skipped,4,10
2225,Alistair WATSON (Lab),Matt KERR (Lab),skipped,skipped,skipped,skipped,skipped,skipped,skipped,skipped,4,10
2226,Alistair WATSON (Lab),Matt KERR (Lab),skipped,skipped,skipped,skipped,skipped,skipped,skipped,skipped,4,10
2227,Alistair WATSON (Lab),Matt KERR (Lab),skipped,skipped,skipped,skipped,skipped,skipped,skipped,skipped,4,10
2228,Alistair WATSON (Lab),Matt KERR (Lab),skipped,skipped,skipped,skipped,skipped,skipped,skipped,skipped,4,10
2229,Alistair WATSON (Lab),Matt KERR (Lab),skipped,skipped,skipped,skipped,skipped,skipped,skipped,skipped,4,10
2230,Alistair WATSON (Lab),Matt KERR (Lab),skipped,skipped,skipped,skipped,skipped,skipped,skipped,skipped,4,10
2231,Alistair WATSON (Lab),Matt KERR (Lab),skipped,skipped,skipped,skipped,skipped,skipped,skipped,skipped,4,10
2232,Alistair WATSON (Lab),Matt KERR (Lab),skipped,skipped,skipped,skipped,skipped,skipped,skipped,skipped,4,10
2233,Alistair WATSON (Lab),Matt KERR (Lab),skipped,skipped,skipped,skipped,skipped,skipped,skipped,skipped,4,10
2234,Alistair WATSON (Lab),Matt KERR (Lab),skipped,skipped,skipped,skipped,skipped,skipped,skipped,skipped,4,10
2235,Alistair WATSON (Lab),Matt KERR (Lab),skipped,skipped,skipped,skipped,skipped,skipped,skipped,skipped,4,10
2236,Alistair WATSON (Lab),Matt KERR (Lab),skipped,skipped,skipped,skipped,skipped,skipped,skipped,skipped,4,10
2237,Alistair WATSON (Lab),Matt KERR (Lab),skipped,skipped,skipped,skipped,skipped,skipped,skipped,skipped,4,10
2238,Alistair WATSON (Lab),Matt KERR (Lab),skipped,skipped,skipped,skipped,skipped,skipped,skipped,skipped,4,10
2239,Alistair WATSON (Lab),Matt KERR (Lab),skipped,skipped,skipped,skipped,skipped,skipped,skipped,skipped,4,10
2240,Alistair WATSON (Lab),Matt KERR (Lab),skipped,skipped,skipped,skipped,skipped,skipped,skipped,skipped,4,10
2241,Alistair WATSON (Lab),Matt KERR (Lab),skipped,skipped,skipped,skipped,skipped,skipped,skipped,skipped,4,10
2242,Alistair WATSON (Lab),Matt KERR (Lab),skipped,skipped,skipped,skipped,skipped,skipped,skipped,skipped,4,10
2243,Alistair WATSON (Lab),Matt KERR (Lab),skipped,skipped,skipped,skipped,skipped,skipped,skipped,skipped,4,10
2244,Alistair WATSON (Lab),Matt KERR (Lab),skipped,skipped,skipped,skipped,skipped,skipped,skipped,skipped,4,10
2245,Alistair WATSON (Lab),Matt KERR (Lab),skipped,skipped,skipped,skipped,skipped,skipped,skipped,skipped,4,10
2246,Alistair WATSON (Lab),Matt KERR (Lab),skipped,skipped,skipped,skipped,skipped,skipped,skipped,skipped,4,10
2247,Alistair WATSON (Lab),Matt KERR (Lab),skipped,skipped,skipped,skipped,skipped,skipped,skipped,skipped,4,10
2248,Alistair WATSON (Lab),Matt KERR (Lab),skipped,skipped,skipped,skipped,skipped,skipped,skipped,skipped,4,10
2249,Alistair WATSON (Lab),Matt KERR (Lab),skipped,skipped,skipped,skipped,skipped,skipped,skipped,skipped,4,10
2250,Alistair WATSON (Lab),Matt KERR (Lab),skipped,skipped,skipped,skipped,skipped,skipped,skipped,skipped,4,10
2251,Alistair WATSON (Lab),Matt KERR (Lab),skipped,skipped,skipped,skipped,skipped,skipped,skipped,skipped,4,10
2252,Alistair WATSON (Lab),Matt KERR (Lab),skipped,skipped,skipped,skipped,skipped,skipped,skipped,skipped,4,10
2253,Alistair WATSON (Lab),Matt KERR (Lab),skipped,skipped,skipped,skipped,skipped,skipped,skipped,skipped,4,10
2254,Alistair WATSON (Lab),Matt KERR (Lab),skipped,skipped,skipped,skipped,skipped,skipped,skipped,skipped,4,10
2255,Alistair WATSON (Lab),Matt KERR (Lab),skipped,skipped,skipped,skipped,skipped,skipped,skipped,skipped,4,10
2256,Alistair WATSON (Lab),Matt KERR (Lab),skipped,skipped,skipped,skipped,skipped,skipped,skipped,skipped,4,10
2257,Alistair WATSON (Lab),Matt KERR (Lab),skipped,skipped,skipped,skipped,skipped,skipped,skipped,skipped,4,10
2258,Alistair WATSON (Lab),Matt KERR (Lab),skipped,skipped,skipped,skipped,skipped,skipped,skipped,skipped,4,10
2259,Alistair WATSON (Lab),Matt KERR (Lab),skipped,skipped,skipped,skipped,skipped,skipped,skipped,skipped,4,10
2260,Alistair WATSON (Lab),Matt KERR (Lab),skipped,skipped,skipped,skipped,skipped,skipped,skipped,skipped,4,10
2261,Alistair WATSON (Lab),Matt KERR (Lab),skipped,skipped,skipped,skipped,skipped,skipped,skipped,skipped,4,10
2262,Alistair WATSON (Lab),Matt KERR (Lab),skipped,skipped,skipped,skipped,skipped,skipped,skipped,skipped,4,10
2263,Alistair WATSON (Lab),Matt KERR (Lab),skipped,skipped,skipped,skipped,skipped,skipped,skipped,skipped,4,10
2264,Alistair WATSON (Lab),Matt KERR (Lab),skipped,skipped,skipped,skipped,skipped,skipped,skipped,skipped,4,10
2265,Alistair WATSON (Lab),Matt KERR (Lab),skipped,skipped,skipped,skipped,skipped,skipped,skipped,skipped,4,10
2266,Alistair WATSON (Lab),Matt KERR (Lab),skipped,skipped,skipped,skipped,skipped,skipped,skipped,skipped,4,10
2267,Alistair WATSON (Lab),Matt KERR (Lab),skipped,skipped,skipped,skipped,skipped,skipped,skipped,skipped,4,10
2268,Alistair WATSON (Lab),Matt KERR (Lab),skipped,skipped,skipped,skipped,skipped,skipped,skipped,skipped,4,10
2269,Alistair WATSON (Lab),Matt KERR (Lab),skipped,skipped,skipped,skipped,skipped,skipped,skipped,skipped,4,10
2270,Alistair WATSON (Lab),Matt KERR (Lab),skipped,skipped,skipped,skipped,skipped,skipped,skipped,skipped,4,10
2271,Alistair WATSON (Lab),Matt KERR (Lab),skipped,skipped,skipped,skipped,skipped,skipped,skipped,skipped,4,10
2272,Alistair WATSON (Lab),Matt KERR (Lab),skipped,skipped,skipped,skipped,skipped,skipped,skipped,skipped,4,10
2273,Alistair WATSON (Lab),Matt KERR (Lab),skipped,skipped,skipped,skipped,skipped,skipped,skipped,skipped,4,10
2274,Alistair WATSON (Lab),Matt KERR (Lab),skipped,skipped,skipped,skipped,skipped,skipped,skipped,skipped,4,10
2275,Alistair WATSON (Lab),Matt KERR (Lab),skipped,skipped,skipped,skipped,skipped,skipped,skipped,skipped,4,10
2276,Alistair WATSON (Lab),Matt KERR (Lab),skipped,skipped,skipped,skipped,skipped,skipped,skipped,skipped,4,10
2277,Alistair WATSON (Lab),Matt KERR (Lab),skipped,skipped,skipped,skipped,skipped,skipped,skipped,skipped,4,10
2278,Alistair WATSON (Lab),Matt KERR (Lab),skipped,skipped,skipped,skipped,skipped,skipped,skipped,skipped,4,10
2279,Alistair WATSON (Lab),Matt KERR (Lab),skipped,skipped,skipped,skipped,skipped,skipped,skipped,skipped,4,10
2280,Alistair WATSON (Lab),Matt KERR (Lab),skipped,skipped,skipped,skipped,skipped,skipped,skipped,skipped,4,10
2281,Alistair WATSON (Lab),Matt KERR (Lab),skipped,skipped,skipped,skipped,skipped,skipped,skipped,skipped,4,10
2282,Alistair WATSON (Lab),Matt KERR (Lab),skipped,skipped,skipped,skipped,skipped,skipped,skipped,skipped,4,10
2283,Alistair WATSON (Lab),Matt KERR (Lab),skipped,skipped,skipped,skipped,skipped,skipped,skipped,skipped,4,10
2284,Alistair WATSON (Lab),Matt KERR (Lab),skipped,skipped,skipped,skipped,skipped,skipped,skipped,skipped,4,10
2285,Alistair WATSON (Lab),Matt KERR (Lab),skipped,skipped,skipped,skipped,skipped,skipped,skipped,skipped,4,10
2286,Alistair WATSON (Lab),Matt KERR (Lab),skipped,skipped,skipped,skipped,skipped,skipped,skipped,skipped,4,10
2287,Alistair WATSON (Lab),Matt KERR (Lab),skipped,skipped,skipped,skipped,skipped,skipped,skipped,skipped,4,10
2288,Alistair WATSON (Lab),Matt KERR (Lab),skipped,skipped,skipped,skipped,skipped,skipped,skipped,skipped,4,10
2289,Alistair WATSON (Lab),Matt KERR (Lab),skipped,skipped,skipped,skipped,skipped,skipped,skipped,skipped,4,10
2290,Alistair WATSON (Lab),Matt KERR (Lab),skipped,skipped,skipped,skipped,skipped,skipped,skipped,skipped,4,10
2291,Alistair WATSON (Lab),Matt KERR (Lab),skipped,skipped,skipped,skipped,skipped,skipped,skipped,skipped,4,10
2292,Alistair WATSON (Lab),Matt KERR (Lab),skipped,skipped,skipped,skipped,skipped,skipped,skipped,skipped,4,10
2293,Alistair WATSON (Lab),Matt KERR (Lab),skipped,skipped,skipped,skipped,skipped,skipped,skipped,skipped,4,10
2294,Alistair WATSON (Lab),Matt KERR (Lab),skipped,skipped,skipped,skipped,skipped,skipped,skipped,skipped,4,10
2295,Alistair WATSON (Lab),Matt KERR (Lab),skipped,skipped,skipped,skipped,skipped,skipped,skipped,skipped,4,10
2296,Alistair WATSON (Lab),Matt KERR (Lab),skipped,skipped,skipped,skipped,skipped,skipped,skipped,skipped,4,10
2297,Alistair WATSON (Lab),Matt KERR (Lab),skipped,skipped,skipped,skipped,skipped,skipped,skipped,skipped,4,10
2298,Alistair WATSON (Lab),Matt KERR (Lab),skipped,skipped,skipped,skipped,skipped,skipped,skipped,skipped,4,10
2299,Alistair WATSON (Lab),Matt KERR (Lab),skipped,skipped,skipped,skipped,skipped,skipped,skipped,skipped,4,10
2300,Alistair WATSON (Lab),Matt KERR (Lab),skipped,skipped,skipped,skipped,skipped,skipped,skipped,skipped,4,10
2301,Alistair WATSON (Lab),Matt KERR (Lab),skipped,skipped,skipped,skipped,skipped,skipped,skipped,skipped,4,10
2302,Alistair WATSON (Lab),Matt KERR (Lab),skipped,skipped,skipped,skipped,skipped,skipped,skipped,skipped,4,10
2303,Alistair WATSON (Lab),Matt KERR (Lab),skipped,skipped,skipped,skipped,skipped,skipped,skipped,skipped,4,10
2304,Alistair WATSON (Lab),Matt KERR (Lab),skipped,skipped,skipped,skipped,skipped,skipped,skipped,skipped,4,10
2305,Alistair WATSON (Lab),Matt KERR (Lab),skipped,skipped,skipped,skipped,skipped,skipped,skipped,skipped,4,10
2306,Alistair WATSON (Lab),Matt KERR (Lab),skipped,skipped,skipped,skipped,skipped,skipped,skipped,skipped,4,10
2307,Alistair WATSON (Lab),Matt KERR (Lab),skipped,skipped,skipped,skipped,skipped,skipped,skipped,skipped,4,10
2308,Alistair WATSON (Lab),Matt KERR (Lab),skipped,skipped,skipped,skipped,skipped,skipped,skipped,skipped,4,10
2309,Alistair WATSON (Lab),Matt KERR (Lab),skipped,skipped,skipped,skipped,skipped,skipped,skipped,skipped,4,10
2310,Alistair WATSON (Lab),Matt KERR (Lab),skipped,skipped,skipped,skipped,skipped,skipped,skipped,skipped,4,10
2311,Alistair WATSON (Lab),Matt KERR (Lab),skipped,skipped,skipped,skipped,skipped,skipped,skipped,skipped,4,10
2312,Alistair WATSON (Lab),Matt KERR (Lab),skipped,skipped,skipped,skipped,skipped,skipped,skipped,skipped,4,10
2313,Alistair WATSON (Lab),Matt KERR (Lab),skipped,skipped,skipped,skipped,skipped,skipped,skipped,skipped,4,10
2314,Alistair WATSON (Lab),Matt KERR (Lab),skipped,skipped,skipped,skipped,skipped,skipped,skipped,skipped,4,10
2315,Alistair WATSON (Lab),Matt KERR (Lab),skipped,skipped,skipped,skipped,skipped,skipped,skipped,skipped,4,10
2316,Alistair WATSON (Lab),Matt KERR (Lab),skipped,skipped,skipped,skipped,skipped,skipped,skipped,skipped,4,10
2317,Alistair WATSON (Lab),Matt KERR (Lab),skipped,skipped,skipped,skipped,skipped,skipped,skipped,skipped,4,10
2318,Alistair WATSON (Lab),Matt KERR (Lab),skipped,skipped,skipped,skipped,skipped,skipped,skipped,skipped,4,10
2319,Alistair WATSON (Lab),Matt KERR (Lab),skipped,skipped,skipped,skipped,skipped,skipped,skipped,skipped,4,10
2320,Alistair WATSON (Lab),Matt KERR (Lab),skipped,skipped,skipped,skipped,skipped,skipped,skipped,skipped,4,10
2321,Alistair WATSON (Lab),Matt KERR (Lab),skipped,skipped,skipped,skipped,skipped,skipped,skipped,skipped,4,10
2322,Alistair WATSON (Lab),Matt KERR (Lab),skipped,skipped,skipped,skipped,skipped,skipped,skipped,skipped,4,10
2323,Alistair WATSON (Lab),Matt KERR (Lab),skipped,skipped,skipped,skipped,skipped,skipped,skipped,skipped,4,10
2324,Alistair WATSON (Lab),Matt KERR (Lab),skipped,skipped,skipped,skipped,skipped,skipped,skipped,skipped,4,10
2325,Alistair WATSON (Lab),Matt KERR (Lab),skipped,skipped,skipped,skipped,skipped,skipped,skipped,skipped,4,10
2326,Alistair WATSON (Lab),Matt KERR (Lab),skipped,skipped,skipped,skipped,skipped,skipped,skipped,skipped,4,10
2327,Alistair WATSON (Lab),Matt KERR (Lab),skipped,skipped,skipped,skipped,skipped,skipped,skipped,skipped,4,10
2328,Alistair WATSON (Lab),Matt KERR (Lab),skipped,skipped,skipped,skipped,skipped,skipped,skipped,skipped,4,10
2329,Alistair WATSON (Lab),Matt KERR (Lab),skipped,skipped,skipped,skipped,skipped,skipped,skipped,skipped,4,10
2330,Alistair WATSON (Lab),Matt KERR (Lab),skipped,skipped,skipped,skipped,skipped,skipped,skipped,skipped,4,10
2331,Alistair WATSON (Lab),Matt KERR (Lab),skipped,skipped,skipped,skipped,skipped,skipped,skipped,skipped,4,10
2332,Alistair WATSON (Lab),Matt KERR (Lab),skipped,skipped,skipped,skipped,skipped,skipped,skipped,skipped,4,10
2333,Alistair WATSON (Lab),Matt KERR (Lab),skipped,skipped,skipped,skipped,skipped,skipped,skipped,skipped,4,10
2334,Alistair WATSON (Lab),Matt KERR (Lab),skipped,skipped,skipped,skipped,skipped,skipped,skipped,skipped,4,10
2335,Alistair WATSON (Lab),Matt KERR (Lab),skipped,skipped,skipped,skipped,skipped,skipped,skipped,skipped,4,10
2336,Alistair WATSON (Lab),Matt KERR (Lab),skipped,skipped,skipped,skipped,skipped,skipped,skipped,skipped,4,10
2337,Alistair WATSON (Lab),Matt KERR (Lab),skipped,skipped,skipped,skipped,skipped,skipped,skipped,skipped,4,10
2338,Alistair WATSON (Lab),Matt KERR (Lab),skipped,skipped,skipped,skipped,skipped,skipped,skipped,skipped,4,10
2339,Alistair WATSON (Lab),Matt KERR (Lab),skipped,skipped,skipped,skipped,skipped,skipped,skipped,skipped,4,10
2340,Alistair WATSON (Lab),Matt KERR (Lab),skipped,skipped,skipped,skipped,skipped,skipped,skipped,skipped,4,10
2341,Alistair WATSON (Lab),Matt KERR (Lab),skipped,skipped,skipped,skipped,skipped,skipped,skipped,skipped,4,10
2342,Alistair WATSON (Lab),Matt KERR (Lab),skipped,skipped,skipped,skipped,skipped,skipped,skipped,skipped,4,10
2343,Alistair WATSON (Lab),Matt KERR (Lab),skipped,skipped,skipped,skipped,skipped,skipped,skipped,skipped,4,10
2344,Alistair WATSON (Lab),Matt KERR (Lab),skipped,skipped,skipped,skipped,skipped,skipped,skipped,skipped,4,10
2345,Alistair WATSON (Lab),Matt KERR (Lab),skipped,skipped,skipped,skipped,skipped,skipped,skipped,skipped,4,10
2346,Alistair WATSON (Lab),Matt KERR (Lab),skipped,skipped,skipped,skipped,skipped,skipped,skipped,skipped,4,10
2347,Alistair WATSON (Lab),Matt KERR (Lab),skipped,skipped,skipped,skipped,skipped,skipped,skipped,skipped,4,10
2348,Alistair WATSON (Lab),Matt KERR (Lab),skipped,skipped,skipped,skipped,skipped,skipped,skipped,skipped,4,10
2349,Alistair WATSON (Lab),Matt KERR (Lab),skipped,skipped,skipped,skipped,skipped,skipped,skipped,skipped,4,10
2350,Alistair WATSON (Lab),Matt KERR (Lab),skipped,skipped,skipped,skipped,skipped,skipped,skipped,skipped,4,10
2351,Alistair WATSON (Lab),Matt KERR (Lab),skipped,skipped,skipped,skipped,skipped,skipped,skipped,skipped,4,10
2352,Alistair WATSON (Lab),Matt KERR (Lab),skipped,skipped,skipped,skipped,skipped,skipped,skipped,skipped,4,10
2353,Alistair WATSON (Lab),Matt KERR (Lab),skipped,skipped,skipped,skipped,skipped,skipped,skipped,skipped,4,10
2354,Alistair WATSON (Lab),Matt KERR (Lab),skipped,skipped,skipped,skipped,skipped,skipped,skipped,skipped,4,10
2355,Alistair WATSON (Lab),Matt KERR (Lab),skipped,skipped,skipped,skipped,skipped,skipped,skipped,skipped,4,10
2356,Alistair WATSON (Lab),Matt KERR (Lab),skipped,skipped,skipped,skipped,skipped,skipped,skipped,skipped,4,10
2357,Alistair WATSON (Lab),Matt KERR (Lab),skipped,skipped,skipped,skipped,skipped,skipped,skipped,skipped,4,10
2358,Alistair WATSON (Lab),Matt KERR (Lab),skipped,skipped,skipped,skipped,skipped,skipped,skipped,skipped,4,10
2359,Alistair WATSON (Lab),Matt KERR (Lab),skipped,skipped,skipped,skipped,skipped,skipped,skipped,skipped,4,10
2360,Alistair WATSON (Lab),Matt KERR (Lab),skipped,skipped,skipped,skipped,skipped,skipped,skipped,skipped,4,10
2361,Alistair WATSON (Lab),Matt KERR (Lab),skipped,skipped,skipped,skipped,skipped,skipped,skipped,skipped,4,10
2362,Alistair WATSON (Lab),Matt KERR (Lab),skipped,skipped,skipped,skipped,skipped,skipped,skipped,skipped,4,10
2363,Alistair WATSON (Lab),Matt KERR (Lab),skipped,skipped,skipped,skipped,skipped,skipped,skipped,skipped,4,10
2364,Alistair WATSON (Lab),Matt KERR (Lab),skipped,skipped,skipped,skipped,skipped,skipped,skipped,skipped,4,10
2365,Alistair WATSON (Lab),Matt KERR (Lab),skipped,skipped,skipped,skipped,skipped,skipped,skipped,skipped,4,10
2366,Alistair WATSON (Lab),Matt KERR (Lab),skipped,skipped,skipped,skipped,skipped,skipped,skipped,skipped,4,10
2367,Alistair WATSON (Lab),Matt KERR (Lab),skipped,skipped,skipped,skipped,skipped,skipped,skipped,skipped,4,10
2368,Alistair WATSON (Lab),Matt KERR (Lab),skipped,skipped,skipped,skipped,skipped,skipped,skipped,skipped,4,10
2369,Alistair WATSON (Lab),Matt KERR (Lab),skipped,skipped,skipped,skipped,skipped,skipped,skipped,skipped,4,10
2370,Alistair WATSON (Lab),Matt KERR (Lab),skipped,skipped,skipped,skipped,skipped,skipped,skipped,skipped,4,10
2371,Alistair WATSON (Lab),Matt KERR (Lab),skipped,skipped,skipped,skipped,skipped,skipped,skipped,skipped,4,10
2372,Alistair WATSON (Lab),Matt KERR (Lab),skipped,skipped,skipped,skipped,skipped,skipped,skipped,skipped,4,10
2373,Alistair WATSON (Lab),Matt KERR (Lab),skipped,skipped,skipped,skipped,skipped,skipped,skipped,skipped,4,10
2374,Alistair WATSON (Lab),Matt KERR (Lab),skipped,skipped,skipped,skipped,skipped,skipped,skipped,skipped,4,10
2375,Alistair WATSON (Lab),Matt KERR (Lab),skipped,skipped,skipped,skipped,skipped,skipped,skipped,skipped,4,10
2376,Alistair WATSON (Lab),Matt KERR (Lab),skipped,skipped,skipped,skipped,skipped,skipped,skipped,skipped,4,10
2377,Alistair WATSON (Lab),Matt KERR (Lab),skipped,skipped,skipped,skipped,skipped,skipped,skipped,skipped,4,10
2378,Alistair WATSON (Lab),Matt KERR (Lab),skipped,skipped,skipped,skipped,skipped,skipped,skipped,skipped,4,10
2379,Alistair WATSON (Lab),Matt KERR (Lab),skipped,skipped,skipped,skipped,skipped,skipped,skipped,skipped,4,10
2380,Alistair WATSON (Lab),Matt KERR (Lab),skipped,skipped,skipped,skipped,skipped,skipped,skipped,skipped,4,10
2381,Alistair WATSON (Lab),Matt KERR (Lab),skipped,skipped,skipped,skipped,skipped,skipped,skipped,skipped,4,10
2382,Alistair WATSON (Lab),Matt KERR (Lab),skipped,skipped,skipped,skipped,skipped,skipped,skipped,skipped,4,10
2383,Alistair WATSON (Lab),Matt KERR (Lab),skipped,skipped,skipped,skipped,skipped,skipped,skipped,skipped,4,10
2384,Alistair WATSON (Lab),Matt KERR (Lab),skipped,skipped,skipped,skipped,skipped,skipped,skipped,skipped,4,10
2385,Alistair WATSON (Lab),Matt KERR (Lab),skipped,skipped,skipped,skipped,skipped,skipped,skipped,skipped,4,10
2386,Alistair WATSON (Lab),Matt KERR (Lab),skipped,skipped,skipped,skipped,skipped,skipped,skipped,skipped,4,10
2387,Alistair WATSON (Lab),Matt KERR (Lab),skipped,skipped,skipped,skipped,skipped,skipped,skipped,skipped,4,10
2388,Alistair WATSON (Lab),Matt KERR (Lab),skipped,skipped,skipped,skipped,skipped,skipped,skipped,skipped,4,10
2389,Alistair WATSON (Lab),Matt KERR (Lab),skipped,skipped,skipped,skipped,skipped,skipped,skipped,skipped,4,10
2390,Alistair WATSON (Lab),Matt KERR (Lab),skipped,skipped,skipped,skipped,skipped,skipped,skipped,skipped,4,10
2391,Alistair WATSON (Lab),Matt KERR (Lab),skipped,skipped,skipped,skipped,skipped,skipped,skipped,skipped,4,10
2392,Alistair WATSON (Lab),Matt KERR (Lab),skipped,skipped,skipped,skipped,skipped,skipped,skipped,skipped,4,10
2393,Alistair WATSON (Lab),Matt KERR (Lab),skipped,skipped,skipped,skipped,skipped,skipped,skipped,skipped,4,10
2394,Alistair WATSON (Lab),Matt KERR (Lab),skipped,skipped,skipped,skipped,skipped,skipped,skipped,skipped,4,10
2395,Alistair WATSON (Lab),Matt KERR (Lab),skipped,skipped,skipped,skipped,skipped,skipped,skipped,skipped,4,10
2396,Alistair WATSON (Lab),Matt KERR (Lab),skipped,skipped,skipped,skipped,skipped,skipped,skipped,skipped,4,10
2397,Alistair WATSON (Lab),Matt KERR (Lab),skipped,skipped,skipped,skipped,skipped,skipped,skipped,skipped,4,10
2398,Alistair WATSON (Lab),Matt KERR (Lab),skipped,skipped,skipped,skipped,skipped,skipped,skipped,skipped,4,10
2399,Alistair WATSON (Lab),Matt KERR (Lab),skipped,skipped,skipped,skipped,skipped,skipped,skipped,skipped,4,10
2400,Alistair WATSON (Lab),Matt KERR (Lab),skipped,skipped,skipped,skipped,skipped,skipped,skipped,skipped,4,10
2401,Alistair WATSON (Lab),Matt KERR (Lab),skipped,skipped,skipped,skipped,skipped,skipped,skipped,skipped,4,10
2402,Alistair WATSON (Lab),Matt KERR (Lab),skipped,skipped,skipped,skipped,skipped,skipped,skipped,skipped,4,10
2403,Alistair WATSON (Lab),Matt KERR (Lab),skipped,skipped,skipped,skipped,skipped,skipped,skipped,skipped,4,10
2404,Alistair WATSON (Lab),Matt KERR (Lab),skipped,skipped,skipped,skipped,skipped,skipped,skipped,skipped,4,10
2405,Alistair WATSON (Lab),Matt KERR (Lab),skipped,skipped,skipped,skipped,skipped,skipped,skipped,skipped,4,10
2406,Alistair WATSON (Lab),Matt KERR (Lab),skipped,skipped,skipped,skipped,skipped,skipped,skipped,skipped,4,10
2407,Alistair WATSON (Lab),Matt KERR (Lab),skipped,skipped,skipped,skipped,skipped,skipped,skipped,skipped,4,10
2408,Alistair WATSON (Lab),Matt KERR (Lab),skipped,skipped,skipped,skipped,skipped,skipped,skipped,skipped,4,10
2409,Alistair WATSON (Lab),Matt KERR (Lab),skipped,skipped,skipped,skipped,skipped,skipped,skipped,skipped,4,10
2410,Alistair WATSON (Lab),Matt KERR (Lab),skipped,skipped,skipped,skipped,skipped,skipped,skipped,skipped,4,10
2411,Alistair WATSON (Lab),Matt KERR (Lab),skipped,skipped,skipped,skipped,skipped,skipped,skipped,skipped,4,10
2412,Alistair WATSON (Lab),Matt KERR (Lab),skipped,skipped,skipped,skipped,skipped,skipped,skipped,skipped,4,10
2413,Alistair WATSON (Lab),Matt KERR (Lab),skipped,skipped,skipped,skipped,skipped,skipped,skipped,skipped,4,10
2414,Alistair WATSON (Lab),Matt KERR (Lab),skipped,skipped,skipped,skipped,skipped,skipped,skipped,skipped,4,10
2415,Alistair WATSON (Lab),Matt KERR (Lab),skipped,skipped,skipped,skipped,skipped,skipped,skipped,skipped,4,10
2416,Alistair WATSON (Lab),Matt KERR (Lab),skipped,skipped,skipped,skipped,skipped,skipped,skipped,skipped,4,10
2417,Alistair WATSON (Lab),Matt KERR (Lab),skipped,skipped,skipped,skipped,skipped,skipped,skipped,skipped,4,10
2418,Alistair WATSON (Lab),Matt KERR (Lab),skipped,skipped,skipped,skipped,skipped,skipped,skipped,skipped,4,10
2419,Alistair WATSON (Lab),Matt KERR (Lab),skipped,skipped,skipped,skipped,skipped,skipped,skipped,skipped,4,10
2420,Alistair WATSON (Lab),Matt KERR (Lab),skipped,skipped,skipped,skipped,skipped,skipped,skipped,skipped,4,10
2421,Alistair WATSON (Lab),Matt KERR (Lab),skipped,skipped,skipped,skipped,skipped,skipped,skipped,skipped,4,10
2422,Alistair WATSON (Lab),Matt KERR (Lab),skipped,skipped,skipped,skipped,skipped,skipped,skipped,skipped,4,10
2423,Alistair WATSON (Lab),Matt KERR (Lab),skipped,skipped,skipped,skipped,skipped,skipped,skipped,skipped,4,10
2424,Alistair WATSON (Lab),Matt KERR (Lab),skipped,skipped,skipped,skipped,skipped,skipped,skipped,skipped,4,10
2425,Alistair WATSON (Lab),Matt KERR (Lab),skipped,skipped,skipped,skipped,skipped,skipped,skipped,skipped,4,10
2426,Alistair WATSON (Lab),Matt KERR (Lab),skipped,skipped,skipped,skipped,skipped,skipped,skipped,skipped,4,10
2427,Alistair WATSON (Lab),Matt KERR (Lab),skipped,skipped,skipped,skipped,skipped,skipped,skipped,skipped,4,10
2428,Alistair WATSON (Lab),Matt KERR (Lab),skipped,skipped,skipped,skipped,skipped,skipped,skipped,skipped,4,10
2429,Alistair WATSON (Lab),Matt KERR (Lab),skipped,skipped,skipped,skipped,skipped,skipped,skipped,skipped,4,10
2430,Alistair WATSON (Lab),Matt KERR (Lab),skipped,skipped,skipped,skipped,skipped,skipped,skipped,skipped,4,10
2431,Alistair WATSON (Lab),Matt KERR (Lab),skipped,skipped,skipped,skipped,skipped,skipped,skipped,skipped,4,10
2432,Alistair WATSON (Lab),Matt KERR (Lab),skipped,skipped,skipped,skipped,skipped,skipped,skipped,skipped,4,10
2433,Alistair WATSON (Lab),Matt KERR (Lab),skipped,skipped,skipped,skipped,skipped,skipped,skipped,skipped,4,10
2434,Alistair WATSON (Lab),Matt KERR (Lab),skipped,skipped,skipped,skipped,skipped,skipped,skipped,skipped,4,10
2435,Alistair WATSON (Lab),Matt KERR (Lab),skipped,skipped,skipped,skipped,skipped,skipped,skipped,skipped,4,10
2436,Alistair WATSON (Lab),Matt KERR (Lab),skipped,skipped,skipped,skipped,skipped,skipped,skipped,skipped,4,10
2437,Alistair WATSON (Lab),Matt KERR (Lab),skipped,skipped,skipped,skipped,skipped,skipped,skipped,skipped,4,10
2438,Alistair WATSON (Lab),Matt KERR (Lab),skipped,skipped,skipped,skipped,skipped,skipped,skipped,skipped,4,10
2439,Alistair WATSON (Lab),Matt KERR (Lab),skipped,skipped,skipped,skipped,skipped,skipped,skipped,skipped,4,10
2440,Alistair WATSON (Lab),Matt KERR (Lab),skipped,skipped,skipped,skipped,skipped,skipped,skipped,skipped,4,10
2441,Alistair WATSON (Lab),Matt KERR (Lab),skipped,skipped,skipped,skipped,skipped,skipped,skipped,skipped,4,10
2442,Alistair WATSON (Lab),Matt KERR (Lab),skipped,skipped,skipped,skipped,skipped,skipped,skipped,skipped,4,10
2443,Alistair WATSON (Lab),Matt KERR (Lab),skipped,skipped,skipped,skipped,skipped,skipped,skipped,skipped,4,10
2444,Alistair WATSON (Lab),Matt KERR (Lab),skipped,skipped,skipped,skipped,skipped,skipped,skipped,skipped,4,10
2445,Alistair WATSON (Lab),Matt KERR (Lab),skipped,skipped,skipped,skipped,skipped,skipped,skipped,skipped,4,10
2446,Alistair WATSON (Lab),Matt KERR (Lab),skipped,skipped,skipped,skipped,skipped,skipped,skipped,skipped,4,10
2447,Alistair WATSON (Lab),Matt KERR (Lab),skipped,skipped,skipped,skipped,skipped,skipped,skipped,skipped,4,10
2448,Alistair WATSON (Lab),Matt KERR (Lab),skipped,skipped,skipped,skipped,skipped,skipped,skipped,skipped,4,10
2449,Alistair WATSON (Lab),Matt KERR (Lab),skipped,skipped,skipped,skipped,skipped,skipped,skipped,skipped,4,10
2450,Alistair WATSON (Lab),Matt KERR (Lab),skipped,skipped,skipped,skipped,skipped,skipped,skipped,skipped,4,10
2451,Alistair WATSON (Lab),Matt KERR (Lab),skipped,skipped,skipped,skipped,skipped,skipped,skipped,skipped,4,10
2452,Alistair WATSON (Lab),Matt KERR (Lab),skipped,skipped,skipped,skipped,skipped,skipped,skipped,skipped,4,10
2453,Alistair WATSON (Lab),Matt KERR (Lab),skipped,skipped,skipped,skipped,skipped,skipped,skipped,skipped,4,10
2454,Alistair WATSON (Lab),Matt KERR (Lab),skipped,skipped,skipped,skipped,skipped,skipped,skipped,skipped,4,10
2455,Alistair WATSON (Lab),Matt KERR (Lab),skipped,skipped,skipped,skipped,skipped,skipped,skipped,skipped,4,10
2456,Alistair WATSON (Lab),Matt KERR (Lab),skipped,skipped,skipped,skipped,skipped,skipped,skipped,skipped,4,10
2457,Alistair WATSON (Lab),Matt KERR (Lab),skipped,skipped,skipped,skipped,skipped,skipped,skipped,skipped,4,10
2458,Alistair WATSON (Lab),Matt KERR (Lab),skipped,skipped,skipped,skipped,skipped,skipped,skipped,skipped,4,10
2459,Alistair WATSON (Lab),Matt KERR (Lab),skipped,skipped,skipped,skipped,skipped,skipped,skipped,skipped,4,10
2460,Alistair WATSON (Lab),Matt KERR (Lab),skipped,skipped,skipped,skipped,skipped,skipped,skipped,skipped,4,10
2461,Alistair WATSON (Lab),Matt KERR (Lab),skipped,skipped,skipped,skipped,skipped,skipped,skipped,skipped,4,10
2462,Alistair WATSON (Lab),Matt KERR (Lab),skipped,skipped,skipped,skipped,skipped,skipped,skipped,skipped,4,10
2463,Alistair WATSON (Lab),Matt KERR (Lab),skipped,skipped,skipped,skipped,skipped,skipped,skipped,skipped,4,10
2464,Alistair WATSON (Lab),Matt KERR (Lab),skipped,skipped,skipped,skipped,skipped,skipped,skipped,skipped,4,10
2465,Alistair WATSON (Lab),Matt KERR (Lab),skipped,skipped,skipped,skipped,skipped,skipped,skipped,skipped,4,10
2466,Alistair WATSON (Lab),Matt KERR (Lab),skipped,skipped,skipped,skipped,skipped,skipped,skipped,skipped,4,10
2467,Alistair WATSON (Lab),Matt KERR (Lab),skipped,skipped,skipped,skipped,skipped,skipped,skipped,skipped,4,10
2468,Alistair WATSON (Lab),Matt KERR (Lab),skipped,skipped,skipped,skipped,skipped,skipped,skipped,skipped,4,10
2469,Alistair WATSON (Lab),Matt KERR (Lab),skipped,skipped,skipped,skipped,skipped,skipped,skipped,skipped,4,10
2470,Alistair WATSON (Lab),Matt KERR (Lab),skipped,skipped,skipped,skipped,skipped,skipped,skipped,skipped,4,10
2471,Alistair WATSON (Lab),Matt KERR (Lab),skipped,skipped,skipped,skipped,skipped,skipped,skipped,skipped,4,10
2472,Alistair WATSON (Lab),Matt KERR (Lab),skipped,skipped,skipped,skipped,skipped,skipped,skipped,skipped,4,10
2473,Alistair WATSON (Lab),Matt KERR (Lab),skipped,skipped,skipped,skipped,skipped,skipped,skipped,skipped,4,10
2474,Alistair WATSON (Lab),Matt KERR (Lab),skipped,skipped,skipped,skipped,skipped,skipped,skipped,skipped,4,10
2475,Alistair WATSON (Lab),Matt KERR (Lab),skipped,skipped,skipped,skipped,skipped,skipped,skipped,skipped,4,10
2476,Alistair WATSON (Lab),Matt KERR (Lab),skipped,skipped,skipped,skipped,skipped,skipped,skipped,skipped,4,10
2477,Alistair WATSON (Lab),Matt KERR (Lab),skipped,skipped,skipped,skipped,skipped,skipped,skipped,skipped,4,10
2478,Alistair WATSON (Lab),Matt KERR (Lab),skipped,skipped,skipped,skipped,skipped,skipped,skipped,skipped,4,10
2479,Alistair WATSON (Lab),Matt KERR (Lab),skipped,skipped,skipped,skipped,skipped,skipped,skipped,skipped,4,10
2480,Alistair WATSON (Lab),Matt KERR (Lab),skipped,skipped,skipped,skipped,skipped,skipped,skipped,skipped,4,10
2481,Alistair WATSON (Lab),Matt KERR (Lab),skipped,skipped,skipped,skipped,skipped,skipped,skipped,skipped,4,10
2482,Alistair WATSON (Lab),Matt KERR (Lab),skipped,skipped,skipped,skipped,skipped,skipped,skipped,skipped,4,10
2483,Alistair WATSON (Lab),Matt KERR (Lab),skipped,skipped,skipped,skipped,skipped,skipped,skipped,skipped,4,10
2484,Alistair WATSON (Lab),Matt KERR (Lab),skipped,skipped,skipped,skipped,skipped,skipped,skipped,skipped,4,10
2485,Alistair WATSON (Lab),Matt KERR (Lab),skipped,skipped,skipped,skipped,skipped,skipped,skipped,skipped,4,10
2486,Alistair WATSON (Lab),Matt KERR (Lab),skipped,skipped,skipped,skipped,skipped,skipped,skipped,skipped,4,10
2487,Alistair WATSON (Lab),Matt KERR (Lab),skipped,skipped,skipped,skipped,skipped,skipped,skipped,skipped,4,10
2488,Alistair WATSON (Lab),Matt KERR (Lab),skipped,skipped,skipped,skipped,skipped,skipped,skipped,skipped,4,10
2489,Alistair WATSON (Lab),Matt KERR (Lab),skipped,skipped,skipped,skipped,skipped,skipped,skipped,skipped,4,10
2490,Alistair WATSON (Lab),Matt KERR (Lab),skipped,skipped,skipped,skipped,skipped,skipped,skipped,skipped,4,10
2491,Alistair WATSON (Lab),Matt KERR (Lab),skipped,skipped,skipped,skipped,skipped,skipped,skipped,skipped,4,10
2492,Alistair WATSON (Lab),Matt KERR (Lab),skipped,skipped,skipped,skipped,skipped,skipped,skipped,skipped,4,10
2493,Alistair WATSON (Lab),Matt KERR (Lab),skipped,skipped,skipped,skipped,skipped,skipped,skipped,skipped,4,10
2494,Alistair WATSON (Lab),Matt KERR (Lab),skipped,skipped,skipped,skipped,skipped,skipped,skipped,skipped,4,10
2495,Alistair WATSON (Lab),Matt KERR (Lab),skipped,skipped,skipped,skipped,skipped,skipped,skipped,skipped,4,10
2496,Alistair WATSON (Lab),Matt KERR (Lab),skipped,skipped,skipped,skipped,skipped,skipped,skipped,skipped,4,10
2497,Alistair WATSON (Lab),Matt KERR (Lab),skipped,skipped,skipped,skipped,skipped,skipped,skipped,skipped,4,10
2498,Alistair WATSON (Lab),Matt KERR (Lab),skipped,skipped,skipped,skipped,skipped,skipped,skipped,skipped,4,10
2499,Alistair WATSON (Lab),Matt KERR (Lab),skipped,skipped,skipped,skipped,skipped,skipped,skipped,skipped,4,10
2500,Alistair WATSON (Lab),Matt KERR (Lab),skipped,skipped,skipped,skipped,skipped,skipped,skipped,skipped,4,10
2501,Alistair WATSON (Lab),Matt KERR (Lab),skipped,skipped,skipped,skipped,skipped,skipped,skipped,skipped,4,10
2502,Alistair WATSON (Lab),Matt KERR (Lab),skipped,skipped,skipped,skipped,skipped,skipped,skipped,skipped,4,10
2503,Alistair WATSON (Lab),Matt KERR (Lab),skipped,skipped,skipped,skipped,skipped,skipped,skipped,skipped,4,10
2504,Alistair WATSON (Lab),Matt KERR (Lab),skipped,skipped,skipped,skipped,skipped,skipped,skipped,skipped,4,10
2505,Alistair WATSON (Lab),Matt KERR (Lab),skipped,skipped,skipped,skipped,skipped,skipped,skipped,skipped,4,10
2506,Alistair WATSON (Lab),Matt KERR (Lab),skipped,skipped,skipped,skipped,skipped,skipped,skipped,skipped,4,10
2507,Alistair WATSON (Lab),Matt KERR (Lab),skipped,skipped,skipped,skipped,skipped,skipped,skipped,skipped,4,10
2508,Alistair WATSON (Lab),Matt KERR (Lab),skipped,skipped,skipped,skipped,skipped,skipped,skipped,skipped,4,10
2509,Alistair WATSON (Lab),Matt KERR (Lab),skipped,skipped,skipped,skipped,skipped,skipped,skipped,skipped,4,10
2510,Alistair WATSON (Lab),Matt KERR (Lab),skipped,skipped,skipped,skipped,skipped,skipped,skipped,skipped,4,10
2511,Alistair WATSON (Lab),Matt KERR (Lab),skipped,skipped,skipped,skipped,skipped,skipped,skipped,skipped,4,10
2512,Alistair WATSON (Lab),Matt KERR (Lab),skipped,skipped,skipped,skipped,skipped,skipped,skipped,skipped,4,10
2513,Alistair WATSON (Lab),Matt KERR (Lab),skipped,skipped,skipped,skipped,skipped,skipped,skipped,skipped,4,10
2514,Alistair WATSON (Lab),Matt KERR (Lab),skipped,skipped,skipped,skipped,skipped,skipped,skipped,skipped,4,10
2515,Alistair WATSON (Lab),Matt KERR (Lab),skipped,skipped,skipped,skipped,skipped,skipped,skipped,skipped,4,10
2516,Alistair WATSON (Lab),Matt KERR (Lab),skipped,skipped,skipped,skipped,skipped,skipped,skipped,skipped,4,10
2517,Alistair WATSON (Lab),Matt KERR (Lab),skipped,skipped,skipped,skipped,skipped,skipped,skipped,skipped,4,10
2518,Alistair WATSON (Lab),Matt KERR (Lab),skipped,skipped,skipped,skipped,skipped,skipped,skipped,skipped,4,10
2519,Alistair WATSON (Lab),Matt KERR (Lab),skipped,skipped,skipped,skipped,skipped,skipped,skipped,skipped,4,10
2520,Alistair WATSON (Lab),Matt KERR (Lab),skipped,skipped,skipped,skipped,skipped,skipped,skipped,skipped,4,10
2521,Alistair WATSON (Lab),Matt KERR (Lab),skipped,skipped,skipped,skipped,skipped,skipped,skipped,skipped,4,10
2522,Alistair WATSON (Lab),Matt KERR (Lab),skipped,skipped,skipped,skipped,skipped,skipped,skipped,skipped,4,10
2523,Alistair WATSON (Lab),Matt KERR (Lab),skipped,skipped,skipped,skipped,skipped,skipped,skipped,skipped,4,10
2524,Alistair WATSON (Lab),Matt KERR (Lab),skipped,skipped,skipped,skipped,skipped,skipped,skipped,skipped,4,10
2525,Alistair WATSON (Lab),Matt KERR (Lab),skipped,skipped,skipped,skipped,skipped,skipped,skipped,skipped,4,10
2526,Alistair WATSON (Lab),Matt KERR (Lab),skipped,skipped,skipped,skipped,skipped,skipped,skipped,skipped,4,10
2527,Alistair WATSON (Lab),Matt KERR (Lab),skipped,skipped,skipped,skipped,skipped,skipped,skipped,skipped,4,10
2528,Alistair WATSON (Lab),Matt KERR (Lab),skipped,skipped,skipped,skipped,skipped,skipped,skipped,skipped,4,10
2529,Alistair WATSON (Lab),Matt KERR (Lab),skipped,skipped,skipped,skipped,skipped,skipped,skipped,skipped,4,10
2530,Alistair WATSON (Lab),Matt KERR (Lab),skipped,skipped,skipped,skipped,skipped,skipped,skipped,skipped,4,10
2531,Alistair WATSON (Lab),Matt KERR (Lab),skipped,skipped,skipped,skipped,skipped,skipped,skipped,skipped,4,10
2532,Alistair WATSON (Lab),Matt KERR (Lab),skipped,skipped,skipped,skipped,skipped,skipped,skipped,skipped,4,10
2533,Alistair WATSON (Lab),Matt KERR (Lab),skipped,skipped,skipped,skipped,skipped,skipped,skipped,skipped,4,10
2534,Alistair WATSON (Lab),Matt KERR (Lab),skipped,skipped,skipped,skipped,skipped,skipped,skipped,skipped,4,10
2535,Alistair WATSON (Lab),Matt KERR (Lab),skipped,skipped,skipped,skipped,skipped,skipped,skipped,skipped,4,10
2536,Alistair WATSON (Lab),Matt KERR (Lab),skipped,skipped,skipped,skipped,skipped,skipped,skipped,skipped,4,10
2537,Alistair WATSON (Lab),Matt KERR (Lab),skipped,skipped,skipped,skipped,skipped,skipped,skipped,skipped,4,10
2538,Alistair WATSON (Lab),Matt KERR (Lab),skipped,skipped,skipped,skipped,skipped,skipped,skipped,skipped,4,10
2539,Alistair WATSON (Lab),Matt KERR (Lab),skipped,skipped,skipped,skipped,skipped,skipped,skipped,skipped,4,10
2540,Alistair WATSON (Lab),Matt KERR (Lab),skipped,skipped,skipped,skipped,skipped,skipped,skipped,skipped,4,10
2541,Alistair WATSON (Lab),Matt KERR (Lab),skipped,skipped,skipped,skipped,skipped,skipped,skipped,skipped,4,10
2542,Alistair WATSON (Lab),Matt KERR (Lab),skipped,skipped,skipped,skipped,skipped,skipped,skipped,skipped,4,10
2543,Alistair WATSON (Lab),Matt KERR (Lab),skipped,skipped,skipped,skipped,skipped,skipped,skipped,skipped,4,10
2544,Alistair WATSON (Lab),Matt KERR (Lab),skipped,skipped,skipped,skipped,skipped,skipped,skipped,skipped,4,10
2545,Alistair WATSON (Lab),Matt KERR (Lab),skipped,skipped,skipped,skipped,skipped,skipped,skipped,skipped,4,10
2546,Alistair WATSON (Lab),Matt KERR (Lab),skipped,skipped,skipped,skipped,skipped,skipped,skipped,skipped,4,10
2547,Alistair WATSON (Lab),Matt KERR (Lab),skipped,skipped,skipped,skipped,skipped,skipped,skipped,skipped,4,10
2548,Alistair WATSON (Lab),Matt KERR (Lab),skipped,skipped,skipped,skipped,skipped,skipped,skipped,skipped,4,10
2549,Alistair WATSON (Lab),Matt KERR (Lab),skipped,skipped,skipped,skipped,skipped,skipped,skipped,skipped,4,10
2550,Alistair WATSON (Lab),Matt KERR (Lab),skipped,skipped,skipped,skipped,skipped,skipped,skipped,skipped,4,10
2551,Alistair WATSON (Lab),Matt KERR (Lab),skipped,skipped,skipped,skipped,skipped,skipped,skipped,skipped,4,10
2552,Alistair WATSON (Lab),Matt KERR (Lab),skipped,skipped,skipped,skipped,skipped,skipped,skipped,skipped,4,10
2553,Alistair WATSON (Lab),Matt KERR (Lab),skipped,skipped,skipped,skipped,skipped,skipped,skipped,skipped,4,10
2554,Alistair WATSON (Lab),Matt KERR (Lab),skipped,skipped,skipped,skipped,skipped,skipped,skipped,skipped,4,10
2555,Alistair WATSON (Lab),Matt KERR (Lab),skipped,skipped,skipped,skipped,skipped,skipped,skipped,skipped,4,10
2556,Alistair WATSON (Lab),Matt KERR (Lab),skipped,skipped,skipped,skipped,skipped,skipped,skipped,skipped,4,10
2557,Alistair WATSON (Lab),Matt KERR (Lab),skipped,skipped,skipped,skipped,skipped,skipped,skipped,skipped,4,10
2558,Alistair WATSON (Lab),Matt KERR (Lab),skipped,skipped,skipped,skipped,skipped,skipped,skipped,skipped,4,10
2559,Alistair WATSON (Lab),Matt KERR (Lab),skipped,skipped,skipped,skipped,skipped,skipped,skipped,skipped,4,10
2560,Alistair WATSON (Lab),Matt KERR (Lab),skipped,skipped,skipped,skipped,skipped,skipped,skipped,skipped,4,10
2561,Alistair WATSON (Lab),Matt KERR (Lab),skipped,skipped,skipped,skipped,skipped,skipped,skipped,skipped,4,10
2562,Alistair WATSON (Lab),Matt KERR (Lab),skipped,skipped,skipped,skipped,skipped,skipped,skipped,skipped,4,10
2563,Alistair WATSON (Lab),Matt KERR (Lab),skipped,skipped,skipped,skipped,skipped,skipped,skipped,skipped,4,10
2564,Alistair WATSON (Lab),Matt KERR (Lab),skipped,skipped,skipped,skipped,skipped,skipped,skipped,skipped,4,10
2565,Alistair WATSON (Lab),Matt KERR (Lab),skipped,skipped,skipped,skipped,skipped,skipped,skipped,skipped,4,10
2566,Alistair WATSON (Lab),Matt KERR (Lab),skipped,skipped,skipped,skipped,skipped,skipped,skipped,skipped,4,10
2567,Alistair WATSON (Lab),Matt KERR (Lab),skipped,skipped,skipped,skipped,skipped,skipped,skipped,skipped,4,10
2568,Alistair WATSON (Lab),Matt KERR (Lab),skipped,skipped,skipped,skipped,skipped,skipped,skipped,skipped,4,10
2569,Alistair WATSON (Lab),Matt KERR (Lab),skipped,skipped,skipped,skipped,skipped,skipped,skipped,skipped,4,10
2570,Alistair WATSON (Lab),Matt KERR (Lab),skipped,skipped,skipped,skipped,skipped,skipped,skipped,skipped,4,10
2571,Alistair WATSON (Lab),Matt KERR (Lab),skipped,skipped,skipped,skipped,skipped,skipped,skipped,skipped,4,10
2572,Alistair WATSON (Lab),Matt KERR (Lab),skipped,skipped,skipped,skipped,skipped,skipped,skipped,skipped,4,10
2573,Alistair WATSON (Lab),Matt KERR (Lab),skipped,skipped,skipped,skipped,skipped,skipped,skipped,skipped,4,10
2574,Alistair WATSON (Lab),Matt KERR (Lab),skipped,skipped,skipped,skipped,skipped,skipped,skipped,skipped,4,10
2575,Alistair WATSON (Lab),Matt KERR (Lab),skipped,skipped,skipped,skipped,skipped,skipped,skipped,skipped,4,10
2576,Alistair WATSON (Lab),Matt KERR (Lab),skipped,skipped,skipped,skipped,skipped,skipped,skipped,skipped,4,10
2577,Alistair WATSON (Lab),Matt KERR (Lab),skipped,skipped,skipped,skipped,skipped,skipped,skipped,skipped,4,10
2578,Alistair WATSON (Lab),Matt KERR (Lab),skipped,skipped,skipped,skipped,skipped,skipped,skipped,skipped,4,10
2579,Alistair WATSON (Lab),Matt KERR (Lab),skipped,skipped,skipped,skipped,skipped,skipped,skipped,skipped,4,10
2580,Alistair WATSON (Lab),Matt KERR (Lab),skipped,skipped,skipped,skipped,skipped,skipped,skipped,skipped,4,10
2581,Alistair WATSON (Lab),Matt KERR (Lab),skipped,skipped,skipped,skipped,skipped,skipped,skipped,skipped,4,10
2582,Alistair WATSON (Lab),Matt KERR (Lab),skipped,skipped,skipped,skipped,skipped,skipped,skipped,skipped,4,10
2583,Alistair WATSON (Lab),Matt KERR (Lab),skipped,skipped,skipped,skipped,skipped,skipped,skipped,skipped,4,10
2584,Alistair WATSON (Lab),Matt KERR (Lab),skipped,skipped,skipped,skipped,skipped,skipped,skipped,skipped,4,10
2585,Alistair WATSON (Lab),Matt KERR (Lab),skipped,skipped,skipped,skipped,skipped,skipped,skipped,skipped,4,10
2586,Alistair WATSON (Lab),Matt KERR (Lab),skipped,skipped,skipped,skipped,skipped,skipped,skipped,skipped,4,10
2587,Alistair WATSON (Lab),Matt KERR (Lab),skipped,skipped,skipped,skipped,skipped,skipped,skipped,skipped,4,10
2588,Alistair WATSON (Lab),Matt KERR (Lab),skipped,skipped,skipped,skipped,skipped,skipped,skipped,skipped,4,10
2589,Alistair WATSON (Lab),Matt KERR (Lab),skipped,skipped,skipped,skipped,skipped,skipped,skipped,skipped,4,10
2590,Alistair WATSON (Lab),Matt KERR (Lab),skipped,skipped,skipped,skipped,skipped,skipped,skipped,skipped,4,10
2591,Alistair WATSON (Lab),Matt KERR (Lab),skipped,skipped,skipped,skipped,skipped,skipped,skipped,skipped,4,10
2592,Alistair WATSON (Lab),Matt KERR (Lab),skipped,skipped,skipped,skipped,skipped,skipped,skipped,skipped,4,10
2593,Alistair WATSON (Lab),Matt KERR (Lab),skipped,skipped,skipped,skipped,skipped,skipped,skipped,skipped,4,10
2594,Alistair WATSON (Lab),Matt KERR (Lab),skipped,skipped,skipped,skipped,skipped,skipped,skipped,skipped,4,10
2595,Alistair WATSON (Lab),Matt KERR (Lab),skipped,skipped,skipped,skipped,skipped,skipped,skipped,skipped,4,10
2596,Alistair WATSON (Lab),Matt KERR (Lab),skipped,skipped,skipped,skipped,skipped,skipped,skipped,skipped,4,10
2597,Alistair WATSON (Lab),Matt KERR (Lab),skipped,skipped,skipped,skipped,skipped,skipped,skipped,skipped,4,10
2598,Alistair WATSON (Lab),Matt KERR (Lab),skipped,skipped,skipped,skipped,skipped,skipped,skipped,skipped,4,10
2599,Alistair WATSON (Lab),Matt KERR (Lab),skipped,skipped,skipped,skipped,skipped,skipped,skipped,skipped,4,10
2600,Alistair WATSON (Lab),Matt KERR (Lab),skipped,skipped,skipped,skipped,skipped,skipped,skipped,skipped,4,10
2601,Alistair WATSON (Lab),Matt KERR (Lab),skipped,skipped,skipped,skipped,skipped,skipped,skipped,skipped,4,10
2602,Alistair WATSON (Lab),Matt KERR (Lab),skipped,skipped,skipped,skipped,skipped,skipped,skipped,skipped,4,10
2603,Alistair WATSON (Lab),Matt KERR (Lab),skipped,skipped,skipped,skipped,skipped,skipped,skipped,skipped,4,10
2604,Alistair WATSON (Lab),Matt KERR (Lab),skipped,skipped,skipped,skipped,skipped,skipped,skipped,skipped,4,10
2605,Alistair WATSON (Lab),Matt KERR (Lab),skipped,skipped,skipped,skipped,skipped,skipped,skipped,skipped,4,10
2606,Alistair WATSON (Lab),Matt KERR (Lab),skipped,skipped,skipped,skipped,skipped,skipped,skipped,skipped,4,10
2607,Alistair WATSON (Lab),Matt KERR (Lab),skipped,skipped,skipped,skipped,skipped,skipped,skipped,skipped,4,10
2608,Alistair WATSON (Lab),Matt KERR (Lab),skipped,skipped,skipped,skipped,skipped,skipped,skipped,skipped,4,10
2609,Alistair WATSON (Lab),Matt KERR (Lab),skipped,skipped,skipped,skipped,skipped,skipped,skipped,skipped,4,10
2610,Alistair WATSON (Lab),Matt KERR (Lab),skipped,skipped,skipped,skipped,skipped,skipped,skipped,skipped,4,10
2611,Alistair WATSON (Lab),Matt KERR (Lab),skipped,skipped,skipped,skipped,skipped,skipped,skipped,skipped,4,10
2612,Alistair WATSON (Lab),Matt KERR (Lab),skipped,skipped,skipped,skipped,skipped,skipped,skipped,skipped,4,10
2613,Alistair WATSON (Lab),Matt KERR (Lab),skipped,skipped,skipped,skipped,skipped,skipped,skipped,skipped,4,10
2614,Alistair WATSON (Lab),Matt KERR (Lab),skipped,skipped,skipped,skipped,skipped,skipped,skipped,skipped,4,10
2615,Alistair WATSON (Lab),Matt KERR (Lab),skipped,skipped,skipped,skipped,skipped,skipped,skipped,skipped,4,10
2616,Alistair WATSON (Lab),Matt KERR (Lab),skipped,skipped,skipped,skipped,skipped,skipped,skipped,skipped,4,10
2617,Alistair WATSON (Lab),Matt KERR (Lab),skipped,skipped,skipped,skipped,skipped,skipped,skipped,skipped,4,10
2618,Alistair WATSON (Lab),Matt KERR (Lab),skipped,skipped,skipped,skipped,skipped,skipped,skipped,skipped,4,10
2619,Alistair WATSON (Lab),Matt KERR (Lab),skipped,skipped,skipped,skipped,skipped,skipped,skipped,skipped,4,10
2620,Alistair WATSON (Lab),Matt KERR (Lab),skipped,skipped,skipped,skipped,skipped,skipped,skipped,skipped,4,10
2621,Alistair WATSON (Lab),Matt KERR (Lab),skipped,skipped,skipped,skipped,skipped,skipped,skipped,skipped,4,10
2622,Alistair WATSON (Lab),Matt KERR (Lab),skipped,skipped,skipped,skipped,skipped,skipped,skipped,skipped,4,10
2623,Alistair WATSON (Lab),Matt KERR (Lab),skipped,skipped,skipped,skipped,skipped,skipped,skipped,skipped,4,10
2624,Alistair WATSON (Lab),Matt KERR (Lab),skipped,skipped,skipped,skipped,skipped,skipped,skipped,skipped,4,10
2625,Alistair WATSON (Lab),Matt KERR (Lab),skipped,skipped,skipped,skipped,skipped,skipped,skipped,skipped,4,10
2626,Alistair WATSON (Lab),Matt KERR (Lab),skipped,skipped,skipped,skipped,skipped,skipped,skipped,skipped,4,10
2627,Alistair WATSON (Lab),Matt KERR (Lab),skipped,skipped,skipped,skipped,skipped,skipped,skipped,skipped,4,10
2628,Alistair WATSON (Lab),Matt KERR (Lab),skipped,skipped,skipped,skipped,skipped,skipped,skipped,skipped,4,10
2629,Alistair WATSON (Lab),Matt KERR (Lab),skipped,skipped,skipped,skipped,skipped,skipped,skipped,skipped,4,10
2630,Alistair WATSON (Lab),Matt KERR (Lab),skipped,skipped,skipped,skipped,skipped,skipped,skipped,skipped,4,10
2631,Alistair WATSON (Lab),Matt KERR (Lab),skipped,skipped,skipped,skipped,skipped,skipped,skipped,skipped,4,10
2632,Alistair WATSON (Lab),Matt KERR (Lab),skipped,skipped,skipped,skipped,skipped,skipped,skipped,skipped,4,10
2633,Alistair WATSON (Lab),Matt KERR (Lab),skipped,skipped,skipped,skipped,skipped,skipped,skipped,skipped,4,10
2634,Alistair WATSON (Lab),Matt KERR (Lab),skipped,skipped,skipped,skipped,skipped,skipped,skipped,skipped,4,10
2635,Alistair WATSON (Lab),Matt KERR (Lab),skipped,skipped,skipped,skipped,skipped,skipped,skipped,skipped,4,10
2636,Alistair WATSON (Lab),Matt KERR (Lab),skipped,skipped,skipped,skipped,skipped,skipped,skipped,skipped,4,10
2637,Alistair WATSON (Lab),Matt KERR (Lab),skipped,skipped,skipped,skipped,skipped,skipped,skipped,skipped,4,10
2638,Alistair WATSON (Lab),Matt KERR (Lab),skipped,skipped,skipped,skipped,skipped,skipped,skipped,skipped,4,10
2639,Alistair WATSON (Lab),Matt KERR (Lab),skipped,skipped,skipped,skipped,skipped,skipped,skipped,skipped,4,10
2640,Alistair WATSON (Lab),Matt KERR (Lab),skipped,skipped,skipped,skipped,skipped,skipped,skipped,skipped,4,10
2641,Alistair WATSON (Lab),Matt KERR (Lab),skipped,skipped,skipped,skipped,skipped,skipped,skipped,skipped,4,10
2642,Alistair WATSON (Lab),Matt KERR (Lab),skipped,skipped,skipped,skipped,skipped,skipped,skipped,skipped,4,10
2643,Alistair WATSON (Lab),Matt KERR (Lab),skipped,skipped,skipped,skipped,skipped,skipped,skipped,skipped,4,10
2644,Alistair WATSON (Lab),Matt KERR (Lab),skipped,skipped,skipped,skipped,skipped,skipped,skipped,skipped,4,10
2645,Alistair WATSON (Lab),Matt KERR (Lab),skipped,skipped,skipped,skipped,skipped,skipped,skipped,skipped,4,10
2646,Alistair WATSON (Lab),Matt KERR (Lab),skipped,skipped,skipped,skipped,skipped,skipped,skipped,skipped,4,10
2647,Alistair WATSON (Lab),Matt KERR (Lab),skipped,skipped,skipped,skipped,skipped,skipped,skipped,skipped,4,10
2648,Alistair WATSON (Lab),Matt KERR (Lab),skipped,skipped,skipped,skipped,skipped,skipped,skipped,skipped,4,10
2649,Alistair WATSON (Lab),Matt KERR (Lab),skipped,skipped,skipped,skipped,skipped,skipped,skipped,skipped,4,10
2650,Alistair WATSON (Lab),Matt KERR (Lab),skipped,skipped,skipped,skipped,skipped,skipped,skipped,skipped,4,10
2651,Alistair WATSON (Lab),Matt KERR (Lab),skipped,skipped,skipped,skipped,skipped,skipped,skipped,skipped,4,10
2652,Alistair WATSON (Lab),Matt KERR (Lab),skipped,skipped,skipped,skipped,skipped,skipped,skipped,skipped,4,10
2653,Alistair WATSON (Lab),Matt KERR (Lab),skipped,skipped,skipped,skipped,skipped,skipped,skipped,skipped,4,10
2654,Alistair WATSON (Lab),Matt KERR (Lab),skipped,skipped,skipped,skipped,skipped,skipped,skipped,skipped,4,10
2655,Alistair WATSON (Lab),Matt KERR (Lab),skipped,skipped,skipped,skipped,skipped,skipped,skipped,skipped,4,10
2656,Alistair WATSON (Lab),Matt KERR (Lab),skipped,skipped,skipped,skipped,skipped,skipped,skipped,skipped,4,10
2657,Alistair WATSON (Lab),Matt KERR (Lab),skipped,skipped,skipped,skipped,skipped,skipped,skipped,skipped,4,10
2658,Alistair WATSON (Lab),Matt KERR (Lab),skipped,skipped,skipped,skipped,skipped,skipped,skipped,skipped,4,10
2659,Alistair WATSON (Lab),Matt KERR (Lab),skipped,skipped,skipped,skipped,skipped,skipped,skipped,skipped,4,10
2660,Alistair WATSON (Lab),Matt KERR (Lab),skipped,skipped,skipped,skipped,skipped,skipped,skipped,skipped,4,10
2661,Alistair WATSON (Lab),Matt KERR (Lab),skipped,skipped,skipped,skipped,skipped,skipped,skipped,skipped,4,10
2662,Alistair WATSON (Lab),Matt KERR (Lab),skipped,skipped,skipped,skipped,skipped,skipped,skipped,skipped,4,10
2663,Alistair WATSON (Lab),Matt KERR (Lab),skipped,skipped,skipped,skipped,skipped,skipped,skipped,skipped,4,10
2664,Alistair WATSON (Lab),Matt KERR (Lab),skipped,skipped,skipped,skipped,skipped,skipped,skipped,skipped,4,10
2665,Alistair WATSON (Lab),Matt KERR (Lab),skipped,skipped,skipped,skipped,skipped,skipped,skipped,skipped,4,10
2666,Alistair WATSON (Lab),Matt KERR (Lab),skipped,skipped,skipped,skipped,skipped,skipped,skipped,skipped,4,10
2667,Alistair WATSON (Lab),Matt KERR (Lab),skipped,skipped,skipped,skipped,skipped,skipped,skipped,skipped,4,10
2668,Alistair WATSON (Lab),Matt KERR (Lab),skipped,skipped,skipped,skipped,skipped,skipped,skipped,skipped,4,10
2669,Alistair WATSON (Lab),Matt KERR (Lab),skipped,skipped,skipped,skipped,skipped,skipped,skipped,skipped,4,10
2670,Alistair WATSON (Lab),Matt KERR (Lab),skipped,skipped,skipped,skipped,skipped,skipped,skipped,skipped,4,10
2671,Alistair WATSON (Lab),Matt KERR (Lab),skipped,skipped,skipped,skipped,skipped,skipped,skipped,skipped,4,10
2672,Alistair WATSON (Lab),Matt KERR (Lab),skipped,skipped,skipped,skipped,skipped,skipped,skipped,skipped,4,10
2673,Alistair WATSON (Lab),Matt KERR (Lab),skipped,skipped,skipped,skipped,skipped,skipped,skipped,skipped,4,10
2674,Alistair WATSON (Lab),Matt KERR (Lab),skipped,skipped,skipped,skipped,skipped,skipped,skipped,skipped,4,10
2675,Alistair WATSON (Lab),Matt KERR (Lab),skipped,skipped,skipped,skipped,skipped,skipped,skipped,skipped,4,10
2676,Alistair WATSON (Lab),Matt KERR (Lab),skipped,skipped,skipped,skipped,skipped,skipped,skipped,skipped,4,10
2677,Alistair WATSON (Lab),Matt KERR (Lab),skipped,skipped,skipped,skipped,skipped,skipped,skipped,skipped,4,10
2678,Alistair WATSON (Lab),Matt KERR (Lab),skipped,skipped,skipped,skipped,skipped,skipped,skipped,skipped,4,10
2679,Alistair WATSON (Lab),Matt KERR (Lab),skipped,skipped,skipped,skipped,skipped,skipped,skipped,skipped,4,10
2680,Alistair WATSON (Lab),Matt KERR (Lab),skipped,skipped,skipped,skipped,skipped,skipped,skipped,skipped,4,10
2681,Alistair WATSON (Lab),Matt KERR (Lab),skipped,skipped,skipped,skipped,skipped,skipped,skipped,skipped,4,10
2682,Alistair WATSON (Lab),Matt KERR (Lab),skipped,skipped,skipped,skipped,skipped,skipped,skipped,skipped,4,10
2683,Alistair WATSON (Lab),Matt KERR (Lab),skipped,skipped,skipped,skipped,skipped,skipped,skipped,skipped,4,10
2684,Alistair WATSON (Lab),Matt KERR (Lab),skipped,skipped,skipped,skipped,skipped,skipped,skipped,skipped,4,10
2685,Alistair WATSON (Lab),Matt KERR (Lab),skipped,skipped,skipped,skipped,skipped,skipped,skipped,skipped,4,10
2686,Alistair WATSON (Lab),Matt KERR (Lab),skipped,skipped,skipped,skipped,skipped,skipped,skipped,skipped,4,10
2687,Alistair WATSON (Lab),Matt KERR (Lab),skipped,skipped,skipped,skipped,skipped,skipped,skipped,skipped,4,10
2688,Alistair WATSON (Lab),Matt KERR (Lab),skipped,skipped,skipped,skipped,skipped,skipped,skipped,skipped,4,10
2689,Alistair WATSON (Lab),Matt KERR (Lab),skipped,skipped,skipped,skipped,skipped,skipped,skipped,skipped,4,10
2690,Alistair WATSON (Lab),Matt KERR (Lab),skipped,skipped,skipped,skipped,skipped,skipped,skipped,skipped,4,10
2691,Alistair WATSON (Lab),Matt KERR (Lab),skipped,skipped,skipped,skipped,skipped,skipped,skipped,skipped,4,10
2692,Alistair WATSON (Lab),Matt KERR (Lab),skipped,skipped,skipped,skipped,skipped,skipped,skipped,skipped,4,10
2693,Alistair WATSON (Lab),Matt KERR (Lab),skipped,skipped,skipped,skipped,skipped,skipped,skipped,skipped,4,10
2694,Alistair WATSON (Lab),Matt KERR (Lab),skipped,skipped,skipped,skipped,skipped,skipped,skipped,skipped,4,10
2695,Alistair WATSON (Lab),Matt KERR (Lab),skipped,skipped,skipped,skipped,skipped,skipped,skipped,skipped,4,10
2696,Alistair WATSON (Lab),Matt KERR (Lab),skipped,skipped,skipped,skipped,skipped,skipped,skipped,skipped,4,10
2697,Alistair WATSON (Lab),Matt KERR (Lab),skipped,skipped,skipped,skipped,skipped,skipped,skipped,skipped,4,10
2698,Alistair WATSON (Lab),Matt KERR (Lab),skipped,skipped,skipped,skipped,skipped,skipped,skipped,skipped,4,10
2699,Alistair WATSON (Lab),Matt KERR (Lab),skipped,skipped,skipped,skipped,skipped,skipped,skipped,skipped,4,10
2700,Alistair WATSON (Lab),Matt KERR (Lab),skipped,skipped,skipped,skipped,skipped,skipped,skipped,skipped,4,10
2701,Alistair WATSON (Lab),Matt KERR (Lab),skipped,skipped,skipped,skipped,skipped,skipped,skipped,skipped,4,10
2702,Alistair WATSON (Lab),Matt KERR (Lab),skipped,skipped,skipped,skipped,skipped,skipped,skipped,skipped,4,10
2703,Alistair WATSON (Lab),Matt KERR (Lab),skipped,skipped,skipped,skipped,skipped,skipped,skipped,skipped,4,10
2704,Alistair WATSON (Lab),Matt KERR (Lab),skipped,skipped,skipped,skipped,skipped,skipped,skipped,skipped,4,10
2705,Alistair WATSON (Lab),Matt KERR (Lab),skipped,skipped,skipped,skipped,skipped,skipped,skipped,skipped,4,10
2706,Alistair WATSON (Lab),Matt KERR (Lab),skipped,skipped,skipped,skipped,skipped,skipped,skipped,skipped,4,10
2707,Alistair WATSON (Lab),Matt KERR (Lab),skipped,skipped,skipped,skipped,skipped,skipped,skipped,skipped,4,10
2708,Alistair WATSON (Lab),Matt KERR (Lab),skipped,skipped,skipped,skipped,skipped,skipped,skipped,skipped,4,10
2709,Alistair WATSON (Lab),Matt KERR (Lab),skipped,skipped,skipped,skipped,skipped,skipped,skipped,skipped,4,10
2710,Alistair WATSON (Lab),Matt KERR (Lab),skipped,skipped,skipped,skipped,skipped,skipped,skipped,skipped,4,10
2711,Alistair WATSON (Lab),Matt KERR (Lab),skipped,skipped,skipped,skipped,skipped,skipped,skipped,skipped,4,10
2712,Alistair WATSON (Lab),Matt KERR (Lab),skipped,skipped,skipped,skipped,skipped,skipped,skipped,skipped,4,10
2713,Alistair WATSON (Lab),Matt KERR (Lab),skipped,skipped,skipped,skipped,skipped,skipped,skipped,skipped,4,10
2714,Alistair WATSON (Lab),Matt KERR (Lab),skipped,skipped,skipped,skipped,skipped,skipped,skipped,skipped,4,10
2715,Alistair WATSON (Lab),Matt KERR (Lab),skipped,skipped,skipped,skipped,skipped,skipped,skipped,skipped,4,10
2716,Alistair WATSON (Lab),Matt KERR (Lab),skipped,skipped,skipped,skipped,skipped,skipped,skipped,skipped,4,10
2717,Alistair WATSON (Lab),Matt KERR (Lab),skipped,skipped,skipped,skipped,skipped,skipped,skipped,skipped,4,10
2718,Alistair WATSON (Lab),Matt KERR (Lab),skipped,skipped,skipped,skipped,skipped,skipped,skipped,skipped,4,10
2719,Alistair WATSON (Lab),Matt KERR (Lab),skipped,skipped,skipped,skipped,skipped,skipped,skipped,skipped,4,10
2720,Alistair WATSON (Lab),Matt KERR (Lab),skipped,skipped,skipped,skipped,skipped,skipped,skipped,skipped,4,10
2721,Alistair WATSON (Lab),Matt KERR (Lab),skipped,skipped,skipped,skipped,skipped,skipped,skipped,skipped,4,10
2722,Alistair WATSON (Lab),Matt KERR (Lab),skipped,skipped,skipped,skipped,skipped,skipped,skipped,skipped,4,10
2723,Alistair WATSON (Lab),Matt KERR (Lab),skipped,skipped,skipped,skipped,skipped,skipped,skipped,skipped,4,10
2724,Alistair WATSON (Lab),Matt KERR (Lab),skipped,skipped,skipped,skipped,skipped,skipped,skipped,skipped,4,10
2725,Alistair WATSON (Lab),Matt KERR (Lab),skipped,skipped,skipped,skipped,skipped,skipped,skipped,skipped,4,10
2726,Alistair WATSON (Lab),Matt KERR (Lab),skipped,skipped,skipped,skipped,skipped,skipped,skipped,skipped,4,10
2727,Alistair WATSON (Lab),Matt KERR (Lab),skipped,skipped,skipped,skipped,skipped,skipped,skipped,skipped,4,10
2728,Alistair WATSON (Lab),Matt KERR (Lab),skipped,skipped,skipped,skipped,skipped,skipped,skipped,skipped,4,10
2729,Alistair WATSON (Lab),Matt KERR (Lab),skipped,skipped,skipped,skipped,skipped,skipped,skipped,skipped,4,10
2730,Alistair WATSON (Lab),Matt KERR (Lab),skipped,skipped,skipped,skipped,skipped,skipped,skipped,skipped,4,10
2731,Alistair WATSON (Lab),Matt KERR (Lab),skipped,skipped,skipped,skipped,skipped,skipped,skipped,skipped,4,10
2732,Alistair WATSON (Lab),Matt KERR (Lab),skipped,skipped,skipped,skipped,skipped,skipped,skipped,skipped,4,10
2733,Alistair WATSON (Lab),Matt KERR (Lab),skipped,skipped,skipped,skipped,skipped,skipped,skipped,skipped,4,10
2734,Alistair WATSON (Lab),Matt KERR (Lab),skipped,skipped,skipped,skipped,skipped,skipped,skipped,skipped,4,10
2735,Alistair WATSON (Lab),Matt KERR (Lab),skipped,skipped,skipped,skipped,skipped,skipped,skipped,skipped,4,10
2736,Alistair WATSON (Lab),Matt KERR (Lab),skipped,skipped,skipped,skipped,skipped,skipped,skipped,skipped,4,10
2737,Alistair WATSON (Lab),Matt KERR (Lab),skipped,skipped,skipped,skipped,skipped,skipped,skipped,skipped,4,10
2738,Alistair WATSON (Lab),Matt KERR (Lab),skipped,skipped,skipped,skipped,skipped,skipped,skipped,skipped,4,10
2739,Alistair WATSON (Lab),Matt KERR (Lab),skipped,skipped,skipped,skipped,skipped,skipped,skipped,skipped,4,10
2740,Alistair WATSON (Lab),Matt KERR (Lab),skipped,skipped,skipped,skipped,skipped,skipped,skipped,skipped,4,10
2741,Alistair WATSON (Lab),Matt KERR (Lab),skipped,skipped,skipped,skipped,skipped,skipped,skipped,skipped,4,10
2742,Alistair WATSON (Lab),Matt KERR (Lab),skipped,skipped,skipped,skipped,skipped,skipped,skipped,skipped,4,10
2743,Alistair WATSON (Lab),Matt KERR (Lab),skipped,skipped,skipped,skipped,skipped,skipped,skipped,skipped,4,10
2744,Alistair WATSON (Lab),Matt KERR (Lab),skipped,skipped,skipped,skipped,skipped,skipped,skipped,skipped,4,10
2745,Alistair WATSON (Lab),Matt KERR (Lab),skipped,skipped,skipped,skipped,skipped,skipped,skipped,skipped,4,10
2746,Alistair WATSON (Lab),Matt KERR (Lab),skipped,skipped,skipped,skipped,skipped,skipped,skipped,skipped,4,10
2747,Alistair WATSON (Lab),Matt KERR (Lab),skipped,skipped,skipped,skipped,skipped,skipped,skipped,skipped,4,10
2748,Alistair WATSON (Lab),Matt KERR (Lab),skipped,skipped,skipped,skipped,skipped,skipped,skipped,skipped,4,10
2749,Alistair WATSON (Lab),Matt KERR (Lab),skipped,skipped,skipped,skipped,skipped,skipped,skipped,skipped,4,10
2750,Alistair WATSON (Lab),Matt KERR (Lab),skipped,skipped,skipped,skipped,skipped,skipped,skipped,skipped,4,10
2751,Alistair WATSON (Lab),Matt KERR (Lab),skipped,skipped,skipped,skipped,skipped,skipped,skipped,skipped,4,10
2752,Alistair WATSON (Lab),Matt KERR (Lab),skipped,skipped,skipped,skipped,skipped,skipped,skipped,skipped,4,10
2753,Alistair WATSON (Lab),Matt KERR (Lab),skipped,skipped,skipped,skipped,skipped,skipped,skipped,skipped,4,10
2754,Alistair WATSON (Lab),Matt KERR (Lab),skipped,skipped,skipped,skipped,skipped,skipped,skipped,skipped,4,10
2755,Alistair WATSON (Lab),Matt KERR (Lab),skipped,skipped,skipped,skipped,skipped,skipped,skipped,skipped,4,10
2756,Alistair WATSON (Lab),Matt KERR (Lab),skipped,skipped,skipped,skipped,skipped,skipped,skipped,skipped,4,10
2757,Alistair WATSON (Lab),Matt KERR (Lab),skipped,skipped,skipped,skipped,skipped,skipped,skipped,skipped,4,10
2758,Alistair WATSON (Lab),Matt KERR (Lab),skipped,skipped,skipped,skipped,skipped,skipped,skipped,skipped,4,10
2759,Alistair WATSON (Lab),Matt KERR (Lab),skipped,skipped,skipped,skipped,skipped,skipped,skipped,skipped,4,10
2760,Alistair WATSON (Lab),Matt KERR (Lab),skipped,skipped,skipped,skipped,skipped,skipped,skipped,skipped,4,10
2761,Alistair WATSON (Lab),Matt KERR (Lab),skipped,skipped,skipped,skipped,skipped,skipped,skipped,skipped,4,10
2762,Alistair WATSON (Lab),Matt KERR (Lab),skipped,skipped,skipped,skipped,skipped,skipped,skipped,skipped,4,10
2763,Alistair WATSON (Lab),Matt KERR (Lab),skipped,skipped,skipped,skipped,skipped,skipped,skipped,skipped,4,10
2764,Alistair WATSON (Lab),Matt KERR (Lab),skipped,skipped,skipped,skipped,skipped,skipped,skipped,skipped,4,10
2765,Alistair WATSON (Lab),Matt KERR (Lab),skipped,skipped,skipped,skipped,skipped,skipped,skipped,skipped,4,10
2766,Alistair WATSON (Lab),Matt KERR (Lab),skipped,skipped,skipped,skipped,skipped,skipped,skipped,skipped,4,10
2767,Alistair WATSON (Lab),Matt KERR (Lab),skipped,skipped,skipped,skipped,skipped,skipped,skipped,skipped,4,10
2768,Alistair WATSON (Lab),Matt KERR (Lab),skipped,skipped,skipped,skipped,skipped,skipped,skipped,skipped,4,10
2769,Alistair WATSON (Lab),Matt KERR (Lab),skipped,skipped,skipped,skipped,skipped,skipped,skipped,skipped,4,10
2770,Alistair WATSON (Lab),Matt KERR (Lab),skipped,skipped,skipped,skipped,skipped,skipped,skipped,skipped,4,10
2771,Alistair WATSON (Lab),Matt KERR (Lab),skipped,skipped,skipped,skipped,skipped,skipped,skipped,skipped,4,10
2772,Alistair WATSON (Lab),Matt KERR (Lab),skipped,skipped,skipped,skipped,skipped,skipped,skipped,skipped,4,10
2773,Alistair WATSON (Lab),Matt KERR (Lab),skipped,skipped,skipped,skipped,skipped,skipped,skipped,skipped,4,10
2774,Alistair WATSON (Lab),Matt KERR (Lab),skipped,skipped,skipped,skipped,skipped,skipped,skipped,skipped,4,10
2775,Alistair WATSON (Lab),Matt KERR (Lab),skipped,skipped,skipped,skipped,skipped,skipped,skipped,skipped,4,10
2776,Alistair WATSON (Lab),Matt KERR (Lab),skipped,skipped,skipped,skipped,skipped,skipped,skipped,skipped,4,10
2777,Alistair WATSON (Lab),Matt KERR (Lab),skipped,skipped,skipped,skipped,skipped,skipped,skipped,skipped,4,10
2778,Alistair WATSON (Lab),Matt KERR (Lab),skipped,skipped,skipped,skipped,skipped,skipped,skipped,skipped,4,10
2779,Alistair WATSON (Lab),Matt KERR (Lab),skipped,skipped,skipped,skipped,skipped,skipped,skipped,skipped,4,10
2780,Alistair WATSON (Lab),Matt KERR (Lab),skipped,skipped,skipped,skipped,skipped,skipped,skipped,skipped,4,10
2781,Alistair WATSON (Lab),Matt KERR (Lab),skipped,skipped,skipped,skipped,skipped,skipped,skipped,skipped,4,10
2782,Alistair WATSON (Lab),Matt KERR (Lab),skipped,skipped,skipped,skipped,skipped,skipped,skipped,skipped,4,10
2783,Alistair WATSON (Lab),Matt KERR (Lab),skipped,skipped,skipped,skipped,skipped,skipped,skipped,skipped,4,10
2784,Alistair WATSON (Lab),Matt KERR (Lab),skipped,skipped,skipped,skipped,skipped,skipped,skipped,skipped,4,10
2785,Alistair WATSON (Lab),Matt KERR (Lab),skipped,skipped,skipped,skipped,skipped,skipped,skipped,skipped,4,10
2786,Alistair WATSON (Lab),Matt KERR (Lab),skipped,skipped,skipped,skipped,skipped,skipped,skipped,skipped,4,10
2787,Alistair WATSON (Lab),Matt KERR (Lab),skipped,skipped,skipped,skipped,skipped,skipped,skipped,skipped,4,10
2788,Alistair WATSON (Lab),Matt KERR (Lab),skipped,skipped,skipped,skipped,skipped,skipped,skipped,skipped,4,10
2789,Alistair WATSON (Lab),Matt KERR (Lab),skipped,skipped,skipped,skipped,skipped,skipped,skipped,skipped,4,10
2790,Alistair WATSON (Lab),Matt KERR (Lab),skipped,skipped,skipped,skipped,skipped,skipped,skipped,skipped,4,10
2791,Alistair WATSON (Lab),Matt KERR (Lab),skipped,skipped,skipped,skipped,skipped,skipped,skipped,skipped,4,10
2792,Alistair WATSON (Lab),Matt KERR (Lab),skipped,skipped,skipped,skipped,skipped,skipped,skipped,skipped,4,10
2793,Alistair WATSON (Lab),Matt KERR (Lab),skipped,skipped,skipped,skipped,skipped,skipped,skipped,skipped,4,10
2794,Alistair WATSON (Lab),Matt KERR (Lab),skipped,skipped,skipped,skipped,skipped,skipped,skipped,skipped,4,10
2795,Alistair WATSON (Lab),Matt KERR (Lab),skipped,skipped,skipped,skipped,skipped,skipped,skipped,skipped,4,10
2796,Alistair WATSON (Lab),Matt KERR (Lab),skipped,skipped,skipped,skipped,skipped,skipped,skipped,skipped,4,10
2797,Alistair WATSON (Lab),Matt KERR (Lab),skipped,skipped,skipped,skipped,skipped,skipped,skipped,skipped,4,10
2798,Alistair WATSON (Lab),Matt KERR (Lab),skipped,skipped,skipped,skipped,skipped,skipped,skipped,skipped,4,10
2799,Alistair WATSON (Lab),Matt KERR (Lab),skipped,skipped,skipped,skipped,skipped,skipped,skipped,skipped,4,10
2800,Alistair WATSON (Lab),Matt KERR (Lab),skipped,skipped,skipped,skipped,skipped,skipped,skipped,skipped,4,10
2801,Alistair WATSON (Lab),Matt KERR (Lab),skipped,skipped,skipped,skipped,skipped,skipped,skipped,skipped,4,10
2802,Alistair WATSON (Lab),Matt KERR (Lab),skipped,skipped,skipped,skipped,skipped,skipped,skipped,skipped,4,10
2803,Alistair WATSON (Lab),Matt KERR (Lab),skipped,skipped,skipped,skipped,skipped,skipped,skipped,skipped,4,10
2804,Alistair WATSON (Lab),Matt KERR (Lab),skipped,skipped,skipped,skipped,skipped,skipped,skipped,skipped,4,10
2805,Alistair WATSON (Lab),Matt KERR (Lab),skipped,skipped,skipped,skipped,skipped,skipped,skipped,skipped,4,10
2806,Alistair WATSON (Lab),Matt KERR (Lab),skipped,skipped,skipped,skipped,skipped,skipped,skipped,skipped,4,10
2807,Alistair WATSON (Lab),Matt KERR (Lab),skipped,skipped,skipped,skipped,skipped,skipped,skipped,skipped,4,10
2808,Alistair WATSON (Lab),Matt KERR (Lab),skipped,skipped,skipped,skipped,skipped,skipped,skipped,skipped,4,10
2809,Alistair WATSON (Lab),Matt KERR (Lab),skipped,skipped,skipped,skipped,skipped,skipped,skipped,skipped,4,10
2810,Alistair WATSON (Lab),Matt KERR (Lab),skipped,skipped,skipped,skipped,skipped,skipped,skipped,skipped,4,10
2811,Alistair WATSON (Lab),Matt KERR (Lab),skipped,skipped,skipped,skipped,skipped,skipped,skipped,skipped,4,10
2812,Alistair WATSON (Lab),Matt KERR (Lab),skipped,skipped,skipped,skipped,skipped,skipped,skipped,skipped,4,10
2813,Alistair WATSON (Lab),Matt KERR (Lab),skipped,skipped,skipped,skipped,skipped,skipped,skipped,skipped,4,10
2814,Alistair WATSON (Lab),Matt KERR (Lab),skipped,skipped,skipped,skipped,skipped,skipped,skipped,skipped,4,10
2815,Alistair WATSON (Lab),Matt KERR (Lab),skipped,skipped,skipped,skipped,skipped,skipped,skipped,skipped,4,10
2816,Alistair WATSON (Lab),Matt KERR (Lab),skipped,skipped,skipped,skipped,skipped,skipped,skipped,skipped,4,10
2817,Alistair WATSON (Lab),Matt KERR (Lab),skipped,skipped,skipped,skipped,skipped,skipped,skipped,skipped,4,10
2818,Alistair WATSON (Lab),Matt KERR (Lab),skipped,skipped,skipped,skipped,skipped,skipped,skipped,skipped,4,10
2819,Alistair WATSON (Lab),Matt KERR (Lab),skipped,skipped,skipped,skipped,skipped,skipped,skipped,skipped,4,10
2820,Alistair WATSON (Lab),Matt KERR (Lab),skipped,skipped,skipped,skipped,skipped,skipped,skipped,skipped,4,10
2821,Alistair WATSON (Lab),Matt KERR (Lab),skipped,skipped,skipped,skipped,skipped,skipped,skipped,skipped,4,10
2822,Alistair WATSON (Lab),Matt KERR (Lab),skipped,skipped,skipped,skipped,skipped,skipped,skipped,skipped,4,10
2823,Alistair WATSON (Lab),Matt KERR (Lab),skipped,skipped,skipped,skipped,skipped,skipped,skipped,skipped,4,10
2824,Alistair WATSON (Lab),Matt KERR (Lab),skipped,skipped,skipped,skipped,skipped,skipped,skipped,skipped,4,10
2825,Alistair WATSON (Lab),Matt KERR (Lab),skipped,skipped,skipped,skipped,skipped,skipped,skipped,skipped,4,10
2826,Alistair WATSON (Lab),Matt KERR (Lab),skipped,skipped,skipped,skipped,skipped,skipped,skipped,skipped,4,10
2827,Alistair WATSON (Lab),Matt KERR (Lab),skipped,skipped,skipped,skipped,skipped,skipped,skipped,skipped,4,10
2828,Alistair WATSON (Lab),Matt KERR (Lab),skipped,skipped,skipped,skipped,skipped,skipped,skipped,skipped,4,10
2829,Alistair WATSON (Lab),Matt KERR (Lab),skipped,skipped,skipped,skipped,skipped,skipped,skipped,skipped,4,10
2830,Alistair WATSON (Lab),Matt KERR (Lab),skipped,skipped,skipped,skipped,skipped,skipped,skipped,skipped,4,10
2831,Alistair WATSON (Lab),Matt KERR (Lab),skipped,skipped,skipped,skipped,skipped,skipped,skipped,skipped,4,10
2832,Alistair WATSON (Lab),Matt KERR (Lab),skipped,skipped,skipped,skipped,skipped,skipped,skipped,skipped,4,10
2833,Alistair WATSON (Lab),Matt KERR (Lab),skipped,skipped,skipped,skipped,skipped,skipped,skipped,skipped,4,10
2834,Alistair WATSON (Lab),Matt KERR (Lab),skipped,skipped,skipped,skipped,skipped,skipped,skipped,skipped,4,10
2835,Alistair WATSON (Lab),Matt KERR (Lab),skipped,skipped,skipped,skipped,skipped,skipped,skipped,skipped,4,10
2836,Alistair WATSON (Lab),Matt KERR (Lab),skipped,skipped,skipped,skipped,skipped,skipped,skipped,skipped,4,10
2837,Alistair WATSON (Lab),Matt KERR (Lab),skipped,skipped,skipped,skipped,skipped,skipped,skipped,skipped,4,10
2838,Alistair WATSON (Lab),Matt KERR (Lab),skipped,skipped,skipped,skipped,skipped,skipped,skipped,skipped,4,10
2839,Alistair WATSON (Lab),Matt KERR (Lab),skipped,skipped,skipped,skipped,skipped,skipped,skipped,skipped,4,10
2840,Alistair WATSON (Lab),Matt KERR (Lab),skipped,skipped,skipped,skipped,skipped,skipped,skipped,skipped,4,10
2841,Alistair WATSON (Lab),Matt KERR (Lab),skipped,skipped,skipped,skipped,skipped,skipped,skipped,skipped,4,10
2842,Alistair WATSON (Lab),Matt KERR (Lab),skipped,skipped,skipped,skipped,skipped,skipped,skipped,skipped,4,10
2843,Alistair WATSON (Lab),Matt KERR (Lab),skipped,skipped,skipped,skipped,skipped,skipped,skipped,skipped,4,10
2844,Alistair WATSON (Lab),Matt KERR (Lab),skipped,skipped,skipped,skipped,skipped,skipped,skipped,skipped,4,10
2845,Alistair WATSON (Lab),Matt KERR (Lab),skipped,skipped,skipped,skipped,skipped,skipped,skipped,skipped,4,10
2846,Alistair WATSON (Lab),Matt KERR (Lab),skipped,skipped,skipped,skipped,skipped,skipped,skipped,skipped,4,10
2847,Alistair WATSON (Lab),Matt KERR (Lab),skipped,skipped,skipped,skipped,skipped,skipped,skipped,skipped,4,10
2848,Alistair WATSON (Lab),Matt KERR (Lab),skipped,skipped,skipped,skipped,skipped,skipped,skipped,skipped,4,10
2849,Alistair WATSON (Lab),Matt KERR (Lab),skipped,skipped,skipped,skipped,skipped,skipped,skipped,skipped,4,10
2850,Alistair WATSON (Lab),Matt KERR (Lab),skipped,skipped,skipped,skipped,skipped,skipped,skipped,skipped,4,10
2851,Alistair WATSON (Lab),Matt KERR (Lab),skipped,skipped,skipped,skipped,skipped,skipped,skipped,skipped,4,10
2852,Alistair WATSON (Lab),Matt KERR (Lab),skipped,skipped,skipped,skipped,skipped,skipped,skipped,skipped,4,10
2853,Alistair WATSON (Lab),Matt KERR (Lab),skipped,skipped,skipped,skipped,skipped,skipped,skipped,skipped,4,10
2854,Alistair WATSON (Lab),Matt KERR (Lab),skipped,skipped,skipped,skipped,skipped,skipped,skipped,skipped,4,10
2855,Alistair WATSON (Lab),Matt KERR (Lab),skipped,skipped,skipped,skipped,skipped,skipped,skipped,skipped,4,10
2856,Alistair WATSON (Lab),Matt KERR (Lab),skipped,skipped,skipped,skipped,skipped,skipped,skipped,skipped,4,10
2857,Alistair WATSON (Lab),Matt KERR (Lab),skipped,skipped,skipped,skipped,skipped,skipped,skipped,skipped,4,10
2858,Alistair WATSON (Lab),Matt KERR (Lab),skipped,skipped,skipped,skipped,skipped,skipped,skipped,skipped,4,10
2859,Alistair WATSON (Lab),Matt KERR (Lab),skipped,skipped,skipped,skipped,skipped,skipped,skipped,skipped,4,10
2860,Alistair WATSON (Lab),Matt KERR (Lab),skipped,skipped,skipped,skipped,skipped,skipped,skipped,skipped,4,10
2861,Alistair WATSON (Lab),Matt KERR (Lab),skipped,skipped,skipped,skipped,skipped,skipped,skipped,skipped,4,10
2862,Alistair WATSON (Lab),Matt KERR (Lab),skipped,skipped,skipped,skipped,skipped,skipped,skipped,skipped,4,10
2863,Alistair WATSON (Lab),Matt KERR (Lab),skipped,skipped,skipped,skipped,skipped,skipped,skipped,skipped,4,10
2864,Alistair WATSON (Lab),Matt KERR (Lab),skipped,skipped,skipped,skipped,skipped,skipped,skipped,skipped,4,10
2865,Alistair WATSON (Lab),Matt KERR (Lab),skipped,skipped,skipped,skipped,skipped,skipped,skipped,skipped,4,10
2866,Alistair WATSON (Lab),Matt KERR (Lab),skipped,skipped,skipped,skipped,skipped,skipped,skipped,skipped,4,10
2867,Alistair WATSON (Lab),Matt KERR (Lab),skipped,skipped,skipped,skipped,skipped,skipped,skipped,skipped,4,10
2868,Alistair WATSON (Lab),Matt KERR (Lab),skipped,skipped,skipped,skipped,skipped,skipped,skipped,skipped,4,10
2869,Alistair WATSON (Lab),Matt KERR (Lab),skipped,skipped,skipped,skipped,skipped,skipped,skipped,skipped,4,10
2870,Alistair WATSON (Lab),Matt KERR (Lab),skipped,skipped,skipped,skipped,skipped,skipped,skipped,skipped,4,10
2871,Alistair WATSON (Lab),Matt KERR (Lab),skipped,skipped,skipped,skipped,skipped,skipped,skipped,skipped,4,10
2872,Alistair WATSON (Lab),Matt KERR (Lab),skipped,skipped,skipped,skipped,skipped,skipped,skipped,skipped,4,10
2873,Alistair WATSON (Lab),Matt KERR (Lab),skipped,skipped,skipped,skipped,skipped,skipped,skipped,skipped,4,10
2874,Alistair WATSON (Lab),Matt KERR (Lab),skipped,skipped,skipped,skipped,skipped,skipped,skipped,skipped,4,10
2875,Alistair WATSON (Lab),Matt KERR (Lab),skipped,skipped,skipped,skipped,skipped,skipped,skipped,skipped,4,10
2876,Alistair WATSON (Lab),Matt KERR (Lab),skipped,skipped,skipped,skipped,skipped,skipped,skipped,skipped,4,10
2877,Alistair WATSON (Lab),Matt KERR (Lab),skipped,skipped,skipped,skipped,skipped,skipped,skipped,skipped,4,10
2878,Alistair WATSON (Lab),Matt KERR (Lab),skipped,skipped,skipped,skipped,skipped,skipped,skipped,skipped,4,10
2879,Alistair WATSON (Lab),Matt KERR (Lab),skipped,skipped,skipped,skipped,skipped,skipped,skipped,skipped,4,10
2880,Alistair WATSON (Lab),Matt KERR (Lab),skipped,skipped,skipped,skipped,skipped,skipped,skipped,skipped,4,10
2881,Alistair WATSON (Lab),Matt KERR (Lab),skipped,skipped,skipped,skipped,skipped,skipped,skipped,skipped,4,10
2882,Alistair WATSON (Lab),Matt KERR (Lab),skipped,skipped,skipped,skipped,skipped,skipped,skipped,skipped,4,10
2883,Alistair WATSON (Lab),Matt KERR (Lab),skipped,skipped,skipped,skipped,skipped,skipped,skipped,skipped,4,10
2884,Alistair WATSON (Lab),Matt KERR (Lab),skipped,skipped,skipped,skipped,skipped,skipped,skipped,skipped,4,10
2885,Alistair WATSON (Lab),Matt KERR (Lab),skipped,skipped,skipped,skipped,skipped,skipped,skipped,skipped,4,10
2886,Alistair WATSON (Lab),Matt KERR (Lab),skipped,skipped,skipped,skipped,skipped,skipped,skipped,skipped,4,10
2887,Alistair WATSON (Lab),Matt KERR (Lab),skipped,skipped,skipped,skipped,skipped,skipped,skipped,skipped,4,10
2888,Alistair WATSON (Lab),Matt KERR (Lab),skipped,skipped,skipped,skipped,skipped,skipped,skipped,skipped,4,10
2889,Alistair WATSON (Lab),Matt KERR (Lab),skipped,skipped,skipped,skipped,skipped,skipped,skipped,skipped,4,10
2890,Alistair WATSON (Lab),Matt KERR (Lab),skipped,skipped,skipped,skipped,skipped,skipped,skipped,skipped,4,10
2891,Alistair WATSON (Lab),Matt KERR (Lab),skipped,skipped,skipped,skipped,skipped,skipped,skipped,skipped,4,10
2892,Alistair WATSON (Lab),Matt KERR (Lab),skipped,skipped,skipped,skipped,skipped,skipped,skipped,skipped,4,10
2893,Alistair WATSON (Lab),Matt KERR (Lab),skipped,skipped,skipped,skipped,skipped,skipped,skipped,skipped,4,10
2894,Alistair WATSON (Lab),Matt KERR (Lab),skipped,skipped,skipped,skipped,skipped,skipped,skipped,skipped,4,10
2895,Alistair WATSON (Lab),Matt KERR (Lab),skipped,skipped,skipped,skipped,skipped,skipped,skipped,skipped,4,10
2896,Alistair WATSON (Lab),Matt KERR (Lab),skipped,skipped,skipped,skipped,skipped,skipped,skipped,skipped,4,10
2897,Alistair WATSON (Lab),Matt KERR (Lab),skipped,skipped,skipped,skipped,skipped,skipped,skipped,skipped,4,10
2898,Alistair WATSON (Lab),Matt KERR (Lab),skipped,skipped,skipped,skipped,skipped,skipped,skipped,skipped,4,10
2899,Alistair WATSON (Lab),Matt KERR (Lab),skipped,skipped,skipped,skipped,skipped,skipped,skipped,skipped,4,10
2900,Alistair WATSON (Lab),Matt KERR (Lab),skipped,skipped,skipped,skipped,skipped,skipped,skipped,skipped,4,10
2901,Alistair WATSON (Lab),Matt KERR (Lab),skipped,skipped,skipped,skipped,skipped,skipped,skipped,skipped,4,10
2902,Alistair WATSON (Lab),Matt KERR (Lab),skipped,skipped,skipped,skipped,skipped,skipped,skipped,skipped,4,10
2903,Alistair WATSON (Lab),Matt KERR (Lab),skipped,skipped,skipped,skipped,skipped,skipped,skipped,skipped,4,10
2904,Alistair WATSON (Lab),Matt KERR (Lab),skipped,skipped,skipped,skipped,skipped,skipped,skipped,skipped,4,10
2905,Alistair WATSON (Lab),Matt KERR (Lab),skipped,skipped,skipped,skipped,skipped,skipped,skipped,skipped,4,10
2906,Alistair WATSON (Lab),Matt KERR (Lab),skipped,skipped,skipped,skipped,skipped,skipped,skipped,skipped,4,10
2907,Alistair WATSON (Lab),Matt KERR (Lab),skipped,skipped,skipped,skipped,skipped,skipped,skipped,skipped,4,10
2908,Alistair WATSON (Lab),Matt KERR (Lab),skipped,skipped,skipped,skipped,skipped,skipped,skipped,skipped,4,10
2909,Alistair WATSON (Lab),Matt KERR (Lab),skipped,skipped,skipped,skipped,skipped,skipped,skipped,skipped,4,10
2910,Alistair WATSON (Lab),Matt KERR (Lab),skipped,skipped,skipped,skipped,skipped,skipped,skipped,skipped,4,10
2911,Alistair WATSON (Lab),Matt KERR (Lab),skipped,skipped,skipped,skipped,skipped,skipped,skipped,skipped,4,10
2912,Alistair WATSON (Lab),Matt KERR (Lab),skipped,skipped,skipped,skipped,skipped,skipped,skipped,skipped,4,10
2913,Alistair WATSON (Lab),Matt KERR (Lab),skipped,skipped,skipped,skipped,skipped,skipped,skipped,skipped,4,10
2914,Alistair WATSON (Lab),Matt KERR (Lab),skipped,skipped,skipped,skipped,skipped,skipped,skipped,skipped,4,10
2915,Alistair WATSON (Lab),Matt KERR (Lab),skipped,skipped,skipped,skipped,skipped,skipped,skipped,skipped,4,10
2916,Alistair WATSON (Lab),Matt KERR (Lab),skipped,skipped,skipped,skipped,skipped,skipped,skipped,skipped,4,10
2917,Alistair WATSON (Lab),Matt KERR (Lab),skipped,skipped,skipped,skipped,skipped,skipped,skipped,skipped,4,10
2918,Alistair WATSON (Lab),Matt KERR (Lab),skipped,skipped,skipped,skipped,skipped,skipped,skipped,skipped,4,10
2919,Alistair WATSON (Lab),Matt KERR (Lab),skipped,skipped,skipped,skipped,skipped,skipped,skipped,skipped,4,10
2920,Alistair WATSON (Lab),Matt KERR (Lab),skipped,skipped,skipped,skipped,skipped,skipped,skipped,skipped,4,10
2921,Alistair WATSON (Lab),Matt KERR (Lab),skipped,skipped,skipped,skipped,skipped,skipped,skipped,skipped,4,10
2922,Alistair WATSON (Lab),Matt KERR (Lab),skipped,skipped,skipped,skipped,skipped,skipped,skipped,skipped,4,10
2923,Alistair WATSON (Lab),Matt KERR (Lab),skipped,skipped,skipped,skipped,skipped,skipped,skipped,skipped,4,10
2924,Alistair WATSON (Lab),Matt KERR (Lab),skipped,skipped,skipped,skipped,skipped,skipped,skipped,skipped,4,10
2925,Alistair WATSON (Lab),Matt KERR (Lab),skipped,skipped,skipped,skipped,skipped,skipped,skipped,skipped,4,10
2926,Alistair WATSON (Lab),Matt KERR (Lab),skipped,skipped,skipped,skipped,skipped,skipped,skipped,skipped,4,10
2927,Alistair WATSON (Lab),Matt KERR (Lab),skipped,skipped,skipped,skipped,skipped,skipped,skipped,skipped,4,10
2928,Alistair WATSON (Lab),Matt KERR (Lab),skipped,skipped,skipped,skipped,skipped,skipped,skipped,skipped,4,10
2929,Alistair WATSON (Lab),Matt KERR (Lab),skipped,skipped,skipped,skipped,skipped,skipped,skipped,skipped,4,10
2930,Alistair WATSON (Lab),Matt KERR (Lab),skipped,skipped,skipped,skipped,skipped,skipped,skipped,skipped,4,10
2931,Alistair WATSON (Lab),Matt KERR (Lab),skipped,skipped,skipped,skipped,skipped,skipped,skipped,skipped,4,10
2932,Alistair WATSON (Lab),Matt KERR (Lab),skipped,skipped,skipped,skipped,skipped,skipped,skipped,skipped,4,10
2933,Alistair WATSON (Lab),Matt KERR (Lab),skipped,skipped,skipped,skipped,skipped,skipped,skipped,skipped,4,10
2934,Alistair WATSON (Lab),Matt KERR (Lab),skipped,skipped,skipped,skipped,skipped,skipped,skipped,skipped,4,10
2935,Alistair WATSON (Lab),Matt KERR (Lab),skipped,skipped,skipped,skipped,skipped,skipped,skipped,skipped,4,10
2936,Alistair WATSON (Lab),Matt KERR (Lab),skipped,skipped,skipped,skipped,skipped,skipped,skipped,skipped,4,10
2937,Alistair WATSON (Lab),Matt KERR (Lab),skipped,skipped,skipped,skipped,skipped,skipped,skipped,skipped,4,10
2938,Alistair WATSON (Lab),Matt KERR (Lab),skipped,skipped,skipped,skipped,skipped,skipped,skipped,skipped,4,10
2939,Alistair WATSON (Lab),Matt KERR (Lab),skipped,skipped,skipped,skipped,skipped,skipped,skipped,skipped,4,10
2940,Alistair WATSON (Lab),Matt KERR (Lab),skipped,skipped,skipped,skipped,skipped,skipped,skipped,skipped,4,10
2941,Alistair WATSON (Lab),Matt KERR (Lab),skipped,skipped,skipped,skipped,skipped,skipped,skipped,skipped,4,10
2942,Alistair WATSON (Lab),Matt KERR (Lab),skipped,skipped,skipped,skipped,skipped,skipped,skipped,skipped,4,10
2943,Alistair WATSON (Lab),Matt KERR (Lab),skipped,skipped,skipped,skipped,skipped,skipped,skipped,skipped,4,10
2944,Alistair WATSON (Lab),Matt KERR (Lab),skipped,skipped,skipped,skipped,skipped,skipped,skipped,skipped,4,10
2945,Alistair WATSON (Lab),Matt KERR (Lab),skipped,skipped,skipped,skipped,skipped,skipped,skipped,skipped,4,10
2946,Alistair WATSON (Lab),Matt KERR (Lab),skipped,skipped,skipped,skipped,skipped,skipped,skipped,skipped,4,10
2947,Alistair WATSON (Lab),Matt KERR (Lab),skipped,skipped,skipped,skipped,skipped,skipped,skipped,skipped,4,10
2948,Alistair WATSON (Lab),Matt KERR (Lab),skipped,skipped,skipped,skipped,skipped,skipped,skipped,skipped,4,10
2949,Alistair WATSON (Lab),Matt KERR (Lab),skipped,skipped,skipped,skipped,skipped,skipped,skipped,skipped,4,10
2950,Alistair WATSON (Lab),Matt KERR (Lab),skipped,skipped,skipped,skipped,skipped,skipped,skipped,skipped,4,10
2951,Alistair WATSON (Lab),Matt KERR (Lab),skipped,skipped,skipped,skipped,skipped,skipped,skipped,skipped,4,10
2952,Alistair WATSON (Lab),Matt KERR (Lab),skipped,skipped,skipped,skipped,skipped,skipped,skipped,skipped,4,10
2953,Alistair WATSON (Lab),Matt KERR (Lab),skipped,skipped,skipped,skipped,skipped,skipped,skipped,skipped,4,10
2954,Alistair WATSON (Lab),Matt KERR (Lab),skipped,skipped,skipped,skipped,skipped,skipped,skipped,skipped,4,10
2955,Alistair WATSON (Lab),Matt KERR (Lab),skipped,skipped,skipped,skipped,skipped,skipped,skipped,skipped,4,10
2956,Alistair WATSON (Lab),Matt KERR (Lab),skipped,skipped,skipped,skipped,skipped,skipped,skipped,skipped,4,10
2957,Alistair WATSON (Lab),Matt KERR (Lab),skipped,skipped,skipped,skipped,skipped,skipped,skipped,skipped,4,10
2958,Alistair WATSON (Lab),Matt KERR (Lab),skipped,skipped,skipped,skipped,skipped,skipped,skipped,skipped,4,10
2959,Alistair WATSON (Lab),Matt KERR (Lab),skipped,skipped,skipped,skipped,skipped,skipped,skipped,skipped,4,10
2960,Alistair WATSON (Lab),Matt KERR (Lab),skipped,skipped,skipped,skipped,skipped,skipped,skipped,skipped,4,10
2961,Alistair WATSON (Lab),Matt KERR (Lab),skipped,skipped,skipped,skipped,skipped,skipped,skipped,skipped,4,10
2962,Alistair WATSON (Lab),Matt KERR (Lab),skipped,skipped,skipped,skipped,skipped,skipped,skipped,skipped,4,10
2963,Alistair WATSON (Lab),Matt KERR (Lab),skipped,skipped,skipped,skipped,skipped,skipped,skipped,skipped,4,10
2964,Alistair WATSON (Lab),Matt KERR (Lab),skipped,skipped,skipped,skipped,skipped,skipped,skipped,skipped,4,10
2965,Alistair WATSON (Lab),Matt KERR (Lab),skipped,skipped,skipped,skipped,skipped,skipped,skipped,skipped,4,10
2966,Alistair WATSON (Lab),Matt KERR (Lab),skipped,skipped,skipped,skipped,skipped,skipped,skipped,skipped,4,10
2967,Alistair WATSON (Lab),Matt KERR (Lab),skipped,skipped,skipped,skipped,skipped,skipped,skipped,skipped,4,10
2968,Alistair WATSON (Lab),Matt KERR (Lab),skipped,skipped,skipped,skipped,skipped,skipped,skipped,skipped,4,10
2969,Alistair WATSON (Lab),Matt KERR (Lab),skipped,skipped,skipped,skipped,skipped,skipped,skipped,skipped,4,10
2970,Alistair WATSON (Lab),Matt KERR (Lab),skipped,skipped,skipped,skipped,skipped,skipped,skipped,skipped,4,10
2971,Alistair WATSON (Lab),Matt KERR (Lab),skipped,skipped,skipped,skipped,skipped,skipped,skipped,skipped,4,10
2972,Alistair WATSON (Lab),Matt KERR (Lab),skipped,skipped,skipped,skipped,skipped,skipped,skipped,skipped,4,10
2973,Alistair WATSON (Lab),Matt KERR (Lab),skipped,skipped,skipped,skipped,skipped,skipped,skipped,skipped,4,10
2974,Alistair WATSON (Lab),Matt KERR (Lab),skipped,skipped,skipped,skipped,skipped,skipped,skipped,skipped,4,10
2975,Alistair WATSON (Lab),Matt KERR (Lab),skipped,skipped,skipped,skipped,skipped,skipped,skipped,skipped,4,10
2976,Alistair WATSON (Lab),Matt KERR (Lab),skipped,skipped,skipped,skipped,skipped,skipped,skipped,skipped,4,10
2977,Alistair WATSON (Lab),Matt KERR (Lab),skipped,skipped,skipped,skipped,skipped,skipped,skipped,skipped,4,10
2978,Alistair WATSON (Lab),Matt KERR (Lab),skipped,skipped,skipped,skipped,skipped,skipped,skipped,skipped,4,10
2979,Alistair WATSON (Lab),Matt KERR (Lab),skipped,skipped,skipped,skipped,skipped,skipped,skipped,skipped,4,10
2980,Alistair WATSON (Lab),Matt KERR (Lab),skipped,skipped,skipped,skipped,skipped,skipped,skipped,skipped,4,10
2981,Alistair WATSON (Lab),Matt KERR (Lab),skipped,skipped,skipped,skipped,skipped,skipped,skipped,skipped,4,10
2982,Alistair WATSON (Lab),Matt KERR (Lab),skipped,skipped,skipped,skipped,skipped,skipped,skipped,skipped,4,10
2983,Alistair WATSON (Lab),Matt KERR (Lab),skipped,skipped,skipped,skipped,skipped,skipped,skipped,skipped,4,10
2984,Alistair WATSON (Lab),Matt KERR (Lab),skipped,skipped,skipped,skipped,skipped,skipped,skipped,skipped,4,10
2985,Alistair WATSON (Lab),Matt KERR (Lab),skipped,skipped,skipped,skipped,skipped,skipped,skipped,skipped,4,10
2986,Alistair WATSON (Lab),Matt KERR (Lab),Iris GIBSON (SNP),skipped,skipped,skipped,skipped,skipped,skipped,skipped,4,10
2987,Alistair WATSON (Lab),Matt KERR (Lab),Iris GIBSON (SNP),skipped,skipped,skipped,skipped,skipped,skipped,skipped,4,10
2988,Alistair WATSON (Lab),Matt KERR (Lab),Iris GIBSON (SNP),skipped,skipped,skipped,skipped,skipped,skipped,skipped,4,10
2989,Alistair WATSON (Lab),Matt KERR (Lab),Iris GIBSON (SNP),skipped,skipped,skipped,skipped,skipped,skipped,skipped,4,10
2990,Alistair WATSON (Lab),Matt KERR (Lab),Iris GIBSON (SNP),skipped,skipped,skipped,skipped,skipped,skipped,skipped,4,10
2991,Alistair WATSON (Lab),Matt KERR (Lab),Iris GIBSON (SNP),skipped,skipped,skipped,skipped,skipped,skipped,skipped,4,10
2992,Alistair WATSON (Lab),Matt KERR (Lab),Iris GIBSON (SNP),skipped,skipped,skipped,skipped,skipped,skipped,skipped,4,10
2993,Alistair WATSON (Lab),Matt KERR (Lab),Iris GIBSON (SNP),skipped,skipped,skipped,skipped,skipped,skipped,skipped,4,10
2994,Alistair WATSON (Lab),Matt KERR (Lab),Iris GIBSON (SNP),skipped,skipped,skipped,skipped,skipped,skipped,skipped,4,10
2995,Alistair WATSON (Lab),Matt KERR (Lab),Iris GIBSON (SNP),skipped,skipped,skipped,skipped,skipped,skipped,skipped,4,10
2996,Alistair WATSON (Lab),Matt KERR (Lab),Iris GIBSON (SNP),skipped,skipped,skipped,skipped,skipped,skipped,skipped,4,10
2997,Alistair WATSON (Lab),Matt KERR (Lab),Iris GIBSON (SNP),skipped,skipped,skipped,skipped,skipped,skipped,skipped,4,10
2998,Alistair WATSON (Lab),Matt KERR (Lab),Iris GIBSON (SNP),skipped,skipped,skipped,skipped,skipped,skipped,skipped,4,10
2999,Alistair WATSON (Lab),Matt KERR (Lab),Iris GIBSON (SNP),skipped,skipped,skipped,skipped,skipped,skipped,skipped,4,10
3000,Alistair WATSON (Lab),Matt KERR (Lab),Iris GIBSON (SNP),skipped,skipped,skipped,skipped,skipped,skipped,skipped,4,10
3001,Alistair WATSON (Lab),Matt KERR (Lab),Iris GIBSON (SNP),skipped,skipped,skipped,skipped,skipped,skipped,skipped,4,10
3002,Alistair WATSON (Lab),Matt KERR (Lab),Iris GIBSON (SNP),skipped,skipped,skipped,skipped,skipped,skipped,skipped,4,10
3003,Alistair WATSON (Lab),Matt KERR (Lab),Iris GIBSON (SNP),skipped,skipped,skipped,skipped,skipped,skipped,skipped,4,10
3004,Alistair WATSON (Lab),Matt KERR (Lab),Iris GIBSON (SNP),skipped,skipped,skipped,skipped,skipped,skipped,skipped,4,10
3005,Alistair WATSON (Lab),Matt KERR (Lab),Iris GIBSON (SNP),skipped,skipped,skipped,skipped,skipped,skipped,skipped,4,10
3006,Alistair WATSON (Lab),Matt KERR (Lab),Iris GIBSON (SNP),skipped,skipped,skipped,skipped,skipped,skipped,skipped,4,10
3007,Alistair WATSON (Lab),Matt KERR (Lab),Iris GIBSON (SNP),skipped,skipped,skipped,skipped,skipped,skipped,skipped,4,10
3008,Alistair WATSON (Lab),Matt KERR (Lab),Iris GIBSON (SNP),skipped,skipped,skipped,skipped,skipped,skipped,skipped,4,10
3009,Alistair WATSON (Lab),Matt KERR (Lab),Iris GIBSON (SNP),skipped,skipped,skipped,skipped,skipped,skipped,skipped,4,10
3010,Alistair WATSON (Lab),Matt KERR (Lab),Iris GIBSON (SNP),skipped,skipped,skipped,skipped,skipped,skipped,skipped,4,10
3011,Alistair WATSON (Lab),Matt KERR (Lab),Iris GIBSON (SNP),skipped,skipped,skipped,skipped,skipped,skipped,skipped,4,10
3012,Alistair WATSON (Lab),Matt KERR (Lab),Iris GIBSON (SNP),skipped,skipped,skipped,skipped,skipped,skipped,skipped,4,10
3013,Alistair WATSON (Lab),Matt KERR (Lab),Iris GIBSON (SNP),skipped,skipped,skipped,skipped,skipped,skipped,skipped,4,10
3014,Alistair WATSON (Lab),Matt KERR (Lab),Iris GIBSON (SNP),skipped,skipped,skipped,skipped,skipped,skipped,skipped,4,10
3015,Alistair WATSON (Lab),Matt KERR (Lab),Iris GIBSON (SNP),skipped,skipped,skipped,skipped,skipped,skipped,skipped,4,10
3016,Alistair WATSON (Lab),Matt KERR (Lab),Iris GIBSON (SNP),skipped,skipped,skipped,skipped,skipped,skipped,skipped,4,10
3017,Alistair WATSON (Lab),Matt KERR (Lab),Iris GIBSON (SNP),skipped,skipped,skipped,skipped,skipped,skipped,skipped,4,10
3018,Alistair WATSON (Lab),Matt KERR (Lab),Iris GIBSON (SNP),skipped,skipped,skipped,skipped,skipped,skipped,skipped,4,10
3019,Alistair WATSON (Lab),Matt KERR (Lab),Iris GIBSON (SNP),skipped,skipped,skipped,skipped,skipped,skipped,skipped,4,10
3020,Alistair WATSON (Lab),Matt KERR (Lab),Iris GIBSON (SNP),skipped,skipped,skipped,skipped,skipped,skipped,skipped,4,10
3021,Alistair WATSON (Lab),Matt KERR (Lab),Iris GIBSON (SNP),skipped,skipped,skipped,skipped,skipped,skipped,skipped,4,10
3022,Alistair WATSON (Lab),Matt KERR (Lab),Iris GIBSON (SNP),skipped,skipped,skipped,skipped,skipped,skipped,skipped,4,10
3023,Alistair WATSON (Lab),Matt KERR (Lab),Iris GIBSON (SNP),skipped,skipped,skipped,skipped,skipped,skipped,skipped,4,10
3024,Alistair WATSON (Lab),Matt KERR (Lab),Iris GIBSON (SNP),skipped,skipped,skipped,skipped,skipped,skipped,skipped,4,10
3025,Alistair WATSON (Lab),Matt KERR (Lab),Iris GIBSON (SNP),skipped,skipped,skipped,skipped,skipped,skipped,skipped,4,10
3026,Alistair WATSON (Lab),Matt KERR (Lab),Iris GIBSON (SNP),skipped,skipped,skipped,skipped,skipped,skipped,skipped,4,10
3027,Alistair WATSON (Lab),Matt KERR (Lab),Iris GIBSON (SNP),skipped,skipped,skipped,skipped,skipped,skipped,skipped,4,10
3028,Alistair WATSON (Lab),Matt KERR (Lab),Iris GIBSON (SNP),skipped,skipped,skipped,skipped,skipped,skipped,skipped,4,10
3029,Alistair WATSON (Lab),Matt KERR (Lab),Iris GIBSON (SNP),skipped,skipped,skipped,skipped,skipped,skipped,skipped,4,10
3030,Alistair WATSON (Lab),Matt KERR (Lab),Iris GIBSON (SNP),skipped,skipped,skipped,skipped,skipped,skipped,skipped,4,10
3031,Alistair WATSON (Lab),Matt KERR (Lab),Iris GIBSON (SNP),skipped,skipped,skipped,skipped,skipped,skipped,skipped,4,10
3032,Alistair WATSON (Lab),Matt KERR (Lab),Iris GIBSON (SNP),skipped,skipped,skipped,skipped,skipped,skipped,skipped,4,10
3033,Alistair WATSON (Lab),Matt KERR (Lab),Iris GIBSON (SNP),skipped,skipped,skipped,skipped,skipped,skipped,skipped,4,10
3034,Alistair WATSON (Lab),Matt KERR (Lab),Iris GIBSON (SNP),skipped,skipped,skipped,skipped,skipped,skipped,skipped,4,10
3035,Alistair WATSON (Lab),Matt KERR (Lab),Iris GIBSON (SNP),skipped,skipped,skipped,skipped,skipped,skipped,skipped,4,10
3036,Alistair WATSON (Lab),Matt KERR (Lab),Iris GIBSON (SNP),skipped,skipped,skipped,skipped,skipped,skipped,skipped,4,10
3037,Alistair WATSON (Lab),Matt KERR (Lab),Iris GIBSON (SNP),skipped,skipped,skipped,skipped,skipped,skipped,skipped,4,10
3038,Alistair WATSON (Lab),Matt KERR (Lab),Iris GIBSON (SNP),skipped,skipped,skipped,skipped,skipped,skipped,skipped,4,10
3039,Alistair WATSON (Lab),Matt KERR (Lab),Iris GIBSON (SNP),skipped,skipped,skipped,skipped,skipped,skipped,skipped,4,10
3040,Alistair WATSON (Lab),Matt KERR (Lab),Iris GIBSON (SNP),skipped,skipped,skipped,skipped,skipped,skipped,skipped,4,10
3041,Alistair WATSON (Lab),Matt KERR (Lab),Iris GIBSON (SNP),skipped,skipped,skipped,skipped,skipped,skipped,skipped,4,10
3042,Alistair WATSON (Lab),Matt KERR (Lab),Iris GIBSON (SNP),Gordon MACDIARMID (Glasgow First),Janice MACKAY (UKIP),Isabel NELSON (LD),Ian RUFFELL (Grn),Gail SHERIDAN (Sol),Jim TORRANCE (SNP),Jayne Ann MORGAN (Con),4,10
3043,Alistair WATSON (Lab),Matt KERR (Lab),Iris GIBSON (SNP),Janice MACKAY (UKIP),Jayne Ann MORGAN (Con),Isabel NELSON (LD),Ian RUFFELL (Grn),Gail SHERIDAN (Sol),Jim TORRANCE (SNP),Gordon MACDIARMID (Glasgow First),4,10
3044,Alistair WATSON (Lab),Matt KERR (Lab),Iris GIBSON (SNP),Janice MACKAY (UKIP),Gail SHERIDAN (Sol),Ian RUFFELL (Grn),Jim TORRANCE (SNP),Gordon MACDIARMID (Glasgow First),Isabel NELSON (LD),Jayne Ann MORGAN (Con),4,10
3045,Alistair WATSON (Lab),Matt KERR (Lab),Iris GIBSON (SNP),Jayne Ann MORGAN (Con),skipped,skipped,skipped,skipped,skipped,skipped,4,10
3046,Alistair WATSON (Lab),Matt KERR (Lab),Iris GIBSON (SNP),Jayne Ann MORGAN (Con),Gordon MACDIARMID (Glasgow First),Janice MACKAY (UKIP),Isabel NELSON (LD),Jim TORRANCE (SNP),Gail SHERIDAN (Sol),Ian RUFFELL (Grn),4,10
3047,Alistair WATSON (Lab),Matt KERR (Lab),Iris GIBSON (SNP),Isabel NELSON (LD),Gail SHERIDAN (Sol),skipped,skipped,skipped,skipped,skipped,4,10
3048,Alistair WATSON (Lab),Matt KERR (Lab),Iris GIBSON (SNP),Ian RUFFELL (Grn),skipped,skipped,skipped,skipped,skipped,skipped,4,10
3049,Alistair WATSON (Lab),Matt KERR (Lab),Iris GIBSON (SNP),Gail SHERIDAN (Sol),skipped,skipped,skipped,skipped,skipped,skipped,4,10
3050,Alistair WATSON (Lab),Matt KERR (Lab),Iris GIBSON (SNP),Gail SHERIDAN (Sol),skipped,skipped,skipped,skipped,skipped,skipped,4,10
3051,Alistair WATSON (Lab),Matt KERR (Lab),Iris GIBSON (SNP),Gail SHERIDAN (Sol),Jim TORRANCE (SNP),skipped,skipped,skipped,skipped,skipped,4,10
3052,Alistair WATSON (Lab),Matt KERR (Lab),Iris GIBSON (SNP),Gail SHERIDAN (Sol),Jim TORRANCE (SNP),skipped,skipped,skipped,skipped,skipped,4,10
3053,Alistair WATSON (Lab),Matt KERR (Lab),Iris GIBSON (SNP),Jim TORRANCE (SNP),skipped,skipped,skipped,skipped,skipped,skipped,4,10
3054,Alistair WATSON (Lab),Matt KERR (Lab),Iris GIBSON (SNP),Jim TORRANCE (SNP),skipped,skipped,skipped,skipped,skipped,skipped,4,10
3055,Alistair WATSON (Lab),Matt KERR (Lab),Iris GIBSON (SNP),Jim TORRANCE (SNP),skipped,skipped,skipped,skipped,skipped,skipped,4,10
3056,Alistair WATSON (Lab),Matt KERR (Lab),Iris GIBSON (SNP),Jim TORRANCE (SNP),skipped,skipped,skipped,skipped,skipped,skipped,4,10
3057,Alistair WATSON (Lab),Matt KERR (Lab),Iris GIBSON (SNP),Jim TORRANCE (SNP),skipped,skipped,skipped,skipped,skipped,skipped,4,10
3058,Alistair WATSON (Lab),Matt KERR (Lab),Iris GIBSON (SNP),Jim TORRANCE (SNP),skipped,skipped,skipped,skipped,skipped,skipped,4,10
3059,Alistair WATSON (Lab),Matt KERR (Lab),Iris GIBSON (SNP),Jim TORRANCE (SNP),skipped,skipped,skipped,skipped,skipped,skipped,4,10
3060,Alistair WATSON (Lab),Matt KERR (Lab),Iris GIBSON (SNP),Jim TORRANCE (SNP),skipped,skipped,skipped,skipped,skipped,skipped,4,10
3061,Alistair WATSON (Lab),Matt KERR (Lab),Iris GIBSON (SNP),Jim TORRANCE (SNP),skipped,skipped,skipped,skipped,skipped,skipped,4,10
3062,Alistair WATSON (Lab),Matt KERR (Lab),Iris GIBSON (SNP),Jim TORRANCE (SNP),skipped,skipped,skipped,skipped,skipped,skipped,4,10
3063,Alistair WATSON (Lab),Matt KERR (Lab),Iris GIBSON (SNP),Jim TORRANCE (SNP),skipped,skipped,skipped,skipped,skipped,skipped,4,10
3064,Alistair WATSON (Lab),Matt KERR (Lab),Iris GIBSON (SNP),Jim TORRANCE (SNP),skipped,skipped,skipped,skipped,skipped,skipped,4,10
3065,Alistair WATSON (Lab),Matt KERR (Lab),Iris GIBSON (SNP),Jim TORRANCE (SNP),skipped,skipped,skipped,skipped,skipped,skipped,4,10
3066,Alistair WATSON (Lab),Matt KERR (Lab),Iris GIBSON (SNP),Jim TORRANCE (SNP),skipped,skipped,skipped,skipped,skipped,skipped,4,10
3067,Alistair WATSON (Lab),Matt KERR (Lab),Iris GIBSON (SNP),Jim TORRANCE (SNP),skipped,skipped,skipped,skipped,skipped,skipped,4,10
3068,Alistair WATSON (Lab),Matt KERR (Lab),Iris GIBSON (SNP),Jim TORRANCE (SNP),skipped,skipped,skipped,skipped,skipped,skipped,4,10
3069,Alistair WATSON (Lab),Matt KERR (Lab),Iris GIBSON (SNP),Jim TORRANCE (SNP),skipped,skipped,skipped,skipped,skipped,skipped,4,10
3070,Alistair WATSON (Lab),Matt KERR (Lab),Iris GIBSON (SNP),Jim TORRANCE (SNP),skipped,skipped,skipped,skipped,skipped,skipped,4,10
3071,Alistair WATSON (Lab),Matt KERR (Lab),Iris GIBSON (SNP),Jim TORRANCE (SNP),skipped,skipped,skipped,skipped,skipped,skipped,4,10
3072,Alistair WATSON (Lab),Matt KERR (Lab),Iris GIBSON (SNP),Jim TORRANCE (SNP),skipped,skipped,skipped,skipped,skipped,skipped,4,10
3073,Alistair WATSON (Lab),Matt KERR (Lab),Iris GIBSON (SNP),Jim TORRANCE (SNP),skipped,skipped,skipped,skipped,skipped,skipped,4,10
3074,Alistair WATSON (Lab),Matt KERR (Lab),Iris GIBSON (SNP),Jim TORRANCE (SNP),skipped,skipped,skipped,skipped,skipped,skipped,4,10
3075,Alistair WATSON (Lab),Matt KERR (Lab),Iris GIBSON (SNP),Jim TORRANCE (SNP),skipped,skipped,skipped,skipped,skipped,skipped,4,10
3076,Alistair WATSON (Lab),Matt KERR (Lab),Iris GIBSON (SNP),Jim TORRANCE (SNP),skipped,skipped,skipped,skipped,skipped,skipped,4,10
3077,Alistair WATSON (Lab),Matt KERR (Lab),Iris GIBSON (SNP),Jim TORRANCE (SNP),skipped,skipped,skipped,skipped,skipped,skipped,4,10
3078,Alistair WATSON (Lab),Matt KERR (Lab),Iris GIBSON (SNP),Jim TORRANCE (SNP),skipped,skipped,skipped,skipped,skipped,skipped,4,10
3079,Alistair WATSON (Lab),Matt KERR (Lab),Iris GIBSON (SNP),Jim TORRANCE (SNP),skipped,skipped,skipped,skipped,skipped,skipped,4,10
3080,Alistair WATSON (Lab),Matt KERR (Lab),Iris GIBSON (SNP),Jim TORRANCE (SNP),skipped,skipped,skipped,skipped,skipped,skipped,4,10
3081,Alistair WATSON (Lab),Matt KERR (Lab),Iris GIBSON (SNP),Jim TORRANCE (SNP),skipped,skipped,skipped,skipped,skipped,skipped,4,10
3082,Alistair WATSON (Lab),Matt KERR (Lab),Iris GIBSON (SNP),Jim TORRANCE (SNP),skipped,skipped,skipped,skipped,skipped,skipped,4,10
3083,Alistair WATSON (Lab),Matt KERR (Lab),Iris GIBSON (SNP),Jim TORRANCE (SNP),skipped,skipped,skipped,skipped,skipped,skipped,4,10
3084,Alistair WATSON (Lab),Matt KERR (Lab),Iris GIBSON (SNP),Jim TORRANCE (SNP),skipped,skipped,skipped,skipped,skipped,skipped,4,10
3085,Alistair WATSON (Lab),Matt KERR (Lab),Iris GIBSON (SNP),Jim TORRANCE (SNP),skipped,skipped,skipped,skipped,skipped,skipped,4,10
3086,Alistair WATSON (Lab),Matt KERR (Lab),Iris GIBSON (SNP),Jim TORRANCE (SNP),skipped,skipped,skipped,skipped,skipped,skipped,4,10
3087,Alistair WATSON (Lab),Matt KERR (Lab),Iris GIBSON (SNP),Jim TORRANCE (SNP),skipped,skipped,skipped,skipped,skipped,skipped,4,10
3088,Alistair WATSON (Lab),Matt KERR (Lab),Iris GIBSON (SNP),Jim TORRANCE (SNP),Gordon MACDIARMID (Glasgow First),skipped,skipped,skipped,skipped,skipped,4,10
3089,Alistair WATSON (Lab),Matt KERR (Lab),Iris GIBSON (SNP),Jim TORRANCE (SNP),Gordon MACDIARMID (Glasgow First),skipped,skipped,skipped,skipped,skipped,4,10
3090,Alistair WATSON (Lab),Matt KERR (Lab),Iris GIBSON (SNP),Jim TORRANCE (SNP),Gordon MACDIARMID (Glasgow First),Janice MACKAY (UKIP),Jayne Ann MORGAN (Con),Isabel NELSON (LD),Ian RUFFELL (Grn),Gail SHERIDAN (Sol),4,10
3091,Alistair WATSON (Lab),Matt KERR (Lab),Iris GIBSON (SNP),Jim TORRANCE (SNP),Gordon MACDIARMID (Glasgow First),Isabel NELSON (LD),Gail SHERIDAN (Sol),Ian RUFFELL (Grn),Jayne Ann MORGAN (Con),Janice MACKAY (UKIP),4,10
3092,Alistair WATSON (Lab),Matt KERR (Lab),Iris GIBSON (SNP),Jim TORRANCE (SNP),Janice MACKAY (UKIP),Gordon MACDIARMID (Glasgow First),Isabel NELSON (LD),Ian RUFFELL (Grn),Gail SHERIDAN (Sol),Jayne Ann MORGAN (Con),4,10
3093,Alistair WATSON (Lab),Matt KERR (Lab),Iris GIBSON (SNP),Jim TORRANCE (SNP),Isabel NELSON (LD),Jayne Ann MORGAN (Con),Ian RUFFELL (Grn),Gordon MACDIARMID (Glasgow First),Janice MACKAY (UKIP),Gail SHERIDAN (Sol),4,10
3094,Alistair WATSON (Lab),Matt KERR (Lab),Iris GIBSON (SNP),Jim TORRANCE (SNP),Isabel NELSON (LD),Gail SHERIDAN (Sol),skipped,skipped,skipped,skipped,4,10
3095,Alistair WATSON (Lab),Matt KERR (Lab),Iris GIBSON (SNP),Jim TORRANCE (SNP),Isabel NELSON (LD),Gail SHERIDAN (Sol),skipped,skipped,skipped,skipped,4,10
3096,Alistair WATSON (Lab),Matt KERR (Lab),Iris GIBSON (SNP),Jim TORRANCE (SNP),Ian RUFFELL (Grn),skipped,skipped,skipped,skipped,skipped,4,10
3097,Alistair WATSON (Lab),Matt KERR (Lab),Iris GIBSON (SNP),Jim TORRANCE (SNP),Ian RUFFELL (Grn),skipped,skipped,skipped,skipped,skipped,4,10
3098,Alistair WATSON (Lab),Matt KERR (Lab),Iris GIBSON (SNP),Jim TORRANCE (SNP),Ian RUFFELL (Grn),skipped,skipped,skipped,skipped,skipped,4,10
3099,Alistair WATSON (Lab),Matt KERR (Lab),Iris GIBSON (SNP),Jim TORRANCE (SNP),Ian RUFFELL (Grn),skipped,skipped,skipped,skipped,skipped,4,10
3100,Alistair WATSON (Lab),Matt KERR (Lab),Iris GIBSON (SNP),Jim TORRANCE (SNP),Ian RUFFELL (Grn),skipped,skipped,skipped,skipped,skipped,4,10
3101,Alistair WATSON (Lab),Matt KERR (Lab),Iris GIBSON (SNP),Jim TORRANCE (SNP),Ian RUFFELL (Grn),Gordon MACDIARMID (Glasgow First),Janice MACKAY (UKIP),Jayne Ann MORGAN (Con),Isabel NELSON (LD),Gail SHERIDAN (Sol),4,10
3102,Alistair WATSON (Lab),Matt KERR (Lab),Iris GIBSON (SNP),Jim TORRANCE (SNP),Ian RUFFELL (Grn),Gordon MACDIARMID (Glasgow First),Janice MACKAY (UKIP),Isabel NELSON (LD),Jayne Ann MORGAN (Con),skipped,4,10
3103,Alistair WATSON (Lab),Matt KERR (Lab),Iris GIBSON (SNP),Jim TORRANCE (SNP),Ian RUFFELL (Grn),Isabel NELSON (LD),Gordon MACDIARMID (Glasgow First),Janice MACKAY (UKIP),Jayne Ann MORGAN (Con),Gail SHERIDAN (Sol),4,10
3104,Alistair WATSON (Lab),Matt KERR (Lab),Iris GIBSON (SNP),Jim TORRANCE (SNP),Ian RUFFELL (Grn),Isabel NELSON (LD),Gordon MACDIARMID (Glasgow First),Janice MACKAY (UKIP),Gail SHERIDAN (Sol),Jayne Ann MORGAN (Con),4,10
3105,Alistair WATSON (Lab),Matt KERR (Lab),Iris GIBSON (SNP),Jim TORRANCE (SNP),Gail SHERIDAN (Sol),skipped,skipped,skipped,skipped,skipped,4,10
3106,Alistair WATSON (Lab),Matt KERR (Lab),Iris GIBSON (SNP),Jim TORRANCE (SNP),Gail SHERIDAN (Sol),skipped,skipped,skipped,skipped,skipped,4,10
3107,Alistair WATSON (Lab),Matt KERR (Lab),Iris GIBSON (SNP),Jim TORRANCE (SNP),Gail SHERIDAN (Sol),Janice MACKAY (UKIP),Jayne Ann MORGAN (Con),Isabel NELSON (LD),Ian RUFFELL (Grn),Gordon MACDIARMID (Glasgow First),4,10
3108,Alistair WATSON (Lab),Matt KERR (Lab),Iris GIBSON (SNP),Jim TORRANCE (SNP),Gail SHERIDAN (Sol),Isabel NELSON (LD),Gordon MACDIARMID (Glasgow First),Ian RUFFELL (Grn),Janice MACKAY (UKIP),Jayne Ann MORGAN (Con),4,10
3109,Alistair WATSON (Lab),Matt KERR (Lab),Iris GIBSON (SNP),Jim TORRANCE (SNP),Gail SHERIDAN (Sol),Isabel NELSON (LD),Ian RUFFELL (Grn),Jayne Ann MORGAN (Con),Gordon MACDIARMID (Glasgow First),Janice MACKAY (UKIP),4,10
3110,Alistair WATSON (Lab),Matt KERR (Lab),Gordon MACDIARMID (Glasgow First),skipped,skipped,skipped,skipped,skipped,skipped,skipped,4,10
3111,Alistair WATSON (Lab),Matt KERR (Lab),Gordon MACDIARMID (Glasgow First),skipped,skipped,skipped,skipped,skipped,skipped,skipped,4,10
3112,Alistair WATSON (Lab),Matt KERR (Lab),Gordon MACDIARMID (Glasgow First),skipped,skipped,skipped,skipped,skipped,skipped,skipped,4,10
3113,Alistair WATSON (Lab),Matt KERR (Lab),Gordon MACDIARMID (Glasgow First),skipped,skipped,skipped,skipped,skipped,skipped,skipped,4,10
3114,Alistair WATSON (Lab),Matt KERR (Lab),Gordon MACDIARMID (Glasgow First),skipped,skipped,skipped,skipped,skipped,skipped,skipped,4,10
3115,Alistair WATSON (Lab),Matt KERR (Lab),Gordon MACDIARMID (Glasgow First),skipped,skipped,skipped,skipped,skipped,skipped,skipped,4,10
3116,Alistair WATSON (Lab),Matt KERR (Lab),Gordon MACDIARMID (Glasgow First),skipped,skipped,skipped,skipped,skipped,skipped,skipped,4,10
3117,Alistair WATSON (Lab),Matt KERR (Lab),Gordon MACDIARMID (Glasgow First),skipped,skipped,skipped,skipped,skipped,skipped,skipped,4,10
3118,Alistair WATSON (Lab),Matt KERR (Lab),Gordon MACDIARMID (Glasgow First),skipped,skipped,skipped,skipped,skipped,skipped,skipped,4,10
3119,Alistair WATSON (Lab),Matt KERR (Lab),Gordon MACDIARMID (Glasgow First),skipped,skipped,skipped,skipped,skipped,skipped,skipped,4,10
3120,Alistair WATSON (Lab),Matt KERR (Lab),Gordon MACDIARMID (Glasgow First),skipped,skipped,skipped,skipped,skipped,skipped,skipped,4,10
3121,Alistair WATSON (Lab),Matt KERR (Lab),Gordon MACDIARMID (Glasgow First),skipped,skipped,skipped,skipped,skipped,skipped,skipped,4,10
3122,Alistair WATSON (Lab),Matt KERR (Lab),Gordon MACDIARMID (Glasgow First),skipped,skipped,skipped,skipped,skipped,skipped,skipped,4,10
3123,Alistair WATSON (Lab),Matt KERR (Lab),Gordon MACDIARMID (Glasgow First),skipped,skipped,skipped,skipped,skipped,skipped,skipped,4,10
3124,Alistair WATSON (Lab),Matt KERR (Lab),Gordon MACDIARMID (Glasgow First),skipped,skipped,skipped,skipped,skipped,skipped,skipped,4,10
3125,Alistair WATSON (Lab),Matt KERR (Lab),Gordon MACDIARMID (Glasgow First),skipped,skipped,skipped,skipped,skipped,skipped,skipped,4,10
3126,Alistair WATSON (Lab),Matt KERR (Lab),Gordon MACDIARMID (Glasgow First),skipped,skipped,skipped,skipped,skipped,skipped,skipped,4,10
3127,Alistair WATSON (Lab),Matt KERR (Lab),Gordon MACDIARMID (Glasgow First),skipped,skipped,skipped,skipped,skipped,skipped,skipped,4,10
3128,Alistair WATSON (Lab),Matt KERR (Lab),Gordon MACDIARMID (Glasgow First),skipped,skipped,skipped,skipped,skipped,skipped,skipped,4,10
3129,Alistair WATSON (Lab),Matt KERR (Lab),Gordon MACDIARMID (Glasgow First),skipped,skipped,skipped,skipped,skipped,skipped,skipped,4,10
3130,Alistair WATSON (Lab),Matt KERR (Lab),Gordon MACDIARMID (Glasgow First),skipped,skipped,skipped,skipped,skipped,skipped,skipped,4,10
3131,Alistair WATSON (Lab),Matt KERR (Lab),Gordon MACDIARMID (Glasgow First),skipped,skipped,skipped,skipped,skipped,skipped,skipped,4,10
3132,Alistair WATSON (Lab),Matt KERR (Lab),Gordon MACDIARMID (Glasgow First),skipped,skipped,skipped,skipped,skipped,skipped,skipped,4,10
3133,Alistair WATSON (Lab),Matt KERR (Lab),Gordon MACDIARMID (Glasgow First),skipped,skipped,skipped,skipped,skipped,skipped,skipped,4,10
3134,Alistair WATSON (Lab),Matt KERR (Lab),Gordon MACDIARMID (Glasgow First),skipped,skipped,skipped,skipped,skipped,skipped,skipped,4,10
3135,Alistair WATSON (Lab),Matt KERR (Lab),Gordon MACDIARMID (Glasgow First),skipped,skipped,skipped,skipped,skipped,skipped,skipped,4,10
3136,Alistair WATSON (Lab),Matt KERR (Lab),Gordon MACDIARMID (Glasgow First),skipped,skipped,skipped,skipped,skipped,skipped,skipped,4,10
3137,Alistair WATSON (Lab),Matt KERR (Lab),Gordon MACDIARMID (Glasgow First),skipped,skipped,skipped,skipped,skipped,skipped,skipped,4,10
3138,Alistair WATSON (Lab),Matt KERR (Lab),Gordon MACDIARMID (Glasgow First),skipped,skipped,skipped,skipped,skipped,skipped,skipped,4,10
3139,Alistair WATSON (Lab),Matt KERR (Lab),Gordon MACDIARMID (Glasgow First),skipped,skipped,skipped,skipped,skipped,skipped,skipped,4,10
3140,Alistair WATSON (Lab),Matt KERR (Lab),Gordon MACDIARMID (Glasgow First),skipped,skipped,skipped,skipped,skipped,skipped,skipped,4,10
3141,Alistair WATSON (Lab),Matt KERR (Lab),Gordon MACDIARMID (Glasgow First),skipped,skipped,skipped,skipped,skipped,skipped,skipped,4,10
3142,Alistair WATSON (Lab),Matt KERR (Lab),Gordon MACDIARMID (Glasgow First),skipped,skipped,skipped,skipped,skipped,skipped,skipped,4,10
3143,Alistair WATSON (Lab),Matt KERR (Lab),Gordon MACDIARMID (Glasgow First),skipped,skipped,skipped,skipped,skipped,skipped,skipped,4,10
3144,Alistair WATSON (Lab),Matt KERR (Lab),Gordon MACDIARMID (Glasgow First),skipped,skipped,skipped,skipped,skipped,skipped,skipped,4,10
3145,Alistair WATSON (Lab),Matt KERR (Lab),Gordon MACDIARMID (Glasgow First),skipped,skipped,skipped,skipped,skipped,skipped,skipped,4,10
3146,Alistair WATSON (Lab),Matt KERR (Lab),Gordon MACDIARMID (Glasgow First),skipped,skipped,skipped,skipped,skipped,skipped,skipped,4,10
3147,Alistair WATSON (Lab),Matt KERR (Lab),Gordon MACDIARMID (Glasgow First),skipped,skipped,skipped,skipped,skipped,skipped,skipped,4,10
3148,Alistair WATSON (Lab),Matt KERR (Lab),Gordon MACDIARMID (Glasgow First),skipped,skipped,skipped,skipped,skipped,skipped,skipped,4,10
3149,Alistair WATSON (Lab),Matt KERR (Lab),Gordon MACDIARMID (Glasgow First),skipped,skipped,skipped,skipped,skipped,skipped,skipped,4,10
3150,Alistair WATSON (Lab),Matt KERR (Lab),Gordon MACDIARMID (Glasgow First),skipped,skipped,skipped,skipped,skipped,skipped,skipped,4,10
3151,Alistair WATSON (Lab),Matt KERR (Lab),Gordon MACDIARMID (Glasgow First),skipped,skipped,skipped,skipped,skipped,skipped,skipped,4,10
3152,Alistair WATSON (Lab),Matt KERR (Lab),Gordon MACDIARMID (Glasgow First),skipped,skipped,skipped,skipped,skipped,skipped,skipped,4,10
3153,Alistair WATSON (Lab),Matt KERR (Lab),Gordon MACDIARMID (Glasgow First),skipped,skipped,skipped,skipped,skipped,skipped,skipped,4,10
3154,Alistair WATSON (Lab),Matt KERR (Lab),Gordon MACDIARMID (Glasgow First),skipped,skipped,skipped,skipped,skipped,skipped,skipped,4,10
3155,Alistair WATSON (Lab),Matt KERR (Lab),Gordon MACDIARMID (Glasgow First),skipped,skipped,skipped,skipped,skipped,skipped,skipped,4,10
3156,Alistair WATSON (Lab),Matt KERR (Lab),Gordon MACDIARMID (Glasgow First),skipped,skipped,skipped,skipped,skipped,skipped,skipped,4,10
3157,Alistair WATSON (Lab),Matt KERR (Lab),Gordon MACDIARMID (Glasgow First),skipped,skipped,skipped,skipped,skipped,skipped,skipped,4,10
3158,Alistair WATSON (Lab),Matt KERR (Lab),Gordon MACDIARMID (Glasgow First),skipped,skipped,skipped,skipped,skipped,skipped,skipped,4,10
3159,Alistair WATSON (Lab),Matt KERR (Lab),Gordon MACDIARMID (Glasgow First),skipped,skipped,skipped,skipped,skipped,skipped,skipped,4,10
3160,Alistair WATSON (Lab),Matt KERR (Lab),Gordon MACDIARMID (Glasgow First),skipped,skipped,skipped,skipped,skipped,skipped,skipped,4,10
3161,Alistair WATSON (Lab),Matt KERR (Lab),Gordon MACDIARMID (Glasgow First),skipped,skipped,skipped,skipped,skipped,skipped,skipped,4,10
3162,Alistair WATSON (Lab),Matt KERR (Lab),Gordon MACDIARMID (Glasgow First),skipped,skipped,skipped,skipped,skipped,skipped,skipped,4,10
3163,Alistair WATSON (Lab),Matt KERR (Lab),Gordon MACDIARMID (Glasgow First),skipped,skipped,skipped,skipped,skipped,skipped,skipped,4,10
3164,Alistair WATSON (Lab),Matt KERR (Lab),Gordon MACDIARMID (Glasgow First),skipped,skipped,skipped,skipped,skipped,skipped,skipped,4,10
3165,Alistair WATSON (Lab),Matt KERR (Lab),Gordon MACDIARMID (Glasgow First),skipped,skipped,skipped,skipped,skipped,skipped,skipped,4,10
3166,Alistair WATSON (Lab),Matt KERR (Lab),Gordon MACDIARMID (Glasgow First),skipped,skipped,skipped,skipped,skipped,skipped,skipped,4,10
3167,Alistair WATSON (Lab),Matt KERR (Lab),Gordon MACDIARMID (Glasgow First),skipped,skipped,skipped,skipped,skipped,skipped,skipped,4,10
3168,Alistair WATSON (Lab),Matt KERR (Lab),Gordon MACDIARMID (Glasgow First),skipped,skipped,skipped,skipped,skipped,skipped,skipped,4,10
3169,Alistair WATSON (Lab),Matt KERR (Lab),Gordon MACDIARMID (Glasgow First),skipped,skipped,skipped,skipped,skipped,skipped,skipped,4,10
3170,Alistair WATSON (Lab),Matt KERR (Lab),Gordon MACDIARMID (Glasgow First),skipped,skipped,skipped,skipped,skipped,skipped,skipped,4,10
3171,Alistair WATSON (Lab),Matt KERR (Lab),Gordon MACDIARMID (Glasgow First),skipped,skipped,skipped,skipped,skipped,skipped,skipped,4,10
3172,Alistair WATSON (Lab),Matt KERR (Lab),Gordon MACDIARMID (Glasgow First),skipped,skipped,skipped,skipped,skipped,skipped,skipped,4,10
3173,Alistair WATSON (Lab),Matt KERR (Lab),Gordon MACDIARMID (Glasgow First),skipped,skipped,skipped,skipped,skipped,skipped,skipped,4,10
3174,Alistair WATSON (Lab),Matt KERR (Lab),Gordon MACDIARMID (Glasgow First),skipped,skipped,skipped,skipped,skipped,skipped,skipped,4,10
3175,Alistair WATSON (Lab),Matt KERR (Lab),Gordon MACDIARMID (Glasgow First),skipped,skipped,skipped,skipped,skipped,skipped,skipped,4,10
3176,Alistair WATSON (Lab),Matt KERR (Lab),Gordon MACDIARMID (Glasgow First),skipped,skipped,skipped,skipped,skipped,skipped,skipped,4,10
3177,Alistair WATSON (Lab),Matt KERR (Lab),Gordon MACDIARMID (Glasgow First),skipped,skipped,skipped,skipped,skipped,skipped,skipped,4,10
3178,Alistair WATSON (Lab),Matt KERR (Lab),Gordon MACDIARMID (Glasgow First),skipped,skipped,skipped,skipped,skipped,skipped,skipped,4,10
3179,Alistair WATSON (Lab),Matt KERR (Lab),Gordon MACDIARMID (Glasgow First),skipped,skipped,skipped,skipped,skipped,skipped,skipped,4,10
3180,Alistair WATSON (Lab),Matt KERR (Lab),Gordon MACDIARMID (Glasgow First),skipped,skipped,skipped,skipped,skipped,skipped,skipped,4,10
3181,Alistair WATSON (Lab),Matt KERR (Lab),Gordon MACDIARMID (Glasgow First),skipped,skipped,skipped,skipped,skipped,skipped,skipped,4,10
3182,Alistair WATSON (Lab),Matt KERR (Lab),Gordon MACDIARMID (Glasgow First),skipped,skipped,skipped,skipped,skipped,skipped,skipped,4,10
3183,Alistair WATSON (Lab),Matt KERR (Lab),Gordon MACDIARMID (Glasgow First),skipped,skipped,skipped,skipped,skipped,skipped,skipped,4,10
3184,Alistair WATSON (Lab),Matt KERR (Lab),Gordon MACDIARMID (Glasgow First),skipped,skipped,skipped,skipped,skipped,skipped,skipped,4,10
3185,Alistair WATSON (Lab),Matt KERR (Lab),Gordon MACDIARMID (Glasgow First),skipped,skipped,skipped,skipped,skipped,skipped,skipped,4,10
3186,Alistair WATSON (Lab),Matt KERR (Lab),Gordon MACDIARMID (Glasgow First),Iris GIBSON (SNP),skipped,skipped,skipped,skipped,skipped,skipped,4,10
3187,Alistair WATSON (Lab),Matt KERR (Lab),Gordon MACDIARMID (Glasgow First),Iris GIBSON (SNP),skipped,skipped,skipped,skipped,skipped,skipped,4,10
3188,Alistair WATSON (Lab),Matt KERR (Lab),Gordon MACDIARMID (Glasgow First),Iris GIBSON (SNP),skipped,skipped,skipped,skipped,skipped,skipped,4,10
3189,Alistair WATSON (Lab),Matt KERR (Lab),Gordon MACDIARMID (Glasgow First),Iris GIBSON (SNP),Jayne Ann MORGAN (Con),skipped,skipped,skipped,skipped,skipped,4,10
3190,Alistair WATSON (Lab),Matt KERR (Lab),Gordon MACDIARMID (Glasgow First),Iris GIBSON (SNP),Ian RUFFELL (Grn),Jim TORRANCE (SNP),Gail SHERIDAN (Sol),Isabel NELSON (LD),Janice MACKAY (UKIP),Jayne Ann MORGAN (Con),4,10
3191,Alistair WATSON (Lab),Matt KERR (Lab),Gordon MACDIARMID (Glasgow First),Iris GIBSON (SNP),Gail SHERIDAN (Sol),Jim TORRANCE (SNP),Isabel NELSON (LD),Janice MACKAY (UKIP),Ian RUFFELL (Grn),Jayne Ann MORGAN (Con),4,10
3192,Alistair WATSON (Lab),Matt KERR (Lab),Gordon MACDIARMID (Glasgow First),Iris GIBSON (SNP),Jim TORRANCE (SNP),Gail SHERIDAN (Sol),Ian RUFFELL (Grn),Janice MACKAY (UKIP),Jayne Ann MORGAN (Con),Isabel NELSON (LD),4,10
3193,Alistair WATSON (Lab),Matt KERR (Lab),Gordon MACDIARMID (Glasgow First),Janice MACKAY (UKIP),skipped,skipped,skipped,skipped,skipped,skipped,4,10
3194,Alistair WATSON (Lab),Matt KERR (Lab),Gordon MACDIARMID (Glasgow First),Janice MACKAY (UKIP),skipped,skipped,skipped,skipped,skipped,skipped,4,10
3195,Alistair WATSON (Lab),Matt KERR (Lab),Gordon MACDIARMID (Glasgow First),Janice MACKAY (UKIP),Ian RUFFELL (Grn),skipped,skipped,skipped,skipped,skipped,4,10
3196,Alistair WATSON (Lab),Matt KERR (Lab),Gordon MACDIARMID (Glasgow First),Jayne Ann MORGAN (Con),skipped,skipped,skipped,skipped,skipped,skipped,4,10
3197,Alistair WATSON (Lab),Matt KERR (Lab),Gordon MACDIARMID (Glasgow First),Isabel NELSON (LD),skipped,skipped,skipped,skipped,skipped,skipped,4,10
3198,Alistair WATSON (Lab),Matt KERR (Lab),Gordon MACDIARMID (Glasgow First),Isabel NELSON (LD),Jayne Ann MORGAN (Con),Ian RUFFELL (Grn),skipped,skipped,skipped,skipped,4,10
3199,Alistair WATSON (Lab),Matt KERR (Lab),Gordon MACDIARMID (Glasgow First),Isabel NELSON (LD),Jim TORRANCE (SNP),skipped,skipped,skipped,skipped,skipped,4,10
3200,Alistair WATSON (Lab),Matt KERR (Lab),Gordon MACDIARMID (Glasgow First),Ian RUFFELL (Grn),skipped,skipped,skipped,skipped,skipped,skipped,4,10
3201,Alistair WATSON (Lab),Matt KERR (Lab),Gordon MACDIARMID (Glasgow First),Ian RUFFELL (Grn),skipped,skipped,skipped,skipped,skipped,skipped,4,10
3202,Alistair WATSON (Lab),Matt KERR (Lab),Gordon MACDIARMID (Glasgow First),Ian RUFFELL (Grn),skipped,skipped,skipped,skipped,skipped,skipped,4,10
3203,Alistair WATSON (Lab),Matt KERR (Lab),Gordon MACDIARMID (Glasgow First),Ian RUFFELL (Grn),skipped,skipped,skipped,skipped,skipped,skipped,4,10
3204,Alistair WATSON (Lab),Matt KERR (Lab),Gordon MACDIARMID (Glasgow First),Ian RUFFELL (Grn),skipped,skipped,skipped,skipped,skipped,skipped,4,10
3205,Alistair WATSON (Lab),Matt KERR (Lab),Gordon MACDIARMID (Glasgow First),Ian RUFFELL (Grn),Iris GIBSON (SNP),Jim TORRANCE (SNP),Janice MACKAY (UKIP),Gail SHERIDAN (Sol),Jayne Ann MORGAN (Con),Isabel NELSON (LD),4,10
3206,Alistair WATSON (Lab),Matt KERR (Lab),Gordon MACDIARMID (Glasgow First),Ian RUFFELL (Grn),Janice MACKAY (UKIP),Iris GIBSON (SNP),Jim TORRANCE (SNP),Isabel NELSON (LD),Jayne Ann MORGAN (Con),Gail SHERIDAN (Sol),4,10
3207,Alistair WATSON (Lab),Matt KERR (Lab),Gordon MACDIARMID (Glasgow First),Ian RUFFELL (Grn),Isabel NELSON (LD),Janice MACKAY (UKIP),Gail SHERIDAN (Sol),Iris GIBSON (SNP),Jim TORRANCE (SNP),Jayne Ann MORGAN (Con),4,10
3208,Alistair WATSON (Lab),Matt KERR (Lab),Gordon MACDIARMID (Glasgow First),Gail SHERIDAN (Sol),skipped,skipped,skipped,skipped,skipped,skipped,4,10
3209,Alistair WATSON (Lab),Matt KERR (Lab),Gordon MACDIARMID (Glasgow First),Gail SHERIDAN (Sol),Janice MACKAY (UKIP),skipped,skipped,skipped,skipped,skipped,4,10
3210,Alistair WATSON (Lab),Matt KERR (Lab),Gordon MACDIARMID (Glasgow First),Gail SHERIDAN (Sol),Jim TORRANCE (SNP),Iris GIBSON (SNP),Janice MACKAY (UKIP),Jayne Ann MORGAN (Con),Isabel NELSON (LD),Ian RUFFELL (Grn),4,10
3211,Alistair WATSON (Lab),Matt KERR (Lab),Gordon MACDIARMID (Glasgow First),Gail SHERIDAN (Sol),Jim TORRANCE (SNP),Iris GIBSON (SNP),Janice MACKAY (UKIP),Isabel NELSON (LD),Ian RUFFELL (Grn),Jayne Ann MORGAN (Con),4,10
3212,Alistair WATSON (Lab),Matt KERR (Lab),Gordon MACDIARMID (Glasgow First),Jim TORRANCE (SNP),skipped,skipped,skipped,skipped,skipped,skipped,4,10
3213,Alistair WATSON (Lab),Matt KERR (Lab),Gordon MACDIARMID (Glasgow First),Jim TORRANCE (SNP),skipped,skipped,skipped,skipped,skipped,skipped,4,10
3214,Alistair WATSON (Lab),Matt KERR (Lab),Janice MACKAY (UKIP),skipped,skipped,skipped,skipped,skipped,skipped,skipped,4,10
3215,Alistair WATSON (Lab),Matt KERR (Lab),Janice MACKAY (UKIP),skipped,skipped,skipped,skipped,skipped,skipped,skipped,4,10
3216,Alistair WATSON (Lab),Matt KERR (Lab),Janice MACKAY (UKIP),skipped,skipped,skipped,skipped,skipped,skipped,skipped,4,10
3217,Alistair WATSON (Lab),Matt KERR (Lab),Janice MACKAY (UKIP),skipped,skipped,skipped,skipped,skipped,skipped,skipped,4,10
3218,Alistair WATSON (Lab),Matt KERR (Lab),Janice MACKAY (UKIP),skipped,skipped,skipped,skipped,skipped,skipped,skipped,4,10
3219,Alistair WATSON (Lab),Matt KERR (Lab),Janice MACKAY (UKIP),skipped,skipped,skipped,skipped,skipped,skipped,skipped,4,10
3220,Alistair WATSON (Lab),Matt KERR (Lab),Janice MACKAY (UKIP),skipped,skipped,skipped,skipped,skipped,skipped,skipped,4,10
3221,Alistair WATSON (Lab),Matt KERR (Lab),Janice MACKAY (UKIP),skipped,skipped,skipped,skipped,skipped,skipped,skipped,4,10
3222,Alistair WATSON (Lab),Matt KERR (Lab),Janice MACKAY (UKIP),skipped,skipped,skipped,skipped,skipped,skipped,skipped,4,10
3223,Alistair WATSON (Lab),Matt KERR (Lab),Janice MACKAY (UKIP),skipped,skipped,skipped,skipped,skipped,skipped,skipped,4,10
3224,Alistair WATSON (Lab),Matt KERR (Lab),Janice MACKAY (UKIP),skipped,skipped,skipped,skipped,skipped,skipped,skipped,4,10
3225,Alistair WATSON (Lab),Matt KERR (Lab),Janice MACKAY (UKIP),skipped,skipped,skipped,skipped,skipped,skipped,skipped,4,10
3226,Alistair WATSON (Lab),Matt KERR (Lab),Janice MACKAY (UKIP),skipped,skipped,skipped,skipped,skipped,skipped,skipped,4,10
3227,Alistair WATSON (Lab),Matt KERR (Lab),Janice MACKAY (UKIP),skipped,skipped,skipped,skipped,skipped,skipped,skipped,4,10
3228,Alistair WATSON (Lab),Matt KERR (Lab),Janice MACKAY (UKIP),skipped,skipped,skipped,skipped,skipped,skipped,skipped,4,10
3229,Alistair WATSON (Lab),Matt KERR (Lab),Janice MACKAY (UKIP),skipped,skipped,skipped,skipped,skipped,skipped,skipped,4,10
3230,Alistair WATSON (Lab),Matt KERR (Lab),Janice MACKAY (UKIP),skipped,skipped,skipped,skipped,skipped,skipped,skipped,4,10
3231,Alistair WATSON (Lab),Matt KERR (Lab),Janice MACKAY (UKIP),Gordon MACDIARMID (Glasgow First),skipped,skipped,skipped,skipped,skipped,skipped,4,10
3232,Alistair WATSON (Lab),Matt KERR (Lab),Janice MACKAY (UKIP),Gordon MACDIARMID (Glasgow First),skipped,skipped,skipped,skipped,skipped,skipped,4,10
3233,Alistair WATSON (Lab),Matt KERR (Lab),Janice MACKAY (UKIP),Jayne Ann MORGAN (Con),skipped,skipped,skipped,skipped,skipped,skipped,4,10
3234,Alistair WATSON (Lab),Matt KERR (Lab),Janice MACKAY (UKIP),Isabel NELSON (LD),Jayne Ann MORGAN (Con),skipped,skipped,skipped,skipped,skipped,4,10
3235,Alistair WATSON (Lab),Matt KERR (Lab),Janice MACKAY (UKIP),Isabel NELSON (LD),Jayne Ann MORGAN (Con),skipped,skipped,skipped,skipped,skipped,4,10
3236,Alistair WATSON (Lab),Matt KERR (Lab),Janice MACKAY (UKIP),Isabel NELSON (LD),Ian RUFFELL (Grn),skipped,skipped,skipped,skipped,skipped,4,10
3237,Alistair WATSON (Lab),Matt KERR (Lab),Janice MACKAY (UKIP),Ian RUFFELL (Grn),skipped,skipped,skipped,skipped,skipped,skipped,4,10
3238,Alistair WATSON (Lab),Matt KERR (Lab),Janice MACKAY (UKIP),Gail SHERIDAN (Sol),skipped,skipped,skipped,skipped,skipped,skipped,4,10
3239,Alistair WATSON (Lab),Matt KERR (Lab),Janice MACKAY (UKIP),Gail SHERIDAN (Sol),skipped,skipped,skipped,skipped,skipped,skipped,4,10
3240,Alistair WATSON (Lab),Matt KERR (Lab),Janice MACKAY (UKIP),Gail SHERIDAN (Sol),skipped,skipped,skipped,skipped,skipped,skipped,4,10
3241,Alistair WATSON (Lab),Matt KERR (Lab),Jayne Ann MORGAN (Con),skipped,skipped,skipped,skipped,skipped,skipped,skipped,4,10
3242,Alistair WATSON (Lab),Matt KERR (Lab),Jayne Ann MORGAN (Con),skipped,skipped,skipped,skipped,skipped,skipped,skipped,4,10
3243,Alistair WATSON (Lab),Matt KERR (Lab),Jayne Ann MORGAN (Con),skipped,skipped,skipped,skipped,skipped,skipped,skipped,4,10
3244,Alistair WATSON (Lab),Matt KERR (Lab),Jayne Ann MORGAN (Con),skipped,skipped,skipped,skipped,skipped,skipped,skipped,4,10
3245,Alistair WATSON (Lab),Matt KERR (Lab),Jayne Ann MORGAN (Con),skipped,skipped,skipped,skipped,skipped,skipped,skipped,4,10
3246,Alistair WATSON (Lab),Matt KERR (Lab),Jayne Ann MORGAN (Con),skipped,skipped,skipped,skipped,skipped,skipped,skipped,4,10
3247,Alistair WATSON (Lab),Matt KERR (Lab),Jayne Ann MORGAN (Con),skipped,skipped,skipped,skipped,skipped,skipped,skipped,4,10
3248,Alistair WATSON (Lab),Matt KERR (Lab),Jayne Ann MORGAN (Con),skipped,skipped,skipped,skipped,skipped,skipped,skipped,4,10
3249,Alistair WATSON (Lab),Matt KERR (Lab),Jayne Ann MORGAN (Con),skipped,skipped,skipped,skipped,skipped,skipped,skipped,4,10
3250,Alistair WATSON (Lab),Matt KERR (Lab),Jayne Ann MORGAN (Con),skipped,skipped,skipped,skipped,skipped,skipped,skipped,4,10
3251,Alistair WATSON (Lab),Matt KERR (Lab),Jayne Ann MORGAN (Con),skipped,skipped,skipped,skipped,skipped,skipped,skipped,4,10
3252,Alistair WATSON (Lab),Matt KERR (Lab),Jayne Ann MORGAN (Con),skipped,skipped,skipped,skipped,skipped,skipped,skipped,4,10
3253,Alistair WATSON (Lab),Matt KERR (Lab),Jayne Ann MORGAN (Con),skipped,skipped,skipped,skipped,skipped,skipped,skipped,4,10
3254,Alistair WATSON (Lab),Matt KERR (Lab),Jayne Ann MORGAN (Con),skipped,skipped,skipped,skipped,skipped,skipped,skipped,4,10
3255,Alistair WATSON (Lab),Matt KERR (Lab),Jayne Ann MORGAN (Con),skipped,skipped,skipped,skipped,skipped,skipped,skipped,4,10
3256,Alistair WATSON (Lab),Matt KERR (Lab),Jayne Ann MORGAN (Con),skipped,skipped,skipped,skipped,skipped,skipped,skipped,4,10
3257,Alistair WATSON (Lab),Matt KERR (Lab),Jayne Ann MORGAN (Con),skipped,skipped,skipped,skipped,skipped,skipped,skipped,4,10
3258,Alistair WATSON (Lab),Matt KERR (Lab),Jayne Ann MORGAN (Con),skipped,skipped,skipped,skipped,skipped,skipped,skipped,4,10
3259,Alistair WATSON (Lab),Matt KERR (Lab),Jayne Ann MORGAN (Con),skipped,skipped,skipped,skipped,skipped,skipped,skipped,4,10
3260,Alistair WATSON (Lab),Matt KERR (Lab),Jayne Ann MORGAN (Con),skipped,skipped,skipped,skipped,skipped,skipped,skipped,4,10
3261,Alistair WATSON (Lab),Matt KERR (Lab),Jayne Ann MORGAN (Con),skipped,skipped,skipped,skipped,skipped,skipped,skipped,4,10
3262,Alistair WATSON (Lab),Matt KERR (Lab),Jayne Ann MORGAN (Con),skipped,skipped,skipped,skipped,skipped,skipped,skipped,4,10
3263,Alistair WATSON (Lab),Matt KERR (Lab),Jayne Ann MORGAN (Con),skipped,skipped,skipped,skipped,skipped,skipped,skipped,4,10
3264,Alistair WATSON (Lab),Matt KERR (Lab),Jayne Ann MORGAN (Con),skipped,skipped,skipped,skipped,skipped,skipped,skipped,4,10
3265,Alistair WATSON (Lab),Matt KERR (Lab),Jayne Ann MORGAN (Con),skipped,skipped,skipped,skipped,skipped,skipped,skipped,4,10
3266,Alistair WATSON (Lab),Matt KERR (Lab),Jayne Ann MORGAN (Con),skipped,skipped,skipped,skipped,skipped,skipped,skipped,4,10
3267,Alistair WATSON (Lab),Matt KERR (Lab),Jayne Ann MORGAN (Con),Iris GIBSON (SNP),skipped,skipped,skipped,skipped,skipped,skipped,4,10
3268,Alistair WATSON (Lab),Matt KERR (Lab),Jayne Ann MORGAN (Con),Iris GIBSON (SNP),Jim TORRANCE (SNP),skipped,skipped,skipped,skipped,skipped,4,10
3269,Alistair WATSON (Lab),Matt KERR (Lab),Jayne Ann MORGAN (Con),Iris GIBSON (SNP),Jim TORRANCE (SNP),skipped,skipped,skipped,skipped,skipped,4,10
3270,Alistair WATSON (Lab),Matt KERR (Lab),Jayne Ann MORGAN (Con),Gordon MACDIARMID (Glasgow First),skipped,skipped,skipped,skipped,skipped,skipped,4,10
3271,Alistair WATSON (Lab),Matt KERR (Lab),Jayne Ann MORGAN (Con),Gordon MACDIARMID (Glasgow First),Iris GIBSON (SNP),skipped,skipped,skipped,skipped,skipped,4,10
3272,Alistair WATSON (Lab),Matt KERR (Lab),Jayne Ann MORGAN (Con),Gordon MACDIARMID (Glasgow First),Isabel NELSON (LD),skipped,skipped,skipped,skipped,skipped,4,10
3273,Alistair WATSON (Lab),Matt KERR (Lab),Jayne Ann MORGAN (Con),Janice MACKAY (UKIP),skipped,skipped,skipped,skipped,skipped,skipped,4,10
3274,Alistair WATSON (Lab),Matt KERR (Lab),Jayne Ann MORGAN (Con),Janice MACKAY (UKIP),Isabel NELSON (LD),skipped,skipped,skipped,skipped,skipped,4,10
3275,Alistair WATSON (Lab),Matt KERR (Lab),Jayne Ann MORGAN (Con),Isabel NELSON (LD),skipped,skipped,skipped,skipped,skipped,skipped,4,10
3276,Alistair WATSON (Lab),Matt KERR (Lab),Jayne Ann MORGAN (Con),Isabel NELSON (LD),skipped,skipped,skipped,skipped,skipped,skipped,4,10
3277,Alistair WATSON (Lab),Matt KERR (Lab),Jayne Ann MORGAN (Con),Isabel NELSON (LD),skipped,skipped,skipped,skipped,skipped,skipped,4,10
3278,Alistair WATSON (Lab),Matt KERR (Lab),Jayne Ann MORGAN (Con),Isabel NELSON (LD),skipped,skipped,skipped,skipped,skipped,skipped,4,10
3279,Alistair WATSON (Lab),Matt KERR (Lab),Jayne Ann MORGAN (Con),Isabel NELSON (LD),skipped,skipped,skipped,skipped,skipped,skipped,4,10
3280,Alistair WATSON (Lab),Matt KERR (Lab),Jayne Ann MORGAN (Con),Isabel NELSON (LD),skipped,skipped,skipped,skipped,skipped,skipped,4,10
3281,Alistair WATSON (Lab),Matt KERR (Lab),Jayne Ann MORGAN (Con),Isabel NELSON (LD),Gordon MACDIARMID (Glasgow First),skipped,skipped,skipped,skipped,skipped,4,10
3282,Alistair WATSON (Lab),Matt KERR (Lab),Jayne Ann MORGAN (Con),Isabel NELSON (LD),Gordon MACDIARMID (Glasgow First),Ian RUFFELL (Grn),Jim TORRANCE (SNP),Iris GIBSON (SNP),Gail SHERIDAN (Sol),Janice MACKAY (UKIP),4,10
3283,Alistair WATSON (Lab),Matt KERR (Lab),Jayne Ann MORGAN (Con),Isabel NELSON (LD),Jim TORRANCE (SNP),Gordon MACDIARMID (Glasgow First),Janice MACKAY (UKIP),Ian RUFFELL (Grn),Iris GIBSON (SNP),Gail SHERIDAN (Sol),4,10
3284,Alistair WATSON (Lab),Matt KERR (Lab),Jayne Ann MORGAN (Con),Ian RUFFELL (Grn),Gordon MACDIARMID (Glasgow First),skipped,skipped,skipped,skipped,skipped,4,10
3285,Alistair WATSON (Lab),Matt KERR (Lab),Jayne Ann MORGAN (Con),Ian RUFFELL (Grn),Isabel NELSON (LD),Janice MACKAY (UKIP),Gordon MACDIARMID (Glasgow First),Gail SHERIDAN (Sol),Jim TORRANCE (SNP),Iris GIBSON (SNP),4,10
3286,Alistair WATSON (Lab),Matt KERR (Lab),Isabel NELSON (LD),skipped,skipped,skipped,skipped,skipped,skipped,skipped,4,10
3287,Alistair WATSON (Lab),Matt KERR (Lab),Isabel NELSON (LD),skipped,skipped,skipped,skipped,skipped,skipped,skipped,4,10
3288,Alistair WATSON (Lab),Matt KERR (Lab),Isabel NELSON (LD),skipped,skipped,skipped,skipped,skipped,skipped,skipped,4,10
3289,Alistair WATSON (Lab),Matt KERR (Lab),Isabel NELSON (LD),skipped,skipped,skipped,skipped,skipped,skipped,skipped,4,10
3290,Alistair WATSON (Lab),Matt KERR (Lab),Isabel NELSON (LD),skipped,skipped,skipped,skipped,skipped,skipped,skipped,4,10
3291,Alistair WATSON (Lab),Matt KERR (Lab),Isabel NELSON (LD),skipped,skipped,skipped,skipped,skipped,skipped,skipped,4,10
3292,Alistair WATSON (Lab),Matt KERR (Lab),Isabel NELSON (LD),skipped,skipped,skipped,skipped,skipped,skipped,skipped,4,10
3293,Alistair WATSON (Lab),Matt KERR (Lab),Isabel NELSON (LD),skipped,skipped,skipped,skipped,skipped,skipped,skipped,4,10
3294,Alistair WATSON (Lab),Matt KERR (Lab),Isabel NELSON (LD),skipped,skipped,skipped,skipped,skipped,skipped,skipped,4,10
3295,Alistair WATSON (Lab),Matt KERR (Lab),Isabel NELSON (LD),skipped,skipped,skipped,skipped,skipped,skipped,skipped,4,10
3296,Alistair WATSON (Lab),Matt KERR (Lab),Isabel NELSON (LD),skipped,skipped,skipped,skipped,skipped,skipped,skipped,4,10
3297,Alistair WATSON (Lab),Matt KERR (Lab),Isabel NELSON (LD),skipped,skipped,skipped,skipped,skipped,skipped,skipped,4,10
3298,Alistair WATSON (Lab),Matt KERR (Lab),Isabel NELSON (LD),skipped,skipped,skipped,skipped,skipped,skipped,skipped,4,10
3299,Alistair WATSON (Lab),Matt KERR (Lab),Isabel NELSON (LD),skipped,skipped,skipped,skipped,skipped,skipped,skipped,4,10
3300,Alistair WATSON (Lab),Matt KERR (Lab),Isabel NELSON (LD),skipped,skipped,skipped,skipped,skipped,skipped,skipped,4,10
3301,Alistair WATSON (Lab),Matt KERR (Lab),Isabel NELSON (LD),skipped,skipped,skipped,skipped,skipped,skipped,skipped,4,10
3302,Alistair WATSON (Lab),Matt KERR (Lab),Isabel NELSON (LD),skipped,skipped,skipped,skipped,skipped,skipped,skipped,4,10
3303,Alistair WATSON (Lab),Matt KERR (Lab),Isabel NELSON (LD),skipped,skipped,skipped,skipped,skipped,skipped,skipped,4,10
3304,Alistair WATSON (Lab),Matt KERR (Lab),Isabel NELSON (LD),skipped,skipped,skipped,skipped,skipped,skipped,skipped,4,10
3305,Alistair WATSON (Lab),Matt KERR (Lab),Isabel NELSON (LD),skipped,skipped,skipped,skipped,skipped,skipped,skipped,4,10
3306,Alistair WATSON (Lab),Matt KERR (Lab),Isabel NELSON (LD),skipped,skipped,skipped,skipped,skipped,skipped,skipped,4,10
3307,Alistair WATSON (Lab),Matt KERR (Lab),Isabel NELSON (LD),skipped,skipped,skipped,skipped,skipped,skipped,skipped,4,10
3308,Alistair WATSON (Lab),Matt KERR (Lab),Isabel NELSON (LD),Iris GIBSON (SNP),skipped,skipped,skipped,skipped,skipped,skipped,4,10
3309,Alistair WATSON (Lab),Matt KERR (Lab),Isabel NELSON (LD),Iris GIBSON (SNP),skipped,skipped,skipped,skipped,skipped,skipped,4,10
3310,Alistair WATSON (Lab),Matt KERR (Lab),Isabel NELSON (LD),Gordon MACDIARMID (Glasgow First),skipped,skipped,skipped,skipped,skipped,skipped,4,10
3311,Alistair WATSON (Lab),Matt KERR (Lab),Isabel NELSON (LD),Gordon MACDIARMID (Glasgow First),skipped,skipped,skipped,skipped,skipped,skipped,4,10
3312,Alistair WATSON (Lab),Matt KERR (Lab),Isabel NELSON (LD),Gordon MACDIARMID (Glasgow First),skipped,skipped,skipped,skipped,skipped,skipped,4,10
3313,Alistair WATSON (Lab),Matt KERR (Lab),Isabel NELSON (LD),Gordon MACDIARMID (Glasgow First),skipped,skipped,skipped,skipped,skipped,skipped,4,10
3314,Alistair WATSON (Lab),Matt KERR (Lab),Isabel NELSON (LD),Gordon MACDIARMID (Glasgow First),Janice MACKAY (UKIP),Gail SHERIDAN (Sol),Jim TORRANCE (SNP),Iris GIBSON (SNP),Jayne Ann MORGAN (Con),Ian RUFFELL (Grn),4,10
3315,Alistair WATSON (Lab),Matt KERR (Lab),Isabel NELSON (LD),Janice MACKAY (UKIP),skipped,skipped,skipped,skipped,skipped,skipped,4,10
3316,Alistair WATSON (Lab),Matt KERR (Lab),Isabel NELSON (LD),Janice MACKAY (UKIP),Gordon MACDIARMID (Glasgow First),Iris GIBSON (SNP),Jayne Ann MORGAN (Con),Jim TORRANCE (SNP),Ian RUFFELL (Grn),skipped,4,10
3317,Alistair WATSON (Lab),Matt KERR (Lab),Isabel NELSON (LD),Jayne Ann MORGAN (Con),skipped,skipped,skipped,skipped,skipped,skipped,4,10
3318,Alistair WATSON (Lab),Matt KERR (Lab),Isabel NELSON (LD),Jayne Ann MORGAN (Con),Ian RUFFELL (Grn),skipped,skipped,skipped,skipped,skipped,4,10
3319,Alistair WATSON (Lab),Matt KERR (Lab),Isabel NELSON (LD),Jayne Ann MORGAN (Con),Ian RUFFELL (Grn),Gordon MACDIARMID (Glasgow First),skipped,skipped,skipped,skipped,4,10
3320,Alistair WATSON (Lab),Matt KERR (Lab),Isabel NELSON (LD),Jayne Ann MORGAN (Con),Gail SHERIDAN (Sol),Iris GIBSON (SNP),Gordon MACDIARMID (Glasgow First),Janice MACKAY (UKIP),Jim TORRANCE (SNP),Ian RUFFELL (Grn),4,10
3321,Alistair WATSON (Lab),Matt KERR (Lab),Isabel NELSON (LD),Ian RUFFELL (Grn),skipped,skipped,skipped,skipped,skipped,skipped,4,10
3322,Alistair WATSON (Lab),Matt KERR (Lab),Isabel NELSON (LD),Ian RUFFELL (Grn),skipped,skipped,skipped,skipped,skipped,skipped,4,10
3323,Alistair WATSON (Lab),Matt KERR (Lab),Isabel NELSON (LD),Gail SHERIDAN (Sol),skipped,skipped,skipped,skipped,skipped,skipped,4,10
3324,Alistair WATSON (Lab),Matt KERR (Lab),Isabel NELSON (LD),Gail SHERIDAN (Sol),Jim TORRANCE (SNP),Iris GIBSON (SNP),Gordon MACDIARMID (Glasgow First),Janice MACKAY (UKIP),Jayne Ann MORGAN (Con),Ian RUFFELL (Grn),4,10
3325,Alistair WATSON (Lab),Matt KERR (Lab),Isabel NELSON (LD),Jim TORRANCE (SNP),skipped,skipped,skipped,skipped,skipped,skipped,4,10
3326,Alistair WATSON (Lab),Matt KERR (Lab),Isabel NELSON (LD),Jim TORRANCE (SNP),Iris GIBSON (SNP),skipped,skipped,skipped,skipped,skipped,4,10
3327,Alistair WATSON (Lab),Matt KERR (Lab),Isabel NELSON (LD),Jim TORRANCE (SNP),Iris GIBSON (SNP),Gordon MACDIARMID (Glasgow First),Ian RUFFELL (Grn),Janice MACKAY (UKIP),Jayne Ann MORGAN (Con),Gail SHERIDAN (Sol),4,10
3328,Alistair WATSON (Lab),Matt KERR (Lab),Ian RUFFELL (Grn),skipped,skipped,skipped,skipped,skipped,skipped,skipped,4,10
3329,Alistair WATSON (Lab),Matt KERR (Lab),Ian RUFFELL (Grn),skipped,skipped,skipped,skipped,skipped,skipped,skipped,4,10
3330,Alistair WATSON (Lab),Matt KERR (Lab),Ian RUFFELL (Grn),skipped,skipped,skipped,skipped,skipped,skipped,skipped,4,10
3331,Alistair WATSON (Lab),Matt KERR (Lab),Ian RUFFELL (Grn),skipped,skipped,skipped,skipped,skipped,skipped,skipped,4,10
3332,Alistair WATSON (Lab),Matt KERR (Lab),Ian RUFFELL (Grn),skipped,skipped,skipped,skipped,skipped,skipped,skipped,4,10
3333,Alistair WATSON (Lab),Matt KERR (Lab),Ian RUFFELL (Grn),skipped,skipped,skipped,skipped,skipped,skipped,skipped,4,10
3334,Alistair WATSON (Lab),Matt KERR (Lab),Ian RUFFELL (Grn),skipped,skipped,skipped,skipped,skipped,skipped,skipped,4,10
3335,Alistair WATSON (Lab),Matt KERR (Lab),Ian RUFFELL (Grn),skipped,skipped,skipped,skipped,skipped,skipped,skipped,4,10
3336,Alistair WATSON (Lab),Matt KERR (Lab),Ian RUFFELL (Grn),skipped,skipped,skipped,skipped,skipped,skipped,skipped,4,10
3337,Alistair WATSON (Lab),Matt KERR (Lab),Ian RUFFELL (Grn),skipped,skipped,skipped,skipped,skipped,skipped,skipped,4,10
3338,Alistair WATSON (Lab),Matt KERR (Lab),Ian RUFFELL (Grn),skipped,skipped,skipped,skipped,skipped,skipped,skipped,4,10
3339,Alistair WATSON (Lab),Matt KERR (Lab),Ian RUFFELL (Grn),skipped,skipped,skipped,skipped,skipped,skipped,skipped,4,10
3340,Alistair WATSON (Lab),Matt KERR (Lab),Ian RUFFELL (Grn),skipped,skipped,skipped,skipped,skipped,skipped,skipped,4,10
3341,Alistair WATSON (Lab),Matt KERR (Lab),Ian RUFFELL (Grn),skipped,skipped,skipped,skipped,skipped,skipped,skipped,4,10
3342,Alistair WATSON (Lab),Matt KERR (Lab),Ian RUFFELL (Grn),skipped,skipped,skipped,skipped,skipped,skipped,skipped,4,10
3343,Alistair WATSON (Lab),Matt KERR (Lab),Ian RUFFELL (Grn),skipped,skipped,skipped,skipped,skipped,skipped,skipped,4,10
3344,Alistair WATSON (Lab),Matt KERR (Lab),Ian RUFFELL (Grn),skipped,skipped,skipped,skipped,skipped,skipped,skipped,4,10
3345,Alistair WATSON (Lab),Matt KERR (Lab),Ian RUFFELL (Grn),skipped,skipped,skipped,skipped,skipped,skipped,skipped,4,10
3346,Alistair WATSON (Lab),Matt KERR (Lab),Ian RUFFELL (Grn),skipped,skipped,skipped,skipped,skipped,skipped,skipped,4,10
3347,Alistair WATSON (Lab),Matt KERR (Lab),Ian RUFFELL (Grn),skipped,skipped,skipped,skipped,skipped,skipped,skipped,4,10
3348,Alistair WATSON (Lab),Matt KERR (Lab),Ian RUFFELL (Grn),skipped,skipped,skipped,skipped,skipped,skipped,skipped,4,10
3349,Alistair WATSON (Lab),Matt KERR (Lab),Ian RUFFELL (Grn),skipped,skipped,skipped,skipped,skipped,skipped,skipped,4,10
3350,Alistair WATSON (Lab),Matt KERR (Lab),Ian RUFFELL (Grn),skipped,skipped,skipped,skipped,skipped,skipped,skipped,4,10
3351,Alistair WATSON (Lab),Matt KERR (Lab),Ian RUFFELL (Grn),skipped,skipped,skipped,skipped,skipped,skipped,skipped,4,10
3352,Alistair WATSON (Lab),Matt KERR (Lab),Ian RUFFELL (Grn),skipped,skipped,skipped,skipped,skipped,skipped,skipped,4,10
3353,Alistair WATSON (Lab),Matt KERR (Lab),Ian RUFFELL (Grn),skipped,skipped,skipped,skipped,skipped,skipped,skipped,4,10
3354,Alistair WATSON (Lab),Matt KERR (Lab),Ian RUFFELL (Grn),skipped,skipped,skipped,skipped,skipped,skipped,skipped,4,10
3355,Alistair WATSON (Lab),Matt KERR (Lab),Ian RUFFELL (Grn),skipped,skipped,skipped,skipped,skipped,skipped,skipped,4,10
3356,Alistair WATSON (Lab),Matt KERR (Lab),Ian RUFFELL (Grn),skipped,skipped,skipped,skipped,skipped,skipped,skipped,4,10
3357,Alistair WATSON (Lab),Matt KERR (Lab),Ian RUFFELL (Grn),skipped,skipped,skipped,skipped,skipped,skipped,skipped,4,10
3358,Alistair WATSON (Lab),Matt KERR (Lab),Ian RUFFELL (Grn),skipped,skipped,skipped,skipped,skipped,skipped,skipped,4,10
3359,Alistair WATSON (Lab),Matt KERR (Lab),Ian RUFFELL (Grn),skipped,skipped,skipped,skipped,skipped,skipped,skipped,4,10
3360,Alistair WATSON (Lab),Matt KERR (Lab),Ian RUFFELL (Grn),skipped,skipped,skipped,skipped,skipped,skipped,skipped,4,10
3361,Alistair WATSON (Lab),Matt KERR (Lab),Ian RUFFELL (Grn),skipped,skipped,skipped,skipped,skipped,skipped,skipped,4,10
3362,Alistair WATSON (Lab),Matt KERR (Lab),Ian RUFFELL (Grn),skipped,skipped,skipped,skipped,skipped,skipped,skipped,4,10
3363,Alistair WATSON (Lab),Matt KERR (Lab),Ian RUFFELL (Grn),skipped,skipped,skipped,skipped,skipped,skipped,skipped,4,10
3364,Alistair WATSON (Lab),Matt KERR (Lab),Ian RUFFELL (Grn),skipped,skipped,skipped,skipped,skipped,skipped,skipped,4,10
3365,Alistair WATSON (Lab),Matt KERR (Lab),Ian RUFFELL (Grn),skipped,skipped,skipped,skipped,skipped,skipped,skipped,4,10
3366,Alistair WATSON (Lab),Matt KERR (Lab),Ian RUFFELL (Grn),skipped,skipped,skipped,skipped,skipped,skipped,skipped,4,10
3367,Alistair WATSON (Lab),Matt KERR (Lab),Ian RUFFELL (Grn),skipped,skipped,skipped,skipped,skipped,skipped,skipped,4,10
3368,Alistair WATSON (Lab),Matt KERR (Lab),Ian RUFFELL (Grn),skipped,skipped,skipped,skipped,skipped,skipped,skipped,4,10
3369,Alistair WATSON (Lab),Matt KERR (Lab),Ian RUFFELL (Grn),skipped,skipped,skipped,skipped,skipped,skipped,skipped,4,10
3370,Alistair WATSON (Lab),Matt KERR (Lab),Ian RUFFELL (Grn),skipped,skipped,skipped,skipped,skipped,skipped,skipped,4,10
3371,Alistair WATSON (Lab),Matt KERR (Lab),Ian RUFFELL (Grn),skipped,skipped,skipped,skipped,skipped,skipped,skipped,4,10
3372,Alistair WATSON (Lab),Matt KERR (Lab),Ian RUFFELL (Grn),skipped,skipped,skipped,skipped,skipped,skipped,skipped,4,10
3373,Alistair WATSON (Lab),Matt KERR (Lab),Ian RUFFELL (Grn),skipped,skipped,skipped,skipped,skipped,skipped,skipped,4,10
3374,Alistair WATSON (Lab),Matt KERR (Lab),Ian RUFFELL (Grn),skipped,skipped,skipped,skipped,skipped,skipped,skipped,4,10
3375,Alistair WATSON (Lab),Matt KERR (Lab),Ian RUFFELL (Grn),skipped,skipped,skipped,skipped,skipped,skipped,skipped,4,10
3376,Alistair WATSON (Lab),Matt KERR (Lab),Ian RUFFELL (Grn),skipped,skipped,skipped,skipped,skipped,skipped,skipped,4,10
3377,Alistair WATSON (Lab),Matt KERR (Lab),Ian RUFFELL (Grn),skipped,skipped,skipped,skipped,skipped,skipped,skipped,4,10
3378,Alistair WATSON (Lab),Matt KERR (Lab),Ian RUFFELL (Grn),skipped,skipped,skipped,skipped,skipped,skipped,skipped,4,10
3379,Alistair WATSON (Lab),Matt KERR (Lab),Ian RUFFELL (Grn),skipped,skipped,skipped,skipped,skipped,skipped,skipped,4,10
3380,Alistair WATSON (Lab),Matt KERR (Lab),Ian RUFFELL (Grn),skipped,skipped,skipped,skipped,skipped,skipped,skipped,4,10
3381,Alistair WATSON (Lab),Matt KERR (Lab),Ian RUFFELL (Grn),skipped,skipped,skipped,skipped,skipped,skipped,skipped,4,10
3382,Alistair WATSON (Lab),Matt KERR (Lab),Ian RUFFELL (Grn),skipped,skipped,skipped,skipped,skipped,skipped,skipped,4,10
3383,Alistair WATSON (Lab),Matt KERR (Lab),Ian RUFFELL (Grn),skipped,skipped,skipped,skipped,skipped,skipped,skipped,4,10
3384,Alistair WATSON (Lab),Matt KERR (Lab),Ian RUFFELL (Grn),skipped,skipped,skipped,skipped,skipped,skipped,skipped,4,10
3385,Alistair WATSON (Lab),Matt KERR (Lab),Ian RUFFELL (Grn),skipped,skipped,skipped,skipped,skipped,skipped,skipped,4,10
3386,Alistair WATSON (Lab),Matt KERR (Lab),Ian RUFFELL (Grn),skipped,skipped,skipped,skipped,skipped,skipped,skipped,4,10
3387,Alistair WATSON (Lab),Matt KERR (Lab),Ian RUFFELL (Grn),skipped,skipped,skipped,skipped,skipped,skipped,skipped,4,10
3388,Alistair WATSON (Lab),Matt KERR (Lab),Ian RUFFELL (Grn),skipped,skipped,skipped,skipped,skipped,skipped,skipped,4,10
3389,Alistair WATSON (Lab),Matt KERR (Lab),Ian RUFFELL (Grn),skipped,skipped,skipped,skipped,skipped,skipped,skipped,4,10
3390,Alistair WATSON (Lab),Matt KERR (Lab),Ian RUFFELL (Grn),skipped,skipped,skipped,skipped,skipped,skipped,skipped,4,10
3391,Alistair WATSON (Lab),Matt KERR (Lab),Ian RUFFELL (Grn),skipped,skipped,skipped,skipped,skipped,skipped,skipped,4,10
3392,Alistair WATSON (Lab),Matt KERR (Lab),Ian RUFFELL (Grn),skipped,skipped,skipped,skipped,skipped,skipped,skipped,4,10
3393,Alistair WATSON (Lab),Matt KERR (Lab),Ian RUFFELL (Grn),skipped,skipped,skipped,skipped,skipped,skipped,skipped,4,10
3394,Alistair WATSON (Lab),Matt KERR (Lab),Ian RUFFELL (Grn),skipped,skipped,skipped,skipped,skipped,skipped,skipped,4,10
3395,Alistair WATSON (Lab),Matt KERR (Lab),Ian RUFFELL (Grn),skipped,skipped,skipped,skipped,skipped,skipped,skipped,4,10
3396,Alistair WATSON (Lab),Matt KERR (Lab),Ian RUFFELL (Grn),Iris GIBSON (SNP),skipped,skipped,skipped,skipped,skipped,skipped,4,10
3397,Alistair WATSON (Lab),Matt KERR (Lab),Ian RUFFELL (Grn),Iris GIBSON (SNP),skipped,skipped,skipped,skipped,skipped,skipped,4,10
3398,Alistair WATSON (Lab),Matt KERR (Lab),Ian RUFFELL (Grn),Iris GIBSON (SNP),Jim TORRANCE (SNP),skipped,skipped,skipped,skipped,skipped,4,10
3399,Alistair WATSON (Lab),Matt KERR (Lab),Ian RUFFELL (Grn),Gordon MACDIARMID (Glasgow First),skipped,skipped,skipped,skipped,skipped,skipped,4,10
3400,Alistair WATSON (Lab),Matt KERR (Lab),Ian RUFFELL (Grn),Gordon MACDIARMID (Glasgow First),skipped,skipped,skipped,skipped,skipped,skipped,4,10
3401,Alistair WATSON (Lab),Matt KERR (Lab),Ian RUFFELL (Grn),Gordon MACDIARMID (Glasgow First),skipped,skipped,skipped,skipped,skipped,skipped,4,10
3402,Alistair WATSON (Lab),Matt KERR (Lab),Ian RUFFELL (Grn),Gordon MACDIARMID (Glasgow First),skipped,skipped,skipped,skipped,skipped,skipped,4,10
3403,Alistair WATSON (Lab),Matt KERR (Lab),Ian RUFFELL (Grn),Gordon MACDIARMID (Glasgow First),skipped,skipped,skipped,skipped,skipped,skipped,4,10
3404,Alistair WATSON (Lab),Matt KERR (Lab),Ian RUFFELL (Grn),Gordon MACDIARMID (Glasgow First),skipped,skipped,skipped,skipped,skipped,skipped,4,10
3405,Alistair WATSON (Lab),Matt KERR (Lab),Ian RUFFELL (Grn),Gordon MACDIARMID (Glasgow First),skipped,skipped,skipped,skipped,skipped,skipped,4,10
3406,Alistair WATSON (Lab),Matt KERR (Lab),Ian RUFFELL (Grn),Gordon MACDIARMID (Glasgow First),skipped,skipped,skipped,skipped,skipped,skipped,4,10
3407,Alistair WATSON (Lab),Matt KERR (Lab),Ian RUFFELL (Grn),Gordon MACDIARMID (Glasgow First),Janice MACKAY (UKIP),Jim TORRANCE (SNP),Iris GIBSON (SNP),Isabel NELSON (LD),Gail SHERIDAN (Sol),Jayne Ann MORGAN (Con),4,10
3408,Alistair WATSON (Lab),Matt KERR (Lab),Ian RUFFELL (Grn),Gordon MACDIARMID (Glasgow First),Gail SHERIDAN (Sol),skipped,skipped,skipped,skipped,skipped,4,10
3409,Alistair WATSON (Lab),Matt KERR (Lab),Ian RUFFELL (Grn),Gordon MACDIARMID (Glasgow First),Jim TORRANCE (SNP),skipped,skipped,skipped,skipped,skipped,4,10
3410,Alistair WATSON (Lab),Matt KERR (Lab),Ian RUFFELL (Grn),Gordon MACDIARMID (Glasgow First),Jim TORRANCE (SNP),Iris GIBSON (SNP),Isabel NELSON (LD),Janice MACKAY (UKIP),Gail SHERIDAN (Sol),Jayne Ann MORGAN (Con),4,10
3411,Alistair WATSON (Lab),Matt KERR (Lab),Ian RUFFELL (Grn),Janice MACKAY (UKIP),skipped,skipped,skipped,skipped,skipped,skipped,4,10
3412,Alistair WATSON (Lab),Matt KERR (Lab),Ian RUFFELL (Grn),Janice MACKAY (UKIP),skipped,skipped,skipped,skipped,skipped,skipped,4,10
3413,Alistair WATSON (Lab),Matt KERR (Lab),Ian RUFFELL (Grn),Janice MACKAY (UKIP),Gordon MACDIARMID (Glasgow First),Isabel NELSON (LD),Iris GIBSON (SNP),Jayne Ann MORGAN (Con),Jim TORRANCE (SNP),Gail SHERIDAN (Sol),4,10
3414,Alistair WATSON (Lab),Matt KERR (Lab),Ian RUFFELL (Grn),Jayne Ann MORGAN (Con),skipped,skipped,skipped,skipped,skipped,skipped,4,10
3415,Alistair WATSON (Lab),Matt KERR (Lab),Ian RUFFELL (Grn),Jayne Ann MORGAN (Con),Isabel NELSON (LD),Gordon MACDIARMID (Glasgow First),Gail SHERIDAN (Sol),Jim TORRANCE (SNP),Iris GIBSON (SNP),Janice MACKAY (UKIP),4,10
3416,Alistair WATSON (Lab),Matt KERR (Lab),Ian RUFFELL (Grn),Isabel NELSON (LD),skipped,skipped,skipped,skipped,skipped,skipped,4,10
3417,Alistair WATSON (Lab),Matt KERR (Lab),Ian RUFFELL (Grn),Isabel NELSON (LD),Gordon MACDIARMID (Glasgow First),Jayne Ann MORGAN (Con),Janice MACKAY (UKIP),Iris GIBSON (SNP),Jim TORRANCE (SNP),Gail SHERIDAN (Sol),4,10
3418,Alistair WATSON (Lab),Matt KERR (Lab),Ian RUFFELL (Grn),Isabel NELSON (LD),Jayne Ann MORGAN (Con),Gail SHERIDAN (Sol),Janice MACKAY (UKIP),Gordon MACDIARMID (Glasgow First),Iris GIBSON (SNP),Jim TORRANCE (SNP),4,10
3419,Alistair WATSON (Lab),Matt KERR (Lab),Ian RUFFELL (Grn),Isabel NELSON (LD),Jayne Ann MORGAN (Con),Jim TORRANCE (SNP),Iris GIBSON (SNP),Gordon MACDIARMID (Glasgow First),Janice MACKAY (UKIP),Gail SHERIDAN (Sol),4,10
3420,Alistair WATSON (Lab),Matt KERR (Lab),Ian RUFFELL (Grn),Isabel NELSON (LD),Jim TORRANCE (SNP),Iris GIBSON (SNP),Janice MACKAY (UKIP),Gordon MACDIARMID (Glasgow First),Gail SHERIDAN (Sol),Jayne Ann MORGAN (Con),4,10
3421,Alistair WATSON (Lab),Matt KERR (Lab),Ian RUFFELL (Grn),Gail SHERIDAN (Sol),skipped,skipped,skipped,skipped,skipped,skipped,4,10
3422,Alistair WATSON (Lab),Matt KERR (Lab),Ian RUFFELL (Grn),Gail SHERIDAN (Sol),skipped,skipped,skipped,skipped,skipped,skipped,4,10
3423,Alistair WATSON (Lab),Matt KERR (Lab),Ian RUFFELL (Grn),Gail SHERIDAN (Sol),skipped,skipped,skipped,skipped,skipped,skipped,4,10
3424,Alistair WATSON (Lab),Matt KERR (Lab),Ian RUFFELL (Grn),Gail SHERIDAN (Sol),skipped,skipped,skipped,skipped,skipped,skipped,4,10
3425,Alistair WATSON (Lab),Matt KERR (Lab),Ian RUFFELL (Grn),Gail SHERIDAN (Sol),skipped,skipped,skipped,skipped,skipped,skipped,4,10
3426,Alistair WATSON (Lab),Matt KERR (Lab),Ian RUFFELL (Grn),Gail SHERIDAN (Sol),skipped,skipped,skipped,skipped,skipped,skipped,4,10
3427,Alistair WATSON (Lab),Matt KERR (Lab),Ian RUFFELL (Grn),Gail SHERIDAN (Sol),skipped,skipped,skipped,skipped,skipped,skipped,4,10
3428,Alistair WATSON (Lab),Matt KERR (Lab),Ian RUFFELL (Grn),Gail SHERIDAN (Sol),skipped,skipped,skipped,skipped,skipped,skipped,4,10
3429,Alistair WATSON (Lab),Matt KERR (Lab),Ian RUFFELL (Grn),Gail SHERIDAN (Sol),skipped,skipped,skipped,skipped,skipped,skipped,4,10
3430,Alistair WATSON (Lab),Matt KERR (Lab),Ian RUFFELL (Grn),Gail SHERIDAN (Sol),Janice MACKAY (UKIP),Isabel NELSON (LD),skipped,skipped,skipped,skipped,4,10
3431,Alistair WATSON (Lab),Matt KERR (Lab),Ian RUFFELL (Grn),Jim TORRANCE (SNP),skipped,skipped,skipped,skipped,skipped,skipped,4,10
3432,Alistair WATSON (Lab),Matt KERR (Lab),Ian RUFFELL (Grn),Jim TORRANCE (SNP),skipped,skipped,skipped,skipped,skipped,skipped,4,10
3433,Alistair WATSON (Lab),Matt KERR (Lab),Gail SHERIDAN (Sol),skipped,skipped,skipped,skipped,skipped,skipped,skipped,4,10
3434,Alistair WATSON (Lab),Matt KERR (Lab),Gail SHERIDAN (Sol),skipped,skipped,skipped,skipped,skipped,skipped,skipped,4,10
3435,Alistair WATSON (Lab),Matt KERR (Lab),Gail SHERIDAN (Sol),skipped,skipped,skipped,skipped,skipped,skipped,skipped,4,10
3436,Alistair WATSON (Lab),Matt KERR (Lab),Gail SHERIDAN (Sol),skipped,skipped,skipped,skipped,skipped,skipped,skipped,4,10
3437,Alistair WATSON (Lab),Matt KERR (Lab),Gail SHERIDAN (Sol),skipped,skipped,skipped,skipped,skipped,skipped,skipped,4,10
3438,Alistair WATSON (Lab),Matt KERR (Lab),Gail SHERIDAN (Sol),skipped,skipped,skipped,skipped,skipped,skipped,skipped,4,10
3439,Alistair WATSON (Lab),Matt KERR (Lab),Gail SHERIDAN (Sol),skipped,skipped,skipped,skipped,skipped,skipped,skipped,4,10
3440,Alistair WATSON (Lab),Matt KERR (Lab),Gail SHERIDAN (Sol),skipped,skipped,skipped,skipped,skipped,skipped,skipped,4,10
3441,Alistair WATSON (Lab),Matt KERR (Lab),Gail SHERIDAN (Sol),skipped,skipped,skipped,skipped,skipped,skipped,skipped,4,10
3442,Alistair WATSON (Lab),Matt KERR (Lab),Gail SHERIDAN (Sol),skipped,skipped,skipped,skipped,skipped,skipped,skipped,4,10
3443,Alistair WATSON (Lab),Matt KERR (Lab),Gail SHERIDAN (Sol),skipped,skipped,skipped,skipped,skipped,skipped,skipped,4,10
3444,Alistair WATSON (Lab),Matt KERR (Lab),Gail SHERIDAN (Sol),skipped,skipped,skipped,skipped,skipped,skipped,skipped,4,10
3445,Alistair WATSON (Lab),Matt KERR (Lab),Gail SHERIDAN (Sol),skipped,skipped,skipped,skipped,skipped,skipped,skipped,4,10
3446,Alistair WATSON (Lab),Matt KERR (Lab),Gail SHERIDAN (Sol),skipped,skipped,skipped,skipped,skipped,skipped,skipped,4,10
3447,Alistair WATSON (Lab),Matt KERR (Lab),Gail SHERIDAN (Sol),skipped,skipped,skipped,skipped,skipped,skipped,skipped,4,10
3448,Alistair WATSON (Lab),Matt KERR (Lab),Gail SHERIDAN (Sol),skipped,skipped,skipped,skipped,skipped,skipped,skipped,4,10
3449,Alistair WATSON (Lab),Matt KERR (Lab),Gail SHERIDAN (Sol),skipped,skipped,skipped,skipped,skipped,skipped,skipped,4,10
3450,Alistair WATSON (Lab),Matt KERR (Lab),Gail SHERIDAN (Sol),skipped,skipped,skipped,skipped,skipped,skipped,skipped,4,10
3451,Alistair WATSON (Lab),Matt KERR (Lab),Gail SHERIDAN (Sol),skipped,skipped,skipped,skipped,skipped,skipped,skipped,4,10
3452,Alistair WATSON (Lab),Matt KERR (Lab),Gail SHERIDAN (Sol),skipped,skipped,skipped,skipped,skipped,skipped,skipped,4,10
3453,Alistair WATSON (Lab),Matt KERR (Lab),Gail SHERIDAN (Sol),skipped,skipped,skipped,skipped,skipped,skipped,skipped,4,10
3454,Alistair WATSON (Lab),Matt KERR (Lab),Gail SHERIDAN (Sol),skipped,skipped,skipped,skipped,skipped,skipped,skipped,4,10
3455,Alistair WATSON (Lab),Matt KERR (Lab),Gail SHERIDAN (Sol),skipped,skipped,skipped,skipped,skipped,skipped,skipped,4,10
3456,Alistair WATSON (Lab),Matt KERR (Lab),Gail SHERIDAN (Sol),skipped,skipped,skipped,skipped,skipped,skipped,skipped,4,10
3457,Alistair WATSON (Lab),Matt KERR (Lab),Gail SHERIDAN (Sol),skipped,skipped,skipped,skipped,skipped,skipped,skipped,4,10
3458,Alistair WATSON (Lab),Matt KERR (Lab),Gail SHERIDAN (Sol),skipped,skipped,skipped,skipped,skipped,skipped,skipped,4,10
3459,Alistair WATSON (Lab),Matt KERR (Lab),Gail SHERIDAN (Sol),skipped,skipped,skipped,skipped,skipped,skipped,skipped,4,10
3460,Alistair WATSON (Lab),Matt KERR (Lab),Gail SHERIDAN (Sol),skipped,skipped,skipped,skipped,skipped,skipped,skipped,4,10
3461,Alistair WATSON (Lab),Matt KERR (Lab),Gail SHERIDAN (Sol),skipped,skipped,skipped,skipped,skipped,skipped,skipped,4,10
3462,Alistair WATSON (Lab),Matt KERR (Lab),Gail SHERIDAN (Sol),skipped,skipped,skipped,skipped,skipped,skipped,skipped,4,10
3463,Alistair WATSON (Lab),Matt KERR (Lab),Gail SHERIDAN (Sol),skipped,skipped,skipped,skipped,skipped,skipped,skipped,4,10
3464,Alistair WATSON (Lab),Matt KERR (Lab),Gail SHERIDAN (Sol),skipped,skipped,skipped,skipped,skipped,skipped,skipped,4,10
3465,Alistair WATSON (Lab),Matt KERR (Lab),Gail SHERIDAN (Sol),skipped,skipped,skipped,skipped,skipped,skipped,skipped,4,10
3466,Alistair WATSON (Lab),Matt KERR (Lab),Gail SHERIDAN (Sol),skipped,skipped,skipped,skipped,skipped,skipped,skipped,4,10
3467,Alistair WATSON (Lab),Matt KERR (Lab),Gail SHERIDAN (Sol),skipped,skipped,skipped,skipped,skipped,skipped,skipped,4,10
3468,Alistair WATSON (Lab),Matt KERR (Lab),Gail SHERIDAN (Sol),skipped,skipped,skipped,skipped,skipped,skipped,skipped,4,10
3469,Alistair WATSON (Lab),Matt KERR (Lab),Gail SHERIDAN (Sol),skipped,skipped,skipped,skipped,skipped,skipped,skipped,4,10
3470,Alistair WATSON (Lab),Matt KERR (Lab),Gail SHERIDAN (Sol),skipped,skipped,skipped,skipped,skipped,skipped,skipped,4,10
3471,Alistair WATSON (Lab),Matt KERR (Lab),Gail SHERIDAN (Sol),skipped,skipped,skipped,skipped,skipped,skipped,skipped,4,10
3472,Alistair WATSON (Lab),Matt KERR (Lab),Gail SHERIDAN (Sol),skipped,skipped,skipped,skipped,skipped,skipped,skipped,4,10
3473,Alistair WATSON (Lab),Matt KERR (Lab),Gail SHERIDAN (Sol),skipped,skipped,skipped,skipped,skipped,skipped,skipped,4,10
3474,Alistair WATSON (Lab),Matt KERR (Lab),Gail SHERIDAN (Sol),skipped,skipped,skipped,skipped,skipped,skipped,skipped,4,10
3475,Alistair WATSON (Lab),Matt KERR (Lab),Gail SHERIDAN (Sol),skipped,skipped,skipped,skipped,skipped,skipped,skipped,4,10
3476,Alistair WATSON (Lab),Matt KERR (Lab),Gail SHERIDAN (Sol),skipped,skipped,skipped,skipped,skipped,skipped,skipped,4,10
3477,Alistair WATSON (Lab),Matt KERR (Lab),Gail SHERIDAN (Sol),skipped,skipped,skipped,skipped,skipped,skipped,skipped,4,10
3478,Alistair WATSON (Lab),Matt KERR (Lab),Gail SHERIDAN (Sol),skipped,skipped,skipped,skipped,skipped,skipped,skipped,4,10
3479,Alistair WATSON (Lab),Matt KERR (Lab),Gail SHERIDAN (Sol),skipped,skipped,skipped,skipped,skipped,skipped,skipped,4,10
3480,Alistair WATSON (Lab),Matt KERR (Lab),Gail SHERIDAN (Sol),skipped,skipped,skipped,skipped,skipped,skipped,skipped,4,10
3481,Alistair WATSON (Lab),Matt KERR (Lab),Gail SHERIDAN (Sol),skipped,skipped,skipped,skipped,skipped,skipped,skipped,4,10
3482,Alistair WATSON (Lab),Matt KERR (Lab),Gail SHERIDAN (Sol),skipped,skipped,skipped,skipped,skipped,skipped,skipped,4,10
3483,Alistair WATSON (Lab),Matt KERR (Lab),Gail SHERIDAN (Sol),skipped,skipped,skipped,skipped,skipped,skipped,skipped,4,10
3484,Alistair WATSON (Lab),Matt KERR (Lab),Gail SHERIDAN (Sol),skipped,skipped,skipped,skipped,skipped,skipped,skipped,4,10
3485,Alistair WATSON (Lab),Matt KERR (Lab),Gail SHERIDAN (Sol),skipped,skipped,skipped,skipped,skipped,skipped,skipped,4,10
3486,Alistair WATSON (Lab),Matt KERR (Lab),Gail SHERIDAN (Sol),skipped,skipped,skipped,skipped,skipped,skipped,skipped,4,10
3487,Alistair WATSON (Lab),Matt KERR (Lab),Gail SHERIDAN (Sol),skipped,skipped,skipped,skipped,skipped,skipped,skipped,4,10
3488,Alistair WATSON (Lab),Matt KERR (Lab),Gail SHERIDAN (Sol),skipped,skipped,skipped,skipped,skipped,skipped,skipped,4,10
3489,Alistair WATSON (Lab),Matt KERR (Lab),Gail SHERIDAN (Sol),skipped,skipped,skipped,skipped,skipped,skipped,skipped,4,10
3490,Alistair WATSON (Lab),Matt KERR (Lab),Gail SHERIDAN (Sol),skipped,skipped,skipped,skipped,skipped,skipped,skipped,4,10
3491,Alistair WATSON (Lab),Matt KERR (Lab),Gail SHERIDAN (Sol),skipped,skipped,skipped,skipped,skipped,skipped,skipped,4,10
3492,Alistair WATSON (Lab),Matt KERR (Lab),Gail SHERIDAN (Sol),skipped,skipped,skipped,skipped,skipped,skipped,skipped,4,10
3493,Alistair WATSON (Lab),Matt KERR (Lab),Gail SHERIDAN (Sol),skipped,skipped,skipped,skipped,skipped,skipped,skipped,4,10
3494,Alistair WATSON (Lab),Matt KERR (Lab),Gail SHERIDAN (Sol),skipped,skipped,skipped,skipped,skipped,skipped,skipped,4,10
3495,Alistair WATSON (Lab),Matt KERR (Lab),Gail SHERIDAN (Sol),skipped,skipped,skipped,skipped,skipped,skipped,skipped,4,10
3496,Alistair WATSON (Lab),Matt KERR (Lab),Gail SHERIDAN (Sol),skipped,skipped,skipped,skipped,skipped,skipped,skipped,4,10
3497,Alistair WATSON (Lab),Matt KERR (Lab),Gail SHERIDAN (Sol),skipped,skipped,skipped,skipped,skipped,skipped,skipped,4,10
3498,Alistair WATSON (Lab),Matt KERR (Lab),Gail SHERIDAN (Sol),skipped,skipped,skipped,skipped,skipped,skipped,skipped,4,10
3499,Alistair WATSON (Lab),Matt KERR (Lab),Gail SHERIDAN (Sol),skipped,skipped,skipped,skipped,skipped,skipped,skipped,4,10
3500,Alistair WATSON (Lab),Matt KERR (Lab),Gail SHERIDAN (Sol),skipped,skipped,skipped,skipped,skipped,skipped,skipped,4,10
3501,Alistair WATSON (Lab),Matt KERR (Lab),Gail SHERIDAN (Sol),skipped,skipped,skipped,skipped,skipped,skipped,skipped,4,10
3502,Alistair WATSON (Lab),Matt KERR (Lab),Gail SHERIDAN (Sol),skipped,skipped,skipped,skipped,skipped,skipped,skipped,4,10
3503,Alistair WATSON (Lab),Matt KERR (Lab),Gail SHERIDAN (Sol),skipped,skipped,skipped,skipped,skipped,skipped,skipped,4,10
3504,Alistair WATSON (Lab),Matt KERR (Lab),Gail SHERIDAN (Sol),skipped,skipped,skipped,skipped,skipped,skipped,skipped,4,10
3505,Alistair WATSON (Lab),Matt KERR (Lab),Gail SHERIDAN (Sol),skipped,skipped,skipped,skipped,skipped,skipped,skipped,4,10
3506,Alistair WATSON (Lab),Matt KERR (Lab),Gail SHERIDAN (Sol),skipped,skipped,skipped,skipped,skipped,skipped,skipped,4,10
3507,Alistair WATSON (Lab),Matt KERR (Lab),Gail SHERIDAN (Sol),skipped,skipped,skipped,skipped,skipped,skipped,skipped,4,10
3508,Alistair WATSON (Lab),Matt KERR (Lab),Gail SHERIDAN (Sol),skipped,skipped,skipped,skipped,skipped,skipped,skipped,4,10
3509,Alistair WATSON (Lab),Matt KERR (Lab),Gail SHERIDAN (Sol),skipped,skipped,skipped,skipped,skipped,skipped,skipped,4,10
3510,Alistair WATSON (Lab),Matt KERR (Lab),Gail SHERIDAN (Sol),skipped,skipped,skipped,skipped,skipped,skipped,skipped,4,10
3511,Alistair WATSON (Lab),Matt KERR (Lab),Gail SHERIDAN (Sol),skipped,skipped,skipped,skipped,skipped,skipped,skipped,4,10
3512,Alistair WATSON (Lab),Matt KERR (Lab),Gail SHERIDAN (Sol),skipped,skipped,skipped,skipped,skipped,skipped,skipped,4,10
3513,Alistair WATSON (Lab),Matt KERR (Lab),Gail SHERIDAN (Sol),skipped,skipped,skipped,skipped,skipped,skipped,skipped,4,10
3514,Alistair WATSON (Lab),Matt KERR (Lab),Gail SHERIDAN (Sol),skipped,skipped,skipped,skipped,skipped,skipped,skipped,4,10
3515,Alistair WATSON (Lab),Matt KERR (Lab),Gail SHERIDAN (Sol),skipped,skipped,skipped,skipped,skipped,skipped,skipped,4,10
3516,Alistair WATSON (Lab),Matt KERR (Lab),Gail SHERIDAN (Sol),skipped,skipped,skipped,skipped,skipped,skipped,skipped,4,10
3517,Alistair WATSON (Lab),Matt KERR (Lab),Gail SHERIDAN (Sol),skipped,skipped,skipped,skipped,skipped,skipped,skipped,4,10
3518,Alistair WATSON (Lab),Matt KERR (Lab),Gail SHERIDAN (Sol),skipped,skipped,skipped,skipped,skipped,skipped,skipped,4,10
3519,Alistair WATSON (Lab),Matt KERR (Lab),Gail SHERIDAN (Sol),skipped,skipped,skipped,skipped,skipped,skipped,skipped,4,10
3520,Alistair WATSON (Lab),Matt KERR (Lab),Gail SHERIDAN (Sol),skipped,skipped,skipped,skipped,skipped,skipped,skipped,4,10
3521,Alistair WATSON (Lab),Matt KERR (Lab),Gail SHERIDAN (Sol),skipped,skipped,skipped,skipped,skipped,skipped,skipped,4,10
3522,Alistair WATSON (Lab),Matt KERR (Lab),Gail SHERIDAN (Sol),skipped,skipped,skipped,skipped,skipped,skipped,skipped,4,10
3523,Alistair WATSON (Lab),Matt KERR (Lab),Gail SHERIDAN (Sol),skipped,skipped,skipped,skipped,skipped,skipped,skipped,4,10
3524,Alistair WATSON (Lab),Matt KERR (Lab),Gail SHERIDAN (Sol),skipped,skipped,skipped,skipped,skipped,skipped,skipped,4,10
3525,Alistair WATSON (Lab),Matt KERR (Lab),Gail SHERIDAN (Sol),skipped,skipped,skipped,skipped,skipped,skipped,skipped,4,10
3526,Alistair WATSON (Lab),Matt KERR (Lab),Gail SHERIDAN (Sol),skipped,skipped,skipped,skipped,skipped,skipped,skipped,4,10
3527,Alistair WATSON (Lab),Matt KERR (Lab),Gail SHERIDAN (Sol),skipped,skipped,skipped,skipped,skipped,skipped,skipped,4,10
3528,Alistair WATSON (Lab),Matt KERR (Lab),Gail SHERIDAN (Sol),skipped,skipped,skipped,skipped,skipped,skipped,skipped,4,10
3529,Alistair WATSON (Lab),Matt KERR (Lab),Gail SHERIDAN (Sol),skipped,skipped,skipped,skipped,skipped,skipped,skipped,4,10
3530,Alistair WATSON (Lab),Matt KERR (Lab),Gail SHERIDAN (Sol),skipped,skipped,skipped,skipped,skipped,skipped,skipped,4,10
3531,Alistair WATSON (Lab),Matt KERR (Lab),Gail SHERIDAN (Sol),skipped,skipped,skipped,skipped,skipped,skipped,skipped,4,10
3532,Alistair WATSON (Lab),Matt KERR (Lab),Gail SHERIDAN (Sol),skipped,skipped,skipped,skipped,skipped,skipped,skipped,4,10
3533,Alistair WATSON (Lab),Matt KERR (Lab),Gail SHERIDAN (Sol),skipped,skipped,skipped,skipped,skipped,skipped,skipped,4,10
3534,Alistair WATSON (Lab),Matt KERR (Lab),Gail SHERIDAN (Sol),skipped,skipped,skipped,skipped,skipped,skipped,skipped,4,10
3535,Alistair WATSON (Lab),Matt KERR (Lab),Gail SHERIDAN (Sol),skipped,skipped,skipped,skipped,skipped,skipped,skipped,4,10
3536,Alistair WATSON (Lab),Matt KERR (Lab),Gail SHERIDAN (Sol),skipped,skipped,skipped,skipped,skipped,skipped,skipped,4,10
3537,Alistair WATSON (Lab),Matt KERR (Lab),Gail SHERIDAN (Sol),skipped,skipped,skipped,skipped,skipped,skipped,skipped,4,10
3538,Alistair WATSON (Lab),Matt KERR (Lab),Gail SHERIDAN (Sol),skipped,skipped,skipped,skipped,skipped,skipped,skipped,4,10
3539,Alistair WATSON (Lab),Matt KERR (Lab),Gail SHERIDAN (Sol),skipped,skipped,skipped,skipped,skipped,skipped,skipped,4,10
3540,Alistair WATSON (Lab),Matt KERR (Lab),Gail SHERIDAN (Sol),skipped,skipped,skipped,skipped,skipped,skipped,skipped,4,10
3541,Alistair WATSON (Lab),Matt KERR (Lab),Gail SHERIDAN (Sol),skipped,skipped,skipped,skipped,skipped,skipped,skipped,4,10
3542,Alistair WATSON (Lab),Matt KERR (Lab),Gail SHERIDAN (Sol),skipped,skipped,skipped,skipped,skipped,skipped,skipped,4,10
3543,Alistair WATSON (Lab),Matt KERR (Lab),Gail SHERIDAN (Sol),skipped,skipped,skipped,skipped,skipped,skipped,skipped,4,10
3544,Alistair WATSON (Lab),Matt KERR (Lab),Gail SHERIDAN (Sol),skipped,skipped,skipped,skipped,skipped,skipped,skipped,4,10
3545,Alistair WATSON (Lab),Matt KERR (Lab),Gail SHERIDAN (Sol),skipped,skipped,skipped,skipped,skipped,skipped,skipped,4,10
3546,Alistair WATSON (Lab),Matt KERR (Lab),Gail SHERIDAN (Sol),skipped,skipped,skipped,skipped,skipped,skipped,skipped,4,10
3547,Alistair WATSON (Lab),Matt KERR (Lab),Gail SHERIDAN (Sol),skipped,skipped,skipped,skipped,skipped,skipped,skipped,4,10
3548,Alistair WATSON (Lab),Matt KERR (Lab),Gail SHERIDAN (Sol),skipped,skipped,skipped,skipped,skipped,skipped,skipped,4,10
3549,Alistair WATSON (Lab),Matt KERR (Lab),Gail SHERIDAN (Sol),skipped,skipped,skipped,skipped,skipped,skipped,skipped,4,10
3550,Alistair WATSON (Lab),Matt KERR (Lab),Gail SHERIDAN (Sol),skipped,skipped,skipped,skipped,skipped,skipped,skipped,4,10
3551,Alistair WATSON (Lab),Matt KERR (Lab),Gail SHERIDAN (Sol),skipped,skipped,skipped,skipped,skipped,skipped,skipped,4,10
3552,Alistair WATSON (Lab),Matt KERR (Lab),Gail SHERIDAN (Sol),skipped,skipped,skipped,skipped,skipped,skipped,skipped,4,10
3553,Alistair WATSON (Lab),Matt KERR (Lab),Gail SHERIDAN (Sol),skipped,skipped,skipped,skipped,skipped,skipped,skipped,4,10
3554,Alistair WATSON (Lab),Matt KERR (Lab),Gail SHERIDAN (Sol),skipped,skipped,skipped,skipped,skipped,skipped,skipped,4,10
3555,Alistair WATSON (Lab),Matt KERR (Lab),Gail SHERIDAN (Sol),skipped,skipped,skipped,skipped,skipped,skipped,skipped,4,10
3556,Alistair WATSON (Lab),Matt KERR (Lab),Gail SHERIDAN (Sol),skipped,skipped,skipped,skipped,skipped,skipped,skipped,4,10
3557,Alistair WATSON (Lab),Matt KERR (Lab),Gail SHERIDAN (Sol),skipped,skipped,skipped,skipped,skipped,skipped,skipped,4,10
3558,Alistair WATSON (Lab),Matt KERR (Lab),Gail SHERIDAN (Sol),skipped,skipped,skipped,skipped,skipped,skipped,skipped,4,10
3559,Alistair WATSON (Lab),Matt KERR (Lab),Gail SHERIDAN (Sol),skipped,skipped,skipped,skipped,skipped,skipped,skipped,4,10
3560,Alistair WATSON (Lab),Matt KERR (Lab),Gail SHERIDAN (Sol),skipped,skipped,skipped,skipped,skipped,skipped,skipped,4,10
3561,Alistair WATSON (Lab),Matt KERR (Lab),Gail SHERIDAN (Sol),skipped,skipped,skipped,skipped,skipped,skipped,skipped,4,10
3562,Alistair WATSON (Lab),Matt KERR (Lab),Gail SHERIDAN (Sol),skipped,skipped,skipped,skipped,skipped,skipped,skipped,4,10
3563,Alistair WATSON (Lab),Matt KERR (Lab),Gail SHERIDAN (Sol),skipped,skipped,skipped,skipped,skipped,skipped,skipped,4,10
3564,Alistair WATSON (Lab),Matt KERR (Lab),Gail SHERIDAN (Sol),skipped,skipped,skipped,skipped,skipped,skipped,skipped,4,10
3565,Alistair WATSON (Lab),Matt KERR (Lab),Gail SHERIDAN (Sol),skipped,skipped,skipped,skipped,skipped,skipped,skipped,4,10
3566,Alistair WATSON (Lab),Matt KERR (Lab),Gail SHERIDAN (Sol),skipped,skipped,skipped,skipped,skipped,skipped,skipped,4,10
3567,Alistair WATSON (Lab),Matt KERR (Lab),Gail SHERIDAN (Sol),skipped,skipped,skipped,skipped,skipped,skipped,skipped,4,10
3568,Alistair WATSON (Lab),Matt KERR (Lab),Gail SHERIDAN (Sol),skipped,skipped,skipped,skipped,skipped,skipped,skipped,4,10
3569,Alistair WATSON (Lab),Matt KERR (Lab),Gail SHERIDAN (Sol),skipped,skipped,skipped,skipped,skipped,skipped,skipped,4,10
3570,Alistair WATSON (Lab),Matt KERR (Lab),Gail SHERIDAN (Sol),skipped,skipped,skipped,skipped,skipped,skipped,skipped,4,10
3571,Alistair WATSON (Lab),Matt KERR (Lab),Gail SHERIDAN (Sol),skipped,skipped,skipped,skipped,skipped,skipped,skipped,4,10
3572,Alistair WATSON (Lab),Matt KERR (Lab),Gail SHERIDAN (Sol),skipped,skipped,skipped,skipped,skipped,skipped,skipped,4,10
3573,Alistair WATSON (Lab),Matt KERR (Lab),Gail SHERIDAN (Sol),skipped,skipped,skipped,skipped,skipped,skipped,skipped,4,10
3574,Alistair WATSON (Lab),Matt KERR (Lab),Gail SHERIDAN (Sol),skipped,skipped,skipped,skipped,skipped,skipped,skipped,4,10
3575,Alistair WATSON (Lab),Matt KERR (Lab),Gail SHERIDAN (Sol),skipped,skipped,skipped,skipped,skipped,skipped,skipped,4,10
3576,Alistair WATSON (Lab),Matt KERR (Lab),Gail SHERIDAN (Sol),skipped,skipped,skipped,skipped,skipped,skipped,skipped,4,10
3577,Alistair WATSON (Lab),Matt KERR (Lab),Gail SHERIDAN (Sol),skipped,skipped,skipped,skipped,skipped,skipped,skipped,4,10
3578,Alistair WATSON (Lab),Matt KERR (Lab),Gail SHERIDAN (Sol),skipped,skipped,skipped,skipped,skipped,skipped,skipped,4,10
3579,Alistair WATSON (Lab),Matt KERR (Lab),Gail SHERIDAN (Sol),skipped,skipped,skipped,skipped,skipped,skipped,skipped,4,10
3580,Alistair WATSON (Lab),Matt KERR (Lab),Gail SHERIDAN (Sol),skipped,skipped,skipped,skipped,skipped,skipped,skipped,4,10
3581,Alistair WATSON (Lab),Matt KERR (Lab),Gail SHERIDAN (Sol),skipped,skipped,skipped,skipped,skipped,skipped,skipped,4,10
3582,Alistair WATSON (Lab),Matt KERR (Lab),Gail SHERIDAN (Sol),skipped,skipped,skipped,skipped,skipped,skipped,skipped,4,10
3583,Alistair WATSON (Lab),Matt KERR (Lab),Gail SHERIDAN (Sol),skipped,skipped,skipped,skipped,skipped,skipped,skipped,4,10
3584,Alistair WATSON (Lab),Matt KERR (Lab),Gail SHERIDAN (Sol),Iris GIBSON (SNP),skipped,skipped,skipped,skipped,skipped,skipped,4,10
3585,Alistair WATSON (Lab),Matt KERR (Lab),Gail SHERIDAN (Sol),Iris GIBSON (SNP),skipped,skipped,skipped,skipped,skipped,skipped,4,10
3586,Alistair WATSON (Lab),Matt KERR (Lab),Gail SHERIDAN (Sol),Iris GIBSON (SNP),skipped,skipped,skipped,skipped,skipped,skipped,4,10
3587,Alistair WATSON (Lab),Matt KERR (Lab),Gail SHERIDAN (Sol),Iris GIBSON (SNP),skipped,skipped,skipped,skipped,skipped,skipped,4,10
3588,Alistair WATSON (Lab),Matt KERR (Lab),Gail SHERIDAN (Sol),Iris GIBSON (SNP),skipped,skipped,skipped,skipped,skipped,skipped,4,10
3589,Alistair WATSON (Lab),Matt KERR (Lab),Gail SHERIDAN (Sol),Gordon MACDIARMID (Glasgow First),skipped,skipped,skipped,skipped,skipped,skipped,4,10
3590,Alistair WATSON (Lab),Matt KERR (Lab),Gail SHERIDAN (Sol),Gordon MACDIARMID (Glasgow First),skipped,skipped,skipped,skipped,skipped,skipped,4,10
3591,Alistair WATSON (Lab),Matt KERR (Lab),Gail SHERIDAN (Sol),Gordon MACDIARMID (Glasgow First),skipped,skipped,skipped,skipped,skipped,skipped,4,10
3592,Alistair WATSON (Lab),Matt KERR (Lab),Gail SHERIDAN (Sol),Gordon MACDIARMID (Glasgow First),skipped,skipped,skipped,skipped,skipped,skipped,4,10
3593,Alistair WATSON (Lab),Matt KERR (Lab),Gail SHERIDAN (Sol),Gordon MACDIARMID (Glasgow First),skipped,skipped,skipped,skipped,skipped,skipped,4,10
3594,Alistair WATSON (Lab),Matt KERR (Lab),Gail SHERIDAN (Sol),Gordon MACDIARMID (Glasgow First),skipped,skipped,skipped,skipped,skipped,skipped,4,10
3595,Alistair WATSON (Lab),Matt KERR (Lab),Gail SHERIDAN (Sol),Gordon MACDIARMID (Glasgow First),skipped,skipped,skipped,skipped,skipped,skipped,4,10
3596,Alistair WATSON (Lab),Matt KERR (Lab),Gail SHERIDAN (Sol),Gordon MACDIARMID (Glasgow First),skipped,skipped,skipped,skipped,skipped,skipped,4,10
3597,Alistair WATSON (Lab),Matt KERR (Lab),Gail SHERIDAN (Sol),Gordon MACDIARMID (Glasgow First),skipped,skipped,skipped,skipped,skipped,skipped,4,10
3598,Alistair WATSON (Lab),Matt KERR (Lab),Gail SHERIDAN (Sol),Gordon MACDIARMID (Glasgow First),Iris GIBSON (SNP),Janice MACKAY (UKIP),skipped,skipped,skipped,skipped,4,10
3599,Alistair WATSON (Lab),Matt KERR (Lab),Gail SHERIDAN (Sol),Gordon MACDIARMID (Glasgow First),Jim TORRANCE (SNP),Iris GIBSON (SNP),Ian RUFFELL (Grn),Isabel NELSON (LD),Jayne Ann MORGAN (Con),skipped,4,10
3600,Alistair WATSON (Lab),Matt KERR (Lab),Gail SHERIDAN (Sol),Janice MACKAY (UKIP),skipped,skipped,skipped,skipped,skipped,skipped,4,10
3601,Alistair WATSON (Lab),Matt KERR (Lab),Gail SHERIDAN (Sol),Janice MACKAY (UKIP),skipped,skipped,skipped,skipped,skipped,skipped,4,10
3602,Alistair WATSON (Lab),Matt KERR (Lab),Gail SHERIDAN (Sol),Janice MACKAY (UKIP),Ian RUFFELL (Grn),skipped,skipped,skipped,skipped,skipped,4,10
3603,Alistair WATSON (Lab),Matt KERR (Lab),Gail SHERIDAN (Sol),Jayne Ann MORGAN (Con),skipped,skipped,skipped,skipped,skipped,skipped,4,10
3604,Alistair WATSON (Lab),Matt KERR (Lab),Gail SHERIDAN (Sol),Jayne Ann MORGAN (Con),Gordon MACDIARMID (Glasgow First),Ian RUFFELL (Grn),Isabel NELSON (LD),Janice MACKAY (UKIP),Iris GIBSON (SNP),Jim TORRANCE (SNP),4,10
3605,Alistair WATSON (Lab),Matt KERR (Lab),Gail SHERIDAN (Sol),Jayne Ann MORGAN (Con),Isabel NELSON (LD),skipped,skipped,skipped,skipped,skipped,4,10
3606,Alistair WATSON (Lab),Matt KERR (Lab),Gail SHERIDAN (Sol),Isabel NELSON (LD),skipped,skipped,skipped,skipped,skipped,skipped,4,10
3607,Alistair WATSON (Lab),Matt KERR (Lab),Gail SHERIDAN (Sol),Isabel NELSON (LD),Ian RUFFELL (Grn),Gordon MACDIARMID (Glasgow First),skipped,skipped,skipped,skipped,4,10
3608,Alistair WATSON (Lab),Matt KERR (Lab),Gail SHERIDAN (Sol),Isabel NELSON (LD),Ian RUFFELL (Grn),Jim TORRANCE (SNP),Iris GIBSON (SNP),Gordon MACDIARMID (Glasgow First),Janice MACKAY (UKIP),Jayne Ann MORGAN (Con),4,10
3609,Alistair WATSON (Lab),Matt KERR (Lab),Gail SHERIDAN (Sol),Isabel NELSON (LD),Jim TORRANCE (SNP),Iris GIBSON (SNP),Jayne Ann MORGAN (Con),Gordon MACDIARMID (Glasgow First),Ian RUFFELL (Grn),Janice MACKAY (UKIP),4,10
3610,Alistair WATSON (Lab),Matt KERR (Lab),Gail SHERIDAN (Sol),Ian RUFFELL (Grn),skipped,skipped,skipped,skipped,skipped,skipped,4,10
3611,Alistair WATSON (Lab),Matt KERR (Lab),Gail SHERIDAN (Sol),Ian RUFFELL (Grn),skipped,skipped,skipped,skipped,skipped,skipped,4,10
3612,Alistair WATSON (Lab),Matt KERR (Lab),Gail SHERIDAN (Sol),Ian RUFFELL (Grn),skipped,skipped,skipped,skipped,skipped,skipped,4,10
3613,Alistair WATSON (Lab),Matt KERR (Lab),Gail SHERIDAN (Sol),Ian RUFFELL (Grn),skipped,skipped,skipped,skipped,skipped,skipped,4,10
3614,Alistair WATSON (Lab),Matt KERR (Lab),Gail SHERIDAN (Sol),Ian RUFFELL (Grn),skipped,skipped,skipped,skipped,skipped,skipped,4,10
3615,Alistair WATSON (Lab),Matt KERR (Lab),Gail SHERIDAN (Sol),Ian RUFFELL (Grn),skipped,skipped,skipped,skipped,skipped,skipped,4,10
3616,Alistair WATSON (Lab),Matt KERR (Lab),Gail SHERIDAN (Sol),Ian RUFFELL (Grn),skipped,skipped,skipped,skipped,skipped,skipped,4,10
3617,Alistair WATSON (Lab),Matt KERR (Lab),Gail SHERIDAN (Sol),Ian RUFFELL (Grn),skipped,skipped,skipped,skipped,skipped,skipped,4,10
3618,Alistair WATSON (Lab),Matt KERR (Lab),Gail SHERIDAN (Sol),Ian RUFFELL (Grn),skipped,skipped,skipped,skipped,skipped,skipped,4,10
3619,Alistair WATSON (Lab),Matt KERR (Lab),Gail SHERIDAN (Sol),Ian RUFFELL (Grn),skipped,skipped,skipped,skipped,skipped,skipped,4,10
3620,Alistair WATSON (Lab),Matt KERR (Lab),Gail SHERIDAN (Sol),Ian RUFFELL (Grn),skipped,skipped,skipped,skipped,skipped,skipped,4,10
3621,Alistair WATSON (Lab),Matt KERR (Lab),Gail SHERIDAN (Sol),Ian RUFFELL (Grn),Gordon MACDIARMID (Glasgow First),Janice MACKAY (UKIP),Iris GIBSON (SNP),Jim TORRANCE (SNP),Isabel NELSON (LD),Jayne Ann MORGAN (Con),4,10
3622,Alistair WATSON (Lab),Matt KERR (Lab),Gail SHERIDAN (Sol),Ian RUFFELL (Grn),Gordon MACDIARMID (Glasgow First),Janice MACKAY (UKIP),Isabel NELSON (LD),Iris GIBSON (SNP),Jim TORRANCE (SNP),Jayne Ann MORGAN (Con),4,10
3623,Alistair WATSON (Lab),Matt KERR (Lab),Gail SHERIDAN (Sol),Ian RUFFELL (Grn),Gordon MACDIARMID (Glasgow First),Isabel NELSON (LD),Iris GIBSON (SNP),Jim TORRANCE (SNP),Jayne Ann MORGAN (Con),Janice MACKAY (UKIP),4,10
3624,Alistair WATSON (Lab),Matt KERR (Lab),Gail SHERIDAN (Sol),Ian RUFFELL (Grn),Gordon MACDIARMID (Glasgow First),Isabel NELSON (LD),Janice MACKAY (UKIP),Iris GIBSON (SNP),Jim TORRANCE (SNP),Jayne Ann MORGAN (Con),4,10
3625,Alistair WATSON (Lab),Matt KERR (Lab),Gail SHERIDAN (Sol),Ian RUFFELL (Grn),Janice MACKAY (UKIP),Gordon MACDIARMID (Glasgow First),skipped,skipped,skipped,skipped,4,10
3626,Alistair WATSON (Lab),Matt KERR (Lab),Gail SHERIDAN (Sol),Ian RUFFELL (Grn),Janice MACKAY (UKIP),Gordon MACDIARMID (Glasgow First),Iris GIBSON (SNP),Jayne Ann MORGAN (Con),Isabel NELSON (LD),Jim TORRANCE (SNP),4,10
3627,Alistair WATSON (Lab),Matt KERR (Lab),Gail SHERIDAN (Sol),Ian RUFFELL (Grn),Janice MACKAY (UKIP),Gordon MACDIARMID (Glasgow First),Iris GIBSON (SNP),Jayne Ann MORGAN (Con),Isabel NELSON (LD),Jim TORRANCE (SNP),4,10
3628,Alistair WATSON (Lab),Matt KERR (Lab),Gail SHERIDAN (Sol),Ian RUFFELL (Grn),Isabel NELSON (LD),skipped,skipped,skipped,skipped,skipped,4,10
3629,Alistair WATSON (Lab),Matt KERR (Lab),Gail SHERIDAN (Sol),Ian RUFFELL (Grn),Isabel NELSON (LD),skipped,skipped,skipped,skipped,skipped,4,10
3630,Alistair WATSON (Lab),Matt KERR (Lab),Gail SHERIDAN (Sol),Jim TORRANCE (SNP),skipped,skipped,skipped,skipped,skipped,skipped,4,10
3631,Alistair WATSON (Lab),Matt KERR (Lab),Gail SHERIDAN (Sol),Jim TORRANCE (SNP),skipped,skipped,skipped,skipped,skipped,skipped,4,10
3632,Alistair WATSON (Lab),Matt KERR (Lab),Gail SHERIDAN (Sol),Jim TORRANCE (SNP),skipped,skipped,skipped,skipped,skipped,skipped,4,10
3633,Alistair WATSON (Lab),Matt KERR (Lab),Gail SHERIDAN (Sol),Jim TORRANCE (SNP),skipped,skipped,skipped,skipped,skipped,skipped,4,10
3634,Alistair WATSON (Lab),Matt KERR (Lab),Gail SHERIDAN (Sol),Jim TORRANCE (SNP),Iris GIBSON (SNP),skipped,skipped,skipped,skipped,skipped,4,10
3635,Alistair WATSON (Lab),Matt KERR (Lab),Gail SHERIDAN (Sol),Jim TORRANCE (SNP),Iris GIBSON (SNP),skipped,skipped,skipped,skipped,skipped,4,10
3636,Alistair WATSON (Lab),Matt KERR (Lab),Gail SHERIDAN (Sol),Jim TORRANCE (SNP),Iris GIBSON (SNP),Gordon MACDIARMID (Glasgow First),Jayne Ann MORGAN (Con),Janice MACKAY (UKIP),Isabel NELSON (LD),Ian RUFFELL (Grn),4,10
3637,Alistair WATSON (Lab),Matt KERR (Lab),Gail SHERIDAN (Sol),Jim TORRANCE (SNP),Iris GIBSON (SNP),Gordon MACDIARMID (Glasgow First),Isabel NELSON (LD),Ian RUFFELL (Grn),Janice MACKAY (UKIP),Jayne Ann MORGAN (Con),4,10
3638,Alistair WATSON (Lab),Matt KERR (Lab),Gail SHERIDAN (Sol),Jim TORRANCE (SNP),Iris GIBSON (SNP),Gordon MACDIARMID (Glasgow First),Ian RUFFELL (Grn),Janice MACKAY (UKIP),Jayne Ann MORGAN (Con),Isabel NELSON (LD),4,10
3639,Alistair WATSON (Lab),Matt KERR (Lab),Gail SHERIDAN (Sol),Jim TORRANCE (SNP),Iris GIBSON (SNP),Jayne Ann MORGAN (Con),skipped,skipped,skipped,skipped,4,10
3640,Alistair WATSON (Lab),Matt KERR (Lab),Gail SHERIDAN (Sol),Jim TORRANCE (SNP),Iris GIBSON (SNP),Isabel NELSON (LD),skipped,skipped,skipped,skipped,4,10
3641,Alistair WATSON (Lab),Matt KERR (Lab),Jim TORRANCE (SNP),skipped,skipped,skipped,skipped,skipped,skipped,skipped,4,10
3642,Alistair WATSON (Lab),Matt KERR (Lab),Jim TORRANCE (SNP),skipped,skipped,skipped,skipped,skipped,skipped,skipped,4,10
3643,Alistair WATSON (Lab),Matt KERR (Lab),Jim TORRANCE (SNP),skipped,skipped,skipped,skipped,skipped,skipped,skipped,4,10
3644,Alistair WATSON (Lab),Matt KERR (Lab),Jim TORRANCE (SNP),skipped,skipped,skipped,skipped,skipped,skipped,skipped,4,10
3645,Alistair WATSON (Lab),Matt KERR (Lab),Jim TORRANCE (SNP),skipped,skipped,skipped,skipped,skipped,skipped,skipped,4,10
3646,Alistair WATSON (Lab),Matt KERR (Lab),Jim TORRANCE (SNP),skipped,skipped,skipped,skipped,skipped,skipped,skipped,4,10
3647,Alistair WATSON (Lab),Matt KERR (Lab),Jim TORRANCE (SNP),skipped,skipped,skipped,skipped,skipped,skipped,skipped,4,10
3648,Alistair WATSON (Lab),Matt KERR (Lab),Jim TORRANCE (SNP),skipped,skipped,skipped,skipped,skipped,skipped,skipped,4,10
3649,Alistair WATSON (Lab),Matt KERR (Lab),Jim TORRANCE (SNP),skipped,skipped,skipped,skipped,skipped,skipped,skipped,4,10
3650,Alistair WATSON (Lab),Matt KERR (Lab),Jim TORRANCE (SNP),skipped,skipped,skipped,skipped,skipped,skipped,skipped,4,10
3651,Alistair WATSON (Lab),Matt KERR (Lab),Jim TORRANCE (SNP),skipped,skipped,skipped,skipped,skipped,skipped,skipped,4,10
3652,Alistair WATSON (Lab),Matt KERR (Lab),Jim TORRANCE (SNP),skipped,skipped,skipped,skipped,skipped,skipped,skipped,4,10
3653,Alistair WATSON (Lab),Matt KERR (Lab),Jim TORRANCE (SNP),skipped,skipped,skipped,skipped,skipped,skipped,skipped,4,10
3654,Alistair WATSON (Lab),Matt KERR (Lab),Jim TORRANCE (SNP),skipped,skipped,skipped,skipped,skipped,skipped,skipped,4,10
3655,Alistair WATSON (Lab),Matt KERR (Lab),Jim TORRANCE (SNP),skipped,skipped,skipped,skipped,skipped,skipped,skipped,4,10
3656,Alistair WATSON (Lab),Matt KERR (Lab),Jim TORRANCE (SNP),skipped,skipped,skipped,skipped,skipped,skipped,skipped,4,10
3657,Alistair WATSON (Lab),Matt KERR (Lab),Jim TORRANCE (SNP),skipped,skipped,skipped,skipped,skipped,skipped,skipped,4,10
3658,Alistair WATSON (Lab),Matt KERR (Lab),Jim TORRANCE (SNP),skipped,skipped,skipped,skipped,skipped,skipped,skipped,4,10
3659,Alistair WATSON (Lab),Matt KERR (Lab),Jim TORRANCE (SNP),skipped,skipped,skipped,skipped,skipped,skipped,skipped,4,10
3660,Alistair WATSON (Lab),Matt KERR (Lab),Jim TORRANCE (SNP),skipped,skipped,skipped,skipped,skipped,skipped,skipped,4,10
3661,Alistair WATSON (Lab),Matt KERR (Lab),Jim TORRANCE (SNP),skipped,skipped,skipped,skipped,skipped,skipped,skipped,4,10
3662,Alistair WATSON (Lab),Matt KERR (Lab),Jim TORRANCE (SNP),skipped,skipped,skipped,skipped,skipped,skipped,skipped,4,10
3663,Alistair WATSON (Lab),Matt KERR (Lab),Jim TORRANCE (SNP),skipped,skipped,skipped,skipped,skipped,skipped,skipped,4,10
3664,Alistair WATSON (Lab),Matt KERR (Lab),Jim TORRANCE (SNP),skipped,skipped,skipped,skipped,skipped,skipped,skipped,4,10
3665,Alistair WATSON (Lab),Matt KERR (Lab),Jim TORRANCE (SNP),skipped,skipped,skipped,skipped,skipped,skipped,skipped,4,10
3666,Alistair WATSON (Lab),Matt KERR (Lab),Jim TORRANCE (SNP),skipped,skipped,skipped,skipped,skipped,skipped,skipped,4,10
3667,Alistair WATSON (Lab),Matt KERR (Lab),Jim TORRANCE (SNP),skipped,skipped,skipped,skipped,skipped,skipped,skipped,4,10
3668,Alistair WATSON (Lab),Matt KERR (Lab),Jim TORRANCE (SNP),skipped,skipped,skipped,skipped,skipped,skipped,skipped,4,10
3669,Alistair WATSON (Lab),Matt KERR (Lab),Jim TORRANCE (SNP),skipped,skipped,skipped,skipped,skipped,skipped,skipped,4,10
3670,Alistair WATSON (Lab),Matt KERR (Lab),Jim TORRANCE (SNP),skipped,skipped,skipped,skipped,skipped,skipped,skipped,4,10
3671,Alistair WATSON (Lab),Matt KERR (Lab),Jim TORRANCE (SNP),skipped,skipped,skipped,skipped,skipped,skipped,skipped,4,10
3672,Alistair WATSON (Lab),Matt KERR (Lab),Jim TORRANCE (SNP),skipped,skipped,skipped,skipped,skipped,skipped,skipped,4,10
3673,Alistair WATSON (Lab),Matt KERR (Lab),Jim TORRANCE (SNP),skipped,skipped,skipped,skipped,skipped,skipped,skipped,4,10
3674,Alistair WATSON (Lab),Matt KERR (Lab),Jim TORRANCE (SNP),skipped,skipped,skipped,skipped,skipped,skipped,skipped,4,10
3675,Alistair WATSON (Lab),Matt KERR (Lab),Jim TORRANCE (SNP),skipped,skipped,skipped,skipped,skipped,skipped,skipped,4,10
3676,Alistair WATSON (Lab),Matt KERR (Lab),Jim TORRANCE (SNP),skipped,skipped,skipped,skipped,skipped,skipped,skipped,4,10
3677,Alistair WATSON (Lab),Matt KERR (Lab),Jim TORRANCE (SNP),skipped,skipped,skipped,skipped,skipped,skipped,skipped,4,10
3678,Alistair WATSON (Lab),Matt KERR (Lab),Jim TORRANCE (SNP),Iris GIBSON (SNP),skipped,skipped,skipped,skipped,skipped,skipped,4,10
3679,Alistair WATSON (Lab),Matt KERR (Lab),Jim TORRANCE (SNP),Iris GIBSON (SNP),skipped,skipped,skipped,skipped,skipped,skipped,4,10
3680,Alistair WATSON (Lab),Matt KERR (Lab),Jim TORRANCE (SNP),Iris GIBSON (SNP),skipped,skipped,skipped,skipped,skipped,skipped,4,10
3681,Alistair WATSON (Lab),Matt KERR (Lab),Jim TORRANCE (SNP),Iris GIBSON (SNP),skipped,skipped,skipped,skipped,skipped,skipped,4,10
3682,Alistair WATSON (Lab),Matt KERR (Lab),Jim TORRANCE (SNP),Iris GIBSON (SNP),skipped,skipped,skipped,skipped,skipped,skipped,4,10
3683,Alistair WATSON (Lab),Matt KERR (Lab),Jim TORRANCE (SNP),Iris GIBSON (SNP),skipped,skipped,skipped,skipped,skipped,skipped,4,10
3684,Alistair WATSON (Lab),Matt KERR (Lab),Jim TORRANCE (SNP),Iris GIBSON (SNP),skipped,skipped,skipped,skipped,skipped,skipped,4,10
3685,Alistair WATSON (Lab),Matt KERR (Lab),Jim TORRANCE (SNP),Iris GIBSON (SNP),skipped,skipped,skipped,skipped,skipped,skipped,4,10
3686,Alistair WATSON (Lab),Matt KERR (Lab),Jim TORRANCE (SNP),Iris GIBSON (SNP),skipped,skipped,skipped,skipped,skipped,skipped,4,10
3687,Alistair WATSON (Lab),Matt KERR (Lab),Jim TORRANCE (SNP),Iris GIBSON (SNP),skipped,skipped,skipped,skipped,skipped,skipped,4,10
3688,Alistair WATSON (Lab),Matt KERR (Lab),Jim TORRANCE (SNP),Iris GIBSON (SNP),skipped,skipped,skipped,skipped,skipped,skipped,4,10
3689,Alistair WATSON (Lab),Matt KERR (Lab),Jim TORRANCE (SNP),Iris GIBSON (SNP),skipped,skipped,skipped,skipped,skipped,skipped,4,10
3690,Alistair WATSON (Lab),Matt KERR (Lab),Jim TORRANCE (SNP),Iris GIBSON (SNP),skipped,skipped,skipped,skipped,skipped,skipped,4,10
3691,Alistair WATSON (Lab),Matt KERR (Lab),Jim TORRANCE (SNP),Iris GIBSON (SNP),skipped,skipped,skipped,skipped,skipped,skipped,4,10
3692,Alistair WATSON (Lab),Matt KERR (Lab),Jim TORRANCE (SNP),Iris GIBSON (SNP),skipped,skipped,skipped,skipped,skipped,skipped,4,10
3693,Alistair WATSON (Lab),Matt KERR (Lab),Jim TORRANCE (SNP),Iris GIBSON (SNP),skipped,skipped,skipped,skipped,skipped,skipped,4,10
3694,Alistair WATSON (Lab),Matt KERR (Lab),Jim TORRANCE (SNP),Iris GIBSON (SNP),skipped,skipped,skipped,skipped,skipped,skipped,4,10
3695,Alistair WATSON (Lab),Matt KERR (Lab),Jim TORRANCE (SNP),Iris GIBSON (SNP),skipped,skipped,skipped,skipped,skipped,skipped,4,10
3696,Alistair WATSON (Lab),Matt KERR (Lab),Jim TORRANCE (SNP),Iris GIBSON (SNP),skipped,skipped,skipped,skipped,skipped,skipped,4,10
3697,Alistair WATSON (Lab),Matt KERR (Lab),Jim TORRANCE (SNP),Iris GIBSON (SNP),skipped,skipped,skipped,skipped,skipped,skipped,4,10
3698,Alistair WATSON (Lab),Matt KERR (Lab),Jim TORRANCE (SNP),Iris GIBSON (SNP),skipped,skipped,skipped,skipped,skipped,skipped,4,10
3699,Alistair WATSON (Lab),Matt KERR (Lab),Jim TORRANCE (SNP),Iris GIBSON (SNP),skipped,skipped,skipped,skipped,skipped,skipped,4,10
3700,Alistair WATSON (Lab),Matt KERR (Lab),Jim TORRANCE (SNP),Iris GIBSON (SNP),skipped,skipped,skipped,skipped,skipped,skipped,4,10
3701,Alistair WATSON (Lab),Matt KERR (Lab),Jim TORRANCE (SNP),Iris GIBSON (SNP),skipped,skipped,skipped,skipped,skipped,skipped,4,10
3702,Alistair WATSON (Lab),Matt KERR (Lab),Jim TORRANCE (SNP),Iris GIBSON (SNP),skipped,skipped,skipped,skipped,skipped,skipped,4,10
3703,Alistair WATSON (Lab),Matt KERR (Lab),Jim TORRANCE (SNP),Iris GIBSON (SNP),skipped,skipped,skipped,skipped,skipped,skipped,4,10
3704,Alistair WATSON (Lab),Matt KERR (Lab),Jim TORRANCE (SNP),Iris GIBSON (SNP),skipped,skipped,skipped,skipped,skipped,skipped,4,10
3705,Alistair WATSON (Lab),Matt KERR (Lab),Jim TORRANCE (SNP),Iris GIBSON (SNP),skipped,skipped,skipped,skipped,skipped,skipped,4,10
3706,Alistair WATSON (Lab),Matt KERR (Lab),Jim TORRANCE (SNP),Iris GIBSON (SNP),skipped,skipped,skipped,skipped,skipped,skipped,4,10
3707,Alistair WATSON (Lab),Matt KERR (Lab),Jim TORRANCE (SNP),Iris GIBSON (SNP),Gordon MACDIARMID (Glasgow First),skipped,skipped,skipped,skipped,skipped,4,10
3708,Alistair WATSON (Lab),Matt KERR (Lab),Jim TORRANCE (SNP),Iris GIBSON (SNP),Gordon MACDIARMID (Glasgow First),Isabel NELSON (LD),Janice MACKAY (UKIP),Ian RUFFELL (Grn),Jayne Ann MORGAN (Con),Gail SHERIDAN (Sol),4,10
3709,Alistair WATSON (Lab),Matt KERR (Lab),Jim TORRANCE (SNP),Iris GIBSON (SNP),Gordon MACDIARMID (Glasgow First),Isabel NELSON (LD),Ian RUFFELL (Grn),Jayne Ann MORGAN (Con),Gail SHERIDAN (Sol),Janice MACKAY (UKIP),4,10
3710,Alistair WATSON (Lab),Matt KERR (Lab),Jim TORRANCE (SNP),Iris GIBSON (SNP),Gordon MACDIARMID (Glasgow First),Isabel NELSON (LD),Gail SHERIDAN (Sol),Janice MACKAY (UKIP),Ian RUFFELL (Grn),Jayne Ann MORGAN (Con),4,10
3711,Alistair WATSON (Lab),Matt KERR (Lab),Jim TORRANCE (SNP),Iris GIBSON (SNP),Gordon MACDIARMID (Glasgow First),Ian RUFFELL (Grn),skipped,skipped,skipped,skipped,4,10
3712,Alistair WATSON (Lab),Matt KERR (Lab),Jim TORRANCE (SNP),Iris GIBSON (SNP),Gordon MACDIARMID (Glasgow First),Ian RUFFELL (Grn),Janice MACKAY (UKIP),Isabel NELSON (LD),Jayne Ann MORGAN (Con),Gail SHERIDAN (Sol),4,10
3713,Alistair WATSON (Lab),Matt KERR (Lab),Jim TORRANCE (SNP),Iris GIBSON (SNP),Gordon MACDIARMID (Glasgow First),Ian RUFFELL (Grn),Isabel NELSON (LD),Gail SHERIDAN (Sol),Janice MACKAY (UKIP),Jayne Ann MORGAN (Con),4,10
3714,Alistair WATSON (Lab),Matt KERR (Lab),Jim TORRANCE (SNP),Iris GIBSON (SNP),Gordon MACDIARMID (Glasgow First),Ian RUFFELL (Grn),Gail SHERIDAN (Sol),Janice MACKAY (UKIP),Jayne Ann MORGAN (Con),Isabel NELSON (LD),4,10
3715,Alistair WATSON (Lab),Matt KERR (Lab),Jim TORRANCE (SNP),Iris GIBSON (SNP),Isabel NELSON (LD),Gordon MACDIARMID (Glasgow First),Janice MACKAY (UKIP),Gail SHERIDAN (Sol),Ian RUFFELL (Grn),Jayne Ann MORGAN (Con),4,10
3716,Alistair WATSON (Lab),Matt KERR (Lab),Jim TORRANCE (SNP),Iris GIBSON (SNP),Isabel NELSON (LD),Gordon MACDIARMID (Glasgow First),Ian RUFFELL (Grn),Gail SHERIDAN (Sol),Janice MACKAY (UKIP),Jayne Ann MORGAN (Con),4,10
3717,Alistair WATSON (Lab),Matt KERR (Lab),Jim TORRANCE (SNP),Iris GIBSON (SNP),Ian RUFFELL (Grn),Isabel NELSON (LD),Janice MACKAY (UKIP),Gordon MACDIARMID (Glasgow First),Gail SHERIDAN (Sol),Jayne Ann MORGAN (Con),4,10
3718,Alistair WATSON (Lab),Matt KERR (Lab),Jim TORRANCE (SNP),Iris GIBSON (SNP),Ian RUFFELL (Grn),Gail SHERIDAN (Sol),Gordon MACDIARMID (Glasgow First),Jayne Ann MORGAN (Con),Isabel NELSON (LD),Janice MACKAY (UKIP),4,10
3719,Alistair WATSON (Lab),Matt KERR (Lab),Jim TORRANCE (SNP),Iris GIBSON (SNP),Ian RUFFELL (Grn),Gail SHERIDAN (Sol),Gordon MACDIARMID (Glasgow First),Jayne Ann MORGAN (Con),Isabel NELSON (LD),Janice MACKAY (UKIP),4,10
3720,Alistair WATSON (Lab),Matt KERR (Lab),Jim TORRANCE (SNP),Iris GIBSON (SNP),Gail SHERIDAN (Sol),Ian RUFFELL (Grn),Gordon MACDIARMID (Glasgow First),Janice MACKAY (UKIP),Isabel NELSON (LD),Jayne Ann MORGAN (Con),4,10
3721,Alistair WATSON (Lab),Matt KERR (Lab),Jim TORRANCE (SNP),Jayne Ann MORGAN (Con),Iris GIBSON (SNP),Isabel NELSON (LD),Gordon MACDIARMID (Glasgow First),Janice MACKAY (UKIP),Ian RUFFELL (Grn),Gail SHERIDAN (Sol),4,10
3722,Alistair WATSON (Lab),Matt KERR (Lab),Jim TORRANCE (SNP),Ian RUFFELL (Grn),Jayne Ann MORGAN (Con),Janice MACKAY (UKIP),Gordon MACDIARMID (Glasgow First),Isabel NELSON (LD),Iris GIBSON (SNP),Gail SHERIDAN (Sol),4,10
3723,Alistair WATSON (Lab),Matt KERR (Lab),Jim TORRANCE (SNP),Gail SHERIDAN (Sol),skipped,skipped,skipped,skipped,skipped,skipped,4,10
3724,Alistair WATSON (Lab),Matt KERR (Lab),Jim TORRANCE (SNP),Gail SHERIDAN (Sol),Isabel NELSON (LD),skipped,skipped,skipped,skipped,skipped,4,10
3725,Alistair WATSON (Lab),Matt KERR (Lab),Jim TORRANCE (SNP),Gail SHERIDAN (Sol),Ian RUFFELL (Grn),skipped,skipped,skipped,skipped,skipped,4,10
3726,Alistair WATSON (Lab),Matt KERR (Lab),Jim TORRANCE (SNP),Gail SHERIDAN (Sol),Ian RUFFELL (Grn),Iris GIBSON (SNP),Gordon MACDIARMID (Glasgow First),Janice MACKAY (UKIP),Isabel NELSON (LD),Jayne Ann MORGAN (Con),4,10
3727,Alistair WATSON (Lab),Gordon MACDIARMID (Glasgow First),skipped,skipped,skipped,skipped,skipped,skipped,skipped,skipped,4,10
3728,Alistair WATSON (Lab),Gordon MACDIARMID (Glasgow First),skipped,skipped,skipped,skipped,skipped,skipped,skipped,skipped,4,10
3729,Alistair WATSON (Lab),Gordon MACDIARMID (Glasgow First),skipped,skipped,skipped,skipped,skipped,skipped,skipped,skipped,4,10
3730,Alistair WATSON (Lab),Gordon MACDIARMID (Glasgow First),skipped,skipped,skipped,skipped,skipped,skipped,skipped,skipped,4,10
3731,Alistair WATSON (Lab),Gordon MACDIARMID (Glasgow First),skipped,skipped,skipped,skipped,skipped,skipped,skipped,skipped,4,10
3732,Alistair WATSON (Lab),Gordon MACDIARMID (Glasgow First),skipped,skipped,skipped,skipped,skipped,skipped,skipped,skipped,4,10
3733,Alistair WATSON (Lab),Gordon MACDIARMID (Glasgow First),skipped,skipped,skipped,skipped,skipped,skipped,skipped,skipped,4,10
3734,Alistair WATSON (Lab),Gordon MACDIARMID (Glasgow First),skipped,skipped,skipped,skipped,skipped,skipped,skipped,skipped,4,10
3735,Alistair WATSON (Lab),Gordon MACDIARMID (Glasgow First),skipped,skipped,skipped,skipped,skipped,skipped,skipped,skipped,4,10
3736,Alistair WATSON (Lab),Gordon MACDIARMID (Glasgow First),Iris GIBSON (SNP),skipped,skipped,skipped,skipped,skipped,skipped,skipped,4,10
3737,Alistair WATSON (Lab),Gordon MACDIARMID (Glasgow First),Iris GIBSON (SNP),skipped,skipped,skipped,skipped,skipped,skipped,skipped,4,10
3738,Alistair WATSON (Lab),Gordon MACDIARMID (Glasgow First),Iris GIBSON (SNP),skipped,skipped,skipped,skipped,skipped,skipped,skipped,4,10
3739,Alistair WATSON (Lab),Gordon MACDIARMID (Glasgow First),Iris GIBSON (SNP),Janice MACKAY (UKIP),Gail SHERIDAN (Sol),Ian RUFFELL (Grn),Matt KERR (Lab),Isabel NELSON (LD),Jim TORRANCE (SNP),Jayne Ann MORGAN (Con),4,10
3740,Alistair WATSON (Lab),Gordon MACDIARMID (Glasgow First),Iris GIBSON (SNP),Gail SHERIDAN (Sol),skipped,skipped,skipped,skipped,skipped,skipped,4,10
3741,Alistair WATSON (Lab),Gordon MACDIARMID (Glasgow First),Matt KERR (Lab),skipped,skipped,skipped,skipped,skipped,skipped,skipped,4,10
3742,Alistair WATSON (Lab),Gordon MACDIARMID (Glasgow First),Matt KERR (Lab),skipped,skipped,skipped,skipped,skipped,skipped,skipped,4,10
3743,Alistair WATSON (Lab),Gordon MACDIARMID (Glasgow First),Matt KERR (Lab),skipped,skipped,skipped,skipped,skipped,skipped,skipped,4,10
3744,Alistair WATSON (Lab),Gordon MACDIARMID (Glasgow First),Matt KERR (Lab),skipped,skipped,skipped,skipped,skipped,skipped,skipped,4,10
3745,Alistair WATSON (Lab),Gordon MACDIARMID (Glasgow First),Matt KERR (Lab),skipped,skipped,skipped,skipped,skipped,skipped,skipped,4,10
3746,Alistair WATSON (Lab),Gordon MACDIARMID (Glasgow First),Matt KERR (Lab),skipped,skipped,skipped,skipped,skipped,skipped,skipped,4,10
3747,Alistair WATSON (Lab),Gordon MACDIARMID (Glasgow First),Matt KERR (Lab),skipped,skipped,skipped,skipped,skipped,skipped,skipped,4,10
3748,Alistair WATSON (Lab),Gordon MACDIARMID (Glasgow First),Matt KERR (Lab),skipped,skipped,skipped,skipped,skipped,skipped,skipped,4,10
3749,Alistair WATSON (Lab),Gordon MACDIARMID (Glasgow First),Matt KERR (Lab),skipped,skipped,skipped,skipped,skipped,skipped,skipped,4,10
3750,Alistair WATSON (Lab),Gordon MACDIARMID (Glasgow First),Matt KERR (Lab),skipped,skipped,skipped,skipped,skipped,skipped,skipped,4,10
3751,Alistair WATSON (Lab),Gordon MACDIARMID (Glasgow First),Matt KERR (Lab),skipped,skipped,skipped,skipped,skipped,skipped,skipped,4,10
3752,Alistair WATSON (Lab),Gordon MACDIARMID (Glasgow First),Matt KERR (Lab),skipped,skipped,skipped,skipped,skipped,skipped,skipped,4,10
3753,Alistair WATSON (Lab),Gordon MACDIARMID (Glasgow First),Matt KERR (Lab),skipped,skipped,skipped,skipped,skipped,skipped,skipped,4,10
3754,Alistair WATSON (Lab),Gordon MACDIARMID (Glasgow First),Matt KERR (Lab),Jayne Ann MORGAN (Con),skipped,skipped,skipped,skipped,skipped,skipped,4,10
3755,Alistair WATSON (Lab),Gordon MACDIARMID (Glasgow First),Matt KERR (Lab),Ian RUFFELL (Grn),Janice MACKAY (UKIP),Iris GIBSON (SNP),Jim TORRANCE (SNP),Isabel NELSON (LD),Jayne Ann MORGAN (Con),Gail SHERIDAN (Sol),4,10
3756,Alistair WATSON (Lab),Gordon MACDIARMID (Glasgow First),Matt KERR (Lab),Gail SHERIDAN (Sol),Ian RUFFELL (Grn),skipped,skipped,skipped,skipped,skipped,4,10
3757,Alistair WATSON (Lab),Gordon MACDIARMID (Glasgow First),Isabel NELSON (LD),Ian RUFFELL (Grn),skipped,skipped,skipped,skipped,skipped,skipped,4,10
3758,Alistair WATSON (Lab),Gordon MACDIARMID (Glasgow First),Ian RUFFELL (Grn),skipped,skipped,skipped,skipped,skipped,skipped,skipped,4,10
3759,Alistair WATSON (Lab),Gordon MACDIARMID (Glasgow First),Gail SHERIDAN (Sol),skipped,skipped,skipped,skipped,skipped,skipped,skipped,4,10
3760,Alistair WATSON (Lab),Gordon MACDIARMID (Glasgow First),Gail SHERIDAN (Sol),skipped,skipped,skipped,skipped,skipped,skipped,skipped,4,10
3761,Alistair WATSON (Lab),Gordon MACDIARMID (Glasgow First),Gail SHERIDAN (Sol),skipped,skipped,skipped,skipped,skipped,skipped,skipped,4,10
3762,Alistair WATSON (Lab),Gordon MACDIARMID (Glasgow First),Gail SHERIDAN (Sol),Iris GIBSON (SNP),skipped,skipped,skipped,skipped,skipped,skipped,4,10
3763,Alistair WATSON (Lab),Gordon MACDIARMID (Glasgow First),Gail SHERIDAN (Sol),Ian RUFFELL (Grn),skipped,skipped,skipped,skipped,skipped,skipped,4,10
3764,Alistair WATSON (Lab),Gordon MACDIARMID (Glasgow First),Gail SHERIDAN (Sol),Ian RUFFELL (Grn),skipped,skipped,skipped,skipped,skipped,skipped,4,10
3765,Alistair WATSON (Lab),Gordon MACDIARMID (Glasgow First),Jim TORRANCE (SNP),Iris GIBSON (SNP),Matt KERR (Lab),Gail SHERIDAN (Sol),Jayne Ann MORGAN (Con),Isabel NELSON (LD),Ian RUFFELL (Grn),Janice MACKAY (UKIP),4,10
3766,Alistair WATSON (Lab),Janice MACKAY (UKIP),skipped,skipped,skipped,skipped,skipped,skipped,skipped,skipped,4,10
3767,Alistair WATSON (Lab),Janice MACKAY (UKIP),Iris GIBSON (SNP),Jim TORRANCE (SNP),skipped,skipped,skipped,skipped,skipped,skipped,4,10
3768,Alistair WATSON (Lab),Janice MACKAY (UKIP),Gordon MACDIARMID (Glasgow First),skipped,skipped,skipped,skipped,skipped,skipped,skipped,4,10
3769,Alistair WATSON (Lab),Janice MACKAY (UKIP),Jayne Ann MORGAN (Con),Matt KERR (Lab),skipped,skipped,skipped,skipped,skipped,skipped,4,10
3770,Alistair WATSON (Lab),Janice MACKAY (UKIP),Jayne Ann MORGAN (Con),Gordon MACDIARMID (Glasgow First),skipped,skipped,skipped,skipped,skipped,skipped,4,10
3771,Alistair WATSON (Lab),Jayne Ann MORGAN (Con),skipped,skipped,skipped,skipped,skipped,skipped,skipped,skipped,4,10
3772,Alistair WATSON (Lab),Jayne Ann MORGAN (Con),skipped,skipped,skipped,skipped,skipped,skipped,skipped,skipped,4,10
3773,Alistair WATSON (Lab),Jayne Ann MORGAN (Con),skipped,skipped,skipped,skipped,skipped,skipped,skipped,skipped,4,10
3774,Alistair WATSON (Lab),Jayne Ann MORGAN (Con),skipped,skipped,skipped,skipped,skipped,skipped,skipped,skipped,4,10
3775,Alistair WATSON (Lab),Jayne Ann MORGAN (Con),Matt KERR (Lab),skipped,skipped,skipped,skipped,skipped,skipped,skipped,4,10
3776,Alistair WATSON (Lab),Jayne Ann MORGAN (Con),Matt KERR (Lab),skipped,skipped,skipped,skipped,skipped,skipped,skipped,4,10
3777,Alistair WATSON (Lab),Jayne Ann MORGAN (Con),Matt KERR (Lab),skipped,skipped,skipped,skipped,skipped,skipped,skipped,4,10
3778,Alistair WATSON (Lab),Jayne Ann MORGAN (Con),Matt KERR (Lab),skipped,skipped,skipped,skipped,skipped,skipped,skipped,4,10
3779,Alistair WATSON (Lab),Jayne Ann MORGAN (Con),Matt KERR (Lab),skipped,skipped,skipped,skipped,skipped,skipped,skipped,4,10
3780,Alistair WATSON (Lab),Jayne Ann MORGAN (Con),Matt KERR (Lab),Gordon MACDIARMID (Glasgow First),skipped,skipped,skipped,skipped,skipped,skipped,4,10
3781,Alistair WATSON (Lab),Jayne Ann MORGAN (Con),Matt KERR (Lab),Janice MACKAY (UKIP),skipped,skipped,skipped,skipped,skipped,skipped,4,10
3782,Alistair WATSON (Lab),Jayne Ann MORGAN (Con),Janice MACKAY (UKIP),skipped,skipped,skipped,skipped,skipped,skipped,skipped,4,10
3783,Alistair WATSON (Lab),Jayne Ann MORGAN (Con),Janice MACKAY (UKIP),Matt KERR (Lab),skipped,skipped,skipped,skipped,skipped,skipped,4,10
3784,Alistair WATSON (Lab),Jayne Ann MORGAN (Con),Ian RUFFELL (Grn),skipped,skipped,skipped,skipped,skipped,skipped,skipped,4,10
3785,Alistair WATSON (Lab),Jayne Ann MORGAN (Con),Jim TORRANCE (SNP),skipped,skipped,skipped,skipped,skipped,skipped,skipped,4,10
3786,Alistair WATSON (Lab),Isabel NELSON (LD),Iris GIBSON (SNP),skipped,skipped,skipped,skipped,skipped,skipped,skipped,4,10
3787,Alistair WATSON (Lab),Isabel NELSON (LD),Matt KERR (Lab),skipped,skipped,skipped,skipped,skipped,skipped,skipped,4,10
3788,Alistair WATSON (Lab),Isabel NELSON (LD),Matt KERR (Lab),skipped,skipped,skipped,skipped,skipped,skipped,skipped,4,10
3789,Alistair WATSON (Lab),Isabel NELSON (LD),Matt KERR (Lab),skipped,skipped,skipped,skipped,skipped,skipped,skipped,4,10
3790,Alistair WATSON (Lab),Isabel NELSON (LD),Matt KERR (Lab),skipped,skipped,skipped,skipped,skipped,skipped,skipped,4,10
3791,Alistair WATSON (Lab),Isabel NELSON (LD),Matt KERR (Lab),skipped,skipped,skipped,skipped,skipped,skipped,skipped,4,10
3792,Alistair WATSON (Lab),Isabel NELSON (LD),Matt KERR (Lab),Gordon MACDIARMID (Glasgow First),skipped,skipped,skipped,skipped,skipped,skipped,4,10
3793,Alistair WATSON (Lab),Isabel NELSON (LD),Matt KERR (Lab),Gail SHERIDAN (Sol),skipped,skipped,skipped,skipped,skipped,skipped,4,10
3794,Alistair WATSON (Lab),Isabel NELSON (LD),Ian RUFFELL (Grn),Matt KERR (Lab),skipped,skipped,skipped,skipped,skipped,skipped,4,10
3795,Alistair WATSON (Lab),Isabel NELSON (LD),Gail SHERIDAN (Sol),Matt KERR (Lab),skipped,skipped,skipped,skipped,skipped,skipped,4,10
3796,Alistair WATSON (Lab),Ian RUFFELL (Grn),skipped,skipped,skipped,skipped,skipped,skipped,skipped,skipped,4,10
3797,Alistair WATSON (Lab),Ian RUFFELL (Grn),skipped,skipped,skipped,skipped,skipped,skipped,skipped,skipped,4,10
3798,Alistair WATSON (Lab),Ian RUFFELL (Grn),skipped,skipped,skipped,skipped,skipped,skipped,skipped,skipped,4,10
3799,Alistair WATSON (Lab),Ian RUFFELL (Grn),Iris GIBSON (SNP),Matt KERR (Lab),Jim TORRANCE (SNP),skipped,skipped,skipped,skipped,skipped,4,10
3800,Alistair WATSON (Lab),Ian RUFFELL (Grn),Matt KERR (Lab),skipped,skipped,skipped,skipped,skipped,skipped,skipped,4,10
3801,Alistair WATSON (Lab),Ian RUFFELL (Grn),Matt KERR (Lab),skipped,skipped,skipped,skipped,skipped,skipped,skipped,4,10
3802,Alistair WATSON (Lab),Ian RUFFELL (Grn),Matt KERR (Lab),skipped,skipped,skipped,skipped,skipped,skipped,skipped,4,10
3803,Alistair WATSON (Lab),Ian RUFFELL (Grn),Matt KERR (Lab),Gordon MACDIARMID (Glasgow First),Gail SHERIDAN (Sol),skipped,skipped,skipped,skipped,skipped,4,10
3804,Alistair WATSON (Lab),Ian RUFFELL (Grn),Matt KERR (Lab),Isabel NELSON (LD),Jim TORRANCE (SNP),Gail SHERIDAN (Sol),Iris GIBSON (SNP),skipped,skipped,skipped,4,10
3805,Alistair WATSON (Lab),Ian RUFFELL (Grn),Matt KERR (Lab),Gail SHERIDAN (Sol),Iris GIBSON (SNP),skipped,skipped,skipped,skipped,skipped,4,10
3806,Alistair WATSON (Lab),Ian RUFFELL (Grn),Gordon MACDIARMID (Glasgow First),skipped,skipped,skipped,skipped,skipped,skipped,skipped,4,10
3807,Alistair WATSON (Lab),Ian RUFFELL (Grn),Gordon MACDIARMID (Glasgow First),Matt KERR (Lab),Iris GIBSON (SNP),Isabel NELSON (LD),Jayne Ann MORGAN (Con),Jim TORRANCE (SNP),skipped,skipped,4,10
3808,Alistair WATSON (Lab),Ian RUFFELL (Grn),Jayne Ann MORGAN (Con),Janice MACKAY (UKIP),skipped,skipped,skipped,skipped,skipped,skipped,4,10
3809,Alistair WATSON (Lab),Ian RUFFELL (Grn),Jim TORRANCE (SNP),skipped,skipped,skipped,skipped,skipped,skipped,skipped,4,10
3810,Alistair WATSON (Lab),Ian RUFFELL (Grn),Jim TORRANCE (SNP),Matt KERR (Lab),Iris GIBSON (SNP),skipped,skipped,skipped,skipped,skipped,4,10
3811,Alistair WATSON (Lab),Ian RUFFELL (Grn),Jim TORRANCE (SNP),Gordon MACDIARMID (Glasgow First),Iris GIBSON (SNP),Matt KERR (Lab),Janice MACKAY (UKIP),skipped,skipped,skipped,4,10
3812,Alistair WATSON (Lab),Gail SHERIDAN (Sol),skipped,skipped,skipped,skipped,skipped,skipped,skipped,skipped,4,10
3813,Alistair WATSON (Lab),Gail SHERIDAN (Sol),skipped,skipped,skipped,skipped,skipped,skipped,skipped,skipped,4,10
3814,Alistair WATSON (Lab),Gail SHERIDAN (Sol),skipped,skipped,skipped,skipped,skipped,skipped,skipped,skipped,4,10
3815,Alistair WATSON (Lab),Gail SHERIDAN (Sol),skipped,skipped,skipped,skipped,skipped,skipped,skipped,skipped,4,10
3816,Alistair WATSON (Lab),Gail SHERIDAN (Sol),skipped,skipped,skipped,skipped,skipped,skipped,skipped,skipped,4,10
3817,Alistair WATSON (Lab),Gail SHERIDAN (Sol),skipped,skipped,skipped,skipped,skipped,skipped,skipped,skipped,4,10
3818,Alistair WATSON (Lab),Gail SHERIDAN (Sol),skipped,skipped,skipped,skipped,skipped,skipped,skipped,skipped,4,10
3819,Alistair WATSON (Lab),Gail SHERIDAN (Sol),skipped,skipped,skipped,skipped,skipped,skipped,skipped,skipped,4,10
3820,Alistair WATSON (Lab),Gail SHERIDAN (Sol),skipped,skipped,skipped,skipped,skipped,skipped,skipped,skipped,4,10
3821,Alistair WATSON (Lab),Gail SHERIDAN (Sol),skipped,skipped,skipped,skipped,skipped,skipped,skipped,skipped,4,10
3822,Alistair WATSON (Lab),Gail SHERIDAN (Sol),skipped,skipped,skipped,skipped,skipped,skipped,skipped,skipped,4,10
3823,Alistair WATSON (Lab),Gail SHERIDAN (Sol),skipped,skipped,skipped,skipped,skipped,skipped,skipped,skipped,4,10
3824,Alistair WATSON (Lab),Gail SHERIDAN (Sol),skipped,skipped,skipped,skipped,skipped,skipped,skipped,skipped,4,10
3825,Alistair WATSON (Lab),Gail SHERIDAN (Sol),skipped,skipped,skipped,skipped,skipped,skipped,skipped,skipped,4,10
3826,Alistair WATSON (Lab),Gail SHERIDAN (Sol),skipped,skipped,skipped,skipped,skipped,skipped,skipped,skipped,4,10
3827,Alistair WATSON (Lab),Gail SHERIDAN (Sol),skipped,skipped,skipped,skipped,skipped,skipped,skipped,skipped,4,10
3828,Alistair WATSON (Lab),Gail SHERIDAN (Sol),skipped,skipped,skipped,skipped,skipped,skipped,skipped,skipped,4,10
3829,Alistair WATSON (Lab),Gail SHERIDAN (Sol),Iris GIBSON (SNP),skipped,skipped,skipped,skipped,skipped,skipped,skipped,4,10
3830,Alistair WATSON (Lab),Gail SHERIDAN (Sol),Iris GIBSON (SNP),skipped,skipped,skipped,skipped,skipped,skipped,skipped,4,10
3831,Alistair WATSON (Lab),Gail SHERIDAN (Sol),Iris GIBSON (SNP),skipped,skipped,skipped,skipped,skipped,skipped,skipped,4,10
3832,Alistair WATSON (Lab),Gail SHERIDAN (Sol),Iris GIBSON (SNP),skipped,skipped,skipped,skipped,skipped,skipped,skipped,4,10
3833,Alistair WATSON (Lab),Gail SHERIDAN (Sol),Iris GIBSON (SNP),skipped,skipped,skipped,skipped,skipped,skipped,skipped,4,10
3834,Alistair WATSON (Lab),Gail SHERIDAN (Sol),Iris GIBSON (SNP),skipped,skipped,skipped,skipped,skipped,skipped,skipped,4,10
3835,Alistair WATSON (Lab),Gail SHERIDAN (Sol),Iris GIBSON (SNP),Matt KERR (Lab),skipped,skipped,skipped,skipped,skipped,skipped,4,10
3836,Alistair WATSON (Lab),Gail SHERIDAN (Sol),Iris GIBSON (SNP),Matt KERR (Lab),Gordon MACDIARMID (Glasgow First),Ian RUFFELL (Grn),Jim TORRANCE (SNP),Janice MACKAY (UKIP),Isabel NELSON (LD),Jayne Ann MORGAN (Con),4,10
3837,Alistair WATSON (Lab),Gail SHERIDAN (Sol),Iris GIBSON (SNP),Ian RUFFELL (Grn),skipped,skipped,skipped,skipped,skipped,skipped,4,10
3838,Alistair WATSON (Lab),Gail SHERIDAN (Sol),Iris GIBSON (SNP),Jim TORRANCE (SNP),skipped,skipped,skipped,skipped,skipped,skipped,4,10
3839,Alistair WATSON (Lab),Gail SHERIDAN (Sol),Matt KERR (Lab),skipped,skipped,skipped,skipped,skipped,skipped,skipped,4,10
3840,Alistair WATSON (Lab),Gail SHERIDAN (Sol),Matt KERR (Lab),skipped,skipped,skipped,skipped,skipped,skipped,skipped,4,10
3841,Alistair WATSON (Lab),Gail SHERIDAN (Sol),Matt KERR (Lab),skipped,skipped,skipped,skipped,skipped,skipped,skipped,4,10
3842,Alistair WATSON (Lab),Gail SHERIDAN (Sol),Matt KERR (Lab),skipped,skipped,skipped,skipped,skipped,skipped,skipped,4,10
3843,Alistair WATSON (Lab),Gail SHERIDAN (Sol),Matt KERR (Lab),skipped,skipped,skipped,skipped,skipped,skipped,skipped,4,10
3844,Alistair WATSON (Lab),Gail SHERIDAN (Sol),Matt KERR (Lab),skipped,skipped,skipped,skipped,skipped,skipped,skipped,4,10
3845,Alistair WATSON (Lab),Gail SHERIDAN (Sol),Matt KERR (Lab),skipped,skipped,skipped,skipped,skipped,skipped,skipped,4,10
3846,Alistair WATSON (Lab),Gail SHERIDAN (Sol),Matt KERR (Lab),skipped,skipped,skipped,skipped,skipped,skipped,skipped,4,10
3847,Alistair WATSON (Lab),Gail SHERIDAN (Sol),Matt KERR (Lab),skipped,skipped,skipped,skipped,skipped,skipped,skipped,4,10
3848,Alistair WATSON (Lab),Gail SHERIDAN (Sol),Matt KERR (Lab),skipped,skipped,skipped,skipped,skipped,skipped,skipped,4,10
3849,Alistair WATSON (Lab),Gail SHERIDAN (Sol),Matt KERR (Lab),skipped,skipped,skipped,skipped,skipped,skipped,skipped,4,10
3850,Alistair WATSON (Lab),Gail SHERIDAN (Sol),Matt KERR (Lab),skipped,skipped,skipped,skipped,skipped,skipped,skipped,4,10
3851,Alistair WATSON (Lab),Gail SHERIDAN (Sol),Matt KERR (Lab),skipped,skipped,skipped,skipped,skipped,skipped,skipped,4,10
3852,Alistair WATSON (Lab),Gail SHERIDAN (Sol),Matt KERR (Lab),skipped,skipped,skipped,skipped,skipped,skipped,skipped,4,10
3853,Alistair WATSON (Lab),Gail SHERIDAN (Sol),Matt KERR (Lab),skipped,skipped,skipped,skipped,skipped,skipped,skipped,4,10
3854,Alistair WATSON (Lab),Gail SHERIDAN (Sol),Matt KERR (Lab),skipped,skipped,skipped,skipped,skipped,skipped,skipped,4,10
3855,Alistair WATSON (Lab),Gail SHERIDAN (Sol),Matt KERR (Lab),skipped,skipped,skipped,skipped,skipped,skipped,skipped,4,10
3856,Alistair WATSON (Lab),Gail SHERIDAN (Sol),Matt KERR (Lab),skipped,skipped,skipped,skipped,skipped,skipped,skipped,4,10
3857,Alistair WATSON (Lab),Gail SHERIDAN (Sol),Matt KERR (Lab),skipped,skipped,skipped,skipped,skipped,skipped,skipped,4,10
3858,Alistair WATSON (Lab),Gail SHERIDAN (Sol),Matt KERR (Lab),skipped,skipped,skipped,skipped,skipped,skipped,skipped,4,10
3859,Alistair WATSON (Lab),Gail SHERIDAN (Sol),Matt KERR (Lab),skipped,skipped,skipped,skipped,skipped,skipped,skipped,4,10
3860,Alistair WATSON (Lab),Gail SHERIDAN (Sol),Matt KERR (Lab),skipped,skipped,skipped,skipped,skipped,skipped,skipped,4,10
3861,Alistair WATSON (Lab),Gail SHERIDAN (Sol),Matt KERR (Lab),skipped,skipped,skipped,skipped,skipped,skipped,skipped,4,10
3862,Alistair WATSON (Lab),Gail SHERIDAN (Sol),Matt KERR (Lab),skipped,skipped,skipped,skipped,skipped,skipped,skipped,4,10
3863,Alistair WATSON (Lab),Gail SHERIDAN (Sol),Matt KERR (Lab),skipped,skipped,skipped,skipped,skipped,skipped,skipped,4,10
3864,Alistair WATSON (Lab),Gail SHERIDAN (Sol),Matt KERR (Lab),skipped,skipped,skipped,skipped,skipped,skipped,skipped,4,10
3865,Alistair WATSON (Lab),Gail SHERIDAN (Sol),Matt KERR (Lab),skipped,skipped,skipped,skipped,skipped,skipped,skipped,4,10
3866,Alistair WATSON (Lab),Gail SHERIDAN (Sol),Matt KERR (Lab),skipped,skipped,skipped,skipped,skipped,skipped,skipped,4,10
3867,Alistair WATSON (Lab),Gail SHERIDAN (Sol),Matt KERR (Lab),skipped,skipped,skipped,skipped,skipped,skipped,skipped,4,10
3868,Alistair WATSON (Lab),Gail SHERIDAN (Sol),Matt KERR (Lab),skipped,skipped,skipped,skipped,skipped,skipped,skipped,4,10
3869,Alistair WATSON (Lab),Gail SHERIDAN (Sol),Matt KERR (Lab),Iris GIBSON (SNP),skipped,skipped,skipped,skipped,skipped,skipped,4,10
3870,Alistair WATSON (Lab),Gail SHERIDAN (Sol),Matt KERR (Lab),Iris GIBSON (SNP),skipped,skipped,skipped,skipped,skipped,skipped,4,10
3871,Alistair WATSON (Lab),Gail SHERIDAN (Sol),Matt KERR (Lab),Iris GIBSON (SNP),Jim TORRANCE (SNP),Ian RUFFELL (Grn),skipped,skipped,skipped,skipped,4,10
3872,Alistair WATSON (Lab),Gail SHERIDAN (Sol),Matt KERR (Lab),Gordon MACDIARMID (Glasgow First),skipped,skipped,skipped,skipped,skipped,skipped,4,10
3873,Alistair WATSON (Lab),Gail SHERIDAN (Sol),Matt KERR (Lab),Gordon MACDIARMID (Glasgow First),Iris GIBSON (SNP),Jim TORRANCE (SNP),Janice MACKAY (UKIP),Isabel NELSON (LD),Ian RUFFELL (Grn),Jayne Ann MORGAN (Con),4,10
3874,Alistair WATSON (Lab),Gail SHERIDAN (Sol),Matt KERR (Lab),Janice MACKAY (UKIP),skipped,skipped,skipped,skipped,skipped,skipped,4,10
3875,Alistair WATSON (Lab),Gail SHERIDAN (Sol),Matt KERR (Lab),Janice MACKAY (UKIP),Isabel NELSON (LD),skipped,skipped,skipped,skipped,skipped,4,10
3876,Alistair WATSON (Lab),Gail SHERIDAN (Sol),Matt KERR (Lab),Isabel NELSON (LD),Ian RUFFELL (Grn),Gordon MACDIARMID (Glasgow First),Janice MACKAY (UKIP),Jayne Ann MORGAN (Con),Jim TORRANCE (SNP),Iris GIBSON (SNP),4,10
3877,Alistair WATSON (Lab),Gail SHERIDAN (Sol),Matt KERR (Lab),Ian RUFFELL (Grn),skipped,skipped,skipped,skipped,skipped,skipped,4,10
3878,Alistair WATSON (Lab),Gail SHERIDAN (Sol),Matt KERR (Lab),Ian RUFFELL (Grn),skipped,skipped,skipped,skipped,skipped,skipped,4,10
3879,Alistair WATSON (Lab),Gail SHERIDAN (Sol),Matt KERR (Lab),Jim TORRANCE (SNP),skipped,skipped,skipped,skipped,skipped,skipped,4,10
3880,Alistair WATSON (Lab),Gail SHERIDAN (Sol),Gordon MACDIARMID (Glasgow First),skipped,skipped,skipped,skipped,skipped,skipped,skipped,4,10
3881,Alistair WATSON (Lab),Gail SHERIDAN (Sol),Gordon MACDIARMID (Glasgow First),skipped,skipped,skipped,skipped,skipped,skipped,skipped,4,10
3882,Alistair WATSON (Lab),Gail SHERIDAN (Sol),Gordon MACDIARMID (Glasgow First),skipped,skipped,skipped,skipped,skipped,skipped,skipped,4,10
3883,Alistair WATSON (Lab),Gail SHERIDAN (Sol),Gordon MACDIARMID (Glasgow First),skipped,skipped,skipped,skipped,skipped,skipped,skipped,4,10
3884,Alistair WATSON (Lab),Gail SHERIDAN (Sol),Gordon MACDIARMID (Glasgow First),skipped,skipped,skipped,skipped,skipped,skipped,skipped,4,10
3885,Alistair WATSON (Lab),Gail SHERIDAN (Sol),Gordon MACDIARMID (Glasgow First),skipped,skipped,skipped,skipped,skipped,skipped,skipped,4,10
3886,Alistair WATSON (Lab),Gail SHERIDAN (Sol),Gordon MACDIARMID (Glasgow First),Jim TORRANCE (SNP),skipped,skipped,skipped,skipped,skipped,skipped,4,10
3887,Alistair WATSON (Lab),Gail SHERIDAN (Sol),Gordon MACDIARMID (Glasgow First),Jim TORRANCE (SNP),skipped,skipped,skipped,skipped,skipped,skipped,4,10
3888,Alistair WATSON (Lab),Gail SHERIDAN (Sol),Janice MACKAY (UKIP),skipped,skipped,skipped,skipped,skipped,skipped,skipped,4,10
3889,Alistair WATSON (Lab),Gail SHERIDAN (Sol),Janice MACKAY (UKIP),Ian RUFFELL (Grn),Matt KERR (Lab),Gordon MACDIARMID (Glasgow First),Jim TORRANCE (SNP),Iris GIBSON (SNP),Jayne Ann MORGAN (Con),Isabel NELSON (LD),4,10
3890,Alistair WATSON (Lab),Gail SHERIDAN (Sol),Jayne Ann MORGAN (Con),Janice MACKAY (UKIP),Matt KERR (Lab),Ian RUFFELL (Grn),Isabel NELSON (LD),Jim TORRANCE (SNP),Gordon MACDIARMID (Glasgow First),Iris GIBSON (SNP),4,10
3891,Alistair WATSON (Lab),Gail SHERIDAN (Sol),Jayne Ann MORGAN (Con),Isabel NELSON (LD),skipped,skipped,skipped,skipped,skipped,skipped,4,10
3892,Alistair WATSON (Lab),Gail SHERIDAN (Sol),Isabel NELSON (LD),skipped,skipped,skipped,skipped,skipped,skipped,skipped,4,10
3893,Alistair WATSON (Lab),Gail SHERIDAN (Sol),Isabel NELSON (LD),skipped,skipped,skipped,skipped,skipped,skipped,skipped,4,10
3894,Alistair WATSON (Lab),Gail SHERIDAN (Sol),Isabel NELSON (LD),Matt KERR (Lab),Gordon MACDIARMID (Glasgow First),skipped,skipped,skipped,skipped,skipped,4,10
3895,Alistair WATSON (Lab),Gail SHERIDAN (Sol),Isabel NELSON (LD),Jayne Ann MORGAN (Con),skipped,skipped,skipped,skipped,skipped,skipped,4,10
3896,Alistair WATSON (Lab),Gail SHERIDAN (Sol),Ian RUFFELL (Grn),skipped,skipped,skipped,skipped,skipped,skipped,skipped,4,10
3897,Alistair WATSON (Lab),Gail SHERIDAN (Sol),Ian RUFFELL (Grn),skipped,skipped,skipped,skipped,skipped,skipped,skipped,4,10
3898,Alistair WATSON (Lab),Gail SHERIDAN (Sol),Ian RUFFELL (Grn),skipped,skipped,skipped,skipped,skipped,skipped,skipped,4,10
3899,Alistair WATSON (Lab),Gail SHERIDAN (Sol),Ian RUFFELL (Grn),Matt KERR (Lab),skipped,skipped,skipped,skipped,skipped,skipped,4,10
3900,Alistair WATSON (Lab),Gail SHERIDAN (Sol),Ian RUFFELL (Grn),Matt KERR (Lab),skipped,skipped,skipped,skipped,skipped,skipped,4,10
3901,Alistair WATSON (Lab),Gail SHERIDAN (Sol),Ian RUFFELL (Grn),Matt KERR (Lab),skipped,skipped,skipped,skipped,skipped,skipped,4,10
3902,Alistair WATSON (Lab),Gail SHERIDAN (Sol),Ian RUFFELL (Grn),Gordon MACDIARMID (Glasgow First),skipped,skipped,skipped,skipped,skipped,skipped,4,10
3903,Alistair WATSON (Lab),Gail SHERIDAN (Sol),Jim TORRANCE (SNP),skipped,skipped,skipped,skipped,skipped,skipped,skipped,4,10
3904,Alistair WATSON (Lab),Gail SHERIDAN (Sol),Jim TORRANCE (SNP),Matt KERR (Lab),skipped,skipped,skipped,skipped,skipped,skipped,4,10
3905,Alistair WATSON (Lab),Gail SHERIDAN (Sol),Jim TORRANCE (SNP),Matt KERR (Lab),Iris GIBSON (SNP),skipped,skipped,skipped,skipped,skipped,4,10
3906,Alistair WATSON (Lab),Jim TORRANCE (SNP),skipped,skipped,skipped,skipped,skipped,skipped,skipped,skipped,4,10
3907,Alistair WATSON (Lab),Jim TORRANCE (SNP),skipped,skipped,skipped,skipped,skipped,skipped,skipped,skipped,4,10
3908,Alistair WATSON (Lab),Jim TORRANCE (SNP),skipped,skipped,skipped,skipped,skipped,skipped,skipped,skipped,4,10
3909,Alistair WATSON (Lab),Jim TORRANCE (SNP),skipped,skipped,skipped,skipped,skipped,skipped,skipped,skipped,4,10
3910,Alistair WATSON (Lab),Jim TORRANCE (SNP),skipped,skipped,skipped,skipped,skipped,skipped,skipped,skipped,4,10
3911,Alistair WATSON (Lab),Jim TORRANCE (SNP),skipped,skipped,skipped,skipped,skipped,skipped,skipped,skipped,4,10
3912,Alistair WATSON (Lab),Jim TORRANCE (SNP),skipped,skipped,skipped,skipped,skipped,skipped,skipped,skipped,4,10
3913,Alistair WATSON (Lab),Jim TORRANCE (SNP),skipped,skipped,skipped,skipped,skipped,skipped,skipped,skipped,4,10
3914,Alistair WATSON (Lab),Jim TORRANCE (SNP),skipped,skipped,skipped,skipped,skipped,skipped,skipped,skipped,4,10
3915,Alistair WATSON (Lab),Jim TORRANCE (SNP),skipped,skipped,skipped,skipped,skipped,skipped,skipped,skipped,4,10
3916,Alistair WATSON (Lab),Jim TORRANCE (SNP),skipped,skipped,skipped,skipped,skipped,skipped,skipped,skipped,4,10
3917,Alistair WATSON (Lab),Jim TORRANCE (SNP),skipped,skipped,skipped,skipped,skipped,skipped,skipped,skipped,4,10
3918,Alistair WATSON (Lab),Jim TORRANCE (SNP),skipped,skipped,skipped,skipped,skipped,skipped,skipped,skipped,4,10
3919,Alistair WATSON (Lab),Jim TORRANCE (SNP),skipped,skipped,skipped,skipped,skipped,skipped,skipped,skipped,4,10
3920,Alistair WATSON (Lab),Jim TORRANCE (SNP),Iris GIBSON (SNP),skipped,skipped,skipped,skipped,skipped,skipped,skipped,4,10
3921,Alistair WATSON (Lab),Jim TORRANCE (SNP),Iris GIBSON (SNP),skipped,skipped,skipped,skipped,skipped,skipped,skipped,4,10
3922,Alistair WATSON (Lab),Jim TORRANCE (SNP),Iris GIBSON (SNP),skipped,skipped,skipped,skipped,skipped,skipped,skipped,4,10
3923,Alistair WATSON (Lab),Jim TORRANCE (SNP),Iris GIBSON (SNP),skipped,skipped,skipped,skipped,skipped,skipped,skipped,4,10
3924,Alistair WATSON (Lab),Jim TORRANCE (SNP),Iris GIBSON (SNP),skipped,skipped,skipped,skipped,skipped,skipped,skipped,4,10
3925,Alistair WATSON (Lab),Jim TORRANCE (SNP),Iris GIBSON (SNP),skipped,skipped,skipped,skipped,skipped,skipped,skipped,4,10
3926,Alistair WATSON (Lab),Jim TORRANCE (SNP),Iris GIBSON (SNP),skipped,skipped,skipped,skipped,skipped,skipped,skipped,4,10
3927,Alistair WATSON (Lab),Jim TORRANCE (SNP),Iris GIBSON (SNP),skipped,skipped,skipped,skipped,skipped,skipped,skipped,4,10
3928,Alistair WATSON (Lab),Jim TORRANCE (SNP),Iris GIBSON (SNP),skipped,skipped,skipped,skipped,skipped,skipped,skipped,4,10
3929,Alistair WATSON (Lab),Jim TORRANCE (SNP),Iris GIBSON (SNP),skipped,skipped,skipped,skipped,skipped,skipped,skipped,4,10
3930,Alistair WATSON (Lab),Jim TORRANCE (SNP),Iris GIBSON (SNP),skipped,skipped,skipped,skipped,skipped,skipped,skipped,4,10
3931,Alistair WATSON (Lab),Jim TORRANCE (SNP),Iris GIBSON (SNP),skipped,skipped,skipped,skipped,skipped,skipped,skipped,4,10
3932,Alistair WATSON (Lab),Jim TORRANCE (SNP),Iris GIBSON (SNP),skipped,skipped,skipped,skipped,skipped,skipped,skipped,4,10
3933,Alistair WATSON (Lab),Jim TORRANCE (SNP),Iris GIBSON (SNP),Matt KERR (Lab),skipped,skipped,skipped,skipped,skipped,skipped,4,10
3934,Alistair WATSON (Lab),Jim TORRANCE (SNP),Iris GIBSON (SNP),Matt KERR (Lab),skipped,skipped,skipped,skipped,skipped,skipped,4,10
3935,Alistair WATSON (Lab),Jim TORRANCE (SNP),Iris GIBSON (SNP),Matt KERR (Lab),Gordon MACDIARMID (Glasgow First),Jayne Ann MORGAN (Con),skipped,skipped,skipped,skipped,4,10
3936,Alistair WATSON (Lab),Jim TORRANCE (SNP),Iris GIBSON (SNP),Gordon MACDIARMID (Glasgow First),skipped,skipped,skipped,skipped,skipped,skipped,4,10
3937,Alistair WATSON (Lab),Jim TORRANCE (SNP),Iris GIBSON (SNP),Gordon MACDIARMID (Glasgow First),Janice MACKAY (UKIP),Matt KERR (Lab),Jayne Ann MORGAN (Con),Isabel NELSON (LD),Ian RUFFELL (Grn),Gail SHERIDAN (Sol),4,10
3938,Alistair WATSON (Lab),Jim TORRANCE (SNP),Iris GIBSON (SNP),Gail SHERIDAN (Sol),skipped,skipped,skipped,skipped,skipped,skipped,4,10
3939,Alistair WATSON (Lab),Jim TORRANCE (SNP),Matt KERR (Lab),skipped,skipped,skipped,skipped,skipped,skipped,skipped,4,10
3940,Alistair WATSON (Lab),Jim TORRANCE (SNP),Matt KERR (Lab),skipped,skipped,skipped,skipped,skipped,skipped,skipped,4,10
3941,Alistair WATSON (Lab),Jim TORRANCE (SNP),Matt KERR (Lab),skipped,skipped,skipped,skipped,skipped,skipped,skipped,4,10
3942,Alistair WATSON (Lab),Jim TORRANCE (SNP),Matt KERR (Lab),skipped,skipped,skipped,skipped,skipped,skipped,skipped,4,10
3943,Alistair WATSON (Lab),Jim TORRANCE (SNP),Matt KERR (Lab),skipped,skipped,skipped,skipped,skipped,skipped,skipped,4,10
3944,Alistair WATSON (Lab),Jim TORRANCE (SNP),Matt KERR (Lab),skipped,skipped,skipped,skipped,skipped,skipped,skipped,4,10
3945,Alistair WATSON (Lab),Jim TORRANCE (SNP),Matt KERR (Lab),skipped,skipped,skipped,skipped,skipped,skipped,skipped,4,10
3946,Alistair WATSON (Lab),Jim TORRANCE (SNP),Matt KERR (Lab),Iris GIBSON (SNP),skipped,skipped,skipped,skipped,skipped,skipped,4,10
3947,Alistair WATSON (Lab),Jim TORRANCE (SNP),Matt KERR (Lab),Iris GIBSON (SNP),skipped,skipped,skipped,skipped,skipped,skipped,4,10
3948,Alistair WATSON (Lab),Jim TORRANCE (SNP),Matt KERR (Lab),Iris GIBSON (SNP),skipped,skipped,skipped,skipped,skipped,skipped,4,10
3949,Alistair WATSON (Lab),Jim TORRANCE (SNP),Matt KERR (Lab),Iris GIBSON (SNP),Gordon MACDIARMID (Glasgow First),Ian RUFFELL (Grn),Gail SHERIDAN (Sol),Janice MACKAY (UKIP),Jayne Ann MORGAN (Con),Isabel NELSON (LD),4,10
3950,Alistair WATSON (Lab),Jim TORRANCE (SNP),Matt KERR (Lab),Iris GIBSON (SNP),Jayne Ann MORGAN (Con),Gordon MACDIARMID (Glasgow First),Isabel NELSON (LD),Janice MACKAY (UKIP),Ian RUFFELL (Grn),Gail SHERIDAN (Sol),4,10
3951,Alistair WATSON (Lab),Jim TORRANCE (SNP),Matt KERR (Lab),Iris GIBSON (SNP),Isabel NELSON (LD),Gordon MACDIARMID (Glasgow First),Ian RUFFELL (Grn),Jayne Ann MORGAN (Con),Janice MACKAY (UKIP),Gail SHERIDAN (Sol),4,10
3952,Alistair WATSON (Lab),Jim TORRANCE (SNP),Matt KERR (Lab),Iris GIBSON (SNP),Gail SHERIDAN (Sol),skipped,skipped,skipped,skipped,skipped,4,10
3953,Alistair WATSON (Lab),Jim TORRANCE (SNP),Matt KERR (Lab),Iris GIBSON (SNP),Gail SHERIDAN (Sol),skipped,skipped,skipped,skipped,skipped,4,10
3954,Alistair WATSON (Lab),Jim TORRANCE (SNP),Matt KERR (Lab),Isabel NELSON (LD),skipped,skipped,skipped,skipped,skipped,skipped,4,10
3955,Alistair WATSON (Lab),Jim TORRANCE (SNP),Matt KERR (Lab),Gail SHERIDAN (Sol),Iris GIBSON (SNP),skipped,skipped,skipped,skipped,skipped,4,10
3956,Alistair WATSON (Lab),Jim TORRANCE (SNP),Gordon MACDIARMID (Glasgow First),skipped,skipped,skipped,skipped,skipped,skipped,skipped,4,10
3957,Alistair WATSON (Lab),Jim TORRANCE (SNP),Isabel NELSON (LD),Iris GIBSON (SNP),Matt KERR (Lab),Gordon MACDIARMID (Glasgow First),Jayne Ann MORGAN (Con),Ian RUFFELL (Grn),Janice MACKAY (UKIP),Gail SHERIDAN (Sol),4,10
3958,Alistair WATSON (Lab),Jim TORRANCE (SNP),Isabel NELSON (LD),Janice MACKAY (UKIP),Iris GIBSON (SNP),Matt KERR (Lab),skipped,skipped,skipped,skipped,4,10
3959,Alistair WATSON (Lab),Jim TORRANCE (SNP),Isabel NELSON (LD),Janice MACKAY (UKIP),Iris GIBSON (SNP),Matt KERR (Lab),skipped,skipped,skipped,skipped,4,10
3960,Alistair WATSON (Lab),Jim TORRANCE (SNP),Isabel NELSON (LD),Ian RUFFELL (Grn),Iris GIBSON (SNP),skipped,skipped,skipped,skipped,skipped,4,10
3961,Alistair WATSON (Lab),Jim TORRANCE (SNP),Isabel NELSON (LD),Gail SHERIDAN (Sol),skipped,skipped,skipped,skipped,skipped,skipped,4,10
3962,Alistair WATSON (Lab),Jim TORRANCE (SNP),Ian RUFFELL (Grn),skipped,skipped,skipped,skipped,skipped,skipped,skipped,4,10
3963,Alistair WATSON (Lab),Jim TORRANCE (SNP),Ian RUFFELL (Grn),skipped,skipped,skipped,skipped,skipped,skipped,skipped,4,10
3964,Alistair WATSON (Lab),Jim TORRANCE (SNP),Ian RUFFELL (Grn),skipped,skipped,skipped,skipped,skipped,skipped,skipped,4,10
3965,Alistair WATSON (Lab),Jim TORRANCE (SNP),Ian RUFFELL (Grn),skipped,skipped,skipped,skipped,skipped,skipped,skipped,4,10
3966,Alistair WATSON (Lab),Jim TORRANCE (SNP),Ian RUFFELL (Grn),Iris GIBSON (SNP),skipped,skipped,skipped,skipped,skipped,skipped,4,10
3967,Alistair WATSON (Lab),Jim TORRANCE (SNP),Gail SHERIDAN (Sol),skipped,skipped,skipped,skipped,skipped,skipped,skipped,4,10
3968,Alistair WATSON (Lab),Jim TORRANCE (SNP),Gail SHERIDAN (Sol),skipped,skipped,skipped,skipped,skipped,skipped,skipped,4,10
3969,Alistair WATSON (Lab),Jim TORRANCE (SNP),Gail SHERIDAN (Sol),skipped,skipped,skipped,skipped,skipped,skipped,skipped,4,10
3970,Alistair WATSON (Lab),Jim TORRANCE (SNP),Gail SHERIDAN (Sol),skipped,skipped,skipped,skipped,skipped,skipped,skipped,4,10
3971,Alistair WATSON (Lab),Jim TORRANCE (SNP),Gail SHERIDAN (Sol),Iris GIBSON (SNP),skipped,skipped,skipped,skipped,skipped,skipped,4,10
3972,Alistair WATSON (Lab),Jim TORRANCE (SNP),Gail SHERIDAN (Sol),Iris GIBSON (SNP),Matt KERR (Lab),skipped,skipped,skipped,skipped,skipped,4,10
3973,Alistair WATSON (Lab),Jim TORRANCE (SNP),Gail SHERIDAN (Sol),Matt KERR (Lab),skipped,skipped,skipped,skipped,skipped,skipped,4,10
3974,Alistair WATSON (Lab),Jim TORRANCE (SNP),Gail SHERIDAN (Sol),Matt KERR (Lab),Iris GIBSON (SNP),skipped,skipped,skipped,skipped,skipped,4,10
3975,Alistair WATSON (Lab),Jim TORRANCE (SNP),Gail SHERIDAN (Sol),Matt KERR (Lab),Iris GIBSON (SNP),Gordon MACDIARMID (Glasgow First),Jayne Ann MORGAN (Con),Isabel NELSON (LD),Ian RUFFELL (Grn),Janice MACKAY (UKIP),4,10
3976,Alistair WATSON (Lab),Jim TORRANCE (SNP),Gail SHERIDAN (Sol),Matt KERR (Lab),Gordon MACDIARMID (Glasgow First),Ian RUFFELL (Grn),Iris GIBSON (SNP),skipped,skipped,skipped,4,10
3977,Alistair WATSON (Lab),Jim TORRANCE (SNP),Gail SHERIDAN (Sol),Ian RUFFELL (Grn),Matt KERR (Lab),Iris GIBSON (SNP),Gordon MACDIARMID (Glasgow First),skipped,skipped,skipped,4,10
3978,Matt KERR (Lab),skipped,skipped,skipped,skipped,skipped,skipped,skipped,skipped,skipped,4,10
3979,Matt KERR (Lab),skipped,skipped,skipped,skipped,skipped,skipped,skipped,skipped,skipped,4,10
3980,Matt KERR (Lab),skipped,skipped,skipped,skipped,skipped,skipped,skipped,skipped,skipped,4,10
3981,Matt KERR (Lab),skipped,skipped,skipped,skipped,skipped,skipped,skipped,skipped,skipped,4,10
3982,Matt KERR (Lab),skipped,skipped,skipped,skipped,skipped,skipped,skipped,skipped,skipped,4,10
3983,Matt KERR (Lab),skipped,skipped,skipped,skipped,skipped,skipped,skipped,skipped,skipped,4,10
3984,Matt KERR (Lab),skipped,skipped,skipped,skipped,skipped,skipped,skipped,skipped,skipped,4,10
3985,Matt KERR (Lab),skipped,skipped,skipped,skipped,skipped,skipped,skipped,skipped,skipped,4,10
3986,Matt KERR (Lab),skipped,skipped,skipped,skipped,skipped,skipped,skipped,skipped,skipped,4,10
3987,Matt KERR (Lab),skipped,skipped,skipped,skipped,skipped,skipped,skipped,skipped,skipped,4,10
3988,Matt KERR (Lab),skipped,skipped,skipped,skipped,skipped,skipped,skipped,skipped,skipped,4,10
3989,Matt KERR (Lab),skipped,skipped,skipped,skipped,skipped,skipped,skipped,skipped,skipped,4,10
3990,Matt KERR (Lab),skipped,skipped,skipped,skipped,skipped,skipped,skipped,skipped,skipped,4,10
3991,Matt KERR (Lab),skipped,skipped,skipped,skipped,skipped,skipped,skipped,skipped,skipped,4,10
3992,Matt KERR (Lab),skipped,skipped,skipped,skipped,skipped,skipped,skipped,skipped,skipped,4,10
3993,Matt KERR (Lab),skipped,skipped,skipped,skipped,skipped,skipped,skipped,skipped,skipped,4,10
3994,Matt KERR (Lab),skipped,skipped,skipped,skipped,skipped,skipped,skipped,skipped,skipped,4,10
3995,Matt KERR (Lab),skipped,skipped,skipped,skipped,skipped,skipped,skipped,skipped,skipped,4,10
3996,Matt KERR (Lab),skipped,skipped,skipped,skipped,skipped,skipped,skipped,skipped,skipped,4,10
3997,Matt KERR (Lab),skipped,skipped,skipped,skipped,skipped,skipped,skipped,skipped,skipped,4,10
3998,Matt KERR (Lab),skipped,skipped,skipped,skipped,skipped,skipped,skipped,skipped,skipped,4,10
3999,Matt KERR (Lab),skipped,skipped,skipped,skipped,skipped,skipped,skipped,skipped,skipped,4,10
4000,Matt KERR (Lab),skipped,skipped,skipped,skipped,skipped,skipped,skipped,skipped,skipped,4,10
4001,Matt KERR (Lab),skipped,skipped,skipped,skipped,skipped,skipped,skipped,skipped,skipped,4,10
4002,Matt KERR (Lab),skipped,skipped,skipped,skipped,skipped,skipped,skipped,skipped,skipped,4,10
4003,Matt KERR (Lab),skipped,skipped,skipped,skipped,skipped,skipped,skipped,skipped,skipped,4,10
4004,Matt KERR (Lab),skipped,skipped,skipped,skipped,skipped,skipped,skipped,skipped,skipped,4,10
4005,Matt KERR (Lab),skipped,skipped,skipped,skipped,skipped,skipped,skipped,skipped,skipped,4,10
4006,Matt KERR (Lab),skipped,skipped,skipped,skipped,skipped,skipped,skipped,skipped,skipped,4,10
4007,Matt KERR (Lab),skipped,skipped,skipped,skipped,skipped,skipped,skipped,skipped,skipped,4,10
4008,Matt KERR (Lab),skipped,skipped,skipped,skipped,skipped,skipped,skipped,skipped,skipped,4,10
4009,Matt KERR (Lab),skipped,skipped,skipped,skipped,skipped,skipped,skipped,skipped,skipped,4,10
4010,Matt KERR (Lab),skipped,skipped,skipped,skipped,skipped,skipped,skipped,skipped,skipped,4,10
4011,Matt KERR (Lab),skipped,skipped,skipped,skipped,skipped,skipped,skipped,skipped,skipped,4,10
4012,Matt KERR (Lab),skipped,skipped,skipped,skipped,skipped,skipped,skipped,skipped,skipped,4,10
4013,Matt KERR (Lab),skipped,skipped,skipped,skipped,skipped,skipped,skipped,skipped,skipped,4,10
4014,Matt KERR (Lab),skipped,skipped,skipped,skipped,skipped,skipped,skipped,skipped,skipped,4,10
4015,Matt KERR (Lab),skipped,skipped,skipped,skipped,skipped,skipped,skipped,skipped,skipped,4,10
4016,Matt KERR (Lab),skipped,skipped,skipped,skipped,skipped,skipped,skipped,skipped,skipped,4,10
4017,Matt KERR (Lab),skipped,skipped,skipped,skipped,skipped,skipped,skipped,skipped,skipped,4,10
4018,Matt KERR (Lab),skipped,skipped,skipped,skipped,skipped,skipped,skipped,skipped,skipped,4,10
4019,Matt KERR (Lab),skipped,skipped,skipped,skipped,skipped,skipped,skipped,skipped,skipped,4,10
4020,Matt KERR (Lab),skipped,skipped,skipped,skipped,skipped,skipped,skipped,skipped,skipped,4,10
4021,Matt KERR (Lab),skipped,skipped,skipped,skipped,skipped,skipped,skipped,skipped,skipped,4,10
4022,Matt KERR (Lab),skipped,skipped,skipped,skipped,skipped,skipped,skipped,skipped,skipped,4,10
4023,Matt KERR (Lab),skipped,skipped,skipped,skipped,skipped,skipped,skipped,skipped,skipped,4,10
4024,Matt KERR (Lab),skipped,skipped,skipped,skipped,skipped,skipped,skipped,skipped,skipped,4,10
4025,Matt KERR (Lab),skipped,skipped,skipped,skipped,skipped,skipped,skipped,skipped,skipped,4,10
4026,Matt KERR (Lab),skipped,skipped,skipped,skipped,skipped,skipped,skipped,skipped,skipped,4,10
4027,Matt KERR (Lab),skipped,skipped,skipped,skipped,skipped,skipped,skipped,skipped,skipped,4,10
4028,Matt KERR (Lab),skipped,skipped,skipped,skipped,skipped,skipped,skipped,skipped,skipped,4,10
4029,Matt KERR (Lab),skipped,skipped,skipped,skipped,skipped,skipped,skipped,skipped,skipped,4,10
4030,Matt KERR (Lab),skipped,skipped,skipped,skipped,skipped,skipped,skipped,skipped,skipped,4,10
4031,Matt KERR (Lab),skipped,skipped,skipped,skipped,skipped,skipped,skipped,skipped,skipped,4,10
4032,Matt KERR (Lab),skipped,skipped,skipped,skipped,skipped,skipped,skipped,skipped,skipped,4,10
4033,Matt KERR (Lab),skipped,skipped,skipped,skipped,skipped,skipped,skipped,skipped,skipped,4,10
4034,Matt KERR (Lab),skipped,skipped,skipped,skipped,skipped,skipped,skipped,skipped,skipped,4,10
4035,Matt KERR (Lab),skipped,skipped,skipped,skipped,skipped,skipped,skipped,skipped,skipped,4,10
4036,Matt KERR (Lab),skipped,skipped,skipped,skipped,skipped,skipped,skipped,skipped,skipped,4,10
4037,Matt KERR (Lab),skipped,skipped,skipped,skipped,skipped,skipped,skipped,skipped,skipped,4,10
4038,Matt KERR (Lab),skipped,skipped,skipped,skipped,skipped,skipped,skipped,skipped,skipped,4,10
4039,Matt KERR (Lab),skipped,skipped,skipped,skipped,skipped,skipped,skipped,skipped,skipped,4,10
4040,Matt KERR (Lab),skipped,skipped,skipped,skipped,skipped,skipped,skipped,skipped,skipped,4,10
4041,Matt KERR (Lab),skipped,skipped,skipped,skipped,skipped,skipped,skipped,skipped,skipped,4,10
4042,Matt KERR (Lab),skipped,skipped,skipped,skipped,skipped,skipped,skipped,skipped,skipped,4,10
4043,Matt KERR (Lab),skipped,skipped,skipped,skipped,skipped,skipped,skipped,skipped,skipped,4,10
4044,Matt KERR (Lab),skipped,skipped,skipped,skipped,skipped,skipped,skipped,skipped,skipped,4,10
4045,Matt KERR (Lab),skipped,skipped,skipped,skipped,skipped,skipped,skipped,skipped,skipped,4,10
4046,Matt KERR (Lab),skipped,skipped,skipped,skipped,skipped,skipped,skipped,skipped,skipped,4,10
4047,Matt KERR (Lab),skipped,skipped,skipped,skipped,skipped,skipped,skipped,skipped,skipped,4,10
4048,Matt KERR (Lab),skipped,skipped,skipped,skipped,skipped,skipped,skipped,skipped,skipped,4,10
4049,Matt KERR (Lab),skipped,skipped,skipped,skipped,skipped,skipped,skipped,skipped,skipped,4,10
4050,Matt KERR (Lab),skipped,skipped,skipped,skipped,skipped,skipped,skipped,skipped,skipped,4,10
4051,Matt KERR (Lab),skipped,skipped,skipped,skipped,skipped,skipped,skipped,skipped,skipped,4,10
4052,Matt KERR (Lab),skipped,skipped,skipped,skipped,skipped,skipped,skipped,skipped,skipped,4,10
4053,Matt KERR (Lab),skipped,skipped,skipped,skipped,skipped,skipped,skipped,skipped,skipped,4,10
4054,Matt KERR (Lab),skipped,skipped,skipped,skipped,skipped,skipped,skipped,skipped,skipped,4,10
4055,Matt KERR (Lab),skipped,skipped,skipped,skipped,skipped,skipped,skipped,skipped,skipped,4,10
4056,Matt KERR (Lab),skipped,skipped,skipped,skipped,skipped,skipped,skipped,skipped,skipped,4,10
4057,Matt KERR (Lab),skipped,skipped,skipped,skipped,skipped,skipped,skipped,skipped,skipped,4,10
4058,Matt KERR (Lab),skipped,skipped,skipped,skipped,skipped,skipped,skipped,skipped,skipped,4,10
4059,Matt KERR (Lab),skipped,skipped,skipped,skipped,skipped,skipped,skipped,skipped,skipped,4,10
4060,Matt KERR (Lab),skipped,skipped,skipped,skipped,skipped,skipped,skipped,skipped,skipped,4,10
4061,Matt KERR (Lab),skipped,skipped,skipped,skipped,skipped,skipped,skipped,skipped,skipped,4,10
4062,Matt KERR (Lab),skipped,skipped,skipped,skipped,skipped,skipped,skipped,skipped,skipped,4,10
4063,Matt KERR (Lab),skipped,skipped,skipped,skipped,skipped,skipped,skipped,skipped,skipped,4,10
4064,Matt KERR (Lab),skipped,skipped,skipped,skipped,skipped,skipped,skipped,skipped,skipped,4,10
4065,Matt KERR (Lab),skipped,skipped,skipped,skipped,skipped,skipped,skipped,skipped,skipped,4,10
4066,Matt KERR (Lab),skipped,skipped,skipped,skipped,skipped,skipped,skipped,skipped,skipped,4,10
4067,Matt KERR (Lab),skipped,skipped,skipped,skipped,skipped,skipped,skipped,skipped,skipped,4,10
4068,Matt KERR (Lab),skipped,skipped,skipped,skipped,skipped,skipped,skipped,skipped,skipped,4,10
4069,Matt KERR (Lab),skipped,skipped,skipped,skipped,skipped,skipped,skipped,skipped,skipped,4,10
4070,Matt KERR (Lab),skipped,skipped,skipped,skipped,skipped,skipped,skipped,skipped,skipped,4,10
4071,Matt KERR (Lab),skipped,skipped,skipped,skipped,skipped,skipped,skipped,skipped,skipped,4,10
4072,Matt KERR (Lab),skipped,skipped,skipped,skipped,skipped,skipped,skipped,skipped,skipped,4,10
4073,Matt KERR (Lab),skipped,skipped,skipped,skipped,skipped,skipped,skipped,skipped,skipped,4,10
4074,Matt KERR (Lab),skipped,skipped,skipped,skipped,skipped,skipped,skipped,skipped,skipped,4,10
4075,Matt KERR (Lab),skipped,skipped,skipped,skipped,skipped,skipped,skipped,skipped,skipped,4,10
4076,Matt KERR (Lab),skipped,skipped,skipped,skipped,skipped,skipped,skipped,skipped,skipped,4,10
4077,Matt KERR (Lab),skipped,skipped,skipped,skipped,skipped,skipped,skipped,skipped,skipped,4,10
4078,Matt KERR (Lab),skipped,skipped,skipped,skipped,skipped,skipped,skipped,skipped,skipped,4,10
4079,Matt KERR (Lab),skipped,skipped,skipped,skipped,skipped,skipped,skipped,skipped,skipped,4,10
4080,Matt KERR (Lab),skipped,skipped,skipped,skipped,skipped,skipped,skipped,skipped,skipped,4,10
4081,Matt KERR (Lab),skipped,skipped,skipped,skipped,skipped,skipped,skipped,skipped,skipped,4,10
4082,Matt KERR (Lab),skipped,skipped,skipped,skipped,skipped,skipped,skipped,skipped,skipped,4,10
4083,Matt KERR (Lab),skipped,skipped,skipped,skipped,skipped,skipped,skipped,skipped,skipped,4,10
4084,Matt KERR (Lab),skipped,skipped,skipped,skipped,skipped,skipped,skipped,skipped,skipped,4,10
4085,Matt KERR (Lab),skipped,skipped,skipped,skipped,skipped,skipped,skipped,skipped,skipped,4,10
4086,Matt KERR (Lab),skipped,skipped,skipped,skipped,skipped,skipped,skipped,skipped,skipped,4,10
4087,Matt KERR (Lab),skipped,skipped,skipped,skipped,skipped,skipped,skipped,skipped,skipped,4,10
4088,Matt KERR (Lab),skipped,skipped,skipped,skipped,skipped,skipped,skipped,skipped,skipped,4,10
4089,Matt KERR (Lab),skipped,skipped,skipped,skipped,skipped,skipped,skipped,skipped,skipped,4,10
4090,Matt KERR (Lab),skipped,skipped,skipped,skipped,skipped,skipped,skipped,skipped,skipped,4,10
4091,Matt KERR (Lab),skipped,skipped,skipped,skipped,skipped,skipped,skipped,skipped,skipped,4,10
4092,Matt KERR (Lab),skipped,skipped,skipped,skipped,skipped,skipped,skipped,skipped,skipped,4,10
4093,Matt KERR (Lab),skipped,skipped,skipped,skipped,skipped,skipped,skipped,skipped,skipped,4,10
4094,Matt KERR (Lab),skipped,skipped,skipped,skipped,skipped,skipped,skipped,skipped,skipped,4,10
4095,Matt KERR (Lab),skipped,skipped,skipped,skipped,skipped,skipped,skipped,skipped,skipped,4,10
4096,Matt KERR (Lab),skipped,skipped,skipped,skipped,skipped,skipped,skipped,skipped,skipped,4,10
4097,Matt KERR (Lab),skipped,skipped,skipped,skipped,skipped,skipped,skipped,skipped,skipped,4,10
4098,Matt KERR (Lab),skipped,skipped,skipped,skipped,skipped,skipped,skipped,skipped,skipped,4,10
4099,Matt KERR (Lab),skipped,skipped,skipped,skipped,skipped,skipped,skipped,skipped,skipped,4,10
4100,Matt KERR (Lab),skipped,skipped,skipped,skipped,skipped,skipped,skipped,skipped,skipped,4,10
4101,Matt KERR (Lab),skipped,skipped,skipped,skipped,skipped,skipped,skipped,skipped,skipped,4,10
4102,Matt KERR (Lab),skipped,skipped,skipped,skipped,skipped,skipped,skipped,skipped,skipped,4,10
4103,Matt KERR (Lab),skipped,skipped,skipped,skipped,skipped,skipped,skipped,skipped,skipped,4,10
4104,Matt KERR (Lab),skipped,skipped,skipped,skipped,skipped,skipped,skipped,skipped,skipped,4,10
4105,Matt KERR (Lab),skipped,skipped,skipped,skipped,skipped,skipped,skipped,skipped,skipped,4,10
4106,Matt KERR (Lab),skipped,skipped,skipped,skipped,skipped,skipped,skipped,skipped,skipped,4,10
4107,Matt KERR (Lab),skipped,skipped,skipped,skipped,skipped,skipped,skipped,skipped,skipped,4,10
4108,Matt KERR (Lab),skipped,skipped,skipped,skipped,skipped,skipped,skipped,skipped,skipped,4,10
4109,Matt KERR (Lab),skipped,skipped,skipped,skipped,skipped,skipped,skipped,skipped,skipped,4,10
4110,Matt KERR (Lab),skipped,skipped,skipped,skipped,skipped,skipped,skipped,skipped,skipped,4,10
4111,Matt KERR (Lab),skipped,skipped,skipped,skipped,skipped,skipped,skipped,skipped,skipped,4,10
4112,Matt KERR (Lab),skipped,skipped,skipped,skipped,skipped,skipped,skipped,skipped,skipped,4,10
4113,Matt KERR (Lab),skipped,skipped,skipped,skipped,skipped,skipped,skipped,skipped,skipped,4,10
4114,Matt KERR (Lab),skipped,skipped,skipped,skipped,skipped,skipped,skipped,skipped,skipped,4,10
4115,Matt KERR (Lab),skipped,skipped,skipped,skipped,skipped,skipped,skipped,skipped,skipped,4,10
4116,Matt KERR (Lab),skipped,skipped,skipped,skipped,skipped,skipped,skipped,skipped,skipped,4,10
4117,Matt KERR (Lab),skipped,skipped,skipped,skipped,skipped,skipped,skipped,skipped,skipped,4,10
4118,Matt KERR (Lab),skipped,skipped,skipped,skipped,skipped,skipped,skipped,skipped,skipped,4,10
4119,Matt KERR (Lab),skipped,skipped,skipped,skipped,skipped,skipped,skipped,skipped,skipped,4,10
4120,Matt KERR (Lab),skipped,skipped,skipped,skipped,skipped,skipped,skipped,skipped,skipped,4,10
4121,Matt KERR (Lab),skipped,skipped,skipped,skipped,skipped,skipped,skipped,skipped,skipped,4,10
4122,Matt KERR (Lab),skipped,skipped,skipped,skipped,skipped,skipped,skipped,skipped,skipped,4,10
4123,Matt KERR (Lab),skipped,skipped,skipped,skipped,skipped,skipped,skipped,skipped,skipped,4,10
4124,Matt KERR (Lab),skipped,skipped,skipped,skipped,skipped,skipped,skipped,skipped,skipped,4,10
4125,Matt KERR (Lab),skipped,skipped,skipped,skipped,skipped,skipped,skipped,skipped,skipped,4,10
4126,Matt KERR (Lab),skipped,skipped,skipped,skipped,skipped,skipped,skipped,skipped,skipped,4,10
4127,Matt KERR (Lab),skipped,skipped,skipped,skipped,skipped,skipped,skipped,skipped,skipped,4,10
4128,Matt KERR (Lab),skipped,skipped,skipped,skipped,skipped,skipped,skipped,skipped,skipped,4,10
4129,Matt KERR (Lab),skipped,skipped,skipped,skipped,skipped,skipped,skipped,skipped,skipped,4,10
4130,Matt KERR (Lab),skipped,skipped,skipped,skipped,skipped,skipped,skipped,skipped,skipped,4,10
4131,Matt KERR (Lab),skipped,skipped,skipped,skipped,skipped,skipped,skipped,skipped,skipped,4,10
4132,Matt KERR (Lab),skipped,skipped,skipped,skipped,skipped,skipped,skipped,skipped,skipped,4,10
4133,Matt KERR (Lab),skipped,skipped,skipped,skipped,skipped,skipped,skipped,skipped,skipped,4,10
4134,Matt KERR (Lab),skipped,skipped,skipped,skipped,skipped,skipped,skipped,skipped,skipped,4,10
4135,Matt KERR (Lab),skipped,skipped,skipped,skipped,skipped,skipped,skipped,skipped,skipped,4,10
4136,Matt KERR (Lab),skipped,skipped,skipped,skipped,skipped,skipped,skipped,skipped,skipped,4,10
4137,Matt KERR (Lab),skipped,skipped,skipped,skipped,skipped,skipped,skipped,skipped,skipped,4,10
4138,Matt KERR (Lab),skipped,skipped,skipped,skipped,skipped,skipped,skipped,skipped,skipped,4,10
4139,Matt KERR (Lab),skipped,skipped,skipped,skipped,skipped,skipped,skipped,skipped,skipped,4,10
4140,Matt KERR (Lab),skipped,skipped,skipped,skipped,skipped,skipped,skipped,skipped,skipped,4,10
4141,Matt KERR (Lab),skipped,skipped,skipped,skipped,skipped,skipped,skipped,skipped,skipped,4,10
4142,Matt KERR (Lab),skipped,skipped,skipped,skipped,skipped,skipped,skipped,skipped,skipped,4,10
4143,Matt KERR (Lab),skipped,skipped,skipped,skipped,skipped,skipped,skipped,skipped,skipped,4,10
4144,Matt KERR (Lab),skipped,skipped,skipped,skipped,skipped,skipped,skipped,skipped,skipped,4,10
4145,Matt KERR (Lab),skipped,skipped,skipped,skipped,skipped,skipped,skipped,skipped,skipped,4,10
4146,Matt KERR (Lab),skipped,skipped,skipped,skipped,skipped,skipped,skipped,skipped,skipped,4,10
4147,Matt KERR (Lab),skipped,skipped,skipped,skipped,skipped,skipped,skipped,skipped,skipped,4,10
4148,Matt KERR (Lab),skipped,skipped,skipped,skipped,skipped,skipped,skipped,skipped,skipped,4,10
4149,Matt KERR (Lab),skipped,skipped,skipped,skipped,skipped,skipped,skipped,skipped,skipped,4,10
4150,Matt KERR (Lab),skipped,skipped,skipped,skipped,skipped,skipped,skipped,skipped,skipped,4,10
4151,Matt KERR (Lab),skipped,skipped,skipped,skipped,skipped,skipped,skipped,skipped,skipped,4,10
4152,Matt KERR (Lab),skipped,skipped,skipped,skipped,skipped,skipped,skipped,skipped,skipped,4,10
4153,Matt KERR (Lab),skipped,skipped,skipped,skipped,skipped,skipped,skipped,skipped,skipped,4,10
4154,Matt KERR (Lab),skipped,skipped,skipped,skipped,skipped,skipped,skipped,skipped,skipped,4,10
4155,Matt KERR (Lab),skipped,skipped,skipped,skipped,skipped,skipped,skipped,skipped,skipped,4,10
4156,Matt KERR (Lab),Iris GIBSON (SNP),skipped,skipped,skipped,skipped,skipped,skipped,skipped,skipped,4,10
4157,Matt KERR (Lab),Iris GIBSON (SNP),skipped,skipped,skipped,skipped,skipped,skipped,skipped,skipped,4,10
4158,Matt KERR (Lab),Iris GIBSON (SNP),skipped,skipped,skipped,skipped,skipped,skipped,skipped,skipped,4,10
4159,Matt KERR (Lab),Iris GIBSON (SNP),skipped,skipped,skipped,skipped,skipped,skipped,skipped,skipped,4,10
4160,Matt KERR (Lab),Iris GIBSON (SNP),skipped,skipped,skipped,skipped,skipped,skipped,skipped,skipped,4,10
4161,Matt KERR (Lab),Iris GIBSON (SNP),skipped,skipped,skipped,skipped,skipped,skipped,skipped,skipped,4,10
4162,Matt KERR (Lab),Iris GIBSON (SNP),skipped,skipped,skipped,skipped,skipped,skipped,skipped,skipped,4,10
4163,Matt KERR (Lab),Iris GIBSON (SNP),skipped,skipped,skipped,skipped,skipped,skipped,skipped,skipped,4,10
4164,Matt KERR (Lab),Iris GIBSON (SNP),skipped,skipped,skipped,skipped,skipped,skipped,skipped,skipped,4,10
4165,Matt KERR (Lab),Iris GIBSON (SNP),skipped,skipped,skipped,skipped,skipped,skipped,skipped,skipped,4,10
4166,Matt KERR (Lab),Iris GIBSON (SNP),skipped,skipped,skipped,skipped,skipped,skipped,skipped,skipped,4,10
4167,Matt KERR (Lab),Iris GIBSON (SNP),skipped,skipped,skipped,skipped,skipped,skipped,skipped,skipped,4,10
4168,Matt KERR (Lab),Iris GIBSON (SNP),skipped,skipped,skipped,skipped,skipped,skipped,skipped,skipped,4,10
4169,Matt KERR (Lab),Iris GIBSON (SNP),skipped,skipped,skipped,skipped,skipped,skipped,skipped,skipped,4,10
4170,Matt KERR (Lab),Iris GIBSON (SNP),skipped,skipped,skipped,skipped,skipped,skipped,skipped,skipped,4,10
4171,Matt KERR (Lab),Iris GIBSON (SNP),skipped,skipped,skipped,skipped,skipped,skipped,skipped,skipped,4,10
4172,Matt KERR (Lab),Iris GIBSON (SNP),skipped,skipped,skipped,skipped,skipped,skipped,skipped,skipped,4,10
4173,Matt KERR (Lab),Iris GIBSON (SNP),skipped,skipped,skipped,skipped,skipped,skipped,skipped,skipped,4,10
4174,Matt KERR (Lab),Iris GIBSON (SNP),skipped,skipped,skipped,skipped,skipped,skipped,skipped,skipped,4,10
4175,Matt KERR (Lab),Iris GIBSON (SNP),skipped,skipped,skipped,skipped,skipped,skipped,skipped,skipped,4,10
4176,Matt KERR (Lab),Iris GIBSON (SNP),skipped,skipped,skipped,skipped,skipped,skipped,skipped,skipped,4,10
4177,Matt KERR (Lab),Iris GIBSON (SNP),skipped,skipped,skipped,skipped,skipped,skipped,skipped,skipped,4,10
4178,Matt KERR (Lab),Iris GIBSON (SNP),skipped,skipped,skipped,skipped,skipped,skipped,skipped,skipped,4,10
4179,Matt KERR (Lab),Iris GIBSON (SNP),skipped,skipped,skipped,skipped,skipped,skipped,skipped,skipped,4,10
4180,Matt KERR (Lab),Iris GIBSON (SNP),skipped,skipped,skipped,skipped,skipped,skipped,skipped,skipped,4,10
4181,Matt KERR (Lab),Iris GIBSON (SNP),skipped,skipped,skipped,skipped,skipped,skipped,skipped,skipped,4,10
4182,Matt KERR (Lab),Iris GIBSON (SNP),skipped,skipped,skipped,skipped,skipped,skipped,skipped,skipped,4,10
4183,Matt KERR (Lab),Iris GIBSON (SNP),skipped,skipped,skipped,skipped,skipped,skipped,skipped,skipped,4,10
4184,Matt KERR (Lab),Iris GIBSON (SNP),skipped,skipped,skipped,skipped,skipped,skipped,skipped,skipped,4,10
4185,Matt KERR (Lab),Iris GIBSON (SNP),skipped,skipped,skipped,skipped,skipped,skipped,skipped,skipped,4,10
4186,Matt KERR (Lab),Iris GIBSON (SNP),skipped,skipped,skipped,skipped,skipped,skipped,skipped,skipped,4,10
4187,Matt KERR (Lab),Iris GIBSON (SNP),skipped,skipped,skipped,skipped,skipped,skipped,skipped,skipped,4,10
4188,Matt KERR (Lab),Iris GIBSON (SNP),skipped,skipped,skipped,skipped,skipped,skipped,skipped,skipped,4,10
4189,Matt KERR (Lab),Iris GIBSON (SNP),skipped,skipped,skipped,skipped,skipped,skipped,skipped,skipped,4,10
4190,Matt KERR (Lab),Iris GIBSON (SNP),skipped,skipped,skipped,skipped,skipped,skipped,skipped,skipped,4,10
4191,Matt KERR (Lab),Iris GIBSON (SNP),skipped,skipped,skipped,skipped,skipped,skipped,skipped,skipped,4,10
4192,Matt KERR (Lab),Iris GIBSON (SNP),Alistair WATSON (Lab),skipped,skipped,skipped,skipped,skipped,skipped,skipped,4,10
4193,Matt KERR (Lab),Iris GIBSON (SNP),Alistair WATSON (Lab),skipped,skipped,skipped,skipped,skipped,skipped,skipped,4,10
4194,Matt KERR (Lab),Iris GIBSON (SNP),Alistair WATSON (Lab),skipped,skipped,skipped,skipped,skipped,skipped,skipped,4,10
4195,Matt KERR (Lab),Iris GIBSON (SNP),Alistair WATSON (Lab),skipped,skipped,skipped,skipped,skipped,skipped,skipped,4,10
4196,Matt KERR (Lab),Iris GIBSON (SNP),Alistair WATSON (Lab),skipped,skipped,skipped,skipped,skipped,skipped,skipped,4,10
4197,Matt KERR (Lab),Iris GIBSON (SNP),Alistair WATSON (Lab),skipped,skipped,skipped,skipped,skipped,skipped,skipped,4,10
4198,Matt KERR (Lab),Iris GIBSON (SNP),Alistair WATSON (Lab),skipped,skipped,skipped,skipped,skipped,skipped,skipped,4,10
4199,Matt KERR (Lab),Iris GIBSON (SNP),Alistair WATSON (Lab),skipped,skipped,skipped,skipped,skipped,skipped,skipped,4,10
4200,Matt KERR (Lab),Iris GIBSON (SNP),Alistair WATSON (Lab),skipped,skipped,skipped,skipped,skipped,skipped,skipped,4,10
4201,Matt KERR (Lab),Iris GIBSON (SNP),Alistair WATSON (Lab),skipped,skipped,skipped,skipped,skipped,skipped,skipped,4,10
4202,Matt KERR (Lab),Iris GIBSON (SNP),Alistair WATSON (Lab),skipped,skipped,skipped,skipped,skipped,skipped,skipped,4,10
4203,Matt KERR (Lab),Iris GIBSON (SNP),Alistair WATSON (Lab),skipped,skipped,skipped,skipped,skipped,skipped,skipped,4,10
4204,Matt KERR (Lab),Iris GIBSON (SNP),Alistair WATSON (Lab),skipped,skipped,skipped,skipped,skipped,skipped,skipped,4,10
4205,Matt KERR (Lab),Iris GIBSON (SNP),Alistair WATSON (Lab),skipped,skipped,skipped,skipped,skipped,skipped,skipped,4,10
4206,Matt KERR (Lab),Iris GIBSON (SNP),Alistair WATSON (Lab),skipped,skipped,skipped,skipped,skipped,skipped,skipped,4,10
4207,Matt KERR (Lab),Iris GIBSON (SNP),Alistair WATSON (Lab),skipped,skipped,skipped,skipped,skipped,skipped,skipped,4,10
4208,Matt KERR (Lab),Iris GIBSON (SNP),Alistair WATSON (Lab),skipped,skipped,skipped,skipped,skipped,skipped,skipped,4,10
4209,Matt KERR (Lab),Iris GIBSON (SNP),Alistair WATSON (Lab),skipped,skipped,skipped,skipped,skipped,skipped,skipped,4,10
4210,Matt KERR (Lab),Iris GIBSON (SNP),Alistair WATSON (Lab),skipped,skipped,skipped,skipped,skipped,skipped,skipped,4,10
4211,Matt KERR (Lab),Iris GIBSON (SNP),Alistair WATSON (Lab),Gordon MACDIARMID (Glasgow First),skipped,skipped,skipped,skipped,skipped,skipped,4,10
4212,Matt KERR (Lab),Iris GIBSON (SNP),Alistair WATSON (Lab),Ian RUFFELL (Grn),skipped,skipped,skipped,skipped,skipped,skipped,4,10
4213,Matt KERR (Lab),Iris GIBSON (SNP),Alistair WATSON (Lab),Gail SHERIDAN (Sol),skipped,skipped,skipped,skipped,skipped,skipped,4,10
4214,Matt KERR (Lab),Iris GIBSON (SNP),Alistair WATSON (Lab),Gail SHERIDAN (Sol),Gordon MACDIARMID (Glasgow First),skipped,skipped,skipped,skipped,skipped,4,10
4215,Matt KERR (Lab),Iris GIBSON (SNP),Alistair WATSON (Lab),Gail SHERIDAN (Sol),Jim TORRANCE (SNP),Gordon MACDIARMID (Glasgow First),Ian RUFFELL (Grn),Janice MACKAY (UKIP),Isabel NELSON (LD),Jayne Ann MORGAN (Con),4,10
4216,Matt KERR (Lab),Iris GIBSON (SNP),Alistair WATSON (Lab),Jim TORRANCE (SNP),skipped,skipped,skipped,skipped,skipped,skipped,4,10
4217,Matt KERR (Lab),Iris GIBSON (SNP),Alistair WATSON (Lab),Jim TORRANCE (SNP),skipped,skipped,skipped,skipped,skipped,skipped,4,10
4218,Matt KERR (Lab),Iris GIBSON (SNP),Alistair WATSON (Lab),Jim TORRANCE (SNP),skipped,skipped,skipped,skipped,skipped,skipped,4,10
4219,Matt KERR (Lab),Iris GIBSON (SNP),Alistair WATSON (Lab),Jim TORRANCE (SNP),skipped,skipped,skipped,skipped,skipped,skipped,4,10
4220,Matt KERR (Lab),Iris GIBSON (SNP),Alistair WATSON (Lab),Jim TORRANCE (SNP),skipped,skipped,skipped,skipped,skipped,skipped,4,10
4221,Matt KERR (Lab),Iris GIBSON (SNP),Alistair WATSON (Lab),Jim TORRANCE (SNP),skipped,skipped,skipped,skipped,skipped,skipped,4,10
4222,Matt KERR (Lab),Iris GIBSON (SNP),Alistair WATSON (Lab),Jim TORRANCE (SNP),skipped,skipped,skipped,skipped,skipped,skipped,4,10
4223,Matt KERR (Lab),Iris GIBSON (SNP),Alistair WATSON (Lab),Jim TORRANCE (SNP),skipped,skipped,skipped,skipped,skipped,skipped,4,10
4224,Matt KERR (Lab),Iris GIBSON (SNP),Alistair WATSON (Lab),Jim TORRANCE (SNP),skipped,skipped,skipped,skipped,skipped,skipped,4,10
4225,Matt KERR (Lab),Iris GIBSON (SNP),Alistair WATSON (Lab),Jim TORRANCE (SNP),skipped,skipped,skipped,skipped,skipped,skipped,4,10
4226,Matt KERR (Lab),Iris GIBSON (SNP),Alistair WATSON (Lab),Jim TORRANCE (SNP),skipped,skipped,skipped,skipped,skipped,skipped,4,10
4227,Matt KERR (Lab),Iris GIBSON (SNP),Alistair WATSON (Lab),Jim TORRANCE (SNP),skipped,skipped,skipped,skipped,skipped,skipped,4,10
4228,Matt KERR (Lab),Iris GIBSON (SNP),Alistair WATSON (Lab),Jim TORRANCE (SNP),skipped,skipped,skipped,skipped,skipped,skipped,4,10
4229,Matt KERR (Lab),Iris GIBSON (SNP),Alistair WATSON (Lab),Jim TORRANCE (SNP),skipped,skipped,skipped,skipped,skipped,skipped,4,10
4230,Matt KERR (Lab),Iris GIBSON (SNP),Alistair WATSON (Lab),Jim TORRANCE (SNP),Gordon MACDIARMID (Glasgow First),skipped,skipped,skipped,skipped,skipped,4,10
4231,Matt KERR (Lab),Iris GIBSON (SNP),Alistair WATSON (Lab),Jim TORRANCE (SNP),Gordon MACDIARMID (Glasgow First),skipped,skipped,skipped,skipped,skipped,4,10
4232,Matt KERR (Lab),Iris GIBSON (SNP),Alistair WATSON (Lab),Jim TORRANCE (SNP),Isabel NELSON (LD),Jayne Ann MORGAN (Con),Ian RUFFELL (Grn),skipped,skipped,skipped,4,10
4233,Matt KERR (Lab),Iris GIBSON (SNP),Alistair WATSON (Lab),Jim TORRANCE (SNP),Ian RUFFELL (Grn),skipped,skipped,skipped,skipped,skipped,4,10
4234,Matt KERR (Lab),Iris GIBSON (SNP),Alistair WATSON (Lab),Jim TORRANCE (SNP),Ian RUFFELL (Grn),Gordon MACDIARMID (Glasgow First),Janice MACKAY (UKIP),skipped,skipped,skipped,4,10
4235,Matt KERR (Lab),Iris GIBSON (SNP),Alistair WATSON (Lab),Jim TORRANCE (SNP),Ian RUFFELL (Grn),Isabel NELSON (LD),Jayne Ann MORGAN (Con),Gordon MACDIARMID (Glasgow First),Janice MACKAY (UKIP),Gail SHERIDAN (Sol),4,10
4236,Matt KERR (Lab),Iris GIBSON (SNP),Gordon MACDIARMID (Glasgow First),skipped,skipped,skipped,skipped,skipped,skipped,skipped,4,10
4237,Matt KERR (Lab),Iris GIBSON (SNP),Gordon MACDIARMID (Glasgow First),skipped,skipped,skipped,skipped,skipped,skipped,skipped,4,10
4238,Matt KERR (Lab),Iris GIBSON (SNP),Gordon MACDIARMID (Glasgow First),skipped,skipped,skipped,skipped,skipped,skipped,skipped,4,10
4239,Matt KERR (Lab),Iris GIBSON (SNP),Gordon MACDIARMID (Glasgow First),skipped,skipped,skipped,skipped,skipped,skipped,skipped,4,10
4240,Matt KERR (Lab),Iris GIBSON (SNP),Gordon MACDIARMID (Glasgow First),skipped,skipped,skipped,skipped,skipped,skipped,skipped,4,10
4241,Matt KERR (Lab),Iris GIBSON (SNP),Gordon MACDIARMID (Glasgow First),skipped,skipped,skipped,skipped,skipped,skipped,skipped,4,10
4242,Matt KERR (Lab),Iris GIBSON (SNP),Gordon MACDIARMID (Glasgow First),Alistair WATSON (Lab),skipped,skipped,skipped,skipped,skipped,skipped,4,10
4243,Matt KERR (Lab),Iris GIBSON (SNP),Gordon MACDIARMID (Glasgow First),Alistair WATSON (Lab),skipped,skipped,skipped,skipped,skipped,skipped,4,10
4244,Matt KERR (Lab),Iris GIBSON (SNP),Gordon MACDIARMID (Glasgow First),Janice MACKAY (UKIP),skipped,skipped,skipped,skipped,skipped,skipped,4,10
4245,Matt KERR (Lab),Iris GIBSON (SNP),Gordon MACDIARMID (Glasgow First),Janice MACKAY (UKIP),Jayne Ann MORGAN (Con),Isabel NELSON (LD),Ian RUFFELL (Grn),Gail SHERIDAN (Sol),Jim TORRANCE (SNP),Alistair WATSON (Lab),4,10
4246,Matt KERR (Lab),Iris GIBSON (SNP),Gordon MACDIARMID (Glasgow First),Janice MACKAY (UKIP),Isabel NELSON (LD),Ian RUFFELL (Grn),Jim TORRANCE (SNP),Alistair WATSON (Lab),Jayne Ann MORGAN (Con),skipped,4,10
4247,Matt KERR (Lab),Iris GIBSON (SNP),Gordon MACDIARMID (Glasgow First),Janice MACKAY (UKIP),Isabel NELSON (LD),Jim TORRANCE (SNP),Alistair WATSON (Lab),Jayne Ann MORGAN (Con),Ian RUFFELL (Grn),Gail SHERIDAN (Sol),4,10
4248,Matt KERR (Lab),Iris GIBSON (SNP),Gordon MACDIARMID (Glasgow First),Janice MACKAY (UKIP),Jim TORRANCE (SNP),Jayne Ann MORGAN (Con),Gail SHERIDAN (Sol),Isabel NELSON (LD),Alistair WATSON (Lab),Ian RUFFELL (Grn),4,10
4249,Matt KERR (Lab),Iris GIBSON (SNP),Gordon MACDIARMID (Glasgow First),Ian RUFFELL (Grn),skipped,skipped,skipped,skipped,skipped,skipped,4,10
4250,Matt KERR (Lab),Iris GIBSON (SNP),Gordon MACDIARMID (Glasgow First),Ian RUFFELL (Grn),Jim TORRANCE (SNP),skipped,skipped,skipped,skipped,skipped,4,10
4251,Matt KERR (Lab),Iris GIBSON (SNP),Gordon MACDIARMID (Glasgow First),Gail SHERIDAN (Sol),skipped,skipped,skipped,skipped,skipped,skipped,4,10
4252,Matt KERR (Lab),Iris GIBSON (SNP),Gordon MACDIARMID (Glasgow First),Jim TORRANCE (SNP),Alistair WATSON (Lab),Isabel NELSON (LD),Jayne Ann MORGAN (Con),Ian RUFFELL (Grn),Gail SHERIDAN (Sol),Janice MACKAY (UKIP),4,10
4253,Matt KERR (Lab),Iris GIBSON (SNP),Jayne Ann MORGAN (Con),skipped,skipped,skipped,skipped,skipped,skipped,skipped,4,10
4254,Matt KERR (Lab),Iris GIBSON (SNP),Jayne Ann MORGAN (Con),skipped,skipped,skipped,skipped,skipped,skipped,skipped,4,10
4255,Matt KERR (Lab),Iris GIBSON (SNP),Jayne Ann MORGAN (Con),skipped,skipped,skipped,skipped,skipped,skipped,skipped,4,10
4256,Matt KERR (Lab),Iris GIBSON (SNP),Jayne Ann MORGAN (Con),skipped,skipped,skipped,skipped,skipped,skipped,skipped,4,10
4257,Matt KERR (Lab),Iris GIBSON (SNP),Jayne Ann MORGAN (Con),skipped,skipped,skipped,skipped,skipped,skipped,skipped,4,10
4258,Matt KERR (Lab),Iris GIBSON (SNP),Jayne Ann MORGAN (Con),Alistair WATSON (Lab),skipped,skipped,skipped,skipped,skipped,skipped,4,10
4259,Matt KERR (Lab),Iris GIBSON (SNP),Jayne Ann MORGAN (Con),Gordon MACDIARMID (Glasgow First),Isabel NELSON (LD),Ian RUFFELL (Grn),skipped,skipped,skipped,skipped,4,10
4260,Matt KERR (Lab),Iris GIBSON (SNP),Jayne Ann MORGAN (Con),Gordon MACDIARMID (Glasgow First),Isabel NELSON (LD),Ian RUFFELL (Grn),Jim TORRANCE (SNP),Janice MACKAY (UKIP),Alistair WATSON (Lab),Gail SHERIDAN (Sol),4,10
4261,Matt KERR (Lab),Iris GIBSON (SNP),Jayne Ann MORGAN (Con),Gail SHERIDAN (Sol),Jim TORRANCE (SNP),Alistair WATSON (Lab),Gordon MACDIARMID (Glasgow First),Janice MACKAY (UKIP),Isabel NELSON (LD),Ian RUFFELL (Grn),4,10
4262,Matt KERR (Lab),Iris GIBSON (SNP),Jayne Ann MORGAN (Con),Jim TORRANCE (SNP),Alistair WATSON (Lab),Gordon MACDIARMID (Glasgow First),skipped,skipped,skipped,skipped,4,10
4263,Matt KERR (Lab),Iris GIBSON (SNP),Isabel NELSON (LD),skipped,skipped,skipped,skipped,skipped,skipped,skipped,4,10
4264,Matt KERR (Lab),Iris GIBSON (SNP),Isabel NELSON (LD),skipped,skipped,skipped,skipped,skipped,skipped,skipped,4,10
4265,Matt KERR (Lab),Iris GIBSON (SNP),Isabel NELSON (LD),skipped,skipped,skipped,skipped,skipped,skipped,skipped,4,10
4266,Matt KERR (Lab),Iris GIBSON (SNP),Isabel NELSON (LD),skipped,skipped,skipped,skipped,skipped,skipped,skipped,4,10
4267,Matt KERR (Lab),Iris GIBSON (SNP),Isabel NELSON (LD),skipped,skipped,skipped,skipped,skipped,skipped,skipped,4,10
4268,Matt KERR (Lab),Iris GIBSON (SNP),Isabel NELSON (LD),skipped,skipped,skipped,skipped,skipped,skipped,skipped,4,10
4269,Matt KERR (Lab),Iris GIBSON (SNP),Isabel NELSON (LD),skipped,skipped,skipped,skipped,skipped,skipped,skipped,4,10
4270,Matt KERR (Lab),Iris GIBSON (SNP),Isabel NELSON (LD),Alistair WATSON (Lab),skipped,skipped,skipped,skipped,skipped,skipped,4,10
4271,Matt KERR (Lab),Iris GIBSON (SNP),Isabel NELSON (LD),Gordon MACDIARMID (Glasgow First),skipped,skipped,skipped,skipped,skipped,skipped,4,10
4272,Matt KERR (Lab),Iris GIBSON (SNP),Isabel NELSON (LD),Jim TORRANCE (SNP),Alistair WATSON (Lab),skipped,skipped,skipped,skipped,skipped,4,10
4273,Matt KERR (Lab),Iris GIBSON (SNP),Isabel NELSON (LD),Jim TORRANCE (SNP),Alistair WATSON (Lab),Janice MACKAY (UKIP),skipped,skipped,skipped,skipped,4,10
4274,Matt KERR (Lab),Iris GIBSON (SNP),Ian RUFFELL (Grn),skipped,skipped,skipped,skipped,skipped,skipped,skipped,4,10
4275,Matt KERR (Lab),Iris GIBSON (SNP),Ian RUFFELL (Grn),skipped,skipped,skipped,skipped,skipped,skipped,skipped,4,10
4276,Matt KERR (Lab),Iris GIBSON (SNP),Ian RUFFELL (Grn),skipped,skipped,skipped,skipped,skipped,skipped,skipped,4,10
4277,Matt KERR (Lab),Iris GIBSON (SNP),Ian RUFFELL (Grn),Alistair WATSON (Lab),skipped,skipped,skipped,skipped,skipped,skipped,4,10
4278,Matt KERR (Lab),Iris GIBSON (SNP),Ian RUFFELL (Grn),Alistair WATSON (Lab),skipped,skipped,skipped,skipped,skipped,skipped,4,10
4279,Matt KERR (Lab),Iris GIBSON (SNP),Ian RUFFELL (Grn),Alistair WATSON (Lab),skipped,skipped,skipped,skipped,skipped,skipped,4,10
4280,Matt KERR (Lab),Iris GIBSON (SNP),Ian RUFFELL (Grn),Alistair WATSON (Lab),Gordon MACDIARMID (Glasgow First),skipped,skipped,skipped,skipped,skipped,4,10
4281,Matt KERR (Lab),Iris GIBSON (SNP),Ian RUFFELL (Grn),Alistair WATSON (Lab),Jim TORRANCE (SNP),Gordon MACDIARMID (Glasgow First),Janice MACKAY (UKIP),Gail SHERIDAN (Sol),Isabel NELSON (LD),Jayne Ann MORGAN (Con),4,10
4282,Matt KERR (Lab),Iris GIBSON (SNP),Ian RUFFELL (Grn),Gail SHERIDAN (Sol),skipped,skipped,skipped,skipped,skipped,skipped,4,10
4283,Matt KERR (Lab),Iris GIBSON (SNP),Gail SHERIDAN (Sol),skipped,skipped,skipped,skipped,skipped,skipped,skipped,4,10
4284,Matt KERR (Lab),Iris GIBSON (SNP),Gail SHERIDAN (Sol),skipped,skipped,skipped,skipped,skipped,skipped,skipped,4,10
4285,Matt KERR (Lab),Iris GIBSON (SNP),Gail SHERIDAN (Sol),skipped,skipped,skipped,skipped,skipped,skipped,skipped,4,10
4286,Matt KERR (Lab),Iris GIBSON (SNP),Gail SHERIDAN (Sol),skipped,skipped,skipped,skipped,skipped,skipped,skipped,4,10
4287,Matt KERR (Lab),Iris GIBSON (SNP),Gail SHERIDAN (Sol),skipped,skipped,skipped,skipped,skipped,skipped,skipped,4,10
4288,Matt KERR (Lab),Iris GIBSON (SNP),Gail SHERIDAN (Sol),skipped,skipped,skipped,skipped,skipped,skipped,skipped,4,10
4289,Matt KERR (Lab),Iris GIBSON (SNP),Gail SHERIDAN (Sol),skipped,skipped,skipped,skipped,skipped,skipped,skipped,4,10
4290,Matt KERR (Lab),Iris GIBSON (SNP),Gail SHERIDAN (Sol),skipped,skipped,skipped,skipped,skipped,skipped,skipped,4,10
4291,Matt KERR (Lab),Iris GIBSON (SNP),Gail SHERIDAN (Sol),skipped,skipped,skipped,skipped,skipped,skipped,skipped,4,10
4292,Matt KERR (Lab),Iris GIBSON (SNP),Gail SHERIDAN (Sol),skipped,skipped,skipped,skipped,skipped,skipped,skipped,4,10
4293,Matt KERR (Lab),Iris GIBSON (SNP),Gail SHERIDAN (Sol),Alistair WATSON (Lab),skipped,skipped,skipped,skipped,skipped,skipped,4,10
4294,Matt KERR (Lab),Iris GIBSON (SNP),Gail SHERIDAN (Sol),Alistair WATSON (Lab),skipped,skipped,skipped,skipped,skipped,skipped,4,10
4295,Matt KERR (Lab),Iris GIBSON (SNP),Gail SHERIDAN (Sol),Isabel NELSON (LD),Ian RUFFELL (Grn),skipped,skipped,skipped,skipped,skipped,4,10
4296,Matt KERR (Lab),Iris GIBSON (SNP),Gail SHERIDAN (Sol),Ian RUFFELL (Grn),Janice MACKAY (UKIP),Alistair WATSON (Lab),Gordon MACDIARMID (Glasgow First),Jim TORRANCE (SNP),Isabel NELSON (LD),Jayne Ann MORGAN (Con),4,10
4297,Matt KERR (Lab),Iris GIBSON (SNP),Gail SHERIDAN (Sol),Jim TORRANCE (SNP),skipped,skipped,skipped,skipped,skipped,skipped,4,10
4298,Matt KERR (Lab),Iris GIBSON (SNP),Gail SHERIDAN (Sol),Jim TORRANCE (SNP),skipped,skipped,skipped,skipped,skipped,skipped,4,10
4299,Matt KERR (Lab),Iris GIBSON (SNP),Gail SHERIDAN (Sol),Jim TORRANCE (SNP),skipped,skipped,skipped,skipped,skipped,skipped,4,10
4300,Matt KERR (Lab),Iris GIBSON (SNP),Gail SHERIDAN (Sol),Jim TORRANCE (SNP),Alistair WATSON (Lab),skipped,skipped,skipped,skipped,skipped,4,10
4301,Matt KERR (Lab),Iris GIBSON (SNP),Gail SHERIDAN (Sol),Jim TORRANCE (SNP),Alistair WATSON (Lab),skipped,skipped,skipped,skipped,skipped,4,10
4302,Matt KERR (Lab),Iris GIBSON (SNP),Gail SHERIDAN (Sol),Jim TORRANCE (SNP),Alistair WATSON (Lab),skipped,skipped,skipped,skipped,skipped,4,10
4303,Matt KERR (Lab),Iris GIBSON (SNP),Jim TORRANCE (SNP),skipped,skipped,skipped,skipped,skipped,skipped,skipped,4,10
4304,Matt KERR (Lab),Iris GIBSON (SNP),Jim TORRANCE (SNP),skipped,skipped,skipped,skipped,skipped,skipped,skipped,4,10
4305,Matt KERR (Lab),Iris GIBSON (SNP),Jim TORRANCE (SNP),skipped,skipped,skipped,skipped,skipped,skipped,skipped,4,10
4306,Matt KERR (Lab),Iris GIBSON (SNP),Jim TORRANCE (SNP),skipped,skipped,skipped,skipped,skipped,skipped,skipped,4,10
4307,Matt KERR (Lab),Iris GIBSON (SNP),Jim TORRANCE (SNP),skipped,skipped,skipped,skipped,skipped,skipped,skipped,4,10
4308,Matt KERR (Lab),Iris GIBSON (SNP),Jim TORRANCE (SNP),skipped,skipped,skipped,skipped,skipped,skipped,skipped,4,10
4309,Matt KERR (Lab),Iris GIBSON (SNP),Jim TORRANCE (SNP),skipped,skipped,skipped,skipped,skipped,skipped,skipped,4,10
4310,Matt KERR (Lab),Iris GIBSON (SNP),Jim TORRANCE (SNP),skipped,skipped,skipped,skipped,skipped,skipped,skipped,4,10
4311,Matt KERR (Lab),Iris GIBSON (SNP),Jim TORRANCE (SNP),skipped,skipped,skipped,skipped,skipped,skipped,skipped,4,10
4312,Matt KERR (Lab),Iris GIBSON (SNP),Jim TORRANCE (SNP),skipped,skipped,skipped,skipped,skipped,skipped,skipped,4,10
4313,Matt KERR (Lab),Iris GIBSON (SNP),Jim TORRANCE (SNP),skipped,skipped,skipped,skipped,skipped,skipped,skipped,4,10
4314,Matt KERR (Lab),Iris GIBSON (SNP),Jim TORRANCE (SNP),skipped,skipped,skipped,skipped,skipped,skipped,skipped,4,10
4315,Matt KERR (Lab),Iris GIBSON (SNP),Jim TORRANCE (SNP),skipped,skipped,skipped,skipped,skipped,skipped,skipped,4,10
4316,Matt KERR (Lab),Iris GIBSON (SNP),Jim TORRANCE (SNP),skipped,skipped,skipped,skipped,skipped,skipped,skipped,4,10
4317,Matt KERR (Lab),Iris GIBSON (SNP),Jim TORRANCE (SNP),skipped,skipped,skipped,skipped,skipped,skipped,skipped,4,10
4318,Matt KERR (Lab),Iris GIBSON (SNP),Jim TORRANCE (SNP),skipped,skipped,skipped,skipped,skipped,skipped,skipped,4,10
4319,Matt KERR (Lab),Iris GIBSON (SNP),Jim TORRANCE (SNP),skipped,skipped,skipped,skipped,skipped,skipped,skipped,4,10
4320,Matt KERR (Lab),Iris GIBSON (SNP),Jim TORRANCE (SNP),skipped,skipped,skipped,skipped,skipped,skipped,skipped,4,10
4321,Matt KERR (Lab),Iris GIBSON (SNP),Jim TORRANCE (SNP),skipped,skipped,skipped,skipped,skipped,skipped,skipped,4,10
4322,Matt KERR (Lab),Iris GIBSON (SNP),Jim TORRANCE (SNP),Alistair WATSON (Lab),skipped,skipped,skipped,skipped,skipped,skipped,4,10
4323,Matt KERR (Lab),Iris GIBSON (SNP),Jim TORRANCE (SNP),Alistair WATSON (Lab),skipped,skipped,skipped,skipped,skipped,skipped,4,10
4324,Matt KERR (Lab),Iris GIBSON (SNP),Jim TORRANCE (SNP),Alistair WATSON (Lab),skipped,skipped,skipped,skipped,skipped,skipped,4,10
4325,Matt KERR (Lab),Iris GIBSON (SNP),Jim TORRANCE (SNP),Alistair WATSON (Lab),Gordon MACDIARMID (Glasgow First),skipped,skipped,skipped,skipped,skipped,4,10
4326,Matt KERR (Lab),Iris GIBSON (SNP),Jim TORRANCE (SNP),Alistair WATSON (Lab),Gordon MACDIARMID (Glasgow First),skipped,skipped,skipped,skipped,skipped,4,10
4327,Matt KERR (Lab),Iris GIBSON (SNP),Jim TORRANCE (SNP),Alistair WATSON (Lab),Isabel NELSON (LD),Gordon MACDIARMID (Glasgow First),Ian RUFFELL (Grn),Janice MACKAY (UKIP),Gail SHERIDAN (Sol),Jayne Ann MORGAN (Con),4,10
4328,Matt KERR (Lab),Iris GIBSON (SNP),Jim TORRANCE (SNP),Alistair WATSON (Lab),Gail SHERIDAN (Sol),skipped,skipped,skipped,skipped,skipped,4,10
4329,Matt KERR (Lab),Iris GIBSON (SNP),Jim TORRANCE (SNP),Isabel NELSON (LD),Alistair WATSON (Lab),Ian RUFFELL (Grn),Jayne Ann MORGAN (Con),Janice MACKAY (UKIP),Gordon MACDIARMID (Glasgow First),Gail SHERIDAN (Sol),4,10
4330,Matt KERR (Lab),Iris GIBSON (SNP),Jim TORRANCE (SNP),Isabel NELSON (LD),Gail SHERIDAN (Sol),Jayne Ann MORGAN (Con),Janice MACKAY (UKIP),Gordon MACDIARMID (Glasgow First),Alistair WATSON (Lab),skipped,4,10
4331,Matt KERR (Lab),Alistair WATSON (Lab),skipped,skipped,skipped,skipped,skipped,skipped,skipped,skipped,4,10
4332,Matt KERR (Lab),Alistair WATSON (Lab),skipped,skipped,skipped,skipped,skipped,skipped,skipped,skipped,4,10
4333,Matt KERR (Lab),Alistair WATSON (Lab),skipped,skipped,skipped,skipped,skipped,skipped,skipped,skipped,4,10
4334,Matt KERR (Lab),Alistair WATSON (Lab),skipped,skipped,skipped,skipped,skipped,skipped,skipped,skipped,4,10
4335,Matt KERR (Lab),Alistair WATSON (Lab),skipped,skipped,skipped,skipped,skipped,skipped,skipped,skipped,4,10
4336,Matt KERR (Lab),Alistair WATSON (Lab),skipped,skipped,skipped,skipped,skipped,skipped,skipped,skipped,4,10
4337,Matt KERR (Lab),Alistair WATSON (Lab),skipped,skipped,skipped,skipped,skipped,skipped,skipped,skipped,4,10
4338,Matt KERR (Lab),Alistair WATSON (Lab),skipped,skipped,skipped,skipped,skipped,skipped,skipped,skipped,4,10
4339,Matt KERR (Lab),Alistair WATSON (Lab),skipped,skipped,skipped,skipped,skipped,skipped,skipped,skipped,4,10
4340,Matt KERR (Lab),Alistair WATSON (Lab),skipped,skipped,skipped,skipped,skipped,skipped,skipped,skipped,4,10
4341,Matt KERR (Lab),Alistair WATSON (Lab),skipped,skipped,skipped,skipped,skipped,skipped,skipped,skipped,4,10
4342,Matt KERR (Lab),Alistair WATSON (Lab),skipped,skipped,skipped,skipped,skipped,skipped,skipped,skipped,4,10
4343,Matt KERR (Lab),Alistair WATSON (Lab),skipped,skipped,skipped,skipped,skipped,skipped,skipped,skipped,4,10
4344,Matt KERR (Lab),Alistair WATSON (Lab),skipped,skipped,skipped,skipped,skipped,skipped,skipped,skipped,4,10
4345,Matt KERR (Lab),Alistair WATSON (Lab),skipped,skipped,skipped,skipped,skipped,skipped,skipped,skipped,4,10
4346,Matt KERR (Lab),Alistair WATSON (Lab),skipped,skipped,skipped,skipped,skipped,skipped,skipped,skipped,4,10
4347,Matt KERR (Lab),Alistair WATSON (Lab),skipped,skipped,skipped,skipped,skipped,skipped,skipped,skipped,4,10
4348,Matt KERR (Lab),Alistair WATSON (Lab),skipped,skipped,skipped,skipped,skipped,skipped,skipped,skipped,4,10
4349,Matt KERR (Lab),Alistair WATSON (Lab),skipped,skipped,skipped,skipped,skipped,skipped,skipped,skipped,4,10
4350,Matt KERR (Lab),Alistair WATSON (Lab),skipped,skipped,skipped,skipped,skipped,skipped,skipped,skipped,4,10
4351,Matt KERR (Lab),Alistair WATSON (Lab),skipped,skipped,skipped,skipped,skipped,skipped,skipped,skipped,4,10
4352,Matt KERR (Lab),Alistair WATSON (Lab),skipped,skipped,skipped,skipped,skipped,skipped,skipped,skipped,4,10
4353,Matt KERR (Lab),Alistair WATSON (Lab),skipped,skipped,skipped,skipped,skipped,skipped,skipped,skipped,4,10
4354,Matt KERR (Lab),Alistair WATSON (Lab),skipped,skipped,skipped,skipped,skipped,skipped,skipped,skipped,4,10
4355,Matt KERR (Lab),Alistair WATSON (Lab),skipped,skipped,skipped,skipped,skipped,skipped,skipped,skipped,4,10
4356,Matt KERR (Lab),Alistair WATSON (Lab),skipped,skipped,skipped,skipped,skipped,skipped,skipped,skipped,4,10
4357,Matt KERR (Lab),Alistair WATSON (Lab),skipped,skipped,skipped,skipped,skipped,skipped,skipped,skipped,4,10
4358,Matt KERR (Lab),Alistair WATSON (Lab),skipped,skipped,skipped,skipped,skipped,skipped,skipped,skipped,4,10
4359,Matt KERR (Lab),Alistair WATSON (Lab),skipped,skipped,skipped,skipped,skipped,skipped,skipped,skipped,4,10
4360,Matt KERR (Lab),Alistair WATSON (Lab),skipped,skipped,skipped,skipped,skipped,skipped,skipped,skipped,4,10
4361,Matt KERR (Lab),Alistair WATSON (Lab),skipped,skipped,skipped,skipped,skipped,skipped,skipped,skipped,4,10
4362,Matt KERR (Lab),Alistair WATSON (Lab),skipped,skipped,skipped,skipped,skipped,skipped,skipped,skipped,4,10
4363,Matt KERR (Lab),Alistair WATSON (Lab),skipped,skipped,skipped,skipped,skipped,skipped,skipped,skipped,4,10
4364,Matt KERR (Lab),Alistair WATSON (Lab),skipped,skipped,skipped,skipped,skipped,skipped,skipped,skipped,4,10
4365,Matt KERR (Lab),Alistair WATSON (Lab),skipped,skipped,skipped,skipped,skipped,skipped,skipped,skipped,4,10
4366,Matt KERR (Lab),Alistair WATSON (Lab),skipped,skipped,skipped,skipped,skipped,skipped,skipped,skipped,4,10
4367,Matt KERR (Lab),Alistair WATSON (Lab),skipped,skipped,skipped,skipped,skipped,skipped,skipped,skipped,4,10
4368,Matt KERR (Lab),Alistair WATSON (Lab),skipped,skipped,skipped,skipped,skipped,skipped,skipped,skipped,4,10
4369,Matt KERR (Lab),Alistair WATSON (Lab),skipped,skipped,skipped,skipped,skipped,skipped,skipped,skipped,4,10
4370,Matt KERR (Lab),Alistair WATSON (Lab),skipped,skipped,skipped,skipped,skipped,skipped,skipped,skipped,4,10
4371,Matt KERR (Lab),Alistair WATSON (Lab),skipped,skipped,skipped,skipped,skipped,skipped,skipped,skipped,4,10
4372,Matt KERR (Lab),Alistair WATSON (Lab),skipped,skipped,skipped,skipped,skipped,skipped,skipped,skipped,4,10
4373,Matt KERR (Lab),Alistair WATSON (Lab),skipped,skipped,skipped,skipped,skipped,skipped,skipped,skipped,4,10
4374,Matt KERR (Lab),Alistair WATSON (Lab),skipped,skipped,skipped,skipped,skipped,skipped,skipped,skipped,4,10
4375,Matt KERR (Lab),Alistair WATSON (Lab),skipped,skipped,skipped,skipped,skipped,skipped,skipped,skipped,4,10
4376,Matt KERR (Lab),Alistair WATSON (Lab),skipped,skipped,skipped,skipped,skipped,skipped,skipped,skipped,4,10
4377,Matt KERR (Lab),Alistair WATSON (Lab),skipped,skipped,skipped,skipped,skipped,skipped,skipped,skipped,4,10
4378,Matt KERR (Lab),Alistair WATSON (Lab),skipped,skipped,skipped,skipped,skipped,skipped,skipped,skipped,4,10
4379,Matt KERR (Lab),Alistair WATSON (Lab),skipped,skipped,skipped,skipped,skipped,skipped,skipped,skipped,4,10
4380,Matt KERR (Lab),Alistair WATSON (Lab),skipped,skipped,skipped,skipped,skipped,skipped,skipped,skipped,4,10
4381,Matt KERR (Lab),Alistair WATSON (Lab),skipped,skipped,skipped,skipped,skipped,skipped,skipped,skipped,4,10
4382,Matt KERR (Lab),Alistair WATSON (Lab),skipped,skipped,skipped,skipped,skipped,skipped,skipped,skipped,4,10
4383,Matt KERR (Lab),Alistair WATSON (Lab),skipped,skipped,skipped,skipped,skipped,skipped,skipped,skipped,4,10
4384,Matt KERR (Lab),Alistair WATSON (Lab),skipped,skipped,skipped,skipped,skipped,skipped,skipped,skipped,4,10
4385,Matt KERR (Lab),Alistair WATSON (Lab),skipped,skipped,skipped,skipped,skipped,skipped,skipped,skipped,4,10
4386,Matt KERR (Lab),Alistair WATSON (Lab),skipped,skipped,skipped,skipped,skipped,skipped,skipped,skipped,4,10
4387,Matt KERR (Lab),Alistair WATSON (Lab),skipped,skipped,skipped,skipped,skipped,skipped,skipped,skipped,4,10
4388,Matt KERR (Lab),Alistair WATSON (Lab),skipped,skipped,skipped,skipped,skipped,skipped,skipped,skipped,4,10
4389,Matt KERR (Lab),Alistair WATSON (Lab),skipped,skipped,skipped,skipped,skipped,skipped,skipped,skipped,4,10
4390,Matt KERR (Lab),Alistair WATSON (Lab),skipped,skipped,skipped,skipped,skipped,skipped,skipped,skipped,4,10
4391,Matt KERR (Lab),Alistair WATSON (Lab),skipped,skipped,skipped,skipped,skipped,skipped,skipped,skipped,4,10
4392,Matt KERR (Lab),Alistair WATSON (Lab),skipped,skipped,skipped,skipped,skipped,skipped,skipped,skipped,4,10
4393,Matt KERR (Lab),Alistair WATSON (Lab),skipped,skipped,skipped,skipped,skipped,skipped,skipped,skipped,4,10
4394,Matt KERR (Lab),Alistair WATSON (Lab),skipped,skipped,skipped,skipped,skipped,skipped,skipped,skipped,4,10
4395,Matt KERR (Lab),Alistair WATSON (Lab),skipped,skipped,skipped,skipped,skipped,skipped,skipped,skipped,4,10
4396,Matt KERR (Lab),Alistair WATSON (Lab),skipped,skipped,skipped,skipped,skipped,skipped,skipped,skipped,4,10
4397,Matt KERR (Lab),Alistair WATSON (Lab),skipped,skipped,skipped,skipped,skipped,skipped,skipped,skipped,4,10
4398,Matt KERR (Lab),Alistair WATSON (Lab),skipped,skipped,skipped,skipped,skipped,skipped,skipped,skipped,4,10
4399,Matt KERR (Lab),Alistair WATSON (Lab),skipped,skipped,skipped,skipped,skipped,skipped,skipped,skipped,4,10
4400,Matt KERR (Lab),Alistair WATSON (Lab),skipped,skipped,skipped,skipped,skipped,skipped,skipped,skipped,4,10
4401,Matt KERR (Lab),Alistair WATSON (Lab),skipped,skipped,skipped,skipped,skipped,skipped,skipped,skipped,4,10
4402,Matt KERR (Lab),Alistair WATSON (Lab),skipped,skipped,skipped,skipped,skipped,skipped,skipped,skipped,4,10
4403,Matt KERR (Lab),Alistair WATSON (Lab),skipped,skipped,skipped,skipped,skipped,skipped,skipped,skipped,4,10
4404,Matt KERR (Lab),Alistair WATSON (Lab),skipped,skipped,skipped,skipped,skipped,skipped,skipped,skipped,4,10
4405,Matt KERR (Lab),Alistair WATSON (Lab),skipped,skipped,skipped,skipped,skipped,skipped,skipped,skipped,4,10
4406,Matt KERR (Lab),Alistair WATSON (Lab),skipped,skipped,skipped,skipped,skipped,skipped,skipped,skipped,4,10
4407,Matt KERR (Lab),Alistair WATSON (Lab),skipped,skipped,skipped,skipped,skipped,skipped,skipped,skipped,4,10
4408,Matt KERR (Lab),Alistair WATSON (Lab),skipped,skipped,skipped,skipped,skipped,skipped,skipped,skipped,4,10
4409,Matt KERR (Lab),Alistair WATSON (Lab),skipped,skipped,skipped,skipped,skipped,skipped,skipped,skipped,4,10
4410,Matt KERR (Lab),Alistair WATSON (Lab),skipped,skipped,skipped,skipped,skipped,skipped,skipped,skipped,4,10
4411,Matt KERR (Lab),Alistair WATSON (Lab),skipped,skipped,skipped,skipped,skipped,skipped,skipped,skipped,4,10
4412,Matt KERR (Lab),Alistair WATSON (Lab),skipped,skipped,skipped,skipped,skipped,skipped,skipped,skipped,4,10
4413,Matt KERR (Lab),Alistair WATSON (Lab),skipped,skipped,skipped,skipped,skipped,skipped,skipped,skipped,4,10
4414,Matt KERR (Lab),Alistair WATSON (Lab),skipped,skipped,skipped,skipped,skipped,skipped,skipped,skipped,4,10
4415,Matt KERR (Lab),Alistair WATSON (Lab),skipped,skipped,skipped,skipped,skipped,skipped,skipped,skipped,4,10
4416,Matt KERR (Lab),Alistair WATSON (Lab),skipped,skipped,skipped,skipped,skipped,skipped,skipped,skipped,4,10
4417,Matt KERR (Lab),Alistair WATSON (Lab),skipped,skipped,skipped,skipped,skipped,skipped,skipped,skipped,4,10
4418,Matt KERR (Lab),Alistair WATSON (Lab),skipped,skipped,skipped,skipped,skipped,skipped,skipped,skipped,4,10
4419,Matt KERR (Lab),Alistair WATSON (Lab),skipped,skipped,skipped,skipped,skipped,skipped,skipped,skipped,4,10
4420,Matt KERR (Lab),Alistair WATSON (Lab),skipped,skipped,skipped,skipped,skipped,skipped,skipped,skipped,4,10
4421,Matt KERR (Lab),Alistair WATSON (Lab),skipped,skipped,skipped,skipped,skipped,skipped,skipped,skipped,4,10
4422,Matt KERR (Lab),Alistair WATSON (Lab),skipped,skipped,skipped,skipped,skipped,skipped,skipped,skipped,4,10
4423,Matt KERR (Lab),Alistair WATSON (Lab),skipped,skipped,skipped,skipped,skipped,skipped,skipped,skipped,4,10
4424,Matt KERR (Lab),Alistair WATSON (Lab),skipped,skipped,skipped,skipped,skipped,skipped,skipped,skipped,4,10
4425,Matt KERR (Lab),Alistair WATSON (Lab),skipped,skipped,skipped,skipped,skipped,skipped,skipped,skipped,4,10
4426,Matt KERR (Lab),Alistair WATSON (Lab),skipped,skipped,skipped,skipped,skipped,skipped,skipped,skipped,4,10
4427,Matt KERR (Lab),Alistair WATSON (Lab),skipped,skipped,skipped,skipped,skipped,skipped,skipped,skipped,4,10
4428,Matt KERR (Lab),Alistair WATSON (Lab),skipped,skipped,skipped,skipped,skipped,skipped,skipped,skipped,4,10
4429,Matt KERR (Lab),Alistair WATSON (Lab),skipped,skipped,skipped,skipped,skipped,skipped,skipped,skipped,4,10
4430,Matt KERR (Lab),Alistair WATSON (Lab),skipped,skipped,skipped,skipped,skipped,skipped,skipped,skipped,4,10
4431,Matt KERR (Lab),Alistair WATSON (Lab),skipped,skipped,skipped,skipped,skipped,skipped,skipped,skipped,4,10
4432,Matt KERR (Lab),Alistair WATSON (Lab),skipped,skipped,skipped,skipped,skipped,skipped,skipped,skipped,4,10
4433,Matt KERR (Lab),Alistair WATSON (Lab),skipped,skipped,skipped,skipped,skipped,skipped,skipped,skipped,4,10
4434,Matt KERR (Lab),Alistair WATSON (Lab),skipped,skipped,skipped,skipped,skipped,skipped,skipped,skipped,4,10
4435,Matt KERR (Lab),Alistair WATSON (Lab),skipped,skipped,skipped,skipped,skipped,skipped,skipped,skipped,4,10
4436,Matt KERR (Lab),Alistair WATSON (Lab),skipped,skipped,skipped,skipped,skipped,skipped,skipped,skipped,4,10
4437,Matt KERR (Lab),Alistair WATSON (Lab),skipped,skipped,skipped,skipped,skipped,skipped,skipped,skipped,4,10
4438,Matt KERR (Lab),Alistair WATSON (Lab),skipped,skipped,skipped,skipped,skipped,skipped,skipped,skipped,4,10
4439,Matt KERR (Lab),Alistair WATSON (Lab),skipped,skipped,skipped,skipped,skipped,skipped,skipped,skipped,4,10
4440,Matt KERR (Lab),Alistair WATSON (Lab),skipped,skipped,skipped,skipped,skipped,skipped,skipped,skipped,4,10
4441,Matt KERR (Lab),Alistair WATSON (Lab),skipped,skipped,skipped,skipped,skipped,skipped,skipped,skipped,4,10
4442,Matt KERR (Lab),Alistair WATSON (Lab),skipped,skipped,skipped,skipped,skipped,skipped,skipped,skipped,4,10
4443,Matt KERR (Lab),Alistair WATSON (Lab),skipped,skipped,skipped,skipped,skipped,skipped,skipped,skipped,4,10
4444,Matt KERR (Lab),Alistair WATSON (Lab),skipped,skipped,skipped,skipped,skipped,skipped,skipped,skipped,4,10
4445,Matt KERR (Lab),Alistair WATSON (Lab),skipped,skipped,skipped,skipped,skipped,skipped,skipped,skipped,4,10
4446,Matt KERR (Lab),Alistair WATSON (Lab),skipped,skipped,skipped,skipped,skipped,skipped,skipped,skipped,4,10
4447,Matt KERR (Lab),Alistair WATSON (Lab),skipped,skipped,skipped,skipped,skipped,skipped,skipped,skipped,4,10
4448,Matt KERR (Lab),Alistair WATSON (Lab),skipped,skipped,skipped,skipped,skipped,skipped,skipped,skipped,4,10
4449,Matt KERR (Lab),Alistair WATSON (Lab),skipped,skipped,skipped,skipped,skipped,skipped,skipped,skipped,4,10
4450,Matt KERR (Lab),Alistair WATSON (Lab),skipped,skipped,skipped,skipped,skipped,skipped,skipped,skipped,4,10
4451,Matt KERR (Lab),Alistair WATSON (Lab),skipped,skipped,skipped,skipped,skipped,skipped,skipped,skipped,4,10
4452,Matt KERR (Lab),Alistair WATSON (Lab),skipped,skipped,skipped,skipped,skipped,skipped,skipped,skipped,4,10
4453,Matt KERR (Lab),Alistair WATSON (Lab),skipped,skipped,skipped,skipped,skipped,skipped,skipped,skipped,4,10
4454,Matt KERR (Lab),Alistair WATSON (Lab),skipped,skipped,skipped,skipped,skipped,skipped,skipped,skipped,4,10
4455,Matt KERR (Lab),Alistair WATSON (Lab),skipped,skipped,skipped,skipped,skipped,skipped,skipped,skipped,4,10
4456,Matt KERR (Lab),Alistair WATSON (Lab),skipped,skipped,skipped,skipped,skipped,skipped,skipped,skipped,4,10
4457,Matt KERR (Lab),Alistair WATSON (Lab),skipped,skipped,skipped,skipped,skipped,skipped,skipped,skipped,4,10
4458,Matt KERR (Lab),Alistair WATSON (Lab),skipped,skipped,skipped,skipped,skipped,skipped,skipped,skipped,4,10
4459,Matt KERR (Lab),Alistair WATSON (Lab),skipped,skipped,skipped,skipped,skipped,skipped,skipped,skipped,4,10
4460,Matt KERR (Lab),Alistair WATSON (Lab),skipped,skipped,skipped,skipped,skipped,skipped,skipped,skipped,4,10
4461,Matt KERR (Lab),Alistair WATSON (Lab),skipped,skipped,skipped,skipped,skipped,skipped,skipped,skipped,4,10
4462,Matt KERR (Lab),Alistair WATSON (Lab),skipped,skipped,skipped,skipped,skipped,skipped,skipped,skipped,4,10
4463,Matt KERR (Lab),Alistair WATSON (Lab),skipped,skipped,skipped,skipped,skipped,skipped,skipped,skipped,4,10
4464,Matt KERR (Lab),Alistair WATSON (Lab),skipped,skipped,skipped,skipped,skipped,skipped,skipped,skipped,4,10
4465,Matt KERR (Lab),Alistair WATSON (Lab),skipped,skipped,skipped,skipped,skipped,skipped,skipped,skipped,4,10
4466,Matt KERR (Lab),Alistair WATSON (Lab),skipped,skipped,skipped,skipped,skipped,skipped,skipped,skipped,4,10
4467,Matt KERR (Lab),Alistair WATSON (Lab),skipped,skipped,skipped,skipped,skipped,skipped,skipped,skipped,4,10
4468,Matt KERR (Lab),Alistair WATSON (Lab),skipped,skipped,skipped,skipped,skipped,skipped,skipped,skipped,4,10
4469,Matt KERR (Lab),Alistair WATSON (Lab),skipped,skipped,skipped,skipped,skipped,skipped,skipped,skipped,4,10
4470,Matt KERR (Lab),Alistair WATSON (Lab),skipped,skipped,skipped,skipped,skipped,skipped,skipped,skipped,4,10
4471,Matt KERR (Lab),Alistair WATSON (Lab),skipped,skipped,skipped,skipped,skipped,skipped,skipped,skipped,4,10
4472,Matt KERR (Lab),Alistair WATSON (Lab),skipped,skipped,skipped,skipped,skipped,skipped,skipped,skipped,4,10
4473,Matt KERR (Lab),Alistair WATSON (Lab),skipped,skipped,skipped,skipped,skipped,skipped,skipped,skipped,4,10
4474,Matt KERR (Lab),Alistair WATSON (Lab),skipped,skipped,skipped,skipped,skipped,skipped,skipped,skipped,4,10
4475,Matt KERR (Lab),Alistair WATSON (Lab),skipped,skipped,skipped,skipped,skipped,skipped,skipped,skipped,4,10
4476,Matt KERR (Lab),Alistair WATSON (Lab),skipped,skipped,skipped,skipped,skipped,skipped,skipped,skipped,4,10
4477,Matt KERR (Lab),Alistair WATSON (Lab),skipped,skipped,skipped,skipped,skipped,skipped,skipped,skipped,4,10
4478,Matt KERR (Lab),Alistair WATSON (Lab),skipped,skipped,skipped,skipped,skipped,skipped,skipped,skipped,4,10
4479,Matt KERR (Lab),Alistair WATSON (Lab),skipped,skipped,skipped,skipped,skipped,skipped,skipped,skipped,4,10
4480,Matt KERR (Lab),Alistair WATSON (Lab),skipped,skipped,skipped,skipped,skipped,skipped,skipped,skipped,4,10
4481,Matt KERR (Lab),Alistair WATSON (Lab),skipped,skipped,skipped,skipped,skipped,skipped,skipped,skipped,4,10
4482,Matt KERR (Lab),Alistair WATSON (Lab),skipped,skipped,skipped,skipped,skipped,skipped,skipped,skipped,4,10
4483,Matt KERR (Lab),Alistair WATSON (Lab),skipped,skipped,skipped,skipped,skipped,skipped,skipped,skipped,4,10
4484,Matt KERR (Lab),Alistair WATSON (Lab),skipped,skipped,skipped,skipped,skipped,skipped,skipped,skipped,4,10
4485,Matt KERR (Lab),Alistair WATSON (Lab),skipped,skipped,skipped,skipped,skipped,skipped,skipped,skipped,4,10
4486,Matt KERR (Lab),Alistair WATSON (Lab),skipped,skipped,skipped,skipped,skipped,skipped,skipped,skipped,4,10
4487,Matt KERR (Lab),Alistair WATSON (Lab),skipped,skipped,skipped,skipped,skipped,skipped,skipped,skipped,4,10
4488,Matt KERR (Lab),Alistair WATSON (Lab),skipped,skipped,skipped,skipped,skipped,skipped,skipped,skipped,4,10
4489,Matt KERR (Lab),Alistair WATSON (Lab),skipped,skipped,skipped,skipped,skipped,skipped,skipped,skipped,4,10
4490,Matt KERR (Lab),Alistair WATSON (Lab),skipped,skipped,skipped,skipped,skipped,skipped,skipped,skipped,4,10
4491,Matt KERR (Lab),Alistair WATSON (Lab),skipped,skipped,skipped,skipped,skipped,skipped,skipped,skipped,4,10
4492,Matt KERR (Lab),Alistair WATSON (Lab),skipped,skipped,skipped,skipped,skipped,skipped,skipped,skipped,4,10
4493,Matt KERR (Lab),Alistair WATSON (Lab),skipped,skipped,skipped,skipped,skipped,skipped,skipped,skipped,4,10
4494,Matt KERR (Lab),Alistair WATSON (Lab),skipped,skipped,skipped,skipped,skipped,skipped,skipped,skipped,4,10
4495,Matt KERR (Lab),Alistair WATSON (Lab),skipped,skipped,skipped,skipped,skipped,skipped,skipped,skipped,4,10
4496,Matt KERR (Lab),Alistair WATSON (Lab),skipped,skipped,skipped,skipped,skipped,skipped,skipped,skipped,4,10
4497,Matt KERR (Lab),Alistair WATSON (Lab),skipped,skipped,skipped,skipped,skipped,skipped,skipped,skipped,4,10
4498,Matt KERR (Lab),Alistair WATSON (Lab),skipped,skipped,skipped,skipped,skipped,skipped,skipped,skipped,4,10
4499,Matt KERR (Lab),Alistair WATSON (Lab),skipped,skipped,skipped,skipped,skipped,skipped,skipped,skipped,4,10
4500,Matt KERR (Lab),Alistair WATSON (Lab),skipped,skipped,skipped,skipped,skipped,skipped,skipped,skipped,4,10
4501,Matt KERR (Lab),Alistair WATSON (Lab),skipped,skipped,skipped,skipped,skipped,skipped,skipped,skipped,4,10
4502,Matt KERR (Lab),Alistair WATSON (Lab),skipped,skipped,skipped,skipped,skipped,skipped,skipped,skipped,4,10
4503,Matt KERR (Lab),Alistair WATSON (Lab),skipped,skipped,skipped,skipped,skipped,skipped,skipped,skipped,4,10
4504,Matt KERR (Lab),Alistair WATSON (Lab),skipped,skipped,skipped,skipped,skipped,skipped,skipped,skipped,4,10
4505,Matt KERR (Lab),Alistair WATSON (Lab),skipped,skipped,skipped,skipped,skipped,skipped,skipped,skipped,4,10
4506,Matt KERR (Lab),Alistair WATSON (Lab),skipped,skipped,skipped,skipped,skipped,skipped,skipped,skipped,4,10
4507,Matt KERR (Lab),Alistair WATSON (Lab),skipped,skipped,skipped,skipped,skipped,skipped,skipped,skipped,4,10
4508,Matt KERR (Lab),Alistair WATSON (Lab),skipped,skipped,skipped,skipped,skipped,skipped,skipped,skipped,4,10
4509,Matt KERR (Lab),Alistair WATSON (Lab),skipped,skipped,skipped,skipped,skipped,skipped,skipped,skipped,4,10
4510,Matt KERR (Lab),Alistair WATSON (Lab),skipped,skipped,skipped,skipped,skipped,skipped,skipped,skipped,4,10
4511,Matt KERR (Lab),Alistair WATSON (Lab),skipped,skipped,skipped,skipped,skipped,skipped,skipped,skipped,4,10
4512,Matt KERR (Lab),Alistair WATSON (Lab),skipped,skipped,skipped,skipped,skipped,skipped,skipped,skipped,4,10
4513,Matt KERR (Lab),Alistair WATSON (Lab),skipped,skipped,skipped,skipped,skipped,skipped,skipped,skipped,4,10
4514,Matt KERR (Lab),Alistair WATSON (Lab),skipped,skipped,skipped,skipped,skipped,skipped,skipped,skipped,4,10
4515,Matt KERR (Lab),Alistair WATSON (Lab),skipped,skipped,skipped,skipped,skipped,skipped,skipped,skipped,4,10
4516,Matt KERR (Lab),Alistair WATSON (Lab),skipped,skipped,skipped,skipped,skipped,skipped,skipped,skipped,4,10
4517,Matt KERR (Lab),Alistair WATSON (Lab),skipped,skipped,skipped,skipped,skipped,skipped,skipped,skipped,4,10
4518,Matt KERR (Lab),Alistair WATSON (Lab),skipped,skipped,skipped,skipped,skipped,skipped,skipped,skipped,4,10
4519,Matt KERR (Lab),Alistair WATSON (Lab),skipped,skipped,skipped,skipped,skipped,skipped,skipped,skipped,4,10
4520,Matt KERR (Lab),Alistair WATSON (Lab),skipped,skipped,skipped,skipped,skipped,skipped,skipped,skipped,4,10
4521,Matt KERR (Lab),Alistair WATSON (Lab),skipped,skipped,skipped,skipped,skipped,skipped,skipped,skipped,4,10
4522,Matt KERR (Lab),Alistair WATSON (Lab),skipped,skipped,skipped,skipped,skipped,skipped,skipped,skipped,4,10
4523,Matt KERR (Lab),Alistair WATSON (Lab),skipped,skipped,skipped,skipped,skipped,skipped,skipped,skipped,4,10
4524,Matt KERR (Lab),Alistair WATSON (Lab),skipped,skipped,skipped,skipped,skipped,skipped,skipped,skipped,4,10
4525,Matt KERR (Lab),Alistair WATSON (Lab),skipped,skipped,skipped,skipped,skipped,skipped,skipped,skipped,4,10
4526,Matt KERR (Lab),Alistair WATSON (Lab),skipped,skipped,skipped,skipped,skipped,skipped,skipped,skipped,4,10
4527,Matt KERR (Lab),Alistair WATSON (Lab),skipped,skipped,skipped,skipped,skipped,skipped,skipped,skipped,4,10
4528,Matt KERR (Lab),Alistair WATSON (Lab),skipped,skipped,skipped,skipped,skipped,skipped,skipped,skipped,4,10
4529,Matt KERR (Lab),Alistair WATSON (Lab),skipped,skipped,skipped,skipped,skipped,skipped,skipped,skipped,4,10
4530,Matt KERR (Lab),Alistair WATSON (Lab),skipped,skipped,skipped,skipped,skipped,skipped,skipped,skipped,4,10
4531,Matt KERR (Lab),Alistair WATSON (Lab),skipped,skipped,skipped,skipped,skipped,skipped,skipped,skipped,4,10
4532,Matt KERR (Lab),Alistair WATSON (Lab),skipped,skipped,skipped,skipped,skipped,skipped,skipped,skipped,4,10
4533,Matt KERR (Lab),Alistair WATSON (Lab),skipped,skipped,skipped,skipped,skipped,skipped,skipped,skipped,4,10
4534,Matt KERR (Lab),Alistair WATSON (Lab),skipped,skipped,skipped,skipped,skipped,skipped,skipped,skipped,4,10
4535,Matt KERR (Lab),Alistair WATSON (Lab),skipped,skipped,skipped,skipped,skipped,skipped,skipped,skipped,4,10
4536,Matt KERR (Lab),Alistair WATSON (Lab),skipped,skipped,skipped,skipped,skipped,skipped,skipped,skipped,4,10
4537,Matt KERR (Lab),Alistair WATSON (Lab),skipped,skipped,skipped,skipped,skipped,skipped,skipped,skipped,4,10
4538,Matt KERR (Lab),Alistair WATSON (Lab),skipped,skipped,skipped,skipped,skipped,skipped,skipped,skipped,4,10
4539,Matt KERR (Lab),Alistair WATSON (Lab),skipped,skipped,skipped,skipped,skipped,skipped,skipped,skipped,4,10
4540,Matt KERR (Lab),Alistair WATSON (Lab),skipped,skipped,skipped,skipped,skipped,skipped,skipped,skipped,4,10
4541,Matt KERR (Lab),Alistair WATSON (Lab),skipped,skipped,skipped,skipped,skipped,skipped,skipped,skipped,4,10
4542,Matt KERR (Lab),Alistair WATSON (Lab),skipped,skipped,skipped,skipped,skipped,skipped,skipped,skipped,4,10
4543,Matt KERR (Lab),Alistair WATSON (Lab),skipped,skipped,skipped,skipped,skipped,skipped,skipped,skipped,4,10
4544,Matt KERR (Lab),Alistair WATSON (Lab),skipped,skipped,skipped,skipped,skipped,skipped,skipped,skipped,4,10
4545,Matt KERR (Lab),Alistair WATSON (Lab),skipped,skipped,skipped,skipped,skipped,skipped,skipped,skipped,4,10
4546,Matt KERR (Lab),Alistair WATSON (Lab),skipped,skipped,skipped,skipped,skipped,skipped,skipped,skipped,4,10
4547,Matt KERR (Lab),Alistair WATSON (Lab),skipped,skipped,skipped,skipped,skipped,skipped,skipped,skipped,4,10
4548,Matt KERR (Lab),Alistair WATSON (Lab),skipped,skipped,skipped,skipped,skipped,skipped,skipped,skipped,4,10
4549,Matt KERR (Lab),Alistair WATSON (Lab),skipped,skipped,skipped,skipped,skipped,skipped,skipped,skipped,4,10
4550,Matt KERR (Lab),Alistair WATSON (Lab),skipped,skipped,skipped,skipped,skipped,skipped,skipped,skipped,4,10
4551,Matt KERR (Lab),Alistair WATSON (Lab),skipped,skipped,skipped,skipped,skipped,skipped,skipped,skipped,4,10
4552,Matt KERR (Lab),Alistair WATSON (Lab),skipped,skipped,skipped,skipped,skipped,skipped,skipped,skipped,4,10
4553,Matt KERR (Lab),Alistair WATSON (Lab),skipped,skipped,skipped,skipped,skipped,skipped,skipped,skipped,4,10
4554,Matt KERR (Lab),Alistair WATSON (Lab),skipped,skipped,skipped,skipped,skipped,skipped,skipped,skipped,4,10
4555,Matt KERR (Lab),Alistair WATSON (Lab),skipped,skipped,skipped,skipped,skipped,skipped,skipped,skipped,4,10
4556,Matt KERR (Lab),Alistair WATSON (Lab),skipped,skipped,skipped,skipped,skipped,skipped,skipped,skipped,4,10
4557,Matt KERR (Lab),Alistair WATSON (Lab),skipped,skipped,skipped,skipped,skipped,skipped,skipped,skipped,4,10
4558,Matt KERR (Lab),Alistair WATSON (Lab),skipped,skipped,skipped,skipped,skipped,skipped,skipped,skipped,4,10
4559,Matt KERR (Lab),Alistair WATSON (Lab),skipped,skipped,skipped,skipped,skipped,skipped,skipped,skipped,4,10
4560,Matt KERR (Lab),Alistair WATSON (Lab),skipped,skipped,skipped,skipped,skipped,skipped,skipped,skipped,4,10
4561,Matt KERR (Lab),Alistair WATSON (Lab),skipped,skipped,skipped,skipped,skipped,skipped,skipped,skipped,4,10
4562,Matt KERR (Lab),Alistair WATSON (Lab),skipped,skipped,skipped,skipped,skipped,skipped,skipped,skipped,4,10
4563,Matt KERR (Lab),Alistair WATSON (Lab),skipped,skipped,skipped,skipped,skipped,skipped,skipped,skipped,4,10
4564,Matt KERR (Lab),Alistair WATSON (Lab),skipped,skipped,skipped,skipped,skipped,skipped,skipped,skipped,4,10
4565,Matt KERR (Lab),Alistair WATSON (Lab),skipped,skipped,skipped,skipped,skipped,skipped,skipped,skipped,4,10
4566,Matt KERR (Lab),Alistair WATSON (Lab),skipped,skipped,skipped,skipped,skipped,skipped,skipped,skipped,4,10
4567,Matt KERR (Lab),Alistair WATSON (Lab),skipped,skipped,skipped,skipped,skipped,skipped,skipped,skipped,4,10
4568,Matt KERR (Lab),Alistair WATSON (Lab),skipped,skipped,skipped,skipped,skipped,skipped,skipped,skipped,4,10
4569,Matt KERR (Lab),Alistair WATSON (Lab),skipped,skipped,skipped,skipped,skipped,skipped,skipped,skipped,4,10
4570,Matt KERR (Lab),Alistair WATSON (Lab),skipped,skipped,skipped,skipped,skipped,skipped,skipped,skipped,4,10
4571,Matt KERR (Lab),Alistair WATSON (Lab),skipped,skipped,skipped,skipped,skipped,skipped,skipped,skipped,4,10
4572,Matt KERR (Lab),Alistair WATSON (Lab),skipped,skipped,skipped,skipped,skipped,skipped,skipped,skipped,4,10
4573,Matt KERR (Lab),Alistair WATSON (Lab),skipped,skipped,skipped,skipped,skipped,skipped,skipped,skipped,4,10
4574,Matt KERR (Lab),Alistair WATSON (Lab),skipped,skipped,skipped,skipped,skipped,skipped,skipped,skipped,4,10
4575,Matt KERR (Lab),Alistair WATSON (Lab),skipped,skipped,skipped,skipped,skipped,skipped,skipped,skipped,4,10
4576,Matt KERR (Lab),Alistair WATSON (Lab),skipped,skipped,skipped,skipped,skipped,skipped,skipped,skipped,4,10
4577,Matt KERR (Lab),Alistair WATSON (Lab),skipped,skipped,skipped,skipped,skipped,skipped,skipped,skipped,4,10
4578,Matt KERR (Lab),Alistair WATSON (Lab),skipped,skipped,skipped,skipped,skipped,skipped,skipped,skipped,4,10
4579,Matt KERR (Lab),Alistair WATSON (Lab),skipped,skipped,skipped,skipped,skipped,skipped,skipped,skipped,4,10
4580,Matt KERR (Lab),Alistair WATSON (Lab),skipped,skipped,skipped,skipped,skipped,skipped,skipped,skipped,4,10
4581,Matt KERR (Lab),Alistair WATSON (Lab),skipped,skipped,skipped,skipped,skipped,skipped,skipped,skipped,4,10
4582,Matt KERR (Lab),Alistair WATSON (Lab),skipped,skipped,skipped,skipped,skipped,skipped,skipped,skipped,4,10
4583,Matt KERR (Lab),Alistair WATSON (Lab),skipped,skipped,skipped,skipped,skipped,skipped,skipped,skipped,4,10
4584,Matt KERR (Lab),Alistair WATSON (Lab),skipped,skipped,skipped,skipped,skipped,skipped,skipped,skipped,4,10
4585,Matt KERR (Lab),Alistair WATSON (Lab),skipped,skipped,skipped,skipped,skipped,skipped,skipped,skipped,4,10
4586,Matt KERR (Lab),Alistair WATSON (Lab),skipped,skipped,skipped,skipped,skipped,skipped,skipped,skipped,4,10
4587,Matt KERR (Lab),Alistair WATSON (Lab),skipped,skipped,skipped,skipped,skipped,skipped,skipped,skipped,4,10
4588,Matt KERR (Lab),Alistair WATSON (Lab),skipped,skipped,skipped,skipped,skipped,skipped,skipped,skipped,4,10
4589,Matt KERR (Lab),Alistair WATSON (Lab),skipped,skipped,skipped,skipped,skipped,skipped,skipped,skipped,4,10
4590,Matt KERR (Lab),Alistair WATSON (Lab),skipped,skipped,skipped,skipped,skipped,skipped,skipped,skipped,4,10
4591,Matt KERR (Lab),Alistair WATSON (Lab),skipped,skipped,skipped,skipped,skipped,skipped,skipped,skipped,4,10
4592,Matt KERR (Lab),Alistair WATSON (Lab),skipped,skipped,skipped,skipped,skipped,skipped,skipped,skipped,4,10
4593,Matt KERR (Lab),Alistair WATSON (Lab),skipped,skipped,skipped,skipped,skipped,skipped,skipped,skipped,4,10
4594,Matt KERR (Lab),Alistair WATSON (Lab),skipped,skipped,skipped,skipped,skipped,skipped,skipped,skipped,4,10
4595,Matt KERR (Lab),Alistair WATSON (Lab),skipped,skipped,skipped,skipped,skipped,skipped,skipped,skipped,4,10
4596,Matt KERR (Lab),Alistair WATSON (Lab),skipped,skipped,skipped,skipped,skipped,skipped,skipped,skipped,4,10
4597,Matt KERR (Lab),Alistair WATSON (Lab),skipped,skipped,skipped,skipped,skipped,skipped,skipped,skipped,4,10
4598,Matt KERR (Lab),Alistair WATSON (Lab),skipped,skipped,skipped,skipped,skipped,skipped,skipped,skipped,4,10
4599,Matt KERR (Lab),Alistair WATSON (Lab),skipped,skipped,skipped,skipped,skipped,skipped,skipped,skipped,4,10
4600,Matt KERR (Lab),Alistair WATSON (Lab),skipped,skipped,skipped,skipped,skipped,skipped,skipped,skipped,4,10
4601,Matt KERR (Lab),Alistair WATSON (Lab),skipped,skipped,skipped,skipped,skipped,skipped,skipped,skipped,4,10
4602,Matt KERR (Lab),Alistair WATSON (Lab),skipped,skipped,skipped,skipped,skipped,skipped,skipped,skipped,4,10
4603,Matt KERR (Lab),Alistair WATSON (Lab),skipped,skipped,skipped,skipped,skipped,skipped,skipped,skipped,4,10
4604,Matt KERR (Lab),Alistair WATSON (Lab),skipped,skipped,skipped,skipped,skipped,skipped,skipped,skipped,4,10
4605,Matt KERR (Lab),Alistair WATSON (Lab),skipped,skipped,skipped,skipped,skipped,skipped,skipped,skipped,4,10
4606,Matt KERR (Lab),Alistair WATSON (Lab),skipped,skipped,skipped,skipped,skipped,skipped,skipped,skipped,4,10
4607,Matt KERR (Lab),Alistair WATSON (Lab),skipped,skipped,skipped,skipped,skipped,skipped,skipped,skipped,4,10
4608,Matt KERR (Lab),Alistair WATSON (Lab),skipped,skipped,skipped,skipped,skipped,skipped,skipped,skipped,4,10
4609,Matt KERR (Lab),Alistair WATSON (Lab),skipped,skipped,skipped,skipped,skipped,skipped,skipped,skipped,4,10
4610,Matt KERR (Lab),Alistair WATSON (Lab),skipped,skipped,skipped,skipped,skipped,skipped,skipped,skipped,4,10
4611,Matt KERR (Lab),Alistair WATSON (Lab),skipped,skipped,skipped,skipped,skipped,skipped,skipped,skipped,4,10
4612,Matt KERR (Lab),Alistair WATSON (Lab),skipped,skipped,skipped,skipped,skipped,skipped,skipped,skipped,4,10
4613,Matt KERR (Lab),Alistair WATSON (Lab),skipped,skipped,skipped,skipped,skipped,skipped,skipped,skipped,4,10
4614,Matt KERR (Lab),Alistair WATSON (Lab),skipped,skipped,skipped,skipped,skipped,skipped,skipped,skipped,4,10
4615,Matt KERR (Lab),Alistair WATSON (Lab),skipped,skipped,skipped,skipped,skipped,skipped,skipped,skipped,4,10
4616,Matt KERR (Lab),Alistair WATSON (Lab),skipped,skipped,skipped,skipped,skipped,skipped,skipped,skipped,4,10
4617,Matt KERR (Lab),Alistair WATSON (Lab),skipped,skipped,skipped,skipped,skipped,skipped,skipped,skipped,4,10
4618,Matt KERR (Lab),Alistair WATSON (Lab),skipped,skipped,skipped,skipped,skipped,skipped,skipped,skipped,4,10
4619,Matt KERR (Lab),Alistair WATSON (Lab),skipped,skipped,skipped,skipped,skipped,skipped,skipped,skipped,4,10
4620,Matt KERR (Lab),Alistair WATSON (Lab),skipped,skipped,skipped,skipped,skipped,skipped,skipped,skipped,4,10
4621,Matt KERR (Lab),Alistair WATSON (Lab),skipped,skipped,skipped,skipped,skipped,skipped,skipped,skipped,4,10
4622,Matt KERR (Lab),Alistair WATSON (Lab),skipped,skipped,skipped,skipped,skipped,skipped,skipped,skipped,4,10
4623,Matt KERR (Lab),Alistair WATSON (Lab),skipped,skipped,skipped,skipped,skipped,skipped,skipped,skipped,4,10
4624,Matt KERR (Lab),Alistair WATSON (Lab),skipped,skipped,skipped,skipped,skipped,skipped,skipped,skipped,4,10
4625,Matt KERR (Lab),Alistair WATSON (Lab),skipped,skipped,skipped,skipped,skipped,skipped,skipped,skipped,4,10
4626,Matt KERR (Lab),Alistair WATSON (Lab),skipped,skipped,skipped,skipped,skipped,skipped,skipped,skipped,4,10
4627,Matt KERR (Lab),Alistair WATSON (Lab),skipped,skipped,skipped,skipped,skipped,skipped,skipped,skipped,4,10
4628,Matt KERR (Lab),Alistair WATSON (Lab),skipped,skipped,skipped,skipped,skipped,skipped,skipped,skipped,4,10
4629,Matt KERR (Lab),Alistair WATSON (Lab),skipped,skipped,skipped,skipped,skipped,skipped,skipped,skipped,4,10
4630,Matt KERR (Lab),Alistair WATSON (Lab),skipped,skipped,skipped,skipped,skipped,skipped,skipped,skipped,4,10
4631,Matt KERR (Lab),Alistair WATSON (Lab),skipped,skipped,skipped,skipped,skipped,skipped,skipped,skipped,4,10
4632,Matt KERR (Lab),Alistair WATSON (Lab),skipped,skipped,skipped,skipped,skipped,skipped,skipped,skipped,4,10
4633,Matt KERR (Lab),Alistair WATSON (Lab),skipped,skipped,skipped,skipped,skipped,skipped,skipped,skipped,4,10
4634,Matt KERR (Lab),Alistair WATSON (Lab),skipped,skipped,skipped,skipped,skipped,skipped,skipped,skipped,4,10
4635,Matt KERR (Lab),Alistair WATSON (Lab),skipped,skipped,skipped,skipped,skipped,skipped,skipped,skipped,4,10
4636,Matt KERR (Lab),Alistair WATSON (Lab),skipped,skipped,skipped,skipped,skipped,skipped,skipped,skipped,4,10
4637,Matt KERR (Lab),Alistair WATSON (Lab),skipped,skipped,skipped,skipped,skipped,skipped,skipped,skipped,4,10
4638,Matt KERR (Lab),Alistair WATSON (Lab),skipped,skipped,skipped,skipped,skipped,skipped,skipped,skipped,4,10
4639,Matt KERR (Lab),Alistair WATSON (Lab),skipped,skipped,skipped,skipped,skipped,skipped,skipped,skipped,4,10
4640,Matt KERR (Lab),Alistair WATSON (Lab),skipped,skipped,skipped,skipped,skipped,skipped,skipped,skipped,4,10
4641,Matt KERR (Lab),Alistair WATSON (Lab),skipped,skipped,skipped,skipped,skipped,skipped,skipped,skipped,4,10
4642,Matt KERR (Lab),Alistair WATSON (Lab),skipped,skipped,skipped,skipped,skipped,skipped,skipped,skipped,4,10
4643,Matt KERR (Lab),Alistair WATSON (Lab),skipped,skipped,skipped,skipped,skipped,skipped,skipped,skipped,4,10
4644,Matt KERR (Lab),Alistair WATSON (Lab),skipped,skipped,skipped,skipped,skipped,skipped,skipped,skipped,4,10
4645,Matt KERR (Lab),Alistair WATSON (Lab),skipped,skipped,skipped,skipped,skipped,skipped,skipped,skipped,4,10
4646,Matt KERR (Lab),Alistair WATSON (Lab),skipped,skipped,skipped,skipped,skipped,skipped,skipped,skipped,4,10
4647,Matt KERR (Lab),Alistair WATSON (Lab),skipped,skipped,skipped,skipped,skipped,skipped,skipped,skipped,4,10
4648,Matt KERR (Lab),Alistair WATSON (Lab),skipped,skipped,skipped,skipped,skipped,skipped,skipped,skipped,4,10
4649,Matt KERR (Lab),Alistair WATSON (Lab),skipped,skipped,skipped,skipped,skipped,skipped,skipped,skipped,4,10
4650,Matt KERR (Lab),Alistair WATSON (Lab),skipped,skipped,skipped,skipped,skipped,skipped,skipped,skipped,4,10
4651,Matt KERR (Lab),Alistair WATSON (Lab),skipped,skipped,skipped,skipped,skipped,skipped,skipped,skipped,4,10
4652,Matt KERR (Lab),Alistair WATSON (Lab),skipped,skipped,skipped,skipped,skipped,skipped,skipped,skipped,4,10
4653,Matt KERR (Lab),Alistair WATSON (Lab),skipped,skipped,skipped,skipped,skipped,skipped,skipped,skipped,4,10
4654,Matt KERR (Lab),Alistair WATSON (Lab),skipped,skipped,skipped,skipped,skipped,skipped,skipped,skipped,4,10
4655,Matt KERR (Lab),Alistair WATSON (Lab),skipped,skipped,skipped,skipped,skipped,skipped,skipped,skipped,4,10
4656,Matt KERR (Lab),Alistair WATSON (Lab),skipped,skipped,skipped,skipped,skipped,skipped,skipped,skipped,4,10
4657,Matt KERR (Lab),Alistair WATSON (Lab),skipped,skipped,skipped,skipped,skipped,skipped,skipped,skipped,4,10
4658,Matt KERR (Lab),Alistair WATSON (Lab),skipped,skipped,skipped,skipped,skipped,skipped,skipped,skipped,4,10
4659,Matt KERR (Lab),Alistair WATSON (Lab),skipped,skipped,skipped,skipped,skipped,skipped,skipped,skipped,4,10
4660,Matt KERR (Lab),Alistair WATSON (Lab),skipped,skipped,skipped,skipped,skipped,skipped,skipped,skipped,4,10
4661,Matt KERR (Lab),Alistair WATSON (Lab),skipped,skipped,skipped,skipped,skipped,skipped,skipped,skipped,4,10
4662,Matt KERR (Lab),Alistair WATSON (Lab),skipped,skipped,skipped,skipped,skipped,skipped,skipped,skipped,4,10
4663,Matt KERR (Lab),Alistair WATSON (Lab),skipped,skipped,skipped,skipped,skipped,skipped,skipped,skipped,4,10
4664,Matt KERR (Lab),Alistair WATSON (Lab),skipped,skipped,skipped,skipped,skipped,skipped,skipped,skipped,4,10
4665,Matt KERR (Lab),Alistair WATSON (Lab),skipped,skipped,skipped,skipped,skipped,skipped,skipped,skipped,4,10
4666,Matt KERR (Lab),Alistair WATSON (Lab),skipped,skipped,skipped,skipped,skipped,skipped,skipped,skipped,4,10
4667,Matt KERR (Lab),Alistair WATSON (Lab),skipped,skipped,skipped,skipped,skipped,skipped,skipped,skipped,4,10
4668,Matt KERR (Lab),Alistair WATSON (Lab),skipped,skipped,skipped,skipped,skipped,skipped,skipped,skipped,4,10
4669,Matt KERR (Lab),Alistair WATSON (Lab),skipped,skipped,skipped,skipped,skipped,skipped,skipped,skipped,4,10
4670,Matt KERR (Lab),Alistair WATSON (Lab),skipped,skipped,skipped,skipped,skipped,skipped,skipped,skipped,4,10
4671,Matt KERR (Lab),Alistair WATSON (Lab),skipped,skipped,skipped,skipped,skipped,skipped,skipped,skipped,4,10
4672,Matt KERR (Lab),Alistair WATSON (Lab),skipped,skipped,skipped,skipped,skipped,skipped,skipped,skipped,4,10
4673,Matt KERR (Lab),Alistair WATSON (Lab),skipped,skipped,skipped,skipped,skipped,skipped,skipped,skipped,4,10
4674,Matt KERR (Lab),Alistair WATSON (Lab),skipped,skipped,skipped,skipped,skipped,skipped,skipped,skipped,4,10
4675,Matt KERR (Lab),Alistair WATSON (Lab),skipped,skipped,skipped,skipped,skipped,skipped,skipped,skipped,4,10
4676,Matt KERR (Lab),Alistair WATSON (Lab),skipped,skipped,skipped,skipped,skipped,skipped,skipped,skipped,4,10
4677,Matt KERR (Lab),Alistair WATSON (Lab),skipped,skipped,skipped,skipped,skipped,skipped,skipped,skipped,4,10
4678,Matt KERR (Lab),Alistair WATSON (Lab),skipped,skipped,skipped,skipped,skipped,skipped,skipped,skipped,4,10
4679,Matt KERR (Lab),Alistair WATSON (Lab),skipped,skipped,skipped,skipped,skipped,skipped,skipped,skipped,4,10
4680,Matt KERR (Lab),Alistair WATSON (Lab),skipped,skipped,skipped,skipped,skipped,skipped,skipped,skipped,4,10
4681,Matt KERR (Lab),Alistair WATSON (Lab),skipped,skipped,skipped,skipped,skipped,skipped,skipped,skipped,4,10
4682,Matt KERR (Lab),Alistair WATSON (Lab),skipped,skipped,skipped,skipped,skipped,skipped,skipped,skipped,4,10
4683,Matt KERR (Lab),Alistair WATSON (Lab),skipped,skipped,skipped,skipped,skipped,skipped,skipped,skipped,4,10
4684,Matt KERR (Lab),Alistair WATSON (Lab),skipped,skipped,skipped,skipped,skipped,skipped,skipped,skipped,4,10
4685,Matt KERR (Lab),Alistair WATSON (Lab),skipped,skipped,skipped,skipped,skipped,skipped,skipped,skipped,4,10
4686,Matt KERR (Lab),Alistair WATSON (Lab),skipped,skipped,skipped,skipped,skipped,skipped,skipped,skipped,4,10
4687,Matt KERR (Lab),Alistair WATSON (Lab),skipped,skipped,skipped,skipped,skipped,skipped,skipped,skipped,4,10
4688,Matt KERR (Lab),Alistair WATSON (Lab),skipped,skipped,skipped,skipped,skipped,skipped,skipped,skipped,4,10
4689,Matt KERR (Lab),Alistair WATSON (Lab),skipped,skipped,skipped,skipped,skipped,skipped,skipped,skipped,4,10
4690,Matt KERR (Lab),Alistair WATSON (Lab),skipped,skipped,skipped,skipped,skipped,skipped,skipped,skipped,4,10
4691,Matt KERR (Lab),Alistair WATSON (Lab),skipped,skipped,skipped,skipped,skipped,skipped,skipped,skipped,4,10
4692,Matt KERR (Lab),Alistair WATSON (Lab),skipped,skipped,skipped,skipped,skipped,skipped,skipped,skipped,4,10
4693,Matt KERR (Lab),Alistair WATSON (Lab),skipped,skipped,skipped,skipped,skipped,skipped,skipped,skipped,4,10
4694,Matt KERR (Lab),Alistair WATSON (Lab),skipped,skipped,skipped,skipped,skipped,skipped,skipped,skipped,4,10
4695,Matt KERR (Lab),Alistair WATSON (Lab),skipped,skipped,skipped,skipped,skipped,skipped,skipped,skipped,4,10
4696,Matt KERR (Lab),Alistair WATSON (Lab),skipped,skipped,skipped,skipped,skipped,skipped,skipped,skipped,4,10
4697,Matt KERR (Lab),Alistair WATSON (Lab),skipped,skipped,skipped,skipped,skipped,skipped,skipped,skipped,4,10
4698,Matt KERR (Lab),Alistair WATSON (Lab),skipped,skipped,skipped,skipped,skipped,skipped,skipped,skipped,4,10
4699,Matt KERR (Lab),Alistair WATSON (Lab),skipped,skipped,skipped,skipped,skipped,skipped,skipped,skipped,4,10
4700,Matt KERR (Lab),Alistair WATSON (Lab),skipped,skipped,skipped,skipped,skipped,skipped,skipped,skipped,4,10
4701,Matt KERR (Lab),Alistair WATSON (Lab),skipped,skipped,skipped,skipped,skipped,skipped,skipped,skipped,4,10
4702,Matt KERR (Lab),Alistair WATSON (Lab),skipped,skipped,skipped,skipped,skipped,skipped,skipped,skipped,4,10
4703,Matt KERR (Lab),Alistair WATSON (Lab),skipped,skipped,skipped,skipped,skipped,skipped,skipped,skipped,4,10
4704,Matt KERR (Lab),Alistair WATSON (Lab),skipped,skipped,skipped,skipped,skipped,skipped,skipped,skipped,4,10
4705,Matt KERR (Lab),Alistair WATSON (Lab),skipped,skipped,skipped,skipped,skipped,skipped,skipped,skipped,4,10
4706,Matt KERR (Lab),Alistair WATSON (Lab),skipped,skipped,skipped,skipped,skipped,skipped,skipped,skipped,4,10
4707,Matt KERR (Lab),Alistair WATSON (Lab),skipped,skipped,skipped,skipped,skipped,skipped,skipped,skipped,4,10
4708,Matt KERR (Lab),Alistair WATSON (Lab),skipped,skipped,skipped,skipped,skipped,skipped,skipped,skipped,4,10
4709,Matt KERR (Lab),Alistair WATSON (Lab),skipped,skipped,skipped,skipped,skipped,skipped,skipped,skipped,4,10
4710,Matt KERR (Lab),Alistair WATSON (Lab),skipped,skipped,skipped,skipped,skipped,skipped,skipped,skipped,4,10
4711,Matt KERR (Lab),Alistair WATSON (Lab),skipped,skipped,skipped,skipped,skipped,skipped,skipped,skipped,4,10
4712,Matt KERR (Lab),Alistair WATSON (Lab),skipped,skipped,skipped,skipped,skipped,skipped,skipped,skipped,4,10
4713,Matt KERR (Lab),Alistair WATSON (Lab),skipped,skipped,skipped,skipped,skipped,skipped,skipped,skipped,4,10
4714,Matt KERR (Lab),Alistair WATSON (Lab),skipped,skipped,skipped,skipped,skipped,skipped,skipped,skipped,4,10
4715,Matt KERR (Lab),Alistair WATSON (Lab),skipped,skipped,skipped,skipped,skipped,skipped,skipped,skipped,4,10
4716,Matt KERR (Lab),Alistair WATSON (Lab),skipped,skipped,skipped,skipped,skipped,skipped,skipped,skipped,4,10
4717,Matt KERR (Lab),Alistair WATSON (Lab),skipped,skipped,skipped,skipped,skipped,skipped,skipped,skipped,4,10
4718,Matt KERR (Lab),Alistair WATSON (Lab),skipped,skipped,skipped,skipped,skipped,skipped,skipped,skipped,4,10
4719,Matt KERR (Lab),Alistair WATSON (Lab),skipped,skipped,skipped,skipped,skipped,skipped,skipped,skipped,4,10
4720,Matt KERR (Lab),Alistair WATSON (Lab),skipped,skipped,skipped,skipped,skipped,skipped,skipped,skipped,4,10
4721,Matt KERR (Lab),Alistair WATSON (Lab),skipped,skipped,skipped,skipped,skipped,skipped,skipped,skipped,4,10
4722,Matt KERR (Lab),Alistair WATSON (Lab),skipped,skipped,skipped,skipped,skipped,skipped,skipped,skipped,4,10
4723,Matt KERR (Lab),Alistair WATSON (Lab),skipped,skipped,skipped,skipped,skipped,skipped,skipped,skipped,4,10
4724,Matt KERR (Lab),Alistair WATSON (Lab),skipped,skipped,skipped,skipped,skipped,skipped,skipped,skipped,4,10
4725,Matt KERR (Lab),Alistair WATSON (Lab),skipped,skipped,skipped,skipped,skipped,skipped,skipped,skipped,4,10
4726,Matt KERR (Lab),Alistair WATSON (Lab),skipped,skipped,skipped,skipped,skipped,skipped,skipped,skipped,4,10
4727,Matt KERR (Lab),Alistair WATSON (Lab),skipped,skipped,skipped,skipped,skipped,skipped,skipped,skipped,4,10
4728,Matt KERR (Lab),Alistair WATSON (Lab),skipped,skipped,skipped,skipped,skipped,skipped,skipped,skipped,4,10
4729,Matt KERR (Lab),Alistair WATSON (Lab),skipped,skipped,skipped,skipped,skipped,skipped,skipped,skipped,4,10
4730,Matt KERR (Lab),Alistair WATSON (Lab),skipped,skipped,skipped,skipped,skipped,skipped,skipped,skipped,4,10
4731,Matt KERR (Lab),Alistair WATSON (Lab),skipped,skipped,skipped,skipped,skipped,skipped,skipped,skipped,4,10
4732,Matt KERR (Lab),Alistair WATSON (Lab),skipped,skipped,skipped,skipped,skipped,skipped,skipped,skipped,4,10
4733,Matt KERR (Lab),Alistair WATSON (Lab),skipped,skipped,skipped,skipped,skipped,skipped,skipped,skipped,4,10
4734,Matt KERR (Lab),Alistair WATSON (Lab),skipped,skipped,skipped,skipped,skipped,skipped,skipped,skipped,4,10
4735,Matt KERR (Lab),Alistair WATSON (Lab),skipped,skipped,skipped,skipped,skipped,skipped,skipped,skipped,4,10
4736,Matt KERR (Lab),Alistair WATSON (Lab),skipped,skipped,skipped,skipped,skipped,skipped,skipped,skipped,4,10
4737,Matt KERR (Lab),Alistair WATSON (Lab),skipped,skipped,skipped,skipped,skipped,skipped,skipped,skipped,4,10
4738,Matt KERR (Lab),Alistair WATSON (Lab),skipped,skipped,skipped,skipped,skipped,skipped,skipped,skipped,4,10
4739,Matt KERR (Lab),Alistair WATSON (Lab),skipped,skipped,skipped,skipped,skipped,skipped,skipped,skipped,4,10
4740,Matt KERR (Lab),Alistair WATSON (Lab),skipped,skipped,skipped,skipped,skipped,skipped,skipped,skipped,4,10
4741,Matt KERR (Lab),Alistair WATSON (Lab),skipped,skipped,skipped,skipped,skipped,skipped,skipped,skipped,4,10
4742,Matt KERR (Lab),Alistair WATSON (Lab),skipped,skipped,skipped,skipped,skipped,skipped,skipped,skipped,4,10
4743,Matt KERR (Lab),Alistair WATSON (Lab),skipped,skipped,skipped,skipped,skipped,skipped,skipped,skipped,4,10
4744,Matt KERR (Lab),Alistair WATSON (Lab),skipped,skipped,skipped,skipped,skipped,skipped,skipped,skipped,4,10
4745,Matt KERR (Lab),Alistair WATSON (Lab),skipped,skipped,skipped,skipped,skipped,skipped,skipped,skipped,4,10
4746,Matt KERR (Lab),Alistair WATSON (Lab),skipped,skipped,skipped,skipped,skipped,skipped,skipped,skipped,4,10
4747,Matt KERR (Lab),Alistair WATSON (Lab),skipped,skipped,skipped,skipped,skipped,skipped,skipped,skipped,4,10
4748,Matt KERR (Lab),Alistair WATSON (Lab),skipped,skipped,skipped,skipped,skipped,skipped,skipped,skipped,4,10
4749,Matt KERR (Lab),Alistair WATSON (Lab),skipped,skipped,skipped,skipped,skipped,skipped,skipped,skipped,4,10
4750,Matt KERR (Lab),Alistair WATSON (Lab),skipped,skipped,skipped,skipped,skipped,skipped,skipped,skipped,4,10
4751,Matt KERR (Lab),Alistair WATSON (Lab),skipped,skipped,skipped,skipped,skipped,skipped,skipped,skipped,4,10
4752,Matt KERR (Lab),Alistair WATSON (Lab),skipped,skipped,skipped,skipped,skipped,skipped,skipped,skipped,4,10
4753,Matt KERR (Lab),Alistair WATSON (Lab),skipped,skipped,skipped,skipped,skipped,skipped,skipped,skipped,4,10
4754,Matt KERR (Lab),Alistair WATSON (Lab),skipped,skipped,skipped,skipped,skipped,skipped,skipped,skipped,4,10
4755,Matt KERR (Lab),Alistair WATSON (Lab),skipped,skipped,skipped,skipped,skipped,skipped,skipped,skipped,4,10
4756,Matt KERR (Lab),Alistair WATSON (Lab),skipped,skipped,skipped,skipped,skipped,skipped,skipped,skipped,4,10
4757,Matt KERR (Lab),Alistair WATSON (Lab),skipped,skipped,skipped,skipped,skipped,skipped,skipped,skipped,4,10
4758,Matt KERR (Lab),Alistair WATSON (Lab),skipped,skipped,skipped,skipped,skipped,skipped,skipped,skipped,4,10
4759,Matt KERR (Lab),Alistair WATSON (Lab),skipped,skipped,skipped,skipped,skipped,skipped,skipped,skipped,4,10
4760,Matt KERR (Lab),Alistair WATSON (Lab),skipped,skipped,skipped,skipped,skipped,skipped,skipped,skipped,4,10
4761,Matt KERR (Lab),Alistair WATSON (Lab),skipped,skipped,skipped,skipped,skipped,skipped,skipped,skipped,4,10
4762,Matt KERR (Lab),Alistair WATSON (Lab),skipped,skipped,skipped,skipped,skipped,skipped,skipped,skipped,4,10
4763,Matt KERR (Lab),Alistair WATSON (Lab),skipped,skipped,skipped,skipped,skipped,skipped,skipped,skipped,4,10
4764,Matt KERR (Lab),Alistair WATSON (Lab),skipped,skipped,skipped,skipped,skipped,skipped,skipped,skipped,4,10
4765,Matt KERR (Lab),Alistair WATSON (Lab),skipped,skipped,skipped,skipped,skipped,skipped,skipped,skipped,4,10
4766,Matt KERR (Lab),Alistair WATSON (Lab),skipped,skipped,skipped,skipped,skipped,skipped,skipped,skipped,4,10
4767,Matt KERR (Lab),Alistair WATSON (Lab),skipped,skipped,skipped,skipped,skipped,skipped,skipped,skipped,4,10
4768,Matt KERR (Lab),Alistair WATSON (Lab),skipped,skipped,skipped,skipped,skipped,skipped,skipped,skipped,4,10
4769,Matt KERR (Lab),Alistair WATSON (Lab),skipped,skipped,skipped,skipped,skipped,skipped,skipped,skipped,4,10
4770,Matt KERR (Lab),Alistair WATSON (Lab),skipped,skipped,skipped,skipped,skipped,skipped,skipped,skipped,4,10
4771,Matt KERR (Lab),Alistair WATSON (Lab),skipped,skipped,skipped,skipped,skipped,skipped,skipped,skipped,4,10
4772,Matt KERR (Lab),Alistair WATSON (Lab),skipped,skipped,skipped,skipped,skipped,skipped,skipped,skipped,4,10
4773,Matt KERR (Lab),Alistair WATSON (Lab),skipped,skipped,skipped,skipped,skipped,skipped,skipped,skipped,4,10
4774,Matt KERR (Lab),Alistair WATSON (Lab),skipped,skipped,skipped,skipped,skipped,skipped,skipped,skipped,4,10
4775,Matt KERR (Lab),Alistair WATSON (Lab),skipped,skipped,skipped,skipped,skipped,skipped,skipped,skipped,4,10
4776,Matt KERR (Lab),Alistair WATSON (Lab),skipped,skipped,skipped,skipped,skipped,skipped,skipped,skipped,4,10
4777,Matt KERR (Lab),Alistair WATSON (Lab),skipped,skipped,skipped,skipped,skipped,skipped,skipped,skipped,4,10
4778,Matt KERR (Lab),Alistair WATSON (Lab),skipped,skipped,skipped,skipped,skipped,skipped,skipped,skipped,4,10
4779,Matt KERR (Lab),Alistair WATSON (Lab),skipped,skipped,skipped,skipped,skipped,skipped,skipped,skipped,4,10
4780,Matt KERR (Lab),Alistair WATSON (Lab),skipped,skipped,skipped,skipped,skipped,skipped,skipped,skipped,4,10
4781,Matt KERR (Lab),Alistair WATSON (Lab),skipped,skipped,skipped,skipped,skipped,skipped,skipped,skipped,4,10
4782,Matt KERR (Lab),Alistair WATSON (Lab),skipped,skipped,skipped,skipped,skipped,skipped,skipped,skipped,4,10
4783,Matt KERR (Lab),Alistair WATSON (Lab),skipped,skipped,skipped,skipped,skipped,skipped,skipped,skipped,4,10
4784,Matt KERR (Lab),Alistair WATSON (Lab),skipped,skipped,skipped,skipped,skipped,skipped,skipped,skipped,4,10
4785,Matt KERR (Lab),Alistair WATSON (Lab),skipped,skipped,skipped,skipped,skipped,skipped,skipped,skipped,4,10
4786,Matt KERR (Lab),Alistair WATSON (Lab),skipped,skipped,skipped,skipped,skipped,skipped,skipped,skipped,4,10
4787,Matt KERR (Lab),Alistair WATSON (Lab),skipped,skipped,skipped,skipped,skipped,skipped,skipped,skipped,4,10
4788,Matt KERR (Lab),Alistair WATSON (Lab),skipped,skipped,skipped,skipped,skipped,skipped,skipped,skipped,4,10
4789,Matt KERR (Lab),Alistair WATSON (Lab),skipped,skipped,skipped,skipped,skipped,skipped,skipped,skipped,4,10
4790,Matt KERR (Lab),Alistair WATSON (Lab),skipped,skipped,skipped,skipped,skipped,skipped,skipped,skipped,4,10
4791,Matt KERR (Lab),Alistair WATSON (Lab),skipped,skipped,skipped,skipped,skipped,skipped,skipped,skipped,4,10
4792,Matt KERR (Lab),Alistair WATSON (Lab),skipped,skipped,skipped,skipped,skipped,skipped,skipped,skipped,4,10
4793,Matt KERR (Lab),Alistair WATSON (Lab),skipped,skipped,skipped,skipped,skipped,skipped,skipped,skipped,4,10
4794,Matt KERR (Lab),Alistair WATSON (Lab),skipped,skipped,skipped,skipped,skipped,skipped,skipped,skipped,4,10
4795,Matt KERR (Lab),Alistair WATSON (Lab),skipped,skipped,skipped,skipped,skipped,skipped,skipped,skipped,4,10
4796,Matt KERR (Lab),Alistair WATSON (Lab),skipped,skipped,skipped,skipped,skipped,skipped,skipped,skipped,4,10
4797,Matt KERR (Lab),Alistair WATSON (Lab),skipped,skipped,skipped,skipped,skipped,skipped,skipped,skipped,4,10
4798,Matt KERR (Lab),Alistair WATSON (Lab),skipped,skipped,skipped,skipped,skipped,skipped,skipped,skipped,4,10
4799,Matt KERR (Lab),Alistair WATSON (Lab),skipped,skipped,skipped,skipped,skipped,skipped,skipped,skipped,4,10
4800,Matt KERR (Lab),Alistair WATSON (Lab),skipped,skipped,skipped,skipped,skipped,skipped,skipped,skipped,4,10
4801,Matt KERR (Lab),Alistair WATSON (Lab),skipped,skipped,skipped,skipped,skipped,skipped,skipped,skipped,4,10
4802,Matt KERR (Lab),Alistair WATSON (Lab),skipped,skipped,skipped,skipped,skipped,skipped,skipped,skipped,4,10
4803,Matt KERR (Lab),Alistair WATSON (Lab),skipped,skipped,skipped,skipped,skipped,skipped,skipped,skipped,4,10
4804,Matt KERR (Lab),Alistair WATSON (Lab),skipped,skipped,skipped,skipped,skipped,skipped,skipped,skipped,4,10
4805,Matt KERR (Lab),Alistair WATSON (Lab),skipped,skipped,skipped,skipped,skipped,skipped,skipped,skipped,4,10
4806,Matt KERR (Lab),Alistair WATSON (Lab),skipped,skipped,skipped,skipped,skipped,skipped,skipped,skipped,4,10
4807,Matt KERR (Lab),Alistair WATSON (Lab),skipped,skipped,skipped,skipped,skipped,skipped,skipped,skipped,4,10
4808,Matt KERR (Lab),Alistair WATSON (Lab),skipped,skipped,skipped,skipped,skipped,skipped,skipped,skipped,4,10
4809,Matt KERR (Lab),Alistair WATSON (Lab),skipped,skipped,skipped,skipped,skipped,skipped,skipped,skipped,4,10
4810,Matt KERR (Lab),Alistair WATSON (Lab),skipped,skipped,skipped,skipped,skipped,skipped,skipped,skipped,4,10
4811,Matt KERR (Lab),Alistair WATSON (Lab),skipped,skipped,skipped,skipped,skipped,skipped,skipped,skipped,4,10
4812,Matt KERR (Lab),Alistair WATSON (Lab),skipped,skipped,skipped,skipped,skipped,skipped,skipped,skipped,4,10
4813,Matt KERR (Lab),Alistair WATSON (Lab),skipped,skipped,skipped,skipped,skipped,skipped,skipped,skipped,4,10
4814,Matt KERR (Lab),Alistair WATSON (Lab),skipped,skipped,skipped,skipped,skipped,skipped,skipped,skipped,4,10
4815,Matt KERR (Lab),Alistair WATSON (Lab),skipped,skipped,skipped,skipped,skipped,skipped,skipped,skipped,4,10
4816,Matt KERR (Lab),Alistair WATSON (Lab),skipped,skipped,skipped,skipped,skipped,skipped,skipped,skipped,4,10
4817,Matt KERR (Lab),Alistair WATSON (Lab),skipped,skipped,skipped,skipped,skipped,skipped,skipped,skipped,4,10
4818,Matt KERR (Lab),Alistair WATSON (Lab),skipped,skipped,skipped,skipped,skipped,skipped,skipped,skipped,4,10
4819,Matt KERR (Lab),Alistair WATSON (Lab),skipped,skipped,skipped,skipped,skipped,skipped,skipped,skipped,4,10
4820,Matt KERR (Lab),Alistair WATSON (Lab),skipped,skipped,skipped,skipped,skipped,skipped,skipped,skipped,4,10
4821,Matt KERR (Lab),Alistair WATSON (Lab),skipped,skipped,skipped,skipped,skipped,skipped,skipped,skipped,4,10
4822,Matt KERR (Lab),Alistair WATSON (Lab),skipped,skipped,skipped,skipped,skipped,skipped,skipped,skipped,4,10
4823,Matt KERR (Lab),Alistair WATSON (Lab),skipped,skipped,skipped,skipped,skipped,skipped,skipped,skipped,4,10
4824,Matt KERR (Lab),Alistair WATSON (Lab),skipped,skipped,skipped,skipped,skipped,skipped,skipped,skipped,4,10
4825,Matt KERR (Lab),Alistair WATSON (Lab),skipped,skipped,skipped,skipped,skipped,skipped,skipped,skipped,4,10
4826,Matt KERR (Lab),Alistair WATSON (Lab),skipped,skipped,skipped,skipped,skipped,skipped,skipped,skipped,4,10
4827,Matt KERR (Lab),Alistair WATSON (Lab),skipped,skipped,skipped,skipped,skipped,skipped,skipped,skipped,4,10
4828,Matt KERR (Lab),Alistair WATSON (Lab),skipped,skipped,skipped,skipped,skipped,skipped,skipped,skipped,4,10
4829,Matt KERR (Lab),Alistair WATSON (Lab),skipped,skipped,skipped,skipped,skipped,skipped,skipped,skipped,4,10
4830,Matt KERR (Lab),Alistair WATSON (Lab),skipped,skipped,skipped,skipped,skipped,skipped,skipped,skipped,4,10
4831,Matt KERR (Lab),Alistair WATSON (Lab),skipped,skipped,skipped,skipped,skipped,skipped,skipped,skipped,4,10
4832,Matt KERR (Lab),Alistair WATSON (Lab),skipped,skipped,skipped,skipped,skipped,skipped,skipped,skipped,4,10
4833,Matt KERR (Lab),Alistair WATSON (Lab),skipped,skipped,skipped,skipped,skipped,skipped,skipped,skipped,4,10
4834,Matt KERR (Lab),Alistair WATSON (Lab),skipped,skipped,skipped,skipped,skipped,skipped,skipped,skipped,4,10
4835,Matt KERR (Lab),Alistair WATSON (Lab),skipped,skipped,skipped,skipped,skipped,skipped,skipped,skipped,4,10
4836,Matt KERR (Lab),Alistair WATSON (Lab),skipped,skipped,skipped,skipped,skipped,skipped,skipped,skipped,4,10
4837,Matt KERR (Lab),Alistair WATSON (Lab),skipped,skipped,skipped,skipped,skipped,skipped,skipped,skipped,4,10
4838,Matt KERR (Lab),Alistair WATSON (Lab),skipped,skipped,skipped,skipped,skipped,skipped,skipped,skipped,4,10
4839,Matt KERR (Lab),Alistair WATSON (Lab),skipped,skipped,skipped,skipped,skipped,skipped,skipped,skipped,4,10
4840,Matt KERR (Lab),Alistair WATSON (Lab),skipped,skipped,skipped,skipped,skipped,skipped,skipped,skipped,4,10
4841,Matt KERR (Lab),Alistair WATSON (Lab),skipped,skipped,skipped,skipped,skipped,skipped,skipped,skipped,4,10
4842,Matt KERR (Lab),Alistair WATSON (Lab),skipped,skipped,skipped,skipped,skipped,skipped,skipped,skipped,4,10
4843,Matt KERR (Lab),Alistair WATSON (Lab),skipped,skipped,skipped,skipped,skipped,skipped,skipped,skipped,4,10
4844,Matt KERR (Lab),Alistair WATSON (Lab),skipped,skipped,skipped,skipped,skipped,skipped,skipped,skipped,4,10
4845,Matt KERR (Lab),Alistair WATSON (Lab),skipped,skipped,skipped,skipped,skipped,skipped,skipped,skipped,4,10
4846,Matt KERR (Lab),Alistair WATSON (Lab),skipped,skipped,skipped,skipped,skipped,skipped,skipped,skipped,4,10
4847,Matt KERR (Lab),Alistair WATSON (Lab),skipped,skipped,skipped,skipped,skipped,skipped,skipped,skipped,4,10
4848,Matt KERR (Lab),Alistair WATSON (Lab),skipped,skipped,skipped,skipped,skipped,skipped,skipped,skipped,4,10
4849,Matt KERR (Lab),Alistair WATSON (Lab),skipped,skipped,skipped,skipped,skipped,skipped,skipped,skipped,4,10
4850,Matt KERR (Lab),Alistair WATSON (Lab),skipped,skipped,skipped,skipped,skipped,skipped,skipped,skipped,4,10
4851,Matt KERR (Lab),Alistair WATSON (Lab),skipped,skipped,skipped,skipped,skipped,skipped,skipped,skipped,4,10
4852,Matt KERR (Lab),Alistair WATSON (Lab),skipped,skipped,skipped,skipped,skipped,skipped,skipped,skipped,4,10
4853,Matt KERR (Lab),Alistair WATSON (Lab),skipped,skipped,skipped,skipped,skipped,skipped,skipped,skipped,4,10
4854,Matt KERR (Lab),Alistair WATSON (Lab),skipped,skipped,skipped,skipped,skipped,skipped,skipped,skipped,4,10
4855,Matt KERR (Lab),Alistair WATSON (Lab),skipped,skipped,skipped,skipped,skipped,skipped,skipped,skipped,4,10
4856,Matt KERR (Lab),Alistair WATSON (Lab),skipped,skipped,skipped,skipped,skipped,skipped,skipped,skipped,4,10
4857,Matt KERR (Lab),Alistair WATSON (Lab),skipped,skipped,skipped,skipped,skipped,skipped,skipped,skipped,4,10
4858,Matt KERR (Lab),Alistair WATSON (Lab),skipped,skipped,skipped,skipped,skipped,skipped,skipped,skipped,4,10
4859,Matt KERR (Lab),Alistair WATSON (Lab),skipped,skipped,skipped,skipped,skipped,skipped,skipped,skipped,4,10
4860,Matt KERR (Lab),Alistair WATSON (Lab),skipped,skipped,skipped,skipped,skipped,skipped,skipped,skipped,4,10
4861,Matt KERR (Lab),Alistair WATSON (Lab),skipped,skipped,skipped,skipped,skipped,skipped,skipped,skipped,4,10
4862,Matt KERR (Lab),Alistair WATSON (Lab),skipped,skipped,skipped,skipped,skipped,skipped,skipped,skipped,4,10
4863,Matt KERR (Lab),Alistair WATSON (Lab),skipped,skipped,skipped,skipped,skipped,skipped,skipped,skipped,4,10
4864,Matt KERR (Lab),Alistair WATSON (Lab),skipped,skipped,skipped,skipped,skipped,skipped,skipped,skipped,4,10
4865,Matt KERR (Lab),Alistair WATSON (Lab),skipped,skipped,skipped,skipped,skipped,skipped,skipped,skipped,4,10
4866,Matt KERR (Lab),Alistair WATSON (Lab),skipped,skipped,skipped,skipped,skipped,skipped,skipped,skipped,4,10
4867,Matt KERR (Lab),Alistair WATSON (Lab),skipped,skipped,skipped,skipped,skipped,skipped,skipped,skipped,4,10
4868,Matt KERR (Lab),Alistair WATSON (Lab),skipped,skipped,skipped,skipped,skipped,skipped,skipped,skipped,4,10
4869,Matt KERR (Lab),Alistair WATSON (Lab),skipped,skipped,skipped,skipped,skipped,skipped,skipped,skipped,4,10
4870,Matt KERR (Lab),Alistair WATSON (Lab),skipped,skipped,skipped,skipped,skipped,skipped,skipped,skipped,4,10
4871,Matt KERR (Lab),Alistair WATSON (Lab),skipped,skipped,skipped,skipped,skipped,skipped,skipped,skipped,4,10
4872,Matt KERR (Lab),Alistair WATSON (Lab),skipped,skipped,skipped,skipped,skipped,skipped,skipped,skipped,4,10
4873,Matt KERR (Lab),Alistair WATSON (Lab),skipped,skipped,skipped,skipped,skipped,skipped,skipped,skipped,4,10
4874,Matt KERR (Lab),Alistair WATSON (Lab),skipped,skipped,skipped,skipped,skipped,skipped,skipped,skipped,4,10
4875,Matt KERR (Lab),Alistair WATSON (Lab),skipped,skipped,skipped,skipped,skipped,skipped,skipped,skipped,4,10
4876,Matt KERR (Lab),Alistair WATSON (Lab),skipped,skipped,skipped,skipped,skipped,skipped,skipped,skipped,4,10
4877,Matt KERR (Lab),Alistair WATSON (Lab),skipped,skipped,skipped,skipped,skipped,skipped,skipped,skipped,4,10
4878,Matt KERR (Lab),Alistair WATSON (Lab),skipped,skipped,skipped,skipped,skipped,skipped,skipped,skipped,4,10
4879,Matt KERR (Lab),Alistair WATSON (Lab),skipped,skipped,skipped,skipped,skipped,skipped,skipped,skipped,4,10
4880,Matt KERR (Lab),Alistair WATSON (Lab),skipped,skipped,skipped,skipped,skipped,skipped,skipped,skipped,4,10
4881,Matt KERR (Lab),Alistair WATSON (Lab),skipped,skipped,skipped,skipped,skipped,skipped,skipped,skipped,4,10
4882,Matt KERR (Lab),Alistair WATSON (Lab),skipped,skipped,skipped,skipped,skipped,skipped,skipped,skipped,4,10
4883,Matt KERR (Lab),Alistair WATSON (Lab),skipped,skipped,skipped,skipped,skipped,skipped,skipped,skipped,4,10
4884,Matt KERR (Lab),Alistair WATSON (Lab),skipped,skipped,skipped,skipped,skipped,skipped,skipped,skipped,4,10
4885,Matt KERR (Lab),Alistair WATSON (Lab),skipped,skipped,skipped,skipped,skipped,skipped,skipped,skipped,4,10
4886,Matt KERR (Lab),Alistair WATSON (Lab),skipped,skipped,skipped,skipped,skipped,skipped,skipped,skipped,4,10
4887,Matt KERR (Lab),Alistair WATSON (Lab),skipped,skipped,skipped,skipped,skipped,skipped,skipped,skipped,4,10
4888,Matt KERR (Lab),Alistair WATSON (Lab),skipped,skipped,skipped,skipped,skipped,skipped,skipped,skipped,4,10
4889,Matt KERR (Lab),Alistair WATSON (Lab),skipped,skipped,skipped,skipped,skipped,skipped,skipped,skipped,4,10
4890,Matt KERR (Lab),Alistair WATSON (Lab),skipped,skipped,skipped,skipped,skipped,skipped,skipped,skipped,4,10
4891,Matt KERR (Lab),Alistair WATSON (Lab),skipped,skipped,skipped,skipped,skipped,skipped,skipped,skipped,4,10
4892,Matt KERR (Lab),Alistair WATSON (Lab),skipped,skipped,skipped,skipped,skipped,skipped,skipped,skipped,4,10
4893,Matt KERR (Lab),Alistair WATSON (Lab),skipped,skipped,skipped,skipped,skipped,skipped,skipped,skipped,4,10
4894,Matt KERR (Lab),Alistair WATSON (Lab),skipped,skipped,skipped,skipped,skipped,skipped,skipped,skipped,4,10
4895,Matt KERR (Lab),Alistair WATSON (Lab),skipped,skipped,skipped,skipped,skipped,skipped,skipped,skipped,4,10
4896,Matt KERR (Lab),Alistair WATSON (Lab),skipped,skipped,skipped,skipped,skipped,skipped,skipped,skipped,4,10
4897,Matt KERR (Lab),Alistair WATSON (Lab),skipped,skipped,skipped,skipped,skipped,skipped,skipped,skipped,4,10
4898,Matt KERR (Lab),Alistair WATSON (Lab),skipped,skipped,skipped,skipped,skipped,skipped,skipped,skipped,4,10
4899,Matt KERR (Lab),Alistair WATSON (Lab),skipped,skipped,skipped,skipped,skipped,skipped,skipped,skipped,4,10
4900,Matt KERR (Lab),Alistair WATSON (Lab),skipped,skipped,skipped,skipped,skipped,skipped,skipped,skipped,4,10
4901,Matt KERR (Lab),Alistair WATSON (Lab),skipped,skipped,skipped,skipped,skipped,skipped,skipped,skipped,4,10
4902,Matt KERR (Lab),Alistair WATSON (Lab),skipped,skipped,skipped,skipped,skipped,skipped,skipped,skipped,4,10
4903,Matt KERR (Lab),Alistair WATSON (Lab),skipped,skipped,skipped,skipped,skipped,skipped,skipped,skipped,4,10
4904,Matt KERR (Lab),Alistair WATSON (Lab),skipped,skipped,skipped,skipped,skipped,skipped,skipped,skipped,4,10
4905,Matt KERR (Lab),Alistair WATSON (Lab),skipped,skipped,skipped,skipped,skipped,skipped,skipped,skipped,4,10
4906,Matt KERR (Lab),Alistair WATSON (Lab),skipped,skipped,skipped,skipped,skipped,skipped,skipped,skipped,4,10
4907,Matt KERR (Lab),Alistair WATSON (Lab),skipped,skipped,skipped,skipped,skipped,skipped,skipped,skipped,4,10
4908,Matt KERR (Lab),Alistair WATSON (Lab),skipped,skipped,skipped,skipped,skipped,skipped,skipped,skipped,4,10
4909,Matt KERR (Lab),Alistair WATSON (Lab),skipped,skipped,skipped,skipped,skipped,skipped,skipped,skipped,4,10
4910,Matt KERR (Lab),Alistair WATSON (Lab),skipped,skipped,skipped,skipped,skipped,skipped,skipped,skipped,4,10
4911,Matt KERR (Lab),Alistair WATSON (Lab),skipped,skipped,skipped,skipped,skipped,skipped,skipped,skipped,4,10
4912,Matt KERR (Lab),Alistair WATSON (Lab),skipped,skipped,skipped,skipped,skipped,skipped,skipped,skipped,4,10
4913,Matt KERR (Lab),Alistair WATSON (Lab),skipped,skipped,skipped,skipped,skipped,skipped,skipped,skipped,4,10
4914,Matt KERR (Lab),Alistair WATSON (Lab),skipped,skipped,skipped,skipped,skipped,skipped,skipped,skipped,4,10
4915,Matt KERR (Lab),Alistair WATSON (Lab),skipped,skipped,skipped,skipped,skipped,skipped,skipped,skipped,4,10
4916,Matt KERR (Lab),Alistair WATSON (Lab),skipped,skipped,skipped,skipped,skipped,skipped,skipped,skipped,4,10
4917,Matt KERR (Lab),Alistair WATSON (Lab),skipped,skipped,skipped,skipped,skipped,skipped,skipped,skipped,4,10
4918,Matt KERR (Lab),Alistair WATSON (Lab),skipped,skipped,skipped,skipped,skipped,skipped,skipped,skipped,4,10
4919,Matt KERR (Lab),Alistair WATSON (Lab),skipped,skipped,skipped,skipped,skipped,skipped,skipped,skipped,4,10
4920,Matt KERR (Lab),Alistair WATSON (Lab),skipped,skipped,skipped,skipped,skipped,skipped,skipped,skipped,4,10
4921,Matt KERR (Lab),Alistair WATSON (Lab),skipped,skipped,skipped,skipped,skipped,skipped,skipped,skipped,4,10
4922,Matt KERR (Lab),Alistair WATSON (Lab),skipped,skipped,skipped,skipped,skipped,skipped,skipped,skipped,4,10
4923,Matt KERR (Lab),Alistair WATSON (Lab),skipped,skipped,skipped,skipped,skipped,skipped,skipped,skipped,4,10
4924,Matt KERR (Lab),Alistair WATSON (Lab),skipped,skipped,skipped,skipped,skipped,skipped,skipped,skipped,4,10
4925,Matt KERR (Lab),Alistair WATSON (Lab),skipped,skipped,skipped,skipped,skipped,skipped,skipped,skipped,4,10
4926,Matt KERR (Lab),Alistair WATSON (Lab),skipped,skipped,skipped,skipped,skipped,skipped,skipped,skipped,4,10
4927,Matt KERR (Lab),Alistair WATSON (Lab),skipped,skipped,skipped,skipped,skipped,skipped,skipped,skipped,4,10
4928,Matt KERR (Lab),Alistair WATSON (Lab),skipped,skipped,skipped,skipped,skipped,skipped,skipped,skipped,4,10
4929,Matt KERR (Lab),Alistair WATSON (Lab),skipped,skipped,skipped,skipped,skipped,skipped,skipped,skipped,4,10
4930,Matt KERR (Lab),Alistair WATSON (Lab),skipped,skipped,skipped,skipped,skipped,skipped,skipped,skipped,4,10
4931,Matt KERR (Lab),Alistair WATSON (Lab),skipped,skipped,skipped,skipped,skipped,skipped,skipped,skipped,4,10
4932,Matt KERR (Lab),Alistair WATSON (Lab),skipped,skipped,skipped,skipped,skipped,skipped,skipped,skipped,4,10
4933,Matt KERR (Lab),Alistair WATSON (Lab),skipped,skipped,skipped,skipped,skipped,skipped,skipped,skipped,4,10
4934,Matt KERR (Lab),Alistair WATSON (Lab),skipped,skipped,skipped,skipped,skipped,skipped,skipped,skipped,4,10
4935,Matt KERR (Lab),Alistair WATSON (Lab),skipped,skipped,skipped,skipped,skipped,skipped,skipped,skipped,4,10
4936,Matt KERR (Lab),Alistair WATSON (Lab),skipped,skipped,skipped,skipped,skipped,skipped,skipped,skipped,4,10
4937,Matt KERR (Lab),Alistair WATSON (Lab),skipped,skipped,skipped,skipped,skipped,skipped,skipped,skipped,4,10
4938,Matt KERR (Lab),Alistair WATSON (Lab),skipped,skipped,skipped,skipped,skipped,skipped,skipped,skipped,4,10
4939,Matt KERR (Lab),Alistair WATSON (Lab),skipped,skipped,skipped,skipped,skipped,skipped,skipped,skipped,4,10
4940,Matt KERR (Lab),Alistair WATSON (Lab),skipped,skipped,skipped,skipped,skipped,skipped,skipped,skipped,4,10
4941,Matt KERR (Lab),Alistair WATSON (Lab),skipped,skipped,skipped,skipped,skipped,skipped,skipped,skipped,4,10
4942,Matt KERR (Lab),Alistair WATSON (Lab),skipped,skipped,skipped,skipped,skipped,skipped,skipped,skipped,4,10
4943,Matt KERR (Lab),Alistair WATSON (Lab),skipped,skipped,skipped,skipped,skipped,skipped,skipped,skipped,4,10
4944,Matt KERR (Lab),Alistair WATSON (Lab),skipped,skipped,skipped,skipped,skipped,skipped,skipped,skipped,4,10
4945,Matt KERR (Lab),Alistair WATSON (Lab),skipped,skipped,skipped,skipped,skipped,skipped,skipped,skipped,4,10
4946,Matt KERR (Lab),Alistair WATSON (Lab),skipped,skipped,skipped,skipped,skipped,skipped,skipped,skipped,4,10
4947,Matt KERR (Lab),Alistair WATSON (Lab),skipped,skipped,skipped,skipped,skipped,skipped,skipped,skipped,4,10
4948,Matt KERR (Lab),Alistair WATSON (Lab),skipped,skipped,skipped,skipped,skipped,skipped,skipped,skipped,4,10
4949,Matt KERR (Lab),Alistair WATSON (Lab),skipped,skipped,skipped,skipped,skipped,skipped,skipped,skipped,4,10
4950,Matt KERR (Lab),Alistair WATSON (Lab),skipped,skipped,skipped,skipped,skipped,skipped,skipped,skipped,4,10
4951,Matt KERR (Lab),Alistair WATSON (Lab),skipped,skipped,skipped,skipped,skipped,skipped,skipped,skipped,4,10
4952,Matt KERR (Lab),Alistair WATSON (Lab),skipped,skipped,skipped,skipped,skipped,skipped,skipped,skipped,4,10
4953,Matt KERR (Lab),Alistair WATSON (Lab),skipped,skipped,skipped,skipped,skipped,skipped,skipped,skipped,4,10
4954,Matt KERR (Lab),Alistair WATSON (Lab),skipped,skipped,skipped,skipped,skipped,skipped,skipped,skipped,4,10
4955,Matt KERR (Lab),Alistair WATSON (Lab),skipped,skipped,skipped,skipped,skipped,skipped,skipped,skipped,4,10
4956,Matt KERR (Lab),Alistair WATSON (Lab),skipped,skipped,skipped,skipped,skipped,skipped,skipped,skipped,4,10
4957,Matt KERR (Lab),Alistair WATSON (Lab),skipped,skipped,skipped,skipped,skipped,skipped,skipped,skipped,4,10
4958,Matt KERR (Lab),Alistair WATSON (Lab),skipped,skipped,skipped,skipped,skipped,skipped,skipped,skipped,4,10
4959,Matt KERR (Lab),Alistair WATSON (Lab),skipped,skipped,skipped,skipped,skipped,skipped,skipped,skipped,4,10
4960,Matt KERR (Lab),Alistair WATSON (Lab),skipped,skipped,skipped,skipped,skipped,skipped,skipped,skipped,4,10
4961,Matt KERR (Lab),Alistair WATSON (Lab),skipped,skipped,skipped,skipped,skipped,skipped,skipped,skipped,4,10
4962,Matt KERR (Lab),Alistair WATSON (Lab),skipped,skipped,skipped,skipped,skipped,skipped,skipped,skipped,4,10
4963,Matt KERR (Lab),Alistair WATSON (Lab),skipped,skipped,skipped,skipped,skipped,skipped,skipped,skipped,4,10
4964,Matt KERR (Lab),Alistair WATSON (Lab),skipped,skipped,skipped,skipped,skipped,skipped,skipped,skipped,4,10
4965,Matt KERR (Lab),Alistair WATSON (Lab),skipped,skipped,skipped,skipped,skipped,skipped,skipped,skipped,4,10
4966,Matt KERR (Lab),Alistair WATSON (Lab),skipped,skipped,skipped,skipped,skipped,skipped,skipped,skipped,4,10
4967,Matt KERR (Lab),Alistair WATSON (Lab),skipped,skipped,skipped,skipped,skipped,skipped,skipped,skipped,4,10
4968,Matt KERR (Lab),Alistair WATSON (Lab),skipped,skipped,skipped,skipped,skipped,skipped,skipped,skipped,4,10
4969,Matt KERR (Lab),Alistair WATSON (Lab),skipped,skipped,skipped,skipped,skipped,skipped,skipped,skipped,4,10
4970,Matt KERR (Lab),Alistair WATSON (Lab),skipped,skipped,skipped,skipped,skipped,skipped,skipped,skipped,4,10
4971,Matt KERR (Lab),Alistair WATSON (Lab),skipped,skipped,skipped,skipped,skipped,skipped,skipped,skipped,4,10
4972,Matt KERR (Lab),Alistair WATSON (Lab),skipped,skipped,skipped,skipped,skipped,skipped,skipped,skipped,4,10
4973,Matt KERR (Lab),Alistair WATSON (Lab),skipped,skipped,skipped,skipped,skipped,skipped,skipped,skipped,4,10
4974,Matt KERR (Lab),Alistair WATSON (Lab),skipped,skipped,skipped,skipped,skipped,skipped,skipped,skipped,4,10
4975,Matt KERR (Lab),Alistair WATSON (Lab),skipped,skipped,skipped,skipped,skipped,skipped,skipped,skipped,4,10
4976,Matt KERR (Lab),Alistair WATSON (Lab),skipped,skipped,skipped,skipped,skipped,skipped,skipped,skipped,4,10
4977,Matt KERR (Lab),Alistair WATSON (Lab),skipped,skipped,skipped,skipped,skipped,skipped,skipped,skipped,4,10
4978,Matt KERR (Lab),Alistair WATSON (Lab),skipped,skipped,skipped,skipped,skipped,skipped,skipped,skipped,4,10
4979,Matt KERR (Lab),Alistair WATSON (Lab),skipped,skipped,skipped,skipped,skipped,skipped,skipped,skipped,4,10
4980,Matt KERR (Lab),Alistair WATSON (Lab),skipped,skipped,skipped,skipped,skipped,skipped,skipped,skipped,4,10
4981,Matt KERR (Lab),Alistair WATSON (Lab),skipped,skipped,skipped,skipped,skipped,skipped,skipped,skipped,4,10
4982,Matt KERR (Lab),Alistair WATSON (Lab),skipped,skipped,skipped,skipped,skipped,skipped,skipped,skipped,4,10
4983,Matt KERR (Lab),Alistair WATSON (Lab),skipped,skipped,skipped,skipped,skipped,skipped,skipped,skipped,4,10
4984,Matt KERR (Lab),Alistair WATSON (Lab),skipped,skipped,skipped,skipped,skipped,skipped,skipped,skipped,4,10
4985,Matt KERR (Lab),Alistair WATSON (Lab),skipped,skipped,skipped,skipped,skipped,skipped,skipped,skipped,4,10
4986,Matt KERR (Lab),Alistair WATSON (Lab),skipped,skipped,skipped,skipped,skipped,skipped,skipped,skipped,4,10
4987,Matt KERR (Lab),Alistair WATSON (Lab),skipped,skipped,skipped,skipped,skipped,skipped,skipped,skipped,4,10
4988,Matt KERR (Lab),Alistair WATSON (Lab),skipped,skipped,skipped,skipped,skipped,skipped,skipped,skipped,4,10
4989,Matt KERR (Lab),Alistair WATSON (Lab),skipped,skipped,skipped,skipped,skipped,skipped,skipped,skipped,4,10
4990,Matt KERR (Lab),Alistair WATSON (Lab),skipped,skipped,skipped,skipped,skipped,skipped,skipped,skipped,4,10
4991,Matt KERR (Lab),Alistair WATSON (Lab),skipped,skipped,skipped,skipped,skipped,skipped,skipped,skipped,4,10
4992,Matt KERR (Lab),Alistair WATSON (Lab),skipped,skipped,skipped,skipped,skipped,skipped,skipped,skipped,4,10
4993,Matt KERR (Lab),Alistair WATSON (Lab),skipped,skipped,skipped,skipped,skipped,skipped,skipped,skipped,4,10
4994,Matt KERR (Lab),Alistair WATSON (Lab),skipped,skipped,skipped,skipped,skipped,skipped,skipped,skipped,4,10
4995,Matt KERR (Lab),Alistair WATSON (Lab),skipped,skipped,skipped,skipped,skipped,skipped,skipped,skipped,4,10
4996,Matt KERR (Lab),Alistair WATSON (Lab),skipped,skipped,skipped,skipped,skipped,skipped,skipped,skipped,4,10
4997,Matt KERR (Lab),Alistair WATSON (Lab),skipped,skipped,skipped,skipped,skipped,skipped,skipped,skipped,4,10
4998,Matt KERR (Lab),Alistair WATSON (Lab),skipped,skipped,skipped,skipped,skipped,skipped,skipped,skipped,4,10
4999,Matt KERR (Lab),Alistair WATSON (Lab),skipped,skipped,skipped,skipped,skipped,skipped,skipped,skipped,4,10
5000,Matt KERR (Lab),Alistair WATSON (Lab),skipped,skipped,skipped,skipped,skipped,skipped,skipped,skipped,4,10
5001,Matt KERR (Lab),Alistair WATSON (Lab),skipped,skipped,skipped,skipped,skipped,skipped,skipped,skipped,4,10
5002,Matt KERR (Lab),Alistair WATSON (Lab),skipped,skipped,skipped,skipped,skipped,skipped,skipped,skipped,4,10
5003,Matt KERR (Lab),Alistair WATSON (Lab),skipped,skipped,skipped,skipped,skipped,skipped,skipped,skipped,4,10
5004,Matt KERR (Lab),Alistair WATSON (Lab),skipped,skipped,skipped,skipped,skipped,skipped,skipped,skipped,4,10
5005,Matt KERR (Lab),Alistair WATSON (Lab),skipped,skipped,skipped,skipped,skipped,skipped,skipped,skipped,4,10
5006,Matt KERR (Lab),Alistair WATSON (Lab),skipped,skipped,skipped,skipped,skipped,skipped,skipped,skipped,4,10
5007,Matt KERR (Lab),Alistair WATSON (Lab),skipped,skipped,skipped,skipped,skipped,skipped,skipped,skipped,4,10
5008,Matt KERR (Lab),Alistair WATSON (Lab),skipped,skipped,skipped,skipped,skipped,skipped,skipped,skipped,4,10
5009,Matt KERR (Lab),Alistair WATSON (Lab),skipped,skipped,skipped,skipped,skipped,skipped,skipped,skipped,4,10
5010,Matt KERR (Lab),Alistair WATSON (Lab),skipped,skipped,skipped,skipped,skipped,skipped,skipped,skipped,4,10
5011,Matt KERR (Lab),Alistair WATSON (Lab),skipped,skipped,skipped,skipped,skipped,skipped,skipped,skipped,4,10
5012,Matt KERR (Lab),Alistair WATSON (Lab),skipped,skipped,skipped,skipped,skipped,skipped,skipped,skipped,4,10
5013,Matt KERR (Lab),Alistair WATSON (Lab),skipped,skipped,skipped,skipped,skipped,skipped,skipped,skipped,4,10
5014,Matt KERR (Lab),Alistair WATSON (Lab),skipped,skipped,skipped,skipped,skipped,skipped,skipped,skipped,4,10
5015,Matt KERR (Lab),Alistair WATSON (Lab),skipped,skipped,skipped,skipped,skipped,skipped,skipped,skipped,4,10
5016,Matt KERR (Lab),Alistair WATSON (Lab),skipped,skipped,skipped,skipped,skipped,skipped,skipped,skipped,4,10
5017,Matt KERR (Lab),Alistair WATSON (Lab),skipped,skipped,skipped,skipped,skipped,skipped,skipped,skipped,4,10
5018,Matt KERR (Lab),Alistair WATSON (Lab),skipped,skipped,skipped,skipped,skipped,skipped,skipped,skipped,4,10
5019,Matt KERR (Lab),Alistair WATSON (Lab),skipped,skipped,skipped,skipped,skipped,skipped,skipped,skipped,4,10
5020,Matt KERR (Lab),Alistair WATSON (Lab),skipped,skipped,skipped,skipped,skipped,skipped,skipped,skipped,4,10
5021,Matt KERR (Lab),Alistair WATSON (Lab),skipped,skipped,skipped,skipped,skipped,skipped,skipped,skipped,4,10
5022,Matt KERR (Lab),Alistair WATSON (Lab),skipped,skipped,skipped,skipped,skipped,skipped,skipped,skipped,4,10
5023,Matt KERR (Lab),Alistair WATSON (Lab),skipped,skipped,skipped,skipped,skipped,skipped,skipped,skipped,4,10
5024,Matt KERR (Lab),Alistair WATSON (Lab),skipped,skipped,skipped,skipped,skipped,skipped,skipped,skipped,4,10
5025,Matt KERR (Lab),Alistair WATSON (Lab),skipped,skipped,skipped,skipped,skipped,skipped,skipped,skipped,4,10
5026,Matt KERR (Lab),Alistair WATSON (Lab),skipped,skipped,skipped,skipped,skipped,skipped,skipped,skipped,4,10
5027,Matt KERR (Lab),Alistair WATSON (Lab),skipped,skipped,skipped,skipped,skipped,skipped,skipped,skipped,4,10
5028,Matt KERR (Lab),Alistair WATSON (Lab),skipped,skipped,skipped,skipped,skipped,skipped,skipped,skipped,4,10
5029,Matt KERR (Lab),Alistair WATSON (Lab),skipped,skipped,skipped,skipped,skipped,skipped,skipped,skipped,4,10
5030,Matt KERR (Lab),Alistair WATSON (Lab),skipped,skipped,skipped,skipped,skipped,skipped,skipped,skipped,4,10
5031,Matt KERR (Lab),Alistair WATSON (Lab),skipped,skipped,skipped,skipped,skipped,skipped,skipped,skipped,4,10
5032,Matt KERR (Lab),Alistair WATSON (Lab),skipped,skipped,skipped,skipped,skipped,skipped,skipped,skipped,4,10
5033,Matt KERR (Lab),Alistair WATSON (Lab),skipped,skipped,skipped,skipped,skipped,skipped,skipped,skipped,4,10
5034,Matt KERR (Lab),Alistair WATSON (Lab),skipped,skipped,skipped,skipped,skipped,skipped,skipped,skipped,4,10
5035,Matt KERR (Lab),Alistair WATSON (Lab),skipped,skipped,skipped,skipped,skipped,skipped,skipped,skipped,4,10
5036,Matt KERR (Lab),Alistair WATSON (Lab),skipped,skipped,skipped,skipped,skipped,skipped,skipped,skipped,4,10
5037,Matt KERR (Lab),Alistair WATSON (Lab),skipped,skipped,skipped,skipped,skipped,skipped,skipped,skipped,4,10
5038,Matt KERR (Lab),Alistair WATSON (Lab),skipped,skipped,skipped,skipped,skipped,skipped,skipped,skipped,4,10
5039,Matt KERR (Lab),Alistair WATSON (Lab),skipped,skipped,skipped,skipped,skipped,skipped,skipped,skipped,4,10
5040,Matt KERR (Lab),Alistair WATSON (Lab),skipped,skipped,skipped,skipped,skipped,skipped,skipped,skipped,4,10
5041,Matt KERR (Lab),Alistair WATSON (Lab),skipped,skipped,skipped,skipped,skipped,skipped,skipped,skipped,4,10
5042,Matt KERR (Lab),Alistair WATSON (Lab),skipped,skipped,skipped,skipped,skipped,skipped,skipped,skipped,4,10
5043,Matt KERR (Lab),Alistair WATSON (Lab),skipped,skipped,skipped,skipped,skipped,skipped,skipped,skipped,4,10
5044,Matt KERR (Lab),Alistair WATSON (Lab),skipped,skipped,skipped,skipped,skipped,skipped,skipped,skipped,4,10
5045,Matt KERR (Lab),Alistair WATSON (Lab),skipped,skipped,skipped,skipped,skipped,skipped,skipped,skipped,4,10
5046,Matt KERR (Lab),Alistair WATSON (Lab),skipped,skipped,skipped,skipped,skipped,skipped,skipped,skipped,4,10
5047,Matt KERR (Lab),Alistair WATSON (Lab),skipped,skipped,skipped,skipped,skipped,skipped,skipped,skipped,4,10
5048,Matt KERR (Lab),Alistair WATSON (Lab),skipped,skipped,skipped,skipped,skipped,skipped,skipped,skipped,4,10
5049,Matt KERR (Lab),Alistair WATSON (Lab),skipped,skipped,skipped,skipped,skipped,skipped,skipped,skipped,4,10
5050,Matt KERR (Lab),Alistair WATSON (Lab),skipped,skipped,skipped,skipped,skipped,skipped,skipped,skipped,4,10
5051,Matt KERR (Lab),Alistair WATSON (Lab),skipped,skipped,skipped,skipped,skipped,skipped,skipped,skipped,4,10
5052,Matt KERR (Lab),Alistair WATSON (Lab),skipped,skipped,skipped,skipped,skipped,skipped,skipped,skipped,4,10
5053,Matt KERR (Lab),Alistair WATSON (Lab),skipped,skipped,skipped,skipped,skipped,skipped,skipped,skipped,4,10
5054,Matt KERR (Lab),Alistair WATSON (Lab),skipped,skipped,skipped,skipped,skipped,skipped,skipped,skipped,4,10
5055,Matt KERR (Lab),Alistair WATSON (Lab),skipped,skipped,skipped,skipped,skipped,skipped,skipped,skipped,4,10
5056,Matt KERR (Lab),Alistair WATSON (Lab),skipped,skipped,skipped,skipped,skipped,skipped,skipped,skipped,4,10
5057,Matt KERR (Lab),Alistair WATSON (Lab),skipped,skipped,skipped,skipped,skipped,skipped,skipped,skipped,4,10
5058,Matt KERR (Lab),Alistair WATSON (Lab),skipped,skipped,skipped,skipped,skipped,skipped,skipped,skipped,4,10
5059,Matt KERR (Lab),Alistair WATSON (Lab),skipped,skipped,skipped,skipped,skipped,skipped,skipped,skipped,4,10
5060,Matt KERR (Lab),Alistair WATSON (Lab),skipped,skipped,skipped,skipped,skipped,skipped,skipped,skipped,4,10
5061,Matt KERR (Lab),Alistair WATSON (Lab),skipped,skipped,skipped,skipped,skipped,skipped,skipped,skipped,4,10
5062,Matt KERR (Lab),Alistair WATSON (Lab),skipped,skipped,skipped,skipped,skipped,skipped,skipped,skipped,4,10
5063,Matt KERR (Lab),Alistair WATSON (Lab),skipped,skipped,skipped,skipped,skipped,skipped,skipped,skipped,4,10
5064,Matt KERR (Lab),Alistair WATSON (Lab),skipped,skipped,skipped,skipped,skipped,skipped,skipped,skipped,4,10
5065,Matt KERR (Lab),Alistair WATSON (Lab),skipped,skipped,skipped,skipped,skipped,skipped,skipped,skipped,4,10
5066,Matt KERR (Lab),Alistair WATSON (Lab),skipped,skipped,skipped,skipped,skipped,skipped,skipped,skipped,4,10
5067,Matt KERR (Lab),Alistair WATSON (Lab),skipped,skipped,skipped,skipped,skipped,skipped,skipped,skipped,4,10
5068,Matt KERR (Lab),Alistair WATSON (Lab),skipped,skipped,skipped,skipped,skipped,skipped,skipped,skipped,4,10
5069,Matt KERR (Lab),Alistair WATSON (Lab),skipped,skipped,skipped,skipped,skipped,skipped,skipped,skipped,4,10
5070,Matt KERR (Lab),Alistair WATSON (Lab),skipped,skipped,skipped,skipped,skipped,skipped,skipped,skipped,4,10
5071,Matt KERR (Lab),Alistair WATSON (Lab),skipped,skipped,skipped,skipped,skipped,skipped,skipped,skipped,4,10
5072,Matt KERR (Lab),Alistair WATSON (Lab),skipped,skipped,skipped,skipped,skipped,skipped,skipped,skipped,4,10
5073,Matt KERR (Lab),Alistair WATSON (Lab),skipped,skipped,skipped,skipped,skipped,skipped,skipped,skipped,4,10
5074,Matt KERR (Lab),Alistair WATSON (Lab),skipped,skipped,skipped,skipped,skipped,skipped,skipped,skipped,4,10
5075,Matt KERR (Lab),Alistair WATSON (Lab),skipped,skipped,skipped,skipped,skipped,skipped,skipped,skipped,4,10
5076,Matt KERR (Lab),Alistair WATSON (Lab),skipped,skipped,skipped,skipped,skipped,skipped,skipped,skipped,4,10
5077,Matt KERR (Lab),Alistair WATSON (Lab),skipped,skipped,skipped,skipped,skipped,skipped,skipped,skipped,4,10
5078,Matt KERR (Lab),Alistair WATSON (Lab),skipped,skipped,skipped,skipped,skipped,skipped,skipped,skipped,4,10
5079,Matt KERR (Lab),Alistair WATSON (Lab),skipped,skipped,skipped,skipped,skipped,skipped,skipped,skipped,4,10
5080,Matt KERR (Lab),Alistair WATSON (Lab),skipped,skipped,skipped,skipped,skipped,skipped,skipped,skipped,4,10
5081,Matt KERR (Lab),Alistair WATSON (Lab),skipped,skipped,skipped,skipped,skipped,skipped,skipped,skipped,4,10
5082,Matt KERR (Lab),Alistair WATSON (Lab),skipped,skipped,skipped,skipped,skipped,skipped,skipped,skipped,4,10
5083,Matt KERR (Lab),Alistair WATSON (Lab),skipped,skipped,skipped,skipped,skipped,skipped,skipped,skipped,4,10
5084,Matt KERR (Lab),Alistair WATSON (Lab),skipped,skipped,skipped,skipped,skipped,skipped,skipped,skipped,4,10
5085,Matt KERR (Lab),Alistair WATSON (Lab),skipped,skipped,skipped,skipped,skipped,skipped,skipped,skipped,4,10
5086,Matt KERR (Lab),Alistair WATSON (Lab),skipped,skipped,skipped,skipped,skipped,skipped,skipped,skipped,4,10
5087,Matt KERR (Lab),Alistair WATSON (Lab),skipped,skipped,skipped,skipped,skipped,skipped,skipped,skipped,4,10
5088,Matt KERR (Lab),Alistair WATSON (Lab),skipped,skipped,skipped,skipped,skipped,skipped,skipped,skipped,4,10
5089,Matt KERR (Lab),Alistair WATSON (Lab),skipped,skipped,skipped,skipped,skipped,skipped,skipped,skipped,4,10
5090,Matt KERR (Lab),Alistair WATSON (Lab),skipped,skipped,skipped,skipped,skipped,skipped,skipped,skipped,4,10
5091,Matt KERR (Lab),Alistair WATSON (Lab),skipped,skipped,skipped,skipped,skipped,skipped,skipped,skipped,4,10
5092,Matt KERR (Lab),Alistair WATSON (Lab),skipped,skipped,skipped,skipped,skipped,skipped,skipped,skipped,4,10
5093,Matt KERR (Lab),Alistair WATSON (Lab),skipped,skipped,skipped,skipped,skipped,skipped,skipped,skipped,4,10
5094,Matt KERR (Lab),Alistair WATSON (Lab),skipped,skipped,skipped,skipped,skipped,skipped,skipped,skipped,4,10
5095,Matt KERR (Lab),Alistair WATSON (Lab),skipped,skipped,skipped,skipped,skipped,skipped,skipped,skipped,4,10
5096,Matt KERR (Lab),Alistair WATSON (Lab),skipped,skipped,skipped,skipped,skipped,skipped,skipped,skipped,4,10
5097,Matt KERR (Lab),Alistair WATSON (Lab),skipped,skipped,skipped,skipped,skipped,skipped,skipped,skipped,4,10
5098,Matt KERR (Lab),Alistair WATSON (Lab),skipped,skipped,skipped,skipped,skipped,skipped,skipped,skipped,4,10
5099,Matt KERR (Lab),Alistair WATSON (Lab),skipped,skipped,skipped,skipped,skipped,skipped,skipped,skipped,4,10
5100,Matt KERR (Lab),Alistair WATSON (Lab),skipped,skipped,skipped,skipped,skipped,skipped,skipped,skipped,4,10
5101,Matt KERR (Lab),Alistair WATSON (Lab),skipped,skipped,skipped,skipped,skipped,skipped,skipped,skipped,4,10
5102,Matt KERR (Lab),Alistair WATSON (Lab),skipped,skipped,skipped,skipped,skipped,skipped,skipped,skipped,4,10
5103,Matt KERR (Lab),Alistair WATSON (Lab),skipped,skipped,skipped,skipped,skipped,skipped,skipped,skipped,4,10
5104,Matt KERR (Lab),Alistair WATSON (Lab),skipped,skipped,skipped,skipped,skipped,skipped,skipped,skipped,4,10
5105,Matt KERR (Lab),Alistair WATSON (Lab),skipped,skipped,skipped,skipped,skipped,skipped,skipped,skipped,4,10
5106,Matt KERR (Lab),Alistair WATSON (Lab),skipped,skipped,skipped,skipped,skipped,skipped,skipped,skipped,4,10
5107,Matt KERR (Lab),Alistair WATSON (Lab),skipped,skipped,skipped,skipped,skipped,skipped,skipped,skipped,4,10
5108,Matt KERR (Lab),Alistair WATSON (Lab),skipped,skipped,skipped,skipped,skipped,skipped,skipped,skipped,4,10
5109,Matt KERR (Lab),Alistair WATSON (Lab),skipped,skipped,skipped,skipped,skipped,skipped,skipped,skipped,4,10
5110,Matt KERR (Lab),Alistair WATSON (Lab),skipped,skipped,skipped,skipped,skipped,skipped,skipped,skipped,4,10
5111,Matt KERR (Lab),Alistair WATSON (Lab),skipped,skipped,skipped,skipped,skipped,skipped,skipped,skipped,4,10
5112,Matt KERR (Lab),Alistair WATSON (Lab),skipped,skipped,skipped,skipped,skipped,skipped,skipped,skipped,4,10
5113,Matt KERR (Lab),Alistair WATSON (Lab),skipped,skipped,skipped,skipped,skipped,skipped,skipped,skipped,4,10
5114,Matt KERR (Lab),Alistair WATSON (Lab),skipped,skipped,skipped,skipped,skipped,skipped,skipped,skipped,4,10
5115,Matt KERR (Lab),Alistair WATSON (Lab),skipped,skipped,skipped,skipped,skipped,skipped,skipped,skipped,4,10
5116,Matt KERR (Lab),Alistair WATSON (Lab),skipped,skipped,skipped,skipped,skipped,skipped,skipped,skipped,4,10
5117,Matt KERR (Lab),Alistair WATSON (Lab),skipped,skipped,skipped,skipped,skipped,skipped,skipped,skipped,4,10
5118,Matt KERR (Lab),Alistair WATSON (Lab),skipped,skipped,skipped,skipped,skipped,skipped,skipped,skipped,4,10
5119,Matt KERR (Lab),Alistair WATSON (Lab),skipped,skipped,skipped,skipped,skipped,skipped,skipped,skipped,4,10
5120,Matt KERR (Lab),Alistair WATSON (Lab),skipped,skipped,skipped,skipped,skipped,skipped,skipped,skipped,4,10
5121,Matt KERR (Lab),Alistair WATSON (Lab),skipped,skipped,skipped,skipped,skipped,skipped,skipped,skipped,4,10
5122,Matt KERR (Lab),Alistair WATSON (Lab),skipped,skipped,skipped,skipped,skipped,skipped,skipped,skipped,4,10
5123,Matt KERR (Lab),Alistair WATSON (Lab),skipped,skipped,skipped,skipped,skipped,skipped,skipped,skipped,4,10
5124,Matt KERR (Lab),Alistair WATSON (Lab),skipped,skipped,skipped,skipped,skipped,skipped,skipped,skipped,4,10
5125,Matt KERR (Lab),Alistair WATSON (Lab),skipped,skipped,skipped,skipped,skipped,skipped,skipped,skipped,4,10
5126,Matt KERR (Lab),Alistair WATSON (Lab),skipped,skipped,skipped,skipped,skipped,skipped,skipped,skipped,4,10
5127,Matt KERR (Lab),Alistair WATSON (Lab),skipped,skipped,skipped,skipped,skipped,skipped,skipped,skipped,4,10
5128,Matt KERR (Lab),Alistair WATSON (Lab),skipped,skipped,skipped,skipped,skipped,skipped,skipped,skipped,4,10
5129,Matt KERR (Lab),Alistair WATSON (Lab),skipped,skipped,skipped,skipped,skipped,skipped,skipped,skipped,4,10
5130,Matt KERR (Lab),Alistair WATSON (Lab),skipped,skipped,skipped,skipped,skipped,skipped,skipped,skipped,4,10
5131,Matt KERR (Lab),Alistair WATSON (Lab),skipped,skipped,skipped,skipped,skipped,skipped,skipped,skipped,4,10
5132,Matt KERR (Lab),Alistair WATSON (Lab),skipped,skipped,skipped,skipped,skipped,skipped,skipped,skipped,4,10
5133,Matt KERR (Lab),Alistair WATSON (Lab),skipped,skipped,skipped,skipped,skipped,skipped,skipped,skipped,4,10
5134,Matt KERR (Lab),Alistair WATSON (Lab),skipped,skipped,skipped,skipped,skipped,skipped,skipped,skipped,4,10
5135,Matt KERR (Lab),Alistair WATSON (Lab),skipped,skipped,skipped,skipped,skipped,skipped,skipped,skipped,4,10
5136,Matt KERR (Lab),Alistair WATSON (Lab),skipped,skipped,skipped,skipped,skipped,skipped,skipped,skipped,4,10
5137,Matt KERR (Lab),Alistair WATSON (Lab),skipped,skipped,skipped,skipped,skipped,skipped,skipped,skipped,4,10
5138,Matt KERR (Lab),Alistair WATSON (Lab),skipped,skipped,skipped,skipped,skipped,skipped,skipped,skipped,4,10
5139,Matt KERR (Lab),Alistair WATSON (Lab),skipped,skipped,skipped,skipped,skipped,skipped,skipped,skipped,4,10
5140,Matt KERR (Lab),Alistair WATSON (Lab),skipped,skipped,skipped,skipped,skipped,skipped,skipped,skipped,4,10
5141,Matt KERR (Lab),Alistair WATSON (Lab),skipped,skipped,skipped,skipped,skipped,skipped,skipped,skipped,4,10
5142,Matt KERR (Lab),Alistair WATSON (Lab),skipped,skipped,skipped,skipped,skipped,skipped,skipped,skipped,4,10
5143,Matt KERR (Lab),Alistair WATSON (Lab),skipped,skipped,skipped,skipped,skipped,skipped,skipped,skipped,4,10
5144,Matt KERR (Lab),Alistair WATSON (Lab),skipped,skipped,skipped,skipped,skipped,skipped,skipped,skipped,4,10
5145,Matt KERR (Lab),Alistair WATSON (Lab),skipped,skipped,skipped,skipped,skipped,skipped,skipped,skipped,4,10
5146,Matt KERR (Lab),Alistair WATSON (Lab),skipped,skipped,skipped,skipped,skipped,skipped,skipped,skipped,4,10
5147,Matt KERR (Lab),Alistair WATSON (Lab),skipped,skipped,skipped,skipped,skipped,skipped,skipped,skipped,4,10
5148,Matt KERR (Lab),Alistair WATSON (Lab),skipped,skipped,skipped,skipped,skipped,skipped,skipped,skipped,4,10
5149,Matt KERR (Lab),Alistair WATSON (Lab),skipped,skipped,skipped,skipped,skipped,skipped,skipped,skipped,4,10
5150,Matt KERR (Lab),Alistair WATSON (Lab),skipped,skipped,skipped,skipped,skipped,skipped,skipped,skipped,4,10
5151,Matt KERR (Lab),Alistair WATSON (Lab),skipped,skipped,skipped,skipped,skipped,skipped,skipped,skipped,4,10
5152,Matt KERR (Lab),Alistair WATSON (Lab),skipped,skipped,skipped,skipped,skipped,skipped,skipped,skipped,4,10
5153,Matt KERR (Lab),Alistair WATSON (Lab),skipped,skipped,skipped,skipped,skipped,skipped,skipped,skipped,4,10
5154,Matt KERR (Lab),Alistair WATSON (Lab),skipped,skipped,skipped,skipped,skipped,skipped,skipped,skipped,4,10
5155,Matt KERR (Lab),Alistair WATSON (Lab),skipped,skipped,skipped,skipped,skipped,skipped,skipped,skipped,4,10
5156,Matt KERR (Lab),Alistair WATSON (Lab),skipped,skipped,skipped,skipped,skipped,skipped,skipped,skipped,4,10
5157,Matt KERR (Lab),Alistair WATSON (Lab),skipped,skipped,skipped,skipped,skipped,skipped,skipped,skipped,4,10
5158,Matt KERR (Lab),Alistair WATSON (Lab),skipped,skipped,skipped,skipped,skipped,skipped,skipped,skipped,4,10
5159,Matt KERR (Lab),Alistair WATSON (Lab),skipped,skipped,skipped,skipped,skipped,skipped,skipped,skipped,4,10
5160,Matt KERR (Lab),Alistair WATSON (Lab),skipped,skipped,skipped,skipped,skipped,skipped,skipped,skipped,4,10
5161,Matt KERR (Lab),Alistair WATSON (Lab),skipped,skipped,skipped,skipped,skipped,skipped,skipped,skipped,4,10
5162,Matt KERR (Lab),Alistair WATSON (Lab),skipped,skipped,skipped,skipped,skipped,skipped,skipped,skipped,4,10
5163,Matt KERR (Lab),Alistair WATSON (Lab),skipped,skipped,skipped,skipped,skipped,skipped,skipped,skipped,4,10
5164,Matt KERR (Lab),Alistair WATSON (Lab),skipped,skipped,skipped,skipped,skipped,skipped,skipped,skipped,4,10
5165,Matt KERR (Lab),Alistair WATSON (Lab),skipped,skipped,skipped,skipped,skipped,skipped,skipped,skipped,4,10
5166,Matt KERR (Lab),Alistair WATSON (Lab),skipped,skipped,skipped,skipped,skipped,skipped,skipped,skipped,4,10
5167,Matt KERR (Lab),Alistair WATSON (Lab),skipped,skipped,skipped,skipped,skipped,skipped,skipped,skipped,4,10
5168,Matt KERR (Lab),Alistair WATSON (Lab),skipped,skipped,skipped,skipped,skipped,skipped,skipped,skipped,4,10
5169,Matt KERR (Lab),Alistair WATSON (Lab),skipped,skipped,skipped,skipped,skipped,skipped,skipped,skipped,4,10
5170,Matt KERR (Lab),Alistair WATSON (Lab),skipped,skipped,skipped,skipped,skipped,skipped,skipped,skipped,4,10
5171,Matt KERR (Lab),Alistair WATSON (Lab),skipped,skipped,skipped,skipped,skipped,skipped,skipped,skipped,4,10
5172,Matt KERR (Lab),Alistair WATSON (Lab),skipped,skipped,skipped,skipped,skipped,skipped,skipped,skipped,4,10
5173,Matt KERR (Lab),Alistair WATSON (Lab),skipped,skipped,skipped,skipped,skipped,skipped,skipped,skipped,4,10
5174,Matt KERR (Lab),Alistair WATSON (Lab),skipped,skipped,skipped,skipped,skipped,skipped,skipped,skipped,4,10
5175,Matt KERR (Lab),Alistair WATSON (Lab),skipped,skipped,skipped,skipped,skipped,skipped,skipped,skipped,4,10
5176,Matt KERR (Lab),Alistair WATSON (Lab),skipped,skipped,skipped,skipped,skipped,skipped,skipped,skipped,4,10
5177,Matt KERR (Lab),Alistair WATSON (Lab),skipped,skipped,skipped,skipped,skipped,skipped,skipped,skipped,4,10
5178,Matt KERR (Lab),Alistair WATSON (Lab),skipped,skipped,skipped,skipped,skipped,skipped,skipped,skipped,4,10
5179,Matt KERR (Lab),Alistair WATSON (Lab),skipped,skipped,skipped,skipped,skipped,skipped,skipped,skipped,4,10
5180,Matt KERR (Lab),Alistair WATSON (Lab),skipped,skipped,skipped,skipped,skipped,skipped,skipped,skipped,4,10
5181,Matt KERR (Lab),Alistair WATSON (Lab),skipped,skipped,skipped,skipped,skipped,skipped,skipped,skipped,4,10
5182,Matt KERR (Lab),Alistair WATSON (Lab),skipped,skipped,skipped,skipped,skipped,skipped,skipped,skipped,4,10
5183,Matt KERR (Lab),Alistair WATSON (Lab),skipped,skipped,skipped,skipped,skipped,skipped,skipped,skipped,4,10
5184,Matt KERR (Lab),Alistair WATSON (Lab),skipped,skipped,skipped,skipped,skipped,skipped,skipped,skipped,4,10
5185,Matt KERR (Lab),Alistair WATSON (Lab),skipped,skipped,skipped,skipped,skipped,skipped,skipped,skipped,4,10
5186,Matt KERR (Lab),Alistair WATSON (Lab),skipped,skipped,skipped,skipped,skipped,skipped,skipped,skipped,4,10
5187,Matt KERR (Lab),Alistair WATSON (Lab),skipped,skipped,skipped,skipped,skipped,skipped,skipped,skipped,4,10
5188,Matt KERR (Lab),Alistair WATSON (Lab),skipped,skipped,skipped,skipped,skipped,skipped,skipped,skipped,4,10
5189,Matt KERR (Lab),Alistair WATSON (Lab),skipped,skipped,skipped,skipped,skipped,skipped,skipped,skipped,4,10
5190,Matt KERR (Lab),Alistair WATSON (Lab),skipped,skipped,skipped,skipped,skipped,skipped,skipped,skipped,4,10
5191,Matt KERR (Lab),Alistair WATSON (Lab),skipped,skipped,skipped,skipped,skipped,skipped,skipped,skipped,4,10
5192,Matt KERR (Lab),Alistair WATSON (Lab),skipped,skipped,skipped,skipped,skipped,skipped,skipped,skipped,4,10
5193,Matt KERR (Lab),Alistair WATSON (Lab),skipped,skipped,skipped,skipped,skipped,skipped,skipped,skipped,4,10
5194,Matt KERR (Lab),Alistair WATSON (Lab),skipped,skipped,skipped,skipped,skipped,skipped,skipped,skipped,4,10
5195,Matt KERR (Lab),Alistair WATSON (Lab),skipped,skipped,skipped,skipped,skipped,skipped,skipped,skipped,4,10
5196,Matt KERR (Lab),Alistair WATSON (Lab),skipped,skipped,skipped,skipped,skipped,skipped,skipped,skipped,4,10
5197,Matt KERR (Lab),Alistair WATSON (Lab),skipped,skipped,skipped,skipped,skipped,skipped,skipped,skipped,4,10
5198,Matt KERR (Lab),Alistair WATSON (Lab),skipped,skipped,skipped,skipped,skipped,skipped,skipped,skipped,4,10
5199,Matt KERR (Lab),Alistair WATSON (Lab),skipped,skipped,skipped,skipped,skipped,skipped,skipped,skipped,4,10
5200,Matt KERR (Lab),Alistair WATSON (Lab),skipped,skipped,skipped,skipped,skipped,skipped,skipped,skipped,4,10
5201,Matt KERR (Lab),Alistair WATSON (Lab),skipped,skipped,skipped,skipped,skipped,skipped,skipped,skipped,4,10
5202,Matt KERR (Lab),Alistair WATSON (Lab),skipped,skipped,skipped,skipped,skipped,skipped,skipped,skipped,4,10
5203,Matt KERR (Lab),Alistair WATSON (Lab),skipped,skipped,skipped,skipped,skipped,skipped,skipped,skipped,4,10
5204,Matt KERR (Lab),Alistair WATSON (Lab),skipped,skipped,skipped,skipped,skipped,skipped,skipped,skipped,4,10
5205,Matt KERR (Lab),Alistair WATSON (Lab),skipped,skipped,skipped,skipped,skipped,skipped,skipped,skipped,4,10
5206,Matt KERR (Lab),Alistair WATSON (Lab),skipped,skipped,skipped,skipped,skipped,skipped,skipped,skipped,4,10
5207,Matt KERR (Lab),Alistair WATSON (Lab),skipped,skipped,skipped,skipped,skipped,skipped,skipped,skipped,4,10
5208,Matt KERR (Lab),Alistair WATSON (Lab),skipped,skipped,skipped,skipped,skipped,skipped,skipped,skipped,4,10
5209,Matt KERR (Lab),Alistair WATSON (Lab),skipped,skipped,skipped,skipped,skipped,skipped,skipped,skipped,4,10
5210,Matt KERR (Lab),Alistair WATSON (Lab),skipped,skipped,skipped,skipped,skipped,skipped,skipped,skipped,4,10
5211,Matt KERR (Lab),Alistair WATSON (Lab),skipped,skipped,skipped,skipped,skipped,skipped,skipped,skipped,4,10
5212,Matt KERR (Lab),Alistair WATSON (Lab),skipped,skipped,skipped,skipped,skipped,skipped,skipped,skipped,4,10
5213,Matt KERR (Lab),Alistair WATSON (Lab),skipped,skipped,skipped,skipped,skipped,skipped,skipped,skipped,4,10
5214,Matt KERR (Lab),Alistair WATSON (Lab),Iris GIBSON (SNP),skipped,skipped,skipped,skipped,skipped,skipped,skipped,4,10
5215,Matt KERR (Lab),Alistair WATSON (Lab),Iris GIBSON (SNP),skipped,skipped,skipped,skipped,skipped,skipped,skipped,4,10
5216,Matt KERR (Lab),Alistair WATSON (Lab),Iris GIBSON (SNP),skipped,skipped,skipped,skipped,skipped,skipped,skipped,4,10
5217,Matt KERR (Lab),Alistair WATSON (Lab),Iris GIBSON (SNP),skipped,skipped,skipped,skipped,skipped,skipped,skipped,4,10
5218,Matt KERR (Lab),Alistair WATSON (Lab),Iris GIBSON (SNP),skipped,skipped,skipped,skipped,skipped,skipped,skipped,4,10
5219,Matt KERR (Lab),Alistair WATSON (Lab),Iris GIBSON (SNP),skipped,skipped,skipped,skipped,skipped,skipped,skipped,4,10
5220,Matt KERR (Lab),Alistair WATSON (Lab),Iris GIBSON (SNP),skipped,skipped,skipped,skipped,skipped,skipped,skipped,4,10
5221,Matt KERR (Lab),Alistair WATSON (Lab),Iris GIBSON (SNP),skipped,skipped,skipped,skipped,skipped,skipped,skipped,4,10
5222,Matt KERR (Lab),Alistair WATSON (Lab),Iris GIBSON (SNP),skipped,skipped,skipped,skipped,skipped,skipped,skipped,4,10
5223,Matt KERR (Lab),Alistair WATSON (Lab),Iris GIBSON (SNP),skipped,skipped,skipped,skipped,skipped,skipped,skipped,4,10
5224,Matt KERR (Lab),Alistair WATSON (Lab),Iris GIBSON (SNP),skipped,skipped,skipped,skipped,skipped,skipped,skipped,4,10
5225,Matt KERR (Lab),Alistair WATSON (Lab),Iris GIBSON (SNP),skipped,skipped,skipped,skipped,skipped,skipped,skipped,4,10
5226,Matt KERR (Lab),Alistair WATSON (Lab),Iris GIBSON (SNP),skipped,skipped,skipped,skipped,skipped,skipped,skipped,4,10
5227,Matt KERR (Lab),Alistair WATSON (Lab),Iris GIBSON (SNP),skipped,skipped,skipped,skipped,skipped,skipped,skipped,4,10
5228,Matt KERR (Lab),Alistair WATSON (Lab),Iris GIBSON (SNP),skipped,skipped,skipped,skipped,skipped,skipped,skipped,4,10
5229,Matt KERR (Lab),Alistair WATSON (Lab),Iris GIBSON (SNP),skipped,skipped,skipped,skipped,skipped,skipped,skipped,4,10
5230,Matt KERR (Lab),Alistair WATSON (Lab),Iris GIBSON (SNP),skipped,skipped,skipped,skipped,skipped,skipped,skipped,4,10
5231,Matt KERR (Lab),Alistair WATSON (Lab),Iris GIBSON (SNP),skipped,skipped,skipped,skipped,skipped,skipped,skipped,4,10
5232,Matt KERR (Lab),Alistair WATSON (Lab),Iris GIBSON (SNP),skipped,skipped,skipped,skipped,skipped,skipped,skipped,4,10
5233,Matt KERR (Lab),Alistair WATSON (Lab),Iris GIBSON (SNP),skipped,skipped,skipped,skipped,skipped,skipped,skipped,4,10
5234,Matt KERR (Lab),Alistair WATSON (Lab),Iris GIBSON (SNP),skipped,skipped,skipped,skipped,skipped,skipped,skipped,4,10
5235,Matt KERR (Lab),Alistair WATSON (Lab),Iris GIBSON (SNP),skipped,skipped,skipped,skipped,skipped,skipped,skipped,4,10
5236,Matt KERR (Lab),Alistair WATSON (Lab),Iris GIBSON (SNP),skipped,skipped,skipped,skipped,skipped,skipped,skipped,4,10
5237,Matt KERR (Lab),Alistair WATSON (Lab),Iris GIBSON (SNP),skipped,skipped,skipped,skipped,skipped,skipped,skipped,4,10
5238,Matt KERR (Lab),Alistair WATSON (Lab),Iris GIBSON (SNP),skipped,skipped,skipped,skipped,skipped,skipped,skipped,4,10
5239,Matt KERR (Lab),Alistair WATSON (Lab),Iris GIBSON (SNP),skipped,skipped,skipped,skipped,skipped,skipped,skipped,4,10
5240,Matt KERR (Lab),Alistair WATSON (Lab),Iris GIBSON (SNP),skipped,skipped,skipped,skipped,skipped,skipped,skipped,4,10
5241,Matt KERR (Lab),Alistair WATSON (Lab),Iris GIBSON (SNP),skipped,skipped,skipped,skipped,skipped,skipped,skipped,4,10
5242,Matt KERR (Lab),Alistair WATSON (Lab),Iris GIBSON (SNP),skipped,skipped,skipped,skipped,skipped,skipped,skipped,4,10
5243,Matt KERR (Lab),Alistair WATSON (Lab),Iris GIBSON (SNP),skipped,skipped,skipped,skipped,skipped,skipped,skipped,4,10
5244,Matt KERR (Lab),Alistair WATSON (Lab),Iris GIBSON (SNP),skipped,skipped,skipped,skipped,skipped,skipped,skipped,4,10
5245,Matt KERR (Lab),Alistair WATSON (Lab),Iris GIBSON (SNP),skipped,skipped,skipped,skipped,skipped,skipped,skipped,4,10
5246,Matt KERR (Lab),Alistair WATSON (Lab),Iris GIBSON (SNP),skipped,skipped,skipped,skipped,skipped,skipped,skipped,4,10
5247,Matt KERR (Lab),Alistair WATSON (Lab),Iris GIBSON (SNP),skipped,skipped,skipped,skipped,skipped,skipped,skipped,4,10
5248,Matt KERR (Lab),Alistair WATSON (Lab),Iris GIBSON (SNP),skipped,skipped,skipped,skipped,skipped,skipped,skipped,4,10
5249,Matt KERR (Lab),Alistair WATSON (Lab),Iris GIBSON (SNP),skipped,skipped,skipped,skipped,skipped,skipped,skipped,4,10
5250,Matt KERR (Lab),Alistair WATSON (Lab),Iris GIBSON (SNP),skipped,skipped,skipped,skipped,skipped,skipped,skipped,4,10
5251,Matt KERR (Lab),Alistair WATSON (Lab),Iris GIBSON (SNP),skipped,skipped,skipped,skipped,skipped,skipped,skipped,4,10
5252,Matt KERR (Lab),Alistair WATSON (Lab),Iris GIBSON (SNP),skipped,skipped,skipped,skipped,skipped,skipped,skipped,4,10
5253,Matt KERR (Lab),Alistair WATSON (Lab),Iris GIBSON (SNP),skipped,skipped,skipped,skipped,skipped,skipped,skipped,4,10
5254,Matt KERR (Lab),Alistair WATSON (Lab),Iris GIBSON (SNP),skipped,skipped,skipped,skipped,skipped,skipped,skipped,4,10
5255,Matt KERR (Lab),Alistair WATSON (Lab),Iris GIBSON (SNP),skipped,skipped,skipped,skipped,skipped,skipped,skipped,4,10
5256,Matt KERR (Lab),Alistair WATSON (Lab),Iris GIBSON (SNP),skipped,skipped,skipped,skipped,skipped,skipped,skipped,4,10
5257,Matt KERR (Lab),Alistair WATSON (Lab),Iris GIBSON (SNP),skipped,skipped,skipped,skipped,skipped,skipped,skipped,4,10
5258,Matt KERR (Lab),Alistair WATSON (Lab),Iris GIBSON (SNP),skipped,skipped,skipped,skipped,skipped,skipped,skipped,4,10
5259,Matt KERR (Lab),Alistair WATSON (Lab),Iris GIBSON (SNP),skipped,skipped,skipped,skipped,skipped,skipped,skipped,4,10
5260,Matt KERR (Lab),Alistair WATSON (Lab),Iris GIBSON (SNP),skipped,skipped,skipped,skipped,skipped,skipped,skipped,4,10
5261,Matt KERR (Lab),Alistair WATSON (Lab),Iris GIBSON (SNP),skipped,skipped,skipped,skipped,skipped,skipped,skipped,4,10
5262,Matt KERR (Lab),Alistair WATSON (Lab),Iris GIBSON (SNP),skipped,skipped,skipped,skipped,skipped,skipped,skipped,4,10
5263,Matt KERR (Lab),Alistair WATSON (Lab),Iris GIBSON (SNP),skipped,skipped,skipped,skipped,skipped,skipped,skipped,4,10
5264,Matt KERR (Lab),Alistair WATSON (Lab),Iris GIBSON (SNP),skipped,skipped,skipped,skipped,skipped,skipped,skipped,4,10
5265,Matt KERR (Lab),Alistair WATSON (Lab),Iris GIBSON (SNP),skipped,skipped,skipped,skipped,skipped,skipped,skipped,4,10
5266,Matt KERR (Lab),Alistair WATSON (Lab),Iris GIBSON (SNP),skipped,skipped,skipped,skipped,skipped,skipped,skipped,4,10
5267,Matt KERR (Lab),Alistair WATSON (Lab),Iris GIBSON (SNP),skipped,skipped,skipped,skipped,skipped,skipped,skipped,4,10
5268,Matt KERR (Lab),Alistair WATSON (Lab),Iris GIBSON (SNP),skipped,skipped,skipped,skipped,skipped,skipped,skipped,4,10
5269,Matt KERR (Lab),Alistair WATSON (Lab),Iris GIBSON (SNP),skipped,skipped,skipped,skipped,skipped,skipped,skipped,4,10
5270,Matt KERR (Lab),Alistair WATSON (Lab),Iris GIBSON (SNP),skipped,skipped,skipped,skipped,skipped,skipped,skipped,4,10
5271,Matt KERR (Lab),Alistair WATSON (Lab),Iris GIBSON (SNP),skipped,skipped,skipped,skipped,skipped,skipped,skipped,4,10
5272,Matt KERR (Lab),Alistair WATSON (Lab),Iris GIBSON (SNP),skipped,skipped,skipped,skipped,skipped,skipped,skipped,4,10
5273,Matt KERR (Lab),Alistair WATSON (Lab),Iris GIBSON (SNP),skipped,skipped,skipped,skipped,skipped,skipped,skipped,4,10
5274,Matt KERR (Lab),Alistair WATSON (Lab),Iris GIBSON (SNP),skipped,skipped,skipped,skipped,skipped,skipped,skipped,4,10
5275,Matt KERR (Lab),Alistair WATSON (Lab),Iris GIBSON (SNP),skipped,skipped,skipped,skipped,skipped,skipped,skipped,4,10
5276,Matt KERR (Lab),Alistair WATSON (Lab),Iris GIBSON (SNP),skipped,skipped,skipped,skipped,skipped,skipped,skipped,4,10
5277,Matt KERR (Lab),Alistair WATSON (Lab),Iris GIBSON (SNP),Gordon MACDIARMID (Glasgow First),skipped,skipped,skipped,skipped,skipped,skipped,4,10
5278,Matt KERR (Lab),Alistair WATSON (Lab),Iris GIBSON (SNP),Gordon MACDIARMID (Glasgow First),skipped,skipped,skipped,skipped,skipped,skipped,4,10
5279,Matt KERR (Lab),Alistair WATSON (Lab),Iris GIBSON (SNP),Gordon MACDIARMID (Glasgow First),skipped,skipped,skipped,skipped,skipped,skipped,4,10
5280,Matt KERR (Lab),Alistair WATSON (Lab),Iris GIBSON (SNP),Gordon MACDIARMID (Glasgow First),skipped,skipped,skipped,skipped,skipped,skipped,4,10
5281,Matt KERR (Lab),Alistair WATSON (Lab),Iris GIBSON (SNP),Gordon MACDIARMID (Glasgow First),Janice MACKAY (UKIP),Jayne Ann MORGAN (Con),Isabel NELSON (LD),Ian RUFFELL (Grn),Jim TORRANCE (SNP),Gail SHERIDAN (Sol),4,10
5282,Matt KERR (Lab),Alistair WATSON (Lab),Iris GIBSON (SNP),Gordon MACDIARMID (Glasgow First),Gail SHERIDAN (Sol),Isabel NELSON (LD),skipped,skipped,skipped,skipped,4,10
5283,Matt KERR (Lab),Alistair WATSON (Lab),Iris GIBSON (SNP),Gordon MACDIARMID (Glasgow First),Jim TORRANCE (SNP),Ian RUFFELL (Grn),Janice MACKAY (UKIP),Isabel NELSON (LD),Jayne Ann MORGAN (Con),Gail SHERIDAN (Sol),4,10
5284,Matt KERR (Lab),Alistair WATSON (Lab),Iris GIBSON (SNP),Janice MACKAY (UKIP),Isabel NELSON (LD),skipped,skipped,skipped,skipped,skipped,4,10
5285,Matt KERR (Lab),Alistair WATSON (Lab),Iris GIBSON (SNP),Jayne Ann MORGAN (Con),skipped,skipped,skipped,skipped,skipped,skipped,4,10
5286,Matt KERR (Lab),Alistair WATSON (Lab),Iris GIBSON (SNP),Jayne Ann MORGAN (Con),Jim TORRANCE (SNP),skipped,skipped,skipped,skipped,skipped,4,10
5287,Matt KERR (Lab),Alistair WATSON (Lab),Iris GIBSON (SNP),Isabel NELSON (LD),Gordon MACDIARMID (Glasgow First),Ian RUFFELL (Grn),Jim TORRANCE (SNP),Janice MACKAY (UKIP),Jayne Ann MORGAN (Con),Gail SHERIDAN (Sol),4,10
5288,Matt KERR (Lab),Alistair WATSON (Lab),Iris GIBSON (SNP),Isabel NELSON (LD),Ian RUFFELL (Grn),Jayne Ann MORGAN (Con),Janice MACKAY (UKIP),Gordon MACDIARMID (Glasgow First),Jim TORRANCE (SNP),Gail SHERIDAN (Sol),4,10
5289,Matt KERR (Lab),Alistair WATSON (Lab),Iris GIBSON (SNP),Ian RUFFELL (Grn),skipped,skipped,skipped,skipped,skipped,skipped,4,10
5290,Matt KERR (Lab),Alistair WATSON (Lab),Iris GIBSON (SNP),Ian RUFFELL (Grn),skipped,skipped,skipped,skipped,skipped,skipped,4,10
5291,Matt KERR (Lab),Alistair WATSON (Lab),Iris GIBSON (SNP),Ian RUFFELL (Grn),Isabel NELSON (LD),Jim TORRANCE (SNP),skipped,skipped,skipped,skipped,4,10
5292,Matt KERR (Lab),Alistair WATSON (Lab),Iris GIBSON (SNP),Gail SHERIDAN (Sol),skipped,skipped,skipped,skipped,skipped,skipped,4,10
5293,Matt KERR (Lab),Alistair WATSON (Lab),Iris GIBSON (SNP),Gail SHERIDAN (Sol),skipped,skipped,skipped,skipped,skipped,skipped,4,10
5294,Matt KERR (Lab),Alistair WATSON (Lab),Iris GIBSON (SNP),Gail SHERIDAN (Sol),skipped,skipped,skipped,skipped,skipped,skipped,4,10
5295,Matt KERR (Lab),Alistair WATSON (Lab),Iris GIBSON (SNP),Gail SHERIDAN (Sol),skipped,skipped,skipped,skipped,skipped,skipped,4,10
5296,Matt KERR (Lab),Alistair WATSON (Lab),Iris GIBSON (SNP),Gail SHERIDAN (Sol),skipped,skipped,skipped,skipped,skipped,skipped,4,10
5297,Matt KERR (Lab),Alistair WATSON (Lab),Iris GIBSON (SNP),Gail SHERIDAN (Sol),skipped,skipped,skipped,skipped,skipped,skipped,4,10
5298,Matt KERR (Lab),Alistair WATSON (Lab),Iris GIBSON (SNP),Gail SHERIDAN (Sol),skipped,skipped,skipped,skipped,skipped,skipped,4,10
5299,Matt KERR (Lab),Alistair WATSON (Lab),Iris GIBSON (SNP),Jim TORRANCE (SNP),skipped,skipped,skipped,skipped,skipped,skipped,4,10
5300,Matt KERR (Lab),Alistair WATSON (Lab),Iris GIBSON (SNP),Jim TORRANCE (SNP),skipped,skipped,skipped,skipped,skipped,skipped,4,10
5301,Matt KERR (Lab),Alistair WATSON (Lab),Iris GIBSON (SNP),Jim TORRANCE (SNP),skipped,skipped,skipped,skipped,skipped,skipped,4,10
5302,Matt KERR (Lab),Alistair WATSON (Lab),Iris GIBSON (SNP),Jim TORRANCE (SNP),skipped,skipped,skipped,skipped,skipped,skipped,4,10
5303,Matt KERR (Lab),Alistair WATSON (Lab),Iris GIBSON (SNP),Jim TORRANCE (SNP),skipped,skipped,skipped,skipped,skipped,skipped,4,10
5304,Matt KERR (Lab),Alistair WATSON (Lab),Iris GIBSON (SNP),Jim TORRANCE (SNP),skipped,skipped,skipped,skipped,skipped,skipped,4,10
5305,Matt KERR (Lab),Alistair WATSON (Lab),Iris GIBSON (SNP),Jim TORRANCE (SNP),skipped,skipped,skipped,skipped,skipped,skipped,4,10
5306,Matt KERR (Lab),Alistair WATSON (Lab),Iris GIBSON (SNP),Jim TORRANCE (SNP),skipped,skipped,skipped,skipped,skipped,skipped,4,10
5307,Matt KERR (Lab),Alistair WATSON (Lab),Iris GIBSON (SNP),Jim TORRANCE (SNP),skipped,skipped,skipped,skipped,skipped,skipped,4,10
5308,Matt KERR (Lab),Alistair WATSON (Lab),Iris GIBSON (SNP),Jim TORRANCE (SNP),skipped,skipped,skipped,skipped,skipped,skipped,4,10
5309,Matt KERR (Lab),Alistair WATSON (Lab),Iris GIBSON (SNP),Jim TORRANCE (SNP),skipped,skipped,skipped,skipped,skipped,skipped,4,10
5310,Matt KERR (Lab),Alistair WATSON (Lab),Iris GIBSON (SNP),Jim TORRANCE (SNP),skipped,skipped,skipped,skipped,skipped,skipped,4,10
5311,Matt KERR (Lab),Alistair WATSON (Lab),Iris GIBSON (SNP),Jim TORRANCE (SNP),skipped,skipped,skipped,skipped,skipped,skipped,4,10
5312,Matt KERR (Lab),Alistair WATSON (Lab),Iris GIBSON (SNP),Jim TORRANCE (SNP),skipped,skipped,skipped,skipped,skipped,skipped,4,10
5313,Matt KERR (Lab),Alistair WATSON (Lab),Iris GIBSON (SNP),Jim TORRANCE (SNP),skipped,skipped,skipped,skipped,skipped,skipped,4,10
5314,Matt KERR (Lab),Alistair WATSON (Lab),Iris GIBSON (SNP),Jim TORRANCE (SNP),skipped,skipped,skipped,skipped,skipped,skipped,4,10
5315,Matt KERR (Lab),Alistair WATSON (Lab),Iris GIBSON (SNP),Jim TORRANCE (SNP),skipped,skipped,skipped,skipped,skipped,skipped,4,10
5316,Matt KERR (Lab),Alistair WATSON (Lab),Iris GIBSON (SNP),Jim TORRANCE (SNP),skipped,skipped,skipped,skipped,skipped,skipped,4,10
5317,Matt KERR (Lab),Alistair WATSON (Lab),Iris GIBSON (SNP),Jim TORRANCE (SNP),skipped,skipped,skipped,skipped,skipped,skipped,4,10
5318,Matt KERR (Lab),Alistair WATSON (Lab),Iris GIBSON (SNP),Jim TORRANCE (SNP),skipped,skipped,skipped,skipped,skipped,skipped,4,10
5319,Matt KERR (Lab),Alistair WATSON (Lab),Iris GIBSON (SNP),Jim TORRANCE (SNP),skipped,skipped,skipped,skipped,skipped,skipped,4,10
5320,Matt KERR (Lab),Alistair WATSON (Lab),Iris GIBSON (SNP),Jim TORRANCE (SNP),skipped,skipped,skipped,skipped,skipped,skipped,4,10
5321,Matt KERR (Lab),Alistair WATSON (Lab),Iris GIBSON (SNP),Jim TORRANCE (SNP),skipped,skipped,skipped,skipped,skipped,skipped,4,10
5322,Matt KERR (Lab),Alistair WATSON (Lab),Iris GIBSON (SNP),Jim TORRANCE (SNP),skipped,skipped,skipped,skipped,skipped,skipped,4,10
5323,Matt KERR (Lab),Alistair WATSON (Lab),Iris GIBSON (SNP),Jim TORRANCE (SNP),skipped,skipped,skipped,skipped,skipped,skipped,4,10
5324,Matt KERR (Lab),Alistair WATSON (Lab),Iris GIBSON (SNP),Jim TORRANCE (SNP),skipped,skipped,skipped,skipped,skipped,skipped,4,10
5325,Matt KERR (Lab),Alistair WATSON (Lab),Iris GIBSON (SNP),Jim TORRANCE (SNP),skipped,skipped,skipped,skipped,skipped,skipped,4,10
5326,Matt KERR (Lab),Alistair WATSON (Lab),Iris GIBSON (SNP),Jim TORRANCE (SNP),skipped,skipped,skipped,skipped,skipped,skipped,4,10
5327,Matt KERR (Lab),Alistair WATSON (Lab),Iris GIBSON (SNP),Jim TORRANCE (SNP),skipped,skipped,skipped,skipped,skipped,skipped,4,10
5328,Matt KERR (Lab),Alistair WATSON (Lab),Iris GIBSON (SNP),Jim TORRANCE (SNP),skipped,skipped,skipped,skipped,skipped,skipped,4,10
5329,Matt KERR (Lab),Alistair WATSON (Lab),Iris GIBSON (SNP),Jim TORRANCE (SNP),skipped,skipped,skipped,skipped,skipped,skipped,4,10
5330,Matt KERR (Lab),Alistair WATSON (Lab),Iris GIBSON (SNP),Jim TORRANCE (SNP),skipped,skipped,skipped,skipped,skipped,skipped,4,10
5331,Matt KERR (Lab),Alistair WATSON (Lab),Iris GIBSON (SNP),Jim TORRANCE (SNP),skipped,skipped,skipped,skipped,skipped,skipped,4,10
5332,Matt KERR (Lab),Alistair WATSON (Lab),Iris GIBSON (SNP),Jim TORRANCE (SNP),skipped,skipped,skipped,skipped,skipped,skipped,4,10
5333,Matt KERR (Lab),Alistair WATSON (Lab),Iris GIBSON (SNP),Jim TORRANCE (SNP),skipped,skipped,skipped,skipped,skipped,skipped,4,10
5334,Matt KERR (Lab),Alistair WATSON (Lab),Iris GIBSON (SNP),Jim TORRANCE (SNP),skipped,skipped,skipped,skipped,skipped,skipped,4,10
5335,Matt KERR (Lab),Alistair WATSON (Lab),Iris GIBSON (SNP),Jim TORRANCE (SNP),skipped,skipped,skipped,skipped,skipped,skipped,4,10
5336,Matt KERR (Lab),Alistair WATSON (Lab),Iris GIBSON (SNP),Jim TORRANCE (SNP),skipped,skipped,skipped,skipped,skipped,skipped,4,10
5337,Matt KERR (Lab),Alistair WATSON (Lab),Iris GIBSON (SNP),Jim TORRANCE (SNP),skipped,skipped,skipped,skipped,skipped,skipped,4,10
5338,Matt KERR (Lab),Alistair WATSON (Lab),Iris GIBSON (SNP),Jim TORRANCE (SNP),skipped,skipped,skipped,skipped,skipped,skipped,4,10
5339,Matt KERR (Lab),Alistair WATSON (Lab),Iris GIBSON (SNP),Jim TORRANCE (SNP),skipped,skipped,skipped,skipped,skipped,skipped,4,10
5340,Matt KERR (Lab),Alistair WATSON (Lab),Iris GIBSON (SNP),Jim TORRANCE (SNP),skipped,skipped,skipped,skipped,skipped,skipped,4,10
5341,Matt KERR (Lab),Alistair WATSON (Lab),Iris GIBSON (SNP),Jim TORRANCE (SNP),skipped,skipped,skipped,skipped,skipped,skipped,4,10
5342,Matt KERR (Lab),Alistair WATSON (Lab),Iris GIBSON (SNP),Jim TORRANCE (SNP),skipped,skipped,skipped,skipped,skipped,skipped,4,10
5343,Matt KERR (Lab),Alistair WATSON (Lab),Iris GIBSON (SNP),Jim TORRANCE (SNP),skipped,skipped,skipped,skipped,skipped,skipped,4,10
5344,Matt KERR (Lab),Alistair WATSON (Lab),Iris GIBSON (SNP),Jim TORRANCE (SNP),skipped,skipped,skipped,skipped,skipped,skipped,4,10
5345,Matt KERR (Lab),Alistair WATSON (Lab),Iris GIBSON (SNP),Jim TORRANCE (SNP),skipped,skipped,skipped,skipped,skipped,skipped,4,10
5346,Matt KERR (Lab),Alistair WATSON (Lab),Iris GIBSON (SNP),Jim TORRANCE (SNP),skipped,skipped,skipped,skipped,skipped,skipped,4,10
5347,Matt KERR (Lab),Alistair WATSON (Lab),Iris GIBSON (SNP),Jim TORRANCE (SNP),skipped,skipped,skipped,skipped,skipped,skipped,4,10
5348,Matt KERR (Lab),Alistair WATSON (Lab),Iris GIBSON (SNP),Jim TORRANCE (SNP),skipped,skipped,skipped,skipped,skipped,skipped,4,10
5349,Matt KERR (Lab),Alistair WATSON (Lab),Iris GIBSON (SNP),Jim TORRANCE (SNP),skipped,skipped,skipped,skipped,skipped,skipped,4,10
5350,Matt KERR (Lab),Alistair WATSON (Lab),Iris GIBSON (SNP),Jim TORRANCE (SNP),skipped,skipped,skipped,skipped,skipped,skipped,4,10
5351,Matt KERR (Lab),Alistair WATSON (Lab),Iris GIBSON (SNP),Jim TORRANCE (SNP),skipped,skipped,skipped,skipped,skipped,skipped,4,10
5352,Matt KERR (Lab),Alistair WATSON (Lab),Iris GIBSON (SNP),Jim TORRANCE (SNP),skipped,skipped,skipped,skipped,skipped,skipped,4,10
5353,Matt KERR (Lab),Alistair WATSON (Lab),Iris GIBSON (SNP),Jim TORRANCE (SNP),skipped,skipped,skipped,skipped,skipped,skipped,4,10
5354,Matt KERR (Lab),Alistair WATSON (Lab),Iris GIBSON (SNP),Jim TORRANCE (SNP),Gordon MACDIARMID (Glasgow First),skipped,skipped,skipped,skipped,skipped,4,10
5355,Matt KERR (Lab),Alistair WATSON (Lab),Iris GIBSON (SNP),Jim TORRANCE (SNP),Gordon MACDIARMID (Glasgow First),Janice MACKAY (UKIP),Jayne Ann MORGAN (Con),Isabel NELSON (LD),Ian RUFFELL (Grn),skipped,4,10
5356,Matt KERR (Lab),Alistair WATSON (Lab),Iris GIBSON (SNP),Jim TORRANCE (SNP),Gordon MACDIARMID (Glasgow First),Janice MACKAY (UKIP),Isabel NELSON (LD),Ian RUFFELL (Grn),Jayne Ann MORGAN (Con),Gail SHERIDAN (Sol),4,10
5357,Matt KERR (Lab),Alistair WATSON (Lab),Iris GIBSON (SNP),Jim TORRANCE (SNP),Gordon MACDIARMID (Glasgow First),Janice MACKAY (UKIP),Ian RUFFELL (Grn),Gail SHERIDAN (Sol),Isabel NELSON (LD),Jayne Ann MORGAN (Con),4,10
5358,Matt KERR (Lab),Alistair WATSON (Lab),Iris GIBSON (SNP),Jim TORRANCE (SNP),Gordon MACDIARMID (Glasgow First),Isabel NELSON (LD),Ian RUFFELL (Grn),Janice MACKAY (UKIP),skipped,skipped,4,10
5359,Matt KERR (Lab),Alistair WATSON (Lab),Iris GIBSON (SNP),Jim TORRANCE (SNP),Gordon MACDIARMID (Glasgow First),Ian RUFFELL (Grn),Janice MACKAY (UKIP),Isabel NELSON (LD),Gail SHERIDAN (Sol),Jayne Ann MORGAN (Con),4,10
5360,Matt KERR (Lab),Alistair WATSON (Lab),Iris GIBSON (SNP),Jim TORRANCE (SNP),Janice MACKAY (UKIP),skipped,skipped,skipped,skipped,skipped,4,10
5361,Matt KERR (Lab),Alistair WATSON (Lab),Iris GIBSON (SNP),Jim TORRANCE (SNP),Janice MACKAY (UKIP),Gordon MACDIARMID (Glasgow First),Ian RUFFELL (Grn),Isabel NELSON (LD),skipped,skipped,4,10
5362,Matt KERR (Lab),Alistair WATSON (Lab),Iris GIBSON (SNP),Jim TORRANCE (SNP),Janice MACKAY (UKIP),Ian RUFFELL (Grn),Gordon MACDIARMID (Glasgow First),Isabel NELSON (LD),Jayne Ann MORGAN (Con),Gail SHERIDAN (Sol),4,10
5363,Matt KERR (Lab),Alistair WATSON (Lab),Iris GIBSON (SNP),Jim TORRANCE (SNP),Jayne Ann MORGAN (Con),skipped,skipped,skipped,skipped,skipped,4,10
5364,Matt KERR (Lab),Alistair WATSON (Lab),Iris GIBSON (SNP),Jim TORRANCE (SNP),Jayne Ann MORGAN (Con),skipped,skipped,skipped,skipped,skipped,4,10
5365,Matt KERR (Lab),Alistair WATSON (Lab),Iris GIBSON (SNP),Jim TORRANCE (SNP),Jayne Ann MORGAN (Con),Isabel NELSON (LD),Gordon MACDIARMID (Glasgow First),Ian RUFFELL (Grn),Gail SHERIDAN (Sol),Janice MACKAY (UKIP),4,10
5366,Matt KERR (Lab),Alistair WATSON (Lab),Iris GIBSON (SNP),Jim TORRANCE (SNP),Isabel NELSON (LD),skipped,skipped,skipped,skipped,skipped,4,10
5367,Matt KERR (Lab),Alistair WATSON (Lab),Iris GIBSON (SNP),Jim TORRANCE (SNP),Isabel NELSON (LD),Janice MACKAY (UKIP),Gordon MACDIARMID (Glasgow First),Ian RUFFELL (Grn),Gail SHERIDAN (Sol),Jayne Ann MORGAN (Con),4,10
5368,Matt KERR (Lab),Alistair WATSON (Lab),Iris GIBSON (SNP),Jim TORRANCE (SNP),Isabel NELSON (LD),Ian RUFFELL (Grn),Gordon MACDIARMID (Glasgow First),Gail SHERIDAN (Sol),Janice MACKAY (UKIP),skipped,4,10
5369,Matt KERR (Lab),Alistair WATSON (Lab),Iris GIBSON (SNP),Jim TORRANCE (SNP),Ian RUFFELL (Grn),skipped,skipped,skipped,skipped,skipped,4,10
5370,Matt KERR (Lab),Alistair WATSON (Lab),Iris GIBSON (SNP),Jim TORRANCE (SNP),Ian RUFFELL (Grn),skipped,skipped,skipped,skipped,skipped,4,10
5371,Matt KERR (Lab),Alistair WATSON (Lab),Iris GIBSON (SNP),Jim TORRANCE (SNP),Ian RUFFELL (Grn),skipped,skipped,skipped,skipped,skipped,4,10
5372,Matt KERR (Lab),Alistair WATSON (Lab),Iris GIBSON (SNP),Jim TORRANCE (SNP),Ian RUFFELL (Grn),skipped,skipped,skipped,skipped,skipped,4,10
5373,Matt KERR (Lab),Alistair WATSON (Lab),Iris GIBSON (SNP),Jim TORRANCE (SNP),Ian RUFFELL (Grn),Gordon MACDIARMID (Glasgow First),Janice MACKAY (UKIP),Jayne Ann MORGAN (Con),Isabel NELSON (LD),Gail SHERIDAN (Sol),4,10
5374,Matt KERR (Lab),Alistair WATSON (Lab),Iris GIBSON (SNP),Jim TORRANCE (SNP),Ian RUFFELL (Grn),Gordon MACDIARMID (Glasgow First),Janice MACKAY (UKIP),Isabel NELSON (LD),Gail SHERIDAN (Sol),Jayne Ann MORGAN (Con),4,10
5375,Matt KERR (Lab),Alistair WATSON (Lab),Iris GIBSON (SNP),Jim TORRANCE (SNP),Ian RUFFELL (Grn),Isabel NELSON (LD),Jayne Ann MORGAN (Con),Gordon MACDIARMID (Glasgow First),Janice MACKAY (UKIP),Gail SHERIDAN (Sol),4,10
5376,Matt KERR (Lab),Alistair WATSON (Lab),Iris GIBSON (SNP),Jim TORRANCE (SNP),Ian RUFFELL (Grn),Gail SHERIDAN (Sol),Gordon MACDIARMID (Glasgow First),Janice MACKAY (UKIP),Isabel NELSON (LD),Jayne Ann MORGAN (Con),4,10
5377,Matt KERR (Lab),Alistair WATSON (Lab),Iris GIBSON (SNP),Jim TORRANCE (SNP),Ian RUFFELL (Grn),Gail SHERIDAN (Sol),Gordon MACDIARMID (Glasgow First),Isabel NELSON (LD),Janice MACKAY (UKIP),Jayne Ann MORGAN (Con),4,10
5378,Matt KERR (Lab),Alistair WATSON (Lab),Iris GIBSON (SNP),Jim TORRANCE (SNP),Gail SHERIDAN (Sol),skipped,skipped,skipped,skipped,skipped,4,10
5379,Matt KERR (Lab),Alistair WATSON (Lab),Iris GIBSON (SNP),Jim TORRANCE (SNP),Gail SHERIDAN (Sol),skipped,skipped,skipped,skipped,skipped,4,10
5380,Matt KERR (Lab),Alistair WATSON (Lab),Iris GIBSON (SNP),Jim TORRANCE (SNP),Gail SHERIDAN (Sol),skipped,skipped,skipped,skipped,skipped,4,10
5381,Matt KERR (Lab),Alistair WATSON (Lab),Iris GIBSON (SNP),Jim TORRANCE (SNP),Gail SHERIDAN (Sol),Gordon MACDIARMID (Glasgow First),skipped,skipped,skipped,skipped,4,10
5382,Matt KERR (Lab),Alistair WATSON (Lab),Iris GIBSON (SNP),Jim TORRANCE (SNP),Gail SHERIDAN (Sol),Gordon MACDIARMID (Glasgow First),Ian RUFFELL (Grn),Janice MACKAY (UKIP),Isabel NELSON (LD),Jayne Ann MORGAN (Con),4,10
5383,Matt KERR (Lab),Alistair WATSON (Lab),Iris GIBSON (SNP),Jim TORRANCE (SNP),Gail SHERIDAN (Sol),Isabel NELSON (LD),skipped,skipped,skipped,skipped,4,10
5384,Matt KERR (Lab),Alistair WATSON (Lab),Iris GIBSON (SNP),Jim TORRANCE (SNP),Gail SHERIDAN (Sol),Ian RUFFELL (Grn),Gordon MACDIARMID (Glasgow First),Janice MACKAY (UKIP),Isabel NELSON (LD),Jayne Ann MORGAN (Con),4,10
5385,Matt KERR (Lab),Alistair WATSON (Lab),Iris GIBSON (SNP),Jim TORRANCE (SNP),Gail SHERIDAN (Sol),Ian RUFFELL (Grn),Gordon MACDIARMID (Glasgow First),Janice MACKAY (UKIP),Isabel NELSON (LD),Jayne Ann MORGAN (Con),4,10
5386,Matt KERR (Lab),Alistair WATSON (Lab),Iris GIBSON (SNP),Jim TORRANCE (SNP),Gail SHERIDAN (Sol),Ian RUFFELL (Grn),Janice MACKAY (UKIP),Gordon MACDIARMID (Glasgow First),Jayne Ann MORGAN (Con),Isabel NELSON (LD),4,10
5387,Matt KERR (Lab),Alistair WATSON (Lab),Iris GIBSON (SNP),Jim TORRANCE (SNP),Gail SHERIDAN (Sol),Ian RUFFELL (Grn),Isabel NELSON (LD),Jayne Ann MORGAN (Con),Janice MACKAY (UKIP),Gordon MACDIARMID (Glasgow First),4,10
5388,Matt KERR (Lab),Alistair WATSON (Lab),Gordon MACDIARMID (Glasgow First),skipped,skipped,skipped,skipped,skipped,skipped,skipped,4,10
5389,Matt KERR (Lab),Alistair WATSON (Lab),Gordon MACDIARMID (Glasgow First),skipped,skipped,skipped,skipped,skipped,skipped,skipped,4,10
5390,Matt KERR (Lab),Alistair WATSON (Lab),Gordon MACDIARMID (Glasgow First),skipped,skipped,skipped,skipped,skipped,skipped,skipped,4,10
5391,Matt KERR (Lab),Alistair WATSON (Lab),Gordon MACDIARMID (Glasgow First),skipped,skipped,skipped,skipped,skipped,skipped,skipped,4,10
5392,Matt KERR (Lab),Alistair WATSON (Lab),Gordon MACDIARMID (Glasgow First),skipped,skipped,skipped,skipped,skipped,skipped,skipped,4,10
5393,Matt KERR (Lab),Alistair WATSON (Lab),Gordon MACDIARMID (Glasgow First),skipped,skipped,skipped,skipped,skipped,skipped,skipped,4,10
5394,Matt KERR (Lab),Alistair WATSON (Lab),Gordon MACDIARMID (Glasgow First),skipped,skipped,skipped,skipped,skipped,skipped,skipped,4,10
5395,Matt KERR (Lab),Alistair WATSON (Lab),Gordon MACDIARMID (Glasgow First),skipped,skipped,skipped,skipped,skipped,skipped,skipped,4,10
5396,Matt KERR (Lab),Alistair WATSON (Lab),Gordon MACDIARMID (Glasgow First),skipped,skipped,skipped,skipped,skipped,skipped,skipped,4,10
5397,Matt KERR (Lab),Alistair WATSON (Lab),Gordon MACDIARMID (Glasgow First),skipped,skipped,skipped,skipped,skipped,skipped,skipped,4,10
5398,Matt KERR (Lab),Alistair WATSON (Lab),Gordon MACDIARMID (Glasgow First),skipped,skipped,skipped,skipped,skipped,skipped,skipped,4,10
5399,Matt KERR (Lab),Alistair WATSON (Lab),Gordon MACDIARMID (Glasgow First),skipped,skipped,skipped,skipped,skipped,skipped,skipped,4,10
5400,Matt KERR (Lab),Alistair WATSON (Lab),Gordon MACDIARMID (Glasgow First),skipped,skipped,skipped,skipped,skipped,skipped,skipped,4,10
5401,Matt KERR (Lab),Alistair WATSON (Lab),Gordon MACDIARMID (Glasgow First),skipped,skipped,skipped,skipped,skipped,skipped,skipped,4,10
5402,Matt KERR (Lab),Alistair WATSON (Lab),Gordon MACDIARMID (Glasgow First),skipped,skipped,skipped,skipped,skipped,skipped,skipped,4,10
5403,Matt KERR (Lab),Alistair WATSON (Lab),Gordon MACDIARMID (Glasgow First),skipped,skipped,skipped,skipped,skipped,skipped,skipped,4,10
5404,Matt KERR (Lab),Alistair WATSON (Lab),Gordon MACDIARMID (Glasgow First),skipped,skipped,skipped,skipped,skipped,skipped,skipped,4,10
5405,Matt KERR (Lab),Alistair WATSON (Lab),Gordon MACDIARMID (Glasgow First),skipped,skipped,skipped,skipped,skipped,skipped,skipped,4,10
5406,Matt KERR (Lab),Alistair WATSON (Lab),Gordon MACDIARMID (Glasgow First),skipped,skipped,skipped,skipped,skipped,skipped,skipped,4,10
5407,Matt KERR (Lab),Alistair WATSON (Lab),Gordon MACDIARMID (Glasgow First),skipped,skipped,skipped,skipped,skipped,skipped,skipped,4,10
5408,Matt KERR (Lab),Alistair WATSON (Lab),Gordon MACDIARMID (Glasgow First),skipped,skipped,skipped,skipped,skipped,skipped,skipped,4,10
5409,Matt KERR (Lab),Alistair WATSON (Lab),Gordon MACDIARMID (Glasgow First),skipped,skipped,skipped,skipped,skipped,skipped,skipped,4,10
5410,Matt KERR (Lab),Alistair WATSON (Lab),Gordon MACDIARMID (Glasgow First),skipped,skipped,skipped,skipped,skipped,skipped,skipped,4,10
5411,Matt KERR (Lab),Alistair WATSON (Lab),Gordon MACDIARMID (Glasgow First),skipped,skipped,skipped,skipped,skipped,skipped,skipped,4,10
5412,Matt KERR (Lab),Alistair WATSON (Lab),Gordon MACDIARMID (Glasgow First),skipped,skipped,skipped,skipped,skipped,skipped,skipped,4,10
5413,Matt KERR (Lab),Alistair WATSON (Lab),Gordon MACDIARMID (Glasgow First),skipped,skipped,skipped,skipped,skipped,skipped,skipped,4,10
5414,Matt KERR (Lab),Alistair WATSON (Lab),Gordon MACDIARMID (Glasgow First),skipped,skipped,skipped,skipped,skipped,skipped,skipped,4,10
5415,Matt KERR (Lab),Alistair WATSON (Lab),Gordon MACDIARMID (Glasgow First),skipped,skipped,skipped,skipped,skipped,skipped,skipped,4,10
5416,Matt KERR (Lab),Alistair WATSON (Lab),Gordon MACDIARMID (Glasgow First),skipped,skipped,skipped,skipped,skipped,skipped,skipped,4,10
5417,Matt KERR (Lab),Alistair WATSON (Lab),Gordon MACDIARMID (Glasgow First),skipped,skipped,skipped,skipped,skipped,skipped,skipped,4,10
5418,Matt KERR (Lab),Alistair WATSON (Lab),Gordon MACDIARMID (Glasgow First),skipped,skipped,skipped,skipped,skipped,skipped,skipped,4,10
5419,Matt KERR (Lab),Alistair WATSON (Lab),Gordon MACDIARMID (Glasgow First),skipped,skipped,skipped,skipped,skipped,skipped,skipped,4,10
5420,Matt KERR (Lab),Alistair WATSON (Lab),Gordon MACDIARMID (Glasgow First),skipped,skipped,skipped,skipped,skipped,skipped,skipped,4,10
5421,Matt KERR (Lab),Alistair WATSON (Lab),Gordon MACDIARMID (Glasgow First),skipped,skipped,skipped,skipped,skipped,skipped,skipped,4,10
5422,Matt KERR (Lab),Alistair WATSON (Lab),Gordon MACDIARMID (Glasgow First),skipped,skipped,skipped,skipped,skipped,skipped,skipped,4,10
5423,Matt KERR (Lab),Alistair WATSON (Lab),Gordon MACDIARMID (Glasgow First),skipped,skipped,skipped,skipped,skipped,skipped,skipped,4,10
5424,Matt KERR (Lab),Alistair WATSON (Lab),Gordon MACDIARMID (Glasgow First),skipped,skipped,skipped,skipped,skipped,skipped,skipped,4,10
5425,Matt KERR (Lab),Alistair WATSON (Lab),Gordon MACDIARMID (Glasgow First),skipped,skipped,skipped,skipped,skipped,skipped,skipped,4,10
5426,Matt KERR (Lab),Alistair WATSON (Lab),Gordon MACDIARMID (Glasgow First),skipped,skipped,skipped,skipped,skipped,skipped,skipped,4,10
5427,Matt KERR (Lab),Alistair WATSON (Lab),Gordon MACDIARMID (Glasgow First),skipped,skipped,skipped,skipped,skipped,skipped,skipped,4,10
5428,Matt KERR (Lab),Alistair WATSON (Lab),Gordon MACDIARMID (Glasgow First),skipped,skipped,skipped,skipped,skipped,skipped,skipped,4,10
5429,Matt KERR (Lab),Alistair WATSON (Lab),Gordon MACDIARMID (Glasgow First),skipped,skipped,skipped,skipped,skipped,skipped,skipped,4,10
5430,Matt KERR (Lab),Alistair WATSON (Lab),Gordon MACDIARMID (Glasgow First),skipped,skipped,skipped,skipped,skipped,skipped,skipped,4,10
5431,Matt KERR (Lab),Alistair WATSON (Lab),Gordon MACDIARMID (Glasgow First),skipped,skipped,skipped,skipped,skipped,skipped,skipped,4,10
5432,Matt KERR (Lab),Alistair WATSON (Lab),Gordon MACDIARMID (Glasgow First),skipped,skipped,skipped,skipped,skipped,skipped,skipped,4,10
5433,Matt KERR (Lab),Alistair WATSON (Lab),Gordon MACDIARMID (Glasgow First),skipped,skipped,skipped,skipped,skipped,skipped,skipped,4,10
5434,Matt KERR (Lab),Alistair WATSON (Lab),Gordon MACDIARMID (Glasgow First),skipped,skipped,skipped,skipped,skipped,skipped,skipped,4,10
5435,Matt KERR (Lab),Alistair WATSON (Lab),Gordon MACDIARMID (Glasgow First),skipped,skipped,skipped,skipped,skipped,skipped,skipped,4,10
5436,Matt KERR (Lab),Alistair WATSON (Lab),Gordon MACDIARMID (Glasgow First),skipped,skipped,skipped,skipped,skipped,skipped,skipped,4,10
5437,Matt KERR (Lab),Alistair WATSON (Lab),Gordon MACDIARMID (Glasgow First),skipped,skipped,skipped,skipped,skipped,skipped,skipped,4,10
5438,Matt KERR (Lab),Alistair WATSON (Lab),Gordon MACDIARMID (Glasgow First),skipped,skipped,skipped,skipped,skipped,skipped,skipped,4,10
5439,Matt KERR (Lab),Alistair WATSON (Lab),Gordon MACDIARMID (Glasgow First),skipped,skipped,skipped,skipped,skipped,skipped,skipped,4,10
5440,Matt KERR (Lab),Alistair WATSON (Lab),Gordon MACDIARMID (Glasgow First),skipped,skipped,skipped,skipped,skipped,skipped,skipped,4,10
5441,Matt KERR (Lab),Alistair WATSON (Lab),Gordon MACDIARMID (Glasgow First),skipped,skipped,skipped,skipped,skipped,skipped,skipped,4,10
5442,Matt KERR (Lab),Alistair WATSON (Lab),Gordon MACDIARMID (Glasgow First),skipped,skipped,skipped,skipped,skipped,skipped,skipped,4,10
5443,Matt KERR (Lab),Alistair WATSON (Lab),Gordon MACDIARMID (Glasgow First),skipped,skipped,skipped,skipped,skipped,skipped,skipped,4,10
5444,Matt KERR (Lab),Alistair WATSON (Lab),Gordon MACDIARMID (Glasgow First),skipped,skipped,skipped,skipped,skipped,skipped,skipped,4,10
5445,Matt KERR (Lab),Alistair WATSON (Lab),Gordon MACDIARMID (Glasgow First),skipped,skipped,skipped,skipped,skipped,skipped,skipped,4,10
5446,Matt KERR (Lab),Alistair WATSON (Lab),Gordon MACDIARMID (Glasgow First),skipped,skipped,skipped,skipped,skipped,skipped,skipped,4,10
5447,Matt KERR (Lab),Alistair WATSON (Lab),Gordon MACDIARMID (Glasgow First),skipped,skipped,skipped,skipped,skipped,skipped,skipped,4,10
5448,Matt KERR (Lab),Alistair WATSON (Lab),Gordon MACDIARMID (Glasgow First),skipped,skipped,skipped,skipped,skipped,skipped,skipped,4,10
5449,Matt KERR (Lab),Alistair WATSON (Lab),Gordon MACDIARMID (Glasgow First),skipped,skipped,skipped,skipped,skipped,skipped,skipped,4,10
5450,Matt KERR (Lab),Alistair WATSON (Lab),Gordon MACDIARMID (Glasgow First),Iris GIBSON (SNP),Janice MACKAY (UKIP),Jayne Ann MORGAN (Con),Ian RUFFELL (Grn),Isabel NELSON (LD),Jim TORRANCE (SNP),Gail SHERIDAN (Sol),4,10
5451,Matt KERR (Lab),Alistair WATSON (Lab),Gordon MACDIARMID (Glasgow First),Janice MACKAY (UKIP),skipped,skipped,skipped,skipped,skipped,skipped,4,10
5452,Matt KERR (Lab),Alistair WATSON (Lab),Gordon MACDIARMID (Glasgow First),Janice MACKAY (UKIP),skipped,skipped,skipped,skipped,skipped,skipped,4,10
5453,Matt KERR (Lab),Alistair WATSON (Lab),Gordon MACDIARMID (Glasgow First),Janice MACKAY (UKIP),Ian RUFFELL (Grn),skipped,skipped,skipped,skipped,skipped,4,10
5454,Matt KERR (Lab),Alistair WATSON (Lab),Gordon MACDIARMID (Glasgow First),Janice MACKAY (UKIP),Ian RUFFELL (Grn),Jim TORRANCE (SNP),Iris GIBSON (SNP),Isabel NELSON (LD),Jayne Ann MORGAN (Con),Gail SHERIDAN (Sol),4,10
5455,Matt KERR (Lab),Alistair WATSON (Lab),Gordon MACDIARMID (Glasgow First),Jayne Ann MORGAN (Con),Janice MACKAY (UKIP),Isabel NELSON (LD),Ian RUFFELL (Grn),Jim TORRANCE (SNP),Iris GIBSON (SNP),Gail SHERIDAN (Sol),4,10
5456,Matt KERR (Lab),Alistair WATSON (Lab),Gordon MACDIARMID (Glasgow First),Isabel NELSON (LD),Ian RUFFELL (Grn),Jim TORRANCE (SNP),Iris GIBSON (SNP),skipped,skipped,skipped,4,10
5457,Matt KERR (Lab),Alistair WATSON (Lab),Gordon MACDIARMID (Glasgow First),Isabel NELSON (LD),Ian RUFFELL (Grn),Jim TORRANCE (SNP),Gail SHERIDAN (Sol),Jayne Ann MORGAN (Con),Janice MACKAY (UKIP),Iris GIBSON (SNP),4,10
5458,Matt KERR (Lab),Alistair WATSON (Lab),Gordon MACDIARMID (Glasgow First),Ian RUFFELL (Grn),skipped,skipped,skipped,skipped,skipped,skipped,4,10
5459,Matt KERR (Lab),Alistair WATSON (Lab),Gordon MACDIARMID (Glasgow First),Ian RUFFELL (Grn),skipped,skipped,skipped,skipped,skipped,skipped,4,10
5460,Matt KERR (Lab),Alistair WATSON (Lab),Gordon MACDIARMID (Glasgow First),Ian RUFFELL (Grn),skipped,skipped,skipped,skipped,skipped,skipped,4,10
5461,Matt KERR (Lab),Alistair WATSON (Lab),Gordon MACDIARMID (Glasgow First),Ian RUFFELL (Grn),skipped,skipped,skipped,skipped,skipped,skipped,4,10
5462,Matt KERR (Lab),Alistair WATSON (Lab),Gordon MACDIARMID (Glasgow First),Ian RUFFELL (Grn),skipped,skipped,skipped,skipped,skipped,skipped,4,10
5463,Matt KERR (Lab),Alistair WATSON (Lab),Gordon MACDIARMID (Glasgow First),Ian RUFFELL (Grn),skipped,skipped,skipped,skipped,skipped,skipped,4,10
5464,Matt KERR (Lab),Alistair WATSON (Lab),Gordon MACDIARMID (Glasgow First),Ian RUFFELL (Grn),skipped,skipped,skipped,skipped,skipped,skipped,4,10
5465,Matt KERR (Lab),Alistair WATSON (Lab),Gordon MACDIARMID (Glasgow First),Ian RUFFELL (Grn),Gail SHERIDAN (Sol),skipped,skipped,skipped,skipped,skipped,4,10
5466,Matt KERR (Lab),Alistair WATSON (Lab),Gordon MACDIARMID (Glasgow First),Ian RUFFELL (Grn),Gail SHERIDAN (Sol),Iris GIBSON (SNP),Jayne Ann MORGAN (Con),Jim TORRANCE (SNP),Isabel NELSON (LD),Janice MACKAY (UKIP),4,10
5467,Matt KERR (Lab),Alistair WATSON (Lab),Gordon MACDIARMID (Glasgow First),Ian RUFFELL (Grn),Gail SHERIDAN (Sol),Janice MACKAY (UKIP),Iris GIBSON (SNP),Jim TORRANCE (SNP),Isabel NELSON (LD),Jayne Ann MORGAN (Con),4,10
5468,Matt KERR (Lab),Alistair WATSON (Lab),Gordon MACDIARMID (Glasgow First),Gail SHERIDAN (Sol),skipped,skipped,skipped,skipped,skipped,skipped,4,10
5469,Matt KERR (Lab),Alistair WATSON (Lab),Gordon MACDIARMID (Glasgow First),Gail SHERIDAN (Sol),skipped,skipped,skipped,skipped,skipped,skipped,4,10
5470,Matt KERR (Lab),Alistair WATSON (Lab),Gordon MACDIARMID (Glasgow First),Gail SHERIDAN (Sol),Iris GIBSON (SNP),Jim TORRANCE (SNP),Ian RUFFELL (Grn),Isabel NELSON (LD),skipped,skipped,4,10
5471,Matt KERR (Lab),Alistair WATSON (Lab),Gordon MACDIARMID (Glasgow First),Gail SHERIDAN (Sol),Ian RUFFELL (Grn),Jayne Ann MORGAN (Con),Janice MACKAY (UKIP),Isabel NELSON (LD),Jim TORRANCE (SNP),Iris GIBSON (SNP),4,10
5472,Matt KERR (Lab),Alistair WATSON (Lab),Gordon MACDIARMID (Glasgow First),Jim TORRANCE (SNP),skipped,skipped,skipped,skipped,skipped,skipped,4,10
5473,Matt KERR (Lab),Alistair WATSON (Lab),Gordon MACDIARMID (Glasgow First),Jim TORRANCE (SNP),skipped,skipped,skipped,skipped,skipped,skipped,4,10
5474,Matt KERR (Lab),Alistair WATSON (Lab),Gordon MACDIARMID (Glasgow First),Jim TORRANCE (SNP),Iris GIBSON (SNP),Isabel NELSON (LD),Janice MACKAY (UKIP),Ian RUFFELL (Grn),Gail SHERIDAN (Sol),Jayne Ann MORGAN (Con),4,10
5475,Matt KERR (Lab),Alistair WATSON (Lab),Gordon MACDIARMID (Glasgow First),Jim TORRANCE (SNP),Isabel NELSON (LD),skipped,skipped,skipped,skipped,skipped,4,10
5476,Matt KERR (Lab),Alistair WATSON (Lab),Janice MACKAY (UKIP),skipped,skipped,skipped,skipped,skipped,skipped,skipped,4,10
5477,Matt KERR (Lab),Alistair WATSON (Lab),Janice MACKAY (UKIP),skipped,skipped,skipped,skipped,skipped,skipped,skipped,4,10
5478,Matt KERR (Lab),Alistair WATSON (Lab),Janice MACKAY (UKIP),skipped,skipped,skipped,skipped,skipped,skipped,skipped,4,10
5479,Matt KERR (Lab),Alistair WATSON (Lab),Janice MACKAY (UKIP),skipped,skipped,skipped,skipped,skipped,skipped,skipped,4,10
5480,Matt KERR (Lab),Alistair WATSON (Lab),Janice MACKAY (UKIP),skipped,skipped,skipped,skipped,skipped,skipped,skipped,4,10
5481,Matt KERR (Lab),Alistair WATSON (Lab),Janice MACKAY (UKIP),skipped,skipped,skipped,skipped,skipped,skipped,skipped,4,10
5482,Matt KERR (Lab),Alistair WATSON (Lab),Janice MACKAY (UKIP),skipped,skipped,skipped,skipped,skipped,skipped,skipped,4,10
5483,Matt KERR (Lab),Alistair WATSON (Lab),Janice MACKAY (UKIP),skipped,skipped,skipped,skipped,skipped,skipped,skipped,4,10
5484,Matt KERR (Lab),Alistair WATSON (Lab),Janice MACKAY (UKIP),skipped,skipped,skipped,skipped,skipped,skipped,skipped,4,10
5485,Matt KERR (Lab),Alistair WATSON (Lab),Janice MACKAY (UKIP),skipped,skipped,skipped,skipped,skipped,skipped,skipped,4,10
5486,Matt KERR (Lab),Alistair WATSON (Lab),Janice MACKAY (UKIP),skipped,skipped,skipped,skipped,skipped,skipped,skipped,4,10
5487,Matt KERR (Lab),Alistair WATSON (Lab),Janice MACKAY (UKIP),skipped,skipped,skipped,skipped,skipped,skipped,skipped,4,10
5488,Matt KERR (Lab),Alistair WATSON (Lab),Janice MACKAY (UKIP),skipped,skipped,skipped,skipped,skipped,skipped,skipped,4,10
5489,Matt KERR (Lab),Alistair WATSON (Lab),Janice MACKAY (UKIP),skipped,skipped,skipped,skipped,skipped,skipped,skipped,4,10
5490,Matt KERR (Lab),Alistair WATSON (Lab),Janice MACKAY (UKIP),skipped,skipped,skipped,skipped,skipped,skipped,skipped,4,10
5491,Matt KERR (Lab),Alistair WATSON (Lab),Janice MACKAY (UKIP),skipped,skipped,skipped,skipped,skipped,skipped,skipped,4,10
5492,Matt KERR (Lab),Alistair WATSON (Lab),Janice MACKAY (UKIP),skipped,skipped,skipped,skipped,skipped,skipped,skipped,4,10
5493,Matt KERR (Lab),Alistair WATSON (Lab),Janice MACKAY (UKIP),Gordon MACDIARMID (Glasgow First),skipped,skipped,skipped,skipped,skipped,skipped,4,10
5494,Matt KERR (Lab),Alistair WATSON (Lab),Janice MACKAY (UKIP),Jayne Ann MORGAN (Con),skipped,skipped,skipped,skipped,skipped,skipped,4,10
5495,Matt KERR (Lab),Alistair WATSON (Lab),Janice MACKAY (UKIP),Jayne Ann MORGAN (Con),skipped,skipped,skipped,skipped,skipped,skipped,4,10
5496,Matt KERR (Lab),Alistair WATSON (Lab),Janice MACKAY (UKIP),Jayne Ann MORGAN (Con),skipped,skipped,skipped,skipped,skipped,skipped,4,10
5497,Matt KERR (Lab),Alistair WATSON (Lab),Janice MACKAY (UKIP),Jayne Ann MORGAN (Con),Isabel NELSON (LD),skipped,skipped,skipped,skipped,skipped,4,10
5498,Matt KERR (Lab),Alistair WATSON (Lab),Janice MACKAY (UKIP),Jayne Ann MORGAN (Con),Isabel NELSON (LD),skipped,skipped,skipped,skipped,skipped,4,10
5499,Matt KERR (Lab),Alistair WATSON (Lab),Janice MACKAY (UKIP),Ian RUFFELL (Grn),skipped,skipped,skipped,skipped,skipped,skipped,4,10
5500,Matt KERR (Lab),Alistair WATSON (Lab),Janice MACKAY (UKIP),Ian RUFFELL (Grn),Gordon MACDIARMID (Glasgow First),skipped,skipped,skipped,skipped,skipped,4,10
5501,Matt KERR (Lab),Alistair WATSON (Lab),Janice MACKAY (UKIP),Ian RUFFELL (Grn),Gordon MACDIARMID (Glasgow First),Jayne Ann MORGAN (Con),Isabel NELSON (LD),Iris GIBSON (SNP),Gail SHERIDAN (Sol),Jim TORRANCE (SNP),4,10
5502,Matt KERR (Lab),Alistair WATSON (Lab),Janice MACKAY (UKIP),Ian RUFFELL (Grn),Gail SHERIDAN (Sol),Jayne Ann MORGAN (Con),Isabel NELSON (LD),Gordon MACDIARMID (Glasgow First),Iris GIBSON (SNP),Jim TORRANCE (SNP),4,10
5503,Matt KERR (Lab),Alistair WATSON (Lab),Janice MACKAY (UKIP),Ian RUFFELL (Grn),Jim TORRANCE (SNP),skipped,skipped,skipped,skipped,skipped,4,10
5504,Matt KERR (Lab),Alistair WATSON (Lab),Janice MACKAY (UKIP),Jim TORRANCE (SNP),Iris GIBSON (SNP),Gordon MACDIARMID (Glasgow First),Ian RUFFELL (Grn),Isabel NELSON (LD),Jayne Ann MORGAN (Con),Gail SHERIDAN (Sol),4,10
5505,Matt KERR (Lab),Alistair WATSON (Lab),Janice MACKAY (UKIP),Jim TORRANCE (SNP),Iris GIBSON (SNP),Ian RUFFELL (Grn),Gail SHERIDAN (Sol),Gordon MACDIARMID (Glasgow First),Jayne Ann MORGAN (Con),Isabel NELSON (LD),4,10
5506,Matt KERR (Lab),Alistair WATSON (Lab),Jayne Ann MORGAN (Con),skipped,skipped,skipped,skipped,skipped,skipped,skipped,4,10
5507,Matt KERR (Lab),Alistair WATSON (Lab),Jayne Ann MORGAN (Con),skipped,skipped,skipped,skipped,skipped,skipped,skipped,4,10
5508,Matt KERR (Lab),Alistair WATSON (Lab),Jayne Ann MORGAN (Con),skipped,skipped,skipped,skipped,skipped,skipped,skipped,4,10
5509,Matt KERR (Lab),Alistair WATSON (Lab),Jayne Ann MORGAN (Con),skipped,skipped,skipped,skipped,skipped,skipped,skipped,4,10
5510,Matt KERR (Lab),Alistair WATSON (Lab),Jayne Ann MORGAN (Con),skipped,skipped,skipped,skipped,skipped,skipped,skipped,4,10
5511,Matt KERR (Lab),Alistair WATSON (Lab),Jayne Ann MORGAN (Con),skipped,skipped,skipped,skipped,skipped,skipped,skipped,4,10
5512,Matt KERR (Lab),Alistair WATSON (Lab),Jayne Ann MORGAN (Con),skipped,skipped,skipped,skipped,skipped,skipped,skipped,4,10
5513,Matt KERR (Lab),Alistair WATSON (Lab),Jayne Ann MORGAN (Con),skipped,skipped,skipped,skipped,skipped,skipped,skipped,4,10
5514,Matt KERR (Lab),Alistair WATSON (Lab),Jayne Ann MORGAN (Con),skipped,skipped,skipped,skipped,skipped,skipped,skipped,4,10
5515,Matt KERR (Lab),Alistair WATSON (Lab),Jayne Ann MORGAN (Con),skipped,skipped,skipped,skipped,skipped,skipped,skipped,4,10
5516,Matt KERR (Lab),Alistair WATSON (Lab),Jayne Ann MORGAN (Con),skipped,skipped,skipped,skipped,skipped,skipped,skipped,4,10
5517,Matt KERR (Lab),Alistair WATSON (Lab),Jayne Ann MORGAN (Con),skipped,skipped,skipped,skipped,skipped,skipped,skipped,4,10
5518,Matt KERR (Lab),Alistair WATSON (Lab),Jayne Ann MORGAN (Con),skipped,skipped,skipped,skipped,skipped,skipped,skipped,4,10
5519,Matt KERR (Lab),Alistair WATSON (Lab),Jayne Ann MORGAN (Con),skipped,skipped,skipped,skipped,skipped,skipped,skipped,4,10
5520,Matt KERR (Lab),Alistair WATSON (Lab),Jayne Ann MORGAN (Con),skipped,skipped,skipped,skipped,skipped,skipped,skipped,4,10
5521,Matt KERR (Lab),Alistair WATSON (Lab),Jayne Ann MORGAN (Con),skipped,skipped,skipped,skipped,skipped,skipped,skipped,4,10
5522,Matt KERR (Lab),Alistair WATSON (Lab),Jayne Ann MORGAN (Con),skipped,skipped,skipped,skipped,skipped,skipped,skipped,4,10
5523,Matt KERR (Lab),Alistair WATSON (Lab),Jayne Ann MORGAN (Con),skipped,skipped,skipped,skipped,skipped,skipped,skipped,4,10
5524,Matt KERR (Lab),Alistair WATSON (Lab),Jayne Ann MORGAN (Con),skipped,skipped,skipped,skipped,skipped,skipped,skipped,4,10
5525,Matt KERR (Lab),Alistair WATSON (Lab),Jayne Ann MORGAN (Con),skipped,skipped,skipped,skipped,skipped,skipped,skipped,4,10
5526,Matt KERR (Lab),Alistair WATSON (Lab),Jayne Ann MORGAN (Con),skipped,skipped,skipped,skipped,skipped,skipped,skipped,4,10
5527,Matt KERR (Lab),Alistair WATSON (Lab),Jayne Ann MORGAN (Con),skipped,skipped,skipped,skipped,skipped,skipped,skipped,4,10
5528,Matt KERR (Lab),Alistair WATSON (Lab),Jayne Ann MORGAN (Con),skipped,skipped,skipped,skipped,skipped,skipped,skipped,4,10
5529,Matt KERR (Lab),Alistair WATSON (Lab),Jayne Ann MORGAN (Con),skipped,skipped,skipped,skipped,skipped,skipped,skipped,4,10
5530,Matt KERR (Lab),Alistair WATSON (Lab),Jayne Ann MORGAN (Con),skipped,skipped,skipped,skipped,skipped,skipped,skipped,4,10
5531,Matt KERR (Lab),Alistair WATSON (Lab),Jayne Ann MORGAN (Con),skipped,skipped,skipped,skipped,skipped,skipped,skipped,4,10
5532,Matt KERR (Lab),Alistair WATSON (Lab),Jayne Ann MORGAN (Con),skipped,skipped,skipped,skipped,skipped,skipped,skipped,4,10
5533,Matt KERR (Lab),Alistair WATSON (Lab),Jayne Ann MORGAN (Con),skipped,skipped,skipped,skipped,skipped,skipped,skipped,4,10
5534,Matt KERR (Lab),Alistair WATSON (Lab),Jayne Ann MORGAN (Con),skipped,skipped,skipped,skipped,skipped,skipped,skipped,4,10
5535,Matt KERR (Lab),Alistair WATSON (Lab),Jayne Ann MORGAN (Con),Gordon MACDIARMID (Glasgow First),skipped,skipped,skipped,skipped,skipped,skipped,4,10
5536,Matt KERR (Lab),Alistair WATSON (Lab),Jayne Ann MORGAN (Con),Gordon MACDIARMID (Glasgow First),skipped,skipped,skipped,skipped,skipped,skipped,4,10
5537,Matt KERR (Lab),Alistair WATSON (Lab),Jayne Ann MORGAN (Con),Gordon MACDIARMID (Glasgow First),skipped,skipped,skipped,skipped,skipped,skipped,4,10
5538,Matt KERR (Lab),Alistair WATSON (Lab),Jayne Ann MORGAN (Con),Gordon MACDIARMID (Glasgow First),Iris GIBSON (SNP),Jim TORRANCE (SNP),skipped,skipped,skipped,skipped,4,10
5539,Matt KERR (Lab),Alistair WATSON (Lab),Jayne Ann MORGAN (Con),Gordon MACDIARMID (Glasgow First),Isabel NELSON (LD),Gail SHERIDAN (Sol),Jim TORRANCE (SNP),Iris GIBSON (SNP),skipped,skipped,4,10
5540,Matt KERR (Lab),Alistair WATSON (Lab),Jayne Ann MORGAN (Con),Gordon MACDIARMID (Glasgow First),Isabel NELSON (LD),Jim TORRANCE (SNP),Iris GIBSON (SNP),skipped,skipped,skipped,4,10
5541,Matt KERR (Lab),Alistair WATSON (Lab),Jayne Ann MORGAN (Con),Gordon MACDIARMID (Glasgow First),Ian RUFFELL (Grn),Gail SHERIDAN (Sol),Janice MACKAY (UKIP),Iris GIBSON (SNP),Jim TORRANCE (SNP),Isabel NELSON (LD),4,10
5542,Matt KERR (Lab),Alistair WATSON (Lab),Jayne Ann MORGAN (Con),Janice MACKAY (UKIP),skipped,skipped,skipped,skipped,skipped,skipped,4,10
5543,Matt KERR (Lab),Alistair WATSON (Lab),Jayne Ann MORGAN (Con),Janice MACKAY (UKIP),Gordon MACDIARMID (Glasgow First),skipped,skipped,skipped,skipped,skipped,4,10
5544,Matt KERR (Lab),Alistair WATSON (Lab),Jayne Ann MORGAN (Con),Isabel NELSON (LD),skipped,skipped,skipped,skipped,skipped,skipped,4,10
5545,Matt KERR (Lab),Alistair WATSON (Lab),Jayne Ann MORGAN (Con),Isabel NELSON (LD),skipped,skipped,skipped,skipped,skipped,skipped,4,10
5546,Matt KERR (Lab),Alistair WATSON (Lab),Jayne Ann MORGAN (Con),Isabel NELSON (LD),skipped,skipped,skipped,skipped,skipped,skipped,4,10
5547,Matt KERR (Lab),Alistair WATSON (Lab),Jayne Ann MORGAN (Con),Isabel NELSON (LD),Gordon MACDIARMID (Glasgow First),skipped,skipped,skipped,skipped,skipped,4,10
5548,Matt KERR (Lab),Alistair WATSON (Lab),Jayne Ann MORGAN (Con),Isabel NELSON (LD),Gordon MACDIARMID (Glasgow First),Ian RUFFELL (Grn),Gail SHERIDAN (Sol),Janice MACKAY (UKIP),skipped,skipped,4,10
5549,Matt KERR (Lab),Alistair WATSON (Lab),Jayne Ann MORGAN (Con),Isabel NELSON (LD),Janice MACKAY (UKIP),Gordon MACDIARMID (Glasgow First),Ian RUFFELL (Grn),Iris GIBSON (SNP),Jim TORRANCE (SNP),Gail SHERIDAN (Sol),4,10
5550,Matt KERR (Lab),Alistair WATSON (Lab),Jayne Ann MORGAN (Con),Isabel NELSON (LD),Ian RUFFELL (Grn),Jim TORRANCE (SNP),Iris GIBSON (SNP),Gordon MACDIARMID (Glasgow First),Janice MACKAY (UKIP),Gail SHERIDAN (Sol),4,10
5551,Matt KERR (Lab),Alistair WATSON (Lab),Jayne Ann MORGAN (Con),Isabel NELSON (LD),Jim TORRANCE (SNP),skipped,skipped,skipped,skipped,skipped,4,10
5552,Matt KERR (Lab),Alistair WATSON (Lab),Jayne Ann MORGAN (Con),Ian RUFFELL (Grn),skipped,skipped,skipped,skipped,skipped,skipped,4,10
5553,Matt KERR (Lab),Alistair WATSON (Lab),Jayne Ann MORGAN (Con),Ian RUFFELL (Grn),skipped,skipped,skipped,skipped,skipped,skipped,4,10
5554,Matt KERR (Lab),Alistair WATSON (Lab),Jayne Ann MORGAN (Con),Ian RUFFELL (Grn),skipped,skipped,skipped,skipped,skipped,skipped,4,10
5555,Matt KERR (Lab),Alistair WATSON (Lab),Jayne Ann MORGAN (Con),Ian RUFFELL (Grn),Isabel NELSON (LD),skipped,skipped,skipped,skipped,skipped,4,10
5556,Matt KERR (Lab),Alistair WATSON (Lab),Jayne Ann MORGAN (Con),Gail SHERIDAN (Sol),skipped,skipped,skipped,skipped,skipped,skipped,4,10
5557,Matt KERR (Lab),Alistair WATSON (Lab),Isabel NELSON (LD),skipped,skipped,skipped,skipped,skipped,skipped,skipped,4,10
5558,Matt KERR (Lab),Alistair WATSON (Lab),Isabel NELSON (LD),skipped,skipped,skipped,skipped,skipped,skipped,skipped,4,10
5559,Matt KERR (Lab),Alistair WATSON (Lab),Isabel NELSON (LD),skipped,skipped,skipped,skipped,skipped,skipped,skipped,4,10
5560,Matt KERR (Lab),Alistair WATSON (Lab),Isabel NELSON (LD),skipped,skipped,skipped,skipped,skipped,skipped,skipped,4,10
5561,Matt KERR (Lab),Alistair WATSON (Lab),Isabel NELSON (LD),skipped,skipped,skipped,skipped,skipped,skipped,skipped,4,10
5562,Matt KERR (Lab),Alistair WATSON (Lab),Isabel NELSON (LD),skipped,skipped,skipped,skipped,skipped,skipped,skipped,4,10
5563,Matt KERR (Lab),Alistair WATSON (Lab),Isabel NELSON (LD),skipped,skipped,skipped,skipped,skipped,skipped,skipped,4,10
5564,Matt KERR (Lab),Alistair WATSON (Lab),Isabel NELSON (LD),skipped,skipped,skipped,skipped,skipped,skipped,skipped,4,10
5565,Matt KERR (Lab),Alistair WATSON (Lab),Isabel NELSON (LD),skipped,skipped,skipped,skipped,skipped,skipped,skipped,4,10
5566,Matt KERR (Lab),Alistair WATSON (Lab),Isabel NELSON (LD),skipped,skipped,skipped,skipped,skipped,skipped,skipped,4,10
5567,Matt KERR (Lab),Alistair WATSON (Lab),Isabel NELSON (LD),skipped,skipped,skipped,skipped,skipped,skipped,skipped,4,10
5568,Matt KERR (Lab),Alistair WATSON (Lab),Isabel NELSON (LD),skipped,skipped,skipped,skipped,skipped,skipped,skipped,4,10
5569,Matt KERR (Lab),Alistair WATSON (Lab),Isabel NELSON (LD),skipped,skipped,skipped,skipped,skipped,skipped,skipped,4,10
5570,Matt KERR (Lab),Alistair WATSON (Lab),Isabel NELSON (LD),skipped,skipped,skipped,skipped,skipped,skipped,skipped,4,10
5571,Matt KERR (Lab),Alistair WATSON (Lab),Isabel NELSON (LD),skipped,skipped,skipped,skipped,skipped,skipped,skipped,4,10
5572,Matt KERR (Lab),Alistair WATSON (Lab),Isabel NELSON (LD),skipped,skipped,skipped,skipped,skipped,skipped,skipped,4,10
5573,Matt KERR (Lab),Alistair WATSON (Lab),Isabel NELSON (LD),skipped,skipped,skipped,skipped,skipped,skipped,skipped,4,10
5574,Matt KERR (Lab),Alistair WATSON (Lab),Isabel NELSON (LD),skipped,skipped,skipped,skipped,skipped,skipped,skipped,4,10
5575,Matt KERR (Lab),Alistair WATSON (Lab),Isabel NELSON (LD),skipped,skipped,skipped,skipped,skipped,skipped,skipped,4,10
5576,Matt KERR (Lab),Alistair WATSON (Lab),Isabel NELSON (LD),skipped,skipped,skipped,skipped,skipped,skipped,skipped,4,10
5577,Matt KERR (Lab),Alistair WATSON (Lab),Isabel NELSON (LD),skipped,skipped,skipped,skipped,skipped,skipped,skipped,4,10
5578,Matt KERR (Lab),Alistair WATSON (Lab),Isabel NELSON (LD),skipped,skipped,skipped,skipped,skipped,skipped,skipped,4,10
5579,Matt KERR (Lab),Alistair WATSON (Lab),Isabel NELSON (LD),skipped,skipped,skipped,skipped,skipped,skipped,skipped,4,10
5580,Matt KERR (Lab),Alistair WATSON (Lab),Isabel NELSON (LD),skipped,skipped,skipped,skipped,skipped,skipped,skipped,4,10
5581,Matt KERR (Lab),Alistair WATSON (Lab),Isabel NELSON (LD),skipped,skipped,skipped,skipped,skipped,skipped,skipped,4,10
5582,Matt KERR (Lab),Alistair WATSON (Lab),Isabel NELSON (LD),skipped,skipped,skipped,skipped,skipped,skipped,skipped,4,10
5583,Matt KERR (Lab),Alistair WATSON (Lab),Isabel NELSON (LD),skipped,skipped,skipped,skipped,skipped,skipped,skipped,4,10
5584,Matt KERR (Lab),Alistair WATSON (Lab),Isabel NELSON (LD),Iris GIBSON (SNP),Jim TORRANCE (SNP),Jayne Ann MORGAN (Con),Gail SHERIDAN (Sol),Ian RUFFELL (Grn),Gordon MACDIARMID (Glasgow First),Janice MACKAY (UKIP),4,10
5585,Matt KERR (Lab),Alistair WATSON (Lab),Isabel NELSON (LD),Iris GIBSON (SNP),Jim TORRANCE (SNP),Ian RUFFELL (Grn),Gail SHERIDAN (Sol),Gordon MACDIARMID (Glasgow First),Janice MACKAY (UKIP),Jayne Ann MORGAN (Con),4,10
5586,Matt KERR (Lab),Alistair WATSON (Lab),Isabel NELSON (LD),Gordon MACDIARMID (Glasgow First),skipped,skipped,skipped,skipped,skipped,skipped,4,10
5587,Matt KERR (Lab),Alistair WATSON (Lab),Isabel NELSON (LD),Gordon MACDIARMID (Glasgow First),Ian RUFFELL (Grn),Janice MACKAY (UKIP),Gail SHERIDAN (Sol),Jayne Ann MORGAN (Con),Jim TORRANCE (SNP),Iris GIBSON (SNP),4,10
5588,Matt KERR (Lab),Alistair WATSON (Lab),Isabel NELSON (LD),Janice MACKAY (UKIP),skipped,skipped,skipped,skipped,skipped,skipped,4,10
5589,Matt KERR (Lab),Alistair WATSON (Lab),Isabel NELSON (LD),Jayne Ann MORGAN (Con),skipped,skipped,skipped,skipped,skipped,skipped,4,10
5590,Matt KERR (Lab),Alistair WATSON (Lab),Isabel NELSON (LD),Jayne Ann MORGAN (Con),skipped,skipped,skipped,skipped,skipped,skipped,4,10
5591,Matt KERR (Lab),Alistair WATSON (Lab),Isabel NELSON (LD),Jayne Ann MORGAN (Con),Gordon MACDIARMID (Glasgow First),Ian RUFFELL (Grn),Gail SHERIDAN (Sol),Janice MACKAY (UKIP),Jim TORRANCE (SNP),Iris GIBSON (SNP),4,10
5592,Matt KERR (Lab),Alistair WATSON (Lab),Isabel NELSON (LD),Jayne Ann MORGAN (Con),Gordon MACDIARMID (Glasgow First),Ian RUFFELL (Grn),Gail SHERIDAN (Sol),Janice MACKAY (UKIP),Jim TORRANCE (SNP),Iris GIBSON (SNP),4,10
5593,Matt KERR (Lab),Alistair WATSON (Lab),Isabel NELSON (LD),Jayne Ann MORGAN (Con),Gordon MACDIARMID (Glasgow First),Ian RUFFELL (Grn),Gail SHERIDAN (Sol),Janice MACKAY (UKIP),Jim TORRANCE (SNP),Iris GIBSON (SNP),4,10
5594,Matt KERR (Lab),Alistair WATSON (Lab),Isabel NELSON (LD),Jayne Ann MORGAN (Con),Ian RUFFELL (Grn),skipped,skipped,skipped,skipped,skipped,4,10
5595,Matt KERR (Lab),Alistair WATSON (Lab),Isabel NELSON (LD),Jayne Ann MORGAN (Con),Ian RUFFELL (Grn),Gail SHERIDAN (Sol),Jim TORRANCE (SNP),Iris GIBSON (SNP),Gordon MACDIARMID (Glasgow First),Janice MACKAY (UKIP),4,10
5596,Matt KERR (Lab),Alistair WATSON (Lab),Isabel NELSON (LD),Jayne Ann MORGAN (Con),Ian RUFFELL (Grn),Gail SHERIDAN (Sol),Jim TORRANCE (SNP),Iris GIBSON (SNP),Gordon MACDIARMID (Glasgow First),Janice MACKAY (UKIP),4,10
5597,Matt KERR (Lab),Alistair WATSON (Lab),Isabel NELSON (LD),Jayne Ann MORGAN (Con),Jim TORRANCE (SNP),Iris GIBSON (SNP),Janice MACKAY (UKIP),Ian RUFFELL (Grn),Gail SHERIDAN (Sol),Gordon MACDIARMID (Glasgow First),4,10
5598,Matt KERR (Lab),Alistair WATSON (Lab),Isabel NELSON (LD),Ian RUFFELL (Grn),skipped,skipped,skipped,skipped,skipped,skipped,4,10
5599,Matt KERR (Lab),Alistair WATSON (Lab),Isabel NELSON (LD),Ian RUFFELL (Grn),skipped,skipped,skipped,skipped,skipped,skipped,4,10
5600,Matt KERR (Lab),Alistair WATSON (Lab),Isabel NELSON (LD),Ian RUFFELL (Grn),Janice MACKAY (UKIP),skipped,skipped,skipped,skipped,skipped,4,10
5601,Matt KERR (Lab),Alistair WATSON (Lab),Isabel NELSON (LD),Ian RUFFELL (Grn),Gail SHERIDAN (Sol),skipped,skipped,skipped,skipped,skipped,4,10
5602,Matt KERR (Lab),Alistair WATSON (Lab),Isabel NELSON (LD),Ian RUFFELL (Grn),Gail SHERIDAN (Sol),Jim TORRANCE (SNP),Iris GIBSON (SNP),skipped,skipped,skipped,4,10
5603,Matt KERR (Lab),Alistair WATSON (Lab),Isabel NELSON (LD),Ian RUFFELL (Grn),Jim TORRANCE (SNP),skipped,skipped,skipped,skipped,skipped,4,10
5604,Matt KERR (Lab),Alistair WATSON (Lab),Isabel NELSON (LD),Gail SHERIDAN (Sol),skipped,skipped,skipped,skipped,skipped,skipped,4,10
5605,Matt KERR (Lab),Alistair WATSON (Lab),Isabel NELSON (LD),Jim TORRANCE (SNP),skipped,skipped,skipped,skipped,skipped,skipped,4,10
5606,Matt KERR (Lab),Alistair WATSON (Lab),Isabel NELSON (LD),Jim TORRANCE (SNP),skipped,skipped,skipped,skipped,skipped,skipped,4,10
5607,Matt KERR (Lab),Alistair WATSON (Lab),Isabel NELSON (LD),Jim TORRANCE (SNP),Iris GIBSON (SNP),skipped,skipped,skipped,skipped,skipped,4,10
5608,Matt KERR (Lab),Alistair WATSON (Lab),Isabel NELSON (LD),Jim TORRANCE (SNP),Iris GIBSON (SNP),skipped,skipped,skipped,skipped,skipped,4,10
5609,Matt KERR (Lab),Alistair WATSON (Lab),Isabel NELSON (LD),Jim TORRANCE (SNP),Gordon MACDIARMID (Glasgow First),skipped,skipped,skipped,skipped,skipped,4,10
5610,Matt KERR (Lab),Alistair WATSON (Lab),Ian RUFFELL (Grn),skipped,skipped,skipped,skipped,skipped,skipped,skipped,4,10
5611,Matt KERR (Lab),Alistair WATSON (Lab),Ian RUFFELL (Grn),skipped,skipped,skipped,skipped,skipped,skipped,skipped,4,10
5612,Matt KERR (Lab),Alistair WATSON (Lab),Ian RUFFELL (Grn),skipped,skipped,skipped,skipped,skipped,skipped,skipped,4,10
5613,Matt KERR (Lab),Alistair WATSON (Lab),Ian RUFFELL (Grn),skipped,skipped,skipped,skipped,skipped,skipped,skipped,4,10
5614,Matt KERR (Lab),Alistair WATSON (Lab),Ian RUFFELL (Grn),skipped,skipped,skipped,skipped,skipped,skipped,skipped,4,10
5615,Matt KERR (Lab),Alistair WATSON (Lab),Ian RUFFELL (Grn),skipped,skipped,skipped,skipped,skipped,skipped,skipped,4,10
5616,Matt KERR (Lab),Alistair WATSON (Lab),Ian RUFFELL (Grn),skipped,skipped,skipped,skipped,skipped,skipped,skipped,4,10
5617,Matt KERR (Lab),Alistair WATSON (Lab),Ian RUFFELL (Grn),skipped,skipped,skipped,skipped,skipped,skipped,skipped,4,10
5618,Matt KERR (Lab),Alistair WATSON (Lab),Ian RUFFELL (Grn),skipped,skipped,skipped,skipped,skipped,skipped,skipped,4,10
5619,Matt KERR (Lab),Alistair WATSON (Lab),Ian RUFFELL (Grn),skipped,skipped,skipped,skipped,skipped,skipped,skipped,4,10
5620,Matt KERR (Lab),Alistair WATSON (Lab),Ian RUFFELL (Grn),skipped,skipped,skipped,skipped,skipped,skipped,skipped,4,10
5621,Matt KERR (Lab),Alistair WATSON (Lab),Ian RUFFELL (Grn),skipped,skipped,skipped,skipped,skipped,skipped,skipped,4,10
5622,Matt KERR (Lab),Alistair WATSON (Lab),Ian RUFFELL (Grn),skipped,skipped,skipped,skipped,skipped,skipped,skipped,4,10
5623,Matt KERR (Lab),Alistair WATSON (Lab),Ian RUFFELL (Grn),skipped,skipped,skipped,skipped,skipped,skipped,skipped,4,10
5624,Matt KERR (Lab),Alistair WATSON (Lab),Ian RUFFELL (Grn),skipped,skipped,skipped,skipped,skipped,skipped,skipped,4,10
5625,Matt KERR (Lab),Alistair WATSON (Lab),Ian RUFFELL (Grn),skipped,skipped,skipped,skipped,skipped,skipped,skipped,4,10
5626,Matt KERR (Lab),Alistair WATSON (Lab),Ian RUFFELL (Grn),skipped,skipped,skipped,skipped,skipped,skipped,skipped,4,10
5627,Matt KERR (Lab),Alistair WATSON (Lab),Ian RUFFELL (Grn),skipped,skipped,skipped,skipped,skipped,skipped,skipped,4,10
5628,Matt KERR (Lab),Alistair WATSON (Lab),Ian RUFFELL (Grn),skipped,skipped,skipped,skipped,skipped,skipped,skipped,4,10
5629,Matt KERR (Lab),Alistair WATSON (Lab),Ian RUFFELL (Grn),skipped,skipped,skipped,skipped,skipped,skipped,skipped,4,10
5630,Matt KERR (Lab),Alistair WATSON (Lab),Ian RUFFELL (Grn),skipped,skipped,skipped,skipped,skipped,skipped,skipped,4,10
5631,Matt KERR (Lab),Alistair WATSON (Lab),Ian RUFFELL (Grn),skipped,skipped,skipped,skipped,skipped,skipped,skipped,4,10
5632,Matt KERR (Lab),Alistair WATSON (Lab),Ian RUFFELL (Grn),skipped,skipped,skipped,skipped,skipped,skipped,skipped,4,10
5633,Matt KERR (Lab),Alistair WATSON (Lab),Ian RUFFELL (Grn),skipped,skipped,skipped,skipped,skipped,skipped,skipped,4,10
5634,Matt KERR (Lab),Alistair WATSON (Lab),Ian RUFFELL (Grn),skipped,skipped,skipped,skipped,skipped,skipped,skipped,4,10
5635,Matt KERR (Lab),Alistair WATSON (Lab),Ian RUFFELL (Grn),skipped,skipped,skipped,skipped,skipped,skipped,skipped,4,10
5636,Matt KERR (Lab),Alistair WATSON (Lab),Ian RUFFELL (Grn),skipped,skipped,skipped,skipped,skipped,skipped,skipped,4,10
5637,Matt KERR (Lab),Alistair WATSON (Lab),Ian RUFFELL (Grn),skipped,skipped,skipped,skipped,skipped,skipped,skipped,4,10
5638,Matt KERR (Lab),Alistair WATSON (Lab),Ian RUFFELL (Grn),skipped,skipped,skipped,skipped,skipped,skipped,skipped,4,10
5639,Matt KERR (Lab),Alistair WATSON (Lab),Ian RUFFELL (Grn),skipped,skipped,skipped,skipped,skipped,skipped,skipped,4,10
5640,Matt KERR (Lab),Alistair WATSON (Lab),Ian RUFFELL (Grn),skipped,skipped,skipped,skipped,skipped,skipped,skipped,4,10
5641,Matt KERR (Lab),Alistair WATSON (Lab),Ian RUFFELL (Grn),skipped,skipped,skipped,skipped,skipped,skipped,skipped,4,10
5642,Matt KERR (Lab),Alistair WATSON (Lab),Ian RUFFELL (Grn),skipped,skipped,skipped,skipped,skipped,skipped,skipped,4,10
5643,Matt KERR (Lab),Alistair WATSON (Lab),Ian RUFFELL (Grn),skipped,skipped,skipped,skipped,skipped,skipped,skipped,4,10
5644,Matt KERR (Lab),Alistair WATSON (Lab),Ian RUFFELL (Grn),skipped,skipped,skipped,skipped,skipped,skipped,skipped,4,10
5645,Matt KERR (Lab),Alistair WATSON (Lab),Ian RUFFELL (Grn),skipped,skipped,skipped,skipped,skipped,skipped,skipped,4,10
5646,Matt KERR (Lab),Alistair WATSON (Lab),Ian RUFFELL (Grn),skipped,skipped,skipped,skipped,skipped,skipped,skipped,4,10
5647,Matt KERR (Lab),Alistair WATSON (Lab),Ian RUFFELL (Grn),skipped,skipped,skipped,skipped,skipped,skipped,skipped,4,10
5648,Matt KERR (Lab),Alistair WATSON (Lab),Ian RUFFELL (Grn),skipped,skipped,skipped,skipped,skipped,skipped,skipped,4,10
5649,Matt KERR (Lab),Alistair WATSON (Lab),Ian RUFFELL (Grn),skipped,skipped,skipped,skipped,skipped,skipped,skipped,4,10
5650,Matt KERR (Lab),Alistair WATSON (Lab),Ian RUFFELL (Grn),skipped,skipped,skipped,skipped,skipped,skipped,skipped,4,10
5651,Matt KERR (Lab),Alistair WATSON (Lab),Ian RUFFELL (Grn),skipped,skipped,skipped,skipped,skipped,skipped,skipped,4,10
5652,Matt KERR (Lab),Alistair WATSON (Lab),Ian RUFFELL (Grn),skipped,skipped,skipped,skipped,skipped,skipped,skipped,4,10
5653,Matt KERR (Lab),Alistair WATSON (Lab),Ian RUFFELL (Grn),skipped,skipped,skipped,skipped,skipped,skipped,skipped,4,10
5654,Matt KERR (Lab),Alistair WATSON (Lab),Ian RUFFELL (Grn),skipped,skipped,skipped,skipped,skipped,skipped,skipped,4,10
5655,Matt KERR (Lab),Alistair WATSON (Lab),Ian RUFFELL (Grn),skipped,skipped,skipped,skipped,skipped,skipped,skipped,4,10
5656,Matt KERR (Lab),Alistair WATSON (Lab),Ian RUFFELL (Grn),skipped,skipped,skipped,skipped,skipped,skipped,skipped,4,10
5657,Matt KERR (Lab),Alistair WATSON (Lab),Ian RUFFELL (Grn),skipped,skipped,skipped,skipped,skipped,skipped,skipped,4,10
5658,Matt KERR (Lab),Alistair WATSON (Lab),Ian RUFFELL (Grn),skipped,skipped,skipped,skipped,skipped,skipped,skipped,4,10
5659,Matt KERR (Lab),Alistair WATSON (Lab),Ian RUFFELL (Grn),skipped,skipped,skipped,skipped,skipped,skipped,skipped,4,10
5660,Matt KERR (Lab),Alistair WATSON (Lab),Ian RUFFELL (Grn),skipped,skipped,skipped,skipped,skipped,skipped,skipped,4,10
5661,Matt KERR (Lab),Alistair WATSON (Lab),Ian RUFFELL (Grn),skipped,skipped,skipped,skipped,skipped,skipped,skipped,4,10
5662,Matt KERR (Lab),Alistair WATSON (Lab),Ian RUFFELL (Grn),skipped,skipped,skipped,skipped,skipped,skipped,skipped,4,10
5663,Matt KERR (Lab),Alistair WATSON (Lab),Ian RUFFELL (Grn),skipped,skipped,skipped,skipped,skipped,skipped,skipped,4,10
5664,Matt KERR (Lab),Alistair WATSON (Lab),Ian RUFFELL (Grn),skipped,skipped,skipped,skipped,skipped,skipped,skipped,4,10
5665,Matt KERR (Lab),Alistair WATSON (Lab),Ian RUFFELL (Grn),skipped,skipped,skipped,skipped,skipped,skipped,skipped,4,10
5666,Matt KERR (Lab),Alistair WATSON (Lab),Ian RUFFELL (Grn),skipped,skipped,skipped,skipped,skipped,skipped,skipped,4,10
5667,Matt KERR (Lab),Alistair WATSON (Lab),Ian RUFFELL (Grn),skipped,skipped,skipped,skipped,skipped,skipped,skipped,4,10
5668,Matt KERR (Lab),Alistair WATSON (Lab),Ian RUFFELL (Grn),skipped,skipped,skipped,skipped,skipped,skipped,skipped,4,10
5669,Matt KERR (Lab),Alistair WATSON (Lab),Ian RUFFELL (Grn),skipped,skipped,skipped,skipped,skipped,skipped,skipped,4,10
5670,Matt KERR (Lab),Alistair WATSON (Lab),Ian RUFFELL (Grn),skipped,skipped,skipped,skipped,skipped,skipped,skipped,4,10
5671,Matt KERR (Lab),Alistair WATSON (Lab),Ian RUFFELL (Grn),skipped,skipped,skipped,skipped,skipped,skipped,skipped,4,10
5672,Matt KERR (Lab),Alistair WATSON (Lab),Ian RUFFELL (Grn),skipped,skipped,skipped,skipped,skipped,skipped,skipped,4,10
5673,Matt KERR (Lab),Alistair WATSON (Lab),Ian RUFFELL (Grn),Iris GIBSON (SNP),Jim TORRANCE (SNP),Gordon MACDIARMID (Glasgow First),skipped,skipped,skipped,skipped,4,10
5674,Matt KERR (Lab),Alistair WATSON (Lab),Ian RUFFELL (Grn),Iris GIBSON (SNP),Jim TORRANCE (SNP),Gordon MACDIARMID (Glasgow First),Janice MACKAY (UKIP),Jayne Ann MORGAN (Con),Isabel NELSON (LD),Gail SHERIDAN (Sol),4,10
5675,Matt KERR (Lab),Alistair WATSON (Lab),Ian RUFFELL (Grn),Gordon MACDIARMID (Glasgow First),skipped,skipped,skipped,skipped,skipped,skipped,4,10
5676,Matt KERR (Lab),Alistair WATSON (Lab),Ian RUFFELL (Grn),Gordon MACDIARMID (Glasgow First),skipped,skipped,skipped,skipped,skipped,skipped,4,10
5677,Matt KERR (Lab),Alistair WATSON (Lab),Ian RUFFELL (Grn),Gordon MACDIARMID (Glasgow First),skipped,skipped,skipped,skipped,skipped,skipped,4,10
5678,Matt KERR (Lab),Alistair WATSON (Lab),Ian RUFFELL (Grn),Gordon MACDIARMID (Glasgow First),skipped,skipped,skipped,skipped,skipped,skipped,4,10
5679,Matt KERR (Lab),Alistair WATSON (Lab),Ian RUFFELL (Grn),Gordon MACDIARMID (Glasgow First),skipped,skipped,skipped,skipped,skipped,skipped,4,10
5680,Matt KERR (Lab),Alistair WATSON (Lab),Ian RUFFELL (Grn),Gordon MACDIARMID (Glasgow First),skipped,skipped,skipped,skipped,skipped,skipped,4,10
5681,Matt KERR (Lab),Alistair WATSON (Lab),Ian RUFFELL (Grn),Gordon MACDIARMID (Glasgow First),Iris GIBSON (SNP),Jim TORRANCE (SNP),skipped,skipped,skipped,skipped,4,10
5682,Matt KERR (Lab),Alistair WATSON (Lab),Ian RUFFELL (Grn),Gordon MACDIARMID (Glasgow First),Janice MACKAY (UKIP),skipped,skipped,skipped,skipped,skipped,4,10
5683,Matt KERR (Lab),Alistair WATSON (Lab),Ian RUFFELL (Grn),Gordon MACDIARMID (Glasgow First),Janice MACKAY (UKIP),Jayne Ann MORGAN (Con),Isabel NELSON (LD),Gail SHERIDAN (Sol),Jim TORRANCE (SNP),Iris GIBSON (SNP),4,10
5684,Matt KERR (Lab),Alistair WATSON (Lab),Ian RUFFELL (Grn),Gordon MACDIARMID (Glasgow First),Isabel NELSON (LD),Jayne Ann MORGAN (Con),Iris GIBSON (SNP),Gail SHERIDAN (Sol),Janice MACKAY (UKIP),Jim TORRANCE (SNP),4,10
5685,Matt KERR (Lab),Alistair WATSON (Lab),Ian RUFFELL (Grn),Gordon MACDIARMID (Glasgow First),Gail SHERIDAN (Sol),skipped,skipped,skipped,skipped,skipped,4,10
5686,Matt KERR (Lab),Alistair WATSON (Lab),Ian RUFFELL (Grn),Gordon MACDIARMID (Glasgow First),Gail SHERIDAN (Sol),skipped,skipped,skipped,skipped,skipped,4,10
5687,Matt KERR (Lab),Alistair WATSON (Lab),Ian RUFFELL (Grn),Gordon MACDIARMID (Glasgow First),Gail SHERIDAN (Sol),Janice MACKAY (UKIP),Jayne Ann MORGAN (Con),Iris GIBSON (SNP),Isabel NELSON (LD),Jim TORRANCE (SNP),4,10
5688,Matt KERR (Lab),Alistair WATSON (Lab),Ian RUFFELL (Grn),Gordon MACDIARMID (Glasgow First),Jim TORRANCE (SNP),skipped,skipped,skipped,skipped,skipped,4,10
5689,Matt KERR (Lab),Alistair WATSON (Lab),Ian RUFFELL (Grn),Janice MACKAY (UKIP),skipped,skipped,skipped,skipped,skipped,skipped,4,10
5690,Matt KERR (Lab),Alistair WATSON (Lab),Ian RUFFELL (Grn),Janice MACKAY (UKIP),Gordon MACDIARMID (Glasgow First),Jayne Ann MORGAN (Con),Isabel NELSON (LD),Jim TORRANCE (SNP),Iris GIBSON (SNP),Gail SHERIDAN (Sol),4,10
5691,Matt KERR (Lab),Alistair WATSON (Lab),Ian RUFFELL (Grn),Janice MACKAY (UKIP),Gordon MACDIARMID (Glasgow First),Jim TORRANCE (SNP),Iris GIBSON (SNP),Gail SHERIDAN (Sol),Isabel NELSON (LD),Jayne Ann MORGAN (Con),4,10
5692,Matt KERR (Lab),Alistair WATSON (Lab),Ian RUFFELL (Grn),Jayne Ann MORGAN (Con),skipped,skipped,skipped,skipped,skipped,skipped,4,10
5693,Matt KERR (Lab),Alistair WATSON (Lab),Ian RUFFELL (Grn),Jayne Ann MORGAN (Con),skipped,skipped,skipped,skipped,skipped,skipped,4,10
5694,Matt KERR (Lab),Alistair WATSON (Lab),Ian RUFFELL (Grn),Isabel NELSON (LD),skipped,skipped,skipped,skipped,skipped,skipped,4,10
5695,Matt KERR (Lab),Alistair WATSON (Lab),Ian RUFFELL (Grn),Isabel NELSON (LD),skipped,skipped,skipped,skipped,skipped,skipped,4,10
5696,Matt KERR (Lab),Alistair WATSON (Lab),Ian RUFFELL (Grn),Isabel NELSON (LD),skipped,skipped,skipped,skipped,skipped,skipped,4,10
5697,Matt KERR (Lab),Alistair WATSON (Lab),Ian RUFFELL (Grn),Isabel NELSON (LD),Janice MACKAY (UKIP),Gail SHERIDAN (Sol),skipped,skipped,skipped,skipped,4,10
5698,Matt KERR (Lab),Alistair WATSON (Lab),Ian RUFFELL (Grn),Isabel NELSON (LD),Jayne Ann MORGAN (Con),Iris GIBSON (SNP),Jim TORRANCE (SNP),Gail SHERIDAN (Sol),Gordon MACDIARMID (Glasgow First),Janice MACKAY (UKIP),4,10
5699,Matt KERR (Lab),Alistair WATSON (Lab),Ian RUFFELL (Grn),Isabel NELSON (LD),Jayne Ann MORGAN (Con),Gordon MACDIARMID (Glasgow First),skipped,skipped,skipped,skipped,4,10
5700,Matt KERR (Lab),Alistair WATSON (Lab),Ian RUFFELL (Grn),Isabel NELSON (LD),Jayne Ann MORGAN (Con),Gordon MACDIARMID (Glasgow First),Iris GIBSON (SNP),Jim TORRANCE (SNP),Janice MACKAY (UKIP),Gail SHERIDAN (Sol),4,10
5701,Matt KERR (Lab),Alistair WATSON (Lab),Ian RUFFELL (Grn),Gail SHERIDAN (Sol),skipped,skipped,skipped,skipped,skipped,skipped,4,10
5702,Matt KERR (Lab),Alistair WATSON (Lab),Ian RUFFELL (Grn),Gail SHERIDAN (Sol),skipped,skipped,skipped,skipped,skipped,skipped,4,10
5703,Matt KERR (Lab),Alistair WATSON (Lab),Ian RUFFELL (Grn),Gail SHERIDAN (Sol),skipped,skipped,skipped,skipped,skipped,skipped,4,10
5704,Matt KERR (Lab),Alistair WATSON (Lab),Ian RUFFELL (Grn),Gail SHERIDAN (Sol),skipped,skipped,skipped,skipped,skipped,skipped,4,10
5705,Matt KERR (Lab),Alistair WATSON (Lab),Ian RUFFELL (Grn),Gail SHERIDAN (Sol),skipped,skipped,skipped,skipped,skipped,skipped,4,10
5706,Matt KERR (Lab),Alistair WATSON (Lab),Ian RUFFELL (Grn),Gail SHERIDAN (Sol),skipped,skipped,skipped,skipped,skipped,skipped,4,10
5707,Matt KERR (Lab),Alistair WATSON (Lab),Ian RUFFELL (Grn),Gail SHERIDAN (Sol),skipped,skipped,skipped,skipped,skipped,skipped,4,10
5708,Matt KERR (Lab),Alistair WATSON (Lab),Ian RUFFELL (Grn),Gail SHERIDAN (Sol),Gordon MACDIARMID (Glasgow First),Iris GIBSON (SNP),Jim TORRANCE (SNP),Janice MACKAY (UKIP),Isabel NELSON (LD),Jayne Ann MORGAN (Con),4,10
5709,Matt KERR (Lab),Alistair WATSON (Lab),Ian RUFFELL (Grn),Gail SHERIDAN (Sol),Gordon MACDIARMID (Glasgow First),Iris GIBSON (SNP),Jim TORRANCE (SNP),Janice MACKAY (UKIP),Isabel NELSON (LD),Jayne Ann MORGAN (Con),4,10
5710,Matt KERR (Lab),Alistair WATSON (Lab),Gail SHERIDAN (Sol),skipped,skipped,skipped,skipped,skipped,skipped,skipped,4,10
5711,Matt KERR (Lab),Alistair WATSON (Lab),Gail SHERIDAN (Sol),skipped,skipped,skipped,skipped,skipped,skipped,skipped,4,10
5712,Matt KERR (Lab),Alistair WATSON (Lab),Gail SHERIDAN (Sol),skipped,skipped,skipped,skipped,skipped,skipped,skipped,4,10
5713,Matt KERR (Lab),Alistair WATSON (Lab),Gail SHERIDAN (Sol),skipped,skipped,skipped,skipped,skipped,skipped,skipped,4,10
5714,Matt KERR (Lab),Alistair WATSON (Lab),Gail SHERIDAN (Sol),skipped,skipped,skipped,skipped,skipped,skipped,skipped,4,10
5715,Matt KERR (Lab),Alistair WATSON (Lab),Gail SHERIDAN (Sol),skipped,skipped,skipped,skipped,skipped,skipped,skipped,4,10
5716,Matt KERR (Lab),Alistair WATSON (Lab),Gail SHERIDAN (Sol),skipped,skipped,skipped,skipped,skipped,skipped,skipped,4,10
5717,Matt KERR (Lab),Alistair WATSON (Lab),Gail SHERIDAN (Sol),skipped,skipped,skipped,skipped,skipped,skipped,skipped,4,10
5718,Matt KERR (Lab),Alistair WATSON (Lab),Gail SHERIDAN (Sol),skipped,skipped,skipped,skipped,skipped,skipped,skipped,4,10
5719,Matt KERR (Lab),Alistair WATSON (Lab),Gail SHERIDAN (Sol),skipped,skipped,skipped,skipped,skipped,skipped,skipped,4,10
5720,Matt KERR (Lab),Alistair WATSON (Lab),Gail SHERIDAN (Sol),skipped,skipped,skipped,skipped,skipped,skipped,skipped,4,10
5721,Matt KERR (Lab),Alistair WATSON (Lab),Gail SHERIDAN (Sol),skipped,skipped,skipped,skipped,skipped,skipped,skipped,4,10
5722,Matt KERR (Lab),Alistair WATSON (Lab),Gail SHERIDAN (Sol),skipped,skipped,skipped,skipped,skipped,skipped,skipped,4,10
5723,Matt KERR (Lab),Alistair WATSON (Lab),Gail SHERIDAN (Sol),skipped,skipped,skipped,skipped,skipped,skipped,skipped,4,10
5724,Matt KERR (Lab),Alistair WATSON (Lab),Gail SHERIDAN (Sol),skipped,skipped,skipped,skipped,skipped,skipped,skipped,4,10
5725,Matt KERR (Lab),Alistair WATSON (Lab),Gail SHERIDAN (Sol),skipped,skipped,skipped,skipped,skipped,skipped,skipped,4,10
5726,Matt KERR (Lab),Alistair WATSON (Lab),Gail SHERIDAN (Sol),skipped,skipped,skipped,skipped,skipped,skipped,skipped,4,10
5727,Matt KERR (Lab),Alistair WATSON (Lab),Gail SHERIDAN (Sol),skipped,skipped,skipped,skipped,skipped,skipped,skipped,4,10
5728,Matt KERR (Lab),Alistair WATSON (Lab),Gail SHERIDAN (Sol),skipped,skipped,skipped,skipped,skipped,skipped,skipped,4,10
5729,Matt KERR (Lab),Alistair WATSON (Lab),Gail SHERIDAN (Sol),skipped,skipped,skipped,skipped,skipped,skipped,skipped,4,10
5730,Matt KERR (Lab),Alistair WATSON (Lab),Gail SHERIDAN (Sol),skipped,skipped,skipped,skipped,skipped,skipped,skipped,4,10
5731,Matt KERR (Lab),Alistair WATSON (Lab),Gail SHERIDAN (Sol),skipped,skipped,skipped,skipped,skipped,skipped,skipped,4,10
5732,Matt KERR (Lab),Alistair WATSON (Lab),Gail SHERIDAN (Sol),skipped,skipped,skipped,skipped,skipped,skipped,skipped,4,10
5733,Matt KERR (Lab),Alistair WATSON (Lab),Gail SHERIDAN (Sol),skipped,skipped,skipped,skipped,skipped,skipped,skipped,4,10
5734,Matt KERR (Lab),Alistair WATSON (Lab),Gail SHERIDAN (Sol),skipped,skipped,skipped,skipped,skipped,skipped,skipped,4,10
5735,Matt KERR (Lab),Alistair WATSON (Lab),Gail SHERIDAN (Sol),skipped,skipped,skipped,skipped,skipped,skipped,skipped,4,10
5736,Matt KERR (Lab),Alistair WATSON (Lab),Gail SHERIDAN (Sol),skipped,skipped,skipped,skipped,skipped,skipped,skipped,4,10
5737,Matt KERR (Lab),Alistair WATSON (Lab),Gail SHERIDAN (Sol),skipped,skipped,skipped,skipped,skipped,skipped,skipped,4,10
5738,Matt KERR (Lab),Alistair WATSON (Lab),Gail SHERIDAN (Sol),skipped,skipped,skipped,skipped,skipped,skipped,skipped,4,10
5739,Matt KERR (Lab),Alistair WATSON (Lab),Gail SHERIDAN (Sol),skipped,skipped,skipped,skipped,skipped,skipped,skipped,4,10
5740,Matt KERR (Lab),Alistair WATSON (Lab),Gail SHERIDAN (Sol),skipped,skipped,skipped,skipped,skipped,skipped,skipped,4,10
5741,Matt KERR (Lab),Alistair WATSON (Lab),Gail SHERIDAN (Sol),skipped,skipped,skipped,skipped,skipped,skipped,skipped,4,10
5742,Matt KERR (Lab),Alistair WATSON (Lab),Gail SHERIDAN (Sol),skipped,skipped,skipped,skipped,skipped,skipped,skipped,4,10
5743,Matt KERR (Lab),Alistair WATSON (Lab),Gail SHERIDAN (Sol),skipped,skipped,skipped,skipped,skipped,skipped,skipped,4,10
5744,Matt KERR (Lab),Alistair WATSON (Lab),Gail SHERIDAN (Sol),skipped,skipped,skipped,skipped,skipped,skipped,skipped,4,10
5745,Matt KERR (Lab),Alistair WATSON (Lab),Gail SHERIDAN (Sol),skipped,skipped,skipped,skipped,skipped,skipped,skipped,4,10
5746,Matt KERR (Lab),Alistair WATSON (Lab),Gail SHERIDAN (Sol),skipped,skipped,skipped,skipped,skipped,skipped,skipped,4,10
5747,Matt KERR (Lab),Alistair WATSON (Lab),Gail SHERIDAN (Sol),skipped,skipped,skipped,skipped,skipped,skipped,skipped,4,10
5748,Matt KERR (Lab),Alistair WATSON (Lab),Gail SHERIDAN (Sol),skipped,skipped,skipped,skipped,skipped,skipped,skipped,4,10
5749,Matt KERR (Lab),Alistair WATSON (Lab),Gail SHERIDAN (Sol),skipped,skipped,skipped,skipped,skipped,skipped,skipped,4,10
5750,Matt KERR (Lab),Alistair WATSON (Lab),Gail SHERIDAN (Sol),skipped,skipped,skipped,skipped,skipped,skipped,skipped,4,10
5751,Matt KERR (Lab),Alistair WATSON (Lab),Gail SHERIDAN (Sol),skipped,skipped,skipped,skipped,skipped,skipped,skipped,4,10
5752,Matt KERR (Lab),Alistair WATSON (Lab),Gail SHERIDAN (Sol),skipped,skipped,skipped,skipped,skipped,skipped,skipped,4,10
5753,Matt KERR (Lab),Alistair WATSON (Lab),Gail SHERIDAN (Sol),skipped,skipped,skipped,skipped,skipped,skipped,skipped,4,10
5754,Matt KERR (Lab),Alistair WATSON (Lab),Gail SHERIDAN (Sol),skipped,skipped,skipped,skipped,skipped,skipped,skipped,4,10
5755,Matt KERR (Lab),Alistair WATSON (Lab),Gail SHERIDAN (Sol),skipped,skipped,skipped,skipped,skipped,skipped,skipped,4,10
5756,Matt KERR (Lab),Alistair WATSON (Lab),Gail SHERIDAN (Sol),skipped,skipped,skipped,skipped,skipped,skipped,skipped,4,10
5757,Matt KERR (Lab),Alistair WATSON (Lab),Gail SHERIDAN (Sol),skipped,skipped,skipped,skipped,skipped,skipped,skipped,4,10
5758,Matt KERR (Lab),Alistair WATSON (Lab),Gail SHERIDAN (Sol),skipped,skipped,skipped,skipped,skipped,skipped,skipped,4,10
5759,Matt KERR (Lab),Alistair WATSON (Lab),Gail SHERIDAN (Sol),skipped,skipped,skipped,skipped,skipped,skipped,skipped,4,10
5760,Matt KERR (Lab),Alistair WATSON (Lab),Gail SHERIDAN (Sol),skipped,skipped,skipped,skipped,skipped,skipped,skipped,4,10
5761,Matt KERR (Lab),Alistair WATSON (Lab),Gail SHERIDAN (Sol),skipped,skipped,skipped,skipped,skipped,skipped,skipped,4,10
5762,Matt KERR (Lab),Alistair WATSON (Lab),Gail SHERIDAN (Sol),skipped,skipped,skipped,skipped,skipped,skipped,skipped,4,10
5763,Matt KERR (Lab),Alistair WATSON (Lab),Gail SHERIDAN (Sol),skipped,skipped,skipped,skipped,skipped,skipped,skipped,4,10
5764,Matt KERR (Lab),Alistair WATSON (Lab),Gail SHERIDAN (Sol),skipped,skipped,skipped,skipped,skipped,skipped,skipped,4,10
5765,Matt KERR (Lab),Alistair WATSON (Lab),Gail SHERIDAN (Sol),skipped,skipped,skipped,skipped,skipped,skipped,skipped,4,10
5766,Matt KERR (Lab),Alistair WATSON (Lab),Gail SHERIDAN (Sol),skipped,skipped,skipped,skipped,skipped,skipped,skipped,4,10
5767,Matt KERR (Lab),Alistair WATSON (Lab),Gail SHERIDAN (Sol),skipped,skipped,skipped,skipped,skipped,skipped,skipped,4,10
5768,Matt KERR (Lab),Alistair WATSON (Lab),Gail SHERIDAN (Sol),skipped,skipped,skipped,skipped,skipped,skipped,skipped,4,10
5769,Matt KERR (Lab),Alistair WATSON (Lab),Gail SHERIDAN (Sol),skipped,skipped,skipped,skipped,skipped,skipped,skipped,4,10
5770,Matt KERR (Lab),Alistair WATSON (Lab),Gail SHERIDAN (Sol),skipped,skipped,skipped,skipped,skipped,skipped,skipped,4,10
5771,Matt KERR (Lab),Alistair WATSON (Lab),Gail SHERIDAN (Sol),skipped,skipped,skipped,skipped,skipped,skipped,skipped,4,10
5772,Matt KERR (Lab),Alistair WATSON (Lab),Gail SHERIDAN (Sol),skipped,skipped,skipped,skipped,skipped,skipped,skipped,4,10
5773,Matt KERR (Lab),Alistair WATSON (Lab),Gail SHERIDAN (Sol),skipped,skipped,skipped,skipped,skipped,skipped,skipped,4,10
5774,Matt KERR (Lab),Alistair WATSON (Lab),Gail SHERIDAN (Sol),skipped,skipped,skipped,skipped,skipped,skipped,skipped,4,10
5775,Matt KERR (Lab),Alistair WATSON (Lab),Gail SHERIDAN (Sol),skipped,skipped,skipped,skipped,skipped,skipped,skipped,4,10
5776,Matt KERR (Lab),Alistair WATSON (Lab),Gail SHERIDAN (Sol),skipped,skipped,skipped,skipped,skipped,skipped,skipped,4,10
5777,Matt KERR (Lab),Alistair WATSON (Lab),Gail SHERIDAN (Sol),skipped,skipped,skipped,skipped,skipped,skipped,skipped,4,10
5778,Matt KERR (Lab),Alistair WATSON (Lab),Gail SHERIDAN (Sol),skipped,skipped,skipped,skipped,skipped,skipped,skipped,4,10
5779,Matt KERR (Lab),Alistair WATSON (Lab),Gail SHERIDAN (Sol),skipped,skipped,skipped,skipped,skipped,skipped,skipped,4,10
5780,Matt KERR (Lab),Alistair WATSON (Lab),Gail SHERIDAN (Sol),skipped,skipped,skipped,skipped,skipped,skipped,skipped,4,10
5781,Matt KERR (Lab),Alistair WATSON (Lab),Gail SHERIDAN (Sol),skipped,skipped,skipped,skipped,skipped,skipped,skipped,4,10
5782,Matt KERR (Lab),Alistair WATSON (Lab),Gail SHERIDAN (Sol),skipped,skipped,skipped,skipped,skipped,skipped,skipped,4,10
5783,Matt KERR (Lab),Alistair WATSON (Lab),Gail SHERIDAN (Sol),skipped,skipped,skipped,skipped,skipped,skipped,skipped,4,10
5784,Matt KERR (Lab),Alistair WATSON (Lab),Gail SHERIDAN (Sol),skipped,skipped,skipped,skipped,skipped,skipped,skipped,4,10
5785,Matt KERR (Lab),Alistair WATSON (Lab),Gail SHERIDAN (Sol),skipped,skipped,skipped,skipped,skipped,skipped,skipped,4,10
5786,Matt KERR (Lab),Alistair WATSON (Lab),Gail SHERIDAN (Sol),skipped,skipped,skipped,skipped,skipped,skipped,skipped,4,10
5787,Matt KERR (Lab),Alistair WATSON (Lab),Gail SHERIDAN (Sol),skipped,skipped,skipped,skipped,skipped,skipped,skipped,4,10
5788,Matt KERR (Lab),Alistair WATSON (Lab),Gail SHERIDAN (Sol),skipped,skipped,skipped,skipped,skipped,skipped,skipped,4,10
5789,Matt KERR (Lab),Alistair WATSON (Lab),Gail SHERIDAN (Sol),skipped,skipped,skipped,skipped,skipped,skipped,skipped,4,10
5790,Matt KERR (Lab),Alistair WATSON (Lab),Gail SHERIDAN (Sol),skipped,skipped,skipped,skipped,skipped,skipped,skipped,4,10
5791,Matt KERR (Lab),Alistair WATSON (Lab),Gail SHERIDAN (Sol),skipped,skipped,skipped,skipped,skipped,skipped,skipped,4,10
5792,Matt KERR (Lab),Alistair WATSON (Lab),Gail SHERIDAN (Sol),skipped,skipped,skipped,skipped,skipped,skipped,skipped,4,10
5793,Matt KERR (Lab),Alistair WATSON (Lab),Gail SHERIDAN (Sol),skipped,skipped,skipped,skipped,skipped,skipped,skipped,4,10
5794,Matt KERR (Lab),Alistair WATSON (Lab),Gail SHERIDAN (Sol),skipped,skipped,skipped,skipped,skipped,skipped,skipped,4,10
5795,Matt KERR (Lab),Alistair WATSON (Lab),Gail SHERIDAN (Sol),skipped,skipped,skipped,skipped,skipped,skipped,skipped,4,10
5796,Matt KERR (Lab),Alistair WATSON (Lab),Gail SHERIDAN (Sol),skipped,skipped,skipped,skipped,skipped,skipped,skipped,4,10
5797,Matt KERR (Lab),Alistair WATSON (Lab),Gail SHERIDAN (Sol),skipped,skipped,skipped,skipped,skipped,skipped,skipped,4,10
5798,Matt KERR (Lab),Alistair WATSON (Lab),Gail SHERIDAN (Sol),skipped,skipped,skipped,skipped,skipped,skipped,skipped,4,10
5799,Matt KERR (Lab),Alistair WATSON (Lab),Gail SHERIDAN (Sol),skipped,skipped,skipped,skipped,skipped,skipped,skipped,4,10
5800,Matt KERR (Lab),Alistair WATSON (Lab),Gail SHERIDAN (Sol),skipped,skipped,skipped,skipped,skipped,skipped,skipped,4,10
5801,Matt KERR (Lab),Alistair WATSON (Lab),Gail SHERIDAN (Sol),skipped,skipped,skipped,skipped,skipped,skipped,skipped,4,10
5802,Matt KERR (Lab),Alistair WATSON (Lab),Gail SHERIDAN (Sol),skipped,skipped,skipped,skipped,skipped,skipped,skipped,4,10
5803,Matt KERR (Lab),Alistair WATSON (Lab),Gail SHERIDAN (Sol),skipped,skipped,skipped,skipped,skipped,skipped,skipped,4,10
5804,Matt KERR (Lab),Alistair WATSON (Lab),Gail SHERIDAN (Sol),skipped,skipped,skipped,skipped,skipped,skipped,skipped,4,10
5805,Matt KERR (Lab),Alistair WATSON (Lab),Gail SHERIDAN (Sol),skipped,skipped,skipped,skipped,skipped,skipped,skipped,4,10
5806,Matt KERR (Lab),Alistair WATSON (Lab),Gail SHERIDAN (Sol),skipped,skipped,skipped,skipped,skipped,skipped,skipped,4,10
5807,Matt KERR (Lab),Alistair WATSON (Lab),Gail SHERIDAN (Sol),skipped,skipped,skipped,skipped,skipped,skipped,skipped,4,10
5808,Matt KERR (Lab),Alistair WATSON (Lab),Gail SHERIDAN (Sol),skipped,skipped,skipped,skipped,skipped,skipped,skipped,4,10
5809,Matt KERR (Lab),Alistair WATSON (Lab),Gail SHERIDAN (Sol),skipped,skipped,skipped,skipped,skipped,skipped,skipped,4,10
5810,Matt KERR (Lab),Alistair WATSON (Lab),Gail SHERIDAN (Sol),skipped,skipped,skipped,skipped,skipped,skipped,skipped,4,10
5811,Matt KERR (Lab),Alistair WATSON (Lab),Gail SHERIDAN (Sol),skipped,skipped,skipped,skipped,skipped,skipped,skipped,4,10
5812,Matt KERR (Lab),Alistair WATSON (Lab),Gail SHERIDAN (Sol),skipped,skipped,skipped,skipped,skipped,skipped,skipped,4,10
5813,Matt KERR (Lab),Alistair WATSON (Lab),Gail SHERIDAN (Sol),skipped,skipped,skipped,skipped,skipped,skipped,skipped,4,10
5814,Matt KERR (Lab),Alistair WATSON (Lab),Gail SHERIDAN (Sol),skipped,skipped,skipped,skipped,skipped,skipped,skipped,4,10
5815,Matt KERR (Lab),Alistair WATSON (Lab),Gail SHERIDAN (Sol),skipped,skipped,skipped,skipped,skipped,skipped,skipped,4,10
5816,Matt KERR (Lab),Alistair WATSON (Lab),Gail SHERIDAN (Sol),skipped,skipped,skipped,skipped,skipped,skipped,skipped,4,10
5817,Matt KERR (Lab),Alistair WATSON (Lab),Gail SHERIDAN (Sol),skipped,skipped,skipped,skipped,skipped,skipped,skipped,4,10
5818,Matt KERR (Lab),Alistair WATSON (Lab),Gail SHERIDAN (Sol),skipped,skipped,skipped,skipped,skipped,skipped,skipped,4,10
5819,Matt KERR (Lab),Alistair WATSON (Lab),Gail SHERIDAN (Sol),skipped,skipped,skipped,skipped,skipped,skipped,skipped,4,10
5820,Matt KERR (Lab),Alistair WATSON (Lab),Gail SHERIDAN (Sol),skipped,skipped,skipped,skipped,skipped,skipped,skipped,4,10
5821,Matt KERR (Lab),Alistair WATSON (Lab),Gail SHERIDAN (Sol),skipped,skipped,skipped,skipped,skipped,skipped,skipped,4,10
5822,Matt KERR (Lab),Alistair WATSON (Lab),Gail SHERIDAN (Sol),skipped,skipped,skipped,skipped,skipped,skipped,skipped,4,10
5823,Matt KERR (Lab),Alistair WATSON (Lab),Gail SHERIDAN (Sol),skipped,skipped,skipped,skipped,skipped,skipped,skipped,4,10
5824,Matt KERR (Lab),Alistair WATSON (Lab),Gail SHERIDAN (Sol),skipped,skipped,skipped,skipped,skipped,skipped,skipped,4,10
5825,Matt KERR (Lab),Alistair WATSON (Lab),Gail SHERIDAN (Sol),skipped,skipped,skipped,skipped,skipped,skipped,skipped,4,10
5826,Matt KERR (Lab),Alistair WATSON (Lab),Gail SHERIDAN (Sol),skipped,skipped,skipped,skipped,skipped,skipped,skipped,4,10
5827,Matt KERR (Lab),Alistair WATSON (Lab),Gail SHERIDAN (Sol),skipped,skipped,skipped,skipped,skipped,skipped,skipped,4,10
5828,Matt KERR (Lab),Alistair WATSON (Lab),Gail SHERIDAN (Sol),skipped,skipped,skipped,skipped,skipped,skipped,skipped,4,10
5829,Matt KERR (Lab),Alistair WATSON (Lab),Gail SHERIDAN (Sol),skipped,skipped,skipped,skipped,skipped,skipped,skipped,4,10
5830,Matt KERR (Lab),Alistair WATSON (Lab),Gail SHERIDAN (Sol),skipped,skipped,skipped,skipped,skipped,skipped,skipped,4,10
5831,Matt KERR (Lab),Alistair WATSON (Lab),Gail SHERIDAN (Sol),skipped,skipped,skipped,skipped,skipped,skipped,skipped,4,10
5832,Matt KERR (Lab),Alistair WATSON (Lab),Gail SHERIDAN (Sol),skipped,skipped,skipped,skipped,skipped,skipped,skipped,4,10
5833,Matt KERR (Lab),Alistair WATSON (Lab),Gail SHERIDAN (Sol),skipped,skipped,skipped,skipped,skipped,skipped,skipped,4,10
5834,Matt KERR (Lab),Alistair WATSON (Lab),Gail SHERIDAN (Sol),skipped,skipped,skipped,skipped,skipped,skipped,skipped,4,10
5835,Matt KERR (Lab),Alistair WATSON (Lab),Gail SHERIDAN (Sol),skipped,skipped,skipped,skipped,skipped,skipped,skipped,4,10
5836,Matt KERR (Lab),Alistair WATSON (Lab),Gail SHERIDAN (Sol),skipped,skipped,skipped,skipped,skipped,skipped,skipped,4,10
5837,Matt KERR (Lab),Alistair WATSON (Lab),Gail SHERIDAN (Sol),skipped,skipped,skipped,skipped,skipped,skipped,skipped,4,10
5838,Matt KERR (Lab),Alistair WATSON (Lab),Gail SHERIDAN (Sol),skipped,skipped,skipped,skipped,skipped,skipped,skipped,4,10
5839,Matt KERR (Lab),Alistair WATSON (Lab),Gail SHERIDAN (Sol),skipped,skipped,skipped,skipped,skipped,skipped,skipped,4,10
5840,Matt KERR (Lab),Alistair WATSON (Lab),Gail SHERIDAN (Sol),skipped,skipped,skipped,skipped,skipped,skipped,skipped,4,10
5841,Matt KERR (Lab),Alistair WATSON (Lab),Gail SHERIDAN (Sol),skipped,skipped,skipped,skipped,skipped,skipped,skipped,4,10
5842,Matt KERR (Lab),Alistair WATSON (Lab),Gail SHERIDAN (Sol),skipped,skipped,skipped,skipped,skipped,skipped,skipped,4,10
5843,Matt KERR (Lab),Alistair WATSON (Lab),Gail SHERIDAN (Sol),skipped,skipped,skipped,skipped,skipped,skipped,skipped,4,10
5844,Matt KERR (Lab),Alistair WATSON (Lab),Gail SHERIDAN (Sol),skipped,skipped,skipped,skipped,skipped,skipped,skipped,4,10
5845,Matt KERR (Lab),Alistair WATSON (Lab),Gail SHERIDAN (Sol),skipped,skipped,skipped,skipped,skipped,skipped,skipped,4,10
5846,Matt KERR (Lab),Alistair WATSON (Lab),Gail SHERIDAN (Sol),skipped,skipped,skipped,skipped,skipped,skipped,skipped,4,10
5847,Matt KERR (Lab),Alistair WATSON (Lab),Gail SHERIDAN (Sol),Iris GIBSON (SNP),skipped,skipped,skipped,skipped,skipped,skipped,4,10
5848,Matt KERR (Lab),Alistair WATSON (Lab),Gail SHERIDAN (Sol),Iris GIBSON (SNP),skipped,skipped,skipped,skipped,skipped,skipped,4,10
5849,Matt KERR (Lab),Alistair WATSON (Lab),Gail SHERIDAN (Sol),Iris GIBSON (SNP),skipped,skipped,skipped,skipped,skipped,skipped,4,10
5850,Matt KERR (Lab),Alistair WATSON (Lab),Gail SHERIDAN (Sol),Iris GIBSON (SNP),skipped,skipped,skipped,skipped,skipped,skipped,4,10
5851,Matt KERR (Lab),Alistair WATSON (Lab),Gail SHERIDAN (Sol),Iris GIBSON (SNP),skipped,skipped,skipped,skipped,skipped,skipped,4,10
5852,Matt KERR (Lab),Alistair WATSON (Lab),Gail SHERIDAN (Sol),Iris GIBSON (SNP),skipped,skipped,skipped,skipped,skipped,skipped,4,10
5853,Matt KERR (Lab),Alistair WATSON (Lab),Gail SHERIDAN (Sol),Iris GIBSON (SNP),skipped,skipped,skipped,skipped,skipped,skipped,4,10
5854,Matt KERR (Lab),Alistair WATSON (Lab),Gail SHERIDAN (Sol),Iris GIBSON (SNP),skipped,skipped,skipped,skipped,skipped,skipped,4,10
5855,Matt KERR (Lab),Alistair WATSON (Lab),Gail SHERIDAN (Sol),Iris GIBSON (SNP),Ian RUFFELL (Grn),Jim TORRANCE (SNP),skipped,skipped,skipped,skipped,4,10
5856,Matt KERR (Lab),Alistair WATSON (Lab),Gail SHERIDAN (Sol),Gordon MACDIARMID (Glasgow First),skipped,skipped,skipped,skipped,skipped,skipped,4,10
5857,Matt KERR (Lab),Alistair WATSON (Lab),Gail SHERIDAN (Sol),Gordon MACDIARMID (Glasgow First),skipped,skipped,skipped,skipped,skipped,skipped,4,10
5858,Matt KERR (Lab),Alistair WATSON (Lab),Gail SHERIDAN (Sol),Gordon MACDIARMID (Glasgow First),skipped,skipped,skipped,skipped,skipped,skipped,4,10
5859,Matt KERR (Lab),Alistair WATSON (Lab),Gail SHERIDAN (Sol),Gordon MACDIARMID (Glasgow First),skipped,skipped,skipped,skipped,skipped,skipped,4,10
5860,Matt KERR (Lab),Alistair WATSON (Lab),Gail SHERIDAN (Sol),Gordon MACDIARMID (Glasgow First),skipped,skipped,skipped,skipped,skipped,skipped,4,10
5861,Matt KERR (Lab),Alistair WATSON (Lab),Gail SHERIDAN (Sol),Gordon MACDIARMID (Glasgow First),skipped,skipped,skipped,skipped,skipped,skipped,4,10
5862,Matt KERR (Lab),Alistair WATSON (Lab),Gail SHERIDAN (Sol),Gordon MACDIARMID (Glasgow First),Iris GIBSON (SNP),skipped,skipped,skipped,skipped,skipped,4,10
5863,Matt KERR (Lab),Alistair WATSON (Lab),Gail SHERIDAN (Sol),Gordon MACDIARMID (Glasgow First),Ian RUFFELL (Grn),Janice MACKAY (UKIP),Jim TORRANCE (SNP),Iris GIBSON (SNP),Isabel NELSON (LD),Jayne Ann MORGAN (Con),4,10
5864,Matt KERR (Lab),Alistair WATSON (Lab),Gail SHERIDAN (Sol),Gordon MACDIARMID (Glasgow First),Ian RUFFELL (Grn),Jayne Ann MORGAN (Con),Janice MACKAY (UKIP),Iris GIBSON (SNP),Jim TORRANCE (SNP),Isabel NELSON (LD),4,10
5865,Matt KERR (Lab),Alistair WATSON (Lab),Gail SHERIDAN (Sol),Gordon MACDIARMID (Glasgow First),Ian RUFFELL (Grn),Isabel NELSON (LD),skipped,skipped,skipped,skipped,4,10
5866,Matt KERR (Lab),Alistair WATSON (Lab),Gail SHERIDAN (Sol),Gordon MACDIARMID (Glasgow First),Ian RUFFELL (Grn),Jim TORRANCE (SNP),Iris GIBSON (SNP),skipped,skipped,skipped,4,10
5867,Matt KERR (Lab),Alistair WATSON (Lab),Gail SHERIDAN (Sol),Janice MACKAY (UKIP),skipped,skipped,skipped,skipped,skipped,skipped,4,10
5868,Matt KERR (Lab),Alistair WATSON (Lab),Gail SHERIDAN (Sol),Janice MACKAY (UKIP),skipped,skipped,skipped,skipped,skipped,skipped,4,10
5869,Matt KERR (Lab),Alistair WATSON (Lab),Gail SHERIDAN (Sol),Janice MACKAY (UKIP),Ian RUFFELL (Grn),skipped,skipped,skipped,skipped,skipped,4,10
5870,Matt KERR (Lab),Alistair WATSON (Lab),Gail SHERIDAN (Sol),Jayne Ann MORGAN (Con),skipped,skipped,skipped,skipped,skipped,skipped,4,10
5871,Matt KERR (Lab),Alistair WATSON (Lab),Gail SHERIDAN (Sol),Jayne Ann MORGAN (Con),Gordon MACDIARMID (Glasgow First),Ian RUFFELL (Grn),skipped,skipped,skipped,skipped,4,10
5872,Matt KERR (Lab),Alistair WATSON (Lab),Gail SHERIDAN (Sol),Jayne Ann MORGAN (Con),Gordon MACDIARMID (Glasgow First),Ian RUFFELL (Grn),skipped,skipped,skipped,skipped,4,10
5873,Matt KERR (Lab),Alistair WATSON (Lab),Gail SHERIDAN (Sol),Isabel NELSON (LD),skipped,skipped,skipped,skipped,skipped,skipped,4,10
5874,Matt KERR (Lab),Alistair WATSON (Lab),Gail SHERIDAN (Sol),Isabel NELSON (LD),skipped,skipped,skipped,skipped,skipped,skipped,4,10
5875,Matt KERR (Lab),Alistair WATSON (Lab),Gail SHERIDAN (Sol),Isabel NELSON (LD),skipped,skipped,skipped,skipped,skipped,skipped,4,10
5876,Matt KERR (Lab),Alistair WATSON (Lab),Gail SHERIDAN (Sol),Isabel NELSON (LD),Ian RUFFELL (Grn),Jim TORRANCE (SNP),Iris GIBSON (SNP),Gordon MACDIARMID (Glasgow First),Janice MACKAY (UKIP),Jayne Ann MORGAN (Con),4,10
5877,Matt KERR (Lab),Alistair WATSON (Lab),Gail SHERIDAN (Sol),Ian RUFFELL (Grn),skipped,skipped,skipped,skipped,skipped,skipped,4,10
5878,Matt KERR (Lab),Alistair WATSON (Lab),Gail SHERIDAN (Sol),Ian RUFFELL (Grn),skipped,skipped,skipped,skipped,skipped,skipped,4,10
5879,Matt KERR (Lab),Alistair WATSON (Lab),Gail SHERIDAN (Sol),Ian RUFFELL (Grn),skipped,skipped,skipped,skipped,skipped,skipped,4,10
5880,Matt KERR (Lab),Alistair WATSON (Lab),Gail SHERIDAN (Sol),Ian RUFFELL (Grn),skipped,skipped,skipped,skipped,skipped,skipped,4,10
5881,Matt KERR (Lab),Alistair WATSON (Lab),Gail SHERIDAN (Sol),Ian RUFFELL (Grn),skipped,skipped,skipped,skipped,skipped,skipped,4,10
5882,Matt KERR (Lab),Alistair WATSON (Lab),Gail SHERIDAN (Sol),Ian RUFFELL (Grn),skipped,skipped,skipped,skipped,skipped,skipped,4,10
5883,Matt KERR (Lab),Alistair WATSON (Lab),Gail SHERIDAN (Sol),Ian RUFFELL (Grn),skipped,skipped,skipped,skipped,skipped,skipped,4,10
5884,Matt KERR (Lab),Alistair WATSON (Lab),Gail SHERIDAN (Sol),Ian RUFFELL (Grn),Iris GIBSON (SNP),Jayne Ann MORGAN (Con),Jim TORRANCE (SNP),Gordon MACDIARMID (Glasgow First),skipped,skipped,4,10
5885,Matt KERR (Lab),Alistair WATSON (Lab),Gail SHERIDAN (Sol),Ian RUFFELL (Grn),Gordon MACDIARMID (Glasgow First),skipped,skipped,skipped,skipped,skipped,4,10
5886,Matt KERR (Lab),Alistair WATSON (Lab),Gail SHERIDAN (Sol),Ian RUFFELL (Grn),Gordon MACDIARMID (Glasgow First),skipped,skipped,skipped,skipped,skipped,4,10
5887,Matt KERR (Lab),Alistair WATSON (Lab),Gail SHERIDAN (Sol),Ian RUFFELL (Grn),Gordon MACDIARMID (Glasgow First),skipped,skipped,skipped,skipped,skipped,4,10
5888,Matt KERR (Lab),Alistair WATSON (Lab),Gail SHERIDAN (Sol),Ian RUFFELL (Grn),Gordon MACDIARMID (Glasgow First),Janice MACKAY (UKIP),Iris GIBSON (SNP),Jim TORRANCE (SNP),Isabel NELSON (LD),Jayne Ann MORGAN (Con),4,10
5889,Matt KERR (Lab),Alistair WATSON (Lab),Gail SHERIDAN (Sol),Ian RUFFELL (Grn),Gordon MACDIARMID (Glasgow First),Janice MACKAY (UKIP),Iris GIBSON (SNP),Jim TORRANCE (SNP),Isabel NELSON (LD),Jayne Ann MORGAN (Con),4,10
5890,Matt KERR (Lab),Alistair WATSON (Lab),Gail SHERIDAN (Sol),Ian RUFFELL (Grn),Gordon MACDIARMID (Glasgow First),Janice MACKAY (UKIP),Isabel NELSON (LD),Jim TORRANCE (SNP),Iris GIBSON (SNP),Jayne Ann MORGAN (Con),4,10
5891,Matt KERR (Lab),Alistair WATSON (Lab),Gail SHERIDAN (Sol),Ian RUFFELL (Grn),Jim TORRANCE (SNP),Iris GIBSON (SNP),Janice MACKAY (UKIP),Gordon MACDIARMID (Glasgow First),Isabel NELSON (LD),Jayne Ann MORGAN (Con),4,10
5892,Matt KERR (Lab),Alistair WATSON (Lab),Gail SHERIDAN (Sol),Jim TORRANCE (SNP),Iris GIBSON (SNP),skipped,skipped,skipped,skipped,skipped,4,10
5893,Matt KERR (Lab),Alistair WATSON (Lab),Gail SHERIDAN (Sol),Jim TORRANCE (SNP),Iris GIBSON (SNP),skipped,skipped,skipped,skipped,skipped,4,10
5894,Matt KERR (Lab),Alistair WATSON (Lab),Gail SHERIDAN (Sol),Jim TORRANCE (SNP),Iris GIBSON (SNP),Isabel NELSON (LD),Gordon MACDIARMID (Glasgow First),Ian RUFFELL (Grn),Janice MACKAY (UKIP),Jayne Ann MORGAN (Con),4,10
5895,Matt KERR (Lab),Alistair WATSON (Lab),Gail SHERIDAN (Sol),Jim TORRANCE (SNP),Iris GIBSON (SNP),Ian RUFFELL (Grn),Gordon MACDIARMID (Glasgow First),Janice MACKAY (UKIP),Isabel NELSON (LD),Jayne Ann MORGAN (Con),4,10
5896,Matt KERR (Lab),Alistair WATSON (Lab),Jim TORRANCE (SNP),skipped,skipped,skipped,skipped,skipped,skipped,skipped,4,10
5897,Matt KERR (Lab),Alistair WATSON (Lab),Jim TORRANCE (SNP),skipped,skipped,skipped,skipped,skipped,skipped,skipped,4,10
5898,Matt KERR (Lab),Alistair WATSON (Lab),Jim TORRANCE (SNP),skipped,skipped,skipped,skipped,skipped,skipped,skipped,4,10
5899,Matt KERR (Lab),Alistair WATSON (Lab),Jim TORRANCE (SNP),skipped,skipped,skipped,skipped,skipped,skipped,skipped,4,10
5900,Matt KERR (Lab),Alistair WATSON (Lab),Jim TORRANCE (SNP),skipped,skipped,skipped,skipped,skipped,skipped,skipped,4,10
5901,Matt KERR (Lab),Alistair WATSON (Lab),Jim TORRANCE (SNP),skipped,skipped,skipped,skipped,skipped,skipped,skipped,4,10
5902,Matt KERR (Lab),Alistair WATSON (Lab),Jim TORRANCE (SNP),skipped,skipped,skipped,skipped,skipped,skipped,skipped,4,10
5903,Matt KERR (Lab),Alistair WATSON (Lab),Jim TORRANCE (SNP),skipped,skipped,skipped,skipped,skipped,skipped,skipped,4,10
5904,Matt KERR (Lab),Alistair WATSON (Lab),Jim TORRANCE (SNP),skipped,skipped,skipped,skipped,skipped,skipped,skipped,4,10
5905,Matt KERR (Lab),Alistair WATSON (Lab),Jim TORRANCE (SNP),skipped,skipped,skipped,skipped,skipped,skipped,skipped,4,10
5906,Matt KERR (Lab),Alistair WATSON (Lab),Jim TORRANCE (SNP),skipped,skipped,skipped,skipped,skipped,skipped,skipped,4,10
5907,Matt KERR (Lab),Alistair WATSON (Lab),Jim TORRANCE (SNP),skipped,skipped,skipped,skipped,skipped,skipped,skipped,4,10
5908,Matt KERR (Lab),Alistair WATSON (Lab),Jim TORRANCE (SNP),skipped,skipped,skipped,skipped,skipped,skipped,skipped,4,10
5909,Matt KERR (Lab),Alistair WATSON (Lab),Jim TORRANCE (SNP),skipped,skipped,skipped,skipped,skipped,skipped,skipped,4,10
5910,Matt KERR (Lab),Alistair WATSON (Lab),Jim TORRANCE (SNP),skipped,skipped,skipped,skipped,skipped,skipped,skipped,4,10
5911,Matt KERR (Lab),Alistair WATSON (Lab),Jim TORRANCE (SNP),skipped,skipped,skipped,skipped,skipped,skipped,skipped,4,10
5912,Matt KERR (Lab),Alistair WATSON (Lab),Jim TORRANCE (SNP),skipped,skipped,skipped,skipped,skipped,skipped,skipped,4,10
5913,Matt KERR (Lab),Alistair WATSON (Lab),Jim TORRANCE (SNP),skipped,skipped,skipped,skipped,skipped,skipped,skipped,4,10
5914,Matt KERR (Lab),Alistair WATSON (Lab),Jim TORRANCE (SNP),skipped,skipped,skipped,skipped,skipped,skipped,skipped,4,10
5915,Matt KERR (Lab),Alistair WATSON (Lab),Jim TORRANCE (SNP),skipped,skipped,skipped,skipped,skipped,skipped,skipped,4,10
5916,Matt KERR (Lab),Alistair WATSON (Lab),Jim TORRANCE (SNP),skipped,skipped,skipped,skipped,skipped,skipped,skipped,4,10
5917,Matt KERR (Lab),Alistair WATSON (Lab),Jim TORRANCE (SNP),skipped,skipped,skipped,skipped,skipped,skipped,skipped,4,10
5918,Matt KERR (Lab),Alistair WATSON (Lab),Jim TORRANCE (SNP),skipped,skipped,skipped,skipped,skipped,skipped,skipped,4,10
5919,Matt KERR (Lab),Alistair WATSON (Lab),Jim TORRANCE (SNP),skipped,skipped,skipped,skipped,skipped,skipped,skipped,4,10
5920,Matt KERR (Lab),Alistair WATSON (Lab),Jim TORRANCE (SNP),skipped,skipped,skipped,skipped,skipped,skipped,skipped,4,10
5921,Matt KERR (Lab),Alistair WATSON (Lab),Jim TORRANCE (SNP),skipped,skipped,skipped,skipped,skipped,skipped,skipped,4,10
5922,Matt KERR (Lab),Alistair WATSON (Lab),Jim TORRANCE (SNP),skipped,skipped,skipped,skipped,skipped,skipped,skipped,4,10
5923,Matt KERR (Lab),Alistair WATSON (Lab),Jim TORRANCE (SNP),skipped,skipped,skipped,skipped,skipped,skipped,skipped,4,10
5924,Matt KERR (Lab),Alistair WATSON (Lab),Jim TORRANCE (SNP),skipped,skipped,skipped,skipped,skipped,skipped,skipped,4,10
5925,Matt KERR (Lab),Alistair WATSON (Lab),Jim TORRANCE (SNP),skipped,skipped,skipped,skipped,skipped,skipped,skipped,4,10
5926,Matt KERR (Lab),Alistair WATSON (Lab),Jim TORRANCE (SNP),skipped,skipped,skipped,skipped,skipped,skipped,skipped,4,10
5927,Matt KERR (Lab),Alistair WATSON (Lab),Jim TORRANCE (SNP),skipped,skipped,skipped,skipped,skipped,skipped,skipped,4,10
5928,Matt KERR (Lab),Alistair WATSON (Lab),Jim TORRANCE (SNP),skipped,skipped,skipped,skipped,skipped,skipped,skipped,4,10
5929,Matt KERR (Lab),Alistair WATSON (Lab),Jim TORRANCE (SNP),Iris GIBSON (SNP),skipped,skipped,skipped,skipped,skipped,skipped,4,10
5930,Matt KERR (Lab),Alistair WATSON (Lab),Jim TORRANCE (SNP),Iris GIBSON (SNP),skipped,skipped,skipped,skipped,skipped,skipped,4,10
5931,Matt KERR (Lab),Alistair WATSON (Lab),Jim TORRANCE (SNP),Iris GIBSON (SNP),skipped,skipped,skipped,skipped,skipped,skipped,4,10
5932,Matt KERR (Lab),Alistair WATSON (Lab),Jim TORRANCE (SNP),Iris GIBSON (SNP),skipped,skipped,skipped,skipped,skipped,skipped,4,10
5933,Matt KERR (Lab),Alistair WATSON (Lab),Jim TORRANCE (SNP),Iris GIBSON (SNP),skipped,skipped,skipped,skipped,skipped,skipped,4,10
5934,Matt KERR (Lab),Alistair WATSON (Lab),Jim TORRANCE (SNP),Iris GIBSON (SNP),skipped,skipped,skipped,skipped,skipped,skipped,4,10
5935,Matt KERR (Lab),Alistair WATSON (Lab),Jim TORRANCE (SNP),Iris GIBSON (SNP),skipped,skipped,skipped,skipped,skipped,skipped,4,10
5936,Matt KERR (Lab),Alistair WATSON (Lab),Jim TORRANCE (SNP),Iris GIBSON (SNP),skipped,skipped,skipped,skipped,skipped,skipped,4,10
5937,Matt KERR (Lab),Alistair WATSON (Lab),Jim TORRANCE (SNP),Iris GIBSON (SNP),skipped,skipped,skipped,skipped,skipped,skipped,4,10
5938,Matt KERR (Lab),Alistair WATSON (Lab),Jim TORRANCE (SNP),Iris GIBSON (SNP),skipped,skipped,skipped,skipped,skipped,skipped,4,10
5939,Matt KERR (Lab),Alistair WATSON (Lab),Jim TORRANCE (SNP),Iris GIBSON (SNP),skipped,skipped,skipped,skipped,skipped,skipped,4,10
5940,Matt KERR (Lab),Alistair WATSON (Lab),Jim TORRANCE (SNP),Iris GIBSON (SNP),skipped,skipped,skipped,skipped,skipped,skipped,4,10
5941,Matt KERR (Lab),Alistair WATSON (Lab),Jim TORRANCE (SNP),Iris GIBSON (SNP),skipped,skipped,skipped,skipped,skipped,skipped,4,10
5942,Matt KERR (Lab),Alistair WATSON (Lab),Jim TORRANCE (SNP),Iris GIBSON (SNP),skipped,skipped,skipped,skipped,skipped,skipped,4,10
5943,Matt KERR (Lab),Alistair WATSON (Lab),Jim TORRANCE (SNP),Iris GIBSON (SNP),skipped,skipped,skipped,skipped,skipped,skipped,4,10
5944,Matt KERR (Lab),Alistair WATSON (Lab),Jim TORRANCE (SNP),Iris GIBSON (SNP),skipped,skipped,skipped,skipped,skipped,skipped,4,10
5945,Matt KERR (Lab),Alistair WATSON (Lab),Jim TORRANCE (SNP),Iris GIBSON (SNP),skipped,skipped,skipped,skipped,skipped,skipped,4,10
5946,Matt KERR (Lab),Alistair WATSON (Lab),Jim TORRANCE (SNP),Iris GIBSON (SNP),skipped,skipped,skipped,skipped,skipped,skipped,4,10
5947,Matt KERR (Lab),Alistair WATSON (Lab),Jim TORRANCE (SNP),Iris GIBSON (SNP),skipped,skipped,skipped,skipped,skipped,skipped,4,10
5948,Matt KERR (Lab),Alistair WATSON (Lab),Jim TORRANCE (SNP),Iris GIBSON (SNP),skipped,skipped,skipped,skipped,skipped,skipped,4,10
5949,Matt KERR (Lab),Alistair WATSON (Lab),Jim TORRANCE (SNP),Iris GIBSON (SNP),skipped,skipped,skipped,skipped,skipped,skipped,4,10
5950,Matt KERR (Lab),Alistair WATSON (Lab),Jim TORRANCE (SNP),Iris GIBSON (SNP),skipped,skipped,skipped,skipped,skipped,skipped,4,10
5951,Matt KERR (Lab),Alistair WATSON (Lab),Jim TORRANCE (SNP),Iris GIBSON (SNP),skipped,skipped,skipped,skipped,skipped,skipped,4,10
5952,Matt KERR (Lab),Alistair WATSON (Lab),Jim TORRANCE (SNP),Iris GIBSON (SNP),skipped,skipped,skipped,skipped,skipped,skipped,4,10
5953,Matt KERR (Lab),Alistair WATSON (Lab),Jim TORRANCE (SNP),Iris GIBSON (SNP),Gordon MACDIARMID (Glasgow First),Janice MACKAY (UKIP),Jayne Ann MORGAN (Con),Isabel NELSON (LD),Ian RUFFELL (Grn),Gail SHERIDAN (Sol),4,10
5954,Matt KERR (Lab),Alistair WATSON (Lab),Jim TORRANCE (SNP),Iris GIBSON (SNP),Gordon MACDIARMID (Glasgow First),Janice MACKAY (UKIP),Ian RUFFELL (Grn),Isabel NELSON (LD),Gail SHERIDAN (Sol),Jayne Ann MORGAN (Con),4,10
5955,Matt KERR (Lab),Alistair WATSON (Lab),Jim TORRANCE (SNP),Iris GIBSON (SNP),Gordon MACDIARMID (Glasgow First),Janice MACKAY (UKIP),Gail SHERIDAN (Sol),Ian RUFFELL (Grn),skipped,skipped,4,10
5956,Matt KERR (Lab),Alistair WATSON (Lab),Jim TORRANCE (SNP),Iris GIBSON (SNP),Gordon MACDIARMID (Glasgow First),Janice MACKAY (UKIP),Gail SHERIDAN (Sol),Ian RUFFELL (Grn),Jayne Ann MORGAN (Con),Isabel NELSON (LD),4,10
5957,Matt KERR (Lab),Alistair WATSON (Lab),Jim TORRANCE (SNP),Iris GIBSON (SNP),Gordon MACDIARMID (Glasgow First),Isabel NELSON (LD),Gail SHERIDAN (Sol),Janice MACKAY (UKIP),Ian RUFFELL (Grn),Jayne Ann MORGAN (Con),4,10
5958,Matt KERR (Lab),Alistair WATSON (Lab),Jim TORRANCE (SNP),Iris GIBSON (SNP),Gordon MACDIARMID (Glasgow First),Ian RUFFELL (Grn),skipped,skipped,skipped,skipped,4,10
5959,Matt KERR (Lab),Alistair WATSON (Lab),Jim TORRANCE (SNP),Iris GIBSON (SNP),Gordon MACDIARMID (Glasgow First),Gail SHERIDAN (Sol),skipped,skipped,skipped,skipped,4,10
5960,Matt KERR (Lab),Alistair WATSON (Lab),Jim TORRANCE (SNP),Iris GIBSON (SNP),Jayne Ann MORGAN (Con),Gordon MACDIARMID (Glasgow First),Janice MACKAY (UKIP),Isabel NELSON (LD),Ian RUFFELL (Grn),Gail SHERIDAN (Sol),4,10
5961,Matt KERR (Lab),Alistair WATSON (Lab),Jim TORRANCE (SNP),Iris GIBSON (SNP),Jayne Ann MORGAN (Con),Isabel NELSON (LD),Janice MACKAY (UKIP),Gail SHERIDAN (Sol),Gordon MACDIARMID (Glasgow First),Ian RUFFELL (Grn),4,10
5962,Matt KERR (Lab),Alistair WATSON (Lab),Jim TORRANCE (SNP),Iris GIBSON (SNP),Jayne Ann MORGAN (Con),Isabel NELSON (LD),Ian RUFFELL (Grn),Gail SHERIDAN (Sol),Gordon MACDIARMID (Glasgow First),Janice MACKAY (UKIP),4,10
5963,Matt KERR (Lab),Alistair WATSON (Lab),Jim TORRANCE (SNP),Iris GIBSON (SNP),Isabel NELSON (LD),Gordon MACDIARMID (Glasgow First),Ian RUFFELL (Grn),Gail SHERIDAN (Sol),Janice MACKAY (UKIP),Jayne Ann MORGAN (Con),4,10
5964,Matt KERR (Lab),Alistair WATSON (Lab),Jim TORRANCE (SNP),Iris GIBSON (SNP),Ian RUFFELL (Grn),skipped,skipped,skipped,skipped,skipped,4,10
5965,Matt KERR (Lab),Alistair WATSON (Lab),Jim TORRANCE (SNP),Iris GIBSON (SNP),Ian RUFFELL (Grn),skipped,skipped,skipped,skipped,skipped,4,10
5966,Matt KERR (Lab),Alistair WATSON (Lab),Jim TORRANCE (SNP),Iris GIBSON (SNP),Ian RUFFELL (Grn),Gordon MACDIARMID (Glasgow First),Janice MACKAY (UKIP),Isabel NELSON (LD),Jayne Ann MORGAN (Con),Gail SHERIDAN (Sol),4,10
5967,Matt KERR (Lab),Alistair WATSON (Lab),Jim TORRANCE (SNP),Iris GIBSON (SNP),Ian RUFFELL (Grn),Gordon MACDIARMID (Glasgow First),Janice MACKAY (UKIP),Isabel NELSON (LD),Jayne Ann MORGAN (Con),Gail SHERIDAN (Sol),4,10
5968,Matt KERR (Lab),Alistair WATSON (Lab),Jim TORRANCE (SNP),Iris GIBSON (SNP),Gail SHERIDAN (Sol),skipped,skipped,skipped,skipped,skipped,4,10
5969,Matt KERR (Lab),Alistair WATSON (Lab),Jim TORRANCE (SNP),Iris GIBSON (SNP),Gail SHERIDAN (Sol),skipped,skipped,skipped,skipped,skipped,4,10
5970,Matt KERR (Lab),Alistair WATSON (Lab),Jim TORRANCE (SNP),Iris GIBSON (SNP),Gail SHERIDAN (Sol),skipped,skipped,skipped,skipped,skipped,4,10
5971,Matt KERR (Lab),Alistair WATSON (Lab),Jim TORRANCE (SNP),Iris GIBSON (SNP),Gail SHERIDAN (Sol),Ian RUFFELL (Grn),Isabel NELSON (LD),Gordon MACDIARMID (Glasgow First),Janice MACKAY (UKIP),Jayne Ann MORGAN (Con),4,10
5972,Matt KERR (Lab),Alistair WATSON (Lab),Jim TORRANCE (SNP),Gordon MACDIARMID (Glasgow First),Iris GIBSON (SNP),Ian RUFFELL (Grn),skipped,skipped,skipped,skipped,4,10
5973,Matt KERR (Lab),Alistair WATSON (Lab),Jim TORRANCE (SNP),Jayne Ann MORGAN (Con),skipped,skipped,skipped,skipped,skipped,skipped,4,10
5974,Matt KERR (Lab),Alistair WATSON (Lab),Jim TORRANCE (SNP),Jayne Ann MORGAN (Con),skipped,skipped,skipped,skipped,skipped,skipped,4,10
5975,Matt KERR (Lab),Alistair WATSON (Lab),Jim TORRANCE (SNP),Jayne Ann MORGAN (Con),Gordon MACDIARMID (Glasgow First),Ian RUFFELL (Grn),Janice MACKAY (UKIP),Iris GIBSON (SNP),Isabel NELSON (LD),Gail SHERIDAN (Sol),4,10
5976,Matt KERR (Lab),Alistair WATSON (Lab),Jim TORRANCE (SNP),Ian RUFFELL (Grn),skipped,skipped,skipped,skipped,skipped,skipped,4,10
5977,Matt KERR (Lab),Alistair WATSON (Lab),Jim TORRANCE (SNP),Ian RUFFELL (Grn),Isabel NELSON (LD),Iris GIBSON (SNP),Janice MACKAY (UKIP),Gordon MACDIARMID (Glasgow First),Gail SHERIDAN (Sol),Jayne Ann MORGAN (Con),4,10
5978,Matt KERR (Lab),Alistair WATSON (Lab),Jim TORRANCE (SNP),Gail SHERIDAN (Sol),skipped,skipped,skipped,skipped,skipped,skipped,4,10
5979,Matt KERR (Lab),Alistair WATSON (Lab),Jim TORRANCE (SNP),Gail SHERIDAN (Sol),skipped,skipped,skipped,skipped,skipped,skipped,4,10
5980,Matt KERR (Lab),Alistair WATSON (Lab),Jim TORRANCE (SNP),Gail SHERIDAN (Sol),skipped,skipped,skipped,skipped,skipped,skipped,4,10
5981,Matt KERR (Lab),Alistair WATSON (Lab),Jim TORRANCE (SNP),Gail SHERIDAN (Sol),Gordon MACDIARMID (Glasgow First),Iris GIBSON (SNP),skipped,skipped,skipped,skipped,4,10
5982,Matt KERR (Lab),Gordon MACDIARMID (Glasgow First),skipped,skipped,skipped,skipped,skipped,skipped,skipped,skipped,4,10
5983,Matt KERR (Lab),Gordon MACDIARMID (Glasgow First),skipped,skipped,skipped,skipped,skipped,skipped,skipped,skipped,4,10
5984,Matt KERR (Lab),Gordon MACDIARMID (Glasgow First),skipped,skipped,skipped,skipped,skipped,skipped,skipped,skipped,4,10
5985,Matt KERR (Lab),Gordon MACDIARMID (Glasgow First),skipped,skipped,skipped,skipped,skipped,skipped,skipped,skipped,4,10
5986,Matt KERR (Lab),Gordon MACDIARMID (Glasgow First),skipped,skipped,skipped,skipped,skipped,skipped,skipped,skipped,4,10
5987,Matt KERR (Lab),Gordon MACDIARMID (Glasgow First),skipped,skipped,skipped,skipped,skipped,skipped,skipped,skipped,4,10
5988,Matt KERR (Lab),Gordon MACDIARMID (Glasgow First),skipped,skipped,skipped,skipped,skipped,skipped,skipped,skipped,4,10
5989,Matt KERR (Lab),Gordon MACDIARMID (Glasgow First),skipped,skipped,skipped,skipped,skipped,skipped,skipped,skipped,4,10
5990,Matt KERR (Lab),Gordon MACDIARMID (Glasgow First),skipped,skipped,skipped,skipped,skipped,skipped,skipped,skipped,4,10
5991,Matt KERR (Lab),Gordon MACDIARMID (Glasgow First),skipped,skipped,skipped,skipped,skipped,skipped,skipped,skipped,4,10
5992,Matt KERR (Lab),Gordon MACDIARMID (Glasgow First),Iris GIBSON (SNP),skipped,skipped,skipped,skipped,skipped,skipped,skipped,4,10
5993,Matt KERR (Lab),Gordon MACDIARMID (Glasgow First),Iris GIBSON (SNP),skipped,skipped,skipped,skipped,skipped,skipped,skipped,4,10
5994,Matt KERR (Lab),Gordon MACDIARMID (Glasgow First),Iris GIBSON (SNP),Alistair WATSON (Lab),skipped,skipped,skipped,skipped,skipped,skipped,4,10
5995,Matt KERR (Lab),Gordon MACDIARMID (Glasgow First),Iris GIBSON (SNP),Alistair WATSON (Lab),Jim TORRANCE (SNP),skipped,skipped,skipped,skipped,skipped,4,10
5996,Matt KERR (Lab),Gordon MACDIARMID (Glasgow First),Alistair WATSON (Lab),skipped,skipped,skipped,skipped,skipped,skipped,skipped,4,10
5997,Matt KERR (Lab),Gordon MACDIARMID (Glasgow First),Alistair WATSON (Lab),skipped,skipped,skipped,skipped,skipped,skipped,skipped,4,10
5998,Matt KERR (Lab),Gordon MACDIARMID (Glasgow First),Alistair WATSON (Lab),skipped,skipped,skipped,skipped,skipped,skipped,skipped,4,10
5999,Matt KERR (Lab),Gordon MACDIARMID (Glasgow First),Alistair WATSON (Lab),skipped,skipped,skipped,skipped,skipped,skipped,skipped,4,10
6000,Matt KERR (Lab),Gordon MACDIARMID (Glasgow First),Alistair WATSON (Lab),skipped,skipped,skipped,skipped,skipped,skipped,skipped,4,10
6001,Matt KERR (Lab),Gordon MACDIARMID (Glasgow First),Alistair WATSON (Lab),skipped,skipped,skipped,skipped,skipped,skipped,skipped,4,10
6002,Matt KERR (Lab),Gordon MACDIARMID (Glasgow First),Alistair WATSON (Lab),skipped,skipped,skipped,skipped,skipped,skipped,skipped,4,10
6003,Matt KERR (Lab),Gordon MACDIARMID (Glasgow First),Alistair WATSON (Lab),skipped,skipped,skipped,skipped,skipped,skipped,skipped,4,10
6004,Matt KERR (Lab),Gordon MACDIARMID (Glasgow First),Alistair WATSON (Lab),skipped,skipped,skipped,skipped,skipped,skipped,skipped,4,10
6005,Matt KERR (Lab),Gordon MACDIARMID (Glasgow First),Alistair WATSON (Lab),skipped,skipped,skipped,skipped,skipped,skipped,skipped,4,10
6006,Matt KERR (Lab),Gordon MACDIARMID (Glasgow First),Alistair WATSON (Lab),skipped,skipped,skipped,skipped,skipped,skipped,skipped,4,10
6007,Matt KERR (Lab),Gordon MACDIARMID (Glasgow First),Alistair WATSON (Lab),skipped,skipped,skipped,skipped,skipped,skipped,skipped,4,10
6008,Matt KERR (Lab),Gordon MACDIARMID (Glasgow First),Alistair WATSON (Lab),skipped,skipped,skipped,skipped,skipped,skipped,skipped,4,10
6009,Matt KERR (Lab),Gordon MACDIARMID (Glasgow First),Alistair WATSON (Lab),skipped,skipped,skipped,skipped,skipped,skipped,skipped,4,10
6010,Matt KERR (Lab),Gordon MACDIARMID (Glasgow First),Alistair WATSON (Lab),skipped,skipped,skipped,skipped,skipped,skipped,skipped,4,10
6011,Matt KERR (Lab),Gordon MACDIARMID (Glasgow First),Alistair WATSON (Lab),skipped,skipped,skipped,skipped,skipped,skipped,skipped,4,10
6012,Matt KERR (Lab),Gordon MACDIARMID (Glasgow First),Alistair WATSON (Lab),skipped,skipped,skipped,skipped,skipped,skipped,skipped,4,10
6013,Matt KERR (Lab),Gordon MACDIARMID (Glasgow First),Alistair WATSON (Lab),skipped,skipped,skipped,skipped,skipped,skipped,skipped,4,10
6014,Matt KERR (Lab),Gordon MACDIARMID (Glasgow First),Alistair WATSON (Lab),Iris GIBSON (SNP),skipped,skipped,skipped,skipped,skipped,skipped,4,10
6015,Matt KERR (Lab),Gordon MACDIARMID (Glasgow First),Alistair WATSON (Lab),Iris GIBSON (SNP),Ian RUFFELL (Grn),Isabel NELSON (LD),Gail SHERIDAN (Sol),Jim TORRANCE (SNP),Janice MACKAY (UKIP),Jayne Ann MORGAN (Con),4,10
6016,Matt KERR (Lab),Gordon MACDIARMID (Glasgow First),Alistair WATSON (Lab),Isabel NELSON (LD),skipped,skipped,skipped,skipped,skipped,skipped,4,10
6017,Matt KERR (Lab),Gordon MACDIARMID (Glasgow First),Alistair WATSON (Lab),Isabel NELSON (LD),Iris GIBSON (SNP),Janice MACKAY (UKIP),Jayne Ann MORGAN (Con),Ian RUFFELL (Grn),Jim TORRANCE (SNP),Gail SHERIDAN (Sol),4,10
6018,Matt KERR (Lab),Gordon MACDIARMID (Glasgow First),Janice MACKAY (UKIP),skipped,skipped,skipped,skipped,skipped,skipped,skipped,4,10
6019,Matt KERR (Lab),Gordon MACDIARMID (Glasgow First),Jayne Ann MORGAN (Con),skipped,skipped,skipped,skipped,skipped,skipped,skipped,4,10
6020,Matt KERR (Lab),Gordon MACDIARMID (Glasgow First),Jayne Ann MORGAN (Con),Iris GIBSON (SNP),skipped,skipped,skipped,skipped,skipped,skipped,4,10
6021,Matt KERR (Lab),Gordon MACDIARMID (Glasgow First),Isabel NELSON (LD),Alistair WATSON (Lab),Jayne Ann MORGAN (Con),Ian RUFFELL (Grn),Janice MACKAY (UKIP),Jim TORRANCE (SNP),Iris GIBSON (SNP),Gail SHERIDAN (Sol),4,10
6022,Matt KERR (Lab),Gordon MACDIARMID (Glasgow First),Isabel NELSON (LD),Alistair WATSON (Lab),Ian RUFFELL (Grn),Jim TORRANCE (SNP),skipped,skipped,skipped,skipped,4,10
6023,Matt KERR (Lab),Gordon MACDIARMID (Glasgow First),Isabel NELSON (LD),Jim TORRANCE (SNP),skipped,skipped,skipped,skipped,skipped,skipped,4,10
6024,Matt KERR (Lab),Gordon MACDIARMID (Glasgow First),Isabel NELSON (LD),Jim TORRANCE (SNP),Alistair WATSON (Lab),Iris GIBSON (SNP),Janice MACKAY (UKIP),Ian RUFFELL (Grn),Gail SHERIDAN (Sol),Jayne Ann MORGAN (Con),4,10
6025,Matt KERR (Lab),Gordon MACDIARMID (Glasgow First),Ian RUFFELL (Grn),skipped,skipped,skipped,skipped,skipped,skipped,skipped,4,10
6026,Matt KERR (Lab),Gordon MACDIARMID (Glasgow First),Ian RUFFELL (Grn),skipped,skipped,skipped,skipped,skipped,skipped,skipped,4,10
6027,Matt KERR (Lab),Gordon MACDIARMID (Glasgow First),Ian RUFFELL (Grn),skipped,skipped,skipped,skipped,skipped,skipped,skipped,4,10
6028,Matt KERR (Lab),Gordon MACDIARMID (Glasgow First),Ian RUFFELL (Grn),Janice MACKAY (UKIP),skipped,skipped,skipped,skipped,skipped,skipped,4,10
6029,Matt KERR (Lab),Gordon MACDIARMID (Glasgow First),Ian RUFFELL (Grn),Janice MACKAY (UKIP),Iris GIBSON (SNP),Isabel NELSON (LD),Jim TORRANCE (SNP),Jayne Ann MORGAN (Con),Alistair WATSON (Lab),Gail SHERIDAN (Sol),4,10
6030,Matt KERR (Lab),Gordon MACDIARMID (Glasgow First),Gail SHERIDAN (Sol),skipped,skipped,skipped,skipped,skipped,skipped,skipped,4,10
6031,Matt KERR (Lab),Gordon MACDIARMID (Glasgow First),Gail SHERIDAN (Sol),Alistair WATSON (Lab),skipped,skipped,skipped,skipped,skipped,skipped,4,10
6032,Matt KERR (Lab),Gordon MACDIARMID (Glasgow First),Gail SHERIDAN (Sol),Alistair WATSON (Lab),skipped,skipped,skipped,skipped,skipped,skipped,4,10
6033,Matt KERR (Lab),Gordon MACDIARMID (Glasgow First),Gail SHERIDAN (Sol),Alistair WATSON (Lab),Iris GIBSON (SNP),Janice MACKAY (UKIP),Ian RUFFELL (Grn),Jim TORRANCE (SNP),Jayne Ann MORGAN (Con),Isabel NELSON (LD),4,10
6034,Matt KERR (Lab),Gordon MACDIARMID (Glasgow First),Gail SHERIDAN (Sol),Jim TORRANCE (SNP),Alistair WATSON (Lab),Iris GIBSON (SNP),Janice MACKAY (UKIP),Jayne Ann MORGAN (Con),Isabel NELSON (LD),Ian RUFFELL (Grn),4,10
6035,Matt KERR (Lab),Gordon MACDIARMID (Glasgow First),Jim TORRANCE (SNP),skipped,skipped,skipped,skipped,skipped,skipped,skipped,4,10
6036,Matt KERR (Lab),Janice MACKAY (UKIP),skipped,skipped,skipped,skipped,skipped,skipped,skipped,skipped,4,10
6037,Matt KERR (Lab),Janice MACKAY (UKIP),Alistair WATSON (Lab),skipped,skipped,skipped,skipped,skipped,skipped,skipped,4,10
6038,Matt KERR (Lab),Janice MACKAY (UKIP),Alistair WATSON (Lab),skipped,skipped,skipped,skipped,skipped,skipped,skipped,4,10
6039,Matt KERR (Lab),Janice MACKAY (UKIP),Alistair WATSON (Lab),skipped,skipped,skipped,skipped,skipped,skipped,skipped,4,10
6040,Matt KERR (Lab),Janice MACKAY (UKIP),Alistair WATSON (Lab),skipped,skipped,skipped,skipped,skipped,skipped,skipped,4,10
6041,Matt KERR (Lab),Janice MACKAY (UKIP),Alistair WATSON (Lab),skipped,skipped,skipped,skipped,skipped,skipped,skipped,4,10
6042,Matt KERR (Lab),Janice MACKAY (UKIP),Alistair WATSON (Lab),skipped,skipped,skipped,skipped,skipped,skipped,skipped,4,10
6043,Matt KERR (Lab),Janice MACKAY (UKIP),Alistair WATSON (Lab),skipped,skipped,skipped,skipped,skipped,skipped,skipped,4,10
6044,Matt KERR (Lab),Janice MACKAY (UKIP),Alistair WATSON (Lab),Gordon MACDIARMID (Glasgow First),Jayne Ann MORGAN (Con),Isabel NELSON (LD),Ian RUFFELL (Grn),Gail SHERIDAN (Sol),Jim TORRANCE (SNP),Iris GIBSON (SNP),4,10
6045,Matt KERR (Lab),Janice MACKAY (UKIP),Alistair WATSON (Lab),Jayne Ann MORGAN (Con),skipped,skipped,skipped,skipped,skipped,skipped,4,10
6046,Matt KERR (Lab),Janice MACKAY (UKIP),Gordon MACDIARMID (Glasgow First),skipped,skipped,skipped,skipped,skipped,skipped,skipped,4,10
6047,Matt KERR (Lab),Janice MACKAY (UKIP),Gordon MACDIARMID (Glasgow First),skipped,skipped,skipped,skipped,skipped,skipped,skipped,4,10
6048,Matt KERR (Lab),Janice MACKAY (UKIP),Jayne Ann MORGAN (Con),skipped,skipped,skipped,skipped,skipped,skipped,skipped,4,10
6049,Matt KERR (Lab),Janice MACKAY (UKIP),Jayne Ann MORGAN (Con),skipped,skipped,skipped,skipped,skipped,skipped,skipped,4,10
6050,Matt KERR (Lab),Janice MACKAY (UKIP),Jayne Ann MORGAN (Con),Isabel NELSON (LD),Ian RUFFELL (Grn),Alistair WATSON (Lab),Gordon MACDIARMID (Glasgow First),Gail SHERIDAN (Sol),Jim TORRANCE (SNP),Iris GIBSON (SNP),4,10
6051,Matt KERR (Lab),Janice MACKAY (UKIP),Ian RUFFELL (Grn),skipped,skipped,skipped,skipped,skipped,skipped,skipped,4,10
6052,Matt KERR (Lab),Janice MACKAY (UKIP),Ian RUFFELL (Grn),skipped,skipped,skipped,skipped,skipped,skipped,skipped,4,10
6053,Matt KERR (Lab),Janice MACKAY (UKIP),Ian RUFFELL (Grn),Gail SHERIDAN (Sol),skipped,skipped,skipped,skipped,skipped,skipped,4,10
6054,Matt KERR (Lab),Jayne Ann MORGAN (Con),skipped,skipped,skipped,skipped,skipped,skipped,skipped,skipped,4,10
6055,Matt KERR (Lab),Jayne Ann MORGAN (Con),skipped,skipped,skipped,skipped,skipped,skipped,skipped,skipped,4,10
6056,Matt KERR (Lab),Jayne Ann MORGAN (Con),skipped,skipped,skipped,skipped,skipped,skipped,skipped,skipped,4,10
6057,Matt KERR (Lab),Jayne Ann MORGAN (Con),skipped,skipped,skipped,skipped,skipped,skipped,skipped,skipped,4,10
6058,Matt KERR (Lab),Jayne Ann MORGAN (Con),skipped,skipped,skipped,skipped,skipped,skipped,skipped,skipped,4,10
6059,Matt KERR (Lab),Jayne Ann MORGAN (Con),skipped,skipped,skipped,skipped,skipped,skipped,skipped,skipped,4,10
6060,Matt KERR (Lab),Jayne Ann MORGAN (Con),Iris GIBSON (SNP),Isabel NELSON (LD),skipped,skipped,skipped,skipped,skipped,skipped,4,10
6061,Matt KERR (Lab),Jayne Ann MORGAN (Con),Iris GIBSON (SNP),Isabel NELSON (LD),skipped,skipped,skipped,skipped,skipped,skipped,4,10
6062,Matt KERR (Lab),Jayne Ann MORGAN (Con),Iris GIBSON (SNP),Jim TORRANCE (SNP),skipped,skipped,skipped,skipped,skipped,skipped,4,10
6063,Matt KERR (Lab),Jayne Ann MORGAN (Con),Alistair WATSON (Lab),skipped,skipped,skipped,skipped,skipped,skipped,skipped,4,10
6064,Matt KERR (Lab),Jayne Ann MORGAN (Con),Alistair WATSON (Lab),skipped,skipped,skipped,skipped,skipped,skipped,skipped,4,10
6065,Matt KERR (Lab),Jayne Ann MORGAN (Con),Alistair WATSON (Lab),skipped,skipped,skipped,skipped,skipped,skipped,skipped,4,10
6066,Matt KERR (Lab),Jayne Ann MORGAN (Con),Alistair WATSON (Lab),skipped,skipped,skipped,skipped,skipped,skipped,skipped,4,10
6067,Matt KERR (Lab),Jayne Ann MORGAN (Con),Alistair WATSON (Lab),skipped,skipped,skipped,skipped,skipped,skipped,skipped,4,10
6068,Matt KERR (Lab),Jayne Ann MORGAN (Con),Isabel NELSON (LD),skipped,skipped,skipped,skipped,skipped,skipped,skipped,4,10
6069,Matt KERR (Lab),Jayne Ann MORGAN (Con),Isabel NELSON (LD),skipped,skipped,skipped,skipped,skipped,skipped,skipped,4,10
6070,Matt KERR (Lab),Jayne Ann MORGAN (Con),Isabel NELSON (LD),Iris GIBSON (SNP),skipped,skipped,skipped,skipped,skipped,skipped,4,10
6071,Matt KERR (Lab),Jayne Ann MORGAN (Con),Isabel NELSON (LD),Alistair WATSON (Lab),Gordon MACDIARMID (Glasgow First),Janice MACKAY (UKIP),Jim TORRANCE (SNP),Ian RUFFELL (Grn),Gail SHERIDAN (Sol),Iris GIBSON (SNP),4,10
6072,Matt KERR (Lab),Jayne Ann MORGAN (Con),Isabel NELSON (LD),Alistair WATSON (Lab),Janice MACKAY (UKIP),skipped,skipped,skipped,skipped,skipped,4,10
6073,Matt KERR (Lab),Jayne Ann MORGAN (Con),Isabel NELSON (LD),Alistair WATSON (Lab),Janice MACKAY (UKIP),skipped,skipped,skipped,skipped,skipped,4,10
6074,Matt KERR (Lab),Jayne Ann MORGAN (Con),Isabel NELSON (LD),Alistair WATSON (Lab),Janice MACKAY (UKIP),Gordon MACDIARMID (Glasgow First),skipped,skipped,skipped,skipped,4,10
6075,Matt KERR (Lab),Jayne Ann MORGAN (Con),Isabel NELSON (LD),Alistair WATSON (Lab),Janice MACKAY (UKIP),Ian RUFFELL (Grn),Jim TORRANCE (SNP),Iris GIBSON (SNP),Gordon MACDIARMID (Glasgow First),Gail SHERIDAN (Sol),4,10
6076,Matt KERR (Lab),Jayne Ann MORGAN (Con),Isabel NELSON (LD),Janice MACKAY (UKIP),skipped,skipped,skipped,skipped,skipped,skipped,4,10
6077,Matt KERR (Lab),Jayne Ann MORGAN (Con),Isabel NELSON (LD),Janice MACKAY (UKIP),skipped,skipped,skipped,skipped,skipped,skipped,4,10
6078,Matt KERR (Lab),Jayne Ann MORGAN (Con),Jim TORRANCE (SNP),skipped,skipped,skipped,skipped,skipped,skipped,skipped,4,10
6079,Matt KERR (Lab),Isabel NELSON (LD),skipped,skipped,skipped,skipped,skipped,skipped,skipped,skipped,4,10
6080,Matt KERR (Lab),Isabel NELSON (LD),skipped,skipped,skipped,skipped,skipped,skipped,skipped,skipped,4,10
6081,Matt KERR (Lab),Isabel NELSON (LD),skipped,skipped,skipped,skipped,skipped,skipped,skipped,skipped,4,10
6082,Matt KERR (Lab),Isabel NELSON (LD),skipped,skipped,skipped,skipped,skipped,skipped,skipped,skipped,4,10
6083,Matt KERR (Lab),Isabel NELSON (LD),skipped,skipped,skipped,skipped,skipped,skipped,skipped,skipped,4,10
6084,Matt KERR (Lab),Isabel NELSON (LD),skipped,skipped,skipped,skipped,skipped,skipped,skipped,skipped,4,10
6085,Matt KERR (Lab),Isabel NELSON (LD),Iris GIBSON (SNP),skipped,skipped,skipped,skipped,skipped,skipped,skipped,4,10
6086,Matt KERR (Lab),Isabel NELSON (LD),Iris GIBSON (SNP),skipped,skipped,skipped,skipped,skipped,skipped,skipped,4,10
6087,Matt KERR (Lab),Isabel NELSON (LD),Iris GIBSON (SNP),skipped,skipped,skipped,skipped,skipped,skipped,skipped,4,10
6088,Matt KERR (Lab),Isabel NELSON (LD),Iris GIBSON (SNP),Alistair WATSON (Lab),skipped,skipped,skipped,skipped,skipped,skipped,4,10
6089,Matt KERR (Lab),Isabel NELSON (LD),Iris GIBSON (SNP),Alistair WATSON (Lab),Jim TORRANCE (SNP),Ian RUFFELL (Grn),Gordon MACDIARMID (Glasgow First),Gail SHERIDAN (Sol),Janice MACKAY (UKIP),Jayne Ann MORGAN (Con),4,10
6090,Matt KERR (Lab),Isabel NELSON (LD),Iris GIBSON (SNP),Gordon MACDIARMID (Glasgow First),Janice MACKAY (UKIP),Jayne Ann MORGAN (Con),skipped,skipped,skipped,skipped,4,10
6091,Matt KERR (Lab),Isabel NELSON (LD),Iris GIBSON (SNP),Ian RUFFELL (Grn),Alistair WATSON (Lab),Jim TORRANCE (SNP),skipped,skipped,skipped,skipped,4,10
6092,Matt KERR (Lab),Isabel NELSON (LD),Iris GIBSON (SNP),Ian RUFFELL (Grn),Alistair WATSON (Lab),Jim TORRANCE (SNP),skipped,skipped,skipped,skipped,4,10
6093,Matt KERR (Lab),Isabel NELSON (LD),Alistair WATSON (Lab),skipped,skipped,skipped,skipped,skipped,skipped,skipped,4,10
6094,Matt KERR (Lab),Isabel NELSON (LD),Alistair WATSON (Lab),skipped,skipped,skipped,skipped,skipped,skipped,skipped,4,10
6095,Matt KERR (Lab),Isabel NELSON (LD),Alistair WATSON (Lab),skipped,skipped,skipped,skipped,skipped,skipped,skipped,4,10
6096,Matt KERR (Lab),Isabel NELSON (LD),Alistair WATSON (Lab),skipped,skipped,skipped,skipped,skipped,skipped,skipped,4,10
6097,Matt KERR (Lab),Isabel NELSON (LD),Alistair WATSON (Lab),skipped,skipped,skipped,skipped,skipped,skipped,skipped,4,10
6098,Matt KERR (Lab),Isabel NELSON (LD),Alistair WATSON (Lab),skipped,skipped,skipped,skipped,skipped,skipped,skipped,4,10
6099,Matt KERR (Lab),Isabel NELSON (LD),Alistair WATSON (Lab),skipped,skipped,skipped,skipped,skipped,skipped,skipped,4,10
6100,Matt KERR (Lab),Isabel NELSON (LD),Alistair WATSON (Lab),Iris GIBSON (SNP),Gordon MACDIARMID (Glasgow First),Janice MACKAY (UKIP),Jayne Ann MORGAN (Con),Ian RUFFELL (Grn),Gail SHERIDAN (Sol),Jim TORRANCE (SNP),4,10
6101,Matt KERR (Lab),Isabel NELSON (LD),Alistair WATSON (Lab),Jayne Ann MORGAN (Con),Iris GIBSON (SNP),Jim TORRANCE (SNP),Janice MACKAY (UKIP),Gordon MACDIARMID (Glasgow First),Ian RUFFELL (Grn),Gail SHERIDAN (Sol),4,10
6102,Matt KERR (Lab),Isabel NELSON (LD),Gordon MACDIARMID (Glasgow First),skipped,skipped,skipped,skipped,skipped,skipped,skipped,4,10
6103,Matt KERR (Lab),Isabel NELSON (LD),Gordon MACDIARMID (Glasgow First),skipped,skipped,skipped,skipped,skipped,skipped,skipped,4,10
6104,Matt KERR (Lab),Isabel NELSON (LD),Ian RUFFELL (Grn),Alistair WATSON (Lab),Gail SHERIDAN (Sol),skipped,skipped,skipped,skipped,skipped,4,10
6105,Matt KERR (Lab),Isabel NELSON (LD),Ian RUFFELL (Grn),Gordon MACDIARMID (Glasgow First),skipped,skipped,skipped,skipped,skipped,skipped,4,10
6106,Matt KERR (Lab),Isabel NELSON (LD),Gail SHERIDAN (Sol),skipped,skipped,skipped,skipped,skipped,skipped,skipped,4,10
6107,Matt KERR (Lab),Isabel NELSON (LD),Gail SHERIDAN (Sol),Alistair WATSON (Lab),Gordon MACDIARMID (Glasgow First),skipped,skipped,skipped,skipped,skipped,4,10
6108,Matt KERR (Lab),Isabel NELSON (LD),Gail SHERIDAN (Sol),Alistair WATSON (Lab),Gordon MACDIARMID (Glasgow First),Jayne Ann MORGAN (Con),Ian RUFFELL (Grn),Janice MACKAY (UKIP),skipped,skipped,4,10
6109,Matt KERR (Lab),Isabel NELSON (LD),Gail SHERIDAN (Sol),Jim TORRANCE (SNP),Alistair WATSON (Lab),Gordon MACDIARMID (Glasgow First),Iris GIBSON (SNP),skipped,skipped,skipped,4,10
6110,Matt KERR (Lab),Ian RUFFELL (Grn),skipped,skipped,skipped,skipped,skipped,skipped,skipped,skipped,4,10
6111,Matt KERR (Lab),Ian RUFFELL (Grn),skipped,skipped,skipped,skipped,skipped,skipped,skipped,skipped,4,10
6112,Matt KERR (Lab),Ian RUFFELL (Grn),skipped,skipped,skipped,skipped,skipped,skipped,skipped,skipped,4,10
6113,Matt KERR (Lab),Ian RUFFELL (Grn),skipped,skipped,skipped,skipped,skipped,skipped,skipped,skipped,4,10
6114,Matt KERR (Lab),Ian RUFFELL (Grn),skipped,skipped,skipped,skipped,skipped,skipped,skipped,skipped,4,10
6115,Matt KERR (Lab),Ian RUFFELL (Grn),skipped,skipped,skipped,skipped,skipped,skipped,skipped,skipped,4,10
6116,Matt KERR (Lab),Ian RUFFELL (Grn),skipped,skipped,skipped,skipped,skipped,skipped,skipped,skipped,4,10
6117,Matt KERR (Lab),Ian RUFFELL (Grn),Alistair WATSON (Lab),skipped,skipped,skipped,skipped,skipped,skipped,skipped,4,10
6118,Matt KERR (Lab),Ian RUFFELL (Grn),Alistair WATSON (Lab),skipped,skipped,skipped,skipped,skipped,skipped,skipped,4,10
6119,Matt KERR (Lab),Ian RUFFELL (Grn),Alistair WATSON (Lab),skipped,skipped,skipped,skipped,skipped,skipped,skipped,4,10
6120,Matt KERR (Lab),Ian RUFFELL (Grn),Alistair WATSON (Lab),skipped,skipped,skipped,skipped,skipped,skipped,skipped,4,10
6121,Matt KERR (Lab),Ian RUFFELL (Grn),Alistair WATSON (Lab),skipped,skipped,skipped,skipped,skipped,skipped,skipped,4,10
6122,Matt KERR (Lab),Ian RUFFELL (Grn),Alistair WATSON (Lab),skipped,skipped,skipped,skipped,skipped,skipped,skipped,4,10
6123,Matt KERR (Lab),Ian RUFFELL (Grn),Alistair WATSON (Lab),skipped,skipped,skipped,skipped,skipped,skipped,skipped,4,10
6124,Matt KERR (Lab),Ian RUFFELL (Grn),Alistair WATSON (Lab),skipped,skipped,skipped,skipped,skipped,skipped,skipped,4,10
6125,Matt KERR (Lab),Ian RUFFELL (Grn),Alistair WATSON (Lab),skipped,skipped,skipped,skipped,skipped,skipped,skipped,4,10
6126,Matt KERR (Lab),Ian RUFFELL (Grn),Alistair WATSON (Lab),skipped,skipped,skipped,skipped,skipped,skipped,skipped,4,10
6127,Matt KERR (Lab),Ian RUFFELL (Grn),Alistair WATSON (Lab),skipped,skipped,skipped,skipped,skipped,skipped,skipped,4,10
6128,Matt KERR (Lab),Ian RUFFELL (Grn),Alistair WATSON (Lab),skipped,skipped,skipped,skipped,skipped,skipped,skipped,4,10
6129,Matt KERR (Lab),Ian RUFFELL (Grn),Alistair WATSON (Lab),Iris GIBSON (SNP),skipped,skipped,skipped,skipped,skipped,skipped,4,10
6130,Matt KERR (Lab),Ian RUFFELL (Grn),Alistair WATSON (Lab),Gordon MACDIARMID (Glasgow First),skipped,skipped,skipped,skipped,skipped,skipped,4,10
6131,Matt KERR (Lab),Ian RUFFELL (Grn),Alistair WATSON (Lab),Gordon MACDIARMID (Glasgow First),Isabel NELSON (LD),Jim TORRANCE (SNP),Gail SHERIDAN (Sol),Iris GIBSON (SNP),Jayne Ann MORGAN (Con),Janice MACKAY (UKIP),4,10
6132,Matt KERR (Lab),Ian RUFFELL (Grn),Alistair WATSON (Lab),Gail SHERIDAN (Sol),skipped,skipped,skipped,skipped,skipped,skipped,4,10
6133,Matt KERR (Lab),Ian RUFFELL (Grn),Gordon MACDIARMID (Glasgow First),Iris GIBSON (SNP),skipped,skipped,skipped,skipped,skipped,skipped,4,10
6134,Matt KERR (Lab),Ian RUFFELL (Grn),Gordon MACDIARMID (Glasgow First),Janice MACKAY (UKIP),skipped,skipped,skipped,skipped,skipped,skipped,4,10
6135,Matt KERR (Lab),Ian RUFFELL (Grn),Gordon MACDIARMID (Glasgow First),Isabel NELSON (LD),Jim TORRANCE (SNP),Alistair WATSON (Lab),Gail SHERIDAN (Sol),Jayne Ann MORGAN (Con),Janice MACKAY (UKIP),Iris GIBSON (SNP),4,10
6136,Matt KERR (Lab),Ian RUFFELL (Grn),Janice MACKAY (UKIP),skipped,skipped,skipped,skipped,skipped,skipped,skipped,4,10
6137,Matt KERR (Lab),Ian RUFFELL (Grn),Gail SHERIDAN (Sol),skipped,skipped,skipped,skipped,skipped,skipped,skipped,4,10
6138,Matt KERR (Lab),Ian RUFFELL (Grn),Gail SHERIDAN (Sol),Iris GIBSON (SNP),skipped,skipped,skipped,skipped,skipped,skipped,4,10
6139,Matt KERR (Lab),Ian RUFFELL (Grn),Gail SHERIDAN (Sol),Alistair WATSON (Lab),skipped,skipped,skipped,skipped,skipped,skipped,4,10
6140,Matt KERR (Lab),Ian RUFFELL (Grn),Gail SHERIDAN (Sol),Alistair WATSON (Lab),Jim TORRANCE (SNP),Isabel NELSON (LD),Gordon MACDIARMID (Glasgow First),Iris GIBSON (SNP),Janice MACKAY (UKIP),Jayne Ann MORGAN (Con),4,10
6141,Matt KERR (Lab),Ian RUFFELL (Grn),Jim TORRANCE (SNP),skipped,skipped,skipped,skipped,skipped,skipped,skipped,4,10
6142,Matt KERR (Lab),Ian RUFFELL (Grn),Jim TORRANCE (SNP),Jayne Ann MORGAN (Con),skipped,skipped,skipped,skipped,skipped,skipped,4,10
6143,Matt KERR (Lab),Gail SHERIDAN (Sol),skipped,skipped,skipped,skipped,skipped,skipped,skipped,skipped,4,10
6144,Matt KERR (Lab),Gail SHERIDAN (Sol),skipped,skipped,skipped,skipped,skipped,skipped,skipped,skipped,4,10
6145,Matt KERR (Lab),Gail SHERIDAN (Sol),skipped,skipped,skipped,skipped,skipped,skipped,skipped,skipped,4,10
6146,Matt KERR (Lab),Gail SHERIDAN (Sol),skipped,skipped,skipped,skipped,skipped,skipped,skipped,skipped,4,10
6147,Matt KERR (Lab),Gail SHERIDAN (Sol),skipped,skipped,skipped,skipped,skipped,skipped,skipped,skipped,4,10
6148,Matt KERR (Lab),Gail SHERIDAN (Sol),skipped,skipped,skipped,skipped,skipped,skipped,skipped,skipped,4,10
6149,Matt KERR (Lab),Gail SHERIDAN (Sol),skipped,skipped,skipped,skipped,skipped,skipped,skipped,skipped,4,10
6150,Matt KERR (Lab),Gail SHERIDAN (Sol),skipped,skipped,skipped,skipped,skipped,skipped,skipped,skipped,4,10
6151,Matt KERR (Lab),Gail SHERIDAN (Sol),skipped,skipped,skipped,skipped,skipped,skipped,skipped,skipped,4,10
6152,Matt KERR (Lab),Gail SHERIDAN (Sol),skipped,skipped,skipped,skipped,skipped,skipped,skipped,skipped,4,10
6153,Matt KERR (Lab),Gail SHERIDAN (Sol),skipped,skipped,skipped,skipped,skipped,skipped,skipped,skipped,4,10
6154,Matt KERR (Lab),Gail SHERIDAN (Sol),skipped,skipped,skipped,skipped,skipped,skipped,skipped,skipped,4,10
6155,Matt KERR (Lab),Gail SHERIDAN (Sol),skipped,skipped,skipped,skipped,skipped,skipped,skipped,skipped,4,10
6156,Matt KERR (Lab),Gail SHERIDAN (Sol),Iris GIBSON (SNP),skipped,skipped,skipped,skipped,skipped,skipped,skipped,4,10
6157,Matt KERR (Lab),Gail SHERIDAN (Sol),Iris GIBSON (SNP),skipped,skipped,skipped,skipped,skipped,skipped,skipped,4,10
6158,Matt KERR (Lab),Gail SHERIDAN (Sol),Iris GIBSON (SNP),skipped,skipped,skipped,skipped,skipped,skipped,skipped,4,10
6159,Matt KERR (Lab),Gail SHERIDAN (Sol),Iris GIBSON (SNP),skipped,skipped,skipped,skipped,skipped,skipped,skipped,4,10
6160,Matt KERR (Lab),Gail SHERIDAN (Sol),Iris GIBSON (SNP),skipped,skipped,skipped,skipped,skipped,skipped,skipped,4,10
6161,Matt KERR (Lab),Gail SHERIDAN (Sol),Iris GIBSON (SNP),Isabel NELSON (LD),skipped,skipped,skipped,skipped,skipped,skipped,4,10
6162,Matt KERR (Lab),Gail SHERIDAN (Sol),Iris GIBSON (SNP),Ian RUFFELL (Grn),skipped,skipped,skipped,skipped,skipped,skipped,4,10
6163,Matt KERR (Lab),Gail SHERIDAN (Sol),Alistair WATSON (Lab),skipped,skipped,skipped,skipped,skipped,skipped,skipped,4,10
6164,Matt KERR (Lab),Gail SHERIDAN (Sol),Alistair WATSON (Lab),skipped,skipped,skipped,skipped,skipped,skipped,skipped,4,10
6165,Matt KERR (Lab),Gail SHERIDAN (Sol),Alistair WATSON (Lab),skipped,skipped,skipped,skipped,skipped,skipped,skipped,4,10
6166,Matt KERR (Lab),Gail SHERIDAN (Sol),Alistair WATSON (Lab),skipped,skipped,skipped,skipped,skipped,skipped,skipped,4,10
6167,Matt KERR (Lab),Gail SHERIDAN (Sol),Alistair WATSON (Lab),skipped,skipped,skipped,skipped,skipped,skipped,skipped,4,10
6168,Matt KERR (Lab),Gail SHERIDAN (Sol),Alistair WATSON (Lab),skipped,skipped,skipped,skipped,skipped,skipped,skipped,4,10
6169,Matt KERR (Lab),Gail SHERIDAN (Sol),Alistair WATSON (Lab),skipped,skipped,skipped,skipped,skipped,skipped,skipped,4,10
6170,Matt KERR (Lab),Gail SHERIDAN (Sol),Alistair WATSON (Lab),skipped,skipped,skipped,skipped,skipped,skipped,skipped,4,10
6171,Matt KERR (Lab),Gail SHERIDAN (Sol),Alistair WATSON (Lab),skipped,skipped,skipped,skipped,skipped,skipped,skipped,4,10
6172,Matt KERR (Lab),Gail SHERIDAN (Sol),Alistair WATSON (Lab),skipped,skipped,skipped,skipped,skipped,skipped,skipped,4,10
6173,Matt KERR (Lab),Gail SHERIDAN (Sol),Alistair WATSON (Lab),skipped,skipped,skipped,skipped,skipped,skipped,skipped,4,10
6174,Matt KERR (Lab),Gail SHERIDAN (Sol),Alistair WATSON (Lab),skipped,skipped,skipped,skipped,skipped,skipped,skipped,4,10
6175,Matt KERR (Lab),Gail SHERIDAN (Sol),Alistair WATSON (Lab),skipped,skipped,skipped,skipped,skipped,skipped,skipped,4,10
6176,Matt KERR (Lab),Gail SHERIDAN (Sol),Alistair WATSON (Lab),skipped,skipped,skipped,skipped,skipped,skipped,skipped,4,10
6177,Matt KERR (Lab),Gail SHERIDAN (Sol),Alistair WATSON (Lab),skipped,skipped,skipped,skipped,skipped,skipped,skipped,4,10
6178,Matt KERR (Lab),Gail SHERIDAN (Sol),Alistair WATSON (Lab),skipped,skipped,skipped,skipped,skipped,skipped,skipped,4,10
6179,Matt KERR (Lab),Gail SHERIDAN (Sol),Alistair WATSON (Lab),skipped,skipped,skipped,skipped,skipped,skipped,skipped,4,10
6180,Matt KERR (Lab),Gail SHERIDAN (Sol),Alistair WATSON (Lab),skipped,skipped,skipped,skipped,skipped,skipped,skipped,4,10
6181,Matt KERR (Lab),Gail SHERIDAN (Sol),Alistair WATSON (Lab),skipped,skipped,skipped,skipped,skipped,skipped,skipped,4,10
6182,Matt KERR (Lab),Gail SHERIDAN (Sol),Alistair WATSON (Lab),skipped,skipped,skipped,skipped,skipped,skipped,skipped,4,10
6183,Matt KERR (Lab),Gail SHERIDAN (Sol),Alistair WATSON (Lab),skipped,skipped,skipped,skipped,skipped,skipped,skipped,4,10
6184,Matt KERR (Lab),Gail SHERIDAN (Sol),Alistair WATSON (Lab),skipped,skipped,skipped,skipped,skipped,skipped,skipped,4,10
6185,Matt KERR (Lab),Gail SHERIDAN (Sol),Alistair WATSON (Lab),skipped,skipped,skipped,skipped,skipped,skipped,skipped,4,10
6186,Matt KERR (Lab),Gail SHERIDAN (Sol),Alistair WATSON (Lab),skipped,skipped,skipped,skipped,skipped,skipped,skipped,4,10
6187,Matt KERR (Lab),Gail SHERIDAN (Sol),Alistair WATSON (Lab),skipped,skipped,skipped,skipped,skipped,skipped,skipped,4,10
6188,Matt KERR (Lab),Gail SHERIDAN (Sol),Alistair WATSON (Lab),skipped,skipped,skipped,skipped,skipped,skipped,skipped,4,10
6189,Matt KERR (Lab),Gail SHERIDAN (Sol),Alistair WATSON (Lab),skipped,skipped,skipped,skipped,skipped,skipped,skipped,4,10
6190,Matt KERR (Lab),Gail SHERIDAN (Sol),Alistair WATSON (Lab),skipped,skipped,skipped,skipped,skipped,skipped,skipped,4,10
6191,Matt KERR (Lab),Gail SHERIDAN (Sol),Alistair WATSON (Lab),skipped,skipped,skipped,skipped,skipped,skipped,skipped,4,10
6192,Matt KERR (Lab),Gail SHERIDAN (Sol),Alistair WATSON (Lab),skipped,skipped,skipped,skipped,skipped,skipped,skipped,4,10
6193,Matt KERR (Lab),Gail SHERIDAN (Sol),Alistair WATSON (Lab),skipped,skipped,skipped,skipped,skipped,skipped,skipped,4,10
6194,Matt KERR (Lab),Gail SHERIDAN (Sol),Alistair WATSON (Lab),Iris GIBSON (SNP),skipped,skipped,skipped,skipped,skipped,skipped,4,10
6195,Matt KERR (Lab),Gail SHERIDAN (Sol),Alistair WATSON (Lab),Iris GIBSON (SNP),skipped,skipped,skipped,skipped,skipped,skipped,4,10
6196,Matt KERR (Lab),Gail SHERIDAN (Sol),Alistair WATSON (Lab),Gordon MACDIARMID (Glasgow First),skipped,skipped,skipped,skipped,skipped,skipped,4,10
6197,Matt KERR (Lab),Gail SHERIDAN (Sol),Alistair WATSON (Lab),Gordon MACDIARMID (Glasgow First),skipped,skipped,skipped,skipped,skipped,skipped,4,10
6198,Matt KERR (Lab),Gail SHERIDAN (Sol),Alistair WATSON (Lab),Gordon MACDIARMID (Glasgow First),skipped,skipped,skipped,skipped,skipped,skipped,4,10
6199,Matt KERR (Lab),Gail SHERIDAN (Sol),Alistair WATSON (Lab),Ian RUFFELL (Grn),skipped,skipped,skipped,skipped,skipped,skipped,4,10
6200,Matt KERR (Lab),Gail SHERIDAN (Sol),Alistair WATSON (Lab),Ian RUFFELL (Grn),skipped,skipped,skipped,skipped,skipped,skipped,4,10
6201,Matt KERR (Lab),Gail SHERIDAN (Sol),Alistair WATSON (Lab),Ian RUFFELL (Grn),skipped,skipped,skipped,skipped,skipped,skipped,4,10
6202,Matt KERR (Lab),Gail SHERIDAN (Sol),Alistair WATSON (Lab),Ian RUFFELL (Grn),Gordon MACDIARMID (Glasgow First),skipped,skipped,skipped,skipped,skipped,4,10
6203,Matt KERR (Lab),Gail SHERIDAN (Sol),Alistair WATSON (Lab),Ian RUFFELL (Grn),Janice MACKAY (UKIP),Gordon MACDIARMID (Glasgow First),Isabel NELSON (LD),Iris GIBSON (SNP),Jayne Ann MORGAN (Con),Jim TORRANCE (SNP),4,10
6204,Matt KERR (Lab),Gail SHERIDAN (Sol),Alistair WATSON (Lab),Jim TORRANCE (SNP),Iris GIBSON (SNP),skipped,skipped,skipped,skipped,skipped,4,10
6205,Matt KERR (Lab),Gail SHERIDAN (Sol),Alistair WATSON (Lab),Jim TORRANCE (SNP),Iris GIBSON (SNP),Ian RUFFELL (Grn),skipped,skipped,skipped,skipped,4,10
6206,Matt KERR (Lab),Gail SHERIDAN (Sol),Gordon MACDIARMID (Glasgow First),skipped,skipped,skipped,skipped,skipped,skipped,skipped,4,10
6207,Matt KERR (Lab),Gail SHERIDAN (Sol),Gordon MACDIARMID (Glasgow First),skipped,skipped,skipped,skipped,skipped,skipped,skipped,4,10
6208,Matt KERR (Lab),Gail SHERIDAN (Sol),Gordon MACDIARMID (Glasgow First),Iris GIBSON (SNP),Janice MACKAY (UKIP),Jim TORRANCE (SNP),Alistair WATSON (Lab),Ian RUFFELL (Grn),skipped,skipped,4,10
6209,Matt KERR (Lab),Gail SHERIDAN (Sol),Gordon MACDIARMID (Glasgow First),Janice MACKAY (UKIP),skipped,skipped,skipped,skipped,skipped,skipped,4,10
6210,Matt KERR (Lab),Gail SHERIDAN (Sol),Janice MACKAY (UKIP),skipped,skipped,skipped,skipped,skipped,skipped,skipped,4,10
6211,Matt KERR (Lab),Gail SHERIDAN (Sol),Janice MACKAY (UKIP),Alistair WATSON (Lab),skipped,skipped,skipped,skipped,skipped,skipped,4,10
6212,Matt KERR (Lab),Gail SHERIDAN (Sol),Janice MACKAY (UKIP),Ian RUFFELL (Grn),Alistair WATSON (Lab),Iris GIBSON (SNP),Jim TORRANCE (SNP),Isabel NELSON (LD),Gordon MACDIARMID (Glasgow First),Jayne Ann MORGAN (Con),4,10
6213,Matt KERR (Lab),Gail SHERIDAN (Sol),Jayne Ann MORGAN (Con),skipped,skipped,skipped,skipped,skipped,skipped,skipped,4,10
6214,Matt KERR (Lab),Gail SHERIDAN (Sol),Jayne Ann MORGAN (Con),skipped,skipped,skipped,skipped,skipped,skipped,skipped,4,10
6215,Matt KERR (Lab),Gail SHERIDAN (Sol),Ian RUFFELL (Grn),skipped,skipped,skipped,skipped,skipped,skipped,skipped,4,10
6216,Matt KERR (Lab),Gail SHERIDAN (Sol),Ian RUFFELL (Grn),skipped,skipped,skipped,skipped,skipped,skipped,skipped,4,10
6217,Matt KERR (Lab),Gail SHERIDAN (Sol),Ian RUFFELL (Grn),Alistair WATSON (Lab),skipped,skipped,skipped,skipped,skipped,skipped,4,10
6218,Matt KERR (Lab),Gail SHERIDAN (Sol),Ian RUFFELL (Grn),Alistair WATSON (Lab),Janice MACKAY (UKIP),Gordon MACDIARMID (Glasgow First),Isabel NELSON (LD),Jayne Ann MORGAN (Con),Jim TORRANCE (SNP),Iris GIBSON (SNP),4,10
6219,Matt KERR (Lab),Gail SHERIDAN (Sol),Ian RUFFELL (Grn),Alistair WATSON (Lab),Jim TORRANCE (SNP),Iris GIBSON (SNP),skipped,skipped,skipped,skipped,4,10
6220,Matt KERR (Lab),Gail SHERIDAN (Sol),Ian RUFFELL (Grn),Gordon MACDIARMID (Glasgow First),skipped,skipped,skipped,skipped,skipped,skipped,4,10
6221,Matt KERR (Lab),Gail SHERIDAN (Sol),Jim TORRANCE (SNP),skipped,skipped,skipped,skipped,skipped,skipped,skipped,4,10
6222,Matt KERR (Lab),Gail SHERIDAN (Sol),Jim TORRANCE (SNP),Iris GIBSON (SNP),Alistair WATSON (Lab),Ian RUFFELL (Grn),Isabel NELSON (LD),Jayne Ann MORGAN (Con),Janice MACKAY (UKIP),Gordon MACDIARMID (Glasgow First),4,10
6223,Matt KERR (Lab),Gail SHERIDAN (Sol),Jim TORRANCE (SNP),Isabel NELSON (LD),skipped,skipped,skipped,skipped,skipped,skipped,4,10
6224,Matt KERR (Lab),Jim TORRANCE (SNP),skipped,skipped,skipped,skipped,skipped,skipped,skipped,skipped,4,10
6225,Matt KERR (Lab),Jim TORRANCE (SNP),skipped,skipped,skipped,skipped,skipped,skipped,skipped,skipped,4,10
6226,Matt KERR (Lab),Jim TORRANCE (SNP),skipped,skipped,skipped,skipped,skipped,skipped,skipped,skipped,4,10
6227,Matt KERR (Lab),Jim TORRANCE (SNP),skipped,skipped,skipped,skipped,skipped,skipped,skipped,skipped,4,10
6228,Matt KERR (Lab),Jim TORRANCE (SNP),skipped,skipped,skipped,skipped,skipped,skipped,skipped,skipped,4,10
6229,Matt KERR (Lab),Jim TORRANCE (SNP),skipped,skipped,skipped,skipped,skipped,skipped,skipped,skipped,4,10
6230,Matt KERR (Lab),Jim TORRANCE (SNP),Iris GIBSON (SNP),skipped,skipped,skipped,skipped,skipped,skipped,skipped,4,10
6231,Matt KERR (Lab),Jim TORRANCE (SNP),Iris GIBSON (SNP),skipped,skipped,skipped,skipped,skipped,skipped,skipped,4,10
6232,Matt KERR (Lab),Jim TORRANCE (SNP),Iris GIBSON (SNP),skipped,skipped,skipped,skipped,skipped,skipped,skipped,4,10
6233,Matt KERR (Lab),Jim TORRANCE (SNP),Iris GIBSON (SNP),skipped,skipped,skipped,skipped,skipped,skipped,skipped,4,10
6234,Matt KERR (Lab),Jim TORRANCE (SNP),Iris GIBSON (SNP),skipped,skipped,skipped,skipped,skipped,skipped,skipped,4,10
6235,Matt KERR (Lab),Jim TORRANCE (SNP),Iris GIBSON (SNP),Alistair WATSON (Lab),skipped,skipped,skipped,skipped,skipped,skipped,4,10
6236,Matt KERR (Lab),Jim TORRANCE (SNP),Alistair WATSON (Lab),skipped,skipped,skipped,skipped,skipped,skipped,skipped,4,10
6237,Matt KERR (Lab),Jim TORRANCE (SNP),Alistair WATSON (Lab),skipped,skipped,skipped,skipped,skipped,skipped,skipped,4,10
6238,Matt KERR (Lab),Jim TORRANCE (SNP),Alistair WATSON (Lab),skipped,skipped,skipped,skipped,skipped,skipped,skipped,4,10
6239,Matt KERR (Lab),Jim TORRANCE (SNP),Alistair WATSON (Lab),skipped,skipped,skipped,skipped,skipped,skipped,skipped,4,10
6240,Matt KERR (Lab),Jim TORRANCE (SNP),Alistair WATSON (Lab),skipped,skipped,skipped,skipped,skipped,skipped,skipped,4,10
6241,Matt KERR (Lab),Jim TORRANCE (SNP),Alistair WATSON (Lab),Iris GIBSON (SNP),skipped,skipped,skipped,skipped,skipped,skipped,4,10
6242,Matt KERR (Lab),Jim TORRANCE (SNP),Alistair WATSON (Lab),Iris GIBSON (SNP),skipped,skipped,skipped,skipped,skipped,skipped,4,10
6243,Matt KERR (Lab),Jim TORRANCE (SNP),Alistair WATSON (Lab),Iris GIBSON (SNP),skipped,skipped,skipped,skipped,skipped,skipped,4,10
6244,Matt KERR (Lab),Jim TORRANCE (SNP),Alistair WATSON (Lab),Iris GIBSON (SNP),skipped,skipped,skipped,skipped,skipped,skipped,4,10
6245,Matt KERR (Lab),Jim TORRANCE (SNP),Alistair WATSON (Lab),Iris GIBSON (SNP),Gordon MACDIARMID (Glasgow First),skipped,skipped,skipped,skipped,skipped,4,10
6246,Matt KERR (Lab),Jim TORRANCE (SNP),Alistair WATSON (Lab),Iris GIBSON (SNP),Ian RUFFELL (Grn),Gordon MACDIARMID (Glasgow First),Janice MACKAY (UKIP),Isabel NELSON (LD),Jayne Ann MORGAN (Con),Gail SHERIDAN (Sol),4,10
6247,Matt KERR (Lab),Jim TORRANCE (SNP),Alistair WATSON (Lab),Gail SHERIDAN (Sol),Ian RUFFELL (Grn),Iris GIBSON (SNP),skipped,skipped,skipped,skipped,4,10
6248,Matt KERR (Lab),Jim TORRANCE (SNP),Gordon MACDIARMID (Glasgow First),skipped,skipped,skipped,skipped,skipped,skipped,skipped,4,10
6249,Matt KERR (Lab),Jim TORRANCE (SNP),Gordon MACDIARMID (Glasgow First),skipped,skipped,skipped,skipped,skipped,skipped,skipped,4,10
6250,Matt KERR (Lab),Jim TORRANCE (SNP),Jayne Ann MORGAN (Con),skipped,skipped,skipped,skipped,skipped,skipped,skipped,4,10
6251,Matt KERR (Lab),Jim TORRANCE (SNP),Jayne Ann MORGAN (Con),skipped,skipped,skipped,skipped,skipped,skipped,skipped,4,10
6252,Matt KERR (Lab),Jim TORRANCE (SNP),Isabel NELSON (LD),skipped,skipped,skipped,skipped,skipped,skipped,skipped,4,10
6253,Matt KERR (Lab),Jim TORRANCE (SNP),Ian RUFFELL (Grn),skipped,skipped,skipped,skipped,skipped,skipped,skipped,4,10
6254,Matt KERR (Lab),Jim TORRANCE (SNP),Ian RUFFELL (Grn),skipped,skipped,skipped,skipped,skipped,skipped,skipped,4,10
6255,Matt KERR (Lab),Jim TORRANCE (SNP),Ian RUFFELL (Grn),Gordon MACDIARMID (Glasgow First),Jayne Ann MORGAN (Con),Janice MACKAY (UKIP),Gail SHERIDAN (Sol),Iris GIBSON (SNP),Isabel NELSON (LD),Alistair WATSON (Lab),4,10
6256,Matt KERR (Lab),Jim TORRANCE (SNP),Gail SHERIDAN (Sol),skipped,skipped,skipped,skipped,skipped,skipped,skipped,4,10
6257,Gordon MACDIARMID (Glasgow First),skipped,skipped,skipped,skipped,skipped,skipped,skipped,skipped,skipped,4,10
6258,Gordon MACDIARMID (Glasgow First),skipped,skipped,skipped,skipped,skipped,skipped,skipped,skipped,skipped,4,10
6259,Gordon MACDIARMID (Glasgow First),skipped,skipped,skipped,skipped,skipped,skipped,skipped,skipped,skipped,4,10
6260,Gordon MACDIARMID (Glasgow First),skipped,skipped,skipped,skipped,skipped,skipped,skipped,skipped,skipped,4,10
6261,Gordon MACDIARMID (Glasgow First),skipped,skipped,skipped,skipped,skipped,skipped,skipped,skipped,skipped,4,10
6262,Gordon MACDIARMID (Glasgow First),skipped,skipped,skipped,skipped,skipped,skipped,skipped,skipped,skipped,4,10
6263,Gordon MACDIARMID (Glasgow First),skipped,skipped,skipped,skipped,skipped,skipped,skipped,skipped,skipped,4,10
6264,Gordon MACDIARMID (Glasgow First),skipped,skipped,skipped,skipped,skipped,skipped,skipped,skipped,skipped,4,10
6265,Gordon MACDIARMID (Glasgow First),skipped,skipped,skipped,skipped,skipped,skipped,skipped,skipped,skipped,4,10
6266,Gordon MACDIARMID (Glasgow First),skipped,skipped,skipped,skipped,skipped,skipped,skipped,skipped,skipped,4,10
6267,Gordon MACDIARMID (Glasgow First),skipped,skipped,skipped,skipped,skipped,skipped,skipped,skipped,skipped,4,10
6268,Gordon MACDIARMID (Glasgow First),skipped,skipped,skipped,skipped,skipped,skipped,skipped,skipped,skipped,4,10
6269,Gordon MACDIARMID (Glasgow First),skipped,skipped,skipped,skipped,skipped,skipped,skipped,skipped,skipped,4,10
6270,Gordon MACDIARMID (Glasgow First),skipped,skipped,skipped,skipped,skipped,skipped,skipped,skipped,skipped,4,10
6271,Gordon MACDIARMID (Glasgow First),skipped,skipped,skipped,skipped,skipped,skipped,skipped,skipped,skipped,4,10
6272,Gordon MACDIARMID (Glasgow First),skipped,skipped,skipped,skipped,skipped,skipped,skipped,skipped,skipped,4,10
6273,Gordon MACDIARMID (Glasgow First),skipped,skipped,skipped,skipped,skipped,skipped,skipped,skipped,skipped,4,10
6274,Gordon MACDIARMID (Glasgow First),skipped,skipped,skipped,skipped,skipped,skipped,skipped,skipped,skipped,4,10
6275,Gordon MACDIARMID (Glasgow First),skipped,skipped,skipped,skipped,skipped,skipped,skipped,skipped,skipped,4,10
6276,Gordon MACDIARMID (Glasgow First),skipped,skipped,skipped,skipped,skipped,skipped,skipped,skipped,skipped,4,10
6277,Gordon MACDIARMID (Glasgow First),skipped,skipped,skipped,skipped,skipped,skipped,skipped,skipped,skipped,4,10
6278,Gordon MACDIARMID (Glasgow First),skipped,skipped,skipped,skipped,skipped,skipped,skipped,skipped,skipped,4,10
6279,Gordon MACDIARMID (Glasgow First),skipped,skipped,skipped,skipped,skipped,skipped,skipped,skipped,skipped,4,10
6280,Gordon MACDIARMID (Glasgow First),skipped,skipped,skipped,skipped,skipped,skipped,skipped,skipped,skipped,4,10
6281,Gordon MACDIARMID (Glasgow First),skipped,skipped,skipped,skipped,skipped,skipped,skipped,skipped,skipped,4,10
6282,Gordon MACDIARMID (Glasgow First),Iris GIBSON (SNP),skipped,skipped,skipped,skipped,skipped,skipped,skipped,skipped,4,10
6283,Gordon MACDIARMID (Glasgow First),Iris GIBSON (SNP),skipped,skipped,skipped,skipped,skipped,skipped,skipped,skipped,4,10
6284,Gordon MACDIARMID (Glasgow First),Iris GIBSON (SNP),Alistair WATSON (Lab),skipped,skipped,skipped,skipped,skipped,skipped,skipped,4,10
6285,Gordon MACDIARMID (Glasgow First),Iris GIBSON (SNP),Matt KERR (Lab),skipped,skipped,skipped,skipped,skipped,skipped,skipped,4,10
6286,Gordon MACDIARMID (Glasgow First),Iris GIBSON (SNP),Matt KERR (Lab),skipped,skipped,skipped,skipped,skipped,skipped,skipped,4,10
6287,Gordon MACDIARMID (Glasgow First),Iris GIBSON (SNP),Matt KERR (Lab),Alistair WATSON (Lab),Jim TORRANCE (SNP),Ian RUFFELL (Grn),Isabel NELSON (LD),Jayne Ann MORGAN (Con),Janice MACKAY (UKIP),Gail SHERIDAN (Sol),4,10
6288,Gordon MACDIARMID (Glasgow First),Iris GIBSON (SNP),Matt KERR (Lab),Isabel NELSON (LD),Ian RUFFELL (Grn),skipped,skipped,skipped,skipped,skipped,4,10
6289,Gordon MACDIARMID (Glasgow First),Iris GIBSON (SNP),Isabel NELSON (LD),skipped,skipped,skipped,skipped,skipped,skipped,skipped,4,10
6290,Gordon MACDIARMID (Glasgow First),Iris GIBSON (SNP),Isabel NELSON (LD),skipped,skipped,skipped,skipped,skipped,skipped,skipped,4,10
6291,Gordon MACDIARMID (Glasgow First),Iris GIBSON (SNP),Isabel NELSON (LD),skipped,skipped,skipped,skipped,skipped,skipped,skipped,4,10
6292,Gordon MACDIARMID (Glasgow First),Iris GIBSON (SNP),Isabel NELSON (LD),Janice MACKAY (UKIP),skipped,skipped,skipped,skipped,skipped,skipped,4,10
6293,Gordon MACDIARMID (Glasgow First),Iris GIBSON (SNP),Gail SHERIDAN (Sol),skipped,skipped,skipped,skipped,skipped,skipped,skipped,4,10
6294,Gordon MACDIARMID (Glasgow First),Iris GIBSON (SNP),Gail SHERIDAN (Sol),Ian RUFFELL (Grn),Matt KERR (Lab),skipped,skipped,skipped,skipped,skipped,4,10
6295,Gordon MACDIARMID (Glasgow First),Iris GIBSON (SNP),Gail SHERIDAN (Sol),Jim TORRANCE (SNP),skipped,skipped,skipped,skipped,skipped,skipped,4,10
6296,Gordon MACDIARMID (Glasgow First),Iris GIBSON (SNP),Jim TORRANCE (SNP),skipped,skipped,skipped,skipped,skipped,skipped,skipped,4,10
6297,Gordon MACDIARMID (Glasgow First),Alistair WATSON (Lab),skipped,skipped,skipped,skipped,skipped,skipped,skipped,skipped,4,10
6298,Gordon MACDIARMID (Glasgow First),Alistair WATSON (Lab),skipped,skipped,skipped,skipped,skipped,skipped,skipped,skipped,4,10
6299,Gordon MACDIARMID (Glasgow First),Alistair WATSON (Lab),Matt KERR (Lab),skipped,skipped,skipped,skipped,skipped,skipped,skipped,4,10
6300,Gordon MACDIARMID (Glasgow First),Alistair WATSON (Lab),Matt KERR (Lab),skipped,skipped,skipped,skipped,skipped,skipped,skipped,4,10
6301,Gordon MACDIARMID (Glasgow First),Alistair WATSON (Lab),Matt KERR (Lab),skipped,skipped,skipped,skipped,skipped,skipped,skipped,4,10
6302,Gordon MACDIARMID (Glasgow First),Alistair WATSON (Lab),Matt KERR (Lab),skipped,skipped,skipped,skipped,skipped,skipped,skipped,4,10
6303,Gordon MACDIARMID (Glasgow First),Alistair WATSON (Lab),Matt KERR (Lab),skipped,skipped,skipped,skipped,skipped,skipped,skipped,4,10
6304,Gordon MACDIARMID (Glasgow First),Alistair WATSON (Lab),Matt KERR (Lab),skipped,skipped,skipped,skipped,skipped,skipped,skipped,4,10
6305,Gordon MACDIARMID (Glasgow First),Alistair WATSON (Lab),Matt KERR (Lab),skipped,skipped,skipped,skipped,skipped,skipped,skipped,4,10
6306,Gordon MACDIARMID (Glasgow First),Alistair WATSON (Lab),Matt KERR (Lab),skipped,skipped,skipped,skipped,skipped,skipped,skipped,4,10
6307,Gordon MACDIARMID (Glasgow First),Alistair WATSON (Lab),Matt KERR (Lab),skipped,skipped,skipped,skipped,skipped,skipped,skipped,4,10
6308,Gordon MACDIARMID (Glasgow First),Alistair WATSON (Lab),Matt KERR (Lab),Iris GIBSON (SNP),skipped,skipped,skipped,skipped,skipped,skipped,4,10
6309,Gordon MACDIARMID (Glasgow First),Alistair WATSON (Lab),Matt KERR (Lab),Iris GIBSON (SNP),skipped,skipped,skipped,skipped,skipped,skipped,4,10
6310,Gordon MACDIARMID (Glasgow First),Alistair WATSON (Lab),Matt KERR (Lab),Iris GIBSON (SNP),Gail SHERIDAN (Sol),skipped,skipped,skipped,skipped,skipped,4,10
6311,Gordon MACDIARMID (Glasgow First),Alistair WATSON (Lab),Matt KERR (Lab),Ian RUFFELL (Grn),Janice MACKAY (UKIP),skipped,skipped,skipped,skipped,skipped,4,10
6312,Gordon MACDIARMID (Glasgow First),Alistair WATSON (Lab),Matt KERR (Lab),Gail SHERIDAN (Sol),skipped,skipped,skipped,skipped,skipped,skipped,4,10
6313,Gordon MACDIARMID (Glasgow First),Alistair WATSON (Lab),Matt KERR (Lab),Gail SHERIDAN (Sol),Jim TORRANCE (SNP),Iris GIBSON (SNP),skipped,skipped,skipped,skipped,4,10
6314,Gordon MACDIARMID (Glasgow First),Alistair WATSON (Lab),Gail SHERIDAN (Sol),Matt KERR (Lab),skipped,skipped,skipped,skipped,skipped,skipped,4,10
6315,Gordon MACDIARMID (Glasgow First),Alistair WATSON (Lab),Gail SHERIDAN (Sol),Matt KERR (Lab),skipped,skipped,skipped,skipped,skipped,skipped,4,10
6316,Gordon MACDIARMID (Glasgow First),Matt KERR (Lab),skipped,skipped,skipped,skipped,skipped,skipped,skipped,skipped,4,10
6317,Gordon MACDIARMID (Glasgow First),Matt KERR (Lab),skipped,skipped,skipped,skipped,skipped,skipped,skipped,skipped,4,10
6318,Gordon MACDIARMID (Glasgow First),Matt KERR (Lab),skipped,skipped,skipped,skipped,skipped,skipped,skipped,skipped,4,10
6319,Gordon MACDIARMID (Glasgow First),Matt KERR (Lab),skipped,skipped,skipped,skipped,skipped,skipped,skipped,skipped,4,10
6320,Gordon MACDIARMID (Glasgow First),Matt KERR (Lab),skipped,skipped,skipped,skipped,skipped,skipped,skipped,skipped,4,10
6321,Gordon MACDIARMID (Glasgow First),Matt KERR (Lab),skipped,skipped,skipped,skipped,skipped,skipped,skipped,skipped,4,10
6322,Gordon MACDIARMID (Glasgow First),Matt KERR (Lab),Iris GIBSON (SNP),skipped,skipped,skipped,skipped,skipped,skipped,skipped,4,10
6323,Gordon MACDIARMID (Glasgow First),Matt KERR (Lab),Iris GIBSON (SNP),skipped,skipped,skipped,skipped,skipped,skipped,skipped,4,10
6324,Gordon MACDIARMID (Glasgow First),Matt KERR (Lab),Alistair WATSON (Lab),skipped,skipped,skipped,skipped,skipped,skipped,skipped,4,10
6325,Gordon MACDIARMID (Glasgow First),Matt KERR (Lab),Alistair WATSON (Lab),skipped,skipped,skipped,skipped,skipped,skipped,skipped,4,10
6326,Gordon MACDIARMID (Glasgow First),Matt KERR (Lab),Alistair WATSON (Lab),skipped,skipped,skipped,skipped,skipped,skipped,skipped,4,10
6327,Gordon MACDIARMID (Glasgow First),Matt KERR (Lab),Alistair WATSON (Lab),skipped,skipped,skipped,skipped,skipped,skipped,skipped,4,10
6328,Gordon MACDIARMID (Glasgow First),Matt KERR (Lab),Alistair WATSON (Lab),skipped,skipped,skipped,skipped,skipped,skipped,skipped,4,10
6329,Gordon MACDIARMID (Glasgow First),Matt KERR (Lab),Alistair WATSON (Lab),skipped,skipped,skipped,skipped,skipped,skipped,skipped,4,10
6330,Gordon MACDIARMID (Glasgow First),Matt KERR (Lab),Alistair WATSON (Lab),Iris GIBSON (SNP),skipped,skipped,skipped,skipped,skipped,skipped,4,10
6331,Gordon MACDIARMID (Glasgow First),Matt KERR (Lab),Alistair WATSON (Lab),Iris GIBSON (SNP),skipped,skipped,skipped,skipped,skipped,skipped,4,10
6332,Gordon MACDIARMID (Glasgow First),Matt KERR (Lab),Alistair WATSON (Lab),Janice MACKAY (UKIP),skipped,skipped,skipped,skipped,skipped,skipped,4,10
6333,Gordon MACDIARMID (Glasgow First),Matt KERR (Lab),Alistair WATSON (Lab),Gail SHERIDAN (Sol),Iris GIBSON (SNP),Isabel NELSON (LD),Ian RUFFELL (Grn),Jim TORRANCE (SNP),Jayne Ann MORGAN (Con),Janice MACKAY (UKIP),4,10
6334,Gordon MACDIARMID (Glasgow First),Matt KERR (Lab),Janice MACKAY (UKIP),skipped,skipped,skipped,skipped,skipped,skipped,skipped,4,10
6335,Gordon MACDIARMID (Glasgow First),Matt KERR (Lab),Janice MACKAY (UKIP),Iris GIBSON (SNP),Ian RUFFELL (Grn),skipped,skipped,skipped,skipped,skipped,4,10
6336,Gordon MACDIARMID (Glasgow First),Matt KERR (Lab),Isabel NELSON (LD),Alistair WATSON (Lab),Jim TORRANCE (SNP),skipped,skipped,skipped,skipped,skipped,4,10
6337,Gordon MACDIARMID (Glasgow First),Matt KERR (Lab),Gail SHERIDAN (Sol),skipped,skipped,skipped,skipped,skipped,skipped,skipped,4,10
6338,Gordon MACDIARMID (Glasgow First),Matt KERR (Lab),Jim TORRANCE (SNP),skipped,skipped,skipped,skipped,skipped,skipped,skipped,4,10
6339,Gordon MACDIARMID (Glasgow First),Janice MACKAY (UKIP),skipped,skipped,skipped,skipped,skipped,skipped,skipped,skipped,4,10
6340,Gordon MACDIARMID (Glasgow First),Janice MACKAY (UKIP),skipped,skipped,skipped,skipped,skipped,skipped,skipped,skipped,4,10
6341,Gordon MACDIARMID (Glasgow First),Janice MACKAY (UKIP),Iris GIBSON (SNP),skipped,skipped,skipped,skipped,skipped,skipped,skipped,4,10
6342,Gordon MACDIARMID (Glasgow First),Janice MACKAY (UKIP),Alistair WATSON (Lab),skipped,skipped,skipped,skipped,skipped,skipped,skipped,4,10
6343,Gordon MACDIARMID (Glasgow First),Janice MACKAY (UKIP),Isabel NELSON (LD),skipped,skipped,skipped,skipped,skipped,skipped,skipped,4,10
6344,Gordon MACDIARMID (Glasgow First),Janice MACKAY (UKIP),Isabel NELSON (LD),skipped,skipped,skipped,skipped,skipped,skipped,skipped,4,10
6345,Gordon MACDIARMID (Glasgow First),Janice MACKAY (UKIP),Ian RUFFELL (Grn),skipped,skipped,skipped,skipped,skipped,skipped,skipped,4,10
6346,Gordon MACDIARMID (Glasgow First),Janice MACKAY (UKIP),Ian RUFFELL (Grn),skipped,skipped,skipped,skipped,skipped,skipped,skipped,4,10
6347,Gordon MACDIARMID (Glasgow First),Janice MACKAY (UKIP),Ian RUFFELL (Grn),skipped,skipped,skipped,skipped,skipped,skipped,skipped,4,10
6348,Gordon MACDIARMID (Glasgow First),Janice MACKAY (UKIP),Ian RUFFELL (Grn),skipped,skipped,skipped,skipped,skipped,skipped,skipped,4,10
6349,Gordon MACDIARMID (Glasgow First),Janice MACKAY (UKIP),Ian RUFFELL (Grn),skipped,skipped,skipped,skipped,skipped,skipped,skipped,4,10
6350,Gordon MACDIARMID (Glasgow First),Janice MACKAY (UKIP),Ian RUFFELL (Grn),Alistair WATSON (Lab),skipped,skipped,skipped,skipped,skipped,skipped,4,10
6351,Gordon MACDIARMID (Glasgow First),Janice MACKAY (UKIP),Ian RUFFELL (Grn),Gail SHERIDAN (Sol),skipped,skipped,skipped,skipped,skipped,skipped,4,10
6352,Gordon MACDIARMID (Glasgow First),Janice MACKAY (UKIP),Gail SHERIDAN (Sol),Ian RUFFELL (Grn),skipped,skipped,skipped,skipped,skipped,skipped,4,10
6353,Gordon MACDIARMID (Glasgow First),Janice MACKAY (UKIP),Gail SHERIDAN (Sol),Ian RUFFELL (Grn),Matt KERR (Lab),skipped,skipped,skipped,skipped,skipped,4,10
6354,Gordon MACDIARMID (Glasgow First),Janice MACKAY (UKIP),Jim TORRANCE (SNP),Iris GIBSON (SNP),Jayne Ann MORGAN (Con),skipped,skipped,skipped,skipped,skipped,4,10
6355,Gordon MACDIARMID (Glasgow First),Jayne Ann MORGAN (Con),skipped,skipped,skipped,skipped,skipped,skipped,skipped,skipped,4,10
6356,Gordon MACDIARMID (Glasgow First),Jayne Ann MORGAN (Con),skipped,skipped,skipped,skipped,skipped,skipped,skipped,skipped,4,10
6357,Gordon MACDIARMID (Glasgow First),Jayne Ann MORGAN (Con),skipped,skipped,skipped,skipped,skipped,skipped,skipped,skipped,4,10
6358,Gordon MACDIARMID (Glasgow First),Jayne Ann MORGAN (Con),skipped,skipped,skipped,skipped,skipped,skipped,skipped,skipped,4,10
6359,Gordon MACDIARMID (Glasgow First),Jayne Ann MORGAN (Con),Alistair WATSON (Lab),Iris GIBSON (SNP),Matt KERR (Lab),skipped,skipped,skipped,skipped,skipped,4,10
6360,Gordon MACDIARMID (Glasgow First),Jayne Ann MORGAN (Con),Alistair WATSON (Lab),Ian RUFFELL (Grn),Iris GIBSON (SNP),skipped,skipped,skipped,skipped,skipped,4,10
6361,Gordon MACDIARMID (Glasgow First),Jayne Ann MORGAN (Con),Ian RUFFELL (Grn),skipped,skipped,skipped,skipped,skipped,skipped,skipped,4,10
6362,Gordon MACDIARMID (Glasgow First),Jayne Ann MORGAN (Con),Ian RUFFELL (Grn),skipped,skipped,skipped,skipped,skipped,skipped,skipped,4,10
6363,Gordon MACDIARMID (Glasgow First),Jayne Ann MORGAN (Con),Ian RUFFELL (Grn),skipped,skipped,skipped,skipped,skipped,skipped,skipped,4,10
6364,Gordon MACDIARMID (Glasgow First),Jayne Ann MORGAN (Con),Jim TORRANCE (SNP),Alistair WATSON (Lab),skipped,skipped,skipped,skipped,skipped,skipped,4,10
6365,Gordon MACDIARMID (Glasgow First),Isabel NELSON (LD),skipped,skipped,skipped,skipped,skipped,skipped,skipped,skipped,4,10
6366,Gordon MACDIARMID (Glasgow First),Isabel NELSON (LD),skipped,skipped,skipped,skipped,skipped,skipped,skipped,skipped,4,10
6367,Gordon MACDIARMID (Glasgow First),Isabel NELSON (LD),Jayne Ann MORGAN (Con),Ian RUFFELL (Grn),Janice MACKAY (UKIP),Iris GIBSON (SNP),Jim TORRANCE (SNP),Matt KERR (Lab),Alistair WATSON (Lab),Gail SHERIDAN (Sol),4,10
6368,Gordon MACDIARMID (Glasgow First),Ian RUFFELL (Grn),skipped,skipped,skipped,skipped,skipped,skipped,skipped,skipped,4,10
6369,Gordon MACDIARMID (Glasgow First),Ian RUFFELL (Grn),skipped,skipped,skipped,skipped,skipped,skipped,skipped,skipped,4,10
6370,Gordon MACDIARMID (Glasgow First),Ian RUFFELL (Grn),skipped,skipped,skipped,skipped,skipped,skipped,skipped,skipped,4,10
6371,Gordon MACDIARMID (Glasgow First),Ian RUFFELL (Grn),skipped,skipped,skipped,skipped,skipped,skipped,skipped,skipped,4,10
6372,Gordon MACDIARMID (Glasgow First),Ian RUFFELL (Grn),skipped,skipped,skipped,skipped,skipped,skipped,skipped,skipped,4,10
6373,Gordon MACDIARMID (Glasgow First),Ian RUFFELL (Grn),Iris GIBSON (SNP),skipped,skipped,skipped,skipped,skipped,skipped,skipped,4,10
6374,Gordon MACDIARMID (Glasgow First),Ian RUFFELL (Grn),Iris GIBSON (SNP),skipped,skipped,skipped,skipped,skipped,skipped,skipped,4,10
6375,Gordon MACDIARMID (Glasgow First),Ian RUFFELL (Grn),Iris GIBSON (SNP),Jim TORRANCE (SNP),Alistair WATSON (Lab),Gail SHERIDAN (Sol),Matt KERR (Lab),Isabel NELSON (LD),Jayne Ann MORGAN (Con),Janice MACKAY (UKIP),4,10
6376,Gordon MACDIARMID (Glasgow First),Ian RUFFELL (Grn),Alistair WATSON (Lab),skipped,skipped,skipped,skipped,skipped,skipped,skipped,4,10
6377,Gordon MACDIARMID (Glasgow First),Ian RUFFELL (Grn),Alistair WATSON (Lab),skipped,skipped,skipped,skipped,skipped,skipped,skipped,4,10
6378,Gordon MACDIARMID (Glasgow First),Ian RUFFELL (Grn),Matt KERR (Lab),skipped,skipped,skipped,skipped,skipped,skipped,skipped,4,10
6379,Gordon MACDIARMID (Glasgow First),Ian RUFFELL (Grn),Janice MACKAY (UKIP),Gail SHERIDAN (Sol),skipped,skipped,skipped,skipped,skipped,skipped,4,10
6380,Gordon MACDIARMID (Glasgow First),Ian RUFFELL (Grn),Jim TORRANCE (SNP),Alistair WATSON (Lab),Matt KERR (Lab),Iris GIBSON (SNP),skipped,skipped,skipped,skipped,4,10
6381,Gordon MACDIARMID (Glasgow First),Gail SHERIDAN (Sol),skipped,skipped,skipped,skipped,skipped,skipped,skipped,skipped,4,10
6382,Gordon MACDIARMID (Glasgow First),Gail SHERIDAN (Sol),skipped,skipped,skipped,skipped,skipped,skipped,skipped,skipped,4,10
6383,Gordon MACDIARMID (Glasgow First),Gail SHERIDAN (Sol),skipped,skipped,skipped,skipped,skipped,skipped,skipped,skipped,4,10
6384,Gordon MACDIARMID (Glasgow First),Gail SHERIDAN (Sol),skipped,skipped,skipped,skipped,skipped,skipped,skipped,skipped,4,10
6385,Gordon MACDIARMID (Glasgow First),Gail SHERIDAN (Sol),skipped,skipped,skipped,skipped,skipped,skipped,skipped,skipped,4,10
6386,Gordon MACDIARMID (Glasgow First),Gail SHERIDAN (Sol),Alistair WATSON (Lab),skipped,skipped,skipped,skipped,skipped,skipped,skipped,4,10
6387,Gordon MACDIARMID (Glasgow First),Gail SHERIDAN (Sol),Alistair WATSON (Lab),Matt KERR (Lab),Jim TORRANCE (SNP),skipped,skipped,skipped,skipped,skipped,4,10
6388,Gordon MACDIARMID (Glasgow First),Gail SHERIDAN (Sol),Janice MACKAY (UKIP),skipped,skipped,skipped,skipped,skipped,skipped,skipped,4,10
6389,Gordon MACDIARMID (Glasgow First),Gail SHERIDAN (Sol),Janice MACKAY (UKIP),Ian RUFFELL (Grn),Matt KERR (Lab),Alistair WATSON (Lab),Jayne Ann MORGAN (Con),Isabel NELSON (LD),Iris GIBSON (SNP),Jim TORRANCE (SNP),4,10
6390,Gordon MACDIARMID (Glasgow First),Gail SHERIDAN (Sol),Jayne Ann MORGAN (Con),skipped,skipped,skipped,skipped,skipped,skipped,skipped,4,10
6391,Gordon MACDIARMID (Glasgow First),Gail SHERIDAN (Sol),Jim TORRANCE (SNP),Isabel NELSON (LD),Janice MACKAY (UKIP),Alistair WATSON (Lab),Matt KERR (Lab),Iris GIBSON (SNP),Jayne Ann MORGAN (Con),Ian RUFFELL (Grn),4,10
6392,Gordon MACDIARMID (Glasgow First),Jim TORRANCE (SNP),skipped,skipped,skipped,skipped,skipped,skipped,skipped,skipped,4,10
6393,Gordon MACDIARMID (Glasgow First),Jim TORRANCE (SNP),skipped,skipped,skipped,skipped,skipped,skipped,skipped,skipped,4,10
6394,Gordon MACDIARMID (Glasgow First),Jim TORRANCE (SNP),Iris GIBSON (SNP),skipped,skipped,skipped,skipped,skipped,skipped,skipped,4,10
6395,Gordon MACDIARMID (Glasgow First),Jim TORRANCE (SNP),Iris GIBSON (SNP),skipped,skipped,skipped,skipped,skipped,skipped,skipped,4,10
6396,Gordon MACDIARMID (Glasgow First),Jim TORRANCE (SNP),Iris GIBSON (SNP),skipped,skipped,skipped,skipped,skipped,skipped,skipped,4,10
6397,Gordon MACDIARMID (Glasgow First),Jim TORRANCE (SNP),Iris GIBSON (SNP),skipped,skipped,skipped,skipped,skipped,skipped,skipped,4,10
6398,Gordon MACDIARMID (Glasgow First),Jim TORRANCE (SNP),Iris GIBSON (SNP),Matt KERR (Lab),Alistair WATSON (Lab),Janice MACKAY (UKIP),Ian RUFFELL (Grn),Gail SHERIDAN (Sol),Isabel NELSON (LD),Jayne Ann MORGAN (Con),4,10
6399,Gordon MACDIARMID (Glasgow First),Jim TORRANCE (SNP),Alistair WATSON (Lab),Iris GIBSON (SNP),Isabel NELSON (LD),skipped,skipped,skipped,skipped,skipped,4,10
6400,Gordon MACDIARMID (Glasgow First),Jim TORRANCE (SNP),Matt KERR (Lab),skipped,skipped,skipped,skipped,skipped,skipped,skipped,4,10
6401,Gordon MACDIARMID (Glasgow First),Jim TORRANCE (SNP),Janice MACKAY (UKIP),skipped,skipped,skipped,skipped,skipped,skipped,skipped,4,10
6402,Gordon MACDIARMID (Glasgow First),Jim TORRANCE (SNP),Isabel NELSON (LD),Jayne Ann MORGAN (Con),skipped,skipped,skipped,skipped,skipped,skipped,4,10
6403,Gordon MACDIARMID (Glasgow First),Jim TORRANCE (SNP),Gail SHERIDAN (Sol),skipped,skipped,skipped,skipped,skipped,skipped,skipped,4,10
6404,Janice MACKAY (UKIP),skipped,skipped,skipped,skipped,skipped,skipped,skipped,skipped,skipped,4,10
6405,Janice MACKAY (UKIP),skipped,skipped,skipped,skipped,skipped,skipped,skipped,skipped,skipped,4,10
6406,Janice MACKAY (UKIP),skipped,skipped,skipped,skipped,skipped,skipped,skipped,skipped,skipped,4,10
6407,Janice MACKAY (UKIP),skipped,skipped,skipped,skipped,skipped,skipped,skipped,skipped,skipped,4,10
6408,Janice MACKAY (UKIP),skipped,skipped,skipped,skipped,skipped,skipped,skipped,skipped,skipped,4,10
6409,Janice MACKAY (UKIP),skipped,skipped,skipped,skipped,skipped,skipped,skipped,skipped,skipped,4,10
6410,Janice MACKAY (UKIP),skipped,skipped,skipped,skipped,skipped,skipped,skipped,skipped,skipped,4,10
6411,Janice MACKAY (UKIP),skipped,skipped,skipped,skipped,skipped,skipped,skipped,skipped,skipped,4,10
6412,Janice MACKAY (UKIP),skipped,skipped,skipped,skipped,skipped,skipped,skipped,skipped,skipped,4,10
6413,Janice MACKAY (UKIP),skipped,skipped,skipped,skipped,skipped,skipped,skipped,skipped,skipped,4,10
6414,Janice MACKAY (UKIP),skipped,skipped,skipped,skipped,skipped,skipped,skipped,skipped,skipped,4,10
6415,Janice MACKAY (UKIP),skipped,skipped,skipped,skipped,skipped,skipped,skipped,skipped,skipped,4,10
6416,Janice MACKAY (UKIP),skipped,skipped,skipped,skipped,skipped,skipped,skipped,skipped,skipped,4,10
6417,Janice MACKAY (UKIP),skipped,skipped,skipped,skipped,skipped,skipped,skipped,skipped,skipped,4,10
6418,Janice MACKAY (UKIP),skipped,skipped,skipped,skipped,skipped,skipped,skipped,skipped,skipped,4,10
6419,Janice MACKAY (UKIP),skipped,skipped,skipped,skipped,skipped,skipped,skipped,skipped,skipped,4,10
6420,Janice MACKAY (UKIP),Iris GIBSON (SNP),skipped,skipped,skipped,skipped,skipped,skipped,skipped,skipped,4,10
6421,Janice MACKAY (UKIP),Iris GIBSON (SNP),Jayne Ann MORGAN (Con),skipped,skipped,skipped,skipped,skipped,skipped,skipped,4,10
6422,Janice MACKAY (UKIP),Iris GIBSON (SNP),Jayne Ann MORGAN (Con),Jim TORRANCE (SNP),skipped,skipped,skipped,skipped,skipped,skipped,4,10
6423,Janice MACKAY (UKIP),Iris GIBSON (SNP),Gail SHERIDAN (Sol),Jim TORRANCE (SNP),Gordon MACDIARMID (Glasgow First),Ian RUFFELL (Grn),Alistair WATSON (Lab),Matt KERR (Lab),Isabel NELSON (LD),Jayne Ann MORGAN (Con),4,10
6424,Janice MACKAY (UKIP),Iris GIBSON (SNP),Jim TORRANCE (SNP),skipped,skipped,skipped,skipped,skipped,skipped,skipped,4,10
6425,Janice MACKAY (UKIP),Iris GIBSON (SNP),Jim TORRANCE (SNP),skipped,skipped,skipped,skipped,skipped,skipped,skipped,4,10
6426,Janice MACKAY (UKIP),Iris GIBSON (SNP),Jim TORRANCE (SNP),Jayne Ann MORGAN (Con),skipped,skipped,skipped,skipped,skipped,skipped,4,10
6427,Janice MACKAY (UKIP),Iris GIBSON (SNP),Jim TORRANCE (SNP),Gail SHERIDAN (Sol),skipped,skipped,skipped,skipped,skipped,skipped,4,10
6428,Janice MACKAY (UKIP),Alistair WATSON (Lab),skipped,skipped,skipped,skipped,skipped,skipped,skipped,skipped,4,10
6429,Janice MACKAY (UKIP),Alistair WATSON (Lab),skipped,skipped,skipped,skipped,skipped,skipped,skipped,skipped,4,10
6430,Janice MACKAY (UKIP),Alistair WATSON (Lab),Matt KERR (Lab),skipped,skipped,skipped,skipped,skipped,skipped,skipped,4,10
6431,Janice MACKAY (UKIP),Alistair WATSON (Lab),Gordon MACDIARMID (Glasgow First),skipped,skipped,skipped,skipped,skipped,skipped,skipped,4,10
6432,Janice MACKAY (UKIP),Alistair WATSON (Lab),Jayne Ann MORGAN (Con),Gordon MACDIARMID (Glasgow First),skipped,skipped,skipped,skipped,skipped,skipped,4,10
6433,Janice MACKAY (UKIP),Matt KERR (Lab),Iris GIBSON (SNP),skipped,skipped,skipped,skipped,skipped,skipped,skipped,4,10
6434,Janice MACKAY (UKIP),Matt KERR (Lab),Iris GIBSON (SNP),Alistair WATSON (Lab),Gail SHERIDAN (Sol),skipped,skipped,skipped,skipped,skipped,4,10
6435,Janice MACKAY (UKIP),Matt KERR (Lab),Alistair WATSON (Lab),skipped,skipped,skipped,skipped,skipped,skipped,skipped,4,10
6436,Janice MACKAY (UKIP),Matt KERR (Lab),Alistair WATSON (Lab),skipped,skipped,skipped,skipped,skipped,skipped,skipped,4,10
6437,Janice MACKAY (UKIP),Matt KERR (Lab),Alistair WATSON (Lab),skipped,skipped,skipped,skipped,skipped,skipped,skipped,4,10
6438,Janice MACKAY (UKIP),Matt KERR (Lab),Alistair WATSON (Lab),Ian RUFFELL (Grn),skipped,skipped,skipped,skipped,skipped,skipped,4,10
6439,Janice MACKAY (UKIP),Matt KERR (Lab),Gordon MACDIARMID (Glasgow First),Jayne Ann MORGAN (Con),Ian RUFFELL (Grn),Gail SHERIDAN (Sol),skipped,skipped,skipped,skipped,4,10
6440,Janice MACKAY (UKIP),Gordon MACDIARMID (Glasgow First),skipped,skipped,skipped,skipped,skipped,skipped,skipped,skipped,4,10
6441,Janice MACKAY (UKIP),Gordon MACDIARMID (Glasgow First),skipped,skipped,skipped,skipped,skipped,skipped,skipped,skipped,4,10
6442,Janice MACKAY (UKIP),Gordon MACDIARMID (Glasgow First),Jayne Ann MORGAN (Con),Ian RUFFELL (Grn),skipped,skipped,skipped,skipped,skipped,skipped,4,10
6443,Janice MACKAY (UKIP),Gordon MACDIARMID (Glasgow First),Isabel NELSON (LD),Jayne Ann MORGAN (Con),Ian RUFFELL (Grn),Jim TORRANCE (SNP),Iris GIBSON (SNP),Matt KERR (Lab),Alistair WATSON (Lab),Gail SHERIDAN (Sol),4,10
6444,Janice MACKAY (UKIP),Gordon MACDIARMID (Glasgow First),Ian RUFFELL (Grn),skipped,skipped,skipped,skipped,skipped,skipped,skipped,4,10
6445,Janice MACKAY (UKIP),Gordon MACDIARMID (Glasgow First),Ian RUFFELL (Grn),Gail SHERIDAN (Sol),Jim TORRANCE (SNP),Iris GIBSON (SNP),Matt KERR (Lab),Alistair WATSON (Lab),Isabel NELSON (LD),Jayne Ann MORGAN (Con),4,10
6446,Janice MACKAY (UKIP),Gordon MACDIARMID (Glasgow First),Gail SHERIDAN (Sol),skipped,skipped,skipped,skipped,skipped,skipped,skipped,4,10
6447,Janice MACKAY (UKIP),Jayne Ann MORGAN (Con),skipped,skipped,skipped,skipped,skipped,skipped,skipped,skipped,4,10
6448,Janice MACKAY (UKIP),Jayne Ann MORGAN (Con),skipped,skipped,skipped,skipped,skipped,skipped,skipped,skipped,4,10
6449,Janice MACKAY (UKIP),Jayne Ann MORGAN (Con),skipped,skipped,skipped,skipped,skipped,skipped,skipped,skipped,4,10
6450,Janice MACKAY (UKIP),Jayne Ann MORGAN (Con),skipped,skipped,skipped,skipped,skipped,skipped,skipped,skipped,4,10
6451,Janice MACKAY (UKIP),Jayne Ann MORGAN (Con),skipped,skipped,skipped,skipped,skipped,skipped,skipped,skipped,4,10
6452,Janice MACKAY (UKIP),Jayne Ann MORGAN (Con),skipped,skipped,skipped,skipped,skipped,skipped,skipped,skipped,4,10
6453,Janice MACKAY (UKIP),Jayne Ann MORGAN (Con),skipped,skipped,skipped,skipped,skipped,skipped,skipped,skipped,4,10
6454,Janice MACKAY (UKIP),Jayne Ann MORGAN (Con),skipped,skipped,skipped,skipped,skipped,skipped,skipped,skipped,4,10
6455,Janice MACKAY (UKIP),Jayne Ann MORGAN (Con),skipped,skipped,skipped,skipped,skipped,skipped,skipped,skipped,4,10
6456,Janice MACKAY (UKIP),Jayne Ann MORGAN (Con),skipped,skipped,skipped,skipped,skipped,skipped,skipped,skipped,4,10
6457,Janice MACKAY (UKIP),Jayne Ann MORGAN (Con),skipped,skipped,skipped,skipped,skipped,skipped,skipped,skipped,4,10
6458,Janice MACKAY (UKIP),Jayne Ann MORGAN (Con),Iris GIBSON (SNP),skipped,skipped,skipped,skipped,skipped,skipped,skipped,4,10
6459,Janice MACKAY (UKIP),Jayne Ann MORGAN (Con),Iris GIBSON (SNP),Jim TORRANCE (SNP),skipped,skipped,skipped,skipped,skipped,skipped,4,10
6460,Janice MACKAY (UKIP),Jayne Ann MORGAN (Con),Alistair WATSON (Lab),skipped,skipped,skipped,skipped,skipped,skipped,skipped,4,10
6461,Janice MACKAY (UKIP),Jayne Ann MORGAN (Con),Matt KERR (Lab),skipped,skipped,skipped,skipped,skipped,skipped,skipped,4,10
6462,Janice MACKAY (UKIP),Jayne Ann MORGAN (Con),Gordon MACDIARMID (Glasgow First),skipped,skipped,skipped,skipped,skipped,skipped,skipped,4,10
6463,Janice MACKAY (UKIP),Jayne Ann MORGAN (Con),Gordon MACDIARMID (Glasgow First),skipped,skipped,skipped,skipped,skipped,skipped,skipped,4,10
6464,Janice MACKAY (UKIP),Jayne Ann MORGAN (Con),Gordon MACDIARMID (Glasgow First),Matt KERR (Lab),skipped,skipped,skipped,skipped,skipped,skipped,4,10
6465,Janice MACKAY (UKIP),Jayne Ann MORGAN (Con),Gordon MACDIARMID (Glasgow First),Ian RUFFELL (Grn),skipped,skipped,skipped,skipped,skipped,skipped,4,10
6466,Janice MACKAY (UKIP),Jayne Ann MORGAN (Con),Isabel NELSON (LD),skipped,skipped,skipped,skipped,skipped,skipped,skipped,4,10
6467,Janice MACKAY (UKIP),Jayne Ann MORGAN (Con),Isabel NELSON (LD),Ian RUFFELL (Grn),skipped,skipped,skipped,skipped,skipped,skipped,4,10
6468,Janice MACKAY (UKIP),Jayne Ann MORGAN (Con),Isabel NELSON (LD),Ian RUFFELL (Grn),Iris GIBSON (SNP),Jim TORRANCE (SNP),Gordon MACDIARMID (Glasgow First),skipped,skipped,skipped,4,10
6469,Janice MACKAY (UKIP),Jayne Ann MORGAN (Con),Gail SHERIDAN (Sol),Alistair WATSON (Lab),Isabel NELSON (LD),Ian RUFFELL (Grn),Gordon MACDIARMID (Glasgow First),skipped,skipped,skipped,4,10
6470,Janice MACKAY (UKIP),Jayne Ann MORGAN (Con),Gail SHERIDAN (Sol),Gordon MACDIARMID (Glasgow First),skipped,skipped,skipped,skipped,skipped,skipped,4,10
6471,Janice MACKAY (UKIP),Jayne Ann MORGAN (Con),Jim TORRANCE (SNP),skipped,skipped,skipped,skipped,skipped,skipped,skipped,4,10
6472,Janice MACKAY (UKIP),Jayne Ann MORGAN (Con),Jim TORRANCE (SNP),Iris GIBSON (SNP),skipped,skipped,skipped,skipped,skipped,skipped,4,10
6473,Janice MACKAY (UKIP),Isabel NELSON (LD),skipped,skipped,skipped,skipped,skipped,skipped,skipped,skipped,4,10
6474,Janice MACKAY (UKIP),Isabel NELSON (LD),Gordon MACDIARMID (Glasgow First),skipped,skipped,skipped,skipped,skipped,skipped,skipped,4,10
6475,Janice MACKAY (UKIP),Isabel NELSON (LD),Ian RUFFELL (Grn),skipped,skipped,skipped,skipped,skipped,skipped,skipped,4,10
6476,Janice MACKAY (UKIP),Ian RUFFELL (Grn),skipped,skipped,skipped,skipped,skipped,skipped,skipped,skipped,4,10
6477,Janice MACKAY (UKIP),Ian RUFFELL (Grn),Iris GIBSON (SNP),skipped,skipped,skipped,skipped,skipped,skipped,skipped,4,10
6478,Janice MACKAY (UKIP),Ian RUFFELL (Grn),Alistair WATSON (Lab),skipped,skipped,skipped,skipped,skipped,skipped,skipped,4,10
6479,Janice MACKAY (UKIP),Ian RUFFELL (Grn),Alistair WATSON (Lab),Matt KERR (Lab),skipped,skipped,skipped,skipped,skipped,skipped,4,10
6480,Janice MACKAY (UKIP),Ian RUFFELL (Grn),Gordon MACDIARMID (Glasgow First),skipped,skipped,skipped,skipped,skipped,skipped,skipped,4,10
6481,Janice MACKAY (UKIP),Ian RUFFELL (Grn),Gordon MACDIARMID (Glasgow First),skipped,skipped,skipped,skipped,skipped,skipped,skipped,4,10
6482,Janice MACKAY (UKIP),Ian RUFFELL (Grn),Isabel NELSON (LD),Gordon MACDIARMID (Glasgow First),Gail SHERIDAN (Sol),skipped,skipped,skipped,skipped,skipped,4,10
6483,Janice MACKAY (UKIP),Ian RUFFELL (Grn),Jim TORRANCE (SNP),Iris GIBSON (SNP),Gordon MACDIARMID (Glasgow First),Jayne Ann MORGAN (Con),Isabel NELSON (LD),Alistair WATSON (Lab),Matt KERR (Lab),Gail SHERIDAN (Sol),4,10
6484,Janice MACKAY (UKIP),Gail SHERIDAN (Sol),skipped,skipped,skipped,skipped,skipped,skipped,skipped,skipped,4,10
6485,Janice MACKAY (UKIP),Gail SHERIDAN (Sol),Alistair WATSON (Lab),skipped,skipped,skipped,skipped,skipped,skipped,skipped,4,10
6486,Janice MACKAY (UKIP),Gail SHERIDAN (Sol),Alistair WATSON (Lab),Matt KERR (Lab),skipped,skipped,skipped,skipped,skipped,skipped,4,10
6487,Janice MACKAY (UKIP),Gail SHERIDAN (Sol),Matt KERR (Lab),skipped,skipped,skipped,skipped,skipped,skipped,skipped,4,10
6488,Janice MACKAY (UKIP),Gail SHERIDAN (Sol),Gordon MACDIARMID (Glasgow First),skipped,skipped,skipped,skipped,skipped,skipped,skipped,4,10
6489,Janice MACKAY (UKIP),Jim TORRANCE (SNP),skipped,skipped,skipped,skipped,skipped,skipped,skipped,skipped,4,10
6490,Jayne Ann MORGAN (Con),skipped,skipped,skipped,skipped,skipped,skipped,skipped,skipped,skipped,4,10
6491,Jayne Ann MORGAN (Con),skipped,skipped,skipped,skipped,skipped,skipped,skipped,skipped,skipped,4,10
6492,Jayne Ann MORGAN (Con),skipped,skipped,skipped,skipped,skipped,skipped,skipped,skipped,skipped,4,10
6493,Jayne Ann MORGAN (Con),skipped,skipped,skipped,skipped,skipped,skipped,skipped,skipped,skipped,4,10
6494,Jayne Ann MORGAN (Con),skipped,skipped,skipped,skipped,skipped,skipped,skipped,skipped,skipped,4,10
6495,Jayne Ann MORGAN (Con),skipped,skipped,skipped,skipped,skipped,skipped,skipped,skipped,skipped,4,10
6496,Jayne Ann MORGAN (Con),skipped,skipped,skipped,skipped,skipped,skipped,skipped,skipped,skipped,4,10
6497,Jayne Ann MORGAN (Con),skipped,skipped,skipped,skipped,skipped,skipped,skipped,skipped,skipped,4,10
6498,Jayne Ann MORGAN (Con),skipped,skipped,skipped,skipped,skipped,skipped,skipped,skipped,skipped,4,10
6499,Jayne Ann MORGAN (Con),skipped,skipped,skipped,skipped,skipped,skipped,skipped,skipped,skipped,4,10
6500,Jayne Ann MORGAN (Con),skipped,skipped,skipped,skipped,skipped,skipped,skipped,skipped,skipped,4,10
6501,Jayne Ann MORGAN (Con),skipped,skipped,skipped,skipped,skipped,skipped,skipped,skipped,skipped,4,10
6502,Jayne Ann MORGAN (Con),skipped,skipped,skipped,skipped,skipped,skipped,skipped,skipped,skipped,4,10
6503,Jayne Ann MORGAN (Con),skipped,skipped,skipped,skipped,skipped,skipped,skipped,skipped,skipped,4,10
6504,Jayne Ann MORGAN (Con),skipped,skipped,skipped,skipped,skipped,skipped,skipped,skipped,skipped,4,10
6505,Jayne Ann MORGAN (Con),skipped,skipped,skipped,skipped,skipped,skipped,skipped,skipped,skipped,4,10
6506,Jayne Ann MORGAN (Con),skipped,skipped,skipped,skipped,skipped,skipped,skipped,skipped,skipped,4,10
6507,Jayne Ann MORGAN (Con),skipped,skipped,skipped,skipped,skipped,skipped,skipped,skipped,skipped,4,10
6508,Jayne Ann MORGAN (Con),skipped,skipped,skipped,skipped,skipped,skipped,skipped,skipped,skipped,4,10
6509,Jayne Ann MORGAN (Con),skipped,skipped,skipped,skipped,skipped,skipped,skipped,skipped,skipped,4,10
6510,Jayne Ann MORGAN (Con),skipped,skipped,skipped,skipped,skipped,skipped,skipped,skipped,skipped,4,10
6511,Jayne Ann MORGAN (Con),skipped,skipped,skipped,skipped,skipped,skipped,skipped,skipped,skipped,4,10
6512,Jayne Ann MORGAN (Con),skipped,skipped,skipped,skipped,skipped,skipped,skipped,skipped,skipped,4,10
6513,Jayne Ann MORGAN (Con),skipped,skipped,skipped,skipped,skipped,skipped,skipped,skipped,skipped,4,10
6514,Jayne Ann MORGAN (Con),skipped,skipped,skipped,skipped,skipped,skipped,skipped,skipped,skipped,4,10
6515,Jayne Ann MORGAN (Con),skipped,skipped,skipped,skipped,skipped,skipped,skipped,skipped,skipped,4,10
6516,Jayne Ann MORGAN (Con),skipped,skipped,skipped,skipped,skipped,skipped,skipped,skipped,skipped,4,10
6517,Jayne Ann MORGAN (Con),skipped,skipped,skipped,skipped,skipped,skipped,skipped,skipped,skipped,4,10
6518,Jayne Ann MORGAN (Con),skipped,skipped,skipped,skipped,skipped,skipped,skipped,skipped,skipped,4,10
6519,Jayne Ann MORGAN (Con),skipped,skipped,skipped,skipped,skipped,skipped,skipped,skipped,skipped,4,10
6520,Jayne Ann MORGAN (Con),skipped,skipped,skipped,skipped,skipped,skipped,skipped,skipped,skipped,4,10
6521,Jayne Ann MORGAN (Con),skipped,skipped,skipped,skipped,skipped,skipped,skipped,skipped,skipped,4,10
6522,Jayne Ann MORGAN (Con),skipped,skipped,skipped,skipped,skipped,skipped,skipped,skipped,skipped,4,10
6523,Jayne Ann MORGAN (Con),skipped,skipped,skipped,skipped,skipped,skipped,skipped,skipped,skipped,4,10
6524,Jayne Ann MORGAN (Con),skipped,skipped,skipped,skipped,skipped,skipped,skipped,skipped,skipped,4,10
6525,Jayne Ann MORGAN (Con),skipped,skipped,skipped,skipped,skipped,skipped,skipped,skipped,skipped,4,10
6526,Jayne Ann MORGAN (Con),skipped,skipped,skipped,skipped,skipped,skipped,skipped,skipped,skipped,4,10
6527,Jayne Ann MORGAN (Con),skipped,skipped,skipped,skipped,skipped,skipped,skipped,skipped,skipped,4,10
6528,Jayne Ann MORGAN (Con),skipped,skipped,skipped,skipped,skipped,skipped,skipped,skipped,skipped,4,10
6529,Jayne Ann MORGAN (Con),skipped,skipped,skipped,skipped,skipped,skipped,skipped,skipped,skipped,4,10
6530,Jayne Ann MORGAN (Con),skipped,skipped,skipped,skipped,skipped,skipped,skipped,skipped,skipped,4,10
6531,Jayne Ann MORGAN (Con),skipped,skipped,skipped,skipped,skipped,skipped,skipped,skipped,skipped,4,10
6532,Jayne Ann MORGAN (Con),skipped,skipped,skipped,skipped,skipped,skipped,skipped,skipped,skipped,4,10
6533,Jayne Ann MORGAN (Con),skipped,skipped,skipped,skipped,skipped,skipped,skipped,skipped,skipped,4,10
6534,Jayne Ann MORGAN (Con),skipped,skipped,skipped,skipped,skipped,skipped,skipped,skipped,skipped,4,10
6535,Jayne Ann MORGAN (Con),skipped,skipped,skipped,skipped,skipped,skipped,skipped,skipped,skipped,4,10
6536,Jayne Ann MORGAN (Con),skipped,skipped,skipped,skipped,skipped,skipped,skipped,skipped,skipped,4,10
6537,Jayne Ann MORGAN (Con),skipped,skipped,skipped,skipped,skipped,skipped,skipped,skipped,skipped,4,10
6538,Jayne Ann MORGAN (Con),skipped,skipped,skipped,skipped,skipped,skipped,skipped,skipped,skipped,4,10
6539,Jayne Ann MORGAN (Con),skipped,skipped,skipped,skipped,skipped,skipped,skipped,skipped,skipped,4,10
6540,Jayne Ann MORGAN (Con),skipped,skipped,skipped,skipped,skipped,skipped,skipped,skipped,skipped,4,10
6541,Jayne Ann MORGAN (Con),skipped,skipped,skipped,skipped,skipped,skipped,skipped,skipped,skipped,4,10
6542,Jayne Ann MORGAN (Con),skipped,skipped,skipped,skipped,skipped,skipped,skipped,skipped,skipped,4,10
6543,Jayne Ann MORGAN (Con),skipped,skipped,skipped,skipped,skipped,skipped,skipped,skipped,skipped,4,10
6544,Jayne Ann MORGAN (Con),skipped,skipped,skipped,skipped,skipped,skipped,skipped,skipped,skipped,4,10
6545,Jayne Ann MORGAN (Con),skipped,skipped,skipped,skipped,skipped,skipped,skipped,skipped,skipped,4,10
6546,Jayne Ann MORGAN (Con),skipped,skipped,skipped,skipped,skipped,skipped,skipped,skipped,skipped,4,10
6547,Jayne Ann MORGAN (Con),skipped,skipped,skipped,skipped,skipped,skipped,skipped,skipped,skipped,4,10
6548,Jayne Ann MORGAN (Con),skipped,skipped,skipped,skipped,skipped,skipped,skipped,skipped,skipped,4,10
6549,Jayne Ann MORGAN (Con),skipped,skipped,skipped,skipped,skipped,skipped,skipped,skipped,skipped,4,10
6550,Jayne Ann MORGAN (Con),skipped,skipped,skipped,skipped,skipped,skipped,skipped,skipped,skipped,4,10
6551,Jayne Ann MORGAN (Con),skipped,skipped,skipped,skipped,skipped,skipped,skipped,skipped,skipped,4,10
6552,Jayne Ann MORGAN (Con),skipped,skipped,skipped,skipped,skipped,skipped,skipped,skipped,skipped,4,10
6553,Jayne Ann MORGAN (Con),skipped,skipped,skipped,skipped,skipped,skipped,skipped,skipped,skipped,4,10
6554,Jayne Ann MORGAN (Con),skipped,skipped,skipped,skipped,skipped,skipped,skipped,skipped,skipped,4,10
6555,Jayne Ann MORGAN (Con),skipped,skipped,skipped,skipped,skipped,skipped,skipped,skipped,skipped,4,10
6556,Jayne Ann MORGAN (Con),skipped,skipped,skipped,skipped,skipped,skipped,skipped,skipped,skipped,4,10
6557,Jayne Ann MORGAN (Con),Iris GIBSON (SNP),skipped,skipped,skipped,skipped,skipped,skipped,skipped,skipped,4,10
6558,Jayne Ann MORGAN (Con),Iris GIBSON (SNP),skipped,skipped,skipped,skipped,skipped,skipped,skipped,skipped,4,10
6559,Jayne Ann MORGAN (Con),Iris GIBSON (SNP),skipped,skipped,skipped,skipped,skipped,skipped,skipped,skipped,4,10
6560,Jayne Ann MORGAN (Con),Iris GIBSON (SNP),Alistair WATSON (Lab),skipped,skipped,skipped,skipped,skipped,skipped,skipped,4,10
6561,Jayne Ann MORGAN (Con),Iris GIBSON (SNP),Alistair WATSON (Lab),skipped,skipped,skipped,skipped,skipped,skipped,skipped,4,10
6562,Jayne Ann MORGAN (Con),Iris GIBSON (SNP),Alistair WATSON (Lab),skipped,skipped,skipped,skipped,skipped,skipped,skipped,4,10
6563,Jayne Ann MORGAN (Con),Iris GIBSON (SNP),Alistair WATSON (Lab),Isabel NELSON (LD),skipped,skipped,skipped,skipped,skipped,skipped,4,10
6564,Jayne Ann MORGAN (Con),Iris GIBSON (SNP),Matt KERR (Lab),Alistair WATSON (Lab),skipped,skipped,skipped,skipped,skipped,skipped,4,10
6565,Jayne Ann MORGAN (Con),Iris GIBSON (SNP),Gordon MACDIARMID (Glasgow First),skipped,skipped,skipped,skipped,skipped,skipped,skipped,4,10
6566,Jayne Ann MORGAN (Con),Iris GIBSON (SNP),Gordon MACDIARMID (Glasgow First),Isabel NELSON (LD),Alistair WATSON (Lab),Matt KERR (Lab),Gail SHERIDAN (Sol),Janice MACKAY (UKIP),Jim TORRANCE (SNP),Ian RUFFELL (Grn),4,10
6567,Jayne Ann MORGAN (Con),Iris GIBSON (SNP),Isabel NELSON (LD),skipped,skipped,skipped,skipped,skipped,skipped,skipped,4,10
6568,Jayne Ann MORGAN (Con),Iris GIBSON (SNP),Isabel NELSON (LD),skipped,skipped,skipped,skipped,skipped,skipped,skipped,4,10
6569,Jayne Ann MORGAN (Con),Iris GIBSON (SNP),Isabel NELSON (LD),Gordon MACDIARMID (Glasgow First),Janice MACKAY (UKIP),Ian RUFFELL (Grn),Gail SHERIDAN (Sol),Jim TORRANCE (SNP),skipped,skipped,4,10
6570,Jayne Ann MORGAN (Con),Iris GIBSON (SNP),Isabel NELSON (LD),Jim TORRANCE (SNP),skipped,skipped,skipped,skipped,skipped,skipped,4,10
6571,Jayne Ann MORGAN (Con),Iris GIBSON (SNP),Ian RUFFELL (Grn),skipped,skipped,skipped,skipped,skipped,skipped,skipped,4,10
6572,Jayne Ann MORGAN (Con),Iris GIBSON (SNP),Jim TORRANCE (SNP),skipped,skipped,skipped,skipped,skipped,skipped,skipped,4,10
6573,Jayne Ann MORGAN (Con),Iris GIBSON (SNP),Jim TORRANCE (SNP),skipped,skipped,skipped,skipped,skipped,skipped,skipped,4,10
6574,Jayne Ann MORGAN (Con),Iris GIBSON (SNP),Jim TORRANCE (SNP),skipped,skipped,skipped,skipped,skipped,skipped,skipped,4,10
6575,Jayne Ann MORGAN (Con),Iris GIBSON (SNP),Jim TORRANCE (SNP),Alistair WATSON (Lab),skipped,skipped,skipped,skipped,skipped,skipped,4,10
6576,Jayne Ann MORGAN (Con),Iris GIBSON (SNP),Jim TORRANCE (SNP),Janice MACKAY (UKIP),Gordon MACDIARMID (Glasgow First),skipped,skipped,skipped,skipped,skipped,4,10
6577,Jayne Ann MORGAN (Con),Iris GIBSON (SNP),Jim TORRANCE (SNP),Gail SHERIDAN (Sol),skipped,skipped,skipped,skipped,skipped,skipped,4,10
6578,Jayne Ann MORGAN (Con),Alistair WATSON (Lab),skipped,skipped,skipped,skipped,skipped,skipped,skipped,skipped,4,10
6579,Jayne Ann MORGAN (Con),Alistair WATSON (Lab),Iris GIBSON (SNP),skipped,skipped,skipped,skipped,skipped,skipped,skipped,4,10
6580,Jayne Ann MORGAN (Con),Alistair WATSON (Lab),Iris GIBSON (SNP),skipped,skipped,skipped,skipped,skipped,skipped,skipped,4,10
6581,Jayne Ann MORGAN (Con),Alistair WATSON (Lab),Matt KERR (Lab),skipped,skipped,skipped,skipped,skipped,skipped,skipped,4,10
6582,Jayne Ann MORGAN (Con),Alistair WATSON (Lab),Matt KERR (Lab),skipped,skipped,skipped,skipped,skipped,skipped,skipped,4,10
6583,Jayne Ann MORGAN (Con),Alistair WATSON (Lab),Matt KERR (Lab),skipped,skipped,skipped,skipped,skipped,skipped,skipped,4,10
6584,Jayne Ann MORGAN (Con),Alistair WATSON (Lab),Matt KERR (Lab),skipped,skipped,skipped,skipped,skipped,skipped,skipped,4,10
6585,Jayne Ann MORGAN (Con),Alistair WATSON (Lab),Matt KERR (Lab),skipped,skipped,skipped,skipped,skipped,skipped,skipped,4,10
6586,Jayne Ann MORGAN (Con),Alistair WATSON (Lab),Matt KERR (Lab),skipped,skipped,skipped,skipped,skipped,skipped,skipped,4,10
6587,Jayne Ann MORGAN (Con),Alistair WATSON (Lab),Matt KERR (Lab),skipped,skipped,skipped,skipped,skipped,skipped,skipped,4,10
6588,Jayne Ann MORGAN (Con),Alistair WATSON (Lab),Matt KERR (Lab),skipped,skipped,skipped,skipped,skipped,skipped,skipped,4,10
6589,Jayne Ann MORGAN (Con),Alistair WATSON (Lab),Matt KERR (Lab),Janice MACKAY (UKIP),skipped,skipped,skipped,skipped,skipped,skipped,4,10
6590,Jayne Ann MORGAN (Con),Alistair WATSON (Lab),Matt KERR (Lab),Janice MACKAY (UKIP),Gail SHERIDAN (Sol),Jim TORRANCE (SNP),Iris GIBSON (SNP),Gordon MACDIARMID (Glasgow First),Isabel NELSON (LD),Ian RUFFELL (Grn),4,10
6591,Jayne Ann MORGAN (Con),Alistair WATSON (Lab),Matt KERR (Lab),Isabel NELSON (LD),skipped,skipped,skipped,skipped,skipped,skipped,4,10
6592,Jayne Ann MORGAN (Con),Alistair WATSON (Lab),Matt KERR (Lab),Isabel NELSON (LD),skipped,skipped,skipped,skipped,skipped,skipped,4,10
6593,Jayne Ann MORGAN (Con),Alistair WATSON (Lab),Matt KERR (Lab),Ian RUFFELL (Grn),skipped,skipped,skipped,skipped,skipped,skipped,4,10
6594,Jayne Ann MORGAN (Con),Alistair WATSON (Lab),Gordon MACDIARMID (Glasgow First),skipped,skipped,skipped,skipped,skipped,skipped,skipped,4,10
6595,Jayne Ann MORGAN (Con),Alistair WATSON (Lab),Gordon MACDIARMID (Glasgow First),skipped,skipped,skipped,skipped,skipped,skipped,skipped,4,10
6596,Jayne Ann MORGAN (Con),Alistair WATSON (Lab),Gordon MACDIARMID (Glasgow First),skipped,skipped,skipped,skipped,skipped,skipped,skipped,4,10
6597,Jayne Ann MORGAN (Con),Alistair WATSON (Lab),Gordon MACDIARMID (Glasgow First),skipped,skipped,skipped,skipped,skipped,skipped,skipped,4,10
6598,Jayne Ann MORGAN (Con),Alistair WATSON (Lab),Janice MACKAY (UKIP),skipped,skipped,skipped,skipped,skipped,skipped,skipped,4,10
6599,Jayne Ann MORGAN (Con),Alistair WATSON (Lab),Janice MACKAY (UKIP),Matt KERR (Lab),skipped,skipped,skipped,skipped,skipped,skipped,4,10
6600,Jayne Ann MORGAN (Con),Alistair WATSON (Lab),Janice MACKAY (UKIP),Gordon MACDIARMID (Glasgow First),skipped,skipped,skipped,skipped,skipped,skipped,4,10
6601,Jayne Ann MORGAN (Con),Alistair WATSON (Lab),Janice MACKAY (UKIP),Gordon MACDIARMID (Glasgow First),skipped,skipped,skipped,skipped,skipped,skipped,4,10
6602,Jayne Ann MORGAN (Con),Alistair WATSON (Lab),Isabel NELSON (LD),skipped,skipped,skipped,skipped,skipped,skipped,skipped,4,10
6603,Jayne Ann MORGAN (Con),Alistair WATSON (Lab),Ian RUFFELL (Grn),Matt KERR (Lab),Isabel NELSON (LD),skipped,skipped,skipped,skipped,skipped,4,10
6604,Jayne Ann MORGAN (Con),Alistair WATSON (Lab),Gail SHERIDAN (Sol),skipped,skipped,skipped,skipped,skipped,skipped,skipped,4,10
6605,Jayne Ann MORGAN (Con),Alistair WATSON (Lab),Gail SHERIDAN (Sol),Iris GIBSON (SNP),skipped,skipped,skipped,skipped,skipped,skipped,4,10
6606,Jayne Ann MORGAN (Con),Alistair WATSON (Lab),Jim TORRANCE (SNP),skipped,skipped,skipped,skipped,skipped,skipped,skipped,4,10
6607,Jayne Ann MORGAN (Con),Alistair WATSON (Lab),Jim TORRANCE (SNP),Matt KERR (Lab),Iris GIBSON (SNP),Isabel NELSON (LD),Janice MACKAY (UKIP),Gordon MACDIARMID (Glasgow First),Ian RUFFELL (Grn),Gail SHERIDAN (Sol),4,10
6608,Jayne Ann MORGAN (Con),Alistair WATSON (Lab),Jim TORRANCE (SNP),Janice MACKAY (UKIP),skipped,skipped,skipped,skipped,skipped,skipped,4,10
6609,Jayne Ann MORGAN (Con),Matt KERR (Lab),skipped,skipped,skipped,skipped,skipped,skipped,skipped,skipped,4,10
6610,Jayne Ann MORGAN (Con),Matt KERR (Lab),skipped,skipped,skipped,skipped,skipped,skipped,skipped,skipped,4,10
6611,Jayne Ann MORGAN (Con),Matt KERR (Lab),skipped,skipped,skipped,skipped,skipped,skipped,skipped,skipped,4,10
6612,Jayne Ann MORGAN (Con),Matt KERR (Lab),skipped,skipped,skipped,skipped,skipped,skipped,skipped,skipped,4,10
6613,Jayne Ann MORGAN (Con),Matt KERR (Lab),skipped,skipped,skipped,skipped,skipped,skipped,skipped,skipped,4,10
6614,Jayne Ann MORGAN (Con),Matt KERR (Lab),skipped,skipped,skipped,skipped,skipped,skipped,skipped,skipped,4,10
6615,Jayne Ann MORGAN (Con),Matt KERR (Lab),skipped,skipped,skipped,skipped,skipped,skipped,skipped,skipped,4,10
6616,Jayne Ann MORGAN (Con),Matt KERR (Lab),skipped,skipped,skipped,skipped,skipped,skipped,skipped,skipped,4,10
6617,Jayne Ann MORGAN (Con),Matt KERR (Lab),skipped,skipped,skipped,skipped,skipped,skipped,skipped,skipped,4,10
6618,Jayne Ann MORGAN (Con),Matt KERR (Lab),skipped,skipped,skipped,skipped,skipped,skipped,skipped,skipped,4,10
6619,Jayne Ann MORGAN (Con),Matt KERR (Lab),skipped,skipped,skipped,skipped,skipped,skipped,skipped,skipped,4,10
6620,Jayne Ann MORGAN (Con),Matt KERR (Lab),Iris GIBSON (SNP),Isabel NELSON (LD),skipped,skipped,skipped,skipped,skipped,skipped,4,10
6621,Jayne Ann MORGAN (Con),Matt KERR (Lab),Iris GIBSON (SNP),Jim TORRANCE (SNP),Alistair WATSON (Lab),Isabel NELSON (LD),Ian RUFFELL (Grn),Gail SHERIDAN (Sol),Janice MACKAY (UKIP),Gordon MACDIARMID (Glasgow First),4,10
6622,Jayne Ann MORGAN (Con),Matt KERR (Lab),Alistair WATSON (Lab),skipped,skipped,skipped,skipped,skipped,skipped,skipped,4,10
6623,Jayne Ann MORGAN (Con),Matt KERR (Lab),Alistair WATSON (Lab),skipped,skipped,skipped,skipped,skipped,skipped,skipped,4,10
6624,Jayne Ann MORGAN (Con),Matt KERR (Lab),Alistair WATSON (Lab),skipped,skipped,skipped,skipped,skipped,skipped,skipped,4,10
6625,Jayne Ann MORGAN (Con),Matt KERR (Lab),Alistair WATSON (Lab),skipped,skipped,skipped,skipped,skipped,skipped,skipped,4,10
6626,Jayne Ann MORGAN (Con),Matt KERR (Lab),Alistair WATSON (Lab),skipped,skipped,skipped,skipped,skipped,skipped,skipped,4,10
6627,Jayne Ann MORGAN (Con),Matt KERR (Lab),Alistair WATSON (Lab),skipped,skipped,skipped,skipped,skipped,skipped,skipped,4,10
6628,Jayne Ann MORGAN (Con),Matt KERR (Lab),Alistair WATSON (Lab),skipped,skipped,skipped,skipped,skipped,skipped,skipped,4,10
6629,Jayne Ann MORGAN (Con),Matt KERR (Lab),Alistair WATSON (Lab),skipped,skipped,skipped,skipped,skipped,skipped,skipped,4,10
6630,Jayne Ann MORGAN (Con),Matt KERR (Lab),Alistair WATSON (Lab),Iris GIBSON (SNP),Gordon MACDIARMID (Glasgow First),Ian RUFFELL (Grn),Jim TORRANCE (SNP),Janice MACKAY (UKIP),Gail SHERIDAN (Sol),skipped,4,10
6631,Jayne Ann MORGAN (Con),Matt KERR (Lab),Alistair WATSON (Lab),Iris GIBSON (SNP),Jim TORRANCE (SNP),skipped,skipped,skipped,skipped,skipped,4,10
6632,Jayne Ann MORGAN (Con),Matt KERR (Lab),Alistair WATSON (Lab),Gordon MACDIARMID (Glasgow First),Janice MACKAY (UKIP),Ian RUFFELL (Grn),Gail SHERIDAN (Sol),Iris GIBSON (SNP),Isabel NELSON (LD),Jim TORRANCE (SNP),4,10
6633,Jayne Ann MORGAN (Con),Matt KERR (Lab),Alistair WATSON (Lab),Gordon MACDIARMID (Glasgow First),Janice MACKAY (UKIP),Ian RUFFELL (Grn),Gail SHERIDAN (Sol),Iris GIBSON (SNP),Isabel NELSON (LD),Jim TORRANCE (SNP),4,10
6634,Jayne Ann MORGAN (Con),Matt KERR (Lab),Alistair WATSON (Lab),Isabel NELSON (LD),Gordon MACDIARMID (Glasgow First),Janice MACKAY (UKIP),Ian RUFFELL (Grn),Gail SHERIDAN (Sol),Jim TORRANCE (SNP),Iris GIBSON (SNP),4,10
6635,Jayne Ann MORGAN (Con),Matt KERR (Lab),Gordon MACDIARMID (Glasgow First),skipped,skipped,skipped,skipped,skipped,skipped,skipped,4,10
6636,Jayne Ann MORGAN (Con),Matt KERR (Lab),Gordon MACDIARMID (Glasgow First),skipped,skipped,skipped,skipped,skipped,skipped,skipped,4,10
6637,Jayne Ann MORGAN (Con),Matt KERR (Lab),Gordon MACDIARMID (Glasgow First),Isabel NELSON (LD),Ian RUFFELL (Grn),Alistair WATSON (Lab),Jim TORRANCE (SNP),Janice MACKAY (UKIP),Iris GIBSON (SNP),Gail SHERIDAN (Sol),4,10
6638,Jayne Ann MORGAN (Con),Matt KERR (Lab),Janice MACKAY (UKIP),skipped,skipped,skipped,skipped,skipped,skipped,skipped,4,10
6639,Jayne Ann MORGAN (Con),Matt KERR (Lab),Isabel NELSON (LD),skipped,skipped,skipped,skipped,skipped,skipped,skipped,4,10
6640,Jayne Ann MORGAN (Con),Matt KERR (Lab),Isabel NELSON (LD),skipped,skipped,skipped,skipped,skipped,skipped,skipped,4,10
6641,Jayne Ann MORGAN (Con),Matt KERR (Lab),Isabel NELSON (LD),Iris GIBSON (SNP),skipped,skipped,skipped,skipped,skipped,skipped,4,10
6642,Jayne Ann MORGAN (Con),Matt KERR (Lab),Isabel NELSON (LD),Janice MACKAY (UKIP),skipped,skipped,skipped,skipped,skipped,skipped,4,10
6643,Jayne Ann MORGAN (Con),Matt KERR (Lab),Jim TORRANCE (SNP),skipped,skipped,skipped,skipped,skipped,skipped,skipped,4,10
6644,Jayne Ann MORGAN (Con),Gordon MACDIARMID (Glasgow First),skipped,skipped,skipped,skipped,skipped,skipped,skipped,skipped,4,10
6645,Jayne Ann MORGAN (Con),Gordon MACDIARMID (Glasgow First),skipped,skipped,skipped,skipped,skipped,skipped,skipped,skipped,4,10
6646,Jayne Ann MORGAN (Con),Gordon MACDIARMID (Glasgow First),Iris GIBSON (SNP),skipped,skipped,skipped,skipped,skipped,skipped,skipped,4,10
6647,Jayne Ann MORGAN (Con),Gordon MACDIARMID (Glasgow First),Alistair WATSON (Lab),skipped,skipped,skipped,skipped,skipped,skipped,skipped,4,10
6648,Jayne Ann MORGAN (Con),Gordon MACDIARMID (Glasgow First),Matt KERR (Lab),Alistair WATSON (Lab),skipped,skipped,skipped,skipped,skipped,skipped,4,10
6649,Jayne Ann MORGAN (Con),Gordon MACDIARMID (Glasgow First),Janice MACKAY (UKIP),skipped,skipped,skipped,skipped,skipped,skipped,skipped,4,10
6650,Jayne Ann MORGAN (Con),Gordon MACDIARMID (Glasgow First),Janice MACKAY (UKIP),Iris GIBSON (SNP),Jim TORRANCE (SNP),skipped,skipped,skipped,skipped,skipped,4,10
6651,Jayne Ann MORGAN (Con),Gordon MACDIARMID (Glasgow First),Janice MACKAY (UKIP),Ian RUFFELL (Grn),skipped,skipped,skipped,skipped,skipped,skipped,4,10
6652,Jayne Ann MORGAN (Con),Gordon MACDIARMID (Glasgow First),Isabel NELSON (LD),skipped,skipped,skipped,skipped,skipped,skipped,skipped,4,10
6653,Jayne Ann MORGAN (Con),Gordon MACDIARMID (Glasgow First),Isabel NELSON (LD),Janice MACKAY (UKIP),skipped,skipped,skipped,skipped,skipped,skipped,4,10
6654,Jayne Ann MORGAN (Con),Gordon MACDIARMID (Glasgow First),Isabel NELSON (LD),Ian RUFFELL (Grn),skipped,skipped,skipped,skipped,skipped,skipped,4,10
6655,Jayne Ann MORGAN (Con),Gordon MACDIARMID (Glasgow First),Isabel NELSON (LD),Ian RUFFELL (Grn),skipped,skipped,skipped,skipped,skipped,skipped,4,10
6656,Jayne Ann MORGAN (Con),Gordon MACDIARMID (Glasgow First),Ian RUFFELL (Grn),skipped,skipped,skipped,skipped,skipped,skipped,skipped,4,10
6657,Jayne Ann MORGAN (Con),Gordon MACDIARMID (Glasgow First),Gail SHERIDAN (Sol),skipped,skipped,skipped,skipped,skipped,skipped,skipped,4,10
6658,Jayne Ann MORGAN (Con),Gordon MACDIARMID (Glasgow First),Jim TORRANCE (SNP),Janice MACKAY (UKIP),skipped,skipped,skipped,skipped,skipped,skipped,4,10
6659,Jayne Ann MORGAN (Con),Janice MACKAY (UKIP),skipped,skipped,skipped,skipped,skipped,skipped,skipped,skipped,4,10
6660,Jayne Ann MORGAN (Con),Janice MACKAY (UKIP),skipped,skipped,skipped,skipped,skipped,skipped,skipped,skipped,4,10
6661,Jayne Ann MORGAN (Con),Janice MACKAY (UKIP),skipped,skipped,skipped,skipped,skipped,skipped,skipped,skipped,4,10
6662,Jayne Ann MORGAN (Con),Janice MACKAY (UKIP),skipped,skipped,skipped,skipped,skipped,skipped,skipped,skipped,4,10
6663,Jayne Ann MORGAN (Con),Janice MACKAY (UKIP),skipped,skipped,skipped,skipped,skipped,skipped,skipped,skipped,4,10
6664,Jayne Ann MORGAN (Con),Janice MACKAY (UKIP),skipped,skipped,skipped,skipped,skipped,skipped,skipped,skipped,4,10
6665,Jayne Ann MORGAN (Con),Janice MACKAY (UKIP),skipped,skipped,skipped,skipped,skipped,skipped,skipped,skipped,4,10
6666,Jayne Ann MORGAN (Con),Janice MACKAY (UKIP),skipped,skipped,skipped,skipped,skipped,skipped,skipped,skipped,4,10
6667,Jayne Ann MORGAN (Con),Janice MACKAY (UKIP),skipped,skipped,skipped,skipped,skipped,skipped,skipped,skipped,4,10
6668,Jayne Ann MORGAN (Con),Janice MACKAY (UKIP),skipped,skipped,skipped,skipped,skipped,skipped,skipped,skipped,4,10
6669,Jayne Ann MORGAN (Con),Janice MACKAY (UKIP),skipped,skipped,skipped,skipped,skipped,skipped,skipped,skipped,4,10
6670,Jayne Ann MORGAN (Con),Janice MACKAY (UKIP),skipped,skipped,skipped,skipped,skipped,skipped,skipped,skipped,4,10
6671,Jayne Ann MORGAN (Con),Janice MACKAY (UKIP),Iris GIBSON (SNP),Jim TORRANCE (SNP),skipped,skipped,skipped,skipped,skipped,skipped,4,10
6672,Jayne Ann MORGAN (Con),Janice MACKAY (UKIP),Iris GIBSON (SNP),Jim TORRANCE (SNP),skipped,skipped,skipped,skipped,skipped,skipped,4,10
6673,Jayne Ann MORGAN (Con),Janice MACKAY (UKIP),Alistair WATSON (Lab),skipped,skipped,skipped,skipped,skipped,skipped,skipped,4,10
6674,Jayne Ann MORGAN (Con),Janice MACKAY (UKIP),Alistair WATSON (Lab),Matt KERR (Lab),skipped,skipped,skipped,skipped,skipped,skipped,4,10
6675,Jayne Ann MORGAN (Con),Janice MACKAY (UKIP),Alistair WATSON (Lab),Matt KERR (Lab),skipped,skipped,skipped,skipped,skipped,skipped,4,10
6676,Jayne Ann MORGAN (Con),Janice MACKAY (UKIP),Alistair WATSON (Lab),Matt KERR (Lab),skipped,skipped,skipped,skipped,skipped,skipped,4,10
6677,Jayne Ann MORGAN (Con),Janice MACKAY (UKIP),Matt KERR (Lab),Alistair WATSON (Lab),skipped,skipped,skipped,skipped,skipped,skipped,4,10
6678,Jayne Ann MORGAN (Con),Janice MACKAY (UKIP),Gordon MACDIARMID (Glasgow First),skipped,skipped,skipped,skipped,skipped,skipped,skipped,4,10
6679,Jayne Ann MORGAN (Con),Janice MACKAY (UKIP),Gordon MACDIARMID (Glasgow First),skipped,skipped,skipped,skipped,skipped,skipped,skipped,4,10
6680,Jayne Ann MORGAN (Con),Janice MACKAY (UKIP),Gordon MACDIARMID (Glasgow First),skipped,skipped,skipped,skipped,skipped,skipped,skipped,4,10
6681,Jayne Ann MORGAN (Con),Janice MACKAY (UKIP),Gordon MACDIARMID (Glasgow First),skipped,skipped,skipped,skipped,skipped,skipped,skipped,4,10
6682,Jayne Ann MORGAN (Con),Janice MACKAY (UKIP),Gordon MACDIARMID (Glasgow First),skipped,skipped,skipped,skipped,skipped,skipped,skipped,4,10
6683,Jayne Ann MORGAN (Con),Janice MACKAY (UKIP),Gordon MACDIARMID (Glasgow First),skipped,skipped,skipped,skipped,skipped,skipped,skipped,4,10
6684,Jayne Ann MORGAN (Con),Janice MACKAY (UKIP),Gordon MACDIARMID (Glasgow First),skipped,skipped,skipped,skipped,skipped,skipped,skipped,4,10
6685,Jayne Ann MORGAN (Con),Janice MACKAY (UKIP),Isabel NELSON (LD),skipped,skipped,skipped,skipped,skipped,skipped,skipped,4,10
6686,Jayne Ann MORGAN (Con),Janice MACKAY (UKIP),Isabel NELSON (LD),skipped,skipped,skipped,skipped,skipped,skipped,skipped,4,10
6687,Jayne Ann MORGAN (Con),Janice MACKAY (UKIP),Isabel NELSON (LD),Alistair WATSON (Lab),Matt KERR (Lab),Gordon MACDIARMID (Glasgow First),Gail SHERIDAN (Sol),skipped,skipped,skipped,4,10
6688,Jayne Ann MORGAN (Con),Janice MACKAY (UKIP),Isabel NELSON (LD),Alistair WATSON (Lab),Matt KERR (Lab),Gordon MACDIARMID (Glasgow First),Jim TORRANCE (SNP),Gail SHERIDAN (Sol),Iris GIBSON (SNP),Ian RUFFELL (Grn),4,10
6689,Jayne Ann MORGAN (Con),Janice MACKAY (UKIP),Isabel NELSON (LD),Alistair WATSON (Lab),Matt KERR (Lab),Ian RUFFELL (Grn),skipped,skipped,skipped,skipped,4,10
6690,Jayne Ann MORGAN (Con),Janice MACKAY (UKIP),Isabel NELSON (LD),Ian RUFFELL (Grn),Matt KERR (Lab),Alistair WATSON (Lab),skipped,skipped,skipped,skipped,4,10
6691,Jayne Ann MORGAN (Con),Janice MACKAY (UKIP),Ian RUFFELL (Grn),skipped,skipped,skipped,skipped,skipped,skipped,skipped,4,10
6692,Jayne Ann MORGAN (Con),Isabel NELSON (LD),skipped,skipped,skipped,skipped,skipped,skipped,skipped,skipped,4,10
6693,Jayne Ann MORGAN (Con),Isabel NELSON (LD),skipped,skipped,skipped,skipped,skipped,skipped,skipped,skipped,4,10
6694,Jayne Ann MORGAN (Con),Isabel NELSON (LD),skipped,skipped,skipped,skipped,skipped,skipped,skipped,skipped,4,10
6695,Jayne Ann MORGAN (Con),Isabel NELSON (LD),skipped,skipped,skipped,skipped,skipped,skipped,skipped,skipped,4,10
6696,Jayne Ann MORGAN (Con),Isabel NELSON (LD),skipped,skipped,skipped,skipped,skipped,skipped,skipped,skipped,4,10
6697,Jayne Ann MORGAN (Con),Isabel NELSON (LD),skipped,skipped,skipped,skipped,skipped,skipped,skipped,skipped,4,10
6698,Jayne Ann MORGAN (Con),Isabel NELSON (LD),skipped,skipped,skipped,skipped,skipped,skipped,skipped,skipped,4,10
6699,Jayne Ann MORGAN (Con),Isabel NELSON (LD),skipped,skipped,skipped,skipped,skipped,skipped,skipped,skipped,4,10
6700,Jayne Ann MORGAN (Con),Isabel NELSON (LD),skipped,skipped,skipped,skipped,skipped,skipped,skipped,skipped,4,10
6701,Jayne Ann MORGAN (Con),Isabel NELSON (LD),skipped,skipped,skipped,skipped,skipped,skipped,skipped,skipped,4,10
6702,Jayne Ann MORGAN (Con),Isabel NELSON (LD),skipped,skipped,skipped,skipped,skipped,skipped,skipped,skipped,4,10
6703,Jayne Ann MORGAN (Con),Isabel NELSON (LD),skipped,skipped,skipped,skipped,skipped,skipped,skipped,skipped,4,10
6704,Jayne Ann MORGAN (Con),Isabel NELSON (LD),skipped,skipped,skipped,skipped,skipped,skipped,skipped,skipped,4,10
6705,Jayne Ann MORGAN (Con),Isabel NELSON (LD),skipped,skipped,skipped,skipped,skipped,skipped,skipped,skipped,4,10
6706,Jayne Ann MORGAN (Con),Isabel NELSON (LD),skipped,skipped,skipped,skipped,skipped,skipped,skipped,skipped,4,10
6707,Jayne Ann MORGAN (Con),Isabel NELSON (LD),skipped,skipped,skipped,skipped,skipped,skipped,skipped,skipped,4,10
6708,Jayne Ann MORGAN (Con),Isabel NELSON (LD),skipped,skipped,skipped,skipped,skipped,skipped,skipped,skipped,4,10
6709,Jayne Ann MORGAN (Con),Isabel NELSON (LD),skipped,skipped,skipped,skipped,skipped,skipped,skipped,skipped,4,10
6710,Jayne Ann MORGAN (Con),Isabel NELSON (LD),skipped,skipped,skipped,skipped,skipped,skipped,skipped,skipped,4,10
6711,Jayne Ann MORGAN (Con),Isabel NELSON (LD),skipped,skipped,skipped,skipped,skipped,skipped,skipped,skipped,4,10
6712,Jayne Ann MORGAN (Con),Isabel NELSON (LD),skipped,skipped,skipped,skipped,skipped,skipped,skipped,skipped,4,10
6713,Jayne Ann MORGAN (Con),Isabel NELSON (LD),skipped,skipped,skipped,skipped,skipped,skipped,skipped,skipped,4,10
6714,Jayne Ann MORGAN (Con),Isabel NELSON (LD),Iris GIBSON (SNP),skipped,skipped,skipped,skipped,skipped,skipped,skipped,4,10
6715,Jayne Ann MORGAN (Con),Isabel NELSON (LD),Iris GIBSON (SNP),skipped,skipped,skipped,skipped,skipped,skipped,skipped,4,10
6716,Jayne Ann MORGAN (Con),Isabel NELSON (LD),Iris GIBSON (SNP),skipped,skipped,skipped,skipped,skipped,skipped,skipped,4,10
6717,Jayne Ann MORGAN (Con),Isabel NELSON (LD),Iris GIBSON (SNP),Ian RUFFELL (Grn),skipped,skipped,skipped,skipped,skipped,skipped,4,10
6718,Jayne Ann MORGAN (Con),Isabel NELSON (LD),Iris GIBSON (SNP),Jim TORRANCE (SNP),skipped,skipped,skipped,skipped,skipped,skipped,4,10
6719,Jayne Ann MORGAN (Con),Isabel NELSON (LD),Iris GIBSON (SNP),Jim TORRANCE (SNP),Ian RUFFELL (Grn),Janice MACKAY (UKIP),Gordon MACDIARMID (Glasgow First),Matt KERR (Lab),Alistair WATSON (Lab),Gail SHERIDAN (Sol),4,10
6720,Jayne Ann MORGAN (Con),Isabel NELSON (LD),Alistair WATSON (Lab),skipped,skipped,skipped,skipped,skipped,skipped,skipped,4,10
6721,Jayne Ann MORGAN (Con),Isabel NELSON (LD),Alistair WATSON (Lab),skipped,skipped,skipped,skipped,skipped,skipped,skipped,4,10
6722,Jayne Ann MORGAN (Con),Isabel NELSON (LD),Alistair WATSON (Lab),Iris GIBSON (SNP),Gordon MACDIARMID (Glasgow First),Matt KERR (Lab),Ian RUFFELL (Grn),Jim TORRANCE (SNP),Janice MACKAY (UKIP),Gail SHERIDAN (Sol),4,10
6723,Jayne Ann MORGAN (Con),Isabel NELSON (LD),Alistair WATSON (Lab),Gail SHERIDAN (Sol),skipped,skipped,skipped,skipped,skipped,skipped,4,10
6724,Jayne Ann MORGAN (Con),Isabel NELSON (LD),Matt KERR (Lab),skipped,skipped,skipped,skipped,skipped,skipped,skipped,4,10
6725,Jayne Ann MORGAN (Con),Isabel NELSON (LD),Matt KERR (Lab),skipped,skipped,skipped,skipped,skipped,skipped,skipped,4,10
6726,Jayne Ann MORGAN (Con),Isabel NELSON (LD),Matt KERR (Lab),skipped,skipped,skipped,skipped,skipped,skipped,skipped,4,10
6727,Jayne Ann MORGAN (Con),Isabel NELSON (LD),Matt KERR (Lab),skipped,skipped,skipped,skipped,skipped,skipped,skipped,4,10
6728,Jayne Ann MORGAN (Con),Isabel NELSON (LD),Matt KERR (Lab),skipped,skipped,skipped,skipped,skipped,skipped,skipped,4,10
6729,Jayne Ann MORGAN (Con),Isabel NELSON (LD),Gordon MACDIARMID (Glasgow First),skipped,skipped,skipped,skipped,skipped,skipped,skipped,4,10
6730,Jayne Ann MORGAN (Con),Isabel NELSON (LD),Gordon MACDIARMID (Glasgow First),Iris GIBSON (SNP),skipped,skipped,skipped,skipped,skipped,skipped,4,10
6731,Jayne Ann MORGAN (Con),Isabel NELSON (LD),Gordon MACDIARMID (Glasgow First),Ian RUFFELL (Grn),skipped,skipped,skipped,skipped,skipped,skipped,4,10
6732,Jayne Ann MORGAN (Con),Isabel NELSON (LD),Janice MACKAY (UKIP),skipped,skipped,skipped,skipped,skipped,skipped,skipped,4,10
6733,Jayne Ann MORGAN (Con),Isabel NELSON (LD),Janice MACKAY (UKIP),skipped,skipped,skipped,skipped,skipped,skipped,skipped,4,10
6734,Jayne Ann MORGAN (Con),Isabel NELSON (LD),Janice MACKAY (UKIP),skipped,skipped,skipped,skipped,skipped,skipped,skipped,4,10
6735,Jayne Ann MORGAN (Con),Isabel NELSON (LD),Janice MACKAY (UKIP),skipped,skipped,skipped,skipped,skipped,skipped,skipped,4,10
6736,Jayne Ann MORGAN (Con),Isabel NELSON (LD),Janice MACKAY (UKIP),skipped,skipped,skipped,skipped,skipped,skipped,skipped,4,10
6737,Jayne Ann MORGAN (Con),Isabel NELSON (LD),Janice MACKAY (UKIP),skipped,skipped,skipped,skipped,skipped,skipped,skipped,4,10
6738,Jayne Ann MORGAN (Con),Isabel NELSON (LD),Janice MACKAY (UKIP),Ian RUFFELL (Grn),Jim TORRANCE (SNP),Iris GIBSON (SNP),Matt KERR (Lab),Gordon MACDIARMID (Glasgow First),Alistair WATSON (Lab),Gail SHERIDAN (Sol),4,10
6739,Jayne Ann MORGAN (Con),Isabel NELSON (LD),Janice MACKAY (UKIP),Gail SHERIDAN (Sol),Gordon MACDIARMID (Glasgow First),Ian RUFFELL (Grn),Matt KERR (Lab),Alistair WATSON (Lab),Jim TORRANCE (SNP),Iris GIBSON (SNP),4,10
6740,Jayne Ann MORGAN (Con),Isabel NELSON (LD),Ian RUFFELL (Grn),skipped,skipped,skipped,skipped,skipped,skipped,skipped,4,10
6741,Jayne Ann MORGAN (Con),Isabel NELSON (LD),Ian RUFFELL (Grn),skipped,skipped,skipped,skipped,skipped,skipped,skipped,4,10
6742,Jayne Ann MORGAN (Con),Isabel NELSON (LD),Ian RUFFELL (Grn),skipped,skipped,skipped,skipped,skipped,skipped,skipped,4,10
6743,Jayne Ann MORGAN (Con),Isabel NELSON (LD),Ian RUFFELL (Grn),Gordon MACDIARMID (Glasgow First),skipped,skipped,skipped,skipped,skipped,skipped,4,10
6744,Jayne Ann MORGAN (Con),Isabel NELSON (LD),Ian RUFFELL (Grn),Janice MACKAY (UKIP),Iris GIBSON (SNP),Alistair WATSON (Lab),Gordon MACDIARMID (Glasgow First),Matt KERR (Lab),Jim TORRANCE (SNP),Gail SHERIDAN (Sol),4,10
6745,Jayne Ann MORGAN (Con),Isabel NELSON (LD),Gail SHERIDAN (Sol),Alistair WATSON (Lab),skipped,skipped,skipped,skipped,skipped,skipped,4,10
6746,Jayne Ann MORGAN (Con),Isabel NELSON (LD),Jim TORRANCE (SNP),Iris GIBSON (SNP),Matt KERR (Lab),Gordon MACDIARMID (Glasgow First),Ian RUFFELL (Grn),Gail SHERIDAN (Sol),Alistair WATSON (Lab),Janice MACKAY (UKIP),4,10
6747,Jayne Ann MORGAN (Con),Ian RUFFELL (Grn),skipped,skipped,skipped,skipped,skipped,skipped,skipped,skipped,4,10
6748,Jayne Ann MORGAN (Con),Ian RUFFELL (Grn),skipped,skipped,skipped,skipped,skipped,skipped,skipped,skipped,4,10
6749,Jayne Ann MORGAN (Con),Ian RUFFELL (Grn),skipped,skipped,skipped,skipped,skipped,skipped,skipped,skipped,4,10
6750,Jayne Ann MORGAN (Con),Ian RUFFELL (Grn),skipped,skipped,skipped,skipped,skipped,skipped,skipped,skipped,4,10
6751,Jayne Ann MORGAN (Con),Ian RUFFELL (Grn),skipped,skipped,skipped,skipped,skipped,skipped,skipped,skipped,4,10
6752,Jayne Ann MORGAN (Con),Ian RUFFELL (Grn),skipped,skipped,skipped,skipped,skipped,skipped,skipped,skipped,4,10
6753,Jayne Ann MORGAN (Con),Ian RUFFELL (Grn),Matt KERR (Lab),Alistair WATSON (Lab),skipped,skipped,skipped,skipped,skipped,skipped,4,10
6754,Jayne Ann MORGAN (Con),Ian RUFFELL (Grn),Matt KERR (Lab),Alistair WATSON (Lab),Gordon MACDIARMID (Glasgow First),Janice MACKAY (UKIP),Isabel NELSON (LD),Gail SHERIDAN (Sol),Jim TORRANCE (SNP),Iris GIBSON (SNP),4,10
6755,Jayne Ann MORGAN (Con),Ian RUFFELL (Grn),Gordon MACDIARMID (Glasgow First),skipped,skipped,skipped,skipped,skipped,skipped,skipped,4,10
6756,Jayne Ann MORGAN (Con),Ian RUFFELL (Grn),Gordon MACDIARMID (Glasgow First),skipped,skipped,skipped,skipped,skipped,skipped,skipped,4,10
6757,Jayne Ann MORGAN (Con),Ian RUFFELL (Grn),Gordon MACDIARMID (Glasgow First),skipped,skipped,skipped,skipped,skipped,skipped,skipped,4,10
6758,Jayne Ann MORGAN (Con),Ian RUFFELL (Grn),Gordon MACDIARMID (Glasgow First),Gail SHERIDAN (Sol),skipped,skipped,skipped,skipped,skipped,skipped,4,10
6759,Jayne Ann MORGAN (Con),Ian RUFFELL (Grn),Isabel NELSON (LD),skipped,skipped,skipped,skipped,skipped,skipped,skipped,4,10
6760,Jayne Ann MORGAN (Con),Ian RUFFELL (Grn),Isabel NELSON (LD),Gordon MACDIARMID (Glasgow First),skipped,skipped,skipped,skipped,skipped,skipped,4,10
6761,Jayne Ann MORGAN (Con),Ian RUFFELL (Grn),Isabel NELSON (LD),Gordon MACDIARMID (Glasgow First),skipped,skipped,skipped,skipped,skipped,skipped,4,10
6762,Jayne Ann MORGAN (Con),Ian RUFFELL (Grn),Gail SHERIDAN (Sol),skipped,skipped,skipped,skipped,skipped,skipped,skipped,4,10
6763,Jayne Ann MORGAN (Con),Ian RUFFELL (Grn),Gail SHERIDAN (Sol),Janice MACKAY (UKIP),Gordon MACDIARMID (Glasgow First),skipped,skipped,skipped,skipped,skipped,4,10
6764,Jayne Ann MORGAN (Con),Ian RUFFELL (Grn),Gail SHERIDAN (Sol),Janice MACKAY (UKIP),Gordon MACDIARMID (Glasgow First),skipped,skipped,skipped,skipped,skipped,4,10
6765,Jayne Ann MORGAN (Con),Ian RUFFELL (Grn),Jim TORRANCE (SNP),Gordon MACDIARMID (Glasgow First),Isabel NELSON (LD),skipped,skipped,skipped,skipped,skipped,4,10
6766,Jayne Ann MORGAN (Con),Gail SHERIDAN (Sol),skipped,skipped,skipped,skipped,skipped,skipped,skipped,skipped,4,10
6767,Jayne Ann MORGAN (Con),Gail SHERIDAN (Sol),skipped,skipped,skipped,skipped,skipped,skipped,skipped,skipped,4,10
6768,Jayne Ann MORGAN (Con),Gail SHERIDAN (Sol),Iris GIBSON (SNP),skipped,skipped,skipped,skipped,skipped,skipped,skipped,4,10
6769,Jayne Ann MORGAN (Con),Gail SHERIDAN (Sol),Alistair WATSON (Lab),skipped,skipped,skipped,skipped,skipped,skipped,skipped,4,10
6770,Jayne Ann MORGAN (Con),Gail SHERIDAN (Sol),Alistair WATSON (Lab),Gordon MACDIARMID (Glasgow First),Isabel NELSON (LD),Janice MACKAY (UKIP),skipped,skipped,skipped,skipped,4,10
6771,Jayne Ann MORGAN (Con),Gail SHERIDAN (Sol),Gordon MACDIARMID (Glasgow First),Janice MACKAY (UKIP),Ian RUFFELL (Grn),Iris GIBSON (SNP),Jim TORRANCE (SNP),Alistair WATSON (Lab),Matt KERR (Lab),skipped,4,10
6772,Jayne Ann MORGAN (Con),Jim TORRANCE (SNP),skipped,skipped,skipped,skipped,skipped,skipped,skipped,skipped,4,10
6773,Jayne Ann MORGAN (Con),Jim TORRANCE (SNP),skipped,skipped,skipped,skipped,skipped,skipped,skipped,skipped,4,10
6774,Jayne Ann MORGAN (Con),Jim TORRANCE (SNP),skipped,skipped,skipped,skipped,skipped,skipped,skipped,skipped,4,10
6775,Jayne Ann MORGAN (Con),Jim TORRANCE (SNP),skipped,skipped,skipped,skipped,skipped,skipped,skipped,skipped,4,10
6776,Jayne Ann MORGAN (Con),Jim TORRANCE (SNP),skipped,skipped,skipped,skipped,skipped,skipped,skipped,skipped,4,10
6777,Jayne Ann MORGAN (Con),Jim TORRANCE (SNP),Iris GIBSON (SNP),skipped,skipped,skipped,skipped,skipped,skipped,skipped,4,10
6778,Jayne Ann MORGAN (Con),Jim TORRANCE (SNP),Iris GIBSON (SNP),Gordon MACDIARMID (Glasgow First),Isabel NELSON (LD),Janice MACKAY (UKIP),Ian RUFFELL (Grn),Matt KERR (Lab),Alistair WATSON (Lab),Gail SHERIDAN (Sol),4,10
6779,Jayne Ann MORGAN (Con),Jim TORRANCE (SNP),Alistair WATSON (Lab),skipped,skipped,skipped,skipped,skipped,skipped,skipped,4,10
6780,Jayne Ann MORGAN (Con),Jim TORRANCE (SNP),Alistair WATSON (Lab),skipped,skipped,skipped,skipped,skipped,skipped,skipped,4,10
6781,Jayne Ann MORGAN (Con),Jim TORRANCE (SNP),Ian RUFFELL (Grn),skipped,skipped,skipped,skipped,skipped,skipped,skipped,4,10
6782,Isabel NELSON (LD),skipped,skipped,skipped,skipped,skipped,skipped,skipped,skipped,skipped,4,10
6783,Isabel NELSON (LD),skipped,skipped,skipped,skipped,skipped,skipped,skipped,skipped,skipped,4,10
6784,Isabel NELSON (LD),skipped,skipped,skipped,skipped,skipped,skipped,skipped,skipped,skipped,4,10
6785,Isabel NELSON (LD),skipped,skipped,skipped,skipped,skipped,skipped,skipped,skipped,skipped,4,10
6786,Isabel NELSON (LD),skipped,skipped,skipped,skipped,skipped,skipped,skipped,skipped,skipped,4,10
6787,Isabel NELSON (LD),skipped,skipped,skipped,skipped,skipped,skipped,skipped,skipped,skipped,4,10
6788,Isabel NELSON (LD),skipped,skipped,skipped,skipped,skipped,skipped,skipped,skipped,skipped,4,10
6789,Isabel NELSON (LD),Iris GIBSON (SNP),skipped,skipped,skipped,skipped,skipped,skipped,skipped,skipped,4,10
6790,Isabel NELSON (LD),Iris GIBSON (SNP),Matt KERR (Lab),skipped,skipped,skipped,skipped,skipped,skipped,skipped,4,10
6791,Isabel NELSON (LD),Iris GIBSON (SNP),Jayne Ann MORGAN (Con),Jim TORRANCE (SNP),Matt KERR (Lab),Alistair WATSON (Lab),Ian RUFFELL (Grn),Gordon MACDIARMID (Glasgow First),Janice MACKAY (UKIP),Gail SHERIDAN (Sol),4,10
6792,Isabel NELSON (LD),Iris GIBSON (SNP),Jim TORRANCE (SNP),skipped,skipped,skipped,skipped,skipped,skipped,skipped,4,10
6793,Isabel NELSON (LD),Iris GIBSON (SNP),Jim TORRANCE (SNP),skipped,skipped,skipped,skipped,skipped,skipped,skipped,4,10
6794,Isabel NELSON (LD),Iris GIBSON (SNP),Jim TORRANCE (SNP),Alistair WATSON (Lab),Matt KERR (Lab),Gail SHERIDAN (Sol),Ian RUFFELL (Grn),Gordon MACDIARMID (Glasgow First),Janice MACKAY (UKIP),Jayne Ann MORGAN (Con),4,10
6795,Isabel NELSON (LD),Iris GIBSON (SNP),Jim TORRANCE (SNP),Jayne Ann MORGAN (Con),skipped,skipped,skipped,skipped,skipped,skipped,4,10
6796,Isabel NELSON (LD),Alistair WATSON (Lab),skipped,skipped,skipped,skipped,skipped,skipped,skipped,skipped,4,10
6797,Isabel NELSON (LD),Alistair WATSON (Lab),skipped,skipped,skipped,skipped,skipped,skipped,skipped,skipped,4,10
6798,Isabel NELSON (LD),Alistair WATSON (Lab),Iris GIBSON (SNP),Gordon MACDIARMID (Glasgow First),skipped,skipped,skipped,skipped,skipped,skipped,4,10
6799,Isabel NELSON (LD),Alistair WATSON (Lab),Matt KERR (Lab),skipped,skipped,skipped,skipped,skipped,skipped,skipped,4,10
6800,Isabel NELSON (LD),Alistair WATSON (Lab),Matt KERR (Lab),Jayne Ann MORGAN (Con),Ian RUFFELL (Grn),Gail SHERIDAN (Sol),Gordon MACDIARMID (Glasgow First),Janice MACKAY (UKIP),Iris GIBSON (SNP),Jim TORRANCE (SNP),4,10
6801,Isabel NELSON (LD),Alistair WATSON (Lab),Matt KERR (Lab),Gail SHERIDAN (Sol),skipped,skipped,skipped,skipped,skipped,skipped,4,10
6802,Isabel NELSON (LD),Alistair WATSON (Lab),Gordon MACDIARMID (Glasgow First),skipped,skipped,skipped,skipped,skipped,skipped,skipped,4,10
6803,Isabel NELSON (LD),Alistair WATSON (Lab),Jayne Ann MORGAN (Con),Iris GIBSON (SNP),skipped,skipped,skipped,skipped,skipped,skipped,4,10
6804,Isabel NELSON (LD),Matt KERR (Lab),skipped,skipped,skipped,skipped,skipped,skipped,skipped,skipped,4,10
6805,Isabel NELSON (LD),Matt KERR (Lab),skipped,skipped,skipped,skipped,skipped,skipped,skipped,skipped,4,10
6806,Isabel NELSON (LD),Matt KERR (Lab),skipped,skipped,skipped,skipped,skipped,skipped,skipped,skipped,4,10
6807,Isabel NELSON (LD),Matt KERR (Lab),Iris GIBSON (SNP),skipped,skipped,skipped,skipped,skipped,skipped,skipped,4,10
6808,Isabel NELSON (LD),Matt KERR (Lab),Iris GIBSON (SNP),Alistair WATSON (Lab),Ian RUFFELL (Grn),Gordon MACDIARMID (Glasgow First),Jayne Ann MORGAN (Con),Jim TORRANCE (SNP),skipped,skipped,4,10
6809,Isabel NELSON (LD),Matt KERR (Lab),Iris GIBSON (SNP),Gordon MACDIARMID (Glasgow First),Ian RUFFELL (Grn),Alistair WATSON (Lab),Jim TORRANCE (SNP),skipped,skipped,skipped,4,10
6810,Isabel NELSON (LD),Matt KERR (Lab),Alistair WATSON (Lab),skipped,skipped,skipped,skipped,skipped,skipped,skipped,4,10
6811,Isabel NELSON (LD),Matt KERR (Lab),Alistair WATSON (Lab),Ian RUFFELL (Grn),Janice MACKAY (UKIP),Jayne Ann MORGAN (Con),Gordon MACDIARMID (Glasgow First),Gail SHERIDAN (Sol),Jim TORRANCE (SNP),Iris GIBSON (SNP),4,10
6812,Isabel NELSON (LD),Matt KERR (Lab),Jayne Ann MORGAN (Con),skipped,skipped,skipped,skipped,skipped,skipped,skipped,4,10
6813,Isabel NELSON (LD),Matt KERR (Lab),Jayne Ann MORGAN (Con),skipped,skipped,skipped,skipped,skipped,skipped,skipped,4,10
6814,Isabel NELSON (LD),Matt KERR (Lab),Gail SHERIDAN (Sol),Alistair WATSON (Lab),skipped,skipped,skipped,skipped,skipped,skipped,4,10
6815,Isabel NELSON (LD),Matt KERR (Lab),Jim TORRANCE (SNP),skipped,skipped,skipped,skipped,skipped,skipped,skipped,4,10
6816,Isabel NELSON (LD),Gordon MACDIARMID (Glasgow First),skipped,skipped,skipped,skipped,skipped,skipped,skipped,skipped,4,10
6817,Isabel NELSON (LD),Gordon MACDIARMID (Glasgow First),skipped,skipped,skipped,skipped,skipped,skipped,skipped,skipped,4,10
6818,Isabel NELSON (LD),Gordon MACDIARMID (Glasgow First),Jayne Ann MORGAN (Con),Jim TORRANCE (SNP),skipped,skipped,skipped,skipped,skipped,skipped,4,10
6819,Isabel NELSON (LD),Gordon MACDIARMID (Glasgow First),Ian RUFFELL (Grn),skipped,skipped,skipped,skipped,skipped,skipped,skipped,4,10
6820,Isabel NELSON (LD),Gordon MACDIARMID (Glasgow First),Ian RUFFELL (Grn),skipped,skipped,skipped,skipped,skipped,skipped,skipped,4,10
6821,Isabel NELSON (LD),Janice MACKAY (UKIP),Gordon MACDIARMID (Glasgow First),Matt KERR (Lab),Ian RUFFELL (Grn),skipped,skipped,skipped,skipped,skipped,4,10
6822,Isabel NELSON (LD),Janice MACKAY (UKIP),Jayne Ann MORGAN (Con),skipped,skipped,skipped,skipped,skipped,skipped,skipped,4,10
6823,Isabel NELSON (LD),Jayne Ann MORGAN (Con),skipped,skipped,skipped,skipped,skipped,skipped,skipped,skipped,4,10
6824,Isabel NELSON (LD),Jayne Ann MORGAN (Con),skipped,skipped,skipped,skipped,skipped,skipped,skipped,skipped,4,10
6825,Isabel NELSON (LD),Jayne Ann MORGAN (Con),skipped,skipped,skipped,skipped,skipped,skipped,skipped,skipped,4,10
6826,Isabel NELSON (LD),Jayne Ann MORGAN (Con),skipped,skipped,skipped,skipped,skipped,skipped,skipped,skipped,4,10
6827,Isabel NELSON (LD),Jayne Ann MORGAN (Con),skipped,skipped,skipped,skipped,skipped,skipped,skipped,skipped,4,10
6828,Isabel NELSON (LD),Jayne Ann MORGAN (Con),skipped,skipped,skipped,skipped,skipped,skipped,skipped,skipped,4,10
6829,Isabel NELSON (LD),Jayne Ann MORGAN (Con),Iris GIBSON (SNP),Gordon MACDIARMID (Glasgow First),Ian RUFFELL (Grn),Janice MACKAY (UKIP),Matt KERR (Lab),Jim TORRANCE (SNP),Gail SHERIDAN (Sol),Alistair WATSON (Lab),4,10
6830,Isabel NELSON (LD),Jayne Ann MORGAN (Con),Matt KERR (Lab),Alistair WATSON (Lab),Gordon MACDIARMID (Glasgow First),Jim TORRANCE (SNP),Gail SHERIDAN (Sol),Iris GIBSON (SNP),Janice MACKAY (UKIP),Ian RUFFELL (Grn),4,10
6831,Isabel NELSON (LD),Jayne Ann MORGAN (Con),Gordon MACDIARMID (Glasgow First),skipped,skipped,skipped,skipped,skipped,skipped,skipped,4,10
6832,Isabel NELSON (LD),Jayne Ann MORGAN (Con),Gordon MACDIARMID (Glasgow First),skipped,skipped,skipped,skipped,skipped,skipped,skipped,4,10
6833,Isabel NELSON (LD),Jayne Ann MORGAN (Con),Gordon MACDIARMID (Glasgow First),Iris GIBSON (SNP),skipped,skipped,skipped,skipped,skipped,skipped,4,10
6834,Isabel NELSON (LD),Jayne Ann MORGAN (Con),Gordon MACDIARMID (Glasgow First),Ian RUFFELL (Grn),Alistair WATSON (Lab),Matt KERR (Lab),Janice MACKAY (UKIP),Jim TORRANCE (SNP),Iris GIBSON (SNP),Gail SHERIDAN (Sol),4,10
6835,Isabel NELSON (LD),Jayne Ann MORGAN (Con),Ian RUFFELL (Grn),skipped,skipped,skipped,skipped,skipped,skipped,skipped,4,10
6836,Isabel NELSON (LD),Jayne Ann MORGAN (Con),Ian RUFFELL (Grn),skipped,skipped,skipped,skipped,skipped,skipped,skipped,4,10
6837,Isabel NELSON (LD),Jayne Ann MORGAN (Con),Ian RUFFELL (Grn),skipped,skipped,skipped,skipped,skipped,skipped,skipped,4,10
6838,Isabel NELSON (LD),Ian RUFFELL (Grn),skipped,skipped,skipped,skipped,skipped,skipped,skipped,skipped,4,10
6839,Isabel NELSON (LD),Ian RUFFELL (Grn),skipped,skipped,skipped,skipped,skipped,skipped,skipped,skipped,4,10
6840,Isabel NELSON (LD),Ian RUFFELL (Grn),skipped,skipped,skipped,skipped,skipped,skipped,skipped,skipped,4,10
6841,Isabel NELSON (LD),Ian RUFFELL (Grn),skipped,skipped,skipped,skipped,skipped,skipped,skipped,skipped,4,10
6842,Isabel NELSON (LD),Ian RUFFELL (Grn),Alistair WATSON (Lab),Matt KERR (Lab),skipped,skipped,skipped,skipped,skipped,skipped,4,10
6843,Isabel NELSON (LD),Ian RUFFELL (Grn),Alistair WATSON (Lab),Gordon MACDIARMID (Glasgow First),skipped,skipped,skipped,skipped,skipped,skipped,4,10
6844,Isabel NELSON (LD),Ian RUFFELL (Grn),Gordon MACDIARMID (Glasgow First),skipped,skipped,skipped,skipped,skipped,skipped,skipped,4,10
6845,Isabel NELSON (LD),Ian RUFFELL (Grn),Gordon MACDIARMID (Glasgow First),Jayne Ann MORGAN (Con),skipped,skipped,skipped,skipped,skipped,skipped,4,10
6846,Isabel NELSON (LD),Ian RUFFELL (Grn),Gail SHERIDAN (Sol),Jim TORRANCE (SNP),Iris GIBSON (SNP),Matt KERR (Lab),Alistair WATSON (Lab),skipped,skipped,skipped,4,10
6847,Isabel NELSON (LD),Ian RUFFELL (Grn),Jim TORRANCE (SNP),skipped,skipped,skipped,skipped,skipped,skipped,skipped,4,10
6848,Isabel NELSON (LD),Gail SHERIDAN (Sol),Iris GIBSON (SNP),Jim TORRANCE (SNP),Ian RUFFELL (Grn),Alistair WATSON (Lab),Matt KERR (Lab),Gordon MACDIARMID (Glasgow First),Janice MACKAY (UKIP),Jayne Ann MORGAN (Con),4,10
6849,Isabel NELSON (LD),Gail SHERIDAN (Sol),Alistair WATSON (Lab),skipped,skipped,skipped,skipped,skipped,skipped,skipped,4,10
6850,Isabel NELSON (LD),Gail SHERIDAN (Sol),Gordon MACDIARMID (Glasgow First),Alistair WATSON (Lab),skipped,skipped,skipped,skipped,skipped,skipped,4,10
6851,Isabel NELSON (LD),Gail SHERIDAN (Sol),Janice MACKAY (UKIP),skipped,skipped,skipped,skipped,skipped,skipped,skipped,4,10
6852,Isabel NELSON (LD),Gail SHERIDAN (Sol),Ian RUFFELL (Grn),skipped,skipped,skipped,skipped,skipped,skipped,skipped,4,10
6853,Isabel NELSON (LD),Jim TORRANCE (SNP),skipped,skipped,skipped,skipped,skipped,skipped,skipped,skipped,4,10
6854,Isabel NELSON (LD),Jim TORRANCE (SNP),Iris GIBSON (SNP),Alistair WATSON (Lab),Ian RUFFELL (Grn),Matt KERR (Lab),Gordon MACDIARMID (Glasgow First),Janice MACKAY (UKIP),Jayne Ann MORGAN (Con),Gail SHERIDAN (Sol),4,10
6855,Isabel NELSON (LD),Jim TORRANCE (SNP),Iris GIBSON (SNP),Matt KERR (Lab),Alistair WATSON (Lab),Ian RUFFELL (Grn),Gordon MACDIARMID (Glasgow First),Janice MACKAY (UKIP),Jayne Ann MORGAN (Con),Gail SHERIDAN (Sol),4,10
6856,Isabel NELSON (LD),Jim TORRANCE (SNP),Iris GIBSON (SNP),Gail SHERIDAN (Sol),Gordon MACDIARMID (Glasgow First),skipped,skipped,skipped,skipped,skipped,4,10
6857,Isabel NELSON (LD),Jim TORRANCE (SNP),Alistair WATSON (Lab),skipped,skipped,skipped,skipped,skipped,skipped,skipped,4,10
6858,Ian RUFFELL (Grn),skipped,skipped,skipped,skipped,skipped,skipped,skipped,skipped,skipped,4,10
6859,Ian RUFFELL (Grn),skipped,skipped,skipped,skipped,skipped,skipped,skipped,skipped,skipped,4,10
6860,Ian RUFFELL (Grn),skipped,skipped,skipped,skipped,skipped,skipped,skipped,skipped,skipped,4,10
6861,Ian RUFFELL (Grn),skipped,skipped,skipped,skipped,skipped,skipped,skipped,skipped,skipped,4,10
6862,Ian RUFFELL (Grn),skipped,skipped,skipped,skipped,skipped,skipped,skipped,skipped,skipped,4,10
6863,Ian RUFFELL (Grn),skipped,skipped,skipped,skipped,skipped,skipped,skipped,skipped,skipped,4,10
6864,Ian RUFFELL (Grn),skipped,skipped,skipped,skipped,skipped,skipped,skipped,skipped,skipped,4,10
6865,Ian RUFFELL (Grn),skipped,skipped,skipped,skipped,skipped,skipped,skipped,skipped,skipped,4,10
6866,Ian RUFFELL (Grn),skipped,skipped,skipped,skipped,skipped,skipped,skipped,skipped,skipped,4,10
6867,Ian RUFFELL (Grn),skipped,skipped,skipped,skipped,skipped,skipped,skipped,skipped,skipped,4,10
6868,Ian RUFFELL (Grn),skipped,skipped,skipped,skipped,skipped,skipped,skipped,skipped,skipped,4,10
6869,Ian RUFFELL (Grn),skipped,skipped,skipped,skipped,skipped,skipped,skipped,skipped,skipped,4,10
6870,Ian RUFFELL (Grn),skipped,skipped,skipped,skipped,skipped,skipped,skipped,skipped,skipped,4,10
6871,Ian RUFFELL (Grn),skipped,skipped,skipped,skipped,skipped,skipped,skipped,skipped,skipped,4,10
6872,Ian RUFFELL (Grn),skipped,skipped,skipped,skipped,skipped,skipped,skipped,skipped,skipped,4,10
6873,Ian RUFFELL (Grn),skipped,skipped,skipped,skipped,skipped,skipped,skipped,skipped,skipped,4,10
6874,Ian RUFFELL (Grn),skipped,skipped,skipped,skipped,skipped,skipped,skipped,skipped,skipped,4,10
6875,Ian RUFFELL (Grn),skipped,skipped,skipped,skipped,skipped,skipped,skipped,skipped,skipped,4,10
6876,Ian RUFFELL (Grn),skipped,skipped,skipped,skipped,skipped,skipped,skipped,skipped,skipped,4,10
6877,Ian RUFFELL (Grn),skipped,skipped,skipped,skipped,skipped,skipped,skipped,skipped,skipped,4,10
6878,Ian RUFFELL (Grn),skipped,skipped,skipped,skipped,skipped,skipped,skipped,skipped,skipped,4,10
6879,Ian RUFFELL (Grn),skipped,skipped,skipped,skipped,skipped,skipped,skipped,skipped,skipped,4,10
6880,Ian RUFFELL (Grn),skipped,skipped,skipped,skipped,skipped,skipped,skipped,skipped,skipped,4,10
6881,Ian RUFFELL (Grn),skipped,skipped,skipped,skipped,skipped,skipped,skipped,skipped,skipped,4,10
6882,Ian RUFFELL (Grn),skipped,skipped,skipped,skipped,skipped,skipped,skipped,skipped,skipped,4,10
6883,Ian RUFFELL (Grn),skipped,skipped,skipped,skipped,skipped,skipped,skipped,skipped,skipped,4,10
6884,Ian RUFFELL (Grn),skipped,skipped,skipped,skipped,skipped,skipped,skipped,skipped,skipped,4,10
6885,Ian RUFFELL (Grn),Iris GIBSON (SNP),skipped,skipped,skipped,skipped,skipped,skipped,skipped,skipped,4,10
6886,Ian RUFFELL (Grn),Iris GIBSON (SNP),skipped,skipped,skipped,skipped,skipped,skipped,skipped,skipped,4,10
6887,Ian RUFFELL (Grn),Iris GIBSON (SNP),skipped,skipped,skipped,skipped,skipped,skipped,skipped,skipped,4,10
6888,Ian RUFFELL (Grn),Iris GIBSON (SNP),skipped,skipped,skipped,skipped,skipped,skipped,skipped,skipped,4,10
6889,Ian RUFFELL (Grn),Iris GIBSON (SNP),skipped,skipped,skipped,skipped,skipped,skipped,skipped,skipped,4,10
6890,Ian RUFFELL (Grn),Iris GIBSON (SNP),Matt KERR (Lab),skipped,skipped,skipped,skipped,skipped,skipped,skipped,4,10
6891,Ian RUFFELL (Grn),Iris GIBSON (SNP),Matt KERR (Lab),Gordon MACDIARMID (Glasgow First),Jayne Ann MORGAN (Con),Alistair WATSON (Lab),skipped,skipped,skipped,skipped,4,10
6892,Ian RUFFELL (Grn),Iris GIBSON (SNP),Matt KERR (Lab),Jim TORRANCE (SNP),Isabel NELSON (LD),skipped,skipped,skipped,skipped,skipped,4,10
6893,Ian RUFFELL (Grn),Iris GIBSON (SNP),Gordon MACDIARMID (Glasgow First),skipped,skipped,skipped,skipped,skipped,skipped,skipped,4,10
6894,Ian RUFFELL (Grn),Iris GIBSON (SNP),Gordon MACDIARMID (Glasgow First),Janice MACKAY (UKIP),Jim TORRANCE (SNP),Alistair WATSON (Lab),Gail SHERIDAN (Sol),skipped,skipped,skipped,4,10
6895,Ian RUFFELL (Grn),Iris GIBSON (SNP),Gordon MACDIARMID (Glasgow First),Isabel NELSON (LD),Jim TORRANCE (SNP),Matt KERR (Lab),Alistair WATSON (Lab),skipped,skipped,skipped,4,10
6896,Ian RUFFELL (Grn),Iris GIBSON (SNP),Gordon MACDIARMID (Glasgow First),Gail SHERIDAN (Sol),Jim TORRANCE (SNP),skipped,skipped,skipped,skipped,skipped,4,10
6897,Ian RUFFELL (Grn),Iris GIBSON (SNP),Gail SHERIDAN (Sol),Jim TORRANCE (SNP),Gordon MACDIARMID (Glasgow First),skipped,skipped,skipped,skipped,skipped,4,10
6898,Ian RUFFELL (Grn),Iris GIBSON (SNP),Jim TORRANCE (SNP),skipped,skipped,skipped,skipped,skipped,skipped,skipped,4,10
6899,Ian RUFFELL (Grn),Iris GIBSON (SNP),Jim TORRANCE (SNP),skipped,skipped,skipped,skipped,skipped,skipped,skipped,4,10
6900,Ian RUFFELL (Grn),Iris GIBSON (SNP),Jim TORRANCE (SNP),skipped,skipped,skipped,skipped,skipped,skipped,skipped,4,10
6901,Ian RUFFELL (Grn),Iris GIBSON (SNP),Jim TORRANCE (SNP),skipped,skipped,skipped,skipped,skipped,skipped,skipped,4,10
6902,Ian RUFFELL (Grn),Iris GIBSON (SNP),Jim TORRANCE (SNP),skipped,skipped,skipped,skipped,skipped,skipped,skipped,4,10
6903,Ian RUFFELL (Grn),Iris GIBSON (SNP),Jim TORRANCE (SNP),skipped,skipped,skipped,skipped,skipped,skipped,skipped,4,10
6904,Ian RUFFELL (Grn),Iris GIBSON (SNP),Jim TORRANCE (SNP),skipped,skipped,skipped,skipped,skipped,skipped,skipped,4,10
6905,Ian RUFFELL (Grn),Iris GIBSON (SNP),Jim TORRANCE (SNP),skipped,skipped,skipped,skipped,skipped,skipped,skipped,4,10
6906,Ian RUFFELL (Grn),Iris GIBSON (SNP),Jim TORRANCE (SNP),skipped,skipped,skipped,skipped,skipped,skipped,skipped,4,10
6907,Ian RUFFELL (Grn),Iris GIBSON (SNP),Jim TORRANCE (SNP),skipped,skipped,skipped,skipped,skipped,skipped,skipped,4,10
6908,Ian RUFFELL (Grn),Iris GIBSON (SNP),Jim TORRANCE (SNP),skipped,skipped,skipped,skipped,skipped,skipped,skipped,4,10
6909,Ian RUFFELL (Grn),Iris GIBSON (SNP),Jim TORRANCE (SNP),skipped,skipped,skipped,skipped,skipped,skipped,skipped,4,10
6910,Ian RUFFELL (Grn),Iris GIBSON (SNP),Jim TORRANCE (SNP),skipped,skipped,skipped,skipped,skipped,skipped,skipped,4,10
6911,Ian RUFFELL (Grn),Iris GIBSON (SNP),Jim TORRANCE (SNP),skipped,skipped,skipped,skipped,skipped,skipped,skipped,4,10
6912,Ian RUFFELL (Grn),Iris GIBSON (SNP),Jim TORRANCE (SNP),skipped,skipped,skipped,skipped,skipped,skipped,skipped,4,10
6913,Ian RUFFELL (Grn),Iris GIBSON (SNP),Jim TORRANCE (SNP),Alistair WATSON (Lab),Matt KERR (Lab),Gordon MACDIARMID (Glasgow First),skipped,skipped,skipped,skipped,4,10
6914,Ian RUFFELL (Grn),Iris GIBSON (SNP),Jim TORRANCE (SNP),Matt KERR (Lab),Alistair WATSON (Lab),skipped,skipped,skipped,skipped,skipped,4,10
6915,Ian RUFFELL (Grn),Iris GIBSON (SNP),Jim TORRANCE (SNP),Matt KERR (Lab),Alistair WATSON (Lab),skipped,skipped,skipped,skipped,skipped,4,10
6916,Ian RUFFELL (Grn),Iris GIBSON (SNP),Jim TORRANCE (SNP),Matt KERR (Lab),Alistair WATSON (Lab),Isabel NELSON (LD),Gordon MACDIARMID (Glasgow First),skipped,skipped,skipped,4,10
6917,Ian RUFFELL (Grn),Iris GIBSON (SNP),Jim TORRANCE (SNP),Janice MACKAY (UKIP),skipped,skipped,skipped,skipped,skipped,skipped,4,10
6918,Ian RUFFELL (Grn),Iris GIBSON (SNP),Jim TORRANCE (SNP),Gail SHERIDAN (Sol),skipped,skipped,skipped,skipped,skipped,skipped,4,10
6919,Ian RUFFELL (Grn),Iris GIBSON (SNP),Jim TORRANCE (SNP),Gail SHERIDAN (Sol),Gordon MACDIARMID (Glasgow First),skipped,skipped,skipped,skipped,skipped,4,10
6920,Ian RUFFELL (Grn),Alistair WATSON (Lab),skipped,skipped,skipped,skipped,skipped,skipped,skipped,skipped,4,10
6921,Ian RUFFELL (Grn),Alistair WATSON (Lab),Iris GIBSON (SNP),skipped,skipped,skipped,skipped,skipped,skipped,skipped,4,10
6922,Ian RUFFELL (Grn),Alistair WATSON (Lab),Iris GIBSON (SNP),Matt KERR (Lab),Isabel NELSON (LD),Jim TORRANCE (SNP),Gail SHERIDAN (Sol),skipped,skipped,skipped,4,10
6923,Ian RUFFELL (Grn),Alistair WATSON (Lab),Matt KERR (Lab),Iris GIBSON (SNP),skipped,skipped,skipped,skipped,skipped,skipped,4,10
6924,Ian RUFFELL (Grn),Alistair WATSON (Lab),Jayne Ann MORGAN (Con),Matt KERR (Lab),skipped,skipped,skipped,skipped,skipped,skipped,4,10
6925,Ian RUFFELL (Grn),Matt KERR (Lab),Iris GIBSON (SNP),skipped,skipped,skipped,skipped,skipped,skipped,skipped,4,10
6926,Ian RUFFELL (Grn),Matt KERR (Lab),Iris GIBSON (SNP),Alistair WATSON (Lab),skipped,skipped,skipped,skipped,skipped,skipped,4,10
6927,Ian RUFFELL (Grn),Matt KERR (Lab),Alistair WATSON (Lab),skipped,skipped,skipped,skipped,skipped,skipped,skipped,4,10
6928,Ian RUFFELL (Grn),Matt KERR (Lab),Alistair WATSON (Lab),skipped,skipped,skipped,skipped,skipped,skipped,skipped,4,10
6929,Ian RUFFELL (Grn),Matt KERR (Lab),Alistair WATSON (Lab),skipped,skipped,skipped,skipped,skipped,skipped,skipped,4,10
6930,Ian RUFFELL (Grn),Matt KERR (Lab),Alistair WATSON (Lab),skipped,skipped,skipped,skipped,skipped,skipped,skipped,4,10
6931,Ian RUFFELL (Grn),Matt KERR (Lab),Alistair WATSON (Lab),skipped,skipped,skipped,skipped,skipped,skipped,skipped,4,10
6932,Ian RUFFELL (Grn),Matt KERR (Lab),Alistair WATSON (Lab),Iris GIBSON (SNP),Jim TORRANCE (SNP),skipped,skipped,skipped,skipped,skipped,4,10
6933,Ian RUFFELL (Grn),Matt KERR (Lab),Alistair WATSON (Lab),Iris GIBSON (SNP),Jim TORRANCE (SNP),Gail SHERIDAN (Sol),Gordon MACDIARMID (Glasgow First),Isabel NELSON (LD),Jayne Ann MORGAN (Con),Janice MACKAY (UKIP),4,10
6934,Ian RUFFELL (Grn),Matt KERR (Lab),Alistair WATSON (Lab),Isabel NELSON (LD),skipped,skipped,skipped,skipped,skipped,skipped,4,10
6935,Ian RUFFELL (Grn),Matt KERR (Lab),Alistair WATSON (Lab),Isabel NELSON (LD),skipped,skipped,skipped,skipped,skipped,skipped,4,10
6936,Ian RUFFELL (Grn),Matt KERR (Lab),Alistair WATSON (Lab),Gail SHERIDAN (Sol),skipped,skipped,skipped,skipped,skipped,skipped,4,10
6937,Ian RUFFELL (Grn),Matt KERR (Lab),Alistair WATSON (Lab),Gail SHERIDAN (Sol),Iris GIBSON (SNP),Jim TORRANCE (SNP),skipped,skipped,skipped,skipped,4,10
6938,Ian RUFFELL (Grn),Matt KERR (Lab),Alistair WATSON (Lab),Gail SHERIDAN (Sol),Isabel NELSON (LD),Janice MACKAY (UKIP),skipped,skipped,skipped,skipped,4,10
6939,Ian RUFFELL (Grn),Matt KERR (Lab),Gordon MACDIARMID (Glasgow First),skipped,skipped,skipped,skipped,skipped,skipped,skipped,4,10
6940,Ian RUFFELL (Grn),Matt KERR (Lab),Gordon MACDIARMID (Glasgow First),skipped,skipped,skipped,skipped,skipped,skipped,skipped,4,10
6941,Ian RUFFELL (Grn),Matt KERR (Lab),Gordon MACDIARMID (Glasgow First),Iris GIBSON (SNP),Gail SHERIDAN (Sol),Jim TORRANCE (SNP),Alistair WATSON (Lab),Janice MACKAY (UKIP),Isabel NELSON (LD),Jayne Ann MORGAN (Con),4,10
6942,Ian RUFFELL (Grn),Matt KERR (Lab),Isabel NELSON (LD),Gail SHERIDAN (Sol),Alistair WATSON (Lab),Jayne Ann MORGAN (Con),Gordon MACDIARMID (Glasgow First),Iris GIBSON (SNP),Jim TORRANCE (SNP),Janice MACKAY (UKIP),4,10
6943,Ian RUFFELL (Grn),Matt KERR (Lab),Gail SHERIDAN (Sol),Alistair WATSON (Lab),Gordon MACDIARMID (Glasgow First),Isabel NELSON (LD),skipped,skipped,skipped,skipped,4,10
6944,Ian RUFFELL (Grn),Matt KERR (Lab),Gail SHERIDAN (Sol),Alistair WATSON (Lab),Gordon MACDIARMID (Glasgow First),Isabel NELSON (LD),skipped,skipped,skipped,skipped,4,10
6945,Ian RUFFELL (Grn),Matt KERR (Lab),Jim TORRANCE (SNP),Gail SHERIDAN (Sol),Alistair WATSON (Lab),Gordon MACDIARMID (Glasgow First),Janice MACKAY (UKIP),Jayne Ann MORGAN (Con),Isabel NELSON (LD),Iris GIBSON (SNP),4,10
6946,Ian RUFFELL (Grn),Gordon MACDIARMID (Glasgow First),skipped,skipped,skipped,skipped,skipped,skipped,skipped,skipped,4,10
6947,Ian RUFFELL (Grn),Gordon MACDIARMID (Glasgow First),skipped,skipped,skipped,skipped,skipped,skipped,skipped,skipped,4,10
6948,Ian RUFFELL (Grn),Gordon MACDIARMID (Glasgow First),skipped,skipped,skipped,skipped,skipped,skipped,skipped,skipped,4,10
6949,Ian RUFFELL (Grn),Gordon MACDIARMID (Glasgow First),skipped,skipped,skipped,skipped,skipped,skipped,skipped,skipped,4,10
6950,Ian RUFFELL (Grn),Gordon MACDIARMID (Glasgow First),skipped,skipped,skipped,skipped,skipped,skipped,skipped,skipped,4,10
6951,Ian RUFFELL (Grn),Gordon MACDIARMID (Glasgow First),Iris GIBSON (SNP),Jim TORRANCE (SNP),Matt KERR (Lab),Alistair WATSON (Lab),Isabel NELSON (LD),Gail SHERIDAN (Sol),Jayne Ann MORGAN (Con),Janice MACKAY (UKIP),4,10
6952,Ian RUFFELL (Grn),Gordon MACDIARMID (Glasgow First),Alistair WATSON (Lab),skipped,skipped,skipped,skipped,skipped,skipped,skipped,4,10
6953,Ian RUFFELL (Grn),Gordon MACDIARMID (Glasgow First),Matt KERR (Lab),skipped,skipped,skipped,skipped,skipped,skipped,skipped,4,10
6954,Ian RUFFELL (Grn),Gordon MACDIARMID (Glasgow First),Janice MACKAY (UKIP),skipped,skipped,skipped,skipped,skipped,skipped,skipped,4,10
6955,Ian RUFFELL (Grn),Gordon MACDIARMID (Glasgow First),Janice MACKAY (UKIP),skipped,skipped,skipped,skipped,skipped,skipped,skipped,4,10
6956,Ian RUFFELL (Grn),Gordon MACDIARMID (Glasgow First),Janice MACKAY (UKIP),skipped,skipped,skipped,skipped,skipped,skipped,skipped,4,10
6957,Ian RUFFELL (Grn),Gordon MACDIARMID (Glasgow First),Janice MACKAY (UKIP),skipped,skipped,skipped,skipped,skipped,skipped,skipped,4,10
6958,Ian RUFFELL (Grn),Gordon MACDIARMID (Glasgow First),Janice MACKAY (UKIP),Jayne Ann MORGAN (Con),Alistair WATSON (Lab),Iris GIBSON (SNP),Matt KERR (Lab),Jim TORRANCE (SNP),Gail SHERIDAN (Sol),Isabel NELSON (LD),4,10
6959,Ian RUFFELL (Grn),Gordon MACDIARMID (Glasgow First),Jayne Ann MORGAN (Con),Iris GIBSON (SNP),Jim TORRANCE (SNP),Alistair WATSON (Lab),Matt KERR (Lab),Gail SHERIDAN (Sol),Janice MACKAY (UKIP),Isabel NELSON (LD),4,10
6960,Ian RUFFELL (Grn),Gordon MACDIARMID (Glasgow First),Jayne Ann MORGAN (Con),Isabel NELSON (LD),skipped,skipped,skipped,skipped,skipped,skipped,4,10
6961,Ian RUFFELL (Grn),Gordon MACDIARMID (Glasgow First),Jayne Ann MORGAN (Con),Gail SHERIDAN (Sol),Iris GIBSON (SNP),Jim TORRANCE (SNP),Isabel NELSON (LD),Alistair WATSON (Lab),Matt KERR (Lab),skipped,4,10
6962,Ian RUFFELL (Grn),Gordon MACDIARMID (Glasgow First),Isabel NELSON (LD),skipped,skipped,skipped,skipped,skipped,skipped,skipped,4,10
6963,Ian RUFFELL (Grn),Gordon MACDIARMID (Glasgow First),Gail SHERIDAN (Sol),skipped,skipped,skipped,skipped,skipped,skipped,skipped,4,10
6964,Ian RUFFELL (Grn),Gordon MACDIARMID (Glasgow First),Jim TORRANCE (SNP),skipped,skipped,skipped,skipped,skipped,skipped,skipped,4,10
6965,Ian RUFFELL (Grn),Gordon MACDIARMID (Glasgow First),Jim TORRANCE (SNP),Iris GIBSON (SNP),skipped,skipped,skipped,skipped,skipped,skipped,4,10
6966,Ian RUFFELL (Grn),Gordon MACDIARMID (Glasgow First),Jim TORRANCE (SNP),Iris GIBSON (SNP),Janice MACKAY (UKIP),Jayne Ann MORGAN (Con),Isabel NELSON (LD),Gail SHERIDAN (Sol),Alistair WATSON (Lab),Matt KERR (Lab),4,10
6967,Ian RUFFELL (Grn),Gordon MACDIARMID (Glasgow First),Jim TORRANCE (SNP),Iris GIBSON (SNP),Janice MACKAY (UKIP),Isabel NELSON (LD),skipped,skipped,skipped,skipped,4,10
6968,Ian RUFFELL (Grn),Gordon MACDIARMID (Glasgow First),Jim TORRANCE (SNP),Janice MACKAY (UKIP),Iris GIBSON (SNP),Jayne Ann MORGAN (Con),Isabel NELSON (LD),Matt KERR (Lab),Alistair WATSON (Lab),Gail SHERIDAN (Sol),4,10
6969,Ian RUFFELL (Grn),Janice MACKAY (UKIP),skipped,skipped,skipped,skipped,skipped,skipped,skipped,skipped,4,10
6970,Ian RUFFELL (Grn),Janice MACKAY (UKIP),Iris GIBSON (SNP),Jim TORRANCE (SNP),Alistair WATSON (Lab),Matt KERR (Lab),Isabel NELSON (LD),Jayne Ann MORGAN (Con),Gordon MACDIARMID (Glasgow First),skipped,4,10
6971,Ian RUFFELL (Grn),Janice MACKAY (UKIP),Gordon MACDIARMID (Glasgow First),skipped,skipped,skipped,skipped,skipped,skipped,skipped,4,10
6972,Ian RUFFELL (Grn),Janice MACKAY (UKIP),Gordon MACDIARMID (Glasgow First),Iris GIBSON (SNP),Matt KERR (Lab),Jim TORRANCE (SNP),Gail SHERIDAN (Sol),Alistair WATSON (Lab),Isabel NELSON (LD),Jayne Ann MORGAN (Con),4,10
6973,Ian RUFFELL (Grn),Janice MACKAY (UKIP),Jayne Ann MORGAN (Con),Isabel NELSON (LD),Gordon MACDIARMID (Glasgow First),Iris GIBSON (SNP),Matt KERR (Lab),Jim TORRANCE (SNP),Alistair WATSON (Lab),Gail SHERIDAN (Sol),4,10
6974,Ian RUFFELL (Grn),Janice MACKAY (UKIP),Jayne Ann MORGAN (Con),Gail SHERIDAN (Sol),skipped,skipped,skipped,skipped,skipped,skipped,4,10
6975,Ian RUFFELL (Grn),Janice MACKAY (UKIP),Gail SHERIDAN (Sol),skipped,skipped,skipped,skipped,skipped,skipped,skipped,4,10
6976,Ian RUFFELL (Grn),Janice MACKAY (UKIP),Jim TORRANCE (SNP),skipped,skipped,skipped,skipped,skipped,skipped,skipped,4,10
6977,Ian RUFFELL (Grn),Janice MACKAY (UKIP),Jim TORRANCE (SNP),Gordon MACDIARMID (Glasgow First),skipped,skipped,skipped,skipped,skipped,skipped,4,10
6978,Ian RUFFELL (Grn),Jayne Ann MORGAN (Con),skipped,skipped,skipped,skipped,skipped,skipped,skipped,skipped,4,10
6979,Ian RUFFELL (Grn),Jayne Ann MORGAN (Con),Janice MACKAY (UKIP),skipped,skipped,skipped,skipped,skipped,skipped,skipped,4,10
6980,Ian RUFFELL (Grn),Jayne Ann MORGAN (Con),Janice MACKAY (UKIP),Gordon MACDIARMID (Glasgow First),skipped,skipped,skipped,skipped,skipped,skipped,4,10
6981,Ian RUFFELL (Grn),Jayne Ann MORGAN (Con),Jim TORRANCE (SNP),Janice MACKAY (UKIP),Gordon MACDIARMID (Glasgow First),Gail SHERIDAN (Sol),Iris GIBSON (SNP),Isabel NELSON (LD),skipped,skipped,4,10
6982,Ian RUFFELL (Grn),Isabel NELSON (LD),Iris GIBSON (SNP),skipped,skipped,skipped,skipped,skipped,skipped,skipped,4,10
6983,Ian RUFFELL (Grn),Isabel NELSON (LD),Iris GIBSON (SNP),skipped,skipped,skipped,skipped,skipped,skipped,skipped,4,10
6984,Ian RUFFELL (Grn),Isabel NELSON (LD),Iris GIBSON (SNP),Matt KERR (Lab),Alistair WATSON (Lab),Jim TORRANCE (SNP),Gail SHERIDAN (Sol),Gordon MACDIARMID (Glasgow First),Janice MACKAY (UKIP),Jayne Ann MORGAN (Con),4,10
6985,Ian RUFFELL (Grn),Isabel NELSON (LD),Iris GIBSON (SNP),Jim TORRANCE (SNP),skipped,skipped,skipped,skipped,skipped,skipped,4,10
6986,Ian RUFFELL (Grn),Isabel NELSON (LD),Iris GIBSON (SNP),Jim TORRANCE (SNP),Alistair WATSON (Lab),Matt KERR (Lab),skipped,skipped,skipped,skipped,4,10
6987,Ian RUFFELL (Grn),Isabel NELSON (LD),Alistair WATSON (Lab),Iris GIBSON (SNP),skipped,skipped,skipped,skipped,skipped,skipped,4,10
6988,Ian RUFFELL (Grn),Isabel NELSON (LD),Alistair WATSON (Lab),Matt KERR (Lab),skipped,skipped,skipped,skipped,skipped,skipped,4,10
6989,Ian RUFFELL (Grn),Isabel NELSON (LD),Matt KERR (Lab),skipped,skipped,skipped,skipped,skipped,skipped,skipped,4,10
6990,Ian RUFFELL (Grn),Gail SHERIDAN (Sol),skipped,skipped,skipped,skipped,skipped,skipped,skipped,skipped,4,10
6991,Ian RUFFELL (Grn),Gail SHERIDAN (Sol),skipped,skipped,skipped,skipped,skipped,skipped,skipped,skipped,4,10
6992,Ian RUFFELL (Grn),Gail SHERIDAN (Sol),skipped,skipped,skipped,skipped,skipped,skipped,skipped,skipped,4,10
6993,Ian RUFFELL (Grn),Gail SHERIDAN (Sol),skipped,skipped,skipped,skipped,skipped,skipped,skipped,skipped,4,10
6994,Ian RUFFELL (Grn),Gail SHERIDAN (Sol),skipped,skipped,skipped,skipped,skipped,skipped,skipped,skipped,4,10
6995,Ian RUFFELL (Grn),Gail SHERIDAN (Sol),skipped,skipped,skipped,skipped,skipped,skipped,skipped,skipped,4,10
6996,Ian RUFFELL (Grn),Gail SHERIDAN (Sol),skipped,skipped,skipped,skipped,skipped,skipped,skipped,skipped,4,10
6997,Ian RUFFELL (Grn),Gail SHERIDAN (Sol),skipped,skipped,skipped,skipped,skipped,skipped,skipped,skipped,4,10
6998,Ian RUFFELL (Grn),Gail SHERIDAN (Sol),skipped,skipped,skipped,skipped,skipped,skipped,skipped,skipped,4,10
6999,Ian RUFFELL (Grn),Gail SHERIDAN (Sol),Iris GIBSON (SNP),skipped,skipped,skipped,skipped,skipped,skipped,skipped,4,10
7000,Ian RUFFELL (Grn),Gail SHERIDAN (Sol),Iris GIBSON (SNP),skipped,skipped,skipped,skipped,skipped,skipped,skipped,4,10
7001,Ian RUFFELL (Grn),Gail SHERIDAN (Sol),Matt KERR (Lab),Alistair WATSON (Lab),Isabel NELSON (LD),Gordon MACDIARMID (Glasgow First),Janice MACKAY (UKIP),Jayne Ann MORGAN (Con),Iris GIBSON (SNP),Jim TORRANCE (SNP),4,10
7002,Ian RUFFELL (Grn),Gail SHERIDAN (Sol),Matt KERR (Lab),Jim TORRANCE (SNP),Gordon MACDIARMID (Glasgow First),Jayne Ann MORGAN (Con),skipped,skipped,skipped,skipped,4,10
7003,Ian RUFFELL (Grn),Gail SHERIDAN (Sol),Gordon MACDIARMID (Glasgow First),Janice MACKAY (UKIP),Matt KERR (Lab),Alistair WATSON (Lab),Isabel NELSON (LD),Iris GIBSON (SNP),Jim TORRANCE (SNP),Jayne Ann MORGAN (Con),4,10
7004,Ian RUFFELL (Grn),Gail SHERIDAN (Sol),Gordon MACDIARMID (Glasgow First),Jayne Ann MORGAN (Con),skipped,skipped,skipped,skipped,skipped,skipped,4,10
7005,Ian RUFFELL (Grn),Gail SHERIDAN (Sol),Janice MACKAY (UKIP),Iris GIBSON (SNP),Matt KERR (Lab),Gordon MACDIARMID (Glasgow First),Jim TORRANCE (SNP),Alistair WATSON (Lab),Isabel NELSON (LD),Jayne Ann MORGAN (Con),4,10
7006,Ian RUFFELL (Grn),Gail SHERIDAN (Sol),Jim TORRANCE (SNP),skipped,skipped,skipped,skipped,skipped,skipped,skipped,4,10
7007,Ian RUFFELL (Grn),Gail SHERIDAN (Sol),Jim TORRANCE (SNP),Iris GIBSON (SNP),Gordon MACDIARMID (Glasgow First),Alistair WATSON (Lab),Matt KERR (Lab),Janice MACKAY (UKIP),Isabel NELSON (LD),Jayne Ann MORGAN (Con),4,10
7008,Ian RUFFELL (Grn),Jim TORRANCE (SNP),skipped,skipped,skipped,skipped,skipped,skipped,skipped,skipped,4,10
7009,Ian RUFFELL (Grn),Jim TORRANCE (SNP),Iris GIBSON (SNP),skipped,skipped,skipped,skipped,skipped,skipped,skipped,4,10
7010,Ian RUFFELL (Grn),Jim TORRANCE (SNP),Iris GIBSON (SNP),skipped,skipped,skipped,skipped,skipped,skipped,skipped,4,10
7011,Ian RUFFELL (Grn),Jim TORRANCE (SNP),Iris GIBSON (SNP),Alistair WATSON (Lab),skipped,skipped,skipped,skipped,skipped,skipped,4,10
7012,Ian RUFFELL (Grn),Jim TORRANCE (SNP),Iris GIBSON (SNP),Alistair WATSON (Lab),Matt KERR (Lab),skipped,skipped,skipped,skipped,skipped,4,10
7013,Ian RUFFELL (Grn),Jim TORRANCE (SNP),Iris GIBSON (SNP),Matt KERR (Lab),skipped,skipped,skipped,skipped,skipped,skipped,4,10
7014,Ian RUFFELL (Grn),Jim TORRANCE (SNP),Iris GIBSON (SNP),Matt KERR (Lab),Alistair WATSON (Lab),skipped,skipped,skipped,skipped,skipped,4,10
7015,Ian RUFFELL (Grn),Jim TORRANCE (SNP),Iris GIBSON (SNP),Isabel NELSON (LD),skipped,skipped,skipped,skipped,skipped,skipped,4,10
7016,Ian RUFFELL (Grn),Jim TORRANCE (SNP),Iris GIBSON (SNP),Gail SHERIDAN (Sol),skipped,skipped,skipped,skipped,skipped,skipped,4,10
7017,Ian RUFFELL (Grn),Jim TORRANCE (SNP),Iris GIBSON (SNP),Gail SHERIDAN (Sol),skipped,skipped,skipped,skipped,skipped,skipped,4,10
7018,Ian RUFFELL (Grn),Jim TORRANCE (SNP),Alistair WATSON (Lab),skipped,skipped,skipped,skipped,skipped,skipped,skipped,4,10
7019,Ian RUFFELL (Grn),Jim TORRANCE (SNP),Alistair WATSON (Lab),Gordon MACDIARMID (Glasgow First),skipped,skipped,skipped,skipped,skipped,skipped,4,10
7020,Ian RUFFELL (Grn),Jim TORRANCE (SNP),Matt KERR (Lab),Gail SHERIDAN (Sol),skipped,skipped,skipped,skipped,skipped,skipped,4,10
7021,Ian RUFFELL (Grn),Jim TORRANCE (SNP),Gordon MACDIARMID (Glasgow First),Iris GIBSON (SNP),skipped,skipped,skipped,skipped,skipped,skipped,4,10
7022,Ian RUFFELL (Grn),Jim TORRANCE (SNP),Gordon MACDIARMID (Glasgow First),Alistair WATSON (Lab),skipped,skipped,skipped,skipped,skipped,skipped,4,10
7023,Ian RUFFELL (Grn),Jim TORRANCE (SNP),Gordon MACDIARMID (Glasgow First),Isabel NELSON (LD),skipped,skipped,skipped,skipped,skipped,skipped,4,10
7024,Ian RUFFELL (Grn),Jim TORRANCE (SNP),Isabel NELSON (LD),skipped,skipped,skipped,skipped,skipped,skipped,skipped,4,10
7025,Ian RUFFELL (Grn),Jim TORRANCE (SNP),Isabel NELSON (LD),Iris GIBSON (SNP),skipped,skipped,skipped,skipped,skipped,skipped,4,10
7026,Ian RUFFELL (Grn),Jim TORRANCE (SNP),Gail SHERIDAN (Sol),Alistair WATSON (Lab),Iris GIBSON (SNP),skipped,skipped,skipped,skipped,skipped,4,10
7027,Gail SHERIDAN (Sol),skipped,skipped,skipped,skipped,skipped,skipped,skipped,skipped,skipped,4,10
7028,Gail SHERIDAN (Sol),skipped,skipped,skipped,skipped,skipped,skipped,skipped,skipped,skipped,4,10
7029,Gail SHERIDAN (Sol),skipped,skipped,skipped,skipped,skipped,skipped,skipped,skipped,skipped,4,10
7030,Gail SHERIDAN (Sol),skipped,skipped,skipped,skipped,skipped,skipped,skipped,skipped,skipped,4,10
7031,Gail SHERIDAN (Sol),skipped,skipped,skipped,skipped,skipped,skipped,skipped,skipped,skipped,4,10
7032,Gail SHERIDAN (Sol),skipped,skipped,skipped,skipped,skipped,skipped,skipped,skipped,skipped,4,10
7033,Gail SHERIDAN (Sol),skipped,skipped,skipped,skipped,skipped,skipped,skipped,skipped,skipped,4,10
7034,Gail SHERIDAN (Sol),skipped,skipped,skipped,skipped,skipped,skipped,skipped,skipped,skipped,4,10
7035,Gail SHERIDAN (Sol),skipped,skipped,skipped,skipped,skipped,skipped,skipped,skipped,skipped,4,10
7036,Gail SHERIDAN (Sol),skipped,skipped,skipped,skipped,skipped,skipped,skipped,skipped,skipped,4,10
7037,Gail SHERIDAN (Sol),skipped,skipped,skipped,skipped,skipped,skipped,skipped,skipped,skipped,4,10
7038,Gail SHERIDAN (Sol),skipped,skipped,skipped,skipped,skipped,skipped,skipped,skipped,skipped,4,10
7039,Gail SHERIDAN (Sol),skipped,skipped,skipped,skipped,skipped,skipped,skipped,skipped,skipped,4,10
7040,Gail SHERIDAN (Sol),skipped,skipped,skipped,skipped,skipped,skipped,skipped,skipped,skipped,4,10
7041,Gail SHERIDAN (Sol),skipped,skipped,skipped,skipped,skipped,skipped,skipped,skipped,skipped,4,10
7042,Gail SHERIDAN (Sol),skipped,skipped,skipped,skipped,skipped,skipped,skipped,skipped,skipped,4,10
7043,Gail SHERIDAN (Sol),skipped,skipped,skipped,skipped,skipped,skipped,skipped,skipped,skipped,4,10
7044,Gail SHERIDAN (Sol),skipped,skipped,skipped,skipped,skipped,skipped,skipped,skipped,skipped,4,10
7045,Gail SHERIDAN (Sol),skipped,skipped,skipped,skipped,skipped,skipped,skipped,skipped,skipped,4,10
7046,Gail SHERIDAN (Sol),skipped,skipped,skipped,skipped,skipped,skipped,skipped,skipped,skipped,4,10
7047,Gail SHERIDAN (Sol),skipped,skipped,skipped,skipped,skipped,skipped,skipped,skipped,skipped,4,10
7048,Gail SHERIDAN (Sol),skipped,skipped,skipped,skipped,skipped,skipped,skipped,skipped,skipped,4,10
7049,Gail SHERIDAN (Sol),skipped,skipped,skipped,skipped,skipped,skipped,skipped,skipped,skipped,4,10
7050,Gail SHERIDAN (Sol),skipped,skipped,skipped,skipped,skipped,skipped,skipped,skipped,skipped,4,10
7051,Gail SHERIDAN (Sol),skipped,skipped,skipped,skipped,skipped,skipped,skipped,skipped,skipped,4,10
7052,Gail SHERIDAN (Sol),skipped,skipped,skipped,skipped,skipped,skipped,skipped,skipped,skipped,4,10
7053,Gail SHERIDAN (Sol),skipped,skipped,skipped,skipped,skipped,skipped,skipped,skipped,skipped,4,10
7054,Gail SHERIDAN (Sol),skipped,skipped,skipped,skipped,skipped,skipped,skipped,skipped,skipped,4,10
7055,Gail SHERIDAN (Sol),skipped,skipped,skipped,skipped,skipped,skipped,skipped,skipped,skipped,4,10
7056,Gail SHERIDAN (Sol),skipped,skipped,skipped,skipped,skipped,skipped,skipped,skipped,skipped,4,10
7057,Gail SHERIDAN (Sol),skipped,skipped,skipped,skipped,skipped,skipped,skipped,skipped,skipped,4,10
7058,Gail SHERIDAN (Sol),skipped,skipped,skipped,skipped,skipped,skipped,skipped,skipped,skipped,4,10
7059,Gail SHERIDAN (Sol),skipped,skipped,skipped,skipped,skipped,skipped,skipped,skipped,skipped,4,10
7060,Gail SHERIDAN (Sol),skipped,skipped,skipped,skipped,skipped,skipped,skipped,skipped,skipped,4,10
7061,Gail SHERIDAN (Sol),skipped,skipped,skipped,skipped,skipped,skipped,skipped,skipped,skipped,4,10
7062,Gail SHERIDAN (Sol),skipped,skipped,skipped,skipped,skipped,skipped,skipped,skipped,skipped,4,10
7063,Gail SHERIDAN (Sol),skipped,skipped,skipped,skipped,skipped,skipped,skipped,skipped,skipped,4,10
7064,Gail SHERIDAN (Sol),skipped,skipped,skipped,skipped,skipped,skipped,skipped,skipped,skipped,4,10
7065,Gail SHERIDAN (Sol),skipped,skipped,skipped,skipped,skipped,skipped,skipped,skipped,skipped,4,10
7066,Gail SHERIDAN (Sol),skipped,skipped,skipped,skipped,skipped,skipped,skipped,skipped,skipped,4,10
7067,Gail SHERIDAN (Sol),skipped,skipped,skipped,skipped,skipped,skipped,skipped,skipped,skipped,4,10
7068,Gail SHERIDAN (Sol),skipped,skipped,skipped,skipped,skipped,skipped,skipped,skipped,skipped,4,10
7069,Gail SHERIDAN (Sol),skipped,skipped,skipped,skipped,skipped,skipped,skipped,skipped,skipped,4,10
7070,Gail SHERIDAN (Sol),skipped,skipped,skipped,skipped,skipped,skipped,skipped,skipped,skipped,4,10
7071,Gail SHERIDAN (Sol),skipped,skipped,skipped,skipped,skipped,skipped,skipped,skipped,skipped,4,10
7072,Gail SHERIDAN (Sol),skipped,skipped,skipped,skipped,skipped,skipped,skipped,skipped,skipped,4,10
7073,Gail SHERIDAN (Sol),skipped,skipped,skipped,skipped,skipped,skipped,skipped,skipped,skipped,4,10
7074,Gail SHERIDAN (Sol),skipped,skipped,skipped,skipped,skipped,skipped,skipped,skipped,skipped,4,10
7075,Gail SHERIDAN (Sol),skipped,skipped,skipped,skipped,skipped,skipped,skipped,skipped,skipped,4,10
7076,Gail SHERIDAN (Sol),skipped,skipped,skipped,skipped,skipped,skipped,skipped,skipped,skipped,4,10
7077,Gail SHERIDAN (Sol),skipped,skipped,skipped,skipped,skipped,skipped,skipped,skipped,skipped,4,10
7078,Gail SHERIDAN (Sol),skipped,skipped,skipped,skipped,skipped,skipped,skipped,skipped,skipped,4,10
7079,Gail SHERIDAN (Sol),skipped,skipped,skipped,skipped,skipped,skipped,skipped,skipped,skipped,4,10
7080,Gail SHERIDAN (Sol),skipped,skipped,skipped,skipped,skipped,skipped,skipped,skipped,skipped,4,10
7081,Gail SHERIDAN (Sol),skipped,skipped,skipped,skipped,skipped,skipped,skipped,skipped,skipped,4,10
7082,Gail SHERIDAN (Sol),skipped,skipped,skipped,skipped,skipped,skipped,skipped,skipped,skipped,4,10
7083,Gail SHERIDAN (Sol),skipped,skipped,skipped,skipped,skipped,skipped,skipped,skipped,skipped,4,10
7084,Gail SHERIDAN (Sol),skipped,skipped,skipped,skipped,skipped,skipped,skipped,skipped,skipped,4,10
7085,Gail SHERIDAN (Sol),skipped,skipped,skipped,skipped,skipped,skipped,skipped,skipped,skipped,4,10
7086,Gail SHERIDAN (Sol),skipped,skipped,skipped,skipped,skipped,skipped,skipped,skipped,skipped,4,10
7087,Gail SHERIDAN (Sol),skipped,skipped,skipped,skipped,skipped,skipped,skipped,skipped,skipped,4,10
7088,Gail SHERIDAN (Sol),skipped,skipped,skipped,skipped,skipped,skipped,skipped,skipped,skipped,4,10
7089,Gail SHERIDAN (Sol),skipped,skipped,skipped,skipped,skipped,skipped,skipped,skipped,skipped,4,10
7090,Gail SHERIDAN (Sol),skipped,skipped,skipped,skipped,skipped,skipped,skipped,skipped,skipped,4,10
7091,Gail SHERIDAN (Sol),skipped,skipped,skipped,skipped,skipped,skipped,skipped,skipped,skipped,4,10
7092,Gail SHERIDAN (Sol),skipped,skipped,skipped,skipped,skipped,skipped,skipped,skipped,skipped,4,10
7093,Gail SHERIDAN (Sol),skipped,skipped,skipped,skipped,skipped,skipped,skipped,skipped,skipped,4,10
7094,Gail SHERIDAN (Sol),skipped,skipped,skipped,skipped,skipped,skipped,skipped,skipped,skipped,4,10
7095,Gail SHERIDAN (Sol),skipped,skipped,skipped,skipped,skipped,skipped,skipped,skipped,skipped,4,10
7096,Gail SHERIDAN (Sol),skipped,skipped,skipped,skipped,skipped,skipped,skipped,skipped,skipped,4,10
7097,Gail SHERIDAN (Sol),skipped,skipped,skipped,skipped,skipped,skipped,skipped,skipped,skipped,4,10
7098,Gail SHERIDAN (Sol),skipped,skipped,skipped,skipped,skipped,skipped,skipped,skipped,skipped,4,10
7099,Gail SHERIDAN (Sol),skipped,skipped,skipped,skipped,skipped,skipped,skipped,skipped,skipped,4,10
7100,Gail SHERIDAN (Sol),skipped,skipped,skipped,skipped,skipped,skipped,skipped,skipped,skipped,4,10
7101,Gail SHERIDAN (Sol),Iris GIBSON (SNP),skipped,skipped,skipped,skipped,skipped,skipped,skipped,skipped,4,10
7102,Gail SHERIDAN (Sol),Iris GIBSON (SNP),skipped,skipped,skipped,skipped,skipped,skipped,skipped,skipped,4,10
7103,Gail SHERIDAN (Sol),Iris GIBSON (SNP),skipped,skipped,skipped,skipped,skipped,skipped,skipped,skipped,4,10
7104,Gail SHERIDAN (Sol),Iris GIBSON (SNP),skipped,skipped,skipped,skipped,skipped,skipped,skipped,skipped,4,10
7105,Gail SHERIDAN (Sol),Iris GIBSON (SNP),skipped,skipped,skipped,skipped,skipped,skipped,skipped,skipped,4,10
7106,Gail SHERIDAN (Sol),Iris GIBSON (SNP),skipped,skipped,skipped,skipped,skipped,skipped,skipped,skipped,4,10
7107,Gail SHERIDAN (Sol),Iris GIBSON (SNP),skipped,skipped,skipped,skipped,skipped,skipped,skipped,skipped,4,10
7108,Gail SHERIDAN (Sol),Iris GIBSON (SNP),skipped,skipped,skipped,skipped,skipped,skipped,skipped,skipped,4,10
7109,Gail SHERIDAN (Sol),Iris GIBSON (SNP),skipped,skipped,skipped,skipped,skipped,skipped,skipped,skipped,4,10
7110,Gail SHERIDAN (Sol),Iris GIBSON (SNP),skipped,skipped,skipped,skipped,skipped,skipped,skipped,skipped,4,10
7111,Gail SHERIDAN (Sol),Iris GIBSON (SNP),skipped,skipped,skipped,skipped,skipped,skipped,skipped,skipped,4,10
7112,Gail SHERIDAN (Sol),Iris GIBSON (SNP),skipped,skipped,skipped,skipped,skipped,skipped,skipped,skipped,4,10
7113,Gail SHERIDAN (Sol),Iris GIBSON (SNP),Alistair WATSON (Lab),skipped,skipped,skipped,skipped,skipped,skipped,skipped,4,10
7114,Gail SHERIDAN (Sol),Iris GIBSON (SNP),Alistair WATSON (Lab),skipped,skipped,skipped,skipped,skipped,skipped,skipped,4,10
7115,Gail SHERIDAN (Sol),Iris GIBSON (SNP),Alistair WATSON (Lab),skipped,skipped,skipped,skipped,skipped,skipped,skipped,4,10
7116,Gail SHERIDAN (Sol),Iris GIBSON (SNP),Alistair WATSON (Lab),skipped,skipped,skipped,skipped,skipped,skipped,skipped,4,10
7117,Gail SHERIDAN (Sol),Iris GIBSON (SNP),Alistair WATSON (Lab),Ian RUFFELL (Grn),skipped,skipped,skipped,skipped,skipped,skipped,4,10
7118,Gail SHERIDAN (Sol),Iris GIBSON (SNP),Matt KERR (Lab),skipped,skipped,skipped,skipped,skipped,skipped,skipped,4,10
7119,Gail SHERIDAN (Sol),Iris GIBSON (SNP),Matt KERR (Lab),skipped,skipped,skipped,skipped,skipped,skipped,skipped,4,10
7120,Gail SHERIDAN (Sol),Iris GIBSON (SNP),Matt KERR (Lab),skipped,skipped,skipped,skipped,skipped,skipped,skipped,4,10
7121,Gail SHERIDAN (Sol),Iris GIBSON (SNP),Matt KERR (Lab),skipped,skipped,skipped,skipped,skipped,skipped,skipped,4,10
7122,Gail SHERIDAN (Sol),Iris GIBSON (SNP),Matt KERR (Lab),skipped,skipped,skipped,skipped,skipped,skipped,skipped,4,10
7123,Gail SHERIDAN (Sol),Iris GIBSON (SNP),Matt KERR (Lab),skipped,skipped,skipped,skipped,skipped,skipped,skipped,4,10
7124,Gail SHERIDAN (Sol),Iris GIBSON (SNP),Matt KERR (Lab),Gordon MACDIARMID (Glasgow First),skipped,skipped,skipped,skipped,skipped,skipped,4,10
7125,Gail SHERIDAN (Sol),Iris GIBSON (SNP),Matt KERR (Lab),Janice MACKAY (UKIP),Gordon MACDIARMID (Glasgow First),Jim TORRANCE (SNP),Ian RUFFELL (Grn),Isabel NELSON (LD),Jayne Ann MORGAN (Con),Alistair WATSON (Lab),4,10
7126,Gail SHERIDAN (Sol),Iris GIBSON (SNP),Matt KERR (Lab),Ian RUFFELL (Grn),Jim TORRANCE (SNP),Alistair WATSON (Lab),skipped,skipped,skipped,skipped,4,10
7127,Gail SHERIDAN (Sol),Iris GIBSON (SNP),Matt KERR (Lab),Jim TORRANCE (SNP),skipped,skipped,skipped,skipped,skipped,skipped,4,10
7128,Gail SHERIDAN (Sol),Iris GIBSON (SNP),Matt KERR (Lab),Jim TORRANCE (SNP),Alistair WATSON (Lab),Ian RUFFELL (Grn),Gordon MACDIARMID (Glasgow First),skipped,skipped,skipped,4,10
7129,Gail SHERIDAN (Sol),Iris GIBSON (SNP),Gordon MACDIARMID (Glasgow First),skipped,skipped,skipped,skipped,skipped,skipped,skipped,4,10
7130,Gail SHERIDAN (Sol),Iris GIBSON (SNP),Ian RUFFELL (Grn),skipped,skipped,skipped,skipped,skipped,skipped,skipped,4,10
7131,Gail SHERIDAN (Sol),Iris GIBSON (SNP),Ian RUFFELL (Grn),skipped,skipped,skipped,skipped,skipped,skipped,skipped,4,10
7132,Gail SHERIDAN (Sol),Iris GIBSON (SNP),Ian RUFFELL (Grn),skipped,skipped,skipped,skipped,skipped,skipped,skipped,4,10
7133,Gail SHERIDAN (Sol),Iris GIBSON (SNP),Ian RUFFELL (Grn),Isabel NELSON (LD),skipped,skipped,skipped,skipped,skipped,skipped,4,10
7134,Gail SHERIDAN (Sol),Iris GIBSON (SNP),Ian RUFFELL (Grn),Isabel NELSON (LD),Jim TORRANCE (SNP),skipped,skipped,skipped,skipped,skipped,4,10
7135,Gail SHERIDAN (Sol),Iris GIBSON (SNP),Ian RUFFELL (Grn),Jim TORRANCE (SNP),skipped,skipped,skipped,skipped,skipped,skipped,4,10
7136,Gail SHERIDAN (Sol),Iris GIBSON (SNP),Jim TORRANCE (SNP),skipped,skipped,skipped,skipped,skipped,skipped,skipped,4,10
7137,Gail SHERIDAN (Sol),Iris GIBSON (SNP),Jim TORRANCE (SNP),skipped,skipped,skipped,skipped,skipped,skipped,skipped,4,10
7138,Gail SHERIDAN (Sol),Iris GIBSON (SNP),Jim TORRANCE (SNP),skipped,skipped,skipped,skipped,skipped,skipped,skipped,4,10
7139,Gail SHERIDAN (Sol),Iris GIBSON (SNP),Jim TORRANCE (SNP),skipped,skipped,skipped,skipped,skipped,skipped,skipped,4,10
7140,Gail SHERIDAN (Sol),Iris GIBSON (SNP),Jim TORRANCE (SNP),skipped,skipped,skipped,skipped,skipped,skipped,skipped,4,10
7141,Gail SHERIDAN (Sol),Iris GIBSON (SNP),Jim TORRANCE (SNP),skipped,skipped,skipped,skipped,skipped,skipped,skipped,4,10
7142,Gail SHERIDAN (Sol),Iris GIBSON (SNP),Jim TORRANCE (SNP),skipped,skipped,skipped,skipped,skipped,skipped,skipped,4,10
7143,Gail SHERIDAN (Sol),Iris GIBSON (SNP),Jim TORRANCE (SNP),skipped,skipped,skipped,skipped,skipped,skipped,skipped,4,10
7144,Gail SHERIDAN (Sol),Iris GIBSON (SNP),Jim TORRANCE (SNP),skipped,skipped,skipped,skipped,skipped,skipped,skipped,4,10
7145,Gail SHERIDAN (Sol),Iris GIBSON (SNP),Jim TORRANCE (SNP),skipped,skipped,skipped,skipped,skipped,skipped,skipped,4,10
7146,Gail SHERIDAN (Sol),Iris GIBSON (SNP),Jim TORRANCE (SNP),skipped,skipped,skipped,skipped,skipped,skipped,skipped,4,10
7147,Gail SHERIDAN (Sol),Iris GIBSON (SNP),Jim TORRANCE (SNP),skipped,skipped,skipped,skipped,skipped,skipped,skipped,4,10
7148,Gail SHERIDAN (Sol),Iris GIBSON (SNP),Jim TORRANCE (SNP),skipped,skipped,skipped,skipped,skipped,skipped,skipped,4,10
7149,Gail SHERIDAN (Sol),Iris GIBSON (SNP),Jim TORRANCE (SNP),skipped,skipped,skipped,skipped,skipped,skipped,skipped,4,10
7150,Gail SHERIDAN (Sol),Iris GIBSON (SNP),Jim TORRANCE (SNP),skipped,skipped,skipped,skipped,skipped,skipped,skipped,4,10
7151,Gail SHERIDAN (Sol),Iris GIBSON (SNP),Jim TORRANCE (SNP),skipped,skipped,skipped,skipped,skipped,skipped,skipped,4,10
7152,Gail SHERIDAN (Sol),Iris GIBSON (SNP),Jim TORRANCE (SNP),skipped,skipped,skipped,skipped,skipped,skipped,skipped,4,10
7153,Gail SHERIDAN (Sol),Iris GIBSON (SNP),Jim TORRANCE (SNP),Alistair WATSON (Lab),skipped,skipped,skipped,skipped,skipped,skipped,4,10
7154,Gail SHERIDAN (Sol),Iris GIBSON (SNP),Jim TORRANCE (SNP),Alistair WATSON (Lab),Matt KERR (Lab),skipped,skipped,skipped,skipped,skipped,4,10
7155,Gail SHERIDAN (Sol),Iris GIBSON (SNP),Jim TORRANCE (SNP),Alistair WATSON (Lab),Matt KERR (Lab),Gordon MACDIARMID (Glasgow First),Janice MACKAY (UKIP),Isabel NELSON (LD),Ian RUFFELL (Grn),Jayne Ann MORGAN (Con),4,10
7156,Gail SHERIDAN (Sol),Iris GIBSON (SNP),Jim TORRANCE (SNP),Alistair WATSON (Lab),Matt KERR (Lab),Gordon MACDIARMID (Glasgow First),Ian RUFFELL (Grn),Isabel NELSON (LD),Janice MACKAY (UKIP),Jayne Ann MORGAN (Con),4,10
7157,Gail SHERIDAN (Sol),Iris GIBSON (SNP),Jim TORRANCE (SNP),Alistair WATSON (Lab),Matt KERR (Lab),Ian RUFFELL (Grn),Gordon MACDIARMID (Glasgow First),Janice MACKAY (UKIP),Isabel NELSON (LD),Jayne Ann MORGAN (Con),4,10
7158,Gail SHERIDAN (Sol),Iris GIBSON (SNP),Jim TORRANCE (SNP),Alistair WATSON (Lab),Janice MACKAY (UKIP),Gordon MACDIARMID (Glasgow First),Jayne Ann MORGAN (Con),Ian RUFFELL (Grn),Isabel NELSON (LD),Matt KERR (Lab),4,10
7159,Gail SHERIDAN (Sol),Iris GIBSON (SNP),Jim TORRANCE (SNP),Alistair WATSON (Lab),Janice MACKAY (UKIP),Gordon MACDIARMID (Glasgow First),Jayne Ann MORGAN (Con),Ian RUFFELL (Grn),Isabel NELSON (LD),Matt KERR (Lab),4,10
7160,Gail SHERIDAN (Sol),Iris GIBSON (SNP),Jim TORRANCE (SNP),Alistair WATSON (Lab),Ian RUFFELL (Grn),Matt KERR (Lab),Jayne Ann MORGAN (Con),Isabel NELSON (LD),Janice MACKAY (UKIP),Gordon MACDIARMID (Glasgow First),4,10
7161,Gail SHERIDAN (Sol),Iris GIBSON (SNP),Jim TORRANCE (SNP),Matt KERR (Lab),Alistair WATSON (Lab),Isabel NELSON (LD),skipped,skipped,skipped,skipped,4,10
7162,Gail SHERIDAN (Sol),Iris GIBSON (SNP),Jim TORRANCE (SNP),Matt KERR (Lab),Alistair WATSON (Lab),Ian RUFFELL (Grn),skipped,skipped,skipped,skipped,4,10
7163,Gail SHERIDAN (Sol),Iris GIBSON (SNP),Jim TORRANCE (SNP),Matt KERR (Lab),Janice MACKAY (UKIP),Alistair WATSON (Lab),Isabel NELSON (LD),Ian RUFFELL (Grn),Gordon MACDIARMID (Glasgow First),Jayne Ann MORGAN (Con),4,10
7164,Gail SHERIDAN (Sol),Iris GIBSON (SNP),Jim TORRANCE (SNP),Gordon MACDIARMID (Glasgow First),skipped,skipped,skipped,skipped,skipped,skipped,4,10
7165,Gail SHERIDAN (Sol),Iris GIBSON (SNP),Jim TORRANCE (SNP),Gordon MACDIARMID (Glasgow First),Janice MACKAY (UKIP),skipped,skipped,skipped,skipped,skipped,4,10
7166,Gail SHERIDAN (Sol),Iris GIBSON (SNP),Jim TORRANCE (SNP),Gordon MACDIARMID (Glasgow First),Isabel NELSON (LD),Janice MACKAY (UKIP),skipped,skipped,skipped,skipped,4,10
7167,Gail SHERIDAN (Sol),Iris GIBSON (SNP),Jim TORRANCE (SNP),Gordon MACDIARMID (Glasgow First),Ian RUFFELL (Grn),Jayne Ann MORGAN (Con),Isabel NELSON (LD),Janice MACKAY (UKIP),Matt KERR (Lab),Alistair WATSON (Lab),4,10
7168,Gail SHERIDAN (Sol),Iris GIBSON (SNP),Jim TORRANCE (SNP),Janice MACKAY (UKIP),Gordon MACDIARMID (Glasgow First),Ian RUFFELL (Grn),Alistair WATSON (Lab),Isabel NELSON (LD),Matt KERR (Lab),Jayne Ann MORGAN (Con),4,10
7169,Gail SHERIDAN (Sol),Iris GIBSON (SNP),Jim TORRANCE (SNP),Jayne Ann MORGAN (Con),skipped,skipped,skipped,skipped,skipped,skipped,4,10
7170,Gail SHERIDAN (Sol),Iris GIBSON (SNP),Jim TORRANCE (SNP),Jayne Ann MORGAN (Con),Matt KERR (Lab),skipped,skipped,skipped,skipped,skipped,4,10
7171,Gail SHERIDAN (Sol),Iris GIBSON (SNP),Jim TORRANCE (SNP),Isabel NELSON (LD),skipped,skipped,skipped,skipped,skipped,skipped,4,10
7172,Gail SHERIDAN (Sol),Iris GIBSON (SNP),Jim TORRANCE (SNP),Ian RUFFELL (Grn),skipped,skipped,skipped,skipped,skipped,skipped,4,10
7173,Gail SHERIDAN (Sol),Iris GIBSON (SNP),Jim TORRANCE (SNP),Ian RUFFELL (Grn),Matt KERR (Lab),Alistair WATSON (Lab),Isabel NELSON (LD),Gordon MACDIARMID (Glasgow First),Janice MACKAY (UKIP),Jayne Ann MORGAN (Con),4,10
7174,Gail SHERIDAN (Sol),Iris GIBSON (SNP),Jim TORRANCE (SNP),Ian RUFFELL (Grn),Gordon MACDIARMID (Glasgow First),skipped,skipped,skipped,skipped,skipped,4,10
7175,Gail SHERIDAN (Sol),Iris GIBSON (SNP),Jim TORRANCE (SNP),Ian RUFFELL (Grn),Jayne Ann MORGAN (Con),Gordon MACDIARMID (Glasgow First),Matt KERR (Lab),Isabel NELSON (LD),Alistair WATSON (Lab),Janice MACKAY (UKIP),4,10
7176,Gail SHERIDAN (Sol),Alistair WATSON (Lab),skipped,skipped,skipped,skipped,skipped,skipped,skipped,skipped,4,10
7177,Gail SHERIDAN (Sol),Alistair WATSON (Lab),skipped,skipped,skipped,skipped,skipped,skipped,skipped,skipped,4,10
7178,Gail SHERIDAN (Sol),Alistair WATSON (Lab),skipped,skipped,skipped,skipped,skipped,skipped,skipped,skipped,4,10
7179,Gail SHERIDAN (Sol),Alistair WATSON (Lab),skipped,skipped,skipped,skipped,skipped,skipped,skipped,skipped,4,10
7180,Gail SHERIDAN (Sol),Alistair WATSON (Lab),skipped,skipped,skipped,skipped,skipped,skipped,skipped,skipped,4,10
7181,Gail SHERIDAN (Sol),Alistair WATSON (Lab),skipped,skipped,skipped,skipped,skipped,skipped,skipped,skipped,4,10
7182,Gail SHERIDAN (Sol),Alistair WATSON (Lab),skipped,skipped,skipped,skipped,skipped,skipped,skipped,skipped,4,10
7183,Gail SHERIDAN (Sol),Alistair WATSON (Lab),skipped,skipped,skipped,skipped,skipped,skipped,skipped,skipped,4,10
7184,Gail SHERIDAN (Sol),Alistair WATSON (Lab),skipped,skipped,skipped,skipped,skipped,skipped,skipped,skipped,4,10
7185,Gail SHERIDAN (Sol),Alistair WATSON (Lab),skipped,skipped,skipped,skipped,skipped,skipped,skipped,skipped,4,10
7186,Gail SHERIDAN (Sol),Alistair WATSON (Lab),skipped,skipped,skipped,skipped,skipped,skipped,skipped,skipped,4,10
7187,Gail SHERIDAN (Sol),Alistair WATSON (Lab),skipped,skipped,skipped,skipped,skipped,skipped,skipped,skipped,4,10
7188,Gail SHERIDAN (Sol),Alistair WATSON (Lab),skipped,skipped,skipped,skipped,skipped,skipped,skipped,skipped,4,10
7189,Gail SHERIDAN (Sol),Alistair WATSON (Lab),skipped,skipped,skipped,skipped,skipped,skipped,skipped,skipped,4,10
7190,Gail SHERIDAN (Sol),Alistair WATSON (Lab),skipped,skipped,skipped,skipped,skipped,skipped,skipped,skipped,4,10
7191,Gail SHERIDAN (Sol),Alistair WATSON (Lab),skipped,skipped,skipped,skipped,skipped,skipped,skipped,skipped,4,10
7192,Gail SHERIDAN (Sol),Alistair WATSON (Lab),skipped,skipped,skipped,skipped,skipped,skipped,skipped,skipped,4,10
7193,Gail SHERIDAN (Sol),Alistair WATSON (Lab),Iris GIBSON (SNP),skipped,skipped,skipped,skipped,skipped,skipped,skipped,4,10
7194,Gail SHERIDAN (Sol),Alistair WATSON (Lab),Iris GIBSON (SNP),skipped,skipped,skipped,skipped,skipped,skipped,skipped,4,10
7195,Gail SHERIDAN (Sol),Alistair WATSON (Lab),Iris GIBSON (SNP),skipped,skipped,skipped,skipped,skipped,skipped,skipped,4,10
7196,Gail SHERIDAN (Sol),Alistair WATSON (Lab),Iris GIBSON (SNP),skipped,skipped,skipped,skipped,skipped,skipped,skipped,4,10
7197,Gail SHERIDAN (Sol),Alistair WATSON (Lab),Iris GIBSON (SNP),skipped,skipped,skipped,skipped,skipped,skipped,skipped,4,10
7198,Gail SHERIDAN (Sol),Alistair WATSON (Lab),Iris GIBSON (SNP),skipped,skipped,skipped,skipped,skipped,skipped,skipped,4,10
7199,Gail SHERIDAN (Sol),Alistair WATSON (Lab),Iris GIBSON (SNP),skipped,skipped,skipped,skipped,skipped,skipped,skipped,4,10
7200,Gail SHERIDAN (Sol),Alistair WATSON (Lab),Iris GIBSON (SNP),Matt KERR (Lab),Ian RUFFELL (Grn),skipped,skipped,skipped,skipped,skipped,4,10
7201,Gail SHERIDAN (Sol),Alistair WATSON (Lab),Matt KERR (Lab),skipped,skipped,skipped,skipped,skipped,skipped,skipped,4,10
7202,Gail SHERIDAN (Sol),Alistair WATSON (Lab),Matt KERR (Lab),skipped,skipped,skipped,skipped,skipped,skipped,skipped,4,10
7203,Gail SHERIDAN (Sol),Alistair WATSON (Lab),Matt KERR (Lab),skipped,skipped,skipped,skipped,skipped,skipped,skipped,4,10
7204,Gail SHERIDAN (Sol),Alistair WATSON (Lab),Matt KERR (Lab),skipped,skipped,skipped,skipped,skipped,skipped,skipped,4,10
7205,Gail SHERIDAN (Sol),Alistair WATSON (Lab),Matt KERR (Lab),skipped,skipped,skipped,skipped,skipped,skipped,skipped,4,10
7206,Gail SHERIDAN (Sol),Alistair WATSON (Lab),Matt KERR (Lab),skipped,skipped,skipped,skipped,skipped,skipped,skipped,4,10
7207,Gail SHERIDAN (Sol),Alistair WATSON (Lab),Matt KERR (Lab),skipped,skipped,skipped,skipped,skipped,skipped,skipped,4,10
7208,Gail SHERIDAN (Sol),Alistair WATSON (Lab),Matt KERR (Lab),skipped,skipped,skipped,skipped,skipped,skipped,skipped,4,10
7209,Gail SHERIDAN (Sol),Alistair WATSON (Lab),Matt KERR (Lab),skipped,skipped,skipped,skipped,skipped,skipped,skipped,4,10
7210,Gail SHERIDAN (Sol),Alistair WATSON (Lab),Matt KERR (Lab),skipped,skipped,skipped,skipped,skipped,skipped,skipped,4,10
7211,Gail SHERIDAN (Sol),Alistair WATSON (Lab),Matt KERR (Lab),skipped,skipped,skipped,skipped,skipped,skipped,skipped,4,10
7212,Gail SHERIDAN (Sol),Alistair WATSON (Lab),Matt KERR (Lab),skipped,skipped,skipped,skipped,skipped,skipped,skipped,4,10
7213,Gail SHERIDAN (Sol),Alistair WATSON (Lab),Matt KERR (Lab),skipped,skipped,skipped,skipped,skipped,skipped,skipped,4,10
7214,Gail SHERIDAN (Sol),Alistair WATSON (Lab),Matt KERR (Lab),skipped,skipped,skipped,skipped,skipped,skipped,skipped,4,10
7215,Gail SHERIDAN (Sol),Alistair WATSON (Lab),Matt KERR (Lab),skipped,skipped,skipped,skipped,skipped,skipped,skipped,4,10
7216,Gail SHERIDAN (Sol),Alistair WATSON (Lab),Matt KERR (Lab),skipped,skipped,skipped,skipped,skipped,skipped,skipped,4,10
7217,Gail SHERIDAN (Sol),Alistair WATSON (Lab),Matt KERR (Lab),skipped,skipped,skipped,skipped,skipped,skipped,skipped,4,10
7218,Gail SHERIDAN (Sol),Alistair WATSON (Lab),Matt KERR (Lab),skipped,skipped,skipped,skipped,skipped,skipped,skipped,4,10
7219,Gail SHERIDAN (Sol),Alistair WATSON (Lab),Matt KERR (Lab),skipped,skipped,skipped,skipped,skipped,skipped,skipped,4,10
7220,Gail SHERIDAN (Sol),Alistair WATSON (Lab),Matt KERR (Lab),skipped,skipped,skipped,skipped,skipped,skipped,skipped,4,10
7221,Gail SHERIDAN (Sol),Alistair WATSON (Lab),Matt KERR (Lab),skipped,skipped,skipped,skipped,skipped,skipped,skipped,4,10
7222,Gail SHERIDAN (Sol),Alistair WATSON (Lab),Matt KERR (Lab),skipped,skipped,skipped,skipped,skipped,skipped,skipped,4,10
7223,Gail SHERIDAN (Sol),Alistair WATSON (Lab),Matt KERR (Lab),skipped,skipped,skipped,skipped,skipped,skipped,skipped,4,10
7224,Gail SHERIDAN (Sol),Alistair WATSON (Lab),Matt KERR (Lab),skipped,skipped,skipped,skipped,skipped,skipped,skipped,4,10
7225,Gail SHERIDAN (Sol),Alistair WATSON (Lab),Matt KERR (Lab),skipped,skipped,skipped,skipped,skipped,skipped,skipped,4,10
7226,Gail SHERIDAN (Sol),Alistair WATSON (Lab),Matt KERR (Lab),skipped,skipped,skipped,skipped,skipped,skipped,skipped,4,10
7227,Gail SHERIDAN (Sol),Alistair WATSON (Lab),Matt KERR (Lab),Iris GIBSON (SNP),Jim TORRANCE (SNP),skipped,skipped,skipped,skipped,skipped,4,10
7228,Gail SHERIDAN (Sol),Alistair WATSON (Lab),Matt KERR (Lab),Iris GIBSON (SNP),Jim TORRANCE (SNP),Isabel NELSON (LD),Ian RUFFELL (Grn),Gordon MACDIARMID (Glasgow First),Janice MACKAY (UKIP),skipped,4,10
7229,Gail SHERIDAN (Sol),Alistair WATSON (Lab),Matt KERR (Lab),Gordon MACDIARMID (Glasgow First),skipped,skipped,skipped,skipped,skipped,skipped,4,10
7230,Gail SHERIDAN (Sol),Alistair WATSON (Lab),Matt KERR (Lab),Gordon MACDIARMID (Glasgow First),skipped,skipped,skipped,skipped,skipped,skipped,4,10
7231,Gail SHERIDAN (Sol),Alistair WATSON (Lab),Matt KERR (Lab),Gordon MACDIARMID (Glasgow First),Iris GIBSON (SNP),Janice MACKAY (UKIP),Jim TORRANCE (SNP),Isabel NELSON (LD),Ian RUFFELL (Grn),skipped,4,10
7232,Gail SHERIDAN (Sol),Alistair WATSON (Lab),Matt KERR (Lab),Janice MACKAY (UKIP),Gordon MACDIARMID (Glasgow First),skipped,skipped,skipped,skipped,skipped,4,10
7233,Gail SHERIDAN (Sol),Alistair WATSON (Lab),Matt KERR (Lab),Ian RUFFELL (Grn),skipped,skipped,skipped,skipped,skipped,skipped,4,10
7234,Gail SHERIDAN (Sol),Alistair WATSON (Lab),Matt KERR (Lab),Ian RUFFELL (Grn),skipped,skipped,skipped,skipped,skipped,skipped,4,10
7235,Gail SHERIDAN (Sol),Alistair WATSON (Lab),Matt KERR (Lab),Ian RUFFELL (Grn),skipped,skipped,skipped,skipped,skipped,skipped,4,10
7236,Gail SHERIDAN (Sol),Alistair WATSON (Lab),Matt KERR (Lab),Ian RUFFELL (Grn),skipped,skipped,skipped,skipped,skipped,skipped,4,10
7237,Gail SHERIDAN (Sol),Alistair WATSON (Lab),Matt KERR (Lab),Ian RUFFELL (Grn),Janice MACKAY (UKIP),skipped,skipped,skipped,skipped,skipped,4,10
7238,Gail SHERIDAN (Sol),Alistair WATSON (Lab),Matt KERR (Lab),Ian RUFFELL (Grn),Janice MACKAY (UKIP),Gordon MACDIARMID (Glasgow First),Isabel NELSON (LD),Jayne Ann MORGAN (Con),Iris GIBSON (SNP),Jim TORRANCE (SNP),4,10
7239,Gail SHERIDAN (Sol),Alistair WATSON (Lab),Matt KERR (Lab),Jim TORRANCE (SNP),skipped,skipped,skipped,skipped,skipped,skipped,4,10
7240,Gail SHERIDAN (Sol),Alistair WATSON (Lab),Matt KERR (Lab),Jim TORRANCE (SNP),skipped,skipped,skipped,skipped,skipped,skipped,4,10
7241,Gail SHERIDAN (Sol),Alistair WATSON (Lab),Matt KERR (Lab),Jim TORRANCE (SNP),Iris GIBSON (SNP),skipped,skipped,skipped,skipped,skipped,4,10
7242,Gail SHERIDAN (Sol),Alistair WATSON (Lab),Matt KERR (Lab),Jim TORRANCE (SNP),Iris GIBSON (SNP),Isabel NELSON (LD),Janice MACKAY (UKIP),Gordon MACDIARMID (Glasgow First),Jayne Ann MORGAN (Con),Ian RUFFELL (Grn),4,10
7243,Gail SHERIDAN (Sol),Alistair WATSON (Lab),Matt KERR (Lab),Jim TORRANCE (SNP),Gordon MACDIARMID (Glasgow First),Isabel NELSON (LD),Jayne Ann MORGAN (Con),Iris GIBSON (SNP),Ian RUFFELL (Grn),Janice MACKAY (UKIP),4,10
7244,Gail SHERIDAN (Sol),Alistair WATSON (Lab),Matt KERR (Lab),Jim TORRANCE (SNP),Jayne Ann MORGAN (Con),Iris GIBSON (SNP),Janice MACKAY (UKIP),Gordon MACDIARMID (Glasgow First),Ian RUFFELL (Grn),Isabel NELSON (LD),4,10
7245,Gail SHERIDAN (Sol),Alistair WATSON (Lab),Matt KERR (Lab),Jim TORRANCE (SNP),Isabel NELSON (LD),Gordon MACDIARMID (Glasgow First),Iris GIBSON (SNP),Ian RUFFELL (Grn),Janice MACKAY (UKIP),Jayne Ann MORGAN (Con),4,10
7246,Gail SHERIDAN (Sol),Alistair WATSON (Lab),Gordon MACDIARMID (Glasgow First),skipped,skipped,skipped,skipped,skipped,skipped,skipped,4,10
7247,Gail SHERIDAN (Sol),Alistair WATSON (Lab),Gordon MACDIARMID (Glasgow First),Iris GIBSON (SNP),skipped,skipped,skipped,skipped,skipped,skipped,4,10
7248,Gail SHERIDAN (Sol),Alistair WATSON (Lab),Gordon MACDIARMID (Glasgow First),Jim TORRANCE (SNP),skipped,skipped,skipped,skipped,skipped,skipped,4,10
7249,Gail SHERIDAN (Sol),Alistair WATSON (Lab),Janice MACKAY (UKIP),Gordon MACDIARMID (Glasgow First),Matt KERR (Lab),Ian RUFFELL (Grn),Isabel NELSON (LD),Iris GIBSON (SNP),Jim TORRANCE (SNP),Jayne Ann MORGAN (Con),4,10
7250,Gail SHERIDAN (Sol),Alistair WATSON (Lab),Jayne Ann MORGAN (Con),skipped,skipped,skipped,skipped,skipped,skipped,skipped,4,10
7251,Gail SHERIDAN (Sol),Alistair WATSON (Lab),Jayne Ann MORGAN (Con),skipped,skipped,skipped,skipped,skipped,skipped,skipped,4,10
7252,Gail SHERIDAN (Sol),Alistair WATSON (Lab),Isabel NELSON (LD),skipped,skipped,skipped,skipped,skipped,skipped,skipped,4,10
7253,Gail SHERIDAN (Sol),Alistair WATSON (Lab),Isabel NELSON (LD),skipped,skipped,skipped,skipped,skipped,skipped,skipped,4,10
7254,Gail SHERIDAN (Sol),Alistair WATSON (Lab),Isabel NELSON (LD),Ian RUFFELL (Grn),skipped,skipped,skipped,skipped,skipped,skipped,4,10
7255,Gail SHERIDAN (Sol),Alistair WATSON (Lab),Isabel NELSON (LD),Jim TORRANCE (SNP),Ian RUFFELL (Grn),Janice MACKAY (UKIP),Matt KERR (Lab),Iris GIBSON (SNP),Gordon MACDIARMID (Glasgow First),Jayne Ann MORGAN (Con),4,10
7256,Gail SHERIDAN (Sol),Alistair WATSON (Lab),Ian RUFFELL (Grn),skipped,skipped,skipped,skipped,skipped,skipped,skipped,4,10
7257,Gail SHERIDAN (Sol),Alistair WATSON (Lab),Ian RUFFELL (Grn),Matt KERR (Lab),Iris GIBSON (SNP),Gordon MACDIARMID (Glasgow First),Jim TORRANCE (SNP),Isabel NELSON (LD),Jayne Ann MORGAN (Con),Janice MACKAY (UKIP),4,10
7258,Gail SHERIDAN (Sol),Alistair WATSON (Lab),Ian RUFFELL (Grn),Jim TORRANCE (SNP),Matt KERR (Lab),Gordon MACDIARMID (Glasgow First),Iris GIBSON (SNP),Janice MACKAY (UKIP),skipped,skipped,4,10
7259,Gail SHERIDAN (Sol),Alistair WATSON (Lab),Jim TORRANCE (SNP),skipped,skipped,skipped,skipped,skipped,skipped,skipped,4,10
7260,Gail SHERIDAN (Sol),Alistair WATSON (Lab),Jim TORRANCE (SNP),skipped,skipped,skipped,skipped,skipped,skipped,skipped,4,10
7261,Gail SHERIDAN (Sol),Alistair WATSON (Lab),Jim TORRANCE (SNP),skipped,skipped,skipped,skipped,skipped,skipped,skipped,4,10
7262,Gail SHERIDAN (Sol),Alistair WATSON (Lab),Jim TORRANCE (SNP),skipped,skipped,skipped,skipped,skipped,skipped,skipped,4,10
7263,Gail SHERIDAN (Sol),Alistair WATSON (Lab),Jim TORRANCE (SNP),skipped,skipped,skipped,skipped,skipped,skipped,skipped,4,10
7264,Gail SHERIDAN (Sol),Alistair WATSON (Lab),Jim TORRANCE (SNP),Iris GIBSON (SNP),skipped,skipped,skipped,skipped,skipped,skipped,4,10
7265,Gail SHERIDAN (Sol),Alistair WATSON (Lab),Jim TORRANCE (SNP),Gordon MACDIARMID (Glasgow First),skipped,skipped,skipped,skipped,skipped,skipped,4,10
7266,Gail SHERIDAN (Sol),Alistair WATSON (Lab),Jim TORRANCE (SNP),Ian RUFFELL (Grn),Iris GIBSON (SNP),skipped,skipped,skipped,skipped,skipped,4,10
7267,Gail SHERIDAN (Sol),Matt KERR (Lab),skipped,skipped,skipped,skipped,skipped,skipped,skipped,skipped,4,10
7268,Gail SHERIDAN (Sol),Matt KERR (Lab),skipped,skipped,skipped,skipped,skipped,skipped,skipped,skipped,4,10
7269,Gail SHERIDAN (Sol),Matt KERR (Lab),skipped,skipped,skipped,skipped,skipped,skipped,skipped,skipped,4,10
7270,Gail SHERIDAN (Sol),Matt KERR (Lab),skipped,skipped,skipped,skipped,skipped,skipped,skipped,skipped,4,10
7271,Gail SHERIDAN (Sol),Matt KERR (Lab),skipped,skipped,skipped,skipped,skipped,skipped,skipped,skipped,4,10
7272,Gail SHERIDAN (Sol),Matt KERR (Lab),skipped,skipped,skipped,skipped,skipped,skipped,skipped,skipped,4,10
7273,Gail SHERIDAN (Sol),Matt KERR (Lab),skipped,skipped,skipped,skipped,skipped,skipped,skipped,skipped,4,10
7274,Gail SHERIDAN (Sol),Matt KERR (Lab),skipped,skipped,skipped,skipped,skipped,skipped,skipped,skipped,4,10
7275,Gail SHERIDAN (Sol),Matt KERR (Lab),skipped,skipped,skipped,skipped,skipped,skipped,skipped,skipped,4,10
7276,Gail SHERIDAN (Sol),Matt KERR (Lab),skipped,skipped,skipped,skipped,skipped,skipped,skipped,skipped,4,10
7277,Gail SHERIDAN (Sol),Matt KERR (Lab),skipped,skipped,skipped,skipped,skipped,skipped,skipped,skipped,4,10
7278,Gail SHERIDAN (Sol),Matt KERR (Lab),skipped,skipped,skipped,skipped,skipped,skipped,skipped,skipped,4,10
7279,Gail SHERIDAN (Sol),Matt KERR (Lab),skipped,skipped,skipped,skipped,skipped,skipped,skipped,skipped,4,10
7280,Gail SHERIDAN (Sol),Matt KERR (Lab),skipped,skipped,skipped,skipped,skipped,skipped,skipped,skipped,4,10
7281,Gail SHERIDAN (Sol),Matt KERR (Lab),skipped,skipped,skipped,skipped,skipped,skipped,skipped,skipped,4,10
7282,Gail SHERIDAN (Sol),Matt KERR (Lab),skipped,skipped,skipped,skipped,skipped,skipped,skipped,skipped,4,10
7283,Gail SHERIDAN (Sol),Matt KERR (Lab),skipped,skipped,skipped,skipped,skipped,skipped,skipped,skipped,4,10
7284,Gail SHERIDAN (Sol),Matt KERR (Lab),Iris GIBSON (SNP),skipped,skipped,skipped,skipped,skipped,skipped,skipped,4,10
7285,Gail SHERIDAN (Sol),Matt KERR (Lab),Iris GIBSON (SNP),skipped,skipped,skipped,skipped,skipped,skipped,skipped,4,10
7286,Gail SHERIDAN (Sol),Matt KERR (Lab),Iris GIBSON (SNP),skipped,skipped,skipped,skipped,skipped,skipped,skipped,4,10
7287,Gail SHERIDAN (Sol),Matt KERR (Lab),Iris GIBSON (SNP),skipped,skipped,skipped,skipped,skipped,skipped,skipped,4,10
7288,Gail SHERIDAN (Sol),Matt KERR (Lab),Iris GIBSON (SNP),Isabel NELSON (LD),Alistair WATSON (Lab),Jim TORRANCE (SNP),Ian RUFFELL (Grn),Jayne Ann MORGAN (Con),Gordon MACDIARMID (Glasgow First),Janice MACKAY (UKIP),4,10
7289,Gail SHERIDAN (Sol),Matt KERR (Lab),Iris GIBSON (SNP),Jim TORRANCE (SNP),skipped,skipped,skipped,skipped,skipped,skipped,4,10
7290,Gail SHERIDAN (Sol),Matt KERR (Lab),Iris GIBSON (SNP),Jim TORRANCE (SNP),skipped,skipped,skipped,skipped,skipped,skipped,4,10
7291,Gail SHERIDAN (Sol),Matt KERR (Lab),Iris GIBSON (SNP),Jim TORRANCE (SNP),skipped,skipped,skipped,skipped,skipped,skipped,4,10
7292,Gail SHERIDAN (Sol),Matt KERR (Lab),Alistair WATSON (Lab),skipped,skipped,skipped,skipped,skipped,skipped,skipped,4,10
7293,Gail SHERIDAN (Sol),Matt KERR (Lab),Alistair WATSON (Lab),skipped,skipped,skipped,skipped,skipped,skipped,skipped,4,10
7294,Gail SHERIDAN (Sol),Matt KERR (Lab),Alistair WATSON (Lab),skipped,skipped,skipped,skipped,skipped,skipped,skipped,4,10
7295,Gail SHERIDAN (Sol),Matt KERR (Lab),Alistair WATSON (Lab),skipped,skipped,skipped,skipped,skipped,skipped,skipped,4,10
7296,Gail SHERIDAN (Sol),Matt KERR (Lab),Alistair WATSON (Lab),skipped,skipped,skipped,skipped,skipped,skipped,skipped,4,10
7297,Gail SHERIDAN (Sol),Matt KERR (Lab),Alistair WATSON (Lab),skipped,skipped,skipped,skipped,skipped,skipped,skipped,4,10
7298,Gail SHERIDAN (Sol),Matt KERR (Lab),Alistair WATSON (Lab),skipped,skipped,skipped,skipped,skipped,skipped,skipped,4,10
7299,Gail SHERIDAN (Sol),Matt KERR (Lab),Alistair WATSON (Lab),skipped,skipped,skipped,skipped,skipped,skipped,skipped,4,10
7300,Gail SHERIDAN (Sol),Matt KERR (Lab),Alistair WATSON (Lab),skipped,skipped,skipped,skipped,skipped,skipped,skipped,4,10
7301,Gail SHERIDAN (Sol),Matt KERR (Lab),Alistair WATSON (Lab),skipped,skipped,skipped,skipped,skipped,skipped,skipped,4,10
7302,Gail SHERIDAN (Sol),Matt KERR (Lab),Alistair WATSON (Lab),skipped,skipped,skipped,skipped,skipped,skipped,skipped,4,10
7303,Gail SHERIDAN (Sol),Matt KERR (Lab),Alistair WATSON (Lab),skipped,skipped,skipped,skipped,skipped,skipped,skipped,4,10
7304,Gail SHERIDAN (Sol),Matt KERR (Lab),Alistair WATSON (Lab),skipped,skipped,skipped,skipped,skipped,skipped,skipped,4,10
7305,Gail SHERIDAN (Sol),Matt KERR (Lab),Alistair WATSON (Lab),skipped,skipped,skipped,skipped,skipped,skipped,skipped,4,10
7306,Gail SHERIDAN (Sol),Matt KERR (Lab),Alistair WATSON (Lab),skipped,skipped,skipped,skipped,skipped,skipped,skipped,4,10
7307,Gail SHERIDAN (Sol),Matt KERR (Lab),Alistair WATSON (Lab),skipped,skipped,skipped,skipped,skipped,skipped,skipped,4,10
7308,Gail SHERIDAN (Sol),Matt KERR (Lab),Alistair WATSON (Lab),skipped,skipped,skipped,skipped,skipped,skipped,skipped,4,10
7309,Gail SHERIDAN (Sol),Matt KERR (Lab),Alistair WATSON (Lab),skipped,skipped,skipped,skipped,skipped,skipped,skipped,4,10
7310,Gail SHERIDAN (Sol),Matt KERR (Lab),Alistair WATSON (Lab),Iris GIBSON (SNP),skipped,skipped,skipped,skipped,skipped,skipped,4,10
7311,Gail SHERIDAN (Sol),Matt KERR (Lab),Alistair WATSON (Lab),Iris GIBSON (SNP),skipped,skipped,skipped,skipped,skipped,skipped,4,10
7312,Gail SHERIDAN (Sol),Matt KERR (Lab),Alistair WATSON (Lab),Iris GIBSON (SNP),Gordon MACDIARMID (Glasgow First),Isabel NELSON (LD),Jayne Ann MORGAN (Con),Jim TORRANCE (SNP),Janice MACKAY (UKIP),Ian RUFFELL (Grn),4,10
7313,Gail SHERIDAN (Sol),Matt KERR (Lab),Alistair WATSON (Lab),Gordon MACDIARMID (Glasgow First),skipped,skipped,skipped,skipped,skipped,skipped,4,10
7314,Gail SHERIDAN (Sol),Matt KERR (Lab),Alistair WATSON (Lab),Gordon MACDIARMID (Glasgow First),skipped,skipped,skipped,skipped,skipped,skipped,4,10
7315,Gail SHERIDAN (Sol),Matt KERR (Lab),Alistair WATSON (Lab),Gordon MACDIARMID (Glasgow First),skipped,skipped,skipped,skipped,skipped,skipped,4,10
7316,Gail SHERIDAN (Sol),Matt KERR (Lab),Alistair WATSON (Lab),Gordon MACDIARMID (Glasgow First),Janice MACKAY (UKIP),Ian RUFFELL (Grn),skipped,skipped,skipped,skipped,4,10
7317,Gail SHERIDAN (Sol),Matt KERR (Lab),Alistair WATSON (Lab),Gordon MACDIARMID (Glasgow First),Janice MACKAY (UKIP),Ian RUFFELL (Grn),Jayne Ann MORGAN (Con),Isabel NELSON (LD),Jim TORRANCE (SNP),Iris GIBSON (SNP),4,10
7318,Gail SHERIDAN (Sol),Matt KERR (Lab),Alistair WATSON (Lab),Janice MACKAY (UKIP),skipped,skipped,skipped,skipped,skipped,skipped,4,10
7319,Gail SHERIDAN (Sol),Matt KERR (Lab),Alistair WATSON (Lab),Ian RUFFELL (Grn),skipped,skipped,skipped,skipped,skipped,skipped,4,10
7320,Gail SHERIDAN (Sol),Matt KERR (Lab),Alistair WATSON (Lab),Ian RUFFELL (Grn),skipped,skipped,skipped,skipped,skipped,skipped,4,10
7321,Gail SHERIDAN (Sol),Matt KERR (Lab),Alistair WATSON (Lab),Ian RUFFELL (Grn),Gordon MACDIARMID (Glasgow First),skipped,skipped,skipped,skipped,skipped,4,10
7322,Gail SHERIDAN (Sol),Matt KERR (Lab),Alistair WATSON (Lab),Ian RUFFELL (Grn),Gordon MACDIARMID (Glasgow First),Iris GIBSON (SNP),Isabel NELSON (LD),Jim TORRANCE (SNP),Jayne Ann MORGAN (Con),Janice MACKAY (UKIP),4,10
7323,Gail SHERIDAN (Sol),Matt KERR (Lab),Alistair WATSON (Lab),Ian RUFFELL (Grn),Janice MACKAY (UKIP),skipped,skipped,skipped,skipped,skipped,4,10
7324,Gail SHERIDAN (Sol),Matt KERR (Lab),Alistair WATSON (Lab),Jim TORRANCE (SNP),skipped,skipped,skipped,skipped,skipped,skipped,4,10
7325,Gail SHERIDAN (Sol),Matt KERR (Lab),Alistair WATSON (Lab),Jim TORRANCE (SNP),Gordon MACDIARMID (Glasgow First),Isabel NELSON (LD),Ian RUFFELL (Grn),Jayne Ann MORGAN (Con),Iris GIBSON (SNP),Janice MACKAY (UKIP),4,10
7326,Gail SHERIDAN (Sol),Matt KERR (Lab),Gordon MACDIARMID (Glasgow First),skipped,skipped,skipped,skipped,skipped,skipped,skipped,4,10
7327,Gail SHERIDAN (Sol),Matt KERR (Lab),Gordon MACDIARMID (Glasgow First),skipped,skipped,skipped,skipped,skipped,skipped,skipped,4,10
7328,Gail SHERIDAN (Sol),Matt KERR (Lab),Gordon MACDIARMID (Glasgow First),skipped,skipped,skipped,skipped,skipped,skipped,skipped,4,10
7329,Gail SHERIDAN (Sol),Matt KERR (Lab),Gordon MACDIARMID (Glasgow First),Ian RUFFELL (Grn),skipped,skipped,skipped,skipped,skipped,skipped,4,10
7330,Gail SHERIDAN (Sol),Matt KERR (Lab),Gordon MACDIARMID (Glasgow First),Ian RUFFELL (Grn),skipped,skipped,skipped,skipped,skipped,skipped,4,10
7331,Gail SHERIDAN (Sol),Matt KERR (Lab),Gordon MACDIARMID (Glasgow First),Ian RUFFELL (Grn),skipped,skipped,skipped,skipped,skipped,skipped,4,10
7332,Gail SHERIDAN (Sol),Matt KERR (Lab),Gordon MACDIARMID (Glasgow First),Ian RUFFELL (Grn),Janice MACKAY (UKIP),skipped,skipped,skipped,skipped,skipped,4,10
7333,Gail SHERIDAN (Sol),Matt KERR (Lab),Gordon MACDIARMID (Glasgow First),Jim TORRANCE (SNP),Alistair WATSON (Lab),Iris GIBSON (SNP),Ian RUFFELL (Grn),skipped,skipped,skipped,4,10
7334,Gail SHERIDAN (Sol),Matt KERR (Lab),Jayne Ann MORGAN (Con),skipped,skipped,skipped,skipped,skipped,skipped,skipped,4,10
7335,Gail SHERIDAN (Sol),Matt KERR (Lab),Isabel NELSON (LD),skipped,skipped,skipped,skipped,skipped,skipped,skipped,4,10
7336,Gail SHERIDAN (Sol),Matt KERR (Lab),Isabel NELSON (LD),skipped,skipped,skipped,skipped,skipped,skipped,skipped,4,10
7337,Gail SHERIDAN (Sol),Matt KERR (Lab),Ian RUFFELL (Grn),skipped,skipped,skipped,skipped,skipped,skipped,skipped,4,10
7338,Gail SHERIDAN (Sol),Matt KERR (Lab),Ian RUFFELL (Grn),Alistair WATSON (Lab),skipped,skipped,skipped,skipped,skipped,skipped,4,10
7339,Gail SHERIDAN (Sol),Matt KERR (Lab),Ian RUFFELL (Grn),Alistair WATSON (Lab),Gordon MACDIARMID (Glasgow First),Janice MACKAY (UKIP),Jayne Ann MORGAN (Con),Isabel NELSON (LD),Jim TORRANCE (SNP),Iris GIBSON (SNP),4,10
7340,Gail SHERIDAN (Sol),Matt KERR (Lab),Ian RUFFELL (Grn),Gordon MACDIARMID (Glasgow First),skipped,skipped,skipped,skipped,skipped,skipped,4,10
7341,Gail SHERIDAN (Sol),Matt KERR (Lab),Jim TORRANCE (SNP),skipped,skipped,skipped,skipped,skipped,skipped,skipped,4,10
7342,Gail SHERIDAN (Sol),Matt KERR (Lab),Jim TORRANCE (SNP),skipped,skipped,skipped,skipped,skipped,skipped,skipped,4,10
7343,Gail SHERIDAN (Sol),Matt KERR (Lab),Jim TORRANCE (SNP),skipped,skipped,skipped,skipped,skipped,skipped,skipped,4,10
7344,Gail SHERIDAN (Sol),Matt KERR (Lab),Jim TORRANCE (SNP),skipped,skipped,skipped,skipped,skipped,skipped,skipped,4,10
7345,Gail SHERIDAN (Sol),Matt KERR (Lab),Jim TORRANCE (SNP),skipped,skipped,skipped,skipped,skipped,skipped,skipped,4,10
7346,Gail SHERIDAN (Sol),Matt KERR (Lab),Jim TORRANCE (SNP),skipped,skipped,skipped,skipped,skipped,skipped,skipped,4,10
7347,Gail SHERIDAN (Sol),Matt KERR (Lab),Jim TORRANCE (SNP),skipped,skipped,skipped,skipped,skipped,skipped,skipped,4,10
7348,Gail SHERIDAN (Sol),Matt KERR (Lab),Jim TORRANCE (SNP),Alistair WATSON (Lab),Iris GIBSON (SNP),Jayne Ann MORGAN (Con),Gordon MACDIARMID (Glasgow First),Isabel NELSON (LD),Ian RUFFELL (Grn),Janice MACKAY (UKIP),4,10
7349,Gail SHERIDAN (Sol),Gordon MACDIARMID (Glasgow First),skipped,skipped,skipped,skipped,skipped,skipped,skipped,skipped,4,10
7350,Gail SHERIDAN (Sol),Gordon MACDIARMID (Glasgow First),skipped,skipped,skipped,skipped,skipped,skipped,skipped,skipped,4,10
7351,Gail SHERIDAN (Sol),Gordon MACDIARMID (Glasgow First),skipped,skipped,skipped,skipped,skipped,skipped,skipped,skipped,4,10
7352,Gail SHERIDAN (Sol),Gordon MACDIARMID (Glasgow First),Iris GIBSON (SNP),skipped,skipped,skipped,skipped,skipped,skipped,skipped,4,10
7353,Gail SHERIDAN (Sol),Gordon MACDIARMID (Glasgow First),Iris GIBSON (SNP),Alistair WATSON (Lab),Jim TORRANCE (SNP),skipped,skipped,skipped,skipped,skipped,4,10
7354,Gail SHERIDAN (Sol),Gordon MACDIARMID (Glasgow First),Iris GIBSON (SNP),Ian RUFFELL (Grn),skipped,skipped,skipped,skipped,skipped,skipped,4,10
7355,Gail SHERIDAN (Sol),Gordon MACDIARMID (Glasgow First),Iris GIBSON (SNP),Jim TORRANCE (SNP),skipped,skipped,skipped,skipped,skipped,skipped,4,10
7356,Gail SHERIDAN (Sol),Gordon MACDIARMID (Glasgow First),Alistair WATSON (Lab),skipped,skipped,skipped,skipped,skipped,skipped,skipped,4,10
7357,Gail SHERIDAN (Sol),Gordon MACDIARMID (Glasgow First),Alistair WATSON (Lab),skipped,skipped,skipped,skipped,skipped,skipped,skipped,4,10
7358,Gail SHERIDAN (Sol),Gordon MACDIARMID (Glasgow First),Alistair WATSON (Lab),Matt KERR (Lab),skipped,skipped,skipped,skipped,skipped,skipped,4,10
7359,Gail SHERIDAN (Sol),Gordon MACDIARMID (Glasgow First),Alistair WATSON (Lab),Matt KERR (Lab),Isabel NELSON (LD),skipped,skipped,skipped,skipped,skipped,4,10
7360,Gail SHERIDAN (Sol),Gordon MACDIARMID (Glasgow First),Matt KERR (Lab),skipped,skipped,skipped,skipped,skipped,skipped,skipped,4,10
7361,Gail SHERIDAN (Sol),Gordon MACDIARMID (Glasgow First),Matt KERR (Lab),skipped,skipped,skipped,skipped,skipped,skipped,skipped,4,10
7362,Gail SHERIDAN (Sol),Gordon MACDIARMID (Glasgow First),Matt KERR (Lab),Alistair WATSON (Lab),Ian RUFFELL (Grn),skipped,skipped,skipped,skipped,skipped,4,10
7363,Gail SHERIDAN (Sol),Gordon MACDIARMID (Glasgow First),Matt KERR (Lab),Alistair WATSON (Lab),Ian RUFFELL (Grn),Iris GIBSON (SNP),Jim TORRANCE (SNP),Jayne Ann MORGAN (Con),Isabel NELSON (LD),Janice MACKAY (UKIP),4,10
7364,Gail SHERIDAN (Sol),Gordon MACDIARMID (Glasgow First),Janice MACKAY (UKIP),skipped,skipped,skipped,skipped,skipped,skipped,skipped,4,10
7365,Gail SHERIDAN (Sol),Gordon MACDIARMID (Glasgow First),Janice MACKAY (UKIP),skipped,skipped,skipped,skipped,skipped,skipped,skipped,4,10
7366,Gail SHERIDAN (Sol),Gordon MACDIARMID (Glasgow First),Janice MACKAY (UKIP),skipped,skipped,skipped,skipped,skipped,skipped,skipped,4,10
7367,Gail SHERIDAN (Sol),Gordon MACDIARMID (Glasgow First),Janice MACKAY (UKIP),skipped,skipped,skipped,skipped,skipped,skipped,skipped,4,10
7368,Gail SHERIDAN (Sol),Gordon MACDIARMID (Glasgow First),Janice MACKAY (UKIP),skipped,skipped,skipped,skipped,skipped,skipped,skipped,4,10
7369,Gail SHERIDAN (Sol),Gordon MACDIARMID (Glasgow First),Janice MACKAY (UKIP),Jayne Ann MORGAN (Con),Isabel NELSON (LD),Iris GIBSON (SNP),Jim TORRANCE (SNP),Ian RUFFELL (Grn),Matt KERR (Lab),Alistair WATSON (Lab),4,10
7370,Gail SHERIDAN (Sol),Gordon MACDIARMID (Glasgow First),Janice MACKAY (UKIP),Ian RUFFELL (Grn),skipped,skipped,skipped,skipped,skipped,skipped,4,10
7371,Gail SHERIDAN (Sol),Gordon MACDIARMID (Glasgow First),Jayne Ann MORGAN (Con),skipped,skipped,skipped,skipped,skipped,skipped,skipped,4,10
7372,Gail SHERIDAN (Sol),Gordon MACDIARMID (Glasgow First),Isabel NELSON (LD),skipped,skipped,skipped,skipped,skipped,skipped,skipped,4,10
7373,Gail SHERIDAN (Sol),Gordon MACDIARMID (Glasgow First),Ian RUFFELL (Grn),skipped,skipped,skipped,skipped,skipped,skipped,skipped,4,10
7374,Gail SHERIDAN (Sol),Gordon MACDIARMID (Glasgow First),Ian RUFFELL (Grn),skipped,skipped,skipped,skipped,skipped,skipped,skipped,4,10
7375,Gail SHERIDAN (Sol),Gordon MACDIARMID (Glasgow First),Ian RUFFELL (Grn),skipped,skipped,skipped,skipped,skipped,skipped,skipped,4,10
7376,Gail SHERIDAN (Sol),Gordon MACDIARMID (Glasgow First),Ian RUFFELL (Grn),skipped,skipped,skipped,skipped,skipped,skipped,skipped,4,10
7377,Gail SHERIDAN (Sol),Gordon MACDIARMID (Glasgow First),Ian RUFFELL (Grn),skipped,skipped,skipped,skipped,skipped,skipped,skipped,4,10
7378,Gail SHERIDAN (Sol),Gordon MACDIARMID (Glasgow First),Ian RUFFELL (Grn),skipped,skipped,skipped,skipped,skipped,skipped,skipped,4,10
7379,Gail SHERIDAN (Sol),Gordon MACDIARMID (Glasgow First),Jim TORRANCE (SNP),skipped,skipped,skipped,skipped,skipped,skipped,skipped,4,10
7380,Gail SHERIDAN (Sol),Gordon MACDIARMID (Glasgow First),Jim TORRANCE (SNP),Iris GIBSON (SNP),skipped,skipped,skipped,skipped,skipped,skipped,4,10
7381,Gail SHERIDAN (Sol),Gordon MACDIARMID (Glasgow First),Jim TORRANCE (SNP),Alistair WATSON (Lab),Iris GIBSON (SNP),Matt KERR (Lab),skipped,skipped,skipped,skipped,4,10
7382,Gail SHERIDAN (Sol),Janice MACKAY (UKIP),skipped,skipped,skipped,skipped,skipped,skipped,skipped,skipped,4,10
7383,Gail SHERIDAN (Sol),Janice MACKAY (UKIP),Matt KERR (Lab),Ian RUFFELL (Grn),skipped,skipped,skipped,skipped,skipped,skipped,4,10
7384,Gail SHERIDAN (Sol),Janice MACKAY (UKIP),Matt KERR (Lab),Ian RUFFELL (Grn),skipped,skipped,skipped,skipped,skipped,skipped,4,10
7385,Gail SHERIDAN (Sol),Janice MACKAY (UKIP),Gordon MACDIARMID (Glasgow First),skipped,skipped,skipped,skipped,skipped,skipped,skipped,4,10
7386,Gail SHERIDAN (Sol),Janice MACKAY (UKIP),Gordon MACDIARMID (Glasgow First),skipped,skipped,skipped,skipped,skipped,skipped,skipped,4,10
7387,Gail SHERIDAN (Sol),Janice MACKAY (UKIP),Gordon MACDIARMID (Glasgow First),skipped,skipped,skipped,skipped,skipped,skipped,skipped,4,10
7388,Gail SHERIDAN (Sol),Janice MACKAY (UKIP),Ian RUFFELL (Grn),Iris GIBSON (SNP),Jim TORRANCE (SNP),Alistair WATSON (Lab),Matt KERR (Lab),Gordon MACDIARMID (Glasgow First),Isabel NELSON (LD),Jayne Ann MORGAN (Con),4,10
7389,Gail SHERIDAN (Sol),Jayne Ann MORGAN (Con),skipped,skipped,skipped,skipped,skipped,skipped,skipped,skipped,4,10
7390,Gail SHERIDAN (Sol),Jayne Ann MORGAN (Con),skipped,skipped,skipped,skipped,skipped,skipped,skipped,skipped,4,10
7391,Gail SHERIDAN (Sol),Jayne Ann MORGAN (Con),Iris GIBSON (SNP),skipped,skipped,skipped,skipped,skipped,skipped,skipped,4,10
7392,Gail SHERIDAN (Sol),Jayne Ann MORGAN (Con),Iris GIBSON (SNP),Janice MACKAY (UKIP),Isabel NELSON (LD),Ian RUFFELL (Grn),Jim TORRANCE (SNP),Alistair WATSON (Lab),Matt KERR (Lab),Gordon MACDIARMID (Glasgow First),4,10
7393,Gail SHERIDAN (Sol),Jayne Ann MORGAN (Con),Alistair WATSON (Lab),skipped,skipped,skipped,skipped,skipped,skipped,skipped,4,10
7394,Gail SHERIDAN (Sol),Jayne Ann MORGAN (Con),Alistair WATSON (Lab),Janice MACKAY (UKIP),Matt KERR (Lab),Gordon MACDIARMID (Glasgow First),skipped,skipped,skipped,skipped,4,10
7395,Gail SHERIDAN (Sol),Jayne Ann MORGAN (Con),Matt KERR (Lab),skipped,skipped,skipped,skipped,skipped,skipped,skipped,4,10
7396,Gail SHERIDAN (Sol),Jayne Ann MORGAN (Con),Janice MACKAY (UKIP),skipped,skipped,skipped,skipped,skipped,skipped,skipped,4,10
7397,Gail SHERIDAN (Sol),Jayne Ann MORGAN (Con),Janice MACKAY (UKIP),skipped,skipped,skipped,skipped,skipped,skipped,skipped,4,10
7398,Gail SHERIDAN (Sol),Jayne Ann MORGAN (Con),Janice MACKAY (UKIP),Gordon MACDIARMID (Glasgow First),skipped,skipped,skipped,skipped,skipped,skipped,4,10
7399,Gail SHERIDAN (Sol),Jayne Ann MORGAN (Con),Janice MACKAY (UKIP),Gordon MACDIARMID (Glasgow First),Iris GIBSON (SNP),Matt KERR (Lab),Isabel NELSON (LD),Alistair WATSON (Lab),Jim TORRANCE (SNP),Ian RUFFELL (Grn),4,10
7400,Gail SHERIDAN (Sol),Jayne Ann MORGAN (Con),Janice MACKAY (UKIP),Isabel NELSON (LD),skipped,skipped,skipped,skipped,skipped,skipped,4,10
7401,Gail SHERIDAN (Sol),Isabel NELSON (LD),skipped,skipped,skipped,skipped,skipped,skipped,skipped,skipped,4,10
7402,Gail SHERIDAN (Sol),Isabel NELSON (LD),Iris GIBSON (SNP),skipped,skipped,skipped,skipped,skipped,skipped,skipped,4,10
7403,Gail SHERIDAN (Sol),Isabel NELSON (LD),Iris GIBSON (SNP),Matt KERR (Lab),skipped,skipped,skipped,skipped,skipped,skipped,4,10
7404,Gail SHERIDAN (Sol),Isabel NELSON (LD),Gordon MACDIARMID (Glasgow First),skipped,skipped,skipped,skipped,skipped,skipped,skipped,4,10
7405,Gail SHERIDAN (Sol),Isabel NELSON (LD),Jayne Ann MORGAN (Con),skipped,skipped,skipped,skipped,skipped,skipped,skipped,4,10
7406,Gail SHERIDAN (Sol),Isabel NELSON (LD),Jayne Ann MORGAN (Con),Alistair WATSON (Lab),Gordon MACDIARMID (Glasgow First),Matt KERR (Lab),Ian RUFFELL (Grn),Iris GIBSON (SNP),Jim TORRANCE (SNP),Janice MACKAY (UKIP),4,10
7407,Gail SHERIDAN (Sol),Isabel NELSON (LD),Jayne Ann MORGAN (Con),Janice MACKAY (UKIP),skipped,skipped,skipped,skipped,skipped,skipped,4,10
7408,Gail SHERIDAN (Sol),Isabel NELSON (LD),Ian RUFFELL (Grn),Gordon MACDIARMID (Glasgow First),Janice MACKAY (UKIP),skipped,skipped,skipped,skipped,skipped,4,10
7409,Gail SHERIDAN (Sol),Ian RUFFELL (Grn),skipped,skipped,skipped,skipped,skipped,skipped,skipped,skipped,4,10
7410,Gail SHERIDAN (Sol),Ian RUFFELL (Grn),skipped,skipped,skipped,skipped,skipped,skipped,skipped,skipped,4,10
7411,Gail SHERIDAN (Sol),Ian RUFFELL (Grn),skipped,skipped,skipped,skipped,skipped,skipped,skipped,skipped,4,10
7412,Gail SHERIDAN (Sol),Ian RUFFELL (Grn),skipped,skipped,skipped,skipped,skipped,skipped,skipped,skipped,4,10
7413,Gail SHERIDAN (Sol),Ian RUFFELL (Grn),skipped,skipped,skipped,skipped,skipped,skipped,skipped,skipped,4,10
7414,Gail SHERIDAN (Sol),Ian RUFFELL (Grn),skipped,skipped,skipped,skipped,skipped,skipped,skipped,skipped,4,10
7415,Gail SHERIDAN (Sol),Ian RUFFELL (Grn),skipped,skipped,skipped,skipped,skipped,skipped,skipped,skipped,4,10
7416,Gail SHERIDAN (Sol),Ian RUFFELL (Grn),skipped,skipped,skipped,skipped,skipped,skipped,skipped,skipped,4,10
7417,Gail SHERIDAN (Sol),Ian RUFFELL (Grn),Iris GIBSON (SNP),skipped,skipped,skipped,skipped,skipped,skipped,skipped,4,10
7418,Gail SHERIDAN (Sol),Ian RUFFELL (Grn),Iris GIBSON (SNP),skipped,skipped,skipped,skipped,skipped,skipped,skipped,4,10
7419,Gail SHERIDAN (Sol),Ian RUFFELL (Grn),Iris GIBSON (SNP),Gordon MACDIARMID (Glasgow First),skipped,skipped,skipped,skipped,skipped,skipped,4,10
7420,Gail SHERIDAN (Sol),Ian RUFFELL (Grn),Iris GIBSON (SNP),Jim TORRANCE (SNP),skipped,skipped,skipped,skipped,skipped,skipped,4,10
7421,Gail SHERIDAN (Sol),Ian RUFFELL (Grn),Iris GIBSON (SNP),Jim TORRANCE (SNP),skipped,skipped,skipped,skipped,skipped,skipped,4,10
7422,Gail SHERIDAN (Sol),Ian RUFFELL (Grn),Iris GIBSON (SNP),Jim TORRANCE (SNP),skipped,skipped,skipped,skipped,skipped,skipped,4,10
7423,Gail SHERIDAN (Sol),Ian RUFFELL (Grn),Iris GIBSON (SNP),Jim TORRANCE (SNP),skipped,skipped,skipped,skipped,skipped,skipped,4,10
7424,Gail SHERIDAN (Sol),Ian RUFFELL (Grn),Alistair WATSON (Lab),Gordon MACDIARMID (Glasgow First),skipped,skipped,skipped,skipped,skipped,skipped,4,10
7425,Gail SHERIDAN (Sol),Ian RUFFELL (Grn),Alistair WATSON (Lab),Janice MACKAY (UKIP),Gordon MACDIARMID (Glasgow First),Matt KERR (Lab),Isabel NELSON (LD),Jayne Ann MORGAN (Con),Jim TORRANCE (SNP),Iris GIBSON (SNP),4,10
7426,Gail SHERIDAN (Sol),Ian RUFFELL (Grn),Matt KERR (Lab),skipped,skipped,skipped,skipped,skipped,skipped,skipped,4,10
7427,Gail SHERIDAN (Sol),Ian RUFFELL (Grn),Matt KERR (Lab),skipped,skipped,skipped,skipped,skipped,skipped,skipped,4,10
7428,Gail SHERIDAN (Sol),Ian RUFFELL (Grn),Matt KERR (Lab),skipped,skipped,skipped,skipped,skipped,skipped,skipped,4,10
7429,Gail SHERIDAN (Sol),Ian RUFFELL (Grn),Matt KERR (Lab),Iris GIBSON (SNP),Jim TORRANCE (SNP),skipped,skipped,skipped,skipped,skipped,4,10
7430,Gail SHERIDAN (Sol),Ian RUFFELL (Grn),Matt KERR (Lab),Alistair WATSON (Lab),skipped,skipped,skipped,skipped,skipped,skipped,4,10
7431,Gail SHERIDAN (Sol),Ian RUFFELL (Grn),Gordon MACDIARMID (Glasgow First),skipped,skipped,skipped,skipped,skipped,skipped,skipped,4,10
7432,Gail SHERIDAN (Sol),Ian RUFFELL (Grn),Gordon MACDIARMID (Glasgow First),skipped,skipped,skipped,skipped,skipped,skipped,skipped,4,10
7433,Gail SHERIDAN (Sol),Ian RUFFELL (Grn),Gordon MACDIARMID (Glasgow First),Matt KERR (Lab),Alistair WATSON (Lab),skipped,skipped,skipped,skipped,skipped,4,10
7434,Gail SHERIDAN (Sol),Ian RUFFELL (Grn),Gordon MACDIARMID (Glasgow First),Matt KERR (Lab),Janice MACKAY (UKIP),Isabel NELSON (LD),Alistair WATSON (Lab),Iris GIBSON (SNP),Jim TORRANCE (SNP),Jayne Ann MORGAN (Con),4,10
7435,Gail SHERIDAN (Sol),Ian RUFFELL (Grn),Gordon MACDIARMID (Glasgow First),Jim TORRANCE (SNP),skipped,skipped,skipped,skipped,skipped,skipped,4,10
7436,Gail SHERIDAN (Sol),Ian RUFFELL (Grn),Janice MACKAY (UKIP),Jayne Ann MORGAN (Con),skipped,skipped,skipped,skipped,skipped,skipped,4,10
7437,Gail SHERIDAN (Sol),Ian RUFFELL (Grn),Isabel NELSON (LD),Gordon MACDIARMID (Glasgow First),Alistair WATSON (Lab),Jayne Ann MORGAN (Con),Janice MACKAY (UKIP),Matt KERR (Lab),Iris GIBSON (SNP),Jim TORRANCE (SNP),4,10
7438,Gail SHERIDAN (Sol),Ian RUFFELL (Grn),Jim TORRANCE (SNP),skipped,skipped,skipped,skipped,skipped,skipped,skipped,4,10
7439,Gail SHERIDAN (Sol),Ian RUFFELL (Grn),Jim TORRANCE (SNP),skipped,skipped,skipped,skipped,skipped,skipped,skipped,4,10
7440,Gail SHERIDAN (Sol),Ian RUFFELL (Grn),Jim TORRANCE (SNP),Iris GIBSON (SNP),skipped,skipped,skipped,skipped,skipped,skipped,4,10
7441,Gail SHERIDAN (Sol),Ian RUFFELL (Grn),Jim TORRANCE (SNP),Iris GIBSON (SNP),skipped,skipped,skipped,skipped,skipped,skipped,4,10
7442,Gail SHERIDAN (Sol),Ian RUFFELL (Grn),Jim TORRANCE (SNP),Iris GIBSON (SNP),skipped,skipped,skipped,skipped,skipped,skipped,4,10
7443,Gail SHERIDAN (Sol),Ian RUFFELL (Grn),Jim TORRANCE (SNP),Iris GIBSON (SNP),Alistair WATSON (Lab),Matt KERR (Lab),Isabel NELSON (LD),Gordon MACDIARMID (Glasgow First),Janice MACKAY (UKIP),Jayne Ann MORGAN (Con),4,10
7444,Gail SHERIDAN (Sol),Jim TORRANCE (SNP),skipped,skipped,skipped,skipped,skipped,skipped,skipped,skipped,4,10
7445,Gail SHERIDAN (Sol),Jim TORRANCE (SNP),skipped,skipped,skipped,skipped,skipped,skipped,skipped,skipped,4,10
7446,Gail SHERIDAN (Sol),Jim TORRANCE (SNP),skipped,skipped,skipped,skipped,skipped,skipped,skipped,skipped,4,10
7447,Gail SHERIDAN (Sol),Jim TORRANCE (SNP),skipped,skipped,skipped,skipped,skipped,skipped,skipped,skipped,4,10
7448,Gail SHERIDAN (Sol),Jim TORRANCE (SNP),Iris GIBSON (SNP),skipped,skipped,skipped,skipped,skipped,skipped,skipped,4,10
7449,Gail SHERIDAN (Sol),Jim TORRANCE (SNP),Iris GIBSON (SNP),skipped,skipped,skipped,skipped,skipped,skipped,skipped,4,10
7450,Gail SHERIDAN (Sol),Jim TORRANCE (SNP),Iris GIBSON (SNP),skipped,skipped,skipped,skipped,skipped,skipped,skipped,4,10
7451,Gail SHERIDAN (Sol),Jim TORRANCE (SNP),Iris GIBSON (SNP),skipped,skipped,skipped,skipped,skipped,skipped,skipped,4,10
7452,Gail SHERIDAN (Sol),Jim TORRANCE (SNP),Iris GIBSON (SNP),skipped,skipped,skipped,skipped,skipped,skipped,skipped,4,10
7453,Gail SHERIDAN (Sol),Jim TORRANCE (SNP),Iris GIBSON (SNP),skipped,skipped,skipped,skipped,skipped,skipped,skipped,4,10
7454,Gail SHERIDAN (Sol),Jim TORRANCE (SNP),Iris GIBSON (SNP),skipped,skipped,skipped,skipped,skipped,skipped,skipped,4,10
7455,Gail SHERIDAN (Sol),Jim TORRANCE (SNP),Iris GIBSON (SNP),skipped,skipped,skipped,skipped,skipped,skipped,skipped,4,10
7456,Gail SHERIDAN (Sol),Jim TORRANCE (SNP),Iris GIBSON (SNP),skipped,skipped,skipped,skipped,skipped,skipped,skipped,4,10
7457,Gail SHERIDAN (Sol),Jim TORRANCE (SNP),Iris GIBSON (SNP),skipped,skipped,skipped,skipped,skipped,skipped,skipped,4,10
7458,Gail SHERIDAN (Sol),Jim TORRANCE (SNP),Iris GIBSON (SNP),skipped,skipped,skipped,skipped,skipped,skipped,skipped,4,10
7459,Gail SHERIDAN (Sol),Jim TORRANCE (SNP),Iris GIBSON (SNP),skipped,skipped,skipped,skipped,skipped,skipped,skipped,4,10
7460,Gail SHERIDAN (Sol),Jim TORRANCE (SNP),Iris GIBSON (SNP),skipped,skipped,skipped,skipped,skipped,skipped,skipped,4,10
7461,Gail SHERIDAN (Sol),Jim TORRANCE (SNP),Iris GIBSON (SNP),skipped,skipped,skipped,skipped,skipped,skipped,skipped,4,10
7462,Gail SHERIDAN (Sol),Jim TORRANCE (SNP),Iris GIBSON (SNP),skipped,skipped,skipped,skipped,skipped,skipped,skipped,4,10
7463,Gail SHERIDAN (Sol),Jim TORRANCE (SNP),Iris GIBSON (SNP),skipped,skipped,skipped,skipped,skipped,skipped,skipped,4,10
7464,Gail SHERIDAN (Sol),Jim TORRANCE (SNP),Iris GIBSON (SNP),Matt KERR (Lab),skipped,skipped,skipped,skipped,skipped,skipped,4,10
7465,Gail SHERIDAN (Sol),Jim TORRANCE (SNP),Iris GIBSON (SNP),Matt KERR (Lab),Alistair WATSON (Lab),skipped,skipped,skipped,skipped,skipped,4,10
7466,Gail SHERIDAN (Sol),Jim TORRANCE (SNP),Iris GIBSON (SNP),Matt KERR (Lab),Alistair WATSON (Lab),skipped,skipped,skipped,skipped,skipped,4,10
7467,Gail SHERIDAN (Sol),Jim TORRANCE (SNP),Iris GIBSON (SNP),Matt KERR (Lab),Alistair WATSON (Lab),Gordon MACDIARMID (Glasgow First),Ian RUFFELL (Grn),Isabel NELSON (LD),Janice MACKAY (UKIP),Jayne Ann MORGAN (Con),4,10
7468,Gail SHERIDAN (Sol),Jim TORRANCE (SNP),Iris GIBSON (SNP),Gordon MACDIARMID (Glasgow First),Matt KERR (Lab),Alistair WATSON (Lab),Ian RUFFELL (Grn),Jayne Ann MORGAN (Con),Isabel NELSON (LD),Janice MACKAY (UKIP),4,10
7469,Gail SHERIDAN (Sol),Jim TORRANCE (SNP),Iris GIBSON (SNP),Ian RUFFELL (Grn),skipped,skipped,skipped,skipped,skipped,skipped,4,10
7470,Gail SHERIDAN (Sol),Jim TORRANCE (SNP),Iris GIBSON (SNP),Ian RUFFELL (Grn),skipped,skipped,skipped,skipped,skipped,skipped,4,10
7471,Gail SHERIDAN (Sol),Jim TORRANCE (SNP),Iris GIBSON (SNP),Ian RUFFELL (Grn),Alistair WATSON (Lab),skipped,skipped,skipped,skipped,skipped,4,10
7472,Gail SHERIDAN (Sol),Jim TORRANCE (SNP),Iris GIBSON (SNP),Ian RUFFELL (Grn),Alistair WATSON (Lab),Matt KERR (Lab),skipped,skipped,skipped,skipped,4,10
7473,Gail SHERIDAN (Sol),Jim TORRANCE (SNP),Iris GIBSON (SNP),Ian RUFFELL (Grn),Gordon MACDIARMID (Glasgow First),Janice MACKAY (UKIP),Alistair WATSON (Lab),Matt KERR (Lab),Jayne Ann MORGAN (Con),Isabel NELSON (LD),4,10
7474,Gail SHERIDAN (Sol),Jim TORRANCE (SNP),Alistair WATSON (Lab),skipped,skipped,skipped,skipped,skipped,skipped,skipped,4,10
7475,Gail SHERIDAN (Sol),Jim TORRANCE (SNP),Alistair WATSON (Lab),skipped,skipped,skipped,skipped,skipped,skipped,skipped,4,10
7476,Gail SHERIDAN (Sol),Jim TORRANCE (SNP),Alistair WATSON (Lab),skipped,skipped,skipped,skipped,skipped,skipped,skipped,4,10
7477,Gail SHERIDAN (Sol),Jim TORRANCE (SNP),Alistair WATSON (Lab),skipped,skipped,skipped,skipped,skipped,skipped,skipped,4,10
7478,Gail SHERIDAN (Sol),Jim TORRANCE (SNP),Alistair WATSON (Lab),skipped,skipped,skipped,skipped,skipped,skipped,skipped,4,10
7479,Gail SHERIDAN (Sol),Jim TORRANCE (SNP),Alistair WATSON (Lab),skipped,skipped,skipped,skipped,skipped,skipped,skipped,4,10
7480,Gail SHERIDAN (Sol),Jim TORRANCE (SNP),Alistair WATSON (Lab),skipped,skipped,skipped,skipped,skipped,skipped,skipped,4,10
7481,Gail SHERIDAN (Sol),Jim TORRANCE (SNP),Alistair WATSON (Lab),Iris GIBSON (SNP),Matt KERR (Lab),skipped,skipped,skipped,skipped,skipped,4,10
7482,Gail SHERIDAN (Sol),Jim TORRANCE (SNP),Alistair WATSON (Lab),Iris GIBSON (SNP),Matt KERR (Lab),Gordon MACDIARMID (Glasgow First),Janice MACKAY (UKIP),Isabel NELSON (LD),Ian RUFFELL (Grn),Jayne Ann MORGAN (Con),4,10
7483,Gail SHERIDAN (Sol),Jim TORRANCE (SNP),Alistair WATSON (Lab),Matt KERR (Lab),skipped,skipped,skipped,skipped,skipped,skipped,4,10
7484,Gail SHERIDAN (Sol),Jim TORRANCE (SNP),Alistair WATSON (Lab),Matt KERR (Lab),Iris GIBSON (SNP),skipped,skipped,skipped,skipped,skipped,4,10
7485,Gail SHERIDAN (Sol),Jim TORRANCE (SNP),Alistair WATSON (Lab),Matt KERR (Lab),Iris GIBSON (SNP),skipped,skipped,skipped,skipped,skipped,4,10
7486,Gail SHERIDAN (Sol),Jim TORRANCE (SNP),Alistair WATSON (Lab),Ian RUFFELL (Grn),skipped,skipped,skipped,skipped,skipped,skipped,4,10
7487,Gail SHERIDAN (Sol),Jim TORRANCE (SNP),Matt KERR (Lab),skipped,skipped,skipped,skipped,skipped,skipped,skipped,4,10
7488,Gail SHERIDAN (Sol),Jim TORRANCE (SNP),Matt KERR (Lab),skipped,skipped,skipped,skipped,skipped,skipped,skipped,4,10
7489,Gail SHERIDAN (Sol),Jim TORRANCE (SNP),Matt KERR (Lab),skipped,skipped,skipped,skipped,skipped,skipped,skipped,4,10
7490,Gail SHERIDAN (Sol),Jim TORRANCE (SNP),Matt KERR (Lab),Alistair WATSON (Lab),Iris GIBSON (SNP),Gordon MACDIARMID (Glasgow First),Ian RUFFELL (Grn),Janice MACKAY (UKIP),Isabel NELSON (LD),Jayne Ann MORGAN (Con),4,10
7491,Gail SHERIDAN (Sol),Jim TORRANCE (SNP),Matt KERR (Lab),Alistair WATSON (Lab),Iris GIBSON (SNP),Gordon MACDIARMID (Glasgow First),Ian RUFFELL (Grn),Janice MACKAY (UKIP),Isabel NELSON (LD),Jayne Ann MORGAN (Con),4,10
7492,Gail SHERIDAN (Sol),Jim TORRANCE (SNP),Matt KERR (Lab),Isabel NELSON (LD),Gordon MACDIARMID (Glasgow First),Iris GIBSON (SNP),skipped,skipped,skipped,skipped,4,10
7493,Gail SHERIDAN (Sol),Jim TORRANCE (SNP),Gordon MACDIARMID (Glasgow First),skipped,skipped,skipped,skipped,skipped,skipped,skipped,4,10
7494,Gail SHERIDAN (Sol),Jim TORRANCE (SNP),Gordon MACDIARMID (Glasgow First),Matt KERR (Lab),Iris GIBSON (SNP),Ian RUFFELL (Grn),Alistair WATSON (Lab),skipped,skipped,skipped,4,10
7495,Gail SHERIDAN (Sol),Jim TORRANCE (SNP),Ian RUFFELL (Grn),skipped,skipped,skipped,skipped,skipped,skipped,skipped,4,10
7496,Gail SHERIDAN (Sol),Jim TORRANCE (SNP),Ian RUFFELL (Grn),Iris GIBSON (SNP),Janice MACKAY (UKIP),skipped,skipped,skipped,skipped,skipped,4,10
7497,Gail SHERIDAN (Sol),Jim TORRANCE (SNP),Ian RUFFELL (Grn),Gordon MACDIARMID (Glasgow First),skipped,skipped,skipped,skipped,skipped,skipped,4,10
7498,Gail SHERIDAN (Sol),Jim TORRANCE (SNP),Ian RUFFELL (Grn),Gordon MACDIARMID (Glasgow First),skipped,skipped,skipped,skipped,skipped,skipped,4,10
7499,Jim TORRANCE (SNP),skipped,skipped,skipped,skipped,skipped,skipped,skipped,skipped,skipped,4,10
7500,Jim TORRANCE (SNP),skipped,skipped,skipped,skipped,skipped,skipped,skipped,skipped,skipped,4,10
7501,Jim TORRANCE (SNP),skipped,skipped,skipped,skipped,skipped,skipped,skipped,skipped,skipped,4,10
7502,Jim TORRANCE (SNP),skipped,skipped,skipped,skipped,skipped,skipped,skipped,skipped,skipped,4,10
7503,Jim TORRANCE (SNP),skipped,skipped,skipped,skipped,skipped,skipped,skipped,skipped,skipped,4,10
7504,Jim TORRANCE (SNP),skipped,skipped,skipped,skipped,skipped,skipped,skipped,skipped,skipped,4,10
7505,Jim TORRANCE (SNP),skipped,skipped,skipped,skipped,skipped,skipped,skipped,skipped,skipped,4,10
7506,Jim TORRANCE (SNP),skipped,skipped,skipped,skipped,skipped,skipped,skipped,skipped,skipped,4,10
7507,Jim TORRANCE (SNP),skipped,skipped,skipped,skipped,skipped,skipped,skipped,skipped,skipped,4,10
7508,Jim TORRANCE (SNP),skipped,skipped,skipped,skipped,skipped,skipped,skipped,skipped,skipped,4,10
7509,Jim TORRANCE (SNP),skipped,skipped,skipped,skipped,skipped,skipped,skipped,skipped,skipped,4,10
7510,Jim TORRANCE (SNP),skipped,skipped,skipped,skipped,skipped,skipped,skipped,skipped,skipped,4,10
7511,Jim TORRANCE (SNP),skipped,skipped,skipped,skipped,skipped,skipped,skipped,skipped,skipped,4,10
7512,Jim TORRANCE (SNP),skipped,skipped,skipped,skipped,skipped,skipped,skipped,skipped,skipped,4,10
7513,Jim TORRANCE (SNP),skipped,skipped,skipped,skipped,skipped,skipped,skipped,skipped,skipped,4,10
7514,Jim TORRANCE (SNP),skipped,skipped,skipped,skipped,skipped,skipped,skipped,skipped,skipped,4,10
7515,Jim TORRANCE (SNP),skipped,skipped,skipped,skipped,skipped,skipped,skipped,skipped,skipped,4,10
7516,Jim TORRANCE (SNP),skipped,skipped,skipped,skipped,skipped,skipped,skipped,skipped,skipped,4,10
7517,Jim TORRANCE (SNP),skipped,skipped,skipped,skipped,skipped,skipped,skipped,skipped,skipped,4,10
7518,Jim TORRANCE (SNP),skipped,skipped,skipped,skipped,skipped,skipped,skipped,skipped,skipped,4,10
7519,Jim TORRANCE (SNP),skipped,skipped,skipped,skipped,skipped,skipped,skipped,skipped,skipped,4,10
7520,Jim TORRANCE (SNP),skipped,skipped,skipped,skipped,skipped,skipped,skipped,skipped,skipped,4,10
7521,Jim TORRANCE (SNP),skipped,skipped,skipped,skipped,skipped,skipped,skipped,skipped,skipped,4,10
7522,Jim TORRANCE (SNP),skipped,skipped,skipped,skipped,skipped,skipped,skipped,skipped,skipped,4,10
7523,Jim TORRANCE (SNP),skipped,skipped,skipped,skipped,skipped,skipped,skipped,skipped,skipped,4,10
7524,Jim TORRANCE (SNP),skipped,skipped,skipped,skipped,skipped,skipped,skipped,skipped,skipped,4,10
7525,Jim TORRANCE (SNP),skipped,skipped,skipped,skipped,skipped,skipped,skipped,skipped,skipped,4,10
7526,Jim TORRANCE (SNP),skipped,skipped,skipped,skipped,skipped,skipped,skipped,skipped,skipped,4,10
7527,Jim TORRANCE (SNP),skipped,skipped,skipped,skipped,skipped,skipped,skipped,skipped,skipped,4,10
7528,Jim TORRANCE (SNP),Iris GIBSON (SNP),skipped,skipped,skipped,skipped,skipped,skipped,skipped,skipped,4,10
7529,Jim TORRANCE (SNP),Iris GIBSON (SNP),skipped,skipped,skipped,skipped,skipped,skipped,skipped,skipped,4,10
7530,Jim TORRANCE (SNP),Iris GIBSON (SNP),skipped,skipped,skipped,skipped,skipped,skipped,skipped,skipped,4,10
7531,Jim TORRANCE (SNP),Iris GIBSON (SNP),skipped,skipped,skipped,skipped,skipped,skipped,skipped,skipped,4,10
7532,Jim TORRANCE (SNP),Iris GIBSON (SNP),skipped,skipped,skipped,skipped,skipped,skipped,skipped,skipped,4,10
7533,Jim TORRANCE (SNP),Iris GIBSON (SNP),skipped,skipped,skipped,skipped,skipped,skipped,skipped,skipped,4,10
7534,Jim TORRANCE (SNP),Iris GIBSON (SNP),skipped,skipped,skipped,skipped,skipped,skipped,skipped,skipped,4,10
7535,Jim TORRANCE (SNP),Iris GIBSON (SNP),skipped,skipped,skipped,skipped,skipped,skipped,skipped,skipped,4,10
7536,Jim TORRANCE (SNP),Iris GIBSON (SNP),skipped,skipped,skipped,skipped,skipped,skipped,skipped,skipped,4,10
7537,Jim TORRANCE (SNP),Iris GIBSON (SNP),skipped,skipped,skipped,skipped,skipped,skipped,skipped,skipped,4,10
7538,Jim TORRANCE (SNP),Iris GIBSON (SNP),skipped,skipped,skipped,skipped,skipped,skipped,skipped,skipped,4,10
7539,Jim TORRANCE (SNP),Iris GIBSON (SNP),skipped,skipped,skipped,skipped,skipped,skipped,skipped,skipped,4,10
7540,Jim TORRANCE (SNP),Iris GIBSON (SNP),skipped,skipped,skipped,skipped,skipped,skipped,skipped,skipped,4,10
7541,Jim TORRANCE (SNP),Iris GIBSON (SNP),skipped,skipped,skipped,skipped,skipped,skipped,skipped,skipped,4,10
7542,Jim TORRANCE (SNP),Iris GIBSON (SNP),skipped,skipped,skipped,skipped,skipped,skipped,skipped,skipped,4,10
7543,Jim TORRANCE (SNP),Iris GIBSON (SNP),skipped,skipped,skipped,skipped,skipped,skipped,skipped,skipped,4,10
7544,Jim TORRANCE (SNP),Iris GIBSON (SNP),skipped,skipped,skipped,skipped,skipped,skipped,skipped,skipped,4,10
7545,Jim TORRANCE (SNP),Iris GIBSON (SNP),skipped,skipped,skipped,skipped,skipped,skipped,skipped,skipped,4,10
7546,Jim TORRANCE (SNP),Iris GIBSON (SNP),skipped,skipped,skipped,skipped,skipped,skipped,skipped,skipped,4,10
7547,Jim TORRANCE (SNP),Iris GIBSON (SNP),skipped,skipped,skipped,skipped,skipped,skipped,skipped,skipped,4,10
7548,Jim TORRANCE (SNP),Iris GIBSON (SNP),skipped,skipped,skipped,skipped,skipped,skipped,skipped,skipped,4,10
7549,Jim TORRANCE (SNP),Iris GIBSON (SNP),skipped,skipped,skipped,skipped,skipped,skipped,skipped,skipped,4,10
7550,Jim TORRANCE (SNP),Iris GIBSON (SNP),skipped,skipped,skipped,skipped,skipped,skipped,skipped,skipped,4,10
7551,Jim TORRANCE (SNP),Iris GIBSON (SNP),skipped,skipped,skipped,skipped,skipped,skipped,skipped,skipped,4,10
7552,Jim TORRANCE (SNP),Iris GIBSON (SNP),skipped,skipped,skipped,skipped,skipped,skipped,skipped,skipped,4,10
7553,Jim TORRANCE (SNP),Iris GIBSON (SNP),skipped,skipped,skipped,skipped,skipped,skipped,skipped,skipped,4,10
7554,Jim TORRANCE (SNP),Iris GIBSON (SNP),skipped,skipped,skipped,skipped,skipped,skipped,skipped,skipped,4,10
7555,Jim TORRANCE (SNP),Iris GIBSON (SNP),skipped,skipped,skipped,skipped,skipped,skipped,skipped,skipped,4,10
7556,Jim TORRANCE (SNP),Iris GIBSON (SNP),skipped,skipped,skipped,skipped,skipped,skipped,skipped,skipped,4,10
7557,Jim TORRANCE (SNP),Iris GIBSON (SNP),skipped,skipped,skipped,skipped,skipped,skipped,skipped,skipped,4,10
7558,Jim TORRANCE (SNP),Iris GIBSON (SNP),skipped,skipped,skipped,skipped,skipped,skipped,skipped,skipped,4,10
7559,Jim TORRANCE (SNP),Iris GIBSON (SNP),skipped,skipped,skipped,skipped,skipped,skipped,skipped,skipped,4,10
7560,Jim TORRANCE (SNP),Iris GIBSON (SNP),skipped,skipped,skipped,skipped,skipped,skipped,skipped,skipped,4,10
7561,Jim TORRANCE (SNP),Iris GIBSON (SNP),skipped,skipped,skipped,skipped,skipped,skipped,skipped,skipped,4,10
7562,Jim TORRANCE (SNP),Iris GIBSON (SNP),skipped,skipped,skipped,skipped,skipped,skipped,skipped,skipped,4,10
7563,Jim TORRANCE (SNP),Iris GIBSON (SNP),skipped,skipped,skipped,skipped,skipped,skipped,skipped,skipped,4,10
7564,Jim TORRANCE (SNP),Iris GIBSON (SNP),skipped,skipped,skipped,skipped,skipped,skipped,skipped,skipped,4,10
7565,Jim TORRANCE (SNP),Iris GIBSON (SNP),skipped,skipped,skipped,skipped,skipped,skipped,skipped,skipped,4,10
7566,Jim TORRANCE (SNP),Iris GIBSON (SNP),skipped,skipped,skipped,skipped,skipped,skipped,skipped,skipped,4,10
7567,Jim TORRANCE (SNP),Iris GIBSON (SNP),skipped,skipped,skipped,skipped,skipped,skipped,skipped,skipped,4,10
7568,Jim TORRANCE (SNP),Iris GIBSON (SNP),skipped,skipped,skipped,skipped,skipped,skipped,skipped,skipped,4,10
7569,Jim TORRANCE (SNP),Iris GIBSON (SNP),skipped,skipped,skipped,skipped,skipped,skipped,skipped,skipped,4,10
7570,Jim TORRANCE (SNP),Iris GIBSON (SNP),skipped,skipped,skipped,skipped,skipped,skipped,skipped,skipped,4,10
7571,Jim TORRANCE (SNP),Iris GIBSON (SNP),skipped,skipped,skipped,skipped,skipped,skipped,skipped,skipped,4,10
7572,Jim TORRANCE (SNP),Iris GIBSON (SNP),skipped,skipped,skipped,skipped,skipped,skipped,skipped,skipped,4,10
7573,Jim TORRANCE (SNP),Iris GIBSON (SNP),skipped,skipped,skipped,skipped,skipped,skipped,skipped,skipped,4,10
7574,Jim TORRANCE (SNP),Iris GIBSON (SNP),skipped,skipped,skipped,skipped,skipped,skipped,skipped,skipped,4,10
7575,Jim TORRANCE (SNP),Iris GIBSON (SNP),skipped,skipped,skipped,skipped,skipped,skipped,skipped,skipped,4,10
7576,Jim TORRANCE (SNP),Iris GIBSON (SNP),skipped,skipped,skipped,skipped,skipped,skipped,skipped,skipped,4,10
7577,Jim TORRANCE (SNP),Iris GIBSON (SNP),skipped,skipped,skipped,skipped,skipped,skipped,skipped,skipped,4,10
7578,Jim TORRANCE (SNP),Iris GIBSON (SNP),skipped,skipped,skipped,skipped,skipped,skipped,skipped,skipped,4,10
7579,Jim TORRANCE (SNP),Iris GIBSON (SNP),skipped,skipped,skipped,skipped,skipped,skipped,skipped,skipped,4,10
7580,Jim TORRANCE (SNP),Iris GIBSON (SNP),skipped,skipped,skipped,skipped,skipped,skipped,skipped,skipped,4,10
7581,Jim TORRANCE (SNP),Iris GIBSON (SNP),skipped,skipped,skipped,skipped,skipped,skipped,skipped,skipped,4,10
7582,Jim TORRANCE (SNP),Iris GIBSON (SNP),skipped,skipped,skipped,skipped,skipped,skipped,skipped,skipped,4,10
7583,Jim TORRANCE (SNP),Iris GIBSON (SNP),skipped,skipped,skipped,skipped,skipped,skipped,skipped,skipped,4,10
7584,Jim TORRANCE (SNP),Iris GIBSON (SNP),skipped,skipped,skipped,skipped,skipped,skipped,skipped,skipped,4,10
7585,Jim TORRANCE (SNP),Iris GIBSON (SNP),skipped,skipped,skipped,skipped,skipped,skipped,skipped,skipped,4,10
7586,Jim TORRANCE (SNP),Iris GIBSON (SNP),skipped,skipped,skipped,skipped,skipped,skipped,skipped,skipped,4,10
7587,Jim TORRANCE (SNP),Iris GIBSON (SNP),skipped,skipped,skipped,skipped,skipped,skipped,skipped,skipped,4,10
7588,Jim TORRANCE (SNP),Iris GIBSON (SNP),skipped,skipped,skipped,skipped,skipped,skipped,skipped,skipped,4,10
7589,Jim TORRANCE (SNP),Iris GIBSON (SNP),skipped,skipped,skipped,skipped,skipped,skipped,skipped,skipped,4,10
7590,Jim TORRANCE (SNP),Iris GIBSON (SNP),skipped,skipped,skipped,skipped,skipped,skipped,skipped,skipped,4,10
7591,Jim TORRANCE (SNP),Iris GIBSON (SNP),skipped,skipped,skipped,skipped,skipped,skipped,skipped,skipped,4,10
7592,Jim TORRANCE (SNP),Iris GIBSON (SNP),skipped,skipped,skipped,skipped,skipped,skipped,skipped,skipped,4,10
7593,Jim TORRANCE (SNP),Iris GIBSON (SNP),skipped,skipped,skipped,skipped,skipped,skipped,skipped,skipped,4,10
7594,Jim TORRANCE (SNP),Iris GIBSON (SNP),skipped,skipped,skipped,skipped,skipped,skipped,skipped,skipped,4,10
7595,Jim TORRANCE (SNP),Iris GIBSON (SNP),skipped,skipped,skipped,skipped,skipped,skipped,skipped,skipped,4,10
7596,Jim TORRANCE (SNP),Iris GIBSON (SNP),skipped,skipped,skipped,skipped,skipped,skipped,skipped,skipped,4,10
7597,Jim TORRANCE (SNP),Iris GIBSON (SNP),skipped,skipped,skipped,skipped,skipped,skipped,skipped,skipped,4,10
7598,Jim TORRANCE (SNP),Iris GIBSON (SNP),skipped,skipped,skipped,skipped,skipped,skipped,skipped,skipped,4,10
7599,Jim TORRANCE (SNP),Iris GIBSON (SNP),skipped,skipped,skipped,skipped,skipped,skipped,skipped,skipped,4,10
7600,Jim TORRANCE (SNP),Iris GIBSON (SNP),skipped,skipped,skipped,skipped,skipped,skipped,skipped,skipped,4,10
7601,Jim TORRANCE (SNP),Iris GIBSON (SNP),skipped,skipped,skipped,skipped,skipped,skipped,skipped,skipped,4,10
7602,Jim TORRANCE (SNP),Iris GIBSON (SNP),skipped,skipped,skipped,skipped,skipped,skipped,skipped,skipped,4,10
7603,Jim TORRANCE (SNP),Iris GIBSON (SNP),skipped,skipped,skipped,skipped,skipped,skipped,skipped,skipped,4,10
7604,Jim TORRANCE (SNP),Iris GIBSON (SNP),skipped,skipped,skipped,skipped,skipped,skipped,skipped,skipped,4,10
7605,Jim TORRANCE (SNP),Iris GIBSON (SNP),skipped,skipped,skipped,skipped,skipped,skipped,skipped,skipped,4,10
7606,Jim TORRANCE (SNP),Iris GIBSON (SNP),skipped,skipped,skipped,skipped,skipped,skipped,skipped,skipped,4,10
7607,Jim TORRANCE (SNP),Iris GIBSON (SNP),skipped,skipped,skipped,skipped,skipped,skipped,skipped,skipped,4,10
7608,Jim TORRANCE (SNP),Iris GIBSON (SNP),skipped,skipped,skipped,skipped,skipped,skipped,skipped,skipped,4,10
7609,Jim TORRANCE (SNP),Iris GIBSON (SNP),skipped,skipped,skipped,skipped,skipped,skipped,skipped,skipped,4,10
7610,Jim TORRANCE (SNP),Iris GIBSON (SNP),skipped,skipped,skipped,skipped,skipped,skipped,skipped,skipped,4,10
7611,Jim TORRANCE (SNP),Iris GIBSON (SNP),skipped,skipped,skipped,skipped,skipped,skipped,skipped,skipped,4,10
7612,Jim TORRANCE (SNP),Iris GIBSON (SNP),skipped,skipped,skipped,skipped,skipped,skipped,skipped,skipped,4,10
7613,Jim TORRANCE (SNP),Iris GIBSON (SNP),skipped,skipped,skipped,skipped,skipped,skipped,skipped,skipped,4,10
7614,Jim TORRANCE (SNP),Iris GIBSON (SNP),skipped,skipped,skipped,skipped,skipped,skipped,skipped,skipped,4,10
7615,Jim TORRANCE (SNP),Iris GIBSON (SNP),skipped,skipped,skipped,skipped,skipped,skipped,skipped,skipped,4,10
7616,Jim TORRANCE (SNP),Iris GIBSON (SNP),skipped,skipped,skipped,skipped,skipped,skipped,skipped,skipped,4,10
7617,Jim TORRANCE (SNP),Iris GIBSON (SNP),skipped,skipped,skipped,skipped,skipped,skipped,skipped,skipped,4,10
7618,Jim TORRANCE (SNP),Iris GIBSON (SNP),skipped,skipped,skipped,skipped,skipped,skipped,skipped,skipped,4,10
7619,Jim TORRANCE (SNP),Iris GIBSON (SNP),skipped,skipped,skipped,skipped,skipped,skipped,skipped,skipped,4,10
7620,Jim TORRANCE (SNP),Iris GIBSON (SNP),skipped,skipped,skipped,skipped,skipped,skipped,skipped,skipped,4,10
7621,Jim TORRANCE (SNP),Iris GIBSON (SNP),skipped,skipped,skipped,skipped,skipped,skipped,skipped,skipped,4,10
7622,Jim TORRANCE (SNP),Iris GIBSON (SNP),skipped,skipped,skipped,skipped,skipped,skipped,skipped,skipped,4,10
7623,Jim TORRANCE (SNP),Iris GIBSON (SNP),skipped,skipped,skipped,skipped,skipped,skipped,skipped,skipped,4,10
7624,Jim TORRANCE (SNP),Iris GIBSON (SNP),skipped,skipped,skipped,skipped,skipped,skipped,skipped,skipped,4,10
7625,Jim TORRANCE (SNP),Iris GIBSON (SNP),skipped,skipped,skipped,skipped,skipped,skipped,skipped,skipped,4,10
7626,Jim TORRANCE (SNP),Iris GIBSON (SNP),skipped,skipped,skipped,skipped,skipped,skipped,skipped,skipped,4,10
7627,Jim TORRANCE (SNP),Iris GIBSON (SNP),skipped,skipped,skipped,skipped,skipped,skipped,skipped,skipped,4,10
7628,Jim TORRANCE (SNP),Iris GIBSON (SNP),skipped,skipped,skipped,skipped,skipped,skipped,skipped,skipped,4,10
7629,Jim TORRANCE (SNP),Iris GIBSON (SNP),skipped,skipped,skipped,skipped,skipped,skipped,skipped,skipped,4,10
7630,Jim TORRANCE (SNP),Iris GIBSON (SNP),skipped,skipped,skipped,skipped,skipped,skipped,skipped,skipped,4,10
7631,Jim TORRANCE (SNP),Iris GIBSON (SNP),skipped,skipped,skipped,skipped,skipped,skipped,skipped,skipped,4,10
7632,Jim TORRANCE (SNP),Iris GIBSON (SNP),skipped,skipped,skipped,skipped,skipped,skipped,skipped,skipped,4,10
7633,Jim TORRANCE (SNP),Iris GIBSON (SNP),skipped,skipped,skipped,skipped,skipped,skipped,skipped,skipped,4,10
7634,Jim TORRANCE (SNP),Iris GIBSON (SNP),skipped,skipped,skipped,skipped,skipped,skipped,skipped,skipped,4,10
7635,Jim TORRANCE (SNP),Iris GIBSON (SNP),skipped,skipped,skipped,skipped,skipped,skipped,skipped,skipped,4,10
7636,Jim TORRANCE (SNP),Iris GIBSON (SNP),skipped,skipped,skipped,skipped,skipped,skipped,skipped,skipped,4,10
7637,Jim TORRANCE (SNP),Iris GIBSON (SNP),skipped,skipped,skipped,skipped,skipped,skipped,skipped,skipped,4,10
7638,Jim TORRANCE (SNP),Iris GIBSON (SNP),skipped,skipped,skipped,skipped,skipped,skipped,skipped,skipped,4,10
7639,Jim TORRANCE (SNP),Iris GIBSON (SNP),skipped,skipped,skipped,skipped,skipped,skipped,skipped,skipped,4,10
7640,Jim TORRANCE (SNP),Iris GIBSON (SNP),skipped,skipped,skipped,skipped,skipped,skipped,skipped,skipped,4,10
7641,Jim TORRANCE (SNP),Iris GIBSON (SNP),skipped,skipped,skipped,skipped,skipped,skipped,skipped,skipped,4,10
7642,Jim TORRANCE (SNP),Iris GIBSON (SNP),skipped,skipped,skipped,skipped,skipped,skipped,skipped,skipped,4,10
7643,Jim TORRANCE (SNP),Iris GIBSON (SNP),skipped,skipped,skipped,skipped,skipped,skipped,skipped,skipped,4,10
7644,Jim TORRANCE (SNP),Iris GIBSON (SNP),skipped,skipped,skipped,skipped,skipped,skipped,skipped,skipped,4,10
7645,Jim TORRANCE (SNP),Iris GIBSON (SNP),skipped,skipped,skipped,skipped,skipped,skipped,skipped,skipped,4,10
7646,Jim TORRANCE (SNP),Iris GIBSON (SNP),skipped,skipped,skipped,skipped,skipped,skipped,skipped,skipped,4,10
7647,Jim TORRANCE (SNP),Iris GIBSON (SNP),skipped,skipped,skipped,skipped,skipped,skipped,skipped,skipped,4,10
7648,Jim TORRANCE (SNP),Iris GIBSON (SNP),skipped,skipped,skipped,skipped,skipped,skipped,skipped,skipped,4,10
7649,Jim TORRANCE (SNP),Iris GIBSON (SNP),skipped,skipped,skipped,skipped,skipped,skipped,skipped,skipped,4,10
7650,Jim TORRANCE (SNP),Iris GIBSON (SNP),skipped,skipped,skipped,skipped,skipped,skipped,skipped,skipped,4,10
7651,Jim TORRANCE (SNP),Iris GIBSON (SNP),skipped,skipped,skipped,skipped,skipped,skipped,skipped,skipped,4,10
7652,Jim TORRANCE (SNP),Iris GIBSON (SNP),skipped,skipped,skipped,skipped,skipped,skipped,skipped,skipped,4,10
7653,Jim TORRANCE (SNP),Iris GIBSON (SNP),skipped,skipped,skipped,skipped,skipped,skipped,skipped,skipped,4,10
7654,Jim TORRANCE (SNP),Iris GIBSON (SNP),skipped,skipped,skipped,skipped,skipped,skipped,skipped,skipped,4,10
7655,Jim TORRANCE (SNP),Iris GIBSON (SNP),skipped,skipped,skipped,skipped,skipped,skipped,skipped,skipped,4,10
7656,Jim TORRANCE (SNP),Iris GIBSON (SNP),skipped,skipped,skipped,skipped,skipped,skipped,skipped,skipped,4,10
7657,Jim TORRANCE (SNP),Iris GIBSON (SNP),skipped,skipped,skipped,skipped,skipped,skipped,skipped,skipped,4,10
7658,Jim TORRANCE (SNP),Iris GIBSON (SNP),skipped,skipped,skipped,skipped,skipped,skipped,skipped,skipped,4,10
7659,Jim TORRANCE (SNP),Iris GIBSON (SNP),skipped,skipped,skipped,skipped,skipped,skipped,skipped,skipped,4,10
7660,Jim TORRANCE (SNP),Iris GIBSON (SNP),skipped,skipped,skipped,skipped,skipped,skipped,skipped,skipped,4,10
7661,Jim TORRANCE (SNP),Iris GIBSON (SNP),skipped,skipped,skipped,skipped,skipped,skipped,skipped,skipped,4,10
7662,Jim TORRANCE (SNP),Iris GIBSON (SNP),skipped,skipped,skipped,skipped,skipped,skipped,skipped,skipped,4,10
7663,Jim TORRANCE (SNP),Iris GIBSON (SNP),skipped,skipped,skipped,skipped,skipped,skipped,skipped,skipped,4,10
7664,Jim TORRANCE (SNP),Iris GIBSON (SNP),skipped,skipped,skipped,skipped,skipped,skipped,skipped,skipped,4,10
7665,Jim TORRANCE (SNP),Iris GIBSON (SNP),skipped,skipped,skipped,skipped,skipped,skipped,skipped,skipped,4,10
7666,Jim TORRANCE (SNP),Iris GIBSON (SNP),skipped,skipped,skipped,skipped,skipped,skipped,skipped,skipped,4,10
7667,Jim TORRANCE (SNP),Iris GIBSON (SNP),skipped,skipped,skipped,skipped,skipped,skipped,skipped,skipped,4,10
7668,Jim TORRANCE (SNP),Iris GIBSON (SNP),skipped,skipped,skipped,skipped,skipped,skipped,skipped,skipped,4,10
7669,Jim TORRANCE (SNP),Iris GIBSON (SNP),skipped,skipped,skipped,skipped,skipped,skipped,skipped,skipped,4,10
7670,Jim TORRANCE (SNP),Iris GIBSON (SNP),skipped,skipped,skipped,skipped,skipped,skipped,skipped,skipped,4,10
7671,Jim TORRANCE (SNP),Iris GIBSON (SNP),skipped,skipped,skipped,skipped,skipped,skipped,skipped,skipped,4,10
7672,Jim TORRANCE (SNP),Iris GIBSON (SNP),skipped,skipped,skipped,skipped,skipped,skipped,skipped,skipped,4,10
7673,Jim TORRANCE (SNP),Iris GIBSON (SNP),skipped,skipped,skipped,skipped,skipped,skipped,skipped,skipped,4,10
7674,Jim TORRANCE (SNP),Iris GIBSON (SNP),skipped,skipped,skipped,skipped,skipped,skipped,skipped,skipped,4,10
7675,Jim TORRANCE (SNP),Iris GIBSON (SNP),skipped,skipped,skipped,skipped,skipped,skipped,skipped,skipped,4,10
7676,Jim TORRANCE (SNP),Iris GIBSON (SNP),skipped,skipped,skipped,skipped,skipped,skipped,skipped,skipped,4,10
7677,Jim TORRANCE (SNP),Iris GIBSON (SNP),skipped,skipped,skipped,skipped,skipped,skipped,skipped,skipped,4,10
7678,Jim TORRANCE (SNP),Iris GIBSON (SNP),skipped,skipped,skipped,skipped,skipped,skipped,skipped,skipped,4,10
7679,Jim TORRANCE (SNP),Iris GIBSON (SNP),skipped,skipped,skipped,skipped,skipped,skipped,skipped,skipped,4,10
7680,Jim TORRANCE (SNP),Iris GIBSON (SNP),skipped,skipped,skipped,skipped,skipped,skipped,skipped,skipped,4,10
7681,Jim TORRANCE (SNP),Iris GIBSON (SNP),skipped,skipped,skipped,skipped,skipped,skipped,skipped,skipped,4,10
7682,Jim TORRANCE (SNP),Iris GIBSON (SNP),skipped,skipped,skipped,skipped,skipped,skipped,skipped,skipped,4,10
7683,Jim TORRANCE (SNP),Iris GIBSON (SNP),skipped,skipped,skipped,skipped,skipped,skipped,skipped,skipped,4,10
7684,Jim TORRANCE (SNP),Iris GIBSON (SNP),skipped,skipped,skipped,skipped,skipped,skipped,skipped,skipped,4,10
7685,Jim TORRANCE (SNP),Iris GIBSON (SNP),skipped,skipped,skipped,skipped,skipped,skipped,skipped,skipped,4,10
7686,Jim TORRANCE (SNP),Iris GIBSON (SNP),skipped,skipped,skipped,skipped,skipped,skipped,skipped,skipped,4,10
7687,Jim TORRANCE (SNP),Iris GIBSON (SNP),skipped,skipped,skipped,skipped,skipped,skipped,skipped,skipped,4,10
7688,Jim TORRANCE (SNP),Iris GIBSON (SNP),skipped,skipped,skipped,skipped,skipped,skipped,skipped,skipped,4,10
7689,Jim TORRANCE (SNP),Iris GIBSON (SNP),skipped,skipped,skipped,skipped,skipped,skipped,skipped,skipped,4,10
7690,Jim TORRANCE (SNP),Iris GIBSON (SNP),skipped,skipped,skipped,skipped,skipped,skipped,skipped,skipped,4,10
7691,Jim TORRANCE (SNP),Iris GIBSON (SNP),skipped,skipped,skipped,skipped,skipped,skipped,skipped,skipped,4,10
7692,Jim TORRANCE (SNP),Iris GIBSON (SNP),skipped,skipped,skipped,skipped,skipped,skipped,skipped,skipped,4,10
7693,Jim TORRANCE (SNP),Iris GIBSON (SNP),skipped,skipped,skipped,skipped,skipped,skipped,skipped,skipped,4,10
7694,Jim TORRANCE (SNP),Iris GIBSON (SNP),skipped,skipped,skipped,skipped,skipped,skipped,skipped,skipped,4,10
7695,Jim TORRANCE (SNP),Iris GIBSON (SNP),skipped,skipped,skipped,skipped,skipped,skipped,skipped,skipped,4,10
7696,Jim TORRANCE (SNP),Iris GIBSON (SNP),skipped,skipped,skipped,skipped,skipped,skipped,skipped,skipped,4,10
7697,Jim TORRANCE (SNP),Iris GIBSON (SNP),skipped,skipped,skipped,skipped,skipped,skipped,skipped,skipped,4,10
7698,Jim TORRANCE (SNP),Iris GIBSON (SNP),skipped,skipped,skipped,skipped,skipped,skipped,skipped,skipped,4,10
7699,Jim TORRANCE (SNP),Iris GIBSON (SNP),skipped,skipped,skipped,skipped,skipped,skipped,skipped,skipped,4,10
7700,Jim TORRANCE (SNP),Iris GIBSON (SNP),skipped,skipped,skipped,skipped,skipped,skipped,skipped,skipped,4,10
7701,Jim TORRANCE (SNP),Iris GIBSON (SNP),skipped,skipped,skipped,skipped,skipped,skipped,skipped,skipped,4,10
7702,Jim TORRANCE (SNP),Iris GIBSON (SNP),skipped,skipped,skipped,skipped,skipped,skipped,skipped,skipped,4,10
7703,Jim TORRANCE (SNP),Iris GIBSON (SNP),skipped,skipped,skipped,skipped,skipped,skipped,skipped,skipped,4,10
7704,Jim TORRANCE (SNP),Iris GIBSON (SNP),skipped,skipped,skipped,skipped,skipped,skipped,skipped,skipped,4,10
7705,Jim TORRANCE (SNP),Iris GIBSON (SNP),skipped,skipped,skipped,skipped,skipped,skipped,skipped,skipped,4,10
7706,Jim TORRANCE (SNP),Iris GIBSON (SNP),skipped,skipped,skipped,skipped,skipped,skipped,skipped,skipped,4,10
7707,Jim TORRANCE (SNP),Iris GIBSON (SNP),skipped,skipped,skipped,skipped,skipped,skipped,skipped,skipped,4,10
7708,Jim TORRANCE (SNP),Iris GIBSON (SNP),skipped,skipped,skipped,skipped,skipped,skipped,skipped,skipped,4,10
7709,Jim TORRANCE (SNP),Iris GIBSON (SNP),skipped,skipped,skipped,skipped,skipped,skipped,skipped,skipped,4,10
7710,Jim TORRANCE (SNP),Iris GIBSON (SNP),skipped,skipped,skipped,skipped,skipped,skipped,skipped,skipped,4,10
7711,Jim TORRANCE (SNP),Iris GIBSON (SNP),skipped,skipped,skipped,skipped,skipped,skipped,skipped,skipped,4,10
7712,Jim TORRANCE (SNP),Iris GIBSON (SNP),skipped,skipped,skipped,skipped,skipped,skipped,skipped,skipped,4,10
7713,Jim TORRANCE (SNP),Iris GIBSON (SNP),skipped,skipped,skipped,skipped,skipped,skipped,skipped,skipped,4,10
7714,Jim TORRANCE (SNP),Iris GIBSON (SNP),skipped,skipped,skipped,skipped,skipped,skipped,skipped,skipped,4,10
7715,Jim TORRANCE (SNP),Iris GIBSON (SNP),skipped,skipped,skipped,skipped,skipped,skipped,skipped,skipped,4,10
7716,Jim TORRANCE (SNP),Iris GIBSON (SNP),skipped,skipped,skipped,skipped,skipped,skipped,skipped,skipped,4,10
7717,Jim TORRANCE (SNP),Iris GIBSON (SNP),skipped,skipped,skipped,skipped,skipped,skipped,skipped,skipped,4,10
7718,Jim TORRANCE (SNP),Iris GIBSON (SNP),skipped,skipped,skipped,skipped,skipped,skipped,skipped,skipped,4,10
7719,Jim TORRANCE (SNP),Iris GIBSON (SNP),skipped,skipped,skipped,skipped,skipped,skipped,skipped,skipped,4,10
7720,Jim TORRANCE (SNP),Iris GIBSON (SNP),skipped,skipped,skipped,skipped,skipped,skipped,skipped,skipped,4,10
7721,Jim TORRANCE (SNP),Iris GIBSON (SNP),skipped,skipped,skipped,skipped,skipped,skipped,skipped,skipped,4,10
7722,Jim TORRANCE (SNP),Iris GIBSON (SNP),skipped,skipped,skipped,skipped,skipped,skipped,skipped,skipped,4,10
7723,Jim TORRANCE (SNP),Iris GIBSON (SNP),skipped,skipped,skipped,skipped,skipped,skipped,skipped,skipped,4,10
7724,Jim TORRANCE (SNP),Iris GIBSON (SNP),skipped,skipped,skipped,skipped,skipped,skipped,skipped,skipped,4,10
7725,Jim TORRANCE (SNP),Iris GIBSON (SNP),skipped,skipped,skipped,skipped,skipped,skipped,skipped,skipped,4,10
7726,Jim TORRANCE (SNP),Iris GIBSON (SNP),skipped,skipped,skipped,skipped,skipped,skipped,skipped,skipped,4,10
7727,Jim TORRANCE (SNP),Iris GIBSON (SNP),Alistair WATSON (Lab),skipped,skipped,skipped,skipped,skipped,skipped,skipped,4,10
7728,Jim TORRANCE (SNP),Iris GIBSON (SNP),Alistair WATSON (Lab),skipped,skipped,skipped,skipped,skipped,skipped,skipped,4,10
7729,Jim TORRANCE (SNP),Iris GIBSON (SNP),Alistair WATSON (Lab),skipped,skipped,skipped,skipped,skipped,skipped,skipped,4,10
7730,Jim TORRANCE (SNP),Iris GIBSON (SNP),Alistair WATSON (Lab),skipped,skipped,skipped,skipped,skipped,skipped,skipped,4,10
7731,Jim TORRANCE (SNP),Iris GIBSON (SNP),Alistair WATSON (Lab),skipped,skipped,skipped,skipped,skipped,skipped,skipped,4,10
7732,Jim TORRANCE (SNP),Iris GIBSON (SNP),Alistair WATSON (Lab),skipped,skipped,skipped,skipped,skipped,skipped,skipped,4,10
7733,Jim TORRANCE (SNP),Iris GIBSON (SNP),Alistair WATSON (Lab),skipped,skipped,skipped,skipped,skipped,skipped,skipped,4,10
7734,Jim TORRANCE (SNP),Iris GIBSON (SNP),Alistair WATSON (Lab),skipped,skipped,skipped,skipped,skipped,skipped,skipped,4,10
7735,Jim TORRANCE (SNP),Iris GIBSON (SNP),Alistair WATSON (Lab),skipped,skipped,skipped,skipped,skipped,skipped,skipped,4,10
7736,Jim TORRANCE (SNP),Iris GIBSON (SNP),Alistair WATSON (Lab),skipped,skipped,skipped,skipped,skipped,skipped,skipped,4,10
7737,Jim TORRANCE (SNP),Iris GIBSON (SNP),Alistair WATSON (Lab),skipped,skipped,skipped,skipped,skipped,skipped,skipped,4,10
7738,Jim TORRANCE (SNP),Iris GIBSON (SNP),Alistair WATSON (Lab),skipped,skipped,skipped,skipped,skipped,skipped,skipped,4,10
7739,Jim TORRANCE (SNP),Iris GIBSON (SNP),Alistair WATSON (Lab),skipped,skipped,skipped,skipped,skipped,skipped,skipped,4,10
7740,Jim TORRANCE (SNP),Iris GIBSON (SNP),Alistair WATSON (Lab),skipped,skipped,skipped,skipped,skipped,skipped,skipped,4,10
7741,Jim TORRANCE (SNP),Iris GIBSON (SNP),Alistair WATSON (Lab),skipped,skipped,skipped,skipped,skipped,skipped,skipped,4,10
7742,Jim TORRANCE (SNP),Iris GIBSON (SNP),Alistair WATSON (Lab),skipped,skipped,skipped,skipped,skipped,skipped,skipped,4,10
7743,Jim TORRANCE (SNP),Iris GIBSON (SNP),Alistair WATSON (Lab),skipped,skipped,skipped,skipped,skipped,skipped,skipped,4,10
7744,Jim TORRANCE (SNP),Iris GIBSON (SNP),Alistair WATSON (Lab),skipped,skipped,skipped,skipped,skipped,skipped,skipped,4,10
7745,Jim TORRANCE (SNP),Iris GIBSON (SNP),Alistair WATSON (Lab),skipped,skipped,skipped,skipped,skipped,skipped,skipped,4,10
7746,Jim TORRANCE (SNP),Iris GIBSON (SNP),Alistair WATSON (Lab),skipped,skipped,skipped,skipped,skipped,skipped,skipped,4,10
7747,Jim TORRANCE (SNP),Iris GIBSON (SNP),Alistair WATSON (Lab),skipped,skipped,skipped,skipped,skipped,skipped,skipped,4,10
7748,Jim TORRANCE (SNP),Iris GIBSON (SNP),Alistair WATSON (Lab),skipped,skipped,skipped,skipped,skipped,skipped,skipped,4,10
7749,Jim TORRANCE (SNP),Iris GIBSON (SNP),Alistair WATSON (Lab),skipped,skipped,skipped,skipped,skipped,skipped,skipped,4,10
7750,Jim TORRANCE (SNP),Iris GIBSON (SNP),Alistair WATSON (Lab),skipped,skipped,skipped,skipped,skipped,skipped,skipped,4,10
7751,Jim TORRANCE (SNP),Iris GIBSON (SNP),Alistair WATSON (Lab),skipped,skipped,skipped,skipped,skipped,skipped,skipped,4,10
7752,Jim TORRANCE (SNP),Iris GIBSON (SNP),Alistair WATSON (Lab),skipped,skipped,skipped,skipped,skipped,skipped,skipped,4,10
7753,Jim TORRANCE (SNP),Iris GIBSON (SNP),Alistair WATSON (Lab),Matt KERR (Lab),skipped,skipped,skipped,skipped,skipped,skipped,4,10
7754,Jim TORRANCE (SNP),Iris GIBSON (SNP),Alistair WATSON (Lab),Matt KERR (Lab),skipped,skipped,skipped,skipped,skipped,skipped,4,10
7755,Jim TORRANCE (SNP),Iris GIBSON (SNP),Alistair WATSON (Lab),Matt KERR (Lab),skipped,skipped,skipped,skipped,skipped,skipped,4,10
7756,Jim TORRANCE (SNP),Iris GIBSON (SNP),Alistair WATSON (Lab),Matt KERR (Lab),skipped,skipped,skipped,skipped,skipped,skipped,4,10
7757,Jim TORRANCE (SNP),Iris GIBSON (SNP),Alistair WATSON (Lab),Matt KERR (Lab),skipped,skipped,skipped,skipped,skipped,skipped,4,10
7758,Jim TORRANCE (SNP),Iris GIBSON (SNP),Alistair WATSON (Lab),Matt KERR (Lab),skipped,skipped,skipped,skipped,skipped,skipped,4,10
7759,Jim TORRANCE (SNP),Iris GIBSON (SNP),Alistair WATSON (Lab),Matt KERR (Lab),skipped,skipped,skipped,skipped,skipped,skipped,4,10
7760,Jim TORRANCE (SNP),Iris GIBSON (SNP),Alistair WATSON (Lab),Matt KERR (Lab),skipped,skipped,skipped,skipped,skipped,skipped,4,10
7761,Jim TORRANCE (SNP),Iris GIBSON (SNP),Alistair WATSON (Lab),Matt KERR (Lab),skipped,skipped,skipped,skipped,skipped,skipped,4,10
7762,Jim TORRANCE (SNP),Iris GIBSON (SNP),Alistair WATSON (Lab),Matt KERR (Lab),skipped,skipped,skipped,skipped,skipped,skipped,4,10
7763,Jim TORRANCE (SNP),Iris GIBSON (SNP),Alistair WATSON (Lab),Matt KERR (Lab),skipped,skipped,skipped,skipped,skipped,skipped,4,10
7764,Jim TORRANCE (SNP),Iris GIBSON (SNP),Alistair WATSON (Lab),Matt KERR (Lab),skipped,skipped,skipped,skipped,skipped,skipped,4,10
7765,Jim TORRANCE (SNP),Iris GIBSON (SNP),Alistair WATSON (Lab),Matt KERR (Lab),skipped,skipped,skipped,skipped,skipped,skipped,4,10
7766,Jim TORRANCE (SNP),Iris GIBSON (SNP),Alistair WATSON (Lab),Matt KERR (Lab),skipped,skipped,skipped,skipped,skipped,skipped,4,10
7767,Jim TORRANCE (SNP),Iris GIBSON (SNP),Alistair WATSON (Lab),Matt KERR (Lab),skipped,skipped,skipped,skipped,skipped,skipped,4,10
7768,Jim TORRANCE (SNP),Iris GIBSON (SNP),Alistair WATSON (Lab),Matt KERR (Lab),Gordon MACDIARMID (Glasgow First),Janice MACKAY (UKIP),Isabel NELSON (LD),Ian RUFFELL (Grn),Gail SHERIDAN (Sol),Jayne Ann MORGAN (Con),4,10
7769,Jim TORRANCE (SNP),Iris GIBSON (SNP),Alistair WATSON (Lab),Matt KERR (Lab),Gordon MACDIARMID (Glasgow First),Janice MACKAY (UKIP),Isabel NELSON (LD),Ian RUFFELL (Grn),Gail SHERIDAN (Sol),Jayne Ann MORGAN (Con),4,10
7770,Jim TORRANCE (SNP),Iris GIBSON (SNP),Alistair WATSON (Lab),Matt KERR (Lab),Gordon MACDIARMID (Glasgow First),Isabel NELSON (LD),Ian RUFFELL (Grn),Janice MACKAY (UKIP),Jayne Ann MORGAN (Con),Gail SHERIDAN (Sol),4,10
7771,Jim TORRANCE (SNP),Iris GIBSON (SNP),Alistair WATSON (Lab),Matt KERR (Lab),Gordon MACDIARMID (Glasgow First),Ian RUFFELL (Grn),skipped,skipped,skipped,skipped,4,10
7772,Jim TORRANCE (SNP),Iris GIBSON (SNP),Alistair WATSON (Lab),Matt KERR (Lab),Gordon MACDIARMID (Glasgow First),Ian RUFFELL (Grn),Isabel NELSON (LD),Janice MACKAY (UKIP),Gail SHERIDAN (Sol),Jayne Ann MORGAN (Con),4,10
7773,Jim TORRANCE (SNP),Iris GIBSON (SNP),Alistair WATSON (Lab),Matt KERR (Lab),Gordon MACDIARMID (Glasgow First),Gail SHERIDAN (Sol),Isabel NELSON (LD),Jayne Ann MORGAN (Con),Ian RUFFELL (Grn),Janice MACKAY (UKIP),4,10
7774,Jim TORRANCE (SNP),Iris GIBSON (SNP),Alistair WATSON (Lab),Matt KERR (Lab),Isabel NELSON (LD),Gordon MACDIARMID (Glasgow First),Janice MACKAY (UKIP),Ian RUFFELL (Grn),Gail SHERIDAN (Sol),Jayne Ann MORGAN (Con),4,10
7775,Jim TORRANCE (SNP),Iris GIBSON (SNP),Alistair WATSON (Lab),Matt KERR (Lab),Isabel NELSON (LD),Gordon MACDIARMID (Glasgow First),Jayne Ann MORGAN (Con),Ian RUFFELL (Grn),Janice MACKAY (UKIP),Gail SHERIDAN (Sol),4,10
7776,Jim TORRANCE (SNP),Iris GIBSON (SNP),Alistair WATSON (Lab),Matt KERR (Lab),Ian RUFFELL (Grn),skipped,skipped,skipped,skipped,skipped,4,10
7777,Jim TORRANCE (SNP),Iris GIBSON (SNP),Alistair WATSON (Lab),Matt KERR (Lab),Ian RUFFELL (Grn),skipped,skipped,skipped,skipped,skipped,4,10
7778,Jim TORRANCE (SNP),Iris GIBSON (SNP),Alistair WATSON (Lab),Matt KERR (Lab),Ian RUFFELL (Grn),skipped,skipped,skipped,skipped,skipped,4,10
7779,Jim TORRANCE (SNP),Iris GIBSON (SNP),Alistair WATSON (Lab),Matt KERR (Lab),Ian RUFFELL (Grn),Gordon MACDIARMID (Glasgow First),skipped,skipped,skipped,skipped,4,10
7780,Jim TORRANCE (SNP),Iris GIBSON (SNP),Alistair WATSON (Lab),Matt KERR (Lab),Ian RUFFELL (Grn),Gordon MACDIARMID (Glasgow First),Janice MACKAY (UKIP),Isabel NELSON (LD),Jayne Ann MORGAN (Con),Gail SHERIDAN (Sol),4,10
7781,Jim TORRANCE (SNP),Iris GIBSON (SNP),Alistair WATSON (Lab),Matt KERR (Lab),Ian RUFFELL (Grn),Isabel NELSON (LD),skipped,skipped,skipped,skipped,4,10
7782,Jim TORRANCE (SNP),Iris GIBSON (SNP),Alistair WATSON (Lab),Matt KERR (Lab),Ian RUFFELL (Grn),Gail SHERIDAN (Sol),Gordon MACDIARMID (Glasgow First),skipped,skipped,skipped,4,10
7783,Jim TORRANCE (SNP),Iris GIBSON (SNP),Alistair WATSON (Lab),Matt KERR (Lab),Ian RUFFELL (Grn),Gail SHERIDAN (Sol),Janice MACKAY (UKIP),Gordon MACDIARMID (Glasgow First),Jayne Ann MORGAN (Con),Isabel NELSON (LD),4,10
7784,Jim TORRANCE (SNP),Iris GIBSON (SNP),Alistair WATSON (Lab),Matt KERR (Lab),Ian RUFFELL (Grn),Gail SHERIDAN (Sol),Janice MACKAY (UKIP),Gordon MACDIARMID (Glasgow First),Jayne Ann MORGAN (Con),Isabel NELSON (LD),4,10
7785,Jim TORRANCE (SNP),Iris GIBSON (SNP),Alistair WATSON (Lab),Matt KERR (Lab),Gail SHERIDAN (Sol),skipped,skipped,skipped,skipped,skipped,4,10
7786,Jim TORRANCE (SNP),Iris GIBSON (SNP),Alistair WATSON (Lab),Matt KERR (Lab),Gail SHERIDAN (Sol),Ian RUFFELL (Grn),Janice MACKAY (UKIP),Gordon MACDIARMID (Glasgow First),Isabel NELSON (LD),Jayne Ann MORGAN (Con),4,10
7787,Jim TORRANCE (SNP),Iris GIBSON (SNP),Alistair WATSON (Lab),Gordon MACDIARMID (Glasgow First),Matt KERR (Lab),skipped,skipped,skipped,skipped,skipped,4,10
7788,Jim TORRANCE (SNP),Iris GIBSON (SNP),Alistair WATSON (Lab),Janice MACKAY (UKIP),Gordon MACDIARMID (Glasgow First),Ian RUFFELL (Grn),Matt KERR (Lab),Isabel NELSON (LD),Jayne Ann MORGAN (Con),Gail SHERIDAN (Sol),4,10
7789,Jim TORRANCE (SNP),Iris GIBSON (SNP),Alistair WATSON (Lab),Ian RUFFELL (Grn),skipped,skipped,skipped,skipped,skipped,skipped,4,10
7790,Jim TORRANCE (SNP),Iris GIBSON (SNP),Alistair WATSON (Lab),Ian RUFFELL (Grn),Isabel NELSON (LD),Matt KERR (Lab),Gordon MACDIARMID (Glasgow First),Janice MACKAY (UKIP),Gail SHERIDAN (Sol),Jayne Ann MORGAN (Con),4,10
7791,Jim TORRANCE (SNP),Iris GIBSON (SNP),Alistair WATSON (Lab),Gail SHERIDAN (Sol),Matt KERR (Lab),Gordon MACDIARMID (Glasgow First),Ian RUFFELL (Grn),Janice MACKAY (UKIP),Jayne Ann MORGAN (Con),Isabel NELSON (LD),4,10
7792,Jim TORRANCE (SNP),Iris GIBSON (SNP),Alistair WATSON (Lab),Gail SHERIDAN (Sol),Gordon MACDIARMID (Glasgow First),skipped,skipped,skipped,skipped,skipped,4,10
7793,Jim TORRANCE (SNP),Iris GIBSON (SNP),Matt KERR (Lab),skipped,skipped,skipped,skipped,skipped,skipped,skipped,4,10
7794,Jim TORRANCE (SNP),Iris GIBSON (SNP),Matt KERR (Lab),skipped,skipped,skipped,skipped,skipped,skipped,skipped,4,10
7795,Jim TORRANCE (SNP),Iris GIBSON (SNP),Matt KERR (Lab),skipped,skipped,skipped,skipped,skipped,skipped,skipped,4,10
7796,Jim TORRANCE (SNP),Iris GIBSON (SNP),Matt KERR (Lab),skipped,skipped,skipped,skipped,skipped,skipped,skipped,4,10
7797,Jim TORRANCE (SNP),Iris GIBSON (SNP),Matt KERR (Lab),skipped,skipped,skipped,skipped,skipped,skipped,skipped,4,10
7798,Jim TORRANCE (SNP),Iris GIBSON (SNP),Matt KERR (Lab),skipped,skipped,skipped,skipped,skipped,skipped,skipped,4,10
7799,Jim TORRANCE (SNP),Iris GIBSON (SNP),Matt KERR (Lab),skipped,skipped,skipped,skipped,skipped,skipped,skipped,4,10
7800,Jim TORRANCE (SNP),Iris GIBSON (SNP),Matt KERR (Lab),skipped,skipped,skipped,skipped,skipped,skipped,skipped,4,10
7801,Jim TORRANCE (SNP),Iris GIBSON (SNP),Matt KERR (Lab),skipped,skipped,skipped,skipped,skipped,skipped,skipped,4,10
7802,Jim TORRANCE (SNP),Iris GIBSON (SNP),Matt KERR (Lab),skipped,skipped,skipped,skipped,skipped,skipped,skipped,4,10
7803,Jim TORRANCE (SNP),Iris GIBSON (SNP),Matt KERR (Lab),skipped,skipped,skipped,skipped,skipped,skipped,skipped,4,10
7804,Jim TORRANCE (SNP),Iris GIBSON (SNP),Matt KERR (Lab),skipped,skipped,skipped,skipped,skipped,skipped,skipped,4,10
7805,Jim TORRANCE (SNP),Iris GIBSON (SNP),Matt KERR (Lab),skipped,skipped,skipped,skipped,skipped,skipped,skipped,4,10
7806,Jim TORRANCE (SNP),Iris GIBSON (SNP),Matt KERR (Lab),skipped,skipped,skipped,skipped,skipped,skipped,skipped,4,10
7807,Jim TORRANCE (SNP),Iris GIBSON (SNP),Matt KERR (Lab),skipped,skipped,skipped,skipped,skipped,skipped,skipped,4,10
7808,Jim TORRANCE (SNP),Iris GIBSON (SNP),Matt KERR (Lab),skipped,skipped,skipped,skipped,skipped,skipped,skipped,4,10
7809,Jim TORRANCE (SNP),Iris GIBSON (SNP),Matt KERR (Lab),skipped,skipped,skipped,skipped,skipped,skipped,skipped,4,10
7810,Jim TORRANCE (SNP),Iris GIBSON (SNP),Matt KERR (Lab),skipped,skipped,skipped,skipped,skipped,skipped,skipped,4,10
7811,Jim TORRANCE (SNP),Iris GIBSON (SNP),Matt KERR (Lab),skipped,skipped,skipped,skipped,skipped,skipped,skipped,4,10
7812,Jim TORRANCE (SNP),Iris GIBSON (SNP),Matt KERR (Lab),skipped,skipped,skipped,skipped,skipped,skipped,skipped,4,10
7813,Jim TORRANCE (SNP),Iris GIBSON (SNP),Matt KERR (Lab),skipped,skipped,skipped,skipped,skipped,skipped,skipped,4,10
7814,Jim TORRANCE (SNP),Iris GIBSON (SNP),Matt KERR (Lab),skipped,skipped,skipped,skipped,skipped,skipped,skipped,4,10
7815,Jim TORRANCE (SNP),Iris GIBSON (SNP),Matt KERR (Lab),skipped,skipped,skipped,skipped,skipped,skipped,skipped,4,10
7816,Jim TORRANCE (SNP),Iris GIBSON (SNP),Matt KERR (Lab),skipped,skipped,skipped,skipped,skipped,skipped,skipped,4,10
7817,Jim TORRANCE (SNP),Iris GIBSON (SNP),Matt KERR (Lab),skipped,skipped,skipped,skipped,skipped,skipped,skipped,4,10
7818,Jim TORRANCE (SNP),Iris GIBSON (SNP),Matt KERR (Lab),skipped,skipped,skipped,skipped,skipped,skipped,skipped,4,10
7819,Jim TORRANCE (SNP),Iris GIBSON (SNP),Matt KERR (Lab),skipped,skipped,skipped,skipped,skipped,skipped,skipped,4,10
7820,Jim TORRANCE (SNP),Iris GIBSON (SNP),Matt KERR (Lab),skipped,skipped,skipped,skipped,skipped,skipped,skipped,4,10
7821,Jim TORRANCE (SNP),Iris GIBSON (SNP),Matt KERR (Lab),Alistair WATSON (Lab),skipped,skipped,skipped,skipped,skipped,skipped,4,10
7822,Jim TORRANCE (SNP),Iris GIBSON (SNP),Matt KERR (Lab),Alistair WATSON (Lab),skipped,skipped,skipped,skipped,skipped,skipped,4,10
7823,Jim TORRANCE (SNP),Iris GIBSON (SNP),Matt KERR (Lab),Alistair WATSON (Lab),skipped,skipped,skipped,skipped,skipped,skipped,4,10
7824,Jim TORRANCE (SNP),Iris GIBSON (SNP),Matt KERR (Lab),Alistair WATSON (Lab),skipped,skipped,skipped,skipped,skipped,skipped,4,10
7825,Jim TORRANCE (SNP),Iris GIBSON (SNP),Matt KERR (Lab),Alistair WATSON (Lab),skipped,skipped,skipped,skipped,skipped,skipped,4,10
7826,Jim TORRANCE (SNP),Iris GIBSON (SNP),Matt KERR (Lab),Alistair WATSON (Lab),skipped,skipped,skipped,skipped,skipped,skipped,4,10
7827,Jim TORRANCE (SNP),Iris GIBSON (SNP),Matt KERR (Lab),Alistair WATSON (Lab),skipped,skipped,skipped,skipped,skipped,skipped,4,10
7828,Jim TORRANCE (SNP),Iris GIBSON (SNP),Matt KERR (Lab),Alistair WATSON (Lab),skipped,skipped,skipped,skipped,skipped,skipped,4,10
7829,Jim TORRANCE (SNP),Iris GIBSON (SNP),Matt KERR (Lab),Alistair WATSON (Lab),skipped,skipped,skipped,skipped,skipped,skipped,4,10
7830,Jim TORRANCE (SNP),Iris GIBSON (SNP),Matt KERR (Lab),Alistair WATSON (Lab),skipped,skipped,skipped,skipped,skipped,skipped,4,10
7831,Jim TORRANCE (SNP),Iris GIBSON (SNP),Matt KERR (Lab),Alistair WATSON (Lab),skipped,skipped,skipped,skipped,skipped,skipped,4,10
7832,Jim TORRANCE (SNP),Iris GIBSON (SNP),Matt KERR (Lab),Alistair WATSON (Lab),skipped,skipped,skipped,skipped,skipped,skipped,4,10
7833,Jim TORRANCE (SNP),Iris GIBSON (SNP),Matt KERR (Lab),Alistair WATSON (Lab),skipped,skipped,skipped,skipped,skipped,skipped,4,10
7834,Jim TORRANCE (SNP),Iris GIBSON (SNP),Matt KERR (Lab),Alistair WATSON (Lab),skipped,skipped,skipped,skipped,skipped,skipped,4,10
7835,Jim TORRANCE (SNP),Iris GIBSON (SNP),Matt KERR (Lab),Alistair WATSON (Lab),skipped,skipped,skipped,skipped,skipped,skipped,4,10
7836,Jim TORRANCE (SNP),Iris GIBSON (SNP),Matt KERR (Lab),Alistair WATSON (Lab),skipped,skipped,skipped,skipped,skipped,skipped,4,10
7837,Jim TORRANCE (SNP),Iris GIBSON (SNP),Matt KERR (Lab),Alistair WATSON (Lab),skipped,skipped,skipped,skipped,skipped,skipped,4,10
7838,Jim TORRANCE (SNP),Iris GIBSON (SNP),Matt KERR (Lab),Alistair WATSON (Lab),skipped,skipped,skipped,skipped,skipped,skipped,4,10
7839,Jim TORRANCE (SNP),Iris GIBSON (SNP),Matt KERR (Lab),Alistair WATSON (Lab),skipped,skipped,skipped,skipped,skipped,skipped,4,10
7840,Jim TORRANCE (SNP),Iris GIBSON (SNP),Matt KERR (Lab),Alistair WATSON (Lab),skipped,skipped,skipped,skipped,skipped,skipped,4,10
7841,Jim TORRANCE (SNP),Iris GIBSON (SNP),Matt KERR (Lab),Alistair WATSON (Lab),skipped,skipped,skipped,skipped,skipped,skipped,4,10
7842,Jim TORRANCE (SNP),Iris GIBSON (SNP),Matt KERR (Lab),Alistair WATSON (Lab),skipped,skipped,skipped,skipped,skipped,skipped,4,10
7843,Jim TORRANCE (SNP),Iris GIBSON (SNP),Matt KERR (Lab),Alistair WATSON (Lab),skipped,skipped,skipped,skipped,skipped,skipped,4,10
7844,Jim TORRANCE (SNP),Iris GIBSON (SNP),Matt KERR (Lab),Alistair WATSON (Lab),skipped,skipped,skipped,skipped,skipped,skipped,4,10
7845,Jim TORRANCE (SNP),Iris GIBSON (SNP),Matt KERR (Lab),Alistair WATSON (Lab),skipped,skipped,skipped,skipped,skipped,skipped,4,10
7846,Jim TORRANCE (SNP),Iris GIBSON (SNP),Matt KERR (Lab),Alistair WATSON (Lab),Gordon MACDIARMID (Glasgow First),Janice MACKAY (UKIP),Ian RUFFELL (Grn),Gail SHERIDAN (Sol),Jayne Ann MORGAN (Con),Isabel NELSON (LD),4,10
7847,Jim TORRANCE (SNP),Iris GIBSON (SNP),Matt KERR (Lab),Alistair WATSON (Lab),Gordon MACDIARMID (Glasgow First),Ian RUFFELL (Grn),Janice MACKAY (UKIP),Isabel NELSON (LD),Jayne Ann MORGAN (Con),Gail SHERIDAN (Sol),4,10
7848,Jim TORRANCE (SNP),Iris GIBSON (SNP),Matt KERR (Lab),Alistair WATSON (Lab),Gordon MACDIARMID (Glasgow First),Gail SHERIDAN (Sol),Ian RUFFELL (Grn),Janice MACKAY (UKIP),skipped,skipped,4,10
7849,Jim TORRANCE (SNP),Iris GIBSON (SNP),Matt KERR (Lab),Alistair WATSON (Lab),Gordon MACDIARMID (Glasgow First),Gail SHERIDAN (Sol),Ian RUFFELL (Grn),Janice MACKAY (UKIP),Isabel NELSON (LD),Jayne Ann MORGAN (Con),4,10
7850,Jim TORRANCE (SNP),Iris GIBSON (SNP),Matt KERR (Lab),Alistair WATSON (Lab),Jayne Ann MORGAN (Con),Gordon MACDIARMID (Glasgow First),Ian RUFFELL (Grn),Isabel NELSON (LD),Janice MACKAY (UKIP),Gail SHERIDAN (Sol),4,10
7851,Jim TORRANCE (SNP),Iris GIBSON (SNP),Matt KERR (Lab),Alistair WATSON (Lab),Jayne Ann MORGAN (Con),Isabel NELSON (LD),Ian RUFFELL (Grn),Gordon MACDIARMID (Glasgow First),Janice MACKAY (UKIP),Gail SHERIDAN (Sol),4,10
7852,Jim TORRANCE (SNP),Iris GIBSON (SNP),Matt KERR (Lab),Alistair WATSON (Lab),Jayne Ann MORGAN (Con),Isabel NELSON (LD),Gail SHERIDAN (Sol),Ian RUFFELL (Grn),Gordon MACDIARMID (Glasgow First),Janice MACKAY (UKIP),4,10
7853,Jim TORRANCE (SNP),Iris GIBSON (SNP),Matt KERR (Lab),Alistair WATSON (Lab),Isabel NELSON (LD),Gordon MACDIARMID (Glasgow First),Janice MACKAY (UKIP),Jayne Ann MORGAN (Con),Ian RUFFELL (Grn),Gail SHERIDAN (Sol),4,10
7854,Jim TORRANCE (SNP),Iris GIBSON (SNP),Matt KERR (Lab),Alistair WATSON (Lab),Isabel NELSON (LD),Gordon MACDIARMID (Glasgow First),Janice MACKAY (UKIP),Ian RUFFELL (Grn),Gail SHERIDAN (Sol),Jayne Ann MORGAN (Con),4,10
7855,Jim TORRANCE (SNP),Iris GIBSON (SNP),Matt KERR (Lab),Alistair WATSON (Lab),Isabel NELSON (LD),Gordon MACDIARMID (Glasgow First),Ian RUFFELL (Grn),skipped,skipped,skipped,4,10
7856,Jim TORRANCE (SNP),Iris GIBSON (SNP),Matt KERR (Lab),Alistair WATSON (Lab),Ian RUFFELL (Grn),skipped,skipped,skipped,skipped,skipped,4,10
7857,Jim TORRANCE (SNP),Iris GIBSON (SNP),Matt KERR (Lab),Alistair WATSON (Lab),Ian RUFFELL (Grn),Gordon MACDIARMID (Glasgow First),Janice MACKAY (UKIP),Isabel NELSON (LD),Gail SHERIDAN (Sol),Jayne Ann MORGAN (Con),4,10
7858,Jim TORRANCE (SNP),Iris GIBSON (SNP),Matt KERR (Lab),Alistair WATSON (Lab),Ian RUFFELL (Grn),Gail SHERIDAN (Sol),Gordon MACDIARMID (Glasgow First),Jayne Ann MORGAN (Con),Janice MACKAY (UKIP),Isabel NELSON (LD),4,10
7859,Jim TORRANCE (SNP),Iris GIBSON (SNP),Matt KERR (Lab),Alistair WATSON (Lab),Gail SHERIDAN (Sol),skipped,skipped,skipped,skipped,skipped,4,10
7860,Jim TORRANCE (SNP),Iris GIBSON (SNP),Matt KERR (Lab),Alistair WATSON (Lab),Gail SHERIDAN (Sol),Gordon MACDIARMID (Glasgow First),Janice MACKAY (UKIP),Isabel NELSON (LD),Jayne Ann MORGAN (Con),Ian RUFFELL (Grn),4,10
7861,Jim TORRANCE (SNP),Iris GIBSON (SNP),Matt KERR (Lab),Alistair WATSON (Lab),Gail SHERIDAN (Sol),Janice MACKAY (UKIP),Gordon MACDIARMID (Glasgow First),Ian RUFFELL (Grn),Isabel NELSON (LD),Jayne Ann MORGAN (Con),4,10
7862,Jim TORRANCE (SNP),Iris GIBSON (SNP),Matt KERR (Lab),Alistair WATSON (Lab),Gail SHERIDAN (Sol),Ian RUFFELL (Grn),Gordon MACDIARMID (Glasgow First),Janice MACKAY (UKIP),Isabel NELSON (LD),Jayne Ann MORGAN (Con),4,10
7863,Jim TORRANCE (SNP),Iris GIBSON (SNP),Matt KERR (Lab),Gordon MACDIARMID (Glasgow First),Alistair WATSON (Lab),Janice MACKAY (UKIP),Isabel NELSON (LD),Jayne Ann MORGAN (Con),Ian RUFFELL (Grn),Gail SHERIDAN (Sol),4,10
7864,Jim TORRANCE (SNP),Iris GIBSON (SNP),Matt KERR (Lab),Gordon MACDIARMID (Glasgow First),Janice MACKAY (UKIP),Isabel NELSON (LD),Ian RUFFELL (Grn),Gail SHERIDAN (Sol),Alistair WATSON (Lab),Jayne Ann MORGAN (Con),4,10
7865,Jim TORRANCE (SNP),Iris GIBSON (SNP),Matt KERR (Lab),Gordon MACDIARMID (Glasgow First),Jayne Ann MORGAN (Con),Janice MACKAY (UKIP),Gail SHERIDAN (Sol),Ian RUFFELL (Grn),Alistair WATSON (Lab),Isabel NELSON (LD),4,10
7866,Jim TORRANCE (SNP),Iris GIBSON (SNP),Matt KERR (Lab),Gordon MACDIARMID (Glasgow First),Isabel NELSON (LD),Ian RUFFELL (Grn),Gail SHERIDAN (Sol),Alistair WATSON (Lab),skipped,skipped,4,10
7867,Jim TORRANCE (SNP),Iris GIBSON (SNP),Matt KERR (Lab),Gordon MACDIARMID (Glasgow First),Isabel NELSON (LD),Ian RUFFELL (Grn),Gail SHERIDAN (Sol),Janice MACKAY (UKIP),Jayne Ann MORGAN (Con),Alistair WATSON (Lab),4,10
7868,Jim TORRANCE (SNP),Iris GIBSON (SNP),Matt KERR (Lab),Isabel NELSON (LD),Alistair WATSON (Lab),skipped,skipped,skipped,skipped,skipped,4,10
7869,Jim TORRANCE (SNP),Iris GIBSON (SNP),Matt KERR (Lab),Ian RUFFELL (Grn),Gail SHERIDAN (Sol),skipped,skipped,skipped,skipped,skipped,4,10
7870,Jim TORRANCE (SNP),Iris GIBSON (SNP),Matt KERR (Lab),Gail SHERIDAN (Sol),skipped,skipped,skipped,skipped,skipped,skipped,4,10
7871,Jim TORRANCE (SNP),Iris GIBSON (SNP),Matt KERR (Lab),Gail SHERIDAN (Sol),Alistair WATSON (Lab),skipped,skipped,skipped,skipped,skipped,4,10
7872,Jim TORRANCE (SNP),Iris GIBSON (SNP),Gordon MACDIARMID (Glasgow First),skipped,skipped,skipped,skipped,skipped,skipped,skipped,4,10
7873,Jim TORRANCE (SNP),Iris GIBSON (SNP),Gordon MACDIARMID (Glasgow First),skipped,skipped,skipped,skipped,skipped,skipped,skipped,4,10
7874,Jim TORRANCE (SNP),Iris GIBSON (SNP),Gordon MACDIARMID (Glasgow First),skipped,skipped,skipped,skipped,skipped,skipped,skipped,4,10
7875,Jim TORRANCE (SNP),Iris GIBSON (SNP),Gordon MACDIARMID (Glasgow First),skipped,skipped,skipped,skipped,skipped,skipped,skipped,4,10
7876,Jim TORRANCE (SNP),Iris GIBSON (SNP),Gordon MACDIARMID (Glasgow First),skipped,skipped,skipped,skipped,skipped,skipped,skipped,4,10
7877,Jim TORRANCE (SNP),Iris GIBSON (SNP),Gordon MACDIARMID (Glasgow First),skipped,skipped,skipped,skipped,skipped,skipped,skipped,4,10
7878,Jim TORRANCE (SNP),Iris GIBSON (SNP),Gordon MACDIARMID (Glasgow First),skipped,skipped,skipped,skipped,skipped,skipped,skipped,4,10
7879,Jim TORRANCE (SNP),Iris GIBSON (SNP),Gordon MACDIARMID (Glasgow First),skipped,skipped,skipped,skipped,skipped,skipped,skipped,4,10
7880,Jim TORRANCE (SNP),Iris GIBSON (SNP),Gordon MACDIARMID (Glasgow First),skipped,skipped,skipped,skipped,skipped,skipped,skipped,4,10
7881,Jim TORRANCE (SNP),Iris GIBSON (SNP),Gordon MACDIARMID (Glasgow First),skipped,skipped,skipped,skipped,skipped,skipped,skipped,4,10
7882,Jim TORRANCE (SNP),Iris GIBSON (SNP),Gordon MACDIARMID (Glasgow First),skipped,skipped,skipped,skipped,skipped,skipped,skipped,4,10
7883,Jim TORRANCE (SNP),Iris GIBSON (SNP),Gordon MACDIARMID (Glasgow First),skipped,skipped,skipped,skipped,skipped,skipped,skipped,4,10
7884,Jim TORRANCE (SNP),Iris GIBSON (SNP),Gordon MACDIARMID (Glasgow First),skipped,skipped,skipped,skipped,skipped,skipped,skipped,4,10
7885,Jim TORRANCE (SNP),Iris GIBSON (SNP),Gordon MACDIARMID (Glasgow First),skipped,skipped,skipped,skipped,skipped,skipped,skipped,4,10
7886,Jim TORRANCE (SNP),Iris GIBSON (SNP),Gordon MACDIARMID (Glasgow First),Alistair WATSON (Lab),skipped,skipped,skipped,skipped,skipped,skipped,4,10
7887,Jim TORRANCE (SNP),Iris GIBSON (SNP),Gordon MACDIARMID (Glasgow First),Alistair WATSON (Lab),Ian RUFFELL (Grn),Matt KERR (Lab),Gail SHERIDAN (Sol),Isabel NELSON (LD),Janice MACKAY (UKIP),Jayne Ann MORGAN (Con),4,10
7888,Jim TORRANCE (SNP),Iris GIBSON (SNP),Gordon MACDIARMID (Glasgow First),Matt KERR (Lab),skipped,skipped,skipped,skipped,skipped,skipped,4,10
7889,Jim TORRANCE (SNP),Iris GIBSON (SNP),Gordon MACDIARMID (Glasgow First),Matt KERR (Lab),Janice MACKAY (UKIP),Isabel NELSON (LD),Gail SHERIDAN (Sol),Ian RUFFELL (Grn),Jayne Ann MORGAN (Con),Alistair WATSON (Lab),4,10
7890,Jim TORRANCE (SNP),Iris GIBSON (SNP),Gordon MACDIARMID (Glasgow First),Matt KERR (Lab),Ian RUFFELL (Grn),Alistair WATSON (Lab),Gail SHERIDAN (Sol),Isabel NELSON (LD),Janice MACKAY (UKIP),Jayne Ann MORGAN (Con),4,10
7891,Jim TORRANCE (SNP),Iris GIBSON (SNP),Gordon MACDIARMID (Glasgow First),Janice MACKAY (UKIP),skipped,skipped,skipped,skipped,skipped,skipped,4,10
7892,Jim TORRANCE (SNP),Iris GIBSON (SNP),Gordon MACDIARMID (Glasgow First),Janice MACKAY (UKIP),Ian RUFFELL (Grn),skipped,skipped,skipped,skipped,skipped,4,10
7893,Jim TORRANCE (SNP),Iris GIBSON (SNP),Gordon MACDIARMID (Glasgow First),Jayne Ann MORGAN (Con),skipped,skipped,skipped,skipped,skipped,skipped,4,10
7894,Jim TORRANCE (SNP),Iris GIBSON (SNP),Gordon MACDIARMID (Glasgow First),Jayne Ann MORGAN (Con),Isabel NELSON (LD),skipped,skipped,skipped,skipped,skipped,4,10
7895,Jim TORRANCE (SNP),Iris GIBSON (SNP),Gordon MACDIARMID (Glasgow First),Isabel NELSON (LD),Jayne Ann MORGAN (Con),skipped,skipped,skipped,skipped,skipped,4,10
7896,Jim TORRANCE (SNP),Iris GIBSON (SNP),Gordon MACDIARMID (Glasgow First),Ian RUFFELL (Grn),skipped,skipped,skipped,skipped,skipped,skipped,4,10
7897,Jim TORRANCE (SNP),Iris GIBSON (SNP),Gordon MACDIARMID (Glasgow First),Ian RUFFELL (Grn),skipped,skipped,skipped,skipped,skipped,skipped,4,10
7898,Jim TORRANCE (SNP),Iris GIBSON (SNP),Gordon MACDIARMID (Glasgow First),Ian RUFFELL (Grn),skipped,skipped,skipped,skipped,skipped,skipped,4,10
7899,Jim TORRANCE (SNP),Iris GIBSON (SNP),Gordon MACDIARMID (Glasgow First),Ian RUFFELL (Grn),skipped,skipped,skipped,skipped,skipped,skipped,4,10
7900,Jim TORRANCE (SNP),Iris GIBSON (SNP),Gordon MACDIARMID (Glasgow First),Ian RUFFELL (Grn),Alistair WATSON (Lab),Matt KERR (Lab),Isabel NELSON (LD),skipped,skipped,skipped,4,10
7901,Jim TORRANCE (SNP),Iris GIBSON (SNP),Gordon MACDIARMID (Glasgow First),Ian RUFFELL (Grn),Isabel NELSON (LD),skipped,skipped,skipped,skipped,skipped,4,10
7902,Jim TORRANCE (SNP),Iris GIBSON (SNP),Gordon MACDIARMID (Glasgow First),Gail SHERIDAN (Sol),Alistair WATSON (Lab),Isabel NELSON (LD),Ian RUFFELL (Grn),Matt KERR (Lab),Janice MACKAY (UKIP),Jayne Ann MORGAN (Con),4,10
7903,Jim TORRANCE (SNP),Iris GIBSON (SNP),Gordon MACDIARMID (Glasgow First),Gail SHERIDAN (Sol),Ian RUFFELL (Grn),Janice MACKAY (UKIP),Matt KERR (Lab),Alistair WATSON (Lab),Jayne Ann MORGAN (Con),Isabel NELSON (LD),4,10
7904,Jim TORRANCE (SNP),Iris GIBSON (SNP),Gordon MACDIARMID (Glasgow First),Gail SHERIDAN (Sol),Ian RUFFELL (Grn),Isabel NELSON (LD),Jayne Ann MORGAN (Con),Janice MACKAY (UKIP),skipped,skipped,4,10
7905,Jim TORRANCE (SNP),Iris GIBSON (SNP),Janice MACKAY (UKIP),skipped,skipped,skipped,skipped,skipped,skipped,skipped,4,10
7906,Jim TORRANCE (SNP),Iris GIBSON (SNP),Janice MACKAY (UKIP),skipped,skipped,skipped,skipped,skipped,skipped,skipped,4,10
7907,Jim TORRANCE (SNP),Iris GIBSON (SNP),Janice MACKAY (UKIP),skipped,skipped,skipped,skipped,skipped,skipped,skipped,4,10
7908,Jim TORRANCE (SNP),Iris GIBSON (SNP),Janice MACKAY (UKIP),skipped,skipped,skipped,skipped,skipped,skipped,skipped,4,10
7909,Jim TORRANCE (SNP),Iris GIBSON (SNP),Janice MACKAY (UKIP),skipped,skipped,skipped,skipped,skipped,skipped,skipped,4,10
7910,Jim TORRANCE (SNP),Iris GIBSON (SNP),Janice MACKAY (UKIP),skipped,skipped,skipped,skipped,skipped,skipped,skipped,4,10
7911,Jim TORRANCE (SNP),Iris GIBSON (SNP),Janice MACKAY (UKIP),Gordon MACDIARMID (Glasgow First),skipped,skipped,skipped,skipped,skipped,skipped,4,10
7912,Jim TORRANCE (SNP),Iris GIBSON (SNP),Janice MACKAY (UKIP),Gordon MACDIARMID (Glasgow First),Matt KERR (Lab),Alistair WATSON (Lab),Jayne Ann MORGAN (Con),Isabel NELSON (LD),Ian RUFFELL (Grn),Gail SHERIDAN (Sol),4,10
7913,Jim TORRANCE (SNP),Iris GIBSON (SNP),Janice MACKAY (UKIP),Gordon MACDIARMID (Glasgow First),Matt KERR (Lab),Alistair WATSON (Lab),Ian RUFFELL (Grn),Isabel NELSON (LD),Jayne Ann MORGAN (Con),Gail SHERIDAN (Sol),4,10
7914,Jim TORRANCE (SNP),Iris GIBSON (SNP),Janice MACKAY (UKIP),Ian RUFFELL (Grn),Gail SHERIDAN (Sol),Gordon MACDIARMID (Glasgow First),skipped,skipped,skipped,skipped,4,10
7915,Jim TORRANCE (SNP),Iris GIBSON (SNP),Janice MACKAY (UKIP),Ian RUFFELL (Grn),Gail SHERIDAN (Sol),Isabel NELSON (LD),Matt KERR (Lab),Jayne Ann MORGAN (Con),Alistair WATSON (Lab),Gordon MACDIARMID (Glasgow First),4,10
7916,Jim TORRANCE (SNP),Iris GIBSON (SNP),Jayne Ann MORGAN (Con),skipped,skipped,skipped,skipped,skipped,skipped,skipped,4,10
7917,Jim TORRANCE (SNP),Iris GIBSON (SNP),Jayne Ann MORGAN (Con),skipped,skipped,skipped,skipped,skipped,skipped,skipped,4,10
7918,Jim TORRANCE (SNP),Iris GIBSON (SNP),Jayne Ann MORGAN (Con),skipped,skipped,skipped,skipped,skipped,skipped,skipped,4,10
7919,Jim TORRANCE (SNP),Iris GIBSON (SNP),Jayne Ann MORGAN (Con),skipped,skipped,skipped,skipped,skipped,skipped,skipped,4,10
7920,Jim TORRANCE (SNP),Iris GIBSON (SNP),Jayne Ann MORGAN (Con),skipped,skipped,skipped,skipped,skipped,skipped,skipped,4,10
7921,Jim TORRANCE (SNP),Iris GIBSON (SNP),Jayne Ann MORGAN (Con),skipped,skipped,skipped,skipped,skipped,skipped,skipped,4,10
7922,Jim TORRANCE (SNP),Iris GIBSON (SNP),Jayne Ann MORGAN (Con),skipped,skipped,skipped,skipped,skipped,skipped,skipped,4,10
7923,Jim TORRANCE (SNP),Iris GIBSON (SNP),Jayne Ann MORGAN (Con),Gordon MACDIARMID (Glasgow First),Isabel NELSON (LD),Alistair WATSON (Lab),Janice MACKAY (UKIP),skipped,skipped,skipped,4,10
7924,Jim TORRANCE (SNP),Iris GIBSON (SNP),Jayne Ann MORGAN (Con),Janice MACKAY (UKIP),Matt KERR (Lab),Gordon MACDIARMID (Glasgow First),Isabel NELSON (LD),Gail SHERIDAN (Sol),Ian RUFFELL (Grn),skipped,4,10
7925,Jim TORRANCE (SNP),Iris GIBSON (SNP),Jayne Ann MORGAN (Con),Ian RUFFELL (Grn),skipped,skipped,skipped,skipped,skipped,skipped,4,10
7926,Jim TORRANCE (SNP),Iris GIBSON (SNP),Jayne Ann MORGAN (Con),Gail SHERIDAN (Sol),skipped,skipped,skipped,skipped,skipped,skipped,4,10
7927,Jim TORRANCE (SNP),Iris GIBSON (SNP),Jayne Ann MORGAN (Con),Gail SHERIDAN (Sol),Isabel NELSON (LD),Gordon MACDIARMID (Glasgow First),Matt KERR (Lab),Janice MACKAY (UKIP),Ian RUFFELL (Grn),Alistair WATSON (Lab),4,10
7928,Jim TORRANCE (SNP),Iris GIBSON (SNP),Isabel NELSON (LD),skipped,skipped,skipped,skipped,skipped,skipped,skipped,4,10
7929,Jim TORRANCE (SNP),Iris GIBSON (SNP),Isabel NELSON (LD),skipped,skipped,skipped,skipped,skipped,skipped,skipped,4,10
7930,Jim TORRANCE (SNP),Iris GIBSON (SNP),Isabel NELSON (LD),skipped,skipped,skipped,skipped,skipped,skipped,skipped,4,10
7931,Jim TORRANCE (SNP),Iris GIBSON (SNP),Isabel NELSON (LD),skipped,skipped,skipped,skipped,skipped,skipped,skipped,4,10
7932,Jim TORRANCE (SNP),Iris GIBSON (SNP),Isabel NELSON (LD),skipped,skipped,skipped,skipped,skipped,skipped,skipped,4,10
7933,Jim TORRANCE (SNP),Iris GIBSON (SNP),Isabel NELSON (LD),Gordon MACDIARMID (Glasgow First),skipped,skipped,skipped,skipped,skipped,skipped,4,10
7934,Jim TORRANCE (SNP),Iris GIBSON (SNP),Isabel NELSON (LD),Gordon MACDIARMID (Glasgow First),skipped,skipped,skipped,skipped,skipped,skipped,4,10
7935,Jim TORRANCE (SNP),Iris GIBSON (SNP),Isabel NELSON (LD),Janice MACKAY (UKIP),skipped,skipped,skipped,skipped,skipped,skipped,4,10
7936,Jim TORRANCE (SNP),Iris GIBSON (SNP),Isabel NELSON (LD),Jayne Ann MORGAN (Con),Janice MACKAY (UKIP),Ian RUFFELL (Grn),Matt KERR (Lab),Alistair WATSON (Lab),Gail SHERIDAN (Sol),Gordon MACDIARMID (Glasgow First),4,10
7937,Jim TORRANCE (SNP),Iris GIBSON (SNP),Isabel NELSON (LD),Jayne Ann MORGAN (Con),Ian RUFFELL (Grn),Alistair WATSON (Lab),Gail SHERIDAN (Sol),Janice MACKAY (UKIP),Gordon MACDIARMID (Glasgow First),Matt KERR (Lab),4,10
7938,Jim TORRANCE (SNP),Iris GIBSON (SNP),Isabel NELSON (LD),Jayne Ann MORGAN (Con),Gail SHERIDAN (Sol),skipped,skipped,skipped,skipped,skipped,4,10
7939,Jim TORRANCE (SNP),Iris GIBSON (SNP),Isabel NELSON (LD),Ian RUFFELL (Grn),skipped,skipped,skipped,skipped,skipped,skipped,4,10
7940,Jim TORRANCE (SNP),Iris GIBSON (SNP),Isabel NELSON (LD),Ian RUFFELL (Grn),skipped,skipped,skipped,skipped,skipped,skipped,4,10
7941,Jim TORRANCE (SNP),Iris GIBSON (SNP),Isabel NELSON (LD),Ian RUFFELL (Grn),Gail SHERIDAN (Sol),Gordon MACDIARMID (Glasgow First),skipped,skipped,skipped,skipped,4,10
7942,Jim TORRANCE (SNP),Iris GIBSON (SNP),Ian RUFFELL (Grn),skipped,skipped,skipped,skipped,skipped,skipped,skipped,4,10
7943,Jim TORRANCE (SNP),Iris GIBSON (SNP),Ian RUFFELL (Grn),skipped,skipped,skipped,skipped,skipped,skipped,skipped,4,10
7944,Jim TORRANCE (SNP),Iris GIBSON (SNP),Ian RUFFELL (Grn),skipped,skipped,skipped,skipped,skipped,skipped,skipped,4,10
7945,Jim TORRANCE (SNP),Iris GIBSON (SNP),Ian RUFFELL (Grn),skipped,skipped,skipped,skipped,skipped,skipped,skipped,4,10
7946,Jim TORRANCE (SNP),Iris GIBSON (SNP),Ian RUFFELL (Grn),skipped,skipped,skipped,skipped,skipped,skipped,skipped,4,10
7947,Jim TORRANCE (SNP),Iris GIBSON (SNP),Ian RUFFELL (Grn),skipped,skipped,skipped,skipped,skipped,skipped,skipped,4,10
7948,Jim TORRANCE (SNP),Iris GIBSON (SNP),Ian RUFFELL (Grn),skipped,skipped,skipped,skipped,skipped,skipped,skipped,4,10
7949,Jim TORRANCE (SNP),Iris GIBSON (SNP),Ian RUFFELL (Grn),skipped,skipped,skipped,skipped,skipped,skipped,skipped,4,10
7950,Jim TORRANCE (SNP),Iris GIBSON (SNP),Ian RUFFELL (Grn),skipped,skipped,skipped,skipped,skipped,skipped,skipped,4,10
7951,Jim TORRANCE (SNP),Iris GIBSON (SNP),Ian RUFFELL (Grn),skipped,skipped,skipped,skipped,skipped,skipped,skipped,4,10
7952,Jim TORRANCE (SNP),Iris GIBSON (SNP),Ian RUFFELL (Grn),skipped,skipped,skipped,skipped,skipped,skipped,skipped,4,10
7953,Jim TORRANCE (SNP),Iris GIBSON (SNP),Ian RUFFELL (Grn),skipped,skipped,skipped,skipped,skipped,skipped,skipped,4,10
7954,Jim TORRANCE (SNP),Iris GIBSON (SNP),Ian RUFFELL (Grn),skipped,skipped,skipped,skipped,skipped,skipped,skipped,4,10
7955,Jim TORRANCE (SNP),Iris GIBSON (SNP),Ian RUFFELL (Grn),skipped,skipped,skipped,skipped,skipped,skipped,skipped,4,10
7956,Jim TORRANCE (SNP),Iris GIBSON (SNP),Ian RUFFELL (Grn),skipped,skipped,skipped,skipped,skipped,skipped,skipped,4,10
7957,Jim TORRANCE (SNP),Iris GIBSON (SNP),Ian RUFFELL (Grn),skipped,skipped,skipped,skipped,skipped,skipped,skipped,4,10
7958,Jim TORRANCE (SNP),Iris GIBSON (SNP),Ian RUFFELL (Grn),skipped,skipped,skipped,skipped,skipped,skipped,skipped,4,10
7959,Jim TORRANCE (SNP),Iris GIBSON (SNP),Ian RUFFELL (Grn),skipped,skipped,skipped,skipped,skipped,skipped,skipped,4,10
7960,Jim TORRANCE (SNP),Iris GIBSON (SNP),Ian RUFFELL (Grn),skipped,skipped,skipped,skipped,skipped,skipped,skipped,4,10
7961,Jim TORRANCE (SNP),Iris GIBSON (SNP),Ian RUFFELL (Grn),skipped,skipped,skipped,skipped,skipped,skipped,skipped,4,10
7962,Jim TORRANCE (SNP),Iris GIBSON (SNP),Ian RUFFELL (Grn),skipped,skipped,skipped,skipped,skipped,skipped,skipped,4,10
7963,Jim TORRANCE (SNP),Iris GIBSON (SNP),Ian RUFFELL (Grn),skipped,skipped,skipped,skipped,skipped,skipped,skipped,4,10
7964,Jim TORRANCE (SNP),Iris GIBSON (SNP),Ian RUFFELL (Grn),skipped,skipped,skipped,skipped,skipped,skipped,skipped,4,10
7965,Jim TORRANCE (SNP),Iris GIBSON (SNP),Ian RUFFELL (Grn),skipped,skipped,skipped,skipped,skipped,skipped,skipped,4,10
7966,Jim TORRANCE (SNP),Iris GIBSON (SNP),Ian RUFFELL (Grn),skipped,skipped,skipped,skipped,skipped,skipped,skipped,4,10
7967,Jim TORRANCE (SNP),Iris GIBSON (SNP),Ian RUFFELL (Grn),skipped,skipped,skipped,skipped,skipped,skipped,skipped,4,10
7968,Jim TORRANCE (SNP),Iris GIBSON (SNP),Ian RUFFELL (Grn),skipped,skipped,skipped,skipped,skipped,skipped,skipped,4,10
7969,Jim TORRANCE (SNP),Iris GIBSON (SNP),Ian RUFFELL (Grn),skipped,skipped,skipped,skipped,skipped,skipped,skipped,4,10
7970,Jim TORRANCE (SNP),Iris GIBSON (SNP),Ian RUFFELL (Grn),skipped,skipped,skipped,skipped,skipped,skipped,skipped,4,10
7971,Jim TORRANCE (SNP),Iris GIBSON (SNP),Ian RUFFELL (Grn),skipped,skipped,skipped,skipped,skipped,skipped,skipped,4,10
7972,Jim TORRANCE (SNP),Iris GIBSON (SNP),Ian RUFFELL (Grn),skipped,skipped,skipped,skipped,skipped,skipped,skipped,4,10
7973,Jim TORRANCE (SNP),Iris GIBSON (SNP),Ian RUFFELL (Grn),skipped,skipped,skipped,skipped,skipped,skipped,skipped,4,10
7974,Jim TORRANCE (SNP),Iris GIBSON (SNP),Ian RUFFELL (Grn),skipped,skipped,skipped,skipped,skipped,skipped,skipped,4,10
7975,Jim TORRANCE (SNP),Iris GIBSON (SNP),Ian RUFFELL (Grn),skipped,skipped,skipped,skipped,skipped,skipped,skipped,4,10
7976,Jim TORRANCE (SNP),Iris GIBSON (SNP),Ian RUFFELL (Grn),skipped,skipped,skipped,skipped,skipped,skipped,skipped,4,10
7977,Jim TORRANCE (SNP),Iris GIBSON (SNP),Ian RUFFELL (Grn),Alistair WATSON (Lab),skipped,skipped,skipped,skipped,skipped,skipped,4,10
7978,Jim TORRANCE (SNP),Iris GIBSON (SNP),Ian RUFFELL (Grn),Alistair WATSON (Lab),skipped,skipped,skipped,skipped,skipped,skipped,4,10
7979,Jim TORRANCE (SNP),Iris GIBSON (SNP),Ian RUFFELL (Grn),Alistair WATSON (Lab),skipped,skipped,skipped,skipped,skipped,skipped,4,10
7980,Jim TORRANCE (SNP),Iris GIBSON (SNP),Ian RUFFELL (Grn),Alistair WATSON (Lab),Matt KERR (Lab),skipped,skipped,skipped,skipped,skipped,4,10
7981,Jim TORRANCE (SNP),Iris GIBSON (SNP),Ian RUFFELL (Grn),Matt KERR (Lab),Alistair WATSON (Lab),skipped,skipped,skipped,skipped,skipped,4,10
7982,Jim TORRANCE (SNP),Iris GIBSON (SNP),Ian RUFFELL (Grn),Gordon MACDIARMID (Glasgow First),skipped,skipped,skipped,skipped,skipped,skipped,4,10
7983,Jim TORRANCE (SNP),Iris GIBSON (SNP),Ian RUFFELL (Grn),Gordon MACDIARMID (Glasgow First),skipped,skipped,skipped,skipped,skipped,skipped,4,10
7984,Jim TORRANCE (SNP),Iris GIBSON (SNP),Ian RUFFELL (Grn),Gordon MACDIARMID (Glasgow First),skipped,skipped,skipped,skipped,skipped,skipped,4,10
7985,Jim TORRANCE (SNP),Iris GIBSON (SNP),Ian RUFFELL (Grn),Gordon MACDIARMID (Glasgow First),skipped,skipped,skipped,skipped,skipped,skipped,4,10
7986,Jim TORRANCE (SNP),Iris GIBSON (SNP),Ian RUFFELL (Grn),Gordon MACDIARMID (Glasgow First),skipped,skipped,skipped,skipped,skipped,skipped,4,10
7987,Jim TORRANCE (SNP),Iris GIBSON (SNP),Ian RUFFELL (Grn),Gordon MACDIARMID (Glasgow First),skipped,skipped,skipped,skipped,skipped,skipped,4,10
7988,Jim TORRANCE (SNP),Iris GIBSON (SNP),Ian RUFFELL (Grn),Gordon MACDIARMID (Glasgow First),skipped,skipped,skipped,skipped,skipped,skipped,4,10
7989,Jim TORRANCE (SNP),Iris GIBSON (SNP),Ian RUFFELL (Grn),Gordon MACDIARMID (Glasgow First),skipped,skipped,skipped,skipped,skipped,skipped,4,10
7990,Jim TORRANCE (SNP),Iris GIBSON (SNP),Ian RUFFELL (Grn),Gordon MACDIARMID (Glasgow First),skipped,skipped,skipped,skipped,skipped,skipped,4,10
7991,Jim TORRANCE (SNP),Iris GIBSON (SNP),Ian RUFFELL (Grn),Gordon MACDIARMID (Glasgow First),Janice MACKAY (UKIP),skipped,skipped,skipped,skipped,skipped,4,10
7992,Jim TORRANCE (SNP),Iris GIBSON (SNP),Ian RUFFELL (Grn),Janice MACKAY (UKIP),Gordon MACDIARMID (Glasgow First),Matt KERR (Lab),Alistair WATSON (Lab),skipped,skipped,skipped,4,10
7993,Jim TORRANCE (SNP),Iris GIBSON (SNP),Ian RUFFELL (Grn),Janice MACKAY (UKIP),Gordon MACDIARMID (Glasgow First),Jayne Ann MORGAN (Con),Isabel NELSON (LD),Gail SHERIDAN (Sol),Alistair WATSON (Lab),Matt KERR (Lab),4,10
7994,Jim TORRANCE (SNP),Iris GIBSON (SNP),Ian RUFFELL (Grn),Janice MACKAY (UKIP),Isabel NELSON (LD),skipped,skipped,skipped,skipped,skipped,4,10
7995,Jim TORRANCE (SNP),Iris GIBSON (SNP),Ian RUFFELL (Grn),Isabel NELSON (LD),skipped,skipped,skipped,skipped,skipped,skipped,4,10
7996,Jim TORRANCE (SNP),Iris GIBSON (SNP),Ian RUFFELL (Grn),Gail SHERIDAN (Sol),skipped,skipped,skipped,skipped,skipped,skipped,4,10
7997,Jim TORRANCE (SNP),Iris GIBSON (SNP),Ian RUFFELL (Grn),Gail SHERIDAN (Sol),skipped,skipped,skipped,skipped,skipped,skipped,4,10
7998,Jim TORRANCE (SNP),Iris GIBSON (SNP),Ian RUFFELL (Grn),Gail SHERIDAN (Sol),skipped,skipped,skipped,skipped,skipped,skipped,4,10
7999,Jim TORRANCE (SNP),Iris GIBSON (SNP),Ian RUFFELL (Grn),Gail SHERIDAN (Sol),skipped,skipped,skipped,skipped,skipped,skipped,4,10
8000,Jim TORRANCE (SNP),Iris GIBSON (SNP),Ian RUFFELL (Grn),Gail SHERIDAN (Sol),skipped,skipped,skipped,skipped,skipped,skipped,4,10
8001,Jim TORRANCE (SNP),Iris GIBSON (SNP),Ian RUFFELL (Grn),Gail SHERIDAN (Sol),skipped,skipped,skipped,skipped,skipped,skipped,4,10
8002,Jim TORRANCE (SNP),Iris GIBSON (SNP),Ian RUFFELL (Grn),Gail SHERIDAN (Sol),skipped,skipped,skipped,skipped,skipped,skipped,4,10
8003,Jim TORRANCE (SNP),Iris GIBSON (SNP),Gail SHERIDAN (Sol),skipped,skipped,skipped,skipped,skipped,skipped,skipped,4,10
8004,Jim TORRANCE (SNP),Iris GIBSON (SNP),Gail SHERIDAN (Sol),skipped,skipped,skipped,skipped,skipped,skipped,skipped,4,10
8005,Jim TORRANCE (SNP),Iris GIBSON (SNP),Gail SHERIDAN (Sol),skipped,skipped,skipped,skipped,skipped,skipped,skipped,4,10
8006,Jim TORRANCE (SNP),Iris GIBSON (SNP),Gail SHERIDAN (Sol),skipped,skipped,skipped,skipped,skipped,skipped,skipped,4,10
8007,Jim TORRANCE (SNP),Iris GIBSON (SNP),Gail SHERIDAN (Sol),skipped,skipped,skipped,skipped,skipped,skipped,skipped,4,10
8008,Jim TORRANCE (SNP),Iris GIBSON (SNP),Gail SHERIDAN (Sol),skipped,skipped,skipped,skipped,skipped,skipped,skipped,4,10
8009,Jim TORRANCE (SNP),Iris GIBSON (SNP),Gail SHERIDAN (Sol),skipped,skipped,skipped,skipped,skipped,skipped,skipped,4,10
8010,Jim TORRANCE (SNP),Iris GIBSON (SNP),Gail SHERIDAN (Sol),skipped,skipped,skipped,skipped,skipped,skipped,skipped,4,10
8011,Jim TORRANCE (SNP),Iris GIBSON (SNP),Gail SHERIDAN (Sol),skipped,skipped,skipped,skipped,skipped,skipped,skipped,4,10
8012,Jim TORRANCE (SNP),Iris GIBSON (SNP),Gail SHERIDAN (Sol),skipped,skipped,skipped,skipped,skipped,skipped,skipped,4,10
8013,Jim TORRANCE (SNP),Iris GIBSON (SNP),Gail SHERIDAN (Sol),skipped,skipped,skipped,skipped,skipped,skipped,skipped,4,10
8014,Jim TORRANCE (SNP),Iris GIBSON (SNP),Gail SHERIDAN (Sol),skipped,skipped,skipped,skipped,skipped,skipped,skipped,4,10
8015,Jim TORRANCE (SNP),Iris GIBSON (SNP),Gail SHERIDAN (Sol),skipped,skipped,skipped,skipped,skipped,skipped,skipped,4,10
8016,Jim TORRANCE (SNP),Iris GIBSON (SNP),Gail SHERIDAN (Sol),skipped,skipped,skipped,skipped,skipped,skipped,skipped,4,10
8017,Jim TORRANCE (SNP),Iris GIBSON (SNP),Gail SHERIDAN (Sol),skipped,skipped,skipped,skipped,skipped,skipped,skipped,4,10
8018,Jim TORRANCE (SNP),Iris GIBSON (SNP),Gail SHERIDAN (Sol),skipped,skipped,skipped,skipped,skipped,skipped,skipped,4,10
8019,Jim TORRANCE (SNP),Iris GIBSON (SNP),Gail SHERIDAN (Sol),skipped,skipped,skipped,skipped,skipped,skipped,skipped,4,10
8020,Jim TORRANCE (SNP),Iris GIBSON (SNP),Gail SHERIDAN (Sol),skipped,skipped,skipped,skipped,skipped,skipped,skipped,4,10
8021,Jim TORRANCE (SNP),Iris GIBSON (SNP),Gail SHERIDAN (Sol),skipped,skipped,skipped,skipped,skipped,skipped,skipped,4,10
8022,Jim TORRANCE (SNP),Iris GIBSON (SNP),Gail SHERIDAN (Sol),skipped,skipped,skipped,skipped,skipped,skipped,skipped,4,10
8023,Jim TORRANCE (SNP),Iris GIBSON (SNP),Gail SHERIDAN (Sol),skipped,skipped,skipped,skipped,skipped,skipped,skipped,4,10
8024,Jim TORRANCE (SNP),Iris GIBSON (SNP),Gail SHERIDAN (Sol),skipped,skipped,skipped,skipped,skipped,skipped,skipped,4,10
8025,Jim TORRANCE (SNP),Iris GIBSON (SNP),Gail SHERIDAN (Sol),skipped,skipped,skipped,skipped,skipped,skipped,skipped,4,10
8026,Jim TORRANCE (SNP),Iris GIBSON (SNP),Gail SHERIDAN (Sol),skipped,skipped,skipped,skipped,skipped,skipped,skipped,4,10
8027,Jim TORRANCE (SNP),Iris GIBSON (SNP),Gail SHERIDAN (Sol),skipped,skipped,skipped,skipped,skipped,skipped,skipped,4,10
8028,Jim TORRANCE (SNP),Iris GIBSON (SNP),Gail SHERIDAN (Sol),skipped,skipped,skipped,skipped,skipped,skipped,skipped,4,10
8029,Jim TORRANCE (SNP),Iris GIBSON (SNP),Gail SHERIDAN (Sol),skipped,skipped,skipped,skipped,skipped,skipped,skipped,4,10
8030,Jim TORRANCE (SNP),Iris GIBSON (SNP),Gail SHERIDAN (Sol),skipped,skipped,skipped,skipped,skipped,skipped,skipped,4,10
8031,Jim TORRANCE (SNP),Iris GIBSON (SNP),Gail SHERIDAN (Sol),skipped,skipped,skipped,skipped,skipped,skipped,skipped,4,10
8032,Jim TORRANCE (SNP),Iris GIBSON (SNP),Gail SHERIDAN (Sol),skipped,skipped,skipped,skipped,skipped,skipped,skipped,4,10
8033,Jim TORRANCE (SNP),Iris GIBSON (SNP),Gail SHERIDAN (Sol),skipped,skipped,skipped,skipped,skipped,skipped,skipped,4,10
8034,Jim TORRANCE (SNP),Iris GIBSON (SNP),Gail SHERIDAN (Sol),skipped,skipped,skipped,skipped,skipped,skipped,skipped,4,10
8035,Jim TORRANCE (SNP),Iris GIBSON (SNP),Gail SHERIDAN (Sol),skipped,skipped,skipped,skipped,skipped,skipped,skipped,4,10
8036,Jim TORRANCE (SNP),Iris GIBSON (SNP),Gail SHERIDAN (Sol),skipped,skipped,skipped,skipped,skipped,skipped,skipped,4,10
8037,Jim TORRANCE (SNP),Iris GIBSON (SNP),Gail SHERIDAN (Sol),skipped,skipped,skipped,skipped,skipped,skipped,skipped,4,10
8038,Jim TORRANCE (SNP),Iris GIBSON (SNP),Gail SHERIDAN (Sol),skipped,skipped,skipped,skipped,skipped,skipped,skipped,4,10
8039,Jim TORRANCE (SNP),Iris GIBSON (SNP),Gail SHERIDAN (Sol),skipped,skipped,skipped,skipped,skipped,skipped,skipped,4,10
8040,Jim TORRANCE (SNP),Iris GIBSON (SNP),Gail SHERIDAN (Sol),skipped,skipped,skipped,skipped,skipped,skipped,skipped,4,10
8041,Jim TORRANCE (SNP),Iris GIBSON (SNP),Gail SHERIDAN (Sol),skipped,skipped,skipped,skipped,skipped,skipped,skipped,4,10
8042,Jim TORRANCE (SNP),Iris GIBSON (SNP),Gail SHERIDAN (Sol),skipped,skipped,skipped,skipped,skipped,skipped,skipped,4,10
8043,Jim TORRANCE (SNP),Iris GIBSON (SNP),Gail SHERIDAN (Sol),skipped,skipped,skipped,skipped,skipped,skipped,skipped,4,10
8044,Jim TORRANCE (SNP),Iris GIBSON (SNP),Gail SHERIDAN (Sol),skipped,skipped,skipped,skipped,skipped,skipped,skipped,4,10
8045,Jim TORRANCE (SNP),Iris GIBSON (SNP),Gail SHERIDAN (Sol),skipped,skipped,skipped,skipped,skipped,skipped,skipped,4,10
8046,Jim TORRANCE (SNP),Iris GIBSON (SNP),Gail SHERIDAN (Sol),skipped,skipped,skipped,skipped,skipped,skipped,skipped,4,10
8047,Jim TORRANCE (SNP),Iris GIBSON (SNP),Gail SHERIDAN (Sol),skipped,skipped,skipped,skipped,skipped,skipped,skipped,4,10
8048,Jim TORRANCE (SNP),Iris GIBSON (SNP),Gail SHERIDAN (Sol),skipped,skipped,skipped,skipped,skipped,skipped,skipped,4,10
8049,Jim TORRANCE (SNP),Iris GIBSON (SNP),Gail SHERIDAN (Sol),skipped,skipped,skipped,skipped,skipped,skipped,skipped,4,10
8050,Jim TORRANCE (SNP),Iris GIBSON (SNP),Gail SHERIDAN (Sol),skipped,skipped,skipped,skipped,skipped,skipped,skipped,4,10
8051,Jim TORRANCE (SNP),Iris GIBSON (SNP),Gail SHERIDAN (Sol),skipped,skipped,skipped,skipped,skipped,skipped,skipped,4,10
8052,Jim TORRANCE (SNP),Iris GIBSON (SNP),Gail SHERIDAN (Sol),skipped,skipped,skipped,skipped,skipped,skipped,skipped,4,10
8053,Jim TORRANCE (SNP),Iris GIBSON (SNP),Gail SHERIDAN (Sol),skipped,skipped,skipped,skipped,skipped,skipped,skipped,4,10
8054,Jim TORRANCE (SNP),Iris GIBSON (SNP),Gail SHERIDAN (Sol),skipped,skipped,skipped,skipped,skipped,skipped,skipped,4,10
8055,Jim TORRANCE (SNP),Iris GIBSON (SNP),Gail SHERIDAN (Sol),skipped,skipped,skipped,skipped,skipped,skipped,skipped,4,10
8056,Jim TORRANCE (SNP),Iris GIBSON (SNP),Gail SHERIDAN (Sol),skipped,skipped,skipped,skipped,skipped,skipped,skipped,4,10
8057,Jim TORRANCE (SNP),Iris GIBSON (SNP),Gail SHERIDAN (Sol),Alistair WATSON (Lab),skipped,skipped,skipped,skipped,skipped,skipped,4,10
8058,Jim TORRANCE (SNP),Iris GIBSON (SNP),Gail SHERIDAN (Sol),Alistair WATSON (Lab),skipped,skipped,skipped,skipped,skipped,skipped,4,10
8059,Jim TORRANCE (SNP),Iris GIBSON (SNP),Gail SHERIDAN (Sol),Alistair WATSON (Lab),Gordon MACDIARMID (Glasgow First),Ian RUFFELL (Grn),Isabel NELSON (LD),Janice MACKAY (UKIP),Matt KERR (Lab),Jayne Ann MORGAN (Con),4,10
8060,Jim TORRANCE (SNP),Iris GIBSON (SNP),Gail SHERIDAN (Sol),Matt KERR (Lab),skipped,skipped,skipped,skipped,skipped,skipped,4,10
8061,Jim TORRANCE (SNP),Iris GIBSON (SNP),Gail SHERIDAN (Sol),Matt KERR (Lab),Alistair WATSON (Lab),skipped,skipped,skipped,skipped,skipped,4,10
8062,Jim TORRANCE (SNP),Iris GIBSON (SNP),Gail SHERIDAN (Sol),Matt KERR (Lab),Alistair WATSON (Lab),Gordon MACDIARMID (Glasgow First),Ian RUFFELL (Grn),Janice MACKAY (UKIP),Isabel NELSON (LD),skipped,4,10
8063,Jim TORRANCE (SNP),Iris GIBSON (SNP),Gail SHERIDAN (Sol),Matt KERR (Lab),Jayne Ann MORGAN (Con),Isabel NELSON (LD),Ian RUFFELL (Grn),Janice MACKAY (UKIP),Gordon MACDIARMID (Glasgow First),skipped,4,10
8064,Jim TORRANCE (SNP),Iris GIBSON (SNP),Gail SHERIDAN (Sol),Gordon MACDIARMID (Glasgow First),skipped,skipped,skipped,skipped,skipped,skipped,4,10
8065,Jim TORRANCE (SNP),Iris GIBSON (SNP),Gail SHERIDAN (Sol),Gordon MACDIARMID (Glasgow First),skipped,skipped,skipped,skipped,skipped,skipped,4,10
8066,Jim TORRANCE (SNP),Iris GIBSON (SNP),Gail SHERIDAN (Sol),Gordon MACDIARMID (Glasgow First),skipped,skipped,skipped,skipped,skipped,skipped,4,10
8067,Jim TORRANCE (SNP),Iris GIBSON (SNP),Gail SHERIDAN (Sol),Gordon MACDIARMID (Glasgow First),Janice MACKAY (UKIP),skipped,skipped,skipped,skipped,skipped,4,10
8068,Jim TORRANCE (SNP),Iris GIBSON (SNP),Gail SHERIDAN (Sol),Janice MACKAY (UKIP),skipped,skipped,skipped,skipped,skipped,skipped,4,10
8069,Jim TORRANCE (SNP),Iris GIBSON (SNP),Gail SHERIDAN (Sol),Janice MACKAY (UKIP),Alistair WATSON (Lab),Ian RUFFELL (Grn),Matt KERR (Lab),Gordon MACDIARMID (Glasgow First),Isabel NELSON (LD),Jayne Ann MORGAN (Con),4,10
8070,Jim TORRANCE (SNP),Iris GIBSON (SNP),Gail SHERIDAN (Sol),Jayne Ann MORGAN (Con),skipped,skipped,skipped,skipped,skipped,skipped,4,10
8071,Jim TORRANCE (SNP),Iris GIBSON (SNP),Gail SHERIDAN (Sol),Jayne Ann MORGAN (Con),skipped,skipped,skipped,skipped,skipped,skipped,4,10
8072,Jim TORRANCE (SNP),Iris GIBSON (SNP),Gail SHERIDAN (Sol),Ian RUFFELL (Grn),skipped,skipped,skipped,skipped,skipped,skipped,4,10
8073,Jim TORRANCE (SNP),Iris GIBSON (SNP),Gail SHERIDAN (Sol),Ian RUFFELL (Grn),skipped,skipped,skipped,skipped,skipped,skipped,4,10
8074,Jim TORRANCE (SNP),Iris GIBSON (SNP),Gail SHERIDAN (Sol),Ian RUFFELL (Grn),skipped,skipped,skipped,skipped,skipped,skipped,4,10
8075,Jim TORRANCE (SNP),Iris GIBSON (SNP),Gail SHERIDAN (Sol),Ian RUFFELL (Grn),skipped,skipped,skipped,skipped,skipped,skipped,4,10
8076,Jim TORRANCE (SNP),Iris GIBSON (SNP),Gail SHERIDAN (Sol),Ian RUFFELL (Grn),skipped,skipped,skipped,skipped,skipped,skipped,4,10
8077,Jim TORRANCE (SNP),Iris GIBSON (SNP),Gail SHERIDAN (Sol),Ian RUFFELL (Grn),Gordon MACDIARMID (Glasgow First),skipped,skipped,skipped,skipped,skipped,4,10
8078,Jim TORRANCE (SNP),Iris GIBSON (SNP),Gail SHERIDAN (Sol),Ian RUFFELL (Grn),Janice MACKAY (UKIP),Matt KERR (Lab),Alistair WATSON (Lab),Gordon MACDIARMID (Glasgow First),Isabel NELSON (LD),Jayne Ann MORGAN (Con),4,10
8079,Jim TORRANCE (SNP),Alistair WATSON (Lab),skipped,skipped,skipped,skipped,skipped,skipped,skipped,skipped,4,10
8080,Jim TORRANCE (SNP),Alistair WATSON (Lab),skipped,skipped,skipped,skipped,skipped,skipped,skipped,skipped,4,10
8081,Jim TORRANCE (SNP),Alistair WATSON (Lab),skipped,skipped,skipped,skipped,skipped,skipped,skipped,skipped,4,10
8082,Jim TORRANCE (SNP),Alistair WATSON (Lab),skipped,skipped,skipped,skipped,skipped,skipped,skipped,skipped,4,10
8083,Jim TORRANCE (SNP),Alistair WATSON (Lab),skipped,skipped,skipped,skipped,skipped,skipped,skipped,skipped,4,10
8084,Jim TORRANCE (SNP),Alistair WATSON (Lab),skipped,skipped,skipped,skipped,skipped,skipped,skipped,skipped,4,10
8085,Jim TORRANCE (SNP),Alistair WATSON (Lab),skipped,skipped,skipped,skipped,skipped,skipped,skipped,skipped,4,10
8086,Jim TORRANCE (SNP),Alistair WATSON (Lab),skipped,skipped,skipped,skipped,skipped,skipped,skipped,skipped,4,10
8087,Jim TORRANCE (SNP),Alistair WATSON (Lab),skipped,skipped,skipped,skipped,skipped,skipped,skipped,skipped,4,10
8088,Jim TORRANCE (SNP),Alistair WATSON (Lab),Iris GIBSON (SNP),skipped,skipped,skipped,skipped,skipped,skipped,skipped,4,10
8089,Jim TORRANCE (SNP),Alistair WATSON (Lab),Iris GIBSON (SNP),skipped,skipped,skipped,skipped,skipped,skipped,skipped,4,10
8090,Jim TORRANCE (SNP),Alistair WATSON (Lab),Iris GIBSON (SNP),skipped,skipped,skipped,skipped,skipped,skipped,skipped,4,10
8091,Jim TORRANCE (SNP),Alistair WATSON (Lab),Iris GIBSON (SNP),skipped,skipped,skipped,skipped,skipped,skipped,skipped,4,10
8092,Jim TORRANCE (SNP),Alistair WATSON (Lab),Iris GIBSON (SNP),skipped,skipped,skipped,skipped,skipped,skipped,skipped,4,10
8093,Jim TORRANCE (SNP),Alistair WATSON (Lab),Iris GIBSON (SNP),Matt KERR (Lab),skipped,skipped,skipped,skipped,skipped,skipped,4,10
8094,Jim TORRANCE (SNP),Alistair WATSON (Lab),Iris GIBSON (SNP),Matt KERR (Lab),skipped,skipped,skipped,skipped,skipped,skipped,4,10
8095,Jim TORRANCE (SNP),Alistair WATSON (Lab),Iris GIBSON (SNP),Matt KERR (Lab),skipped,skipped,skipped,skipped,skipped,skipped,4,10
8096,Jim TORRANCE (SNP),Alistair WATSON (Lab),Iris GIBSON (SNP),Matt KERR (Lab),skipped,skipped,skipped,skipped,skipped,skipped,4,10
8097,Jim TORRANCE (SNP),Alistair WATSON (Lab),Iris GIBSON (SNP),Matt KERR (Lab),Isabel NELSON (LD),Gail SHERIDAN (Sol),skipped,skipped,skipped,skipped,4,10
8098,Jim TORRANCE (SNP),Alistair WATSON (Lab),Iris GIBSON (SNP),Matt KERR (Lab),Ian RUFFELL (Grn),Gail SHERIDAN (Sol),Gordon MACDIARMID (Glasgow First),Isabel NELSON (LD),Jayne Ann MORGAN (Con),Janice MACKAY (UKIP),4,10
8099,Jim TORRANCE (SNP),Alistair WATSON (Lab),Iris GIBSON (SNP),Gail SHERIDAN (Sol),skipped,skipped,skipped,skipped,skipped,skipped,4,10
8100,Jim TORRANCE (SNP),Alistair WATSON (Lab),Iris GIBSON (SNP),Gail SHERIDAN (Sol),Ian RUFFELL (Grn),Janice MACKAY (UKIP),Gordon MACDIARMID (Glasgow First),Matt KERR (Lab),Isabel NELSON (LD),Jayne Ann MORGAN (Con),4,10
8101,Jim TORRANCE (SNP),Alistair WATSON (Lab),Matt KERR (Lab),skipped,skipped,skipped,skipped,skipped,skipped,skipped,4,10
8102,Jim TORRANCE (SNP),Alistair WATSON (Lab),Matt KERR (Lab),skipped,skipped,skipped,skipped,skipped,skipped,skipped,4,10
8103,Jim TORRANCE (SNP),Alistair WATSON (Lab),Matt KERR (Lab),skipped,skipped,skipped,skipped,skipped,skipped,skipped,4,10
8104,Jim TORRANCE (SNP),Alistair WATSON (Lab),Matt KERR (Lab),Iris GIBSON (SNP),skipped,skipped,skipped,skipped,skipped,skipped,4,10
8105,Jim TORRANCE (SNP),Alistair WATSON (Lab),Matt KERR (Lab),Iris GIBSON (SNP),skipped,skipped,skipped,skipped,skipped,skipped,4,10
8106,Jim TORRANCE (SNP),Alistair WATSON (Lab),Matt KERR (Lab),Iris GIBSON (SNP),skipped,skipped,skipped,skipped,skipped,skipped,4,10
8107,Jim TORRANCE (SNP),Alistair WATSON (Lab),Matt KERR (Lab),Iris GIBSON (SNP),skipped,skipped,skipped,skipped,skipped,skipped,4,10
8108,Jim TORRANCE (SNP),Alistair WATSON (Lab),Janice MACKAY (UKIP),skipped,skipped,skipped,skipped,skipped,skipped,skipped,4,10
8109,Jim TORRANCE (SNP),Alistair WATSON (Lab),Isabel NELSON (LD),Gail SHERIDAN (Sol),skipped,skipped,skipped,skipped,skipped,skipped,4,10
8110,Jim TORRANCE (SNP),Alistair WATSON (Lab),Ian RUFFELL (Grn),skipped,skipped,skipped,skipped,skipped,skipped,skipped,4,10
8111,Jim TORRANCE (SNP),Alistair WATSON (Lab),Ian RUFFELL (Grn),skipped,skipped,skipped,skipped,skipped,skipped,skipped,4,10
8112,Jim TORRANCE (SNP),Alistair WATSON (Lab),Gail SHERIDAN (Sol),skipped,skipped,skipped,skipped,skipped,skipped,skipped,4,10
8113,Jim TORRANCE (SNP),Alistair WATSON (Lab),Gail SHERIDAN (Sol),skipped,skipped,skipped,skipped,skipped,skipped,skipped,4,10
8114,Jim TORRANCE (SNP),Alistair WATSON (Lab),Gail SHERIDAN (Sol),skipped,skipped,skipped,skipped,skipped,skipped,skipped,4,10
8115,Jim TORRANCE (SNP),Alistair WATSON (Lab),Gail SHERIDAN (Sol),skipped,skipped,skipped,skipped,skipped,skipped,skipped,4,10
8116,Jim TORRANCE (SNP),Alistair WATSON (Lab),Gail SHERIDAN (Sol),Iris GIBSON (SNP),Matt KERR (Lab),skipped,skipped,skipped,skipped,skipped,4,10
8117,Jim TORRANCE (SNP),Alistair WATSON (Lab),Gail SHERIDAN (Sol),Iris GIBSON (SNP),Ian RUFFELL (Grn),skipped,skipped,skipped,skipped,skipped,4,10
8118,Jim TORRANCE (SNP),Alistair WATSON (Lab),Gail SHERIDAN (Sol),Matt KERR (Lab),skipped,skipped,skipped,skipped,skipped,skipped,4,10
8119,Jim TORRANCE (SNP),Alistair WATSON (Lab),Gail SHERIDAN (Sol),Ian RUFFELL (Grn),Iris GIBSON (SNP),Matt KERR (Lab),skipped,skipped,skipped,skipped,4,10
8120,Jim TORRANCE (SNP),Matt KERR (Lab),skipped,skipped,skipped,skipped,skipped,skipped,skipped,skipped,4,10
8121,Jim TORRANCE (SNP),Matt KERR (Lab),skipped,skipped,skipped,skipped,skipped,skipped,skipped,skipped,4,10
8122,Jim TORRANCE (SNP),Matt KERR (Lab),skipped,skipped,skipped,skipped,skipped,skipped,skipped,skipped,4,10
8123,Jim TORRANCE (SNP),Matt KERR (Lab),skipped,skipped,skipped,skipped,skipped,skipped,skipped,skipped,4,10
8124,Jim TORRANCE (SNP),Matt KERR (Lab),Iris GIBSON (SNP),skipped,skipped,skipped,skipped,skipped,skipped,skipped,4,10
8125,Jim TORRANCE (SNP),Matt KERR (Lab),Iris GIBSON (SNP),skipped,skipped,skipped,skipped,skipped,skipped,skipped,4,10
8126,Jim TORRANCE (SNP),Matt KERR (Lab),Iris GIBSON (SNP),skipped,skipped,skipped,skipped,skipped,skipped,skipped,4,10
8127,Jim TORRANCE (SNP),Matt KERR (Lab),Iris GIBSON (SNP),Alistair WATSON (Lab),skipped,skipped,skipped,skipped,skipped,skipped,4,10
8128,Jim TORRANCE (SNP),Matt KERR (Lab),Iris GIBSON (SNP),Alistair WATSON (Lab),skipped,skipped,skipped,skipped,skipped,skipped,4,10
8129,Jim TORRANCE (SNP),Matt KERR (Lab),Iris GIBSON (SNP),Alistair WATSON (Lab),skipped,skipped,skipped,skipped,skipped,skipped,4,10
8130,Jim TORRANCE (SNP),Matt KERR (Lab),Iris GIBSON (SNP),Alistair WATSON (Lab),Gail SHERIDAN (Sol),skipped,skipped,skipped,skipped,skipped,4,10
8131,Jim TORRANCE (SNP),Matt KERR (Lab),Iris GIBSON (SNP),Ian RUFFELL (Grn),Gail SHERIDAN (Sol),skipped,skipped,skipped,skipped,skipped,4,10
8132,Jim TORRANCE (SNP),Matt KERR (Lab),Iris GIBSON (SNP),Gail SHERIDAN (Sol),skipped,skipped,skipped,skipped,skipped,skipped,4,10
8133,Jim TORRANCE (SNP),Matt KERR (Lab),Alistair WATSON (Lab),skipped,skipped,skipped,skipped,skipped,skipped,skipped,4,10
8134,Jim TORRANCE (SNP),Matt KERR (Lab),Alistair WATSON (Lab),skipped,skipped,skipped,skipped,skipped,skipped,skipped,4,10
8135,Jim TORRANCE (SNP),Matt KERR (Lab),Alistair WATSON (Lab),Iris GIBSON (SNP),skipped,skipped,skipped,skipped,skipped,skipped,4,10
8136,Jim TORRANCE (SNP),Matt KERR (Lab),Alistair WATSON (Lab),Gordon MACDIARMID (Glasgow First),Janice MACKAY (UKIP),Isabel NELSON (LD),Gail SHERIDAN (Sol),skipped,skipped,skipped,4,10
8137,Jim TORRANCE (SNP),Matt KERR (Lab),Gordon MACDIARMID (Glasgow First),Alistair WATSON (Lab),Iris GIBSON (SNP),skipped,skipped,skipped,skipped,skipped,4,10
8138,Jim TORRANCE (SNP),Matt KERR (Lab),Gordon MACDIARMID (Glasgow First),Ian RUFFELL (Grn),Janice MACKAY (UKIP),Iris GIBSON (SNP),Jayne Ann MORGAN (Con),Isabel NELSON (LD),Alistair WATSON (Lab),Gail SHERIDAN (Sol),4,10
8139,Jim TORRANCE (SNP),Matt KERR (Lab),Jayne Ann MORGAN (Con),skipped,skipped,skipped,skipped,skipped,skipped,skipped,4,10
8140,Jim TORRANCE (SNP),Matt KERR (Lab),Jayne Ann MORGAN (Con),skipped,skipped,skipped,skipped,skipped,skipped,skipped,4,10
8141,Jim TORRANCE (SNP),Matt KERR (Lab),Ian RUFFELL (Grn),skipped,skipped,skipped,skipped,skipped,skipped,skipped,4,10
8142,Jim TORRANCE (SNP),Matt KERR (Lab),Gail SHERIDAN (Sol),Iris GIBSON (SNP),Alistair WATSON (Lab),skipped,skipped,skipped,skipped,skipped,4,10
8143,Jim TORRANCE (SNP),Gordon MACDIARMID (Glasgow First),Iris GIBSON (SNP),skipped,skipped,skipped,skipped,skipped,skipped,skipped,4,10
8144,Jim TORRANCE (SNP),Gordon MACDIARMID (Glasgow First),Iris GIBSON (SNP),Ian RUFFELL (Grn),skipped,skipped,skipped,skipped,skipped,skipped,4,10
8145,Jim TORRANCE (SNP),Gordon MACDIARMID (Glasgow First),Alistair WATSON (Lab),skipped,skipped,skipped,skipped,skipped,skipped,skipped,4,10
8146,Jim TORRANCE (SNP),Gordon MACDIARMID (Glasgow First),Alistair WATSON (Lab),skipped,skipped,skipped,skipped,skipped,skipped,skipped,4,10
8147,Jim TORRANCE (SNP),Gordon MACDIARMID (Glasgow First),Alistair WATSON (Lab),Iris GIBSON (SNP),Matt KERR (Lab),skipped,skipped,skipped,skipped,skipped,4,10
8148,Jim TORRANCE (SNP),Gordon MACDIARMID (Glasgow First),Matt KERR (Lab),Gail SHERIDAN (Sol),Isabel NELSON (LD),Janice MACKAY (UKIP),Iris GIBSON (SNP),Jayne Ann MORGAN (Con),Ian RUFFELL (Grn),Alistair WATSON (Lab),4,10
8149,Jim TORRANCE (SNP),Janice MACKAY (UKIP),Iris GIBSON (SNP),skipped,skipped,skipped,skipped,skipped,skipped,skipped,4,10
8150,Jim TORRANCE (SNP),Jayne Ann MORGAN (Con),skipped,skipped,skipped,skipped,skipped,skipped,skipped,skipped,4,10
8151,Jim TORRANCE (SNP),Isabel NELSON (LD),skipped,skipped,skipped,skipped,skipped,skipped,skipped,skipped,4,10
8152,Jim TORRANCE (SNP),Isabel NELSON (LD),Gordon MACDIARMID (Glasgow First),Iris GIBSON (SNP),Matt KERR (Lab),Janice MACKAY (UKIP),Jayne Ann MORGAN (Con),Ian RUFFELL (Grn),Gail SHERIDAN (Sol),Alistair WATSON (Lab),4,10
8153,Jim TORRANCE (SNP),Ian RUFFELL (Grn),skipped,skipped,skipped,skipped,skipped,skipped,skipped,skipped,4,10
8154,Jim TORRANCE (SNP),Ian RUFFELL (Grn),skipped,skipped,skipped,skipped,skipped,skipped,skipped,skipped,4,10
8155,Jim TORRANCE (SNP),Ian RUFFELL (Grn),skipped,skipped,skipped,skipped,skipped,skipped,skipped,skipped,4,10
8156,Jim TORRANCE (SNP),Ian RUFFELL (Grn),Iris GIBSON (SNP),skipped,skipped,skipped,skipped,skipped,skipped,skipped,4,10
8157,Jim TORRANCE (SNP),Ian RUFFELL (Grn),Iris GIBSON (SNP),skipped,skipped,skipped,skipped,skipped,skipped,skipped,4,10
8158,Jim TORRANCE (SNP),Ian RUFFELL (Grn),Iris GIBSON (SNP),Jayne Ann MORGAN (Con),skipped,skipped,skipped,skipped,skipped,skipped,4,10
8159,Jim TORRANCE (SNP),Ian RUFFELL (Grn),Iris GIBSON (SNP),Gail SHERIDAN (Sol),Gordon MACDIARMID (Glasgow First),skipped,skipped,skipped,skipped,skipped,4,10
8160,Jim TORRANCE (SNP),Ian RUFFELL (Grn),Matt KERR (Lab),skipped,skipped,skipped,skipped,skipped,skipped,skipped,4,10
8161,Jim TORRANCE (SNP),Ian RUFFELL (Grn),Matt KERR (Lab),skipped,skipped,skipped,skipped,skipped,skipped,skipped,4,10
8162,Jim TORRANCE (SNP),Ian RUFFELL (Grn),Isabel NELSON (LD),Matt KERR (Lab),skipped,skipped,skipped,skipped,skipped,skipped,4,10
8163,Jim TORRANCE (SNP),Ian RUFFELL (Grn),Gail SHERIDAN (Sol),skipped,skipped,skipped,skipped,skipped,skipped,skipped,4,10
8164,Jim TORRANCE (SNP),Ian RUFFELL (Grn),Gail SHERIDAN (Sol),Iris GIBSON (SNP),skipped,skipped,skipped,skipped,skipped,skipped,4,10
8165,Jim TORRANCE (SNP),Gail SHERIDAN (Sol),skipped,skipped,skipped,skipped,skipped,skipped,skipped,skipped,4,10
8166,Jim TORRANCE (SNP),Gail SHERIDAN (Sol),skipped,skipped,skipped,skipped,skipped,skipped,skipped,skipped,4,10
8167,Jim TORRANCE (SNP),Gail SHERIDAN (Sol),Iris GIBSON (SNP),skipped,skipped,skipped,skipped,skipped,skipped,skipped,4,10
8168,Jim TORRANCE (SNP),Gail SHERIDAN (Sol),Iris GIBSON (SNP),skipped,skipped,skipped,skipped,skipped,skipped,skipped,4,10
8169,Jim TORRANCE (SNP),Gail SHERIDAN (Sol),Iris GIBSON (SNP),skipped,skipped,skipped,skipped,skipped,skipped,skipped,4,10
8170,Jim TORRANCE (SNP),Gail SHERIDAN (Sol),Iris GIBSON (SNP),skipped,skipped,skipped,skipped,skipped,skipped,skipped,4,10
8171,Jim TORRANCE (SNP),Gail SHERIDAN (Sol),Iris GIBSON (SNP),skipped,skipped,skipped,skipped,skipped,skipped,skipped,4,10
8172,Jim TORRANCE (SNP),Gail SHERIDAN (Sol),Iris GIBSON (SNP),skipped,skipped,skipped,skipped,skipped,skipped,skipped,4,10
8173,Jim TORRANCE (SNP),Gail SHERIDAN (Sol),Iris GIBSON (SNP),skipped,skipped,skipped,skipped,skipped,skipped,skipped,4,10
8174,Jim TORRANCE (SNP),Gail SHERIDAN (Sol),Iris GIBSON (SNP),skipped,skipped,skipped,skipped,skipped,skipped,skipped,4,10
8175,Jim TORRANCE (SNP),Gail SHERIDAN (Sol),Iris GIBSON (SNP),skipped,skipped,skipped,skipped,skipped,skipped,skipped,4,10
8176,Jim TORRANCE (SNP),Gail SHERIDAN (Sol),Iris GIBSON (SNP),skipped,skipped,skipped,skipped,skipped,skipped,skipped,4,10
8177,Jim TORRANCE (SNP),Gail SHERIDAN (Sol),Iris GIBSON (SNP),Alistair WATSON (Lab),skipped,skipped,skipped,skipped,skipped,skipped,4,10
8178,Jim TORRANCE (SNP),Gail SHERIDAN (Sol),Iris GIBSON (SNP),Matt KERR (Lab),skipped,skipped,skipped,skipped,skipped,skipped,4,10
8179,Jim TORRANCE (SNP),Gail SHERIDAN (Sol),Iris GIBSON (SNP),Matt KERR (Lab),skipped,skipped,skipped,skipped,skipped,skipped,4,10
8180,Jim TORRANCE (SNP),Gail SHERIDAN (Sol),Iris GIBSON (SNP),Matt KERR (Lab),Ian RUFFELL (Grn),skipped,skipped,skipped,skipped,skipped,4,10
8181,Jim TORRANCE (SNP),Gail SHERIDAN (Sol),Iris GIBSON (SNP),Janice MACKAY (UKIP),skipped,skipped,skipped,skipped,skipped,skipped,4,10
8182,Jim TORRANCE (SNP),Gail SHERIDAN (Sol),Alistair WATSON (Lab),skipped,skipped,skipped,skipped,skipped,skipped,skipped,4,10
8183,Jim TORRANCE (SNP),Gail SHERIDAN (Sol),Alistair WATSON (Lab),skipped,skipped,skipped,skipped,skipped,skipped,skipped,4,10
8184,Jim TORRANCE (SNP),Gail SHERIDAN (Sol),Alistair WATSON (Lab),skipped,skipped,skipped,skipped,skipped,skipped,skipped,4,10
8185,Jim TORRANCE (SNP),Gail SHERIDAN (Sol),Alistair WATSON (Lab),Matt KERR (Lab),Gordon MACDIARMID (Glasgow First),Isabel NELSON (LD),skipped,skipped,skipped,skipped,4,10
8186,Jim TORRANCE (SNP),Gail SHERIDAN (Sol),Matt KERR (Lab),skipped,skipped,skipped,skipped,skipped,skipped,skipped,4,10
8187,Jim TORRANCE (SNP),Gail SHERIDAN (Sol),Matt KERR (Lab),skipped,skipped,skipped,skipped,skipped,skipped,skipped,4,10
8188,Jim TORRANCE (SNP),Gail SHERIDAN (Sol),Matt KERR (Lab),skipped,skipped,skipped,skipped,skipped,skipped,skipped,4,10
8189,Jim TORRANCE (SNP),Gail SHERIDAN (Sol),Matt KERR (Lab),Iris GIBSON (SNP),skipped,skipped,skipped,skipped,skipped,skipped,4,10
8190,Jim TORRANCE (SNP),Gail SHERIDAN (Sol),Matt KERR (Lab),Gordon MACDIARMID (Glasgow First),skipped,skipped,skipped,skipped,skipped,skipped,4,10
8191,Jim TORRANCE (SNP),Gail SHERIDAN (Sol),Matt KERR (Lab),Gordon MACDIARMID (Glasgow First),skipped,skipped,skipped,skipped,skipped,skipped,4,10
8192,Jim TORRANCE (SNP),Gail SHERIDAN (Sol),Gordon MACDIARMID (Glasgow First),Iris GIBSON (SNP),skipped,skipped,skipped,skipped,skipped,skipped,4,10
8193,Jim TORRANCE (SNP),Gail SHERIDAN (Sol),Gordon MACDIARMID (Glasgow First),Iris GIBSON (SNP),Alistair WATSON (Lab),skipped,skipped,skipped,skipped,skipped,4,10
8194,Jim TORRANCE (SNP),Gail SHERIDAN (Sol),Gordon MACDIARMID (Glasgow First),Iris GIBSON (SNP),Alistair WATSON (Lab),Ian RUFFELL (Grn),Janice MACKAY (UKIP),Matt KERR (Lab),Isabel NELSON (LD),Jayne Ann MORGAN (Con),4,10
8195,Jim TORRANCE (SNP),Gail SHERIDAN (Sol),Janice MACKAY (UKIP),skipped,skipped,skipped,skipped,skipped,skipped,skipped,4,10
8196,Jim TORRANCE (SNP),Gail SHERIDAN (Sol),Janice MACKAY (UKIP),Iris GIBSON (SNP),Matt KERR (Lab),Gordon MACDIARMID (Glasgow First),Isabel NELSON (LD),Ian RUFFELL (Grn),Alistair WATSON (Lab),Jayne Ann MORGAN (Con),4,10
8197,Jim TORRANCE (SNP),Gail SHERIDAN (Sol),Isabel NELSON (LD),skipped,skipped,skipped,skipped,skipped,skipped,skipped,4,10
8198,Jim TORRANCE (SNP),Gail SHERIDAN (Sol),Isabel NELSON (LD),Iris GIBSON (SNP),skipped,skipped,skipped,skipped,skipped,skipped,4,10
