rank1,rank2,rank3,rank4,rank5,rank6,rank7,rank8,rank9,rank10,Num Cands,Num Seats
10,4,4,2,8,9,3,4,4,1,10.0,1.0
10,9,6,2,8,5,3,4,7,1,,
10,7,6,1,5,8,4,9,3,2,,
10,10,10,2,10,10,1,10,10,3,,
10,2,2,1,10,2,10,1,1,1,,
10,7,8,2,6,9,3,5,1,4,,
5,10,10,4,2,10,3,10,10,1,,
10,10,5,2,10,10,3,1,10,4,,
10,8,7,5,2,9,3,4,6,1,,
10,6,1,1,6,6,1,6,1,1,,
10,8,6,1,9,7,3,4,5,2,,
10,10,10,2,10,10,1,7,4,3,,
8,7,7,2,10,7,3,1,7,4,,
10,2,3,1,3,8,10,1,2,3,,
10,8,6,3,9,7,4,1,5,2,,
10,5,4,2,8,8,2,1,3,3,,
10,6,6,2,5,6,1,4,5,3,,
10,9,9,1,4,9,3,3,9,9,,
10,10,10,10,10,10,10,10,10,10,,
7,10,10,1,6,10,3,2,5,4,,
10,10,7,6,2,4,3,5,8,1,,
10,8,3,4,9,6,2,1,5,7,,
4,10,1,10,2,10,10,2,2,10,,
10,6,5,1,8,7,9,4,2,3,,
10,6,2,6,6,5,2,1,4,6,,
10,7,7,2,5,4,1,3,7,6,,
10,7,6,3,8,7,2,1,4,5,,
10,8,8,1,3,8,4,5,2,9,,
10,4,1,1,4,4,1,1,1,1,,
10,7,8,2,5,6,4,9,1,3,,
10,4,4,1,10,4,2,3,4,4,,
5,4,1,2,10,4,3,2,3,3,,
7,10,6,10,5,10,2,1,4,3,,
10,7,6,3,2,7,9,1,4,5,,
10,3,1,1,2,3,1,1,1,1,,
10,8,5,4,9,7,2,6,1,3,,
10,9,7,1,6,8,4,3,5,2,,
6,10,7,5,3,10,2,10,4,1,,
10,10,4,1,5,10,2,3,4,4,,
10,8,6,1,7,8,2,4,3,5,,
10,2,2,1,1,2,2,1,1,1,,
10,3,8,5,9,6,2,1,7,4,,
10,3,4,2,8,7,2,1,5,6,,
10,9,6,1,2,8,3,5,7,4,,
1,6,7,10,9,9,9,8,9,9,,
10,2,2,1,2,2,3,1,1,1,,
7,10,10,2,5,10,3,6,4,1,,
10,7,5,1,8,9,3,4,6,2,,
10,2,2,2,10,3,2,2,2,1,,
10,10,10,1,10,10,1,1,1,1,,
10,9,7,2,6,8,1,4,5,3,,
10,9,7,1,6,8,3,2,5,4,,
10,4,9,2,8,5,3,7,6,1,,
10,3,2,1,2,3,1,2,1,1,,
9,8,2,4,10,7,6,1,5,3,,
10,8,6,1,9,7,3,4,5,2,,
10,3,5,9,1,4,7,8,6,2,,
10,8,7,2,5,9,3,6,4,1,,
10,1,2,10,2,1,8,2,2,2,,
10,10,1,1,2,10,2,1,1,1,,
