rank1,rank2,rank3,rank4,rank5,rank6,rank7,rank8,rank9,rank10,Num Cands,Num Seats
9,7,8,4,5,1,6,3,2,10,10.0,1.0
10,1,3,2,8,4,6,10,5,10,,
9,7,5,3,6,1,10,8,2,4,,
10,10,6,4,10,2,4,1,5,10,,
9,4,7,6,5,10,8,2,3,1,,
7,8,5,1,9,4,3,10,2,6,,
10,8,6,5,2,1,9,4,3,7,,
10,7,1,3,9,4,8,2,6,5,,
8,6,1,2,9,3,7,4,5,10,,
9,7,10,3,4,8,5,2,1,6,,
9,1,7,2,4,5,10,6,3,8,,
10,7,1,3,2,4,9,6,5,8,,
10,9,6,4,2,7,8,3,1,5,,
9,4,8,3,1,6,10,2,5,7,,
9,5,8,3,6,1,2,4,7,10,,
5,6,4,1,7,8,9,2,3,10,,
7,6,1,2,8,10,3,5,4,9,,
6,1,5,2,9,3,8,7,10,4,,
9,4,2,1,8,6,5,10,3,7,,
9,8,7,6,2,5,1,4,3,10,,
10,10,4,1,10,3,10,10,2,10,,
8,1,4,3,10,2,9,5,7,6,,
7,6,3,10,4,9,5,1,2,8,,
5,9,1,3,7,8,10,4,2,6,,
10,9,1,2,5,7,8,3,4,6,,
7,8,4,3,10,2,6,1,5,9,,
5,7,6,8,3,10,4,9,2,1,,
10,4,10,10,3,1,2,10,10,10,,
8,1,7,3,6,2,4,9,5,10,,
9,5,7,1,8,10,6,2,4,3,,
10,10,10,2,10,10,10,1,10,10,,
5,5,3,1,5,5,2,6,4,5,,
5,9,8,2,4,1,6,10,3,7,,
2,4,8,6,10,7,5,9,3,1,,
10,10,5,2,1,4,7,3,6,10,,
9,2,5,4,8,3,1,7,6,10,,
1,2,6,3,4,5,9,8,7,10,,
