37 1.0
8 1 0
2 1 2 0
1 1 2 3 5 10 25 19 20 17 22 24 0
1 1 2 3 10 5 19 22 24 25 17 20 0
1 1 2 3 19 24 16 20 10 4 6 12 22 25 21 26 28 23 15 17 5 0
1 1 2 3 20 10 23 28 6 17 22 24 26 25 19 0
1 1 2 3 20 19 25 22 24 5 17 0
1 1 2 3 24 5 25 22 17 0
1 1 2 3 25 20 22 19 8 17 0
1 1 2 3 26 25 27 19 10 15 5 4 16 20 23 6 21 14 28 12 22 17 24 34 0
1 1 2 4 6 28 5 15 12 26 22 25 3 21 20 16 19 17 24 10 23 0
1 1 2 4 23 10 5 15 21 6 22 25 24 20 12 19 17 3 26 28 0
1 1 2 4 34 28 29 20 36 5 27 10 11 7 25 19 24 6 14 26 31 12 16 15 23 22 17 21 3 0
1 1 2 5 24 3 20 17 22 25 0
1 1 2 5 25 17 3 22 24 0
1 1 2 5 26 4 24 22 25 17 0
1 1 2 5 28 19 26 3 22 20 25 17 24 10 0
1 1 2 5 28 26 22 24 20 10 3 17 25 19 0
1 1 2 6 10 26 23 25 5 24 3 28 4 19 17 22 20 0
1 1 2 6 15 28 20 14 27 21 26 25 3 10 23 34 4 5 31 24 17 22 12 16 19 0
1 1 2 6 23 19 24 4 34 26 21 5 17 3 15 27 10 12 14 20 25 22 16 28 0
1 1 2 6 26 10 23 15 16 28 24 22 20 4 21 5 12 34 3 25 17 27 19 0
1 1 2 7 26 23 27 31 20 4 12 28 21 37 25 22 10 30 14 11 34 16 3 6 9 29 19 24 17 15 33 5 0
1 1 2 10 3 20 19 25 22 5 24 17 0
1 1 2 10 19 24 5 23 20 25 22 28 6 3 17 26 0
1 1 2 10 21 23 22 24 3 5 19 17 25 20 0
1 1 2 10 22 4 19 12 28 30 5 11 24 7 31 26 14 3 25 29 27 23 20 21 34 15 17 6 8 16 0
1 1 2 10 22 11 19 24 25 17 0
1 1 2 10 26 20 28 19 24 17 5 25 22 3 0
1 1 2 10 28 3 25 17 19 22 26 0
1 1 2 12 6 28 5 10 23 34 4 26 24 17 19 15 16 3 25 22 21 20 0
1 1 2 12 10 6 34 30 27 19 15 26 4 31 21 17 20 24 16 7 5 11 28 25 22 23 3 0
1 1 2 12 10 15 19 16 34 6 31 25 22 20 5 23 3 17 24 0
1 1 2 12 19 23 34 6 20 10 16 17 24 3 5 15 4 21 22 25 28 26 0
1 1 2 12 26 28 27 10 6 14 15 16 31 22 24 20 4 5 34 21 19 17 25 23 3 0
1 1 2 15 4 5 6 17 30 20 12 19 31 28 14 10 3 24 22 34 25 0
1 1 2 15 4 10 26 21 18 3 14 34 24 22 25 19 20 27 12 23 5 17 16 6 0
1 1 2 15 23 4 10 3 26 31 22 25 24 6 5 21 28 17 20 0
1 1 2 15 26 6 34 30 11 20 4 21 32 28 14 27 22 17 3 16 35 37 31 29 5 23 12 7 19 24 25 36 33 10 0
1 1 2 15 28 6 34 20 21 16 12 22 24 26 4 19 23 3 17 25 10 5 0
1 1 2 16 10 20 28 26 6 24 22 3 19 23 17 25 5 0
1 1 2 16 10 26 9 14 15 19 4 23 37 21 31 25 24 20 34 29 33 7 5 6 27 30 28 22 17 12 11 3 0
1 1 2 16 17 10 20 23 26 24 5 3 19 4 21 6 15 22 25 12 28 0
1 1 2 17 0
1 1 2 19 3 20 22 25 5 17 24 0
1 1 2 19 24 22 3 28 5 10 25 17 20 0
1 1 2 20 3 5 25 17 24 19 22 10 0
1 1 2 20 10 24 22 3 5 17 25 19 0
1 1 2 20 19 3 28 10 22 24 26 5 17 25 0
1 1 2 20 19 21 5 4 25 22 8 3 24 17 10 0
1 1 2 20 19 25 3 5 17 22 24 0
1 1 2 21 4 19 3 12 26 22 25 24 6 20 10 17 5 23 28 0
1 1 2 21 10 26 4 20 6 5 24 22 23 28 3 25 17 19 0
1 1 2 22 24 20 3 17 25 5 0
1 1 2 23 20 26 28 4 19 6 21 24 17 25 34 10 12 27 5 3 22 16 15 0
1 1 2 23 21 12 15 10 24 31 27 30 26 14 22 25 3 4 34 20 16 11 19 17 5 6 28 0
1 1 2 23 21 28 3 10 26 6 4 22 25 19 20 24 17 5 0
1 1 2 23 26 28 10 16 4 24 22 3 21 15 34 5 12 19 17 6 20 0
1 1 2 24 5 19 20 25 3 22 17 10 0
1 1 2 24 22 5 25 17 3 0
1 1 2 24 25 5 3 17 22 0
1 1 2 25 5 17 24 22 0
1 1 2 25 17 0
1 1 2 25 22 17 24 0
1 1 2 25 24 22 17 0
1 1 2 26 10 4 31 12 21 34 6 27 28 16 22 24 5 15 3 14 30 20 17 25 23 19 0
1 1 2 26 19 20 15 6 25 22 5 24 3 17 10 0
1 1 2 26 20 27 17 28 14 19 24 23 21 16 25 34 12 8 10 3 22 15 5 0
1 1 2 26 23 28 19 6 22 24 3 5 34 10 17 25 11 20 0
1 1 2 26 24 23 3 25 5 20 19 10 22 17 6 28 0
1 1 2 28 19 26 5 25 24 20 22 17 3 0
1 1 2 28 20 8 3 19 17 5 10 25 22 24 0
1 1 2 28 20 34 26 6 4 12 19 21 23 25 24 14 31 16 22 10 15 27 3 5 17 30 11 0
1 1 2 28 24 25 22 19 20 10 17 5 3 0
1 1 2 28 26 15 30 23 6 14 34 21 12 4 11 5 24 22 3 16 31 19 25 17 10 27 20 0
1 1 2 30 4 21 19 15 34 31 23 5 16 6 12 25 14 26 0
1 1 2 34 14 6 28 10 26 29 31 4 15 25 22 5 23 11 12 3 16 21 30 19 17 24 27 20 0
1 1 2 34 27 21 28 3 5 11 7 31 29 4 15 22 23 25 26 6 33 19 12 30 14 20 24 17 16 10 0
1 1 2 37 8 18 35 0
1 1 3 4 16 20 24 12 21 19 17 10 5 34 6 15 22 23 2 28 26 25 0
1 1 3 19 10 20 2 0
1 1 3 24 2 37 35 22 32 9 5 8 20 18 17 25 36 0
1 1 4 26 24 10 21 6 23 22 25 19 3 28 2 17 20 5 0
1 1 5 22 25 26 17 24 20 2 4 19 6 23 10 28 3 0
1 1 5 23 6 15 34 25 26 16 27 22 24 2 4 19 12 10 20 3 17 21 28 0
1 1 10 5 16 19 12 6 21 2 28 20 23 17 15 24 25 22 3 26 4 0
1 1 14 11 32 2 8 16 17 9 7 0
1 1 14 12 6 31 21 34 16 4 10 11 15 27 2 20 5 24 26 30 25 23 19 17 22 3 28 0
2 1 17 2 0
1 1 17 3 10 21 26 24 22 6 23 5 20 2 25 4 19 0
1 1 17 3 28 24 19 2 5 10 25 22 20 0
1 1 17 4 6 30 28 3 11 16 12 21 23 22 25 5 27 14 31 24 15 34 19 2 20 10 26 0
1 1 17 6 26 4 34 19 21 28 15 12 24 25 20 23 3 10 22 2 16 5 0
1 1 17 7 26 5 12 11 31 23 6 20 28 14 25 19 24 15 27 9 29 37 21 10 16 33 34 22 2 4 30 3 0
1 1 17 10 5 2 20 22 19 24 3 25 0
1 1 17 10 5 24 22 25 20 3 2 0
1 1 17 12 6 10 5 28 22 25 24 4 20 19 2 3 26 23 0
1 1 17 19 2 22 3 20 26 10 24 5 28 25 0
1 1 17 19 4 21 27 12 28 3 34 15 5 26 14 25 16 2 10 23 6 22 24 20 31 0
1 1 17 19 5 28 22 25 10 20 24 2 3 0
1 1 17 20 19 3 25 24 22 5 2 0
1 1 17 21 12 20 26 15 34 28 4 5 2 25 23 27 10 14 3 24 22 16 6 19 0
1 1 17 21 12 28 24 4 15 26 25 5 3 23 20 6 10 22 2 19 0
1 1 17 21 26 12 30 20 10 31 14 16 23 27 22 24 3 6 5 15 34 19 2 25 4 28 0
1 1 17 22 2 25 19 5 24 20 3 0
1 1 17 23 26 4 20 10 6 19 28 22 5 25 21 2 3 24 0
1 1 17 23 26 6 4 20 25 5 24 21 3 12 19 2 28 10 0
1 1 17 24 2 22 25 0
1 1 17 25 2 0
1 1 17 25 10 24 3 20 28 26 19 2 5 22 0
1 1 17 26 2 34 21 15 16 28 3 4 10 25 24 0
1 1 17 26 6 19 23 5 16 15 22 24 10 12 34 28 4 3 2 25 21 20 0
1 1 17 26 20 14 27 3 21 12 36 6 4 30 24 2 19 15 11 31 5 28 34 37 23 22 25 16 32 10 0
1 1 17 28 12 4 20 15 23 2 24 10 6 5 19 25 22 26 21 3 0
1 1 17 28 26 5 20 10 22 24 19 3 25 0
1 1 19 3 21 22 30 27 4 28 15 26 31 20 14 6 25 23 34 12 24 10 2 17 16 5 0
1 1 19 17 9 18 24 2 32 34 8 25 36 10 37 33 3 7 35 0
1 1 20 22 28 17 15 5 34 12 6 10 24 4 25 30 21 26 16 14 3 2 19 23 27 31 0
1 1 20 25 17 22 24 2 10 5 19 0
1 1 20 31 27 4 24 19 3 14 11 34 30 25 23 17 10 15 21 22 16 26 6 5 2 12 28 0
1 1 21 15 27 0
1 1 22 2 17 25 5 0
1 1 22 28 19 23 26 25 24 3 4 5 6 10 2 17 20 0
1 1 24 4 6 26 19 21 25 5 22 28 20 10 2 17 23 3 0
1 1 24 25 5 17 2 3 19 22 20 0
1 1 24 26 16 20 22 6 11 34 27 15 3 19 28 23 30 14 31 10 21 4 25 17 2 12 5 0
1 1 25 5 17 24 3 2 22 0
1 1 25 6 26 10 5 22 19 3 24 28 20 17 2 23 0
1 1 25 21 20 8 35 6 26 36 17 23 34 5 2 12 0
1 1 25 23 28 10 3 26 17 20 22 24 6 4 2 5 21 19 0
1 1 25 28 21 26 10 12 15 20 2 4 19 23 3 5 17 22 6 24 0
1 1 27 26 10 6 14 24 22 3 4 28 23 16 19 2 12 21 25 20 31 5 17 15 0
1 1 28 19 6 3 12 23 20 22 24 4 2 21 26 10 25 17 5 0
1 1 34 35 18 15 24 27 8 28 17 14 12 4 2 9 22 5 32 0
1 1 35 2 8 0
1 1 35 2 25 17 8 36 9 0
1 1 35 5 17 24 19 23 2 20 26 22 25 32 8 3 28 37 36 0
1 3 2 24 5 22 17 25 0
1 4 1 25 21 17 15 20 3 28 26 6 10 34 2 23 16 12 14 5 31 19 22 24 27 0
1 4 2 15 26 27 1 12 28 3 34 25 24 5 19 23 6 20 22 17 10 0
1 4 2 34 3 14 1 28 10 6 5 16 27 24 23 17 31 19 15 21 20 22 25 12 26 0
1 4 14 12 20 1 37 6 21 34 5 27 25 3 10 33 15 17 2 24 22 26 11 31 23 7 28 16 19 9 0
1 4 17 21 31 10 9 32 36 12 26 7 29 23 34 14 28 18 25 22 5 15 16 8 11 35 20 27 30 37 6 2 24 19 33 3 0
1 4 25 26 23 10 21 15 6 12 3 19 2 24 16 28 34 22 5 17 20 0
1 5 2 24 22 3 1 25 17 20 0
1 5 2 25 24 22 17 3 0
1 5 8 4 3 24 7 34 20 37 21 19 2 32 6 25 26 16 30 12 27 36 29 23 31 35 22 28 18 10 11 17 14 15 9 33 0
1 5 22 1 20 2 28 26 6 24 25 12 23 17 3 0
1 6 2 15 23 28 18 1 37 5 12 16 11 20 26 21 25 3 24 10 4 35 32 17 22 30 0
1 6 11 17 3 8 36 28 35 22 2 4 9 26 5 29 32 18 21 25 24 15 37 12 0
1 6 27 16 24 33 35 17 31 32 14 22 15 18 5 3 25 20 11 10 12 36 19 30 34 2 23 28 29 7 21 26 4 9 37 0
1 6 29 25 20 1 18 5 30 36 24 2 19 23 22 9 21 37 35 17 33 12 7 11 0
1 7 2 4 27 26 29 36 12 37 10 23 18 33 14 30 21 16 24 22 5 28 6 8 31 35 3 11 15 9 19 17 25 34 32 20 0
1 7 2 14 28 3 34 16 33 32 26 6 23 8 20 11 31 29 25 22 19 12 36 9 27 37 5 10 15 18 21 24 17 30 35 4 0
1 7 2 16 30 20 35 3 11 14 24 34 31 10 21 8 19 29 17 22 4 6 12 33 37 36 26 9 15 18 5 25 28 27 32 23 0
1 7 2 19 21 23 35 28 4 32 3 26 11 14 31 12 24 22 20 34 15 8 36 5 29 16 30 17 25 27 6 0
1 7 2 23 4 20 37 36 14 8 10 16 35 12 32 9 29 21 5 17 19 6 34 18 33 30 24 15 26 11 28 22 25 27 31 3 0
1 7 2 27 23 33 9 30 8 20 11 15 29 34 17 22 12 14 31 5 37 16 18 0
1 7 2 33 19 5 23 27 29 8 11 26 4 32 28 37 21 30 25 24 20 34 16 9 12 31 6 10 15 35 14 3 17 18 36 22 0
1 7 3 36 20 23 28 8 27 16 11 5 25 33 2 9 30 37 4 12 24 6 29 35 31 32 19 17 10 14 34 21 22 26 18 15 0
1 7 17 30 26 10 31 33 14 32 4 6 21 18 28 11 15 35 25 24 5 16 37 29 36 8 3 23 34 9 20 22 2 12 27 19 0
1 7 17 30 28 20 27 14 21 35 4 19 15 8 23 29 6 11 22 5 3 32 31 33 9 37 10 26 12 36 16 25 2 34 18 24 0
1 7 19 12 26 21 31 9 27 11 23 20 16 34 24 15 6 30 28 25 3 4 29 35 36 14 17 8 37 5 10 2 22 33 0
1 7 22 10 18 28 32 15 11 9 4 17 30 16 35 26 27 5 19 2 29 37 21 31 33 24 14 6 36 12 25 3 23 8 20 0
1 7 23 31 4 28 10 21 37 12 30 26 19 35 5 34 6 29 17 22 24 15 33 11 9 36 3 20 27 18 8 25 2 32 16 14 0
1 7 25 3 1 32 19 36 5 17 18 10 28 33 35 26 23 2 6 0
1 7 25 27 12 6 11 1 28 20 30 15 31 33 17 24 3 26 14 21 29 5 34 23 4 19 2 22 16 10 0
1 8 2 4 28 23 20 26 24 22 19 5 10 25 17 6 3 0
1 8 2 25 5 22 24 17 0
1 8 2 34 12 23 15 32 7 35 28 6 26 37 19 9 21 30 22 20 24 14 27 18 16 33 3 10 31 29 11 25 17 36 4 5 0
1 8 2 36 10 22 20 19 34 25 23 5 3 17 28 0
1 8 5 15 3 10 9 17 24 22 26 16 2 25 19 0
1 8 17 34 6 5 28 16 31 15 33 24 9 18 22 32 29 7 2 4 3 27 35 37 21 10 19 14 30 12 25 11 36 20 0
1 8 20 23 26 24 1 29 28 25 31 4 21 17 10 32 19 3 2 5 22 0
1 8 22 23 34 20 5 26 25 24 19 28 3 2 17 10 0
1 8 24 18 12 20 6 34 27 26 10 2 19 21 23 5 25 17 28 0
1 9 2 7 20 21 36 8 27 35 23 29 10 18 28 32 19 16 5 26 24 15 11 31 33 34 3 6 12 30 4 25 17 14 37 22 0
1 9 2 8 20 28 27 37 29 36 19 10 12 30 23 32 6 18 17 22 3 34 33 11 7 35 5 4 14 16 15 24 25 21 31 26 0
1 9 2 12 16 10 37 18 14 35 28 26 15 11 34 29 6 31 25 24 5 4 30 8 36 7 3 27 23 19 17 22 21 33 20 0
1 9 2 26 31 3 18 37 21 11 19 12 29 30 33 15 10 32 22 24 8 1 27 36 23 7 20 14 16 34 28 25 17 35 5 0
1 9 3 26 23 19 14 35 7 18 10 30 33 31 6 34 12 8 25 24 20 21 27 32 29 36 22 16 4 15 28 2 17 11 37 5 0
1 9 5 7 22 25 36 37 23 35 26 24 30 31 16 11 4 32 2 20 17 12 15 8 34 18 28 14 21 29 6 3 19 27 33 10 0
1 9 5 35 28 3 4 11 18 8 23 15 25 34 22 30 27 29 24 19 20 7 37 21 14 31 26 17 33 16 32 10 2 36 12 6 0
1 9 17 12 26 6 14 11 7 1 4 23 28 20 32 21 15 25 24 19 34 30 33 18 5 10 27 37 31 22 2 16 29 3 0
1 9 17 30 11 10 37 8 21 35 34 23 14 27 16 36 28 32 25 24 5 26 7 29 12 18 3 4 15 31 19 22 2 6 33 20 0
1 9 17 30 15 6 33 36 21 18 24 31 7 29 37 27 23 16 22 5 26 11 28 32 34 12 20 19 8 35 3 25 2 4 14 10 0
1 9 17 35 18 22 25 24 8 0
1 9 22 15 28 6 32 36 14 18 26 3 4 17 10 24 21 8 5 16 19 27 2 12 34 23 0
1 9 22 29 12 20 27 7 11 1 16 19 4 18 10 33 31 14 25 3 23 34 37 32 36 24 26 15 6 5 17 2 30 21 28 0
1 9 22 34 5 15 18 36 12 32 26 4 14 33 3 37 27 30 25 20 17 16 7 35 11 8 19 21 10 31 28 24 2 6 29 23 0
1 9 25 37 26 23 12 18 30 36 34 28 6 35 3 29 4 11 17 24 20 14 31 8 27 7 19 10 15 32 5 22 2 16 33 21 0
1 9 25 37 28 20 16 18 30 35 7 23 4 11 10 8 26 29 17 22 5 21 33 36 27 32 3 19 15 14 6 24 2 34 31 12 0
1 10 2 28 19 26 20 24 1 25 22 17 3 23 5 0
1 11 2 4 28 8 10 34 23 25 16 24 20 17 15 9 30 3 22 5 19 0
1 11 2 4 28 10 1 3 29 20 16 31 18 12 6 21 22 24 19 7 30 5 15 14 9 23 17 25 27 26 0
1 11 2 4 30 3 16 27 29 35 5 20 9 19 34 6 26 12 25 28 14 7 36 18 10 31 23 24 21 17 15 32 22 0
1 11 2 8 28 20 12 36 37 34 18 4 21 33 10 31 26 9 25 24 5 15 30 32 27 7 19 23 16 29 6 22 17 35 14 3 0
1 11 2 15 26 20 32 8 34 35 12 10 23 37 24 14 16 36 25 5 3 4 33 7 27 30 28 19 21 18 29 22 17 31 9 6 0
1 11 2 16 19 28 14 35 18 32 26 12 4 37 23 30 21 31 25 22 5 34 33 8 29 36 20 6 27 7 10 24 17 15 9 3 0
1 11 2 21 15 16 33 37 10 36 3 26 30 29 9 14 34 6 5 22 28 18 4 35 31 7 24 23 27 20 25 17 12 32 19 0
1 11 2 28 19 35 1 37 18 8 31 17 22 14 29 30 24 0
1 11 2 34 10 19 21 35 33 36 31 23 4 30 28 16 15 18 25 24 20 27 37 8 32 9 5 26 29 6 12 22 17 14 7 3 0
1 11 2 35 28 6 10 7 31 37 34 4 12 18 19 30 21 32 25 24 22 14 27 9 33 8 26 20 15 29 23 5 17 16 36 3 0
1 11 2 36 28 20 21 35 9 30 34 4 26 33 3 18 23 8 25 24 5 6 7 37 32 14 10 19 29 15 16 22 17 31 27 12 0
1 11 5 15 26 4 37 30 36 33 23 24 29 16 20 27 6 14 28 19 22 21 18 8 32 7 25 34 31 35 17 10 2 3 9 12 0
1 11 19 15 5 4 32 9 33 23 20 27 34 22 16 6 31 26 10 3 12 30 35 14 24 8 29 37 17 28 2 25 7 21 0
1 11 22 18 19 16 29 35 28 9 26 23 27 15 37 33 4 7 5 25 10 3 14 8 34 36 24 32 30 12 20 17 2 21 31 6 0
1 11 23 26 31 22 20 21 37 35 24 5 36 3 30 28 19 15 2 4 16 9 14 10 34 27 25 12 6 17 0
1 11 24 19 34 8 9 4 0
1 11 25 28 6 3 37 21 26 33 4 12 15 18 23 31 34 2 5 14 27 9 7 24 30 19 29 20 17 22 16 0
1 11 27 25 14 5 28 32 36 7 24 12 31 15 33 23 19 10 2 26 20 30 21 8 4 37 22 29 9 18 6 17 34 16 35 3 0
1 11 37 1 18 2 17 9 0
1 12 2 16 26 23 36 11 37 18 19 15 27 4 5 35 21 31 3 25 24 10 29 33 7 32 20 14 28 9 6 22 17 34 30 0
1 12 2 21 14 4 16 8 10 18 3 6 27 33 7 29 28 9 22 17 5 15 23 35 30 32 24 37 34 11 31 19 25 26 36 20 0
1 12 2 28 26 16 1 10 19 15 6 21 24 17 23 27 5 34 20 22 25 4 3 0
1 12 2 30 4 19 28 8 11 6 32 21 10 33 22 18 15 36 24 3 25 16 37 35 29 9 26 5 34 27 31 20 17 14 7 23 0
1 12 3 7 23 9 29 21 36 19 28 33 6 26 2 20 5 14 8 11 24 30 4 31 25 0
1 12 25 10 1 23 28 34 26 19 5 22 20 16 6 24 4 17 2 15 21 3 0
1 12 25 23 10 20 1 15 19 6 3 2 28 5 4 21 22 17 26 16 24 0
1 12 28 18 6 20 24 33 14 5 37 4 22 30 17 11 34 9 25 19 10 8 31 7 16 29 26 3 27 15 36 23 2 32 21 0
1 12 29 17 20 8 32 30 36 22 2 34 18 28 19 6 35 26 27 14 24 25 31 4 15 7 11 0
1 12 29 20 10 2 32 19 7 36 3 17 16 37 31 23 8 26 5 24 27 9 35 6 14 30 28 22 15 33 11 4 21 34 18 25 0
1 13 22 17 25 2 0
1 14 2 12 26 19 27 34 11 1 32 10 6 28 18 4 30 22 25 5 16 29 37 7 3 23 15 33 9 24 17 21 31 20 0
1 14 2 15 6 28 35 9 29 36 10 23 27 30 4 18 26 33 24 17 19 21 31 8 7 32 5 12 34 11 3 22 25 16 37 20 0
1 14 2 15 20 28 32 8 11 35 29 4 26 37 23 18 21 36 25 24 10 16 33 27 31 9 5 6 34 30 19 22 17 12 7 3 0
1 14 2 29 15 10 36 37 30 1 26 28 21 19 4 34 17 20 5 12 9 31 33 24 23 16 7 6 22 25 11 27 3 0
1 14 2 33 31 4 9 1 28 35 3 20 11 29 30 37 6 27 5 24 22 12 16 18 23 7 26 15 34 32 10 17 25 21 36 19 0
1 14 3 31 19 21 30 32 34 23 5 16 27 17 15 10 7 26 6 24 4 29 36 11 25 8 35 20 28 22 2 33 12 0
1 14 11 5 3 19 18 4 29 35 6 10 24 36 22 15 12 23 27 16 20 9 8 34 32 7 21 26 31 33 17 37 2 30 28 25 0
1 14 17 21 3 23 15 9 11 1 10 19 4 6 27 31 33 22 25 24 16 8 12 18 32 28 26 34 30 7 5 2 29 37 20 0
1 14 17 35 4 28 12 7 21 27 36 6 26 11 24 18 31 33 25 5 22 15 29 8 9 37 10 20 16 23 30 3 2 34 32 19 0
1 14 25 21 12 6 31 15 22 35 20 19 29 30 37 33 23 7 2 8 10 4 11 9 18 27 5 16 34 32 26 24 28 36 3 0
1 14 35 2 36 37 34 11 5 32 17 31 33 27 16 7 24 30 25 18 22 29 9 3 8 0
1 14 35 23 3 20 27 29 7 30 5 2 16 28 21 12 10 4 36 8 11 37 26 34 33 6 22 19 17 9 24 32 25 15 31 18 0
1 15 1 6 10 17 8 25 26 22 31 14 27 34 5 3 24 4 12 28 20 21 16 19 2 23 0
1 15 2 10 6 19 16 1 21 28 23 12 25 5 24 26 34 20 4 17 22 3 0
1 15 2 12 10 6 29 16 33 8 23 28 21 35 19 18 27 34 25 20 22 30 37 32 31 36 3 26 11 7 4 24 17 14 9 5 0
1 15 2 21 12 20 1 4 10 34 16 6 22 25 5 3 19 26 23 17 24 28 0
1 15 2 26 16 20 35 8 29 37 3 14 21 27 28 34 31 23 19 25 24 10 33 32 36 11 6 30 18 7 5 22 12 4 9 0
1 15 17 32 19 28 4 7 36 27 35 26 6 11 20 12 23 37 25 24 5 29 14 31 16 8 3 10 9 21 30 22 2 18 33 34 0
1 15 20 24 26 27 32 37 30 4 2 7 22 23 36 28 21 10 11 17 35 34 29 33 8 6 9 18 3 25 5 16 31 19 0
1 15 22 6 34 3 1 20 19 12 26 23 29 27 17 10 16 21 14 31 11 24 30 28 2 25 4 5 0
1 15 22 34 21 4 33 37 1 17 3 30 10 8 28 24 25 12 19 29 11 16 2 26 6 7 0
1 15 23 27 6 2 21 4 37 32 3 17 11 19 20 33 8 12 24 25 26 7 34 14 36 35 16 5 31 18 30 10 28 29 9 22 0
1 15 25 8 23 10 21 33 27 12 34 6 19 9 24 37 26 31 5 22 17 7 32 35 29 36 28 3 14 30 11 20 2 16 18 4 0
1 15 30 2 28 8 35 19 14 18 5 17 12 36 26 10 6 32 4 27 37 22 21 11 24 3 25 7 29 16 34 31 9 33 0
1 15 33 25 19 36 35 30 1 17 18 23 16 37 32 2 10 6 11 0
1 16 1 2 8 25 22 14 17 34 27 0
1 16 2 10 26 34 7 20 29 1 3 12 37 21 4 24 22 23 9 14 32 5 31 15 19 25 17 27 18 28 0
1 16 2 33 10 3 26 15 7 34 9 4 28 18 20 8 6 36 25 23 22 21 11 35 30 32 19 5 12 27 29 24 17 37 31 14 0
1 16 3 1 6 19 12 10 28 24 2 17 25 15 26 23 4 22 20 21 5 0
1 16 3 27 26 12 17 14 11 29 7 6 10 9 5 21 33 4 19 2 25 34 32 28 18 36 15 22 30 8 23 20 24 35 37 31 0
1 16 17 20 34 28 27 35 3 18 19 12 36 8 26 15 2 23 21 4 14 5 32 10 6 24 25 30 22 0
1 16 17 29 4 10 27 7 33 1 25 12 6 21 15 30 26 37 24 5 3 23 34 22 11 31 28 19 2 14 20 0
1 16 17 37 23 3 21 32 14 34 4 6 26 7 5 36 15 9 24 22 25 12 29 35 11 8 28 20 31 30 33 19 2 27 18 10 0
1 16 18 25 3 1 32 26 36 5 2 4 23 14 35 6 34 17 31 0
1 16 20 4 21 23 33 11 35 26 5 27 37 28 12 31 25 19 24 30 14 7 8 22 15 3 10 2 17 34 29 6 0
1 16 33 17 10 35 1 32 5 25 36 28 18 31 37 22 14 24 3 2 30 27 34 0
1 17 24 22 2 25 0
1 18 2 11 6 10 27 35 31 8 26 28 12 36 23 9 21 32 22 24 5 16 30 33 34 37 19 4 29 14 20 25 17 15 7 3 0
1 18 2 16 4 10 15 30 29 8 27 26 6 36 19 31 21 9 25 24 20 34 33 35 7 32 5 23 14 11 28 22 17 12 37 3 0
1 18 2 16 28 23 31 34 11 1 21 3 4 32 20 14 12 27 24 22 6 9 36 37 29 35 5 10 15 7 26 25 17 30 33 19 0
1 18 2 21 34 26 35 32 14 28 19 29 33 9 31 15 30 5 22 24 6 12 8 37 20 4 16 27 3 17 25 23 7 10 0
1 18 2 30 26 5 27 1 29 6 19 4 32 28 11 21 20 22 10 34 37 7 9 33 24 23 14 12 31 25 17 16 15 3 0
1 18 2 31 23 10 8 37 32 26 16 29 14 6 7 28 11 5 20 3 12 15 9 21 36 17 30 33 35 19 25 22 27 34 4 0
1 18 17 7 23 10 11 8 16 35 6 28 9 29 31 21 26 4 25 20 3 37 14 32 34 36 22 30 33 15 19 2 5 27 12 24 0
1 18 17 16 15 3 12 25 30 1 35 10 19 36 26 14 33 37 20 28 4 27 11 24 29 2 23 21 7 9 22 5 34 31 6 0
1 19 2 3 5 8 20 24 17 25 22 0
1 19 17 1 26 6 16 37 31 28 10 34 33 23 21 9 22 5 4 29 7 30 3 15 27 14 20 25 2 11 12 24 0
1 19 17 10 20 1 28 3 26 2 5 24 25 22 0
1 19 21 5 37 18 25 34 23 26 9 2 29 8 31 6 24 16 17 35 12 4 10 15 20 27 22 0
1 19 22 1 20 24 3 5 17 10 4 25 2 28 0
1 19 23 34 4 28 16 20 22 35 5 26 21 27 24 10 6 8 25 2 15 3 0
1 21 2 1 10 19 3 6 4 23 22 24 5 20 26 25 17 28 0
1 21 2 4 5 1 22 27 14 0
1 21 2 28 19 17 18 4 33 24 5 27 9 14 6 34 22 26 32 16 11 8 23 36 31 3 30 25 35 20 0
1 21 17 3 6 1 27 20 10 12 28 4 31 19 25 5 15 34 14 24 26 16 2 23 22 0
1 21 25 34 10 7 18 36 29 8 19 6 30 33 23 32 27 37 17 5 22 11 15 35 4 9 20 12 16 14 3 2 24 26 31 28 0
1 21 29 2 26 36 8 19 30 35 5 34 18 12 10 24 33 15 27 32 22 31 25 6 17 37 11 14 4 23 9 7 0
1 22 2 21 20 28 16 36 15 1 34 6 4 5 17 19 10 3 12 26 25 24 23 0
1 22 2 25 17 5 1 24 0
1 23 3 26 1 19 28 4 20 25 2 22 10 24 17 6 5 0
1 23 3 31 30 10 1 14 17 19 34 28 27 16 15 20 5 25 24 4 6 12 21 26 2 11 22 0
1 23 19 5 21 2 29 37 12 32 35 27 7 34 31 18 17 33 25 20 3 26 16 36 6 11 28 4 9 14 10 24 22 30 8 0
1 23 20 1 15 2 21 10 28 16 25 34 22 24 26 27 6 12 4 5 17 19 3 0
1 23 24 21 26 17 1 12 10 14 5 15 3 20 8 35 34 27 19 2 0
1 23 25 34 28 2 17 35 14 8 10 32 16 15 30 27 26 33 22 20 7 4 37 36 11 31 19 29 18 12 6 5 3 21 9 24 0
1 24 2 22 25 5 17 0
1 24 2 25 22 5 17 3 0
1 24 37 2 19 32 3 25 17 16 28 22 36 35 20 14 26 34 9 8 0
1 25 2 24 1 36 17 11 20 5 3 22 0
1 26 19 1 22 15 25 21 5 10 24 4 28 16 34 6 17 12 27 20 3 23 2 0
1 26 29 28 22 1 23 10 14 2 6 16 4 25 31 17 15 21 12 7 24 0
1 27 1 26 6 20 21 11 19 5 12 16 10 22 25 24 28 29 3 4 34 2 17 23 0
1 27 1 28 5 20 30 6 33 3 2 34 16 24 19 37 31 4 23 7 9 12 25 10 17 22 14 26 29 11 0
1 27 2 9 19 6 36 1 14 35 21 5 4 18 20 31 15 7 25 24 3 33 37 11 16 29 10 28 34 32 26 22 17 12 30 23 0
1 27 2 15 26 23 32 7 34 35 28 3 14 30 36 21 6 33 24 5 20 11 16 8 37 18 25 4 29 9 19 17 22 12 31 10 0
1 27 2 26 15 14 29 32 34 8 19 31 12 10 33 30 16 11 24 22 4 6 28 18 37 21 5 7 36 35 20 25 17 23 9 3 0
1 27 2 26 19 9 8 23 36 5 6 16 34 28 24 3 30 32 18 22 31 35 10 25 17 20 14 0
1 27 2 31 16 15 29 1 19 23 30 12 11 28 4 24 25 20 6 21 5 26 34 10 22 17 14 3 0
1 27 2 34 10 4 31 1 6 23 26 12 17 5 20 14 16 24 21 15 3 25 22 28 19 0
1 27 2 34 19 3 9 14 37 8 6 18 33 16 32 30 20 31 24 22 26 12 15 11 21 36 5 10 29 4 28 25 17 7 35 23 0
1 27 2 34 26 19 31 37 29 35 20 3 23 8 10 33 16 11 22 24 28 15 1 32 14 18 5 6 12 9 4 25 17 30 7 21 0
1 27 5 26 30 25 1 19 11 34 12 31 10 14 21 29 17 24 7 4 23 15 3 37 33 16 22 6 20 28 2 0
1 27 5 34 4 16 37 3 14 9 22 24 31 36 28 21 20 12 2 6 32 7 8 18 35 19 10 26 29 30 25 23 15 33 11 0
1 27 17 5 1 4 10 26 24 22 25 28 23 6 19 2 20 3 0
1 27 17 22 19 28 15 1 12 16 10 26 25 3 20 4 5 6 34 24 2 23 21 0
1 27 22 16 21 10 34 28 30 8 24 35 6 33 37 18 15 32 17 2 29 4 7 9 31 36 3 14 26 23 19 25 5 12 11 20 0
1 28 2 5 9 32 24 22 26 10 3 17 35 25 20 36 19 8 0
1 28 2 23 12 27 7 35 21 36 17 34 11 29 20 16 6 24 10 5 22 37 32 15 33 25 31 18 9 4 3 26 8 14 19 0
1 28 8 25 19 37 22 27 7 4 17 34 12 35 10 15 26 3 33 36 29 18 5 23 6 2 20 32 16 24 21 9 0
1 28 22 1 24 15 10 12 20 6 25 5 19 3 2 17 0
1 29 2 4 34 28 33 6 18 10 31 15 25 19 3 23 14 27 24 26 5 17 22 20 0
1 29 2 6 21 26 36 32 9 7 3 28 35 23 16 11 15 34 24 17 19 12 31 8 37 33 10 14 27 18 20 22 25 4 30 5 0
1 29 2 12 4 10 33 1 14 32 28 23 30 11 31 27 26 21 20 25 22 15 9 7 24 34 6 37 5 3 17 16 18 19 0
1 29 2 23 21 10 1 9 28 34 27 11 16 15 26 33 22 17 19 4 6 7 31 3 12 37 20 25 24 30 14 5 0
1 29 2 27 6 10 15 36 30 11 21 28 4 7 26 37 12 32 25 22 20 14 18 33 34 8 19 23 31 9 5 24 17 16 35 3 0
1 29 2 28 10 21 31 35 16 9 24 15 14 11 32 6 23 7 5 25 4 30 12 8 36 34 20 18 27 37 3 17 22 26 33 19 0
1 29 2 30 12 23 36 16 33 10 20 35 31 15 11 6 14 22 25 3 21 34 8 37 7 24 4 27 9 28 17 5 26 32 19 0
1 29 2 31 14 26 36 35 34 20 21 12 11 30 6 28 22 3 24 27 15 7 16 5 23 4 19 25 17 10 0
1 29 2 34 28 19 1 9 14 33 20 21 23 11 16 18 24 17 3 15 7 32 27 37 5 26 12 6 10 25 22 30 31 4 0
1 29 5 15 16 10 35 8 26 19 23 21 27 6 25 22 20 14 12 4 2 30 34 28 24 17 31 11 3 0
1 29 6 2 27 36 32 31 33 12 34 17 10 18 11 30 14 21 20 26 9 24 3 7 25 5 35 22 37 23 28 19 8 4 0
1 29 6 21 9 2 34 1 11 36 17 27 37 32 18 30 25 8 20 7 35 26 31 0
1 29 17 37 26 3 34 35 36 7 4 20 14 16 11 33 19 30 24 2 10 27 31 9 18 8 5 21 23 32 28 25 22 15 12 6 0
1 29 19 14 6 10 26 12 7 8 34 23 3 15 22 33 4 11 17 5 20 21 30 36 16 9 28 24 32 31 35 25 2 37 18 27 0
1 29 22 8 19 6 21 37 31 9 14 3 4 35 20 33 23 34 25 17 24 15 36 7 27 18 28 26 12 11 30 5 2 16 32 10 0
1 29 22 23 12 26 37 1 28 3 9 7 16 27 32 6 10 24 5 21 34 15 30 33 25 18 31 11 20 17 2 4 14 19 0
1 29 24 34 23 26 18 32 7 6 4 15 12 16 25 5 3 35 27 9 8 33 2 28 21 36 19 17 22 20 37 10 0
1 29 25 1 16 4 26 28 11 23 9 14 34 5 22 24 19 35 20 8 15 10 17 2 6 3 0
1 29 25 26 16 5 14 32 9 31 19 23 27 28 33 7 21 4 17 24 30 12 6 18 11 1 20 37 15 10 2 22 34 3 0
1 30 2 4 28 20 31 1 3 26 12 15 11 16 19 25 34 6 21 27 17 14 10 24 22 23 5 0
1 30 2 6 4 19 18 1 29 33 10 26 31 37 28 27 21 9 22 12 3 14 15 32 7 24 16 34 11 5 25 17 23 20 0
1 30 2 9 12 23 7 33 36 35 28 10 21 32 26 14 6 29 25 17 3 16 34 31 27 11 20 19 15 37 24 22 4 18 5 0
1 30 2 11 26 20 29 32 34 9 16 23 15 31 21 33 4 14 22 24 19 12 18 8 36 37 3 6 27 7 28 17 25 10 35 5 0
1 30 2 12 10 4 29 20 11 23 26 16 14 34 15 28 5 25 3 27 31 33 7 24 21 19 22 17 6 0
1 30 2 14 23 4 32 11 27 33 10 20 12 29 6 18 21 31 22 24 3 26 7 8 9 36 5 34 16 37 28 25 17 15 35 19 0
1 30 2 15 28 20 12 37 36 18 29 4 10 1 23 32 21 14 17 24 3 34 9 33 31 11 5 26 16 35 6 22 25 27 7 19 0
1 30 2 18 26 5 31 29 33 1 36 19 6 37 20 7 35 27 22 17 10 34 32 14 11 16 3 28 15 21 4 24 25 12 9 23 0
1 30 2 23 20 1 10 16 22 12 15 27 11 17 0
1 30 2 28 6 19 32 11 14 10 4 16 15 21 23 5 24 3 18 37 8 29 35 22 12 34 9 20 25 17 27 36 0
1 30 17 8 6 28 21 11 27 12 31 4 26 37 24 9 23 35 22 5 25 34 18 29 7 36 10 3 15 14 33 20 2 16 32 19 0
1 30 17 8 21 23 28 36 15 27 29 6 26 32 5 37 4 18 22 24 25 16 35 9 11 33 20 10 12 14 31 19 2 34 7 3 0
1 30 17 15 12 26 32 35 27 8 33 28 21 18 6 9 14 7 25 19 22 34 11 36 5 29 10 4 16 23 20 3 2 31 37 24 0
1 30 17 15 23 26 1 12 4 34 27 14 16 29 25 24 20 6 11 21 7 5 31 2 28 10 19 0
1 30 24 16 20 34 7 36 12 26 17 33 31 4 28 10 35 23 5 2 19 27 11 8 37 3 6 14 32 18 22 25 15 9 21 0
1 30 24 23 6 19 1 34 21 10 16 15 26 22 5 25 11 31 27 3 14 12 28 17 2 4 20 0
2 30 25 8 12 26 6 35 4 16 14 23 3 9 22 18 31 29 28 24 17 27 33 32 11 36 20 10 21 15 7 5 2 34 37 19 0
1 31 2 4 6 23 35 32 29 18 26 10 9 14 21 11 12 27 5 25 24 34 30 36 7 8 19 16 28 33 3 17 22 15 37 20 0
1 31 2 15 10 28 11 37 14 18 16 19 4 32 23 9 21 33 25 24 3 34 29 35 36 8 5 26 27 7 6 22 17 12 30 20 0
1 31 2 15 12 16 35 11 23 8 19 28 37 33 18 29 34 14 24 25 5 4 27 32 30 9 3 7 26 6 10 22 17 21 36 20 0
1 31 2 21 10 28 36 32 29 18 19 15 34 11 7 4 26 37 25 24 20 16 1 35 30 5 6 12 33 3 17 22 14 23 0
1 31 2 21 12 26 28 15 35 19 27 34 23 16 24 17 10 14 5 30 4 3 22 25 6 20 0
1 31 3 15 33 32 29 11 16 18 17 21 25 27 35 9 12 20 6 37 0
1 31 17 36 23 3 12 8 33 7 9 10 21 35 19 11 28 27 25 4 5 34 14 32 16 37 6 20 15 29 22 26 2 30 18 24 0
1 31 21 3 5 10 32 4 29 18 28 19 22 36 17 27 26 34 6 15 24 1 33 11 7 12 35 25 14 2 16 30 20 0
1 31 24 3 12 27 1 23 15 20 28 30 34 26 22 5 2 4 10 14 6 19 25 17 16 21 0
1 31 28 14 16 2 36 35 9 33 24 37 6 30 3 34 22 27 26 5 20 12 32 8 18 4 25 15 23 7 21 10 19 11 29 17 0
1 32 10 8 23 26 28 18 14 21 12 4 19 33 5 31 15 11 17 25 22 6 29 7 34 36 20 24 16 9 27 3 2 35 37 30 0
1 33 2 4 10 19 8 34 18 1 3 11 37 29 31 28 12 20 26 17 21 30 6 15 9 27 5 14 7 32 16 25 22 23 24 0
1 33 2 6 27 24 21 14 35 8 5 3 7 10 30 12 20 23 17 4 11 37 31 32 29 19 16 34 36 22 26 28 15 18 25 0
1 33 2 7 21 28 37 1 15 19 23 30 27 14 31 26 22 17 10 12 4 8 16 20 6 11 34 5 24 25 29 3 0
1 33 2 12 20 16 7 9 15 32 26 30 37 11 19 36 34 18 25 24 5 23 29 35 27 8 3 6 4 14 10 22 17 21 31 28 0
1 33 2 12 23 28 8 32 31 36 20 27 29 30 21 34 4 7 5 17 26 6 15 35 19 18 10 14 11 24 22 25 16 3 0
1 33 2 15 16 26 9 36 19 8 24 30 37 29 27 14 28 31 25 20 21 34 23 35 12 32 3 6 18 4 5 17 22 7 11 10 0
1 33 2 15 28 3 31 9 27 35 4 6 21 36 10 32 12 37 25 24 5 16 11 7 14 18 20 23 34 8 26 22 17 29 30 19 0
1 33 2 16 26 4 7 8 28 35 10 23 21 37 18 29 31 6 22 24 5 12 14 11 9 3 27 34 19 17 25 15 30 20 0
1 33 11 29 10 28 37 6 7 26 8 3 15 36 35 2 18 0
1 33 15 4 22 28 35 34 32 36 5 21 9 29 27 31 24 25 26 6 12 16 7 11 18 10 17 30 14 37 20 23 3 19 8 2 0
1 33 17 30 28 19 14 35 32 36 21 6 4 11 20 27 23 16 24 25 5 31 12 34 9 8 10 26 15 37 7 22 2 29 18 3 0
1 33 22 21 12 19 32 30 9 37 10 28 11 29 6 27 16 7 17 24 20 15 26 35 14 8 25 34 31 1 4 2 5 23 18 3 0
1 33 25 8 10 5 23 11 7 34 29 4 26 36 3 30 12 14 17 20 24 21 31 32 27 18 28 19 15 6 35 22 2 37 9 16 0
1 33 25 20 14 26 36 11 16 18 10 23 21 7 27 34 6 9 22 3 28 30 12 32 15 8 24 4 29 31 5 17 2 37 35 19 0
1 33 25 21 6 5 23 37 14 1 31 20 3 26 7 16 18 2 22 10 12 32 30 9 4 28 15 11 27 19 17 34 29 24 0
1 33 37 2 34 16 36 26 1 15 17 4 31 6 24 27 28 25 12 22 23 32 30 21 0
1 34 2 10 28 9 26 12 23 11 4 19 29 6 1 21 0
1 34 2 14 6 10 32 35 26 8 28 31 30 29 12 37 15 9 24 17 19 16 4 36 23 33 20 11 27 18 5 22 25 21 7 3 0
1 34 2 20 4 24 32 7 9 3 26 37 1 12 16 14 31 22 25 23 18 29 21 19 15 33 6 17 5 27 10 0
1 34 2 20 26 22 16 1 6 5 28 31 27 11 30 25 4 3 14 8 15 29 23 12 10 17 24 7 19 0
1 34 2 21 6 31 14 1 23 3 15 27 4 12 24 22 19 26 28 20 11 30 25 17 5 16 10 0
1 34 2 21 23 4 31 14 1 28 27 12 24 17 20 10 3 26 19 25 22 5 0
1 34 2 26 23 17 35 7 29 19 24 3 18 10 6 4 21 25 28 5 33 14 20 8 16 12 27 22 32 15 0
1 34 2 36 16 6 3 37 4 14 31 23 28 29 5 33 7 11 25 26 22 30 8 18 12 32 19 24 15 21 9 10 17 27 35 20 0
1 34 5 21 12 28 1 33 20 3 14 26 15 4 31 25 6 24 16 11 8 29 22 23 9 10 2 17 30 7 19 0
1 34 5 35 19 20 10 29 30 8 4 6 22 32 25 27 11 15 24 26 28 9 36 16 21 31 23 17 18 33 7 3 2 12 37 14 0
1 34 12 19 26 35 8 28 37 18 21 2 32 23 6 10 27 22 20 9 36 25 17 24 3 4 5 0
1 34 17 21 16 28 18 8 20 32 6 11 33 37 15 7 12 3 25 24 10 19 30 35 23 36 4 29 14 26 2 22 31 27 5 0
1 34 18 17 16 32 1 15 36 35 14 25 12 22 27 21 0
1 34 24 6 12 4 7 30 29 35 19 3 11 23 14 28 27 22 10 2 32 31 36 8 5 16 20 26 17 25 15 9 21 0
1 34 32 19 10 20 8 4 31 9 21 5 24 37 22 15 16 6 33 27 3 18 35 29 30 7 26 14 11 25 36 2 28 23 17 0
1 35 2 16 6 20 12 18 7 27 30 26 4 37 22 15 28 36 25 5 19 29 31 9 21 1 10 3 11 14 23 24 17 32 33 34 0
1 35 2 37 6 16 32 7 18 4 11 36 9 15 30 5 17 24 21 33 8 27 31 3 29 14 34 25 22 12 20 0
1 35 16 19 3 6 10 1 4 34 17 9 2 27 25 24 20 11 36 8 5 23 21 28 22 15 14 26 0
1 35 17 1 2 8 0
1 35 20 2 19 22 25 8 10 5 24 3 17 0
1 35 22 34 9 20 37 8 14 11 32 18 10 33 16 24 21 4 0
1 35 25 7 26 19 21 9 11 8 31 34 24 27 5 37 16 33 17 10 20 12 14 18 15 36 6 22 4 23 29 3 2 30 28 0
1 36 2 15 26 16 8 35 37 18 10 19 12 31 27 4 23 24 22 3 6 11 9 33 7 5 34 30 32 20 25 17 21 14 28 0
1 36 2 21 23 16 32 29 10 35 4 28 33 37 31 7 15 34 22 5 24 12 27 11 9 8 20 14 30 6 3 17 25 26 18 19 0
1 36 2 29 12 3 34 35 15 10 20 9 32 6 4 26 25 19 37 33 17 5 14 24 0
1 36 2 33 26 3 15 32 14 9 11 23 21 35 28 18 4 7 24 22 5 12 37 27 29 1 25 10 31 16 6 20 17 34 30 19 0
1 36 2 34 6 10 8 12 35 28 20 29 30 14 11 23 24 22 5 4 31 7 3 21 27 15 26 25 17 16 19 0
1 36 2 35 15 10 16 31 14 33 27 19 4 18 3 7 6 29 17 22 5 34 11 1 21 37 20 28 30 12 23 24 25 32 9 26 0
1 36 2 37 23 19 8 9 11 35 26 28 15 29 6 31 4 27 25 5 3 16 14 7 18 30 20 21 34 33 10 22 17 12 32 24 0
1 36 17 1 19 10 7 6 8 35 20 24 2 30 3 29 18 25 22 5 0
1 36 17 21 19 23 26 8 33 16 9 6 24 18 20 29 4 35 25 5 28 34 37 11 27 32 3 10 30 14 15 22 2 12 7 31 0
1 36 17 34 28 5 21 27 29 32 6 19 23 18 10 37 12 7 22 25 24 15 30 1 11 20 3 16 9 14 26 2 33 31 4 0
1 36 22 6 12 10 32 31 7 8 20 21 29 15 37 9 28 26 5 17 19 11 16 34 35 3 18 14 27 23 2 25 4 33 24 0
1 36 25 34 5 20 30 8 37 29 7 21 4 33 23 32 6 9 22 2 19 14 11 16 27 18 3 28 12 35 26 24 17 15 31 10 0
1 37 2 10 26 23 36 35 30 4 21 34 29 11 14 27 16 24 17 3 6 31 8 5 12 28 19 22 25 15 7 20 0
1 37 2 11 20 23 18 9 35 8 3 26 15 29 4 14 10 31 17 24 19 16 30 7 27 32 5 12 33 36 28 22 25 21 34 6 0
1 37 2 11 26 20 31 1 14 34 10 21 9 19 33 12 7 5 22 24 16 29 4 18 3 23 15 27 6 25 17 32 30 28 0
1 37 2 15 10 20 33 30 35 1 12 28 21 9 23 31 4 11 25 22 5 27 7 18 36 32 3 6 16 29 19 24 17 34 14 26 0
1 37 2 15 20 10 30 36 7 1 23 28 4 35 26 27 9 34 22 24 19 31 21 33 32 5 6 16 11 25 17 12 14 3 0
1 37 2 16 6 10 35 15 9 28 34 14 11 26 27 4 7 25 24 5 12 29 8 3 31 21 30 20 17 22 23 33 19 0
1 37 2 16 26 21 35 8 29 9 10 20 27 31 34 4 23 11 24 17 3 15 14 33 7 36 5 12 18 19 22 25 6 30 28 0
1 37 2 20 28 36 14 3 18 26 31 16 19 32 27 9 12 25 34 15 35 8 5 10 17 21 4 6 24 22 0
1 37 2 27 26 9 33 8 15 32 4 19 30 29 21 31 34 10 22 20 24 11 14 35 16 36 5 23 6 18 3 17 12 7 28 0
1 37 2 28 16 4 1 23 10 14 31 6 27 22 20 3 34 5 17 26 19 0
1 37 5 2 4 8 33 14 32 30 6 25 9 16 15 29 21 11 19 3 10 35 22 31 18 17 26 27 12 36 28 24 20 7 34 23 0
1 37 10 2 16 8 33 26 32 4 12 25 9 7 23 30 34 31 28 5 19 35 24 6 18 17 15 11 22 36 27 20 3 29 14 21 0
1 37 17 6 12 23 11 35 9 8 19 28 36 34 14 31 21 16 22 25 24 33 27 29 18 7 3 15 26 32 10 2 5 4 30 0
1 37 17 16 5 6 29 8 28 9 14 31 33 7 3 32 27 18 2 20 22 19 11 36 21 35 26 15 23 12 10 25 24 34 30 4 0
1 37 17 16 28 20 18 7 14 8 26 23 12 35 4 33 21 31 22 2 3 34 30 32 11 36 5 6 27 29 10 25 24 15 9 19 0
1 37 25 16 19 10 23 32 27 12 21 26 28 33 24 9 4 8 17 3 5 31 11 36 34 18 6 20 7 30 14 22 2 35 29 15 0
0
Skipped
1
7
15
6
14
27
35
30
10
25
17
?
22
18
19
2
31
9
8
16
4
13
5
3
12
21
11
26
24
23
32
28
20
34
33
29
