voterId,rank1,rank2,rank3,rank4,rank5,rank6,rank7,rank8,rank9,rank10,numSeats,numCands
0,Lab,skipped,skipped,skipped,skipped,skipped,skipped,skipped,skipped,skipped,,10
1,Lab,skipped,skipped,skipped,skipped,skipped,skipped,skipped,skipped,skipped,,10
2,Lab,skipped,skipped,skipped,skipped,skipped,skipped,skipped,skipped,skipped,,10
3,Lab,skipped,skipped,skipped,skipped,skipped,skipped,skipped,skipped,skipped,,10
4,Lab,skipped,skipped,skipped,skipped,skipped,skipped,skipped,skipped,skipped,,10
5,Lab,skipped,skipped,skipped,skipped,skipped,skipped,skipped,skipped,skipped,,10
6,Lab,skipped,skipped,skipped,skipped,skipped,skipped,skipped,skipped,skipped,,10
7,Lab,skipped,skipped,skipped,skipped,skipped,skipped,skipped,skipped,skipped,,10
8,Lab,skipped,skipped,skipped,skipped,skipped,skipped,skipped,skipped,skipped,,10
9,Lab,skipped,skipped,skipped,skipped,skipped,skipped,skipped,skipped,skipped,,10
10,Lab,skipped,skipped,skipped,skipped,skipped,skipped,skipped,skipped,skipped,,10
11,Lab,skipped,skipped,skipped,skipped,skipped,skipped,skipped,skipped,skipped,,10
12,Lab,skipped,skipped,skipped,skipped,skipped,skipped,skipped,skipped,skipped,,10
13,Lab,skipped,skipped,skipped,skipped,skipped,skipped,skipped,skipped,skipped,,10
14,Lab,skipped,skipped,skipped,skipped,skipped,skipped,skipped,skipped,skipped,,10
15,Lab,skipped,skipped,skipped,skipped,skipped,skipped,skipped,skipped,skipped,,10
16,Lab,skipped,skipped,skipped,skipped,skipped,skipped,skipped,skipped,skipped,,10
17,Lab,skipped,skipped,skipped,skipped,skipped,skipped,skipped,skipped,skipped,,10
18,Lab,skipped,skipped,skipped,skipped,skipped,skipped,skipped,skipped,skipped,,10
19,Lab,skipped,skipped,skipped,skipped,skipped,skipped,skipped,skipped,skipped,,10
20,Lab,skipped,skipped,skipped,skipped,skipped,skipped,skipped,skipped,skipped,,10
21,Lab,skipped,skipped,skipped,skipped,skipped,skipped,skipped,skipped,skipped,,10
22,Lab,skipped,skipped,skipped,skipped,skipped,skipped,skipped,skipped,skipped,,10
23,Lab,skipped,skipped,skipped,skipped,skipped,skipped,skipped,skipped,skipped,,10
24,Lab,skipped,skipped,skipped,skipped,skipped,skipped,skipped,skipped,skipped,,10
25,Lab,skipped,skipped,skipped,skipped,skipped,skipped,skipped,skipped,skipped,,10
26,Lab,skipped,skipped,skipped,skipped,skipped,skipped,skipped,skipped,skipped,,10
27,Lab,skipped,skipped,skipped,skipped,skipped,skipped,skipped,skipped,skipped,,10
28,Lab,skipped,skipped,skipped,skipped,skipped,skipped,skipped,skipped,skipped,,10
29,Lab,skipped,skipped,skipped,skipped,skipped,skipped,skipped,skipped,skipped,,10
30,Lab,skipped,skipped,skipped,skipped,skipped,skipped,skipped,skipped,skipped,,10
31,Lab,skipped,skipped,skipped,skipped,skipped,skipped,skipped,skipped,skipped,,10
32,Lab,skipped,skipped,skipped,skipped,skipped,skipped,skipped,skipped,skipped,,10
33,Lab,skipped,skipped,skipped,skipped,skipped,skipped,skipped,skipped,skipped,,10
34,Lab,skipped,skipped,skipped,skipped,skipped,skipped,skipped,skipped,skipped,,10
35,Lab,skipped,skipped,skipped,skipped,skipped,skipped,skipped,skipped,skipped,,10
36,Lab,skipped,skipped,skipped,skipped,skipped,skipped,skipped,skipped,skipped,,10
37,Lab,skipped,skipped,skipped,skipped,skipped,skipped,skipped,skipped,skipped,,10
38,Lab,skipped,skipped,skipped,skipped,skipped,skipped,skipped,skipped,skipped,,10
39,Lab,skipped,skipped,skipped,skipped,skipped,skipped,skipped,skipped,skipped,,10
40,Lab,skipped,skipped,skipped,skipped,skipped,skipped,skipped,skipped,skipped,,10
41,Lab,skipped,skipped,skipped,skipped,skipped,skipped,skipped,skipped,skipped,,10
42,Lab,skipped,skipped,skipped,skipped,skipped,skipped,skipped,skipped,skipped,,10
43,Lab,skipped,skipped,skipped,skipped,skipped,skipped,skipped,skipped,skipped,,10
44,Lab,skipped,skipped,skipped,skipped,skipped,skipped,skipped,skipped,skipped,,10
45,Lab,skipped,skipped,skipped,skipped,skipped,skipped,skipped,skipped,skipped,,10
46,Lab,skipped,skipped,skipped,skipped,skipped,skipped,skipped,skipped,skipped,,10
47,Lab,skipped,skipped,skipped,skipped,skipped,skipped,skipped,skipped,skipped,,10
48,Lab,skipped,skipped,skipped,skipped,skipped,skipped,skipped,skipped,skipped,,10
49,Lab,skipped,skipped,skipped,skipped,skipped,skipped,skipped,skipped,skipped,,10
50,Lab,skipped,skipped,skipped,skipped,skipped,skipped,skipped,skipped,skipped,,10
51,Lab,skipped,skipped,skipped,skipped,skipped,skipped,skipped,skipped,skipped,,10
52,Lab,skipped,skipped,skipped,skipped,skipped,skipped,skipped,skipped,skipped,,10
53,Lab,skipped,skipped,skipped,skipped,skipped,skipped,skipped,skipped,skipped,,10
54,Lab,skipped,skipped,skipped,skipped,skipped,skipped,skipped,skipped,skipped,,10
55,Lab,skipped,skipped,skipped,skipped,skipped,skipped,skipped,skipped,skipped,,10
56,Lab,skipped,skipped,skipped,skipped,skipped,skipped,skipped,skipped,skipped,,10
57,Lab,skipped,skipped,skipped,skipped,skipped,skipped,skipped,skipped,skipped,,10
58,Lab,skipped,skipped,skipped,skipped,skipped,skipped,skipped,skipped,skipped,,10
59,Lab,skipped,skipped,skipped,skipped,skipped,skipped,skipped,skipped,skipped,,10
60,Lab,skipped,skipped,skipped,skipped,skipped,skipped,skipped,skipped,skipped,,10
61,Lab,skipped,skipped,skipped,skipped,skipped,skipped,skipped,skipped,skipped,,10
62,Lab,skipped,skipped,skipped,skipped,skipped,skipped,skipped,skipped,skipped,,10
63,Lab,skipped,skipped,skipped,skipped,skipped,skipped,skipped,skipped,skipped,,10
64,Lab,skipped,skipped,skipped,skipped,skipped,skipped,skipped,skipped,skipped,,10
65,Lab,skipped,skipped,skipped,skipped,skipped,skipped,skipped,skipped,skipped,,10
66,Lab,skipped,skipped,skipped,skipped,skipped,skipped,skipped,skipped,skipped,,10
67,Lab,skipped,skipped,skipped,skipped,skipped,skipped,skipped,skipped,skipped,,10
68,Lab,skipped,skipped,skipped,skipped,skipped,skipped,skipped,skipped,skipped,,10
69,Lab,skipped,skipped,skipped,skipped,skipped,skipped,skipped,skipped,skipped,,10
70,Lab,skipped,skipped,skipped,skipped,skipped,skipped,skipped,skipped,skipped,,10
71,Lab,skipped,skipped,skipped,skipped,skipped,skipped,skipped,skipped,skipped,,10
72,Lab,skipped,skipped,skipped,skipped,skipped,skipped,skipped,skipped,skipped,,10
73,Lab,skipped,skipped,skipped,skipped,skipped,skipped,skipped,skipped,skipped,,10
74,Lab,skipped,skipped,skipped,skipped,skipped,skipped,skipped,skipped,skipped,,10
75,Lab,skipped,skipped,skipped,skipped,skipped,skipped,skipped,skipped,skipped,,10
76,Lab,skipped,skipped,skipped,skipped,skipped,skipped,skipped,skipped,skipped,,10
77,Lab,skipped,skipped,skipped,skipped,skipped,skipped,skipped,skipped,skipped,,10
78,Lab,skipped,skipped,skipped,skipped,skipped,skipped,skipped,skipped,skipped,,10
79,Lab,skipped,skipped,skipped,skipped,skipped,skipped,skipped,skipped,skipped,,10
80,Lab,skipped,skipped,skipped,skipped,skipped,skipped,skipped,skipped,skipped,,10
81,Lab,skipped,skipped,skipped,skipped,skipped,skipped,skipped,skipped,skipped,,10
82,Lab,skipped,skipped,skipped,skipped,skipped,skipped,skipped,skipped,skipped,,10
83,Lab,skipped,skipped,skipped,skipped,skipped,skipped,skipped,skipped,skipped,,10
84,Lab,skipped,skipped,skipped,skipped,skipped,skipped,skipped,skipped,skipped,,10
85,Lab,skipped,skipped,skipped,skipped,skipped,skipped,skipped,skipped,skipped,,10
86,Lab,skipped,skipped,skipped,skipped,skipped,skipped,skipped,skipped,skipped,,10
87,Lab,skipped,skipped,skipped,skipped,skipped,skipped,skipped,skipped,skipped,,10
88,Lab,skipped,skipped,skipped,skipped,skipped,skipped,skipped,skipped,skipped,,10
89,Lab,skipped,skipped,skipped,skipped,skipped,skipped,skipped,skipped,skipped,,10
90,Lab,skipped,skipped,skipped,skipped,skipped,skipped,skipped,skipped,skipped,,10
91,Lab,skipped,skipped,skipped,skipped,skipped,skipped,skipped,skipped,skipped,,10
92,Lab,skipped,skipped,skipped,skipped,skipped,skipped,skipped,skipped,skipped,,10
93,Lab,skipped,skipped,skipped,skipped,skipped,skipped,skipped,skipped,skipped,,10
94,Lab,skipped,skipped,skipped,skipped,skipped,skipped,skipped,skipped,skipped,,10
95,Lab,skipped,skipped,skipped,skipped,skipped,skipped,skipped,skipped,skipped,,10
96,Lab,skipped,skipped,skipped,skipped,skipped,skipped,skipped,skipped,skipped,,10
97,Lab,skipped,skipped,skipped,skipped,skipped,skipped,skipped,skipped,skipped,,10
98,Lab,skipped,skipped,skipped,skipped,skipped,skipped,skipped,skipped,skipped,,10
99,Lab,skipped,skipped,skipped,skipped,skipped,skipped,skipped,skipped,skipped,,10
100,Lab,skipped,skipped,skipped,skipped,skipped,skipped,skipped,skipped,skipped,,10
101,Lab,skipped,skipped,skipped,skipped,skipped,skipped,skipped,skipped,skipped,,10
102,Lab,skipped,skipped,skipped,skipped,skipped,skipped,skipped,skipped,skipped,,10
103,Lab,skipped,skipped,skipped,skipped,skipped,skipped,skipped,skipped,skipped,,10
104,Lab,skipped,skipped,skipped,skipped,skipped,skipped,skipped,skipped,skipped,,10
105,Lab,skipped,skipped,skipped,skipped,skipped,skipped,skipped,skipped,skipped,,10
106,Lab,skipped,skipped,skipped,skipped,skipped,skipped,skipped,skipped,skipped,,10
107,Lab,skipped,skipped,skipped,skipped,skipped,skipped,skipped,skipped,skipped,,10
108,Lab,skipped,skipped,skipped,skipped,skipped,skipped,skipped,skipped,skipped,,10
109,Lab,skipped,skipped,skipped,skipped,skipped,skipped,skipped,skipped,skipped,,10
110,Lab,skipped,skipped,skipped,skipped,skipped,skipped,skipped,skipped,skipped,,10
111,Lab,skipped,skipped,skipped,skipped,skipped,skipped,skipped,skipped,skipped,,10
112,Lab,skipped,skipped,skipped,skipped,skipped,skipped,skipped,skipped,skipped,,10
113,Lab,skipped,skipped,skipped,skipped,skipped,skipped,skipped,skipped,skipped,,10
114,Lab,skipped,skipped,skipped,skipped,skipped,skipped,skipped,skipped,skipped,,10
115,Lab,skipped,skipped,skipped,skipped,skipped,skipped,skipped,skipped,skipped,,10
116,Lab,skipped,skipped,skipped,skipped,skipped,skipped,skipped,skipped,skipped,,10
117,Lab,skipped,skipped,skipped,skipped,skipped,skipped,skipped,skipped,skipped,,10
118,Lab,skipped,skipped,skipped,skipped,skipped,skipped,skipped,skipped,skipped,,10
119,Lab,skipped,skipped,skipped,skipped,skipped,skipped,skipped,skipped,skipped,,10
120,Lab,skipped,skipped,skipped,skipped,skipped,skipped,skipped,skipped,skipped,,10
121,Lab,skipped,skipped,skipped,skipped,skipped,skipped,skipped,skipped,skipped,,10
122,Lab,skipped,skipped,skipped,skipped,skipped,skipped,skipped,skipped,skipped,,10
123,Lab,skipped,skipped,skipped,skipped,skipped,skipped,skipped,skipped,skipped,,10
124,Lab,skipped,skipped,skipped,skipped,skipped,skipped,skipped,skipped,skipped,,10
125,Lab,skipped,skipped,skipped,skipped,skipped,skipped,skipped,skipped,skipped,,10
126,Lab,skipped,skipped,skipped,skipped,skipped,skipped,skipped,skipped,skipped,,10
127,Lab,skipped,skipped,skipped,skipped,skipped,skipped,skipped,skipped,skipped,,10
128,Lab,skipped,skipped,skipped,skipped,skipped,skipped,skipped,skipped,skipped,,10
129,Lab,skipped,skipped,skipped,skipped,skipped,skipped,skipped,skipped,skipped,,10
130,Lab,skipped,skipped,skipped,skipped,skipped,skipped,skipped,skipped,skipped,,10
131,Lab,skipped,skipped,skipped,skipped,skipped,skipped,skipped,skipped,skipped,,10
132,Lab,skipped,skipped,skipped,skipped,skipped,skipped,skipped,skipped,skipped,,10
133,Lab,skipped,skipped,skipped,skipped,skipped,skipped,skipped,skipped,skipped,,10
134,Lab,skipped,skipped,skipped,skipped,skipped,skipped,skipped,skipped,skipped,,10
135,Lab,skipped,skipped,skipped,skipped,skipped,skipped,skipped,skipped,skipped,,10
136,Lab,skipped,skipped,skipped,skipped,skipped,skipped,skipped,skipped,skipped,,10
137,Lab,skipped,skipped,skipped,skipped,skipped,skipped,skipped,skipped,skipped,,10
138,Lab,skipped,skipped,skipped,skipped,skipped,skipped,skipped,skipped,skipped,,10
139,Lab,skipped,skipped,skipped,skipped,skipped,skipped,skipped,skipped,skipped,,10
140,Lab,skipped,skipped,skipped,skipped,skipped,skipped,skipped,skipped,skipped,,10
141,Lab,skipped,skipped,skipped,skipped,skipped,skipped,skipped,skipped,skipped,,10
142,Lab,skipped,skipped,skipped,skipped,skipped,skipped,skipped,skipped,skipped,,10
143,Lab,skipped,skipped,skipped,skipped,skipped,skipped,skipped,skipped,skipped,,10
144,Lab,skipped,skipped,skipped,skipped,skipped,skipped,skipped,skipped,skipped,,10
145,Lab,skipped,skipped,skipped,skipped,skipped,skipped,skipped,skipped,skipped,,10
146,Lab,skipped,skipped,skipped,skipped,skipped,skipped,skipped,skipped,skipped,,10
147,Lab,skipped,skipped,skipped,skipped,skipped,skipped,skipped,skipped,skipped,,10
148,Lab,skipped,skipped,skipped,skipped,skipped,skipped,skipped,skipped,skipped,,10
149,Lab,skipped,skipped,skipped,skipped,skipped,skipped,skipped,skipped,skipped,,10
150,Lab,skipped,skipped,skipped,skipped,skipped,skipped,skipped,skipped,skipped,,10
151,Lab,skipped,skipped,skipped,skipped,skipped,skipped,skipped,skipped,skipped,,10
152,Lab,skipped,skipped,skipped,skipped,skipped,skipped,skipped,skipped,skipped,,10
153,Lab,skipped,skipped,skipped,skipped,skipped,skipped,skipped,skipped,skipped,,10
154,Lab,skipped,skipped,skipped,skipped,skipped,skipped,skipped,skipped,skipped,,10
155,Lab,skipped,skipped,skipped,skipped,skipped,skipped,skipped,skipped,skipped,,10
156,Lab,skipped,skipped,skipped,skipped,skipped,skipped,skipped,skipped,skipped,,10
157,Lab,skipped,skipped,skipped,skipped,skipped,skipped,skipped,skipped,skipped,,10
158,Lab,skipped,skipped,skipped,skipped,skipped,skipped,skipped,skipped,skipped,,10
159,Lab,skipped,skipped,skipped,skipped,skipped,skipped,skipped,skipped,skipped,,10
160,Lab,skipped,skipped,skipped,skipped,skipped,skipped,skipped,skipped,skipped,,10
161,Lab,skipped,skipped,skipped,skipped,skipped,skipped,skipped,skipped,skipped,,10
162,Lab,skipped,skipped,skipped,skipped,skipped,skipped,skipped,skipped,skipped,,10
163,Lab,skipped,skipped,skipped,skipped,skipped,skipped,skipped,skipped,skipped,,10
164,Lab,skipped,skipped,skipped,skipped,skipped,skipped,skipped,skipped,skipped,,10
165,Lab,skipped,skipped,skipped,skipped,skipped,skipped,skipped,skipped,skipped,,10
166,Lab,skipped,skipped,skipped,skipped,skipped,skipped,skipped,skipped,skipped,,10
167,Lab,skipped,skipped,skipped,skipped,skipped,skipped,skipped,skipped,skipped,,10
168,Lab,skipped,skipped,skipped,skipped,skipped,skipped,skipped,skipped,skipped,,10
169,Lab,skipped,skipped,skipped,skipped,skipped,skipped,skipped,skipped,skipped,,10
170,Lab,skipped,skipped,skipped,skipped,skipped,skipped,skipped,skipped,skipped,,10
171,Lab,skipped,skipped,skipped,skipped,skipped,skipped,skipped,skipped,skipped,,10
172,Lab,skipped,skipped,skipped,skipped,skipped,skipped,skipped,skipped,skipped,,10
173,Lab,skipped,skipped,skipped,skipped,skipped,skipped,skipped,skipped,skipped,,10
174,Lab,skipped,skipped,skipped,skipped,skipped,skipped,skipped,skipped,skipped,,10
175,Lab,skipped,skipped,skipped,skipped,skipped,skipped,skipped,skipped,skipped,,10
176,Lab,skipped,skipped,skipped,skipped,skipped,skipped,skipped,skipped,skipped,,10
177,Lab,skipped,skipped,skipped,skipped,skipped,skipped,skipped,skipped,skipped,,10
178,Lab,skipped,skipped,skipped,skipped,skipped,skipped,skipped,skipped,skipped,,10
179,Lab,skipped,skipped,skipped,skipped,skipped,skipped,skipped,skipped,skipped,,10
180,Lab,skipped,skipped,skipped,skipped,skipped,skipped,skipped,skipped,skipped,,10
181,Lab,skipped,skipped,skipped,skipped,skipped,skipped,skipped,skipped,skipped,,10
182,Lab,skipped,skipped,skipped,skipped,skipped,skipped,skipped,skipped,skipped,,10
183,Lab,skipped,skipped,skipped,skipped,skipped,skipped,skipped,skipped,skipped,,10
184,Lab,skipped,skipped,skipped,skipped,skipped,skipped,skipped,skipped,skipped,,10
185,Lab,skipped,skipped,skipped,skipped,skipped,skipped,skipped,skipped,skipped,,10
186,Lab,skipped,skipped,skipped,skipped,skipped,skipped,skipped,skipped,skipped,,10
187,Lab,skipped,skipped,skipped,skipped,skipped,skipped,skipped,skipped,skipped,,10
188,Lab,skipped,skipped,skipped,skipped,skipped,skipped,skipped,skipped,skipped,,10
189,Lab,skipped,skipped,skipped,skipped,skipped,skipped,skipped,skipped,skipped,,10
190,Lab,skipped,skipped,skipped,skipped,skipped,skipped,skipped,skipped,skipped,,10
191,Lab,skipped,skipped,skipped,skipped,skipped,skipped,skipped,skipped,skipped,,10
192,Lab,skipped,skipped,skipped,skipped,skipped,skipped,skipped,skipped,skipped,,10
193,Lab,skipped,skipped,skipped,skipped,skipped,skipped,skipped,skipped,skipped,,10
194,Lab,skipped,skipped,skipped,skipped,skipped,skipped,skipped,skipped,skipped,,10
195,Lab,skipped,skipped,skipped,skipped,skipped,skipped,skipped,skipped,skipped,,10
196,Lab,skipped,skipped,skipped,skipped,skipped,skipped,skipped,skipped,skipped,,10
197,Lab,skipped,skipped,skipped,skipped,skipped,skipped,skipped,skipped,skipped,,10
198,Lab,skipped,skipped,skipped,skipped,skipped,skipped,skipped,skipped,skipped,,10
199,Lab,skipped,skipped,skipped,skipped,skipped,skipped,skipped,skipped,skipped,,10
200,Lab,skipped,skipped,skipped,skipped,skipped,skipped,skipped,skipped,skipped,,10
201,Lab,skipped,skipped,skipped,skipped,skipped,skipped,skipped,skipped,skipped,,10
202,Lab,skipped,skipped,skipped,skipped,skipped,skipped,skipped,skipped,skipped,,10
203,Lab,skipped,skipped,skipped,skipped,skipped,skipped,skipped,skipped,skipped,,10
204,Lab,skipped,skipped,skipped,skipped,skipped,skipped,skipped,skipped,skipped,,10
205,Lab,skipped,skipped,skipped,skipped,skipped,skipped,skipped,skipped,skipped,,10
206,Lab,skipped,skipped,skipped,skipped,skipped,skipped,skipped,skipped,skipped,,10
207,Lab,skipped,skipped,skipped,skipped,skipped,skipped,skipped,skipped,skipped,,10
208,Lab,skipped,skipped,skipped,skipped,skipped,skipped,skipped,skipped,skipped,,10
209,Lab,skipped,skipped,skipped,skipped,skipped,skipped,skipped,skipped,skipped,,10
210,Lab,skipped,skipped,skipped,skipped,skipped,skipped,skipped,skipped,skipped,,10
211,Lab,skipped,skipped,skipped,skipped,skipped,skipped,skipped,skipped,skipped,,10
212,Lab,skipped,skipped,skipped,skipped,skipped,skipped,skipped,skipped,skipped,,10
213,Lab,skipped,skipped,skipped,skipped,skipped,skipped,skipped,skipped,skipped,,10
214,Lab,skipped,skipped,skipped,skipped,skipped,skipped,skipped,skipped,skipped,,10
215,Lab,skipped,skipped,skipped,skipped,skipped,skipped,skipped,skipped,skipped,,10
216,Lab,skipped,skipped,skipped,skipped,skipped,skipped,skipped,skipped,skipped,,10
217,Lab,skipped,skipped,skipped,skipped,skipped,skipped,skipped,skipped,skipped,,10
218,Lab,skipped,skipped,skipped,skipped,skipped,skipped,skipped,skipped,skipped,,10
219,Lab,skipped,skipped,skipped,skipped,skipped,skipped,skipped,skipped,skipped,,10
220,Lab,skipped,skipped,skipped,skipped,skipped,skipped,skipped,skipped,skipped,,10
221,Lab,skipped,skipped,skipped,skipped,skipped,skipped,skipped,skipped,skipped,,10
222,Lab,skipped,skipped,skipped,skipped,skipped,skipped,skipped,skipped,skipped,,10
223,Lab,skipped,skipped,skipped,skipped,skipped,skipped,skipped,skipped,skipped,,10
224,Lab,skipped,skipped,skipped,skipped,skipped,skipped,skipped,skipped,skipped,,10
225,Lab,skipped,skipped,skipped,skipped,skipped,skipped,skipped,skipped,skipped,,10
226,Lab,skipped,skipped,skipped,skipped,skipped,skipped,skipped,skipped,skipped,,10
227,Lab,skipped,skipped,skipped,skipped,skipped,skipped,skipped,skipped,skipped,,10
228,Lab,skipped,skipped,skipped,skipped,skipped,skipped,skipped,skipped,skipped,,10
229,Lab,skipped,skipped,skipped,skipped,skipped,skipped,skipped,skipped,skipped,,10
230,Lab,skipped,skipped,skipped,skipped,skipped,skipped,skipped,skipped,skipped,,10
231,Lab,skipped,skipped,skipped,skipped,skipped,skipped,skipped,skipped,skipped,,10
232,Lab,skipped,skipped,skipped,skipped,skipped,skipped,skipped,skipped,skipped,,10
233,Lab,skipped,skipped,skipped,skipped,skipped,skipped,skipped,skipped,skipped,,10
234,Lab,skipped,skipped,skipped,skipped,skipped,skipped,skipped,skipped,skipped,,10
235,Lab,skipped,skipped,skipped,skipped,skipped,skipped,skipped,skipped,skipped,,10
236,Lab,skipped,skipped,skipped,skipped,skipped,skipped,skipped,skipped,skipped,,10
237,Lab,skipped,skipped,skipped,skipped,skipped,skipped,skipped,skipped,skipped,,10
238,Lab,skipped,skipped,skipped,skipped,skipped,skipped,skipped,skipped,skipped,,10
239,Lab,skipped,skipped,skipped,skipped,skipped,skipped,skipped,skipped,skipped,,10
240,Lab,skipped,skipped,skipped,skipped,skipped,skipped,skipped,skipped,skipped,,10
241,Lab,skipped,skipped,skipped,skipped,skipped,skipped,skipped,skipped,skipped,,10
242,Lab,skipped,skipped,skipped,skipped,skipped,skipped,skipped,skipped,skipped,,10
243,Lab,skipped,skipped,skipped,skipped,skipped,skipped,skipped,skipped,skipped,,10
244,Lab,skipped,skipped,skipped,skipped,skipped,skipped,skipped,skipped,skipped,,10
245,Lab,skipped,skipped,skipped,skipped,skipped,skipped,skipped,skipped,skipped,,10
246,Lab,skipped,skipped,skipped,skipped,skipped,skipped,skipped,skipped,skipped,,10
247,Lab,skipped,skipped,skipped,skipped,skipped,skipped,skipped,skipped,skipped,,10
248,Lab,skipped,skipped,skipped,skipped,skipped,skipped,skipped,skipped,skipped,,10
249,Lab,skipped,skipped,skipped,skipped,skipped,skipped,skipped,skipped,skipped,,10
250,Lab,skipped,skipped,skipped,skipped,skipped,skipped,skipped,skipped,skipped,,10
251,Lab,skipped,skipped,skipped,skipped,skipped,skipped,skipped,skipped,skipped,,10
252,Lab,skipped,skipped,skipped,skipped,skipped,skipped,skipped,skipped,skipped,,10
253,Lab,skipped,skipped,skipped,skipped,skipped,skipped,skipped,skipped,skipped,,10
254,Lab,skipped,skipped,skipped,skipped,skipped,skipped,skipped,skipped,skipped,,10
255,Lab,skipped,skipped,skipped,skipped,skipped,skipped,skipped,skipped,skipped,,10
256,Lab,skipped,skipped,skipped,skipped,skipped,skipped,skipped,skipped,skipped,,10
257,Lab,skipped,skipped,skipped,skipped,skipped,skipped,skipped,skipped,skipped,,10
258,Lab,skipped,skipped,skipped,skipped,skipped,skipped,skipped,skipped,skipped,,10
259,Lab,skipped,skipped,skipped,skipped,skipped,skipped,skipped,skipped,skipped,,10
260,Lab,skipped,skipped,skipped,skipped,skipped,skipped,skipped,skipped,skipped,,10
261,Lab,skipped,skipped,skipped,skipped,skipped,skipped,skipped,skipped,skipped,,10
262,Lab,skipped,skipped,skipped,skipped,skipped,skipped,skipped,skipped,skipped,,10
263,Lab,skipped,skipped,skipped,skipped,skipped,skipped,skipped,skipped,skipped,,10
264,Lab,skipped,skipped,skipped,skipped,skipped,skipped,skipped,skipped,skipped,,10
265,Lab,skipped,skipped,skipped,skipped,skipped,skipped,skipped,skipped,skipped,,10
266,Lab,skipped,skipped,skipped,skipped,skipped,skipped,skipped,skipped,skipped,,10
267,Lab,skipped,skipped,skipped,skipped,skipped,skipped,skipped,skipped,skipped,,10
268,Lab,skipped,skipped,skipped,skipped,skipped,skipped,skipped,skipped,skipped,,10
269,Lab,skipped,skipped,skipped,skipped,skipped,skipped,skipped,skipped,skipped,,10
270,Lab,skipped,skipped,skipped,skipped,skipped,skipped,skipped,skipped,skipped,,10
271,Lab,skipped,skipped,skipped,skipped,skipped,skipped,skipped,skipped,skipped,,10
272,Lab,skipped,skipped,skipped,skipped,skipped,skipped,skipped,skipped,skipped,,10
273,Lab,skipped,skipped,skipped,skipped,skipped,skipped,skipped,skipped,skipped,,10
274,Lab,skipped,skipped,skipped,skipped,skipped,skipped,skipped,skipped,skipped,,10
275,Lab,skipped,skipped,skipped,skipped,skipped,skipped,skipped,skipped,skipped,,10
276,Lab,skipped,skipped,skipped,skipped,skipped,skipped,skipped,skipped,skipped,,10
277,Lab,skipped,skipped,skipped,skipped,skipped,skipped,skipped,skipped,skipped,,10
278,Lab,skipped,skipped,skipped,skipped,skipped,skipped,skipped,skipped,skipped,,10
279,Lab,skipped,skipped,skipped,skipped,skipped,skipped,skipped,skipped,skipped,,10
280,Lab,skipped,skipped,skipped,skipped,skipped,skipped,skipped,skipped,skipped,,10
281,Lab,skipped,skipped,skipped,skipped,skipped,skipped,skipped,skipped,skipped,,10
282,Lab,skipped,skipped,skipped,skipped,skipped,skipped,skipped,skipped,skipped,,10
283,Lab,skipped,skipped,skipped,skipped,skipped,skipped,skipped,skipped,skipped,,10
284,Lab,skipped,skipped,skipped,skipped,skipped,skipped,skipped,skipped,skipped,,10
285,Lab,skipped,skipped,skipped,skipped,skipped,skipped,skipped,skipped,skipped,,10
286,Lab,skipped,skipped,skipped,skipped,skipped,skipped,skipped,skipped,skipped,,10
287,Lab,skipped,skipped,skipped,skipped,skipped,skipped,skipped,skipped,skipped,,10
288,Lab,skipped,skipped,skipped,skipped,skipped,skipped,skipped,skipped,skipped,,10
289,Lab,skipped,skipped,skipped,skipped,skipped,skipped,skipped,skipped,skipped,,10
290,Lab,skipped,skipped,skipped,skipped,skipped,skipped,skipped,skipped,skipped,,10
291,Lab,skipped,skipped,skipped,skipped,skipped,skipped,skipped,skipped,skipped,,10
292,Lab,skipped,skipped,skipped,skipped,skipped,skipped,skipped,skipped,skipped,,10
293,Lab,skipped,skipped,skipped,skipped,skipped,skipped,skipped,skipped,skipped,,10
294,Lab,skipped,skipped,skipped,skipped,skipped,skipped,skipped,skipped,skipped,,10
295,Lab,skipped,skipped,skipped,skipped,skipped,skipped,skipped,skipped,skipped,,10
296,Lab,skipped,skipped,skipped,skipped,skipped,skipped,skipped,skipped,skipped,,10
297,Lab,skipped,skipped,skipped,skipped,skipped,skipped,skipped,skipped,skipped,,10
298,Lab,skipped,skipped,skipped,skipped,skipped,skipped,skipped,skipped,skipped,,10
299,Lab,skipped,skipped,skipped,skipped,skipped,skipped,skipped,skipped,skipped,,10
300,Lab,skipped,skipped,skipped,skipped,skipped,skipped,skipped,skipped,skipped,,10
301,Lab,skipped,skipped,skipped,skipped,skipped,skipped,skipped,skipped,skipped,,10
302,Lab,skipped,skipped,skipped,skipped,skipped,skipped,skipped,skipped,skipped,,10
303,Lab,skipped,skipped,skipped,skipped,skipped,skipped,skipped,skipped,skipped,,10
304,Lab,skipped,skipped,skipped,skipped,skipped,skipped,skipped,skipped,skipped,,10
305,Lab,skipped,skipped,skipped,skipped,skipped,skipped,skipped,skipped,skipped,,10
306,Lab,skipped,skipped,skipped,skipped,skipped,skipped,skipped,skipped,skipped,,10
307,Lab,skipped,skipped,skipped,skipped,skipped,skipped,skipped,skipped,skipped,,10
308,Lab,skipped,skipped,skipped,skipped,skipped,skipped,skipped,skipped,skipped,,10
309,Lab,skipped,skipped,skipped,skipped,skipped,skipped,skipped,skipped,skipped,,10
310,Lab,skipped,skipped,skipped,skipped,skipped,skipped,skipped,skipped,skipped,,10
311,Lab,skipped,skipped,skipped,skipped,skipped,skipped,skipped,skipped,skipped,,10
312,Lab,skipped,skipped,skipped,skipped,skipped,skipped,skipped,skipped,skipped,,10
313,Lab,skipped,skipped,skipped,skipped,skipped,skipped,skipped,skipped,skipped,,10
314,Lab,skipped,skipped,skipped,skipped,skipped,skipped,skipped,skipped,skipped,,10
315,Lab,skipped,skipped,skipped,skipped,skipped,skipped,skipped,skipped,skipped,,10
316,Lab,skipped,skipped,skipped,skipped,skipped,skipped,skipped,skipped,skipped,,10
317,Lab,skipped,skipped,skipped,skipped,skipped,skipped,skipped,skipped,skipped,,10
318,Lab,skipped,skipped,skipped,skipped,skipped,skipped,skipped,skipped,skipped,,10
319,Lab,skipped,skipped,skipped,skipped,skipped,skipped,skipped,skipped,skipped,,10
320,Lab,skipped,skipped,skipped,skipped,skipped,skipped,skipped,skipped,skipped,,10
321,Lab,skipped,skipped,skipped,skipped,skipped,skipped,skipped,skipped,skipped,,10
322,Lab,skipped,skipped,skipped,skipped,skipped,skipped,skipped,skipped,skipped,,10
323,Lab,skipped,skipped,skipped,skipped,skipped,skipped,skipped,skipped,skipped,,10
324,Lab,skipped,skipped,skipped,skipped,skipped,skipped,skipped,skipped,skipped,,10
325,Lab,skipped,skipped,skipped,skipped,skipped,skipped,skipped,skipped,skipped,,10
326,Lab,skipped,skipped,skipped,skipped,skipped,skipped,skipped,skipped,skipped,,10
327,Lab,skipped,skipped,skipped,skipped,skipped,skipped,skipped,skipped,skipped,,10
328,Lab,skipped,skipped,skipped,skipped,skipped,skipped,skipped,skipped,skipped,,10
329,Lab,skipped,skipped,skipped,skipped,skipped,skipped,skipped,skipped,skipped,,10
330,Lab,skipped,skipped,skipped,skipped,skipped,skipped,skipped,skipped,skipped,,10
331,Lab,skipped,skipped,skipped,skipped,skipped,skipped,skipped,skipped,skipped,,10
332,Lab,skipped,skipped,skipped,skipped,skipped,skipped,skipped,skipped,skipped,,10
333,Lab,skipped,skipped,skipped,skipped,skipped,skipped,skipped,skipped,skipped,,10
334,Lab,skipped,skipped,skipped,skipped,skipped,skipped,skipped,skipped,skipped,,10
335,Lab,skipped,skipped,skipped,skipped,skipped,skipped,skipped,skipped,skipped,,10
336,Lab,skipped,skipped,skipped,skipped,skipped,skipped,skipped,skipped,skipped,,10
337,Lab,skipped,skipped,skipped,skipped,skipped,skipped,skipped,skipped,skipped,,10
338,Lab,skipped,skipped,skipped,skipped,skipped,skipped,skipped,skipped,skipped,,10
339,Lab,skipped,skipped,skipped,skipped,skipped,skipped,skipped,skipped,skipped,,10
340,Lab,skipped,skipped,skipped,skipped,skipped,skipped,skipped,skipped,skipped,,10
341,Lab,skipped,skipped,skipped,skipped,skipped,skipped,skipped,skipped,skipped,,10
342,Lab,skipped,skipped,skipped,skipped,skipped,skipped,skipped,skipped,skipped,,10
343,Lab,skipped,skipped,skipped,skipped,skipped,skipped,skipped,skipped,skipped,,10
344,Lab,skipped,skipped,skipped,skipped,skipped,skipped,skipped,skipped,skipped,,10
345,Lab,skipped,skipped,skipped,skipped,skipped,skipped,skipped,skipped,skipped,,10
346,Lab,skipped,skipped,skipped,skipped,skipped,skipped,skipped,skipped,skipped,,10
347,Lab,skipped,skipped,skipped,skipped,skipped,skipped,skipped,skipped,skipped,,10
348,Lab,skipped,skipped,skipped,skipped,skipped,skipped,skipped,skipped,skipped,,10
349,Lab,skipped,skipped,skipped,skipped,skipped,skipped,skipped,skipped,skipped,,10
350,Lab,skipped,skipped,skipped,skipped,skipped,skipped,skipped,skipped,skipped,,10
351,Lab,skipped,skipped,skipped,skipped,skipped,skipped,skipped,skipped,skipped,,10
352,Lab,skipped,skipped,skipped,skipped,skipped,skipped,skipped,skipped,skipped,,10
353,Lab,skipped,skipped,skipped,skipped,skipped,skipped,skipped,skipped,skipped,,10
354,Lab,skipped,skipped,skipped,skipped,skipped,skipped,skipped,skipped,skipped,,10
355,Lab,skipped,skipped,skipped,skipped,skipped,skipped,skipped,skipped,skipped,,10
356,Lab,skipped,skipped,skipped,skipped,skipped,skipped,skipped,skipped,skipped,,10
357,Lab,skipped,skipped,skipped,skipped,skipped,skipped,skipped,skipped,skipped,,10
358,Lab,skipped,skipped,skipped,skipped,skipped,skipped,skipped,skipped,skipped,,10
359,Lab,skipped,skipped,skipped,skipped,skipped,skipped,skipped,skipped,skipped,,10
360,Lab,skipped,skipped,skipped,skipped,skipped,skipped,skipped,skipped,skipped,,10
361,Lab,skipped,skipped,skipped,skipped,skipped,skipped,skipped,skipped,skipped,,10
362,Lab,skipped,skipped,skipped,skipped,skipped,skipped,skipped,skipped,skipped,,10
363,Lab,skipped,skipped,skipped,skipped,skipped,skipped,skipped,skipped,skipped,,10
364,Lab,skipped,skipped,skipped,skipped,skipped,skipped,skipped,skipped,skipped,,10
365,Lab,skipped,skipped,skipped,skipped,skipped,skipped,skipped,skipped,skipped,,10
366,Lab,skipped,skipped,skipped,skipped,skipped,skipped,skipped,skipped,skipped,,10
367,Lab,skipped,skipped,skipped,skipped,skipped,skipped,skipped,skipped,skipped,,10
368,Lab,skipped,skipped,skipped,skipped,skipped,skipped,skipped,skipped,skipped,,10
369,Lab,skipped,skipped,skipped,skipped,skipped,skipped,skipped,skipped,skipped,,10
370,Lab,skipped,skipped,skipped,skipped,skipped,skipped,skipped,skipped,skipped,,10
371,Lab,skipped,skipped,skipped,skipped,skipped,skipped,skipped,skipped,skipped,,10
372,Lab,skipped,skipped,skipped,skipped,skipped,skipped,skipped,skipped,skipped,,10
373,Lab,skipped,skipped,skipped,skipped,skipped,skipped,skipped,skipped,skipped,,10
374,Lab,skipped,skipped,skipped,skipped,skipped,skipped,skipped,skipped,skipped,,10
375,Lab,skipped,skipped,skipped,skipped,skipped,skipped,skipped,skipped,skipped,,10
376,Lab,skipped,skipped,skipped,skipped,skipped,skipped,skipped,skipped,skipped,,10
377,Lab,skipped,skipped,skipped,skipped,skipped,skipped,skipped,skipped,skipped,,10
378,Lab,skipped,skipped,skipped,skipped,skipped,skipped,skipped,skipped,skipped,,10
379,Lab,skipped,skipped,skipped,skipped,skipped,skipped,skipped,skipped,skipped,,10
380,Lab,skipped,skipped,skipped,skipped,skipped,skipped,skipped,skipped,skipped,,10
381,Lab,skipped,skipped,skipped,skipped,skipped,skipped,skipped,skipped,skipped,,10
382,Lab,skipped,skipped,skipped,skipped,skipped,skipped,skipped,skipped,skipped,,10
383,Lab,skipped,skipped,skipped,skipped,skipped,skipped,skipped,skipped,skipped,,10
384,Lab,skipped,skipped,skipped,skipped,skipped,skipped,skipped,skipped,skipped,,10
385,Lab,skipped,skipped,skipped,skipped,skipped,skipped,skipped,skipped,skipped,,10
386,Lab,skipped,skipped,skipped,skipped,skipped,skipped,skipped,skipped,skipped,,10
387,Lab,skipped,skipped,skipped,skipped,skipped,skipped,skipped,skipped,skipped,,10
388,Lab,skipped,skipped,skipped,skipped,skipped,skipped,skipped,skipped,skipped,,10
389,Lab,skipped,skipped,skipped,skipped,skipped,skipped,skipped,skipped,skipped,,10
390,Lab,skipped,skipped,skipped,skipped,skipped,skipped,skipped,skipped,skipped,,10
391,Lab,skipped,skipped,skipped,skipped,skipped,skipped,skipped,skipped,skipped,,10
392,Lab,skipped,skipped,skipped,skipped,skipped,skipped,skipped,skipped,skipped,,10
393,Lab,skipped,skipped,skipped,skipped,skipped,skipped,skipped,skipped,skipped,,10
394,Lab,skipped,skipped,skipped,skipped,skipped,skipped,skipped,skipped,skipped,,10
395,Lab,skipped,skipped,skipped,skipped,skipped,skipped,skipped,skipped,skipped,,10
396,Lab,skipped,skipped,skipped,skipped,skipped,skipped,skipped,skipped,skipped,,10
397,Lab,skipped,skipped,skipped,skipped,skipped,skipped,skipped,skipped,skipped,,10
398,Lab,skipped,skipped,skipped,skipped,skipped,skipped,skipped,skipped,skipped,,10
399,Lab,skipped,skipped,skipped,skipped,skipped,skipped,skipped,skipped,skipped,,10
400,Lab,skipped,skipped,skipped,skipped,skipped,skipped,skipped,skipped,skipped,,10
401,Lab,skipped,skipped,skipped,skipped,skipped,skipped,skipped,skipped,skipped,,10
402,Lab,skipped,skipped,skipped,skipped,skipped,skipped,skipped,skipped,skipped,,10
403,Lab,skipped,skipped,skipped,skipped,skipped,skipped,skipped,skipped,skipped,,10
404,Lab,skipped,skipped,skipped,skipped,skipped,skipped,skipped,skipped,skipped,,10
405,Lab,skipped,skipped,skipped,skipped,skipped,skipped,skipped,skipped,skipped,,10
406,Lab,skipped,skipped,skipped,skipped,skipped,skipped,skipped,skipped,skipped,,10
407,Lab,skipped,skipped,skipped,skipped,skipped,skipped,skipped,skipped,skipped,,10
408,Lab,skipped,skipped,skipped,skipped,skipped,skipped,skipped,skipped,skipped,,10
409,Lab,skipped,skipped,skipped,skipped,skipped,skipped,skipped,skipped,skipped,,10
410,Lab,skipped,skipped,skipped,skipped,skipped,skipped,skipped,skipped,skipped,,10
411,Lab,skipped,skipped,skipped,skipped,skipped,skipped,skipped,skipped,skipped,,10
412,Lab,skipped,skipped,skipped,skipped,skipped,skipped,skipped,skipped,skipped,,10
413,Lab,skipped,skipped,skipped,skipped,skipped,skipped,skipped,skipped,skipped,,10
414,Lab,skipped,skipped,skipped,skipped,skipped,skipped,skipped,skipped,skipped,,10
415,Lab,skipped,skipped,skipped,skipped,skipped,skipped,skipped,skipped,skipped,,10
416,Lab,skipped,skipped,skipped,skipped,skipped,skipped,skipped,skipped,skipped,,10
417,Lab,skipped,skipped,skipped,skipped,skipped,skipped,skipped,skipped,skipped,,10
418,Lab,skipped,skipped,skipped,skipped,skipped,skipped,skipped,skipped,skipped,,10
419,Lab,skipped,skipped,skipped,skipped,skipped,skipped,skipped,skipped,skipped,,10
420,Lab,skipped,skipped,skipped,skipped,skipped,skipped,skipped,skipped,skipped,,10
421,Lab,skipped,skipped,skipped,skipped,skipped,skipped,skipped,skipped,skipped,,10
422,Lab,skipped,skipped,skipped,skipped,skipped,skipped,skipped,skipped,skipped,,10
423,Lab,skipped,skipped,skipped,skipped,skipped,skipped,skipped,skipped,skipped,,10
424,Lab,skipped,skipped,skipped,skipped,skipped,skipped,skipped,skipped,skipped,,10
425,Lab,skipped,skipped,skipped,skipped,skipped,skipped,skipped,skipped,skipped,,10
426,Lab,skipped,skipped,skipped,skipped,skipped,skipped,skipped,skipped,skipped,,10
427,Lab,skipped,skipped,skipped,skipped,skipped,skipped,skipped,skipped,skipped,,10
428,Lab,skipped,skipped,skipped,skipped,skipped,skipped,skipped,skipped,skipped,,10
429,Lab,skipped,skipped,skipped,skipped,skipped,skipped,skipped,skipped,skipped,,10
430,Lab,skipped,skipped,skipped,skipped,skipped,skipped,skipped,skipped,skipped,,10
431,Lab,skipped,skipped,skipped,skipped,skipped,skipped,skipped,skipped,skipped,,10
432,Lab,skipped,skipped,skipped,skipped,skipped,skipped,skipped,skipped,skipped,,10
433,Lab,skipped,skipped,skipped,skipped,skipped,skipped,skipped,skipped,skipped,,10
434,Lab,skipped,skipped,skipped,skipped,skipped,skipped,skipped,skipped,skipped,,10
435,Lab,skipped,skipped,skipped,skipped,skipped,skipped,skipped,skipped,skipped,,10
436,Lab,skipped,skipped,skipped,skipped,skipped,skipped,skipped,skipped,skipped,,10
437,Lab,skipped,skipped,skipped,skipped,skipped,skipped,skipped,skipped,skipped,,10
438,Lab,skipped,skipped,skipped,skipped,skipped,skipped,skipped,skipped,skipped,,10
439,Lab,skipped,skipped,skipped,skipped,skipped,skipped,skipped,skipped,skipped,,10
440,Lab,skipped,skipped,skipped,skipped,skipped,skipped,skipped,skipped,skipped,,10
441,Lab,skipped,skipped,skipped,skipped,skipped,skipped,skipped,skipped,skipped,,10
442,Lab,skipped,skipped,skipped,skipped,skipped,skipped,skipped,skipped,skipped,,10
443,Lab,skipped,skipped,skipped,skipped,skipped,skipped,skipped,skipped,skipped,,10
444,Lab,skipped,skipped,skipped,skipped,skipped,skipped,skipped,skipped,skipped,,10
445,Lab,skipped,skipped,skipped,skipped,skipped,skipped,skipped,skipped,skipped,,10
446,Lab,skipped,skipped,skipped,skipped,skipped,skipped,skipped,skipped,skipped,,10
447,Lab,skipped,skipped,skipped,skipped,skipped,skipped,skipped,skipped,skipped,,10
448,Lab,skipped,skipped,skipped,skipped,skipped,skipped,skipped,skipped,skipped,,10
449,Lab,skipped,skipped,skipped,skipped,skipped,skipped,skipped,skipped,skipped,,10
450,Lab,skipped,skipped,skipped,skipped,skipped,skipped,skipped,skipped,skipped,,10
451,Lab,skipped,skipped,skipped,skipped,skipped,skipped,skipped,skipped,skipped,,10
452,Lab,skipped,skipped,skipped,skipped,skipped,skipped,skipped,skipped,skipped,,10
453,Lab,skipped,skipped,skipped,skipped,skipped,skipped,skipped,skipped,skipped,,10
454,Lab,skipped,skipped,skipped,skipped,skipped,skipped,skipped,skipped,skipped,,10
455,Lab,skipped,skipped,skipped,skipped,skipped,skipped,skipped,skipped,skipped,,10
456,Lab,skipped,skipped,skipped,skipped,skipped,skipped,skipped,skipped,skipped,,10
457,Lab,skipped,skipped,skipped,skipped,skipped,skipped,skipped,skipped,skipped,,10
458,Lab,skipped,skipped,skipped,skipped,skipped,skipped,skipped,skipped,skipped,,10
459,Lab,skipped,skipped,skipped,skipped,skipped,skipped,skipped,skipped,skipped,,10
460,Lab,skipped,skipped,skipped,skipped,skipped,skipped,skipped,skipped,skipped,,10
461,Lab,skipped,skipped,skipped,skipped,skipped,skipped,skipped,skipped,skipped,,10
462,Lab,skipped,skipped,skipped,skipped,skipped,skipped,skipped,skipped,skipped,,10
463,Lab,skipped,skipped,skipped,skipped,skipped,skipped,skipped,skipped,skipped,,10
464,Lab,skipped,skipped,skipped,skipped,skipped,skipped,skipped,skipped,skipped,,10
465,Lab,skipped,skipped,skipped,skipped,skipped,skipped,skipped,skipped,skipped,,10
466,Lab,skipped,skipped,skipped,skipped,skipped,skipped,skipped,skipped,skipped,,10
467,Lab,skipped,skipped,skipped,skipped,skipped,skipped,skipped,skipped,skipped,,10
468,Lab,skipped,skipped,skipped,skipped,skipped,skipped,skipped,skipped,skipped,,10
469,Lab,skipped,skipped,skipped,skipped,skipped,skipped,skipped,skipped,skipped,,10
470,Lab,skipped,skipped,skipped,skipped,skipped,skipped,skipped,skipped,skipped,,10
471,Lab,skipped,skipped,skipped,skipped,skipped,skipped,skipped,skipped,skipped,,10
472,Lab,skipped,skipped,skipped,skipped,skipped,skipped,skipped,skipped,skipped,,10
473,Lab,skipped,skipped,skipped,skipped,skipped,skipped,skipped,skipped,skipped,,10
474,Lab,skipped,skipped,skipped,skipped,skipped,skipped,skipped,skipped,skipped,,10
475,Lab,skipped,skipped,skipped,skipped,skipped,skipped,skipped,skipped,skipped,,10
476,Lab,skipped,skipped,skipped,skipped,skipped,skipped,skipped,skipped,skipped,,10
477,Lab,skipped,skipped,skipped,skipped,skipped,skipped,skipped,skipped,skipped,,10
478,Lab,skipped,skipped,skipped,skipped,skipped,skipped,skipped,skipped,skipped,,10
479,Lab,skipped,skipped,skipped,skipped,skipped,skipped,skipped,skipped,skipped,,10
480,Lab,skipped,skipped,skipped,skipped,skipped,skipped,skipped,skipped,skipped,,10
481,Lab,skipped,skipped,skipped,skipped,skipped,skipped,skipped,skipped,skipped,,10
482,Lab,skipped,skipped,skipped,skipped,skipped,skipped,skipped,skipped,skipped,,10
483,Lab,skipped,skipped,skipped,skipped,skipped,skipped,skipped,skipped,skipped,,10
484,Lab,skipped,skipped,skipped,skipped,skipped,skipped,skipped,skipped,skipped,,10
485,Lab,skipped,skipped,skipped,skipped,skipped,skipped,skipped,skipped,skipped,,10
486,Lab,skipped,skipped,skipped,skipped,skipped,skipped,skipped,skipped,skipped,,10
487,Lab,skipped,skipped,skipped,skipped,skipped,skipped,skipped,skipped,skipped,,10
488,Lab,skipped,skipped,skipped,skipped,skipped,skipped,skipped,skipped,skipped,,10
489,Lab,skipped,skipped,skipped,skipped,skipped,skipped,skipped,skipped,skipped,,10
490,Lab,skipped,skipped,skipped,skipped,skipped,skipped,skipped,skipped,skipped,,10
491,Lab,skipped,skipped,skipped,skipped,skipped,skipped,skipped,skipped,skipped,,10
492,Lab,skipped,skipped,skipped,skipped,skipped,skipped,skipped,skipped,skipped,,10
493,Lab,skipped,skipped,skipped,skipped,skipped,skipped,skipped,skipped,skipped,,10
494,Lab,skipped,skipped,skipped,skipped,skipped,skipped,skipped,skipped,skipped,,10
495,Lab,skipped,skipped,skipped,skipped,skipped,skipped,skipped,skipped,skipped,,10
496,Lab,skipped,skipped,skipped,skipped,skipped,skipped,skipped,skipped,skipped,,10
497,Lab,skipped,skipped,skipped,skipped,skipped,skipped,skipped,skipped,skipped,,10
498,Lab,skipped,skipped,skipped,skipped,skipped,skipped,skipped,skipped,skipped,,10
499,Lab,skipped,skipped,skipped,skipped,skipped,skipped,skipped,skipped,skipped,,10
500,Lab,skipped,skipped,skipped,skipped,skipped,skipped,skipped,skipped,skipped,,10
501,Lab,Con,skipped,skipped,skipped,skipped,skipped,skipped,skipped,skipped,,10
502,Lab,Con,skipped,skipped,skipped,skipped,skipped,skipped,skipped,skipped,,10
503,Lab,Con,skipped,skipped,skipped,skipped,skipped,skipped,skipped,skipped,,10
504,Lab,Con,skipped,skipped,skipped,skipped,skipped,skipped,skipped,skipped,,10
505,Lab,Con,SU,skipped,skipped,skipped,skipped,skipped,skipped,skipped,,10
506,Lab,skipped,skipped,skipped,skipped,skipped,skipped,skipped,skipped,skipped,,10
507,Lab,skipped,skipped,skipped,skipped,skipped,skipped,skipped,skipped,skipped,,10
508,Lab,skipped,skipped,skipped,skipped,skipped,skipped,skipped,skipped,skipped,,10
509,Lab,skipped,skipped,skipped,skipped,skipped,skipped,skipped,skipped,skipped,,10
510,Lab,skipped,skipped,skipped,skipped,skipped,skipped,skipped,skipped,skipped,,10
511,Lab,skipped,skipped,skipped,skipped,skipped,skipped,skipped,skipped,skipped,,10
512,Lab,skipped,skipped,skipped,skipped,skipped,skipped,skipped,skipped,skipped,,10
513,Lab,skipped,skipped,skipped,skipped,skipped,skipped,skipped,skipped,skipped,,10
514,Lab,skipped,skipped,skipped,skipped,skipped,skipped,skipped,skipped,skipped,,10
515,Lab,skipped,skipped,skipped,skipped,skipped,skipped,skipped,skipped,skipped,,10
516,Lab,skipped,skipped,skipped,skipped,skipped,skipped,skipped,skipped,skipped,,10
517,Lab,skipped,skipped,skipped,skipped,skipped,skipped,skipped,skipped,skipped,,10
518,Lab,skipped,skipped,skipped,skipped,skipped,skipped,skipped,skipped,skipped,,10
519,Lab,skipped,skipped,skipped,skipped,skipped,skipped,skipped,skipped,skipped,,10
520,Lab,skipped,skipped,skipped,skipped,skipped,skipped,skipped,skipped,skipped,,10
521,Lab,skipped,skipped,skipped,skipped,skipped,skipped,skipped,skipped,skipped,,10
522,Lab,skipped,skipped,skipped,skipped,skipped,skipped,skipped,skipped,skipped,,10
523,Lab,skipped,skipped,skipped,skipped,skipped,skipped,skipped,skipped,skipped,,10
524,Lab,skipped,skipped,skipped,skipped,skipped,skipped,skipped,skipped,skipped,,10
525,Lab,skipped,skipped,skipped,skipped,skipped,skipped,skipped,skipped,skipped,,10
526,Lab,skipped,skipped,skipped,skipped,skipped,skipped,skipped,skipped,skipped,,10
527,Lab,skipped,skipped,skipped,skipped,skipped,skipped,skipped,skipped,skipped,,10
528,Lab,skipped,skipped,skipped,skipped,skipped,skipped,skipped,skipped,skipped,,10
529,Lab,skipped,skipped,skipped,skipped,skipped,skipped,skipped,skipped,skipped,,10
530,Lab,skipped,skipped,skipped,skipped,skipped,skipped,skipped,skipped,skipped,,10
531,Lab,skipped,skipped,skipped,skipped,skipped,skipped,skipped,skipped,skipped,,10
532,Lab,skipped,skipped,skipped,skipped,skipped,skipped,skipped,skipped,skipped,,10
533,Lab,skipped,skipped,skipped,skipped,skipped,skipped,skipped,skipped,skipped,,10
534,Lab,skipped,skipped,skipped,skipped,skipped,skipped,skipped,skipped,skipped,,10
535,Lab,skipped,skipped,skipped,skipped,skipped,skipped,skipped,skipped,skipped,,10
536,Lab,skipped,skipped,skipped,skipped,skipped,skipped,skipped,skipped,skipped,,10
537,Lab,skipped,skipped,skipped,skipped,skipped,skipped,skipped,skipped,skipped,,10
538,Lab,skipped,skipped,skipped,skipped,skipped,skipped,skipped,skipped,skipped,,10
539,Lab,skipped,skipped,skipped,skipped,skipped,skipped,skipped,skipped,skipped,,10
540,Lab,skipped,skipped,skipped,skipped,skipped,skipped,skipped,skipped,skipped,,10
541,Lab,skipped,skipped,skipped,skipped,skipped,skipped,skipped,skipped,skipped,,10
542,Lab,skipped,skipped,skipped,skipped,skipped,skipped,skipped,skipped,skipped,,10
543,Lab,skipped,skipped,skipped,skipped,skipped,skipped,skipped,skipped,skipped,,10
544,Lab,skipped,skipped,skipped,skipped,skipped,skipped,skipped,skipped,skipped,,10
545,Lab,skipped,skipped,skipped,skipped,skipped,skipped,skipped,skipped,skipped,,10
546,Lab,skipped,skipped,skipped,skipped,skipped,skipped,skipped,skipped,skipped,,10
547,Lab,skipped,skipped,skipped,skipped,skipped,skipped,skipped,skipped,skipped,,10
548,Lab,skipped,skipped,skipped,skipped,skipped,skipped,skipped,skipped,skipped,,10
549,Lab,skipped,skipped,skipped,skipped,skipped,skipped,skipped,skipped,skipped,,10
550,Lab,skipped,skipped,skipped,skipped,skipped,skipped,skipped,skipped,skipped,,10
551,Lab,skipped,skipped,skipped,skipped,skipped,skipped,skipped,skipped,skipped,,10
552,Lab,skipped,skipped,skipped,skipped,skipped,skipped,skipped,skipped,skipped,,10
553,Lab,skipped,skipped,skipped,skipped,skipped,skipped,skipped,skipped,skipped,,10
554,Lab,skipped,skipped,skipped,skipped,skipped,skipped,skipped,skipped,skipped,,10
555,Lab,skipped,skipped,skipped,skipped,skipped,skipped,skipped,skipped,skipped,,10
556,Lab,skipped,skipped,skipped,skipped,skipped,skipped,skipped,skipped,skipped,,10
557,Lab,skipped,skipped,skipped,skipped,skipped,skipped,skipped,skipped,skipped,,10
558,Lab,skipped,skipped,skipped,skipped,skipped,skipped,skipped,skipped,skipped,,10
559,Lab,skipped,skipped,skipped,skipped,skipped,skipped,skipped,skipped,skipped,,10
560,Lab,skipped,skipped,skipped,skipped,skipped,skipped,skipped,skipped,skipped,,10
561,Lab,skipped,skipped,skipped,skipped,skipped,skipped,skipped,skipped,skipped,,10
562,Lab,skipped,skipped,skipped,skipped,skipped,skipped,skipped,skipped,skipped,,10
563,Lab,skipped,skipped,skipped,skipped,skipped,skipped,skipped,skipped,skipped,,10
564,Lab,skipped,skipped,skipped,skipped,skipped,skipped,skipped,skipped,skipped,,10
565,Lab,skipped,skipped,skipped,skipped,skipped,skipped,skipped,skipped,skipped,,10
566,Lab,skipped,skipped,skipped,skipped,skipped,skipped,skipped,skipped,skipped,,10
567,Lab,skipped,skipped,skipped,skipped,skipped,skipped,skipped,skipped,skipped,,10
568,Lab,skipped,skipped,skipped,skipped,skipped,skipped,skipped,skipped,skipped,,10
569,Lab,skipped,skipped,skipped,skipped,skipped,skipped,skipped,skipped,skipped,,10
570,Lab,skipped,skipped,skipped,skipped,skipped,skipped,skipped,skipped,skipped,,10
571,Lab,skipped,skipped,skipped,skipped,skipped,skipped,skipped,skipped,skipped,,10
572,Lab,skipped,skipped,skipped,skipped,skipped,skipped,skipped,skipped,skipped,,10
573,Lab,skipped,skipped,skipped,skipped,skipped,skipped,skipped,skipped,skipped,,10
574,Lab,skipped,skipped,skipped,skipped,skipped,skipped,skipped,skipped,skipped,,10
575,Lab,skipped,skipped,skipped,skipped,skipped,skipped,skipped,skipped,skipped,,10
576,Lab,skipped,skipped,skipped,skipped,skipped,skipped,skipped,skipped,skipped,,10
577,Lab,skipped,skipped,skipped,skipped,skipped,skipped,skipped,skipped,skipped,,10
578,Lab,skipped,skipped,skipped,skipped,skipped,skipped,skipped,skipped,skipped,,10
579,Lab,skipped,skipped,skipped,skipped,skipped,skipped,skipped,skipped,skipped,,10
580,Lab,skipped,skipped,skipped,skipped,skipped,skipped,skipped,skipped,skipped,,10
581,Lab,skipped,skipped,skipped,skipped,skipped,skipped,skipped,skipped,skipped,,10
582,Lab,skipped,skipped,skipped,skipped,skipped,skipped,skipped,skipped,skipped,,10
583,Lab,skipped,skipped,skipped,skipped,skipped,skipped,skipped,skipped,skipped,,10
584,Lab,skipped,skipped,skipped,skipped,skipped,skipped,skipped,skipped,skipped,,10
585,Lab,skipped,skipped,skipped,skipped,skipped,skipped,skipped,skipped,skipped,,10
586,Lab,skipped,skipped,skipped,skipped,skipped,skipped,skipped,skipped,skipped,,10
587,Lab,skipped,skipped,skipped,skipped,skipped,skipped,skipped,skipped,skipped,,10
588,Lab,skipped,skipped,skipped,skipped,skipped,skipped,skipped,skipped,skipped,,10
589,Lab,skipped,skipped,skipped,skipped,skipped,skipped,skipped,skipped,skipped,,10
590,Lab,skipped,skipped,skipped,skipped,skipped,skipped,skipped,skipped,skipped,,10
591,Lab,skipped,skipped,skipped,skipped,skipped,skipped,skipped,skipped,skipped,,10
592,Lab,skipped,skipped,skipped,skipped,skipped,skipped,skipped,skipped,skipped,,10
593,Lab,skipped,skipped,skipped,skipped,skipped,skipped,skipped,skipped,skipped,,10
594,Lab,skipped,skipped,skipped,skipped,skipped,skipped,skipped,skipped,skipped,,10
595,Lab,skipped,skipped,skipped,skipped,skipped,skipped,skipped,skipped,skipped,,10
596,Lab,skipped,skipped,skipped,skipped,skipped,skipped,skipped,skipped,skipped,,10
597,Lab,skipped,skipped,skipped,skipped,skipped,skipped,skipped,skipped,skipped,,10
598,Lab,skipped,skipped,skipped,skipped,skipped,skipped,skipped,skipped,skipped,,10
599,Lab,skipped,skipped,skipped,skipped,skipped,skipped,skipped,skipped,skipped,,10
600,Lab,skipped,skipped,skipped,skipped,skipped,skipped,skipped,skipped,skipped,,10
601,Lab,skipped,skipped,skipped,skipped,skipped,skipped,skipped,skipped,skipped,,10
602,Lab,skipped,skipped,skipped,skipped,skipped,skipped,skipped,skipped,skipped,,10
603,Lab,skipped,skipped,skipped,skipped,skipped,skipped,skipped,skipped,skipped,,10
604,Lab,skipped,skipped,skipped,skipped,skipped,skipped,skipped,skipped,skipped,,10
605,Lab,skipped,skipped,skipped,skipped,skipped,skipped,skipped,skipped,skipped,,10
606,Lab,skipped,skipped,skipped,skipped,skipped,skipped,skipped,skipped,skipped,,10
607,Lab,skipped,skipped,skipped,skipped,skipped,skipped,skipped,skipped,skipped,,10
608,Lab,skipped,skipped,skipped,skipped,skipped,skipped,skipped,skipped,skipped,,10
609,Lab,skipped,skipped,skipped,skipped,skipped,skipped,skipped,skipped,skipped,,10
610,Lab,skipped,skipped,skipped,skipped,skipped,skipped,skipped,skipped,skipped,,10
611,Lab,skipped,skipped,skipped,skipped,skipped,skipped,skipped,skipped,skipped,,10
612,Lab,skipped,skipped,skipped,skipped,skipped,skipped,skipped,skipped,skipped,,10
613,Lab,skipped,skipped,skipped,skipped,skipped,skipped,skipped,skipped,skipped,,10
614,Lab,skipped,skipped,skipped,skipped,skipped,skipped,skipped,skipped,skipped,,10
615,Lab,skipped,skipped,skipped,skipped,skipped,skipped,skipped,skipped,skipped,,10
616,Lab,skipped,skipped,skipped,skipped,skipped,skipped,skipped,skipped,skipped,,10
617,Lab,skipped,skipped,skipped,skipped,skipped,skipped,skipped,skipped,skipped,,10
618,Lab,skipped,skipped,skipped,skipped,skipped,skipped,skipped,skipped,skipped,,10
619,Lab,skipped,skipped,skipped,skipped,skipped,skipped,skipped,skipped,skipped,,10
620,Lab,skipped,skipped,skipped,skipped,skipped,skipped,skipped,skipped,skipped,,10
621,Lab,skipped,skipped,skipped,skipped,skipped,skipped,skipped,skipped,skipped,,10
622,Lab,skipped,skipped,skipped,skipped,skipped,skipped,skipped,skipped,skipped,,10
623,Lab,skipped,skipped,skipped,skipped,skipped,skipped,skipped,skipped,skipped,,10
624,Lab,skipped,skipped,skipped,skipped,skipped,skipped,skipped,skipped,skipped,,10
625,Lab,skipped,skipped,skipped,skipped,skipped,skipped,skipped,skipped,skipped,,10
626,Lab,skipped,skipped,skipped,skipped,skipped,skipped,skipped,skipped,skipped,,10
627,Lab,skipped,skipped,skipped,skipped,skipped,skipped,skipped,skipped,skipped,,10
628,Lab,skipped,skipped,skipped,skipped,skipped,skipped,skipped,skipped,skipped,,10
629,Lab,skipped,skipped,skipped,skipped,skipped,skipped,skipped,skipped,skipped,,10
630,Lab,skipped,skipped,skipped,skipped,skipped,skipped,skipped,skipped,skipped,,10
631,Lab,skipped,skipped,skipped,skipped,skipped,skipped,skipped,skipped,skipped,,10
632,Lab,skipped,skipped,skipped,skipped,skipped,skipped,skipped,skipped,skipped,,10
633,Lab,skipped,skipped,skipped,skipped,skipped,skipped,skipped,skipped,skipped,,10
634,Lab,skipped,skipped,skipped,skipped,skipped,skipped,skipped,skipped,skipped,,10
635,Lab,skipped,skipped,skipped,skipped,skipped,skipped,skipped,skipped,skipped,,10
636,Lab,skipped,skipped,skipped,skipped,skipped,skipped,skipped,skipped,skipped,,10
637,Lab,skipped,skipped,skipped,skipped,skipped,skipped,skipped,skipped,skipped,,10
638,Lab,skipped,skipped,skipped,skipped,skipped,skipped,skipped,skipped,skipped,,10
639,Lab,skipped,skipped,skipped,skipped,skipped,skipped,skipped,skipped,skipped,,10
640,Lab,skipped,skipped,skipped,skipped,skipped,skipped,skipped,skipped,skipped,,10
641,Lab,skipped,skipped,skipped,skipped,skipped,skipped,skipped,skipped,skipped,,10
642,Lab,skipped,skipped,skipped,skipped,skipped,skipped,skipped,skipped,skipped,,10
643,Lab,skipped,skipped,skipped,skipped,skipped,skipped,skipped,skipped,skipped,,10
644,Lab,skipped,skipped,skipped,skipped,skipped,skipped,skipped,skipped,skipped,,10
645,Lab,skipped,skipped,skipped,skipped,skipped,skipped,skipped,skipped,skipped,,10
646,Lab,skipped,skipped,skipped,skipped,skipped,skipped,skipped,skipped,skipped,,10
647,Lab,skipped,skipped,skipped,skipped,skipped,skipped,skipped,skipped,skipped,,10
648,Lab,skipped,skipped,skipped,skipped,skipped,skipped,skipped,skipped,skipped,,10
649,Lab,skipped,skipped,skipped,skipped,skipped,skipped,skipped,skipped,skipped,,10
650,Lab,skipped,skipped,skipped,skipped,skipped,skipped,skipped,skipped,skipped,,10
651,Lab,skipped,skipped,skipped,skipped,skipped,skipped,skipped,skipped,skipped,,10
652,Lab,skipped,skipped,skipped,skipped,skipped,skipped,skipped,skipped,skipped,,10
653,Lab,skipped,skipped,skipped,skipped,skipped,skipped,skipped,skipped,skipped,,10
654,Lab,skipped,skipped,skipped,skipped,skipped,skipped,skipped,skipped,skipped,,10
655,Lab,skipped,skipped,skipped,skipped,skipped,skipped,skipped,skipped,skipped,,10
656,Lab,skipped,skipped,skipped,skipped,skipped,skipped,skipped,skipped,skipped,,10
657,Lab,skipped,skipped,skipped,skipped,skipped,skipped,skipped,skipped,skipped,,10
658,Lab,skipped,skipped,skipped,skipped,skipped,skipped,skipped,skipped,skipped,,10
659,Lab,skipped,skipped,skipped,skipped,skipped,skipped,skipped,skipped,skipped,,10
660,Lab,skipped,skipped,skipped,skipped,skipped,skipped,skipped,skipped,skipped,,10
661,Lab,skipped,skipped,skipped,skipped,skipped,skipped,skipped,skipped,skipped,,10
662,Lab,skipped,skipped,skipped,skipped,skipped,skipped,skipped,skipped,skipped,,10
663,Lab,skipped,skipped,skipped,skipped,skipped,skipped,skipped,skipped,skipped,,10
664,Lab,skipped,skipped,skipped,skipped,skipped,skipped,skipped,skipped,skipped,,10
665,Lab,skipped,skipped,skipped,skipped,skipped,skipped,skipped,skipped,skipped,,10
666,Lab,skipped,skipped,skipped,skipped,skipped,skipped,skipped,skipped,skipped,,10
667,Lab,skipped,skipped,skipped,skipped,skipped,skipped,skipped,skipped,skipped,,10
668,Lab,skipped,skipped,skipped,skipped,skipped,skipped,skipped,skipped,skipped,,10
669,Lab,skipped,skipped,skipped,skipped,skipped,skipped,skipped,skipped,skipped,,10
670,Lab,skipped,skipped,skipped,skipped,skipped,skipped,skipped,skipped,skipped,,10
671,Lab,skipped,skipped,skipped,skipped,skipped,skipped,skipped,skipped,skipped,,10
672,Lab,skipped,skipped,skipped,skipped,skipped,skipped,skipped,skipped,skipped,,10
673,Lab,skipped,skipped,skipped,skipped,skipped,skipped,skipped,skipped,skipped,,10
674,Lab,skipped,skipped,skipped,skipped,skipped,skipped,skipped,skipped,skipped,,10
675,Lab,skipped,skipped,skipped,skipped,skipped,skipped,skipped,skipped,skipped,,10
676,Lab,skipped,skipped,skipped,skipped,skipped,skipped,skipped,skipped,skipped,,10
677,Lab,skipped,skipped,skipped,skipped,skipped,skipped,skipped,skipped,skipped,,10
678,Lab,skipped,skipped,skipped,skipped,skipped,skipped,skipped,skipped,skipped,,10
679,Lab,skipped,skipped,skipped,skipped,skipped,skipped,skipped,skipped,skipped,,10
680,Lab,skipped,skipped,skipped,skipped,skipped,skipped,skipped,skipped,skipped,,10
681,Lab,skipped,skipped,skipped,skipped,skipped,skipped,skipped,skipped,skipped,,10
682,Lab,skipped,skipped,skipped,skipped,skipped,skipped,skipped,skipped,skipped,,10
683,Lab,skipped,skipped,skipped,skipped,skipped,skipped,skipped,skipped,skipped,,10
684,Lab,skipped,skipped,skipped,skipped,skipped,skipped,skipped,skipped,skipped,,10
685,Lab,skipped,skipped,skipped,skipped,skipped,skipped,skipped,skipped,skipped,,10
686,Lab,skipped,skipped,skipped,skipped,skipped,skipped,skipped,skipped,skipped,,10
687,Lab,skipped,skipped,skipped,skipped,skipped,skipped,skipped,skipped,skipped,,10
688,Lab,skipped,skipped,skipped,skipped,skipped,skipped,skipped,skipped,skipped,,10
689,Lab,skipped,skipped,skipped,skipped,skipped,skipped,skipped,skipped,skipped,,10
690,Lab,skipped,skipped,skipped,skipped,skipped,skipped,skipped,skipped,skipped,,10
691,Lab,skipped,skipped,skipped,skipped,skipped,skipped,skipped,skipped,skipped,,10
692,Lab,skipped,skipped,skipped,skipped,skipped,skipped,skipped,skipped,skipped,,10
693,Lab,skipped,skipped,skipped,skipped,skipped,skipped,skipped,skipped,skipped,,10
694,Lab,skipped,skipped,skipped,skipped,skipped,skipped,skipped,skipped,skipped,,10
695,Lab,skipped,skipped,skipped,skipped,skipped,skipped,skipped,skipped,skipped,,10
696,Lab,skipped,skipped,skipped,skipped,skipped,skipped,skipped,skipped,skipped,,10
697,Lab,skipped,skipped,skipped,skipped,skipped,skipped,skipped,skipped,skipped,,10
698,Lab,skipped,skipped,skipped,skipped,skipped,skipped,skipped,skipped,skipped,,10
699,Lab,skipped,skipped,skipped,skipped,skipped,skipped,skipped,skipped,skipped,,10
700,Lab,skipped,skipped,skipped,skipped,skipped,skipped,skipped,skipped,skipped,,10
701,Lab,skipped,skipped,skipped,skipped,skipped,skipped,skipped,skipped,skipped,,10
702,Lab,skipped,skipped,skipped,skipped,skipped,skipped,skipped,skipped,skipped,,10
703,Lab,skipped,skipped,skipped,skipped,skipped,skipped,skipped,skipped,skipped,,10
704,Lab,skipped,skipped,skipped,skipped,skipped,skipped,skipped,skipped,skipped,,10
705,Lab,skipped,skipped,skipped,skipped,skipped,skipped,skipped,skipped,skipped,,10
706,Lab,skipped,skipped,skipped,skipped,skipped,skipped,skipped,skipped,skipped,,10
707,Lab,skipped,skipped,skipped,skipped,skipped,skipped,skipped,skipped,skipped,,10
708,Lab,skipped,skipped,skipped,skipped,skipped,skipped,skipped,skipped,skipped,,10
709,Lab,skipped,skipped,skipped,skipped,skipped,skipped,skipped,skipped,skipped,,10
710,Lab,skipped,skipped,skipped,skipped,skipped,skipped,skipped,skipped,skipped,,10
711,Lab,skipped,skipped,skipped,skipped,skipped,skipped,skipped,skipped,skipped,,10
712,Lab,skipped,skipped,skipped,skipped,skipped,skipped,skipped,skipped,skipped,,10
713,Lab,skipped,skipped,skipped,skipped,skipped,skipped,skipped,skipped,skipped,,10
714,Lab,skipped,skipped,skipped,skipped,skipped,skipped,skipped,skipped,skipped,,10
715,Lab,skipped,skipped,skipped,skipped,skipped,skipped,skipped,skipped,skipped,,10
716,Lab,skipped,skipped,skipped,skipped,skipped,skipped,skipped,skipped,skipped,,10
717,Lab,skipped,skipped,skipped,skipped,skipped,skipped,skipped,skipped,skipped,,10
718,Lab,skipped,skipped,skipped,skipped,skipped,skipped,skipped,skipped,skipped,,10
719,Lab,skipped,skipped,skipped,skipped,skipped,skipped,skipped,skipped,skipped,,10
720,Lab,skipped,skipped,skipped,skipped,skipped,skipped,skipped,skipped,skipped,,10
721,Lab,skipped,skipped,skipped,skipped,skipped,skipped,skipped,skipped,skipped,,10
722,Lab,skipped,skipped,skipped,skipped,skipped,skipped,skipped,skipped,skipped,,10
723,Lab,skipped,skipped,skipped,skipped,skipped,skipped,skipped,skipped,skipped,,10
724,Lab,skipped,skipped,skipped,skipped,skipped,skipped,skipped,skipped,skipped,,10
725,Lab,skipped,skipped,skipped,skipped,skipped,skipped,skipped,skipped,skipped,,10
726,Lab,skipped,skipped,skipped,skipped,skipped,skipped,skipped,skipped,skipped,,10
727,Lab,skipped,skipped,skipped,skipped,skipped,skipped,skipped,skipped,skipped,,10
728,Lab,skipped,skipped,skipped,skipped,skipped,skipped,skipped,skipped,skipped,,10
729,Lab,skipped,skipped,skipped,skipped,skipped,skipped,skipped,skipped,skipped,,10
730,Lab,skipped,skipped,skipped,skipped,skipped,skipped,skipped,skipped,skipped,,10
731,Lab,skipped,skipped,skipped,skipped,skipped,skipped,skipped,skipped,skipped,,10
732,Lab,skipped,skipped,skipped,skipped,skipped,skipped,skipped,skipped,skipped,,10
733,Lab,skipped,skipped,skipped,skipped,skipped,skipped,skipped,skipped,skipped,,10
734,Lab,skipped,skipped,skipped,skipped,skipped,skipped,skipped,skipped,skipped,,10
735,Lab,skipped,skipped,skipped,skipped,skipped,skipped,skipped,skipped,skipped,,10
736,Lab,skipped,skipped,skipped,skipped,skipped,skipped,skipped,skipped,skipped,,10
737,Lab,skipped,skipped,skipped,skipped,skipped,skipped,skipped,skipped,skipped,,10
738,Lab,skipped,skipped,skipped,skipped,skipped,skipped,skipped,skipped,skipped,,10
739,Lab,skipped,skipped,skipped,skipped,skipped,skipped,skipped,skipped,skipped,,10
740,Lab,skipped,skipped,skipped,skipped,skipped,skipped,skipped,skipped,skipped,,10
741,Lab,skipped,skipped,skipped,skipped,skipped,skipped,skipped,skipped,skipped,,10
742,Lab,skipped,skipped,skipped,skipped,skipped,skipped,skipped,skipped,skipped,,10
743,Lab,skipped,skipped,skipped,skipped,skipped,skipped,skipped,skipped,skipped,,10
744,Lab,skipped,skipped,skipped,skipped,skipped,skipped,skipped,skipped,skipped,,10
745,Lab,skipped,skipped,skipped,skipped,skipped,skipped,skipped,skipped,skipped,,10
746,Lab,skipped,skipped,skipped,skipped,skipped,skipped,skipped,skipped,skipped,,10
747,Lab,skipped,skipped,skipped,skipped,skipped,skipped,skipped,skipped,skipped,,10
748,Lab,skipped,skipped,skipped,skipped,skipped,skipped,skipped,skipped,skipped,,10
749,Lab,skipped,skipped,skipped,skipped,skipped,skipped,skipped,skipped,skipped,,10
750,Lab,skipped,skipped,skipped,skipped,skipped,skipped,skipped,skipped,skipped,,10
751,Lab,skipped,skipped,skipped,skipped,skipped,skipped,skipped,skipped,skipped,,10
752,Lab,skipped,skipped,skipped,skipped,skipped,skipped,skipped,skipped,skipped,,10
753,Lab,skipped,skipped,skipped,skipped,skipped,skipped,skipped,skipped,skipped,,10
754,Lab,skipped,skipped,skipped,skipped,skipped,skipped,skipped,skipped,skipped,,10
755,Lab,skipped,skipped,skipped,skipped,skipped,skipped,skipped,skipped,skipped,,10
756,Lab,skipped,skipped,skipped,skipped,skipped,skipped,skipped,skipped,skipped,,10
757,Lab,skipped,skipped,skipped,skipped,skipped,skipped,skipped,skipped,skipped,,10
758,Lab,skipped,skipped,skipped,skipped,skipped,skipped,skipped,skipped,skipped,,10
759,Lab,skipped,skipped,skipped,skipped,skipped,skipped,skipped,skipped,skipped,,10
760,Lab,skipped,skipped,skipped,skipped,skipped,skipped,skipped,skipped,skipped,,10
761,Lab,skipped,skipped,skipped,skipped,skipped,skipped,skipped,skipped,skipped,,10
762,Lab,skipped,skipped,skipped,skipped,skipped,skipped,skipped,skipped,skipped,,10
763,Lab,skipped,skipped,skipped,skipped,skipped,skipped,skipped,skipped,skipped,,10
764,Lab,skipped,skipped,skipped,skipped,skipped,skipped,skipped,skipped,skipped,,10
765,Lab,skipped,skipped,skipped,skipped,skipped,skipped,skipped,skipped,skipped,,10
766,Lab,skipped,skipped,skipped,skipped,skipped,skipped,skipped,skipped,skipped,,10
767,Lab,skipped,skipped,skipped,skipped,skipped,skipped,skipped,skipped,skipped,,10
768,Lab,skipped,skipped,skipped,skipped,skipped,skipped,skipped,skipped,skipped,,10
769,Lab,skipped,skipped,skipped,skipped,skipped,skipped,skipped,skipped,skipped,,10
770,Lab,skipped,skipped,skipped,skipped,skipped,skipped,skipped,skipped,skipped,,10
771,Lab,skipped,skipped,skipped,skipped,skipped,skipped,skipped,skipped,skipped,,10
772,Lab,skipped,skipped,skipped,skipped,skipped,skipped,skipped,skipped,skipped,,10
773,Lab,skipped,skipped,skipped,skipped,skipped,skipped,skipped,skipped,skipped,,10
774,Lab,skipped,skipped,skipped,skipped,skipped,skipped,skipped,skipped,skipped,,10
775,Lab,skipped,skipped,skipped,skipped,skipped,skipped,skipped,skipped,skipped,,10
776,Lab,skipped,skipped,skipped,skipped,skipped,skipped,skipped,skipped,skipped,,10
777,Lab,skipped,skipped,skipped,skipped,skipped,skipped,skipped,skipped,skipped,,10
778,Lab,skipped,skipped,skipped,skipped,skipped,skipped,skipped,skipped,skipped,,10
779,Lab,skipped,skipped,skipped,skipped,skipped,skipped,skipped,skipped,skipped,,10
780,Lab,skipped,skipped,skipped,skipped,skipped,skipped,skipped,skipped,skipped,,10
781,Lab,skipped,skipped,skipped,skipped,skipped,skipped,skipped,skipped,skipped,,10
782,Lab,skipped,skipped,skipped,skipped,skipped,skipped,skipped,skipped,skipped,,10
783,Lab,skipped,skipped,skipped,skipped,skipped,skipped,skipped,skipped,skipped,,10
784,Lab,skipped,skipped,skipped,skipped,skipped,skipped,skipped,skipped,skipped,,10
785,Lab,skipped,skipped,skipped,skipped,skipped,skipped,skipped,skipped,skipped,,10
786,Lab,skipped,skipped,skipped,skipped,skipped,skipped,skipped,skipped,skipped,,10
787,Lab,skipped,skipped,skipped,skipped,skipped,skipped,skipped,skipped,skipped,,10
788,Lab,skipped,skipped,skipped,skipped,skipped,skipped,skipped,skipped,skipped,,10
789,Lab,skipped,skipped,skipped,skipped,skipped,skipped,skipped,skipped,skipped,,10
790,Lab,skipped,skipped,skipped,skipped,skipped,skipped,skipped,skipped,skipped,,10
791,Lab,skipped,skipped,skipped,skipped,skipped,skipped,skipped,skipped,skipped,,10
792,Lab,skipped,skipped,skipped,skipped,skipped,skipped,skipped,skipped,skipped,,10
793,Lab,skipped,skipped,skipped,skipped,skipped,skipped,skipped,skipped,skipped,,10
794,Lab,skipped,skipped,skipped,skipped,skipped,skipped,skipped,skipped,skipped,,10
795,Lab,skipped,skipped,skipped,skipped,skipped,skipped,skipped,skipped,skipped,,10
796,Lab,skipped,skipped,skipped,skipped,skipped,skipped,skipped,skipped,skipped,,10
797,Lab,skipped,skipped,skipped,skipped,skipped,skipped,skipped,skipped,skipped,,10
798,Lab,skipped,skipped,skipped,skipped,skipped,skipped,skipped,skipped,skipped,,10
799,Lab,skipped,skipped,skipped,skipped,skipped,skipped,skipped,skipped,skipped,,10
800,Lab,skipped,skipped,skipped,skipped,skipped,skipped,skipped,skipped,skipped,,10
801,Lab,skipped,skipped,skipped,skipped,skipped,skipped,skipped,skipped,skipped,,10
802,Lab,skipped,skipped,skipped,skipped,skipped,skipped,skipped,skipped,skipped,,10
803,Lab,skipped,skipped,skipped,skipped,skipped,skipped,skipped,skipped,skipped,,10
804,Lab,skipped,skipped,skipped,skipped,skipped,skipped,skipped,skipped,skipped,,10
805,Lab,skipped,skipped,skipped,skipped,skipped,skipped,skipped,skipped,skipped,,10
806,Lab,skipped,skipped,skipped,skipped,skipped,skipped,skipped,skipped,skipped,,10
807,Lab,skipped,skipped,skipped,skipped,skipped,skipped,skipped,skipped,skipped,,10
808,Lab,skipped,skipped,skipped,skipped,skipped,skipped,skipped,skipped,skipped,,10
809,Lab,skipped,skipped,skipped,skipped,skipped,skipped,skipped,skipped,skipped,,10
810,Lab,skipped,skipped,skipped,skipped,skipped,skipped,skipped,skipped,skipped,,10
811,Lab,skipped,skipped,skipped,skipped,skipped,skipped,skipped,skipped,skipped,,10
812,Lab,skipped,skipped,skipped,skipped,skipped,skipped,skipped,skipped,skipped,,10
813,Lab,skipped,skipped,skipped,skipped,skipped,skipped,skipped,skipped,skipped,,10
814,Lab,skipped,skipped,skipped,skipped,skipped,skipped,skipped,skipped,skipped,,10
815,Lab,skipped,skipped,skipped,skipped,skipped,skipped,skipped,skipped,skipped,,10
816,Lab,skipped,skipped,skipped,skipped,skipped,skipped,skipped,skipped,skipped,,10
817,Lab,skipped,skipped,skipped,skipped,skipped,skipped,skipped,skipped,skipped,,10
818,Lab,skipped,skipped,skipped,skipped,skipped,skipped,skipped,skipped,skipped,,10
819,Lab,skipped,skipped,skipped,skipped,skipped,skipped,skipped,skipped,skipped,,10
820,Lab,skipped,skipped,skipped,skipped,skipped,skipped,skipped,skipped,skipped,,10
821,Lab,skipped,skipped,skipped,skipped,skipped,skipped,skipped,skipped,skipped,,10
822,Lab,skipped,skipped,skipped,skipped,skipped,skipped,skipped,skipped,skipped,,10
823,Lab,skipped,skipped,skipped,skipped,skipped,skipped,skipped,skipped,skipped,,10
824,Lab,skipped,skipped,skipped,skipped,skipped,skipped,skipped,skipped,skipped,,10
825,Lab,skipped,skipped,skipped,skipped,skipped,skipped,skipped,skipped,skipped,,10
826,Lab,skipped,skipped,skipped,skipped,skipped,skipped,skipped,skipped,skipped,,10
827,Lab,skipped,skipped,skipped,skipped,skipped,skipped,skipped,skipped,skipped,,10
828,Lab,skipped,skipped,skipped,skipped,skipped,skipped,skipped,skipped,skipped,,10
829,Lab,skipped,skipped,skipped,skipped,skipped,skipped,skipped,skipped,skipped,,10
830,Lab,skipped,skipped,skipped,skipped,skipped,skipped,skipped,skipped,skipped,,10
831,Lab,skipped,skipped,skipped,skipped,skipped,skipped,skipped,skipped,skipped,,10
832,Lab,skipped,skipped,skipped,skipped,skipped,skipped,skipped,skipped,skipped,,10
833,Lab,skipped,skipped,skipped,skipped,skipped,skipped,skipped,skipped,skipped,,10
834,Lab,skipped,skipped,skipped,skipped,skipped,skipped,skipped,skipped,skipped,,10
835,Lab,skipped,skipped,skipped,skipped,skipped,skipped,skipped,skipped,skipped,,10
836,Lab,skipped,skipped,skipped,skipped,skipped,skipped,skipped,skipped,skipped,,10
837,Lab,skipped,skipped,skipped,skipped,skipped,skipped,skipped,skipped,skipped,,10
838,Lab,skipped,skipped,skipped,skipped,skipped,skipped,skipped,skipped,skipped,,10
839,Lab,Con,skipped,skipped,skipped,skipped,skipped,skipped,skipped,skipped,,10
840,Lab,Con,skipped,skipped,skipped,skipped,skipped,skipped,skipped,skipped,,10
841,Lab,Con,skipped,skipped,skipped,skipped,skipped,skipped,skipped,skipped,,10
842,Lab,Con,skipped,skipped,skipped,skipped,skipped,skipped,skipped,skipped,,10
843,Lab,Con,skipped,skipped,skipped,skipped,skipped,skipped,skipped,skipped,,10
844,Lab,Con,Grn,skipped,skipped,skipped,skipped,skipped,skipped,skipped,,10
845,Lab,Con,LD,Grn,Sol,Soc,SU,SNP,skipped,skipped,,10
846,Lab,Con,LD,Grn,SNP,Sol,SU,Soc,skipped,skipped,,10
847,Lab,Con,SNP,skipped,skipped,skipped,skipped,skipped,skipped,skipped,,10
848,Lab,Con,SNP,LD,Grn,Soc,Sol,SU,skipped,skipped,,10
849,Lab,Con,SNP,SU,skipped,skipped,skipped,skipped,skipped,skipped,,10
850,Lab,Sol,Grn,Soc,LD,SNP,SU,Con,skipped,skipped,,10
851,Lab,Sol,Soc,skipped,skipped,skipped,skipped,skipped,skipped,skipped,,10
852,Lab,Sol,Soc,skipped,skipped,skipped,skipped,skipped,skipped,skipped,,10
853,Lab,Sol,Soc,Con,SNP,LD,SU,Grn,skipped,skipped,,10
854,Lab,Sol,Soc,Grn,skipped,skipped,skipped,skipped,skipped,skipped,,10
855,Lab,Sol,Soc,SNP,Con,LD,SU,Grn,skipped,skipped,,10
856,Lab,Sol,Soc,SNP,Con,LD,SU,Grn,skipped,skipped,,10
857,Lab,Sol,LD,Grn,Soc,Con,SU,SNP,skipped,skipped,,10
858,Lab,Sol,LD,Soc,SNP,Grn,Con,SU,skipped,skipped,,10
859,Lab,Sol,SNP,SU,Grn,Con,LD,Soc,skipped,skipped,,10
860,Lab,Grn,skipped,skipped,skipped,skipped,skipped,skipped,skipped,skipped,,10
861,Lab,Grn,skipped,skipped,skipped,skipped,skipped,skipped,skipped,skipped,,10
862,Lab,Grn,skipped,skipped,skipped,skipped,skipped,skipped,skipped,skipped,,10
863,Lab,Grn,skipped,skipped,skipped,skipped,skipped,skipped,skipped,skipped,,10
864,Lab,Grn,skipped,skipped,skipped,skipped,skipped,skipped,skipped,skipped,,10
865,Lab,Grn,skipped,skipped,skipped,skipped,skipped,skipped,skipped,skipped,,10
866,Lab,Grn,skipped,skipped,skipped,skipped,skipped,skipped,skipped,skipped,,10
867,Lab,Grn,Con,LD,SU,Soc,Sol,SNP,skipped,skipped,,10
868,Lab,Grn,Soc,skipped,skipped,skipped,skipped,skipped,skipped,skipped,,10
869,Lab,Grn,LD,Sol,skipped,skipped,skipped,skipped,skipped,skipped,,10
870,Lab,Grn,SU,SNP,LD,Con,Sol,Soc,skipped,skipped,,10
871,Lab,Soc,skipped,skipped,skipped,skipped,skipped,skipped,skipped,skipped,,10
872,Lab,Soc,skipped,skipped,skipped,skipped,skipped,skipped,skipped,skipped,,10
873,Lab,Soc,skipped,skipped,skipped,skipped,skipped,skipped,skipped,skipped,,10
874,Lab,Soc,skipped,skipped,skipped,skipped,skipped,skipped,skipped,skipped,,10
875,Lab,Soc,skipped,skipped,skipped,skipped,skipped,skipped,skipped,skipped,,10
876,Lab,Soc,skipped,skipped,skipped,skipped,skipped,skipped,skipped,skipped,,10
877,Lab,Soc,skipped,skipped,skipped,skipped,skipped,skipped,skipped,skipped,,10
878,Lab,Soc,Grn,LD,skipped,skipped,skipped,skipped,skipped,skipped,,10
879,Lab,Soc,Grn,SNP,LD,skipped,skipped,skipped,skipped,skipped,,10
880,Lab,Soc,LD,Grn,skipped,skipped,skipped,skipped,skipped,skipped,,10
881,Lab,Soc,LD,SNP,Sol,Grn,SU,Con,skipped,skipped,,10
882,Lab,Soc,SU,Con,Grn,Sol,SNP,LD,skipped,skipped,,10
883,Lab,LD,skipped,skipped,skipped,skipped,skipped,skipped,skipped,skipped,,10
884,Lab,LD,skipped,skipped,skipped,skipped,skipped,skipped,skipped,skipped,,10
885,Lab,LD,skipped,skipped,skipped,skipped,skipped,skipped,skipped,skipped,,10
886,Lab,LD,skipped,skipped,skipped,skipped,skipped,skipped,skipped,skipped,,10
887,Lab,LD,skipped,skipped,skipped,skipped,skipped,skipped,skipped,skipped,,10
888,Lab,LD,skipped,skipped,skipped,skipped,skipped,skipped,skipped,skipped,,10
889,Lab,LD,skipped,skipped,skipped,skipped,skipped,skipped,skipped,skipped,,10
890,Lab,LD,skipped,skipped,skipped,skipped,skipped,skipped,skipped,skipped,,10
891,Lab,LD,skipped,skipped,skipped,skipped,skipped,skipped,skipped,skipped,,10
892,Lab,LD,skipped,skipped,skipped,skipped,skipped,skipped,skipped,skipped,,10
893,Lab,LD,skipped,skipped,skipped,skipped,skipped,skipped,skipped,skipped,,10
894,Lab,LD,Con,skipped,skipped,skipped,skipped,skipped,skipped,skipped,,10
895,Lab,LD,Con,skipped,skipped,skipped,skipped,skipped,skipped,skipped,,10
896,Lab,LD,Con,Grn,skipped,skipped,skipped,skipped,skipped,skipped,,10
897,Lab,LD,Con,Soc,Grn,SNP,Sol,SU,skipped,skipped,,10
898,Lab,LD,Grn,Soc,Sol,SNP,SU,Con,skipped,skipped,,10
899,Lab,LD,Grn,Soc,SU,SNP,Sol,Con,skipped,skipped,,10
900,Lab,LD,Grn,SU,Con,Soc,Sol,SNP,skipped,skipped,,10
901,Lab,SNP,skipped,skipped,skipped,skipped,skipped,skipped,skipped,skipped,,10
902,Lab,SNP,skipped,skipped,skipped,skipped,skipped,skipped,skipped,skipped,,10
903,Lab,SNP,skipped,skipped,skipped,skipped,skipped,skipped,skipped,skipped,,10
904,Lab,SNP,skipped,skipped,skipped,skipped,skipped,skipped,skipped,skipped,,10
905,Lab,SNP,skipped,skipped,skipped,skipped,skipped,skipped,skipped,skipped,,10
906,Lab,SNP,skipped,skipped,skipped,skipped,skipped,skipped,skipped,skipped,,10
907,Lab,SNP,skipped,skipped,skipped,skipped,skipped,skipped,skipped,skipped,,10
908,Lab,SNP,skipped,skipped,skipped,skipped,skipped,skipped,skipped,skipped,,10
909,Lab,SNP,skipped,skipped,skipped,skipped,skipped,skipped,skipped,skipped,,10
910,Lab,SNP,skipped,skipped,skipped,skipped,skipped,skipped,skipped,skipped,,10
911,Lab,SNP,skipped,skipped,skipped,skipped,skipped,skipped,skipped,skipped,,10
912,Lab,SNP,skipped,skipped,skipped,skipped,skipped,skipped,skipped,skipped,,10
913,Lab,SNP,skipped,skipped,skipped,skipped,skipped,skipped,skipped,skipped,,10
914,Lab,SNP,skipped,skipped,skipped,skipped,skipped,skipped,skipped,skipped,,10
915,Lab,SNP,skipped,skipped,skipped,skipped,skipped,skipped,skipped,skipped,,10
916,Lab,SNP,Con,Grn,SU,LD,Soc,Sol,skipped,skipped,,10
917,Lab,SNP,Sol,Grn,Soc,SU,LD,Con,skipped,skipped,,10
918,Lab,SNP,Grn,LD,skipped,skipped,skipped,skipped,skipped,skipped,,10
919,Lab,SNP,Grn,LD,Soc,SU,Con,Sol,skipped,skipped,,10
920,Lab,SNP,Grn,SU,skipped,skipped,skipped,skipped,skipped,skipped,,10
921,Lab,SNP,Grn,SU,Soc,LD,Con,Sol,skipped,skipped,,10
922,Lab,SNP,Grn,SU,LD,Con,Soc,Sol,skipped,skipped,,10
923,Lab,SNP,Soc,skipped,skipped,skipped,skipped,skipped,skipped,skipped,,10
924,Lab,SNP,Soc,skipped,skipped,skipped,skipped,skipped,skipped,skipped,,10
925,Lab,SNP,Soc,Sol,LD,Grn,Con,SU,skipped,skipped,,10
926,Lab,SNP,Soc,Sol,LD,SU,Grn,Con,skipped,skipped,,10
927,Lab,SNP,Soc,Grn,Sol,LD,SU,Con,skipped,skipped,,10
928,Lab,SNP,Soc,LD,SU,Con,Grn,Sol,skipped,skipped,,10
929,Lab,SNP,LD,skipped,skipped,skipped,skipped,skipped,skipped,skipped,,10
930,Lab,SNP,LD,skipped,skipped,skipped,skipped,skipped,skipped,skipped,,10
931,Lab,SNP,LD,skipped,skipped,skipped,skipped,skipped,skipped,skipped,,10
932,Lab,SNP,LD,skipped,skipped,skipped,skipped,skipped,skipped,skipped,,10
933,Lab,SNP,LD,Con,skipped,skipped,skipped,skipped,skipped,skipped,,10
934,Lab,SNP,LD,Con,Soc,Grn,SU,Sol,skipped,skipped,,10
935,Lab,SU,skipped,skipped,skipped,skipped,skipped,skipped,skipped,skipped,,10
936,Lab,SU,skipped,skipped,skipped,skipped,skipped,skipped,skipped,skipped,,10
937,Lab,SU,skipped,skipped,skipped,skipped,skipped,skipped,skipped,skipped,,10
938,Lab,SU,Con,skipped,skipped,skipped,skipped,skipped,skipped,skipped,,10
939,Lab,SU,Grn,LD,Con,skipped,skipped,skipped,skipped,skipped,,10
940,Lab,Sol,skipped,skipped,skipped,skipped,skipped,skipped,skipped,skipped,,10
941,Lab,Sol,skipped,skipped,skipped,skipped,skipped,skipped,skipped,skipped,,10
942,Lab,Sol,skipped,skipped,skipped,skipped,skipped,skipped,skipped,skipped,,10
943,Lab,Sol,skipped,skipped,skipped,skipped,skipped,skipped,skipped,skipped,,10
944,Lab,Sol,skipped,skipped,skipped,skipped,skipped,skipped,skipped,skipped,,10
945,Lab,Grn,skipped,skipped,skipped,skipped,skipped,skipped,skipped,skipped,,10
946,Lab,Grn,skipped,skipped,skipped,skipped,skipped,skipped,skipped,skipped,,10
947,Lab,Grn,skipped,skipped,skipped,skipped,skipped,skipped,skipped,skipped,,10
948,Lab,Grn,skipped,skipped,skipped,skipped,skipped,skipped,skipped,skipped,,10
949,Lab,Grn,skipped,skipped,skipped,skipped,skipped,skipped,skipped,skipped,,10
950,Lab,Grn,skipped,skipped,skipped,skipped,skipped,skipped,skipped,skipped,,10
951,Lab,Grn,skipped,skipped,skipped,skipped,skipped,skipped,skipped,skipped,,10
952,Lab,Grn,skipped,skipped,skipped,skipped,skipped,skipped,skipped,skipped,,10
953,Lab,Grn,skipped,skipped,skipped,skipped,skipped,skipped,skipped,skipped,,10
954,Lab,Grn,skipped,skipped,skipped,skipped,skipped,skipped,skipped,skipped,,10
955,Lab,Grn,skipped,skipped,skipped,skipped,skipped,skipped,skipped,skipped,,10
956,Lab,Grn,LD,skipped,skipped,skipped,skipped,skipped,skipped,skipped,,10
957,Lab,Grn,LD,Sol,Con,Soc,SU,SNP,skipped,skipped,,10
958,Lab,Grn,Soc,skipped,skipped,skipped,skipped,skipped,skipped,skipped,,10
959,Lab,Grn,Soc,SU,SNP,LD,Con,Sol,skipped,skipped,,10
960,Lab,Grn,LD,skipped,skipped,skipped,skipped,skipped,skipped,skipped,,10
961,Lab,Soc,skipped,skipped,skipped,skipped,skipped,skipped,skipped,skipped,,10
962,Lab,Soc,skipped,skipped,skipped,skipped,skipped,skipped,skipped,skipped,,10
963,Lab,Soc,skipped,skipped,skipped,skipped,skipped,skipped,skipped,skipped,,10
964,Lab,Soc,skipped,skipped,skipped,skipped,skipped,skipped,skipped,skipped,,10
965,Lab,Soc,skipped,skipped,skipped,skipped,skipped,skipped,skipped,skipped,,10
966,Lab,Soc,skipped,skipped,skipped,skipped,skipped,skipped,skipped,skipped,,10
967,Lab,Soc,skipped,skipped,skipped,skipped,skipped,skipped,skipped,skipped,,10
968,Lab,Soc,Grn,SNP,LD,Sol,Con,SU,skipped,skipped,,10
969,Lab,Soc,Sol,skipped,skipped,skipped,skipped,skipped,skipped,skipped,,10
970,Lab,Soc,Sol,Con,LD,skipped,skipped,skipped,skipped,skipped,,10
971,Lab,Soc,Sol,Grn,SNP,LD,Con,SU,skipped,skipped,,10
972,Lab,Soc,Grn,SU,SNP,Con,Sol,LD,skipped,skipped,,10
973,Lab,Soc,SNP,skipped,skipped,skipped,skipped,skipped,skipped,skipped,,10
974,Lab,Soc,SU,skipped,skipped,skipped,skipped,skipped,skipped,skipped,,10
975,Lab,LD,skipped,skipped,skipped,skipped,skipped,skipped,skipped,skipped,,10
976,Lab,LD,skipped,skipped,skipped,skipped,skipped,skipped,skipped,skipped,,10
977,Lab,LD,skipped,skipped,skipped,skipped,skipped,skipped,skipped,skipped,,10
978,Lab,LD,skipped,skipped,skipped,skipped,skipped,skipped,skipped,skipped,,10
979,Lab,LD,skipped,skipped,skipped,skipped,skipped,skipped,skipped,skipped,,10
980,Lab,LD,skipped,skipped,skipped,skipped,skipped,skipped,skipped,skipped,,10
981,Lab,LD,skipped,skipped,skipped,skipped,skipped,skipped,skipped,skipped,,10
982,Lab,LD,skipped,skipped,skipped,skipped,skipped,skipped,skipped,skipped,,10
983,Lab,LD,skipped,skipped,skipped,skipped,skipped,skipped,skipped,skipped,,10
984,Lab,LD,Grn,SNP,skipped,skipped,skipped,skipped,skipped,skipped,,10
985,Lab,LD,SNP,Con,Grn,skipped,skipped,skipped,skipped,skipped,,10
986,Lab,SNP,skipped,skipped,skipped,skipped,skipped,skipped,skipped,skipped,,10
987,Lab,SNP,skipped,skipped,skipped,skipped,skipped,skipped,skipped,skipped,,10
988,Lab,SNP,skipped,skipped,skipped,skipped,skipped,skipped,skipped,skipped,,10
989,Lab,SNP,skipped,skipped,skipped,skipped,skipped,skipped,skipped,skipped,,10
990,Lab,SNP,skipped,skipped,skipped,skipped,skipped,skipped,skipped,skipped,,10
991,Lab,SNP,skipped,skipped,skipped,skipped,skipped,skipped,skipped,skipped,,10
992,Lab,SNP,skipped,skipped,skipped,skipped,skipped,skipped,skipped,skipped,,10
993,Lab,SNP,skipped,skipped,skipped,skipped,skipped,skipped,skipped,skipped,,10
994,Lab,SNP,skipped,skipped,skipped,skipped,skipped,skipped,skipped,skipped,,10
995,Lab,SNP,skipped,skipped,skipped,skipped,skipped,skipped,skipped,skipped,,10
996,Lab,SNP,skipped,skipped,skipped,skipped,skipped,skipped,skipped,skipped,,10
997,Lab,SNP,skipped,skipped,skipped,skipped,skipped,skipped,skipped,skipped,,10
998,Lab,SNP,Grn,Sol,Con,LD,Soc,SU,skipped,skipped,,10
999,Lab,SNP,Sol,skipped,skipped,skipped,skipped,skipped,skipped,skipped,,10
1000,Lab,SNP,Sol,Grn,LD,Soc,SU,Con,skipped,skipped,,10
1001,Lab,SNP,Grn,skipped,skipped,skipped,skipped,skipped,skipped,skipped,,10
1002,Lab,SNP,Grn,skipped,skipped,skipped,skipped,skipped,skipped,skipped,,10
1003,Lab,SNP,LD,Con,skipped,skipped,skipped,skipped,skipped,skipped,,10
1004,Lab,SU,skipped,skipped,skipped,skipped,skipped,skipped,skipped,skipped,,10
1005,Lab,SU,skipped,skipped,skipped,skipped,skipped,skipped,skipped,skipped,,10
1006,Lab,SU,skipped,skipped,skipped,skipped,skipped,skipped,skipped,skipped,,10
1007,Lab,SU,skipped,skipped,skipped,skipped,skipped,skipped,skipped,skipped,,10
1008,Lab,SU,Con,skipped,skipped,skipped,skipped,skipped,skipped,skipped,,10
1009,Lab,SU,Con,LD,SNP,skipped,skipped,skipped,skipped,skipped,,10
1010,Lab,SU,skipped,skipped,skipped,skipped,skipped,skipped,skipped,skipped,,10
1011,Lab,SU,Grn,skipped,skipped,skipped,skipped,skipped,skipped,skipped,,10
1012,Lab,SU,Soc,SNP,Sol,Con,Grn,LD,skipped,skipped,,10
1013,Lab,Con,skipped,skipped,skipped,skipped,skipped,skipped,skipped,skipped,,10
1014,Lab,Con,skipped,skipped,skipped,skipped,skipped,skipped,skipped,skipped,,10
1015,Lab,Con,skipped,skipped,skipped,skipped,skipped,skipped,skipped,skipped,,10
1016,Lab,Con,skipped,skipped,skipped,skipped,skipped,skipped,skipped,skipped,,10
1017,Lab,Con,skipped,skipped,skipped,skipped,skipped,skipped,skipped,skipped,,10
1018,Lab,Con,skipped,skipped,skipped,skipped,skipped,skipped,skipped,skipped,,10
1019,Lab,Con,skipped,skipped,skipped,skipped,skipped,skipped,skipped,skipped,,10
1020,Lab,Con,skipped,skipped,skipped,skipped,skipped,skipped,skipped,skipped,,10
1021,Lab,Con,skipped,skipped,skipped,skipped,skipped,skipped,skipped,skipped,,10
1022,Lab,Con,skipped,skipped,skipped,skipped,skipped,skipped,skipped,skipped,,10
1023,Lab,Con,skipped,skipped,skipped,skipped,skipped,skipped,skipped,skipped,,10
1024,Lab,Con,skipped,skipped,skipped,skipped,skipped,skipped,skipped,skipped,,10
1025,Lab,Con,skipped,skipped,skipped,skipped,skipped,skipped,skipped,skipped,,10
1026,Lab,Con,skipped,skipped,skipped,skipped,skipped,skipped,skipped,skipped,,10
1027,Lab,Con,skipped,skipped,skipped,skipped,skipped,skipped,skipped,skipped,,10
1028,Lab,Con,skipped,skipped,skipped,skipped,skipped,skipped,skipped,skipped,,10
1029,Lab,Con,skipped,skipped,skipped,skipped,skipped,skipped,skipped,skipped,,10
1030,Lab,Con,skipped,skipped,skipped,skipped,skipped,skipped,skipped,skipped,,10
1031,Lab,Con,Grn,skipped,skipped,skipped,skipped,skipped,skipped,skipped,,10
1032,Lab,Con,Grn,LD,Sol,SU,Soc,SNP,skipped,skipped,,10
1033,Lab,Con,Sol,LD,skipped,skipped,skipped,skipped,skipped,skipped,,10
1034,Lab,Con,Grn,skipped,skipped,skipped,skipped,skipped,skipped,skipped,,10
1035,Lab,Con,Grn,skipped,skipped,skipped,skipped,skipped,skipped,skipped,,10
1036,Lab,Con,Grn,Soc,skipped,skipped,skipped,skipped,skipped,skipped,,10
1037,Lab,Con,Soc,skipped,skipped,skipped,skipped,skipped,skipped,skipped,,10
1038,Lab,Con,Soc,skipped,skipped,skipped,skipped,skipped,skipped,skipped,,10
1039,Lab,Con,Soc,skipped,skipped,skipped,skipped,skipped,skipped,skipped,,10
1040,Lab,Con,LD,skipped,skipped,skipped,skipped,skipped,skipped,skipped,,10
1041,Lab,Con,LD,SNP,skipped,skipped,skipped,skipped,skipped,skipped,,10
1042,Lab,Con,SNP,skipped,skipped,skipped,skipped,skipped,skipped,skipped,,10
1043,Lab,Con,SNP,LD,Grn,skipped,skipped,skipped,skipped,skipped,,10
1044,Lab,Con,SNP,Sol,Grn,Soc,LD,SU,skipped,skipped,,10
1045,Lab,Con,SU,skipped,skipped,skipped,skipped,skipped,skipped,skipped,,10
1046,Lab,Con,SU,skipped,skipped,skipped,skipped,skipped,skipped,skipped,,10
1047,Lab,Con,SU,LD,skipped,skipped,skipped,skipped,skipped,skipped,,10
1048,Lab,skipped,skipped,skipped,skipped,skipped,skipped,skipped,skipped,skipped,,10
1049,Lab,skipped,skipped,skipped,skipped,skipped,skipped,skipped,skipped,skipped,,10
1050,Lab,skipped,skipped,skipped,skipped,skipped,skipped,skipped,skipped,skipped,,10
1051,Lab,skipped,skipped,skipped,skipped,skipped,skipped,skipped,skipped,skipped,,10
1052,Lab,skipped,skipped,skipped,skipped,skipped,skipped,skipped,skipped,skipped,,10
1053,Lab,skipped,skipped,skipped,skipped,skipped,skipped,skipped,skipped,skipped,,10
1054,Lab,skipped,skipped,skipped,skipped,skipped,skipped,skipped,skipped,skipped,,10
1055,Lab,skipped,skipped,skipped,skipped,skipped,skipped,skipped,skipped,skipped,,10
1056,Lab,skipped,skipped,skipped,skipped,skipped,skipped,skipped,skipped,skipped,,10
1057,Lab,skipped,skipped,skipped,skipped,skipped,skipped,skipped,skipped,skipped,,10
1058,Lab,skipped,skipped,skipped,skipped,skipped,skipped,skipped,skipped,skipped,,10
1059,Lab,skipped,skipped,skipped,skipped,skipped,skipped,skipped,skipped,skipped,,10
1060,Lab,skipped,skipped,skipped,skipped,skipped,skipped,skipped,skipped,skipped,,10
1061,Lab,skipped,skipped,skipped,skipped,skipped,skipped,skipped,skipped,skipped,,10
1062,Lab,skipped,skipped,skipped,skipped,skipped,skipped,skipped,skipped,skipped,,10
1063,Lab,skipped,skipped,skipped,skipped,skipped,skipped,skipped,skipped,skipped,,10
1064,Lab,skipped,skipped,skipped,skipped,skipped,skipped,skipped,skipped,skipped,,10
1065,Lab,skipped,skipped,skipped,skipped,skipped,skipped,skipped,skipped,skipped,,10
1066,Lab,skipped,skipped,skipped,skipped,skipped,skipped,skipped,skipped,skipped,,10
1067,Lab,skipped,skipped,skipped,skipped,skipped,skipped,skipped,skipped,skipped,,10
1068,Lab,skipped,skipped,skipped,skipped,skipped,skipped,skipped,skipped,skipped,,10
1069,Lab,skipped,skipped,skipped,skipped,skipped,skipped,skipped,skipped,skipped,,10
1070,Lab,skipped,skipped,skipped,skipped,skipped,skipped,skipped,skipped,skipped,,10
1071,Lab,skipped,skipped,skipped,skipped,skipped,skipped,skipped,skipped,skipped,,10
1072,Lab,skipped,skipped,skipped,skipped,skipped,skipped,skipped,skipped,skipped,,10
1073,Lab,skipped,skipped,skipped,skipped,skipped,skipped,skipped,skipped,skipped,,10
1074,Lab,skipped,skipped,skipped,skipped,skipped,skipped,skipped,skipped,skipped,,10
1075,Lab,skipped,skipped,skipped,skipped,skipped,skipped,skipped,skipped,skipped,,10
1076,Lab,skipped,skipped,skipped,skipped,skipped,skipped,skipped,skipped,skipped,,10
1077,Lab,skipped,skipped,skipped,skipped,skipped,skipped,skipped,skipped,skipped,,10
1078,Lab,skipped,skipped,skipped,skipped,skipped,skipped,skipped,skipped,skipped,,10
1079,Lab,skipped,skipped,skipped,skipped,skipped,skipped,skipped,skipped,skipped,,10
1080,Lab,skipped,skipped,skipped,skipped,skipped,skipped,skipped,skipped,skipped,,10
1081,Lab,skipped,skipped,skipped,skipped,skipped,skipped,skipped,skipped,skipped,,10
1082,Lab,skipped,skipped,skipped,skipped,skipped,skipped,skipped,skipped,skipped,,10
1083,Lab,skipped,skipped,skipped,skipped,skipped,skipped,skipped,skipped,skipped,,10
1084,Lab,skipped,skipped,skipped,skipped,skipped,skipped,skipped,skipped,skipped,,10
1085,Lab,skipped,skipped,skipped,skipped,skipped,skipped,skipped,skipped,skipped,,10
1086,Lab,skipped,skipped,skipped,skipped,skipped,skipped,skipped,skipped,skipped,,10
1087,Lab,skipped,skipped,skipped,skipped,skipped,skipped,skipped,skipped,skipped,,10
1088,Lab,skipped,skipped,skipped,skipped,skipped,skipped,skipped,skipped,skipped,,10
1089,Lab,skipped,skipped,skipped,skipped,skipped,skipped,skipped,skipped,skipped,,10
1090,Lab,skipped,skipped,skipped,skipped,skipped,skipped,skipped,skipped,skipped,,10
1091,Lab,skipped,skipped,skipped,skipped,skipped,skipped,skipped,skipped,skipped,,10
1092,Lab,skipped,skipped,skipped,skipped,skipped,skipped,skipped,skipped,skipped,,10
1093,Lab,skipped,skipped,skipped,skipped,skipped,skipped,skipped,skipped,skipped,,10
1094,Lab,skipped,skipped,skipped,skipped,skipped,skipped,skipped,skipped,skipped,,10
1095,Lab,skipped,skipped,skipped,skipped,skipped,skipped,skipped,skipped,skipped,,10
1096,Lab,skipped,skipped,skipped,skipped,skipped,skipped,skipped,skipped,skipped,,10
1097,Lab,skipped,skipped,skipped,skipped,skipped,skipped,skipped,skipped,skipped,,10
1098,Lab,skipped,skipped,skipped,skipped,skipped,skipped,skipped,skipped,skipped,,10
1099,Lab,skipped,skipped,skipped,skipped,skipped,skipped,skipped,skipped,skipped,,10
1100,Lab,skipped,skipped,skipped,skipped,skipped,skipped,skipped,skipped,skipped,,10
1101,Lab,skipped,skipped,skipped,skipped,skipped,skipped,skipped,skipped,skipped,,10
1102,Lab,skipped,skipped,skipped,skipped,skipped,skipped,skipped,skipped,skipped,,10
1103,Lab,skipped,skipped,skipped,skipped,skipped,skipped,skipped,skipped,skipped,,10
1104,Lab,skipped,skipped,skipped,skipped,skipped,skipped,skipped,skipped,skipped,,10
1105,Lab,skipped,skipped,skipped,skipped,skipped,skipped,skipped,skipped,skipped,,10
1106,Lab,skipped,skipped,skipped,skipped,skipped,skipped,skipped,skipped,skipped,,10
1107,Lab,skipped,skipped,skipped,skipped,skipped,skipped,skipped,skipped,skipped,,10
1108,Lab,skipped,skipped,skipped,skipped,skipped,skipped,skipped,skipped,skipped,,10
1109,Lab,skipped,skipped,skipped,skipped,skipped,skipped,skipped,skipped,skipped,,10
1110,Lab,skipped,skipped,skipped,skipped,skipped,skipped,skipped,skipped,skipped,,10
1111,Lab,skipped,skipped,skipped,skipped,skipped,skipped,skipped,skipped,skipped,,10
1112,Lab,skipped,skipped,skipped,skipped,skipped,skipped,skipped,skipped,skipped,,10
1113,Lab,skipped,skipped,skipped,skipped,skipped,skipped,skipped,skipped,skipped,,10
1114,Lab,skipped,skipped,skipped,skipped,skipped,skipped,skipped,skipped,skipped,,10
1115,Lab,skipped,skipped,skipped,skipped,skipped,skipped,skipped,skipped,skipped,,10
1116,Lab,skipped,skipped,skipped,skipped,skipped,skipped,skipped,skipped,skipped,,10
1117,Lab,skipped,skipped,skipped,skipped,skipped,skipped,skipped,skipped,skipped,,10
1118,Lab,skipped,skipped,skipped,skipped,skipped,skipped,skipped,skipped,skipped,,10
1119,Lab,skipped,skipped,skipped,skipped,skipped,skipped,skipped,skipped,skipped,,10
1120,Lab,skipped,skipped,skipped,skipped,skipped,skipped,skipped,skipped,skipped,,10
1121,Lab,skipped,skipped,skipped,skipped,skipped,skipped,skipped,skipped,skipped,,10
1122,Lab,skipped,skipped,skipped,skipped,skipped,skipped,skipped,skipped,skipped,,10
1123,Lab,skipped,skipped,skipped,skipped,skipped,skipped,skipped,skipped,skipped,,10
1124,Lab,skipped,skipped,skipped,skipped,skipped,skipped,skipped,skipped,skipped,,10
1125,Lab,skipped,skipped,skipped,skipped,skipped,skipped,skipped,skipped,skipped,,10
1126,Lab,skipped,skipped,skipped,skipped,skipped,skipped,skipped,skipped,skipped,,10
1127,Lab,skipped,skipped,skipped,skipped,skipped,skipped,skipped,skipped,skipped,,10
1128,Lab,skipped,skipped,skipped,skipped,skipped,skipped,skipped,skipped,skipped,,10
1129,Lab,skipped,skipped,skipped,skipped,skipped,skipped,skipped,skipped,skipped,,10
1130,Lab,skipped,skipped,skipped,skipped,skipped,skipped,skipped,skipped,skipped,,10
1131,Lab,skipped,skipped,skipped,skipped,skipped,skipped,skipped,skipped,skipped,,10
1132,Lab,skipped,skipped,skipped,skipped,skipped,skipped,skipped,skipped,skipped,,10
1133,Lab,skipped,skipped,skipped,skipped,skipped,skipped,skipped,skipped,skipped,,10
1134,Lab,skipped,skipped,skipped,skipped,skipped,skipped,skipped,skipped,skipped,,10
1135,Lab,skipped,skipped,skipped,skipped,skipped,skipped,skipped,skipped,skipped,,10
1136,Lab,skipped,skipped,skipped,skipped,skipped,skipped,skipped,skipped,skipped,,10
1137,Lab,skipped,skipped,skipped,skipped,skipped,skipped,skipped,skipped,skipped,,10
1138,Lab,skipped,skipped,skipped,skipped,skipped,skipped,skipped,skipped,skipped,,10
1139,Lab,skipped,skipped,skipped,skipped,skipped,skipped,skipped,skipped,skipped,,10
1140,Lab,skipped,skipped,skipped,skipped,skipped,skipped,skipped,skipped,skipped,,10
1141,Lab,skipped,skipped,skipped,skipped,skipped,skipped,skipped,skipped,skipped,,10
1142,Lab,skipped,skipped,skipped,skipped,skipped,skipped,skipped,skipped,skipped,,10
1143,Lab,skipped,skipped,skipped,skipped,skipped,skipped,skipped,skipped,skipped,,10
1144,Lab,skipped,skipped,skipped,skipped,skipped,skipped,skipped,skipped,skipped,,10
1145,Lab,skipped,skipped,skipped,skipped,skipped,skipped,skipped,skipped,skipped,,10
1146,Lab,skipped,skipped,skipped,skipped,skipped,skipped,skipped,skipped,skipped,,10
1147,Lab,skipped,skipped,skipped,skipped,skipped,skipped,skipped,skipped,skipped,,10
1148,Lab,skipped,skipped,skipped,skipped,skipped,skipped,skipped,skipped,skipped,,10
1149,Lab,skipped,skipped,skipped,skipped,skipped,skipped,skipped,skipped,skipped,,10
1150,Lab,skipped,skipped,skipped,skipped,skipped,skipped,skipped,skipped,skipped,,10
1151,Lab,skipped,skipped,skipped,skipped,skipped,skipped,skipped,skipped,skipped,,10
1152,Lab,skipped,skipped,skipped,skipped,skipped,skipped,skipped,skipped,skipped,,10
1153,Lab,skipped,skipped,skipped,skipped,skipped,skipped,skipped,skipped,skipped,,10
1154,Lab,skipped,skipped,skipped,skipped,skipped,skipped,skipped,skipped,skipped,,10
1155,Lab,skipped,skipped,skipped,skipped,skipped,skipped,skipped,skipped,skipped,,10
1156,Lab,skipped,skipped,skipped,skipped,skipped,skipped,skipped,skipped,skipped,,10
1157,Lab,skipped,skipped,skipped,skipped,skipped,skipped,skipped,skipped,skipped,,10
1158,Lab,skipped,skipped,skipped,skipped,skipped,skipped,skipped,skipped,skipped,,10
1159,Lab,skipped,skipped,skipped,skipped,skipped,skipped,skipped,skipped,skipped,,10
1160,Lab,skipped,skipped,skipped,skipped,skipped,skipped,skipped,skipped,skipped,,10
1161,Lab,skipped,skipped,skipped,skipped,skipped,skipped,skipped,skipped,skipped,,10
1162,Lab,skipped,skipped,skipped,skipped,skipped,skipped,skipped,skipped,skipped,,10
1163,Lab,skipped,skipped,skipped,skipped,skipped,skipped,skipped,skipped,skipped,,10
1164,Lab,skipped,skipped,skipped,skipped,skipped,skipped,skipped,skipped,skipped,,10
1165,Lab,skipped,skipped,skipped,skipped,skipped,skipped,skipped,skipped,skipped,,10
1166,Lab,skipped,skipped,skipped,skipped,skipped,skipped,skipped,skipped,skipped,,10
1167,Lab,skipped,skipped,skipped,skipped,skipped,skipped,skipped,skipped,skipped,,10
1168,Lab,skipped,skipped,skipped,skipped,skipped,skipped,skipped,skipped,skipped,,10
1169,Lab,skipped,skipped,skipped,skipped,skipped,skipped,skipped,skipped,skipped,,10
1170,Lab,skipped,skipped,skipped,skipped,skipped,skipped,skipped,skipped,skipped,,10
1171,Lab,skipped,skipped,skipped,skipped,skipped,skipped,skipped,skipped,skipped,,10
1172,Lab,skipped,skipped,skipped,skipped,skipped,skipped,skipped,skipped,skipped,,10
1173,Lab,skipped,skipped,skipped,skipped,skipped,skipped,skipped,skipped,skipped,,10
1174,Lab,skipped,skipped,skipped,skipped,skipped,skipped,skipped,skipped,skipped,,10
1175,Lab,skipped,skipped,skipped,skipped,skipped,skipped,skipped,skipped,skipped,,10
1176,Lab,skipped,skipped,skipped,skipped,skipped,skipped,skipped,skipped,skipped,,10
1177,Lab,skipped,skipped,skipped,skipped,skipped,skipped,skipped,skipped,skipped,,10
1178,Lab,skipped,skipped,skipped,skipped,skipped,skipped,skipped,skipped,skipped,,10
1179,Lab,skipped,skipped,skipped,skipped,skipped,skipped,skipped,skipped,skipped,,10
1180,Lab,skipped,skipped,skipped,skipped,skipped,skipped,skipped,skipped,skipped,,10
1181,Lab,skipped,skipped,skipped,skipped,skipped,skipped,skipped,skipped,skipped,,10
1182,Lab,skipped,skipped,skipped,skipped,skipped,skipped,skipped,skipped,skipped,,10
1183,Lab,skipped,skipped,skipped,skipped,skipped,skipped,skipped,skipped,skipped,,10
1184,Lab,skipped,skipped,skipped,skipped,skipped,skipped,skipped,skipped,skipped,,10
1185,Lab,skipped,skipped,skipped,skipped,skipped,skipped,skipped,skipped,skipped,,10
1186,Lab,skipped,skipped,skipped,skipped,skipped,skipped,skipped,skipped,skipped,,10
1187,Lab,skipped,skipped,skipped,skipped,skipped,skipped,skipped,skipped,skipped,,10
1188,Lab,skipped,skipped,skipped,skipped,skipped,skipped,skipped,skipped,skipped,,10
1189,Lab,skipped,skipped,skipped,skipped,skipped,skipped,skipped,skipped,skipped,,10
1190,Lab,skipped,skipped,skipped,skipped,skipped,skipped,skipped,skipped,skipped,,10
1191,Lab,skipped,skipped,skipped,skipped,skipped,skipped,skipped,skipped,skipped,,10
1192,Lab,skipped,skipped,skipped,skipped,skipped,skipped,skipped,skipped,skipped,,10
1193,Lab,skipped,skipped,skipped,skipped,skipped,skipped,skipped,skipped,skipped,,10
1194,Lab,skipped,skipped,skipped,skipped,skipped,skipped,skipped,skipped,skipped,,10
1195,Lab,skipped,skipped,skipped,skipped,skipped,skipped,skipped,skipped,skipped,,10
1196,Lab,skipped,skipped,skipped,skipped,skipped,skipped,skipped,skipped,skipped,,10
1197,Lab,skipped,skipped,skipped,skipped,skipped,skipped,skipped,skipped,skipped,,10
1198,Lab,skipped,skipped,skipped,skipped,skipped,skipped,skipped,skipped,skipped,,10
1199,Lab,skipped,skipped,skipped,skipped,skipped,skipped,skipped,skipped,skipped,,10
1200,Lab,skipped,skipped,skipped,skipped,skipped,skipped,skipped,skipped,skipped,,10
1201,Lab,skipped,skipped,skipped,skipped,skipped,skipped,skipped,skipped,skipped,,10
1202,Lab,skipped,skipped,skipped,skipped,skipped,skipped,skipped,skipped,skipped,,10
1203,Lab,skipped,skipped,skipped,skipped,skipped,skipped,skipped,skipped,skipped,,10
1204,Lab,skipped,skipped,skipped,skipped,skipped,skipped,skipped,skipped,skipped,,10
1205,Lab,skipped,skipped,skipped,skipped,skipped,skipped,skipped,skipped,skipped,,10
1206,Lab,skipped,skipped,skipped,skipped,skipped,skipped,skipped,skipped,skipped,,10
1207,Lab,skipped,skipped,skipped,skipped,skipped,skipped,skipped,skipped,skipped,,10
1208,Lab,skipped,skipped,skipped,skipped,skipped,skipped,skipped,skipped,skipped,,10
1209,Lab,skipped,skipped,skipped,skipped,skipped,skipped,skipped,skipped,skipped,,10
1210,Lab,skipped,skipped,skipped,skipped,skipped,skipped,skipped,skipped,skipped,,10
1211,Lab,skipped,skipped,skipped,skipped,skipped,skipped,skipped,skipped,skipped,,10
1212,Lab,skipped,skipped,skipped,skipped,skipped,skipped,skipped,skipped,skipped,,10
1213,Lab,skipped,skipped,skipped,skipped,skipped,skipped,skipped,skipped,skipped,,10
1214,Lab,skipped,skipped,skipped,skipped,skipped,skipped,skipped,skipped,skipped,,10
1215,Lab,skipped,skipped,skipped,skipped,skipped,skipped,skipped,skipped,skipped,,10
1216,Lab,skipped,skipped,skipped,skipped,skipped,skipped,skipped,skipped,skipped,,10
1217,Lab,skipped,skipped,skipped,skipped,skipped,skipped,skipped,skipped,skipped,,10
1218,Lab,skipped,skipped,skipped,skipped,skipped,skipped,skipped,skipped,skipped,,10
1219,Lab,skipped,skipped,skipped,skipped,skipped,skipped,skipped,skipped,skipped,,10
1220,Lab,skipped,skipped,skipped,skipped,skipped,skipped,skipped,skipped,skipped,,10
1221,Lab,skipped,skipped,skipped,skipped,skipped,skipped,skipped,skipped,skipped,,10
1222,Lab,skipped,skipped,skipped,skipped,skipped,skipped,skipped,skipped,skipped,,10
1223,Lab,skipped,skipped,skipped,skipped,skipped,skipped,skipped,skipped,skipped,,10
1224,Lab,skipped,skipped,skipped,skipped,skipped,skipped,skipped,skipped,skipped,,10
1225,Lab,skipped,skipped,skipped,skipped,skipped,skipped,skipped,skipped,skipped,,10
1226,Lab,skipped,skipped,skipped,skipped,skipped,skipped,skipped,skipped,skipped,,10
1227,Lab,skipped,skipped,skipped,skipped,skipped,skipped,skipped,skipped,skipped,,10
1228,Lab,skipped,skipped,skipped,skipped,skipped,skipped,skipped,skipped,skipped,,10
1229,Lab,skipped,skipped,skipped,skipped,skipped,skipped,skipped,skipped,skipped,,10
1230,Lab,skipped,skipped,skipped,skipped,skipped,skipped,skipped,skipped,skipped,,10
1231,Lab,skipped,skipped,skipped,skipped,skipped,skipped,skipped,skipped,skipped,,10
1232,Lab,skipped,skipped,skipped,skipped,skipped,skipped,skipped,skipped,skipped,,10
1233,Lab,skipped,skipped,skipped,skipped,skipped,skipped,skipped,skipped,skipped,,10
1234,Lab,skipped,skipped,skipped,skipped,skipped,skipped,skipped,skipped,skipped,,10
1235,Lab,skipped,skipped,skipped,skipped,skipped,skipped,skipped,skipped,skipped,,10
1236,Lab,skipped,skipped,skipped,skipped,skipped,skipped,skipped,skipped,skipped,,10
1237,Lab,skipped,skipped,skipped,skipped,skipped,skipped,skipped,skipped,skipped,,10
1238,Lab,skipped,skipped,skipped,skipped,skipped,skipped,skipped,skipped,skipped,,10
1239,Lab,skipped,skipped,skipped,skipped,skipped,skipped,skipped,skipped,skipped,,10
1240,Lab,skipped,skipped,skipped,skipped,skipped,skipped,skipped,skipped,skipped,,10
1241,Lab,skipped,skipped,skipped,skipped,skipped,skipped,skipped,skipped,skipped,,10
1242,Lab,skipped,skipped,skipped,skipped,skipped,skipped,skipped,skipped,skipped,,10
1243,Lab,skipped,skipped,skipped,skipped,skipped,skipped,skipped,skipped,skipped,,10
1244,Lab,skipped,skipped,skipped,skipped,skipped,skipped,skipped,skipped,skipped,,10
1245,Lab,skipped,skipped,skipped,skipped,skipped,skipped,skipped,skipped,skipped,,10
1246,Lab,skipped,skipped,skipped,skipped,skipped,skipped,skipped,skipped,skipped,,10
1247,Lab,skipped,skipped,skipped,skipped,skipped,skipped,skipped,skipped,skipped,,10
1248,Lab,skipped,skipped,skipped,skipped,skipped,skipped,skipped,skipped,skipped,,10
1249,Lab,skipped,skipped,skipped,skipped,skipped,skipped,skipped,skipped,skipped,,10
1250,Lab,skipped,skipped,skipped,skipped,skipped,skipped,skipped,skipped,skipped,,10
1251,Lab,skipped,skipped,skipped,skipped,skipped,skipped,skipped,skipped,skipped,,10
1252,Lab,skipped,skipped,skipped,skipped,skipped,skipped,skipped,skipped,skipped,,10
1253,Lab,skipped,skipped,skipped,skipped,skipped,skipped,skipped,skipped,skipped,,10
1254,Lab,skipped,skipped,skipped,skipped,skipped,skipped,skipped,skipped,skipped,,10
1255,Lab,skipped,skipped,skipped,skipped,skipped,skipped,skipped,skipped,skipped,,10
1256,Lab,skipped,skipped,skipped,skipped,skipped,skipped,skipped,skipped,skipped,,10
1257,Lab,skipped,skipped,skipped,skipped,skipped,skipped,skipped,skipped,skipped,,10
1258,Lab,skipped,skipped,skipped,skipped,skipped,skipped,skipped,skipped,skipped,,10
1259,Lab,skipped,skipped,skipped,skipped,skipped,skipped,skipped,skipped,skipped,,10
1260,Lab,skipped,skipped,skipped,skipped,skipped,skipped,skipped,skipped,skipped,,10
1261,Lab,skipped,skipped,skipped,skipped,skipped,skipped,skipped,skipped,skipped,,10
1262,Lab,skipped,skipped,skipped,skipped,skipped,skipped,skipped,skipped,skipped,,10
1263,Lab,skipped,skipped,skipped,skipped,skipped,skipped,skipped,skipped,skipped,,10
1264,Lab,skipped,skipped,skipped,skipped,skipped,skipped,skipped,skipped,skipped,,10
1265,Lab,skipped,skipped,skipped,skipped,skipped,skipped,skipped,skipped,skipped,,10
1266,Lab,skipped,skipped,skipped,skipped,skipped,skipped,skipped,skipped,skipped,,10
1267,Lab,skipped,skipped,skipped,skipped,skipped,skipped,skipped,skipped,skipped,,10
1268,Lab,skipped,skipped,skipped,skipped,skipped,skipped,skipped,skipped,skipped,,10
1269,Lab,skipped,skipped,skipped,skipped,skipped,skipped,skipped,skipped,skipped,,10
1270,Lab,skipped,skipped,skipped,skipped,skipped,skipped,skipped,skipped,skipped,,10
1271,Lab,skipped,skipped,skipped,skipped,skipped,skipped,skipped,skipped,skipped,,10
1272,Lab,skipped,skipped,skipped,skipped,skipped,skipped,skipped,skipped,skipped,,10
1273,Lab,skipped,skipped,skipped,skipped,skipped,skipped,skipped,skipped,skipped,,10
1274,Lab,skipped,skipped,skipped,skipped,skipped,skipped,skipped,skipped,skipped,,10
1275,Lab,skipped,skipped,skipped,skipped,skipped,skipped,skipped,skipped,skipped,,10
1276,Lab,skipped,skipped,skipped,skipped,skipped,skipped,skipped,skipped,skipped,,10
1277,Lab,skipped,skipped,skipped,skipped,skipped,skipped,skipped,skipped,skipped,,10
1278,Lab,skipped,skipped,skipped,skipped,skipped,skipped,skipped,skipped,skipped,,10
1279,Lab,skipped,skipped,skipped,skipped,skipped,skipped,skipped,skipped,skipped,,10
1280,Lab,skipped,skipped,skipped,skipped,skipped,skipped,skipped,skipped,skipped,,10
1281,Lab,skipped,skipped,skipped,skipped,skipped,skipped,skipped,skipped,skipped,,10
1282,Lab,skipped,skipped,skipped,skipped,skipped,skipped,skipped,skipped,skipped,,10
1283,Lab,skipped,skipped,skipped,skipped,skipped,skipped,skipped,skipped,skipped,,10
1284,Lab,skipped,skipped,skipped,skipped,skipped,skipped,skipped,skipped,skipped,,10
1285,Lab,skipped,skipped,skipped,skipped,skipped,skipped,skipped,skipped,skipped,,10
1286,Lab,skipped,skipped,skipped,skipped,skipped,skipped,skipped,skipped,skipped,,10
1287,Lab,skipped,skipped,skipped,skipped,skipped,skipped,skipped,skipped,skipped,,10
1288,Lab,skipped,skipped,skipped,skipped,skipped,skipped,skipped,skipped,skipped,,10
1289,Lab,skipped,skipped,skipped,skipped,skipped,skipped,skipped,skipped,skipped,,10
1290,Lab,skipped,skipped,skipped,skipped,skipped,skipped,skipped,skipped,skipped,,10
1291,Lab,skipped,skipped,skipped,skipped,skipped,skipped,skipped,skipped,skipped,,10
1292,Lab,skipped,skipped,skipped,skipped,skipped,skipped,skipped,skipped,skipped,,10
1293,Lab,skipped,skipped,skipped,skipped,skipped,skipped,skipped,skipped,skipped,,10
1294,Lab,skipped,skipped,skipped,skipped,skipped,skipped,skipped,skipped,skipped,,10
1295,Lab,skipped,skipped,skipped,skipped,skipped,skipped,skipped,skipped,skipped,,10
1296,Lab,skipped,skipped,skipped,skipped,skipped,skipped,skipped,skipped,skipped,,10
1297,Lab,skipped,skipped,skipped,skipped,skipped,skipped,skipped,skipped,skipped,,10
1298,Lab,skipped,skipped,skipped,skipped,skipped,skipped,skipped,skipped,skipped,,10
1299,Lab,skipped,skipped,skipped,skipped,skipped,skipped,skipped,skipped,skipped,,10
1300,Lab,skipped,skipped,skipped,skipped,skipped,skipped,skipped,skipped,skipped,,10
1301,Lab,skipped,skipped,skipped,skipped,skipped,skipped,skipped,skipped,skipped,,10
1302,Lab,skipped,skipped,skipped,skipped,skipped,skipped,skipped,skipped,skipped,,10
1303,Lab,skipped,skipped,skipped,skipped,skipped,skipped,skipped,skipped,skipped,,10
1304,Lab,skipped,skipped,skipped,skipped,skipped,skipped,skipped,skipped,skipped,,10
1305,Lab,skipped,skipped,skipped,skipped,skipped,skipped,skipped,skipped,skipped,,10
1306,Lab,skipped,skipped,skipped,skipped,skipped,skipped,skipped,skipped,skipped,,10
1307,Lab,skipped,skipped,skipped,skipped,skipped,skipped,skipped,skipped,skipped,,10
1308,Lab,skipped,skipped,skipped,skipped,skipped,skipped,skipped,skipped,skipped,,10
1309,Lab,skipped,skipped,skipped,skipped,skipped,skipped,skipped,skipped,skipped,,10
1310,Lab,skipped,skipped,skipped,skipped,skipped,skipped,skipped,skipped,skipped,,10
1311,Lab,skipped,skipped,skipped,skipped,skipped,skipped,skipped,skipped,skipped,,10
1312,Lab,skipped,skipped,skipped,skipped,skipped,skipped,skipped,skipped,skipped,,10
1313,Lab,skipped,skipped,skipped,skipped,skipped,skipped,skipped,skipped,skipped,,10
1314,Lab,skipped,skipped,skipped,skipped,skipped,skipped,skipped,skipped,skipped,,10
1315,Lab,skipped,skipped,skipped,skipped,skipped,skipped,skipped,skipped,skipped,,10
1316,Lab,skipped,skipped,skipped,skipped,skipped,skipped,skipped,skipped,skipped,,10
1317,Lab,skipped,skipped,skipped,skipped,skipped,skipped,skipped,skipped,skipped,,10
1318,Lab,skipped,skipped,skipped,skipped,skipped,skipped,skipped,skipped,skipped,,10
1319,Lab,skipped,skipped,skipped,skipped,skipped,skipped,skipped,skipped,skipped,,10
1320,Lab,skipped,skipped,skipped,skipped,skipped,skipped,skipped,skipped,skipped,,10
1321,Lab,skipped,skipped,skipped,skipped,skipped,skipped,skipped,skipped,skipped,,10
1322,Lab,skipped,skipped,skipped,skipped,skipped,skipped,skipped,skipped,skipped,,10
1323,Lab,skipped,skipped,skipped,skipped,skipped,skipped,skipped,skipped,skipped,,10
1324,Lab,skipped,skipped,skipped,skipped,skipped,skipped,skipped,skipped,skipped,,10
1325,Lab,skipped,skipped,skipped,skipped,skipped,skipped,skipped,skipped,skipped,,10
1326,Lab,skipped,skipped,skipped,skipped,skipped,skipped,skipped,skipped,skipped,,10
1327,Lab,skipped,skipped,skipped,skipped,skipped,skipped,skipped,skipped,skipped,,10
1328,Lab,skipped,skipped,skipped,skipped,skipped,skipped,skipped,skipped,skipped,,10
1329,Lab,skipped,skipped,skipped,skipped,skipped,skipped,skipped,skipped,skipped,,10
1330,Lab,skipped,skipped,skipped,skipped,skipped,skipped,skipped,skipped,skipped,,10
1331,Lab,skipped,skipped,skipped,skipped,skipped,skipped,skipped,skipped,skipped,,10
1332,Lab,skipped,skipped,skipped,skipped,skipped,skipped,skipped,skipped,skipped,,10
1333,Lab,skipped,skipped,skipped,skipped,skipped,skipped,skipped,skipped,skipped,,10
1334,Lab,skipped,skipped,skipped,skipped,skipped,skipped,skipped,skipped,skipped,,10
1335,Lab,skipped,skipped,skipped,skipped,skipped,skipped,skipped,skipped,skipped,,10
1336,Lab,skipped,skipped,skipped,skipped,skipped,skipped,skipped,skipped,skipped,,10
1337,Lab,skipped,skipped,skipped,skipped,skipped,skipped,skipped,skipped,skipped,,10
1338,Lab,skipped,skipped,skipped,skipped,skipped,skipped,skipped,skipped,skipped,,10
1339,Lab,skipped,skipped,skipped,skipped,skipped,skipped,skipped,skipped,skipped,,10
1340,Lab,skipped,skipped,skipped,skipped,skipped,skipped,skipped,skipped,skipped,,10
1341,Lab,skipped,skipped,skipped,skipped,skipped,skipped,skipped,skipped,skipped,,10
1342,Lab,skipped,skipped,skipped,skipped,skipped,skipped,skipped,skipped,skipped,,10
1343,Lab,skipped,skipped,skipped,skipped,skipped,skipped,skipped,skipped,skipped,,10
1344,Lab,skipped,skipped,skipped,skipped,skipped,skipped,skipped,skipped,skipped,,10
1345,Lab,skipped,skipped,skipped,skipped,skipped,skipped,skipped,skipped,skipped,,10
1346,Lab,skipped,skipped,skipped,skipped,skipped,skipped,skipped,skipped,skipped,,10
1347,Lab,skipped,skipped,skipped,skipped,skipped,skipped,skipped,skipped,skipped,,10
1348,Lab,skipped,skipped,skipped,skipped,skipped,skipped,skipped,skipped,skipped,,10
1349,Lab,skipped,skipped,skipped,skipped,skipped,skipped,skipped,skipped,skipped,,10
1350,Lab,skipped,skipped,skipped,skipped,skipped,skipped,skipped,skipped,skipped,,10
1351,Lab,skipped,skipped,skipped,skipped,skipped,skipped,skipped,skipped,skipped,,10
1352,Lab,skipped,skipped,skipped,skipped,skipped,skipped,skipped,skipped,skipped,,10
1353,Lab,skipped,skipped,skipped,skipped,skipped,skipped,skipped,skipped,skipped,,10
1354,Lab,skipped,skipped,skipped,skipped,skipped,skipped,skipped,skipped,skipped,,10
1355,Lab,skipped,skipped,skipped,skipped,skipped,skipped,skipped,skipped,skipped,,10
1356,Lab,skipped,skipped,skipped,skipped,skipped,skipped,skipped,skipped,skipped,,10
1357,Lab,skipped,skipped,skipped,skipped,skipped,skipped,skipped,skipped,skipped,,10
1358,Lab,skipped,skipped,skipped,skipped,skipped,skipped,skipped,skipped,skipped,,10
1359,Lab,skipped,skipped,skipped,skipped,skipped,skipped,skipped,skipped,skipped,,10
1360,Lab,skipped,skipped,skipped,skipped,skipped,skipped,skipped,skipped,skipped,,10
1361,Lab,skipped,skipped,skipped,skipped,skipped,skipped,skipped,skipped,skipped,,10
1362,Lab,skipped,skipped,skipped,skipped,skipped,skipped,skipped,skipped,skipped,,10
1363,Lab,skipped,skipped,skipped,skipped,skipped,skipped,skipped,skipped,skipped,,10
1364,Lab,skipped,skipped,skipped,skipped,skipped,skipped,skipped,skipped,skipped,,10
1365,Lab,skipped,skipped,skipped,skipped,skipped,skipped,skipped,skipped,skipped,,10
1366,Lab,skipped,skipped,skipped,skipped,skipped,skipped,skipped,skipped,skipped,,10
1367,Lab,skipped,skipped,skipped,skipped,skipped,skipped,skipped,skipped,skipped,,10
1368,Lab,skipped,skipped,skipped,skipped,skipped,skipped,skipped,skipped,skipped,,10
1369,Lab,skipped,skipped,skipped,skipped,skipped,skipped,skipped,skipped,skipped,,10
1370,Lab,skipped,skipped,skipped,skipped,skipped,skipped,skipped,skipped,skipped,,10
1371,Lab,skipped,skipped,skipped,skipped,skipped,skipped,skipped,skipped,skipped,,10
1372,Lab,skipped,skipped,skipped,skipped,skipped,skipped,skipped,skipped,skipped,,10
1373,Lab,skipped,skipped,skipped,skipped,skipped,skipped,skipped,skipped,skipped,,10
1374,Lab,skipped,skipped,skipped,skipped,skipped,skipped,skipped,skipped,skipped,,10
1375,Lab,skipped,skipped,skipped,skipped,skipped,skipped,skipped,skipped,skipped,,10
1376,Lab,skipped,skipped,skipped,skipped,skipped,skipped,skipped,skipped,skipped,,10
1377,Lab,skipped,skipped,skipped,skipped,skipped,skipped,skipped,skipped,skipped,,10
1378,Lab,skipped,skipped,skipped,skipped,skipped,skipped,skipped,skipped,skipped,,10
1379,Lab,skipped,skipped,skipped,skipped,skipped,skipped,skipped,skipped,skipped,,10
1380,Lab,skipped,skipped,skipped,skipped,skipped,skipped,skipped,skipped,skipped,,10
1381,Lab,skipped,skipped,skipped,skipped,skipped,skipped,skipped,skipped,skipped,,10
1382,Lab,skipped,skipped,skipped,skipped,skipped,skipped,skipped,skipped,skipped,,10
1383,Lab,skipped,skipped,skipped,skipped,skipped,skipped,skipped,skipped,skipped,,10
1384,Lab,skipped,skipped,skipped,skipped,skipped,skipped,skipped,skipped,skipped,,10
1385,Lab,skipped,skipped,skipped,skipped,skipped,skipped,skipped,skipped,skipped,,10
1386,Lab,skipped,skipped,skipped,skipped,skipped,skipped,skipped,skipped,skipped,,10
1387,Lab,skipped,skipped,skipped,skipped,skipped,skipped,skipped,skipped,skipped,,10
1388,Lab,skipped,skipped,skipped,skipped,skipped,skipped,skipped,skipped,skipped,,10
1389,Lab,skipped,skipped,skipped,skipped,skipped,skipped,skipped,skipped,skipped,,10
1390,Lab,skipped,skipped,skipped,skipped,skipped,skipped,skipped,skipped,skipped,,10
1391,Lab,skipped,skipped,skipped,skipped,skipped,skipped,skipped,skipped,skipped,,10
1392,Lab,skipped,skipped,skipped,skipped,skipped,skipped,skipped,skipped,skipped,,10
1393,Lab,skipped,skipped,skipped,skipped,skipped,skipped,skipped,skipped,skipped,,10
1394,Lab,skipped,skipped,skipped,skipped,skipped,skipped,skipped,skipped,skipped,,10
1395,Lab,skipped,skipped,skipped,skipped,skipped,skipped,skipped,skipped,skipped,,10
1396,Lab,skipped,skipped,skipped,skipped,skipped,skipped,skipped,skipped,skipped,,10
1397,Lab,skipped,skipped,skipped,skipped,skipped,skipped,skipped,skipped,skipped,,10
1398,Lab,skipped,skipped,skipped,skipped,skipped,skipped,skipped,skipped,skipped,,10
1399,Lab,skipped,skipped,skipped,skipped,skipped,skipped,skipped,skipped,skipped,,10
1400,Lab,skipped,skipped,skipped,skipped,skipped,skipped,skipped,skipped,skipped,,10
1401,Lab,skipped,skipped,skipped,skipped,skipped,skipped,skipped,skipped,skipped,,10
1402,Lab,skipped,skipped,skipped,skipped,skipped,skipped,skipped,skipped,skipped,,10
1403,Lab,Con,skipped,skipped,skipped,skipped,skipped,skipped,skipped,skipped,,10
1404,Lab,Con,skipped,skipped,skipped,skipped,skipped,skipped,skipped,skipped,,10
1405,Lab,Con,skipped,skipped,skipped,skipped,skipped,skipped,skipped,skipped,,10
1406,Lab,Con,skipped,skipped,skipped,skipped,skipped,skipped,skipped,skipped,,10
1407,Lab,Con,skipped,skipped,skipped,skipped,skipped,skipped,skipped,skipped,,10
1408,Lab,Con,Sol,LD,SNP,SU,Soc,Grn,skipped,skipped,,10
1409,Lab,Con,LD,skipped,skipped,skipped,skipped,skipped,skipped,skipped,,10
1410,Lab,Con,SU,skipped,skipped,skipped,skipped,skipped,skipped,skipped,,10
1411,Lab,Con,SU,Grn,skipped,skipped,skipped,skipped,skipped,skipped,,10
1412,Lab,Con,SU,LD,skipped,skipped,skipped,skipped,skipped,skipped,,10
1413,Lab,Sol,skipped,skipped,skipped,skipped,skipped,skipped,skipped,skipped,,10
1414,Lab,Sol,skipped,skipped,skipped,skipped,skipped,skipped,skipped,skipped,,10
1415,Lab,Sol,skipped,skipped,skipped,skipped,skipped,skipped,skipped,skipped,,10
1416,Lab,Sol,Soc,LD,Con,Grn,SU,SNP,skipped,skipped,,10
1417,Lab,Sol,Soc,SNP,skipped,skipped,skipped,skipped,skipped,skipped,,10
1418,Lab,Sol,Soc,SNP,Con,Grn,SU,LD,skipped,skipped,,10
1419,Lab,Sol,LD,skipped,skipped,skipped,skipped,skipped,skipped,skipped,,10
1420,Lab,Grn,skipped,skipped,skipped,skipped,skipped,skipped,skipped,skipped,,10
1421,Lab,Grn,skipped,skipped,skipped,skipped,skipped,skipped,skipped,skipped,,10
1422,Lab,Grn,skipped,skipped,skipped,skipped,skipped,skipped,skipped,skipped,,10
1423,Lab,Grn,skipped,skipped,skipped,skipped,skipped,skipped,skipped,skipped,,10
1424,Lab,Grn,skipped,skipped,skipped,skipped,skipped,skipped,skipped,skipped,,10
1425,Lab,Grn,skipped,skipped,skipped,skipped,skipped,skipped,skipped,skipped,,10
1426,Lab,Grn,skipped,skipped,skipped,skipped,skipped,skipped,skipped,skipped,,10
1427,Lab,Grn,skipped,skipped,skipped,skipped,skipped,skipped,skipped,skipped,,10
1428,Lab,Grn,Soc,LD,Con,Sol,SU,SNP,skipped,skipped,,10
1429,Lab,Grn,Soc,SNP,skipped,skipped,skipped,skipped,skipped,skipped,,10
1430,Lab,Grn,Soc,SNP,SU,LD,Sol,Con,skipped,skipped,,10
1431,Lab,Grn,LD,skipped,skipped,skipped,skipped,skipped,skipped,skipped,,10
1432,Lab,Grn,LD,Soc,SU,SNP,Con,Sol,skipped,skipped,,10
1433,Lab,Grn,SNP,skipped,skipped,skipped,skipped,skipped,skipped,skipped,,10
1434,Lab,Grn,SNP,Sol,Soc,SU,LD,Con,skipped,skipped,,10
1435,Lab,Grn,SNP,LD,Sol,Soc,SU,skipped,skipped,skipped,,10
1436,Lab,Grn,SU,SNP,Soc,Sol,Con,LD,skipped,skipped,,10
1437,Lab,Soc,skipped,skipped,skipped,skipped,skipped,skipped,skipped,skipped,,10
1438,Lab,Soc,skipped,skipped,skipped,skipped,skipped,skipped,skipped,skipped,,10
1439,Lab,Soc,skipped,skipped,skipped,skipped,skipped,skipped,skipped,skipped,,10
1440,Lab,Soc,Sol,skipped,skipped,skipped,skipped,skipped,skipped,skipped,,10
1441,Lab,Soc,Sol,skipped,skipped,skipped,skipped,skipped,skipped,skipped,,10
1442,Lab,Soc,LD,Sol,SU,Grn,SNP,Con,skipped,skipped,,10
1443,Lab,Soc,SU,skipped,skipped,skipped,skipped,skipped,skipped,skipped,,10
1444,Lab,LD,skipped,skipped,skipped,skipped,skipped,skipped,skipped,skipped,,10
1445,Lab,LD,skipped,skipped,skipped,skipped,skipped,skipped,skipped,skipped,,10
1446,Lab,LD,skipped,skipped,skipped,skipped,skipped,skipped,skipped,skipped,,10
1447,Lab,LD,skipped,skipped,skipped,skipped,skipped,skipped,skipped,skipped,,10
1448,Lab,LD,skipped,skipped,skipped,skipped,skipped,skipped,skipped,skipped,,10
1449,Lab,LD,skipped,skipped,skipped,skipped,skipped,skipped,skipped,skipped,,10
1450,Lab,LD,skipped,skipped,skipped,skipped,skipped,skipped,skipped,skipped,,10
1451,Lab,LD,skipped,skipped,skipped,skipped,skipped,skipped,skipped,skipped,,10
1452,Lab,LD,Con,skipped,skipped,skipped,skipped,skipped,skipped,skipped,,10
1453,Lab,LD,Con,skipped,skipped,skipped,skipped,skipped,skipped,skipped,,10
1454,Lab,LD,Con,skipped,skipped,skipped,skipped,skipped,skipped,skipped,,10
1455,Lab,LD,Con,skipped,skipped,skipped,skipped,skipped,skipped,skipped,,10
1456,Lab,LD,Sol,Con,skipped,skipped,skipped,skipped,skipped,skipped,,10
1457,Lab,LD,Grn,skipped,skipped,skipped,skipped,skipped,skipped,skipped,,10
1458,Lab,LD,Grn,Sol,skipped,skipped,skipped,skipped,skipped,skipped,,10
1459,Lab,LD,Grn,Soc,Sol,Con,SNP,SU,skipped,skipped,,10
1460,Lab,LD,Grn,SU,Con,Sol,SNP,Soc,skipped,skipped,,10
1461,Lab,LD,SNP,Grn,skipped,skipped,skipped,skipped,skipped,skipped,,10
1462,Lab,LD,SNP,Grn,skipped,skipped,skipped,skipped,skipped,skipped,,10
1463,Lab,SNP,skipped,skipped,skipped,skipped,skipped,skipped,skipped,skipped,,10
1464,Lab,SNP,skipped,skipped,skipped,skipped,skipped,skipped,skipped,skipped,,10
1465,Lab,SNP,skipped,skipped,skipped,skipped,skipped,skipped,skipped,skipped,,10
1466,Lab,SNP,skipped,skipped,skipped,skipped,skipped,skipped,skipped,skipped,,10
1467,Lab,SNP,skipped,skipped,skipped,skipped,skipped,skipped,skipped,skipped,,10
1468,Lab,SNP,skipped,skipped,skipped,skipped,skipped,skipped,skipped,skipped,,10
1469,Lab,SNP,skipped,skipped,skipped,skipped,skipped,skipped,skipped,skipped,,10
1470,Lab,SNP,skipped,skipped,skipped,skipped,skipped,skipped,skipped,skipped,,10
1471,Lab,SNP,skipped,skipped,skipped,skipped,skipped,skipped,skipped,skipped,,10
1472,Lab,SNP,skipped,skipped,skipped,skipped,skipped,skipped,skipped,skipped,,10
1473,Lab,SNP,skipped,skipped,skipped,skipped,skipped,skipped,skipped,skipped,,10
1474,Lab,SNP,skipped,skipped,skipped,skipped,skipped,skipped,skipped,skipped,,10
1475,Lab,SNP,skipped,skipped,skipped,skipped,skipped,skipped,skipped,skipped,,10
1476,Lab,SNP,skipped,skipped,skipped,skipped,skipped,skipped,skipped,skipped,,10
1477,Lab,SNP,Sol,Grn,LD,Soc,Con,SU,skipped,skipped,,10
1478,Lab,SNP,Sol,SU,Con,LD,Grn,Soc,skipped,skipped,,10
1479,Lab,SNP,Sol,SU,Con,LD,Grn,Soc,skipped,skipped,,10
1480,Lab,SNP,Grn,skipped,skipped,skipped,skipped,skipped,skipped,skipped,,10
1481,Lab,SNP,Grn,SU,Soc,LD,Con,Sol,skipped,skipped,,10
1482,Lab,SNP,Soc,Sol,Grn,SU,LD,Con,skipped,skipped,,10
1483,Lab,SNP,Soc,LD,Grn,SU,Con,Sol,skipped,skipped,,10
1484,Lab,SNP,LD,skipped,skipped,skipped,skipped,skipped,skipped,skipped,,10
1485,Lab,SNP,LD,Con,Grn,SU,Soc,Sol,skipped,skipped,,10
1486,Lab,SNP,LD,Sol,skipped,skipped,skipped,skipped,skipped,skipped,,10
1487,Lab,SNP,LD,Grn,Soc,SU,Sol,Con,skipped,skipped,,10
1488,Lab,SU,skipped,skipped,skipped,skipped,skipped,skipped,skipped,skipped,,10
1489,Lab,SU,skipped,skipped,skipped,skipped,skipped,skipped,skipped,skipped,,10
1490,Lab,SU,skipped,skipped,skipped,skipped,skipped,skipped,skipped,skipped,,10
1491,Lab,SU,skipped,skipped,skipped,skipped,skipped,skipped,skipped,skipped,,10
1492,Lab,SU,Con,LD,skipped,skipped,skipped,skipped,skipped,skipped,,10
1493,Lab,Con,skipped,skipped,skipped,skipped,skipped,skipped,skipped,skipped,,10
1494,Lab,Con,Soc,SU,LD,Grn,SNP,Sol,skipped,skipped,,10
1495,Lab,Sol,skipped,skipped,skipped,skipped,skipped,skipped,skipped,skipped,,10
1496,Lab,Grn,skipped,skipped,skipped,skipped,skipped,skipped,skipped,skipped,,10
1497,Lab,Grn,skipped,skipped,skipped,skipped,skipped,skipped,skipped,skipped,,10
1498,Lab,Grn,skipped,skipped,skipped,skipped,skipped,skipped,skipped,skipped,,10
1499,Lab,Grn,skipped,skipped,skipped,skipped,skipped,skipped,skipped,skipped,,10
1500,Lab,Grn,skipped,skipped,skipped,skipped,skipped,skipped,skipped,skipped,,10
1501,Lab,Grn,LD,skipped,skipped,skipped,skipped,skipped,skipped,skipped,,10
1502,Lab,Grn,LD,Con,skipped,skipped,skipped,skipped,skipped,skipped,,10
1503,Lab,Grn,SNP,skipped,skipped,skipped,skipped,skipped,skipped,skipped,,10
1504,Lab,Soc,skipped,skipped,skipped,skipped,skipped,skipped,skipped,skipped,,10
1505,Lab,Soc,Grn,SU,SNP,LD,Sol,Con,skipped,skipped,,10
1506,Lab,LD,skipped,skipped,skipped,skipped,skipped,skipped,skipped,skipped,,10
1507,Lab,LD,skipped,skipped,skipped,skipped,skipped,skipped,skipped,skipped,,10
1508,Lab,LD,skipped,skipped,skipped,skipped,skipped,skipped,skipped,skipped,,10
1509,Lab,LD,skipped,skipped,skipped,skipped,skipped,skipped,skipped,skipped,,10
1510,Lab,LD,Grn,Con,skipped,skipped,skipped,skipped,skipped,skipped,,10
1511,Lab,LD,Con,skipped,skipped,skipped,skipped,skipped,skipped,skipped,,10
1512,Lab,LD,Sol,SU,skipped,skipped,skipped,skipped,skipped,skipped,,10
1513,Lab,LD,Grn,SNP,Con,skipped,skipped,skipped,skipped,skipped,,10
1514,Lab,SNP,skipped,skipped,skipped,skipped,skipped,skipped,skipped,skipped,,10
1515,Lab,SNP,skipped,skipped,skipped,skipped,skipped,skipped,skipped,skipped,,10
1516,Lab,SNP,skipped,skipped,skipped,skipped,skipped,skipped,skipped,skipped,,10
1517,Lab,SNP,skipped,skipped,skipped,skipped,skipped,skipped,skipped,skipped,,10
1518,Lab,SNP,skipped,skipped,skipped,skipped,skipped,skipped,skipped,skipped,,10
1519,Lab,SNP,skipped,skipped,skipped,skipped,skipped,skipped,skipped,skipped,,10
1520,Lab,SNP,skipped,skipped,skipped,skipped,skipped,skipped,skipped,skipped,,10
1521,Lab,SNP,Soc,skipped,skipped,skipped,skipped,skipped,skipped,skipped,,10
1522,Lab,SNP,Soc,LD,Grn,Sol,SU,Con,skipped,skipped,,10
1523,Lab,SNP,LD,skipped,skipped,skipped,skipped,skipped,skipped,skipped,,10
1524,Lab,SU,skipped,skipped,skipped,skipped,skipped,skipped,skipped,skipped,,10
1525,Lab,SU,LD,skipped,skipped,skipped,skipped,skipped,skipped,skipped,,10
1526,Lab,Sol,skipped,skipped,skipped,skipped,skipped,skipped,skipped,skipped,,10
1527,Lab,Sol,skipped,skipped,skipped,skipped,skipped,skipped,skipped,skipped,,10
1528,Lab,Sol,skipped,skipped,skipped,skipped,skipped,skipped,skipped,skipped,,10
1529,Lab,Sol,skipped,skipped,skipped,skipped,skipped,skipped,skipped,skipped,,10
1530,Lab,Sol,skipped,skipped,skipped,skipped,skipped,skipped,skipped,skipped,,10
1531,Lab,Sol,skipped,skipped,skipped,skipped,skipped,skipped,skipped,skipped,,10
1532,Lab,Sol,skipped,skipped,skipped,skipped,skipped,skipped,skipped,skipped,,10
1533,Lab,Sol,skipped,skipped,skipped,skipped,skipped,skipped,skipped,skipped,,10
1534,Lab,Sol,skipped,skipped,skipped,skipped,skipped,skipped,skipped,skipped,,10
1535,Lab,Sol,skipped,skipped,skipped,skipped,skipped,skipped,skipped,skipped,,10
1536,Lab,Sol,skipped,skipped,skipped,skipped,skipped,skipped,skipped,skipped,,10
1537,Lab,Sol,skipped,skipped,skipped,skipped,skipped,skipped,skipped,skipped,,10
1538,Lab,Sol,skipped,skipped,skipped,skipped,skipped,skipped,skipped,skipped,,10
1539,Lab,Sol,Soc,SNP,LD,SU,Grn,Con,skipped,skipped,,10
1540,Lab,Sol,Soc,SU,Grn,LD,SNP,skipped,skipped,skipped,,10
1541,Lab,Sol,Grn,Soc,skipped,skipped,skipped,skipped,skipped,skipped,,10
1542,Lab,Sol,Grn,SNP,LD,Soc,skipped,skipped,skipped,skipped,,10
1543,Lab,Sol,Soc,skipped,skipped,skipped,skipped,skipped,skipped,skipped,,10
1544,Lab,Sol,Con,skipped,skipped,skipped,skipped,skipped,skipped,skipped,,10
1545,Lab,Sol,skipped,skipped,skipped,skipped,skipped,skipped,skipped,skipped,,10
1546,Lab,Sol,Grn,skipped,skipped,skipped,skipped,skipped,skipped,skipped,,10
1547,Lab,Sol,Grn,skipped,skipped,skipped,skipped,skipped,skipped,skipped,,10
1548,Lab,Sol,Grn,skipped,skipped,skipped,skipped,skipped,skipped,skipped,,10
1549,Lab,Sol,Grn,skipped,skipped,skipped,skipped,skipped,skipped,skipped,,10
1550,Lab,Sol,Grn,skipped,skipped,skipped,skipped,skipped,skipped,skipped,,10
1551,Lab,Sol,Soc,skipped,skipped,skipped,skipped,skipped,skipped,skipped,,10
1552,Lab,Sol,Soc,skipped,skipped,skipped,skipped,skipped,skipped,skipped,,10
1553,Lab,Sol,Soc,skipped,skipped,skipped,skipped,skipped,skipped,skipped,,10
1554,Lab,Sol,Soc,Grn,SU,SNP,LD,Con,skipped,skipped,,10
1555,Lab,Sol,LD,SNP,Soc,Grn,SU,Con,skipped,skipped,,10
1556,Lab,Sol,SNP,skipped,skipped,skipped,skipped,skipped,skipped,skipped,,10
1557,Lab,Sol,SNP,skipped,skipped,skipped,skipped,skipped,skipped,skipped,,10
1558,Lab,Sol,SNP,skipped,skipped,skipped,skipped,skipped,skipped,skipped,,10
1559,Lab,Sol,SNP,skipped,skipped,skipped,skipped,skipped,skipped,skipped,,10
1560,Lab,Sol,SNP,Grn,skipped,skipped,skipped,skipped,skipped,skipped,,10
1561,Lab,Sol,SNP,Grn,skipped,skipped,skipped,skipped,skipped,skipped,,10
1562,Lab,Sol,SNP,Grn,LD,skipped,skipped,skipped,skipped,skipped,,10
1563,Lab,Sol,SNP,Grn,LD,Con,Soc,SU,skipped,skipped,,10
1564,Lab,Sol,SU,Soc,Grn,SNP,LD,Con,skipped,skipped,,10
1565,Lab,Grn,skipped,skipped,skipped,skipped,skipped,skipped,skipped,skipped,,10
1566,Lab,Grn,skipped,skipped,skipped,skipped,skipped,skipped,skipped,skipped,,10
1567,Lab,Grn,skipped,skipped,skipped,skipped,skipped,skipped,skipped,skipped,,10
1568,Lab,Grn,skipped,skipped,skipped,skipped,skipped,skipped,skipped,skipped,,10
1569,Lab,Grn,skipped,skipped,skipped,skipped,skipped,skipped,skipped,skipped,,10
1570,Lab,Grn,skipped,skipped,skipped,skipped,skipped,skipped,skipped,skipped,,10
1571,Lab,Grn,skipped,skipped,skipped,skipped,skipped,skipped,skipped,skipped,,10
1572,Lab,Grn,skipped,skipped,skipped,skipped,skipped,skipped,skipped,skipped,,10
1573,Lab,Grn,skipped,skipped,skipped,skipped,skipped,skipped,skipped,skipped,,10
1574,Lab,Grn,skipped,skipped,skipped,skipped,skipped,skipped,skipped,skipped,,10
1575,Lab,Grn,skipped,skipped,skipped,skipped,skipped,skipped,skipped,skipped,,10
1576,Lab,Grn,skipped,skipped,skipped,skipped,skipped,skipped,skipped,skipped,,10
1577,Lab,Grn,skipped,skipped,skipped,skipped,skipped,skipped,skipped,skipped,,10
1578,Lab,Grn,skipped,skipped,skipped,skipped,skipped,skipped,skipped,skipped,,10
1579,Lab,Grn,skipped,skipped,skipped,skipped,skipped,skipped,skipped,skipped,,10
1580,Lab,Grn,SNP,skipped,skipped,skipped,skipped,skipped,skipped,skipped,,10
1581,Lab,Grn,Con,skipped,skipped,skipped,skipped,skipped,skipped,skipped,,10
1582,Lab,Grn,Con,skipped,skipped,skipped,skipped,skipped,skipped,skipped,,10
1583,Lab,Grn,skipped,skipped,skipped,skipped,skipped,skipped,skipped,skipped,,10
1584,Lab,Grn,skipped,skipped,skipped,skipped,skipped,skipped,skipped,skipped,,10
1585,Lab,Grn,Sol,skipped,skipped,skipped,skipped,skipped,skipped,skipped,,10
1586,Lab,Grn,Sol,skipped,skipped,skipped,skipped,skipped,skipped,skipped,,10
1587,Lab,Grn,Soc,skipped,skipped,skipped,skipped,skipped,skipped,skipped,,10
1588,Lab,Grn,LD,skipped,skipped,skipped,skipped,skipped,skipped,skipped,,10
1589,Lab,Grn,LD,skipped,skipped,skipped,skipped,skipped,skipped,skipped,,10
1590,Lab,Grn,LD,skipped,skipped,skipped,skipped,skipped,skipped,skipped,,10
1591,Lab,Grn,LD,skipped,skipped,skipped,skipped,skipped,skipped,skipped,,10
1592,Lab,Grn,LD,skipped,skipped,skipped,skipped,skipped,skipped,skipped,,10
1593,Lab,Grn,LD,skipped,skipped,skipped,skipped,skipped,skipped,skipped,,10
1594,Lab,Grn,LD,skipped,skipped,skipped,skipped,skipped,skipped,skipped,,10
1595,Lab,Grn,SNP,skipped,skipped,skipped,skipped,skipped,skipped,skipped,,10
1596,Lab,Grn,SNP,skipped,skipped,skipped,skipped,skipped,skipped,skipped,,10
1597,Lab,Grn,SNP,skipped,skipped,skipped,skipped,skipped,skipped,skipped,,10
1598,Lab,Grn,SNP,LD,Soc,skipped,skipped,skipped,skipped,skipped,,10
1599,Lab,Grn,SNP,LD,skipped,skipped,skipped,skipped,skipped,skipped,,10
1600,Lab,Grn,SNP,LD,Sol,skipped,skipped,skipped,skipped,skipped,,10
1601,Lab,Grn,SNP,SU,Sol,skipped,skipped,skipped,skipped,skipped,,10
1602,Lab,Soc,skipped,skipped,skipped,skipped,skipped,skipped,skipped,skipped,,10
1603,Lab,Soc,skipped,skipped,skipped,skipped,skipped,skipped,skipped,skipped,,10
1604,Lab,Soc,skipped,skipped,skipped,skipped,skipped,skipped,skipped,skipped,,10
1605,Lab,Soc,skipped,skipped,skipped,skipped,skipped,skipped,skipped,skipped,,10
1606,Lab,Soc,skipped,skipped,skipped,skipped,skipped,skipped,skipped,skipped,,10
1607,Lab,Soc,skipped,skipped,skipped,skipped,skipped,skipped,skipped,skipped,,10
1608,Lab,Soc,skipped,skipped,skipped,skipped,skipped,skipped,skipped,skipped,,10
1609,Lab,Soc,skipped,skipped,skipped,skipped,skipped,skipped,skipped,skipped,,10
1610,Lab,Soc,skipped,skipped,skipped,skipped,skipped,skipped,skipped,skipped,,10
1611,Lab,Soc,skipped,skipped,skipped,skipped,skipped,skipped,skipped,skipped,,10
1612,Lab,Soc,skipped,skipped,skipped,skipped,skipped,skipped,skipped,skipped,,10
1613,Lab,Soc,skipped,skipped,skipped,skipped,skipped,skipped,skipped,skipped,,10
1614,Lab,Soc,skipped,skipped,skipped,skipped,skipped,skipped,skipped,skipped,,10
1615,Lab,Soc,skipped,skipped,skipped,skipped,skipped,skipped,skipped,skipped,,10
1616,Lab,Soc,skipped,skipped,skipped,skipped,skipped,skipped,skipped,skipped,,10
1617,Lab,Soc,skipped,skipped,skipped,skipped,skipped,skipped,skipped,skipped,,10
1618,Lab,Soc,skipped,skipped,skipped,skipped,skipped,skipped,skipped,skipped,,10
1619,Lab,Soc,skipped,skipped,skipped,skipped,skipped,skipped,skipped,skipped,,10
1620,Lab,Soc,skipped,skipped,skipped,skipped,skipped,skipped,skipped,skipped,,10
1621,Lab,Soc,Grn,skipped,skipped,skipped,skipped,skipped,skipped,skipped,,10
1622,Lab,Soc,SU,SNP,LD,Con,Sol,Grn,skipped,skipped,,10
1623,Lab,Soc,Sol,skipped,skipped,skipped,skipped,skipped,skipped,skipped,,10
1624,Lab,Soc,Sol,LD,SNP,Grn,Con,SU,skipped,skipped,,10
1625,Lab,Soc,LD,skipped,skipped,skipped,skipped,skipped,skipped,skipped,,10
1626,Lab,Soc,skipped,skipped,skipped,skipped,skipped,skipped,skipped,skipped,,10
1627,Lab,Soc,skipped,skipped,skipped,skipped,skipped,skipped,skipped,skipped,,10
1628,Lab,Soc,Sol,skipped,skipped,skipped,skipped,skipped,skipped,skipped,,10
1629,Lab,Soc,Sol,skipped,skipped,skipped,skipped,skipped,skipped,skipped,,10
1630,Lab,Soc,Sol,skipped,skipped,skipped,skipped,skipped,skipped,skipped,,10
1631,Lab,Soc,Grn,SU,LD,SNP,Con,Sol,skipped,skipped,,10
1632,Lab,Soc,LD,SNP,Sol,SU,Grn,Con,skipped,skipped,,10
1633,Lab,Soc,SNP,skipped,skipped,skipped,skipped,skipped,skipped,skipped,,10
1634,Lab,Soc,SNP,skipped,skipped,skipped,skipped,skipped,skipped,skipped,,10
1635,Lab,Soc,SNP,skipped,skipped,skipped,skipped,skipped,skipped,skipped,,10
1636,Lab,Soc,SNP,skipped,skipped,skipped,skipped,skipped,skipped,skipped,,10
1637,Lab,Soc,SNP,skipped,skipped,skipped,skipped,skipped,skipped,skipped,,10
1638,Lab,Soc,SNP,skipped,skipped,skipped,skipped,skipped,skipped,skipped,,10
1639,Lab,Soc,SU,skipped,skipped,skipped,skipped,skipped,skipped,skipped,,10
1640,Lab,Soc,SU,skipped,skipped,skipped,skipped,skipped,skipped,skipped,,10
1641,Lab,LD,skipped,skipped,skipped,skipped,skipped,skipped,skipped,skipped,,10
1642,Lab,LD,skipped,skipped,skipped,skipped,skipped,skipped,skipped,skipped,,10
1643,Lab,LD,skipped,skipped,skipped,skipped,skipped,skipped,skipped,skipped,,10
1644,Lab,LD,skipped,skipped,skipped,skipped,skipped,skipped,skipped,skipped,,10
1645,Lab,LD,skipped,skipped,skipped,skipped,skipped,skipped,skipped,skipped,,10
1646,Lab,LD,skipped,skipped,skipped,skipped,skipped,skipped,skipped,skipped,,10
1647,Lab,LD,skipped,skipped,skipped,skipped,skipped,skipped,skipped,skipped,,10
1648,Lab,LD,skipped,skipped,skipped,skipped,skipped,skipped,skipped,skipped,,10
1649,Lab,LD,skipped,skipped,skipped,skipped,skipped,skipped,skipped,skipped,,10
1650,Lab,LD,skipped,skipped,skipped,skipped,skipped,skipped,skipped,skipped,,10
1651,Lab,LD,skipped,skipped,skipped,skipped,skipped,skipped,skipped,skipped,,10
1652,Lab,LD,skipped,skipped,skipped,skipped,skipped,skipped,skipped,skipped,,10
1653,Lab,LD,skipped,skipped,skipped,skipped,skipped,skipped,skipped,skipped,,10
1654,Lab,LD,skipped,skipped,skipped,skipped,skipped,skipped,skipped,skipped,,10
1655,Lab,LD,skipped,skipped,skipped,skipped,skipped,skipped,skipped,skipped,,10
1656,Lab,LD,SNP,SU,Grn,Sol,Con,Soc,skipped,skipped,,10
1657,Lab,LD,Con,skipped,skipped,skipped,skipped,skipped,skipped,skipped,,10
1658,Lab,LD,Con,skipped,skipped,skipped,skipped,skipped,skipped,skipped,,10
1659,Lab,LD,Con,skipped,skipped,skipped,skipped,skipped,skipped,skipped,,10
1660,Lab,LD,Con,skipped,skipped,skipped,skipped,skipped,skipped,skipped,,10
1661,Lab,LD,Con,skipped,skipped,skipped,skipped,skipped,skipped,skipped,,10
1662,Lab,LD,Con,Soc,skipped,skipped,skipped,skipped,skipped,skipped,,10
1663,Lab,LD,skipped,skipped,skipped,skipped,skipped,skipped,skipped,skipped,,10
1664,Lab,LD,skipped,skipped,skipped,skipped,skipped,skipped,skipped,skipped,,10
1665,Lab,LD,skipped,skipped,skipped,skipped,skipped,skipped,skipped,skipped,,10
1666,Lab,LD,skipped,skipped,skipped,skipped,skipped,skipped,skipped,skipped,,10
1667,Lab,LD,skipped,skipped,skipped,skipped,skipped,skipped,skipped,skipped,,10
1668,Lab,LD,Grn,skipped,skipped,skipped,skipped,skipped,skipped,skipped,,10
1669,Lab,LD,Soc,SNP,Con,Sol,SU,Grn,skipped,skipped,,10
1670,Lab,LD,Sol,skipped,skipped,skipped,skipped,skipped,skipped,skipped,,10
1671,Lab,LD,Sol,SNP,Soc,Grn,SU,Con,skipped,skipped,,10
1672,Lab,LD,Grn,skipped,skipped,skipped,skipped,skipped,skipped,skipped,,10
1673,Lab,LD,Grn,skipped,skipped,skipped,skipped,skipped,skipped,skipped,,10
1674,Lab,LD,Grn,skipped,skipped,skipped,skipped,skipped,skipped,skipped,,10
1675,Lab,LD,Grn,skipped,skipped,skipped,skipped,skipped,skipped,skipped,,10
1676,Lab,LD,Grn,skipped,skipped,skipped,skipped,skipped,skipped,skipped,,10
1677,Lab,LD,Grn,skipped,skipped,skipped,skipped,skipped,skipped,skipped,,10
1678,Lab,LD,Grn,skipped,skipped,skipped,skipped,skipped,skipped,skipped,,10
1679,Lab,LD,Grn,Con,skipped,skipped,skipped,skipped,skipped,skipped,,10
1680,Lab,LD,Grn,Con,Soc,SU,Sol,SNP,skipped,skipped,,10
1681,Lab,LD,Soc,skipped,skipped,skipped,skipped,skipped,skipped,skipped,,10
1682,Lab,LD,Soc,skipped,skipped,skipped,skipped,skipped,skipped,skipped,,10
1683,Lab,LD,Soc,Grn,skipped,skipped,skipped,skipped,skipped,skipped,,10
1684,Lab,LD,Soc,SNP,Grn,skipped,skipped,skipped,skipped,skipped,,10
1685,Lab,LD,Soc,SU,skipped,skipped,skipped,skipped,skipped,skipped,,10
1686,Lab,LD,SNP,skipped,skipped,skipped,skipped,skipped,skipped,skipped,,10
1687,Lab,LD,SNP,skipped,skipped,skipped,skipped,skipped,skipped,skipped,,10
1688,Lab,LD,SNP,skipped,skipped,skipped,skipped,skipped,skipped,skipped,,10
1689,Lab,LD,SNP,Sol,skipped,skipped,skipped,skipped,skipped,skipped,,10
1690,Lab,LD,SNP,Con,Grn,skipped,skipped,skipped,skipped,skipped,,10
1691,Lab,LD,SNP,Sol,Grn,skipped,skipped,skipped,skipped,skipped,,10
1692,Lab,LD,SNP,Sol,Grn,Soc,SU,Con,skipped,skipped,,10
1693,Lab,LD,SNP,Grn,skipped,skipped,skipped,skipped,skipped,skipped,,10
1694,Lab,LD,SNP,Grn,skipped,skipped,skipped,skipped,skipped,skipped,,10
1695,Lab,LD,SNP,Grn,skipped,skipped,skipped,skipped,skipped,skipped,,10
1696,Lab,SNP,skipped,skipped,skipped,skipped,skipped,skipped,skipped,skipped,,10
1697,Lab,SNP,skipped,skipped,skipped,skipped,skipped,skipped,skipped,skipped,,10
1698,Lab,SNP,skipped,skipped,skipped,skipped,skipped,skipped,skipped,skipped,,10
1699,Lab,SNP,skipped,skipped,skipped,skipped,skipped,skipped,skipped,skipped,,10
1700,Lab,SNP,skipped,skipped,skipped,skipped,skipped,skipped,skipped,skipped,,10
1701,Lab,SNP,skipped,skipped,skipped,skipped,skipped,skipped,skipped,skipped,,10
1702,Lab,SNP,skipped,skipped,skipped,skipped,skipped,skipped,skipped,skipped,,10
1703,Lab,SNP,skipped,skipped,skipped,skipped,skipped,skipped,skipped,skipped,,10
1704,Lab,SNP,skipped,skipped,skipped,skipped,skipped,skipped,skipped,skipped,,10
1705,Lab,SNP,skipped,skipped,skipped,skipped,skipped,skipped,skipped,skipped,,10
1706,Lab,SNP,skipped,skipped,skipped,skipped,skipped,skipped,skipped,skipped,,10
1707,Lab,SNP,skipped,skipped,skipped,skipped,skipped,skipped,skipped,skipped,,10
1708,Lab,SNP,skipped,skipped,skipped,skipped,skipped,skipped,skipped,skipped,,10
1709,Lab,SNP,skipped,skipped,skipped,skipped,skipped,skipped,skipped,skipped,,10
1710,Lab,SNP,skipped,skipped,skipped,skipped,skipped,skipped,skipped,skipped,,10
1711,Lab,SNP,skipped,skipped,skipped,skipped,skipped,skipped,skipped,skipped,,10
1712,Lab,SNP,skipped,skipped,skipped,skipped,skipped,skipped,skipped,skipped,,10
1713,Lab,SNP,skipped,skipped,skipped,skipped,skipped,skipped,skipped,skipped,,10
1714,Lab,SNP,skipped,skipped,skipped,skipped,skipped,skipped,skipped,skipped,,10
1715,Lab,SNP,skipped,skipped,skipped,skipped,skipped,skipped,skipped,skipped,,10
1716,Lab,SNP,skipped,skipped,skipped,skipped,skipped,skipped,skipped,skipped,,10
1717,Lab,SNP,skipped,skipped,skipped,skipped,skipped,skipped,skipped,skipped,,10
1718,Lab,SNP,skipped,skipped,skipped,skipped,skipped,skipped,skipped,skipped,,10
1719,Lab,SNP,skipped,skipped,skipped,skipped,skipped,skipped,skipped,skipped,,10
1720,Lab,SNP,skipped,skipped,skipped,skipped,skipped,skipped,skipped,skipped,,10
1721,Lab,SNP,skipped,skipped,skipped,skipped,skipped,skipped,skipped,skipped,,10
1722,Lab,SNP,skipped,skipped,skipped,skipped,skipped,skipped,skipped,skipped,,10
1723,Lab,SNP,skipped,skipped,skipped,skipped,skipped,skipped,skipped,skipped,,10
1724,Lab,SNP,skipped,skipped,skipped,skipped,skipped,skipped,skipped,skipped,,10
1725,Lab,SNP,skipped,skipped,skipped,skipped,skipped,skipped,skipped,skipped,,10
1726,Lab,SNP,skipped,skipped,skipped,skipped,skipped,skipped,skipped,skipped,,10
1727,Lab,SNP,skipped,skipped,skipped,skipped,skipped,skipped,skipped,skipped,,10
1728,Lab,SNP,skipped,skipped,skipped,skipped,skipped,skipped,skipped,skipped,,10
1729,Lab,SNP,skipped,skipped,skipped,skipped,skipped,skipped,skipped,skipped,,10
1730,Lab,SNP,skipped,skipped,skipped,skipped,skipped,skipped,skipped,skipped,,10
1731,Lab,SNP,skipped,skipped,skipped,skipped,skipped,skipped,skipped,skipped,,10
1732,Lab,SNP,skipped,skipped,skipped,skipped,skipped,skipped,skipped,skipped,,10
1733,Lab,SNP,skipped,skipped,skipped,skipped,skipped,skipped,skipped,skipped,,10
1734,Lab,SNP,skipped,skipped,skipped,skipped,skipped,skipped,skipped,skipped,,10
1735,Lab,SNP,skipped,skipped,skipped,skipped,skipped,skipped,skipped,skipped,,10
1736,Lab,SNP,skipped,skipped,skipped,skipped,skipped,skipped,skipped,skipped,,10
1737,Lab,SNP,skipped,skipped,skipped,skipped,skipped,skipped,skipped,skipped,,10
1738,Lab,SNP,skipped,skipped,skipped,skipped,skipped,skipped,skipped,skipped,,10
1739,Lab,SNP,skipped,skipped,skipped,skipped,skipped,skipped,skipped,skipped,,10
1740,Lab,SNP,skipped,skipped,skipped,skipped,skipped,skipped,skipped,skipped,,10
1741,Lab,SNP,skipped,skipped,skipped,skipped,skipped,skipped,skipped,skipped,,10
1742,Lab,SNP,skipped,skipped,skipped,skipped,skipped,skipped,skipped,skipped,,10
1743,Lab,SNP,skipped,skipped,skipped,skipped,skipped,skipped,skipped,skipped,,10
1744,Lab,SNP,skipped,skipped,skipped,skipped,skipped,skipped,skipped,skipped,,10
1745,Lab,SNP,skipped,skipped,skipped,skipped,skipped,skipped,skipped,skipped,,10
1746,Lab,SNP,skipped,skipped,skipped,skipped,skipped,skipped,skipped,skipped,,10
1747,Lab,SNP,skipped,skipped,skipped,skipped,skipped,skipped,skipped,skipped,,10
1748,Lab,SNP,skipped,skipped,skipped,skipped,skipped,skipped,skipped,skipped,,10
1749,Lab,SNP,skipped,skipped,skipped,skipped,skipped,skipped,skipped,skipped,,10
1750,Lab,SNP,skipped,skipped,skipped,skipped,skipped,skipped,skipped,skipped,,10
1751,Lab,SNP,skipped,skipped,skipped,skipped,skipped,skipped,skipped,skipped,,10
1752,Lab,SNP,skipped,skipped,skipped,skipped,skipped,skipped,skipped,skipped,,10
1753,Lab,SNP,Sol,Grn,SU,Soc,LD,Con,skipped,skipped,,10
1754,Lab,SNP,Soc,Grn,LD,Sol,Con,SU,skipped,skipped,,10
1755,Lab,SNP,LD,skipped,skipped,skipped,skipped,skipped,skipped,skipped,,10
1756,Lab,SNP,SU,skipped,skipped,skipped,skipped,skipped,skipped,skipped,,10
1757,Lab,SNP,Grn,skipped,skipped,skipped,skipped,skipped,skipped,skipped,,10
1758,Lab,SNP,Soc,skipped,skipped,skipped,skipped,skipped,skipped,skipped,,10
1759,Lab,SNP,Soc,skipped,skipped,skipped,skipped,skipped,skipped,skipped,,10
1760,Lab,SNP,Soc,SU,LD,Con,Sol,skipped,skipped,skipped,,10
1761,Lab,SNP,Soc,SU,Grn,LD,Con,Sol,skipped,skipped,,10
1762,Lab,SNP,Con,skipped,skipped,skipped,skipped,skipped,skipped,skipped,,10
1763,Lab,SNP,Con,skipped,skipped,skipped,skipped,skipped,skipped,skipped,,10
1764,Lab,SNP,Con,Grn,skipped,skipped,skipped,skipped,skipped,skipped,,10
1765,Lab,SNP,Con,LD,Soc,Grn,SU,Sol,skipped,skipped,,10
1766,Lab,SNP,skipped,skipped,skipped,skipped,skipped,skipped,skipped,skipped,,10
1767,Lab,SNP,skipped,skipped,skipped,skipped,skipped,skipped,skipped,skipped,,10
1768,Lab,SNP,skipped,skipped,skipped,skipped,skipped,skipped,skipped,skipped,,10
1769,Lab,SNP,skipped,skipped,skipped,skipped,skipped,skipped,skipped,skipped,,10
1770,Lab,SNP,skipped,skipped,skipped,skipped,skipped,skipped,skipped,skipped,,10
1771,Lab,SNP,skipped,skipped,skipped,skipped,skipped,skipped,skipped,skipped,,10
1772,Lab,SNP,skipped,skipped,skipped,skipped,skipped,skipped,skipped,skipped,,10
1773,Lab,SNP,skipped,skipped,skipped,skipped,skipped,skipped,skipped,skipped,,10
1774,Lab,SNP,skipped,skipped,skipped,skipped,skipped,skipped,skipped,skipped,,10
1775,Lab,SNP,skipped,skipped,skipped,skipped,skipped,skipped,skipped,skipped,,10
1776,Lab,SNP,LD,Sol,Grn,Soc,Con,SU,skipped,skipped,,10
1777,Lab,SNP,Sol,Grn,Soc,LD,Con,SU,skipped,skipped,,10
1778,Lab,SNP,Soc,skipped,skipped,skipped,skipped,skipped,skipped,skipped,,10
1779,Lab,SNP,Soc,Grn,Sol,SU,LD,Con,skipped,skipped,,10
1780,Lab,SNP,LD,skipped,skipped,skipped,skipped,skipped,skipped,skipped,,10
1781,Lab,SNP,LD,Sol,Soc,SU,Grn,Con,skipped,skipped,,10
1782,Lab,SNP,Sol,skipped,skipped,skipped,skipped,skipped,skipped,skipped,,10
1783,Lab,SNP,Sol,skipped,skipped,skipped,skipped,skipped,skipped,skipped,,10
1784,Lab,SNP,Sol,Con,skipped,skipped,skipped,skipped,skipped,skipped,,10
1785,Lab,SNP,Sol,Con,Soc,Grn,SU,skipped,skipped,skipped,,10
1786,Lab,SNP,Sol,skipped,skipped,skipped,skipped,skipped,skipped,skipped,,10
1787,Lab,SNP,Sol,Grn,skipped,skipped,skipped,skipped,skipped,skipped,,10
1788,Lab,SNP,Sol,Grn,LD,SU,Soc,Con,skipped,skipped,,10
1789,Lab,SNP,Sol,Grn,LD,SU,Soc,Con,skipped,skipped,,10
1790,Lab,SNP,Sol,Soc,skipped,skipped,skipped,skipped,skipped,skipped,,10
1791,Lab,SNP,Sol,Soc,skipped,skipped,skipped,skipped,skipped,skipped,,10
1792,Lab,SNP,Sol,Soc,skipped,skipped,skipped,skipped,skipped,skipped,,10
1793,Lab,SNP,Sol,LD,skipped,skipped,skipped,skipped,skipped,skipped,,10
1794,Lab,SNP,Grn,skipped,skipped,skipped,skipped,skipped,skipped,skipped,,10
1795,Lab,SNP,Grn,skipped,skipped,skipped,skipped,skipped,skipped,skipped,,10
1796,Lab,SNP,Grn,skipped,skipped,skipped,skipped,skipped,skipped,skipped,,10
1797,Lab,SNP,Grn,skipped,skipped,skipped,skipped,skipped,skipped,skipped,,10
1798,Lab,SNP,Grn,skipped,skipped,skipped,skipped,skipped,skipped,skipped,,10
1799,Lab,SNP,Grn,skipped,skipped,skipped,skipped,skipped,skipped,skipped,,10
1800,Lab,SNP,Grn,skipped,skipped,skipped,skipped,skipped,skipped,skipped,,10
1801,Lab,SNP,Grn,skipped,skipped,skipped,skipped,skipped,skipped,skipped,,10
1802,Lab,SNP,Grn,SU,LD,Con,Soc,Sol,skipped,skipped,,10
1803,Lab,SNP,Grn,Con,LD,SU,Soc,Sol,skipped,skipped,,10
1804,Lab,SNP,Grn,LD,skipped,skipped,skipped,skipped,skipped,skipped,,10
1805,Lab,SNP,Grn,LD,skipped,skipped,skipped,skipped,skipped,skipped,,10
1806,Lab,SNP,Grn,LD,Soc,Sol,skipped,skipped,skipped,skipped,,10
1807,Lab,SNP,Soc,skipped,skipped,skipped,skipped,skipped,skipped,skipped,,10
1808,Lab,SNP,Soc,skipped,skipped,skipped,skipped,skipped,skipped,skipped,,10
1809,Lab,SNP,Soc,skipped,skipped,skipped,skipped,skipped,skipped,skipped,,10
1810,Lab,SNP,Soc,skipped,skipped,skipped,skipped,skipped,skipped,skipped,,10
1811,Lab,SNP,Soc,skipped,skipped,skipped,skipped,skipped,skipped,skipped,,10
1812,Lab,SNP,Soc,skipped,skipped,skipped,skipped,skipped,skipped,skipped,,10
1813,Lab,SNP,Soc,skipped,skipped,skipped,skipped,skipped,skipped,skipped,,10
1814,Lab,SNP,Soc,skipped,skipped,skipped,skipped,skipped,skipped,skipped,,10
1815,Lab,SNP,Soc,LD,skipped,skipped,skipped,skipped,skipped,skipped,,10
1816,Lab,SNP,Soc,Sol,skipped,skipped,skipped,skipped,skipped,skipped,,10
1817,Lab,SNP,Soc,Sol,Grn,LD,skipped,skipped,skipped,skipped,,10
1818,Lab,SNP,Soc,Grn,skipped,skipped,skipped,skipped,skipped,skipped,,10
1819,Lab,SNP,Soc,Grn,skipped,skipped,skipped,skipped,skipped,skipped,,10
1820,Lab,SNP,LD,skipped,skipped,skipped,skipped,skipped,skipped,skipped,,10
1821,Lab,SNP,LD,skipped,skipped,skipped,skipped,skipped,skipped,skipped,,10
1822,Lab,SNP,LD,skipped,skipped,skipped,skipped,skipped,skipped,skipped,,10
1823,Lab,SNP,LD,skipped,skipped,skipped,skipped,skipped,skipped,skipped,,10
1824,Lab,SNP,LD,skipped,skipped,skipped,skipped,skipped,skipped,skipped,,10
1825,Lab,SNP,LD,skipped,skipped,skipped,skipped,skipped,skipped,skipped,,10
1826,Lab,SNP,LD,skipped,skipped,skipped,skipped,skipped,skipped,skipped,,10
1827,Lab,SNP,LD,skipped,skipped,skipped,skipped,skipped,skipped,skipped,,10
1828,Lab,SNP,LD,skipped,skipped,skipped,skipped,skipped,skipped,skipped,,10
1829,Lab,SNP,LD,Grn,Con,Sol,Soc,SU,skipped,skipped,,10
1830,Lab,SNP,LD,Con,skipped,skipped,skipped,skipped,skipped,skipped,,10
1831,Lab,SNP,LD,Con,Grn,SU,Soc,Sol,skipped,skipped,,10
1832,Lab,SNP,LD,Sol,skipped,skipped,skipped,skipped,skipped,skipped,,10
1833,Lab,SNP,LD,Grn,skipped,skipped,skipped,skipped,skipped,skipped,,10
1834,Lab,SNP,LD,Grn,skipped,skipped,skipped,skipped,skipped,skipped,,10
1835,Lab,SNP,LD,Grn,Sol,Soc,skipped,skipped,skipped,skipped,,10
1836,Lab,SNP,SU,skipped,skipped,skipped,skipped,skipped,skipped,skipped,,10
1837,Lab,SNP,SU,LD,Con,skipped,skipped,skipped,skipped,skipped,,10
1838,Lab,SU,skipped,skipped,skipped,skipped,skipped,skipped,skipped,skipped,,10
1839,Lab,SU,skipped,skipped,skipped,skipped,skipped,skipped,skipped,skipped,,10
1840,Lab,SU,skipped,skipped,skipped,skipped,skipped,skipped,skipped,skipped,,10
1841,Lab,SU,skipped,skipped,skipped,skipped,skipped,skipped,skipped,skipped,,10
1842,Lab,SU,skipped,skipped,skipped,skipped,skipped,skipped,skipped,skipped,,10
1843,Lab,SU,skipped,skipped,skipped,skipped,skipped,skipped,skipped,skipped,,10
1844,Lab,SU,Grn,skipped,skipped,skipped,skipped,skipped,skipped,skipped,,10
1845,Lab,SU,Con,skipped,skipped,skipped,skipped,skipped,skipped,skipped,,10
1846,Lab,SU,Con,skipped,skipped,skipped,skipped,skipped,skipped,skipped,,10
1847,Lab,SU,Con,skipped,skipped,skipped,skipped,skipped,skipped,skipped,,10
1848,Lab,SU,Con,SNP,LD,Soc,Grn,Sol,skipped,skipped,,10
1849,Lab,SU,Con,LD,SNP,skipped,skipped,skipped,skipped,skipped,,10
1850,Lab,SU,Grn,skipped,skipped,skipped,skipped,skipped,skipped,skipped,,10
1851,Lab,SU,LD,skipped,skipped,skipped,skipped,skipped,skipped,skipped,,10
1852,Lab,SU,LD,Con,skipped,skipped,skipped,skipped,skipped,skipped,,10
1853,Lab,SU,SNP,skipped,skipped,skipped,skipped,skipped,skipped,skipped,,10
1854,Lab,SU,SNP,Con,LD,Sol,Soc,Grn,skipped,skipped,,10
1855,Lab,SU,SNP,Soc,skipped,skipped,skipped,skipped,skipped,skipped,,10
1856,Lab,skipped,skipped,skipped,skipped,skipped,skipped,skipped,skipped,skipped,,10
1857,Lab,skipped,skipped,skipped,skipped,skipped,skipped,skipped,skipped,skipped,,10
1858,Lab,skipped,skipped,skipped,skipped,skipped,skipped,skipped,skipped,skipped,,10
1859,Lab,skipped,skipped,skipped,skipped,skipped,skipped,skipped,skipped,skipped,,10
1860,Lab,skipped,skipped,skipped,skipped,skipped,skipped,skipped,skipped,skipped,,10
1861,Lab,skipped,skipped,skipped,skipped,skipped,skipped,skipped,skipped,skipped,,10
1862,Lab,skipped,skipped,skipped,skipped,skipped,skipped,skipped,skipped,skipped,,10
1863,Lab,skipped,skipped,skipped,skipped,skipped,skipped,skipped,skipped,skipped,,10
1864,Lab,skipped,skipped,skipped,skipped,skipped,skipped,skipped,skipped,skipped,,10
1865,Lab,skipped,skipped,skipped,skipped,skipped,skipped,skipped,skipped,skipped,,10
1866,Lab,skipped,skipped,skipped,skipped,skipped,skipped,skipped,skipped,skipped,,10
1867,Lab,skipped,skipped,skipped,skipped,skipped,skipped,skipped,skipped,skipped,,10
1868,Lab,skipped,skipped,skipped,skipped,skipped,skipped,skipped,skipped,skipped,,10
1869,Lab,skipped,skipped,skipped,skipped,skipped,skipped,skipped,skipped,skipped,,10
1870,Lab,skipped,skipped,skipped,skipped,skipped,skipped,skipped,skipped,skipped,,10
1871,Lab,skipped,skipped,skipped,skipped,skipped,skipped,skipped,skipped,skipped,,10
1872,Lab,skipped,skipped,skipped,skipped,skipped,skipped,skipped,skipped,skipped,,10
1873,Lab,skipped,skipped,skipped,skipped,skipped,skipped,skipped,skipped,skipped,,10
1874,Lab,skipped,skipped,skipped,skipped,skipped,skipped,skipped,skipped,skipped,,10
1875,Lab,skipped,skipped,skipped,skipped,skipped,skipped,skipped,skipped,skipped,,10
1876,Lab,skipped,skipped,skipped,skipped,skipped,skipped,skipped,skipped,skipped,,10
1877,Lab,skipped,skipped,skipped,skipped,skipped,skipped,skipped,skipped,skipped,,10
1878,Lab,skipped,skipped,skipped,skipped,skipped,skipped,skipped,skipped,skipped,,10
1879,Lab,skipped,skipped,skipped,skipped,skipped,skipped,skipped,skipped,skipped,,10
1880,Lab,skipped,skipped,skipped,skipped,skipped,skipped,skipped,skipped,skipped,,10
1881,Lab,skipped,skipped,skipped,skipped,skipped,skipped,skipped,skipped,skipped,,10
1882,Lab,skipped,skipped,skipped,skipped,skipped,skipped,skipped,skipped,skipped,,10
1883,Lab,skipped,skipped,skipped,skipped,skipped,skipped,skipped,skipped,skipped,,10
1884,Lab,skipped,skipped,skipped,skipped,skipped,skipped,skipped,skipped,skipped,,10
1885,Lab,skipped,skipped,skipped,skipped,skipped,skipped,skipped,skipped,skipped,,10
1886,Lab,skipped,skipped,skipped,skipped,skipped,skipped,skipped,skipped,skipped,,10
1887,Lab,skipped,skipped,skipped,skipped,skipped,skipped,skipped,skipped,skipped,,10
1888,Lab,skipped,skipped,skipped,skipped,skipped,skipped,skipped,skipped,skipped,,10
1889,Lab,skipped,skipped,skipped,skipped,skipped,skipped,skipped,skipped,skipped,,10
1890,Lab,skipped,skipped,skipped,skipped,skipped,skipped,skipped,skipped,skipped,,10
1891,Lab,skipped,skipped,skipped,skipped,skipped,skipped,skipped,skipped,skipped,,10
1892,Lab,skipped,skipped,skipped,skipped,skipped,skipped,skipped,skipped,skipped,,10
1893,Lab,skipped,skipped,skipped,skipped,skipped,skipped,skipped,skipped,skipped,,10
1894,Lab,skipped,skipped,skipped,skipped,skipped,skipped,skipped,skipped,skipped,,10
1895,Lab,skipped,skipped,skipped,skipped,skipped,skipped,skipped,skipped,skipped,,10
1896,Lab,skipped,skipped,skipped,skipped,skipped,skipped,skipped,skipped,skipped,,10
1897,Lab,skipped,skipped,skipped,skipped,skipped,skipped,skipped,skipped,skipped,,10
1898,Lab,skipped,skipped,skipped,skipped,skipped,skipped,skipped,skipped,skipped,,10
1899,Lab,skipped,skipped,skipped,skipped,skipped,skipped,skipped,skipped,skipped,,10
1900,Lab,skipped,skipped,skipped,skipped,skipped,skipped,skipped,skipped,skipped,,10
1901,Lab,skipped,skipped,skipped,skipped,skipped,skipped,skipped,skipped,skipped,,10
1902,Lab,skipped,skipped,skipped,skipped,skipped,skipped,skipped,skipped,skipped,,10
1903,Lab,skipped,skipped,skipped,skipped,skipped,skipped,skipped,skipped,skipped,,10
1904,Lab,skipped,skipped,skipped,skipped,skipped,skipped,skipped,skipped,skipped,,10
1905,Lab,skipped,skipped,skipped,skipped,skipped,skipped,skipped,skipped,skipped,,10
1906,Lab,skipped,skipped,skipped,skipped,skipped,skipped,skipped,skipped,skipped,,10
1907,Lab,skipped,skipped,skipped,skipped,skipped,skipped,skipped,skipped,skipped,,10
1908,Lab,skipped,skipped,skipped,skipped,skipped,skipped,skipped,skipped,skipped,,10
1909,Lab,skipped,skipped,skipped,skipped,skipped,skipped,skipped,skipped,skipped,,10
1910,Lab,skipped,skipped,skipped,skipped,skipped,skipped,skipped,skipped,skipped,,10
1911,Lab,skipped,skipped,skipped,skipped,skipped,skipped,skipped,skipped,skipped,,10
1912,Lab,skipped,skipped,skipped,skipped,skipped,skipped,skipped,skipped,skipped,,10
1913,Lab,skipped,skipped,skipped,skipped,skipped,skipped,skipped,skipped,skipped,,10
1914,Lab,skipped,skipped,skipped,skipped,skipped,skipped,skipped,skipped,skipped,,10
1915,Lab,skipped,skipped,skipped,skipped,skipped,skipped,skipped,skipped,skipped,,10
1916,Lab,skipped,skipped,skipped,skipped,skipped,skipped,skipped,skipped,skipped,,10
1917,Lab,skipped,skipped,skipped,skipped,skipped,skipped,skipped,skipped,skipped,,10
1918,Lab,skipped,skipped,skipped,skipped,skipped,skipped,skipped,skipped,skipped,,10
1919,Lab,skipped,skipped,skipped,skipped,skipped,skipped,skipped,skipped,skipped,,10
1920,Lab,skipped,skipped,skipped,skipped,skipped,skipped,skipped,skipped,skipped,,10
1921,Lab,skipped,skipped,skipped,skipped,skipped,skipped,skipped,skipped,skipped,,10
1922,Lab,skipped,skipped,skipped,skipped,skipped,skipped,skipped,skipped,skipped,,10
1923,Lab,skipped,skipped,skipped,skipped,skipped,skipped,skipped,skipped,skipped,,10
1924,Lab,skipped,skipped,skipped,skipped,skipped,skipped,skipped,skipped,skipped,,10
1925,Lab,skipped,skipped,skipped,skipped,skipped,skipped,skipped,skipped,skipped,,10
1926,Lab,skipped,skipped,skipped,skipped,skipped,skipped,skipped,skipped,skipped,,10
1927,Lab,skipped,skipped,skipped,skipped,skipped,skipped,skipped,skipped,skipped,,10
1928,Lab,skipped,skipped,skipped,skipped,skipped,skipped,skipped,skipped,skipped,,10
1929,Lab,skipped,skipped,skipped,skipped,skipped,skipped,skipped,skipped,skipped,,10
1930,Lab,skipped,skipped,skipped,skipped,skipped,skipped,skipped,skipped,skipped,,10
1931,Lab,skipped,skipped,skipped,skipped,skipped,skipped,skipped,skipped,skipped,,10
1932,Lab,skipped,skipped,skipped,skipped,skipped,skipped,skipped,skipped,skipped,,10
1933,Lab,skipped,skipped,skipped,skipped,skipped,skipped,skipped,skipped,skipped,,10
1934,Lab,skipped,skipped,skipped,skipped,skipped,skipped,skipped,skipped,skipped,,10
1935,Lab,skipped,skipped,skipped,skipped,skipped,skipped,skipped,skipped,skipped,,10
1936,Lab,skipped,skipped,skipped,skipped,skipped,skipped,skipped,skipped,skipped,,10
1937,Lab,skipped,skipped,skipped,skipped,skipped,skipped,skipped,skipped,skipped,,10
1938,Lab,skipped,skipped,skipped,skipped,skipped,skipped,skipped,skipped,skipped,,10
1939,Lab,skipped,skipped,skipped,skipped,skipped,skipped,skipped,skipped,skipped,,10
1940,Lab,skipped,skipped,skipped,skipped,skipped,skipped,skipped,skipped,skipped,,10
1941,Lab,skipped,skipped,skipped,skipped,skipped,skipped,skipped,skipped,skipped,,10
1942,Lab,skipped,skipped,skipped,skipped,skipped,skipped,skipped,skipped,skipped,,10
1943,Lab,skipped,skipped,skipped,skipped,skipped,skipped,skipped,skipped,skipped,,10
1944,Lab,skipped,skipped,skipped,skipped,skipped,skipped,skipped,skipped,skipped,,10
1945,Lab,skipped,skipped,skipped,skipped,skipped,skipped,skipped,skipped,skipped,,10
1946,Lab,skipped,skipped,skipped,skipped,skipped,skipped,skipped,skipped,skipped,,10
1947,Lab,skipped,skipped,skipped,skipped,skipped,skipped,skipped,skipped,skipped,,10
1948,Lab,skipped,skipped,skipped,skipped,skipped,skipped,skipped,skipped,skipped,,10
1949,Lab,skipped,skipped,skipped,skipped,skipped,skipped,skipped,skipped,skipped,,10
1950,Lab,skipped,skipped,skipped,skipped,skipped,skipped,skipped,skipped,skipped,,10
1951,Lab,skipped,skipped,skipped,skipped,skipped,skipped,skipped,skipped,skipped,,10
1952,Lab,skipped,skipped,skipped,skipped,skipped,skipped,skipped,skipped,skipped,,10
1953,Lab,skipped,skipped,skipped,skipped,skipped,skipped,skipped,skipped,skipped,,10
1954,Lab,skipped,skipped,skipped,skipped,skipped,skipped,skipped,skipped,skipped,,10
1955,Lab,skipped,skipped,skipped,skipped,skipped,skipped,skipped,skipped,skipped,,10
1956,Lab,skipped,skipped,skipped,skipped,skipped,skipped,skipped,skipped,skipped,,10
1957,Lab,skipped,skipped,skipped,skipped,skipped,skipped,skipped,skipped,skipped,,10
1958,Lab,skipped,skipped,skipped,skipped,skipped,skipped,skipped,skipped,skipped,,10
1959,Lab,skipped,skipped,skipped,skipped,skipped,skipped,skipped,skipped,skipped,,10
1960,Lab,skipped,skipped,skipped,skipped,skipped,skipped,skipped,skipped,skipped,,10
1961,Lab,skipped,skipped,skipped,skipped,skipped,skipped,skipped,skipped,skipped,,10
1962,Lab,skipped,skipped,skipped,skipped,skipped,skipped,skipped,skipped,skipped,,10
1963,Lab,skipped,skipped,skipped,skipped,skipped,skipped,skipped,skipped,skipped,,10
1964,Lab,skipped,skipped,skipped,skipped,skipped,skipped,skipped,skipped,skipped,,10
1965,Lab,skipped,skipped,skipped,skipped,skipped,skipped,skipped,skipped,skipped,,10
1966,Lab,skipped,skipped,skipped,skipped,skipped,skipped,skipped,skipped,skipped,,10
1967,Lab,skipped,skipped,skipped,skipped,skipped,skipped,skipped,skipped,skipped,,10
1968,Lab,skipped,skipped,skipped,skipped,skipped,skipped,skipped,skipped,skipped,,10
1969,Lab,skipped,skipped,skipped,skipped,skipped,skipped,skipped,skipped,skipped,,10
1970,Lab,skipped,skipped,skipped,skipped,skipped,skipped,skipped,skipped,skipped,,10
1971,Lab,skipped,skipped,skipped,skipped,skipped,skipped,skipped,skipped,skipped,,10
1972,Lab,skipped,skipped,skipped,skipped,skipped,skipped,skipped,skipped,skipped,,10
1973,Lab,skipped,skipped,skipped,skipped,skipped,skipped,skipped,skipped,skipped,,10
1974,Lab,skipped,skipped,skipped,skipped,skipped,skipped,skipped,skipped,skipped,,10
1975,Lab,skipped,skipped,skipped,skipped,skipped,skipped,skipped,skipped,skipped,,10
1976,Lab,skipped,skipped,skipped,skipped,skipped,skipped,skipped,skipped,skipped,,10
1977,Lab,skipped,skipped,skipped,skipped,skipped,skipped,skipped,skipped,skipped,,10
1978,Lab,skipped,skipped,skipped,skipped,skipped,skipped,skipped,skipped,skipped,,10
1979,Lab,skipped,skipped,skipped,skipped,skipped,skipped,skipped,skipped,skipped,,10
1980,Lab,skipped,skipped,skipped,skipped,skipped,skipped,skipped,skipped,skipped,,10
1981,Lab,skipped,skipped,skipped,skipped,skipped,skipped,skipped,skipped,skipped,,10
1982,Lab,skipped,skipped,skipped,skipped,skipped,skipped,skipped,skipped,skipped,,10
1983,Lab,skipped,skipped,skipped,skipped,skipped,skipped,skipped,skipped,skipped,,10
1984,Lab,skipped,skipped,skipped,skipped,skipped,skipped,skipped,skipped,skipped,,10
1985,Lab,skipped,skipped,skipped,skipped,skipped,skipped,skipped,skipped,skipped,,10
1986,Lab,skipped,skipped,skipped,skipped,skipped,skipped,skipped,skipped,skipped,,10
1987,Lab,skipped,skipped,skipped,skipped,skipped,skipped,skipped,skipped,skipped,,10
1988,Lab,skipped,skipped,skipped,skipped,skipped,skipped,skipped,skipped,skipped,,10
1989,Lab,skipped,skipped,skipped,skipped,skipped,skipped,skipped,skipped,skipped,,10
1990,Lab,skipped,skipped,skipped,skipped,skipped,skipped,skipped,skipped,skipped,,10
1991,Lab,skipped,skipped,skipped,skipped,skipped,skipped,skipped,skipped,skipped,,10
1992,Lab,skipped,skipped,skipped,skipped,skipped,skipped,skipped,skipped,skipped,,10
1993,Lab,skipped,skipped,skipped,skipped,skipped,skipped,skipped,skipped,skipped,,10
1994,Lab,skipped,skipped,skipped,skipped,skipped,skipped,skipped,skipped,skipped,,10
1995,Lab,skipped,skipped,skipped,skipped,skipped,skipped,skipped,skipped,skipped,,10
1996,Lab,skipped,skipped,skipped,skipped,skipped,skipped,skipped,skipped,skipped,,10
1997,Lab,skipped,skipped,skipped,skipped,skipped,skipped,skipped,skipped,skipped,,10
1998,Lab,skipped,skipped,skipped,skipped,skipped,skipped,skipped,skipped,skipped,,10
1999,Lab,skipped,skipped,skipped,skipped,skipped,skipped,skipped,skipped,skipped,,10
2000,Lab,skipped,skipped,skipped,skipped,skipped,skipped,skipped,skipped,skipped,,10
2001,Lab,skipped,skipped,skipped,skipped,skipped,skipped,skipped,skipped,skipped,,10
2002,Lab,skipped,skipped,skipped,skipped,skipped,skipped,skipped,skipped,skipped,,10
2003,Lab,skipped,skipped,skipped,skipped,skipped,skipped,skipped,skipped,skipped,,10
2004,Lab,skipped,skipped,skipped,skipped,skipped,skipped,skipped,skipped,skipped,,10
2005,Lab,skipped,skipped,skipped,skipped,skipped,skipped,skipped,skipped,skipped,,10
2006,Lab,skipped,skipped,skipped,skipped,skipped,skipped,skipped,skipped,skipped,,10
2007,Lab,skipped,skipped,skipped,skipped,skipped,skipped,skipped,skipped,skipped,,10
2008,Lab,skipped,skipped,skipped,skipped,skipped,skipped,skipped,skipped,skipped,,10
2009,Lab,skipped,skipped,skipped,skipped,skipped,skipped,skipped,skipped,skipped,,10
2010,Lab,skipped,skipped,skipped,skipped,skipped,skipped,skipped,skipped,skipped,,10
2011,Lab,skipped,skipped,skipped,skipped,skipped,skipped,skipped,skipped,skipped,,10
2012,Lab,skipped,skipped,skipped,skipped,skipped,skipped,skipped,skipped,skipped,,10
2013,Lab,skipped,skipped,skipped,skipped,skipped,skipped,skipped,skipped,skipped,,10
2014,Lab,skipped,skipped,skipped,skipped,skipped,skipped,skipped,skipped,skipped,,10
2015,Lab,skipped,skipped,skipped,skipped,skipped,skipped,skipped,skipped,skipped,,10
2016,Lab,skipped,skipped,skipped,skipped,skipped,skipped,skipped,skipped,skipped,,10
2017,Lab,skipped,skipped,skipped,skipped,skipped,skipped,skipped,skipped,skipped,,10
2018,Lab,skipped,skipped,skipped,skipped,skipped,skipped,skipped,skipped,skipped,,10
2019,Lab,skipped,skipped,skipped,skipped,skipped,skipped,skipped,skipped,skipped,,10
2020,Lab,skipped,skipped,skipped,skipped,skipped,skipped,skipped,skipped,skipped,,10
2021,Lab,skipped,skipped,skipped,skipped,skipped,skipped,skipped,skipped,skipped,,10
2022,Lab,skipped,skipped,skipped,skipped,skipped,skipped,skipped,skipped,skipped,,10
2023,Lab,skipped,skipped,skipped,skipped,skipped,skipped,skipped,skipped,skipped,,10
2024,Lab,skipped,skipped,skipped,skipped,skipped,skipped,skipped,skipped,skipped,,10
2025,Lab,skipped,skipped,skipped,skipped,skipped,skipped,skipped,skipped,skipped,,10
2026,Lab,skipped,skipped,skipped,skipped,skipped,skipped,skipped,skipped,skipped,,10
2027,Lab,skipped,skipped,skipped,skipped,skipped,skipped,skipped,skipped,skipped,,10
2028,Lab,skipped,skipped,skipped,skipped,skipped,skipped,skipped,skipped,skipped,,10
2029,Lab,skipped,skipped,skipped,skipped,skipped,skipped,skipped,skipped,skipped,,10
2030,Lab,skipped,skipped,skipped,skipped,skipped,skipped,skipped,skipped,skipped,,10
2031,Lab,skipped,skipped,skipped,skipped,skipped,skipped,skipped,skipped,skipped,,10
2032,Lab,skipped,skipped,skipped,skipped,skipped,skipped,skipped,skipped,skipped,,10
2033,Lab,skipped,skipped,skipped,skipped,skipped,skipped,skipped,skipped,skipped,,10
2034,Lab,skipped,skipped,skipped,skipped,skipped,skipped,skipped,skipped,skipped,,10
2035,Lab,skipped,skipped,skipped,skipped,skipped,skipped,skipped,skipped,skipped,,10
2036,Lab,skipped,skipped,skipped,skipped,skipped,skipped,skipped,skipped,skipped,,10
2037,Lab,skipped,skipped,skipped,skipped,skipped,skipped,skipped,skipped,skipped,,10
2038,Lab,skipped,skipped,skipped,skipped,skipped,skipped,skipped,skipped,skipped,,10
2039,Lab,skipped,skipped,skipped,skipped,skipped,skipped,skipped,skipped,skipped,,10
2040,Lab,skipped,skipped,skipped,skipped,skipped,skipped,skipped,skipped,skipped,,10
2041,Lab,skipped,skipped,skipped,skipped,skipped,skipped,skipped,skipped,skipped,,10
2042,Lab,skipped,skipped,skipped,skipped,skipped,skipped,skipped,skipped,skipped,,10
2043,Lab,skipped,skipped,skipped,skipped,skipped,skipped,skipped,skipped,skipped,,10
2044,Lab,skipped,skipped,skipped,skipped,skipped,skipped,skipped,skipped,skipped,,10
2045,Lab,skipped,skipped,skipped,skipped,skipped,skipped,skipped,skipped,skipped,,10
2046,Lab,skipped,skipped,skipped,skipped,skipped,skipped,skipped,skipped,skipped,,10
2047,Lab,skipped,skipped,skipped,skipped,skipped,skipped,skipped,skipped,skipped,,10
2048,Lab,skipped,skipped,skipped,skipped,skipped,skipped,skipped,skipped,skipped,,10
2049,Lab,skipped,skipped,skipped,skipped,skipped,skipped,skipped,skipped,skipped,,10
2050,Lab,skipped,skipped,skipped,skipped,skipped,skipped,skipped,skipped,skipped,,10
2051,Lab,skipped,skipped,skipped,skipped,skipped,skipped,skipped,skipped,skipped,,10
2052,Lab,skipped,skipped,skipped,skipped,skipped,skipped,skipped,skipped,skipped,,10
2053,Lab,skipped,skipped,skipped,skipped,skipped,skipped,skipped,skipped,skipped,,10
2054,Lab,skipped,skipped,skipped,skipped,skipped,skipped,skipped,skipped,skipped,,10
2055,Lab,skipped,skipped,skipped,skipped,skipped,skipped,skipped,skipped,skipped,,10
2056,Lab,skipped,skipped,skipped,skipped,skipped,skipped,skipped,skipped,skipped,,10
2057,Lab,skipped,skipped,skipped,skipped,skipped,skipped,skipped,skipped,skipped,,10
2058,Lab,skipped,skipped,skipped,skipped,skipped,skipped,skipped,skipped,skipped,,10
2059,Lab,skipped,skipped,skipped,skipped,skipped,skipped,skipped,skipped,skipped,,10
2060,Lab,skipped,skipped,skipped,skipped,skipped,skipped,skipped,skipped,skipped,,10
2061,Lab,skipped,skipped,skipped,skipped,skipped,skipped,skipped,skipped,skipped,,10
2062,Lab,skipped,skipped,skipped,skipped,skipped,skipped,skipped,skipped,skipped,,10
2063,Lab,skipped,skipped,skipped,skipped,skipped,skipped,skipped,skipped,skipped,,10
2064,Lab,skipped,skipped,skipped,skipped,skipped,skipped,skipped,skipped,skipped,,10
2065,Lab,skipped,skipped,skipped,skipped,skipped,skipped,skipped,skipped,skipped,,10
2066,Lab,skipped,skipped,skipped,skipped,skipped,skipped,skipped,skipped,skipped,,10
2067,Lab,skipped,skipped,skipped,skipped,skipped,skipped,skipped,skipped,skipped,,10
2068,Lab,skipped,skipped,skipped,skipped,skipped,skipped,skipped,skipped,skipped,,10
2069,Lab,skipped,skipped,skipped,skipped,skipped,skipped,skipped,skipped,skipped,,10
2070,Lab,skipped,skipped,skipped,skipped,skipped,skipped,skipped,skipped,skipped,,10
2071,Lab,skipped,skipped,skipped,skipped,skipped,skipped,skipped,skipped,skipped,,10
2072,Lab,skipped,skipped,skipped,skipped,skipped,skipped,skipped,skipped,skipped,,10
2073,Lab,skipped,skipped,skipped,skipped,skipped,skipped,skipped,skipped,skipped,,10
2074,Lab,skipped,skipped,skipped,skipped,skipped,skipped,skipped,skipped,skipped,,10
2075,Lab,skipped,skipped,skipped,skipped,skipped,skipped,skipped,skipped,skipped,,10
2076,Lab,skipped,skipped,skipped,skipped,skipped,skipped,skipped,skipped,skipped,,10
2077,Lab,skipped,skipped,skipped,skipped,skipped,skipped,skipped,skipped,skipped,,10
2078,Lab,skipped,skipped,skipped,skipped,skipped,skipped,skipped,skipped,skipped,,10
2079,Lab,skipped,skipped,skipped,skipped,skipped,skipped,skipped,skipped,skipped,,10
2080,Lab,skipped,skipped,skipped,skipped,skipped,skipped,skipped,skipped,skipped,,10
2081,Lab,skipped,skipped,skipped,skipped,skipped,skipped,skipped,skipped,skipped,,10
2082,Lab,skipped,skipped,skipped,skipped,skipped,skipped,skipped,skipped,skipped,,10
2083,Lab,skipped,skipped,skipped,skipped,skipped,skipped,skipped,skipped,skipped,,10
2084,Lab,skipped,skipped,skipped,skipped,skipped,skipped,skipped,skipped,skipped,,10
2085,Lab,skipped,skipped,skipped,skipped,skipped,skipped,skipped,skipped,skipped,,10
2086,Lab,skipped,skipped,skipped,skipped,skipped,skipped,skipped,skipped,skipped,,10
2087,Lab,skipped,skipped,skipped,skipped,skipped,skipped,skipped,skipped,skipped,,10
2088,Lab,skipped,skipped,skipped,skipped,skipped,skipped,skipped,skipped,skipped,,10
2089,Lab,skipped,skipped,skipped,skipped,skipped,skipped,skipped,skipped,skipped,,10
2090,Lab,skipped,skipped,skipped,skipped,skipped,skipped,skipped,skipped,skipped,,10
2091,Lab,skipped,skipped,skipped,skipped,skipped,skipped,skipped,skipped,skipped,,10
2092,Lab,skipped,skipped,skipped,skipped,skipped,skipped,skipped,skipped,skipped,,10
2093,Lab,skipped,skipped,skipped,skipped,skipped,skipped,skipped,skipped,skipped,,10
2094,Lab,skipped,skipped,skipped,skipped,skipped,skipped,skipped,skipped,skipped,,10
2095,Lab,skipped,skipped,skipped,skipped,skipped,skipped,skipped,skipped,skipped,,10
2096,Lab,skipped,skipped,skipped,skipped,skipped,skipped,skipped,skipped,skipped,,10
2097,Lab,skipped,skipped,skipped,skipped,skipped,skipped,skipped,skipped,skipped,,10
2098,Lab,skipped,skipped,skipped,skipped,skipped,skipped,skipped,skipped,skipped,,10
2099,Lab,skipped,skipped,skipped,skipped,skipped,skipped,skipped,skipped,skipped,,10
2100,Lab,skipped,skipped,skipped,skipped,skipped,skipped,skipped,skipped,skipped,,10
2101,Lab,skipped,skipped,skipped,skipped,skipped,skipped,skipped,skipped,skipped,,10
2102,Lab,skipped,skipped,skipped,skipped,skipped,skipped,skipped,skipped,skipped,,10
2103,Lab,skipped,skipped,skipped,skipped,skipped,skipped,skipped,skipped,skipped,,10
2104,Lab,skipped,skipped,skipped,skipped,skipped,skipped,skipped,skipped,skipped,,10
2105,Lab,skipped,skipped,skipped,skipped,skipped,skipped,skipped,skipped,skipped,,10
2106,Lab,skipped,skipped,skipped,skipped,skipped,skipped,skipped,skipped,skipped,,10
2107,Lab,skipped,skipped,skipped,skipped,skipped,skipped,skipped,skipped,skipped,,10
2108,Lab,skipped,skipped,skipped,skipped,skipped,skipped,skipped,skipped,skipped,,10
2109,Lab,skipped,skipped,skipped,skipped,skipped,skipped,skipped,skipped,skipped,,10
2110,Lab,skipped,skipped,skipped,skipped,skipped,skipped,skipped,skipped,skipped,,10
2111,Lab,skipped,skipped,skipped,skipped,skipped,skipped,skipped,skipped,skipped,,10
2112,Lab,skipped,skipped,skipped,skipped,skipped,skipped,skipped,skipped,skipped,,10
2113,Lab,skipped,skipped,skipped,skipped,skipped,skipped,skipped,skipped,skipped,,10
2114,Lab,skipped,skipped,skipped,skipped,skipped,skipped,skipped,skipped,skipped,,10
2115,Lab,skipped,skipped,skipped,skipped,skipped,skipped,skipped,skipped,skipped,,10
2116,Lab,skipped,skipped,skipped,skipped,skipped,skipped,skipped,skipped,skipped,,10
2117,Lab,skipped,skipped,skipped,skipped,skipped,skipped,skipped,skipped,skipped,,10
2118,Lab,skipped,skipped,skipped,skipped,skipped,skipped,skipped,skipped,skipped,,10
2119,Lab,skipped,skipped,skipped,skipped,skipped,skipped,skipped,skipped,skipped,,10
2120,Lab,skipped,skipped,skipped,skipped,skipped,skipped,skipped,skipped,skipped,,10
2121,Lab,skipped,skipped,skipped,skipped,skipped,skipped,skipped,skipped,skipped,,10
2122,Lab,skipped,skipped,skipped,skipped,skipped,skipped,skipped,skipped,skipped,,10
2123,Lab,skipped,skipped,skipped,skipped,skipped,skipped,skipped,skipped,skipped,,10
2124,Lab,skipped,skipped,skipped,skipped,skipped,skipped,skipped,skipped,skipped,,10
2125,Lab,skipped,skipped,skipped,skipped,skipped,skipped,skipped,skipped,skipped,,10
2126,Lab,skipped,skipped,skipped,skipped,skipped,skipped,skipped,skipped,skipped,,10
2127,Lab,skipped,skipped,skipped,skipped,skipped,skipped,skipped,skipped,skipped,,10
2128,Lab,skipped,skipped,skipped,skipped,skipped,skipped,skipped,skipped,skipped,,10
2129,Lab,skipped,skipped,skipped,skipped,skipped,skipped,skipped,skipped,skipped,,10
2130,Lab,skipped,skipped,skipped,skipped,skipped,skipped,skipped,skipped,skipped,,10
2131,Lab,skipped,skipped,skipped,skipped,skipped,skipped,skipped,skipped,skipped,,10
2132,Lab,skipped,skipped,skipped,skipped,skipped,skipped,skipped,skipped,skipped,,10
2133,Lab,skipped,skipped,skipped,skipped,skipped,skipped,skipped,skipped,skipped,,10
2134,Lab,skipped,skipped,skipped,skipped,skipped,skipped,skipped,skipped,skipped,,10
2135,Lab,skipped,skipped,skipped,skipped,skipped,skipped,skipped,skipped,skipped,,10
2136,Lab,skipped,skipped,skipped,skipped,skipped,skipped,skipped,skipped,skipped,,10
2137,Lab,skipped,skipped,skipped,skipped,skipped,skipped,skipped,skipped,skipped,,10
2138,Lab,skipped,skipped,skipped,skipped,skipped,skipped,skipped,skipped,skipped,,10
2139,Lab,skipped,skipped,skipped,skipped,skipped,skipped,skipped,skipped,skipped,,10
2140,Lab,skipped,skipped,skipped,skipped,skipped,skipped,skipped,skipped,skipped,,10
2141,Lab,skipped,skipped,skipped,skipped,skipped,skipped,skipped,skipped,skipped,,10
2142,Lab,skipped,skipped,skipped,skipped,skipped,skipped,skipped,skipped,skipped,,10
2143,Lab,skipped,skipped,skipped,skipped,skipped,skipped,skipped,skipped,skipped,,10
2144,Lab,skipped,skipped,skipped,skipped,skipped,skipped,skipped,skipped,skipped,,10
2145,Lab,skipped,skipped,skipped,skipped,skipped,skipped,skipped,skipped,skipped,,10
2146,Lab,skipped,skipped,skipped,skipped,skipped,skipped,skipped,skipped,skipped,,10
2147,Lab,skipped,skipped,skipped,skipped,skipped,skipped,skipped,skipped,skipped,,10
2148,Lab,skipped,skipped,skipped,skipped,skipped,skipped,skipped,skipped,skipped,,10
2149,Lab,skipped,skipped,skipped,skipped,skipped,skipped,skipped,skipped,skipped,,10
2150,Lab,skipped,skipped,skipped,skipped,skipped,skipped,skipped,skipped,skipped,,10
2151,Lab,skipped,skipped,skipped,skipped,skipped,skipped,skipped,skipped,skipped,,10
2152,Lab,skipped,skipped,skipped,skipped,skipped,skipped,skipped,skipped,skipped,,10
2153,Lab,skipped,skipped,skipped,skipped,skipped,skipped,skipped,skipped,skipped,,10
2154,Lab,skipped,skipped,skipped,skipped,skipped,skipped,skipped,skipped,skipped,,10
2155,Lab,skipped,skipped,skipped,skipped,skipped,skipped,skipped,skipped,skipped,,10
2156,Lab,skipped,skipped,skipped,skipped,skipped,skipped,skipped,skipped,skipped,,10
2157,Lab,skipped,skipped,skipped,skipped,skipped,skipped,skipped,skipped,skipped,,10
2158,Lab,skipped,skipped,skipped,skipped,skipped,skipped,skipped,skipped,skipped,,10
2159,Lab,skipped,skipped,skipped,skipped,skipped,skipped,skipped,skipped,skipped,,10
2160,Lab,skipped,skipped,skipped,skipped,skipped,skipped,skipped,skipped,skipped,,10
2161,Lab,skipped,skipped,skipped,skipped,skipped,skipped,skipped,skipped,skipped,,10
2162,Lab,skipped,skipped,skipped,skipped,skipped,skipped,skipped,skipped,skipped,,10
2163,Lab,skipped,skipped,skipped,skipped,skipped,skipped,skipped,skipped,skipped,,10
2164,Lab,skipped,skipped,skipped,skipped,skipped,skipped,skipped,skipped,skipped,,10
2165,Lab,skipped,skipped,skipped,skipped,skipped,skipped,skipped,skipped,skipped,,10
2166,Lab,skipped,skipped,skipped,skipped,skipped,skipped,skipped,skipped,skipped,,10
2167,Lab,skipped,skipped,skipped,skipped,skipped,skipped,skipped,skipped,skipped,,10
2168,Lab,skipped,skipped,skipped,skipped,skipped,skipped,skipped,skipped,skipped,,10
2169,Lab,skipped,skipped,skipped,skipped,skipped,skipped,skipped,skipped,skipped,,10
2170,Lab,skipped,skipped,skipped,skipped,skipped,skipped,skipped,skipped,skipped,,10
2171,Lab,skipped,skipped,skipped,skipped,skipped,skipped,skipped,skipped,skipped,,10
2172,Lab,skipped,skipped,skipped,skipped,skipped,skipped,skipped,skipped,skipped,,10
2173,Lab,skipped,skipped,skipped,skipped,skipped,skipped,skipped,skipped,skipped,,10
2174,Lab,skipped,skipped,skipped,skipped,skipped,skipped,skipped,skipped,skipped,,10
2175,Lab,skipped,skipped,skipped,skipped,skipped,skipped,skipped,skipped,skipped,,10
2176,Lab,skipped,skipped,skipped,skipped,skipped,skipped,skipped,skipped,skipped,,10
2177,Lab,skipped,skipped,skipped,skipped,skipped,skipped,skipped,skipped,skipped,,10
2178,Lab,skipped,skipped,skipped,skipped,skipped,skipped,skipped,skipped,skipped,,10
2179,Lab,skipped,skipped,skipped,skipped,skipped,skipped,skipped,skipped,skipped,,10
2180,Lab,skipped,skipped,skipped,skipped,skipped,skipped,skipped,skipped,skipped,,10
2181,Lab,skipped,skipped,skipped,skipped,skipped,skipped,skipped,skipped,skipped,,10
2182,Lab,skipped,skipped,skipped,skipped,skipped,skipped,skipped,skipped,skipped,,10
2183,Lab,skipped,skipped,skipped,skipped,skipped,skipped,skipped,skipped,skipped,,10
2184,Lab,skipped,skipped,skipped,skipped,skipped,skipped,skipped,skipped,skipped,,10
2185,Lab,skipped,skipped,skipped,skipped,skipped,skipped,skipped,skipped,skipped,,10
2186,Lab,skipped,skipped,skipped,skipped,skipped,skipped,skipped,skipped,skipped,,10
2187,Lab,skipped,skipped,skipped,skipped,skipped,skipped,skipped,skipped,skipped,,10
2188,Lab,skipped,skipped,skipped,skipped,skipped,skipped,skipped,skipped,skipped,,10
2189,Lab,skipped,skipped,skipped,skipped,skipped,skipped,skipped,skipped,skipped,,10
2190,Lab,skipped,skipped,skipped,skipped,skipped,skipped,skipped,skipped,skipped,,10
2191,Lab,skipped,skipped,skipped,skipped,skipped,skipped,skipped,skipped,skipped,,10
2192,Lab,skipped,skipped,skipped,skipped,skipped,skipped,skipped,skipped,skipped,,10
2193,Lab,skipped,skipped,skipped,skipped,skipped,skipped,skipped,skipped,skipped,,10
2194,Lab,skipped,skipped,skipped,skipped,skipped,skipped,skipped,skipped,skipped,,10
2195,Lab,skipped,skipped,skipped,skipped,skipped,skipped,skipped,skipped,skipped,,10
2196,Lab,skipped,skipped,skipped,skipped,skipped,skipped,skipped,skipped,skipped,,10
2197,Lab,skipped,skipped,skipped,skipped,skipped,skipped,skipped,skipped,skipped,,10
2198,Lab,skipped,skipped,skipped,skipped,skipped,skipped,skipped,skipped,skipped,,10
2199,Lab,skipped,skipped,skipped,skipped,skipped,skipped,skipped,skipped,skipped,,10
2200,Lab,skipped,skipped,skipped,skipped,skipped,skipped,skipped,skipped,skipped,,10
2201,Lab,skipped,skipped,skipped,skipped,skipped,skipped,skipped,skipped,skipped,,10
2202,Lab,skipped,skipped,skipped,skipped,skipped,skipped,skipped,skipped,skipped,,10
2203,Lab,skipped,skipped,skipped,skipped,skipped,skipped,skipped,skipped,skipped,,10
2204,Lab,skipped,skipped,skipped,skipped,skipped,skipped,skipped,skipped,skipped,,10
2205,Lab,skipped,skipped,skipped,skipped,skipped,skipped,skipped,skipped,skipped,,10
2206,Lab,skipped,skipped,skipped,skipped,skipped,skipped,skipped,skipped,skipped,,10
2207,Lab,skipped,skipped,skipped,skipped,skipped,skipped,skipped,skipped,skipped,,10
2208,Lab,skipped,skipped,skipped,skipped,skipped,skipped,skipped,skipped,skipped,,10
2209,Lab,skipped,skipped,skipped,skipped,skipped,skipped,skipped,skipped,skipped,,10
2210,Lab,skipped,skipped,skipped,skipped,skipped,skipped,skipped,skipped,skipped,,10
2211,Lab,skipped,skipped,skipped,skipped,skipped,skipped,skipped,skipped,skipped,,10
2212,Lab,skipped,skipped,skipped,skipped,skipped,skipped,skipped,skipped,skipped,,10
2213,Lab,skipped,skipped,skipped,skipped,skipped,skipped,skipped,skipped,skipped,,10
2214,Lab,skipped,skipped,skipped,skipped,skipped,skipped,skipped,skipped,skipped,,10
2215,Lab,skipped,skipped,skipped,skipped,skipped,skipped,skipped,skipped,skipped,,10
2216,Lab,skipped,skipped,skipped,skipped,skipped,skipped,skipped,skipped,skipped,,10
2217,Lab,skipped,skipped,skipped,skipped,skipped,skipped,skipped,skipped,skipped,,10
2218,Lab,skipped,skipped,skipped,skipped,skipped,skipped,skipped,skipped,skipped,,10
2219,Lab,skipped,skipped,skipped,skipped,skipped,skipped,skipped,skipped,skipped,,10
2220,Lab,skipped,skipped,skipped,skipped,skipped,skipped,skipped,skipped,skipped,,10
2221,Lab,skipped,skipped,skipped,skipped,skipped,skipped,skipped,skipped,skipped,,10
2222,Lab,skipped,skipped,skipped,skipped,skipped,skipped,skipped,skipped,skipped,,10
2223,Lab,skipped,skipped,skipped,skipped,skipped,skipped,skipped,skipped,skipped,,10
2224,Lab,skipped,skipped,skipped,skipped,skipped,skipped,skipped,skipped,skipped,,10
2225,Lab,skipped,skipped,skipped,skipped,skipped,skipped,skipped,skipped,skipped,,10
2226,Lab,skipped,skipped,skipped,skipped,skipped,skipped,skipped,skipped,skipped,,10
2227,Lab,skipped,skipped,skipped,skipped,skipped,skipped,skipped,skipped,skipped,,10
2228,Lab,skipped,skipped,skipped,skipped,skipped,skipped,skipped,skipped,skipped,,10
2229,Lab,skipped,skipped,skipped,skipped,skipped,skipped,skipped,skipped,skipped,,10
2230,Lab,skipped,skipped,skipped,skipped,skipped,skipped,skipped,skipped,skipped,,10
2231,Lab,skipped,skipped,skipped,skipped,skipped,skipped,skipped,skipped,skipped,,10
2232,Lab,skipped,skipped,skipped,skipped,skipped,skipped,skipped,skipped,skipped,,10
2233,Lab,skipped,skipped,skipped,skipped,skipped,skipped,skipped,skipped,skipped,,10
2234,Lab,skipped,skipped,skipped,skipped,skipped,skipped,skipped,skipped,skipped,,10
2235,Lab,skipped,skipped,skipped,skipped,skipped,skipped,skipped,skipped,skipped,,10
2236,Lab,skipped,skipped,skipped,skipped,skipped,skipped,skipped,skipped,skipped,,10
2237,Lab,skipped,skipped,skipped,skipped,skipped,skipped,skipped,skipped,skipped,,10
2238,Lab,skipped,skipped,skipped,skipped,skipped,skipped,skipped,skipped,skipped,,10
2239,Lab,skipped,skipped,skipped,skipped,skipped,skipped,skipped,skipped,skipped,,10
2240,Lab,skipped,skipped,skipped,skipped,skipped,skipped,skipped,skipped,skipped,,10
2241,Lab,skipped,skipped,skipped,skipped,skipped,skipped,skipped,skipped,skipped,,10
2242,Lab,skipped,skipped,skipped,skipped,skipped,skipped,skipped,skipped,skipped,,10
2243,Lab,skipped,skipped,skipped,skipped,skipped,skipped,skipped,skipped,skipped,,10
2244,Lab,skipped,skipped,skipped,skipped,skipped,skipped,skipped,skipped,skipped,,10
2245,Lab,skipped,skipped,skipped,skipped,skipped,skipped,skipped,skipped,skipped,,10
2246,Lab,skipped,skipped,skipped,skipped,skipped,skipped,skipped,skipped,skipped,,10
2247,Lab,skipped,skipped,skipped,skipped,skipped,skipped,skipped,skipped,skipped,,10
2248,Lab,skipped,skipped,skipped,skipped,skipped,skipped,skipped,skipped,skipped,,10
2249,Lab,skipped,skipped,skipped,skipped,skipped,skipped,skipped,skipped,skipped,,10
2250,Lab,skipped,skipped,skipped,skipped,skipped,skipped,skipped,skipped,skipped,,10
2251,Lab,skipped,skipped,skipped,skipped,skipped,skipped,skipped,skipped,skipped,,10
2252,Lab,skipped,skipped,skipped,skipped,skipped,skipped,skipped,skipped,skipped,,10
2253,Lab,skipped,skipped,skipped,skipped,skipped,skipped,skipped,skipped,skipped,,10
2254,Lab,skipped,skipped,skipped,skipped,skipped,skipped,skipped,skipped,skipped,,10
2255,Lab,skipped,skipped,skipped,skipped,skipped,skipped,skipped,skipped,skipped,,10
2256,Lab,skipped,skipped,skipped,skipped,skipped,skipped,skipped,skipped,skipped,,10
2257,Lab,skipped,skipped,skipped,skipped,skipped,skipped,skipped,skipped,skipped,,10
2258,Lab,skipped,skipped,skipped,skipped,skipped,skipped,skipped,skipped,skipped,,10
2259,Lab,skipped,skipped,skipped,skipped,skipped,skipped,skipped,skipped,skipped,,10
2260,Lab,skipped,skipped,skipped,skipped,skipped,skipped,skipped,skipped,skipped,,10
2261,Lab,skipped,skipped,skipped,skipped,skipped,skipped,skipped,skipped,skipped,,10
2262,Lab,skipped,skipped,skipped,skipped,skipped,skipped,skipped,skipped,skipped,,10
2263,Lab,skipped,skipped,skipped,skipped,skipped,skipped,skipped,skipped,skipped,,10
2264,Lab,skipped,skipped,skipped,skipped,skipped,skipped,skipped,skipped,skipped,,10
2265,Lab,skipped,skipped,skipped,skipped,skipped,skipped,skipped,skipped,skipped,,10
2266,Lab,skipped,skipped,skipped,skipped,skipped,skipped,skipped,skipped,skipped,,10
2267,Lab,skipped,skipped,skipped,skipped,skipped,skipped,skipped,skipped,skipped,,10
2268,Lab,skipped,skipped,skipped,skipped,skipped,skipped,skipped,skipped,skipped,,10
2269,Lab,skipped,skipped,skipped,skipped,skipped,skipped,skipped,skipped,skipped,,10
2270,Lab,skipped,skipped,skipped,skipped,skipped,skipped,skipped,skipped,skipped,,10
2271,Lab,skipped,skipped,skipped,skipped,skipped,skipped,skipped,skipped,skipped,,10
2272,Lab,skipped,skipped,skipped,skipped,skipped,skipped,skipped,skipped,skipped,,10
2273,Lab,skipped,skipped,skipped,skipped,skipped,skipped,skipped,skipped,skipped,,10
2274,Lab,skipped,skipped,skipped,skipped,skipped,skipped,skipped,skipped,skipped,,10
2275,Lab,skipped,skipped,skipped,skipped,skipped,skipped,skipped,skipped,skipped,,10
2276,Lab,skipped,skipped,skipped,skipped,skipped,skipped,skipped,skipped,skipped,,10
2277,Lab,skipped,skipped,skipped,skipped,skipped,skipped,skipped,skipped,skipped,,10
2278,Lab,skipped,skipped,skipped,skipped,skipped,skipped,skipped,skipped,skipped,,10
2279,Lab,skipped,skipped,skipped,skipped,skipped,skipped,skipped,skipped,skipped,,10
2280,Lab,skipped,skipped,skipped,skipped,skipped,skipped,skipped,skipped,skipped,,10
2281,Lab,skipped,skipped,skipped,skipped,skipped,skipped,skipped,skipped,skipped,,10
2282,Lab,skipped,skipped,skipped,skipped,skipped,skipped,skipped,skipped,skipped,,10
2283,Lab,skipped,skipped,skipped,skipped,skipped,skipped,skipped,skipped,skipped,,10
2284,Lab,skipped,skipped,skipped,skipped,skipped,skipped,skipped,skipped,skipped,,10
2285,Lab,skipped,skipped,skipped,skipped,skipped,skipped,skipped,skipped,skipped,,10
2286,Lab,skipped,skipped,skipped,skipped,skipped,skipped,skipped,skipped,skipped,,10
2287,Lab,skipped,skipped,skipped,skipped,skipped,skipped,skipped,skipped,skipped,,10
2288,Lab,skipped,skipped,skipped,skipped,skipped,skipped,skipped,skipped,skipped,,10
2289,Lab,skipped,skipped,skipped,skipped,skipped,skipped,skipped,skipped,skipped,,10
2290,Lab,skipped,skipped,skipped,skipped,skipped,skipped,skipped,skipped,skipped,,10
2291,Lab,skipped,skipped,skipped,skipped,skipped,skipped,skipped,skipped,skipped,,10
2292,Lab,skipped,skipped,skipped,skipped,skipped,skipped,skipped,skipped,skipped,,10
2293,Lab,skipped,skipped,skipped,skipped,skipped,skipped,skipped,skipped,skipped,,10
2294,Lab,skipped,skipped,skipped,skipped,skipped,skipped,skipped,skipped,skipped,,10
2295,Lab,skipped,skipped,skipped,skipped,skipped,skipped,skipped,skipped,skipped,,10
2296,Lab,skipped,skipped,skipped,skipped,skipped,skipped,skipped,skipped,skipped,,10
2297,Lab,skipped,skipped,skipped,skipped,skipped,skipped,skipped,skipped,skipped,,10
2298,Lab,skipped,skipped,skipped,skipped,skipped,skipped,skipped,skipped,skipped,,10
2299,Lab,skipped,skipped,skipped,skipped,skipped,skipped,skipped,skipped,skipped,,10
2300,Lab,skipped,skipped,skipped,skipped,skipped,skipped,skipped,skipped,skipped,,10
2301,Lab,skipped,skipped,skipped,skipped,skipped,skipped,skipped,skipped,skipped,,10
2302,Lab,skipped,skipped,skipped,skipped,skipped,skipped,skipped,skipped,skipped,,10
2303,Lab,skipped,skipped,skipped,skipped,skipped,skipped,skipped,skipped,skipped,,10
2304,Lab,skipped,skipped,skipped,skipped,skipped,skipped,skipped,skipped,skipped,,10
2305,Lab,skipped,skipped,skipped,skipped,skipped,skipped,skipped,skipped,skipped,,10
2306,Lab,skipped,skipped,skipped,skipped,skipped,skipped,skipped,skipped,skipped,,10
2307,Lab,skipped,skipped,skipped,skipped,skipped,skipped,skipped,skipped,skipped,,10
2308,Lab,skipped,skipped,skipped,skipped,skipped,skipped,skipped,skipped,skipped,,10
2309,Lab,skipped,skipped,skipped,skipped,skipped,skipped,skipped,skipped,skipped,,10
2310,Lab,skipped,skipped,skipped,skipped,skipped,skipped,skipped,skipped,skipped,,10
2311,Lab,skipped,skipped,skipped,skipped,skipped,skipped,skipped,skipped,skipped,,10
2312,Lab,skipped,skipped,skipped,skipped,skipped,skipped,skipped,skipped,skipped,,10
2313,Lab,skipped,skipped,skipped,skipped,skipped,skipped,skipped,skipped,skipped,,10
2314,Lab,skipped,skipped,skipped,skipped,skipped,skipped,skipped,skipped,skipped,,10
2315,Lab,skipped,skipped,skipped,skipped,skipped,skipped,skipped,skipped,skipped,,10
2316,Lab,skipped,skipped,skipped,skipped,skipped,skipped,skipped,skipped,skipped,,10
2317,Lab,skipped,skipped,skipped,skipped,skipped,skipped,skipped,skipped,skipped,,10
2318,Lab,skipped,skipped,skipped,skipped,skipped,skipped,skipped,skipped,skipped,,10
2319,Lab,skipped,skipped,skipped,skipped,skipped,skipped,skipped,skipped,skipped,,10
2320,Lab,skipped,skipped,skipped,skipped,skipped,skipped,skipped,skipped,skipped,,10
2321,Lab,skipped,skipped,skipped,skipped,skipped,skipped,skipped,skipped,skipped,,10
2322,Lab,skipped,skipped,skipped,skipped,skipped,skipped,skipped,skipped,skipped,,10
2323,Lab,skipped,skipped,skipped,skipped,skipped,skipped,skipped,skipped,skipped,,10
2324,Lab,skipped,skipped,skipped,skipped,skipped,skipped,skipped,skipped,skipped,,10
2325,Lab,skipped,skipped,skipped,skipped,skipped,skipped,skipped,skipped,skipped,,10
2326,Lab,skipped,skipped,skipped,skipped,skipped,skipped,skipped,skipped,skipped,,10
2327,Lab,skipped,skipped,skipped,skipped,skipped,skipped,skipped,skipped,skipped,,10
2328,Lab,skipped,skipped,skipped,skipped,skipped,skipped,skipped,skipped,skipped,,10
2329,Lab,skipped,skipped,skipped,skipped,skipped,skipped,skipped,skipped,skipped,,10
2330,Lab,skipped,skipped,skipped,skipped,skipped,skipped,skipped,skipped,skipped,,10
2331,Lab,skipped,skipped,skipped,skipped,skipped,skipped,skipped,skipped,skipped,,10
2332,Lab,skipped,skipped,skipped,skipped,skipped,skipped,skipped,skipped,skipped,,10
2333,Lab,skipped,skipped,skipped,skipped,skipped,skipped,skipped,skipped,skipped,,10
2334,Lab,skipped,skipped,skipped,skipped,skipped,skipped,skipped,skipped,skipped,,10
2335,Lab,skipped,skipped,skipped,skipped,skipped,skipped,skipped,skipped,skipped,,10
2336,Lab,skipped,skipped,skipped,skipped,skipped,skipped,skipped,skipped,skipped,,10
2337,Lab,skipped,skipped,skipped,skipped,skipped,skipped,skipped,skipped,skipped,,10
2338,Lab,skipped,skipped,skipped,skipped,skipped,skipped,skipped,skipped,skipped,,10
2339,Lab,skipped,skipped,skipped,skipped,skipped,skipped,skipped,skipped,skipped,,10
2340,Lab,skipped,skipped,skipped,skipped,skipped,skipped,skipped,skipped,skipped,,10
2341,Lab,skipped,skipped,skipped,skipped,skipped,skipped,skipped,skipped,skipped,,10
2342,Lab,skipped,skipped,skipped,skipped,skipped,skipped,skipped,skipped,skipped,,10
2343,Lab,skipped,skipped,skipped,skipped,skipped,skipped,skipped,skipped,skipped,,10
2344,Lab,skipped,skipped,skipped,skipped,skipped,skipped,skipped,skipped,skipped,,10
2345,Lab,skipped,skipped,skipped,skipped,skipped,skipped,skipped,skipped,skipped,,10
2346,Lab,skipped,skipped,skipped,skipped,skipped,skipped,skipped,skipped,skipped,,10
2347,Lab,skipped,skipped,skipped,skipped,skipped,skipped,skipped,skipped,skipped,,10
2348,Lab,skipped,skipped,skipped,skipped,skipped,skipped,skipped,skipped,skipped,,10
2349,Lab,skipped,skipped,skipped,skipped,skipped,skipped,skipped,skipped,skipped,,10
2350,Lab,skipped,skipped,skipped,skipped,skipped,skipped,skipped,skipped,skipped,,10
2351,Lab,skipped,skipped,skipped,skipped,skipped,skipped,skipped,skipped,skipped,,10
2352,Lab,skipped,skipped,skipped,skipped,skipped,skipped,skipped,skipped,skipped,,10
2353,Lab,skipped,skipped,skipped,skipped,skipped,skipped,skipped,skipped,skipped,,10
2354,Lab,skipped,skipped,skipped,skipped,skipped,skipped,skipped,skipped,skipped,,10
2355,Lab,skipped,skipped,skipped,skipped,skipped,skipped,skipped,skipped,skipped,,10
2356,Lab,skipped,skipped,skipped,skipped,skipped,skipped,skipped,skipped,skipped,,10
2357,Lab,skipped,skipped,skipped,skipped,skipped,skipped,skipped,skipped,skipped,,10
2358,Lab,skipped,skipped,skipped,skipped,skipped,skipped,skipped,skipped,skipped,,10
2359,Lab,skipped,skipped,skipped,skipped,skipped,skipped,skipped,skipped,skipped,,10
2360,Lab,skipped,skipped,skipped,skipped,skipped,skipped,skipped,skipped,skipped,,10
2361,Lab,skipped,skipped,skipped,skipped,skipped,skipped,skipped,skipped,skipped,,10
2362,Lab,skipped,skipped,skipped,skipped,skipped,skipped,skipped,skipped,skipped,,10
2363,Lab,skipped,skipped,skipped,skipped,skipped,skipped,skipped,skipped,skipped,,10
2364,Lab,skipped,skipped,skipped,skipped,skipped,skipped,skipped,skipped,skipped,,10
2365,Lab,skipped,skipped,skipped,skipped,skipped,skipped,skipped,skipped,skipped,,10
2366,Lab,skipped,skipped,skipped,skipped,skipped,skipped,skipped,skipped,skipped,,10
2367,Lab,skipped,skipped,skipped,skipped,skipped,skipped,skipped,skipped,skipped,,10
2368,Lab,skipped,skipped,skipped,skipped,skipped,skipped,skipped,skipped,skipped,,10
2369,Lab,skipped,skipped,skipped,skipped,skipped,skipped,skipped,skipped,skipped,,10
2370,Lab,skipped,skipped,skipped,skipped,skipped,skipped,skipped,skipped,skipped,,10
2371,Lab,skipped,skipped,skipped,skipped,skipped,skipped,skipped,skipped,skipped,,10
2372,Lab,skipped,skipped,skipped,skipped,skipped,skipped,skipped,skipped,skipped,,10
2373,Lab,skipped,skipped,skipped,skipped,skipped,skipped,skipped,skipped,skipped,,10
2374,Lab,skipped,skipped,skipped,skipped,skipped,skipped,skipped,skipped,skipped,,10
2375,Lab,skipped,skipped,skipped,skipped,skipped,skipped,skipped,skipped,skipped,,10
2376,Lab,skipped,skipped,skipped,skipped,skipped,skipped,skipped,skipped,skipped,,10
2377,Lab,skipped,skipped,skipped,skipped,skipped,skipped,skipped,skipped,skipped,,10
2378,Lab,skipped,skipped,skipped,skipped,skipped,skipped,skipped,skipped,skipped,,10
2379,Lab,skipped,skipped,skipped,skipped,skipped,skipped,skipped,skipped,skipped,,10
2380,Lab,skipped,skipped,skipped,skipped,skipped,skipped,skipped,skipped,skipped,,10
2381,Lab,skipped,skipped,skipped,skipped,skipped,skipped,skipped,skipped,skipped,,10
2382,Lab,skipped,skipped,skipped,skipped,skipped,skipped,skipped,skipped,skipped,,10
2383,Lab,skipped,skipped,skipped,skipped,skipped,skipped,skipped,skipped,skipped,,10
2384,Lab,skipped,skipped,skipped,skipped,skipped,skipped,skipped,skipped,skipped,,10
2385,Lab,skipped,skipped,skipped,skipped,skipped,skipped,skipped,skipped,skipped,,10
2386,Lab,skipped,skipped,skipped,skipped,skipped,skipped,skipped,skipped,skipped,,10
2387,Lab,skipped,skipped,skipped,skipped,skipped,skipped,skipped,skipped,skipped,,10
2388,Lab,skipped,skipped,skipped,skipped,skipped,skipped,skipped,skipped,skipped,,10
2389,Lab,skipped,skipped,skipped,skipped,skipped,skipped,skipped,skipped,skipped,,10
2390,Lab,skipped,skipped,skipped,skipped,skipped,skipped,skipped,skipped,skipped,,10
2391,Lab,skipped,skipped,skipped,skipped,skipped,skipped,skipped,skipped,skipped,,10
2392,Lab,skipped,skipped,skipped,skipped,skipped,skipped,skipped,skipped,skipped,,10
2393,Lab,skipped,skipped,skipped,skipped,skipped,skipped,skipped,skipped,skipped,,10
2394,Lab,skipped,skipped,skipped,skipped,skipped,skipped,skipped,skipped,skipped,,10
2395,Lab,skipped,skipped,skipped,skipped,skipped,skipped,skipped,skipped,skipped,,10
2396,Lab,skipped,skipped,skipped,skipped,skipped,skipped,skipped,skipped,skipped,,10
2397,Lab,skipped,skipped,skipped,skipped,skipped,skipped,skipped,skipped,skipped,,10
2398,Lab,skipped,skipped,skipped,skipped,skipped,skipped,skipped,skipped,skipped,,10
2399,Lab,skipped,skipped,skipped,skipped,skipped,skipped,skipped,skipped,skipped,,10
2400,Lab,skipped,skipped,skipped,skipped,skipped,skipped,skipped,skipped,skipped,,10
2401,Lab,skipped,skipped,skipped,skipped,skipped,skipped,skipped,skipped,skipped,,10
2402,Lab,skipped,skipped,skipped,skipped,skipped,skipped,skipped,skipped,skipped,,10
2403,Lab,skipped,skipped,skipped,skipped,skipped,skipped,skipped,skipped,skipped,,10
2404,Lab,skipped,skipped,skipped,skipped,skipped,skipped,skipped,skipped,skipped,,10
2405,Lab,skipped,skipped,skipped,skipped,skipped,skipped,skipped,skipped,skipped,,10
2406,Lab,skipped,skipped,skipped,skipped,skipped,skipped,skipped,skipped,skipped,,10
2407,Lab,skipped,skipped,skipped,skipped,skipped,skipped,skipped,skipped,skipped,,10
2408,Lab,skipped,skipped,skipped,skipped,skipped,skipped,skipped,skipped,skipped,,10
2409,Lab,skipped,skipped,skipped,skipped,skipped,skipped,skipped,skipped,skipped,,10
2410,Lab,skipped,skipped,skipped,skipped,skipped,skipped,skipped,skipped,skipped,,10
2411,Lab,skipped,skipped,skipped,skipped,skipped,skipped,skipped,skipped,skipped,,10
2412,Lab,skipped,skipped,skipped,skipped,skipped,skipped,skipped,skipped,skipped,,10
2413,Lab,skipped,skipped,skipped,skipped,skipped,skipped,skipped,skipped,skipped,,10
2414,Lab,skipped,skipped,skipped,skipped,skipped,skipped,skipped,skipped,skipped,,10
2415,Lab,skipped,skipped,skipped,skipped,skipped,skipped,skipped,skipped,skipped,,10
2416,Lab,skipped,skipped,skipped,skipped,skipped,skipped,skipped,skipped,skipped,,10
2417,Lab,skipped,skipped,skipped,skipped,skipped,skipped,skipped,skipped,skipped,,10
2418,Lab,skipped,skipped,skipped,skipped,skipped,skipped,skipped,skipped,skipped,,10
2419,Lab,skipped,skipped,skipped,skipped,skipped,skipped,skipped,skipped,skipped,,10
2420,Lab,skipped,skipped,skipped,skipped,skipped,skipped,skipped,skipped,skipped,,10
2421,Lab,skipped,skipped,skipped,skipped,skipped,skipped,skipped,skipped,skipped,,10
2422,Lab,skipped,skipped,skipped,skipped,skipped,skipped,skipped,skipped,skipped,,10
2423,Lab,skipped,skipped,skipped,skipped,skipped,skipped,skipped,skipped,skipped,,10
2424,Lab,skipped,skipped,skipped,skipped,skipped,skipped,skipped,skipped,skipped,,10
2425,Lab,skipped,skipped,skipped,skipped,skipped,skipped,skipped,skipped,skipped,,10
2426,Lab,skipped,skipped,skipped,skipped,skipped,skipped,skipped,skipped,skipped,,10
2427,Lab,skipped,skipped,skipped,skipped,skipped,skipped,skipped,skipped,skipped,,10
2428,Lab,skipped,skipped,skipped,skipped,skipped,skipped,skipped,skipped,skipped,,10
2429,Lab,skipped,skipped,skipped,skipped,skipped,skipped,skipped,skipped,skipped,,10
2430,Lab,skipped,skipped,skipped,skipped,skipped,skipped,skipped,skipped,skipped,,10
2431,Lab,skipped,skipped,skipped,skipped,skipped,skipped,skipped,skipped,skipped,,10
2432,Lab,skipped,skipped,skipped,skipped,skipped,skipped,skipped,skipped,skipped,,10
2433,Lab,skipped,skipped,skipped,skipped,skipped,skipped,skipped,skipped,skipped,,10
2434,Lab,skipped,skipped,skipped,skipped,skipped,skipped,skipped,skipped,skipped,,10
2435,Lab,skipped,skipped,skipped,skipped,skipped,skipped,skipped,skipped,skipped,,10
2436,Lab,skipped,skipped,skipped,skipped,skipped,skipped,skipped,skipped,skipped,,10
2437,Lab,skipped,skipped,skipped,skipped,skipped,skipped,skipped,skipped,skipped,,10
2438,Lab,skipped,skipped,skipped,skipped,skipped,skipped,skipped,skipped,skipped,,10
2439,Lab,skipped,skipped,skipped,skipped,skipped,skipped,skipped,skipped,skipped,,10
2440,Lab,skipped,skipped,skipped,skipped,skipped,skipped,skipped,skipped,skipped,,10
2441,Lab,skipped,skipped,skipped,skipped,skipped,skipped,skipped,skipped,skipped,,10
2442,Lab,skipped,skipped,skipped,skipped,skipped,skipped,skipped,skipped,skipped,,10
2443,Lab,skipped,skipped,skipped,skipped,skipped,skipped,skipped,skipped,skipped,,10
2444,Lab,skipped,skipped,skipped,skipped,skipped,skipped,skipped,skipped,skipped,,10
2445,Lab,skipped,skipped,skipped,skipped,skipped,skipped,skipped,skipped,skipped,,10
2446,Lab,skipped,skipped,skipped,skipped,skipped,skipped,skipped,skipped,skipped,,10
2447,Lab,skipped,skipped,skipped,skipped,skipped,skipped,skipped,skipped,skipped,,10
2448,Lab,skipped,skipped,skipped,skipped,skipped,skipped,skipped,skipped,skipped,,10
2449,Lab,skipped,skipped,skipped,skipped,skipped,skipped,skipped,skipped,skipped,,10
2450,Lab,skipped,skipped,skipped,skipped,skipped,skipped,skipped,skipped,skipped,,10
2451,Lab,skipped,skipped,skipped,skipped,skipped,skipped,skipped,skipped,skipped,,10
2452,Lab,skipped,skipped,skipped,skipped,skipped,skipped,skipped,skipped,skipped,,10
2453,Lab,skipped,skipped,skipped,skipped,skipped,skipped,skipped,skipped,skipped,,10
2454,Lab,skipped,skipped,skipped,skipped,skipped,skipped,skipped,skipped,skipped,,10
2455,Lab,skipped,skipped,skipped,skipped,skipped,skipped,skipped,skipped,skipped,,10
2456,Lab,skipped,skipped,skipped,skipped,skipped,skipped,skipped,skipped,skipped,,10
2457,Lab,skipped,skipped,skipped,skipped,skipped,skipped,skipped,skipped,skipped,,10
2458,Lab,skipped,skipped,skipped,skipped,skipped,skipped,skipped,skipped,skipped,,10
2459,Lab,skipped,skipped,skipped,skipped,skipped,skipped,skipped,skipped,skipped,,10
2460,Lab,skipped,skipped,skipped,skipped,skipped,skipped,skipped,skipped,skipped,,10
2461,Lab,skipped,skipped,skipped,skipped,skipped,skipped,skipped,skipped,skipped,,10
2462,Lab,skipped,skipped,skipped,skipped,skipped,skipped,skipped,skipped,skipped,,10
2463,Lab,skipped,skipped,skipped,skipped,skipped,skipped,skipped,skipped,skipped,,10
2464,Lab,skipped,skipped,skipped,skipped,skipped,skipped,skipped,skipped,skipped,,10
2465,Lab,skipped,skipped,skipped,skipped,skipped,skipped,skipped,skipped,skipped,,10
2466,Lab,skipped,skipped,skipped,skipped,skipped,skipped,skipped,skipped,skipped,,10
2467,Lab,skipped,skipped,skipped,skipped,skipped,skipped,skipped,skipped,skipped,,10
2468,Lab,skipped,skipped,skipped,skipped,skipped,skipped,skipped,skipped,skipped,,10
2469,Lab,skipped,skipped,skipped,skipped,skipped,skipped,skipped,skipped,skipped,,10
2470,Lab,skipped,skipped,skipped,skipped,skipped,skipped,skipped,skipped,skipped,,10
2471,Lab,skipped,skipped,skipped,skipped,skipped,skipped,skipped,skipped,skipped,,10
2472,Lab,skipped,skipped,skipped,skipped,skipped,skipped,skipped,skipped,skipped,,10
2473,Lab,skipped,skipped,skipped,skipped,skipped,skipped,skipped,skipped,skipped,,10
2474,Lab,skipped,skipped,skipped,skipped,skipped,skipped,skipped,skipped,skipped,,10
2475,Lab,skipped,skipped,skipped,skipped,skipped,skipped,skipped,skipped,skipped,,10
2476,Lab,skipped,skipped,skipped,skipped,skipped,skipped,skipped,skipped,skipped,,10
2477,Lab,skipped,skipped,skipped,skipped,skipped,skipped,skipped,skipped,skipped,,10
2478,Lab,skipped,skipped,skipped,skipped,skipped,skipped,skipped,skipped,skipped,,10
2479,Lab,skipped,skipped,skipped,skipped,skipped,skipped,skipped,skipped,skipped,,10
2480,Lab,skipped,skipped,skipped,skipped,skipped,skipped,skipped,skipped,skipped,,10
2481,Lab,skipped,skipped,skipped,skipped,skipped,skipped,skipped,skipped,skipped,,10
2482,Lab,skipped,skipped,skipped,skipped,skipped,skipped,skipped,skipped,skipped,,10
2483,Lab,skipped,skipped,skipped,skipped,skipped,skipped,skipped,skipped,skipped,,10
2484,Lab,skipped,skipped,skipped,skipped,skipped,skipped,skipped,skipped,skipped,,10
2485,Lab,skipped,skipped,skipped,skipped,skipped,skipped,skipped,skipped,skipped,,10
2486,Lab,skipped,skipped,skipped,skipped,skipped,skipped,skipped,skipped,skipped,,10
2487,Lab,skipped,skipped,skipped,skipped,skipped,skipped,skipped,skipped,skipped,,10
2488,Lab,skipped,skipped,skipped,skipped,skipped,skipped,skipped,skipped,skipped,,10
2489,Lab,skipped,skipped,skipped,skipped,skipped,skipped,skipped,skipped,skipped,,10
2490,Lab,skipped,skipped,skipped,skipped,skipped,skipped,skipped,skipped,skipped,,10
2491,Lab,skipped,skipped,skipped,skipped,skipped,skipped,skipped,skipped,skipped,,10
2492,Lab,skipped,skipped,skipped,skipped,skipped,skipped,skipped,skipped,skipped,,10
2493,Lab,skipped,skipped,skipped,skipped,skipped,skipped,skipped,skipped,skipped,,10
2494,Lab,skipped,skipped,skipped,skipped,skipped,skipped,skipped,skipped,skipped,,10
2495,Lab,skipped,skipped,skipped,skipped,skipped,skipped,skipped,skipped,skipped,,10
2496,Lab,skipped,skipped,skipped,skipped,skipped,skipped,skipped,skipped,skipped,,10
2497,Lab,skipped,skipped,skipped,skipped,skipped,skipped,skipped,skipped,skipped,,10
2498,Lab,skipped,skipped,skipped,skipped,skipped,skipped,skipped,skipped,skipped,,10
2499,Lab,skipped,skipped,skipped,skipped,skipped,skipped,skipped,skipped,skipped,,10
2500,Lab,skipped,skipped,skipped,skipped,skipped,skipped,skipped,skipped,skipped,,10
2501,Lab,skipped,skipped,skipped,skipped,skipped,skipped,skipped,skipped,skipped,,10
2502,Lab,skipped,skipped,skipped,skipped,skipped,skipped,skipped,skipped,skipped,,10
2503,Lab,skipped,skipped,skipped,skipped,skipped,skipped,skipped,skipped,skipped,,10
2504,Lab,skipped,skipped,skipped,skipped,skipped,skipped,skipped,skipped,skipped,,10
2505,Lab,skipped,skipped,skipped,skipped,skipped,skipped,skipped,skipped,skipped,,10
2506,Lab,skipped,skipped,skipped,skipped,skipped,skipped,skipped,skipped,skipped,,10
2507,Lab,Con,skipped,skipped,skipped,skipped,skipped,skipped,skipped,skipped,,10
2508,Lab,Con,LD,Grn,skipped,skipped,skipped,skipped,skipped,skipped,,10
2509,Lab,Con,SU,skipped,skipped,skipped,skipped,skipped,skipped,skipped,,10
2510,Lab,Con,SU,skipped,skipped,skipped,skipped,skipped,skipped,skipped,,10
2511,Lab,skipped,skipped,skipped,skipped,skipped,skipped,skipped,skipped,skipped,,10
2512,Lab,skipped,skipped,skipped,skipped,skipped,skipped,skipped,skipped,skipped,,10
2513,Lab,skipped,skipped,skipped,skipped,skipped,skipped,skipped,skipped,skipped,,10
2514,Lab,skipped,skipped,skipped,skipped,skipped,skipped,skipped,skipped,skipped,,10
2515,Lab,skipped,skipped,skipped,skipped,skipped,skipped,skipped,skipped,skipped,,10
2516,Lab,skipped,skipped,skipped,skipped,skipped,skipped,skipped,skipped,skipped,,10
2517,Lab,skipped,skipped,skipped,skipped,skipped,skipped,skipped,skipped,skipped,,10
2518,Lab,skipped,skipped,skipped,skipped,skipped,skipped,skipped,skipped,skipped,,10
2519,Lab,skipped,skipped,skipped,skipped,skipped,skipped,skipped,skipped,skipped,,10
2520,Lab,skipped,skipped,skipped,skipped,skipped,skipped,skipped,skipped,skipped,,10
2521,Lab,skipped,skipped,skipped,skipped,skipped,skipped,skipped,skipped,skipped,,10
2522,Lab,skipped,skipped,skipped,skipped,skipped,skipped,skipped,skipped,skipped,,10
2523,Lab,skipped,skipped,skipped,skipped,skipped,skipped,skipped,skipped,skipped,,10
2524,Lab,skipped,skipped,skipped,skipped,skipped,skipped,skipped,skipped,skipped,,10
2525,Lab,skipped,skipped,skipped,skipped,skipped,skipped,skipped,skipped,skipped,,10
2526,Lab,skipped,skipped,skipped,skipped,skipped,skipped,skipped,skipped,skipped,,10
2527,Lab,skipped,skipped,skipped,skipped,skipped,skipped,skipped,skipped,skipped,,10
2528,Lab,skipped,skipped,skipped,skipped,skipped,skipped,skipped,skipped,skipped,,10
2529,Lab,skipped,skipped,skipped,skipped,skipped,skipped,skipped,skipped,skipped,,10
2530,Lab,skipped,skipped,skipped,skipped,skipped,skipped,skipped,skipped,skipped,,10
2531,Lab,skipped,skipped,skipped,skipped,skipped,skipped,skipped,skipped,skipped,,10
2532,Lab,skipped,skipped,skipped,skipped,skipped,skipped,skipped,skipped,skipped,,10
2533,Lab,skipped,skipped,skipped,skipped,skipped,skipped,skipped,skipped,skipped,,10
2534,Lab,skipped,skipped,skipped,skipped,skipped,skipped,skipped,skipped,skipped,,10
2535,Lab,skipped,skipped,skipped,skipped,skipped,skipped,skipped,skipped,skipped,,10
2536,Lab,skipped,skipped,skipped,skipped,skipped,skipped,skipped,skipped,skipped,,10
2537,Lab,skipped,skipped,skipped,skipped,skipped,skipped,skipped,skipped,skipped,,10
2538,Lab,skipped,skipped,skipped,skipped,skipped,skipped,skipped,skipped,skipped,,10
2539,Lab,skipped,skipped,skipped,skipped,skipped,skipped,skipped,skipped,skipped,,10
2540,Lab,skipped,skipped,skipped,skipped,skipped,skipped,skipped,skipped,skipped,,10
2541,Lab,skipped,skipped,skipped,skipped,skipped,skipped,skipped,skipped,skipped,,10
2542,Lab,skipped,skipped,skipped,skipped,skipped,skipped,skipped,skipped,skipped,,10
2543,Lab,skipped,skipped,skipped,skipped,skipped,skipped,skipped,skipped,skipped,,10
2544,Lab,skipped,skipped,skipped,skipped,skipped,skipped,skipped,skipped,skipped,,10
2545,Lab,skipped,skipped,skipped,skipped,skipped,skipped,skipped,skipped,skipped,,10
2546,Lab,skipped,skipped,skipped,skipped,skipped,skipped,skipped,skipped,skipped,,10
2547,Lab,skipped,skipped,skipped,skipped,skipped,skipped,skipped,skipped,skipped,,10
2548,Lab,skipped,skipped,skipped,skipped,skipped,skipped,skipped,skipped,skipped,,10
2549,Lab,skipped,skipped,skipped,skipped,skipped,skipped,skipped,skipped,skipped,,10
2550,Lab,skipped,skipped,skipped,skipped,skipped,skipped,skipped,skipped,skipped,,10
2551,Lab,skipped,skipped,skipped,skipped,skipped,skipped,skipped,skipped,skipped,,10
2552,Lab,skipped,skipped,skipped,skipped,skipped,skipped,skipped,skipped,skipped,,10
2553,Lab,skipped,skipped,skipped,skipped,skipped,skipped,skipped,skipped,skipped,,10
2554,Lab,skipped,skipped,skipped,skipped,skipped,skipped,skipped,skipped,skipped,,10
2555,Lab,skipped,skipped,skipped,skipped,skipped,skipped,skipped,skipped,skipped,,10
2556,Lab,skipped,skipped,skipped,skipped,skipped,skipped,skipped,skipped,skipped,,10
2557,Lab,skipped,skipped,skipped,skipped,skipped,skipped,skipped,skipped,skipped,,10
2558,Lab,skipped,skipped,skipped,skipped,skipped,skipped,skipped,skipped,skipped,,10
2559,Lab,skipped,skipped,skipped,skipped,skipped,skipped,skipped,skipped,skipped,,10
2560,Lab,skipped,skipped,skipped,skipped,skipped,skipped,skipped,skipped,skipped,,10
2561,Lab,skipped,skipped,skipped,skipped,skipped,skipped,skipped,skipped,skipped,,10
2562,Lab,skipped,skipped,skipped,skipped,skipped,skipped,skipped,skipped,skipped,,10
2563,Lab,skipped,skipped,skipped,skipped,skipped,skipped,skipped,skipped,skipped,,10
2564,Lab,skipped,skipped,skipped,skipped,skipped,skipped,skipped,skipped,skipped,,10
2565,Lab,skipped,skipped,skipped,skipped,skipped,skipped,skipped,skipped,skipped,,10
2566,Lab,skipped,skipped,skipped,skipped,skipped,skipped,skipped,skipped,skipped,,10
2567,Lab,skipped,skipped,skipped,skipped,skipped,skipped,skipped,skipped,skipped,,10
2568,Lab,skipped,skipped,skipped,skipped,skipped,skipped,skipped,skipped,skipped,,10
2569,Lab,skipped,skipped,skipped,skipped,skipped,skipped,skipped,skipped,skipped,,10
2570,Lab,skipped,skipped,skipped,skipped,skipped,skipped,skipped,skipped,skipped,,10
2571,Lab,skipped,skipped,skipped,skipped,skipped,skipped,skipped,skipped,skipped,,10
2572,Lab,skipped,skipped,skipped,skipped,skipped,skipped,skipped,skipped,skipped,,10
2573,Lab,skipped,skipped,skipped,skipped,skipped,skipped,skipped,skipped,skipped,,10
2574,Lab,skipped,skipped,skipped,skipped,skipped,skipped,skipped,skipped,skipped,,10
2575,Lab,skipped,skipped,skipped,skipped,skipped,skipped,skipped,skipped,skipped,,10
2576,Lab,skipped,skipped,skipped,skipped,skipped,skipped,skipped,skipped,skipped,,10
2577,Lab,skipped,skipped,skipped,skipped,skipped,skipped,skipped,skipped,skipped,,10
2578,Lab,skipped,skipped,skipped,skipped,skipped,skipped,skipped,skipped,skipped,,10
2579,Lab,skipped,skipped,skipped,skipped,skipped,skipped,skipped,skipped,skipped,,10
2580,Lab,skipped,skipped,skipped,skipped,skipped,skipped,skipped,skipped,skipped,,10
2581,Lab,skipped,skipped,skipped,skipped,skipped,skipped,skipped,skipped,skipped,,10
2582,Lab,skipped,skipped,skipped,skipped,skipped,skipped,skipped,skipped,skipped,,10
2583,Lab,skipped,skipped,skipped,skipped,skipped,skipped,skipped,skipped,skipped,,10
2584,Lab,skipped,skipped,skipped,skipped,skipped,skipped,skipped,skipped,skipped,,10
2585,Lab,skipped,skipped,skipped,skipped,skipped,skipped,skipped,skipped,skipped,,10
2586,Lab,skipped,skipped,skipped,skipped,skipped,skipped,skipped,skipped,skipped,,10
2587,Lab,skipped,skipped,skipped,skipped,skipped,skipped,skipped,skipped,skipped,,10
2588,Lab,skipped,skipped,skipped,skipped,skipped,skipped,skipped,skipped,skipped,,10
2589,Lab,skipped,skipped,skipped,skipped,skipped,skipped,skipped,skipped,skipped,,10
2590,Lab,skipped,skipped,skipped,skipped,skipped,skipped,skipped,skipped,skipped,,10
2591,Lab,skipped,skipped,skipped,skipped,skipped,skipped,skipped,skipped,skipped,,10
2592,Lab,skipped,skipped,skipped,skipped,skipped,skipped,skipped,skipped,skipped,,10
2593,Lab,skipped,skipped,skipped,skipped,skipped,skipped,skipped,skipped,skipped,,10
2594,Lab,skipped,skipped,skipped,skipped,skipped,skipped,skipped,skipped,skipped,,10
2595,Lab,skipped,skipped,skipped,skipped,skipped,skipped,skipped,skipped,skipped,,10
2596,Lab,skipped,skipped,skipped,skipped,skipped,skipped,skipped,skipped,skipped,,10
2597,Lab,skipped,skipped,skipped,skipped,skipped,skipped,skipped,skipped,skipped,,10
2598,Lab,skipped,skipped,skipped,skipped,skipped,skipped,skipped,skipped,skipped,,10
2599,Lab,skipped,skipped,skipped,skipped,skipped,skipped,skipped,skipped,skipped,,10
2600,Lab,skipped,skipped,skipped,skipped,skipped,skipped,skipped,skipped,skipped,,10
2601,Lab,skipped,skipped,skipped,skipped,skipped,skipped,skipped,skipped,skipped,,10
2602,Lab,skipped,skipped,skipped,skipped,skipped,skipped,skipped,skipped,skipped,,10
2603,Lab,skipped,skipped,skipped,skipped,skipped,skipped,skipped,skipped,skipped,,10
2604,Lab,skipped,skipped,skipped,skipped,skipped,skipped,skipped,skipped,skipped,,10
2605,Lab,skipped,skipped,skipped,skipped,skipped,skipped,skipped,skipped,skipped,,10
2606,Lab,skipped,skipped,skipped,skipped,skipped,skipped,skipped,skipped,skipped,,10
2607,Lab,skipped,skipped,skipped,skipped,skipped,skipped,skipped,skipped,skipped,,10
2608,Lab,skipped,skipped,skipped,skipped,skipped,skipped,skipped,skipped,skipped,,10
2609,Lab,skipped,skipped,skipped,skipped,skipped,skipped,skipped,skipped,skipped,,10
2610,Lab,skipped,skipped,skipped,skipped,skipped,skipped,skipped,skipped,skipped,,10
2611,Lab,skipped,skipped,skipped,skipped,skipped,skipped,skipped,skipped,skipped,,10
2612,Lab,skipped,skipped,skipped,skipped,skipped,skipped,skipped,skipped,skipped,,10
2613,Lab,skipped,skipped,skipped,skipped,skipped,skipped,skipped,skipped,skipped,,10
2614,Lab,skipped,skipped,skipped,skipped,skipped,skipped,skipped,skipped,skipped,,10
2615,Lab,skipped,skipped,skipped,skipped,skipped,skipped,skipped,skipped,skipped,,10
2616,Lab,skipped,skipped,skipped,skipped,skipped,skipped,skipped,skipped,skipped,,10
2617,Lab,skipped,skipped,skipped,skipped,skipped,skipped,skipped,skipped,skipped,,10
2618,Lab,skipped,skipped,skipped,skipped,skipped,skipped,skipped,skipped,skipped,,10
2619,Lab,skipped,skipped,skipped,skipped,skipped,skipped,skipped,skipped,skipped,,10
2620,Lab,skipped,skipped,skipped,skipped,skipped,skipped,skipped,skipped,skipped,,10
2621,Lab,skipped,skipped,skipped,skipped,skipped,skipped,skipped,skipped,skipped,,10
2622,Lab,skipped,skipped,skipped,skipped,skipped,skipped,skipped,skipped,skipped,,10
2623,Lab,skipped,skipped,skipped,skipped,skipped,skipped,skipped,skipped,skipped,,10
2624,Lab,skipped,skipped,skipped,skipped,skipped,skipped,skipped,skipped,skipped,,10
2625,Lab,skipped,skipped,skipped,skipped,skipped,skipped,skipped,skipped,skipped,,10
2626,Lab,skipped,skipped,skipped,skipped,skipped,skipped,skipped,skipped,skipped,,10
2627,Lab,skipped,skipped,skipped,skipped,skipped,skipped,skipped,skipped,skipped,,10
2628,Lab,skipped,skipped,skipped,skipped,skipped,skipped,skipped,skipped,skipped,,10
2629,Lab,skipped,skipped,skipped,skipped,skipped,skipped,skipped,skipped,skipped,,10
2630,Lab,skipped,skipped,skipped,skipped,skipped,skipped,skipped,skipped,skipped,,10
2631,Lab,skipped,skipped,skipped,skipped,skipped,skipped,skipped,skipped,skipped,,10
2632,Lab,skipped,skipped,skipped,skipped,skipped,skipped,skipped,skipped,skipped,,10
2633,Lab,skipped,skipped,skipped,skipped,skipped,skipped,skipped,skipped,skipped,,10
2634,Lab,skipped,skipped,skipped,skipped,skipped,skipped,skipped,skipped,skipped,,10
2635,Lab,skipped,skipped,skipped,skipped,skipped,skipped,skipped,skipped,skipped,,10
2636,Lab,skipped,skipped,skipped,skipped,skipped,skipped,skipped,skipped,skipped,,10
2637,Lab,skipped,skipped,skipped,skipped,skipped,skipped,skipped,skipped,skipped,,10
2638,Lab,skipped,skipped,skipped,skipped,skipped,skipped,skipped,skipped,skipped,,10
2639,Lab,skipped,skipped,skipped,skipped,skipped,skipped,skipped,skipped,skipped,,10
2640,Lab,skipped,skipped,skipped,skipped,skipped,skipped,skipped,skipped,skipped,,10
2641,Lab,skipped,skipped,skipped,skipped,skipped,skipped,skipped,skipped,skipped,,10
2642,Lab,skipped,skipped,skipped,skipped,skipped,skipped,skipped,skipped,skipped,,10
2643,Lab,skipped,skipped,skipped,skipped,skipped,skipped,skipped,skipped,skipped,,10
2644,Lab,skipped,skipped,skipped,skipped,skipped,skipped,skipped,skipped,skipped,,10
2645,Lab,skipped,skipped,skipped,skipped,skipped,skipped,skipped,skipped,skipped,,10
2646,Lab,skipped,skipped,skipped,skipped,skipped,skipped,skipped,skipped,skipped,,10
2647,Lab,skipped,skipped,skipped,skipped,skipped,skipped,skipped,skipped,skipped,,10
2648,Lab,skipped,skipped,skipped,skipped,skipped,skipped,skipped,skipped,skipped,,10
2649,Lab,skipped,skipped,skipped,skipped,skipped,skipped,skipped,skipped,skipped,,10
2650,Lab,skipped,skipped,skipped,skipped,skipped,skipped,skipped,skipped,skipped,,10
2651,Lab,skipped,skipped,skipped,skipped,skipped,skipped,skipped,skipped,skipped,,10
2652,Lab,skipped,skipped,skipped,skipped,skipped,skipped,skipped,skipped,skipped,,10
2653,Lab,skipped,skipped,skipped,skipped,skipped,skipped,skipped,skipped,skipped,,10
2654,Lab,skipped,skipped,skipped,skipped,skipped,skipped,skipped,skipped,skipped,,10
2655,Lab,skipped,skipped,skipped,skipped,skipped,skipped,skipped,skipped,skipped,,10
2656,Lab,skipped,skipped,skipped,skipped,skipped,skipped,skipped,skipped,skipped,,10
2657,Lab,skipped,skipped,skipped,skipped,skipped,skipped,skipped,skipped,skipped,,10
2658,Lab,skipped,skipped,skipped,skipped,skipped,skipped,skipped,skipped,skipped,,10
2659,Lab,skipped,skipped,skipped,skipped,skipped,skipped,skipped,skipped,skipped,,10
2660,Lab,skipped,skipped,skipped,skipped,skipped,skipped,skipped,skipped,skipped,,10
2661,Lab,skipped,skipped,skipped,skipped,skipped,skipped,skipped,skipped,skipped,,10
2662,Lab,skipped,skipped,skipped,skipped,skipped,skipped,skipped,skipped,skipped,,10
2663,Lab,skipped,skipped,skipped,skipped,skipped,skipped,skipped,skipped,skipped,,10
2664,Lab,skipped,skipped,skipped,skipped,skipped,skipped,skipped,skipped,skipped,,10
2665,Lab,skipped,skipped,skipped,skipped,skipped,skipped,skipped,skipped,skipped,,10
2666,Lab,skipped,skipped,skipped,skipped,skipped,skipped,skipped,skipped,skipped,,10
2667,Lab,skipped,skipped,skipped,skipped,skipped,skipped,skipped,skipped,skipped,,10
2668,Lab,skipped,skipped,skipped,skipped,skipped,skipped,skipped,skipped,skipped,,10
2669,Lab,skipped,skipped,skipped,skipped,skipped,skipped,skipped,skipped,skipped,,10
2670,Lab,skipped,skipped,skipped,skipped,skipped,skipped,skipped,skipped,skipped,,10
2671,Lab,skipped,skipped,skipped,skipped,skipped,skipped,skipped,skipped,skipped,,10
2672,Lab,skipped,skipped,skipped,skipped,skipped,skipped,skipped,skipped,skipped,,10
2673,Lab,skipped,skipped,skipped,skipped,skipped,skipped,skipped,skipped,skipped,,10
2674,Lab,skipped,skipped,skipped,skipped,skipped,skipped,skipped,skipped,skipped,,10
2675,Lab,skipped,skipped,skipped,skipped,skipped,skipped,skipped,skipped,skipped,,10
2676,Lab,skipped,skipped,skipped,skipped,skipped,skipped,skipped,skipped,skipped,,10
2677,Lab,skipped,skipped,skipped,skipped,skipped,skipped,skipped,skipped,skipped,,10
2678,Lab,skipped,skipped,skipped,skipped,skipped,skipped,skipped,skipped,skipped,,10
2679,Lab,skipped,skipped,skipped,skipped,skipped,skipped,skipped,skipped,skipped,,10
2680,Lab,skipped,skipped,skipped,skipped,skipped,skipped,skipped,skipped,skipped,,10
2681,Lab,skipped,skipped,skipped,skipped,skipped,skipped,skipped,skipped,skipped,,10
2682,Lab,skipped,skipped,skipped,skipped,skipped,skipped,skipped,skipped,skipped,,10
2683,Lab,skipped,skipped,skipped,skipped,skipped,skipped,skipped,skipped,skipped,,10
2684,Lab,skipped,skipped,skipped,skipped,skipped,skipped,skipped,skipped,skipped,,10
2685,Lab,skipped,skipped,skipped,skipped,skipped,skipped,skipped,skipped,skipped,,10
2686,Lab,skipped,skipped,skipped,skipped,skipped,skipped,skipped,skipped,skipped,,10
2687,Lab,skipped,skipped,skipped,skipped,skipped,skipped,skipped,skipped,skipped,,10
2688,Lab,skipped,skipped,skipped,skipped,skipped,skipped,skipped,skipped,skipped,,10
2689,Lab,skipped,skipped,skipped,skipped,skipped,skipped,skipped,skipped,skipped,,10
2690,Lab,skipped,skipped,skipped,skipped,skipped,skipped,skipped,skipped,skipped,,10
2691,Lab,skipped,skipped,skipped,skipped,skipped,skipped,skipped,skipped,skipped,,10
2692,Lab,skipped,skipped,skipped,skipped,skipped,skipped,skipped,skipped,skipped,,10
2693,Lab,skipped,skipped,skipped,skipped,skipped,skipped,skipped,skipped,skipped,,10
2694,Lab,skipped,skipped,skipped,skipped,skipped,skipped,skipped,skipped,skipped,,10
2695,Lab,skipped,skipped,skipped,skipped,skipped,skipped,skipped,skipped,skipped,,10
2696,Lab,skipped,skipped,skipped,skipped,skipped,skipped,skipped,skipped,skipped,,10
2697,Lab,skipped,skipped,skipped,skipped,skipped,skipped,skipped,skipped,skipped,,10
2698,Lab,skipped,skipped,skipped,skipped,skipped,skipped,skipped,skipped,skipped,,10
2699,Lab,skipped,skipped,skipped,skipped,skipped,skipped,skipped,skipped,skipped,,10
2700,Lab,skipped,skipped,skipped,skipped,skipped,skipped,skipped,skipped,skipped,,10
2701,Lab,skipped,skipped,skipped,skipped,skipped,skipped,skipped,skipped,skipped,,10
2702,Lab,skipped,skipped,skipped,skipped,skipped,skipped,skipped,skipped,skipped,,10
2703,Lab,Con,skipped,skipped,skipped,skipped,skipped,skipped,skipped,skipped,,10
2704,Lab,Con,skipped,skipped,skipped,skipped,skipped,skipped,skipped,skipped,,10
2705,Lab,Con,Grn,Soc,SU,Sol,LD,SNP,skipped,skipped,,10
2706,Lab,Sol,skipped,skipped,skipped,skipped,skipped,skipped,skipped,skipped,,10
2707,Lab,Sol,skipped,skipped,skipped,skipped,skipped,skipped,skipped,skipped,,10
2708,Lab,Sol,skipped,skipped,skipped,skipped,skipped,skipped,skipped,skipped,,10
2709,Lab,Sol,skipped,skipped,skipped,skipped,skipped,skipped,skipped,skipped,,10
2710,Lab,Sol,skipped,skipped,skipped,skipped,skipped,skipped,skipped,skipped,,10
2711,Lab,Sol,Grn,Con,SNP,SU,LD,Soc,skipped,skipped,,10
2712,Lab,Sol,Grn,Soc,LD,SNP,Con,SU,skipped,skipped,,10
2713,Lab,Sol,Soc,Grn,SNP,skipped,skipped,skipped,skipped,skipped,,10
2714,Lab,Sol,Soc,Grn,SNP,LD,SU,Con,skipped,skipped,,10
2715,Lab,Sol,Soc,LD,Grn,skipped,skipped,skipped,skipped,skipped,,10
2716,Lab,Sol,LD,Soc,Grn,SU,SNP,Con,skipped,skipped,,10
2717,Lab,Sol,SNP,LD,skipped,skipped,skipped,skipped,skipped,skipped,,10
2718,Lab,Sol,SNP,SU,Grn,Soc,LD,Con,skipped,skipped,,10
2719,Lab,Sol,SU,skipped,skipped,skipped,skipped,skipped,skipped,skipped,,10
2720,Lab,Grn,skipped,skipped,skipped,skipped,skipped,skipped,skipped,skipped,,10
2721,Lab,Grn,skipped,skipped,skipped,skipped,skipped,skipped,skipped,skipped,,10
2722,Lab,Grn,skipped,skipped,skipped,skipped,skipped,skipped,skipped,skipped,,10
2723,Lab,Grn,skipped,skipped,skipped,skipped,skipped,skipped,skipped,skipped,,10
2724,Lab,Grn,skipped,skipped,skipped,skipped,skipped,skipped,skipped,skipped,,10
2725,Lab,Grn,skipped,skipped,skipped,skipped,skipped,skipped,skipped,skipped,,10
2726,Lab,Grn,skipped,skipped,skipped,skipped,skipped,skipped,skipped,skipped,,10
2727,Lab,Grn,Con,Soc,LD,Sol,SU,SNP,skipped,skipped,,10
2728,Lab,Grn,Sol,Soc,LD,SNP,SU,Con,skipped,skipped,,10
2729,Lab,Grn,Sol,SU,Soc,LD,Con,SNP,skipped,skipped,,10
2730,Lab,Grn,Soc,SNP,Con,LD,Sol,SU,skipped,skipped,,10
2731,Lab,Grn,Soc,SU,LD,Con,Sol,SNP,skipped,skipped,,10
2732,Lab,Grn,LD,SNP,Soc,SU,Sol,Con,skipped,skipped,,10
2733,Lab,Grn,SNP,Sol,Soc,SU,LD,Con,skipped,skipped,,10
2734,Lab,Grn,SU,Soc,Sol,Con,LD,SNP,skipped,skipped,,10
2735,Lab,Soc,skipped,skipped,skipped,skipped,skipped,skipped,skipped,skipped,,10
2736,Lab,Soc,skipped,skipped,skipped,skipped,skipped,skipped,skipped,skipped,,10
2737,Lab,Soc,skipped,skipped,skipped,skipped,skipped,skipped,skipped,skipped,,10
2738,Lab,Soc,skipped,skipped,skipped,skipped,skipped,skipped,skipped,skipped,,10
2739,Lab,Soc,skipped,skipped,skipped,skipped,skipped,skipped,skipped,skipped,,10
2740,Lab,Soc,skipped,skipped,skipped,skipped,skipped,skipped,skipped,skipped,,10
2741,Lab,Soc,Sol,SU,LD,Grn,SNP,Con,skipped,skipped,,10
2742,Lab,Soc,Grn,LD,Sol,SU,SNP,Con,skipped,skipped,,10
2743,Lab,Soc,Grn,SNP,LD,Sol,SU,Con,skipped,skipped,,10
2744,Lab,Soc,SNP,LD,Con,Sol,Grn,SU,skipped,skipped,,10
2745,Lab,Soc,SU,SNP,Grn,Sol,LD,Con,skipped,skipped,,10
2746,Lab,LD,skipped,skipped,skipped,skipped,skipped,skipped,skipped,skipped,,10
2747,Lab,LD,skipped,skipped,skipped,skipped,skipped,skipped,skipped,skipped,,10
2748,Lab,LD,skipped,skipped,skipped,skipped,skipped,skipped,skipped,skipped,,10
2749,Lab,LD,skipped,skipped,skipped,skipped,skipped,skipped,skipped,skipped,,10
2750,Lab,LD,skipped,skipped,skipped,skipped,skipped,skipped,skipped,skipped,,10
2751,Lab,LD,skipped,skipped,skipped,skipped,skipped,skipped,skipped,skipped,,10
2752,Lab,LD,skipped,skipped,skipped,skipped,skipped,skipped,skipped,skipped,,10
2753,Lab,LD,skipped,skipped,skipped,skipped,skipped,skipped,skipped,skipped,,10
2754,Lab,LD,skipped,skipped,skipped,skipped,skipped,skipped,skipped,skipped,,10
2755,Lab,LD,skipped,skipped,skipped,skipped,skipped,skipped,skipped,skipped,,10
2756,Lab,LD,Con,Grn,skipped,skipped,skipped,skipped,skipped,skipped,,10
2757,Lab,LD,Grn,skipped,skipped,skipped,skipped,skipped,skipped,skipped,,10
2758,Lab,LD,Grn,skipped,skipped,skipped,skipped,skipped,skipped,skipped,,10
2759,Lab,LD,Grn,Soc,SNP,Sol,Con,SU,skipped,skipped,,10
2760,Lab,LD,Grn,SNP,Soc,Sol,Con,SU,skipped,skipped,,10
2761,Lab,LD,SNP,skipped,skipped,skipped,skipped,skipped,skipped,skipped,,10
2762,Lab,LD,SNP,Con,Grn,SU,Sol,Soc,skipped,skipped,,10
2763,Lab,LD,SU,Grn,Con,skipped,skipped,skipped,skipped,skipped,,10
2764,Lab,SNP,skipped,skipped,skipped,skipped,skipped,skipped,skipped,skipped,,10
2765,Lab,SNP,skipped,skipped,skipped,skipped,skipped,skipped,skipped,skipped,,10
2766,Lab,SNP,skipped,skipped,skipped,skipped,skipped,skipped,skipped,skipped,,10
2767,Lab,SNP,skipped,skipped,skipped,skipped,skipped,skipped,skipped,skipped,,10
2768,Lab,SNP,skipped,skipped,skipped,skipped,skipped,skipped,skipped,skipped,,10
2769,Lab,SNP,skipped,skipped,skipped,skipped,skipped,skipped,skipped,skipped,,10
2770,Lab,SNP,skipped,skipped,skipped,skipped,skipped,skipped,skipped,skipped,,10
2771,Lab,SNP,skipped,skipped,skipped,skipped,skipped,skipped,skipped,skipped,,10
2772,Lab,SNP,skipped,skipped,skipped,skipped,skipped,skipped,skipped,skipped,,10
2773,Lab,SNP,skipped,skipped,skipped,skipped,skipped,skipped,skipped,skipped,,10
2774,Lab,SNP,skipped,skipped,skipped,skipped,skipped,skipped,skipped,skipped,,10
2775,Lab,SNP,skipped,skipped,skipped,skipped,skipped,skipped,skipped,skipped,,10
2776,Lab,SNP,skipped,skipped,skipped,skipped,skipped,skipped,skipped,skipped,,10
2777,Lab,SNP,skipped,skipped,skipped,skipped,skipped,skipped,skipped,skipped,,10
2778,Lab,SNP,skipped,skipped,skipped,skipped,skipped,skipped,skipped,skipped,,10
2779,Lab,SNP,skipped,skipped,skipped,skipped,skipped,skipped,skipped,skipped,,10
2780,Lab,SNP,skipped,skipped,skipped,skipped,skipped,skipped,skipped,skipped,,10
2781,Lab,SNP,skipped,skipped,skipped,skipped,skipped,skipped,skipped,skipped,,10
2782,Lab,SNP,skipped,skipped,skipped,skipped,skipped,skipped,skipped,skipped,,10
2783,Lab,SNP,skipped,skipped,skipped,skipped,skipped,skipped,skipped,skipped,,10
2784,Lab,SNP,skipped,skipped,skipped,skipped,skipped,skipped,skipped,skipped,,10
2785,Lab,SNP,skipped,skipped,skipped,skipped,skipped,skipped,skipped,skipped,,10
2786,Lab,SNP,skipped,skipped,skipped,skipped,skipped,skipped,skipped,skipped,,10
2787,Lab,SNP,skipped,skipped,skipped,skipped,skipped,skipped,skipped,skipped,,10
2788,Lab,SNP,Grn,Con,LD,Sol,Soc,SU,skipped,skipped,,10
2789,Lab,SNP,Grn,Con,LD,SU,Soc,Sol,skipped,skipped,,10
2790,Lab,SNP,Grn,SU,Sol,Soc,LD,Con,skipped,skipped,,10
2791,Lab,SNP,Grn,SU,Sol,Soc,LD,Con,skipped,skipped,,10
2792,Lab,SNP,Soc,skipped,skipped,skipped,skipped,skipped,skipped,skipped,,10
2793,Lab,SNP,Soc,Sol,Grn,SU,LD,skipped,skipped,skipped,,10
2794,Lab,SNP,Soc,LD,Con,Sol,Grn,SU,skipped,skipped,,10
2795,Lab,SNP,Soc,LD,Sol,Grn,SU,Con,skipped,skipped,,10
2796,Lab,SNP,LD,skipped,skipped,skipped,skipped,skipped,skipped,skipped,,10
2797,Lab,SNP,LD,Sol,SU,Grn,Soc,Con,skipped,skipped,,10
2798,Lab,SU,skipped,skipped,skipped,skipped,skipped,skipped,skipped,skipped,,10
2799,Lab,SU,skipped,skipped,skipped,skipped,skipped,skipped,skipped,skipped,,10
2800,Lab,SU,skipped,skipped,skipped,skipped,skipped,skipped,skipped,skipped,,10
2801,Lab,SU,Grn,skipped,skipped,skipped,skipped,skipped,skipped,skipped,,10
2802,Lab,SU,Soc,Grn,Sol,SNP,LD,Con,skipped,skipped,,10
2803,Lab,SU,Soc,SNP,Sol,Grn,LD,Con,skipped,skipped,,10
2804,Lab,Sol,skipped,skipped,skipped,skipped,skipped,skipped,skipped,skipped,,10
2805,Lab,Sol,skipped,skipped,skipped,skipped,skipped,skipped,skipped,skipped,,10
2806,Lab,Sol,skipped,skipped,skipped,skipped,skipped,skipped,skipped,skipped,,10
2807,Lab,Sol,skipped,skipped,skipped,skipped,skipped,skipped,skipped,skipped,,10
2808,Lab,Sol,skipped,skipped,skipped,skipped,skipped,skipped,skipped,skipped,,10
2809,Lab,Sol,skipped,skipped,skipped,skipped,skipped,skipped,skipped,skipped,,10
2810,Lab,Sol,skipped,skipped,skipped,skipped,skipped,skipped,skipped,skipped,,10
2811,Lab,Sol,skipped,skipped,skipped,skipped,skipped,skipped,skipped,skipped,,10
2812,Lab,Sol,Grn,skipped,skipped,skipped,skipped,skipped,skipped,skipped,,10
2813,Lab,Sol,SNP,Soc,Grn,Con,LD,skipped,skipped,skipped,,10
2814,Lab,Sol,Soc,SNP,Grn,SU,LD,Con,skipped,skipped,,10
2815,Lab,Sol,SNP,skipped,skipped,skipped,skipped,skipped,skipped,skipped,,10
2816,Lab,Grn,skipped,skipped,skipped,skipped,skipped,skipped,skipped,skipped,,10
2817,Lab,Grn,skipped,skipped,skipped,skipped,skipped,skipped,skipped,skipped,,10
2818,Lab,Grn,skipped,skipped,skipped,skipped,skipped,skipped,skipped,skipped,,10
2819,Lab,Grn,skipped,skipped,skipped,skipped,skipped,skipped,skipped,skipped,,10
2820,Lab,Grn,skipped,skipped,skipped,skipped,skipped,skipped,skipped,skipped,,10
2821,Lab,Grn,skipped,skipped,skipped,skipped,skipped,skipped,skipped,skipped,,10
2822,Lab,Grn,Con,LD,SNP,SU,Sol,Soc,skipped,skipped,,10
2823,Lab,Grn,Sol,skipped,skipped,skipped,skipped,skipped,skipped,skipped,,10
2824,Lab,Grn,Sol,skipped,skipped,skipped,skipped,skipped,skipped,skipped,,10
2825,Lab,Grn,Sol,Soc,SU,LD,Con,SNP,skipped,skipped,,10
2826,Lab,Grn,Soc,skipped,skipped,skipped,skipped,skipped,skipped,skipped,,10
2827,Lab,Grn,SNP,Con,Soc,SU,LD,Sol,skipped,skipped,,10
2828,Lab,Soc,skipped,skipped,skipped,skipped,skipped,skipped,skipped,skipped,,10
2829,Lab,Soc,skipped,skipped,skipped,skipped,skipped,skipped,skipped,skipped,,10
2830,Lab,Soc,skipped,skipped,skipped,skipped,skipped,skipped,skipped,skipped,,10
2831,Lab,Soc,skipped,skipped,skipped,skipped,skipped,skipped,skipped,skipped,,10
2832,Lab,Soc,skipped,skipped,skipped,skipped,skipped,skipped,skipped,skipped,,10
2833,Lab,Soc,skipped,skipped,skipped,skipped,skipped,skipped,skipped,skipped,,10
2834,Lab,Soc,skipped,skipped,skipped,skipped,skipped,skipped,skipped,skipped,,10
2835,Lab,Soc,skipped,skipped,skipped,skipped,skipped,skipped,skipped,skipped,,10
2836,Lab,Soc,skipped,skipped,skipped,skipped,skipped,skipped,skipped,skipped,,10
2837,Lab,Soc,skipped,skipped,skipped,skipped,skipped,skipped,skipped,skipped,,10
2838,Lab,Soc,skipped,skipped,skipped,skipped,skipped,skipped,skipped,skipped,,10
2839,Lab,Soc,LD,SU,Grn,SNP,Con,Sol,skipped,skipped,,10
2840,Lab,Soc,SNP,Con,LD,Grn,Sol,SU,skipped,skipped,,10
2841,Lab,Soc,SU,SNP,Sol,LD,Grn,Con,skipped,skipped,,10
2842,Lab,Soc,Sol,skipped,skipped,skipped,skipped,skipped,skipped,skipped,,10
2843,Lab,Soc,Sol,skipped,skipped,skipped,skipped,skipped,skipped,skipped,,10
2844,Lab,Soc,Sol,LD,SU,SNP,Grn,Con,skipped,skipped,,10
2845,Lab,Soc,Grn,skipped,skipped,skipped,skipped,skipped,skipped,skipped,,10
2846,Lab,Soc,Grn,SNP,LD,SU,Con,skipped,skipped,skipped,,10
2847,Lab,Soc,SNP,Sol,skipped,skipped,skipped,skipped,skipped,skipped,,10
2848,Lab,LD,skipped,skipped,skipped,skipped,skipped,skipped,skipped,skipped,,10
2849,Lab,LD,skipped,skipped,skipped,skipped,skipped,skipped,skipped,skipped,,10
2850,Lab,LD,skipped,skipped,skipped,skipped,skipped,skipped,skipped,skipped,,10
2851,Lab,LD,skipped,skipped,skipped,skipped,skipped,skipped,skipped,skipped,,10
2852,Lab,LD,skipped,skipped,skipped,skipped,skipped,skipped,skipped,skipped,,10
2853,Lab,LD,skipped,skipped,skipped,skipped,skipped,skipped,skipped,skipped,,10
2854,Lab,LD,skipped,skipped,skipped,skipped,skipped,skipped,skipped,skipped,,10
2855,Lab,LD,Con,skipped,skipped,skipped,skipped,skipped,skipped,skipped,,10
2856,Lab,LD,Con,SU,SNP,Grn,Soc,Sol,skipped,skipped,,10
2857,Lab,LD,skipped,skipped,skipped,skipped,skipped,skipped,skipped,skipped,,10
2858,Lab,LD,Grn,skipped,skipped,skipped,skipped,skipped,skipped,skipped,,10
2859,Lab,SNP,skipped,skipped,skipped,skipped,skipped,skipped,skipped,skipped,,10
2860,Lab,SNP,skipped,skipped,skipped,skipped,skipped,skipped,skipped,skipped,,10
2861,Lab,SNP,skipped,skipped,skipped,skipped,skipped,skipped,skipped,skipped,,10
2862,Lab,SNP,skipped,skipped,skipped,skipped,skipped,skipped,skipped,skipped,,10
2863,Lab,SNP,skipped,skipped,skipped,skipped,skipped,skipped,skipped,skipped,,10
2864,Lab,SNP,skipped,skipped,skipped,skipped,skipped,skipped,skipped,skipped,,10
2865,Lab,SNP,skipped,skipped,skipped,skipped,skipped,skipped,skipped,skipped,,10
2866,Lab,SNP,skipped,skipped,skipped,skipped,skipped,skipped,skipped,skipped,,10
2867,Lab,SNP,skipped,skipped,skipped,skipped,skipped,skipped,skipped,skipped,,10
2868,Lab,SNP,skipped,skipped,skipped,skipped,skipped,skipped,skipped,skipped,,10
2869,Lab,SNP,skipped,skipped,skipped,skipped,skipped,skipped,skipped,skipped,,10
2870,Lab,SNP,skipped,skipped,skipped,skipped,skipped,skipped,skipped,skipped,,10
2871,Lab,SNP,skipped,skipped,skipped,skipped,skipped,skipped,skipped,skipped,,10
2872,Lab,SNP,skipped,skipped,skipped,skipped,skipped,skipped,skipped,skipped,,10
2873,Lab,SNP,skipped,skipped,skipped,skipped,skipped,skipped,skipped,skipped,,10
2874,Lab,SNP,Grn,SU,Soc,LD,Con,Sol,skipped,skipped,,10
2875,Lab,SNP,LD,skipped,skipped,skipped,skipped,skipped,skipped,skipped,,10
2876,Lab,SNP,Sol,skipped,skipped,skipped,skipped,skipped,skipped,skipped,,10
2877,Lab,SNP,Sol,skipped,skipped,skipped,skipped,skipped,skipped,skipped,,10
2878,Lab,SNP,Grn,skipped,skipped,skipped,skipped,skipped,skipped,skipped,,10
2879,Lab,SNP,Soc,skipped,skipped,skipped,skipped,skipped,skipped,skipped,,10
2880,Lab,SNP,LD,Con,Sol,Soc,SU,Grn,skipped,skipped,,10
2881,Lab,SNP,LD,Grn,skipped,skipped,skipped,skipped,skipped,skipped,,10
2882,Lab,SU,skipped,skipped,skipped,skipped,skipped,skipped,skipped,skipped,,10
2883,Lab,SU,skipped,skipped,skipped,skipped,skipped,skipped,skipped,skipped,,10
2884,Lab,SU,skipped,skipped,skipped,skipped,skipped,skipped,skipped,skipped,,10
2885,Lab,SU,Con,skipped,skipped,skipped,skipped,skipped,skipped,skipped,,10
2886,Lab,SU,skipped,skipped,skipped,skipped,skipped,skipped,skipped,skipped,,10
2887,Lab,SU,SNP,skipped,skipped,skipped,skipped,skipped,skipped,skipped,,10
2888,Lab,Con,skipped,skipped,skipped,skipped,skipped,skipped,skipped,skipped,,10
2889,Lab,Con,skipped,skipped,skipped,skipped,skipped,skipped,skipped,skipped,,10
2890,Lab,Con,skipped,skipped,skipped,skipped,skipped,skipped,skipped,skipped,,10
2891,Lab,Con,skipped,skipped,skipped,skipped,skipped,skipped,skipped,skipped,,10
2892,Lab,Con,skipped,skipped,skipped,skipped,skipped,skipped,skipped,skipped,,10
2893,Lab,Con,skipped,skipped,skipped,skipped,skipped,skipped,skipped,skipped,,10
2894,Lab,Con,skipped,skipped,skipped,skipped,skipped,skipped,skipped,skipped,,10
2895,Lab,Con,LD,Sol,Grn,Soc,SU,SNP,skipped,skipped,,10
2896,Lab,Con,SNP,skipped,skipped,skipped,skipped,skipped,skipped,skipped,,10
2897,Lab,Con,SNP,skipped,skipped,skipped,skipped,skipped,skipped,skipped,,10
2898,Lab,Con,SU,skipped,skipped,skipped,skipped,skipped,skipped,skipped,,10
2899,Lab,Con,skipped,skipped,skipped,skipped,skipped,skipped,skipped,skipped,,10
2900,Lab,Con,skipped,skipped,skipped,skipped,skipped,skipped,skipped,skipped,,10
2901,Lab,Con,Sol,SNP,LD,SU,Soc,Grn,skipped,skipped,,10
2902,Lab,Con,Grn,skipped,skipped,skipped,skipped,skipped,skipped,skipped,,10
2903,Lab,Con,Soc,Grn,skipped,skipped,skipped,skipped,skipped,skipped,,10
2904,Lab,Con,LD,skipped,skipped,skipped,skipped,skipped,skipped,skipped,,10
2905,Lab,Con,LD,skipped,skipped,skipped,skipped,skipped,skipped,skipped,,10
2906,Lab,Con,LD,SNP,skipped,skipped,skipped,skipped,skipped,skipped,,10
2907,Lab,Con,LD,SNP,SU,Soc,Grn,skipped,skipped,skipped,,10
2908,Lab,Con,LD,SU,Grn,SNP,Soc,Sol,skipped,skipped,,10
2909,Lab,skipped,skipped,skipped,skipped,skipped,skipped,skipped,skipped,skipped,,10
2910,Lab,skipped,skipped,skipped,skipped,skipped,skipped,skipped,skipped,skipped,,10
2911,Lab,skipped,skipped,skipped,skipped,skipped,skipped,skipped,skipped,skipped,,10
2912,Lab,skipped,skipped,skipped,skipped,skipped,skipped,skipped,skipped,skipped,,10
2913,Lab,skipped,skipped,skipped,skipped,skipped,skipped,skipped,skipped,skipped,,10
2914,Lab,skipped,skipped,skipped,skipped,skipped,skipped,skipped,skipped,skipped,,10
2915,Lab,skipped,skipped,skipped,skipped,skipped,skipped,skipped,skipped,skipped,,10
2916,Lab,skipped,skipped,skipped,skipped,skipped,skipped,skipped,skipped,skipped,,10
2917,Lab,skipped,skipped,skipped,skipped,skipped,skipped,skipped,skipped,skipped,,10
2918,Lab,skipped,skipped,skipped,skipped,skipped,skipped,skipped,skipped,skipped,,10
2919,Lab,skipped,skipped,skipped,skipped,skipped,skipped,skipped,skipped,skipped,,10
2920,Lab,skipped,skipped,skipped,skipped,skipped,skipped,skipped,skipped,skipped,,10
2921,Lab,skipped,skipped,skipped,skipped,skipped,skipped,skipped,skipped,skipped,,10
2922,Lab,skipped,skipped,skipped,skipped,skipped,skipped,skipped,skipped,skipped,,10
2923,Lab,skipped,skipped,skipped,skipped,skipped,skipped,skipped,skipped,skipped,,10
2924,Lab,skipped,skipped,skipped,skipped,skipped,skipped,skipped,skipped,skipped,,10
2925,Lab,skipped,skipped,skipped,skipped,skipped,skipped,skipped,skipped,skipped,,10
2926,Lab,skipped,skipped,skipped,skipped,skipped,skipped,skipped,skipped,skipped,,10
2927,Lab,skipped,skipped,skipped,skipped,skipped,skipped,skipped,skipped,skipped,,10
2928,Lab,skipped,skipped,skipped,skipped,skipped,skipped,skipped,skipped,skipped,,10
2929,Lab,skipped,skipped,skipped,skipped,skipped,skipped,skipped,skipped,skipped,,10
2930,Lab,skipped,skipped,skipped,skipped,skipped,skipped,skipped,skipped,skipped,,10
2931,Lab,skipped,skipped,skipped,skipped,skipped,skipped,skipped,skipped,skipped,,10
2932,Lab,skipped,skipped,skipped,skipped,skipped,skipped,skipped,skipped,skipped,,10
2933,Lab,skipped,skipped,skipped,skipped,skipped,skipped,skipped,skipped,skipped,,10
2934,Lab,skipped,skipped,skipped,skipped,skipped,skipped,skipped,skipped,skipped,,10
2935,Lab,skipped,skipped,skipped,skipped,skipped,skipped,skipped,skipped,skipped,,10
2936,Lab,skipped,skipped,skipped,skipped,skipped,skipped,skipped,skipped,skipped,,10
2937,Lab,skipped,skipped,skipped,skipped,skipped,skipped,skipped,skipped,skipped,,10
2938,Lab,skipped,skipped,skipped,skipped,skipped,skipped,skipped,skipped,skipped,,10
2939,Lab,skipped,skipped,skipped,skipped,skipped,skipped,skipped,skipped,skipped,,10
2940,Lab,skipped,skipped,skipped,skipped,skipped,skipped,skipped,skipped,skipped,,10
2941,Lab,skipped,skipped,skipped,skipped,skipped,skipped,skipped,skipped,skipped,,10
2942,Lab,skipped,skipped,skipped,skipped,skipped,skipped,skipped,skipped,skipped,,10
2943,Lab,skipped,skipped,skipped,skipped,skipped,skipped,skipped,skipped,skipped,,10
2944,Lab,skipped,skipped,skipped,skipped,skipped,skipped,skipped,skipped,skipped,,10
2945,Lab,skipped,skipped,skipped,skipped,skipped,skipped,skipped,skipped,skipped,,10
2946,Lab,skipped,skipped,skipped,skipped,skipped,skipped,skipped,skipped,skipped,,10
2947,Lab,skipped,skipped,skipped,skipped,skipped,skipped,skipped,skipped,skipped,,10
2948,Lab,skipped,skipped,skipped,skipped,skipped,skipped,skipped,skipped,skipped,,10
2949,Lab,skipped,skipped,skipped,skipped,skipped,skipped,skipped,skipped,skipped,,10
2950,Lab,skipped,skipped,skipped,skipped,skipped,skipped,skipped,skipped,skipped,,10
2951,Lab,skipped,skipped,skipped,skipped,skipped,skipped,skipped,skipped,skipped,,10
2952,Lab,skipped,skipped,skipped,skipped,skipped,skipped,skipped,skipped,skipped,,10
2953,Lab,skipped,skipped,skipped,skipped,skipped,skipped,skipped,skipped,skipped,,10
2954,Lab,skipped,skipped,skipped,skipped,skipped,skipped,skipped,skipped,skipped,,10
2955,Lab,skipped,skipped,skipped,skipped,skipped,skipped,skipped,skipped,skipped,,10
2956,Lab,skipped,skipped,skipped,skipped,skipped,skipped,skipped,skipped,skipped,,10
2957,Lab,skipped,skipped,skipped,skipped,skipped,skipped,skipped,skipped,skipped,,10
2958,Lab,skipped,skipped,skipped,skipped,skipped,skipped,skipped,skipped,skipped,,10
2959,Lab,skipped,skipped,skipped,skipped,skipped,skipped,skipped,skipped,skipped,,10
2960,Lab,skipped,skipped,skipped,skipped,skipped,skipped,skipped,skipped,skipped,,10
2961,Lab,skipped,skipped,skipped,skipped,skipped,skipped,skipped,skipped,skipped,,10
2962,Lab,skipped,skipped,skipped,skipped,skipped,skipped,skipped,skipped,skipped,,10
2963,Lab,skipped,skipped,skipped,skipped,skipped,skipped,skipped,skipped,skipped,,10
2964,Lab,skipped,skipped,skipped,skipped,skipped,skipped,skipped,skipped,skipped,,10
2965,Lab,skipped,skipped,skipped,skipped,skipped,skipped,skipped,skipped,skipped,,10
2966,Lab,skipped,skipped,skipped,skipped,skipped,skipped,skipped,skipped,skipped,,10
2967,Lab,skipped,skipped,skipped,skipped,skipped,skipped,skipped,skipped,skipped,,10
2968,Lab,skipped,skipped,skipped,skipped,skipped,skipped,skipped,skipped,skipped,,10
2969,Lab,skipped,skipped,skipped,skipped,skipped,skipped,skipped,skipped,skipped,,10
2970,Lab,skipped,skipped,skipped,skipped,skipped,skipped,skipped,skipped,skipped,,10
2971,Lab,skipped,skipped,skipped,skipped,skipped,skipped,skipped,skipped,skipped,,10
2972,Lab,skipped,skipped,skipped,skipped,skipped,skipped,skipped,skipped,skipped,,10
2973,Lab,skipped,skipped,skipped,skipped,skipped,skipped,skipped,skipped,skipped,,10
2974,Lab,skipped,skipped,skipped,skipped,skipped,skipped,skipped,skipped,skipped,,10
2975,Lab,skipped,skipped,skipped,skipped,skipped,skipped,skipped,skipped,skipped,,10
2976,Lab,skipped,skipped,skipped,skipped,skipped,skipped,skipped,skipped,skipped,,10
2977,Lab,skipped,skipped,skipped,skipped,skipped,skipped,skipped,skipped,skipped,,10
2978,Lab,skipped,skipped,skipped,skipped,skipped,skipped,skipped,skipped,skipped,,10
2979,Lab,skipped,skipped,skipped,skipped,skipped,skipped,skipped,skipped,skipped,,10
2980,Lab,skipped,skipped,skipped,skipped,skipped,skipped,skipped,skipped,skipped,,10
2981,Lab,skipped,skipped,skipped,skipped,skipped,skipped,skipped,skipped,skipped,,10
2982,Lab,skipped,skipped,skipped,skipped,skipped,skipped,skipped,skipped,skipped,,10
2983,Lab,skipped,skipped,skipped,skipped,skipped,skipped,skipped,skipped,skipped,,10
2984,Lab,skipped,skipped,skipped,skipped,skipped,skipped,skipped,skipped,skipped,,10
2985,Lab,skipped,skipped,skipped,skipped,skipped,skipped,skipped,skipped,skipped,,10
2986,Lab,skipped,skipped,skipped,skipped,skipped,skipped,skipped,skipped,skipped,,10
2987,Lab,skipped,skipped,skipped,skipped,skipped,skipped,skipped,skipped,skipped,,10
2988,Lab,skipped,skipped,skipped,skipped,skipped,skipped,skipped,skipped,skipped,,10
2989,Lab,skipped,skipped,skipped,skipped,skipped,skipped,skipped,skipped,skipped,,10
2990,Lab,skipped,skipped,skipped,skipped,skipped,skipped,skipped,skipped,skipped,,10
2991,Lab,skipped,skipped,skipped,skipped,skipped,skipped,skipped,skipped,skipped,,10
2992,Lab,skipped,skipped,skipped,skipped,skipped,skipped,skipped,skipped,skipped,,10
2993,Lab,skipped,skipped,skipped,skipped,skipped,skipped,skipped,skipped,skipped,,10
2994,Lab,skipped,skipped,skipped,skipped,skipped,skipped,skipped,skipped,skipped,,10
2995,Lab,skipped,skipped,skipped,skipped,skipped,skipped,skipped,skipped,skipped,,10
2996,Lab,skipped,skipped,skipped,skipped,skipped,skipped,skipped,skipped,skipped,,10
2997,Lab,skipped,skipped,skipped,skipped,skipped,skipped,skipped,skipped,skipped,,10
2998,Lab,skipped,skipped,skipped,skipped,skipped,skipped,skipped,skipped,skipped,,10
2999,Lab,skipped,skipped,skipped,skipped,skipped,skipped,skipped,skipped,skipped,,10
3000,Lab,skipped,skipped,skipped,skipped,skipped,skipped,skipped,skipped,skipped,,10
3001,Lab,skipped,skipped,skipped,skipped,skipped,skipped,skipped,skipped,skipped,,10
3002,Lab,skipped,skipped,skipped,skipped,skipped,skipped,skipped,skipped,skipped,,10
3003,Lab,skipped,skipped,skipped,skipped,skipped,skipped,skipped,skipped,skipped,,10
3004,Lab,skipped,skipped,skipped,skipped,skipped,skipped,skipped,skipped,skipped,,10
3005,Lab,skipped,skipped,skipped,skipped,skipped,skipped,skipped,skipped,skipped,,10
3006,Lab,skipped,skipped,skipped,skipped,skipped,skipped,skipped,skipped,skipped,,10
3007,Lab,skipped,skipped,skipped,skipped,skipped,skipped,skipped,skipped,skipped,,10
3008,Lab,skipped,skipped,skipped,skipped,skipped,skipped,skipped,skipped,skipped,,10
3009,Lab,skipped,skipped,skipped,skipped,skipped,skipped,skipped,skipped,skipped,,10
3010,Lab,skipped,skipped,skipped,skipped,skipped,skipped,skipped,skipped,skipped,,10
3011,Lab,skipped,skipped,skipped,skipped,skipped,skipped,skipped,skipped,skipped,,10
3012,Lab,skipped,skipped,skipped,skipped,skipped,skipped,skipped,skipped,skipped,,10
3013,Lab,skipped,skipped,skipped,skipped,skipped,skipped,skipped,skipped,skipped,,10
3014,Lab,skipped,skipped,skipped,skipped,skipped,skipped,skipped,skipped,skipped,,10
3015,Lab,skipped,skipped,skipped,skipped,skipped,skipped,skipped,skipped,skipped,,10
3016,Lab,skipped,skipped,skipped,skipped,skipped,skipped,skipped,skipped,skipped,,10
3017,Lab,skipped,skipped,skipped,skipped,skipped,skipped,skipped,skipped,skipped,,10
3018,Lab,skipped,skipped,skipped,skipped,skipped,skipped,skipped,skipped,skipped,,10
3019,Lab,skipped,skipped,skipped,skipped,skipped,skipped,skipped,skipped,skipped,,10
3020,Lab,skipped,skipped,skipped,skipped,skipped,skipped,skipped,skipped,skipped,,10
3021,Lab,skipped,skipped,skipped,skipped,skipped,skipped,skipped,skipped,skipped,,10
3022,Lab,skipped,skipped,skipped,skipped,skipped,skipped,skipped,skipped,skipped,,10
3023,Lab,skipped,skipped,skipped,skipped,skipped,skipped,skipped,skipped,skipped,,10
3024,Lab,skipped,skipped,skipped,skipped,skipped,skipped,skipped,skipped,skipped,,10
3025,Lab,skipped,skipped,skipped,skipped,skipped,skipped,skipped,skipped,skipped,,10
3026,Lab,skipped,skipped,skipped,skipped,skipped,skipped,skipped,skipped,skipped,,10
3027,Lab,skipped,skipped,skipped,skipped,skipped,skipped,skipped,skipped,skipped,,10
3028,Lab,skipped,skipped,skipped,skipped,skipped,skipped,skipped,skipped,skipped,,10
3029,Lab,skipped,skipped,skipped,skipped,skipped,skipped,skipped,skipped,skipped,,10
3030,Lab,skipped,skipped,skipped,skipped,skipped,skipped,skipped,skipped,skipped,,10
3031,Lab,skipped,skipped,skipped,skipped,skipped,skipped,skipped,skipped,skipped,,10
3032,Lab,skipped,skipped,skipped,skipped,skipped,skipped,skipped,skipped,skipped,,10
3033,Lab,skipped,skipped,skipped,skipped,skipped,skipped,skipped,skipped,skipped,,10
3034,Lab,skipped,skipped,skipped,skipped,skipped,skipped,skipped,skipped,skipped,,10
3035,Lab,skipped,skipped,skipped,skipped,skipped,skipped,skipped,skipped,skipped,,10
3036,Lab,skipped,skipped,skipped,skipped,skipped,skipped,skipped,skipped,skipped,,10
3037,Lab,skipped,skipped,skipped,skipped,skipped,skipped,skipped,skipped,skipped,,10
3038,Lab,skipped,skipped,skipped,skipped,skipped,skipped,skipped,skipped,skipped,,10
3039,Lab,skipped,skipped,skipped,skipped,skipped,skipped,skipped,skipped,skipped,,10
3040,Lab,skipped,skipped,skipped,skipped,skipped,skipped,skipped,skipped,skipped,,10
3041,Lab,skipped,skipped,skipped,skipped,skipped,skipped,skipped,skipped,skipped,,10
3042,Lab,skipped,skipped,skipped,skipped,skipped,skipped,skipped,skipped,skipped,,10
3043,Lab,skipped,skipped,skipped,skipped,skipped,skipped,skipped,skipped,skipped,,10
3044,Lab,skipped,skipped,skipped,skipped,skipped,skipped,skipped,skipped,skipped,,10
3045,Lab,skipped,skipped,skipped,skipped,skipped,skipped,skipped,skipped,skipped,,10
3046,Lab,skipped,skipped,skipped,skipped,skipped,skipped,skipped,skipped,skipped,,10
3047,Lab,skipped,skipped,skipped,skipped,skipped,skipped,skipped,skipped,skipped,,10
3048,Lab,skipped,skipped,skipped,skipped,skipped,skipped,skipped,skipped,skipped,,10
3049,Lab,skipped,skipped,skipped,skipped,skipped,skipped,skipped,skipped,skipped,,10
3050,Lab,skipped,skipped,skipped,skipped,skipped,skipped,skipped,skipped,skipped,,10
3051,Lab,skipped,skipped,skipped,skipped,skipped,skipped,skipped,skipped,skipped,,10
3052,Lab,skipped,skipped,skipped,skipped,skipped,skipped,skipped,skipped,skipped,,10
3053,Lab,skipped,skipped,skipped,skipped,skipped,skipped,skipped,skipped,skipped,,10
3054,Lab,skipped,skipped,skipped,skipped,skipped,skipped,skipped,skipped,skipped,,10
3055,Lab,skipped,skipped,skipped,skipped,skipped,skipped,skipped,skipped,skipped,,10
3056,Lab,skipped,skipped,skipped,skipped,skipped,skipped,skipped,skipped,skipped,,10
3057,Lab,skipped,skipped,skipped,skipped,skipped,skipped,skipped,skipped,skipped,,10
3058,Lab,skipped,skipped,skipped,skipped,skipped,skipped,skipped,skipped,skipped,,10
3059,Lab,skipped,skipped,skipped,skipped,skipped,skipped,skipped,skipped,skipped,,10
3060,Lab,skipped,skipped,skipped,skipped,skipped,skipped,skipped,skipped,skipped,,10
3061,Lab,skipped,skipped,skipped,skipped,skipped,skipped,skipped,skipped,skipped,,10
3062,Lab,skipped,skipped,skipped,skipped,skipped,skipped,skipped,skipped,skipped,,10
3063,Lab,skipped,skipped,skipped,skipped,skipped,skipped,skipped,skipped,skipped,,10
3064,Lab,skipped,skipped,skipped,skipped,skipped,skipped,skipped,skipped,skipped,,10
3065,Lab,skipped,skipped,skipped,skipped,skipped,skipped,skipped,skipped,skipped,,10
3066,Lab,skipped,skipped,skipped,skipped,skipped,skipped,skipped,skipped,skipped,,10
3067,Lab,skipped,skipped,skipped,skipped,skipped,skipped,skipped,skipped,skipped,,10
3068,Lab,skipped,skipped,skipped,skipped,skipped,skipped,skipped,skipped,skipped,,10
3069,Lab,skipped,skipped,skipped,skipped,skipped,skipped,skipped,skipped,skipped,,10
3070,Lab,skipped,skipped,skipped,skipped,skipped,skipped,skipped,skipped,skipped,,10
3071,Lab,skipped,skipped,skipped,skipped,skipped,skipped,skipped,skipped,skipped,,10
3072,Lab,skipped,skipped,skipped,skipped,skipped,skipped,skipped,skipped,skipped,,10
3073,Lab,skipped,skipped,skipped,skipped,skipped,skipped,skipped,skipped,skipped,,10
3074,Lab,skipped,skipped,skipped,skipped,skipped,skipped,skipped,skipped,skipped,,10
3075,Lab,skipped,skipped,skipped,skipped,skipped,skipped,skipped,skipped,skipped,,10
3076,Lab,skipped,skipped,skipped,skipped,skipped,skipped,skipped,skipped,skipped,,10
3077,Lab,skipped,skipped,skipped,skipped,skipped,skipped,skipped,skipped,skipped,,10
3078,Lab,skipped,skipped,skipped,skipped,skipped,skipped,skipped,skipped,skipped,,10
3079,Lab,skipped,skipped,skipped,skipped,skipped,skipped,skipped,skipped,skipped,,10
3080,Lab,skipped,skipped,skipped,skipped,skipped,skipped,skipped,skipped,skipped,,10
3081,Lab,skipped,skipped,skipped,skipped,skipped,skipped,skipped,skipped,skipped,,10
3082,Lab,skipped,skipped,skipped,skipped,skipped,skipped,skipped,skipped,skipped,,10
3083,Lab,skipped,skipped,skipped,skipped,skipped,skipped,skipped,skipped,skipped,,10
3084,Lab,skipped,skipped,skipped,skipped,skipped,skipped,skipped,skipped,skipped,,10
3085,Lab,skipped,skipped,skipped,skipped,skipped,skipped,skipped,skipped,skipped,,10
3086,Lab,skipped,skipped,skipped,skipped,skipped,skipped,skipped,skipped,skipped,,10
3087,Lab,skipped,skipped,skipped,skipped,skipped,skipped,skipped,skipped,skipped,,10
3088,Lab,skipped,skipped,skipped,skipped,skipped,skipped,skipped,skipped,skipped,,10
3089,Lab,skipped,skipped,skipped,skipped,skipped,skipped,skipped,skipped,skipped,,10
3090,Lab,skipped,skipped,skipped,skipped,skipped,skipped,skipped,skipped,skipped,,10
3091,Lab,skipped,skipped,skipped,skipped,skipped,skipped,skipped,skipped,skipped,,10
3092,Lab,skipped,skipped,skipped,skipped,skipped,skipped,skipped,skipped,skipped,,10
3093,Lab,skipped,skipped,skipped,skipped,skipped,skipped,skipped,skipped,skipped,,10
3094,Lab,skipped,skipped,skipped,skipped,skipped,skipped,skipped,skipped,skipped,,10
3095,Lab,skipped,skipped,skipped,skipped,skipped,skipped,skipped,skipped,skipped,,10
3096,Lab,skipped,skipped,skipped,skipped,skipped,skipped,skipped,skipped,skipped,,10
3097,Lab,skipped,skipped,skipped,skipped,skipped,skipped,skipped,skipped,skipped,,10
3098,Lab,skipped,skipped,skipped,skipped,skipped,skipped,skipped,skipped,skipped,,10
3099,Lab,skipped,skipped,skipped,skipped,skipped,skipped,skipped,skipped,skipped,,10
3100,Lab,skipped,skipped,skipped,skipped,skipped,skipped,skipped,skipped,skipped,,10
3101,Lab,skipped,skipped,skipped,skipped,skipped,skipped,skipped,skipped,skipped,,10
3102,Lab,skipped,skipped,skipped,skipped,skipped,skipped,skipped,skipped,skipped,,10
3103,Lab,skipped,skipped,skipped,skipped,skipped,skipped,skipped,skipped,skipped,,10
3104,Lab,skipped,skipped,skipped,skipped,skipped,skipped,skipped,skipped,skipped,,10
3105,Lab,skipped,skipped,skipped,skipped,skipped,skipped,skipped,skipped,skipped,,10
3106,Lab,skipped,skipped,skipped,skipped,skipped,skipped,skipped,skipped,skipped,,10
3107,Lab,skipped,skipped,skipped,skipped,skipped,skipped,skipped,skipped,skipped,,10
3108,Lab,skipped,skipped,skipped,skipped,skipped,skipped,skipped,skipped,skipped,,10
3109,Lab,skipped,skipped,skipped,skipped,skipped,skipped,skipped,skipped,skipped,,10
3110,Lab,skipped,skipped,skipped,skipped,skipped,skipped,skipped,skipped,skipped,,10
3111,Lab,skipped,skipped,skipped,skipped,skipped,skipped,skipped,skipped,skipped,,10
3112,Lab,skipped,skipped,skipped,skipped,skipped,skipped,skipped,skipped,skipped,,10
3113,Lab,skipped,skipped,skipped,skipped,skipped,skipped,skipped,skipped,skipped,,10
3114,Lab,skipped,skipped,skipped,skipped,skipped,skipped,skipped,skipped,skipped,,10
3115,Lab,skipped,skipped,skipped,skipped,skipped,skipped,skipped,skipped,skipped,,10
3116,Lab,skipped,skipped,skipped,skipped,skipped,skipped,skipped,skipped,skipped,,10
3117,Lab,skipped,skipped,skipped,skipped,skipped,skipped,skipped,skipped,skipped,,10
3118,Lab,skipped,skipped,skipped,skipped,skipped,skipped,skipped,skipped,skipped,,10
3119,Lab,skipped,skipped,skipped,skipped,skipped,skipped,skipped,skipped,skipped,,10
3120,Lab,skipped,skipped,skipped,skipped,skipped,skipped,skipped,skipped,skipped,,10
3121,Lab,skipped,skipped,skipped,skipped,skipped,skipped,skipped,skipped,skipped,,10
3122,Lab,skipped,skipped,skipped,skipped,skipped,skipped,skipped,skipped,skipped,,10
3123,Lab,skipped,skipped,skipped,skipped,skipped,skipped,skipped,skipped,skipped,,10
3124,Lab,skipped,skipped,skipped,skipped,skipped,skipped,skipped,skipped,skipped,,10
3125,Lab,skipped,skipped,skipped,skipped,skipped,skipped,skipped,skipped,skipped,,10
3126,Lab,skipped,skipped,skipped,skipped,skipped,skipped,skipped,skipped,skipped,,10
3127,Lab,skipped,skipped,skipped,skipped,skipped,skipped,skipped,skipped,skipped,,10
3128,Lab,skipped,skipped,skipped,skipped,skipped,skipped,skipped,skipped,skipped,,10
3129,Lab,skipped,skipped,skipped,skipped,skipped,skipped,skipped,skipped,skipped,,10
3130,Lab,skipped,skipped,skipped,skipped,skipped,skipped,skipped,skipped,skipped,,10
3131,Lab,skipped,skipped,skipped,skipped,skipped,skipped,skipped,skipped,skipped,,10
3132,Lab,skipped,skipped,skipped,skipped,skipped,skipped,skipped,skipped,skipped,,10
3133,Lab,skipped,skipped,skipped,skipped,skipped,skipped,skipped,skipped,skipped,,10
3134,Lab,skipped,skipped,skipped,skipped,skipped,skipped,skipped,skipped,skipped,,10
3135,Lab,skipped,skipped,skipped,skipped,skipped,skipped,skipped,skipped,skipped,,10
3136,Lab,skipped,skipped,skipped,skipped,skipped,skipped,skipped,skipped,skipped,,10
3137,Lab,skipped,skipped,skipped,skipped,skipped,skipped,skipped,skipped,skipped,,10
3138,Lab,skipped,skipped,skipped,skipped,skipped,skipped,skipped,skipped,skipped,,10
3139,Lab,skipped,skipped,skipped,skipped,skipped,skipped,skipped,skipped,skipped,,10
3140,Lab,skipped,skipped,skipped,skipped,skipped,skipped,skipped,skipped,skipped,,10
3141,Lab,skipped,skipped,skipped,skipped,skipped,skipped,skipped,skipped,skipped,,10
3142,Lab,skipped,skipped,skipped,skipped,skipped,skipped,skipped,skipped,skipped,,10
3143,Lab,skipped,skipped,skipped,skipped,skipped,skipped,skipped,skipped,skipped,,10
3144,Lab,skipped,skipped,skipped,skipped,skipped,skipped,skipped,skipped,skipped,,10
3145,Lab,skipped,skipped,skipped,skipped,skipped,skipped,skipped,skipped,skipped,,10
3146,Lab,skipped,skipped,skipped,skipped,skipped,skipped,skipped,skipped,skipped,,10
3147,Lab,skipped,skipped,skipped,skipped,skipped,skipped,skipped,skipped,skipped,,10
3148,Lab,skipped,skipped,skipped,skipped,skipped,skipped,skipped,skipped,skipped,,10
3149,Lab,skipped,skipped,skipped,skipped,skipped,skipped,skipped,skipped,skipped,,10
3150,Lab,skipped,skipped,skipped,skipped,skipped,skipped,skipped,skipped,skipped,,10
3151,Lab,skipped,skipped,skipped,skipped,skipped,skipped,skipped,skipped,skipped,,10
3152,Lab,skipped,skipped,skipped,skipped,skipped,skipped,skipped,skipped,skipped,,10
3153,Lab,skipped,skipped,skipped,skipped,skipped,skipped,skipped,skipped,skipped,,10
3154,Lab,skipped,skipped,skipped,skipped,skipped,skipped,skipped,skipped,skipped,,10
3155,Lab,skipped,skipped,skipped,skipped,skipped,skipped,skipped,skipped,skipped,,10
3156,Lab,skipped,skipped,skipped,skipped,skipped,skipped,skipped,skipped,skipped,,10
3157,Lab,skipped,skipped,skipped,skipped,skipped,skipped,skipped,skipped,skipped,,10
3158,Lab,skipped,skipped,skipped,skipped,skipped,skipped,skipped,skipped,skipped,,10
3159,Lab,skipped,skipped,skipped,skipped,skipped,skipped,skipped,skipped,skipped,,10
3160,Lab,skipped,skipped,skipped,skipped,skipped,skipped,skipped,skipped,skipped,,10
3161,Lab,skipped,skipped,skipped,skipped,skipped,skipped,skipped,skipped,skipped,,10
3162,Lab,skipped,skipped,skipped,skipped,skipped,skipped,skipped,skipped,skipped,,10
3163,Lab,skipped,skipped,skipped,skipped,skipped,skipped,skipped,skipped,skipped,,10
3164,Lab,skipped,skipped,skipped,skipped,skipped,skipped,skipped,skipped,skipped,,10
3165,Lab,skipped,skipped,skipped,skipped,skipped,skipped,skipped,skipped,skipped,,10
3166,Lab,skipped,skipped,skipped,skipped,skipped,skipped,skipped,skipped,skipped,,10
3167,Lab,skipped,skipped,skipped,skipped,skipped,skipped,skipped,skipped,skipped,,10
3168,Lab,skipped,skipped,skipped,skipped,skipped,skipped,skipped,skipped,skipped,,10
3169,Lab,skipped,skipped,skipped,skipped,skipped,skipped,skipped,skipped,skipped,,10
3170,Lab,skipped,skipped,skipped,skipped,skipped,skipped,skipped,skipped,skipped,,10
3171,Lab,skipped,skipped,skipped,skipped,skipped,skipped,skipped,skipped,skipped,,10
3172,Lab,skipped,skipped,skipped,skipped,skipped,skipped,skipped,skipped,skipped,,10
3173,Lab,skipped,skipped,skipped,skipped,skipped,skipped,skipped,skipped,skipped,,10
3174,Lab,skipped,skipped,skipped,skipped,skipped,skipped,skipped,skipped,skipped,,10
3175,Lab,skipped,skipped,skipped,skipped,skipped,skipped,skipped,skipped,skipped,,10
3176,Lab,skipped,skipped,skipped,skipped,skipped,skipped,skipped,skipped,skipped,,10
3177,Lab,skipped,skipped,skipped,skipped,skipped,skipped,skipped,skipped,skipped,,10
3178,Lab,skipped,skipped,skipped,skipped,skipped,skipped,skipped,skipped,skipped,,10
3179,Lab,skipped,skipped,skipped,skipped,skipped,skipped,skipped,skipped,skipped,,10
3180,Lab,skipped,skipped,skipped,skipped,skipped,skipped,skipped,skipped,skipped,,10
3181,Lab,skipped,skipped,skipped,skipped,skipped,skipped,skipped,skipped,skipped,,10
3182,Lab,skipped,skipped,skipped,skipped,skipped,skipped,skipped,skipped,skipped,,10
3183,Lab,skipped,skipped,skipped,skipped,skipped,skipped,skipped,skipped,skipped,,10
3184,Lab,skipped,skipped,skipped,skipped,skipped,skipped,skipped,skipped,skipped,,10
3185,Lab,skipped,skipped,skipped,skipped,skipped,skipped,skipped,skipped,skipped,,10
3186,Lab,skipped,skipped,skipped,skipped,skipped,skipped,skipped,skipped,skipped,,10
3187,Lab,skipped,skipped,skipped,skipped,skipped,skipped,skipped,skipped,skipped,,10
3188,Lab,skipped,skipped,skipped,skipped,skipped,skipped,skipped,skipped,skipped,,10
3189,Lab,skipped,skipped,skipped,skipped,skipped,skipped,skipped,skipped,skipped,,10
3190,Lab,skipped,skipped,skipped,skipped,skipped,skipped,skipped,skipped,skipped,,10
3191,Lab,skipped,skipped,skipped,skipped,skipped,skipped,skipped,skipped,skipped,,10
3192,Lab,skipped,skipped,skipped,skipped,skipped,skipped,skipped,skipped,skipped,,10
3193,Lab,skipped,skipped,skipped,skipped,skipped,skipped,skipped,skipped,skipped,,10
3194,Lab,skipped,skipped,skipped,skipped,skipped,skipped,skipped,skipped,skipped,,10
3195,Lab,skipped,skipped,skipped,skipped,skipped,skipped,skipped,skipped,skipped,,10
3196,Lab,skipped,skipped,skipped,skipped,skipped,skipped,skipped,skipped,skipped,,10
3197,Lab,skipped,skipped,skipped,skipped,skipped,skipped,skipped,skipped,skipped,,10
3198,Lab,skipped,skipped,skipped,skipped,skipped,skipped,skipped,skipped,skipped,,10
3199,Lab,skipped,skipped,skipped,skipped,skipped,skipped,skipped,skipped,skipped,,10
3200,Lab,skipped,skipped,skipped,skipped,skipped,skipped,skipped,skipped,skipped,,10
3201,Lab,skipped,skipped,skipped,skipped,skipped,skipped,skipped,skipped,skipped,,10
3202,Lab,skipped,skipped,skipped,skipped,skipped,skipped,skipped,skipped,skipped,,10
3203,Lab,skipped,skipped,skipped,skipped,skipped,skipped,skipped,skipped,skipped,,10
3204,Lab,skipped,skipped,skipped,skipped,skipped,skipped,skipped,skipped,skipped,,10
3205,Lab,skipped,skipped,skipped,skipped,skipped,skipped,skipped,skipped,skipped,,10
3206,Lab,skipped,skipped,skipped,skipped,skipped,skipped,skipped,skipped,skipped,,10
3207,Lab,skipped,skipped,skipped,skipped,skipped,skipped,skipped,skipped,skipped,,10
3208,Lab,skipped,skipped,skipped,skipped,skipped,skipped,skipped,skipped,skipped,,10
3209,Lab,skipped,skipped,skipped,skipped,skipped,skipped,skipped,skipped,skipped,,10
3210,Lab,skipped,skipped,skipped,skipped,skipped,skipped,skipped,skipped,skipped,,10
3211,Lab,skipped,skipped,skipped,skipped,skipped,skipped,skipped,skipped,skipped,,10
3212,Lab,skipped,skipped,skipped,skipped,skipped,skipped,skipped,skipped,skipped,,10
3213,Lab,skipped,skipped,skipped,skipped,skipped,skipped,skipped,skipped,skipped,,10
3214,Lab,skipped,skipped,skipped,skipped,skipped,skipped,skipped,skipped,skipped,,10
3215,Lab,skipped,skipped,skipped,skipped,skipped,skipped,skipped,skipped,skipped,,10
3216,Lab,skipped,skipped,skipped,skipped,skipped,skipped,skipped,skipped,skipped,,10
3217,Lab,skipped,skipped,skipped,skipped,skipped,skipped,skipped,skipped,skipped,,10
3218,Lab,skipped,skipped,skipped,skipped,skipped,skipped,skipped,skipped,skipped,,10
3219,Lab,skipped,skipped,skipped,skipped,skipped,skipped,skipped,skipped,skipped,,10
3220,Lab,skipped,skipped,skipped,skipped,skipped,skipped,skipped,skipped,skipped,,10
3221,Lab,skipped,skipped,skipped,skipped,skipped,skipped,skipped,skipped,skipped,,10
3222,Lab,skipped,skipped,skipped,skipped,skipped,skipped,skipped,skipped,skipped,,10
3223,Lab,skipped,skipped,skipped,skipped,skipped,skipped,skipped,skipped,skipped,,10
3224,Lab,skipped,skipped,skipped,skipped,skipped,skipped,skipped,skipped,skipped,,10
3225,Lab,skipped,skipped,skipped,skipped,skipped,skipped,skipped,skipped,skipped,,10
3226,Lab,skipped,skipped,skipped,skipped,skipped,skipped,skipped,skipped,skipped,,10
3227,Lab,skipped,skipped,skipped,skipped,skipped,skipped,skipped,skipped,skipped,,10
3228,Lab,skipped,skipped,skipped,skipped,skipped,skipped,skipped,skipped,skipped,,10
3229,Lab,skipped,skipped,skipped,skipped,skipped,skipped,skipped,skipped,skipped,,10
3230,Lab,skipped,skipped,skipped,skipped,skipped,skipped,skipped,skipped,skipped,,10
3231,Lab,skipped,skipped,skipped,skipped,skipped,skipped,skipped,skipped,skipped,,10
3232,Lab,skipped,skipped,skipped,skipped,skipped,skipped,skipped,skipped,skipped,,10
3233,Lab,skipped,skipped,skipped,skipped,skipped,skipped,skipped,skipped,skipped,,10
3234,Lab,skipped,skipped,skipped,skipped,skipped,skipped,skipped,skipped,skipped,,10
3235,Lab,skipped,skipped,skipped,skipped,skipped,skipped,skipped,skipped,skipped,,10
3236,Lab,skipped,skipped,skipped,skipped,skipped,skipped,skipped,skipped,skipped,,10
3237,Lab,skipped,skipped,skipped,skipped,skipped,skipped,skipped,skipped,skipped,,10
3238,Lab,skipped,skipped,skipped,skipped,skipped,skipped,skipped,skipped,skipped,,10
3239,Lab,skipped,skipped,skipped,skipped,skipped,skipped,skipped,skipped,skipped,,10
3240,Lab,skipped,skipped,skipped,skipped,skipped,skipped,skipped,skipped,skipped,,10
3241,Lab,skipped,skipped,skipped,skipped,skipped,skipped,skipped,skipped,skipped,,10
3242,Lab,skipped,skipped,skipped,skipped,skipped,skipped,skipped,skipped,skipped,,10
3243,Lab,skipped,skipped,skipped,skipped,skipped,skipped,skipped,skipped,skipped,,10
3244,Lab,skipped,skipped,skipped,skipped,skipped,skipped,skipped,skipped,skipped,,10
3245,Lab,skipped,skipped,skipped,skipped,skipped,skipped,skipped,skipped,skipped,,10
3246,Lab,skipped,skipped,skipped,skipped,skipped,skipped,skipped,skipped,skipped,,10
3247,Lab,skipped,skipped,skipped,skipped,skipped,skipped,skipped,skipped,skipped,,10
3248,Lab,skipped,skipped,skipped,skipped,skipped,skipped,skipped,skipped,skipped,,10
3249,Lab,skipped,skipped,skipped,skipped,skipped,skipped,skipped,skipped,skipped,,10
3250,Lab,skipped,skipped,skipped,skipped,skipped,skipped,skipped,skipped,skipped,,10
3251,Lab,skipped,skipped,skipped,skipped,skipped,skipped,skipped,skipped,skipped,,10
3252,Lab,skipped,skipped,skipped,skipped,skipped,skipped,skipped,skipped,skipped,,10
3253,Lab,skipped,skipped,skipped,skipped,skipped,skipped,skipped,skipped,skipped,,10
3254,Lab,skipped,skipped,skipped,skipped,skipped,skipped,skipped,skipped,skipped,,10
3255,Lab,skipped,skipped,skipped,skipped,skipped,skipped,skipped,skipped,skipped,,10
3256,Lab,skipped,skipped,skipped,skipped,skipped,skipped,skipped,skipped,skipped,,10
3257,Lab,skipped,skipped,skipped,skipped,skipped,skipped,skipped,skipped,skipped,,10
3258,Lab,skipped,skipped,skipped,skipped,skipped,skipped,skipped,skipped,skipped,,10
3259,Lab,skipped,skipped,skipped,skipped,skipped,skipped,skipped,skipped,skipped,,10
3260,Lab,skipped,skipped,skipped,skipped,skipped,skipped,skipped,skipped,skipped,,10
3261,Lab,skipped,skipped,skipped,skipped,skipped,skipped,skipped,skipped,skipped,,10
3262,Lab,skipped,skipped,skipped,skipped,skipped,skipped,skipped,skipped,skipped,,10
3263,Lab,skipped,skipped,skipped,skipped,skipped,skipped,skipped,skipped,skipped,,10
3264,Lab,skipped,skipped,skipped,skipped,skipped,skipped,skipped,skipped,skipped,,10
3265,Lab,skipped,skipped,skipped,skipped,skipped,skipped,skipped,skipped,skipped,,10
3266,Lab,skipped,skipped,skipped,skipped,skipped,skipped,skipped,skipped,skipped,,10
3267,Lab,skipped,skipped,skipped,skipped,skipped,skipped,skipped,skipped,skipped,,10
3268,Lab,skipped,skipped,skipped,skipped,skipped,skipped,skipped,skipped,skipped,,10
3269,Lab,skipped,skipped,skipped,skipped,skipped,skipped,skipped,skipped,skipped,,10
3270,Lab,skipped,skipped,skipped,skipped,skipped,skipped,skipped,skipped,skipped,,10
3271,Lab,skipped,skipped,skipped,skipped,skipped,skipped,skipped,skipped,skipped,,10
3272,Lab,skipped,skipped,skipped,skipped,skipped,skipped,skipped,skipped,skipped,,10
3273,Lab,skipped,skipped,skipped,skipped,skipped,skipped,skipped,skipped,skipped,,10
3274,Lab,skipped,skipped,skipped,skipped,skipped,skipped,skipped,skipped,skipped,,10
3275,Lab,skipped,skipped,skipped,skipped,skipped,skipped,skipped,skipped,skipped,,10
3276,Lab,skipped,skipped,skipped,skipped,skipped,skipped,skipped,skipped,skipped,,10
3277,Lab,skipped,skipped,skipped,skipped,skipped,skipped,skipped,skipped,skipped,,10
3278,Lab,skipped,skipped,skipped,skipped,skipped,skipped,skipped,skipped,skipped,,10
3279,Lab,skipped,skipped,skipped,skipped,skipped,skipped,skipped,skipped,skipped,,10
3280,Lab,skipped,skipped,skipped,skipped,skipped,skipped,skipped,skipped,skipped,,10
3281,Lab,skipped,skipped,skipped,skipped,skipped,skipped,skipped,skipped,skipped,,10
3282,Lab,skipped,skipped,skipped,skipped,skipped,skipped,skipped,skipped,skipped,,10
3283,Lab,skipped,skipped,skipped,skipped,skipped,skipped,skipped,skipped,skipped,,10
3284,Lab,skipped,skipped,skipped,skipped,skipped,skipped,skipped,skipped,skipped,,10
3285,Lab,skipped,skipped,skipped,skipped,skipped,skipped,skipped,skipped,skipped,,10
3286,Lab,skipped,skipped,skipped,skipped,skipped,skipped,skipped,skipped,skipped,,10
3287,Lab,skipped,skipped,skipped,skipped,skipped,skipped,skipped,skipped,skipped,,10
3288,Lab,skipped,skipped,skipped,skipped,skipped,skipped,skipped,skipped,skipped,,10
3289,Lab,skipped,skipped,skipped,skipped,skipped,skipped,skipped,skipped,skipped,,10
3290,Lab,skipped,skipped,skipped,skipped,skipped,skipped,skipped,skipped,skipped,,10
3291,Lab,skipped,skipped,skipped,skipped,skipped,skipped,skipped,skipped,skipped,,10
3292,Lab,skipped,skipped,skipped,skipped,skipped,skipped,skipped,skipped,skipped,,10
3293,Lab,skipped,skipped,skipped,skipped,skipped,skipped,skipped,skipped,skipped,,10
3294,Lab,skipped,skipped,skipped,skipped,skipped,skipped,skipped,skipped,skipped,,10
3295,Lab,skipped,skipped,skipped,skipped,skipped,skipped,skipped,skipped,skipped,,10
3296,Lab,skipped,skipped,skipped,skipped,skipped,skipped,skipped,skipped,skipped,,10
3297,Lab,skipped,skipped,skipped,skipped,skipped,skipped,skipped,skipped,skipped,,10
3298,Lab,skipped,skipped,skipped,skipped,skipped,skipped,skipped,skipped,skipped,,10
3299,Lab,skipped,skipped,skipped,skipped,skipped,skipped,skipped,skipped,skipped,,10
3300,Lab,skipped,skipped,skipped,skipped,skipped,skipped,skipped,skipped,skipped,,10
3301,Lab,skipped,skipped,skipped,skipped,skipped,skipped,skipped,skipped,skipped,,10
3302,Lab,skipped,skipped,skipped,skipped,skipped,skipped,skipped,skipped,skipped,,10
3303,Lab,skipped,skipped,skipped,skipped,skipped,skipped,skipped,skipped,skipped,,10
3304,Lab,skipped,skipped,skipped,skipped,skipped,skipped,skipped,skipped,skipped,,10
3305,Lab,skipped,skipped,skipped,skipped,skipped,skipped,skipped,skipped,skipped,,10
3306,Lab,skipped,skipped,skipped,skipped,skipped,skipped,skipped,skipped,skipped,,10
3307,Lab,skipped,skipped,skipped,skipped,skipped,skipped,skipped,skipped,skipped,,10
3308,Lab,skipped,skipped,skipped,skipped,skipped,skipped,skipped,skipped,skipped,,10
3309,Lab,skipped,skipped,skipped,skipped,skipped,skipped,skipped,skipped,skipped,,10
3310,Lab,skipped,skipped,skipped,skipped,skipped,skipped,skipped,skipped,skipped,,10
3311,Lab,skipped,skipped,skipped,skipped,skipped,skipped,skipped,skipped,skipped,,10
3312,Lab,skipped,skipped,skipped,skipped,skipped,skipped,skipped,skipped,skipped,,10
3313,Lab,skipped,skipped,skipped,skipped,skipped,skipped,skipped,skipped,skipped,,10
3314,Lab,skipped,skipped,skipped,skipped,skipped,skipped,skipped,skipped,skipped,,10
3315,Lab,skipped,skipped,skipped,skipped,skipped,skipped,skipped,skipped,skipped,,10
3316,Lab,skipped,skipped,skipped,skipped,skipped,skipped,skipped,skipped,skipped,,10
3317,Lab,skipped,skipped,skipped,skipped,skipped,skipped,skipped,skipped,skipped,,10
3318,Lab,skipped,skipped,skipped,skipped,skipped,skipped,skipped,skipped,skipped,,10
3319,Lab,skipped,skipped,skipped,skipped,skipped,skipped,skipped,skipped,skipped,,10
3320,Lab,skipped,skipped,skipped,skipped,skipped,skipped,skipped,skipped,skipped,,10
3321,Lab,skipped,skipped,skipped,skipped,skipped,skipped,skipped,skipped,skipped,,10
3322,Lab,skipped,skipped,skipped,skipped,skipped,skipped,skipped,skipped,skipped,,10
3323,Lab,skipped,skipped,skipped,skipped,skipped,skipped,skipped,skipped,skipped,,10
3324,Lab,skipped,skipped,skipped,skipped,skipped,skipped,skipped,skipped,skipped,,10
3325,Lab,skipped,skipped,skipped,skipped,skipped,skipped,skipped,skipped,skipped,,10
3326,Lab,skipped,skipped,skipped,skipped,skipped,skipped,skipped,skipped,skipped,,10
3327,Lab,skipped,skipped,skipped,skipped,skipped,skipped,skipped,skipped,skipped,,10
3328,Lab,skipped,skipped,skipped,skipped,skipped,skipped,skipped,skipped,skipped,,10
3329,Lab,skipped,skipped,skipped,skipped,skipped,skipped,skipped,skipped,skipped,,10
3330,Lab,skipped,skipped,skipped,skipped,skipped,skipped,skipped,skipped,skipped,,10
3331,Lab,skipped,skipped,skipped,skipped,skipped,skipped,skipped,skipped,skipped,,10
3332,Lab,skipped,skipped,skipped,skipped,skipped,skipped,skipped,skipped,skipped,,10
3333,Lab,skipped,skipped,skipped,skipped,skipped,skipped,skipped,skipped,skipped,,10
3334,Lab,skipped,skipped,skipped,skipped,skipped,skipped,skipped,skipped,skipped,,10
3335,Lab,skipped,skipped,skipped,skipped,skipped,skipped,skipped,skipped,skipped,,10
3336,Lab,skipped,skipped,skipped,skipped,skipped,skipped,skipped,skipped,skipped,,10
3337,Lab,skipped,skipped,skipped,skipped,skipped,skipped,skipped,skipped,skipped,,10
3338,Lab,skipped,skipped,skipped,skipped,skipped,skipped,skipped,skipped,skipped,,10
3339,Lab,skipped,skipped,skipped,skipped,skipped,skipped,skipped,skipped,skipped,,10
3340,Lab,skipped,skipped,skipped,skipped,skipped,skipped,skipped,skipped,skipped,,10
3341,Lab,skipped,skipped,skipped,skipped,skipped,skipped,skipped,skipped,skipped,,10
3342,Lab,skipped,skipped,skipped,skipped,skipped,skipped,skipped,skipped,skipped,,10
3343,Lab,skipped,skipped,skipped,skipped,skipped,skipped,skipped,skipped,skipped,,10
3344,Lab,skipped,skipped,skipped,skipped,skipped,skipped,skipped,skipped,skipped,,10
3345,Lab,skipped,skipped,skipped,skipped,skipped,skipped,skipped,skipped,skipped,,10
3346,Lab,skipped,skipped,skipped,skipped,skipped,skipped,skipped,skipped,skipped,,10
3347,Lab,skipped,skipped,skipped,skipped,skipped,skipped,skipped,skipped,skipped,,10
3348,Lab,skipped,skipped,skipped,skipped,skipped,skipped,skipped,skipped,skipped,,10
3349,Lab,skipped,skipped,skipped,skipped,skipped,skipped,skipped,skipped,skipped,,10
3350,Lab,skipped,skipped,skipped,skipped,skipped,skipped,skipped,skipped,skipped,,10
3351,Lab,skipped,skipped,skipped,skipped,skipped,skipped,skipped,skipped,skipped,,10
3352,Lab,skipped,skipped,skipped,skipped,skipped,skipped,skipped,skipped,skipped,,10
3353,Lab,skipped,skipped,skipped,skipped,skipped,skipped,skipped,skipped,skipped,,10
3354,Lab,skipped,skipped,skipped,skipped,skipped,skipped,skipped,skipped,skipped,,10
3355,Lab,skipped,skipped,skipped,skipped,skipped,skipped,skipped,skipped,skipped,,10
3356,Lab,skipped,skipped,skipped,skipped,skipped,skipped,skipped,skipped,skipped,,10
3357,Lab,skipped,skipped,skipped,skipped,skipped,skipped,skipped,skipped,skipped,,10
3358,Lab,skipped,skipped,skipped,skipped,skipped,skipped,skipped,skipped,skipped,,10
3359,Lab,skipped,skipped,skipped,skipped,skipped,skipped,skipped,skipped,skipped,,10
3360,Lab,skipped,skipped,skipped,skipped,skipped,skipped,skipped,skipped,skipped,,10
3361,Lab,skipped,skipped,skipped,skipped,skipped,skipped,skipped,skipped,skipped,,10
3362,Lab,skipped,skipped,skipped,skipped,skipped,skipped,skipped,skipped,skipped,,10
3363,Lab,skipped,skipped,skipped,skipped,skipped,skipped,skipped,skipped,skipped,,10
3364,Lab,skipped,skipped,skipped,skipped,skipped,skipped,skipped,skipped,skipped,,10
3365,Lab,skipped,skipped,skipped,skipped,skipped,skipped,skipped,skipped,skipped,,10
3366,Lab,skipped,skipped,skipped,skipped,skipped,skipped,skipped,skipped,skipped,,10
3367,Lab,skipped,skipped,skipped,skipped,skipped,skipped,skipped,skipped,skipped,,10
3368,Lab,skipped,skipped,skipped,skipped,skipped,skipped,skipped,skipped,skipped,,10
3369,Lab,skipped,skipped,skipped,skipped,skipped,skipped,skipped,skipped,skipped,,10
3370,Lab,skipped,skipped,skipped,skipped,skipped,skipped,skipped,skipped,skipped,,10
3371,Lab,skipped,skipped,skipped,skipped,skipped,skipped,skipped,skipped,skipped,,10
3372,Lab,skipped,skipped,skipped,skipped,skipped,skipped,skipped,skipped,skipped,,10
3373,Lab,skipped,skipped,skipped,skipped,skipped,skipped,skipped,skipped,skipped,,10
3374,Lab,skipped,skipped,skipped,skipped,skipped,skipped,skipped,skipped,skipped,,10
3375,Lab,skipped,skipped,skipped,skipped,skipped,skipped,skipped,skipped,skipped,,10
3376,Lab,skipped,skipped,skipped,skipped,skipped,skipped,skipped,skipped,skipped,,10
3377,Lab,skipped,skipped,skipped,skipped,skipped,skipped,skipped,skipped,skipped,,10
3378,Lab,skipped,skipped,skipped,skipped,skipped,skipped,skipped,skipped,skipped,,10
3379,Lab,skipped,skipped,skipped,skipped,skipped,skipped,skipped,skipped,skipped,,10
3380,Lab,skipped,skipped,skipped,skipped,skipped,skipped,skipped,skipped,skipped,,10
3381,Lab,skipped,skipped,skipped,skipped,skipped,skipped,skipped,skipped,skipped,,10
3382,Lab,skipped,skipped,skipped,skipped,skipped,skipped,skipped,skipped,skipped,,10
3383,Lab,skipped,skipped,skipped,skipped,skipped,skipped,skipped,skipped,skipped,,10
3384,Lab,skipped,skipped,skipped,skipped,skipped,skipped,skipped,skipped,skipped,,10
3385,Lab,skipped,skipped,skipped,skipped,skipped,skipped,skipped,skipped,skipped,,10
3386,Lab,skipped,skipped,skipped,skipped,skipped,skipped,skipped,skipped,skipped,,10
3387,Lab,skipped,skipped,skipped,skipped,skipped,skipped,skipped,skipped,skipped,,10
3388,Lab,skipped,skipped,skipped,skipped,skipped,skipped,skipped,skipped,skipped,,10
3389,Lab,skipped,skipped,skipped,skipped,skipped,skipped,skipped,skipped,skipped,,10
3390,Lab,skipped,skipped,skipped,skipped,skipped,skipped,skipped,skipped,skipped,,10
3391,Lab,skipped,skipped,skipped,skipped,skipped,skipped,skipped,skipped,skipped,,10
3392,Lab,skipped,skipped,skipped,skipped,skipped,skipped,skipped,skipped,skipped,,10
3393,Lab,skipped,skipped,skipped,skipped,skipped,skipped,skipped,skipped,skipped,,10
3394,Lab,skipped,skipped,skipped,skipped,skipped,skipped,skipped,skipped,skipped,,10
3395,Lab,skipped,skipped,skipped,skipped,skipped,skipped,skipped,skipped,skipped,,10
3396,Lab,skipped,skipped,skipped,skipped,skipped,skipped,skipped,skipped,skipped,,10
3397,Lab,skipped,skipped,skipped,skipped,skipped,skipped,skipped,skipped,skipped,,10
3398,Lab,skipped,skipped,skipped,skipped,skipped,skipped,skipped,skipped,skipped,,10
3399,Lab,skipped,skipped,skipped,skipped,skipped,skipped,skipped,skipped,skipped,,10
3400,Lab,skipped,skipped,skipped,skipped,skipped,skipped,skipped,skipped,skipped,,10
3401,Lab,skipped,skipped,skipped,skipped,skipped,skipped,skipped,skipped,skipped,,10
3402,Lab,skipped,skipped,skipped,skipped,skipped,skipped,skipped,skipped,skipped,,10
3403,Lab,skipped,skipped,skipped,skipped,skipped,skipped,skipped,skipped,skipped,,10
3404,Lab,skipped,skipped,skipped,skipped,skipped,skipped,skipped,skipped,skipped,,10
3405,Lab,skipped,skipped,skipped,skipped,skipped,skipped,skipped,skipped,skipped,,10
3406,Lab,skipped,skipped,skipped,skipped,skipped,skipped,skipped,skipped,skipped,,10
3407,Lab,skipped,skipped,skipped,skipped,skipped,skipped,skipped,skipped,skipped,,10
3408,Lab,skipped,skipped,skipped,skipped,skipped,skipped,skipped,skipped,skipped,,10
3409,Lab,skipped,skipped,skipped,skipped,skipped,skipped,skipped,skipped,skipped,,10
3410,Lab,skipped,skipped,skipped,skipped,skipped,skipped,skipped,skipped,skipped,,10
3411,Lab,skipped,skipped,skipped,skipped,skipped,skipped,skipped,skipped,skipped,,10
3412,Lab,skipped,skipped,skipped,skipped,skipped,skipped,skipped,skipped,skipped,,10
3413,Lab,skipped,skipped,skipped,skipped,skipped,skipped,skipped,skipped,skipped,,10
3414,Lab,skipped,skipped,skipped,skipped,skipped,skipped,skipped,skipped,skipped,,10
3415,Lab,skipped,skipped,skipped,skipped,skipped,skipped,skipped,skipped,skipped,,10
3416,Lab,skipped,skipped,skipped,skipped,skipped,skipped,skipped,skipped,skipped,,10
3417,Lab,skipped,skipped,skipped,skipped,skipped,skipped,skipped,skipped,skipped,,10
3418,Lab,skipped,skipped,skipped,skipped,skipped,skipped,skipped,skipped,skipped,,10
3419,Lab,skipped,skipped,skipped,skipped,skipped,skipped,skipped,skipped,skipped,,10
3420,Lab,skipped,skipped,skipped,skipped,skipped,skipped,skipped,skipped,skipped,,10
3421,Lab,skipped,skipped,skipped,skipped,skipped,skipped,skipped,skipped,skipped,,10
3422,Lab,skipped,skipped,skipped,skipped,skipped,skipped,skipped,skipped,skipped,,10
3423,Lab,skipped,skipped,skipped,skipped,skipped,skipped,skipped,skipped,skipped,,10
3424,Lab,skipped,skipped,skipped,skipped,skipped,skipped,skipped,skipped,skipped,,10
3425,Lab,skipped,skipped,skipped,skipped,skipped,skipped,skipped,skipped,skipped,,10
3426,Lab,skipped,skipped,skipped,skipped,skipped,skipped,skipped,skipped,skipped,,10
3427,Lab,skipped,skipped,skipped,skipped,skipped,skipped,skipped,skipped,skipped,,10
3428,Lab,skipped,skipped,skipped,skipped,skipped,skipped,skipped,skipped,skipped,,10
3429,Lab,skipped,skipped,skipped,skipped,skipped,skipped,skipped,skipped,skipped,,10
3430,Lab,skipped,skipped,skipped,skipped,skipped,skipped,skipped,skipped,skipped,,10
3431,Lab,skipped,skipped,skipped,skipped,skipped,skipped,skipped,skipped,skipped,,10
3432,Lab,skipped,skipped,skipped,skipped,skipped,skipped,skipped,skipped,skipped,,10
3433,Lab,skipped,skipped,skipped,skipped,skipped,skipped,skipped,skipped,skipped,,10
3434,Lab,skipped,skipped,skipped,skipped,skipped,skipped,skipped,skipped,skipped,,10
3435,Lab,skipped,skipped,skipped,skipped,skipped,skipped,skipped,skipped,skipped,,10
3436,Lab,skipped,skipped,skipped,skipped,skipped,skipped,skipped,skipped,skipped,,10
3437,Lab,skipped,skipped,skipped,skipped,skipped,skipped,skipped,skipped,skipped,,10
3438,Lab,skipped,skipped,skipped,skipped,skipped,skipped,skipped,skipped,skipped,,10
3439,Lab,skipped,skipped,skipped,skipped,skipped,skipped,skipped,skipped,skipped,,10
3440,Lab,Con,skipped,skipped,skipped,skipped,skipped,skipped,skipped,skipped,,10
3441,Lab,Con,skipped,skipped,skipped,skipped,skipped,skipped,skipped,skipped,,10
3442,Lab,Con,skipped,skipped,skipped,skipped,skipped,skipped,skipped,skipped,,10
3443,Lab,Con,Grn,skipped,skipped,skipped,skipped,skipped,skipped,skipped,,10
3444,Lab,Con,LD,skipped,skipped,skipped,skipped,skipped,skipped,skipped,,10
3445,Lab,Con,LD,skipped,skipped,skipped,skipped,skipped,skipped,skipped,,10
3446,Lab,Con,LD,skipped,skipped,skipped,skipped,skipped,skipped,skipped,,10
3447,Lab,Sol,skipped,skipped,skipped,skipped,skipped,skipped,skipped,skipped,,10
3448,Lab,Sol,skipped,skipped,skipped,skipped,skipped,skipped,skipped,skipped,,10
3449,Lab,Sol,skipped,skipped,skipped,skipped,skipped,skipped,skipped,skipped,,10
3450,Lab,Sol,skipped,skipped,skipped,skipped,skipped,skipped,skipped,skipped,,10
3451,Lab,Sol,skipped,skipped,skipped,skipped,skipped,skipped,skipped,skipped,,10
3452,Lab,Sol,skipped,skipped,skipped,skipped,skipped,skipped,skipped,skipped,,10
3453,Lab,Sol,skipped,skipped,skipped,skipped,skipped,skipped,skipped,skipped,,10
3454,Lab,Sol,skipped,skipped,skipped,skipped,skipped,skipped,skipped,skipped,,10
3455,Lab,Sol,skipped,skipped,skipped,skipped,skipped,skipped,skipped,skipped,,10
3456,Lab,Sol,Con,LD,SNP,SU,Soc,Grn,skipped,skipped,,10
3457,Lab,Sol,Soc,Grn,LD,SU,SNP,Con,skipped,skipped,,10
3458,Lab,Sol,Soc,Grn,SU,skipped,skipped,skipped,skipped,skipped,,10
3459,Lab,Sol,Soc,SNP,SU,LD,Con,Grn,skipped,skipped,,10
3460,Lab,Sol,LD,Soc,SNP,Grn,Con,SU,skipped,skipped,,10
3461,Lab,Sol,SNP,Soc,SU,Grn,LD,Con,skipped,skipped,,10
3462,Lab,Sol,SU,Grn,Soc,SNP,LD,Con,skipped,skipped,,10
3463,Lab,Grn,skipped,skipped,skipped,skipped,skipped,skipped,skipped,skipped,,10
3464,Lab,Grn,skipped,skipped,skipped,skipped,skipped,skipped,skipped,skipped,,10
3465,Lab,Grn,skipped,skipped,skipped,skipped,skipped,skipped,skipped,skipped,,10
3466,Lab,Grn,skipped,skipped,skipped,skipped,skipped,skipped,skipped,skipped,,10
3467,Lab,Grn,skipped,skipped,skipped,skipped,skipped,skipped,skipped,skipped,,10
3468,Lab,Grn,skipped,skipped,skipped,skipped,skipped,skipped,skipped,skipped,,10
3469,Lab,Grn,skipped,skipped,skipped,skipped,skipped,skipped,skipped,skipped,,10
3470,Lab,Grn,skipped,skipped,skipped,skipped,skipped,skipped,skipped,skipped,,10
3471,Lab,Grn,skipped,skipped,skipped,skipped,skipped,skipped,skipped,skipped,,10
3472,Lab,Grn,skipped,skipped,skipped,skipped,skipped,skipped,skipped,skipped,,10
3473,Lab,Grn,skipped,skipped,skipped,skipped,skipped,skipped,skipped,skipped,,10
3474,Lab,Grn,skipped,skipped,skipped,skipped,skipped,skipped,skipped,skipped,,10
3475,Lab,Grn,skipped,skipped,skipped,skipped,skipped,skipped,skipped,skipped,,10
3476,Lab,Grn,skipped,skipped,skipped,skipped,skipped,skipped,skipped,skipped,,10
3477,Lab,Grn,skipped,skipped,skipped,skipped,skipped,skipped,skipped,skipped,,10
3478,Lab,Grn,skipped,skipped,skipped,skipped,skipped,skipped,skipped,skipped,,10
3479,Lab,Grn,skipped,skipped,skipped,skipped,skipped,skipped,skipped,skipped,,10
3480,Lab,Grn,Con,SU,LD,Soc,SNP,Sol,skipped,skipped,,10
3481,Lab,Grn,Sol,LD,Con,skipped,skipped,skipped,skipped,skipped,,10
3482,Lab,Grn,Soc,Sol,LD,Con,SNP,SU,skipped,skipped,,10
3483,Lab,Grn,Soc,SNP,LD,Con,Sol,SU,skipped,skipped,,10
3484,Lab,Grn,Soc,SU,Sol,LD,Con,SNP,skipped,skipped,,10
3485,Lab,Grn,Soc,SU,Sol,SNP,LD,Con,skipped,skipped,,10
3486,Lab,Grn,Soc,SU,LD,Con,Sol,SNP,skipped,skipped,,10
3487,Lab,Grn,Soc,SU,SNP,LD,Con,Sol,skipped,skipped,,10
3488,Lab,Grn,Soc,SU,SNP,LD,Con,Sol,skipped,skipped,,10
3489,Lab,Grn,Soc,SU,SNP,LD,Con,Sol,skipped,skipped,,10
3490,Lab,Grn,Soc,SU,SNP,LD,Sol,Con,skipped,skipped,,10
3491,Lab,Grn,Soc,SU,SNP,LD,Sol,Con,skipped,skipped,,10
3492,Lab,Grn,LD,skipped,skipped,skipped,skipped,skipped,skipped,skipped,,10
3493,Lab,Grn,LD,skipped,skipped,skipped,skipped,skipped,skipped,skipped,,10
3494,Lab,Grn,LD,Soc,Sol,SU,Con,SNP,skipped,skipped,,10
3495,Lab,Grn,SNP,Sol,LD,Soc,Con,SU,skipped,skipped,,10
3496,Lab,Grn,SNP,LD,Sol,SU,Soc,Con,skipped,skipped,,10
3497,Lab,Grn,SU,Soc,LD,Con,SNP,Sol,skipped,skipped,,10
3498,Lab,Grn,SU,Soc,SNP,Sol,Con,LD,skipped,skipped,,10
3499,Lab,Soc,skipped,skipped,skipped,skipped,skipped,skipped,skipped,skipped,,10
3500,Lab,Soc,skipped,skipped,skipped,skipped,skipped,skipped,skipped,skipped,,10
3501,Lab,Soc,skipped,skipped,skipped,skipped,skipped,skipped,skipped,skipped,,10
3502,Lab,Soc,skipped,skipped,skipped,skipped,skipped,skipped,skipped,skipped,,10
3503,Lab,Soc,skipped,skipped,skipped,skipped,skipped,skipped,skipped,skipped,,10
3504,Lab,Soc,skipped,skipped,skipped,skipped,skipped,skipped,skipped,skipped,,10
3505,Lab,Soc,skipped,skipped,skipped,skipped,skipped,skipped,skipped,skipped,,10
3506,Lab,Soc,skipped,skipped,skipped,skipped,skipped,skipped,skipped,skipped,,10
3507,Lab,Soc,skipped,skipped,skipped,skipped,skipped,skipped,skipped,skipped,,10
3508,Lab,Soc,skipped,skipped,skipped,skipped,skipped,skipped,skipped,skipped,,10
3509,Lab,Soc,skipped,skipped,skipped,skipped,skipped,skipped,skipped,skipped,,10
3510,Lab,Soc,skipped,skipped,skipped,skipped,skipped,skipped,skipped,skipped,,10
3511,Lab,Soc,Con,Sol,skipped,skipped,skipped,skipped,skipped,skipped,,10
3512,Lab,Soc,Sol,skipped,skipped,skipped,skipped,skipped,skipped,skipped,,10
3513,Lab,Soc,Sol,LD,Grn,SNP,skipped,skipped,skipped,skipped,,10
3514,Lab,Soc,Sol,LD,SNP,SU,Grn,Con,skipped,skipped,,10
3515,Lab,Soc,SNP,skipped,skipped,skipped,skipped,skipped,skipped,skipped,,10
3516,Lab,Soc,SNP,skipped,skipped,skipped,skipped,skipped,skipped,skipped,,10
3517,Lab,Soc,SNP,Grn,SU,Sol,LD,Con,skipped,skipped,,10
3518,Lab,Soc,SU,skipped,skipped,skipped,skipped,skipped,skipped,skipped,,10
3519,Lab,Soc,SU,SNP,Con,LD,Sol,Grn,skipped,skipped,,10
3520,Lab,LD,skipped,skipped,skipped,skipped,skipped,skipped,skipped,skipped,,10
3521,Lab,LD,skipped,skipped,skipped,skipped,skipped,skipped,skipped,skipped,,10
3522,Lab,LD,skipped,skipped,skipped,skipped,skipped,skipped,skipped,skipped,,10
3523,Lab,LD,skipped,skipped,skipped,skipped,skipped,skipped,skipped,skipped,,10
3524,Lab,LD,skipped,skipped,skipped,skipped,skipped,skipped,skipped,skipped,,10
3525,Lab,LD,skipped,skipped,skipped,skipped,skipped,skipped,skipped,skipped,,10
3526,Lab,LD,skipped,skipped,skipped,skipped,skipped,skipped,skipped,skipped,,10
3527,Lab,LD,skipped,skipped,skipped,skipped,skipped,skipped,skipped,skipped,,10
3528,Lab,LD,skipped,skipped,skipped,skipped,skipped,skipped,skipped,skipped,,10
3529,Lab,LD,skipped,skipped,skipped,skipped,skipped,skipped,skipped,skipped,,10
3530,Lab,LD,skipped,skipped,skipped,skipped,skipped,skipped,skipped,skipped,,10
3531,Lab,LD,skipped,skipped,skipped,skipped,skipped,skipped,skipped,skipped,,10
3532,Lab,LD,Con,Sol,SU,Soc,Grn,SNP,skipped,skipped,,10
3533,Lab,LD,Con,Grn,Soc,SU,SNP,Sol,skipped,skipped,,10
3534,Lab,LD,Con,Grn,Soc,SU,SNP,Sol,skipped,skipped,,10
3535,Lab,LD,Con,Soc,Sol,SNP,Grn,SU,skipped,skipped,,10
3536,Lab,LD,Con,SNP,Soc,SU,Grn,Sol,skipped,skipped,,10
3537,Lab,LD,Con,SU,Grn,Soc,Sol,skipped,skipped,skipped,,10
3538,Lab,LD,Sol,Con,Soc,Grn,SU,SNP,skipped,skipped,,10
3539,Lab,LD,Grn,Soc,SNP,Con,Sol,SU,skipped,skipped,,10
3540,Lab,LD,Grn,SNP,skipped,skipped,skipped,skipped,skipped,skipped,,10
3541,Lab,LD,Grn,SNP,skipped,skipped,skipped,skipped,skipped,skipped,,10
3542,Lab,LD,Grn,SNP,Soc,Sol,SU,Con,skipped,skipped,,10
3543,Lab,LD,Grn,SU,Soc,SNP,Sol,Con,skipped,skipped,,10
3544,Lab,LD,SNP,Grn,Soc,SU,Sol,Con,skipped,skipped,,10
3545,Lab,LD,SNP,Soc,Grn,SU,Con,Sol,skipped,skipped,,10
3546,Lab,LD,SU,skipped,skipped,skipped,skipped,skipped,skipped,skipped,,10
3547,Lab,LD,SU,skipped,skipped,skipped,skipped,skipped,skipped,skipped,,10
3548,Lab,LD,SU,Soc,Grn,Con,SNP,Sol,skipped,skipped,,10
3549,Lab,LD,SU,Soc,Grn,Sol,SNP,Con,skipped,skipped,,10
3550,Lab,LD,SU,SNP,Soc,Con,Sol,Grn,skipped,skipped,,10
3551,Lab,SNP,skipped,skipped,skipped,skipped,skipped,skipped,skipped,skipped,,10
3552,Lab,SNP,skipped,skipped,skipped,skipped,skipped,skipped,skipped,skipped,,10
3553,Lab,SNP,skipped,skipped,skipped,skipped,skipped,skipped,skipped,skipped,,10
3554,Lab,SNP,skipped,skipped,skipped,skipped,skipped,skipped,skipped,skipped,,10
3555,Lab,SNP,skipped,skipped,skipped,skipped,skipped,skipped,skipped,skipped,,10
3556,Lab,SNP,skipped,skipped,skipped,skipped,skipped,skipped,skipped,skipped,,10
3557,Lab,SNP,skipped,skipped,skipped,skipped,skipped,skipped,skipped,skipped,,10
3558,Lab,SNP,skipped,skipped,skipped,skipped,skipped,skipped,skipped,skipped,,10
3559,Lab,SNP,skipped,skipped,skipped,skipped,skipped,skipped,skipped,skipped,,10
3560,Lab,SNP,skipped,skipped,skipped,skipped,skipped,skipped,skipped,skipped,,10
3561,Lab,SNP,skipped,skipped,skipped,skipped,skipped,skipped,skipped,skipped,,10
3562,Lab,SNP,skipped,skipped,skipped,skipped,skipped,skipped,skipped,skipped,,10
3563,Lab,SNP,skipped,skipped,skipped,skipped,skipped,skipped,skipped,skipped,,10
3564,Lab,SNP,skipped,skipped,skipped,skipped,skipped,skipped,skipped,skipped,,10
3565,Lab,SNP,skipped,skipped,skipped,skipped,skipped,skipped,skipped,skipped,,10
3566,Lab,SNP,skipped,skipped,skipped,skipped,skipped,skipped,skipped,skipped,,10
3567,Lab,SNP,skipped,skipped,skipped,skipped,skipped,skipped,skipped,skipped,,10
3568,Lab,SNP,skipped,skipped,skipped,skipped,skipped,skipped,skipped,skipped,,10
3569,Lab,SNP,skipped,skipped,skipped,skipped,skipped,skipped,skipped,skipped,,10
3570,Lab,SNP,skipped,skipped,skipped,skipped,skipped,skipped,skipped,skipped,,10
3571,Lab,SNP,skipped,skipped,skipped,skipped,skipped,skipped,skipped,skipped,,10
3572,Lab,SNP,skipped,skipped,skipped,skipped,skipped,skipped,skipped,skipped,,10
3573,Lab,SNP,skipped,skipped,skipped,skipped,skipped,skipped,skipped,skipped,,10
3574,Lab,SNP,skipped,skipped,skipped,skipped,skipped,skipped,skipped,skipped,,10
3575,Lab,SNP,skipped,skipped,skipped,skipped,skipped,skipped,skipped,skipped,,10
3576,Lab,SNP,skipped,skipped,skipped,skipped,skipped,skipped,skipped,skipped,,10
3577,Lab,SNP,skipped,skipped,skipped,skipped,skipped,skipped,skipped,skipped,,10
3578,Lab,SNP,Con,skipped,skipped,skipped,skipped,skipped,skipped,skipped,,10
3579,Lab,SNP,Grn,skipped,skipped,skipped,skipped,skipped,skipped,skipped,,10
3580,Lab,SNP,Grn,LD,Con,SU,Soc,Sol,skipped,skipped,,10
3581,Lab,SNP,Grn,LD,Soc,Con,Sol,skipped,skipped,skipped,,10
3582,Lab,SNP,Grn,LD,Soc,Con,SU,Sol,skipped,skipped,,10
3583,Lab,SNP,Soc,skipped,skipped,skipped,skipped,skipped,skipped,skipped,,10
3584,Lab,SNP,Soc,Con,LD,Sol,Grn,SU,skipped,skipped,,10
3585,Lab,SNP,Soc,Grn,Sol,Con,LD,skipped,skipped,skipped,,10
3586,Lab,SNP,Soc,Grn,SU,LD,Con,Sol,skipped,skipped,,10
3587,Lab,SNP,Soc,SU,LD,Con,Grn,Sol,skipped,skipped,,10
3588,Lab,SNP,LD,Sol,Grn,Soc,Con,SU,skipped,skipped,,10
3589,Lab,SNP,LD,Sol,Soc,Grn,SU,Con,skipped,skipped,,10
3590,Lab,SNP,LD,Grn,Con,Sol,SU,Soc,skipped,skipped,,10
3591,Lab,SNP,LD,Soc,Sol,SU,Grn,Con,skipped,skipped,,10
3592,Lab,SNP,LD,Soc,Grn,SU,Sol,Con,skipped,skipped,,10
3593,Lab,SU,skipped,skipped,skipped,skipped,skipped,skipped,skipped,skipped,,10
3594,Lab,SU,skipped,skipped,skipped,skipped,skipped,skipped,skipped,skipped,,10
3595,Lab,SU,skipped,skipped,skipped,skipped,skipped,skipped,skipped,skipped,,10
3596,Lab,SU,LD,Con,Grn,Soc,Sol,SNP,skipped,skipped,,10
3597,Lab,SU,LD,Soc,SNP,Grn,Con,Sol,skipped,skipped,,10
3598,Lab,Con,skipped,skipped,skipped,skipped,skipped,skipped,skipped,skipped,,10
3599,Lab,Con,skipped,skipped,skipped,skipped,skipped,skipped,skipped,skipped,,10
3600,Lab,Con,Grn,Soc,SU,LD,Sol,SNP,skipped,skipped,,10
3601,Lab,Con,Grn,LD,SU,SNP,Sol,Soc,skipped,skipped,,10
3602,Lab,Con,LD,skipped,skipped,skipped,skipped,skipped,skipped,skipped,,10
3603,Lab,Con,SU,Grn,SNP,Soc,LD,Sol,skipped,skipped,,10
3604,Lab,Sol,skipped,skipped,skipped,skipped,skipped,skipped,skipped,skipped,,10
3605,Lab,Sol,skipped,skipped,skipped,skipped,skipped,skipped,skipped,skipped,,10
3606,Lab,Sol,skipped,skipped,skipped,skipped,skipped,skipped,skipped,skipped,,10
3607,Lab,Sol,skipped,skipped,skipped,skipped,skipped,skipped,skipped,skipped,,10
3608,Lab,Sol,skipped,skipped,skipped,skipped,skipped,skipped,skipped,skipped,,10
3609,Lab,Sol,skipped,skipped,skipped,skipped,skipped,skipped,skipped,skipped,,10
3610,Lab,Sol,skipped,skipped,skipped,skipped,skipped,skipped,skipped,skipped,,10
3611,Lab,Sol,skipped,skipped,skipped,skipped,skipped,skipped,skipped,skipped,,10
3612,Lab,Sol,skipped,skipped,skipped,skipped,skipped,skipped,skipped,skipped,,10
3613,Lab,Sol,skipped,skipped,skipped,skipped,skipped,skipped,skipped,skipped,,10
3614,Lab,Sol,skipped,skipped,skipped,skipped,skipped,skipped,skipped,skipped,,10
3615,Lab,Sol,skipped,skipped,skipped,skipped,skipped,skipped,skipped,skipped,,10
3616,Lab,Sol,skipped,skipped,skipped,skipped,skipped,skipped,skipped,skipped,,10
3617,Lab,Sol,skipped,skipped,skipped,skipped,skipped,skipped,skipped,skipped,,10
3618,Lab,Sol,skipped,skipped,skipped,skipped,skipped,skipped,skipped,skipped,,10
3619,Lab,Sol,Soc,skipped,skipped,skipped,skipped,skipped,skipped,skipped,,10
3620,Lab,Sol,Soc,Grn,SU,SNP,LD,Con,skipped,skipped,,10
3621,Lab,Sol,LD,Con,SNP,Soc,Grn,SU,skipped,skipped,,10
3622,Lab,Sol,SNP,SU,Con,Soc,LD,Grn,skipped,skipped,,10
3623,Lab,Grn,skipped,skipped,skipped,skipped,skipped,skipped,skipped,skipped,,10
3624,Lab,Grn,skipped,skipped,skipped,skipped,skipped,skipped,skipped,skipped,,10
3625,Lab,Grn,SNP,skipped,skipped,skipped,skipped,skipped,skipped,skipped,,10
3626,Lab,Grn,SNP,skipped,skipped,skipped,skipped,skipped,skipped,skipped,,10
3627,Lab,Soc,skipped,skipped,skipped,skipped,skipped,skipped,skipped,skipped,,10
3628,Lab,Soc,skipped,skipped,skipped,skipped,skipped,skipped,skipped,skipped,,10
3629,Lab,Soc,skipped,skipped,skipped,skipped,skipped,skipped,skipped,skipped,,10
3630,Lab,Soc,skipped,skipped,skipped,skipped,skipped,skipped,skipped,skipped,,10
3631,Lab,Soc,skipped,skipped,skipped,skipped,skipped,skipped,skipped,skipped,,10
3632,Lab,Soc,skipped,skipped,skipped,skipped,skipped,skipped,skipped,skipped,,10
3633,Lab,Soc,Sol,skipped,skipped,skipped,skipped,skipped,skipped,skipped,,10
3634,Lab,Soc,Sol,SNP,LD,Grn,SU,Con,skipped,skipped,,10
3635,Lab,Soc,Grn,SNP,Sol,Con,LD,SU,skipped,skipped,,10
3636,Lab,Soc,SNP,skipped,skipped,skipped,skipped,skipped,skipped,skipped,,10
3637,Lab,Soc,SNP,LD,Sol,Grn,SU,Con,skipped,skipped,,10
3638,Lab,LD,skipped,skipped,skipped,skipped,skipped,skipped,skipped,skipped,,10
3639,Lab,LD,skipped,skipped,skipped,skipped,skipped,skipped,skipped,skipped,,10
3640,Lab,LD,skipped,skipped,skipped,skipped,skipped,skipped,skipped,skipped,,10
3641,Lab,LD,skipped,skipped,skipped,skipped,skipped,skipped,skipped,skipped,,10
3642,Lab,LD,skipped,skipped,skipped,skipped,skipped,skipped,skipped,skipped,,10
3643,Lab,LD,skipped,skipped,skipped,skipped,skipped,skipped,skipped,skipped,,10
3644,Lab,LD,skipped,skipped,skipped,skipped,skipped,skipped,skipped,skipped,,10
3645,Lab,LD,skipped,skipped,skipped,skipped,skipped,skipped,skipped,skipped,,10
3646,Lab,LD,skipped,skipped,skipped,skipped,skipped,skipped,skipped,skipped,,10
3647,Lab,LD,skipped,skipped,skipped,skipped,skipped,skipped,skipped,skipped,,10
3648,Lab,LD,skipped,skipped,skipped,skipped,skipped,skipped,skipped,skipped,,10
3649,Lab,LD,skipped,skipped,skipped,skipped,skipped,skipped,skipped,skipped,,10
3650,Lab,LD,Sol,skipped,skipped,skipped,skipped,skipped,skipped,skipped,,10
3651,Lab,LD,Grn,skipped,skipped,skipped,skipped,skipped,skipped,skipped,,10
3652,Lab,LD,SNP,Sol,Grn,Soc,Con,skipped,skipped,skipped,,10
3653,Lab,LD,SU,skipped,skipped,skipped,skipped,skipped,skipped,skipped,,10
3654,Lab,SNP,skipped,skipped,skipped,skipped,skipped,skipped,skipped,skipped,,10
3655,Lab,SNP,skipped,skipped,skipped,skipped,skipped,skipped,skipped,skipped,,10
3656,Lab,SNP,skipped,skipped,skipped,skipped,skipped,skipped,skipped,skipped,,10
3657,Lab,SNP,skipped,skipped,skipped,skipped,skipped,skipped,skipped,skipped,,10
3658,Lab,SNP,skipped,skipped,skipped,skipped,skipped,skipped,skipped,skipped,,10
3659,Lab,SNP,skipped,skipped,skipped,skipped,skipped,skipped,skipped,skipped,,10
3660,Lab,SNP,skipped,skipped,skipped,skipped,skipped,skipped,skipped,skipped,,10
3661,Lab,SNP,skipped,skipped,skipped,skipped,skipped,skipped,skipped,skipped,,10
3662,Lab,SNP,skipped,skipped,skipped,skipped,skipped,skipped,skipped,skipped,,10
3663,Lab,SNP,skipped,skipped,skipped,skipped,skipped,skipped,skipped,skipped,,10
3664,Lab,SNP,skipped,skipped,skipped,skipped,skipped,skipped,skipped,skipped,,10
3665,Lab,SNP,skipped,skipped,skipped,skipped,skipped,skipped,skipped,skipped,,10
3666,Lab,SNP,skipped,skipped,skipped,skipped,skipped,skipped,skipped,skipped,,10
3667,Lab,SNP,skipped,skipped,skipped,skipped,skipped,skipped,skipped,skipped,,10
3668,Lab,SNP,skipped,skipped,skipped,skipped,skipped,skipped,skipped,skipped,,10
3669,Lab,SNP,skipped,skipped,skipped,skipped,skipped,skipped,skipped,skipped,,10
3670,Lab,SNP,skipped,skipped,skipped,skipped,skipped,skipped,skipped,skipped,,10
3671,Lab,SNP,skipped,skipped,skipped,skipped,skipped,skipped,skipped,skipped,,10
3672,Lab,SNP,skipped,skipped,skipped,skipped,skipped,skipped,skipped,skipped,,10
3673,Lab,SNP,skipped,skipped,skipped,skipped,skipped,skipped,skipped,skipped,,10
3674,Lab,SNP,skipped,skipped,skipped,skipped,skipped,skipped,skipped,skipped,,10
3675,Lab,SNP,skipped,skipped,skipped,skipped,skipped,skipped,skipped,skipped,,10
3676,Lab,SNP,skipped,skipped,skipped,skipped,skipped,skipped,skipped,skipped,,10
3677,Lab,SNP,skipped,skipped,skipped,skipped,skipped,skipped,skipped,skipped,,10
3678,Lab,SNP,skipped,skipped,skipped,skipped,skipped,skipped,skipped,skipped,,10
3679,Lab,SNP,skipped,skipped,skipped,skipped,skipped,skipped,skipped,skipped,,10
3680,Lab,SNP,skipped,skipped,skipped,skipped,skipped,skipped,skipped,skipped,,10
3681,Lab,SNP,skipped,skipped,skipped,skipped,skipped,skipped,skipped,skipped,,10
3682,Lab,SNP,skipped,skipped,skipped,skipped,skipped,skipped,skipped,skipped,,10
3683,Lab,SNP,skipped,skipped,skipped,skipped,skipped,skipped,skipped,skipped,,10
3684,Lab,SNP,skipped,skipped,skipped,skipped,skipped,skipped,skipped,skipped,,10
3685,Lab,SNP,skipped,skipped,skipped,skipped,skipped,skipped,skipped,skipped,,10
3686,Lab,SNP,skipped,skipped,skipped,skipped,skipped,skipped,skipped,skipped,,10
3687,Lab,SNP,skipped,skipped,skipped,skipped,skipped,skipped,skipped,skipped,,10
3688,Lab,SNP,skipped,skipped,skipped,skipped,skipped,skipped,skipped,skipped,,10
3689,Lab,SNP,skipped,skipped,skipped,skipped,skipped,skipped,skipped,skipped,,10
3690,Lab,SNP,Grn,skipped,skipped,skipped,skipped,skipped,skipped,skipped,,10
3691,Lab,SNP,Grn,SU,LD,Soc,Con,Sol,skipped,skipped,,10
3692,Lab,SNP,LD,Sol,Soc,Grn,Con,skipped,skipped,skipped,,10
3693,Lab,SNP,LD,Soc,Grn,Sol,SU,Con,skipped,skipped,,10
3694,Lab,SNP,Sol,skipped,skipped,skipped,skipped,skipped,skipped,skipped,,10
3695,Lab,SNP,Sol,skipped,skipped,skipped,skipped,skipped,skipped,skipped,,10
3696,Lab,SNP,Sol,skipped,skipped,skipped,skipped,skipped,skipped,skipped,,10
3697,Lab,SNP,Sol,skipped,skipped,skipped,skipped,skipped,skipped,skipped,,10
3698,Lab,SNP,Sol,skipped,skipped,skipped,skipped,skipped,skipped,skipped,,10
3699,Lab,SNP,Sol,Grn,Con,Soc,LD,SU,skipped,skipped,,10
3700,Lab,SNP,Sol,SU,skipped,skipped,skipped,skipped,skipped,skipped,,10
3701,Lab,SNP,Grn,skipped,skipped,skipped,skipped,skipped,skipped,skipped,,10
3702,Lab,SNP,Grn,LD,skipped,skipped,skipped,skipped,skipped,skipped,,10
3703,Lab,SNP,Soc,Sol,skipped,skipped,skipped,skipped,skipped,skipped,,10
3704,Lab,SNP,Soc,Grn,LD,Sol,Con,SU,skipped,skipped,,10
3705,Lab,SNP,LD,skipped,skipped,skipped,skipped,skipped,skipped,skipped,,10
3706,Lab,SNP,LD,skipped,skipped,skipped,skipped,skipped,skipped,skipped,,10
3707,Lab,SNP,LD,skipped,skipped,skipped,skipped,skipped,skipped,skipped,,10
3708,Lab,SNP,LD,Grn,Soc,skipped,skipped,skipped,skipped,skipped,,10
3709,Lab,SNP,LD,Grn,Soc,SU,Con,Sol,skipped,skipped,,10
3710,Lab,SNP,LD,Grn,Sol,Con,SU,Soc,skipped,skipped,,10
3711,Lab,SNP,LD,SU,Sol,Con,Grn,Soc,skipped,skipped,,10
3712,Lab,SU,skipped,skipped,skipped,skipped,skipped,skipped,skipped,skipped,,10
3713,Lab,SU,skipped,skipped,skipped,skipped,skipped,skipped,skipped,skipped,,10
3714,Lab,SU,skipped,skipped,skipped,skipped,skipped,skipped,skipped,skipped,,10
3715,Lab,SU,Grn,skipped,skipped,skipped,skipped,skipped,skipped,skipped,,10
3716,Lab,SU,Grn,Soc,LD,Con,SNP,Sol,skipped,skipped,,10
3717,Lab,SU,Con,LD,SNP,Soc,Grn,Sol,skipped,skipped,,10
3718,Lab,SU,Sol,skipped,skipped,skipped,skipped,skipped,skipped,skipped,,10
3719,Lab,SU,Grn,Soc,SNP,LD,Con,Sol,skipped,skipped,,10
3720,Lab,SU,LD,skipped,skipped,skipped,skipped,skipped,skipped,skipped,,10
3721,Lab,SU,SNP,Grn,Soc,Con,LD,Sol,skipped,skipped,,10
3722,Lab,Sol,skipped,skipped,skipped,skipped,skipped,skipped,skipped,skipped,,10
3723,Lab,Sol,skipped,skipped,skipped,skipped,skipped,skipped,skipped,skipped,,10
3724,Lab,Sol,skipped,skipped,skipped,skipped,skipped,skipped,skipped,skipped,,10
3725,Lab,Sol,skipped,skipped,skipped,skipped,skipped,skipped,skipped,skipped,,10
3726,Lab,Sol,skipped,skipped,skipped,skipped,skipped,skipped,skipped,skipped,,10
3727,Lab,Sol,skipped,skipped,skipped,skipped,skipped,skipped,skipped,skipped,,10
3728,Lab,Sol,skipped,skipped,skipped,skipped,skipped,skipped,skipped,skipped,,10
3729,Lab,Sol,skipped,skipped,skipped,skipped,skipped,skipped,skipped,skipped,,10
3730,Lab,Sol,skipped,skipped,skipped,skipped,skipped,skipped,skipped,skipped,,10
3731,Lab,Sol,skipped,skipped,skipped,skipped,skipped,skipped,skipped,skipped,,10
3732,Lab,Sol,skipped,skipped,skipped,skipped,skipped,skipped,skipped,skipped,,10
3733,Lab,Sol,skipped,skipped,skipped,skipped,skipped,skipped,skipped,skipped,,10
3734,Lab,Sol,skipped,skipped,skipped,skipped,skipped,skipped,skipped,skipped,,10
3735,Lab,Sol,skipped,skipped,skipped,skipped,skipped,skipped,skipped,skipped,,10
3736,Lab,Sol,skipped,skipped,skipped,skipped,skipped,skipped,skipped,skipped,,10
3737,Lab,Sol,skipped,skipped,skipped,skipped,skipped,skipped,skipped,skipped,,10
3738,Lab,Sol,skipped,skipped,skipped,skipped,skipped,skipped,skipped,skipped,,10
3739,Lab,Sol,skipped,skipped,skipped,skipped,skipped,skipped,skipped,skipped,,10
3740,Lab,Sol,skipped,skipped,skipped,skipped,skipped,skipped,skipped,skipped,,10
3741,Lab,Sol,skipped,skipped,skipped,skipped,skipped,skipped,skipped,skipped,,10
3742,Lab,Sol,skipped,skipped,skipped,skipped,skipped,skipped,skipped,skipped,,10
3743,Lab,Sol,skipped,skipped,skipped,skipped,skipped,skipped,skipped,skipped,,10
3744,Lab,Sol,skipped,skipped,skipped,skipped,skipped,skipped,skipped,skipped,,10
3745,Lab,Sol,skipped,skipped,skipped,skipped,skipped,skipped,skipped,skipped,,10
3746,Lab,Sol,Grn,Soc,SU,SNP,LD,Con,skipped,skipped,,10
3747,Lab,Sol,SNP,skipped,skipped,skipped,skipped,skipped,skipped,skipped,,10
3748,Lab,Sol,SNP,LD,Grn,Soc,Con,skipped,skipped,skipped,,10
3749,Lab,Sol,skipped,skipped,skipped,skipped,skipped,skipped,skipped,skipped,,10
3750,Lab,Sol,skipped,skipped,skipped,skipped,skipped,skipped,skipped,skipped,,10
3751,Lab,Sol,skipped,skipped,skipped,skipped,skipped,skipped,skipped,skipped,,10
3752,Lab,Sol,skipped,skipped,skipped,skipped,skipped,skipped,skipped,skipped,,10
3753,Lab,Sol,skipped,skipped,skipped,skipped,skipped,skipped,skipped,skipped,,10
3754,Lab,Sol,skipped,skipped,skipped,skipped,skipped,skipped,skipped,skipped,,10
3755,Lab,Sol,Soc,Grn,LD,Con,SU,SNP,skipped,skipped,,10
3756,Lab,Sol,SU,skipped,skipped,skipped,skipped,skipped,skipped,skipped,,10
3757,Lab,Sol,Grn,skipped,skipped,skipped,skipped,skipped,skipped,skipped,,10
3758,Lab,Sol,Grn,skipped,skipped,skipped,skipped,skipped,skipped,skipped,,10
3759,Lab,Sol,Grn,Soc,LD,SNP,SU,Con,skipped,skipped,,10
3760,Lab,Sol,Grn,Soc,skipped,skipped,skipped,skipped,skipped,skipped,,10
3761,Lab,Sol,Grn,Soc,skipped,skipped,skipped,skipped,skipped,skipped,,10
3762,Lab,Sol,Soc,skipped,skipped,skipped,skipped,skipped,skipped,skipped,,10
3763,Lab,Sol,Soc,skipped,skipped,skipped,skipped,skipped,skipped,skipped,,10
3764,Lab,Sol,Soc,skipped,skipped,skipped,skipped,skipped,skipped,skipped,,10
3765,Lab,Sol,Soc,skipped,skipped,skipped,skipped,skipped,skipped,skipped,,10
3766,Lab,Sol,Soc,LD,SNP,skipped,skipped,skipped,skipped,skipped,,10
3767,Lab,Sol,Soc,SNP,skipped,skipped,skipped,skipped,skipped,skipped,,10
3768,Lab,Sol,SNP,skipped,skipped,skipped,skipped,skipped,skipped,skipped,,10
3769,Lab,Sol,SNP,skipped,skipped,skipped,skipped,skipped,skipped,skipped,,10
3770,Lab,Sol,SNP,skipped,skipped,skipped,skipped,skipped,skipped,skipped,,10
3771,Lab,Sol,SNP,skipped,skipped,skipped,skipped,skipped,skipped,skipped,,10
3772,Lab,Sol,SNP,skipped,skipped,skipped,skipped,skipped,skipped,skipped,,10
3773,Lab,Sol,SNP,Soc,skipped,skipped,skipped,skipped,skipped,skipped,,10
3774,Lab,Sol,SNP,Soc,skipped,skipped,skipped,skipped,skipped,skipped,,10
3775,Lab,Sol,SNP,Soc,skipped,skipped,skipped,skipped,skipped,skipped,,10
3776,Lab,Sol,SNP,LD,skipped,skipped,skipped,skipped,skipped,skipped,,10
3777,Lab,Sol,SNP,LD,Grn,SU,Con,Soc,skipped,skipped,,10
3778,Lab,Grn,skipped,skipped,skipped,skipped,skipped,skipped,skipped,skipped,,10
3779,Lab,Grn,skipped,skipped,skipped,skipped,skipped,skipped,skipped,skipped,,10
3780,Lab,Grn,skipped,skipped,skipped,skipped,skipped,skipped,skipped,skipped,,10
3781,Lab,Grn,skipped,skipped,skipped,skipped,skipped,skipped,skipped,skipped,,10
3782,Lab,Grn,skipped,skipped,skipped,skipped,skipped,skipped,skipped,skipped,,10
3783,Lab,Grn,skipped,skipped,skipped,skipped,skipped,skipped,skipped,skipped,,10
3784,Lab,Grn,skipped,skipped,skipped,skipped,skipped,skipped,skipped,skipped,,10
3785,Lab,Grn,skipped,skipped,skipped,skipped,skipped,skipped,skipped,skipped,,10
3786,Lab,Grn,skipped,skipped,skipped,skipped,skipped,skipped,skipped,skipped,,10
3787,Lab,Grn,skipped,skipped,skipped,skipped,skipped,skipped,skipped,skipped,,10
3788,Lab,Grn,skipped,skipped,skipped,skipped,skipped,skipped,skipped,skipped,,10
3789,Lab,Grn,skipped,skipped,skipped,skipped,skipped,skipped,skipped,skipped,,10
3790,Lab,Grn,skipped,skipped,skipped,skipped,skipped,skipped,skipped,skipped,,10
3791,Lab,Grn,skipped,skipped,skipped,skipped,skipped,skipped,skipped,skipped,,10
3792,Lab,Grn,skipped,skipped,skipped,skipped,skipped,skipped,skipped,skipped,,10
3793,Lab,Grn,skipped,skipped,skipped,skipped,skipped,skipped,skipped,skipped,,10
3794,Lab,Grn,skipped,skipped,skipped,skipped,skipped,skipped,skipped,skipped,,10
3795,Lab,Grn,skipped,skipped,skipped,skipped,skipped,skipped,skipped,skipped,,10
3796,Lab,Grn,skipped,skipped,skipped,skipped,skipped,skipped,skipped,skipped,,10
3797,Lab,Grn,skipped,skipped,skipped,skipped,skipped,skipped,skipped,skipped,,10
3798,Lab,Grn,Sol,skipped,skipped,skipped,skipped,skipped,skipped,skipped,,10
3799,Lab,Grn,LD,skipped,skipped,skipped,skipped,skipped,skipped,skipped,,10
3800,Lab,Grn,Con,SNP,skipped,skipped,skipped,skipped,skipped,skipped,,10
3801,Lab,Grn,skipped,skipped,skipped,skipped,skipped,skipped,skipped,skipped,,10
3802,Lab,Grn,skipped,skipped,skipped,skipped,skipped,skipped,skipped,skipped,,10
3803,Lab,Grn,skipped,skipped,skipped,skipped,skipped,skipped,skipped,skipped,,10
3804,Lab,Grn,skipped,skipped,skipped,skipped,skipped,skipped,skipped,skipped,,10
3805,Lab,Grn,skipped,skipped,skipped,skipped,skipped,skipped,skipped,skipped,,10
3806,Lab,Grn,skipped,skipped,skipped,skipped,skipped,skipped,skipped,skipped,,10
3807,Lab,Grn,skipped,skipped,skipped,skipped,skipped,skipped,skipped,skipped,,10
3808,Lab,Grn,Con,skipped,skipped,skipped,skipped,skipped,skipped,skipped,,10
3809,Lab,Grn,Con,Sol,Soc,skipped,skipped,skipped,skipped,skipped,,10
3810,Lab,Grn,SU,SNP,skipped,skipped,skipped,skipped,skipped,skipped,,10
3811,Lab,Grn,SU,SNP,Sol,Soc,LD,Con,skipped,skipped,,10
3812,Lab,Grn,Con,skipped,skipped,skipped,skipped,skipped,skipped,skipped,,10
3813,Lab,Grn,LD,Soc,Con,Sol,SNP,SU,skipped,skipped,,10
3814,Lab,Grn,SNP,Soc,LD,Sol,SU,Con,skipped,skipped,,10
3815,Lab,Grn,SNP,Con,skipped,skipped,skipped,skipped,skipped,skipped,,10
3816,Lab,Grn,SNP,Con,LD,SU,Soc,Sol,skipped,skipped,,10
3817,Lab,Grn,Sol,skipped,skipped,skipped,skipped,skipped,skipped,skipped,,10
3818,Lab,Grn,Sol,Soc,SU,LD,SNP,Con,skipped,skipped,,10
3819,Lab,Grn,Soc,skipped,skipped,skipped,skipped,skipped,skipped,skipped,,10
3820,Lab,Grn,Soc,skipped,skipped,skipped,skipped,skipped,skipped,skipped,,10
3821,Lab,Grn,Soc,skipped,skipped,skipped,skipped,skipped,skipped,skipped,,10
3822,Lab,Grn,Soc,skipped,skipped,skipped,skipped,skipped,skipped,skipped,,10
3823,Lab,Grn,Soc,skipped,skipped,skipped,skipped,skipped,skipped,skipped,,10
3824,Lab,Grn,Soc,skipped,skipped,skipped,skipped,skipped,skipped,skipped,,10
3825,Lab,Grn,Soc,skipped,skipped,skipped,skipped,skipped,skipped,skipped,,10
3826,Lab,Grn,Soc,Sol,skipped,skipped,skipped,skipped,skipped,skipped,,10
3827,Lab,Grn,Soc,SU,SNP,LD,Con,Sol,skipped,skipped,,10
3828,Lab,Grn,Soc,SNP,skipped,skipped,skipped,skipped,skipped,skipped,,10
3829,Lab,Grn,LD,skipped,skipped,skipped,skipped,skipped,skipped,skipped,,10
3830,Lab,Grn,LD,skipped,skipped,skipped,skipped,skipped,skipped,skipped,,10
3831,Lab,Grn,LD,skipped,skipped,skipped,skipped,skipped,skipped,skipped,,10
3832,Lab,Grn,LD,Soc,SNP,SU,Sol,Con,skipped,skipped,,10
3833,Lab,Grn,LD,Sol,skipped,skipped,skipped,skipped,skipped,skipped,,10
3834,Lab,Grn,LD,Soc,skipped,skipped,skipped,skipped,skipped,skipped,,10
3835,Lab,Grn,SNP,skipped,skipped,skipped,skipped,skipped,skipped,skipped,,10
3836,Lab,Grn,SNP,skipped,skipped,skipped,skipped,skipped,skipped,skipped,,10
3837,Lab,Grn,SNP,Soc,LD,Con,Sol,skipped,skipped,skipped,,10
3838,Lab,Grn,SNP,LD,skipped,skipped,skipped,skipped,skipped,skipped,,10
3839,Lab,Grn,SNP,LD,Con,Sol,Soc,SU,skipped,skipped,,10
3840,Lab,Grn,SNP,Sol,Soc,Con,LD,skipped,skipped,skipped,,10
3841,Lab,Grn,SNP,Soc,LD,skipped,skipped,skipped,skipped,skipped,,10
3842,Lab,Grn,SNP,LD,Sol,Soc,skipped,skipped,skipped,skipped,,10
3843,Lab,Grn,SNP,LD,Soc,SU,Con,Sol,skipped,skipped,,10
3844,Lab,Grn,SU,skipped,skipped,skipped,skipped,skipped,skipped,skipped,,10
3845,Lab,Grn,SU,skipped,skipped,skipped,skipped,skipped,skipped,skipped,,10
3846,Lab,Grn,SU,skipped,skipped,skipped,skipped,skipped,skipped,skipped,,10
3847,Lab,Soc,skipped,skipped,skipped,skipped,skipped,skipped,skipped,skipped,,10
3848,Lab,Soc,skipped,skipped,skipped,skipped,skipped,skipped,skipped,skipped,,10
3849,Lab,Soc,skipped,skipped,skipped,skipped,skipped,skipped,skipped,skipped,,10
3850,Lab,Soc,skipped,skipped,skipped,skipped,skipped,skipped,skipped,skipped,,10
3851,Lab,Soc,skipped,skipped,skipped,skipped,skipped,skipped,skipped,skipped,,10
3852,Lab,Soc,skipped,skipped,skipped,skipped,skipped,skipped,skipped,skipped,,10
3853,Lab,Soc,skipped,skipped,skipped,skipped,skipped,skipped,skipped,skipped,,10
3854,Lab,Soc,skipped,skipped,skipped,skipped,skipped,skipped,skipped,skipped,,10
3855,Lab,Soc,skipped,skipped,skipped,skipped,skipped,skipped,skipped,skipped,,10
3856,Lab,Soc,skipped,skipped,skipped,skipped,skipped,skipped,skipped,skipped,,10
3857,Lab,Soc,skipped,skipped,skipped,skipped,skipped,skipped,skipped,skipped,,10
3858,Lab,Soc,skipped,skipped,skipped,skipped,skipped,skipped,skipped,skipped,,10
3859,Lab,Soc,skipped,skipped,skipped,skipped,skipped,skipped,skipped,skipped,,10
3860,Lab,Soc,skipped,skipped,skipped,skipped,skipped,skipped,skipped,skipped,,10
3861,Lab,Soc,skipped,skipped,skipped,skipped,skipped,skipped,skipped,skipped,,10
3862,Lab,Soc,skipped,skipped,skipped,skipped,skipped,skipped,skipped,skipped,,10
3863,Lab,Soc,skipped,skipped,skipped,skipped,skipped,skipped,skipped,skipped,,10
3864,Lab,Soc,skipped,skipped,skipped,skipped,skipped,skipped,skipped,skipped,,10
3865,Lab,Soc,skipped,skipped,skipped,skipped,skipped,skipped,skipped,skipped,,10
3866,Lab,Soc,skipped,skipped,skipped,skipped,skipped,skipped,skipped,skipped,,10
3867,Lab,Soc,Sol,skipped,skipped,skipped,skipped,skipped,skipped,skipped,,10
3868,Lab,Soc,Sol,Con,skipped,skipped,skipped,skipped,skipped,skipped,,10
3869,Lab,Soc,LD,skipped,skipped,skipped,skipped,skipped,skipped,skipped,,10
3870,Lab,Soc,SNP,Grn,SU,LD,Con,Sol,skipped,skipped,,10
3871,Lab,Soc,SU,Grn,Con,LD,SNP,Sol,skipped,skipped,,10
3872,Lab,Soc,Con,Sol,skipped,skipped,skipped,skipped,skipped,skipped,,10
3873,Lab,Soc,skipped,skipped,skipped,skipped,skipped,skipped,skipped,skipped,,10
3874,Lab,Soc,skipped,skipped,skipped,skipped,skipped,skipped,skipped,skipped,,10
3875,Lab,Soc,skipped,skipped,skipped,skipped,skipped,skipped,skipped,skipped,,10
3876,Lab,Soc,skipped,skipped,skipped,skipped,skipped,skipped,skipped,skipped,,10
3877,Lab,Soc,skipped,skipped,skipped,skipped,skipped,skipped,skipped,skipped,,10
3878,Lab,Soc,skipped,skipped,skipped,skipped,skipped,skipped,skipped,skipped,,10
3879,Lab,Soc,skipped,skipped,skipped,skipped,skipped,skipped,skipped,skipped,,10
3880,Lab,Soc,skipped,skipped,skipped,skipped,skipped,skipped,skipped,skipped,,10
3881,Lab,Soc,skipped,skipped,skipped,skipped,skipped,skipped,skipped,skipped,,10
3882,Lab,Soc,skipped,skipped,skipped,skipped,skipped,skipped,skipped,skipped,,10
3883,Lab,Soc,skipped,skipped,skipped,skipped,skipped,skipped,skipped,skipped,,10
3884,Lab,Soc,Sol,skipped,skipped,skipped,skipped,skipped,skipped,skipped,,10
3885,Lab,Soc,LD,skipped,skipped,skipped,skipped,skipped,skipped,skipped,,10
3886,Lab,Soc,SNP,Sol,Grn,LD,SU,Con,skipped,skipped,,10
3887,Lab,Soc,SNP,LD,skipped,skipped,skipped,skipped,skipped,skipped,,10
3888,Lab,Soc,Sol,skipped,skipped,skipped,skipped,skipped,skipped,skipped,,10
3889,Lab,Soc,Sol,skipped,skipped,skipped,skipped,skipped,skipped,skipped,,10
3890,Lab,Soc,Sol,skipped,skipped,skipped,skipped,skipped,skipped,skipped,,10
3891,Lab,Soc,Sol,skipped,skipped,skipped,skipped,skipped,skipped,skipped,,10
3892,Lab,Soc,Sol,skipped,skipped,skipped,skipped,skipped,skipped,skipped,,10
3893,Lab,Soc,Sol,skipped,skipped,skipped,skipped,skipped,skipped,skipped,,10
3894,Lab,Soc,Sol,skipped,skipped,skipped,skipped,skipped,skipped,skipped,,10
3895,Lab,Soc,Sol,skipped,skipped,skipped,skipped,skipped,skipped,skipped,,10
3896,Lab,Soc,Sol,skipped,skipped,skipped,skipped,skipped,skipped,skipped,,10
3897,Lab,Soc,Sol,SU,skipped,skipped,skipped,skipped,skipped,skipped,,10
3898,Lab,Soc,Sol,skipped,skipped,skipped,skipped,skipped,skipped,skipped,,10
3899,Lab,Soc,Sol,Grn,skipped,skipped,skipped,skipped,skipped,skipped,,10
3900,Lab,Soc,Sol,SNP,LD,SU,Con,skipped,skipped,skipped,,10
3901,Lab,Soc,Grn,skipped,skipped,skipped,skipped,skipped,skipped,skipped,,10
3902,Lab,Soc,Grn,skipped,skipped,skipped,skipped,skipped,skipped,skipped,,10
3903,Lab,Soc,Grn,skipped,skipped,skipped,skipped,skipped,skipped,skipped,,10
3904,Lab,Soc,Grn,skipped,skipped,skipped,skipped,skipped,skipped,skipped,,10
3905,Lab,Soc,Grn,Con,Sol,SNP,LD,SU,skipped,skipped,,10
3906,Lab,Soc,Grn,Con,Sol,SNP,LD,SU,skipped,skipped,,10
3907,Lab,Soc,Grn,LD,Sol,SU,SNP,Con,skipped,skipped,,10
3908,Lab,Soc,Grn,SNP,skipped,skipped,skipped,skipped,skipped,skipped,,10
3909,Lab,Soc,Grn,SU,SNP,LD,Con,Sol,skipped,skipped,,10
3910,Lab,Soc,LD,skipped,skipped,skipped,skipped,skipped,skipped,skipped,,10
3911,Lab,Soc,LD,skipped,skipped,skipped,skipped,skipped,skipped,skipped,,10
3912,Lab,Soc,LD,skipped,skipped,skipped,skipped,skipped,skipped,skipped,,10
3913,Lab,Soc,SNP,skipped,skipped,skipped,skipped,skipped,skipped,skipped,,10
3914,Lab,Soc,SNP,skipped,skipped,skipped,skipped,skipped,skipped,skipped,,10
3915,Lab,Soc,SNP,skipped,skipped,skipped,skipped,skipped,skipped,skipped,,10
3916,Lab,Soc,SNP,skipped,skipped,skipped,skipped,skipped,skipped,skipped,,10
3917,Lab,Soc,SNP,skipped,skipped,skipped,skipped,skipped,skipped,skipped,,10
3918,Lab,Soc,SNP,skipped,skipped,skipped,skipped,skipped,skipped,skipped,,10
3919,Lab,Soc,SNP,skipped,skipped,skipped,skipped,skipped,skipped,skipped,,10
3920,Lab,Soc,SNP,Con,skipped,skipped,skipped,skipped,skipped,skipped,,10
3921,Lab,Soc,SNP,skipped,skipped,skipped,skipped,skipped,skipped,skipped,,10
3922,Lab,Soc,SNP,Grn,skipped,skipped,skipped,skipped,skipped,skipped,,10
3923,Lab,Soc,SNP,Sol,LD,Con,Grn,SU,skipped,skipped,,10
3924,Lab,Soc,SNP,Grn,skipped,skipped,skipped,skipped,skipped,skipped,,10
3925,Lab,Soc,SNP,LD,Sol,Con,skipped,skipped,skipped,skipped,,10
3926,Lab,Soc,SNP,LD,Sol,Con,SU,skipped,skipped,skipped,,10
3927,Lab,Soc,SNP,SU,skipped,skipped,skipped,skipped,skipped,skipped,,10
3928,Lab,Soc,SU,skipped,skipped,skipped,skipped,skipped,skipped,skipped,,10
3929,Lab,Soc,SU,skipped,skipped,skipped,skipped,skipped,skipped,skipped,,10
3930,Lab,Soc,SU,skipped,skipped,skipped,skipped,skipped,skipped,skipped,,10
3931,Lab,LD,skipped,skipped,skipped,skipped,skipped,skipped,skipped,skipped,,10
3932,Lab,LD,skipped,skipped,skipped,skipped,skipped,skipped,skipped,skipped,,10
3933,Lab,LD,skipped,skipped,skipped,skipped,skipped,skipped,skipped,skipped,,10
3934,Lab,LD,skipped,skipped,skipped,skipped,skipped,skipped,skipped,skipped,,10
3935,Lab,LD,skipped,skipped,skipped,skipped,skipped,skipped,skipped,skipped,,10
3936,Lab,LD,skipped,skipped,skipped,skipped,skipped,skipped,skipped,skipped,,10
3937,Lab,LD,skipped,skipped,skipped,skipped,skipped,skipped,skipped,skipped,,10
3938,Lab,LD,skipped,skipped,skipped,skipped,skipped,skipped,skipped,skipped,,10
3939,Lab,LD,skipped,skipped,skipped,skipped,skipped,skipped,skipped,skipped,,10
3940,Lab,LD,skipped,skipped,skipped,skipped,skipped,skipped,skipped,skipped,,10
3941,Lab,LD,skipped,skipped,skipped,skipped,skipped,skipped,skipped,skipped,,10
3942,Lab,LD,skipped,skipped,skipped,skipped,skipped,skipped,skipped,skipped,,10
3943,Lab,LD,Con,skipped,skipped,skipped,skipped,skipped,skipped,skipped,,10
3944,Lab,LD,Grn,skipped,skipped,skipped,skipped,skipped,skipped,skipped,,10
3945,Lab,LD,SU,skipped,skipped,skipped,skipped,skipped,skipped,skipped,,10
3946,Lab,LD,Con,skipped,skipped,skipped,skipped,skipped,skipped,skipped,,10
3947,Lab,LD,skipped,skipped,skipped,skipped,skipped,skipped,skipped,skipped,,10
3948,Lab,LD,skipped,skipped,skipped,skipped,skipped,skipped,skipped,skipped,,10
3949,Lab,LD,skipped,skipped,skipped,skipped,skipped,skipped,skipped,skipped,,10
3950,Lab,LD,skipped,skipped,skipped,skipped,skipped,skipped,skipped,skipped,,10
3951,Lab,LD,Con,SU,Grn,skipped,skipped,skipped,skipped,skipped,,10
3952,Lab,LD,Grn,SNP,Con,Soc,Sol,skipped,skipped,skipped,,10
3953,Lab,LD,Sol,SNP,skipped,skipped,skipped,skipped,skipped,skipped,,10
3954,Lab,LD,Grn,skipped,skipped,skipped,skipped,skipped,skipped,skipped,,10
3955,Lab,LD,Grn,skipped,skipped,skipped,skipped,skipped,skipped,skipped,,10
3956,Lab,LD,Grn,skipped,skipped,skipped,skipped,skipped,skipped,skipped,,10
3957,Lab,LD,Grn,SNP,skipped,skipped,skipped,skipped,skipped,skipped,,10
3958,Lab,LD,Soc,SNP,skipped,skipped,skipped,skipped,skipped,skipped,,10
3959,Lab,LD,SNP,skipped,skipped,skipped,skipped,skipped,skipped,skipped,,10
3960,Lab,LD,SNP,skipped,skipped,skipped,skipped,skipped,skipped,skipped,,10
3961,Lab,LD,SNP,skipped,skipped,skipped,skipped,skipped,skipped,skipped,,10
3962,Lab,LD,SNP,skipped,skipped,skipped,skipped,skipped,skipped,skipped,,10
3963,Lab,LD,SNP,skipped,skipped,skipped,skipped,skipped,skipped,skipped,,10
3964,Lab,LD,SNP,skipped,skipped,skipped,skipped,skipped,skipped,skipped,,10
3965,Lab,LD,SNP,skipped,skipped,skipped,skipped,skipped,skipped,skipped,,10
3966,Lab,LD,SNP,Con,SU,Sol,Soc,Grn,skipped,skipped,,10
3967,Lab,LD,SNP,Sol,skipped,skipped,skipped,skipped,skipped,skipped,,10
3968,Lab,LD,SNP,Grn,skipped,skipped,skipped,skipped,skipped,skipped,,10
3969,Lab,LD,SU,skipped,skipped,skipped,skipped,skipped,skipped,skipped,,10
3970,Lab,SNP,skipped,skipped,skipped,skipped,skipped,skipped,skipped,skipped,,10
3971,Lab,SNP,skipped,skipped,skipped,skipped,skipped,skipped,skipped,skipped,,10
3972,Lab,SNP,skipped,skipped,skipped,skipped,skipped,skipped,skipped,skipped,,10
3973,Lab,SNP,skipped,skipped,skipped,skipped,skipped,skipped,skipped,skipped,,10
3974,Lab,SNP,skipped,skipped,skipped,skipped,skipped,skipped,skipped,skipped,,10
3975,Lab,SNP,skipped,skipped,skipped,skipped,skipped,skipped,skipped,skipped,,10
3976,Lab,SNP,skipped,skipped,skipped,skipped,skipped,skipped,skipped,skipped,,10
3977,Lab,SNP,skipped,skipped,skipped,skipped,skipped,skipped,skipped,skipped,,10
3978,Lab,SNP,skipped,skipped,skipped,skipped,skipped,skipped,skipped,skipped,,10
3979,Lab,SNP,skipped,skipped,skipped,skipped,skipped,skipped,skipped,skipped,,10
3980,Lab,SNP,skipped,skipped,skipped,skipped,skipped,skipped,skipped,skipped,,10
3981,Lab,SNP,skipped,skipped,skipped,skipped,skipped,skipped,skipped,skipped,,10
3982,Lab,SNP,skipped,skipped,skipped,skipped,skipped,skipped,skipped,skipped,,10
3983,Lab,SNP,skipped,skipped,skipped,skipped,skipped,skipped,skipped,skipped,,10
3984,Lab,SNP,skipped,skipped,skipped,skipped,skipped,skipped,skipped,skipped,,10
3985,Lab,SNP,skipped,skipped,skipped,skipped,skipped,skipped,skipped,skipped,,10
3986,Lab,SNP,skipped,skipped,skipped,skipped,skipped,skipped,skipped,skipped,,10
3987,Lab,SNP,skipped,skipped,skipped,skipped,skipped,skipped,skipped,skipped,,10
3988,Lab,SNP,skipped,skipped,skipped,skipped,skipped,skipped,skipped,skipped,,10
3989,Lab,SNP,skipped,skipped,skipped,skipped,skipped,skipped,skipped,skipped,,10
3990,Lab,SNP,skipped,skipped,skipped,skipped,skipped,skipped,skipped,skipped,,10
3991,Lab,SNP,skipped,skipped,skipped,skipped,skipped,skipped,skipped,skipped,,10
3992,Lab,SNP,skipped,skipped,skipped,skipped,skipped,skipped,skipped,skipped,,10
3993,Lab,SNP,skipped,skipped,skipped,skipped,skipped,skipped,skipped,skipped,,10
3994,Lab,SNP,skipped,skipped,skipped,skipped,skipped,skipped,skipped,skipped,,10
3995,Lab,SNP,skipped,skipped,skipped,skipped,skipped,skipped,skipped,skipped,,10
3996,Lab,SNP,skipped,skipped,skipped,skipped,skipped,skipped,skipped,skipped,,10
3997,Lab,SNP,skipped,skipped,skipped,skipped,skipped,skipped,skipped,skipped,,10
3998,Lab,SNP,skipped,skipped,skipped,skipped,skipped,skipped,skipped,skipped,,10
3999,Lab,SNP,skipped,skipped,skipped,skipped,skipped,skipped,skipped,skipped,,10
4000,Lab,SNP,skipped,skipped,skipped,skipped,skipped,skipped,skipped,skipped,,10
4001,Lab,SNP,skipped,skipped,skipped,skipped,skipped,skipped,skipped,skipped,,10
4002,Lab,SNP,skipped,skipped,skipped,skipped,skipped,skipped,skipped,skipped,,10
4003,Lab,SNP,skipped,skipped,skipped,skipped,skipped,skipped,skipped,skipped,,10
4004,Lab,SNP,skipped,skipped,skipped,skipped,skipped,skipped,skipped,skipped,,10
4005,Lab,SNP,skipped,skipped,skipped,skipped,skipped,skipped,skipped,skipped,,10
4006,Lab,SNP,skipped,skipped,skipped,skipped,skipped,skipped,skipped,skipped,,10
4007,Lab,SNP,skipped,skipped,skipped,skipped,skipped,skipped,skipped,skipped,,10
4008,Lab,SNP,skipped,skipped,skipped,skipped,skipped,skipped,skipped,skipped,,10
4009,Lab,SNP,skipped,skipped,skipped,skipped,skipped,skipped,skipped,skipped,,10
4010,Lab,SNP,skipped,skipped,skipped,skipped,skipped,skipped,skipped,skipped,,10
4011,Lab,SNP,skipped,skipped,skipped,skipped,skipped,skipped,skipped,skipped,,10
4012,Lab,SNP,skipped,skipped,skipped,skipped,skipped,skipped,skipped,skipped,,10
4013,Lab,SNP,skipped,skipped,skipped,skipped,skipped,skipped,skipped,skipped,,10
4014,Lab,SNP,skipped,skipped,skipped,skipped,skipped,skipped,skipped,skipped,,10
4015,Lab,SNP,skipped,skipped,skipped,skipped,skipped,skipped,skipped,skipped,,10
4016,Lab,SNP,skipped,skipped,skipped,skipped,skipped,skipped,skipped,skipped,,10
4017,Lab,SNP,skipped,skipped,skipped,skipped,skipped,skipped,skipped,skipped,,10
4018,Lab,SNP,skipped,skipped,skipped,skipped,skipped,skipped,skipped,skipped,,10
4019,Lab,SNP,skipped,skipped,skipped,skipped,skipped,skipped,skipped,skipped,,10
4020,Lab,SNP,skipped,skipped,skipped,skipped,skipped,skipped,skipped,skipped,,10
4021,Lab,SNP,skipped,skipped,skipped,skipped,skipped,skipped,skipped,skipped,,10
4022,Lab,SNP,skipped,skipped,skipped,skipped,skipped,skipped,skipped,skipped,,10
4023,Lab,SNP,skipped,skipped,skipped,skipped,skipped,skipped,skipped,skipped,,10
4024,Lab,SNP,skipped,skipped,skipped,skipped,skipped,skipped,skipped,skipped,,10
4025,Lab,SNP,skipped,skipped,skipped,skipped,skipped,skipped,skipped,skipped,,10
4026,Lab,SNP,skipped,skipped,skipped,skipped,skipped,skipped,skipped,skipped,,10
4027,Lab,SNP,skipped,skipped,skipped,skipped,skipped,skipped,skipped,skipped,,10
4028,Lab,SNP,skipped,skipped,skipped,skipped,skipped,skipped,skipped,skipped,,10
4029,Lab,SNP,Con,Sol,skipped,skipped,skipped,skipped,skipped,skipped,,10
4030,Lab,SNP,skipped,skipped,skipped,skipped,skipped,skipped,skipped,skipped,,10
4031,Lab,SNP,skipped,skipped,skipped,skipped,skipped,skipped,skipped,skipped,,10
4032,Lab,SNP,skipped,skipped,skipped,skipped,skipped,skipped,skipped,skipped,,10
4033,Lab,SNP,skipped,skipped,skipped,skipped,skipped,skipped,skipped,skipped,,10
4034,Lab,SNP,skipped,skipped,skipped,skipped,skipped,skipped,skipped,skipped,,10
4035,Lab,SNP,skipped,skipped,skipped,skipped,skipped,skipped,skipped,skipped,,10
4036,Lab,SNP,skipped,skipped,skipped,skipped,skipped,skipped,skipped,skipped,,10
4037,Lab,SNP,skipped,skipped,skipped,skipped,skipped,skipped,skipped,skipped,,10
4038,Lab,SNP,skipped,skipped,skipped,skipped,skipped,skipped,skipped,skipped,,10
4039,Lab,SNP,skipped,skipped,skipped,skipped,skipped,skipped,skipped,skipped,,10
4040,Lab,SNP,LD,Sol,SU,Soc,Grn,Con,skipped,skipped,,10
4041,Lab,SNP,LD,Soc,Grn,skipped,skipped,skipped,skipped,skipped,,10
4042,Lab,SNP,Sol,skipped,skipped,skipped,skipped,skipped,skipped,skipped,,10
4043,Lab,SNP,Sol,skipped,skipped,skipped,skipped,skipped,skipped,skipped,,10
4044,Lab,SNP,Grn,skipped,skipped,skipped,skipped,skipped,skipped,skipped,,10
4045,Lab,SNP,Grn,skipped,skipped,skipped,skipped,skipped,skipped,skipped,,10
4046,Lab,SNP,Grn,skipped,skipped,skipped,skipped,skipped,skipped,skipped,,10
4047,Lab,SNP,Grn,LD,Soc,SU,Con,Sol,skipped,skipped,,10
4048,Lab,SNP,Soc,skipped,skipped,skipped,skipped,skipped,skipped,skipped,,10
4049,Lab,SNP,Soc,LD,Sol,SU,Grn,Con,skipped,skipped,,10
4050,Lab,SNP,LD,skipped,skipped,skipped,skipped,skipped,skipped,skipped,,10
4051,Lab,SNP,SU,Sol,LD,Soc,Grn,Con,skipped,skipped,,10
4052,Lab,SNP,Con,skipped,skipped,skipped,skipped,skipped,skipped,skipped,,10
4053,Lab,SNP,Con,skipped,skipped,skipped,skipped,skipped,skipped,skipped,,10
4054,Lab,SNP,Con,skipped,skipped,skipped,skipped,skipped,skipped,skipped,,10
4055,Lab,SNP,Con,skipped,skipped,skipped,skipped,skipped,skipped,skipped,,10
4056,Lab,SNP,Con,skipped,skipped,skipped,skipped,skipped,skipped,skipped,,10
4057,Lab,SNP,Con,Grn,Sol,Soc,LD,SU,skipped,skipped,,10
4058,Lab,SNP,skipped,skipped,skipped,skipped,skipped,skipped,skipped,skipped,,10
4059,Lab,SNP,skipped,skipped,skipped,skipped,skipped,skipped,skipped,skipped,,10
4060,Lab,SNP,skipped,skipped,skipped,skipped,skipped,skipped,skipped,skipped,,10
4061,Lab,SNP,skipped,skipped,skipped,skipped,skipped,skipped,skipped,skipped,,10
4062,Lab,SNP,skipped,skipped,skipped,skipped,skipped,skipped,skipped,skipped,,10
4063,Lab,SNP,skipped,skipped,skipped,skipped,skipped,skipped,skipped,skipped,,10
4064,Lab,SNP,skipped,skipped,skipped,skipped,skipped,skipped,skipped,skipped,,10
4065,Lab,SNP,skipped,skipped,skipped,skipped,skipped,skipped,skipped,skipped,,10
4066,Lab,SNP,skipped,skipped,skipped,skipped,skipped,skipped,skipped,skipped,,10
4067,Lab,SNP,skipped,skipped,skipped,skipped,skipped,skipped,skipped,skipped,,10
4068,Lab,SNP,Con,skipped,skipped,skipped,skipped,skipped,skipped,skipped,,10
4069,Lab,SNP,Grn,Soc,skipped,skipped,skipped,skipped,skipped,skipped,,10
4070,Lab,SNP,Grn,Soc,LD,SU,Con,Sol,skipped,skipped,,10
4071,Lab,SNP,Con,skipped,skipped,skipped,skipped,skipped,skipped,skipped,,10
4072,Lab,SNP,Soc,skipped,skipped,skipped,skipped,skipped,skipped,skipped,,10
4073,Lab,SNP,Soc,skipped,skipped,skipped,skipped,skipped,skipped,skipped,,10
4074,Lab,SNP,Sol,skipped,skipped,skipped,skipped,skipped,skipped,skipped,,10
4075,Lab,SNP,Sol,skipped,skipped,skipped,skipped,skipped,skipped,skipped,,10
4076,Lab,SNP,Sol,skipped,skipped,skipped,skipped,skipped,skipped,skipped,,10
4077,Lab,SNP,Sol,skipped,skipped,skipped,skipped,skipped,skipped,skipped,,10
4078,Lab,SNP,Sol,skipped,skipped,skipped,skipped,skipped,skipped,skipped,,10
4079,Lab,SNP,Sol,skipped,skipped,skipped,skipped,skipped,skipped,skipped,,10
4080,Lab,SNP,Sol,skipped,skipped,skipped,skipped,skipped,skipped,skipped,,10
4081,Lab,SNP,Sol,skipped,skipped,skipped,skipped,skipped,skipped,skipped,,10
4082,Lab,SNP,Sol,skipped,skipped,skipped,skipped,skipped,skipped,skipped,,10
4083,Lab,SNP,Sol,skipped,skipped,skipped,skipped,skipped,skipped,skipped,,10
4084,Lab,SNP,Sol,LD,Soc,Grn,skipped,skipped,skipped,skipped,,10
4085,Lab,SNP,Sol,skipped,skipped,skipped,skipped,skipped,skipped,skipped,,10
4086,Lab,SNP,Sol,skipped,skipped,skipped,skipped,skipped,skipped,skipped,,10
4087,Lab,SNP,Sol,LD,skipped,skipped,skipped,skipped,skipped,skipped,,10
4088,Lab,SNP,Grn,skipped,skipped,skipped,skipped,skipped,skipped,skipped,,10
4089,Lab,SNP,Grn,skipped,skipped,skipped,skipped,skipped,skipped,skipped,,10
4090,Lab,SNP,Grn,skipped,skipped,skipped,skipped,skipped,skipped,skipped,,10
4091,Lab,SNP,Grn,skipped,skipped,skipped,skipped,skipped,skipped,skipped,,10
4092,Lab,SNP,Grn,skipped,skipped,skipped,skipped,skipped,skipped,skipped,,10
4093,Lab,SNP,Grn,skipped,skipped,skipped,skipped,skipped,skipped,skipped,,10
4094,Lab,SNP,Grn,Sol,LD,skipped,skipped,skipped,skipped,skipped,,10
4095,Lab,SNP,Grn,Soc,skipped,skipped,skipped,skipped,skipped,skipped,,10
4096,Lab,SNP,Grn,Soc,SU,Con,Sol,LD,skipped,skipped,,10
4097,Lab,SNP,Grn,LD,skipped,skipped,skipped,skipped,skipped,skipped,,10
4098,Lab,SNP,Grn,LD,skipped,skipped,skipped,skipped,skipped,skipped,,10
4099,Lab,SNP,Soc,skipped,skipped,skipped,skipped,skipped,skipped,skipped,,10
4100,Lab,SNP,Soc,skipped,skipped,skipped,skipped,skipped,skipped,skipped,,10
4101,Lab,SNP,Soc,skipped,skipped,skipped,skipped,skipped,skipped,skipped,,10
4102,Lab,SNP,Soc,skipped,skipped,skipped,skipped,skipped,skipped,skipped,,10
4103,Lab,SNP,Soc,skipped,skipped,skipped,skipped,skipped,skipped,skipped,,10
4104,Lab,SNP,Soc,Sol,Con,SU,Grn,skipped,skipped,skipped,,10
4105,Lab,SNP,LD,skipped,skipped,skipped,skipped,skipped,skipped,skipped,,10
4106,Lab,SNP,LD,skipped,skipped,skipped,skipped,skipped,skipped,skipped,,10
4107,Lab,SNP,LD,skipped,skipped,skipped,skipped,skipped,skipped,skipped,,10
4108,Lab,SNP,LD,skipped,skipped,skipped,skipped,skipped,skipped,skipped,,10
4109,Lab,SNP,LD,skipped,skipped,skipped,skipped,skipped,skipped,skipped,,10
4110,Lab,SNP,LD,skipped,skipped,skipped,skipped,skipped,skipped,skipped,,10
4111,Lab,SNP,LD,skipped,skipped,skipped,skipped,skipped,skipped,skipped,,10
4112,Lab,SNP,LD,skipped,skipped,skipped,skipped,skipped,skipped,skipped,,10
4113,Lab,SNP,LD,Sol,Grn,SU,Soc,Con,skipped,skipped,,10
4114,Lab,SNP,LD,Sol,skipped,skipped,skipped,skipped,skipped,skipped,,10
4115,Lab,SNP,LD,Grn,Con,skipped,skipped,skipped,skipped,skipped,,10
4116,Lab,SNP,LD,Soc,skipped,skipped,skipped,skipped,skipped,skipped,,10
4117,Lab,SU,skipped,skipped,skipped,skipped,skipped,skipped,skipped,skipped,,10
4118,Lab,SU,skipped,skipped,skipped,skipped,skipped,skipped,skipped,skipped,,10
4119,Lab,SU,skipped,skipped,skipped,skipped,skipped,skipped,skipped,skipped,,10
4120,Lab,SU,skipped,skipped,skipped,skipped,skipped,skipped,skipped,skipped,,10
4121,Lab,SU,Con,skipped,skipped,skipped,skipped,skipped,skipped,skipped,,10
4122,Lab,SU,Con,skipped,skipped,skipped,skipped,skipped,skipped,skipped,,10
4123,Lab,SU,Con,skipped,skipped,skipped,skipped,skipped,skipped,skipped,,10
4124,Lab,SU,Con,skipped,skipped,skipped,skipped,skipped,skipped,skipped,,10
4125,Lab,SU,Con,skipped,skipped,skipped,skipped,skipped,skipped,skipped,,10
4126,Lab,SU,Con,skipped,skipped,skipped,skipped,skipped,skipped,skipped,,10
4127,Lab,SU,Con,skipped,skipped,skipped,skipped,skipped,skipped,skipped,,10
4128,Lab,SU,Con,skipped,skipped,skipped,skipped,skipped,skipped,skipped,,10
4129,Lab,SU,Con,LD,SNP,Grn,Soc,Sol,skipped,skipped,,10
4130,Lab,SU,skipped,skipped,skipped,skipped,skipped,skipped,skipped,skipped,,10
4131,Lab,SU,Grn,Con,LD,Soc,SNP,Sol,skipped,skipped,,10
4132,Lab,SU,Sol,Soc,skipped,skipped,skipped,skipped,skipped,skipped,,10
4133,Lab,SU,Soc,skipped,skipped,skipped,skipped,skipped,skipped,skipped,,10
4134,Lab,SU,Soc,SNP,skipped,skipped,skipped,skipped,skipped,skipped,,10
4135,Lab,SU,LD,skipped,skipped,skipped,skipped,skipped,skipped,skipped,,10
4136,Lab,SU,LD,skipped,skipped,skipped,skipped,skipped,skipped,skipped,,10
4137,Lab,SU,LD,skipped,skipped,skipped,skipped,skipped,skipped,skipped,,10
4138,Lab,SU,SNP,skipped,skipped,skipped,skipped,skipped,skipped,skipped,,10
4139,Lab,SU,SNP,Grn,Soc,Con,Sol,LD,skipped,skipped,,10
4140,Con,skipped,skipped,skipped,skipped,skipped,skipped,skipped,skipped,skipped,,10
4141,Con,skipped,skipped,skipped,skipped,skipped,skipped,skipped,skipped,skipped,,10
4142,Con,skipped,skipped,skipped,skipped,skipped,skipped,skipped,skipped,skipped,,10
4143,Con,skipped,skipped,skipped,skipped,skipped,skipped,skipped,skipped,skipped,,10
4144,Con,skipped,skipped,skipped,skipped,skipped,skipped,skipped,skipped,skipped,,10
4145,Con,skipped,skipped,skipped,skipped,skipped,skipped,skipped,skipped,skipped,,10
4146,Con,skipped,skipped,skipped,skipped,skipped,skipped,skipped,skipped,skipped,,10
4147,Con,skipped,skipped,skipped,skipped,skipped,skipped,skipped,skipped,skipped,,10
4148,Con,skipped,skipped,skipped,skipped,skipped,skipped,skipped,skipped,skipped,,10
4149,Con,skipped,skipped,skipped,skipped,skipped,skipped,skipped,skipped,skipped,,10
4150,Con,skipped,skipped,skipped,skipped,skipped,skipped,skipped,skipped,skipped,,10
4151,Con,skipped,skipped,skipped,skipped,skipped,skipped,skipped,skipped,skipped,,10
4152,Con,skipped,skipped,skipped,skipped,skipped,skipped,skipped,skipped,skipped,,10
4153,Con,skipped,skipped,skipped,skipped,skipped,skipped,skipped,skipped,skipped,,10
4154,Con,skipped,skipped,skipped,skipped,skipped,skipped,skipped,skipped,skipped,,10
4155,Con,skipped,skipped,skipped,skipped,skipped,skipped,skipped,skipped,skipped,,10
4156,Con,skipped,skipped,skipped,skipped,skipped,skipped,skipped,skipped,skipped,,10
4157,Con,skipped,skipped,skipped,skipped,skipped,skipped,skipped,skipped,skipped,,10
4158,Con,skipped,skipped,skipped,skipped,skipped,skipped,skipped,skipped,skipped,,10
4159,Con,skipped,skipped,skipped,skipped,skipped,skipped,skipped,skipped,skipped,,10
4160,Con,skipped,skipped,skipped,skipped,skipped,skipped,skipped,skipped,skipped,,10
4161,Con,skipped,skipped,skipped,skipped,skipped,skipped,skipped,skipped,skipped,,10
4162,Con,skipped,skipped,skipped,skipped,skipped,skipped,skipped,skipped,skipped,,10
4163,Con,skipped,skipped,skipped,skipped,skipped,skipped,skipped,skipped,skipped,,10
4164,Con,skipped,skipped,skipped,skipped,skipped,skipped,skipped,skipped,skipped,,10
4165,Con,skipped,skipped,skipped,skipped,skipped,skipped,skipped,skipped,skipped,,10
4166,Con,skipped,skipped,skipped,skipped,skipped,skipped,skipped,skipped,skipped,,10
4167,Con,skipped,skipped,skipped,skipped,skipped,skipped,skipped,skipped,skipped,,10
4168,Con,skipped,skipped,skipped,skipped,skipped,skipped,skipped,skipped,skipped,,10
4169,Con,skipped,skipped,skipped,skipped,skipped,skipped,skipped,skipped,skipped,,10
4170,Con,skipped,skipped,skipped,skipped,skipped,skipped,skipped,skipped,skipped,,10
4171,Con,skipped,skipped,skipped,skipped,skipped,skipped,skipped,skipped,skipped,,10
4172,Con,skipped,skipped,skipped,skipped,skipped,skipped,skipped,skipped,skipped,,10
4173,Con,skipped,skipped,skipped,skipped,skipped,skipped,skipped,skipped,skipped,,10
4174,Con,skipped,skipped,skipped,skipped,skipped,skipped,skipped,skipped,skipped,,10
4175,Con,skipped,skipped,skipped,skipped,skipped,skipped,skipped,skipped,skipped,,10
4176,Con,skipped,skipped,skipped,skipped,skipped,skipped,skipped,skipped,skipped,,10
4177,Con,skipped,skipped,skipped,skipped,skipped,skipped,skipped,skipped,skipped,,10
4178,Con,skipped,skipped,skipped,skipped,skipped,skipped,skipped,skipped,skipped,,10
4179,Con,skipped,skipped,skipped,skipped,skipped,skipped,skipped,skipped,skipped,,10
4180,Con,skipped,skipped,skipped,skipped,skipped,skipped,skipped,skipped,skipped,,10
4181,Con,skipped,skipped,skipped,skipped,skipped,skipped,skipped,skipped,skipped,,10
4182,Con,skipped,skipped,skipped,skipped,skipped,skipped,skipped,skipped,skipped,,10
4183,Con,skipped,skipped,skipped,skipped,skipped,skipped,skipped,skipped,skipped,,10
4184,Con,skipped,skipped,skipped,skipped,skipped,skipped,skipped,skipped,skipped,,10
4185,Con,skipped,skipped,skipped,skipped,skipped,skipped,skipped,skipped,skipped,,10
4186,Con,skipped,skipped,skipped,skipped,skipped,skipped,skipped,skipped,skipped,,10
4187,Con,skipped,skipped,skipped,skipped,skipped,skipped,skipped,skipped,skipped,,10
4188,Con,skipped,skipped,skipped,skipped,skipped,skipped,skipped,skipped,skipped,,10
4189,Con,skipped,skipped,skipped,skipped,skipped,skipped,skipped,skipped,skipped,,10
4190,Con,skipped,skipped,skipped,skipped,skipped,skipped,skipped,skipped,skipped,,10
4191,Con,skipped,skipped,skipped,skipped,skipped,skipped,skipped,skipped,skipped,,10
4192,Con,skipped,skipped,skipped,skipped,skipped,skipped,skipped,skipped,skipped,,10
4193,Con,skipped,skipped,skipped,skipped,skipped,skipped,skipped,skipped,skipped,,10
4194,Con,skipped,skipped,skipped,skipped,skipped,skipped,skipped,skipped,skipped,,10
4195,Con,skipped,skipped,skipped,skipped,skipped,skipped,skipped,skipped,skipped,,10
4196,Con,skipped,skipped,skipped,skipped,skipped,skipped,skipped,skipped,skipped,,10
4197,Con,skipped,skipped,skipped,skipped,skipped,skipped,skipped,skipped,skipped,,10
4198,Con,skipped,skipped,skipped,skipped,skipped,skipped,skipped,skipped,skipped,,10
4199,Con,skipped,skipped,skipped,skipped,skipped,skipped,skipped,skipped,skipped,,10
4200,Con,skipped,skipped,skipped,skipped,skipped,skipped,skipped,skipped,skipped,,10
4201,Con,skipped,skipped,skipped,skipped,skipped,skipped,skipped,skipped,skipped,,10
4202,Con,skipped,skipped,skipped,skipped,skipped,skipped,skipped,skipped,skipped,,10
4203,Con,skipped,skipped,skipped,skipped,skipped,skipped,skipped,skipped,skipped,,10
4204,Con,skipped,skipped,skipped,skipped,skipped,skipped,skipped,skipped,skipped,,10
4205,Con,skipped,skipped,skipped,skipped,skipped,skipped,skipped,skipped,skipped,,10
4206,Con,skipped,skipped,skipped,skipped,skipped,skipped,skipped,skipped,skipped,,10
4207,Con,skipped,skipped,skipped,skipped,skipped,skipped,skipped,skipped,skipped,,10
4208,Con,skipped,skipped,skipped,skipped,skipped,skipped,skipped,skipped,skipped,,10
4209,Con,skipped,skipped,skipped,skipped,skipped,skipped,skipped,skipped,skipped,,10
4210,Con,skipped,skipped,skipped,skipped,skipped,skipped,skipped,skipped,skipped,,10
4211,Con,skipped,skipped,skipped,skipped,skipped,skipped,skipped,skipped,skipped,,10
4212,Con,skipped,skipped,skipped,skipped,skipped,skipped,skipped,skipped,skipped,,10
4213,Con,skipped,skipped,skipped,skipped,skipped,skipped,skipped,skipped,skipped,,10
4214,Con,skipped,skipped,skipped,skipped,skipped,skipped,skipped,skipped,skipped,,10
4215,Con,skipped,skipped,skipped,skipped,skipped,skipped,skipped,skipped,skipped,,10
4216,Con,skipped,skipped,skipped,skipped,skipped,skipped,skipped,skipped,skipped,,10
4217,Con,skipped,skipped,skipped,skipped,skipped,skipped,skipped,skipped,skipped,,10
4218,Con,skipped,skipped,skipped,skipped,skipped,skipped,skipped,skipped,skipped,,10
4219,Con,skipped,skipped,skipped,skipped,skipped,skipped,skipped,skipped,skipped,,10
4220,Con,skipped,skipped,skipped,skipped,skipped,skipped,skipped,skipped,skipped,,10
4221,Con,skipped,skipped,skipped,skipped,skipped,skipped,skipped,skipped,skipped,,10
4222,Con,skipped,skipped,skipped,skipped,skipped,skipped,skipped,skipped,skipped,,10
4223,Con,skipped,skipped,skipped,skipped,skipped,skipped,skipped,skipped,skipped,,10
4224,Con,skipped,skipped,skipped,skipped,skipped,skipped,skipped,skipped,skipped,,10
4225,Con,skipped,skipped,skipped,skipped,skipped,skipped,skipped,skipped,skipped,,10
4226,Con,skipped,skipped,skipped,skipped,skipped,skipped,skipped,skipped,skipped,,10
4227,Con,skipped,skipped,skipped,skipped,skipped,skipped,skipped,skipped,skipped,,10
4228,Con,skipped,skipped,skipped,skipped,skipped,skipped,skipped,skipped,skipped,,10
4229,Con,skipped,skipped,skipped,skipped,skipped,skipped,skipped,skipped,skipped,,10
4230,Con,skipped,skipped,skipped,skipped,skipped,skipped,skipped,skipped,skipped,,10
4231,Con,skipped,skipped,skipped,skipped,skipped,skipped,skipped,skipped,skipped,,10
4232,Con,skipped,skipped,skipped,skipped,skipped,skipped,skipped,skipped,skipped,,10
4233,Con,skipped,skipped,skipped,skipped,skipped,skipped,skipped,skipped,skipped,,10
4234,Con,skipped,skipped,skipped,skipped,skipped,skipped,skipped,skipped,skipped,,10
4235,Con,skipped,skipped,skipped,skipped,skipped,skipped,skipped,skipped,skipped,,10
4236,Con,skipped,skipped,skipped,skipped,skipped,skipped,skipped,skipped,skipped,,10
4237,Con,skipped,skipped,skipped,skipped,skipped,skipped,skipped,skipped,skipped,,10
4238,Con,skipped,skipped,skipped,skipped,skipped,skipped,skipped,skipped,skipped,,10
4239,Con,skipped,skipped,skipped,skipped,skipped,skipped,skipped,skipped,skipped,,10
4240,Con,skipped,skipped,skipped,skipped,skipped,skipped,skipped,skipped,skipped,,10
4241,Con,skipped,skipped,skipped,skipped,skipped,skipped,skipped,skipped,skipped,,10
4242,Con,skipped,skipped,skipped,skipped,skipped,skipped,skipped,skipped,skipped,,10
4243,Con,skipped,skipped,skipped,skipped,skipped,skipped,skipped,skipped,skipped,,10
4244,Con,skipped,skipped,skipped,skipped,skipped,skipped,skipped,skipped,skipped,,10
4245,Con,skipped,skipped,skipped,skipped,skipped,skipped,skipped,skipped,skipped,,10
4246,Con,skipped,skipped,skipped,skipped,skipped,skipped,skipped,skipped,skipped,,10
4247,Con,skipped,skipped,skipped,skipped,skipped,skipped,skipped,skipped,skipped,,10
4248,Con,skipped,skipped,skipped,skipped,skipped,skipped,skipped,skipped,skipped,,10
4249,Con,skipped,skipped,skipped,skipped,skipped,skipped,skipped,skipped,skipped,,10
4250,Con,skipped,skipped,skipped,skipped,skipped,skipped,skipped,skipped,skipped,,10
4251,Con,skipped,skipped,skipped,skipped,skipped,skipped,skipped,skipped,skipped,,10
4252,Con,skipped,skipped,skipped,skipped,skipped,skipped,skipped,skipped,skipped,,10
4253,Con,skipped,skipped,skipped,skipped,skipped,skipped,skipped,skipped,skipped,,10
4254,Con,skipped,skipped,skipped,skipped,skipped,skipped,skipped,skipped,skipped,,10
4255,Con,skipped,skipped,skipped,skipped,skipped,skipped,skipped,skipped,skipped,,10
4256,Con,skipped,skipped,skipped,skipped,skipped,skipped,skipped,skipped,skipped,,10
4257,Con,skipped,skipped,skipped,skipped,skipped,skipped,skipped,skipped,skipped,,10
4258,Con,skipped,skipped,skipped,skipped,skipped,skipped,skipped,skipped,skipped,,10
4259,Con,skipped,skipped,skipped,skipped,skipped,skipped,skipped,skipped,skipped,,10
4260,Con,skipped,skipped,skipped,skipped,skipped,skipped,skipped,skipped,skipped,,10
4261,Con,skipped,skipped,skipped,skipped,skipped,skipped,skipped,skipped,skipped,,10
4262,Con,skipped,skipped,skipped,skipped,skipped,skipped,skipped,skipped,skipped,,10
4263,Con,skipped,skipped,skipped,skipped,skipped,skipped,skipped,skipped,skipped,,10
4264,Con,skipped,skipped,skipped,skipped,skipped,skipped,skipped,skipped,skipped,,10
4265,Con,skipped,skipped,skipped,skipped,skipped,skipped,skipped,skipped,skipped,,10
4266,Con,skipped,skipped,skipped,skipped,skipped,skipped,skipped,skipped,skipped,,10
4267,Con,Lab,skipped,skipped,skipped,skipped,skipped,skipped,skipped,skipped,,10
4268,Con,Lab,skipped,skipped,skipped,skipped,skipped,skipped,skipped,skipped,,10
4269,Con,Lab,skipped,skipped,skipped,skipped,skipped,skipped,skipped,skipped,,10
4270,Con,Lab,skipped,skipped,skipped,skipped,skipped,skipped,skipped,skipped,,10
4271,Con,Lab,skipped,skipped,skipped,skipped,skipped,skipped,skipped,skipped,,10
4272,Con,Lab,skipped,skipped,skipped,skipped,skipped,skipped,skipped,skipped,,10
4273,Con,Lab,skipped,skipped,skipped,skipped,skipped,skipped,skipped,skipped,,10
4274,Con,Lab,skipped,skipped,skipped,skipped,skipped,skipped,skipped,skipped,,10
4275,Con,Lab,LD,skipped,skipped,skipped,skipped,skipped,skipped,skipped,,10
4276,Con,Lab,SU,skipped,skipped,skipped,skipped,skipped,skipped,skipped,,10
4277,Con,Lab,skipped,skipped,skipped,skipped,skipped,skipped,skipped,skipped,,10
4278,Con,Lab,Grn,SU,skipped,skipped,skipped,skipped,skipped,skipped,,10
4279,Con,Lab,Soc,skipped,skipped,skipped,skipped,skipped,skipped,skipped,,10
4280,Con,Lab,LD,skipped,skipped,skipped,skipped,skipped,skipped,skipped,,10
4281,Con,Lab,LD,skipped,skipped,skipped,skipped,skipped,skipped,skipped,,10
4282,Con,Lab,LD,skipped,skipped,skipped,skipped,skipped,skipped,skipped,,10
4283,Con,Lab,LD,skipped,skipped,skipped,skipped,skipped,skipped,skipped,,10
4284,Con,Lab,SNP,skipped,skipped,skipped,skipped,skipped,skipped,skipped,,10
4285,Con,Lab,SNP,skipped,skipped,skipped,skipped,skipped,skipped,skipped,,10
4286,Con,Lab,SNP,Sol,LD,skipped,skipped,skipped,skipped,skipped,,10
4287,Con,Lab,SU,skipped,skipped,skipped,skipped,skipped,skipped,skipped,,10
4288,Con,Lab,SU,skipped,skipped,skipped,skipped,skipped,skipped,skipped,,10
4289,Con,Lab,SU,LD,skipped,skipped,skipped,skipped,skipped,skipped,,10
4290,Con,Lab,skipped,skipped,skipped,skipped,skipped,skipped,skipped,skipped,,10
4291,Con,Lab,skipped,skipped,skipped,skipped,skipped,skipped,skipped,skipped,,10
4292,Con,Lab,skipped,skipped,skipped,skipped,skipped,skipped,skipped,skipped,,10
4293,Con,Lab,skipped,skipped,skipped,skipped,skipped,skipped,skipped,skipped,,10
4294,Con,Lab,skipped,skipped,skipped,skipped,skipped,skipped,skipped,skipped,,10
4295,Con,Lab,LD,skipped,skipped,skipped,skipped,skipped,skipped,skipped,,10
4296,Con,Lab,skipped,skipped,skipped,skipped,skipped,skipped,skipped,skipped,,10
4297,Con,Lab,skipped,skipped,skipped,skipped,skipped,skipped,skipped,skipped,,10
4298,Con,Lab,LD,SNP,SU,Sol,Soc,Grn,skipped,skipped,,10
4299,Con,Lab,SNP,LD,Sol,Grn,Soc,SU,skipped,skipped,,10
4300,Con,Lab,Grn,skipped,skipped,skipped,skipped,skipped,skipped,skipped,,10
4301,Con,Lab,SU,LD,skipped,skipped,skipped,skipped,skipped,skipped,,10
4302,Con,Lab,Grn,LD,SU,Sol,Soc,skipped,skipped,skipped,,10
4303,Con,Lab,Grn,SU,skipped,skipped,skipped,skipped,skipped,skipped,,10
4304,Con,Lab,LD,skipped,skipped,skipped,skipped,skipped,skipped,skipped,,10
4305,Con,Lab,LD,skipped,skipped,skipped,skipped,skipped,skipped,skipped,,10
4306,Con,Lab,LD,skipped,skipped,skipped,skipped,skipped,skipped,skipped,,10
4307,Con,Lab,SNP,skipped,skipped,skipped,skipped,skipped,skipped,skipped,,10
4308,Con,Lab,SU,skipped,skipped,skipped,skipped,skipped,skipped,skipped,,10
4309,Con,Lab,skipped,skipped,skipped,skipped,skipped,skipped,skipped,skipped,,10
4310,Con,Lab,skipped,skipped,skipped,skipped,skipped,skipped,skipped,skipped,,10
4311,Con,Lab,skipped,skipped,skipped,skipped,skipped,skipped,skipped,skipped,,10
4312,Con,Lab,skipped,skipped,skipped,skipped,skipped,skipped,skipped,skipped,,10
4313,Con,Lab,skipped,skipped,skipped,skipped,skipped,skipped,skipped,skipped,,10
4314,Con,Lab,skipped,skipped,skipped,skipped,skipped,skipped,skipped,skipped,,10
4315,Con,Lab,skipped,skipped,skipped,skipped,skipped,skipped,skipped,skipped,,10
4316,Con,Lab,skipped,skipped,skipped,skipped,skipped,skipped,skipped,skipped,,10
4317,Con,Lab,skipped,skipped,skipped,skipped,skipped,skipped,skipped,skipped,,10
4318,Con,Lab,skipped,skipped,skipped,skipped,skipped,skipped,skipped,skipped,,10
4319,Con,Lab,LD,Grn,Sol,Soc,SU,SNP,skipped,skipped,,10
4320,Con,Lab,LD,skipped,skipped,skipped,skipped,skipped,skipped,skipped,,10
4321,Con,Lab,SNP,skipped,skipped,skipped,skipped,skipped,skipped,skipped,,10
4322,Con,Sol,skipped,skipped,skipped,skipped,skipped,skipped,skipped,skipped,,10
4323,Con,Sol,skipped,skipped,skipped,skipped,skipped,skipped,skipped,skipped,,10
4324,Con,Sol,Lab,SNP,skipped,skipped,skipped,skipped,skipped,skipped,,10
4325,Con,Sol,Soc,skipped,skipped,skipped,skipped,skipped,skipped,skipped,,10
4326,Con,Sol,Soc,skipped,skipped,skipped,skipped,skipped,skipped,skipped,,10
4327,Con,Sol,LD,Lab,skipped,skipped,skipped,skipped,skipped,skipped,,10
4328,Con,Sol,LD,Grn,SU,Soc,Lab,SNP,skipped,skipped,,10
4329,Con,Grn,skipped,skipped,skipped,skipped,skipped,skipped,skipped,skipped,,10
4330,Con,Grn,skipped,skipped,skipped,skipped,skipped,skipped,skipped,skipped,,10
4331,Con,Grn,skipped,skipped,skipped,skipped,skipped,skipped,skipped,skipped,,10
4332,Con,Grn,skipped,skipped,skipped,skipped,skipped,skipped,skipped,skipped,,10
4333,Con,Grn,skipped,skipped,skipped,skipped,skipped,skipped,skipped,skipped,,10
4334,Con,Grn,skipped,skipped,skipped,skipped,skipped,skipped,skipped,skipped,,10
4335,Con,Grn,skipped,skipped,skipped,skipped,skipped,skipped,skipped,skipped,,10
4336,Con,Grn,skipped,skipped,skipped,skipped,skipped,skipped,skipped,skipped,,10
4337,Con,Grn,Lab,skipped,skipped,skipped,skipped,skipped,skipped,skipped,,10
4338,Con,Grn,Lab,skipped,skipped,skipped,skipped,skipped,skipped,skipped,,10
4339,Con,Grn,Soc,SNP,skipped,skipped,skipped,skipped,skipped,skipped,,10
4340,Con,Grn,LD,skipped,skipped,skipped,skipped,skipped,skipped,skipped,,10
4341,Con,Grn,LD,skipped,skipped,skipped,skipped,skipped,skipped,skipped,,10
4342,Con,Grn,LD,skipped,skipped,skipped,skipped,skipped,skipped,skipped,,10
4343,Con,Grn,LD,skipped,skipped,skipped,skipped,skipped,skipped,skipped,,10
4344,Con,Grn,LD,Lab,skipped,skipped,skipped,skipped,skipped,skipped,,10
4345,Con,Grn,LD,SNP,skipped,skipped,skipped,skipped,skipped,skipped,,10
4346,Con,Grn,SU,skipped,skipped,skipped,skipped,skipped,skipped,skipped,,10
4347,Con,Grn,SU,skipped,skipped,skipped,skipped,skipped,skipped,skipped,,10
4348,Con,Grn,SU,skipped,skipped,skipped,skipped,skipped,skipped,skipped,,10
4349,Con,Grn,SU,skipped,skipped,skipped,skipped,skipped,skipped,skipped,,10
4350,Con,Grn,SU,Soc,LD,Lab,Sol,SNP,skipped,skipped,,10
4351,Con,Grn,SU,SNP,skipped,skipped,skipped,skipped,skipped,skipped,,10
4352,Con,Soc,skipped,skipped,skipped,skipped,skipped,skipped,skipped,skipped,,10
4353,Con,Soc,Grn,skipped,skipped,skipped,skipped,skipped,skipped,skipped,,10
4354,Con,Soc,Grn,skipped,skipped,skipped,skipped,skipped,skipped,skipped,,10
4355,Con,Soc,Grn,Lab,skipped,skipped,skipped,skipped,skipped,skipped,,10
4356,Con,Soc,SU,SNP,skipped,skipped,skipped,skipped,skipped,skipped,,10
4357,Con,LD,skipped,skipped,skipped,skipped,skipped,skipped,skipped,skipped,,10
4358,Con,LD,skipped,skipped,skipped,skipped,skipped,skipped,skipped,skipped,,10
4359,Con,LD,skipped,skipped,skipped,skipped,skipped,skipped,skipped,skipped,,10
4360,Con,LD,skipped,skipped,skipped,skipped,skipped,skipped,skipped,skipped,,10
4361,Con,LD,skipped,skipped,skipped,skipped,skipped,skipped,skipped,skipped,,10
4362,Con,LD,skipped,skipped,skipped,skipped,skipped,skipped,skipped,skipped,,10
4363,Con,LD,skipped,skipped,skipped,skipped,skipped,skipped,skipped,skipped,,10
4364,Con,LD,skipped,skipped,skipped,skipped,skipped,skipped,skipped,skipped,,10
4365,Con,LD,skipped,skipped,skipped,skipped,skipped,skipped,skipped,skipped,,10
4366,Con,LD,skipped,skipped,skipped,skipped,skipped,skipped,skipped,skipped,,10
4367,Con,LD,skipped,skipped,skipped,skipped,skipped,skipped,skipped,skipped,,10
4368,Con,LD,skipped,skipped,skipped,skipped,skipped,skipped,skipped,skipped,,10
4369,Con,LD,skipped,skipped,skipped,skipped,skipped,skipped,skipped,skipped,,10
4370,Con,LD,skipped,skipped,skipped,skipped,skipped,skipped,skipped,skipped,,10
4371,Con,LD,skipped,skipped,skipped,skipped,skipped,skipped,skipped,skipped,,10
4372,Con,LD,skipped,skipped,skipped,skipped,skipped,skipped,skipped,skipped,,10
4373,Con,LD,skipped,skipped,skipped,skipped,skipped,skipped,skipped,skipped,,10
4374,Con,LD,skipped,skipped,skipped,skipped,skipped,skipped,skipped,skipped,,10
4375,Con,LD,skipped,skipped,skipped,skipped,skipped,skipped,skipped,skipped,,10
4376,Con,LD,skipped,skipped,skipped,skipped,skipped,skipped,skipped,skipped,,10
4377,Con,LD,skipped,skipped,skipped,skipped,skipped,skipped,skipped,skipped,,10
4378,Con,LD,skipped,skipped,skipped,skipped,skipped,skipped,skipped,skipped,,10
4379,Con,LD,skipped,skipped,skipped,skipped,skipped,skipped,skipped,skipped,,10
4380,Con,LD,skipped,skipped,skipped,skipped,skipped,skipped,skipped,skipped,,10
4381,Con,LD,skipped,skipped,skipped,skipped,skipped,skipped,skipped,skipped,,10
4382,Con,LD,Lab,skipped,skipped,skipped,skipped,skipped,skipped,skipped,,10
4383,Con,LD,Lab,skipped,skipped,skipped,skipped,skipped,skipped,skipped,,10
4384,Con,LD,Lab,skipped,skipped,skipped,skipped,skipped,skipped,skipped,,10
4385,Con,LD,Lab,SNP,skipped,skipped,skipped,skipped,skipped,skipped,,10
4386,Con,LD,Lab,skipped,skipped,skipped,skipped,skipped,skipped,skipped,,10
4387,Con,LD,Lab,skipped,skipped,skipped,skipped,skipped,skipped,skipped,,10
4388,Con,LD,Lab,skipped,skipped,skipped,skipped,skipped,skipped,skipped,,10
4389,Con,LD,Lab,Soc,Grn,SU,Sol,SNP,skipped,skipped,,10
4390,Con,LD,Lab,skipped,skipped,skipped,skipped,skipped,skipped,skipped,,10
4391,Con,LD,Lab,SU,skipped,skipped,skipped,skipped,skipped,skipped,,10
4392,Con,LD,Grn,skipped,skipped,skipped,skipped,skipped,skipped,skipped,,10
4393,Con,LD,Grn,skipped,skipped,skipped,skipped,skipped,skipped,skipped,,10
4394,Con,LD,Grn,skipped,skipped,skipped,skipped,skipped,skipped,skipped,,10
4395,Con,LD,Grn,skipped,skipped,skipped,skipped,skipped,skipped,skipped,,10
4396,Con,LD,Grn,skipped,skipped,skipped,skipped,skipped,skipped,skipped,,10
4397,Con,LD,Grn,skipped,skipped,skipped,skipped,skipped,skipped,skipped,,10
4398,Con,LD,Grn,Lab,skipped,skipped,skipped,skipped,skipped,skipped,,10
4399,Con,LD,Grn,Soc,Lab,Sol,SU,SNP,skipped,skipped,,10
4400,Con,LD,Grn,SU,skipped,skipped,skipped,skipped,skipped,skipped,,10
4401,Con,LD,Grn,SU,skipped,skipped,skipped,skipped,skipped,skipped,,10
4402,Con,LD,Grn,SU,SNP,Lab,Sol,Soc,skipped,skipped,,10
4403,Con,LD,SNP,skipped,skipped,skipped,skipped,skipped,skipped,skipped,,10
4404,Con,LD,SNP,skipped,skipped,skipped,skipped,skipped,skipped,skipped,,10
4405,Con,LD,SNP,skipped,skipped,skipped,skipped,skipped,skipped,skipped,,10
4406,Con,LD,SNP,skipped,skipped,skipped,skipped,skipped,skipped,skipped,,10
4407,Con,LD,SNP,Grn,skipped,skipped,skipped,skipped,skipped,skipped,,10
4408,Con,LD,SNP,Grn,skipped,skipped,skipped,skipped,skipped,skipped,,10
4409,Con,LD,SNP,SU,skipped,skipped,skipped,skipped,skipped,skipped,,10
4410,Con,LD,SU,skipped,skipped,skipped,skipped,skipped,skipped,skipped,,10
4411,Con,LD,SU,skipped,skipped,skipped,skipped,skipped,skipped,skipped,,10
4412,Con,LD,SU,skipped,skipped,skipped,skipped,skipped,skipped,skipped,,10
4413,Con,LD,SU,skipped,skipped,skipped,skipped,skipped,skipped,skipped,,10
4414,Con,LD,SU,skipped,skipped,skipped,skipped,skipped,skipped,skipped,,10
4415,Con,LD,SU,skipped,skipped,skipped,skipped,skipped,skipped,skipped,,10
4416,Con,LD,SU,skipped,skipped,skipped,skipped,skipped,skipped,skipped,,10
4417,Con,LD,SU,skipped,skipped,skipped,skipped,skipped,skipped,skipped,,10
4418,Con,LD,SU,Lab,skipped,skipped,skipped,skipped,skipped,skipped,,10
4419,Con,LD,SU,Lab,Soc,Grn,SNP,Sol,skipped,skipped,,10
4420,Con,LD,SU,Lab,Grn,skipped,skipped,skipped,skipped,skipped,,10
4421,Con,LD,SU,Grn,skipped,skipped,skipped,skipped,skipped,skipped,,10
4422,Con,SNP,skipped,skipped,skipped,skipped,skipped,skipped,skipped,skipped,,10
4423,Con,SNP,skipped,skipped,skipped,skipped,skipped,skipped,skipped,skipped,,10
4424,Con,SNP,skipped,skipped,skipped,skipped,skipped,skipped,skipped,skipped,,10
4425,Con,SNP,skipped,skipped,skipped,skipped,skipped,skipped,skipped,skipped,,10
4426,Con,SNP,skipped,skipped,skipped,skipped,skipped,skipped,skipped,skipped,,10
4427,Con,SNP,skipped,skipped,skipped,skipped,skipped,skipped,skipped,skipped,,10
4428,Con,SNP,skipped,skipped,skipped,skipped,skipped,skipped,skipped,skipped,,10
4429,Con,SNP,skipped,skipped,skipped,skipped,skipped,skipped,skipped,skipped,,10
4430,Con,SNP,skipped,skipped,skipped,skipped,skipped,skipped,skipped,skipped,,10
4431,Con,SNP,skipped,skipped,skipped,skipped,skipped,skipped,skipped,skipped,,10
4432,Con,SNP,skipped,skipped,skipped,skipped,skipped,skipped,skipped,skipped,,10
4433,Con,SNP,skipped,skipped,skipped,skipped,skipped,skipped,skipped,skipped,,10
4434,Con,SNP,Lab,skipped,skipped,skipped,skipped,skipped,skipped,skipped,,10
4435,Con,SNP,Lab,LD,Soc,Sol,Grn,SU,skipped,skipped,,10
4436,Con,SNP,Lab,skipped,skipped,skipped,skipped,skipped,skipped,skipped,,10
4437,Con,SNP,Lab,Soc,skipped,skipped,skipped,skipped,skipped,skipped,,10
4438,Con,SNP,Lab,skipped,skipped,skipped,skipped,skipped,skipped,skipped,,10
4439,Con,SNP,Soc,Lab,skipped,skipped,skipped,skipped,skipped,skipped,,10
4440,Con,SNP,LD,skipped,skipped,skipped,skipped,skipped,skipped,skipped,,10
4441,Con,SNP,LD,skipped,skipped,skipped,skipped,skipped,skipped,skipped,,10
4442,Con,SNP,LD,skipped,skipped,skipped,skipped,skipped,skipped,skipped,,10
4443,Con,SNP,LD,skipped,skipped,skipped,skipped,skipped,skipped,skipped,,10
4444,Con,SNP,LD,Lab,skipped,skipped,skipped,skipped,skipped,skipped,,10
4445,Con,SNP,LD,Lab,Grn,skipped,skipped,skipped,skipped,skipped,,10
4446,Con,SNP,LD,Lab,SU,Grn,Soc,Sol,skipped,skipped,,10
4447,Con,SNP,LD,SU,skipped,skipped,skipped,skipped,skipped,skipped,,10
4448,Con,SNP,SU,skipped,skipped,skipped,skipped,skipped,skipped,skipped,,10
4449,Con,SNP,SU,skipped,skipped,skipped,skipped,skipped,skipped,skipped,,10
4450,Con,SNP,SU,skipped,skipped,skipped,skipped,skipped,skipped,skipped,,10
4451,Con,SNP,SU,skipped,skipped,skipped,skipped,skipped,skipped,skipped,,10
4452,Con,SNP,SU,Lab,Grn,Sol,LD,Soc,skipped,skipped,,10
4453,Con,SNP,SU,LD,Grn,Lab,Sol,Soc,skipped,skipped,,10
4454,Con,SU,skipped,skipped,skipped,skipped,skipped,skipped,skipped,skipped,,10
4455,Con,SU,skipped,skipped,skipped,skipped,skipped,skipped,skipped,skipped,,10
4456,Con,SU,skipped,skipped,skipped,skipped,skipped,skipped,skipped,skipped,,10
4457,Con,SU,skipped,skipped,skipped,skipped,skipped,skipped,skipped,skipped,,10
4458,Con,SU,skipped,skipped,skipped,skipped,skipped,skipped,skipped,skipped,,10
4459,Con,SU,skipped,skipped,skipped,skipped,skipped,skipped,skipped,skipped,,10
4460,Con,SU,skipped,skipped,skipped,skipped,skipped,skipped,skipped,skipped,,10
4461,Con,SU,skipped,skipped,skipped,skipped,skipped,skipped,skipped,skipped,,10
4462,Con,SU,skipped,skipped,skipped,skipped,skipped,skipped,skipped,skipped,,10
4463,Con,SU,skipped,skipped,skipped,skipped,skipped,skipped,skipped,skipped,,10
4464,Con,SU,skipped,skipped,skipped,skipped,skipped,skipped,skipped,skipped,,10
4465,Con,SU,skipped,skipped,skipped,skipped,skipped,skipped,skipped,skipped,,10
4466,Con,SU,skipped,skipped,skipped,skipped,skipped,skipped,skipped,skipped,,10
4467,Con,SU,skipped,skipped,skipped,skipped,skipped,skipped,skipped,skipped,,10
4468,Con,SU,skipped,skipped,skipped,skipped,skipped,skipped,skipped,skipped,,10
4469,Con,SU,skipped,skipped,skipped,skipped,skipped,skipped,skipped,skipped,,10
4470,Con,SU,skipped,skipped,skipped,skipped,skipped,skipped,skipped,skipped,,10
4471,Con,SU,skipped,skipped,skipped,skipped,skipped,skipped,skipped,skipped,,10
4472,Con,SU,skipped,skipped,skipped,skipped,skipped,skipped,skipped,skipped,,10
4473,Con,SU,skipped,skipped,skipped,skipped,skipped,skipped,skipped,skipped,,10
4474,Con,SU,skipped,skipped,skipped,skipped,skipped,skipped,skipped,skipped,,10
4475,Con,SU,skipped,skipped,skipped,skipped,skipped,skipped,skipped,skipped,,10
4476,Con,SU,skipped,skipped,skipped,skipped,skipped,skipped,skipped,skipped,,10
4477,Con,SU,skipped,skipped,skipped,skipped,skipped,skipped,skipped,skipped,,10
4478,Con,SU,skipped,skipped,skipped,skipped,skipped,skipped,skipped,skipped,,10
4479,Con,SU,skipped,skipped,skipped,skipped,skipped,skipped,skipped,skipped,,10
4480,Con,SU,skipped,skipped,skipped,skipped,skipped,skipped,skipped,skipped,,10
4481,Con,SU,skipped,skipped,skipped,skipped,skipped,skipped,skipped,skipped,,10
4482,Con,SU,skipped,skipped,skipped,skipped,skipped,skipped,skipped,skipped,,10
4483,Con,SU,skipped,skipped,skipped,skipped,skipped,skipped,skipped,skipped,,10
4484,Con,SU,skipped,skipped,skipped,skipped,skipped,skipped,skipped,skipped,,10
4485,Con,SU,skipped,skipped,skipped,skipped,skipped,skipped,skipped,skipped,,10
4486,Con,SU,skipped,skipped,skipped,skipped,skipped,skipped,skipped,skipped,,10
4487,Con,SU,skipped,skipped,skipped,skipped,skipped,skipped,skipped,skipped,,10
4488,Con,SU,skipped,skipped,skipped,skipped,skipped,skipped,skipped,skipped,,10
4489,Con,SU,skipped,skipped,skipped,skipped,skipped,skipped,skipped,skipped,,10
4490,Con,SU,skipped,skipped,skipped,skipped,skipped,skipped,skipped,skipped,,10
4491,Con,SU,skipped,skipped,skipped,skipped,skipped,skipped,skipped,skipped,,10
4492,Con,SU,skipped,skipped,skipped,skipped,skipped,skipped,skipped,skipped,,10
4493,Con,SU,skipped,skipped,skipped,skipped,skipped,skipped,skipped,skipped,,10
4494,Con,SU,Lab,skipped,skipped,skipped,skipped,skipped,skipped,skipped,,10
4495,Con,SU,Lab,skipped,skipped,skipped,skipped,skipped,skipped,skipped,,10
4496,Con,SU,Lab,skipped,skipped,skipped,skipped,skipped,skipped,skipped,,10
4497,Con,SU,Lab,Grn,SNP,LD,Sol,Soc,skipped,skipped,,10
4498,Con,SU,Lab,Soc,skipped,skipped,skipped,skipped,skipped,skipped,,10
4499,Con,SU,Lab,skipped,skipped,skipped,skipped,skipped,skipped,skipped,,10
4500,Con,SU,Lab,SNP,Grn,skipped,skipped,skipped,skipped,skipped,,10
4501,Con,SU,Lab,skipped,skipped,skipped,skipped,skipped,skipped,skipped,,10
4502,Con,SU,Lab,skipped,skipped,skipped,skipped,skipped,skipped,skipped,,10
4503,Con,SU,Lab,skipped,skipped,skipped,skipped,skipped,skipped,skipped,,10
4504,Con,SU,Lab,skipped,skipped,skipped,skipped,skipped,skipped,skipped,,10
4505,Con,SU,Lab,skipped,skipped,skipped,skipped,skipped,skipped,skipped,,10
4506,Con,SU,Sol,skipped,skipped,skipped,skipped,skipped,skipped,skipped,,10
4507,Con,SU,Sol,Lab,skipped,skipped,skipped,skipped,skipped,skipped,,10
4508,Con,SU,Grn,skipped,skipped,skipped,skipped,skipped,skipped,skipped,,10
4509,Con,SU,Grn,skipped,skipped,skipped,skipped,skipped,skipped,skipped,,10
4510,Con,SU,Grn,skipped,skipped,skipped,skipped,skipped,skipped,skipped,,10
4511,Con,SU,Grn,skipped,skipped,skipped,skipped,skipped,skipped,skipped,,10
4512,Con,SU,Grn,skipped,skipped,skipped,skipped,skipped,skipped,skipped,,10
4513,Con,SU,Grn,skipped,skipped,skipped,skipped,skipped,skipped,skipped,,10
4514,Con,SU,Grn,skipped,skipped,skipped,skipped,skipped,skipped,skipped,,10
4515,Con,SU,Grn,skipped,skipped,skipped,skipped,skipped,skipped,skipped,,10
4516,Con,SU,Grn,skipped,skipped,skipped,skipped,skipped,skipped,skipped,,10
4517,Con,SU,Grn,LD,skipped,skipped,skipped,skipped,skipped,skipped,,10
4518,Con,SU,Grn,LD,skipped,skipped,skipped,skipped,skipped,skipped,,10
4519,Con,SU,Grn,LD,skipped,skipped,skipped,skipped,skipped,skipped,,10
4520,Con,SU,Grn,LD,Lab,skipped,skipped,skipped,skipped,skipped,,10
4521,Con,SU,Grn,LD,SNP,Lab,Soc,Sol,skipped,skipped,,10
4522,Con,SU,Grn,SNP,skipped,skipped,skipped,skipped,skipped,skipped,,10
4523,Con,SU,Soc,skipped,skipped,skipped,skipped,skipped,skipped,skipped,,10
4524,Con,SU,Soc,skipped,skipped,skipped,skipped,skipped,skipped,skipped,,10
4525,Con,SU,Soc,skipped,skipped,skipped,skipped,skipped,skipped,skipped,,10
4526,Con,SU,Soc,skipped,skipped,skipped,skipped,skipped,skipped,skipped,,10
4527,Con,SU,Soc,Lab,skipped,skipped,skipped,skipped,skipped,skipped,,10
4528,Con,SU,Soc,Lab,Grn,LD,SNP,Sol,skipped,skipped,,10
4529,Con,SU,Soc,Lab,Grn,LD,SNP,Sol,skipped,skipped,,10
4530,Con,SU,Soc,Grn,skipped,skipped,skipped,skipped,skipped,skipped,,10
4531,Con,SU,LD,skipped,skipped,skipped,skipped,skipped,skipped,skipped,,10
4532,Con,SU,LD,skipped,skipped,skipped,skipped,skipped,skipped,skipped,,10
4533,Con,SU,LD,skipped,skipped,skipped,skipped,skipped,skipped,skipped,,10
4534,Con,SU,LD,skipped,skipped,skipped,skipped,skipped,skipped,skipped,,10
4535,Con,SU,LD,skipped,skipped,skipped,skipped,skipped,skipped,skipped,,10
4536,Con,SU,LD,skipped,skipped,skipped,skipped,skipped,skipped,skipped,,10
4537,Con,SU,LD,skipped,skipped,skipped,skipped,skipped,skipped,skipped,,10
4538,Con,SU,LD,skipped,skipped,skipped,skipped,skipped,skipped,skipped,,10
4539,Con,SU,LD,skipped,skipped,skipped,skipped,skipped,skipped,skipped,,10
4540,Con,SU,LD,Grn,skipped,skipped,skipped,skipped,skipped,skipped,,10
4541,Con,SU,LD,Grn,skipped,skipped,skipped,skipped,skipped,skipped,,10
4542,Con,SU,LD,Soc,skipped,skipped,skipped,skipped,skipped,skipped,,10
4543,Con,SU,LD,Soc,skipped,skipped,skipped,skipped,skipped,skipped,,10
4544,Con,SU,LD,Soc,skipped,skipped,skipped,skipped,skipped,skipped,,10
4545,Con,SU,LD,SNP,skipped,skipped,skipped,skipped,skipped,skipped,,10
4546,Con,SU,LD,SNP,skipped,skipped,skipped,skipped,skipped,skipped,,10
4547,Con,SU,SNP,skipped,skipped,skipped,skipped,skipped,skipped,skipped,,10
4548,Con,SU,SNP,skipped,skipped,skipped,skipped,skipped,skipped,skipped,,10
4549,Con,SU,SNP,Grn,skipped,skipped,skipped,skipped,skipped,skipped,,10
4550,Con,SU,SNP,Grn,skipped,skipped,skipped,skipped,skipped,skipped,,10
4551,Con,SU,SNP,Grn,skipped,skipped,skipped,skipped,skipped,skipped,,10
4552,Lab,skipped,skipped,skipped,skipped,skipped,skipped,skipped,skipped,skipped,,10
4553,Lab,skipped,skipped,skipped,skipped,skipped,skipped,skipped,skipped,skipped,,10
4554,Lab,skipped,skipped,skipped,skipped,skipped,skipped,skipped,skipped,skipped,,10
4555,Lab,skipped,skipped,skipped,skipped,skipped,skipped,skipped,skipped,skipped,,10
4556,Lab,skipped,skipped,skipped,skipped,skipped,skipped,skipped,skipped,skipped,,10
4557,Lab,skipped,skipped,skipped,skipped,skipped,skipped,skipped,skipped,skipped,,10
4558,Lab,skipped,skipped,skipped,skipped,skipped,skipped,skipped,skipped,skipped,,10
4559,Lab,skipped,skipped,skipped,skipped,skipped,skipped,skipped,skipped,skipped,,10
4560,Lab,skipped,skipped,skipped,skipped,skipped,skipped,skipped,skipped,skipped,,10
4561,Lab,skipped,skipped,skipped,skipped,skipped,skipped,skipped,skipped,skipped,,10
4562,Lab,skipped,skipped,skipped,skipped,skipped,skipped,skipped,skipped,skipped,,10
4563,Lab,skipped,skipped,skipped,skipped,skipped,skipped,skipped,skipped,skipped,,10
4564,Lab,skipped,skipped,skipped,skipped,skipped,skipped,skipped,skipped,skipped,,10
4565,Lab,skipped,skipped,skipped,skipped,skipped,skipped,skipped,skipped,skipped,,10
4566,Lab,skipped,skipped,skipped,skipped,skipped,skipped,skipped,skipped,skipped,,10
4567,Lab,skipped,skipped,skipped,skipped,skipped,skipped,skipped,skipped,skipped,,10
4568,Lab,skipped,skipped,skipped,skipped,skipped,skipped,skipped,skipped,skipped,,10
4569,Lab,skipped,skipped,skipped,skipped,skipped,skipped,skipped,skipped,skipped,,10
4570,Lab,skipped,skipped,skipped,skipped,skipped,skipped,skipped,skipped,skipped,,10
4571,Lab,skipped,skipped,skipped,skipped,skipped,skipped,skipped,skipped,skipped,,10
4572,Lab,skipped,skipped,skipped,skipped,skipped,skipped,skipped,skipped,skipped,,10
4573,Lab,skipped,skipped,skipped,skipped,skipped,skipped,skipped,skipped,skipped,,10
4574,Lab,skipped,skipped,skipped,skipped,skipped,skipped,skipped,skipped,skipped,,10
4575,Lab,skipped,skipped,skipped,skipped,skipped,skipped,skipped,skipped,skipped,,10
4576,Lab,skipped,skipped,skipped,skipped,skipped,skipped,skipped,skipped,skipped,,10
4577,Lab,skipped,skipped,skipped,skipped,skipped,skipped,skipped,skipped,skipped,,10
4578,Lab,skipped,skipped,skipped,skipped,skipped,skipped,skipped,skipped,skipped,,10
4579,Lab,skipped,skipped,skipped,skipped,skipped,skipped,skipped,skipped,skipped,,10
4580,Lab,skipped,skipped,skipped,skipped,skipped,skipped,skipped,skipped,skipped,,10
4581,Lab,skipped,skipped,skipped,skipped,skipped,skipped,skipped,skipped,skipped,,10
4582,Lab,skipped,skipped,skipped,skipped,skipped,skipped,skipped,skipped,skipped,,10
4583,Lab,skipped,skipped,skipped,skipped,skipped,skipped,skipped,skipped,skipped,,10
4584,Lab,skipped,skipped,skipped,skipped,skipped,skipped,skipped,skipped,skipped,,10
4585,Lab,skipped,skipped,skipped,skipped,skipped,skipped,skipped,skipped,skipped,,10
4586,Lab,skipped,skipped,skipped,skipped,skipped,skipped,skipped,skipped,skipped,,10
4587,Lab,skipped,skipped,skipped,skipped,skipped,skipped,skipped,skipped,skipped,,10
4588,Lab,skipped,skipped,skipped,skipped,skipped,skipped,skipped,skipped,skipped,,10
4589,Lab,skipped,skipped,skipped,skipped,skipped,skipped,skipped,skipped,skipped,,10
4590,Lab,skipped,skipped,skipped,skipped,skipped,skipped,skipped,skipped,skipped,,10
4591,Lab,skipped,skipped,skipped,skipped,skipped,skipped,skipped,skipped,skipped,,10
4592,Lab,skipped,skipped,skipped,skipped,skipped,skipped,skipped,skipped,skipped,,10
4593,Lab,skipped,skipped,skipped,skipped,skipped,skipped,skipped,skipped,skipped,,10
4594,Lab,skipped,skipped,skipped,skipped,skipped,skipped,skipped,skipped,skipped,,10
4595,Lab,skipped,skipped,skipped,skipped,skipped,skipped,skipped,skipped,skipped,,10
4596,Lab,skipped,skipped,skipped,skipped,skipped,skipped,skipped,skipped,skipped,,10
4597,Lab,skipped,skipped,skipped,skipped,skipped,skipped,skipped,skipped,skipped,,10
4598,Lab,skipped,skipped,skipped,skipped,skipped,skipped,skipped,skipped,skipped,,10
4599,Lab,skipped,skipped,skipped,skipped,skipped,skipped,skipped,skipped,skipped,,10
4600,Lab,skipped,skipped,skipped,skipped,skipped,skipped,skipped,skipped,skipped,,10
4601,Lab,skipped,skipped,skipped,skipped,skipped,skipped,skipped,skipped,skipped,,10
4602,Lab,skipped,skipped,skipped,skipped,skipped,skipped,skipped,skipped,skipped,,10
4603,Lab,skipped,skipped,skipped,skipped,skipped,skipped,skipped,skipped,skipped,,10
4604,Lab,skipped,skipped,skipped,skipped,skipped,skipped,skipped,skipped,skipped,,10
4605,Lab,skipped,skipped,skipped,skipped,skipped,skipped,skipped,skipped,skipped,,10
4606,Lab,skipped,skipped,skipped,skipped,skipped,skipped,skipped,skipped,skipped,,10
4607,Lab,skipped,skipped,skipped,skipped,skipped,skipped,skipped,skipped,skipped,,10
4608,Lab,skipped,skipped,skipped,skipped,skipped,skipped,skipped,skipped,skipped,,10
4609,Lab,skipped,skipped,skipped,skipped,skipped,skipped,skipped,skipped,skipped,,10
4610,Lab,skipped,skipped,skipped,skipped,skipped,skipped,skipped,skipped,skipped,,10
4611,Lab,skipped,skipped,skipped,skipped,skipped,skipped,skipped,skipped,skipped,,10
4612,Lab,skipped,skipped,skipped,skipped,skipped,skipped,skipped,skipped,skipped,,10
4613,Lab,skipped,skipped,skipped,skipped,skipped,skipped,skipped,skipped,skipped,,10
4614,Lab,skipped,skipped,skipped,skipped,skipped,skipped,skipped,skipped,skipped,,10
4615,Lab,skipped,skipped,skipped,skipped,skipped,skipped,skipped,skipped,skipped,,10
4616,Lab,skipped,skipped,skipped,skipped,skipped,skipped,skipped,skipped,skipped,,10
4617,Lab,skipped,skipped,skipped,skipped,skipped,skipped,skipped,skipped,skipped,,10
4618,Lab,skipped,skipped,skipped,skipped,skipped,skipped,skipped,skipped,skipped,,10
4619,Lab,skipped,skipped,skipped,skipped,skipped,skipped,skipped,skipped,skipped,,10
4620,Lab,skipped,skipped,skipped,skipped,skipped,skipped,skipped,skipped,skipped,,10
4621,Lab,skipped,skipped,skipped,skipped,skipped,skipped,skipped,skipped,skipped,,10
4622,Lab,skipped,skipped,skipped,skipped,skipped,skipped,skipped,skipped,skipped,,10
4623,Lab,skipped,skipped,skipped,skipped,skipped,skipped,skipped,skipped,skipped,,10
4624,Lab,skipped,skipped,skipped,skipped,skipped,skipped,skipped,skipped,skipped,,10
4625,Lab,skipped,skipped,skipped,skipped,skipped,skipped,skipped,skipped,skipped,,10
4626,Lab,skipped,skipped,skipped,skipped,skipped,skipped,skipped,skipped,skipped,,10
4627,Lab,skipped,skipped,skipped,skipped,skipped,skipped,skipped,skipped,skipped,,10
4628,Lab,skipped,skipped,skipped,skipped,skipped,skipped,skipped,skipped,skipped,,10
4629,Lab,skipped,skipped,skipped,skipped,skipped,skipped,skipped,skipped,skipped,,10
4630,Lab,skipped,skipped,skipped,skipped,skipped,skipped,skipped,skipped,skipped,,10
4631,Lab,skipped,skipped,skipped,skipped,skipped,skipped,skipped,skipped,skipped,,10
4632,Lab,skipped,skipped,skipped,skipped,skipped,skipped,skipped,skipped,skipped,,10
4633,Lab,skipped,skipped,skipped,skipped,skipped,skipped,skipped,skipped,skipped,,10
4634,Lab,skipped,skipped,skipped,skipped,skipped,skipped,skipped,skipped,skipped,,10
4635,Lab,skipped,skipped,skipped,skipped,skipped,skipped,skipped,skipped,skipped,,10
4636,Lab,skipped,skipped,skipped,skipped,skipped,skipped,skipped,skipped,skipped,,10
4637,Lab,skipped,skipped,skipped,skipped,skipped,skipped,skipped,skipped,skipped,,10
4638,Lab,skipped,skipped,skipped,skipped,skipped,skipped,skipped,skipped,skipped,,10
4639,Lab,skipped,skipped,skipped,skipped,skipped,skipped,skipped,skipped,skipped,,10
4640,Lab,skipped,skipped,skipped,skipped,skipped,skipped,skipped,skipped,skipped,,10
4641,Lab,skipped,skipped,skipped,skipped,skipped,skipped,skipped,skipped,skipped,,10
4642,Lab,skipped,skipped,skipped,skipped,skipped,skipped,skipped,skipped,skipped,,10
4643,Lab,skipped,skipped,skipped,skipped,skipped,skipped,skipped,skipped,skipped,,10
4644,Lab,skipped,skipped,skipped,skipped,skipped,skipped,skipped,skipped,skipped,,10
4645,Lab,skipped,skipped,skipped,skipped,skipped,skipped,skipped,skipped,skipped,,10
4646,Lab,skipped,skipped,skipped,skipped,skipped,skipped,skipped,skipped,skipped,,10
4647,Lab,skipped,skipped,skipped,skipped,skipped,skipped,skipped,skipped,skipped,,10
4648,Lab,skipped,skipped,skipped,skipped,skipped,skipped,skipped,skipped,skipped,,10
4649,Lab,skipped,skipped,skipped,skipped,skipped,skipped,skipped,skipped,skipped,,10
4650,Lab,skipped,skipped,skipped,skipped,skipped,skipped,skipped,skipped,skipped,,10
4651,Lab,skipped,skipped,skipped,skipped,skipped,skipped,skipped,skipped,skipped,,10
4652,Lab,skipped,skipped,skipped,skipped,skipped,skipped,skipped,skipped,skipped,,10
4653,Lab,skipped,skipped,skipped,skipped,skipped,skipped,skipped,skipped,skipped,,10
4654,Lab,skipped,skipped,skipped,skipped,skipped,skipped,skipped,skipped,skipped,,10
4655,Lab,skipped,skipped,skipped,skipped,skipped,skipped,skipped,skipped,skipped,,10
4656,Lab,skipped,skipped,skipped,skipped,skipped,skipped,skipped,skipped,skipped,,10
4657,Lab,skipped,skipped,skipped,skipped,skipped,skipped,skipped,skipped,skipped,,10
4658,Lab,skipped,skipped,skipped,skipped,skipped,skipped,skipped,skipped,skipped,,10
4659,Lab,skipped,skipped,skipped,skipped,skipped,skipped,skipped,skipped,skipped,,10
4660,Lab,skipped,skipped,skipped,skipped,skipped,skipped,skipped,skipped,skipped,,10
4661,Lab,skipped,skipped,skipped,skipped,skipped,skipped,skipped,skipped,skipped,,10
4662,Lab,skipped,skipped,skipped,skipped,skipped,skipped,skipped,skipped,skipped,,10
4663,Lab,skipped,skipped,skipped,skipped,skipped,skipped,skipped,skipped,skipped,,10
4664,Lab,skipped,skipped,skipped,skipped,skipped,skipped,skipped,skipped,skipped,,10
4665,Lab,skipped,skipped,skipped,skipped,skipped,skipped,skipped,skipped,skipped,,10
4666,Lab,skipped,skipped,skipped,skipped,skipped,skipped,skipped,skipped,skipped,,10
4667,Lab,skipped,skipped,skipped,skipped,skipped,skipped,skipped,skipped,skipped,,10
4668,Lab,skipped,skipped,skipped,skipped,skipped,skipped,skipped,skipped,skipped,,10
4669,Lab,skipped,skipped,skipped,skipped,skipped,skipped,skipped,skipped,skipped,,10
4670,Lab,skipped,skipped,skipped,skipped,skipped,skipped,skipped,skipped,skipped,,10
4671,Lab,skipped,skipped,skipped,skipped,skipped,skipped,skipped,skipped,skipped,,10
4672,Lab,skipped,skipped,skipped,skipped,skipped,skipped,skipped,skipped,skipped,,10
4673,Lab,skipped,skipped,skipped,skipped,skipped,skipped,skipped,skipped,skipped,,10
4674,Lab,skipped,skipped,skipped,skipped,skipped,skipped,skipped,skipped,skipped,,10
4675,Lab,skipped,skipped,skipped,skipped,skipped,skipped,skipped,skipped,skipped,,10
4676,Lab,skipped,skipped,skipped,skipped,skipped,skipped,skipped,skipped,skipped,,10
4677,Lab,skipped,skipped,skipped,skipped,skipped,skipped,skipped,skipped,skipped,,10
4678,Lab,skipped,skipped,skipped,skipped,skipped,skipped,skipped,skipped,skipped,,10
4679,Lab,skipped,skipped,skipped,skipped,skipped,skipped,skipped,skipped,skipped,,10
4680,Lab,skipped,skipped,skipped,skipped,skipped,skipped,skipped,skipped,skipped,,10
4681,Lab,skipped,skipped,skipped,skipped,skipped,skipped,skipped,skipped,skipped,,10
4682,Lab,skipped,skipped,skipped,skipped,skipped,skipped,skipped,skipped,skipped,,10
4683,Lab,skipped,skipped,skipped,skipped,skipped,skipped,skipped,skipped,skipped,,10
4684,Lab,skipped,skipped,skipped,skipped,skipped,skipped,skipped,skipped,skipped,,10
4685,Lab,skipped,skipped,skipped,skipped,skipped,skipped,skipped,skipped,skipped,,10
4686,Lab,skipped,skipped,skipped,skipped,skipped,skipped,skipped,skipped,skipped,,10
4687,Lab,skipped,skipped,skipped,skipped,skipped,skipped,skipped,skipped,skipped,,10
4688,Lab,skipped,skipped,skipped,skipped,skipped,skipped,skipped,skipped,skipped,,10
4689,Lab,skipped,skipped,skipped,skipped,skipped,skipped,skipped,skipped,skipped,,10
4690,Lab,skipped,skipped,skipped,skipped,skipped,skipped,skipped,skipped,skipped,,10
4691,Lab,skipped,skipped,skipped,skipped,skipped,skipped,skipped,skipped,skipped,,10
4692,Lab,skipped,skipped,skipped,skipped,skipped,skipped,skipped,skipped,skipped,,10
4693,Lab,skipped,skipped,skipped,skipped,skipped,skipped,skipped,skipped,skipped,,10
4694,Lab,skipped,skipped,skipped,skipped,skipped,skipped,skipped,skipped,skipped,,10
4695,Lab,skipped,skipped,skipped,skipped,skipped,skipped,skipped,skipped,skipped,,10
4696,Lab,skipped,skipped,skipped,skipped,skipped,skipped,skipped,skipped,skipped,,10
4697,Lab,skipped,skipped,skipped,skipped,skipped,skipped,skipped,skipped,skipped,,10
4698,Lab,skipped,skipped,skipped,skipped,skipped,skipped,skipped,skipped,skipped,,10
4699,Lab,skipped,skipped,skipped,skipped,skipped,skipped,skipped,skipped,skipped,,10
4700,Lab,skipped,skipped,skipped,skipped,skipped,skipped,skipped,skipped,skipped,,10
4701,Lab,skipped,skipped,skipped,skipped,skipped,skipped,skipped,skipped,skipped,,10
4702,Lab,skipped,skipped,skipped,skipped,skipped,skipped,skipped,skipped,skipped,,10
4703,Lab,skipped,skipped,skipped,skipped,skipped,skipped,skipped,skipped,skipped,,10
4704,Lab,skipped,skipped,skipped,skipped,skipped,skipped,skipped,skipped,skipped,,10
4705,Lab,skipped,skipped,skipped,skipped,skipped,skipped,skipped,skipped,skipped,,10
4706,Lab,skipped,skipped,skipped,skipped,skipped,skipped,skipped,skipped,skipped,,10
4707,Lab,skipped,skipped,skipped,skipped,skipped,skipped,skipped,skipped,skipped,,10
4708,Lab,skipped,skipped,skipped,skipped,skipped,skipped,skipped,skipped,skipped,,10
4709,Lab,skipped,skipped,skipped,skipped,skipped,skipped,skipped,skipped,skipped,,10
4710,Lab,skipped,skipped,skipped,skipped,skipped,skipped,skipped,skipped,skipped,,10
4711,Lab,skipped,skipped,skipped,skipped,skipped,skipped,skipped,skipped,skipped,,10
4712,Lab,skipped,skipped,skipped,skipped,skipped,skipped,skipped,skipped,skipped,,10
4713,Lab,skipped,skipped,skipped,skipped,skipped,skipped,skipped,skipped,skipped,,10
4714,Lab,skipped,skipped,skipped,skipped,skipped,skipped,skipped,skipped,skipped,,10
4715,Lab,skipped,skipped,skipped,skipped,skipped,skipped,skipped,skipped,skipped,,10
4716,Lab,skipped,skipped,skipped,skipped,skipped,skipped,skipped,skipped,skipped,,10
4717,Lab,skipped,skipped,skipped,skipped,skipped,skipped,skipped,skipped,skipped,,10
4718,Lab,skipped,skipped,skipped,skipped,skipped,skipped,skipped,skipped,skipped,,10
4719,Lab,skipped,skipped,skipped,skipped,skipped,skipped,skipped,skipped,skipped,,10
4720,Lab,skipped,skipped,skipped,skipped,skipped,skipped,skipped,skipped,skipped,,10
4721,Lab,skipped,skipped,skipped,skipped,skipped,skipped,skipped,skipped,skipped,,10
4722,Lab,skipped,skipped,skipped,skipped,skipped,skipped,skipped,skipped,skipped,,10
4723,Lab,skipped,skipped,skipped,skipped,skipped,skipped,skipped,skipped,skipped,,10
4724,Lab,skipped,skipped,skipped,skipped,skipped,skipped,skipped,skipped,skipped,,10
4725,Lab,skipped,skipped,skipped,skipped,skipped,skipped,skipped,skipped,skipped,,10
4726,Lab,skipped,skipped,skipped,skipped,skipped,skipped,skipped,skipped,skipped,,10
4727,Lab,skipped,skipped,skipped,skipped,skipped,skipped,skipped,skipped,skipped,,10
4728,Lab,skipped,skipped,skipped,skipped,skipped,skipped,skipped,skipped,skipped,,10
4729,Lab,skipped,skipped,skipped,skipped,skipped,skipped,skipped,skipped,skipped,,10
4730,Lab,skipped,skipped,skipped,skipped,skipped,skipped,skipped,skipped,skipped,,10
4731,Lab,skipped,skipped,skipped,skipped,skipped,skipped,skipped,skipped,skipped,,10
4732,Lab,skipped,skipped,skipped,skipped,skipped,skipped,skipped,skipped,skipped,,10
4733,Lab,skipped,skipped,skipped,skipped,skipped,skipped,skipped,skipped,skipped,,10
4734,Lab,skipped,skipped,skipped,skipped,skipped,skipped,skipped,skipped,skipped,,10
4735,Lab,skipped,skipped,skipped,skipped,skipped,skipped,skipped,skipped,skipped,,10
4736,Lab,skipped,skipped,skipped,skipped,skipped,skipped,skipped,skipped,skipped,,10
4737,Lab,skipped,skipped,skipped,skipped,skipped,skipped,skipped,skipped,skipped,,10
4738,Lab,skipped,skipped,skipped,skipped,skipped,skipped,skipped,skipped,skipped,,10
4739,Lab,skipped,skipped,skipped,skipped,skipped,skipped,skipped,skipped,skipped,,10
4740,Lab,skipped,skipped,skipped,skipped,skipped,skipped,skipped,skipped,skipped,,10
4741,Lab,skipped,skipped,skipped,skipped,skipped,skipped,skipped,skipped,skipped,,10
4742,Lab,skipped,skipped,skipped,skipped,skipped,skipped,skipped,skipped,skipped,,10
4743,Lab,skipped,skipped,skipped,skipped,skipped,skipped,skipped,skipped,skipped,,10
4744,Lab,skipped,skipped,skipped,skipped,skipped,skipped,skipped,skipped,skipped,,10
4745,Lab,skipped,skipped,skipped,skipped,skipped,skipped,skipped,skipped,skipped,,10
4746,Lab,skipped,skipped,skipped,skipped,skipped,skipped,skipped,skipped,skipped,,10
4747,Lab,skipped,skipped,skipped,skipped,skipped,skipped,skipped,skipped,skipped,,10
4748,Lab,skipped,skipped,skipped,skipped,skipped,skipped,skipped,skipped,skipped,,10
4749,Lab,skipped,skipped,skipped,skipped,skipped,skipped,skipped,skipped,skipped,,10
4750,Lab,skipped,skipped,skipped,skipped,skipped,skipped,skipped,skipped,skipped,,10
4751,Lab,skipped,skipped,skipped,skipped,skipped,skipped,skipped,skipped,skipped,,10
4752,Lab,skipped,skipped,skipped,skipped,skipped,skipped,skipped,skipped,skipped,,10
4753,Lab,skipped,skipped,skipped,skipped,skipped,skipped,skipped,skipped,skipped,,10
4754,Lab,skipped,skipped,skipped,skipped,skipped,skipped,skipped,skipped,skipped,,10
4755,Lab,skipped,skipped,skipped,skipped,skipped,skipped,skipped,skipped,skipped,,10
4756,Lab,skipped,skipped,skipped,skipped,skipped,skipped,skipped,skipped,skipped,,10
4757,Lab,skipped,skipped,skipped,skipped,skipped,skipped,skipped,skipped,skipped,,10
4758,Lab,skipped,skipped,skipped,skipped,skipped,skipped,skipped,skipped,skipped,,10
4759,Lab,skipped,skipped,skipped,skipped,skipped,skipped,skipped,skipped,skipped,,10
4760,Lab,skipped,skipped,skipped,skipped,skipped,skipped,skipped,skipped,skipped,,10
4761,Lab,skipped,skipped,skipped,skipped,skipped,skipped,skipped,skipped,skipped,,10
4762,Lab,skipped,skipped,skipped,skipped,skipped,skipped,skipped,skipped,skipped,,10
4763,Lab,skipped,skipped,skipped,skipped,skipped,skipped,skipped,skipped,skipped,,10
4764,Lab,skipped,skipped,skipped,skipped,skipped,skipped,skipped,skipped,skipped,,10
4765,Lab,skipped,skipped,skipped,skipped,skipped,skipped,skipped,skipped,skipped,,10
4766,Lab,skipped,skipped,skipped,skipped,skipped,skipped,skipped,skipped,skipped,,10
4767,Lab,skipped,skipped,skipped,skipped,skipped,skipped,skipped,skipped,skipped,,10
4768,Lab,skipped,skipped,skipped,skipped,skipped,skipped,skipped,skipped,skipped,,10
4769,Lab,skipped,skipped,skipped,skipped,skipped,skipped,skipped,skipped,skipped,,10
4770,Lab,skipped,skipped,skipped,skipped,skipped,skipped,skipped,skipped,skipped,,10
4771,Lab,skipped,skipped,skipped,skipped,skipped,skipped,skipped,skipped,skipped,,10
4772,Lab,skipped,skipped,skipped,skipped,skipped,skipped,skipped,skipped,skipped,,10
4773,Lab,skipped,skipped,skipped,skipped,skipped,skipped,skipped,skipped,skipped,,10
4774,Lab,skipped,skipped,skipped,skipped,skipped,skipped,skipped,skipped,skipped,,10
4775,Lab,skipped,skipped,skipped,skipped,skipped,skipped,skipped,skipped,skipped,,10
4776,Lab,skipped,skipped,skipped,skipped,skipped,skipped,skipped,skipped,skipped,,10
4777,Lab,skipped,skipped,skipped,skipped,skipped,skipped,skipped,skipped,skipped,,10
4778,Lab,skipped,skipped,skipped,skipped,skipped,skipped,skipped,skipped,skipped,,10
4779,Lab,skipped,skipped,skipped,skipped,skipped,skipped,skipped,skipped,skipped,,10
4780,Lab,skipped,skipped,skipped,skipped,skipped,skipped,skipped,skipped,skipped,,10
4781,Lab,skipped,skipped,skipped,skipped,skipped,skipped,skipped,skipped,skipped,,10
4782,Lab,skipped,skipped,skipped,skipped,skipped,skipped,skipped,skipped,skipped,,10
4783,Lab,skipped,skipped,skipped,skipped,skipped,skipped,skipped,skipped,skipped,,10
4784,Lab,skipped,skipped,skipped,skipped,skipped,skipped,skipped,skipped,skipped,,10
4785,Lab,skipped,skipped,skipped,skipped,skipped,skipped,skipped,skipped,skipped,,10
4786,Lab,skipped,skipped,skipped,skipped,skipped,skipped,skipped,skipped,skipped,,10
4787,Lab,skipped,skipped,skipped,skipped,skipped,skipped,skipped,skipped,skipped,,10
4788,Lab,skipped,skipped,skipped,skipped,skipped,skipped,skipped,skipped,skipped,,10
4789,Lab,skipped,skipped,skipped,skipped,skipped,skipped,skipped,skipped,skipped,,10
4790,Lab,skipped,skipped,skipped,skipped,skipped,skipped,skipped,skipped,skipped,,10
4791,Lab,skipped,skipped,skipped,skipped,skipped,skipped,skipped,skipped,skipped,,10
4792,Lab,skipped,skipped,skipped,skipped,skipped,skipped,skipped,skipped,skipped,,10
4793,Lab,skipped,skipped,skipped,skipped,skipped,skipped,skipped,skipped,skipped,,10
4794,Lab,skipped,skipped,skipped,skipped,skipped,skipped,skipped,skipped,skipped,,10
4795,Lab,skipped,skipped,skipped,skipped,skipped,skipped,skipped,skipped,skipped,,10
4796,Lab,skipped,skipped,skipped,skipped,skipped,skipped,skipped,skipped,skipped,,10
4797,Lab,skipped,skipped,skipped,skipped,skipped,skipped,skipped,skipped,skipped,,10
4798,Lab,skipped,skipped,skipped,skipped,skipped,skipped,skipped,skipped,skipped,,10
4799,Lab,skipped,skipped,skipped,skipped,skipped,skipped,skipped,skipped,skipped,,10
4800,Lab,skipped,skipped,skipped,skipped,skipped,skipped,skipped,skipped,skipped,,10
4801,Lab,skipped,skipped,skipped,skipped,skipped,skipped,skipped,skipped,skipped,,10
4802,Lab,skipped,skipped,skipped,skipped,skipped,skipped,skipped,skipped,skipped,,10
4803,Lab,skipped,skipped,skipped,skipped,skipped,skipped,skipped,skipped,skipped,,10
4804,Lab,skipped,skipped,skipped,skipped,skipped,skipped,skipped,skipped,skipped,,10
4805,Lab,skipped,skipped,skipped,skipped,skipped,skipped,skipped,skipped,skipped,,10
4806,Lab,skipped,skipped,skipped,skipped,skipped,skipped,skipped,skipped,skipped,,10
4807,Lab,skipped,skipped,skipped,skipped,skipped,skipped,skipped,skipped,skipped,,10
4808,Lab,skipped,skipped,skipped,skipped,skipped,skipped,skipped,skipped,skipped,,10
4809,Lab,skipped,skipped,skipped,skipped,skipped,skipped,skipped,skipped,skipped,,10
4810,Lab,skipped,skipped,skipped,skipped,skipped,skipped,skipped,skipped,skipped,,10
4811,Lab,skipped,skipped,skipped,skipped,skipped,skipped,skipped,skipped,skipped,,10
4812,Lab,skipped,skipped,skipped,skipped,skipped,skipped,skipped,skipped,skipped,,10
4813,Lab,skipped,skipped,skipped,skipped,skipped,skipped,skipped,skipped,skipped,,10
4814,Lab,skipped,skipped,skipped,skipped,skipped,skipped,skipped,skipped,skipped,,10
4815,Lab,skipped,skipped,skipped,skipped,skipped,skipped,skipped,skipped,skipped,,10
4816,Lab,skipped,skipped,skipped,skipped,skipped,skipped,skipped,skipped,skipped,,10
4817,Lab,skipped,skipped,skipped,skipped,skipped,skipped,skipped,skipped,skipped,,10
4818,Lab,skipped,skipped,skipped,skipped,skipped,skipped,skipped,skipped,skipped,,10
4819,Lab,skipped,skipped,skipped,skipped,skipped,skipped,skipped,skipped,skipped,,10
4820,Lab,skipped,skipped,skipped,skipped,skipped,skipped,skipped,skipped,skipped,,10
4821,Lab,skipped,skipped,skipped,skipped,skipped,skipped,skipped,skipped,skipped,,10
4822,Lab,skipped,skipped,skipped,skipped,skipped,skipped,skipped,skipped,skipped,,10
4823,Lab,skipped,skipped,skipped,skipped,skipped,skipped,skipped,skipped,skipped,,10
4824,Lab,skipped,skipped,skipped,skipped,skipped,skipped,skipped,skipped,skipped,,10
4825,Lab,skipped,skipped,skipped,skipped,skipped,skipped,skipped,skipped,skipped,,10
4826,Lab,skipped,skipped,skipped,skipped,skipped,skipped,skipped,skipped,skipped,,10
4827,Lab,skipped,skipped,skipped,skipped,skipped,skipped,skipped,skipped,skipped,,10
4828,Lab,skipped,skipped,skipped,skipped,skipped,skipped,skipped,skipped,skipped,,10
4829,Lab,skipped,skipped,skipped,skipped,skipped,skipped,skipped,skipped,skipped,,10
4830,Lab,skipped,skipped,skipped,skipped,skipped,skipped,skipped,skipped,skipped,,10
4831,Lab,skipped,skipped,skipped,skipped,skipped,skipped,skipped,skipped,skipped,,10
4832,Lab,skipped,skipped,skipped,skipped,skipped,skipped,skipped,skipped,skipped,,10
4833,Lab,skipped,skipped,skipped,skipped,skipped,skipped,skipped,skipped,skipped,,10
4834,Lab,skipped,skipped,skipped,skipped,skipped,skipped,skipped,skipped,skipped,,10
4835,Lab,skipped,skipped,skipped,skipped,skipped,skipped,skipped,skipped,skipped,,10
4836,Lab,skipped,skipped,skipped,skipped,skipped,skipped,skipped,skipped,skipped,,10
4837,Lab,skipped,skipped,skipped,skipped,skipped,skipped,skipped,skipped,skipped,,10
4838,Lab,skipped,skipped,skipped,skipped,skipped,skipped,skipped,skipped,skipped,,10
4839,Lab,skipped,skipped,skipped,skipped,skipped,skipped,skipped,skipped,skipped,,10
4840,Lab,skipped,skipped,skipped,skipped,skipped,skipped,skipped,skipped,skipped,,10
4841,Lab,skipped,skipped,skipped,skipped,skipped,skipped,skipped,skipped,skipped,,10
4842,Lab,skipped,skipped,skipped,skipped,skipped,skipped,skipped,skipped,skipped,,10
4843,Lab,skipped,skipped,skipped,skipped,skipped,skipped,skipped,skipped,skipped,,10
4844,Lab,skipped,skipped,skipped,skipped,skipped,skipped,skipped,skipped,skipped,,10
4845,Lab,skipped,skipped,skipped,skipped,skipped,skipped,skipped,skipped,skipped,,10
4846,Lab,skipped,skipped,skipped,skipped,skipped,skipped,skipped,skipped,skipped,,10
4847,Lab,skipped,skipped,skipped,skipped,skipped,skipped,skipped,skipped,skipped,,10
4848,Lab,skipped,skipped,skipped,skipped,skipped,skipped,skipped,skipped,skipped,,10
4849,Lab,skipped,skipped,skipped,skipped,skipped,skipped,skipped,skipped,skipped,,10
4850,Lab,skipped,skipped,skipped,skipped,skipped,skipped,skipped,skipped,skipped,,10
4851,Lab,skipped,skipped,skipped,skipped,skipped,skipped,skipped,skipped,skipped,,10
4852,Lab,skipped,skipped,skipped,skipped,skipped,skipped,skipped,skipped,skipped,,10
4853,Lab,skipped,skipped,skipped,skipped,skipped,skipped,skipped,skipped,skipped,,10
4854,Lab,skipped,skipped,skipped,skipped,skipped,skipped,skipped,skipped,skipped,,10
4855,Lab,skipped,skipped,skipped,skipped,skipped,skipped,skipped,skipped,skipped,,10
4856,Lab,skipped,skipped,skipped,skipped,skipped,skipped,skipped,skipped,skipped,,10
4857,Lab,skipped,skipped,skipped,skipped,skipped,skipped,skipped,skipped,skipped,,10
4858,Lab,skipped,skipped,skipped,skipped,skipped,skipped,skipped,skipped,skipped,,10
4859,Lab,skipped,skipped,skipped,skipped,skipped,skipped,skipped,skipped,skipped,,10
4860,Lab,skipped,skipped,skipped,skipped,skipped,skipped,skipped,skipped,skipped,,10
4861,Lab,skipped,skipped,skipped,skipped,skipped,skipped,skipped,skipped,skipped,,10
4862,Lab,skipped,skipped,skipped,skipped,skipped,skipped,skipped,skipped,skipped,,10
4863,Lab,skipped,skipped,skipped,skipped,skipped,skipped,skipped,skipped,skipped,,10
4864,Lab,skipped,skipped,skipped,skipped,skipped,skipped,skipped,skipped,skipped,,10
4865,Lab,skipped,skipped,skipped,skipped,skipped,skipped,skipped,skipped,skipped,,10
4866,Lab,skipped,skipped,skipped,skipped,skipped,skipped,skipped,skipped,skipped,,10
4867,Lab,skipped,skipped,skipped,skipped,skipped,skipped,skipped,skipped,skipped,,10
4868,Lab,skipped,skipped,skipped,skipped,skipped,skipped,skipped,skipped,skipped,,10
4869,Lab,skipped,skipped,skipped,skipped,skipped,skipped,skipped,skipped,skipped,,10
4870,Lab,skipped,skipped,skipped,skipped,skipped,skipped,skipped,skipped,skipped,,10
4871,Lab,skipped,skipped,skipped,skipped,skipped,skipped,skipped,skipped,skipped,,10
4872,Lab,skipped,skipped,skipped,skipped,skipped,skipped,skipped,skipped,skipped,,10
4873,Lab,skipped,skipped,skipped,skipped,skipped,skipped,skipped,skipped,skipped,,10
4874,Lab,skipped,skipped,skipped,skipped,skipped,skipped,skipped,skipped,skipped,,10
4875,Lab,skipped,skipped,skipped,skipped,skipped,skipped,skipped,skipped,skipped,,10
4876,Lab,skipped,skipped,skipped,skipped,skipped,skipped,skipped,skipped,skipped,,10
4877,Lab,skipped,skipped,skipped,skipped,skipped,skipped,skipped,skipped,skipped,,10
4878,Lab,skipped,skipped,skipped,skipped,skipped,skipped,skipped,skipped,skipped,,10
4879,Lab,skipped,skipped,skipped,skipped,skipped,skipped,skipped,skipped,skipped,,10
4880,Lab,skipped,skipped,skipped,skipped,skipped,skipped,skipped,skipped,skipped,,10
4881,Lab,skipped,skipped,skipped,skipped,skipped,skipped,skipped,skipped,skipped,,10
4882,Lab,skipped,skipped,skipped,skipped,skipped,skipped,skipped,skipped,skipped,,10
4883,Lab,skipped,skipped,skipped,skipped,skipped,skipped,skipped,skipped,skipped,,10
4884,Lab,skipped,skipped,skipped,skipped,skipped,skipped,skipped,skipped,skipped,,10
4885,Lab,skipped,skipped,skipped,skipped,skipped,skipped,skipped,skipped,skipped,,10
4886,Lab,skipped,skipped,skipped,skipped,skipped,skipped,skipped,skipped,skipped,,10
4887,Lab,skipped,skipped,skipped,skipped,skipped,skipped,skipped,skipped,skipped,,10
4888,Lab,skipped,skipped,skipped,skipped,skipped,skipped,skipped,skipped,skipped,,10
4889,Lab,skipped,skipped,skipped,skipped,skipped,skipped,skipped,skipped,skipped,,10
4890,Lab,skipped,skipped,skipped,skipped,skipped,skipped,skipped,skipped,skipped,,10
4891,Lab,skipped,skipped,skipped,skipped,skipped,skipped,skipped,skipped,skipped,,10
4892,Lab,skipped,skipped,skipped,skipped,skipped,skipped,skipped,skipped,skipped,,10
4893,Lab,skipped,skipped,skipped,skipped,skipped,skipped,skipped,skipped,skipped,,10
4894,Lab,skipped,skipped,skipped,skipped,skipped,skipped,skipped,skipped,skipped,,10
4895,Lab,skipped,skipped,skipped,skipped,skipped,skipped,skipped,skipped,skipped,,10
4896,Lab,skipped,skipped,skipped,skipped,skipped,skipped,skipped,skipped,skipped,,10
4897,Lab,skipped,skipped,skipped,skipped,skipped,skipped,skipped,skipped,skipped,,10
4898,Lab,skipped,skipped,skipped,skipped,skipped,skipped,skipped,skipped,skipped,,10
4899,Lab,skipped,skipped,skipped,skipped,skipped,skipped,skipped,skipped,skipped,,10
4900,Lab,skipped,skipped,skipped,skipped,skipped,skipped,skipped,skipped,skipped,,10
4901,Lab,skipped,skipped,skipped,skipped,skipped,skipped,skipped,skipped,skipped,,10
4902,Lab,skipped,skipped,skipped,skipped,skipped,skipped,skipped,skipped,skipped,,10
4903,Lab,skipped,skipped,skipped,skipped,skipped,skipped,skipped,skipped,skipped,,10
4904,Lab,skipped,skipped,skipped,skipped,skipped,skipped,skipped,skipped,skipped,,10
4905,Lab,skipped,skipped,skipped,skipped,skipped,skipped,skipped,skipped,skipped,,10
4906,Lab,skipped,skipped,skipped,skipped,skipped,skipped,skipped,skipped,skipped,,10
4907,Lab,skipped,skipped,skipped,skipped,skipped,skipped,skipped,skipped,skipped,,10
4908,Lab,skipped,skipped,skipped,skipped,skipped,skipped,skipped,skipped,skipped,,10
4909,Lab,skipped,skipped,skipped,skipped,skipped,skipped,skipped,skipped,skipped,,10
4910,Lab,skipped,skipped,skipped,skipped,skipped,skipped,skipped,skipped,skipped,,10
4911,Lab,skipped,skipped,skipped,skipped,skipped,skipped,skipped,skipped,skipped,,10
4912,Lab,skipped,skipped,skipped,skipped,skipped,skipped,skipped,skipped,skipped,,10
4913,Lab,skipped,skipped,skipped,skipped,skipped,skipped,skipped,skipped,skipped,,10
4914,Lab,skipped,skipped,skipped,skipped,skipped,skipped,skipped,skipped,skipped,,10
4915,Lab,skipped,skipped,skipped,skipped,skipped,skipped,skipped,skipped,skipped,,10
4916,Lab,skipped,skipped,skipped,skipped,skipped,skipped,skipped,skipped,skipped,,10
4917,Lab,skipped,skipped,skipped,skipped,skipped,skipped,skipped,skipped,skipped,,10
4918,Lab,skipped,skipped,skipped,skipped,skipped,skipped,skipped,skipped,skipped,,10
4919,Lab,skipped,skipped,skipped,skipped,skipped,skipped,skipped,skipped,skipped,,10
4920,Lab,skipped,skipped,skipped,skipped,skipped,skipped,skipped,skipped,skipped,,10
4921,Lab,skipped,skipped,skipped,skipped,skipped,skipped,skipped,skipped,skipped,,10
4922,Lab,skipped,skipped,skipped,skipped,skipped,skipped,skipped,skipped,skipped,,10
4923,Lab,skipped,skipped,skipped,skipped,skipped,skipped,skipped,skipped,skipped,,10
4924,Lab,skipped,skipped,skipped,skipped,skipped,skipped,skipped,skipped,skipped,,10
4925,Lab,skipped,skipped,skipped,skipped,skipped,skipped,skipped,skipped,skipped,,10
4926,Lab,skipped,skipped,skipped,skipped,skipped,skipped,skipped,skipped,skipped,,10
4927,Lab,skipped,skipped,skipped,skipped,skipped,skipped,skipped,skipped,skipped,,10
4928,Lab,skipped,skipped,skipped,skipped,skipped,skipped,skipped,skipped,skipped,,10
4929,Lab,skipped,skipped,skipped,skipped,skipped,skipped,skipped,skipped,skipped,,10
4930,Lab,skipped,skipped,skipped,skipped,skipped,skipped,skipped,skipped,skipped,,10
4931,Lab,skipped,skipped,skipped,skipped,skipped,skipped,skipped,skipped,skipped,,10
4932,Lab,skipped,skipped,skipped,skipped,skipped,skipped,skipped,skipped,skipped,,10
4933,Lab,skipped,skipped,skipped,skipped,skipped,skipped,skipped,skipped,skipped,,10
4934,Lab,skipped,skipped,skipped,skipped,skipped,skipped,skipped,skipped,skipped,,10
4935,Lab,skipped,skipped,skipped,skipped,skipped,skipped,skipped,skipped,skipped,,10
4936,Lab,skipped,skipped,skipped,skipped,skipped,skipped,skipped,skipped,skipped,,10
4937,Lab,skipped,skipped,skipped,skipped,skipped,skipped,skipped,skipped,skipped,,10
4938,Lab,skipped,skipped,skipped,skipped,skipped,skipped,skipped,skipped,skipped,,10
4939,Lab,skipped,skipped,skipped,skipped,skipped,skipped,skipped,skipped,skipped,,10
4940,Lab,skipped,skipped,skipped,skipped,skipped,skipped,skipped,skipped,skipped,,10
4941,Lab,skipped,skipped,skipped,skipped,skipped,skipped,skipped,skipped,skipped,,10
4942,Lab,skipped,skipped,skipped,skipped,skipped,skipped,skipped,skipped,skipped,,10
4943,Lab,skipped,skipped,skipped,skipped,skipped,skipped,skipped,skipped,skipped,,10
4944,Lab,skipped,skipped,skipped,skipped,skipped,skipped,skipped,skipped,skipped,,10
4945,Lab,skipped,skipped,skipped,skipped,skipped,skipped,skipped,skipped,skipped,,10
4946,Lab,skipped,skipped,skipped,skipped,skipped,skipped,skipped,skipped,skipped,,10
4947,Lab,skipped,skipped,skipped,skipped,skipped,skipped,skipped,skipped,skipped,,10
4948,Lab,skipped,skipped,skipped,skipped,skipped,skipped,skipped,skipped,skipped,,10
4949,Lab,skipped,skipped,skipped,skipped,skipped,skipped,skipped,skipped,skipped,,10
4950,Lab,skipped,skipped,skipped,skipped,skipped,skipped,skipped,skipped,skipped,,10
4951,Lab,skipped,skipped,skipped,skipped,skipped,skipped,skipped,skipped,skipped,,10
4952,Lab,skipped,skipped,skipped,skipped,skipped,skipped,skipped,skipped,skipped,,10
4953,Lab,skipped,skipped,skipped,skipped,skipped,skipped,skipped,skipped,skipped,,10
4954,Lab,skipped,skipped,skipped,skipped,skipped,skipped,skipped,skipped,skipped,,10
4955,Lab,skipped,skipped,skipped,skipped,skipped,skipped,skipped,skipped,skipped,,10
4956,Lab,skipped,skipped,skipped,skipped,skipped,skipped,skipped,skipped,skipped,,10
4957,Lab,skipped,skipped,skipped,skipped,skipped,skipped,skipped,skipped,skipped,,10
4958,Lab,skipped,skipped,skipped,skipped,skipped,skipped,skipped,skipped,skipped,,10
4959,Lab,skipped,skipped,skipped,skipped,skipped,skipped,skipped,skipped,skipped,,10
4960,Lab,skipped,skipped,skipped,skipped,skipped,skipped,skipped,skipped,skipped,,10
4961,Lab,skipped,skipped,skipped,skipped,skipped,skipped,skipped,skipped,skipped,,10
4962,Lab,skipped,skipped,skipped,skipped,skipped,skipped,skipped,skipped,skipped,,10
4963,Lab,skipped,skipped,skipped,skipped,skipped,skipped,skipped,skipped,skipped,,10
4964,Lab,skipped,skipped,skipped,skipped,skipped,skipped,skipped,skipped,skipped,,10
4965,Lab,skipped,skipped,skipped,skipped,skipped,skipped,skipped,skipped,skipped,,10
4966,Lab,skipped,skipped,skipped,skipped,skipped,skipped,skipped,skipped,skipped,,10
4967,Lab,skipped,skipped,skipped,skipped,skipped,skipped,skipped,skipped,skipped,,10
4968,Lab,skipped,skipped,skipped,skipped,skipped,skipped,skipped,skipped,skipped,,10
4969,Lab,skipped,skipped,skipped,skipped,skipped,skipped,skipped,skipped,skipped,,10
4970,Lab,skipped,skipped,skipped,skipped,skipped,skipped,skipped,skipped,skipped,,10
4971,Lab,skipped,skipped,skipped,skipped,skipped,skipped,skipped,skipped,skipped,,10
4972,Lab,skipped,skipped,skipped,skipped,skipped,skipped,skipped,skipped,skipped,,10
4973,Lab,skipped,skipped,skipped,skipped,skipped,skipped,skipped,skipped,skipped,,10
4974,Lab,skipped,skipped,skipped,skipped,skipped,skipped,skipped,skipped,skipped,,10
4975,Lab,skipped,skipped,skipped,skipped,skipped,skipped,skipped,skipped,skipped,,10
4976,Lab,skipped,skipped,skipped,skipped,skipped,skipped,skipped,skipped,skipped,,10
4977,Lab,skipped,skipped,skipped,skipped,skipped,skipped,skipped,skipped,skipped,,10
4978,Lab,skipped,skipped,skipped,skipped,skipped,skipped,skipped,skipped,skipped,,10
4979,Lab,skipped,skipped,skipped,skipped,skipped,skipped,skipped,skipped,skipped,,10
4980,Lab,skipped,skipped,skipped,skipped,skipped,skipped,skipped,skipped,skipped,,10
4981,Lab,skipped,skipped,skipped,skipped,skipped,skipped,skipped,skipped,skipped,,10
4982,Lab,skipped,skipped,skipped,skipped,skipped,skipped,skipped,skipped,skipped,,10
4983,Lab,skipped,skipped,skipped,skipped,skipped,skipped,skipped,skipped,skipped,,10
4984,Lab,skipped,skipped,skipped,skipped,skipped,skipped,skipped,skipped,skipped,,10
4985,Lab,skipped,skipped,skipped,skipped,skipped,skipped,skipped,skipped,skipped,,10
4986,Lab,skipped,skipped,skipped,skipped,skipped,skipped,skipped,skipped,skipped,,10
4987,Lab,skipped,skipped,skipped,skipped,skipped,skipped,skipped,skipped,skipped,,10
4988,Lab,skipped,skipped,skipped,skipped,skipped,skipped,skipped,skipped,skipped,,10
4989,Lab,skipped,skipped,skipped,skipped,skipped,skipped,skipped,skipped,skipped,,10
4990,Lab,skipped,skipped,skipped,skipped,skipped,skipped,skipped,skipped,skipped,,10
4991,Lab,skipped,skipped,skipped,skipped,skipped,skipped,skipped,skipped,skipped,,10
4992,Lab,skipped,skipped,skipped,skipped,skipped,skipped,skipped,skipped,skipped,,10
4993,Lab,skipped,skipped,skipped,skipped,skipped,skipped,skipped,skipped,skipped,,10
4994,Lab,skipped,skipped,skipped,skipped,skipped,skipped,skipped,skipped,skipped,,10
4995,Lab,skipped,skipped,skipped,skipped,skipped,skipped,skipped,skipped,skipped,,10
4996,Lab,Con,skipped,skipped,skipped,skipped,skipped,skipped,skipped,skipped,,10
4997,Lab,Con,Soc,skipped,skipped,skipped,skipped,skipped,skipped,skipped,,10
4998,Lab,Con,LD,Grn,skipped,skipped,skipped,skipped,skipped,skipped,,10
4999,Lab,Sol,skipped,skipped,skipped,skipped,skipped,skipped,skipped,skipped,,10
5000,Lab,Sol,skipped,skipped,skipped,skipped,skipped,skipped,skipped,skipped,,10
5001,Lab,Sol,skipped,skipped,skipped,skipped,skipped,skipped,skipped,skipped,,10
5002,Lab,Sol,skipped,skipped,skipped,skipped,skipped,skipped,skipped,skipped,,10
5003,Lab,Grn,skipped,skipped,skipped,skipped,skipped,skipped,skipped,skipped,,10
5004,Lab,Grn,skipped,skipped,skipped,skipped,skipped,skipped,skipped,skipped,,10
5005,Lab,Grn,skipped,skipped,skipped,skipped,skipped,skipped,skipped,skipped,,10
5006,Lab,Grn,skipped,skipped,skipped,skipped,skipped,skipped,skipped,skipped,,10
5007,Lab,Grn,Sol,SU,LD,SNP,Soc,Con,skipped,skipped,,10
5008,Lab,Grn,Soc,SNP,LD,SU,Sol,Con,skipped,skipped,,10
5009,Lab,Grn,LD,SNP,Soc,SU,Sol,Con,skipped,skipped,,10
5010,Lab,Grn,SNP,Soc,skipped,skipped,skipped,skipped,skipped,skipped,,10
5011,Lab,Soc,skipped,skipped,skipped,skipped,skipped,skipped,skipped,skipped,,10
5012,Lab,Soc,LD,SNP,Con,SU,Grn,Sol,skipped,skipped,,10
5013,Lab,Soc,SU,Grn,Sol,LD,SNP,Con,skipped,skipped,,10
5014,Lab,LD,skipped,skipped,skipped,skipped,skipped,skipped,skipped,skipped,,10
5015,Lab,LD,skipped,skipped,skipped,skipped,skipped,skipped,skipped,skipped,,10
5016,Lab,LD,skipped,skipped,skipped,skipped,skipped,skipped,skipped,skipped,,10
5017,Lab,LD,skipped,skipped,skipped,skipped,skipped,skipped,skipped,skipped,,10
5018,Lab,LD,Con,SNP,Grn,SU,Soc,Sol,skipped,skipped,,10
5019,Lab,LD,Grn,skipped,skipped,skipped,skipped,skipped,skipped,skipped,,10
5020,Lab,LD,Grn,SNP,Soc,Sol,Con,SU,skipped,skipped,,10
5021,Lab,SNP,skipped,skipped,skipped,skipped,skipped,skipped,skipped,skipped,,10
5022,Lab,SNP,skipped,skipped,skipped,skipped,skipped,skipped,skipped,skipped,,10
5023,Lab,SNP,skipped,skipped,skipped,skipped,skipped,skipped,skipped,skipped,,10
5024,Lab,SNP,skipped,skipped,skipped,skipped,skipped,skipped,skipped,skipped,,10
5025,Lab,SNP,skipped,skipped,skipped,skipped,skipped,skipped,skipped,skipped,,10
5026,Lab,SNP,skipped,skipped,skipped,skipped,skipped,skipped,skipped,skipped,,10
5027,Lab,SNP,skipped,skipped,skipped,skipped,skipped,skipped,skipped,skipped,,10
5028,Lab,SNP,skipped,skipped,skipped,skipped,skipped,skipped,skipped,skipped,,10
5029,Lab,SNP,skipped,skipped,skipped,skipped,skipped,skipped,skipped,skipped,,10
5030,Lab,SNP,skipped,skipped,skipped,skipped,skipped,skipped,skipped,skipped,,10
5031,Lab,SNP,Sol,skipped,skipped,skipped,skipped,skipped,skipped,skipped,,10
5032,Lab,SNP,Sol,skipped,skipped,skipped,skipped,skipped,skipped,skipped,,10
5033,Lab,SNP,Sol,Soc,LD,SU,Grn,Con,skipped,skipped,,10
5034,Lab,SU,skipped,skipped,skipped,skipped,skipped,skipped,skipped,skipped,,10
5035,Lab,Con,skipped,skipped,skipped,skipped,skipped,skipped,skipped,skipped,,10
5036,Lab,Con,skipped,skipped,skipped,skipped,skipped,skipped,skipped,skipped,,10
5037,Lab,Sol,skipped,skipped,skipped,skipped,skipped,skipped,skipped,skipped,,10
5038,Lab,Sol,skipped,skipped,skipped,skipped,skipped,skipped,skipped,skipped,,10
5039,Lab,Sol,skipped,skipped,skipped,skipped,skipped,skipped,skipped,skipped,,10
5040,Lab,Sol,SNP,Soc,Grn,skipped,skipped,skipped,skipped,skipped,,10
5041,Lab,Grn,skipped,skipped,skipped,skipped,skipped,skipped,skipped,skipped,,10
5042,Lab,Grn,skipped,skipped,skipped,skipped,skipped,skipped,skipped,skipped,,10
5043,Lab,Grn,skipped,skipped,skipped,skipped,skipped,skipped,skipped,skipped,,10
5044,Lab,Grn,SNP,skipped,skipped,skipped,skipped,skipped,skipped,skipped,,10
5045,Lab,Soc,skipped,skipped,skipped,skipped,skipped,skipped,skipped,skipped,,10
5046,Lab,LD,skipped,skipped,skipped,skipped,skipped,skipped,skipped,skipped,,10
5047,Lab,LD,skipped,skipped,skipped,skipped,skipped,skipped,skipped,skipped,,10
5048,Lab,LD,Soc,Sol,SNP,skipped,skipped,skipped,skipped,skipped,,10
5049,Lab,LD,Grn,skipped,skipped,skipped,skipped,skipped,skipped,skipped,,10
5050,Lab,LD,Grn,skipped,skipped,skipped,skipped,skipped,skipped,skipped,,10
5051,Lab,LD,SNP,Grn,skipped,skipped,skipped,skipped,skipped,skipped,,10
5052,Lab,SNP,skipped,skipped,skipped,skipped,skipped,skipped,skipped,skipped,,10
5053,Lab,SNP,skipped,skipped,skipped,skipped,skipped,skipped,skipped,skipped,,10
5054,Lab,SNP,skipped,skipped,skipped,skipped,skipped,skipped,skipped,skipped,,10
5055,Lab,SNP,skipped,skipped,skipped,skipped,skipped,skipped,skipped,skipped,,10
5056,Lab,SNP,skipped,skipped,skipped,skipped,skipped,skipped,skipped,skipped,,10
5057,Lab,SNP,skipped,skipped,skipped,skipped,skipped,skipped,skipped,skipped,,10
5058,Lab,SNP,skipped,skipped,skipped,skipped,skipped,skipped,skipped,skipped,,10
5059,Lab,SNP,skipped,skipped,skipped,skipped,skipped,skipped,skipped,skipped,,10
5060,Lab,SNP,skipped,skipped,skipped,skipped,skipped,skipped,skipped,skipped,,10
5061,Lab,SNP,skipped,skipped,skipped,skipped,skipped,skipped,skipped,skipped,,10
5062,Lab,SNP,Con,skipped,skipped,skipped,skipped,skipped,skipped,skipped,,10
5063,Lab,SNP,Grn,skipped,skipped,skipped,skipped,skipped,skipped,skipped,,10
5064,Lab,SU,skipped,skipped,skipped,skipped,skipped,skipped,skipped,skipped,,10
5065,Lab,SU,skipped,skipped,skipped,skipped,skipped,skipped,skipped,skipped,,10
5066,Lab,SU,Con,Grn,skipped,skipped,skipped,skipped,skipped,skipped,,10
5067,Lab,skipped,skipped,skipped,skipped,skipped,skipped,skipped,skipped,skipped,,10
5068,Lab,skipped,skipped,skipped,skipped,skipped,skipped,skipped,skipped,skipped,,10
5069,Lab,skipped,skipped,skipped,skipped,skipped,skipped,skipped,skipped,skipped,,10
5070,Lab,skipped,skipped,skipped,skipped,skipped,skipped,skipped,skipped,skipped,,10
5071,Lab,skipped,skipped,skipped,skipped,skipped,skipped,skipped,skipped,skipped,,10
5072,Lab,skipped,skipped,skipped,skipped,skipped,skipped,skipped,skipped,skipped,,10
5073,Lab,skipped,skipped,skipped,skipped,skipped,skipped,skipped,skipped,skipped,,10
5074,Lab,skipped,skipped,skipped,skipped,skipped,skipped,skipped,skipped,skipped,,10
5075,Lab,skipped,skipped,skipped,skipped,skipped,skipped,skipped,skipped,skipped,,10
5076,Lab,skipped,skipped,skipped,skipped,skipped,skipped,skipped,skipped,skipped,,10
5077,Lab,skipped,skipped,skipped,skipped,skipped,skipped,skipped,skipped,skipped,,10
5078,Lab,skipped,skipped,skipped,skipped,skipped,skipped,skipped,skipped,skipped,,10
5079,Lab,skipped,skipped,skipped,skipped,skipped,skipped,skipped,skipped,skipped,,10
5080,Lab,skipped,skipped,skipped,skipped,skipped,skipped,skipped,skipped,skipped,,10
5081,Lab,skipped,skipped,skipped,skipped,skipped,skipped,skipped,skipped,skipped,,10
5082,Lab,skipped,skipped,skipped,skipped,skipped,skipped,skipped,skipped,skipped,,10
5083,Lab,skipped,skipped,skipped,skipped,skipped,skipped,skipped,skipped,skipped,,10
5084,Lab,skipped,skipped,skipped,skipped,skipped,skipped,skipped,skipped,skipped,,10
5085,Lab,skipped,skipped,skipped,skipped,skipped,skipped,skipped,skipped,skipped,,10
5086,Lab,skipped,skipped,skipped,skipped,skipped,skipped,skipped,skipped,skipped,,10
5087,Lab,skipped,skipped,skipped,skipped,skipped,skipped,skipped,skipped,skipped,,10
5088,Lab,skipped,skipped,skipped,skipped,skipped,skipped,skipped,skipped,skipped,,10
5089,Lab,skipped,skipped,skipped,skipped,skipped,skipped,skipped,skipped,skipped,,10
5090,Lab,skipped,skipped,skipped,skipped,skipped,skipped,skipped,skipped,skipped,,10
5091,Lab,skipped,skipped,skipped,skipped,skipped,skipped,skipped,skipped,skipped,,10
5092,Lab,skipped,skipped,skipped,skipped,skipped,skipped,skipped,skipped,skipped,,10
5093,Lab,skipped,skipped,skipped,skipped,skipped,skipped,skipped,skipped,skipped,,10
5094,Lab,skipped,skipped,skipped,skipped,skipped,skipped,skipped,skipped,skipped,,10
5095,Lab,skipped,skipped,skipped,skipped,skipped,skipped,skipped,skipped,skipped,,10
5096,Lab,skipped,skipped,skipped,skipped,skipped,skipped,skipped,skipped,skipped,,10
5097,Lab,skipped,skipped,skipped,skipped,skipped,skipped,skipped,skipped,skipped,,10
5098,Lab,skipped,skipped,skipped,skipped,skipped,skipped,skipped,skipped,skipped,,10
5099,Lab,skipped,skipped,skipped,skipped,skipped,skipped,skipped,skipped,skipped,,10
5100,Lab,skipped,skipped,skipped,skipped,skipped,skipped,skipped,skipped,skipped,,10
5101,Lab,skipped,skipped,skipped,skipped,skipped,skipped,skipped,skipped,skipped,,10
5102,Lab,skipped,skipped,skipped,skipped,skipped,skipped,skipped,skipped,skipped,,10
5103,Lab,skipped,skipped,skipped,skipped,skipped,skipped,skipped,skipped,skipped,,10
5104,Lab,skipped,skipped,skipped,skipped,skipped,skipped,skipped,skipped,skipped,,10
5105,Lab,skipped,skipped,skipped,skipped,skipped,skipped,skipped,skipped,skipped,,10
5106,Lab,skipped,skipped,skipped,skipped,skipped,skipped,skipped,skipped,skipped,,10
5107,Lab,skipped,skipped,skipped,skipped,skipped,skipped,skipped,skipped,skipped,,10
5108,Lab,skipped,skipped,skipped,skipped,skipped,skipped,skipped,skipped,skipped,,10
5109,Lab,skipped,skipped,skipped,skipped,skipped,skipped,skipped,skipped,skipped,,10
5110,Lab,skipped,skipped,skipped,skipped,skipped,skipped,skipped,skipped,skipped,,10
5111,Lab,skipped,skipped,skipped,skipped,skipped,skipped,skipped,skipped,skipped,,10
5112,Lab,skipped,skipped,skipped,skipped,skipped,skipped,skipped,skipped,skipped,,10
5113,Lab,skipped,skipped,skipped,skipped,skipped,skipped,skipped,skipped,skipped,,10
5114,Lab,skipped,skipped,skipped,skipped,skipped,skipped,skipped,skipped,skipped,,10
5115,Lab,skipped,skipped,skipped,skipped,skipped,skipped,skipped,skipped,skipped,,10
5116,Lab,skipped,skipped,skipped,skipped,skipped,skipped,skipped,skipped,skipped,,10
5117,Lab,skipped,skipped,skipped,skipped,skipped,skipped,skipped,skipped,skipped,,10
5118,Lab,skipped,skipped,skipped,skipped,skipped,skipped,skipped,skipped,skipped,,10
5119,Lab,skipped,skipped,skipped,skipped,skipped,skipped,skipped,skipped,skipped,,10
5120,Lab,skipped,skipped,skipped,skipped,skipped,skipped,skipped,skipped,skipped,,10
5121,Lab,skipped,skipped,skipped,skipped,skipped,skipped,skipped,skipped,skipped,,10
5122,Lab,skipped,skipped,skipped,skipped,skipped,skipped,skipped,skipped,skipped,,10
5123,Lab,skipped,skipped,skipped,skipped,skipped,skipped,skipped,skipped,skipped,,10
5124,Lab,skipped,skipped,skipped,skipped,skipped,skipped,skipped,skipped,skipped,,10
5125,Lab,skipped,skipped,skipped,skipped,skipped,skipped,skipped,skipped,skipped,,10
5126,Lab,skipped,skipped,skipped,skipped,skipped,skipped,skipped,skipped,skipped,,10
5127,Lab,skipped,skipped,skipped,skipped,skipped,skipped,skipped,skipped,skipped,,10
5128,Lab,skipped,skipped,skipped,skipped,skipped,skipped,skipped,skipped,skipped,,10
5129,Lab,skipped,skipped,skipped,skipped,skipped,skipped,skipped,skipped,skipped,,10
5130,Lab,skipped,skipped,skipped,skipped,skipped,skipped,skipped,skipped,skipped,,10
5131,Lab,skipped,skipped,skipped,skipped,skipped,skipped,skipped,skipped,skipped,,10
5132,Lab,skipped,skipped,skipped,skipped,skipped,skipped,skipped,skipped,skipped,,10
5133,Lab,skipped,skipped,skipped,skipped,skipped,skipped,skipped,skipped,skipped,,10
5134,Lab,skipped,skipped,skipped,skipped,skipped,skipped,skipped,skipped,skipped,,10
5135,Lab,skipped,skipped,skipped,skipped,skipped,skipped,skipped,skipped,skipped,,10
5136,Lab,skipped,skipped,skipped,skipped,skipped,skipped,skipped,skipped,skipped,,10
5137,Lab,skipped,skipped,skipped,skipped,skipped,skipped,skipped,skipped,skipped,,10
5138,Lab,skipped,skipped,skipped,skipped,skipped,skipped,skipped,skipped,skipped,,10
5139,Lab,skipped,skipped,skipped,skipped,skipped,skipped,skipped,skipped,skipped,,10
5140,Lab,skipped,skipped,skipped,skipped,skipped,skipped,skipped,skipped,skipped,,10
5141,Lab,skipped,skipped,skipped,skipped,skipped,skipped,skipped,skipped,skipped,,10
5142,Lab,skipped,skipped,skipped,skipped,skipped,skipped,skipped,skipped,skipped,,10
5143,Lab,skipped,skipped,skipped,skipped,skipped,skipped,skipped,skipped,skipped,,10
5144,Lab,skipped,skipped,skipped,skipped,skipped,skipped,skipped,skipped,skipped,,10
5145,Lab,skipped,skipped,skipped,skipped,skipped,skipped,skipped,skipped,skipped,,10
5146,Lab,skipped,skipped,skipped,skipped,skipped,skipped,skipped,skipped,skipped,,10
5147,Lab,skipped,skipped,skipped,skipped,skipped,skipped,skipped,skipped,skipped,,10
5148,Lab,skipped,skipped,skipped,skipped,skipped,skipped,skipped,skipped,skipped,,10
5149,Lab,skipped,skipped,skipped,skipped,skipped,skipped,skipped,skipped,skipped,,10
5150,Lab,skipped,skipped,skipped,skipped,skipped,skipped,skipped,skipped,skipped,,10
5151,Lab,skipped,skipped,skipped,skipped,skipped,skipped,skipped,skipped,skipped,,10
5152,Lab,skipped,skipped,skipped,skipped,skipped,skipped,skipped,skipped,skipped,,10
5153,Lab,skipped,skipped,skipped,skipped,skipped,skipped,skipped,skipped,skipped,,10
5154,Lab,skipped,skipped,skipped,skipped,skipped,skipped,skipped,skipped,skipped,,10
5155,Lab,skipped,skipped,skipped,skipped,skipped,skipped,skipped,skipped,skipped,,10
5156,Lab,skipped,skipped,skipped,skipped,skipped,skipped,skipped,skipped,skipped,,10
5157,Lab,skipped,skipped,skipped,skipped,skipped,skipped,skipped,skipped,skipped,,10
5158,Lab,skipped,skipped,skipped,skipped,skipped,skipped,skipped,skipped,skipped,,10
5159,Lab,skipped,skipped,skipped,skipped,skipped,skipped,skipped,skipped,skipped,,10
5160,Lab,skipped,skipped,skipped,skipped,skipped,skipped,skipped,skipped,skipped,,10
5161,Lab,skipped,skipped,skipped,skipped,skipped,skipped,skipped,skipped,skipped,,10
5162,Lab,skipped,skipped,skipped,skipped,skipped,skipped,skipped,skipped,skipped,,10
5163,Lab,skipped,skipped,skipped,skipped,skipped,skipped,skipped,skipped,skipped,,10
5164,Lab,skipped,skipped,skipped,skipped,skipped,skipped,skipped,skipped,skipped,,10
5165,Lab,skipped,skipped,skipped,skipped,skipped,skipped,skipped,skipped,skipped,,10
5166,Lab,skipped,skipped,skipped,skipped,skipped,skipped,skipped,skipped,skipped,,10
5167,Lab,skipped,skipped,skipped,skipped,skipped,skipped,skipped,skipped,skipped,,10
5168,Lab,skipped,skipped,skipped,skipped,skipped,skipped,skipped,skipped,skipped,,10
5169,Lab,skipped,skipped,skipped,skipped,skipped,skipped,skipped,skipped,skipped,,10
5170,Lab,skipped,skipped,skipped,skipped,skipped,skipped,skipped,skipped,skipped,,10
5171,Lab,skipped,skipped,skipped,skipped,skipped,skipped,skipped,skipped,skipped,,10
5172,Lab,skipped,skipped,skipped,skipped,skipped,skipped,skipped,skipped,skipped,,10
5173,Lab,skipped,skipped,skipped,skipped,skipped,skipped,skipped,skipped,skipped,,10
5174,Lab,skipped,skipped,skipped,skipped,skipped,skipped,skipped,skipped,skipped,,10
5175,Lab,skipped,skipped,skipped,skipped,skipped,skipped,skipped,skipped,skipped,,10
5176,Lab,skipped,skipped,skipped,skipped,skipped,skipped,skipped,skipped,skipped,,10
5177,Lab,skipped,skipped,skipped,skipped,skipped,skipped,skipped,skipped,skipped,,10
5178,Lab,skipped,skipped,skipped,skipped,skipped,skipped,skipped,skipped,skipped,,10
5179,Lab,skipped,skipped,skipped,skipped,skipped,skipped,skipped,skipped,skipped,,10
5180,Lab,skipped,skipped,skipped,skipped,skipped,skipped,skipped,skipped,skipped,,10
5181,Lab,skipped,skipped,skipped,skipped,skipped,skipped,skipped,skipped,skipped,,10
5182,Lab,skipped,skipped,skipped,skipped,skipped,skipped,skipped,skipped,skipped,,10
5183,Lab,skipped,skipped,skipped,skipped,skipped,skipped,skipped,skipped,skipped,,10
5184,Lab,skipped,skipped,skipped,skipped,skipped,skipped,skipped,skipped,skipped,,10
5185,Lab,skipped,skipped,skipped,skipped,skipped,skipped,skipped,skipped,skipped,,10
5186,Lab,skipped,skipped,skipped,skipped,skipped,skipped,skipped,skipped,skipped,,10
5187,Lab,skipped,skipped,skipped,skipped,skipped,skipped,skipped,skipped,skipped,,10
5188,Lab,skipped,skipped,skipped,skipped,skipped,skipped,skipped,skipped,skipped,,10
5189,Lab,skipped,skipped,skipped,skipped,skipped,skipped,skipped,skipped,skipped,,10
5190,Lab,skipped,skipped,skipped,skipped,skipped,skipped,skipped,skipped,skipped,,10
5191,Lab,skipped,skipped,skipped,skipped,skipped,skipped,skipped,skipped,skipped,,10
5192,Lab,skipped,skipped,skipped,skipped,skipped,skipped,skipped,skipped,skipped,,10
5193,Lab,skipped,skipped,skipped,skipped,skipped,skipped,skipped,skipped,skipped,,10
5194,Lab,skipped,skipped,skipped,skipped,skipped,skipped,skipped,skipped,skipped,,10
5195,Lab,skipped,skipped,skipped,skipped,skipped,skipped,skipped,skipped,skipped,,10
5196,Lab,skipped,skipped,skipped,skipped,skipped,skipped,skipped,skipped,skipped,,10
5197,Lab,skipped,skipped,skipped,skipped,skipped,skipped,skipped,skipped,skipped,,10
5198,Lab,skipped,skipped,skipped,skipped,skipped,skipped,skipped,skipped,skipped,,10
5199,Lab,skipped,skipped,skipped,skipped,skipped,skipped,skipped,skipped,skipped,,10
5200,Lab,skipped,skipped,skipped,skipped,skipped,skipped,skipped,skipped,skipped,,10
5201,Lab,skipped,skipped,skipped,skipped,skipped,skipped,skipped,skipped,skipped,,10
5202,Lab,skipped,skipped,skipped,skipped,skipped,skipped,skipped,skipped,skipped,,10
5203,Lab,skipped,skipped,skipped,skipped,skipped,skipped,skipped,skipped,skipped,,10
5204,Lab,skipped,skipped,skipped,skipped,skipped,skipped,skipped,skipped,skipped,,10
5205,Lab,skipped,skipped,skipped,skipped,skipped,skipped,skipped,skipped,skipped,,10
5206,Lab,skipped,skipped,skipped,skipped,skipped,skipped,skipped,skipped,skipped,,10
5207,Lab,skipped,skipped,skipped,skipped,skipped,skipped,skipped,skipped,skipped,,10
5208,Lab,skipped,skipped,skipped,skipped,skipped,skipped,skipped,skipped,skipped,,10
5209,Lab,skipped,skipped,skipped,skipped,skipped,skipped,skipped,skipped,skipped,,10
5210,Lab,skipped,skipped,skipped,skipped,skipped,skipped,skipped,skipped,skipped,,10
5211,Lab,skipped,skipped,skipped,skipped,skipped,skipped,skipped,skipped,skipped,,10
5212,Lab,skipped,skipped,skipped,skipped,skipped,skipped,skipped,skipped,skipped,,10
5213,Lab,skipped,skipped,skipped,skipped,skipped,skipped,skipped,skipped,skipped,,10
5214,Lab,skipped,skipped,skipped,skipped,skipped,skipped,skipped,skipped,skipped,,10
5215,Lab,skipped,skipped,skipped,skipped,skipped,skipped,skipped,skipped,skipped,,10
5216,Lab,skipped,skipped,skipped,skipped,skipped,skipped,skipped,skipped,skipped,,10
5217,Lab,skipped,skipped,skipped,skipped,skipped,skipped,skipped,skipped,skipped,,10
5218,Lab,skipped,skipped,skipped,skipped,skipped,skipped,skipped,skipped,skipped,,10
5219,Lab,skipped,skipped,skipped,skipped,skipped,skipped,skipped,skipped,skipped,,10
5220,Lab,skipped,skipped,skipped,skipped,skipped,skipped,skipped,skipped,skipped,,10
5221,Lab,skipped,skipped,skipped,skipped,skipped,skipped,skipped,skipped,skipped,,10
5222,Lab,skipped,skipped,skipped,skipped,skipped,skipped,skipped,skipped,skipped,,10
5223,Lab,skipped,skipped,skipped,skipped,skipped,skipped,skipped,skipped,skipped,,10
5224,Lab,skipped,skipped,skipped,skipped,skipped,skipped,skipped,skipped,skipped,,10
5225,Lab,skipped,skipped,skipped,skipped,skipped,skipped,skipped,skipped,skipped,,10
5226,Lab,skipped,skipped,skipped,skipped,skipped,skipped,skipped,skipped,skipped,,10
5227,Lab,skipped,skipped,skipped,skipped,skipped,skipped,skipped,skipped,skipped,,10
5228,Lab,skipped,skipped,skipped,skipped,skipped,skipped,skipped,skipped,skipped,,10
5229,Lab,skipped,skipped,skipped,skipped,skipped,skipped,skipped,skipped,skipped,,10
5230,Lab,skipped,skipped,skipped,skipped,skipped,skipped,skipped,skipped,skipped,,10
5231,Lab,skipped,skipped,skipped,skipped,skipped,skipped,skipped,skipped,skipped,,10
5232,Lab,skipped,skipped,skipped,skipped,skipped,skipped,skipped,skipped,skipped,,10
5233,Lab,skipped,skipped,skipped,skipped,skipped,skipped,skipped,skipped,skipped,,10
5234,Lab,skipped,skipped,skipped,skipped,skipped,skipped,skipped,skipped,skipped,,10
5235,Lab,skipped,skipped,skipped,skipped,skipped,skipped,skipped,skipped,skipped,,10
5236,Lab,skipped,skipped,skipped,skipped,skipped,skipped,skipped,skipped,skipped,,10
5237,Lab,skipped,skipped,skipped,skipped,skipped,skipped,skipped,skipped,skipped,,10
5238,Lab,skipped,skipped,skipped,skipped,skipped,skipped,skipped,skipped,skipped,,10
5239,Lab,skipped,skipped,skipped,skipped,skipped,skipped,skipped,skipped,skipped,,10
5240,Lab,skipped,skipped,skipped,skipped,skipped,skipped,skipped,skipped,skipped,,10
5241,Lab,skipped,skipped,skipped,skipped,skipped,skipped,skipped,skipped,skipped,,10
5242,Lab,skipped,skipped,skipped,skipped,skipped,skipped,skipped,skipped,skipped,,10
5243,Lab,skipped,skipped,skipped,skipped,skipped,skipped,skipped,skipped,skipped,,10
5244,Lab,skipped,skipped,skipped,skipped,skipped,skipped,skipped,skipped,skipped,,10
5245,Lab,skipped,skipped,skipped,skipped,skipped,skipped,skipped,skipped,skipped,,10
5246,Lab,skipped,skipped,skipped,skipped,skipped,skipped,skipped,skipped,skipped,,10
5247,Lab,skipped,skipped,skipped,skipped,skipped,skipped,skipped,skipped,skipped,,10
5248,Lab,skipped,skipped,skipped,skipped,skipped,skipped,skipped,skipped,skipped,,10
5249,Lab,skipped,skipped,skipped,skipped,skipped,skipped,skipped,skipped,skipped,,10
5250,Lab,skipped,skipped,skipped,skipped,skipped,skipped,skipped,skipped,skipped,,10
5251,Lab,skipped,skipped,skipped,skipped,skipped,skipped,skipped,skipped,skipped,,10
5252,Lab,skipped,skipped,skipped,skipped,skipped,skipped,skipped,skipped,skipped,,10
5253,Lab,skipped,skipped,skipped,skipped,skipped,skipped,skipped,skipped,skipped,,10
5254,Lab,skipped,skipped,skipped,skipped,skipped,skipped,skipped,skipped,skipped,,10
5255,Lab,skipped,skipped,skipped,skipped,skipped,skipped,skipped,skipped,skipped,,10
5256,Lab,skipped,skipped,skipped,skipped,skipped,skipped,skipped,skipped,skipped,,10
5257,Lab,skipped,skipped,skipped,skipped,skipped,skipped,skipped,skipped,skipped,,10
5258,Lab,skipped,skipped,skipped,skipped,skipped,skipped,skipped,skipped,skipped,,10
5259,Lab,skipped,skipped,skipped,skipped,skipped,skipped,skipped,skipped,skipped,,10
5260,Lab,skipped,skipped,skipped,skipped,skipped,skipped,skipped,skipped,skipped,,10
5261,Lab,skipped,skipped,skipped,skipped,skipped,skipped,skipped,skipped,skipped,,10
5262,Lab,skipped,skipped,skipped,skipped,skipped,skipped,skipped,skipped,skipped,,10
5263,Lab,skipped,skipped,skipped,skipped,skipped,skipped,skipped,skipped,skipped,,10
5264,Lab,skipped,skipped,skipped,skipped,skipped,skipped,skipped,skipped,skipped,,10
5265,Lab,skipped,skipped,skipped,skipped,skipped,skipped,skipped,skipped,skipped,,10
5266,Lab,skipped,skipped,skipped,skipped,skipped,skipped,skipped,skipped,skipped,,10
5267,Lab,skipped,skipped,skipped,skipped,skipped,skipped,skipped,skipped,skipped,,10
5268,Lab,skipped,skipped,skipped,skipped,skipped,skipped,skipped,skipped,skipped,,10
5269,Lab,skipped,skipped,skipped,skipped,skipped,skipped,skipped,skipped,skipped,,10
5270,Lab,skipped,skipped,skipped,skipped,skipped,skipped,skipped,skipped,skipped,,10
5271,Lab,skipped,skipped,skipped,skipped,skipped,skipped,skipped,skipped,skipped,,10
5272,Lab,skipped,skipped,skipped,skipped,skipped,skipped,skipped,skipped,skipped,,10
5273,Lab,skipped,skipped,skipped,skipped,skipped,skipped,skipped,skipped,skipped,,10
5274,Lab,skipped,skipped,skipped,skipped,skipped,skipped,skipped,skipped,skipped,,10
5275,Lab,skipped,skipped,skipped,skipped,skipped,skipped,skipped,skipped,skipped,,10
5276,Lab,skipped,skipped,skipped,skipped,skipped,skipped,skipped,skipped,skipped,,10
5277,Lab,skipped,skipped,skipped,skipped,skipped,skipped,skipped,skipped,skipped,,10
5278,Lab,skipped,skipped,skipped,skipped,skipped,skipped,skipped,skipped,skipped,,10
5279,Lab,skipped,skipped,skipped,skipped,skipped,skipped,skipped,skipped,skipped,,10
5280,Lab,skipped,skipped,skipped,skipped,skipped,skipped,skipped,skipped,skipped,,10
5281,Lab,skipped,skipped,skipped,skipped,skipped,skipped,skipped,skipped,skipped,,10
5282,Lab,skipped,skipped,skipped,skipped,skipped,skipped,skipped,skipped,skipped,,10
5283,Lab,skipped,skipped,skipped,skipped,skipped,skipped,skipped,skipped,skipped,,10
5284,Lab,skipped,skipped,skipped,skipped,skipped,skipped,skipped,skipped,skipped,,10
5285,Lab,skipped,skipped,skipped,skipped,skipped,skipped,skipped,skipped,skipped,,10
5286,Lab,skipped,skipped,skipped,skipped,skipped,skipped,skipped,skipped,skipped,,10
5287,Lab,skipped,skipped,skipped,skipped,skipped,skipped,skipped,skipped,skipped,,10
5288,Lab,skipped,skipped,skipped,skipped,skipped,skipped,skipped,skipped,skipped,,10
5289,Lab,skipped,skipped,skipped,skipped,skipped,skipped,skipped,skipped,skipped,,10
5290,Lab,skipped,skipped,skipped,skipped,skipped,skipped,skipped,skipped,skipped,,10
5291,Lab,skipped,skipped,skipped,skipped,skipped,skipped,skipped,skipped,skipped,,10
5292,Lab,skipped,skipped,skipped,skipped,skipped,skipped,skipped,skipped,skipped,,10
5293,Lab,skipped,skipped,skipped,skipped,skipped,skipped,skipped,skipped,skipped,,10
5294,Lab,skipped,skipped,skipped,skipped,skipped,skipped,skipped,skipped,skipped,,10
5295,Lab,skipped,skipped,skipped,skipped,skipped,skipped,skipped,skipped,skipped,,10
5296,Lab,skipped,skipped,skipped,skipped,skipped,skipped,skipped,skipped,skipped,,10
5297,Lab,skipped,skipped,skipped,skipped,skipped,skipped,skipped,skipped,skipped,,10
5298,Lab,skipped,skipped,skipped,skipped,skipped,skipped,skipped,skipped,skipped,,10
5299,Lab,skipped,skipped,skipped,skipped,skipped,skipped,skipped,skipped,skipped,,10
5300,Lab,skipped,skipped,skipped,skipped,skipped,skipped,skipped,skipped,skipped,,10
5301,Lab,skipped,skipped,skipped,skipped,skipped,skipped,skipped,skipped,skipped,,10
5302,Lab,skipped,skipped,skipped,skipped,skipped,skipped,skipped,skipped,skipped,,10
5303,Lab,skipped,skipped,skipped,skipped,skipped,skipped,skipped,skipped,skipped,,10
5304,Lab,skipped,skipped,skipped,skipped,skipped,skipped,skipped,skipped,skipped,,10
5305,Lab,skipped,skipped,skipped,skipped,skipped,skipped,skipped,skipped,skipped,,10
5306,Lab,skipped,skipped,skipped,skipped,skipped,skipped,skipped,skipped,skipped,,10
5307,Lab,skipped,skipped,skipped,skipped,skipped,skipped,skipped,skipped,skipped,,10
5308,Lab,skipped,skipped,skipped,skipped,skipped,skipped,skipped,skipped,skipped,,10
5309,Lab,skipped,skipped,skipped,skipped,skipped,skipped,skipped,skipped,skipped,,10
5310,Lab,skipped,skipped,skipped,skipped,skipped,skipped,skipped,skipped,skipped,,10
5311,Lab,skipped,skipped,skipped,skipped,skipped,skipped,skipped,skipped,skipped,,10
5312,Lab,skipped,skipped,skipped,skipped,skipped,skipped,skipped,skipped,skipped,,10
5313,Lab,skipped,skipped,skipped,skipped,skipped,skipped,skipped,skipped,skipped,,10
5314,Lab,skipped,skipped,skipped,skipped,skipped,skipped,skipped,skipped,skipped,,10
5315,Lab,skipped,skipped,skipped,skipped,skipped,skipped,skipped,skipped,skipped,,10
5316,Lab,skipped,skipped,skipped,skipped,skipped,skipped,skipped,skipped,skipped,,10
5317,Lab,skipped,skipped,skipped,skipped,skipped,skipped,skipped,skipped,skipped,,10
5318,Lab,skipped,skipped,skipped,skipped,skipped,skipped,skipped,skipped,skipped,,10
5319,Lab,skipped,skipped,skipped,skipped,skipped,skipped,skipped,skipped,skipped,,10
5320,Lab,skipped,skipped,skipped,skipped,skipped,skipped,skipped,skipped,skipped,,10
5321,Lab,skipped,skipped,skipped,skipped,skipped,skipped,skipped,skipped,skipped,,10
5322,Lab,skipped,skipped,skipped,skipped,skipped,skipped,skipped,skipped,skipped,,10
5323,Lab,skipped,skipped,skipped,skipped,skipped,skipped,skipped,skipped,skipped,,10
5324,Lab,skipped,skipped,skipped,skipped,skipped,skipped,skipped,skipped,skipped,,10
5325,Lab,skipped,skipped,skipped,skipped,skipped,skipped,skipped,skipped,skipped,,10
5326,Lab,skipped,skipped,skipped,skipped,skipped,skipped,skipped,skipped,skipped,,10
5327,Lab,skipped,skipped,skipped,skipped,skipped,skipped,skipped,skipped,skipped,,10
5328,Lab,skipped,skipped,skipped,skipped,skipped,skipped,skipped,skipped,skipped,,10
5329,Lab,skipped,skipped,skipped,skipped,skipped,skipped,skipped,skipped,skipped,,10
5330,Lab,skipped,skipped,skipped,skipped,skipped,skipped,skipped,skipped,skipped,,10
5331,Lab,skipped,skipped,skipped,skipped,skipped,skipped,skipped,skipped,skipped,,10
5332,Lab,skipped,skipped,skipped,skipped,skipped,skipped,skipped,skipped,skipped,,10
5333,Lab,Con,skipped,skipped,skipped,skipped,skipped,skipped,skipped,skipped,,10
5334,Lab,Con,skipped,skipped,skipped,skipped,skipped,skipped,skipped,skipped,,10
5335,Lab,Con,skipped,skipped,skipped,skipped,skipped,skipped,skipped,skipped,,10
5336,Lab,Con,skipped,skipped,skipped,skipped,skipped,skipped,skipped,skipped,,10
5337,Lab,Con,skipped,skipped,skipped,skipped,skipped,skipped,skipped,skipped,,10
5338,Lab,Con,Grn,skipped,skipped,skipped,skipped,skipped,skipped,skipped,,10
5339,Lab,Con,LD,Grn,SU,Soc,SNP,Sol,skipped,skipped,,10
5340,Lab,Con,SU,skipped,skipped,skipped,skipped,skipped,skipped,skipped,,10
5341,Lab,Sol,skipped,skipped,skipped,skipped,skipped,skipped,skipped,skipped,,10
5342,Lab,Sol,skipped,skipped,skipped,skipped,skipped,skipped,skipped,skipped,,10
5343,Lab,Sol,skipped,skipped,skipped,skipped,skipped,skipped,skipped,skipped,,10
5344,Lab,Sol,skipped,skipped,skipped,skipped,skipped,skipped,skipped,skipped,,10
5345,Lab,Sol,Grn,skipped,skipped,skipped,skipped,skipped,skipped,skipped,,10
5346,Lab,Sol,Soc,Grn,LD,SNP,Con,SU,skipped,skipped,,10
5347,Lab,Sol,LD,skipped,skipped,skipped,skipped,skipped,skipped,skipped,,10
5348,Lab,Sol,LD,SU,Soc,Con,SNP,Grn,skipped,skipped,,10
5349,Lab,Sol,SNP,Grn,skipped,skipped,skipped,skipped,skipped,skipped,,10
5350,Lab,Sol,SNP,Grn,Soc,LD,Con,SU,skipped,skipped,,10
5351,Lab,Grn,skipped,skipped,skipped,skipped,skipped,skipped,skipped,skipped,,10
5352,Lab,Grn,skipped,skipped,skipped,skipped,skipped,skipped,skipped,skipped,,10
5353,Lab,Grn,skipped,skipped,skipped,skipped,skipped,skipped,skipped,skipped,,10
5354,Lab,Grn,skipped,skipped,skipped,skipped,skipped,skipped,skipped,skipped,,10
5355,Lab,Grn,skipped,skipped,skipped,skipped,skipped,skipped,skipped,skipped,,10
5356,Lab,Grn,skipped,skipped,skipped,skipped,skipped,skipped,skipped,skipped,,10
5357,Lab,Grn,skipped,skipped,skipped,skipped,skipped,skipped,skipped,skipped,,10
5358,Lab,Grn,Con,skipped,skipped,skipped,skipped,skipped,skipped,skipped,,10
5359,Lab,Grn,Con,skipped,skipped,skipped,skipped,skipped,skipped,skipped,,10
5360,Lab,Grn,Con,SNP,LD,skipped,skipped,skipped,skipped,skipped,,10
5361,Lab,Grn,Sol,Soc,skipped,skipped,skipped,skipped,skipped,skipped,,10
5362,Lab,Grn,LD,skipped,skipped,skipped,skipped,skipped,skipped,skipped,,10
5363,Lab,Grn,LD,skipped,skipped,skipped,skipped,skipped,skipped,skipped,,10
5364,Lab,Grn,LD,SU,Con,Soc,Sol,SNP,skipped,skipped,,10
5365,Lab,Grn,SNP,skipped,skipped,skipped,skipped,skipped,skipped,skipped,,10
5366,Lab,Grn,SU,Soc,Sol,SNP,LD,Con,skipped,skipped,,10
5367,Lab,Soc,skipped,skipped,skipped,skipped,skipped,skipped,skipped,skipped,,10
5368,Lab,Soc,skipped,skipped,skipped,skipped,skipped,skipped,skipped,skipped,,10
5369,Lab,Soc,Sol,SU,SNP,LD,Grn,Con,skipped,skipped,,10
5370,Lab,LD,skipped,skipped,skipped,skipped,skipped,skipped,skipped,skipped,,10
5371,Lab,LD,skipped,skipped,skipped,skipped,skipped,skipped,skipped,skipped,,10
5372,Lab,LD,skipped,skipped,skipped,skipped,skipped,skipped,skipped,skipped,,10
5373,Lab,LD,skipped,skipped,skipped,skipped,skipped,skipped,skipped,skipped,,10
5374,Lab,LD,skipped,skipped,skipped,skipped,skipped,skipped,skipped,skipped,,10
5375,Lab,LD,skipped,skipped,skipped,skipped,skipped,skipped,skipped,skipped,,10
5376,Lab,LD,Con,skipped,skipped,skipped,skipped,skipped,skipped,skipped,,10
5377,Lab,LD,Con,skipped,skipped,skipped,skipped,skipped,skipped,skipped,,10
5378,Lab,LD,Con,skipped,skipped,skipped,skipped,skipped,skipped,skipped,,10
5379,Lab,LD,Con,skipped,skipped,skipped,skipped,skipped,skipped,skipped,,10
5380,Lab,LD,Con,Grn,skipped,skipped,skipped,skipped,skipped,skipped,,10
5381,Lab,LD,Con,SU,Grn,Sol,Soc,SNP,skipped,skipped,,10
5382,Lab,LD,Grn,skipped,skipped,skipped,skipped,skipped,skipped,skipped,,10
5383,Lab,LD,Grn,skipped,skipped,skipped,skipped,skipped,skipped,skipped,,10
5384,Lab,LD,Grn,skipped,skipped,skipped,skipped,skipped,skipped,skipped,,10
5385,Lab,LD,Soc,Sol,Grn,SNP,Con,SU,skipped,skipped,,10
5386,Lab,LD,Soc,Grn,Sol,skipped,skipped,skipped,skipped,skipped,,10
5387,Lab,LD,Soc,SU,Grn,Sol,Con,SNP,skipped,skipped,,10
5388,Lab,SNP,skipped,skipped,skipped,skipped,skipped,skipped,skipped,skipped,,10
5389,Lab,SNP,skipped,skipped,skipped,skipped,skipped,skipped,skipped,skipped,,10
5390,Lab,SNP,skipped,skipped,skipped,skipped,skipped,skipped,skipped,skipped,,10
5391,Lab,SNP,skipped,skipped,skipped,skipped,skipped,skipped,skipped,skipped,,10
5392,Lab,SNP,skipped,skipped,skipped,skipped,skipped,skipped,skipped,skipped,,10
5393,Lab,SNP,skipped,skipped,skipped,skipped,skipped,skipped,skipped,skipped,,10
5394,Lab,SNP,skipped,skipped,skipped,skipped,skipped,skipped,skipped,skipped,,10
5395,Lab,SNP,skipped,skipped,skipped,skipped,skipped,skipped,skipped,skipped,,10
5396,Lab,SNP,Con,skipped,skipped,skipped,skipped,skipped,skipped,skipped,,10
5397,Lab,SNP,Sol,Soc,LD,Con,SU,Grn,skipped,skipped,,10
5398,Lab,SNP,Grn,LD,Con,Soc,SU,Sol,skipped,skipped,,10
5399,Lab,SNP,LD,skipped,skipped,skipped,skipped,skipped,skipped,skipped,,10
5400,Lab,SNP,LD,Con,Sol,Grn,Soc,skipped,skipped,skipped,,10
5401,Lab,SNP,SU,Soc,Grn,LD,Con,Sol,skipped,skipped,,10
5402,Lab,Con,skipped,skipped,skipped,skipped,skipped,skipped,skipped,skipped,,10
5403,Lab,Con,skipped,skipped,skipped,skipped,skipped,skipped,skipped,skipped,,10
5404,Lab,Con,skipped,skipped,skipped,skipped,skipped,skipped,skipped,skipped,,10
5405,Lab,Con,LD,SNP,SU,Grn,Soc,Sol,skipped,skipped,,10
5406,Lab,Con,LD,skipped,skipped,skipped,skipped,skipped,skipped,skipped,,10
5407,Lab,Sol,skipped,skipped,skipped,skipped,skipped,skipped,skipped,skipped,,10
5408,Lab,Sol,skipped,skipped,skipped,skipped,skipped,skipped,skipped,skipped,,10
5409,Lab,Sol,skipped,skipped,skipped,skipped,skipped,skipped,skipped,skipped,,10
5410,Lab,Sol,skipped,skipped,skipped,skipped,skipped,skipped,skipped,skipped,,10
5411,Lab,Sol,skipped,skipped,skipped,skipped,skipped,skipped,skipped,skipped,,10
5412,Lab,Sol,Grn,skipped,skipped,skipped,skipped,skipped,skipped,skipped,,10
5413,Lab,Grn,skipped,skipped,skipped,skipped,skipped,skipped,skipped,skipped,,10
5414,Lab,Grn,skipped,skipped,skipped,skipped,skipped,skipped,skipped,skipped,,10
5415,Lab,Grn,skipped,skipped,skipped,skipped,skipped,skipped,skipped,skipped,,10
5416,Lab,Grn,skipped,skipped,skipped,skipped,skipped,skipped,skipped,skipped,,10
5417,Lab,Grn,Con,Soc,LD,Sol,SNP,SU,skipped,skipped,,10
5418,Lab,Grn,Sol,skipped,skipped,skipped,skipped,skipped,skipped,skipped,,10
5419,Lab,Grn,Soc,SU,LD,Con,SNP,Sol,skipped,skipped,,10
5420,Lab,Grn,LD,Con,Soc,SU,SNP,Sol,skipped,skipped,,10
5421,Lab,Soc,skipped,skipped,skipped,skipped,skipped,skipped,skipped,skipped,,10
5422,Lab,Soc,Grn,skipped,skipped,skipped,skipped,skipped,skipped,skipped,,10
5423,Lab,Soc,SU,Con,SNP,Grn,LD,Sol,skipped,skipped,,10
5424,Lab,LD,skipped,skipped,skipped,skipped,skipped,skipped,skipped,skipped,,10
5425,Lab,LD,skipped,skipped,skipped,skipped,skipped,skipped,skipped,skipped,,10
5426,Lab,LD,skipped,skipped,skipped,skipped,skipped,skipped,skipped,skipped,,10
5427,Lab,LD,skipped,skipped,skipped,skipped,skipped,skipped,skipped,skipped,,10
5428,Lab,LD,skipped,skipped,skipped,skipped,skipped,skipped,skipped,skipped,,10
5429,Lab,LD,skipped,skipped,skipped,skipped,skipped,skipped,skipped,skipped,,10
5430,Lab,LD,Grn,skipped,skipped,skipped,skipped,skipped,skipped,skipped,,10
5431,Lab,LD,Con,Soc,Grn,SU,Sol,SNP,skipped,skipped,,10
5432,Lab,LD,Con,SNP,skipped,skipped,skipped,skipped,skipped,skipped,,10
5433,Lab,LD,Grn,skipped,skipped,skipped,skipped,skipped,skipped,skipped,,10
5434,Lab,LD,Grn,skipped,skipped,skipped,skipped,skipped,skipped,skipped,,10
5435,Lab,SNP,skipped,skipped,skipped,skipped,skipped,skipped,skipped,skipped,,10
5436,Lab,SNP,skipped,skipped,skipped,skipped,skipped,skipped,skipped,skipped,,10
5437,Lab,SNP,skipped,skipped,skipped,skipped,skipped,skipped,skipped,skipped,,10
5438,Lab,SNP,skipped,skipped,skipped,skipped,skipped,skipped,skipped,skipped,,10
5439,Lab,SNP,skipped,skipped,skipped,skipped,skipped,skipped,skipped,skipped,,10
5440,Lab,SNP,skipped,skipped,skipped,skipped,skipped,skipped,skipped,skipped,,10
5441,Lab,SNP,skipped,skipped,skipped,skipped,skipped,skipped,skipped,skipped,,10
5442,Lab,SNP,skipped,skipped,skipped,skipped,skipped,skipped,skipped,skipped,,10
5443,Lab,SNP,skipped,skipped,skipped,skipped,skipped,skipped,skipped,skipped,,10
5444,Lab,SNP,skipped,skipped,skipped,skipped,skipped,skipped,skipped,skipped,,10
5445,Lab,SNP,skipped,skipped,skipped,skipped,skipped,skipped,skipped,skipped,,10
5446,Lab,SNP,skipped,skipped,skipped,skipped,skipped,skipped,skipped,skipped,,10
5447,Lab,SNP,Sol,Soc,SU,Grn,LD,Con,skipped,skipped,,10
5448,Lab,SNP,Sol,skipped,skipped,skipped,skipped,skipped,skipped,skipped,,10
5449,Lab,SNP,Sol,skipped,skipped,skipped,skipped,skipped,skipped,skipped,,10
5450,Lab,SNP,Sol,LD,Con,SU,Grn,Soc,skipped,skipped,,10
5451,Lab,SNP,LD,skipped,skipped,skipped,skipped,skipped,skipped,skipped,,10
5452,Lab,SNP,LD,Con,skipped,skipped,skipped,skipped,skipped,skipped,,10
5453,Lab,SU,skipped,skipped,skipped,skipped,skipped,skipped,skipped,skipped,,10
5454,Lab,SU,Con,skipped,skipped,skipped,skipped,skipped,skipped,skipped,,10
5455,Lab,SU,SNP,LD,Soc,Sol,Con,Grn,skipped,skipped,,10
5456,Lab,Con,skipped,skipped,skipped,skipped,skipped,skipped,skipped,skipped,,10
5457,Lab,Con,skipped,skipped,skipped,skipped,skipped,skipped,skipped,skipped,,10
5458,Lab,Con,skipped,skipped,skipped,skipped,skipped,skipped,skipped,skipped,,10
5459,Lab,Con,skipped,skipped,skipped,skipped,skipped,skipped,skipped,skipped,,10
5460,Lab,Con,skipped,skipped,skipped,skipped,skipped,skipped,skipped,skipped,,10
5461,Lab,Con,skipped,skipped,skipped,skipped,skipped,skipped,skipped,skipped,,10
5462,Lab,Con,skipped,skipped,skipped,skipped,skipped,skipped,skipped,skipped,,10
5463,Lab,Con,skipped,skipped,skipped,skipped,skipped,skipped,skipped,skipped,,10
5464,Lab,Con,skipped,skipped,skipped,skipped,skipped,skipped,skipped,skipped,,10
5465,Lab,Con,skipped,skipped,skipped,skipped,skipped,skipped,skipped,skipped,,10
5466,Lab,Con,LD,skipped,skipped,skipped,skipped,skipped,skipped,skipped,,10
5467,Lab,Con,LD,Grn,skipped,skipped,skipped,skipped,skipped,skipped,,10
5468,Lab,Con,skipped,skipped,skipped,skipped,skipped,skipped,skipped,skipped,,10
5469,Lab,Con,Grn,Soc,skipped,skipped,skipped,skipped,skipped,skipped,,10
5470,Lab,Con,LD,skipped,skipped,skipped,skipped,skipped,skipped,skipped,,10
5471,Lab,Con,SNP,Sol,skipped,skipped,skipped,skipped,skipped,skipped,,10
5472,Lab,Con,Sol,SNP,skipped,skipped,skipped,skipped,skipped,skipped,,10
5473,Lab,Con,Sol,Grn,SU,LD,Soc,SNP,skipped,skipped,,10
5474,Lab,Con,Sol,LD,Grn,skipped,skipped,skipped,skipped,skipped,,10
5475,Lab,Con,Grn,skipped,skipped,skipped,skipped,skipped,skipped,skipped,,10
5476,Lab,Con,Grn,LD,SNP,skipped,skipped,skipped,skipped,skipped,,10
5477,Lab,Con,Grn,SU,skipped,skipped,skipped,skipped,skipped,skipped,,10
5478,Lab,Con,LD,skipped,skipped,skipped,skipped,skipped,skipped,skipped,,10
5479,Lab,Con,LD,Grn,skipped,skipped,skipped,skipped,skipped,skipped,,10
5480,Lab,Con,LD,Grn,SU,Soc,Sol,SNP,skipped,skipped,,10
5481,Lab,Con,SNP,skipped,skipped,skipped,skipped,skipped,skipped,skipped,,10
5482,Lab,Con,SNP,skipped,skipped,skipped,skipped,skipped,skipped,skipped,,10
5483,Lab,Con,SNP,LD,skipped,skipped,skipped,skipped,skipped,skipped,,10
5484,Lab,Con,SU,skipped,skipped,skipped,skipped,skipped,skipped,skipped,,10
5485,Lab,Sol,skipped,skipped,skipped,skipped,skipped,skipped,skipped,skipped,,10
5486,Lab,Sol,skipped,skipped,skipped,skipped,skipped,skipped,skipped,skipped,,10
5487,Lab,Sol,skipped,skipped,skipped,skipped,skipped,skipped,skipped,skipped,,10
5488,Lab,Sol,skipped,skipped,skipped,skipped,skipped,skipped,skipped,skipped,,10
5489,Lab,Sol,Soc,skipped,skipped,skipped,skipped,skipped,skipped,skipped,,10
5490,Lab,Sol,Soc,skipped,skipped,skipped,skipped,skipped,skipped,skipped,,10
5491,Lab,Sol,skipped,skipped,skipped,skipped,skipped,skipped,skipped,skipped,,10
5492,Lab,Sol,skipped,skipped,skipped,skipped,skipped,skipped,skipped,skipped,,10
5493,Lab,Sol,Soc,Grn,SNP,LD,Con,SU,skipped,skipped,,10
5494,Lab,Sol,Soc,Grn,SNP,LD,Con,SU,skipped,skipped,,10
5495,Lab,Sol,LD,skipped,skipped,skipped,skipped,skipped,skipped,skipped,,10
5496,Lab,Sol,SNP,skipped,skipped,skipped,skipped,skipped,skipped,skipped,,10
5497,Lab,Sol,SNP,skipped,skipped,skipped,skipped,skipped,skipped,skipped,,10
5498,Lab,Sol,SNP,Soc,skipped,skipped,skipped,skipped,skipped,skipped,,10
5499,Lab,Sol,SNP,Soc,skipped,skipped,skipped,skipped,skipped,skipped,,10
5500,Lab,Grn,skipped,skipped,skipped,skipped,skipped,skipped,skipped,skipped,,10
5501,Lab,Grn,skipped,skipped,skipped,skipped,skipped,skipped,skipped,skipped,,10
5502,Lab,Grn,skipped,skipped,skipped,skipped,skipped,skipped,skipped,skipped,,10
5503,Lab,Grn,skipped,skipped,skipped,skipped,skipped,skipped,skipped,skipped,,10
5504,Lab,Grn,skipped,skipped,skipped,skipped,skipped,skipped,skipped,skipped,,10
5505,Lab,Grn,skipped,skipped,skipped,skipped,skipped,skipped,skipped,skipped,,10
5506,Lab,Grn,skipped,skipped,skipped,skipped,skipped,skipped,skipped,skipped,,10
5507,Lab,Grn,skipped,skipped,skipped,skipped,skipped,skipped,skipped,skipped,,10
5508,Lab,Grn,skipped,skipped,skipped,skipped,skipped,skipped,skipped,skipped,,10
5509,Lab,Grn,Soc,skipped,skipped,skipped,skipped,skipped,skipped,skipped,,10
5510,Lab,Grn,SNP,skipped,skipped,skipped,skipped,skipped,skipped,skipped,,10
5511,Lab,Grn,skipped,skipped,skipped,skipped,skipped,skipped,skipped,skipped,,10
5512,Lab,Grn,skipped,skipped,skipped,skipped,skipped,skipped,skipped,skipped,,10
5513,Lab,Grn,skipped,skipped,skipped,skipped,skipped,skipped,skipped,skipped,,10
5514,Lab,Grn,SNP,skipped,skipped,skipped,skipped,skipped,skipped,skipped,,10
5515,Lab,Grn,LD,skipped,skipped,skipped,skipped,skipped,skipped,skipped,,10
5516,Lab,Grn,LD,skipped,skipped,skipped,skipped,skipped,skipped,skipped,,10
5517,Lab,Grn,LD,skipped,skipped,skipped,skipped,skipped,skipped,skipped,,10
5518,Lab,Grn,LD,Soc,skipped,skipped,skipped,skipped,skipped,skipped,,10
5519,Lab,Grn,LD,skipped,skipped,skipped,skipped,skipped,skipped,skipped,,10
5520,Lab,Grn,SNP,skipped,skipped,skipped,skipped,skipped,skipped,skipped,,10
5521,Lab,Grn,SNP,skipped,skipped,skipped,skipped,skipped,skipped,skipped,,10
5522,Lab,Grn,SNP,Soc,skipped,skipped,skipped,skipped,skipped,skipped,,10
5523,Lab,Soc,skipped,skipped,skipped,skipped,skipped,skipped,skipped,skipped,,10
5524,Lab,Soc,skipped,skipped,skipped,skipped,skipped,skipped,skipped,skipped,,10
5525,Lab,Soc,skipped,skipped,skipped,skipped,skipped,skipped,skipped,skipped,,10
5526,Lab,Soc,skipped,skipped,skipped,skipped,skipped,skipped,skipped,skipped,,10
5527,Lab,Soc,skipped,skipped,skipped,skipped,skipped,skipped,skipped,skipped,,10
5528,Lab,Soc,skipped,skipped,skipped,skipped,skipped,skipped,skipped,skipped,,10
5529,Lab,Soc,skipped,skipped,skipped,skipped,skipped,skipped,skipped,skipped,,10
5530,Lab,Soc,Sol,skipped,skipped,skipped,skipped,skipped,skipped,skipped,,10
5531,Lab,Soc,Con,skipped,skipped,skipped,skipped,skipped,skipped,skipped,,10
5532,Lab,Soc,SNP,Sol,SU,LD,Con,Grn,skipped,skipped,,10
5533,Lab,Soc,SNP,Grn,skipped,skipped,skipped,skipped,skipped,skipped,,10
5534,Lab,Soc,SU,skipped,skipped,skipped,skipped,skipped,skipped,skipped,,10
5535,Lab,LD,skipped,skipped,skipped,skipped,skipped,skipped,skipped,skipped,,10
5536,Lab,LD,skipped,skipped,skipped,skipped,skipped,skipped,skipped,skipped,,10
5537,Lab,LD,skipped,skipped,skipped,skipped,skipped,skipped,skipped,skipped,,10
5538,Lab,LD,skipped,skipped,skipped,skipped,skipped,skipped,skipped,skipped,,10
5539,Lab,LD,skipped,skipped,skipped,skipped,skipped,skipped,skipped,skipped,,10
5540,Lab,LD,skipped,skipped,skipped,skipped,skipped,skipped,skipped,skipped,,10
5541,Lab,LD,skipped,skipped,skipped,skipped,skipped,skipped,skipped,skipped,,10
5542,Lab,LD,skipped,skipped,skipped,skipped,skipped,skipped,skipped,skipped,,10
5543,Lab,LD,skipped,skipped,skipped,skipped,skipped,skipped,skipped,skipped,,10
5544,Lab,LD,skipped,skipped,skipped,skipped,skipped,skipped,skipped,skipped,,10
5545,Lab,LD,skipped,skipped,skipped,skipped,skipped,skipped,skipped,skipped,,10
5546,Lab,LD,Con,skipped,skipped,skipped,skipped,skipped,skipped,skipped,,10
5547,Lab,LD,Grn,skipped,skipped,skipped,skipped,skipped,skipped,skipped,,10
5548,Lab,LD,skipped,skipped,skipped,skipped,skipped,skipped,skipped,skipped,,10
5549,Lab,LD,skipped,skipped,skipped,skipped,skipped,skipped,skipped,skipped,,10
5550,Lab,LD,skipped,skipped,skipped,skipped,skipped,skipped,skipped,skipped,,10
5551,Lab,LD,Grn,Soc,Sol,skipped,skipped,skipped,skipped,skipped,,10
5552,Lab,LD,Con,skipped,skipped,skipped,skipped,skipped,skipped,skipped,,10
5553,Lab,LD,Con,skipped,skipped,skipped,skipped,skipped,skipped,skipped,,10
5554,Lab,LD,Con,skipped,skipped,skipped,skipped,skipped,skipped,skipped,,10
5555,Lab,LD,Sol,skipped,skipped,skipped,skipped,skipped,skipped,skipped,,10
5556,Lab,LD,Sol,skipped,skipped,skipped,skipped,skipped,skipped,skipped,,10
5557,Lab,LD,Sol,skipped,skipped,skipped,skipped,skipped,skipped,skipped,,10
5558,Lab,LD,Grn,skipped,skipped,skipped,skipped,skipped,skipped,skipped,,10
5559,Lab,LD,Grn,skipped,skipped,skipped,skipped,skipped,skipped,skipped,,10
5560,Lab,LD,Grn,skipped,skipped,skipped,skipped,skipped,skipped,skipped,,10
5561,Lab,LD,Grn,skipped,skipped,skipped,skipped,skipped,skipped,skipped,,10
5562,Lab,LD,Grn,skipped,skipped,skipped,skipped,skipped,skipped,skipped,,10
5563,Lab,LD,Grn,Soc,Sol,SNP,SU,Con,skipped,skipped,,10
5564,Lab,LD,Grn,Con,skipped,skipped,skipped,skipped,skipped,skipped,,10
5565,Lab,LD,Grn,Soc,skipped,skipped,skipped,skipped,skipped,skipped,,10
5566,Lab,LD,Grn,SNP,skipped,skipped,skipped,skipped,skipped,skipped,,10
5567,Lab,LD,Soc,skipped,skipped,skipped,skipped,skipped,skipped,skipped,,10
5568,Lab,LD,SNP,skipped,skipped,skipped,skipped,skipped,skipped,skipped,,10
5569,Lab,LD,SNP,Grn,SU,Con,Sol,Soc,skipped,skipped,,10
5570,Lab,LD,SU,skipped,skipped,skipped,skipped,skipped,skipped,skipped,,10
5571,Lab,LD,SU,Soc,skipped,skipped,skipped,skipped,skipped,skipped,,10
5572,Lab,LD,SU,Grn,skipped,skipped,skipped,skipped,skipped,skipped,,10
5573,Lab,SNP,skipped,skipped,skipped,skipped,skipped,skipped,skipped,skipped,,10
5574,Lab,SNP,skipped,skipped,skipped,skipped,skipped,skipped,skipped,skipped,,10
5575,Lab,SNP,skipped,skipped,skipped,skipped,skipped,skipped,skipped,skipped,,10
5576,Lab,SNP,skipped,skipped,skipped,skipped,skipped,skipped,skipped,skipped,,10
5577,Lab,SNP,skipped,skipped,skipped,skipped,skipped,skipped,skipped,skipped,,10
5578,Lab,SNP,skipped,skipped,skipped,skipped,skipped,skipped,skipped,skipped,,10
5579,Lab,SNP,skipped,skipped,skipped,skipped,skipped,skipped,skipped,skipped,,10
5580,Lab,SNP,skipped,skipped,skipped,skipped,skipped,skipped,skipped,skipped,,10
5581,Lab,SNP,skipped,skipped,skipped,skipped,skipped,skipped,skipped,skipped,,10
5582,Lab,SNP,skipped,skipped,skipped,skipped,skipped,skipped,skipped,skipped,,10
5583,Lab,SNP,skipped,skipped,skipped,skipped,skipped,skipped,skipped,skipped,,10
5584,Lab,SNP,skipped,skipped,skipped,skipped,skipped,skipped,skipped,skipped,,10
5585,Lab,SNP,skipped,skipped,skipped,skipped,skipped,skipped,skipped,skipped,,10
5586,Lab,SNP,skipped,skipped,skipped,skipped,skipped,skipped,skipped,skipped,,10
5587,Lab,SNP,skipped,skipped,skipped,skipped,skipped,skipped,skipped,skipped,,10
5588,Lab,SNP,skipped,skipped,skipped,skipped,skipped,skipped,skipped,skipped,,10
5589,Lab,SNP,skipped,skipped,skipped,skipped,skipped,skipped,skipped,skipped,,10
5590,Lab,SNP,skipped,skipped,skipped,skipped,skipped,skipped,skipped,skipped,,10
5591,Lab,SNP,skipped,skipped,skipped,skipped,skipped,skipped,skipped,skipped,,10
5592,Lab,SNP,skipped,skipped,skipped,skipped,skipped,skipped,skipped,skipped,,10
5593,Lab,SNP,skipped,skipped,skipped,skipped,skipped,skipped,skipped,skipped,,10
5594,Lab,SNP,skipped,skipped,skipped,skipped,skipped,skipped,skipped,skipped,,10
5595,Lab,SNP,skipped,skipped,skipped,skipped,skipped,skipped,skipped,skipped,,10
5596,Lab,SNP,skipped,skipped,skipped,skipped,skipped,skipped,skipped,skipped,,10
5597,Lab,SNP,skipped,skipped,skipped,skipped,skipped,skipped,skipped,skipped,,10
5598,Lab,SNP,skipped,skipped,skipped,skipped,skipped,skipped,skipped,skipped,,10
5599,Lab,SNP,skipped,skipped,skipped,skipped,skipped,skipped,skipped,skipped,,10
5600,Lab,SNP,skipped,skipped,skipped,skipped,skipped,skipped,skipped,skipped,,10
5601,Lab,SNP,skipped,skipped,skipped,skipped,skipped,skipped,skipped,skipped,,10
5602,Lab,SNP,skipped,skipped,skipped,skipped,skipped,skipped,skipped,skipped,,10
5603,Lab,SNP,Grn,skipped,skipped,skipped,skipped,skipped,skipped,skipped,,10
5604,Lab,SNP,LD,Grn,skipped,skipped,skipped,skipped,skipped,skipped,,10
5605,Lab,SNP,skipped,skipped,skipped,skipped,skipped,skipped,skipped,skipped,,10
5606,Lab,SNP,skipped,skipped,skipped,skipped,skipped,skipped,skipped,skipped,,10
5607,Lab,SNP,skipped,skipped,skipped,skipped,skipped,skipped,skipped,skipped,,10
5608,Lab,SNP,skipped,skipped,skipped,skipped,skipped,skipped,skipped,skipped,,10
5609,Lab,SNP,skipped,skipped,skipped,skipped,skipped,skipped,skipped,skipped,,10
5610,Lab,SNP,Sol,skipped,skipped,skipped,skipped,skipped,skipped,skipped,,10
5611,Lab,SNP,Grn,skipped,skipped,skipped,skipped,skipped,skipped,skipped,,10
5612,Lab,SNP,Grn,Soc,SU,LD,Con,Sol,skipped,skipped,,10
5613,Lab,SNP,Con,skipped,skipped,skipped,skipped,skipped,skipped,skipped,,10
5614,Lab,SNP,Sol,skipped,skipped,skipped,skipped,skipped,skipped,skipped,,10
5615,Lab,SNP,Sol,skipped,skipped,skipped,skipped,skipped,skipped,skipped,,10
5616,Lab,SNP,Sol,skipped,skipped,skipped,skipped,skipped,skipped,skipped,,10
5617,Lab,SNP,Sol,skipped,skipped,skipped,skipped,skipped,skipped,skipped,,10
5618,Lab,SNP,Sol,skipped,skipped,skipped,skipped,skipped,skipped,skipped,,10
5619,Lab,SNP,Sol,Grn,LD,Soc,SU,Con,skipped,skipped,,10
5620,Lab,SNP,Grn,skipped,skipped,skipped,skipped,skipped,skipped,skipped,,10
5621,Lab,SNP,Grn,skipped,skipped,skipped,skipped,skipped,skipped,skipped,,10
5622,Lab,SNP,Grn,skipped,skipped,skipped,skipped,skipped,skipped,skipped,,10
5623,Lab,SNP,Grn,Sol,skipped,skipped,skipped,skipped,skipped,skipped,,10
5624,Lab,SNP,Grn,Sol,skipped,skipped,skipped,skipped,skipped,skipped,,10
5625,Lab,SNP,Grn,Sol,skipped,skipped,skipped,skipped,skipped,skipped,,10
5626,Lab,SNP,Grn,Soc,Sol,Con,skipped,skipped,skipped,skipped,,10
5627,Lab,SNP,Grn,Soc,Sol,Con,skipped,skipped,skipped,skipped,,10
5628,Lab,SNP,Grn,LD,skipped,skipped,skipped,skipped,skipped,skipped,,10
5629,Lab,SNP,Grn,LD,skipped,skipped,skipped,skipped,skipped,skipped,,10
5630,Lab,SNP,Grn,LD,skipped,skipped,skipped,skipped,skipped,skipped,,10
5631,Lab,SNP,Soc,Grn,skipped,skipped,skipped,skipped,skipped,skipped,,10
5632,Lab,SNP,LD,skipped,skipped,skipped,skipped,skipped,skipped,skipped,,10
5633,Lab,SNP,LD,skipped,skipped,skipped,skipped,skipped,skipped,skipped,,10
5634,Lab,SNP,LD,skipped,skipped,skipped,skipped,skipped,skipped,skipped,,10
5635,Lab,SNP,LD,skipped,skipped,skipped,skipped,skipped,skipped,skipped,,10
5636,Lab,SNP,LD,skipped,skipped,skipped,skipped,skipped,skipped,skipped,,10
5637,Lab,SNP,LD,skipped,skipped,skipped,skipped,skipped,skipped,skipped,,10
5638,Lab,SNP,LD,skipped,skipped,skipped,skipped,skipped,skipped,skipped,,10
5639,Lab,SNP,LD,skipped,skipped,skipped,skipped,skipped,skipped,skipped,,10
5640,Lab,SNP,LD,Grn,Soc,SU,Con,Sol,skipped,skipped,,10
5641,Lab,SNP,LD,Con,skipped,skipped,skipped,skipped,skipped,skipped,,10
5642,Lab,SNP,LD,Con,Grn,skipped,skipped,skipped,skipped,skipped,,10
5643,Lab,SU,skipped,skipped,skipped,skipped,skipped,skipped,skipped,skipped,,10
5644,Lab,SU,skipped,skipped,skipped,skipped,skipped,skipped,skipped,skipped,,10
5645,Lab,SU,skipped,skipped,skipped,skipped,skipped,skipped,skipped,skipped,,10
5646,Lab,SU,Con,skipped,skipped,skipped,skipped,skipped,skipped,skipped,,10
5647,Lab,SU,Con,skipped,skipped,skipped,skipped,skipped,skipped,skipped,,10
5648,Lab,SU,Con,skipped,skipped,skipped,skipped,skipped,skipped,skipped,,10
5649,Lab,SU,Con,skipped,skipped,skipped,skipped,skipped,skipped,skipped,,10
5650,Lab,SU,Con,Grn,skipped,skipped,skipped,skipped,skipped,skipped,,10
5651,Lab,SU,LD,Con,Grn,SNP,skipped,skipped,skipped,skipped,,10
5652,Lab,SU,SNP,skipped,skipped,skipped,skipped,skipped,skipped,skipped,,10
5653,Lab,SU,SNP,skipped,skipped,skipped,skipped,skipped,skipped,skipped,,10
5654,Sol,skipped,skipped,skipped,skipped,skipped,skipped,skipped,skipped,skipped,,10
5655,Sol,skipped,skipped,skipped,skipped,skipped,skipped,skipped,skipped,skipped,,10
5656,Sol,skipped,skipped,skipped,skipped,skipped,skipped,skipped,skipped,skipped,,10
5657,Sol,skipped,skipped,skipped,skipped,skipped,skipped,skipped,skipped,skipped,,10
5658,Sol,skipped,skipped,skipped,skipped,skipped,skipped,skipped,skipped,skipped,,10
5659,Sol,skipped,skipped,skipped,skipped,skipped,skipped,skipped,skipped,skipped,,10
5660,Sol,skipped,skipped,skipped,skipped,skipped,skipped,skipped,skipped,skipped,,10
5661,Sol,skipped,skipped,skipped,skipped,skipped,skipped,skipped,skipped,skipped,,10
5662,Sol,skipped,skipped,skipped,skipped,skipped,skipped,skipped,skipped,skipped,,10
5663,Sol,skipped,skipped,skipped,skipped,skipped,skipped,skipped,skipped,skipped,,10
5664,Sol,skipped,skipped,skipped,skipped,skipped,skipped,skipped,skipped,skipped,,10
5665,Sol,skipped,skipped,skipped,skipped,skipped,skipped,skipped,skipped,skipped,,10
5666,Sol,skipped,skipped,skipped,skipped,skipped,skipped,skipped,skipped,skipped,,10
5667,Sol,skipped,skipped,skipped,skipped,skipped,skipped,skipped,skipped,skipped,,10
5668,Sol,skipped,skipped,skipped,skipped,skipped,skipped,skipped,skipped,skipped,,10
5669,Sol,skipped,skipped,skipped,skipped,skipped,skipped,skipped,skipped,skipped,,10
5670,Sol,skipped,skipped,skipped,skipped,skipped,skipped,skipped,skipped,skipped,,10
5671,Sol,skipped,skipped,skipped,skipped,skipped,skipped,skipped,skipped,skipped,,10
5672,Sol,skipped,skipped,skipped,skipped,skipped,skipped,skipped,skipped,skipped,,10
5673,Sol,skipped,skipped,skipped,skipped,skipped,skipped,skipped,skipped,skipped,,10
5674,Sol,skipped,skipped,skipped,skipped,skipped,skipped,skipped,skipped,skipped,,10
5675,Sol,skipped,skipped,skipped,skipped,skipped,skipped,skipped,skipped,skipped,,10
5676,Sol,skipped,skipped,skipped,skipped,skipped,skipped,skipped,skipped,skipped,,10
5677,Sol,skipped,skipped,skipped,skipped,skipped,skipped,skipped,skipped,skipped,,10
5678,Sol,skipped,skipped,skipped,skipped,skipped,skipped,skipped,skipped,skipped,,10
5679,Sol,skipped,skipped,skipped,skipped,skipped,skipped,skipped,skipped,skipped,,10
5680,Sol,skipped,skipped,skipped,skipped,skipped,skipped,skipped,skipped,skipped,,10
5681,Sol,skipped,skipped,skipped,skipped,skipped,skipped,skipped,skipped,skipped,,10
5682,Sol,skipped,skipped,skipped,skipped,skipped,skipped,skipped,skipped,skipped,,10
5683,Sol,skipped,skipped,skipped,skipped,skipped,skipped,skipped,skipped,skipped,,10
5684,Sol,skipped,skipped,skipped,skipped,skipped,skipped,skipped,skipped,skipped,,10
5685,Sol,skipped,skipped,skipped,skipped,skipped,skipped,skipped,skipped,skipped,,10
5686,Sol,skipped,skipped,skipped,skipped,skipped,skipped,skipped,skipped,skipped,,10
5687,Sol,skipped,skipped,skipped,skipped,skipped,skipped,skipped,skipped,skipped,,10
5688,Sol,skipped,skipped,skipped,skipped,skipped,skipped,skipped,skipped,skipped,,10
5689,Sol,skipped,skipped,skipped,skipped,skipped,skipped,skipped,skipped,skipped,,10
5690,Sol,skipped,skipped,skipped,skipped,skipped,skipped,skipped,skipped,skipped,,10
5691,Sol,skipped,skipped,skipped,skipped,skipped,skipped,skipped,skipped,skipped,,10
5692,Sol,skipped,skipped,skipped,skipped,skipped,skipped,skipped,skipped,skipped,,10
5693,Sol,skipped,skipped,skipped,skipped,skipped,skipped,skipped,skipped,skipped,,10
5694,Sol,skipped,skipped,skipped,skipped,skipped,skipped,skipped,skipped,skipped,,10
5695,Sol,skipped,skipped,skipped,skipped,skipped,skipped,skipped,skipped,skipped,,10
5696,Sol,skipped,skipped,skipped,skipped,skipped,skipped,skipped,skipped,skipped,,10
5697,Sol,skipped,skipped,skipped,skipped,skipped,skipped,skipped,skipped,skipped,,10
5698,Sol,skipped,skipped,skipped,skipped,skipped,skipped,skipped,skipped,skipped,,10
5699,Sol,skipped,skipped,skipped,skipped,skipped,skipped,skipped,skipped,skipped,,10
5700,Sol,skipped,skipped,skipped,skipped,skipped,skipped,skipped,skipped,skipped,,10
5701,Sol,Lab,skipped,skipped,skipped,skipped,skipped,skipped,skipped,skipped,,10
5702,Sol,Lab,skipped,skipped,skipped,skipped,skipped,skipped,skipped,skipped,,10
5703,Sol,Lab,skipped,skipped,skipped,skipped,skipped,skipped,skipped,skipped,,10
5704,Sol,Lab,skipped,skipped,skipped,skipped,skipped,skipped,skipped,skipped,,10
5705,Sol,Lab,skipped,skipped,skipped,skipped,skipped,skipped,skipped,skipped,,10
5706,Sol,Lab,skipped,skipped,skipped,skipped,skipped,skipped,skipped,skipped,,10
5707,Sol,Lab,skipped,skipped,skipped,skipped,skipped,skipped,skipped,skipped,,10
5708,Sol,Lab,Grn,SNP,Soc,LD,Con,skipped,skipped,skipped,,10
5709,Sol,Lab,SNP,SU,LD,Soc,Grn,Con,skipped,skipped,,10
5710,Sol,Lab,Grn,Soc,SNP,skipped,skipped,skipped,skipped,skipped,,10
5711,Sol,Lab,Grn,SNP,skipped,skipped,skipped,skipped,skipped,skipped,,10
5712,Sol,Lab,Con,skipped,skipped,skipped,skipped,skipped,skipped,skipped,,10
5713,Sol,Lab,skipped,skipped,skipped,skipped,skipped,skipped,skipped,skipped,,10
5714,Sol,Lab,Grn,skipped,skipped,skipped,skipped,skipped,skipped,skipped,,10
5715,Sol,Lab,Grn,skipped,skipped,skipped,skipped,skipped,skipped,skipped,,10
5716,Sol,Lab,Soc,skipped,skipped,skipped,skipped,skipped,skipped,skipped,,10
5717,Sol,Lab,Soc,skipped,skipped,skipped,skipped,skipped,skipped,skipped,,10
5718,Sol,Lab,Grn,skipped,skipped,skipped,skipped,skipped,skipped,skipped,,10
5719,Sol,Lab,Grn,Soc,LD,skipped,skipped,skipped,skipped,skipped,,10
5720,Sol,Lab,Soc,skipped,skipped,skipped,skipped,skipped,skipped,skipped,,10
5721,Sol,Lab,Soc,skipped,skipped,skipped,skipped,skipped,skipped,skipped,,10
5722,Sol,Lab,LD,skipped,skipped,skipped,skipped,skipped,skipped,skipped,,10
5723,Sol,Lab,LD,skipped,skipped,skipped,skipped,skipped,skipped,skipped,,10
5724,Sol,Lab,SNP,Soc,Grn,LD,Con,SU,skipped,skipped,,10
5725,Sol,Lab,SNP,Soc,skipped,skipped,skipped,skipped,skipped,skipped,,10
5726,Sol,Lab,skipped,skipped,skipped,skipped,skipped,skipped,skipped,skipped,,10
5727,Sol,Lab,skipped,skipped,skipped,skipped,skipped,skipped,skipped,skipped,,10
5728,Sol,Lab,LD,Grn,skipped,skipped,skipped,skipped,skipped,skipped,,10
5729,Sol,Lab,SNP,skipped,skipped,skipped,skipped,skipped,skipped,skipped,,10
5730,Sol,Lab,SNP,skipped,skipped,skipped,skipped,skipped,skipped,skipped,,10
5731,Sol,Lab,skipped,skipped,skipped,skipped,skipped,skipped,skipped,skipped,,10
5732,Sol,Lab,Soc,skipped,skipped,skipped,skipped,skipped,skipped,skipped,,10
5733,Sol,Lab,Soc,skipped,skipped,skipped,skipped,skipped,skipped,skipped,,10
5734,Sol,Lab,SNP,skipped,skipped,skipped,skipped,skipped,skipped,skipped,,10
5735,Sol,Lab,Grn,skipped,skipped,skipped,skipped,skipped,skipped,skipped,,10
5736,Sol,Lab,Grn,skipped,skipped,skipped,skipped,skipped,skipped,skipped,,10
5737,Sol,Lab,LD,SNP,skipped,skipped,skipped,skipped,skipped,skipped,,10
5738,Sol,Lab,LD,SU,skipped,skipped,skipped,skipped,skipped,skipped,,10
5739,Sol,Lab,SNP,skipped,skipped,skipped,skipped,skipped,skipped,skipped,,10
5740,Sol,Lab,SNP,Soc,skipped,skipped,skipped,skipped,skipped,skipped,,10
5741,Sol,Lab,SNP,Soc,skipped,skipped,skipped,skipped,skipped,skipped,,10
5742,Sol,Con,Lab,Soc,skipped,skipped,skipped,skipped,skipped,skipped,,10
5743,Sol,Con,Lab,LD,Grn,Soc,skipped,skipped,skipped,skipped,,10
5744,Sol,Con,LD,SNP,SU,Lab,Soc,Grn,skipped,skipped,,10
5745,Sol,Con,SNP,Lab,skipped,skipped,skipped,skipped,skipped,skipped,,10
5746,Sol,Con,SU,skipped,skipped,skipped,skipped,skipped,skipped,skipped,,10
5747,Sol,Lab,skipped,skipped,skipped,skipped,skipped,skipped,skipped,skipped,,10
5748,Sol,Lab,skipped,skipped,skipped,skipped,skipped,skipped,skipped,skipped,,10
5749,Sol,Lab,skipped,skipped,skipped,skipped,skipped,skipped,skipped,skipped,,10
5750,Sol,Lab,skipped,skipped,skipped,skipped,skipped,skipped,skipped,skipped,,10
5751,Sol,Lab,skipped,skipped,skipped,skipped,skipped,skipped,skipped,skipped,,10
5752,Sol,Lab,SNP,skipped,skipped,skipped,skipped,skipped,skipped,skipped,,10
5753,Sol,Lab,Grn,skipped,skipped,skipped,skipped,skipped,skipped,skipped,,10
5754,Sol,Lab,Soc,SNP,SU,skipped,skipped,skipped,skipped,skipped,,10
5755,Sol,Grn,Lab,skipped,skipped,skipped,skipped,skipped,skipped,skipped,,10
5756,Sol,Grn,Lab,Soc,SNP,skipped,skipped,skipped,skipped,skipped,,10
5757,Sol,Grn,Soc,skipped,skipped,skipped,skipped,skipped,skipped,skipped,,10
5758,Sol,Grn,Soc,Con,Lab,skipped,skipped,skipped,skipped,skipped,,10
5759,Sol,Grn,SNP,skipped,skipped,skipped,skipped,skipped,skipped,skipped,,10
5760,Sol,Grn,SNP,skipped,skipped,skipped,skipped,skipped,skipped,skipped,,10
5761,Sol,Grn,SNP,Soc,skipped,skipped,skipped,skipped,skipped,skipped,,10
5762,Sol,Grn,SNP,LD,Con,Lab,SU,Soc,skipped,skipped,,10
5763,Sol,Soc,skipped,skipped,skipped,skipped,skipped,skipped,skipped,skipped,,10
5764,Sol,Soc,skipped,skipped,skipped,skipped,skipped,skipped,skipped,skipped,,10
5765,Sol,Soc,skipped,skipped,skipped,skipped,skipped,skipped,skipped,skipped,,10
5766,Sol,Soc,skipped,skipped,skipped,skipped,skipped,skipped,skipped,skipped,,10
5767,Sol,Soc,skipped,skipped,skipped,skipped,skipped,skipped,skipped,skipped,,10
5768,Sol,Soc,skipped,skipped,skipped,skipped,skipped,skipped,skipped,skipped,,10
5769,Sol,Soc,Lab,skipped,skipped,skipped,skipped,skipped,skipped,skipped,,10
5770,Sol,Soc,Lab,Grn,skipped,skipped,skipped,skipped,skipped,skipped,,10
5771,Sol,Soc,Lab,skipped,skipped,skipped,skipped,skipped,skipped,skipped,,10
5772,Sol,Soc,Lab,skipped,skipped,skipped,skipped,skipped,skipped,skipped,,10
5773,Sol,Soc,Lab,skipped,skipped,skipped,skipped,skipped,skipped,skipped,,10
5774,Sol,Soc,Lab,LD,SNP,skipped,skipped,skipped,skipped,skipped,,10
5775,Sol,Soc,Lab,SNP,Grn,LD,SU,skipped,skipped,skipped,,10
5776,Sol,Soc,Con,skipped,skipped,skipped,skipped,skipped,skipped,skipped,,10
5777,Sol,Soc,Lab,skipped,skipped,skipped,skipped,skipped,skipped,skipped,,10
5778,Sol,Soc,Lab,SNP,Grn,LD,skipped,skipped,skipped,skipped,,10
5779,Sol,Soc,Lab,SNP,skipped,skipped,skipped,skipped,skipped,skipped,,10
5780,Sol,Soc,Grn,skipped,skipped,skipped,skipped,skipped,skipped,skipped,,10
5781,Sol,Soc,Grn,skipped,skipped,skipped,skipped,skipped,skipped,skipped,,10
5782,Sol,Soc,Grn,skipped,skipped,skipped,skipped,skipped,skipped,skipped,,10
5783,Sol,Soc,Grn,skipped,skipped,skipped,skipped,skipped,skipped,skipped,,10
5784,Sol,Soc,Grn,Lab,skipped,skipped,skipped,skipped,skipped,skipped,,10
5785,Sol,Soc,Grn,Lab,skipped,skipped,skipped,skipped,skipped,skipped,,10
5786,Sol,Soc,Grn,Lab,skipped,skipped,skipped,skipped,skipped,skipped,,10
5787,Sol,Soc,Grn,Lab,skipped,skipped,skipped,skipped,skipped,skipped,,10
5788,Sol,Soc,Grn,LD,skipped,skipped,skipped,skipped,skipped,skipped,,10
5789,Sol,Soc,Grn,LD,skipped,skipped,skipped,skipped,skipped,skipped,,10
5790,Sol,Soc,Grn,LD,skipped,skipped,skipped,skipped,skipped,skipped,,10
5791,Sol,Soc,Grn,LD,skipped,skipped,skipped,skipped,skipped,skipped,,10
5792,Sol,Soc,Grn,SNP,skipped,skipped,skipped,skipped,skipped,skipped,,10
5793,Sol,Soc,LD,skipped,skipped,skipped,skipped,skipped,skipped,skipped,,10
5794,Sol,Soc,LD,skipped,skipped,skipped,skipped,skipped,skipped,skipped,,10
5795,Sol,Soc,LD,Grn,skipped,skipped,skipped,skipped,skipped,skipped,,10
5796,Sol,Soc,LD,Grn,skipped,skipped,skipped,skipped,skipped,skipped,,10
5797,Sol,Soc,SNP,skipped,skipped,skipped,skipped,skipped,skipped,skipped,,10
5798,Sol,Soc,SNP,skipped,skipped,skipped,skipped,skipped,skipped,skipped,,10
5799,Sol,Soc,SNP,skipped,skipped,skipped,skipped,skipped,skipped,skipped,,10
5800,Sol,Soc,SNP,skipped,skipped,skipped,skipped,skipped,skipped,skipped,,10
5801,Sol,Soc,SNP,skipped,skipped,skipped,skipped,skipped,skipped,skipped,,10
5802,Sol,Soc,SNP,Lab,SU,LD,Con,Grn,skipped,skipped,,10
5803,Sol,Soc,SNP,Grn,skipped,skipped,skipped,skipped,skipped,skipped,,10
5804,Sol,Soc,SNP,Grn,skipped,skipped,skipped,skipped,skipped,skipped,,10
5805,Sol,Soc,SNP,Grn,LD,skipped,skipped,skipped,skipped,skipped,,10
5806,Sol,Soc,SNP,LD,Lab,Grn,skipped,skipped,skipped,skipped,,10
5807,Sol,Soc,SNP,LD,Grn,Lab,SU,Con,skipped,skipped,,10
5808,Sol,Soc,SNP,SU,LD,Grn,skipped,skipped,skipped,skipped,,10
5809,Sol,Soc,SU,LD,skipped,skipped,skipped,skipped,skipped,skipped,,10
5810,Sol,LD,skipped,skipped,skipped,skipped,skipped,skipped,skipped,skipped,,10
5811,Sol,LD,Lab,skipped,skipped,skipped,skipped,skipped,skipped,skipped,,10
5812,Sol,LD,Lab,Grn,Soc,SNP,SU,Con,skipped,skipped,,10
5813,Sol,LD,Grn,skipped,skipped,skipped,skipped,skipped,skipped,skipped,,10
5814,Sol,LD,Grn,skipped,skipped,skipped,skipped,skipped,skipped,skipped,,10
5815,Sol,LD,Grn,SNP,Lab,skipped,skipped,skipped,skipped,skipped,,10
5816,Sol,LD,Soc,SNP,SU,Lab,Grn,Con,skipped,skipped,,10
5817,Sol,LD,SNP,Lab,Soc,Grn,SU,Con,skipped,skipped,,10
5818,Sol,LD,SU,Grn,SNP,Con,Soc,skipped,skipped,skipped,,10
5819,Sol,SNP,skipped,skipped,skipped,skipped,skipped,skipped,skipped,skipped,,10
5820,Sol,SNP,skipped,skipped,skipped,skipped,skipped,skipped,skipped,skipped,,10
5821,Sol,SNP,skipped,skipped,skipped,skipped,skipped,skipped,skipped,skipped,,10
5822,Sol,SNP,skipped,skipped,skipped,skipped,skipped,skipped,skipped,skipped,,10
5823,Sol,SNP,skipped,skipped,skipped,skipped,skipped,skipped,skipped,skipped,,10
5824,Sol,SNP,skipped,skipped,skipped,skipped,skipped,skipped,skipped,skipped,,10
5825,Sol,SNP,Lab,Grn,skipped,skipped,skipped,skipped,skipped,skipped,,10
5826,Sol,SNP,Lab,LD,Con,skipped,skipped,skipped,skipped,skipped,,10
5827,Sol,SNP,Lab,skipped,skipped,skipped,skipped,skipped,skipped,skipped,,10
5828,Sol,SNP,Lab,skipped,skipped,skipped,skipped,skipped,skipped,skipped,,10
5829,Sol,SNP,Lab,skipped,skipped,skipped,skipped,skipped,skipped,skipped,,10
5830,Sol,SNP,Lab,Grn,skipped,skipped,skipped,skipped,skipped,skipped,,10
5831,Sol,SNP,Lab,Soc,skipped,skipped,skipped,skipped,skipped,skipped,,10
5832,Sol,SNP,Lab,Soc,skipped,skipped,skipped,skipped,skipped,skipped,,10
5833,Sol,SNP,Con,Grn,skipped,skipped,skipped,skipped,skipped,skipped,,10
5834,Sol,SNP,Con,Grn,Soc,skipped,skipped,skipped,skipped,skipped,,10
5835,Sol,SNP,Lab,skipped,skipped,skipped,skipped,skipped,skipped,skipped,,10
5836,Sol,SNP,Lab,skipped,skipped,skipped,skipped,skipped,skipped,skipped,,10
5837,Sol,SNP,Lab,skipped,skipped,skipped,skipped,skipped,skipped,skipped,,10
5838,Sol,SNP,Grn,skipped,skipped,skipped,skipped,skipped,skipped,skipped,,10
5839,Sol,SNP,Grn,skipped,skipped,skipped,skipped,skipped,skipped,skipped,,10
5840,Sol,SNP,Grn,skipped,skipped,skipped,skipped,skipped,skipped,skipped,,10
5841,Sol,SNP,Grn,skipped,skipped,skipped,skipped,skipped,skipped,skipped,,10
5842,Sol,SNP,Grn,Soc,skipped,skipped,skipped,skipped,skipped,skipped,,10
5843,Sol,SNP,Grn,Soc,skipped,skipped,skipped,skipped,skipped,skipped,,10
5844,Sol,SNP,Grn,Soc,skipped,skipped,skipped,skipped,skipped,skipped,,10
5845,Sol,SNP,Grn,Soc,LD,skipped,skipped,skipped,skipped,skipped,,10
5846,Sol,SNP,Grn,LD,skipped,skipped,skipped,skipped,skipped,skipped,,10
5847,Sol,SNP,Grn,LD,Lab,skipped,skipped,skipped,skipped,skipped,,10
5848,Sol,SNP,Soc,skipped,skipped,skipped,skipped,skipped,skipped,skipped,,10
5849,Sol,SNP,Soc,skipped,skipped,skipped,skipped,skipped,skipped,skipped,,10
5850,Sol,SNP,Soc,skipped,skipped,skipped,skipped,skipped,skipped,skipped,,10
5851,Sol,SNP,Soc,skipped,skipped,skipped,skipped,skipped,skipped,skipped,,10
5852,Sol,SNP,Soc,skipped,skipped,skipped,skipped,skipped,skipped,skipped,,10
5853,Sol,SNP,Soc,skipped,skipped,skipped,skipped,skipped,skipped,skipped,,10
5854,Sol,SNP,Soc,skipped,skipped,skipped,skipped,skipped,skipped,skipped,,10
5855,Sol,SNP,Soc,skipped,skipped,skipped,skipped,skipped,skipped,skipped,,10
5856,Sol,SNP,Soc,Lab,skipped,skipped,skipped,skipped,skipped,skipped,,10
5857,Sol,SNP,Soc,Con,LD,Lab,Grn,SU,skipped,skipped,,10
5858,Sol,SNP,Soc,Grn,skipped,skipped,skipped,skipped,skipped,skipped,,10
5859,Sol,SNP,Soc,Grn,skipped,skipped,skipped,skipped,skipped,skipped,,10
5860,Sol,SNP,Soc,Grn,skipped,skipped,skipped,skipped,skipped,skipped,,10
5861,Sol,SNP,Soc,Grn,skipped,skipped,skipped,skipped,skipped,skipped,,10
5862,Sol,SNP,Soc,Grn,LD,Con,SU,Lab,skipped,skipped,,10
5863,Sol,SNP,Soc,SU,LD,skipped,skipped,skipped,skipped,skipped,,10
5864,Sol,SNP,LD,skipped,skipped,skipped,skipped,skipped,skipped,skipped,,10
5865,Sol,SNP,LD,skipped,skipped,skipped,skipped,skipped,skipped,skipped,,10
5866,Sol,SNP,LD,skipped,skipped,skipped,skipped,skipped,skipped,skipped,,10
5867,Sol,SNP,LD,skipped,skipped,skipped,skipped,skipped,skipped,skipped,,10
5868,Sol,SNP,LD,SU,Grn,Soc,Con,skipped,skipped,skipped,,10
5869,Sol,SNP,SU,skipped,skipped,skipped,skipped,skipped,skipped,skipped,,10
5870,Sol,SNP,SU,Lab,Soc,Grn,Con,LD,skipped,skipped,,10
5871,Sol,SU,skipped,skipped,skipped,skipped,skipped,skipped,skipped,skipped,,10
5872,Sol,SU,Con,LD,skipped,skipped,skipped,skipped,skipped,skipped,,10
5873,Sol,SU,Lab,skipped,skipped,skipped,skipped,skipped,skipped,skipped,,10
5874,Sol,SU,Grn,SNP,LD,Lab,skipped,skipped,skipped,skipped,,10
5875,Sol,SU,Soc,skipped,skipped,skipped,skipped,skipped,skipped,skipped,,10
5876,Sol,SU,SNP,skipped,skipped,skipped,skipped,skipped,skipped,skipped,,10
5877,Grn,skipped,skipped,skipped,skipped,skipped,skipped,skipped,skipped,skipped,,10
5878,Grn,skipped,skipped,skipped,skipped,skipped,skipped,skipped,skipped,skipped,,10
5879,Grn,skipped,skipped,skipped,skipped,skipped,skipped,skipped,skipped,skipped,,10
5880,Grn,skipped,skipped,skipped,skipped,skipped,skipped,skipped,skipped,skipped,,10
5881,Grn,skipped,skipped,skipped,skipped,skipped,skipped,skipped,skipped,skipped,,10
5882,Grn,skipped,skipped,skipped,skipped,skipped,skipped,skipped,skipped,skipped,,10
5883,Grn,skipped,skipped,skipped,skipped,skipped,skipped,skipped,skipped,skipped,,10
5884,Grn,skipped,skipped,skipped,skipped,skipped,skipped,skipped,skipped,skipped,,10
5885,Grn,skipped,skipped,skipped,skipped,skipped,skipped,skipped,skipped,skipped,,10
5886,Grn,skipped,skipped,skipped,skipped,skipped,skipped,skipped,skipped,skipped,,10
5887,Grn,skipped,skipped,skipped,skipped,skipped,skipped,skipped,skipped,skipped,,10
5888,Grn,skipped,skipped,skipped,skipped,skipped,skipped,skipped,skipped,skipped,,10
5889,Grn,skipped,skipped,skipped,skipped,skipped,skipped,skipped,skipped,skipped,,10
5890,Grn,skipped,skipped,skipped,skipped,skipped,skipped,skipped,skipped,skipped,,10
5891,Grn,skipped,skipped,skipped,skipped,skipped,skipped,skipped,skipped,skipped,,10
5892,Grn,skipped,skipped,skipped,skipped,skipped,skipped,skipped,skipped,skipped,,10
5893,Grn,skipped,skipped,skipped,skipped,skipped,skipped,skipped,skipped,skipped,,10
5894,Grn,skipped,skipped,skipped,skipped,skipped,skipped,skipped,skipped,skipped,,10
5895,Grn,skipped,skipped,skipped,skipped,skipped,skipped,skipped,skipped,skipped,,10
5896,Grn,skipped,skipped,skipped,skipped,skipped,skipped,skipped,skipped,skipped,,10
5897,Grn,skipped,skipped,skipped,skipped,skipped,skipped,skipped,skipped,skipped,,10
5898,Grn,skipped,skipped,skipped,skipped,skipped,skipped,skipped,skipped,skipped,,10
5899,Grn,skipped,skipped,skipped,skipped,skipped,skipped,skipped,skipped,skipped,,10
5900,Grn,skipped,skipped,skipped,skipped,skipped,skipped,skipped,skipped,skipped,,10
5901,Grn,skipped,skipped,skipped,skipped,skipped,skipped,skipped,skipped,skipped,,10
5902,Grn,skipped,skipped,skipped,skipped,skipped,skipped,skipped,skipped,skipped,,10
5903,Grn,skipped,skipped,skipped,skipped,skipped,skipped,skipped,skipped,skipped,,10
5904,Grn,skipped,skipped,skipped,skipped,skipped,skipped,skipped,skipped,skipped,,10
5905,Grn,skipped,skipped,skipped,skipped,skipped,skipped,skipped,skipped,skipped,,10
5906,Grn,skipped,skipped,skipped,skipped,skipped,skipped,skipped,skipped,skipped,,10
5907,Grn,skipped,skipped,skipped,skipped,skipped,skipped,skipped,skipped,skipped,,10
5908,Grn,skipped,skipped,skipped,skipped,skipped,skipped,skipped,skipped,skipped,,10
5909,Grn,skipped,skipped,skipped,skipped,skipped,skipped,skipped,skipped,skipped,,10
5910,Grn,skipped,skipped,skipped,skipped,skipped,skipped,skipped,skipped,skipped,,10
5911,Grn,skipped,skipped,skipped,skipped,skipped,skipped,skipped,skipped,skipped,,10
5912,Grn,skipped,skipped,skipped,skipped,skipped,skipped,skipped,skipped,skipped,,10
5913,Grn,skipped,skipped,skipped,skipped,skipped,skipped,skipped,skipped,skipped,,10
5914,Grn,skipped,skipped,skipped,skipped,skipped,skipped,skipped,skipped,skipped,,10
5915,Grn,skipped,skipped,skipped,skipped,skipped,skipped,skipped,skipped,skipped,,10
5916,Grn,skipped,skipped,skipped,skipped,skipped,skipped,skipped,skipped,skipped,,10
5917,Grn,skipped,skipped,skipped,skipped,skipped,skipped,skipped,skipped,skipped,,10
5918,Grn,skipped,skipped,skipped,skipped,skipped,skipped,skipped,skipped,skipped,,10
5919,Grn,skipped,skipped,skipped,skipped,skipped,skipped,skipped,skipped,skipped,,10
5920,Grn,skipped,skipped,skipped,skipped,skipped,skipped,skipped,skipped,skipped,,10
5921,Grn,skipped,skipped,skipped,skipped,skipped,skipped,skipped,skipped,skipped,,10
5922,Grn,skipped,skipped,skipped,skipped,skipped,skipped,skipped,skipped,skipped,,10
5923,Grn,Lab,skipped,skipped,skipped,skipped,skipped,skipped,skipped,skipped,,10
5924,Grn,Lab,skipped,skipped,skipped,skipped,skipped,skipped,skipped,skipped,,10
5925,Grn,Lab,skipped,skipped,skipped,skipped,skipped,skipped,skipped,skipped,,10
5926,Grn,Lab,Soc,SNP,Sol,LD,Con,SU,skipped,skipped,,10
5927,Grn,Lab,SNP,LD,Sol,Con,SU,Soc,skipped,skipped,,10
5928,Grn,Lab,SNP,skipped,skipped,skipped,skipped,skipped,skipped,skipped,,10
5929,Grn,Lab,Con,skipped,skipped,skipped,skipped,skipped,skipped,skipped,,10
5930,Grn,Lab,Con,skipped,skipped,skipped,skipped,skipped,skipped,skipped,,10
5931,Grn,Lab,SU,LD,Soc,Con,SNP,Sol,skipped,skipped,,10
5932,Grn,Lab,Soc,skipped,skipped,skipped,skipped,skipped,skipped,skipped,,10
5933,Grn,Lab,LD,SNP,skipped,skipped,skipped,skipped,skipped,skipped,,10
5934,Grn,Lab,SNP,skipped,skipped,skipped,skipped,skipped,skipped,skipped,,10
5935,Grn,Lab,SNP,skipped,skipped,skipped,skipped,skipped,skipped,skipped,,10
5936,Grn,Lab,SNP,skipped,skipped,skipped,skipped,skipped,skipped,skipped,,10
5937,Grn,Lab,SU,Soc,skipped,skipped,skipped,skipped,skipped,skipped,,10
5938,Grn,Lab,skipped,skipped,skipped,skipped,skipped,skipped,skipped,skipped,,10
5939,Grn,Lab,skipped,skipped,skipped,skipped,skipped,skipped,skipped,skipped,,10
5940,Grn,Lab,skipped,skipped,skipped,skipped,skipped,skipped,skipped,skipped,,10
5941,Grn,Lab,skipped,skipped,skipped,skipped,skipped,skipped,skipped,skipped,,10
5942,Grn,Lab,skipped,skipped,skipped,skipped,skipped,skipped,skipped,skipped,,10
5943,Grn,Lab,skipped,skipped,skipped,skipped,skipped,skipped,skipped,skipped,,10
5944,Grn,Lab,skipped,skipped,skipped,skipped,skipped,skipped,skipped,skipped,,10
5945,Grn,Lab,Con,Soc,LD,Sol,SNP,SU,skipped,skipped,,10
5946,Grn,Lab,LD,Con,skipped,skipped,skipped,skipped,skipped,skipped,,10
5947,Grn,Lab,skipped,skipped,skipped,skipped,skipped,skipped,skipped,skipped,,10
5948,Grn,Lab,skipped,skipped,skipped,skipped,skipped,skipped,skipped,skipped,,10
5949,Grn,Lab,skipped,skipped,skipped,skipped,skipped,skipped,skipped,skipped,,10
5950,Grn,Lab,LD,skipped,skipped,skipped,skipped,skipped,skipped,skipped,,10
5951,Grn,Lab,LD,skipped,skipped,skipped,skipped,skipped,skipped,skipped,,10
5952,Grn,Lab,SNP,skipped,skipped,skipped,skipped,skipped,skipped,skipped,,10
5953,Grn,Lab,SU,SNP,Soc,Sol,Con,LD,skipped,skipped,,10
5954,Grn,Lab,Sol,skipped,skipped,skipped,skipped,skipped,skipped,skipped,,10
5955,Grn,Lab,LD,skipped,skipped,skipped,skipped,skipped,skipped,skipped,,10
5956,Grn,Lab,LD,skipped,skipped,skipped,skipped,skipped,skipped,skipped,,10
5957,Grn,Lab,LD,SNP,Soc,skipped,skipped,skipped,skipped,skipped,,10
5958,Grn,Con,skipped,skipped,skipped,skipped,skipped,skipped,skipped,skipped,,10
5959,Grn,Con,Lab,skipped,skipped,skipped,skipped,skipped,skipped,skipped,,10
5960,Grn,Con,Lab,skipped,skipped,skipped,skipped,skipped,skipped,skipped,,10
5961,Grn,Con,Lab,LD,skipped,skipped,skipped,skipped,skipped,skipped,,10
5962,Grn,Con,Lab,LD,skipped,skipped,skipped,skipped,skipped,skipped,,10
5963,Grn,Con,Sol,Soc,SU,SNP,LD,Lab,skipped,skipped,,10
5964,Grn,Con,LD,Soc,Lab,Sol,SU,SNP,skipped,skipped,,10
5965,Grn,Con,LD,SNP,SU,Soc,Lab,Sol,skipped,skipped,,10
5966,Grn,Con,LD,SU,skipped,skipped,skipped,skipped,skipped,skipped,,10
5967,Grn,Con,SNP,skipped,skipped,skipped,skipped,skipped,skipped,skipped,,10
5968,Grn,Con,SU,LD,Soc,Sol,SNP,Lab,skipped,skipped,,10
5969,Grn,Lab,skipped,skipped,skipped,skipped,skipped,skipped,skipped,skipped,,10
5970,Grn,Lab,skipped,skipped,skipped,skipped,skipped,skipped,skipped,skipped,,10
5971,Grn,Lab,skipped,skipped,skipped,skipped,skipped,skipped,skipped,skipped,,10
5972,Grn,Lab,Soc,skipped,skipped,skipped,skipped,skipped,skipped,skipped,,10
5973,Grn,Lab,LD,skipped,skipped,skipped,skipped,skipped,skipped,skipped,,10
5974,Grn,Lab,Con,skipped,skipped,skipped,skipped,skipped,skipped,skipped,,10
5975,Grn,Lab,Sol,skipped,skipped,skipped,skipped,skipped,skipped,skipped,,10
5976,Grn,Lab,LD,skipped,skipped,skipped,skipped,skipped,skipped,skipped,,10
5977,Grn,Lab,LD,skipped,skipped,skipped,skipped,skipped,skipped,skipped,,10
5978,Grn,Lab,LD,skipped,skipped,skipped,skipped,skipped,skipped,skipped,,10
5979,Grn,Lab,LD,Sol,skipped,skipped,skipped,skipped,skipped,skipped,,10
5980,Grn,Lab,LD,SNP,skipped,skipped,skipped,skipped,skipped,skipped,,10
5981,Grn,Lab,SNP,skipped,skipped,skipped,skipped,skipped,skipped,skipped,,10
5982,Grn,Lab,SNP,skipped,skipped,skipped,skipped,skipped,skipped,skipped,,10
5983,Grn,Lab,SNP,LD,Soc,SU,Con,Sol,skipped,skipped,,10
5984,Grn,Lab,SNP,LD,skipped,skipped,skipped,skipped,skipped,skipped,,10
5985,Grn,Sol,skipped,skipped,skipped,skipped,skipped,skipped,skipped,skipped,,10
5986,Grn,Sol,skipped,skipped,skipped,skipped,skipped,skipped,skipped,skipped,,10
5987,Grn,Sol,skipped,skipped,skipped,skipped,skipped,skipped,skipped,skipped,,10
5988,Grn,Sol,skipped,skipped,skipped,skipped,skipped,skipped,skipped,skipped,,10
5989,Grn,Sol,skipped,skipped,skipped,skipped,skipped,skipped,skipped,skipped,,10
5990,Grn,Sol,skipped,skipped,skipped,skipped,skipped,skipped,skipped,skipped,,10
5991,Grn,Sol,Lab,skipped,skipped,skipped,skipped,skipped,skipped,skipped,,10
5992,Grn,Sol,Con,Soc,LD,Lab,SU,SNP,skipped,skipped,,10
5993,Grn,Sol,Lab,skipped,skipped,skipped,skipped,skipped,skipped,skipped,,10
5994,Grn,Sol,Lab,Soc,skipped,skipped,skipped,skipped,skipped,skipped,,10
5995,Grn,Sol,LD,skipped,skipped,skipped,skipped,skipped,skipped,skipped,,10
5996,Grn,Sol,LD,skipped,skipped,skipped,skipped,skipped,skipped,skipped,,10
5997,Grn,Sol,LD,Soc,skipped,skipped,skipped,skipped,skipped,skipped,,10
5998,Grn,Sol,LD,SNP,Soc,Lab,SU,Con,skipped,skipped,,10
5999,Grn,Sol,SNP,skipped,skipped,skipped,skipped,skipped,skipped,skipped,,10
6000,Grn,Sol,SNP,skipped,skipped,skipped,skipped,skipped,skipped,skipped,,10
6001,Grn,Sol,SNP,skipped,skipped,skipped,skipped,skipped,skipped,skipped,,10
6002,Grn,Sol,SNP,Lab,Soc,LD,SU,Con,skipped,skipped,,10
6003,Grn,Sol,SNP,Soc,LD,Lab,Con,SU,skipped,skipped,,10
6004,Grn,Sol,SNP,LD,Lab,Soc,skipped,skipped,skipped,skipped,,10
6005,Grn,Sol,SNP,LD,Soc,skipped,skipped,skipped,skipped,skipped,,10
6006,Grn,Sol,SU,skipped,skipped,skipped,skipped,skipped,skipped,skipped,,10
6007,Grn,Soc,skipped,skipped,skipped,skipped,skipped,skipped,skipped,skipped,,10
6008,Grn,Soc,skipped,skipped,skipped,skipped,skipped,skipped,skipped,skipped,,10
6009,Grn,Soc,skipped,skipped,skipped,skipped,skipped,skipped,skipped,skipped,,10
6010,Grn,Soc,Lab,Sol,skipped,skipped,skipped,skipped,skipped,skipped,,10
6011,Grn,Soc,Lab,skipped,skipped,skipped,skipped,skipped,skipped,skipped,,10
6012,Grn,Soc,Lab,LD,skipped,skipped,skipped,skipped,skipped,skipped,,10
6013,Grn,Soc,Lab,SNP,skipped,skipped,skipped,skipped,skipped,skipped,,10
6014,Grn,Soc,Lab,skipped,skipped,skipped,skipped,skipped,skipped,skipped,,10
6015,Grn,Soc,Lab,SU,Con,Sol,LD,SNP,skipped,skipped,,10
6016,Grn,Soc,Lab,Sol,skipped,skipped,skipped,skipped,skipped,skipped,,10
6017,Grn,Soc,Sol,skipped,skipped,skipped,skipped,skipped,skipped,skipped,,10
6018,Grn,Soc,Sol,skipped,skipped,skipped,skipped,skipped,skipped,skipped,,10
6019,Grn,Soc,Sol,skipped,skipped,skipped,skipped,skipped,skipped,skipped,,10
6020,Grn,Soc,Sol,skipped,skipped,skipped,skipped,skipped,skipped,skipped,,10
6021,Grn,Soc,Sol,Lab,skipped,skipped,skipped,skipped,skipped,skipped,,10
6022,Grn,Soc,Sol,Lab,skipped,skipped,skipped,skipped,skipped,skipped,,10
6023,Grn,Soc,Sol,SNP,skipped,skipped,skipped,skipped,skipped,skipped,,10
6024,Grn,Soc,Sol,SNP,skipped,skipped,skipped,skipped,skipped,skipped,,10
6025,Grn,Soc,LD,skipped,skipped,skipped,skipped,skipped,skipped,skipped,,10
6026,Grn,Soc,LD,Lab,skipped,skipped,skipped,skipped,skipped,skipped,,10
6027,Grn,Soc,LD,Sol,skipped,skipped,skipped,skipped,skipped,skipped,,10
6028,Grn,Soc,LD,Sol,skipped,skipped,skipped,skipped,skipped,skipped,,10
6029,Grn,Soc,LD,Sol,skipped,skipped,skipped,skipped,skipped,skipped,,10
6030,Grn,Soc,LD,SNP,Sol,skipped,skipped,skipped,skipped,skipped,,10
6031,Grn,Soc,SNP,skipped,skipped,skipped,skipped,skipped,skipped,skipped,,10
6032,Grn,Soc,SNP,skipped,skipped,skipped,skipped,skipped,skipped,skipped,,10
6033,Grn,Soc,SNP,SU,LD,skipped,skipped,skipped,skipped,skipped,,10
6034,Grn,LD,skipped,skipped,skipped,skipped,skipped,skipped,skipped,skipped,,10
6035,Grn,LD,skipped,skipped,skipped,skipped,skipped,skipped,skipped,skipped,,10
6036,Grn,LD,skipped,skipped,skipped,skipped,skipped,skipped,skipped,skipped,,10
6037,Grn,LD,skipped,skipped,skipped,skipped,skipped,skipped,skipped,skipped,,10
6038,Grn,LD,skipped,skipped,skipped,skipped,skipped,skipped,skipped,skipped,,10
6039,Grn,LD,skipped,skipped,skipped,skipped,skipped,skipped,skipped,skipped,,10
6040,Grn,LD,skipped,skipped,skipped,skipped,skipped,skipped,skipped,skipped,,10
6041,Grn,LD,skipped,skipped,skipped,skipped,skipped,skipped,skipped,skipped,,10
6042,Grn,LD,skipped,skipped,skipped,skipped,skipped,skipped,skipped,skipped,,10
6043,Grn,LD,skipped,skipped,skipped,skipped,skipped,skipped,skipped,skipped,,10
6044,Grn,LD,skipped,skipped,skipped,skipped,skipped,skipped,skipped,skipped,,10
6045,Grn,LD,skipped,skipped,skipped,skipped,skipped,skipped,skipped,skipped,,10
6046,Grn,LD,skipped,skipped,skipped,skipped,skipped,skipped,skipped,skipped,,10
6047,Grn,LD,skipped,skipped,skipped,skipped,skipped,skipped,skipped,skipped,,10
6048,Grn,LD,skipped,skipped,skipped,skipped,skipped,skipped,skipped,skipped,,10
6049,Grn,LD,skipped,skipped,skipped,skipped,skipped,skipped,skipped,skipped,,10
6050,Grn,LD,skipped,skipped,skipped,skipped,skipped,skipped,skipped,skipped,,10
6051,Grn,LD,skipped,skipped,skipped,skipped,skipped,skipped,skipped,skipped,,10
6052,Grn,LD,skipped,skipped,skipped,skipped,skipped,skipped,skipped,skipped,,10
6053,Grn,LD,Lab,skipped,skipped,skipped,skipped,skipped,skipped,skipped,,10
6054,Grn,LD,Lab,skipped,skipped,skipped,skipped,skipped,skipped,skipped,,10
6055,Grn,LD,Lab,SNP,Con,Soc,Sol,SU,skipped,skipped,,10
6056,Grn,LD,Lab,skipped,skipped,skipped,skipped,skipped,skipped,skipped,,10
6057,Grn,LD,Lab,skipped,skipped,skipped,skipped,skipped,skipped,skipped,,10
6058,Grn,LD,Con,skipped,skipped,skipped,skipped,skipped,skipped,skipped,,10
6059,Grn,LD,Con,Lab,SNP,Sol,SU,Soc,skipped,skipped,,10
6060,Grn,LD,Con,SNP,Soc,skipped,skipped,skipped,skipped,skipped,,10
6061,Grn,LD,Lab,skipped,skipped,skipped,skipped,skipped,skipped,skipped,,10
6062,Grn,LD,Lab,skipped,skipped,skipped,skipped,skipped,skipped,skipped,,10
6063,Grn,LD,Lab,skipped,skipped,skipped,skipped,skipped,skipped,skipped,,10
6064,Grn,LD,Lab,skipped,skipped,skipped,skipped,skipped,skipped,skipped,,10
6065,Grn,LD,Sol,skipped,skipped,skipped,skipped,skipped,skipped,skipped,,10
6066,Grn,LD,Sol,skipped,skipped,skipped,skipped,skipped,skipped,skipped,,10
6067,Grn,LD,Sol,skipped,skipped,skipped,skipped,skipped,skipped,skipped,,10
6068,Grn,LD,Sol,skipped,skipped,skipped,skipped,skipped,skipped,skipped,,10
6069,Grn,LD,Sol,skipped,skipped,skipped,skipped,skipped,skipped,skipped,,10
6070,Grn,LD,Sol,Soc,skipped,skipped,skipped,skipped,skipped,skipped,,10
6071,Grn,LD,Soc,skipped,skipped,skipped,skipped,skipped,skipped,skipped,,10
6072,Grn,LD,Soc,skipped,skipped,skipped,skipped,skipped,skipped,skipped,,10
6073,Grn,LD,Soc,skipped,skipped,skipped,skipped,skipped,skipped,skipped,,10
6074,Grn,LD,Soc,Sol,skipped,skipped,skipped,skipped,skipped,skipped,,10
6075,Grn,LD,Soc,Sol,skipped,skipped,skipped,skipped,skipped,skipped,,10
6076,Grn,LD,Soc,Sol,skipped,skipped,skipped,skipped,skipped,skipped,,10
6077,Grn,LD,Soc,SNP,Lab,skipped,skipped,skipped,skipped,skipped,,10
6078,Grn,LD,SNP,skipped,skipped,skipped,skipped,skipped,skipped,skipped,,10
6079,Grn,LD,SNP,skipped,skipped,skipped,skipped,skipped,skipped,skipped,,10
6080,Grn,LD,SNP,skipped,skipped,skipped,skipped,skipped,skipped,skipped,,10
6081,Grn,LD,SNP,skipped,skipped,skipped,skipped,skipped,skipped,skipped,,10
6082,Grn,LD,SNP,skipped,skipped,skipped,skipped,skipped,skipped,skipped,,10
6083,Grn,LD,SNP,skipped,skipped,skipped,skipped,skipped,skipped,skipped,,10
6084,Grn,LD,SNP,skipped,skipped,skipped,skipped,skipped,skipped,skipped,,10
6085,Grn,LD,SNP,skipped,skipped,skipped,skipped,skipped,skipped,skipped,,10
6086,Grn,LD,SNP,skipped,skipped,skipped,skipped,skipped,skipped,skipped,,10
6087,Grn,LD,SNP,skipped,skipped,skipped,skipped,skipped,skipped,skipped,,10
6088,Grn,LD,SNP,Lab,skipped,skipped,skipped,skipped,skipped,skipped,,10
6089,Grn,LD,SNP,Lab,skipped,skipped,skipped,skipped,skipped,skipped,,10
6090,Grn,LD,SNP,Con,Sol,skipped,skipped,skipped,skipped,skipped,,10
6091,Grn,LD,SNP,Sol,skipped,skipped,skipped,skipped,skipped,skipped,,10
6092,Grn,LD,SNP,Sol,skipped,skipped,skipped,skipped,skipped,skipped,,10
6093,Grn,LD,SNP,Sol,Lab,skipped,skipped,skipped,skipped,skipped,,10
6094,Grn,LD,SNP,Soc,Sol,skipped,skipped,skipped,skipped,skipped,,10
6095,Grn,LD,SU,skipped,skipped,skipped,skipped,skipped,skipped,skipped,,10
6096,Grn,SNP,skipped,skipped,skipped,skipped,skipped,skipped,skipped,skipped,,10
6097,Grn,SNP,skipped,skipped,skipped,skipped,skipped,skipped,skipped,skipped,,10
6098,Grn,SNP,skipped,skipped,skipped,skipped,skipped,skipped,skipped,skipped,,10
6099,Grn,SNP,skipped,skipped,skipped,skipped,skipped,skipped,skipped,skipped,,10
6100,Grn,SNP,skipped,skipped,skipped,skipped,skipped,skipped,skipped,skipped,,10
6101,Grn,SNP,skipped,skipped,skipped,skipped,skipped,skipped,skipped,skipped,,10
6102,Grn,SNP,skipped,skipped,skipped,skipped,skipped,skipped,skipped,skipped,,10
6103,Grn,SNP,skipped,skipped,skipped,skipped,skipped,skipped,skipped,skipped,,10
6104,Grn,SNP,skipped,skipped,skipped,skipped,skipped,skipped,skipped,skipped,,10
6105,Grn,SNP,skipped,skipped,skipped,skipped,skipped,skipped,skipped,skipped,,10
6106,Grn,SNP,skipped,skipped,skipped,skipped,skipped,skipped,skipped,skipped,,10
6107,Grn,SNP,skipped,skipped,skipped,skipped,skipped,skipped,skipped,skipped,,10
6108,Grn,SNP,Lab,Sol,SU,Soc,LD,Con,skipped,skipped,,10
6109,Grn,SNP,Lab,skipped,skipped,skipped,skipped,skipped,skipped,skipped,,10
6110,Grn,SNP,Lab,LD,skipped,skipped,skipped,skipped,skipped,skipped,,10
6111,Grn,SNP,Lab,skipped,skipped,skipped,skipped,skipped,skipped,skipped,,10
6112,Grn,SNP,Sol,Lab,skipped,skipped,skipped,skipped,skipped,skipped,,10
6113,Grn,SNP,Sol,Soc,LD,SU,Con,Lab,skipped,skipped,,10
6114,Grn,SNP,LD,skipped,skipped,skipped,skipped,skipped,skipped,skipped,,10
6115,Grn,SNP,LD,skipped,skipped,skipped,skipped,skipped,skipped,skipped,,10
6116,Grn,SNP,LD,skipped,skipped,skipped,skipped,skipped,skipped,skipped,,10
6117,Grn,SNP,LD,skipped,skipped,skipped,skipped,skipped,skipped,skipped,,10
6118,Grn,SNP,LD,skipped,skipped,skipped,skipped,skipped,skipped,skipped,,10
6119,Grn,SNP,LD,skipped,skipped,skipped,skipped,skipped,skipped,skipped,,10
6120,Grn,SNP,LD,skipped,skipped,skipped,skipped,skipped,skipped,skipped,,10
6121,Grn,SNP,LD,skipped,skipped,skipped,skipped,skipped,skipped,skipped,,10
6122,Grn,SNP,LD,skipped,skipped,skipped,skipped,skipped,skipped,skipped,,10
6123,Grn,SNP,LD,skipped,skipped,skipped,skipped,skipped,skipped,skipped,,10
6124,Grn,SNP,LD,skipped,skipped,skipped,skipped,skipped,skipped,skipped,,10
6125,Grn,SNP,LD,Lab,skipped,skipped,skipped,skipped,skipped,skipped,,10
6126,Grn,SNP,LD,Con,skipped,skipped,skipped,skipped,skipped,skipped,,10
6127,Grn,SNP,LD,Con,SU,Soc,Sol,Lab,skipped,skipped,,10
6128,Grn,SNP,LD,Soc,skipped,skipped,skipped,skipped,skipped,skipped,,10
6129,Grn,SNP,LD,Soc,Sol,SU,Con,skipped,skipped,skipped,,10
6130,Grn,SNP,LD,SU,skipped,skipped,skipped,skipped,skipped,skipped,,10
6131,Grn,SU,skipped,skipped,skipped,skipped,skipped,skipped,skipped,skipped,,10
6132,Grn,SU,LD,skipped,skipped,skipped,skipped,skipped,skipped,skipped,,10
6133,Grn,SU,LD,skipped,skipped,skipped,skipped,skipped,skipped,skipped,,10
6134,Grn,SU,LD,Con,skipped,skipped,skipped,skipped,skipped,skipped,,10
6135,Grn,SU,LD,Con,skipped,skipped,skipped,skipped,skipped,skipped,,10
6136,Grn,SU,SNP,Soc,skipped,skipped,skipped,skipped,skipped,skipped,,10
6137,Soc,skipped,skipped,skipped,skipped,skipped,skipped,skipped,skipped,skipped,,10
6138,Soc,skipped,skipped,skipped,skipped,skipped,skipped,skipped,skipped,skipped,,10
6139,Soc,skipped,skipped,skipped,skipped,skipped,skipped,skipped,skipped,skipped,,10
6140,Soc,skipped,skipped,skipped,skipped,skipped,skipped,skipped,skipped,skipped,,10
6141,Soc,skipped,skipped,skipped,skipped,skipped,skipped,skipped,skipped,skipped,,10
6142,Soc,skipped,skipped,skipped,skipped,skipped,skipped,skipped,skipped,skipped,,10
6143,Soc,skipped,skipped,skipped,skipped,skipped,skipped,skipped,skipped,skipped,,10
6144,Soc,skipped,skipped,skipped,skipped,skipped,skipped,skipped,skipped,skipped,,10
6145,Soc,skipped,skipped,skipped,skipped,skipped,skipped,skipped,skipped,skipped,,10
6146,Soc,skipped,skipped,skipped,skipped,skipped,skipped,skipped,skipped,skipped,,10
6147,Soc,skipped,skipped,skipped,skipped,skipped,skipped,skipped,skipped,skipped,,10
6148,Soc,skipped,skipped,skipped,skipped,skipped,skipped,skipped,skipped,skipped,,10
6149,Soc,skipped,skipped,skipped,skipped,skipped,skipped,skipped,skipped,skipped,,10
6150,Soc,skipped,skipped,skipped,skipped,skipped,skipped,skipped,skipped,skipped,,10
6151,Soc,skipped,skipped,skipped,skipped,skipped,skipped,skipped,skipped,skipped,,10
6152,Soc,skipped,skipped,skipped,skipped,skipped,skipped,skipped,skipped,skipped,,10
6153,Soc,skipped,skipped,skipped,skipped,skipped,skipped,skipped,skipped,skipped,,10
6154,Soc,skipped,skipped,skipped,skipped,skipped,skipped,skipped,skipped,skipped,,10
6155,Soc,skipped,skipped,skipped,skipped,skipped,skipped,skipped,skipped,skipped,,10
6156,Soc,skipped,skipped,skipped,skipped,skipped,skipped,skipped,skipped,skipped,,10
6157,Soc,skipped,skipped,skipped,skipped,skipped,skipped,skipped,skipped,skipped,,10
6158,Soc,skipped,skipped,skipped,skipped,skipped,skipped,skipped,skipped,skipped,,10
6159,Soc,skipped,skipped,skipped,skipped,skipped,skipped,skipped,skipped,skipped,,10
6160,Soc,skipped,skipped,skipped,skipped,skipped,skipped,skipped,skipped,skipped,,10
6161,Soc,skipped,skipped,skipped,skipped,skipped,skipped,skipped,skipped,skipped,,10
6162,Soc,Lab,skipped,skipped,skipped,skipped,skipped,skipped,skipped,skipped,,10
6163,Soc,Lab,Sol,skipped,skipped,skipped,skipped,skipped,skipped,skipped,,10
6164,Soc,Lab,Grn,SNP,SU,Sol,Con,LD,skipped,skipped,,10
6165,Soc,Lab,skipped,skipped,skipped,skipped,skipped,skipped,skipped,skipped,,10
6166,Soc,Lab,skipped,skipped,skipped,skipped,skipped,skipped,skipped,skipped,,10
6167,Soc,Lab,skipped,skipped,skipped,skipped,skipped,skipped,skipped,skipped,,10
6168,Soc,Lab,Sol,skipped,skipped,skipped,skipped,skipped,skipped,skipped,,10
6169,Soc,Lab,Sol,skipped,skipped,skipped,skipped,skipped,skipped,skipped,,10
6170,Soc,Lab,skipped,skipped,skipped,skipped,skipped,skipped,skipped,skipped,,10
6171,Soc,Lab,skipped,skipped,skipped,skipped,skipped,skipped,skipped,skipped,,10
6172,Soc,Lab,skipped,skipped,skipped,skipped,skipped,skipped,skipped,skipped,,10
6173,Soc,Lab,LD,SNP,Grn,Sol,Con,SU,skipped,skipped,,10
6174,Soc,Lab,Sol,Con,LD,SNP,Grn,SU,skipped,skipped,,10
6175,Soc,Lab,SNP,LD,Grn,skipped,skipped,skipped,skipped,skipped,,10
6176,Soc,Lab,skipped,skipped,skipped,skipped,skipped,skipped,skipped,skipped,,10
6177,Soc,Lab,LD,Grn,Sol,SU,Con,SNP,skipped,skipped,,10
6178,Soc,Lab,SNP,skipped,skipped,skipped,skipped,skipped,skipped,skipped,,10
6179,Soc,Lab,Sol,skipped,skipped,skipped,skipped,skipped,skipped,skipped,,10
6180,Soc,Lab,Sol,skipped,skipped,skipped,skipped,skipped,skipped,skipped,,10
6181,Soc,Lab,Sol,skipped,skipped,skipped,skipped,skipped,skipped,skipped,,10
6182,Soc,Lab,Grn,skipped,skipped,skipped,skipped,skipped,skipped,skipped,,10
6183,Soc,Lab,Grn,SU,SNP,LD,Con,Sol,skipped,skipped,,10
6184,Soc,Lab,SNP,skipped,skipped,skipped,skipped,skipped,skipped,skipped,,10
6185,Soc,Lab,SNP,Sol,skipped,skipped,skipped,skipped,skipped,skipped,,10
6186,Soc,Lab,skipped,skipped,skipped,skipped,skipped,skipped,skipped,skipped,,10
6187,Soc,Lab,Sol,skipped,skipped,skipped,skipped,skipped,skipped,skipped,,10
6188,Soc,Lab,Grn,SNP,LD,Con,Sol,SU,skipped,skipped,,10
6189,Soc,Lab,Grn,SU,SNP,LD,Con,Sol,skipped,skipped,,10
6190,Soc,Lab,SNP,LD,Con,Sol,Grn,SU,skipped,skipped,,10
6191,Soc,Sol,skipped,skipped,skipped,skipped,skipped,skipped,skipped,skipped,,10
6192,Soc,Sol,skipped,skipped,skipped,skipped,skipped,skipped,skipped,skipped,,10
6193,Soc,Sol,skipped,skipped,skipped,skipped,skipped,skipped,skipped,skipped,,10
6194,Soc,Sol,skipped,skipped,skipped,skipped,skipped,skipped,skipped,skipped,,10
6195,Soc,Sol,skipped,skipped,skipped,skipped,skipped,skipped,skipped,skipped,,10
6196,Soc,Sol,skipped,skipped,skipped,skipped,skipped,skipped,skipped,skipped,,10
6197,Soc,Sol,skipped,skipped,skipped,skipped,skipped,skipped,skipped,skipped,,10
6198,Soc,Sol,Lab,skipped,skipped,skipped,skipped,skipped,skipped,skipped,,10
6199,Soc,Sol,Lab,skipped,skipped,skipped,skipped,skipped,skipped,skipped,,10
6200,Soc,Sol,Lab,skipped,skipped,skipped,skipped,skipped,skipped,skipped,,10
6201,Soc,Sol,Lab,LD,skipped,skipped,skipped,skipped,skipped,skipped,,10
6202,Soc,Sol,Lab,SNP,skipped,skipped,skipped,skipped,skipped,skipped,,10
6203,Soc,Sol,Lab,SNP,LD,skipped,skipped,skipped,skipped,skipped,,10
6204,Soc,Sol,Lab,SNP,LD,Grn,skipped,skipped,skipped,skipped,,10
6205,Soc,Sol,Lab,skipped,skipped,skipped,skipped,skipped,skipped,skipped,,10
6206,Soc,Sol,Grn,skipped,skipped,skipped,skipped,skipped,skipped,skipped,,10
6207,Soc,Sol,Grn,skipped,skipped,skipped,skipped,skipped,skipped,skipped,,10
6208,Soc,Sol,Grn,Lab,skipped,skipped,skipped,skipped,skipped,skipped,,10
6209,Soc,Sol,Grn,SNP,skipped,skipped,skipped,skipped,skipped,skipped,,10
6210,Soc,Sol,Grn,SNP,skipped,skipped,skipped,skipped,skipped,skipped,,10
6211,Soc,Sol,Grn,SNP,skipped,skipped,skipped,skipped,skipped,skipped,,10
6212,Soc,Sol,LD,skipped,skipped,skipped,skipped,skipped,skipped,skipped,,10
6213,Soc,Sol,SNP,skipped,skipped,skipped,skipped,skipped,skipped,skipped,,10
6214,Soc,Sol,SNP,SU,skipped,skipped,skipped,skipped,skipped,skipped,,10
6215,Soc,Sol,SU,Grn,LD,Lab,SNP,Con,skipped,skipped,,10
6216,Soc,Sol,SU,SNP,skipped,skipped,skipped,skipped,skipped,skipped,,10
6217,Soc,Grn,skipped,skipped,skipped,skipped,skipped,skipped,skipped,skipped,,10
6218,Soc,Grn,skipped,skipped,skipped,skipped,skipped,skipped,skipped,skipped,,10
6219,Soc,Grn,skipped,skipped,skipped,skipped,skipped,skipped,skipped,skipped,,10
6220,Soc,Grn,skipped,skipped,skipped,skipped,skipped,skipped,skipped,skipped,,10
6221,Soc,Grn,skipped,skipped,skipped,skipped,skipped,skipped,skipped,skipped,,10
6222,Soc,Grn,Lab,LD,skipped,skipped,skipped,skipped,skipped,skipped,,10
6223,Soc,Grn,Lab,LD,skipped,skipped,skipped,skipped,skipped,skipped,,10
6224,Soc,Grn,Sol,skipped,skipped,skipped,skipped,skipped,skipped,skipped,,10
6225,Soc,Grn,Sol,skipped,skipped,skipped,skipped,skipped,skipped,skipped,,10
6226,Soc,Grn,Sol,skipped,skipped,skipped,skipped,skipped,skipped,skipped,,10
6227,Soc,Grn,Sol,skipped,skipped,skipped,skipped,skipped,skipped,skipped,,10
6228,Soc,Grn,Sol,LD,skipped,skipped,skipped,skipped,skipped,skipped,,10
6229,Soc,Grn,Sol,SNP,skipped,skipped,skipped,skipped,skipped,skipped,,10
6230,Soc,Grn,LD,skipped,skipped,skipped,skipped,skipped,skipped,skipped,,10
6231,Soc,Grn,LD,skipped,skipped,skipped,skipped,skipped,skipped,skipped,,10
6232,Soc,Grn,LD,Lab,SU,Con,Sol,SNP,skipped,skipped,,10
6233,Soc,Grn,SNP,skipped,skipped,skipped,skipped,skipped,skipped,skipped,,10
6234,Soc,Grn,SNP,skipped,skipped,skipped,skipped,skipped,skipped,skipped,,10
6235,Soc,Grn,SNP,skipped,skipped,skipped,skipped,skipped,skipped,skipped,,10
6236,Soc,Grn,SNP,skipped,skipped,skipped,skipped,skipped,skipped,skipped,,10
6237,Soc,Grn,SNP,skipped,skipped,skipped,skipped,skipped,skipped,skipped,,10
6238,Soc,Grn,SNP,skipped,skipped,skipped,skipped,skipped,skipped,skipped,,10
6239,Soc,Grn,SNP,SU,skipped,skipped,skipped,skipped,skipped,skipped,,10
6240,Soc,LD,Lab,skipped,skipped,skipped,skipped,skipped,skipped,skipped,,10
6241,Soc,LD,Grn,SU,SNP,Con,Sol,Lab,skipped,skipped,,10
6242,Soc,LD,SNP,Lab,skipped,skipped,skipped,skipped,skipped,skipped,,10
6243,Soc,LD,SNP,Grn,skipped,skipped,skipped,skipped,skipped,skipped,,10
6244,Soc,SNP,skipped,skipped,skipped,skipped,skipped,skipped,skipped,skipped,,10
6245,Soc,SNP,skipped,skipped,skipped,skipped,skipped,skipped,skipped,skipped,,10
6246,Soc,SNP,skipped,skipped,skipped,skipped,skipped,skipped,skipped,skipped,,10
6247,Soc,SNP,skipped,skipped,skipped,skipped,skipped,skipped,skipped,skipped,,10
6248,Soc,SNP,skipped,skipped,skipped,skipped,skipped,skipped,skipped,skipped,,10
6249,Soc,SNP,skipped,skipped,skipped,skipped,skipped,skipped,skipped,skipped,,10
6250,Soc,SNP,skipped,skipped,skipped,skipped,skipped,skipped,skipped,skipped,,10
6251,Soc,SNP,Lab,Grn,SU,LD,Con,Sol,skipped,skipped,,10
6252,Soc,SNP,Lab,Sol,Grn,skipped,skipped,skipped,skipped,skipped,,10
6253,Soc,SNP,Lab,skipped,skipped,skipped,skipped,skipped,skipped,skipped,,10
6254,Soc,SNP,Lab,skipped,skipped,skipped,skipped,skipped,skipped,skipped,,10
6255,Soc,SNP,Lab,skipped,skipped,skipped,skipped,skipped,skipped,skipped,,10
6256,Soc,SNP,Lab,skipped,skipped,skipped,skipped,skipped,skipped,skipped,,10
6257,Soc,SNP,Lab,Sol,LD,skipped,skipped,skipped,skipped,skipped,,10
6258,Soc,SNP,Lab,Sol,skipped,skipped,skipped,skipped,skipped,skipped,,10
6259,Soc,SNP,Lab,LD,skipped,skipped,skipped,skipped,skipped,skipped,,10
6260,Soc,SNP,Sol,skipped,skipped,skipped,skipped,skipped,skipped,skipped,,10
6261,Soc,SNP,Sol,skipped,skipped,skipped,skipped,skipped,skipped,skipped,,10
6262,Soc,SNP,Sol,skipped,skipped,skipped,skipped,skipped,skipped,skipped,,10
6263,Soc,SNP,Sol,skipped,skipped,skipped,skipped,skipped,skipped,skipped,,10
6264,Soc,SNP,Sol,skipped,skipped,skipped,skipped,skipped,skipped,skipped,,10
6265,Soc,SNP,Sol,Lab,skipped,skipped,skipped,skipped,skipped,skipped,,10
6266,Soc,SNP,Sol,Lab,skipped,skipped,skipped,skipped,skipped,skipped,,10
6267,Soc,SNP,Sol,Grn,skipped,skipped,skipped,skipped,skipped,skipped,,10
6268,Soc,SNP,Sol,LD,Grn,SU,Lab,Con,skipped,skipped,,10
6269,Soc,SNP,Sol,SU,LD,Grn,Lab,Con,skipped,skipped,,10
6270,Soc,SNP,Grn,skipped,skipped,skipped,skipped,skipped,skipped,skipped,,10
6271,Soc,SNP,Grn,skipped,skipped,skipped,skipped,skipped,skipped,skipped,,10
6272,Soc,SNP,Grn,Lab,skipped,skipped,skipped,skipped,skipped,skipped,,10
6273,Soc,SNP,Grn,Lab,skipped,skipped,skipped,skipped,skipped,skipped,,10
6274,Soc,SNP,Grn,Sol,skipped,skipped,skipped,skipped,skipped,skipped,,10
6275,Soc,SNP,Grn,SU,skipped,skipped,skipped,skipped,skipped,skipped,,10
6276,Soc,SNP,Grn,SU,LD,Con,skipped,skipped,skipped,skipped,,10
6277,Soc,SNP,LD,skipped,skipped,skipped,skipped,skipped,skipped,skipped,,10
6278,Soc,SNP,LD,skipped,skipped,skipped,skipped,skipped,skipped,skipped,,10
6279,Soc,SNP,LD,Sol,SU,Grn,Lab,Con,skipped,skipped,,10
6280,Soc,SNP,LD,Grn,skipped,skipped,skipped,skipped,skipped,skipped,,10
6281,Soc,SU,Con,skipped,skipped,skipped,skipped,skipped,skipped,skipped,,10
6282,Soc,SU,LD,Con,Grn,SNP,Lab,Sol,skipped,skipped,,10
6283,Soc,SU,LD,Grn,skipped,skipped,skipped,skipped,skipped,skipped,,10
6284,Soc,SU,SNP,skipped,skipped,skipped,skipped,skipped,skipped,skipped,,10
6285,LD,skipped,skipped,skipped,skipped,skipped,skipped,skipped,skipped,skipped,,10
6286,LD,skipped,skipped,skipped,skipped,skipped,skipped,skipped,skipped,skipped,,10
6287,LD,skipped,skipped,skipped,skipped,skipped,skipped,skipped,skipped,skipped,,10
6288,LD,skipped,skipped,skipped,skipped,skipped,skipped,skipped,skipped,skipped,,10
6289,LD,skipped,skipped,skipped,skipped,skipped,skipped,skipped,skipped,skipped,,10
6290,LD,skipped,skipped,skipped,skipped,skipped,skipped,skipped,skipped,skipped,,10
6291,LD,skipped,skipped,skipped,skipped,skipped,skipped,skipped,skipped,skipped,,10
6292,LD,skipped,skipped,skipped,skipped,skipped,skipped,skipped,skipped,skipped,,10
6293,LD,skipped,skipped,skipped,skipped,skipped,skipped,skipped,skipped,skipped,,10
6294,LD,skipped,skipped,skipped,skipped,skipped,skipped,skipped,skipped,skipped,,10
6295,LD,skipped,skipped,skipped,skipped,skipped,skipped,skipped,skipped,skipped,,10
6296,LD,skipped,skipped,skipped,skipped,skipped,skipped,skipped,skipped,skipped,,10
6297,LD,skipped,skipped,skipped,skipped,skipped,skipped,skipped,skipped,skipped,,10
6298,LD,skipped,skipped,skipped,skipped,skipped,skipped,skipped,skipped,skipped,,10
6299,LD,skipped,skipped,skipped,skipped,skipped,skipped,skipped,skipped,skipped,,10
6300,LD,skipped,skipped,skipped,skipped,skipped,skipped,skipped,skipped,skipped,,10
6301,LD,skipped,skipped,skipped,skipped,skipped,skipped,skipped,skipped,skipped,,10
6302,LD,skipped,skipped,skipped,skipped,skipped,skipped,skipped,skipped,skipped,,10
6303,LD,skipped,skipped,skipped,skipped,skipped,skipped,skipped,skipped,skipped,,10
6304,LD,skipped,skipped,skipped,skipped,skipped,skipped,skipped,skipped,skipped,,10
6305,LD,skipped,skipped,skipped,skipped,skipped,skipped,skipped,skipped,skipped,,10
6306,LD,skipped,skipped,skipped,skipped,skipped,skipped,skipped,skipped,skipped,,10
6307,LD,skipped,skipped,skipped,skipped,skipped,skipped,skipped,skipped,skipped,,10
6308,LD,skipped,skipped,skipped,skipped,skipped,skipped,skipped,skipped,skipped,,10
6309,LD,skipped,skipped,skipped,skipped,skipped,skipped,skipped,skipped,skipped,,10
6310,LD,skipped,skipped,skipped,skipped,skipped,skipped,skipped,skipped,skipped,,10
6311,LD,skipped,skipped,skipped,skipped,skipped,skipped,skipped,skipped,skipped,,10
6312,LD,skipped,skipped,skipped,skipped,skipped,skipped,skipped,skipped,skipped,,10
6313,LD,skipped,skipped,skipped,skipped,skipped,skipped,skipped,skipped,skipped,,10
6314,LD,skipped,skipped,skipped,skipped,skipped,skipped,skipped,skipped,skipped,,10
6315,LD,skipped,skipped,skipped,skipped,skipped,skipped,skipped,skipped,skipped,,10
6316,LD,skipped,skipped,skipped,skipped,skipped,skipped,skipped,skipped,skipped,,10
6317,LD,skipped,skipped,skipped,skipped,skipped,skipped,skipped,skipped,skipped,,10
6318,LD,skipped,skipped,skipped,skipped,skipped,skipped,skipped,skipped,skipped,,10
6319,LD,skipped,skipped,skipped,skipped,skipped,skipped,skipped,skipped,skipped,,10
6320,LD,skipped,skipped,skipped,skipped,skipped,skipped,skipped,skipped,skipped,,10
6321,LD,skipped,skipped,skipped,skipped,skipped,skipped,skipped,skipped,skipped,,10
6322,LD,skipped,skipped,skipped,skipped,skipped,skipped,skipped,skipped,skipped,,10
6323,LD,skipped,skipped,skipped,skipped,skipped,skipped,skipped,skipped,skipped,,10
6324,LD,skipped,skipped,skipped,skipped,skipped,skipped,skipped,skipped,skipped,,10
6325,LD,skipped,skipped,skipped,skipped,skipped,skipped,skipped,skipped,skipped,,10
6326,LD,skipped,skipped,skipped,skipped,skipped,skipped,skipped,skipped,skipped,,10
6327,LD,skipped,skipped,skipped,skipped,skipped,skipped,skipped,skipped,skipped,,10
6328,LD,skipped,skipped,skipped,skipped,skipped,skipped,skipped,skipped,skipped,,10
6329,LD,skipped,skipped,skipped,skipped,skipped,skipped,skipped,skipped,skipped,,10
6330,LD,skipped,skipped,skipped,skipped,skipped,skipped,skipped,skipped,skipped,,10
6331,LD,skipped,skipped,skipped,skipped,skipped,skipped,skipped,skipped,skipped,,10
6332,LD,skipped,skipped,skipped,skipped,skipped,skipped,skipped,skipped,skipped,,10
6333,LD,skipped,skipped,skipped,skipped,skipped,skipped,skipped,skipped,skipped,,10
6334,LD,skipped,skipped,skipped,skipped,skipped,skipped,skipped,skipped,skipped,,10
6335,LD,skipped,skipped,skipped,skipped,skipped,skipped,skipped,skipped,skipped,,10
6336,LD,skipped,skipped,skipped,skipped,skipped,skipped,skipped,skipped,skipped,,10
6337,LD,skipped,skipped,skipped,skipped,skipped,skipped,skipped,skipped,skipped,,10
6338,LD,skipped,skipped,skipped,skipped,skipped,skipped,skipped,skipped,skipped,,10
6339,LD,skipped,skipped,skipped,skipped,skipped,skipped,skipped,skipped,skipped,,10
6340,LD,skipped,skipped,skipped,skipped,skipped,skipped,skipped,skipped,skipped,,10
6341,LD,skipped,skipped,skipped,skipped,skipped,skipped,skipped,skipped,skipped,,10
6342,LD,skipped,skipped,skipped,skipped,skipped,skipped,skipped,skipped,skipped,,10
6343,LD,skipped,skipped,skipped,skipped,skipped,skipped,skipped,skipped,skipped,,10
6344,LD,skipped,skipped,skipped,skipped,skipped,skipped,skipped,skipped,skipped,,10
6345,LD,skipped,skipped,skipped,skipped,skipped,skipped,skipped,skipped,skipped,,10
6346,LD,skipped,skipped,skipped,skipped,skipped,skipped,skipped,skipped,skipped,,10
6347,LD,skipped,skipped,skipped,skipped,skipped,skipped,skipped,skipped,skipped,,10
6348,LD,skipped,skipped,skipped,skipped,skipped,skipped,skipped,skipped,skipped,,10
6349,LD,skipped,skipped,skipped,skipped,skipped,skipped,skipped,skipped,skipped,,10
6350,LD,skipped,skipped,skipped,skipped,skipped,skipped,skipped,skipped,skipped,,10
6351,LD,skipped,skipped,skipped,skipped,skipped,skipped,skipped,skipped,skipped,,10
6352,LD,skipped,skipped,skipped,skipped,skipped,skipped,skipped,skipped,skipped,,10
6353,LD,skipped,skipped,skipped,skipped,skipped,skipped,skipped,skipped,skipped,,10
6354,LD,skipped,skipped,skipped,skipped,skipped,skipped,skipped,skipped,skipped,,10
6355,LD,skipped,skipped,skipped,skipped,skipped,skipped,skipped,skipped,skipped,,10
6356,LD,skipped,skipped,skipped,skipped,skipped,skipped,skipped,skipped,skipped,,10
6357,LD,skipped,skipped,skipped,skipped,skipped,skipped,skipped,skipped,skipped,,10
6358,LD,skipped,skipped,skipped,skipped,skipped,skipped,skipped,skipped,skipped,,10
6359,LD,skipped,skipped,skipped,skipped,skipped,skipped,skipped,skipped,skipped,,10
6360,LD,skipped,skipped,skipped,skipped,skipped,skipped,skipped,skipped,skipped,,10
6361,LD,skipped,skipped,skipped,skipped,skipped,skipped,skipped,skipped,skipped,,10
6362,LD,skipped,skipped,skipped,skipped,skipped,skipped,skipped,skipped,skipped,,10
6363,LD,skipped,skipped,skipped,skipped,skipped,skipped,skipped,skipped,skipped,,10
6364,LD,Lab,skipped,skipped,skipped,skipped,skipped,skipped,skipped,skipped,,10
6365,LD,Lab,skipped,skipped,skipped,skipped,skipped,skipped,skipped,skipped,,10
6366,LD,Lab,skipped,skipped,skipped,skipped,skipped,skipped,skipped,skipped,,10
6367,LD,Lab,skipped,skipped,skipped,skipped,skipped,skipped,skipped,skipped,,10
6368,LD,Lab,skipped,skipped,skipped,skipped,skipped,skipped,skipped,skipped,,10
6369,LD,Lab,skipped,skipped,skipped,skipped,skipped,skipped,skipped,skipped,,10
6370,LD,Lab,skipped,skipped,skipped,skipped,skipped,skipped,skipped,skipped,,10
6371,LD,Lab,skipped,skipped,skipped,skipped,skipped,skipped,skipped,skipped,,10
6372,LD,Lab,skipped,skipped,skipped,skipped,skipped,skipped,skipped,skipped,,10
6373,LD,Lab,skipped,skipped,skipped,skipped,skipped,skipped,skipped,skipped,,10
6374,LD,Lab,skipped,skipped,skipped,skipped,skipped,skipped,skipped,skipped,,10
6375,LD,Lab,skipped,skipped,skipped,skipped,skipped,skipped,skipped,skipped,,10
6376,LD,Lab,skipped,skipped,skipped,skipped,skipped,skipped,skipped,skipped,,10
6377,LD,Lab,Con,skipped,skipped,skipped,skipped,skipped,skipped,skipped,,10
6378,LD,Lab,Grn,Soc,SU,skipped,skipped,skipped,skipped,skipped,,10
6379,LD,Lab,Con,skipped,skipped,skipped,skipped,skipped,skipped,skipped,,10
6380,LD,Lab,Con,skipped,skipped,skipped,skipped,skipped,skipped,skipped,,10
6381,LD,Lab,Con,Grn,SNP,Sol,Soc,SU,skipped,skipped,,10
6382,LD,Lab,Con,SNP,skipped,skipped,skipped,skipped,skipped,skipped,,10
6383,LD,Lab,Con,skipped,skipped,skipped,skipped,skipped,skipped,skipped,,10
6384,LD,Lab,Grn,skipped,skipped,skipped,skipped,skipped,skipped,skipped,,10
6385,LD,Lab,Soc,skipped,skipped,skipped,skipped,skipped,skipped,skipped,,10
6386,LD,Lab,Sol,skipped,skipped,skipped,skipped,skipped,skipped,skipped,,10
6387,LD,Lab,Grn,skipped,skipped,skipped,skipped,skipped,skipped,skipped,,10
6388,LD,Lab,Grn,Con,SU,SNP,Soc,Sol,skipped,skipped,,10
6389,LD,Lab,SNP,skipped,skipped,skipped,skipped,skipped,skipped,skipped,,10
6390,LD,Lab,SNP,Grn,Soc,Con,SU,Sol,skipped,skipped,,10
6391,LD,Lab,SU,skipped,skipped,skipped,skipped,skipped,skipped,skipped,,10
6392,LD,Lab,SU,skipped,skipped,skipped,skipped,skipped,skipped,skipped,,10
6393,LD,Lab,skipped,skipped,skipped,skipped,skipped,skipped,skipped,skipped,,10
6394,LD,Lab,skipped,skipped,skipped,skipped,skipped,skipped,skipped,skipped,,10
6395,LD,Lab,skipped,skipped,skipped,skipped,skipped,skipped,skipped,skipped,,10
6396,LD,Lab,Soc,SNP,SU,Grn,Con,Sol,skipped,skipped,,10
6397,LD,Lab,Grn,skipped,skipped,skipped,skipped,skipped,skipped,skipped,,10
6398,LD,Lab,Grn,skipped,skipped,skipped,skipped,skipped,skipped,skipped,,10
6399,LD,Lab,skipped,skipped,skipped,skipped,skipped,skipped,skipped,skipped,,10
6400,LD,Lab,skipped,skipped,skipped,skipped,skipped,skipped,skipped,skipped,,10
6401,LD,Lab,skipped,skipped,skipped,skipped,skipped,skipped,skipped,skipped,,10
6402,LD,Lab,skipped,skipped,skipped,skipped,skipped,skipped,skipped,skipped,,10
6403,LD,Lab,skipped,skipped,skipped,skipped,skipped,skipped,skipped,skipped,,10
6404,LD,Lab,Grn,skipped,skipped,skipped,skipped,skipped,skipped,skipped,,10
6405,LD,Lab,Grn,SNP,skipped,skipped,skipped,skipped,skipped,skipped,,10
6406,LD,Lab,Con,Grn,SNP,Soc,SU,Sol,skipped,skipped,,10
6407,LD,Lab,Sol,skipped,skipped,skipped,skipped,skipped,skipped,skipped,,10
6408,LD,Lab,Sol,SU,skipped,skipped,skipped,skipped,skipped,skipped,,10
6409,LD,Lab,Grn,skipped,skipped,skipped,skipped,skipped,skipped,skipped,,10
6410,LD,Lab,Grn,skipped,skipped,skipped,skipped,skipped,skipped,skipped,,10
6411,LD,Lab,Grn,Con,Soc,skipped,skipped,skipped,skipped,skipped,,10
6412,LD,Lab,Grn,skipped,skipped,skipped,skipped,skipped,skipped,skipped,,10
6413,LD,Lab,Grn,Soc,SNP,Con,Sol,skipped,skipped,skipped,,10
6414,LD,Lab,Grn,SNP,skipped,skipped,skipped,skipped,skipped,skipped,,10
6415,LD,Lab,Soc,skipped,skipped,skipped,skipped,skipped,skipped,skipped,,10
6416,LD,Lab,Soc,skipped,skipped,skipped,skipped,skipped,skipped,skipped,,10
6417,LD,Lab,Soc,skipped,skipped,skipped,skipped,skipped,skipped,skipped,,10
6418,LD,Lab,SNP,skipped,skipped,skipped,skipped,skipped,skipped,skipped,,10
6419,LD,Lab,SNP,Sol,Soc,Grn,Con,SU,skipped,skipped,,10
6420,LD,Lab,SU,skipped,skipped,skipped,skipped,skipped,skipped,skipped,,10
6421,LD,Lab,SU,skipped,skipped,skipped,skipped,skipped,skipped,skipped,,10
6422,LD,Con,skipped,skipped,skipped,skipped,skipped,skipped,skipped,skipped,,10
6423,LD,Con,skipped,skipped,skipped,skipped,skipped,skipped,skipped,skipped,,10
6424,LD,Con,skipped,skipped,skipped,skipped,skipped,skipped,skipped,skipped,,10
6425,LD,Con,skipped,skipped,skipped,skipped,skipped,skipped,skipped,skipped,,10
6426,LD,Con,skipped,skipped,skipped,skipped,skipped,skipped,skipped,skipped,,10
6427,LD,Con,skipped,skipped,skipped,skipped,skipped,skipped,skipped,skipped,,10
6428,LD,Con,skipped,skipped,skipped,skipped,skipped,skipped,skipped,skipped,,10
6429,LD,Con,skipped,skipped,skipped,skipped,skipped,skipped,skipped,skipped,,10
6430,LD,Con,skipped,skipped,skipped,skipped,skipped,skipped,skipped,skipped,,10
6431,LD,Con,skipped,skipped,skipped,skipped,skipped,skipped,skipped,skipped,,10
6432,LD,Con,skipped,skipped,skipped,skipped,skipped,skipped,skipped,skipped,,10
6433,LD,Con,skipped,skipped,skipped,skipped,skipped,skipped,skipped,skipped,,10
6434,LD,Con,skipped,skipped,skipped,skipped,skipped,skipped,skipped,skipped,,10
6435,LD,Con,Lab,skipped,skipped,skipped,skipped,skipped,skipped,skipped,,10
6436,LD,Con,Lab,skipped,skipped,skipped,skipped,skipped,skipped,skipped,,10
6437,LD,Con,Lab,skipped,skipped,skipped,skipped,skipped,skipped,skipped,,10
6438,LD,Con,Lab,Grn,skipped,skipped,skipped,skipped,skipped,skipped,,10
6439,LD,Con,Lab,skipped,skipped,skipped,skipped,skipped,skipped,skipped,,10
6440,LD,Con,Lab,SNP,Sol,Grn,Soc,SU,skipped,skipped,,10
6441,LD,Con,Lab,SNP,Grn,Soc,Sol,SU,skipped,skipped,,10
6442,LD,Con,Lab,skipped,skipped,skipped,skipped,skipped,skipped,skipped,,10
6443,LD,Con,Lab,Grn,Soc,SU,skipped,skipped,skipped,skipped,,10
6444,LD,Con,Lab,Grn,skipped,skipped,skipped,skipped,skipped,skipped,,10
6445,LD,Con,Lab,SU,SNP,Soc,Grn,Sol,skipped,skipped,,10
6446,LD,Con,Lab,Soc,Grn,SU,SNP,Sol,skipped,skipped,,10
6447,LD,Con,Lab,Soc,Grn,SU,SNP,Sol,skipped,skipped,,10
6448,LD,Con,Lab,SNP,skipped,skipped,skipped,skipped,skipped,skipped,,10
6449,LD,Con,Grn,skipped,skipped,skipped,skipped,skipped,skipped,skipped,,10
6450,LD,Con,Grn,skipped,skipped,skipped,skipped,skipped,skipped,skipped,,10
6451,LD,Con,Grn,skipped,skipped,skipped,skipped,skipped,skipped,skipped,,10
6452,LD,Con,Grn,skipped,skipped,skipped,skipped,skipped,skipped,skipped,,10
6453,LD,Con,Grn,skipped,skipped,skipped,skipped,skipped,skipped,skipped,,10
6454,LD,Con,Grn,skipped,skipped,skipped,skipped,skipped,skipped,skipped,,10
6455,LD,Con,Grn,Lab,SNP,skipped,skipped,skipped,skipped,skipped,,10
6456,LD,Con,Grn,Lab,SU,SNP,Soc,Sol,skipped,skipped,,10
6457,LD,Con,Grn,Soc,skipped,skipped,skipped,skipped,skipped,skipped,,10
6458,LD,Con,Grn,SNP,Sol,Soc,skipped,skipped,skipped,skipped,,10
6459,LD,Con,Grn,SU,Soc,skipped,skipped,skipped,skipped,skipped,,10
6460,LD,Con,Soc,skipped,skipped,skipped,skipped,skipped,skipped,skipped,,10
6461,LD,Con,Soc,Lab,skipped,skipped,skipped,skipped,skipped,skipped,,10
6462,LD,Con,SNP,skipped,skipped,skipped,skipped,skipped,skipped,skipped,,10
6463,LD,Con,SNP,Lab,Grn,skipped,skipped,skipped,skipped,skipped,,10
6464,LD,Con,SNP,Lab,Grn,Soc,Sol,SU,skipped,skipped,,10
6465,LD,Con,SNP,Grn,skipped,skipped,skipped,skipped,skipped,skipped,,10
6466,LD,Con,SU,skipped,skipped,skipped,skipped,skipped,skipped,skipped,,10
6467,LD,Con,SU,Grn,skipped,skipped,skipped,skipped,skipped,skipped,,10
6468,LD,Con,SU,Grn,skipped,skipped,skipped,skipped,skipped,skipped,,10
6469,LD,Lab,skipped,skipped,skipped,skipped,skipped,skipped,skipped,skipped,,10
6470,LD,Lab,skipped,skipped,skipped,skipped,skipped,skipped,skipped,skipped,,10
6471,LD,Lab,skipped,skipped,skipped,skipped,skipped,skipped,skipped,skipped,,10
6472,LD,Lab,skipped,skipped,skipped,skipped,skipped,skipped,skipped,skipped,,10
6473,LD,Lab,skipped,skipped,skipped,skipped,skipped,skipped,skipped,skipped,,10
6474,LD,Lab,skipped,skipped,skipped,skipped,skipped,skipped,skipped,skipped,,10
6475,LD,Lab,skipped,skipped,skipped,skipped,skipped,skipped,skipped,skipped,,10
6476,LD,Lab,skipped,skipped,skipped,skipped,skipped,skipped,skipped,skipped,,10
6477,LD,Lab,Con,skipped,skipped,skipped,skipped,skipped,skipped,skipped,,10
6478,LD,Lab,Grn,Con,skipped,skipped,skipped,skipped,skipped,skipped,,10
6479,LD,Lab,skipped,skipped,skipped,skipped,skipped,skipped,skipped,skipped,,10
6480,LD,Lab,skipped,skipped,skipped,skipped,skipped,skipped,skipped,skipped,,10
6481,LD,Lab,skipped,skipped,skipped,skipped,skipped,skipped,skipped,skipped,,10
6482,LD,Lab,skipped,skipped,skipped,skipped,skipped,skipped,skipped,skipped,,10
6483,LD,Lab,SNP,Con,skipped,skipped,skipped,skipped,skipped,skipped,,10
6484,LD,Lab,SNP,Grn,Con,Soc,SU,Sol,skipped,skipped,,10
6485,LD,Lab,SNP,Grn,Con,Soc,SU,Sol,skipped,skipped,,10
6486,LD,Lab,SU,skipped,skipped,skipped,skipped,skipped,skipped,skipped,,10
6487,LD,Lab,Grn,skipped,skipped,skipped,skipped,skipped,skipped,skipped,,10
6488,LD,Lab,Grn,skipped,skipped,skipped,skipped,skipped,skipped,skipped,,10
6489,LD,Lab,Grn,skipped,skipped,skipped,skipped,skipped,skipped,skipped,,10
6490,LD,Lab,Grn,skipped,skipped,skipped,skipped,skipped,skipped,skipped,,10
6491,LD,Lab,Grn,skipped,skipped,skipped,skipped,skipped,skipped,skipped,,10
6492,LD,Lab,Grn,skipped,skipped,skipped,skipped,skipped,skipped,skipped,,10
6493,LD,Lab,Grn,Sol,skipped,skipped,skipped,skipped,skipped,skipped,,10
6494,LD,Lab,SNP,skipped,skipped,skipped,skipped,skipped,skipped,skipped,,10
6495,LD,Lab,SNP,Con,Grn,SU,Sol,Soc,skipped,skipped,,10
6496,LD,Lab,SNP,Sol,skipped,skipped,skipped,skipped,skipped,skipped,,10
6497,LD,Sol,skipped,skipped,skipped,skipped,skipped,skipped,skipped,skipped,,10
6498,LD,Sol,Lab,SNP,skipped,skipped,skipped,skipped,skipped,skipped,,10
6499,LD,Sol,Grn,skipped,skipped,skipped,skipped,skipped,skipped,skipped,,10
6500,LD,Sol,Grn,skipped,skipped,skipped,skipped,skipped,skipped,skipped,,10
6501,LD,Sol,Grn,Soc,skipped,skipped,skipped,skipped,skipped,skipped,,10
6502,LD,Sol,SNP,Lab,skipped,skipped,skipped,skipped,skipped,skipped,,10
6503,LD,Sol,SNP,Grn,Con,Soc,skipped,skipped,skipped,skipped,,10
6504,LD,Grn,skipped,skipped,skipped,skipped,skipped,skipped,skipped,skipped,,10
6505,LD,Grn,skipped,skipped,skipped,skipped,skipped,skipped,skipped,skipped,,10
6506,LD,Grn,skipped,skipped,skipped,skipped,skipped,skipped,skipped,skipped,,10
6507,LD,Grn,skipped,skipped,skipped,skipped,skipped,skipped,skipped,skipped,,10
6508,LD,Grn,skipped,skipped,skipped,skipped,skipped,skipped,skipped,skipped,,10
6509,LD,Grn,skipped,skipped,skipped,skipped,skipped,skipped,skipped,skipped,,10
6510,LD,Grn,skipped,skipped,skipped,skipped,skipped,skipped,skipped,skipped,,10
6511,LD,Grn,skipped,skipped,skipped,skipped,skipped,skipped,skipped,skipped,,10
6512,LD,Grn,skipped,skipped,skipped,skipped,skipped,skipped,skipped,skipped,,10
6513,LD,Grn,skipped,skipped,skipped,skipped,skipped,skipped,skipped,skipped,,10
6514,LD,Grn,skipped,skipped,skipped,skipped,skipped,skipped,skipped,skipped,,10
6515,LD,Grn,skipped,skipped,skipped,skipped,skipped,skipped,skipped,skipped,,10
6516,LD,Grn,skipped,skipped,skipped,skipped,skipped,skipped,skipped,skipped,,10
6517,LD,Grn,skipped,skipped,skipped,skipped,skipped,skipped,skipped,skipped,,10
6518,LD,Grn,skipped,skipped,skipped,skipped,skipped,skipped,skipped,skipped,,10
6519,LD,Grn,skipped,skipped,skipped,skipped,skipped,skipped,skipped,skipped,,10
6520,LD,Grn,skipped,skipped,skipped,skipped,skipped,skipped,skipped,skipped,,10
6521,LD,Grn,skipped,skipped,skipped,skipped,skipped,skipped,skipped,skipped,,10
6522,LD,Grn,skipped,skipped,skipped,skipped,skipped,skipped,skipped,skipped,,10
6523,LD,Grn,Lab,skipped,skipped,skipped,skipped,skipped,skipped,skipped,,10
6524,LD,Grn,Lab,skipped,skipped,skipped,skipped,skipped,skipped,skipped,,10
6525,LD,Grn,Lab,skipped,skipped,skipped,skipped,skipped,skipped,skipped,,10
6526,LD,Grn,Lab,skipped,skipped,skipped,skipped,skipped,skipped,skipped,,10
6527,LD,Grn,Lab,skipped,skipped,skipped,skipped,skipped,skipped,skipped,,10
6528,LD,Grn,Lab,skipped,skipped,skipped,skipped,skipped,skipped,skipped,,10
6529,LD,Grn,Lab,Sol,SNP,Con,Soc,SU,skipped,skipped,,10
6530,LD,Grn,Lab,Sol,SNP,skipped,skipped,skipped,skipped,skipped,,10
6531,LD,Grn,Con,skipped,skipped,skipped,skipped,skipped,skipped,skipped,,10
6532,LD,Grn,Con,skipped,skipped,skipped,skipped,skipped,skipped,skipped,,10
6533,LD,Grn,Con,skipped,skipped,skipped,skipped,skipped,skipped,skipped,,10
6534,LD,Grn,Con,skipped,skipped,skipped,skipped,skipped,skipped,skipped,,10
6535,LD,Grn,Con,Soc,SU,Lab,SNP,Sol,skipped,skipped,,10
6536,LD,Grn,Lab,skipped,skipped,skipped,skipped,skipped,skipped,skipped,,10
6537,LD,Grn,Lab,skipped,skipped,skipped,skipped,skipped,skipped,skipped,,10
6538,LD,Grn,Lab,skipped,skipped,skipped,skipped,skipped,skipped,skipped,,10
6539,LD,Grn,Lab,skipped,skipped,skipped,skipped,skipped,skipped,skipped,,10
6540,LD,Grn,Lab,Soc,skipped,skipped,skipped,skipped,skipped,skipped,,10
6541,LD,Grn,Lab,SNP,skipped,skipped,skipped,skipped,skipped,skipped,,10
6542,LD,Grn,Sol,skipped,skipped,skipped,skipped,skipped,skipped,skipped,,10
6543,LD,Grn,Sol,skipped,skipped,skipped,skipped,skipped,skipped,skipped,,10
6544,LD,Grn,Sol,Lab,skipped,skipped,skipped,skipped,skipped,skipped,,10
6545,LD,Grn,Sol,SNP,skipped,skipped,skipped,skipped,skipped,skipped,,10
6546,LD,Grn,Sol,SNP,Soc,Lab,SU,Con,skipped,skipped,,10
6547,LD,Grn,Sol,SNP,Soc,SU,Lab,Con,skipped,skipped,,10
6548,LD,Grn,Soc,skipped,skipped,skipped,skipped,skipped,skipped,skipped,,10
6549,LD,Grn,Soc,skipped,skipped,skipped,skipped,skipped,skipped,skipped,,10
6550,LD,Grn,Soc,Sol,skipped,skipped,skipped,skipped,skipped,skipped,,10
6551,LD,Grn,Soc,Sol,skipped,skipped,skipped,skipped,skipped,skipped,,10
6552,LD,Grn,Soc,SNP,skipped,skipped,skipped,skipped,skipped,skipped,,10
6553,LD,Grn,Soc,SU,Con,Sol,SNP,Lab,skipped,skipped,,10
6554,LD,Grn,SNP,skipped,skipped,skipped,skipped,skipped,skipped,skipped,,10
6555,LD,Grn,SNP,skipped,skipped,skipped,skipped,skipped,skipped,skipped,,10
6556,LD,Grn,SNP,skipped,skipped,skipped,skipped,skipped,skipped,skipped,,10
6557,LD,Grn,SNP,skipped,skipped,skipped,skipped,skipped,skipped,skipped,,10
6558,LD,Grn,SNP,skipped,skipped,skipped,skipped,skipped,skipped,skipped,,10
6559,LD,Grn,SNP,skipped,skipped,skipped,skipped,skipped,skipped,skipped,,10
6560,LD,Grn,SNP,Lab,skipped,skipped,skipped,skipped,skipped,skipped,,10
6561,LD,Grn,SNP,Con,skipped,skipped,skipped,skipped,skipped,skipped,,10
6562,LD,Grn,SNP,Lab,Con,Soc,SU,Sol,skipped,skipped,,10
6563,LD,Grn,SNP,Sol,skipped,skipped,skipped,skipped,skipped,skipped,,10
6564,LD,Grn,SNP,Soc,skipped,skipped,skipped,skipped,skipped,skipped,,10
6565,LD,Grn,SNP,SU,skipped,skipped,skipped,skipped,skipped,skipped,,10
6566,LD,Grn,SU,skipped,skipped,skipped,skipped,skipped,skipped,skipped,,10
6567,LD,Soc,skipped,skipped,skipped,skipped,skipped,skipped,skipped,skipped,,10
6568,LD,Soc,Lab,Grn,Sol,skipped,skipped,skipped,skipped,skipped,,10
6569,LD,Soc,Lab,SNP,Con,SU,Grn,Sol,skipped,skipped,,10
6570,LD,Soc,Lab,Sol,Grn,skipped,skipped,skipped,skipped,skipped,,10
6571,LD,Soc,Sol,skipped,skipped,skipped,skipped,skipped,skipped,skipped,,10
6572,LD,Soc,Grn,Lab,skipped,skipped,skipped,skipped,skipped,skipped,,10
6573,LD,Soc,SNP,Grn,skipped,skipped,skipped,skipped,skipped,skipped,,10
6574,LD,Soc,SU,skipped,skipped,skipped,skipped,skipped,skipped,skipped,,10
6575,LD,SNP,skipped,skipped,skipped,skipped,skipped,skipped,skipped,skipped,,10
6576,LD,SNP,skipped,skipped,skipped,skipped,skipped,skipped,skipped,skipped,,10
6577,LD,SNP,skipped,skipped,skipped,skipped,skipped,skipped,skipped,skipped,,10
6578,LD,SNP,skipped,skipped,skipped,skipped,skipped,skipped,skipped,skipped,,10
6579,LD,SNP,skipped,skipped,skipped,skipped,skipped,skipped,skipped,skipped,,10
6580,LD,SNP,skipped,skipped,skipped,skipped,skipped,skipped,skipped,skipped,,10
6581,LD,SNP,skipped,skipped,skipped,skipped,skipped,skipped,skipped,skipped,,10
6582,LD,SNP,Lab,Con,Grn,Soc,Sol,SU,skipped,skipped,,10
6583,LD,SNP,Lab,Grn,skipped,skipped,skipped,skipped,skipped,skipped,,10
6584,LD,SNP,Lab,Grn,SU,skipped,skipped,skipped,skipped,skipped,,10
6585,LD,SNP,Lab,skipped,skipped,skipped,skipped,skipped,skipped,skipped,,10
6586,LD,SNP,Lab,Soc,Grn,skipped,skipped,skipped,skipped,skipped,,10
6587,LD,SNP,Con,skipped,skipped,skipped,skipped,skipped,skipped,skipped,,10
6588,LD,SNP,Con,Lab,skipped,skipped,skipped,skipped,skipped,skipped,,10
6589,LD,SNP,Con,Grn,SU,Soc,Lab,Sol,skipped,skipped,,10
6590,LD,SNP,Con,Soc,Grn,SU,Sol,Lab,skipped,skipped,,10
6591,LD,SNP,Lab,skipped,skipped,skipped,skipped,skipped,skipped,skipped,,10
6592,LD,SNP,Lab,skipped,skipped,skipped,skipped,skipped,skipped,skipped,,10
6593,LD,SNP,Lab,skipped,skipped,skipped,skipped,skipped,skipped,skipped,,10
6594,LD,SNP,Lab,Grn,skipped,skipped,skipped,skipped,skipped,skipped,,10
6595,LD,SNP,Sol,skipped,skipped,skipped,skipped,skipped,skipped,skipped,,10
6596,LD,SNP,Sol,Lab,skipped,skipped,skipped,skipped,skipped,skipped,,10
6597,LD,SNP,Sol,Lab,skipped,skipped,skipped,skipped,skipped,skipped,,10
6598,LD,SNP,Sol,Lab,skipped,skipped,skipped,skipped,skipped,skipped,,10
6599,LD,SNP,Sol,Grn,skipped,skipped,skipped,skipped,skipped,skipped,,10
6600,LD,SNP,Sol,Grn,skipped,skipped,skipped,skipped,skipped,skipped,,10
6601,LD,SNP,Grn,skipped,skipped,skipped,skipped,skipped,skipped,skipped,,10
6602,LD,SNP,Grn,skipped,skipped,skipped,skipped,skipped,skipped,skipped,,10
6603,LD,SNP,Grn,skipped,skipped,skipped,skipped,skipped,skipped,skipped,,10
6604,LD,SNP,Grn,skipped,skipped,skipped,skipped,skipped,skipped,skipped,,10
6605,LD,SNP,Grn,skipped,skipped,skipped,skipped,skipped,skipped,skipped,,10
6606,LD,SNP,Grn,skipped,skipped,skipped,skipped,skipped,skipped,skipped,,10
6607,LD,SNP,Grn,skipped,skipped,skipped,skipped,skipped,skipped,skipped,,10
6608,LD,SNP,Grn,skipped,skipped,skipped,skipped,skipped,skipped,skipped,,10
6609,LD,SNP,Grn,skipped,skipped,skipped,skipped,skipped,skipped,skipped,,10
6610,LD,SNP,Grn,skipped,skipped,skipped,skipped,skipped,skipped,skipped,,10
6611,LD,SNP,Grn,skipped,skipped,skipped,skipped,skipped,skipped,skipped,,10
6612,LD,SNP,Grn,Lab,Sol,SU,Soc,Con,skipped,skipped,,10
6613,LD,SNP,Grn,Con,Lab,skipped,skipped,skipped,skipped,skipped,,10
6614,LD,SNP,Grn,Con,Lab,skipped,skipped,skipped,skipped,skipped,,10
6615,LD,SNP,Grn,Soc,skipped,skipped,skipped,skipped,skipped,skipped,,10
6616,LD,SNP,Grn,Soc,skipped,skipped,skipped,skipped,skipped,skipped,,10
6617,LD,SNP,Grn,Soc,skipped,skipped,skipped,skipped,skipped,skipped,,10
6618,LD,SNP,Grn,Soc,Sol,SU,Con,Lab,skipped,skipped,,10
6619,LD,SNP,Grn,SU,Con,Lab,Soc,Sol,skipped,skipped,,10
6620,LD,SNP,Soc,skipped,skipped,skipped,skipped,skipped,skipped,skipped,,10
6621,LD,SNP,Soc,Lab,skipped,skipped,skipped,skipped,skipped,skipped,,10
6622,LD,SNP,Soc,Lab,Sol,Grn,SU,Con,skipped,skipped,,10
6623,LD,SNP,Soc,Lab,Grn,skipped,skipped,skipped,skipped,skipped,,10
6624,LD,SNP,Soc,Grn,skipped,skipped,skipped,skipped,skipped,skipped,,10
6625,LD,SNP,SU,Lab,skipped,skipped,skipped,skipped,skipped,skipped,,10
6626,LD,SNP,SU,Soc,Grn,Con,Sol,skipped,skipped,skipped,,10
6627,LD,SU,skipped,skipped,skipped,skipped,skipped,skipped,skipped,skipped,,10
6628,LD,SU,skipped,skipped,skipped,skipped,skipped,skipped,skipped,skipped,,10
6629,LD,SU,Grn,Lab,skipped,skipped,skipped,skipped,skipped,skipped,,10
6630,LD,SU,Grn,Soc,Sol,Lab,SNP,Con,skipped,skipped,,10
6631,LD,SU,Grn,Soc,SNP,Con,Lab,Sol,skipped,skipped,,10
6632,LD,SU,Soc,Lab,skipped,skipped,skipped,skipped,skipped,skipped,,10
6633,LD,SU,Soc,Con,skipped,skipped,skipped,skipped,skipped,skipped,,10
6634,SNP,skipped,skipped,skipped,skipped,skipped,skipped,skipped,skipped,skipped,,10
6635,SNP,skipped,skipped,skipped,skipped,skipped,skipped,skipped,skipped,skipped,,10
6636,SNP,skipped,skipped,skipped,skipped,skipped,skipped,skipped,skipped,skipped,,10
6637,SNP,skipped,skipped,skipped,skipped,skipped,skipped,skipped,skipped,skipped,,10
6638,SNP,skipped,skipped,skipped,skipped,skipped,skipped,skipped,skipped,skipped,,10
6639,SNP,skipped,skipped,skipped,skipped,skipped,skipped,skipped,skipped,skipped,,10
6640,SNP,skipped,skipped,skipped,skipped,skipped,skipped,skipped,skipped,skipped,,10
6641,SNP,skipped,skipped,skipped,skipped,skipped,skipped,skipped,skipped,skipped,,10
6642,SNP,skipped,skipped,skipped,skipped,skipped,skipped,skipped,skipped,skipped,,10
6643,SNP,skipped,skipped,skipped,skipped,skipped,skipped,skipped,skipped,skipped,,10
6644,SNP,skipped,skipped,skipped,skipped,skipped,skipped,skipped,skipped,skipped,,10
6645,SNP,skipped,skipped,skipped,skipped,skipped,skipped,skipped,skipped,skipped,,10
6646,SNP,skipped,skipped,skipped,skipped,skipped,skipped,skipped,skipped,skipped,,10
6647,SNP,skipped,skipped,skipped,skipped,skipped,skipped,skipped,skipped,skipped,,10
6648,SNP,skipped,skipped,skipped,skipped,skipped,skipped,skipped,skipped,skipped,,10
6649,SNP,skipped,skipped,skipped,skipped,skipped,skipped,skipped,skipped,skipped,,10
6650,SNP,skipped,skipped,skipped,skipped,skipped,skipped,skipped,skipped,skipped,,10
6651,SNP,skipped,skipped,skipped,skipped,skipped,skipped,skipped,skipped,skipped,,10
6652,SNP,skipped,skipped,skipped,skipped,skipped,skipped,skipped,skipped,skipped,,10
6653,SNP,skipped,skipped,skipped,skipped,skipped,skipped,skipped,skipped,skipped,,10
6654,SNP,skipped,skipped,skipped,skipped,skipped,skipped,skipped,skipped,skipped,,10
6655,SNP,skipped,skipped,skipped,skipped,skipped,skipped,skipped,skipped,skipped,,10
6656,SNP,skipped,skipped,skipped,skipped,skipped,skipped,skipped,skipped,skipped,,10
6657,SNP,skipped,skipped,skipped,skipped,skipped,skipped,skipped,skipped,skipped,,10
6658,SNP,skipped,skipped,skipped,skipped,skipped,skipped,skipped,skipped,skipped,,10
6659,SNP,skipped,skipped,skipped,skipped,skipped,skipped,skipped,skipped,skipped,,10
6660,SNP,skipped,skipped,skipped,skipped,skipped,skipped,skipped,skipped,skipped,,10
6661,SNP,skipped,skipped,skipped,skipped,skipped,skipped,skipped,skipped,skipped,,10
6662,SNP,skipped,skipped,skipped,skipped,skipped,skipped,skipped,skipped,skipped,,10
6663,SNP,skipped,skipped,skipped,skipped,skipped,skipped,skipped,skipped,skipped,,10
6664,SNP,skipped,skipped,skipped,skipped,skipped,skipped,skipped,skipped,skipped,,10
6665,SNP,skipped,skipped,skipped,skipped,skipped,skipped,skipped,skipped,skipped,,10
6666,SNP,skipped,skipped,skipped,skipped,skipped,skipped,skipped,skipped,skipped,,10
6667,SNP,skipped,skipped,skipped,skipped,skipped,skipped,skipped,skipped,skipped,,10
6668,SNP,skipped,skipped,skipped,skipped,skipped,skipped,skipped,skipped,skipped,,10
6669,SNP,skipped,skipped,skipped,skipped,skipped,skipped,skipped,skipped,skipped,,10
6670,SNP,skipped,skipped,skipped,skipped,skipped,skipped,skipped,skipped,skipped,,10
6671,SNP,skipped,skipped,skipped,skipped,skipped,skipped,skipped,skipped,skipped,,10
6672,SNP,skipped,skipped,skipped,skipped,skipped,skipped,skipped,skipped,skipped,,10
6673,SNP,skipped,skipped,skipped,skipped,skipped,skipped,skipped,skipped,skipped,,10
6674,SNP,skipped,skipped,skipped,skipped,skipped,skipped,skipped,skipped,skipped,,10
6675,SNP,skipped,skipped,skipped,skipped,skipped,skipped,skipped,skipped,skipped,,10
6676,SNP,skipped,skipped,skipped,skipped,skipped,skipped,skipped,skipped,skipped,,10
6677,SNP,skipped,skipped,skipped,skipped,skipped,skipped,skipped,skipped,skipped,,10
6678,SNP,skipped,skipped,skipped,skipped,skipped,skipped,skipped,skipped,skipped,,10
6679,SNP,skipped,skipped,skipped,skipped,skipped,skipped,skipped,skipped,skipped,,10
6680,SNP,skipped,skipped,skipped,skipped,skipped,skipped,skipped,skipped,skipped,,10
6681,SNP,skipped,skipped,skipped,skipped,skipped,skipped,skipped,skipped,skipped,,10
6682,SNP,skipped,skipped,skipped,skipped,skipped,skipped,skipped,skipped,skipped,,10
6683,SNP,skipped,skipped,skipped,skipped,skipped,skipped,skipped,skipped,skipped,,10
6684,SNP,skipped,skipped,skipped,skipped,skipped,skipped,skipped,skipped,skipped,,10
6685,SNP,skipped,skipped,skipped,skipped,skipped,skipped,skipped,skipped,skipped,,10
6686,SNP,skipped,skipped,skipped,skipped,skipped,skipped,skipped,skipped,skipped,,10
6687,SNP,skipped,skipped,skipped,skipped,skipped,skipped,skipped,skipped,skipped,,10
6688,SNP,skipped,skipped,skipped,skipped,skipped,skipped,skipped,skipped,skipped,,10
6689,SNP,skipped,skipped,skipped,skipped,skipped,skipped,skipped,skipped,skipped,,10
6690,SNP,skipped,skipped,skipped,skipped,skipped,skipped,skipped,skipped,skipped,,10
6691,SNP,skipped,skipped,skipped,skipped,skipped,skipped,skipped,skipped,skipped,,10
6692,SNP,skipped,skipped,skipped,skipped,skipped,skipped,skipped,skipped,skipped,,10
6693,SNP,skipped,skipped,skipped,skipped,skipped,skipped,skipped,skipped,skipped,,10
6694,SNP,skipped,skipped,skipped,skipped,skipped,skipped,skipped,skipped,skipped,,10
6695,SNP,skipped,skipped,skipped,skipped,skipped,skipped,skipped,skipped,skipped,,10
6696,SNP,skipped,skipped,skipped,skipped,skipped,skipped,skipped,skipped,skipped,,10
6697,SNP,skipped,skipped,skipped,skipped,skipped,skipped,skipped,skipped,skipped,,10
6698,SNP,skipped,skipped,skipped,skipped,skipped,skipped,skipped,skipped,skipped,,10
6699,SNP,skipped,skipped,skipped,skipped,skipped,skipped,skipped,skipped,skipped,,10
6700,SNP,skipped,skipped,skipped,skipped,skipped,skipped,skipped,skipped,skipped,,10
6701,SNP,skipped,skipped,skipped,skipped,skipped,skipped,skipped,skipped,skipped,,10
6702,SNP,skipped,skipped,skipped,skipped,skipped,skipped,skipped,skipped,skipped,,10
6703,SNP,skipped,skipped,skipped,skipped,skipped,skipped,skipped,skipped,skipped,,10
6704,SNP,skipped,skipped,skipped,skipped,skipped,skipped,skipped,skipped,skipped,,10
6705,SNP,skipped,skipped,skipped,skipped,skipped,skipped,skipped,skipped,skipped,,10
6706,SNP,skipped,skipped,skipped,skipped,skipped,skipped,skipped,skipped,skipped,,10
6707,SNP,skipped,skipped,skipped,skipped,skipped,skipped,skipped,skipped,skipped,,10
6708,SNP,skipped,skipped,skipped,skipped,skipped,skipped,skipped,skipped,skipped,,10
6709,SNP,skipped,skipped,skipped,skipped,skipped,skipped,skipped,skipped,skipped,,10
6710,SNP,skipped,skipped,skipped,skipped,skipped,skipped,skipped,skipped,skipped,,10
6711,SNP,skipped,skipped,skipped,skipped,skipped,skipped,skipped,skipped,skipped,,10
6712,SNP,skipped,skipped,skipped,skipped,skipped,skipped,skipped,skipped,skipped,,10
6713,SNP,skipped,skipped,skipped,skipped,skipped,skipped,skipped,skipped,skipped,,10
6714,SNP,skipped,skipped,skipped,skipped,skipped,skipped,skipped,skipped,skipped,,10
6715,SNP,skipped,skipped,skipped,skipped,skipped,skipped,skipped,skipped,skipped,,10
6716,SNP,skipped,skipped,skipped,skipped,skipped,skipped,skipped,skipped,skipped,,10
6717,SNP,skipped,skipped,skipped,skipped,skipped,skipped,skipped,skipped,skipped,,10
6718,SNP,skipped,skipped,skipped,skipped,skipped,skipped,skipped,skipped,skipped,,10
6719,SNP,skipped,skipped,skipped,skipped,skipped,skipped,skipped,skipped,skipped,,10
6720,SNP,skipped,skipped,skipped,skipped,skipped,skipped,skipped,skipped,skipped,,10
6721,SNP,skipped,skipped,skipped,skipped,skipped,skipped,skipped,skipped,skipped,,10
6722,SNP,skipped,skipped,skipped,skipped,skipped,skipped,skipped,skipped,skipped,,10
6723,SNP,skipped,skipped,skipped,skipped,skipped,skipped,skipped,skipped,skipped,,10
6724,SNP,skipped,skipped,skipped,skipped,skipped,skipped,skipped,skipped,skipped,,10
6725,SNP,skipped,skipped,skipped,skipped,skipped,skipped,skipped,skipped,skipped,,10
6726,SNP,skipped,skipped,skipped,skipped,skipped,skipped,skipped,skipped,skipped,,10
6727,SNP,skipped,skipped,skipped,skipped,skipped,skipped,skipped,skipped,skipped,,10
6728,SNP,skipped,skipped,skipped,skipped,skipped,skipped,skipped,skipped,skipped,,10
6729,SNP,skipped,skipped,skipped,skipped,skipped,skipped,skipped,skipped,skipped,,10
6730,SNP,skipped,skipped,skipped,skipped,skipped,skipped,skipped,skipped,skipped,,10
6731,SNP,skipped,skipped,skipped,skipped,skipped,skipped,skipped,skipped,skipped,,10
6732,SNP,skipped,skipped,skipped,skipped,skipped,skipped,skipped,skipped,skipped,,10
6733,SNP,skipped,skipped,skipped,skipped,skipped,skipped,skipped,skipped,skipped,,10
6734,SNP,skipped,skipped,skipped,skipped,skipped,skipped,skipped,skipped,skipped,,10
6735,SNP,skipped,skipped,skipped,skipped,skipped,skipped,skipped,skipped,skipped,,10
6736,SNP,skipped,skipped,skipped,skipped,skipped,skipped,skipped,skipped,skipped,,10
6737,SNP,skipped,skipped,skipped,skipped,skipped,skipped,skipped,skipped,skipped,,10
6738,SNP,skipped,skipped,skipped,skipped,skipped,skipped,skipped,skipped,skipped,,10
6739,SNP,skipped,skipped,skipped,skipped,skipped,skipped,skipped,skipped,skipped,,10
6740,SNP,skipped,skipped,skipped,skipped,skipped,skipped,skipped,skipped,skipped,,10
6741,SNP,skipped,skipped,skipped,skipped,skipped,skipped,skipped,skipped,skipped,,10
6742,SNP,skipped,skipped,skipped,skipped,skipped,skipped,skipped,skipped,skipped,,10
6743,SNP,skipped,skipped,skipped,skipped,skipped,skipped,skipped,skipped,skipped,,10
6744,SNP,skipped,skipped,skipped,skipped,skipped,skipped,skipped,skipped,skipped,,10
6745,SNP,skipped,skipped,skipped,skipped,skipped,skipped,skipped,skipped,skipped,,10
6746,SNP,skipped,skipped,skipped,skipped,skipped,skipped,skipped,skipped,skipped,,10
6747,SNP,skipped,skipped,skipped,skipped,skipped,skipped,skipped,skipped,skipped,,10
6748,SNP,skipped,skipped,skipped,skipped,skipped,skipped,skipped,skipped,skipped,,10
6749,SNP,skipped,skipped,skipped,skipped,skipped,skipped,skipped,skipped,skipped,,10
6750,SNP,skipped,skipped,skipped,skipped,skipped,skipped,skipped,skipped,skipped,,10
6751,SNP,skipped,skipped,skipped,skipped,skipped,skipped,skipped,skipped,skipped,,10
6752,SNP,skipped,skipped,skipped,skipped,skipped,skipped,skipped,skipped,skipped,,10
6753,SNP,skipped,skipped,skipped,skipped,skipped,skipped,skipped,skipped,skipped,,10
6754,SNP,skipped,skipped,skipped,skipped,skipped,skipped,skipped,skipped,skipped,,10
6755,SNP,skipped,skipped,skipped,skipped,skipped,skipped,skipped,skipped,skipped,,10
6756,SNP,skipped,skipped,skipped,skipped,skipped,skipped,skipped,skipped,skipped,,10
6757,SNP,skipped,skipped,skipped,skipped,skipped,skipped,skipped,skipped,skipped,,10
6758,SNP,skipped,skipped,skipped,skipped,skipped,skipped,skipped,skipped,skipped,,10
6759,SNP,skipped,skipped,skipped,skipped,skipped,skipped,skipped,skipped,skipped,,10
6760,SNP,skipped,skipped,skipped,skipped,skipped,skipped,skipped,skipped,skipped,,10
6761,SNP,skipped,skipped,skipped,skipped,skipped,skipped,skipped,skipped,skipped,,10
6762,SNP,skipped,skipped,skipped,skipped,skipped,skipped,skipped,skipped,skipped,,10
6763,SNP,skipped,skipped,skipped,skipped,skipped,skipped,skipped,skipped,skipped,,10
6764,SNP,skipped,skipped,skipped,skipped,skipped,skipped,skipped,skipped,skipped,,10
6765,SNP,skipped,skipped,skipped,skipped,skipped,skipped,skipped,skipped,skipped,,10
6766,SNP,skipped,skipped,skipped,skipped,skipped,skipped,skipped,skipped,skipped,,10
6767,SNP,skipped,skipped,skipped,skipped,skipped,skipped,skipped,skipped,skipped,,10
6768,SNP,skipped,skipped,skipped,skipped,skipped,skipped,skipped,skipped,skipped,,10
6769,SNP,skipped,skipped,skipped,skipped,skipped,skipped,skipped,skipped,skipped,,10
6770,SNP,skipped,skipped,skipped,skipped,skipped,skipped,skipped,skipped,skipped,,10
6771,SNP,skipped,skipped,skipped,skipped,skipped,skipped,skipped,skipped,skipped,,10
6772,SNP,skipped,skipped,skipped,skipped,skipped,skipped,skipped,skipped,skipped,,10
6773,SNP,skipped,skipped,skipped,skipped,skipped,skipped,skipped,skipped,skipped,,10
6774,SNP,skipped,skipped,skipped,skipped,skipped,skipped,skipped,skipped,skipped,,10
6775,SNP,skipped,skipped,skipped,skipped,skipped,skipped,skipped,skipped,skipped,,10
6776,SNP,skipped,skipped,skipped,skipped,skipped,skipped,skipped,skipped,skipped,,10
6777,SNP,skipped,skipped,skipped,skipped,skipped,skipped,skipped,skipped,skipped,,10
6778,SNP,skipped,skipped,skipped,skipped,skipped,skipped,skipped,skipped,skipped,,10
6779,SNP,skipped,skipped,skipped,skipped,skipped,skipped,skipped,skipped,skipped,,10
6780,SNP,skipped,skipped,skipped,skipped,skipped,skipped,skipped,skipped,skipped,,10
6781,SNP,skipped,skipped,skipped,skipped,skipped,skipped,skipped,skipped,skipped,,10
6782,SNP,skipped,skipped,skipped,skipped,skipped,skipped,skipped,skipped,skipped,,10
6783,SNP,skipped,skipped,skipped,skipped,skipped,skipped,skipped,skipped,skipped,,10
6784,SNP,skipped,skipped,skipped,skipped,skipped,skipped,skipped,skipped,skipped,,10
6785,SNP,skipped,skipped,skipped,skipped,skipped,skipped,skipped,skipped,skipped,,10
6786,SNP,skipped,skipped,skipped,skipped,skipped,skipped,skipped,skipped,skipped,,10
6787,SNP,skipped,skipped,skipped,skipped,skipped,skipped,skipped,skipped,skipped,,10
6788,SNP,skipped,skipped,skipped,skipped,skipped,skipped,skipped,skipped,skipped,,10
6789,SNP,skipped,skipped,skipped,skipped,skipped,skipped,skipped,skipped,skipped,,10
6790,SNP,skipped,skipped,skipped,skipped,skipped,skipped,skipped,skipped,skipped,,10
6791,SNP,skipped,skipped,skipped,skipped,skipped,skipped,skipped,skipped,skipped,,10
6792,SNP,skipped,skipped,skipped,skipped,skipped,skipped,skipped,skipped,skipped,,10
6793,SNP,skipped,skipped,skipped,skipped,skipped,skipped,skipped,skipped,skipped,,10
6794,SNP,skipped,skipped,skipped,skipped,skipped,skipped,skipped,skipped,skipped,,10
6795,SNP,skipped,skipped,skipped,skipped,skipped,skipped,skipped,skipped,skipped,,10
6796,SNP,skipped,skipped,skipped,skipped,skipped,skipped,skipped,skipped,skipped,,10
6797,SNP,skipped,skipped,skipped,skipped,skipped,skipped,skipped,skipped,skipped,,10
6798,SNP,skipped,skipped,skipped,skipped,skipped,skipped,skipped,skipped,skipped,,10
6799,SNP,skipped,skipped,skipped,skipped,skipped,skipped,skipped,skipped,skipped,,10
6800,SNP,skipped,skipped,skipped,skipped,skipped,skipped,skipped,skipped,skipped,,10
6801,SNP,skipped,skipped,skipped,skipped,skipped,skipped,skipped,skipped,skipped,,10
6802,SNP,skipped,skipped,skipped,skipped,skipped,skipped,skipped,skipped,skipped,,10
6803,SNP,skipped,skipped,skipped,skipped,skipped,skipped,skipped,skipped,skipped,,10
6804,SNP,skipped,skipped,skipped,skipped,skipped,skipped,skipped,skipped,skipped,,10
6805,SNP,skipped,skipped,skipped,skipped,skipped,skipped,skipped,skipped,skipped,,10
6806,SNP,skipped,skipped,skipped,skipped,skipped,skipped,skipped,skipped,skipped,,10
6807,SNP,skipped,skipped,skipped,skipped,skipped,skipped,skipped,skipped,skipped,,10
6808,SNP,skipped,skipped,skipped,skipped,skipped,skipped,skipped,skipped,skipped,,10
6809,SNP,skipped,skipped,skipped,skipped,skipped,skipped,skipped,skipped,skipped,,10
6810,SNP,skipped,skipped,skipped,skipped,skipped,skipped,skipped,skipped,skipped,,10
6811,SNP,skipped,skipped,skipped,skipped,skipped,skipped,skipped,skipped,skipped,,10
6812,SNP,skipped,skipped,skipped,skipped,skipped,skipped,skipped,skipped,skipped,,10
6813,SNP,skipped,skipped,skipped,skipped,skipped,skipped,skipped,skipped,skipped,,10
6814,SNP,skipped,skipped,skipped,skipped,skipped,skipped,skipped,skipped,skipped,,10
6815,SNP,skipped,skipped,skipped,skipped,skipped,skipped,skipped,skipped,skipped,,10
6816,SNP,skipped,skipped,skipped,skipped,skipped,skipped,skipped,skipped,skipped,,10
6817,SNP,skipped,skipped,skipped,skipped,skipped,skipped,skipped,skipped,skipped,,10
6818,SNP,skipped,skipped,skipped,skipped,skipped,skipped,skipped,skipped,skipped,,10
6819,SNP,skipped,skipped,skipped,skipped,skipped,skipped,skipped,skipped,skipped,,10
6820,SNP,skipped,skipped,skipped,skipped,skipped,skipped,skipped,skipped,skipped,,10
6821,SNP,skipped,skipped,skipped,skipped,skipped,skipped,skipped,skipped,skipped,,10
6822,SNP,skipped,skipped,skipped,skipped,skipped,skipped,skipped,skipped,skipped,,10
6823,SNP,skipped,skipped,skipped,skipped,skipped,skipped,skipped,skipped,skipped,,10
6824,SNP,skipped,skipped,skipped,skipped,skipped,skipped,skipped,skipped,skipped,,10
6825,SNP,skipped,skipped,skipped,skipped,skipped,skipped,skipped,skipped,skipped,,10
6826,SNP,skipped,skipped,skipped,skipped,skipped,skipped,skipped,skipped,skipped,,10
6827,SNP,skipped,skipped,skipped,skipped,skipped,skipped,skipped,skipped,skipped,,10
6828,SNP,skipped,skipped,skipped,skipped,skipped,skipped,skipped,skipped,skipped,,10
6829,SNP,skipped,skipped,skipped,skipped,skipped,skipped,skipped,skipped,skipped,,10
6830,SNP,skipped,skipped,skipped,skipped,skipped,skipped,skipped,skipped,skipped,,10
6831,SNP,skipped,skipped,skipped,skipped,skipped,skipped,skipped,skipped,skipped,,10
6832,SNP,skipped,skipped,skipped,skipped,skipped,skipped,skipped,skipped,skipped,,10
6833,SNP,skipped,skipped,skipped,skipped,skipped,skipped,skipped,skipped,skipped,,10
6834,SNP,skipped,skipped,skipped,skipped,skipped,skipped,skipped,skipped,skipped,,10
6835,SNP,skipped,skipped,skipped,skipped,skipped,skipped,skipped,skipped,skipped,,10
6836,SNP,skipped,skipped,skipped,skipped,skipped,skipped,skipped,skipped,skipped,,10
6837,SNP,skipped,skipped,skipped,skipped,skipped,skipped,skipped,skipped,skipped,,10
6838,SNP,skipped,skipped,skipped,skipped,skipped,skipped,skipped,skipped,skipped,,10
6839,SNP,skipped,skipped,skipped,skipped,skipped,skipped,skipped,skipped,skipped,,10
6840,SNP,skipped,skipped,skipped,skipped,skipped,skipped,skipped,skipped,skipped,,10
6841,SNP,skipped,skipped,skipped,skipped,skipped,skipped,skipped,skipped,skipped,,10
6842,SNP,skipped,skipped,skipped,skipped,skipped,skipped,skipped,skipped,skipped,,10
6843,SNP,skipped,skipped,skipped,skipped,skipped,skipped,skipped,skipped,skipped,,10
6844,SNP,skipped,skipped,skipped,skipped,skipped,skipped,skipped,skipped,skipped,,10
6845,SNP,skipped,skipped,skipped,skipped,skipped,skipped,skipped,skipped,skipped,,10
6846,SNP,skipped,skipped,skipped,skipped,skipped,skipped,skipped,skipped,skipped,,10
6847,SNP,skipped,skipped,skipped,skipped,skipped,skipped,skipped,skipped,skipped,,10
6848,SNP,skipped,skipped,skipped,skipped,skipped,skipped,skipped,skipped,skipped,,10
6849,SNP,skipped,skipped,skipped,skipped,skipped,skipped,skipped,skipped,skipped,,10
6850,SNP,skipped,skipped,skipped,skipped,skipped,skipped,skipped,skipped,skipped,,10
6851,SNP,skipped,skipped,skipped,skipped,skipped,skipped,skipped,skipped,skipped,,10
6852,SNP,skipped,skipped,skipped,skipped,skipped,skipped,skipped,skipped,skipped,,10
6853,SNP,skipped,skipped,skipped,skipped,skipped,skipped,skipped,skipped,skipped,,10
6854,SNP,skipped,skipped,skipped,skipped,skipped,skipped,skipped,skipped,skipped,,10
6855,SNP,skipped,skipped,skipped,skipped,skipped,skipped,skipped,skipped,skipped,,10
6856,SNP,skipped,skipped,skipped,skipped,skipped,skipped,skipped,skipped,skipped,,10
6857,SNP,skipped,skipped,skipped,skipped,skipped,skipped,skipped,skipped,skipped,,10
6858,SNP,skipped,skipped,skipped,skipped,skipped,skipped,skipped,skipped,skipped,,10
6859,SNP,skipped,skipped,skipped,skipped,skipped,skipped,skipped,skipped,skipped,,10
6860,SNP,skipped,skipped,skipped,skipped,skipped,skipped,skipped,skipped,skipped,,10
6861,SNP,skipped,skipped,skipped,skipped,skipped,skipped,skipped,skipped,skipped,,10
6862,SNP,skipped,skipped,skipped,skipped,skipped,skipped,skipped,skipped,skipped,,10
6863,SNP,skipped,skipped,skipped,skipped,skipped,skipped,skipped,skipped,skipped,,10
6864,SNP,skipped,skipped,skipped,skipped,skipped,skipped,skipped,skipped,skipped,,10
6865,SNP,skipped,skipped,skipped,skipped,skipped,skipped,skipped,skipped,skipped,,10
6866,SNP,skipped,skipped,skipped,skipped,skipped,skipped,skipped,skipped,skipped,,10
6867,SNP,skipped,skipped,skipped,skipped,skipped,skipped,skipped,skipped,skipped,,10
6868,SNP,skipped,skipped,skipped,skipped,skipped,skipped,skipped,skipped,skipped,,10
6869,SNP,skipped,skipped,skipped,skipped,skipped,skipped,skipped,skipped,skipped,,10
6870,SNP,skipped,skipped,skipped,skipped,skipped,skipped,skipped,skipped,skipped,,10
6871,SNP,skipped,skipped,skipped,skipped,skipped,skipped,skipped,skipped,skipped,,10
6872,SNP,skipped,skipped,skipped,skipped,skipped,skipped,skipped,skipped,skipped,,10
6873,SNP,skipped,skipped,skipped,skipped,skipped,skipped,skipped,skipped,skipped,,10
6874,SNP,skipped,skipped,skipped,skipped,skipped,skipped,skipped,skipped,skipped,,10
6875,SNP,skipped,skipped,skipped,skipped,skipped,skipped,skipped,skipped,skipped,,10
6876,SNP,skipped,skipped,skipped,skipped,skipped,skipped,skipped,skipped,skipped,,10
6877,SNP,skipped,skipped,skipped,skipped,skipped,skipped,skipped,skipped,skipped,,10
6878,SNP,skipped,skipped,skipped,skipped,skipped,skipped,skipped,skipped,skipped,,10
6879,SNP,skipped,skipped,skipped,skipped,skipped,skipped,skipped,skipped,skipped,,10
6880,SNP,skipped,skipped,skipped,skipped,skipped,skipped,skipped,skipped,skipped,,10
6881,SNP,skipped,skipped,skipped,skipped,skipped,skipped,skipped,skipped,skipped,,10
6882,SNP,skipped,skipped,skipped,skipped,skipped,skipped,skipped,skipped,skipped,,10
6883,SNP,skipped,skipped,skipped,skipped,skipped,skipped,skipped,skipped,skipped,,10
6884,SNP,skipped,skipped,skipped,skipped,skipped,skipped,skipped,skipped,skipped,,10
6885,SNP,skipped,skipped,skipped,skipped,skipped,skipped,skipped,skipped,skipped,,10
6886,SNP,skipped,skipped,skipped,skipped,skipped,skipped,skipped,skipped,skipped,,10
6887,SNP,skipped,skipped,skipped,skipped,skipped,skipped,skipped,skipped,skipped,,10
6888,SNP,skipped,skipped,skipped,skipped,skipped,skipped,skipped,skipped,skipped,,10
6889,SNP,skipped,skipped,skipped,skipped,skipped,skipped,skipped,skipped,skipped,,10
6890,SNP,skipped,skipped,skipped,skipped,skipped,skipped,skipped,skipped,skipped,,10
6891,SNP,skipped,skipped,skipped,skipped,skipped,skipped,skipped,skipped,skipped,,10
6892,SNP,skipped,skipped,skipped,skipped,skipped,skipped,skipped,skipped,skipped,,10
6893,SNP,skipped,skipped,skipped,skipped,skipped,skipped,skipped,skipped,skipped,,10
6894,SNP,skipped,skipped,skipped,skipped,skipped,skipped,skipped,skipped,skipped,,10
6895,SNP,skipped,skipped,skipped,skipped,skipped,skipped,skipped,skipped,skipped,,10
6896,SNP,skipped,skipped,skipped,skipped,skipped,skipped,skipped,skipped,skipped,,10
6897,SNP,skipped,skipped,skipped,skipped,skipped,skipped,skipped,skipped,skipped,,10
6898,SNP,skipped,skipped,skipped,skipped,skipped,skipped,skipped,skipped,skipped,,10
6899,SNP,skipped,skipped,skipped,skipped,skipped,skipped,skipped,skipped,skipped,,10
6900,SNP,skipped,skipped,skipped,skipped,skipped,skipped,skipped,skipped,skipped,,10
6901,SNP,skipped,skipped,skipped,skipped,skipped,skipped,skipped,skipped,skipped,,10
6902,SNP,skipped,skipped,skipped,skipped,skipped,skipped,skipped,skipped,skipped,,10
6903,SNP,skipped,skipped,skipped,skipped,skipped,skipped,skipped,skipped,skipped,,10
6904,SNP,skipped,skipped,skipped,skipped,skipped,skipped,skipped,skipped,skipped,,10
6905,SNP,skipped,skipped,skipped,skipped,skipped,skipped,skipped,skipped,skipped,,10
6906,SNP,skipped,skipped,skipped,skipped,skipped,skipped,skipped,skipped,skipped,,10
6907,SNP,skipped,skipped,skipped,skipped,skipped,skipped,skipped,skipped,skipped,,10
6908,SNP,skipped,skipped,skipped,skipped,skipped,skipped,skipped,skipped,skipped,,10
6909,SNP,skipped,skipped,skipped,skipped,skipped,skipped,skipped,skipped,skipped,,10
6910,SNP,skipped,skipped,skipped,skipped,skipped,skipped,skipped,skipped,skipped,,10
6911,SNP,skipped,skipped,skipped,skipped,skipped,skipped,skipped,skipped,skipped,,10
6912,SNP,skipped,skipped,skipped,skipped,skipped,skipped,skipped,skipped,skipped,,10
6913,SNP,skipped,skipped,skipped,skipped,skipped,skipped,skipped,skipped,skipped,,10
6914,SNP,skipped,skipped,skipped,skipped,skipped,skipped,skipped,skipped,skipped,,10
6915,SNP,skipped,skipped,skipped,skipped,skipped,skipped,skipped,skipped,skipped,,10
6916,SNP,skipped,skipped,skipped,skipped,skipped,skipped,skipped,skipped,skipped,,10
6917,SNP,skipped,skipped,skipped,skipped,skipped,skipped,skipped,skipped,skipped,,10
6918,SNP,skipped,skipped,skipped,skipped,skipped,skipped,skipped,skipped,skipped,,10
6919,SNP,skipped,skipped,skipped,skipped,skipped,skipped,skipped,skipped,skipped,,10
6920,SNP,skipped,skipped,skipped,skipped,skipped,skipped,skipped,skipped,skipped,,10
6921,SNP,skipped,skipped,skipped,skipped,skipped,skipped,skipped,skipped,skipped,,10
6922,SNP,skipped,skipped,skipped,skipped,skipped,skipped,skipped,skipped,skipped,,10
6923,SNP,skipped,skipped,skipped,skipped,skipped,skipped,skipped,skipped,skipped,,10
6924,SNP,skipped,skipped,skipped,skipped,skipped,skipped,skipped,skipped,skipped,,10
6925,SNP,skipped,skipped,skipped,skipped,skipped,skipped,skipped,skipped,skipped,,10
6926,SNP,skipped,skipped,skipped,skipped,skipped,skipped,skipped,skipped,skipped,,10
6927,SNP,skipped,skipped,skipped,skipped,skipped,skipped,skipped,skipped,skipped,,10
6928,SNP,skipped,skipped,skipped,skipped,skipped,skipped,skipped,skipped,skipped,,10
6929,SNP,skipped,skipped,skipped,skipped,skipped,skipped,skipped,skipped,skipped,,10
6930,SNP,skipped,skipped,skipped,skipped,skipped,skipped,skipped,skipped,skipped,,10
6931,SNP,skipped,skipped,skipped,skipped,skipped,skipped,skipped,skipped,skipped,,10
6932,SNP,skipped,skipped,skipped,skipped,skipped,skipped,skipped,skipped,skipped,,10
6933,SNP,skipped,skipped,skipped,skipped,skipped,skipped,skipped,skipped,skipped,,10
6934,SNP,skipped,skipped,skipped,skipped,skipped,skipped,skipped,skipped,skipped,,10
6935,SNP,skipped,skipped,skipped,skipped,skipped,skipped,skipped,skipped,skipped,,10
6936,SNP,skipped,skipped,skipped,skipped,skipped,skipped,skipped,skipped,skipped,,10
6937,SNP,skipped,skipped,skipped,skipped,skipped,skipped,skipped,skipped,skipped,,10
6938,SNP,skipped,skipped,skipped,skipped,skipped,skipped,skipped,skipped,skipped,,10
6939,SNP,skipped,skipped,skipped,skipped,skipped,skipped,skipped,skipped,skipped,,10
6940,SNP,skipped,skipped,skipped,skipped,skipped,skipped,skipped,skipped,skipped,,10
6941,SNP,skipped,skipped,skipped,skipped,skipped,skipped,skipped,skipped,skipped,,10
6942,SNP,skipped,skipped,skipped,skipped,skipped,skipped,skipped,skipped,skipped,,10
6943,SNP,skipped,skipped,skipped,skipped,skipped,skipped,skipped,skipped,skipped,,10
6944,SNP,skipped,skipped,skipped,skipped,skipped,skipped,skipped,skipped,skipped,,10
6945,SNP,skipped,skipped,skipped,skipped,skipped,skipped,skipped,skipped,skipped,,10
6946,SNP,skipped,skipped,skipped,skipped,skipped,skipped,skipped,skipped,skipped,,10
6947,SNP,skipped,skipped,skipped,skipped,skipped,skipped,skipped,skipped,skipped,,10
6948,SNP,skipped,skipped,skipped,skipped,skipped,skipped,skipped,skipped,skipped,,10
6949,SNP,skipped,skipped,skipped,skipped,skipped,skipped,skipped,skipped,skipped,,10
6950,SNP,skipped,skipped,skipped,skipped,skipped,skipped,skipped,skipped,skipped,,10
6951,SNP,skipped,skipped,skipped,skipped,skipped,skipped,skipped,skipped,skipped,,10
6952,SNP,skipped,skipped,skipped,skipped,skipped,skipped,skipped,skipped,skipped,,10
6953,SNP,skipped,skipped,skipped,skipped,skipped,skipped,skipped,skipped,skipped,,10
6954,SNP,skipped,skipped,skipped,skipped,skipped,skipped,skipped,skipped,skipped,,10
6955,SNP,skipped,skipped,skipped,skipped,skipped,skipped,skipped,skipped,skipped,,10
6956,SNP,skipped,skipped,skipped,skipped,skipped,skipped,skipped,skipped,skipped,,10
6957,SNP,skipped,skipped,skipped,skipped,skipped,skipped,skipped,skipped,skipped,,10
6958,SNP,skipped,skipped,skipped,skipped,skipped,skipped,skipped,skipped,skipped,,10
6959,SNP,skipped,skipped,skipped,skipped,skipped,skipped,skipped,skipped,skipped,,10
6960,SNP,skipped,skipped,skipped,skipped,skipped,skipped,skipped,skipped,skipped,,10
6961,SNP,skipped,skipped,skipped,skipped,skipped,skipped,skipped,skipped,skipped,,10
6962,SNP,skipped,skipped,skipped,skipped,skipped,skipped,skipped,skipped,skipped,,10
6963,SNP,skipped,skipped,skipped,skipped,skipped,skipped,skipped,skipped,skipped,,10
6964,SNP,skipped,skipped,skipped,skipped,skipped,skipped,skipped,skipped,skipped,,10
6965,SNP,skipped,skipped,skipped,skipped,skipped,skipped,skipped,skipped,skipped,,10
6966,SNP,skipped,skipped,skipped,skipped,skipped,skipped,skipped,skipped,skipped,,10
6967,SNP,skipped,skipped,skipped,skipped,skipped,skipped,skipped,skipped,skipped,,10
6968,SNP,skipped,skipped,skipped,skipped,skipped,skipped,skipped,skipped,skipped,,10
6969,SNP,skipped,skipped,skipped,skipped,skipped,skipped,skipped,skipped,skipped,,10
6970,SNP,skipped,skipped,skipped,skipped,skipped,skipped,skipped,skipped,skipped,,10
6971,SNP,skipped,skipped,skipped,skipped,skipped,skipped,skipped,skipped,skipped,,10
6972,SNP,skipped,skipped,skipped,skipped,skipped,skipped,skipped,skipped,skipped,,10
6973,SNP,skipped,skipped,skipped,skipped,skipped,skipped,skipped,skipped,skipped,,10
6974,SNP,skipped,skipped,skipped,skipped,skipped,skipped,skipped,skipped,skipped,,10
6975,SNP,skipped,skipped,skipped,skipped,skipped,skipped,skipped,skipped,skipped,,10
6976,SNP,skipped,skipped,skipped,skipped,skipped,skipped,skipped,skipped,skipped,,10
6977,SNP,skipped,skipped,skipped,skipped,skipped,skipped,skipped,skipped,skipped,,10
6978,SNP,skipped,skipped,skipped,skipped,skipped,skipped,skipped,skipped,skipped,,10
6979,SNP,skipped,skipped,skipped,skipped,skipped,skipped,skipped,skipped,skipped,,10
6980,SNP,skipped,skipped,skipped,skipped,skipped,skipped,skipped,skipped,skipped,,10
6981,SNP,skipped,skipped,skipped,skipped,skipped,skipped,skipped,skipped,skipped,,10
6982,SNP,skipped,skipped,skipped,skipped,skipped,skipped,skipped,skipped,skipped,,10
6983,SNP,skipped,skipped,skipped,skipped,skipped,skipped,skipped,skipped,skipped,,10
6984,SNP,skipped,skipped,skipped,skipped,skipped,skipped,skipped,skipped,skipped,,10
6985,SNP,skipped,skipped,skipped,skipped,skipped,skipped,skipped,skipped,skipped,,10
6986,SNP,skipped,skipped,skipped,skipped,skipped,skipped,skipped,skipped,skipped,,10
6987,SNP,skipped,skipped,skipped,skipped,skipped,skipped,skipped,skipped,skipped,,10
6988,SNP,skipped,skipped,skipped,skipped,skipped,skipped,skipped,skipped,skipped,,10
6989,SNP,skipped,skipped,skipped,skipped,skipped,skipped,skipped,skipped,skipped,,10
6990,SNP,skipped,skipped,skipped,skipped,skipped,skipped,skipped,skipped,skipped,,10
6991,SNP,skipped,skipped,skipped,skipped,skipped,skipped,skipped,skipped,skipped,,10
6992,SNP,skipped,skipped,skipped,skipped,skipped,skipped,skipped,skipped,skipped,,10
6993,SNP,skipped,skipped,skipped,skipped,skipped,skipped,skipped,skipped,skipped,,10
6994,SNP,skipped,skipped,skipped,skipped,skipped,skipped,skipped,skipped,skipped,,10
6995,SNP,skipped,skipped,skipped,skipped,skipped,skipped,skipped,skipped,skipped,,10
6996,SNP,skipped,skipped,skipped,skipped,skipped,skipped,skipped,skipped,skipped,,10
6997,SNP,skipped,skipped,skipped,skipped,skipped,skipped,skipped,skipped,skipped,,10
6998,SNP,skipped,skipped,skipped,skipped,skipped,skipped,skipped,skipped,skipped,,10
6999,SNP,skipped,skipped,skipped,skipped,skipped,skipped,skipped,skipped,skipped,,10
7000,SNP,skipped,skipped,skipped,skipped,skipped,skipped,skipped,skipped,skipped,,10
7001,SNP,skipped,skipped,skipped,skipped,skipped,skipped,skipped,skipped,skipped,,10
7002,SNP,skipped,skipped,skipped,skipped,skipped,skipped,skipped,skipped,skipped,,10
7003,SNP,skipped,skipped,skipped,skipped,skipped,skipped,skipped,skipped,skipped,,10
7004,SNP,skipped,skipped,skipped,skipped,skipped,skipped,skipped,skipped,skipped,,10
7005,SNP,skipped,skipped,skipped,skipped,skipped,skipped,skipped,skipped,skipped,,10
7006,SNP,skipped,skipped,skipped,skipped,skipped,skipped,skipped,skipped,skipped,,10
7007,SNP,skipped,skipped,skipped,skipped,skipped,skipped,skipped,skipped,skipped,,10
7008,SNP,skipped,skipped,skipped,skipped,skipped,skipped,skipped,skipped,skipped,,10
7009,SNP,skipped,skipped,skipped,skipped,skipped,skipped,skipped,skipped,skipped,,10
7010,SNP,skipped,skipped,skipped,skipped,skipped,skipped,skipped,skipped,skipped,,10
7011,SNP,skipped,skipped,skipped,skipped,skipped,skipped,skipped,skipped,skipped,,10
7012,SNP,skipped,skipped,skipped,skipped,skipped,skipped,skipped,skipped,skipped,,10
7013,SNP,skipped,skipped,skipped,skipped,skipped,skipped,skipped,skipped,skipped,,10
7014,SNP,skipped,skipped,skipped,skipped,skipped,skipped,skipped,skipped,skipped,,10
7015,SNP,skipped,skipped,skipped,skipped,skipped,skipped,skipped,skipped,skipped,,10
7016,SNP,skipped,skipped,skipped,skipped,skipped,skipped,skipped,skipped,skipped,,10
7017,SNP,skipped,skipped,skipped,skipped,skipped,skipped,skipped,skipped,skipped,,10
7018,SNP,skipped,skipped,skipped,skipped,skipped,skipped,skipped,skipped,skipped,,10
7019,SNP,skipped,skipped,skipped,skipped,skipped,skipped,skipped,skipped,skipped,,10
7020,SNP,skipped,skipped,skipped,skipped,skipped,skipped,skipped,skipped,skipped,,10
7021,SNP,skipped,skipped,skipped,skipped,skipped,skipped,skipped,skipped,skipped,,10
7022,SNP,skipped,skipped,skipped,skipped,skipped,skipped,skipped,skipped,skipped,,10
7023,SNP,skipped,skipped,skipped,skipped,skipped,skipped,skipped,skipped,skipped,,10
7024,SNP,skipped,skipped,skipped,skipped,skipped,skipped,skipped,skipped,skipped,,10
7025,SNP,skipped,skipped,skipped,skipped,skipped,skipped,skipped,skipped,skipped,,10
7026,SNP,skipped,skipped,skipped,skipped,skipped,skipped,skipped,skipped,skipped,,10
7027,SNP,skipped,skipped,skipped,skipped,skipped,skipped,skipped,skipped,skipped,,10
7028,SNP,skipped,skipped,skipped,skipped,skipped,skipped,skipped,skipped,skipped,,10
7029,SNP,skipped,skipped,skipped,skipped,skipped,skipped,skipped,skipped,skipped,,10
7030,SNP,skipped,skipped,skipped,skipped,skipped,skipped,skipped,skipped,skipped,,10
7031,SNP,skipped,skipped,skipped,skipped,skipped,skipped,skipped,skipped,skipped,,10
7032,SNP,skipped,skipped,skipped,skipped,skipped,skipped,skipped,skipped,skipped,,10
7033,SNP,skipped,skipped,skipped,skipped,skipped,skipped,skipped,skipped,skipped,,10
7034,SNP,skipped,skipped,skipped,skipped,skipped,skipped,skipped,skipped,skipped,,10
7035,SNP,skipped,skipped,skipped,skipped,skipped,skipped,skipped,skipped,skipped,,10
7036,SNP,skipped,skipped,skipped,skipped,skipped,skipped,skipped,skipped,skipped,,10
7037,SNP,skipped,skipped,skipped,skipped,skipped,skipped,skipped,skipped,skipped,,10
7038,SNP,skipped,skipped,skipped,skipped,skipped,skipped,skipped,skipped,skipped,,10
7039,SNP,skipped,skipped,skipped,skipped,skipped,skipped,skipped,skipped,skipped,,10
7040,SNP,skipped,skipped,skipped,skipped,skipped,skipped,skipped,skipped,skipped,,10
7041,SNP,skipped,skipped,skipped,skipped,skipped,skipped,skipped,skipped,skipped,,10
7042,SNP,skipped,skipped,skipped,skipped,skipped,skipped,skipped,skipped,skipped,,10
7043,SNP,skipped,skipped,skipped,skipped,skipped,skipped,skipped,skipped,skipped,,10
7044,SNP,skipped,skipped,skipped,skipped,skipped,skipped,skipped,skipped,skipped,,10
7045,SNP,skipped,skipped,skipped,skipped,skipped,skipped,skipped,skipped,skipped,,10
7046,SNP,skipped,skipped,skipped,skipped,skipped,skipped,skipped,skipped,skipped,,10
7047,SNP,skipped,skipped,skipped,skipped,skipped,skipped,skipped,skipped,skipped,,10
7048,SNP,skipped,skipped,skipped,skipped,skipped,skipped,skipped,skipped,skipped,,10
7049,SNP,skipped,skipped,skipped,skipped,skipped,skipped,skipped,skipped,skipped,,10
7050,SNP,skipped,skipped,skipped,skipped,skipped,skipped,skipped,skipped,skipped,,10
7051,SNP,skipped,skipped,skipped,skipped,skipped,skipped,skipped,skipped,skipped,,10
7052,SNP,skipped,skipped,skipped,skipped,skipped,skipped,skipped,skipped,skipped,,10
7053,SNP,skipped,skipped,skipped,skipped,skipped,skipped,skipped,skipped,skipped,,10
7054,SNP,skipped,skipped,skipped,skipped,skipped,skipped,skipped,skipped,skipped,,10
7055,SNP,skipped,skipped,skipped,skipped,skipped,skipped,skipped,skipped,skipped,,10
7056,SNP,skipped,skipped,skipped,skipped,skipped,skipped,skipped,skipped,skipped,,10
7057,SNP,skipped,skipped,skipped,skipped,skipped,skipped,skipped,skipped,skipped,,10
7058,SNP,skipped,skipped,skipped,skipped,skipped,skipped,skipped,skipped,skipped,,10
7059,SNP,skipped,skipped,skipped,skipped,skipped,skipped,skipped,skipped,skipped,,10
7060,SNP,skipped,skipped,skipped,skipped,skipped,skipped,skipped,skipped,skipped,,10
7061,SNP,skipped,skipped,skipped,skipped,skipped,skipped,skipped,skipped,skipped,,10
7062,SNP,skipped,skipped,skipped,skipped,skipped,skipped,skipped,skipped,skipped,,10
7063,SNP,skipped,skipped,skipped,skipped,skipped,skipped,skipped,skipped,skipped,,10
7064,SNP,skipped,skipped,skipped,skipped,skipped,skipped,skipped,skipped,skipped,,10
7065,SNP,skipped,skipped,skipped,skipped,skipped,skipped,skipped,skipped,skipped,,10
7066,SNP,skipped,skipped,skipped,skipped,skipped,skipped,skipped,skipped,skipped,,10
7067,SNP,skipped,skipped,skipped,skipped,skipped,skipped,skipped,skipped,skipped,,10
7068,SNP,skipped,skipped,skipped,skipped,skipped,skipped,skipped,skipped,skipped,,10
7069,SNP,skipped,skipped,skipped,skipped,skipped,skipped,skipped,skipped,skipped,,10
7070,SNP,skipped,skipped,skipped,skipped,skipped,skipped,skipped,skipped,skipped,,10
7071,SNP,skipped,skipped,skipped,skipped,skipped,skipped,skipped,skipped,skipped,,10
7072,SNP,skipped,skipped,skipped,skipped,skipped,skipped,skipped,skipped,skipped,,10
7073,SNP,skipped,skipped,skipped,skipped,skipped,skipped,skipped,skipped,skipped,,10
7074,SNP,skipped,skipped,skipped,skipped,skipped,skipped,skipped,skipped,skipped,,10
7075,SNP,skipped,skipped,skipped,skipped,skipped,skipped,skipped,skipped,skipped,,10
7076,SNP,skipped,skipped,skipped,skipped,skipped,skipped,skipped,skipped,skipped,,10
7077,SNP,skipped,skipped,skipped,skipped,skipped,skipped,skipped,skipped,skipped,,10
7078,SNP,skipped,skipped,skipped,skipped,skipped,skipped,skipped,skipped,skipped,,10
7079,SNP,skipped,skipped,skipped,skipped,skipped,skipped,skipped,skipped,skipped,,10
7080,SNP,skipped,skipped,skipped,skipped,skipped,skipped,skipped,skipped,skipped,,10
7081,SNP,skipped,skipped,skipped,skipped,skipped,skipped,skipped,skipped,skipped,,10
7082,SNP,skipped,skipped,skipped,skipped,skipped,skipped,skipped,skipped,skipped,,10
7083,SNP,skipped,skipped,skipped,skipped,skipped,skipped,skipped,skipped,skipped,,10
7084,SNP,skipped,skipped,skipped,skipped,skipped,skipped,skipped,skipped,skipped,,10
7085,SNP,skipped,skipped,skipped,skipped,skipped,skipped,skipped,skipped,skipped,,10
7086,SNP,skipped,skipped,skipped,skipped,skipped,skipped,skipped,skipped,skipped,,10
7087,SNP,skipped,skipped,skipped,skipped,skipped,skipped,skipped,skipped,skipped,,10
7088,SNP,skipped,skipped,skipped,skipped,skipped,skipped,skipped,skipped,skipped,,10
7089,SNP,skipped,skipped,skipped,skipped,skipped,skipped,skipped,skipped,skipped,,10
7090,SNP,skipped,skipped,skipped,skipped,skipped,skipped,skipped,skipped,skipped,,10
7091,SNP,skipped,skipped,skipped,skipped,skipped,skipped,skipped,skipped,skipped,,10
7092,SNP,skipped,skipped,skipped,skipped,skipped,skipped,skipped,skipped,skipped,,10
7093,SNP,skipped,skipped,skipped,skipped,skipped,skipped,skipped,skipped,skipped,,10
7094,SNP,skipped,skipped,skipped,skipped,skipped,skipped,skipped,skipped,skipped,,10
7095,SNP,skipped,skipped,skipped,skipped,skipped,skipped,skipped,skipped,skipped,,10
7096,SNP,skipped,skipped,skipped,skipped,skipped,skipped,skipped,skipped,skipped,,10
7097,SNP,skipped,skipped,skipped,skipped,skipped,skipped,skipped,skipped,skipped,,10
7098,SNP,skipped,skipped,skipped,skipped,skipped,skipped,skipped,skipped,skipped,,10
7099,SNP,skipped,skipped,skipped,skipped,skipped,skipped,skipped,skipped,skipped,,10
7100,SNP,skipped,skipped,skipped,skipped,skipped,skipped,skipped,skipped,skipped,,10
7101,SNP,skipped,skipped,skipped,skipped,skipped,skipped,skipped,skipped,skipped,,10
7102,SNP,skipped,skipped,skipped,skipped,skipped,skipped,skipped,skipped,skipped,,10
7103,SNP,skipped,skipped,skipped,skipped,skipped,skipped,skipped,skipped,skipped,,10
7104,SNP,skipped,skipped,skipped,skipped,skipped,skipped,skipped,skipped,skipped,,10
7105,SNP,skipped,skipped,skipped,skipped,skipped,skipped,skipped,skipped,skipped,,10
7106,SNP,skipped,skipped,skipped,skipped,skipped,skipped,skipped,skipped,skipped,,10
7107,SNP,skipped,skipped,skipped,skipped,skipped,skipped,skipped,skipped,skipped,,10
7108,SNP,skipped,skipped,skipped,skipped,skipped,skipped,skipped,skipped,skipped,,10
7109,SNP,skipped,skipped,skipped,skipped,skipped,skipped,skipped,skipped,skipped,,10
7110,SNP,skipped,skipped,skipped,skipped,skipped,skipped,skipped,skipped,skipped,,10
7111,SNP,skipped,skipped,skipped,skipped,skipped,skipped,skipped,skipped,skipped,,10
7112,SNP,skipped,skipped,skipped,skipped,skipped,skipped,skipped,skipped,skipped,,10
7113,SNP,skipped,skipped,skipped,skipped,skipped,skipped,skipped,skipped,skipped,,10
7114,SNP,skipped,skipped,skipped,skipped,skipped,skipped,skipped,skipped,skipped,,10
7115,SNP,skipped,skipped,skipped,skipped,skipped,skipped,skipped,skipped,skipped,,10
7116,SNP,skipped,skipped,skipped,skipped,skipped,skipped,skipped,skipped,skipped,,10
7117,SNP,skipped,skipped,skipped,skipped,skipped,skipped,skipped,skipped,skipped,,10
7118,SNP,skipped,skipped,skipped,skipped,skipped,skipped,skipped,skipped,skipped,,10
7119,SNP,skipped,skipped,skipped,skipped,skipped,skipped,skipped,skipped,skipped,,10
7120,SNP,skipped,skipped,skipped,skipped,skipped,skipped,skipped,skipped,skipped,,10
7121,SNP,skipped,skipped,skipped,skipped,skipped,skipped,skipped,skipped,skipped,,10
7122,SNP,skipped,skipped,skipped,skipped,skipped,skipped,skipped,skipped,skipped,,10
7123,SNP,skipped,skipped,skipped,skipped,skipped,skipped,skipped,skipped,skipped,,10
7124,SNP,skipped,skipped,skipped,skipped,skipped,skipped,skipped,skipped,skipped,,10
7125,SNP,skipped,skipped,skipped,skipped,skipped,skipped,skipped,skipped,skipped,,10
7126,SNP,skipped,skipped,skipped,skipped,skipped,skipped,skipped,skipped,skipped,,10
7127,SNP,skipped,skipped,skipped,skipped,skipped,skipped,skipped,skipped,skipped,,10
7128,SNP,skipped,skipped,skipped,skipped,skipped,skipped,skipped,skipped,skipped,,10
7129,SNP,skipped,skipped,skipped,skipped,skipped,skipped,skipped,skipped,skipped,,10
7130,SNP,skipped,skipped,skipped,skipped,skipped,skipped,skipped,skipped,skipped,,10
7131,SNP,skipped,skipped,skipped,skipped,skipped,skipped,skipped,skipped,skipped,,10
7132,SNP,skipped,skipped,skipped,skipped,skipped,skipped,skipped,skipped,skipped,,10
7133,SNP,skipped,skipped,skipped,skipped,skipped,skipped,skipped,skipped,skipped,,10
7134,SNP,skipped,skipped,skipped,skipped,skipped,skipped,skipped,skipped,skipped,,10
7135,SNP,skipped,skipped,skipped,skipped,skipped,skipped,skipped,skipped,skipped,,10
7136,SNP,skipped,skipped,skipped,skipped,skipped,skipped,skipped,skipped,skipped,,10
7137,SNP,skipped,skipped,skipped,skipped,skipped,skipped,skipped,skipped,skipped,,10
7138,SNP,skipped,skipped,skipped,skipped,skipped,skipped,skipped,skipped,skipped,,10
7139,SNP,skipped,skipped,skipped,skipped,skipped,skipped,skipped,skipped,skipped,,10
7140,SNP,skipped,skipped,skipped,skipped,skipped,skipped,skipped,skipped,skipped,,10
7141,SNP,skipped,skipped,skipped,skipped,skipped,skipped,skipped,skipped,skipped,,10
7142,SNP,skipped,skipped,skipped,skipped,skipped,skipped,skipped,skipped,skipped,,10
7143,SNP,skipped,skipped,skipped,skipped,skipped,skipped,skipped,skipped,skipped,,10
7144,SNP,skipped,skipped,skipped,skipped,skipped,skipped,skipped,skipped,skipped,,10
7145,SNP,skipped,skipped,skipped,skipped,skipped,skipped,skipped,skipped,skipped,,10
7146,SNP,skipped,skipped,skipped,skipped,skipped,skipped,skipped,skipped,skipped,,10
7147,SNP,skipped,skipped,skipped,skipped,skipped,skipped,skipped,skipped,skipped,,10
7148,SNP,skipped,skipped,skipped,skipped,skipped,skipped,skipped,skipped,skipped,,10
7149,SNP,skipped,skipped,skipped,skipped,skipped,skipped,skipped,skipped,skipped,,10
7150,SNP,skipped,skipped,skipped,skipped,skipped,skipped,skipped,skipped,skipped,,10
7151,SNP,skipped,skipped,skipped,skipped,skipped,skipped,skipped,skipped,skipped,,10
7152,SNP,skipped,skipped,skipped,skipped,skipped,skipped,skipped,skipped,skipped,,10
7153,SNP,skipped,skipped,skipped,skipped,skipped,skipped,skipped,skipped,skipped,,10
7154,SNP,skipped,skipped,skipped,skipped,skipped,skipped,skipped,skipped,skipped,,10
7155,SNP,skipped,skipped,skipped,skipped,skipped,skipped,skipped,skipped,skipped,,10
7156,SNP,skipped,skipped,skipped,skipped,skipped,skipped,skipped,skipped,skipped,,10
7157,SNP,skipped,skipped,skipped,skipped,skipped,skipped,skipped,skipped,skipped,,10
7158,SNP,skipped,skipped,skipped,skipped,skipped,skipped,skipped,skipped,skipped,,10
7159,SNP,skipped,skipped,skipped,skipped,skipped,skipped,skipped,skipped,skipped,,10
7160,SNP,skipped,skipped,skipped,skipped,skipped,skipped,skipped,skipped,skipped,,10
7161,SNP,skipped,skipped,skipped,skipped,skipped,skipped,skipped,skipped,skipped,,10
7162,SNP,skipped,skipped,skipped,skipped,skipped,skipped,skipped,skipped,skipped,,10
7163,SNP,skipped,skipped,skipped,skipped,skipped,skipped,skipped,skipped,skipped,,10
7164,SNP,skipped,skipped,skipped,skipped,skipped,skipped,skipped,skipped,skipped,,10
7165,SNP,skipped,skipped,skipped,skipped,skipped,skipped,skipped,skipped,skipped,,10
7166,SNP,skipped,skipped,skipped,skipped,skipped,skipped,skipped,skipped,skipped,,10
7167,SNP,skipped,skipped,skipped,skipped,skipped,skipped,skipped,skipped,skipped,,10
7168,SNP,skipped,skipped,skipped,skipped,skipped,skipped,skipped,skipped,skipped,,10
7169,SNP,skipped,skipped,skipped,skipped,skipped,skipped,skipped,skipped,skipped,,10
7170,SNP,skipped,skipped,skipped,skipped,skipped,skipped,skipped,skipped,skipped,,10
7171,SNP,skipped,skipped,skipped,skipped,skipped,skipped,skipped,skipped,skipped,,10
7172,SNP,skipped,skipped,skipped,skipped,skipped,skipped,skipped,skipped,skipped,,10
7173,SNP,skipped,skipped,skipped,skipped,skipped,skipped,skipped,skipped,skipped,,10
7174,SNP,skipped,skipped,skipped,skipped,skipped,skipped,skipped,skipped,skipped,,10
7175,SNP,skipped,skipped,skipped,skipped,skipped,skipped,skipped,skipped,skipped,,10
7176,SNP,skipped,skipped,skipped,skipped,skipped,skipped,skipped,skipped,skipped,,10
7177,SNP,skipped,skipped,skipped,skipped,skipped,skipped,skipped,skipped,skipped,,10
7178,SNP,skipped,skipped,skipped,skipped,skipped,skipped,skipped,skipped,skipped,,10
7179,SNP,skipped,skipped,skipped,skipped,skipped,skipped,skipped,skipped,skipped,,10
7180,SNP,skipped,skipped,skipped,skipped,skipped,skipped,skipped,skipped,skipped,,10
7181,SNP,skipped,skipped,skipped,skipped,skipped,skipped,skipped,skipped,skipped,,10
7182,SNP,skipped,skipped,skipped,skipped,skipped,skipped,skipped,skipped,skipped,,10
7183,SNP,skipped,skipped,skipped,skipped,skipped,skipped,skipped,skipped,skipped,,10
7184,SNP,skipped,skipped,skipped,skipped,skipped,skipped,skipped,skipped,skipped,,10
7185,SNP,skipped,skipped,skipped,skipped,skipped,skipped,skipped,skipped,skipped,,10
7186,SNP,skipped,skipped,skipped,skipped,skipped,skipped,skipped,skipped,skipped,,10
7187,SNP,skipped,skipped,skipped,skipped,skipped,skipped,skipped,skipped,skipped,,10
7188,SNP,skipped,skipped,skipped,skipped,skipped,skipped,skipped,skipped,skipped,,10
7189,SNP,skipped,skipped,skipped,skipped,skipped,skipped,skipped,skipped,skipped,,10
7190,SNP,skipped,skipped,skipped,skipped,skipped,skipped,skipped,skipped,skipped,,10
7191,SNP,skipped,skipped,skipped,skipped,skipped,skipped,skipped,skipped,skipped,,10
7192,SNP,skipped,skipped,skipped,skipped,skipped,skipped,skipped,skipped,skipped,,10
7193,SNP,skipped,skipped,skipped,skipped,skipped,skipped,skipped,skipped,skipped,,10
7194,SNP,skipped,skipped,skipped,skipped,skipped,skipped,skipped,skipped,skipped,,10
7195,SNP,skipped,skipped,skipped,skipped,skipped,skipped,skipped,skipped,skipped,,10
7196,SNP,skipped,skipped,skipped,skipped,skipped,skipped,skipped,skipped,skipped,,10
7197,SNP,skipped,skipped,skipped,skipped,skipped,skipped,skipped,skipped,skipped,,10
7198,SNP,skipped,skipped,skipped,skipped,skipped,skipped,skipped,skipped,skipped,,10
7199,SNP,skipped,skipped,skipped,skipped,skipped,skipped,skipped,skipped,skipped,,10
7200,SNP,skipped,skipped,skipped,skipped,skipped,skipped,skipped,skipped,skipped,,10
7201,SNP,skipped,skipped,skipped,skipped,skipped,skipped,skipped,skipped,skipped,,10
7202,SNP,skipped,skipped,skipped,skipped,skipped,skipped,skipped,skipped,skipped,,10
7203,SNP,skipped,skipped,skipped,skipped,skipped,skipped,skipped,skipped,skipped,,10
7204,SNP,skipped,skipped,skipped,skipped,skipped,skipped,skipped,skipped,skipped,,10
7205,SNP,skipped,skipped,skipped,skipped,skipped,skipped,skipped,skipped,skipped,,10
7206,SNP,skipped,skipped,skipped,skipped,skipped,skipped,skipped,skipped,skipped,,10
7207,SNP,skipped,skipped,skipped,skipped,skipped,skipped,skipped,skipped,skipped,,10
7208,SNP,skipped,skipped,skipped,skipped,skipped,skipped,skipped,skipped,skipped,,10
7209,SNP,skipped,skipped,skipped,skipped,skipped,skipped,skipped,skipped,skipped,,10
7210,SNP,skipped,skipped,skipped,skipped,skipped,skipped,skipped,skipped,skipped,,10
7211,SNP,skipped,skipped,skipped,skipped,skipped,skipped,skipped,skipped,skipped,,10
7212,SNP,skipped,skipped,skipped,skipped,skipped,skipped,skipped,skipped,skipped,,10
7213,SNP,skipped,skipped,skipped,skipped,skipped,skipped,skipped,skipped,skipped,,10
7214,SNP,skipped,skipped,skipped,skipped,skipped,skipped,skipped,skipped,skipped,,10
7215,SNP,skipped,skipped,skipped,skipped,skipped,skipped,skipped,skipped,skipped,,10
7216,SNP,skipped,skipped,skipped,skipped,skipped,skipped,skipped,skipped,skipped,,10
7217,SNP,skipped,skipped,skipped,skipped,skipped,skipped,skipped,skipped,skipped,,10
7218,SNP,skipped,skipped,skipped,skipped,skipped,skipped,skipped,skipped,skipped,,10
7219,SNP,skipped,skipped,skipped,skipped,skipped,skipped,skipped,skipped,skipped,,10
7220,SNP,skipped,skipped,skipped,skipped,skipped,skipped,skipped,skipped,skipped,,10
7221,SNP,skipped,skipped,skipped,skipped,skipped,skipped,skipped,skipped,skipped,,10
7222,SNP,skipped,skipped,skipped,skipped,skipped,skipped,skipped,skipped,skipped,,10
7223,SNP,skipped,skipped,skipped,skipped,skipped,skipped,skipped,skipped,skipped,,10
7224,SNP,skipped,skipped,skipped,skipped,skipped,skipped,skipped,skipped,skipped,,10
7225,SNP,skipped,skipped,skipped,skipped,skipped,skipped,skipped,skipped,skipped,,10
7226,SNP,skipped,skipped,skipped,skipped,skipped,skipped,skipped,skipped,skipped,,10
7227,SNP,skipped,skipped,skipped,skipped,skipped,skipped,skipped,skipped,skipped,,10
7228,SNP,skipped,skipped,skipped,skipped,skipped,skipped,skipped,skipped,skipped,,10
7229,SNP,skipped,skipped,skipped,skipped,skipped,skipped,skipped,skipped,skipped,,10
7230,SNP,skipped,skipped,skipped,skipped,skipped,skipped,skipped,skipped,skipped,,10
7231,SNP,skipped,skipped,skipped,skipped,skipped,skipped,skipped,skipped,skipped,,10
7232,SNP,Lab,skipped,skipped,skipped,skipped,skipped,skipped,skipped,skipped,,10
7233,SNP,Lab,skipped,skipped,skipped,skipped,skipped,skipped,skipped,skipped,,10
7234,SNP,Lab,skipped,skipped,skipped,skipped,skipped,skipped,skipped,skipped,,10
7235,SNP,Lab,skipped,skipped,skipped,skipped,skipped,skipped,skipped,skipped,,10
7236,SNP,Lab,skipped,skipped,skipped,skipped,skipped,skipped,skipped,skipped,,10
7237,SNP,Lab,skipped,skipped,skipped,skipped,skipped,skipped,skipped,skipped,,10
7238,SNP,Lab,skipped,skipped,skipped,skipped,skipped,skipped,skipped,skipped,,10
7239,SNP,Lab,skipped,skipped,skipped,skipped,skipped,skipped,skipped,skipped,,10
7240,SNP,Lab,skipped,skipped,skipped,skipped,skipped,skipped,skipped,skipped,,10
7241,SNP,Lab,skipped,skipped,skipped,skipped,skipped,skipped,skipped,skipped,,10
7242,SNP,Lab,skipped,skipped,skipped,skipped,skipped,skipped,skipped,skipped,,10
7243,SNP,Lab,skipped,skipped,skipped,skipped,skipped,skipped,skipped,skipped,,10
7244,SNP,Lab,skipped,skipped,skipped,skipped,skipped,skipped,skipped,skipped,,10
7245,SNP,Lab,skipped,skipped,skipped,skipped,skipped,skipped,skipped,skipped,,10
7246,SNP,Lab,skipped,skipped,skipped,skipped,skipped,skipped,skipped,skipped,,10
7247,SNP,Lab,skipped,skipped,skipped,skipped,skipped,skipped,skipped,skipped,,10
7248,SNP,Lab,skipped,skipped,skipped,skipped,skipped,skipped,skipped,skipped,,10
7249,SNP,Lab,skipped,skipped,skipped,skipped,skipped,skipped,skipped,skipped,,10
7250,SNP,Lab,skipped,skipped,skipped,skipped,skipped,skipped,skipped,skipped,,10
7251,SNP,Lab,skipped,skipped,skipped,skipped,skipped,skipped,skipped,skipped,,10
7252,SNP,Lab,skipped,skipped,skipped,skipped,skipped,skipped,skipped,skipped,,10
7253,SNP,Lab,skipped,skipped,skipped,skipped,skipped,skipped,skipped,skipped,,10
7254,SNP,Lab,skipped,skipped,skipped,skipped,skipped,skipped,skipped,skipped,,10
7255,SNP,Lab,skipped,skipped,skipped,skipped,skipped,skipped,skipped,skipped,,10
7256,SNP,Lab,skipped,skipped,skipped,skipped,skipped,skipped,skipped,skipped,,10
7257,SNP,Lab,skipped,skipped,skipped,skipped,skipped,skipped,skipped,skipped,,10
7258,SNP,Lab,skipped,skipped,skipped,skipped,skipped,skipped,skipped,skipped,,10
7259,SNP,Lab,skipped,skipped,skipped,skipped,skipped,skipped,skipped,skipped,,10
7260,SNP,Lab,skipped,skipped,skipped,skipped,skipped,skipped,skipped,skipped,,10
7261,SNP,Lab,skipped,skipped,skipped,skipped,skipped,skipped,skipped,skipped,,10
7262,SNP,Lab,skipped,skipped,skipped,skipped,skipped,skipped,skipped,skipped,,10
7263,SNP,Lab,skipped,skipped,skipped,skipped,skipped,skipped,skipped,skipped,,10
7264,SNP,Lab,skipped,skipped,skipped,skipped,skipped,skipped,skipped,skipped,,10
7265,SNP,Lab,skipped,skipped,skipped,skipped,skipped,skipped,skipped,skipped,,10
7266,SNP,Lab,skipped,skipped,skipped,skipped,skipped,skipped,skipped,skipped,,10
7267,SNP,Lab,skipped,skipped,skipped,skipped,skipped,skipped,skipped,skipped,,10
7268,SNP,Lab,skipped,skipped,skipped,skipped,skipped,skipped,skipped,skipped,,10
7269,SNP,Lab,skipped,skipped,skipped,skipped,skipped,skipped,skipped,skipped,,10
7270,SNP,Lab,skipped,skipped,skipped,skipped,skipped,skipped,skipped,skipped,,10
7271,SNP,Lab,skipped,skipped,skipped,skipped,skipped,skipped,skipped,skipped,,10
7272,SNP,Lab,skipped,skipped,skipped,skipped,skipped,skipped,skipped,skipped,,10
7273,SNP,Lab,skipped,skipped,skipped,skipped,skipped,skipped,skipped,skipped,,10
7274,SNP,Lab,skipped,skipped,skipped,skipped,skipped,skipped,skipped,skipped,,10
7275,SNP,Lab,skipped,skipped,skipped,skipped,skipped,skipped,skipped,skipped,,10
7276,SNP,Lab,skipped,skipped,skipped,skipped,skipped,skipped,skipped,skipped,,10
7277,SNP,Lab,skipped,skipped,skipped,skipped,skipped,skipped,skipped,skipped,,10
7278,SNP,Lab,skipped,skipped,skipped,skipped,skipped,skipped,skipped,skipped,,10
7279,SNP,Lab,skipped,skipped,skipped,skipped,skipped,skipped,skipped,skipped,,10
7280,SNP,Lab,skipped,skipped,skipped,skipped,skipped,skipped,skipped,skipped,,10
7281,SNP,Lab,skipped,skipped,skipped,skipped,skipped,skipped,skipped,skipped,,10
7282,SNP,Lab,skipped,skipped,skipped,skipped,skipped,skipped,skipped,skipped,,10
7283,SNP,Lab,skipped,skipped,skipped,skipped,skipped,skipped,skipped,skipped,,10
7284,SNP,Lab,skipped,skipped,skipped,skipped,skipped,skipped,skipped,skipped,,10
7285,SNP,Lab,skipped,skipped,skipped,skipped,skipped,skipped,skipped,skipped,,10
7286,SNP,Lab,skipped,skipped,skipped,skipped,skipped,skipped,skipped,skipped,,10
7287,SNP,Lab,skipped,skipped,skipped,skipped,skipped,skipped,skipped,skipped,,10
7288,SNP,Lab,skipped,skipped,skipped,skipped,skipped,skipped,skipped,skipped,,10
7289,SNP,Lab,skipped,skipped,skipped,skipped,skipped,skipped,skipped,skipped,,10
7290,SNP,Lab,skipped,skipped,skipped,skipped,skipped,skipped,skipped,skipped,,10
7291,SNP,Lab,skipped,skipped,skipped,skipped,skipped,skipped,skipped,skipped,,10
7292,SNP,Lab,skipped,skipped,skipped,skipped,skipped,skipped,skipped,skipped,,10
7293,SNP,Lab,skipped,skipped,skipped,skipped,skipped,skipped,skipped,skipped,,10
7294,SNP,Lab,Grn,LD,Sol,Con,SU,Soc,skipped,skipped,,10
7295,SNP,Lab,Soc,Sol,skipped,skipped,skipped,skipped,skipped,skipped,,10
7296,SNP,Lab,Soc,Grn,LD,skipped,skipped,skipped,skipped,skipped,,10
7297,SNP,Lab,Soc,Grn,SU,LD,Con,Sol,skipped,skipped,,10
7298,SNP,Lab,Soc,LD,SU,Grn,Sol,Con,skipped,skipped,,10
7299,SNP,Lab,Sol,skipped,skipped,skipped,skipped,skipped,skipped,skipped,,10
7300,SNP,Lab,Sol,skipped,skipped,skipped,skipped,skipped,skipped,skipped,,10
7301,SNP,Lab,Grn,Soc,skipped,skipped,skipped,skipped,skipped,skipped,,10
7302,SNP,Lab,Grn,LD,Soc,skipped,skipped,skipped,skipped,skipped,,10
7303,SNP,Lab,Soc,skipped,skipped,skipped,skipped,skipped,skipped,skipped,,10
7304,SNP,Lab,SU,skipped,skipped,skipped,skipped,skipped,skipped,skipped,,10
7305,SNP,Lab,Con,skipped,skipped,skipped,skipped,skipped,skipped,skipped,,10
7306,SNP,Lab,Con,skipped,skipped,skipped,skipped,skipped,skipped,skipped,,10
7307,SNP,Lab,Con,LD,skipped,skipped,skipped,skipped,skipped,skipped,,10
7308,SNP,Lab,skipped,skipped,skipped,skipped,skipped,skipped,skipped,skipped,,10
7309,SNP,Lab,skipped,skipped,skipped,skipped,skipped,skipped,skipped,skipped,,10
7310,SNP,Lab,skipped,skipped,skipped,skipped,skipped,skipped,skipped,skipped,,10
7311,SNP,Lab,skipped,skipped,skipped,skipped,skipped,skipped,skipped,skipped,,10
7312,SNP,Lab,Soc,Sol,LD,Grn,Con,SU,skipped,skipped,,10
7313,SNP,Lab,Soc,LD,skipped,skipped,skipped,skipped,skipped,skipped,,10
7314,SNP,Lab,SU,skipped,skipped,skipped,skipped,skipped,skipped,skipped,,10
7315,SNP,Lab,Sol,skipped,skipped,skipped,skipped,skipped,skipped,skipped,,10
7316,SNP,Lab,Sol,skipped,skipped,skipped,skipped,skipped,skipped,skipped,,10
7317,SNP,Lab,Sol,skipped,skipped,skipped,skipped,skipped,skipped,skipped,,10
7318,SNP,Lab,Sol,skipped,skipped,skipped,skipped,skipped,skipped,skipped,,10
7319,SNP,Lab,Sol,skipped,skipped,skipped,skipped,skipped,skipped,skipped,,10
7320,SNP,Lab,Sol,skipped,skipped,skipped,skipped,skipped,skipped,skipped,,10
7321,SNP,Lab,Sol,skipped,skipped,skipped,skipped,skipped,skipped,skipped,,10
7322,SNP,Lab,Sol,skipped,skipped,skipped,skipped,skipped,skipped,skipped,,10
7323,SNP,Lab,Sol,Soc,skipped,skipped,skipped,skipped,skipped,skipped,,10
7324,SNP,Lab,Sol,Soc,skipped,skipped,skipped,skipped,skipped,skipped,,10
7325,SNP,Lab,Sol,Soc,skipped,skipped,skipped,skipped,skipped,skipped,,10
7326,SNP,Lab,Sol,LD,skipped,skipped,skipped,skipped,skipped,skipped,,10
7327,SNP,Lab,Grn,skipped,skipped,skipped,skipped,skipped,skipped,skipped,,10
7328,SNP,Lab,Grn,skipped,skipped,skipped,skipped,skipped,skipped,skipped,,10
7329,SNP,Lab,Grn,skipped,skipped,skipped,skipped,skipped,skipped,skipped,,10
7330,SNP,Lab,Grn,skipped,skipped,skipped,skipped,skipped,skipped,skipped,,10
7331,SNP,Lab,Grn,skipped,skipped,skipped,skipped,skipped,skipped,skipped,,10
7332,SNP,Lab,Grn,skipped,skipped,skipped,skipped,skipped,skipped,skipped,,10
7333,SNP,Lab,Grn,skipped,skipped,skipped,skipped,skipped,skipped,skipped,,10
7334,SNP,Lab,Grn,skipped,skipped,skipped,skipped,skipped,skipped,skipped,,10
7335,SNP,Lab,Grn,SU,skipped,skipped,skipped,skipped,skipped,skipped,,10
7336,SNP,Lab,Grn,Sol,skipped,skipped,skipped,skipped,skipped,skipped,,10
7337,SNP,Lab,Grn,Soc,skipped,skipped,skipped,skipped,skipped,skipped,,10
7338,SNP,Lab,Grn,LD,skipped,skipped,skipped,skipped,skipped,skipped,,10
7339,SNP,Lab,Grn,LD,skipped,skipped,skipped,skipped,skipped,skipped,,10
7340,SNP,Lab,Grn,LD,Soc,SU,Con,Sol,skipped,skipped,,10
7341,SNP,Lab,Soc,skipped,skipped,skipped,skipped,skipped,skipped,skipped,,10
7342,SNP,Lab,Soc,skipped,skipped,skipped,skipped,skipped,skipped,skipped,,10
7343,SNP,Lab,Soc,skipped,skipped,skipped,skipped,skipped,skipped,skipped,,10
7344,SNP,Lab,Soc,skipped,skipped,skipped,skipped,skipped,skipped,skipped,,10
7345,SNP,Lab,Soc,skipped,skipped,skipped,skipped,skipped,skipped,skipped,,10
7346,SNP,Lab,Soc,skipped,skipped,skipped,skipped,skipped,skipped,skipped,,10
7347,SNP,Lab,Soc,skipped,skipped,skipped,skipped,skipped,skipped,skipped,,10
7348,SNP,Lab,Soc,Grn,skipped,skipped,skipped,skipped,skipped,skipped,,10
7349,SNP,Lab,Soc,Grn,skipped,skipped,skipped,skipped,skipped,skipped,,10
7350,SNP,Lab,Soc,Grn,skipped,skipped,skipped,skipped,skipped,skipped,,10
7351,SNP,Lab,Soc,LD,skipped,skipped,skipped,skipped,skipped,skipped,,10
7352,SNP,Lab,Soc,LD,Sol,Grn,SU,Con,skipped,skipped,,10
7353,SNP,Lab,Soc,LD,Grn,Sol,Con,SU,skipped,skipped,,10
7354,SNP,Lab,LD,skipped,skipped,skipped,skipped,skipped,skipped,skipped,,10
7355,SNP,Lab,LD,skipped,skipped,skipped,skipped,skipped,skipped,skipped,,10
7356,SNP,Lab,LD,skipped,skipped,skipped,skipped,skipped,skipped,skipped,,10
7357,SNP,Lab,LD,skipped,skipped,skipped,skipped,skipped,skipped,skipped,,10
7358,SNP,Lab,LD,skipped,skipped,skipped,skipped,skipped,skipped,skipped,,10
7359,SNP,Lab,LD,skipped,skipped,skipped,skipped,skipped,skipped,skipped,,10
7360,SNP,Lab,LD,skipped,skipped,skipped,skipped,skipped,skipped,skipped,,10
7361,SNP,Lab,LD,skipped,skipped,skipped,skipped,skipped,skipped,skipped,,10
7362,SNP,Lab,LD,Soc,Grn,SU,Con,Sol,skipped,skipped,,10
7363,SNP,Lab,LD,SU,Grn,Soc,Con,Sol,skipped,skipped,,10
7364,SNP,Lab,SU,skipped,skipped,skipped,skipped,skipped,skipped,skipped,,10
7365,SNP,Lab,SU,skipped,skipped,skipped,skipped,skipped,skipped,skipped,,10
7366,SNP,Lab,SU,skipped,skipped,skipped,skipped,skipped,skipped,skipped,,10
7367,SNP,Lab,SU,skipped,skipped,skipped,skipped,skipped,skipped,skipped,,10
7368,SNP,Lab,SU,skipped,skipped,skipped,skipped,skipped,skipped,skipped,,10
7369,SNP,Lab,skipped,skipped,skipped,skipped,skipped,skipped,skipped,skipped,,10
7370,SNP,Lab,skipped,skipped,skipped,skipped,skipped,skipped,skipped,skipped,,10
7371,SNP,Lab,skipped,skipped,skipped,skipped,skipped,skipped,skipped,skipped,,10
7372,SNP,Lab,skipped,skipped,skipped,skipped,skipped,skipped,skipped,skipped,,10
7373,SNP,Lab,skipped,skipped,skipped,skipped,skipped,skipped,skipped,skipped,,10
7374,SNP,Lab,skipped,skipped,skipped,skipped,skipped,skipped,skipped,skipped,,10
7375,SNP,Lab,skipped,skipped,skipped,skipped,skipped,skipped,skipped,skipped,,10
7376,SNP,Lab,skipped,skipped,skipped,skipped,skipped,skipped,skipped,skipped,,10
7377,SNP,Lab,skipped,skipped,skipped,skipped,skipped,skipped,skipped,skipped,,10
7378,SNP,Lab,skipped,skipped,skipped,skipped,skipped,skipped,skipped,skipped,,10
7379,SNP,Lab,skipped,skipped,skipped,skipped,skipped,skipped,skipped,skipped,,10
7380,SNP,Lab,skipped,skipped,skipped,skipped,skipped,skipped,skipped,skipped,,10
7381,SNP,Lab,skipped,skipped,skipped,skipped,skipped,skipped,skipped,skipped,,10
7382,SNP,Lab,skipped,skipped,skipped,skipped,skipped,skipped,skipped,skipped,,10
7383,SNP,Lab,skipped,skipped,skipped,skipped,skipped,skipped,skipped,skipped,,10
7384,SNP,Lab,skipped,skipped,skipped,skipped,skipped,skipped,skipped,skipped,,10
7385,SNP,Lab,skipped,skipped,skipped,skipped,skipped,skipped,skipped,skipped,,10
7386,SNP,Lab,skipped,skipped,skipped,skipped,skipped,skipped,skipped,skipped,,10
7387,SNP,Lab,skipped,skipped,skipped,skipped,skipped,skipped,skipped,skipped,,10
7388,SNP,Lab,skipped,skipped,skipped,skipped,skipped,skipped,skipped,skipped,,10
7389,SNP,Lab,skipped,skipped,skipped,skipped,skipped,skipped,skipped,skipped,,10
7390,SNP,Lab,skipped,skipped,skipped,skipped,skipped,skipped,skipped,skipped,,10
7391,SNP,Lab,skipped,skipped,skipped,skipped,skipped,skipped,skipped,skipped,,10
7392,SNP,Lab,skipped,skipped,skipped,skipped,skipped,skipped,skipped,skipped,,10
7393,SNP,Lab,skipped,skipped,skipped,skipped,skipped,skipped,skipped,skipped,,10
7394,SNP,Lab,skipped,skipped,skipped,skipped,skipped,skipped,skipped,skipped,,10
7395,SNP,Lab,skipped,skipped,skipped,skipped,skipped,skipped,skipped,skipped,,10
7396,SNP,Lab,skipped,skipped,skipped,skipped,skipped,skipped,skipped,skipped,,10
7397,SNP,Lab,skipped,skipped,skipped,skipped,skipped,skipped,skipped,skipped,,10
7398,SNP,Lab,skipped,skipped,skipped,skipped,skipped,skipped,skipped,skipped,,10
7399,SNP,Lab,skipped,skipped,skipped,skipped,skipped,skipped,skipped,skipped,,10
7400,SNP,Lab,skipped,skipped,skipped,skipped,skipped,skipped,skipped,skipped,,10
7401,SNP,Lab,skipped,skipped,skipped,skipped,skipped,skipped,skipped,skipped,,10
7402,SNP,Lab,skipped,skipped,skipped,skipped,skipped,skipped,skipped,skipped,,10
7403,SNP,Lab,skipped,skipped,skipped,skipped,skipped,skipped,skipped,skipped,,10
7404,SNP,Lab,skipped,skipped,skipped,skipped,skipped,skipped,skipped,skipped,,10
7405,SNP,Lab,skipped,skipped,skipped,skipped,skipped,skipped,skipped,skipped,,10
7406,SNP,Lab,skipped,skipped,skipped,skipped,skipped,skipped,skipped,skipped,,10
7407,SNP,Lab,skipped,skipped,skipped,skipped,skipped,skipped,skipped,skipped,,10
7408,SNP,Lab,skipped,skipped,skipped,skipped,skipped,skipped,skipped,skipped,,10
7409,SNP,Lab,skipped,skipped,skipped,skipped,skipped,skipped,skipped,skipped,,10
7410,SNP,Lab,skipped,skipped,skipped,skipped,skipped,skipped,skipped,skipped,,10
7411,SNP,Lab,skipped,skipped,skipped,skipped,skipped,skipped,skipped,skipped,,10
7412,SNP,Lab,skipped,skipped,skipped,skipped,skipped,skipped,skipped,skipped,,10
7413,SNP,Lab,skipped,skipped,skipped,skipped,skipped,skipped,skipped,skipped,,10
7414,SNP,Lab,skipped,skipped,skipped,skipped,skipped,skipped,skipped,skipped,,10
7415,SNP,Lab,skipped,skipped,skipped,skipped,skipped,skipped,skipped,skipped,,10
7416,SNP,Lab,skipped,skipped,skipped,skipped,skipped,skipped,skipped,skipped,,10
7417,SNP,Lab,skipped,skipped,skipped,skipped,skipped,skipped,skipped,skipped,,10
7418,SNP,Lab,skipped,skipped,skipped,skipped,skipped,skipped,skipped,skipped,,10
7419,SNP,Lab,skipped,skipped,skipped,skipped,skipped,skipped,skipped,skipped,,10
7420,SNP,Lab,skipped,skipped,skipped,skipped,skipped,skipped,skipped,skipped,,10
7421,SNP,Lab,skipped,skipped,skipped,skipped,skipped,skipped,skipped,skipped,,10
7422,SNP,Lab,skipped,skipped,skipped,skipped,skipped,skipped,skipped,skipped,,10
7423,SNP,Lab,skipped,skipped,skipped,skipped,skipped,skipped,skipped,skipped,,10
7424,SNP,Lab,skipped,skipped,skipped,skipped,skipped,skipped,skipped,skipped,,10
7425,SNP,Lab,skipped,skipped,skipped,skipped,skipped,skipped,skipped,skipped,,10
7426,SNP,Lab,skipped,skipped,skipped,skipped,skipped,skipped,skipped,skipped,,10
7427,SNP,Lab,skipped,skipped,skipped,skipped,skipped,skipped,skipped,skipped,,10
7428,SNP,Lab,Con,skipped,skipped,skipped,skipped,skipped,skipped,skipped,,10
7429,SNP,Lab,Con,LD,Soc,Grn,SU,Sol,skipped,skipped,,10
7430,SNP,Lab,Con,LD,SU,Soc,Grn,Sol,skipped,skipped,,10
7431,SNP,Lab,skipped,skipped,skipped,skipped,skipped,skipped,skipped,skipped,,10
7432,SNP,Lab,skipped,skipped,skipped,skipped,skipped,skipped,skipped,skipped,,10
7433,SNP,Lab,skipped,skipped,skipped,skipped,skipped,skipped,skipped,skipped,,10
7434,SNP,Lab,skipped,skipped,skipped,skipped,skipped,skipped,skipped,skipped,,10
7435,SNP,Lab,Sol,skipped,skipped,skipped,skipped,skipped,skipped,skipped,,10
7436,SNP,Lab,Grn,skipped,skipped,skipped,skipped,skipped,skipped,skipped,,10
7437,SNP,Lab,Grn,Sol,LD,skipped,skipped,skipped,skipped,skipped,,10
7438,SNP,Lab,LD,Grn,SU,Soc,Sol,Con,skipped,skipped,,10
7439,SNP,Lab,SU,LD,skipped,skipped,skipped,skipped,skipped,skipped,,10
7440,SNP,Lab,Sol,skipped,skipped,skipped,skipped,skipped,skipped,skipped,,10
7441,SNP,Lab,Sol,Soc,LD,Con,Grn,SU,skipped,skipped,,10
7442,SNP,Lab,Grn,skipped,skipped,skipped,skipped,skipped,skipped,skipped,,10
7443,SNP,Lab,Grn,LD,skipped,skipped,skipped,skipped,skipped,skipped,,10
7444,SNP,Lab,Soc,Grn,LD,SU,Con,Sol,skipped,skipped,,10
7445,SNP,Lab,Soc,Grn,LD,Sol,SU,Con,skipped,skipped,,10
7446,SNP,Lab,LD,skipped,skipped,skipped,skipped,skipped,skipped,skipped,,10
7447,SNP,Lab,LD,skipped,skipped,skipped,skipped,skipped,skipped,skipped,,10
7448,SNP,Lab,LD,skipped,skipped,skipped,skipped,skipped,skipped,skipped,,10
7449,SNP,Lab,Con,skipped,skipped,skipped,skipped,skipped,skipped,skipped,,10
7450,SNP,Lab,Con,skipped,skipped,skipped,skipped,skipped,skipped,skipped,,10
7451,SNP,Lab,Con,Sol,skipped,skipped,skipped,skipped,skipped,skipped,,10
7452,SNP,Lab,skipped,skipped,skipped,skipped,skipped,skipped,skipped,skipped,,10
7453,SNP,Lab,skipped,skipped,skipped,skipped,skipped,skipped,skipped,skipped,,10
7454,SNP,Lab,skipped,skipped,skipped,skipped,skipped,skipped,skipped,skipped,,10
7455,SNP,Lab,skipped,skipped,skipped,skipped,skipped,skipped,skipped,skipped,,10
7456,SNP,Lab,skipped,skipped,skipped,skipped,skipped,skipped,skipped,skipped,,10
7457,SNP,Lab,skipped,skipped,skipped,skipped,skipped,skipped,skipped,skipped,,10
7458,SNP,Lab,skipped,skipped,skipped,skipped,skipped,skipped,skipped,skipped,,10
7459,SNP,Lab,skipped,skipped,skipped,skipped,skipped,skipped,skipped,skipped,,10
7460,SNP,Lab,skipped,skipped,skipped,skipped,skipped,skipped,skipped,skipped,,10
7461,SNP,Lab,skipped,skipped,skipped,skipped,skipped,skipped,skipped,skipped,,10
7462,SNP,Lab,skipped,skipped,skipped,skipped,skipped,skipped,skipped,skipped,,10
7463,SNP,Lab,skipped,skipped,skipped,skipped,skipped,skipped,skipped,skipped,,10
7464,SNP,Lab,skipped,skipped,skipped,skipped,skipped,skipped,skipped,skipped,,10
7465,SNP,Lab,skipped,skipped,skipped,skipped,skipped,skipped,skipped,skipped,,10
7466,SNP,Lab,skipped,skipped,skipped,skipped,skipped,skipped,skipped,skipped,,10
7467,SNP,Lab,skipped,skipped,skipped,skipped,skipped,skipped,skipped,skipped,,10
7468,SNP,Lab,skipped,skipped,skipped,skipped,skipped,skipped,skipped,skipped,,10
7469,SNP,Lab,skipped,skipped,skipped,skipped,skipped,skipped,skipped,skipped,,10
7470,SNP,Lab,skipped,skipped,skipped,skipped,skipped,skipped,skipped,skipped,,10
7471,SNP,Lab,skipped,skipped,skipped,skipped,skipped,skipped,skipped,skipped,,10
7472,SNP,Lab,skipped,skipped,skipped,skipped,skipped,skipped,skipped,skipped,,10
7473,SNP,Lab,Sol,LD,Soc,Grn,Con,skipped,skipped,skipped,,10
7474,SNP,Lab,Grn,Soc,skipped,skipped,skipped,skipped,skipped,skipped,,10
7475,SNP,Lab,Soc,skipped,skipped,skipped,skipped,skipped,skipped,skipped,,10
7476,SNP,Lab,Soc,Con,Sol,Grn,skipped,skipped,skipped,skipped,,10
7477,SNP,Lab,Soc,LD,Sol,Con,Grn,SU,skipped,skipped,,10
7478,SNP,Lab,Soc,LD,Sol,SU,Grn,Con,skipped,skipped,,10
7479,SNP,Lab,LD,skipped,skipped,skipped,skipped,skipped,skipped,skipped,,10
7480,SNP,Lab,LD,Soc,Sol,SU,Grn,Con,skipped,skipped,,10
7481,SNP,Lab,Con,skipped,skipped,skipped,skipped,skipped,skipped,skipped,,10
7482,SNP,Lab,Con,skipped,skipped,skipped,skipped,skipped,skipped,skipped,,10
7483,SNP,Lab,Sol,skipped,skipped,skipped,skipped,skipped,skipped,skipped,,10
7484,SNP,Lab,Sol,Soc,LD,skipped,skipped,skipped,skipped,skipped,,10
7485,SNP,Lab,Grn,LD,Sol,Soc,SU,Con,skipped,skipped,,10
7486,SNP,Lab,Soc,skipped,skipped,skipped,skipped,skipped,skipped,skipped,,10
7487,SNP,Lab,Sol,skipped,skipped,skipped,skipped,skipped,skipped,skipped,,10
7488,SNP,Lab,Sol,skipped,skipped,skipped,skipped,skipped,skipped,skipped,,10
7489,SNP,Lab,Sol,skipped,skipped,skipped,skipped,skipped,skipped,skipped,,10
7490,SNP,Lab,Sol,skipped,skipped,skipped,skipped,skipped,skipped,skipped,,10
7491,SNP,Lab,Sol,skipped,skipped,skipped,skipped,skipped,skipped,skipped,,10
7492,SNP,Lab,Sol,skipped,skipped,skipped,skipped,skipped,skipped,skipped,,10
7493,SNP,Lab,Sol,skipped,skipped,skipped,skipped,skipped,skipped,skipped,,10
7494,SNP,Lab,Sol,skipped,skipped,skipped,skipped,skipped,skipped,skipped,,10
7495,SNP,Lab,Sol,Soc,skipped,skipped,skipped,skipped,skipped,skipped,,10
7496,SNP,Lab,Sol,Soc,skipped,skipped,skipped,skipped,skipped,skipped,,10
7497,SNP,Lab,Grn,skipped,skipped,skipped,skipped,skipped,skipped,skipped,,10
7498,SNP,Lab,Grn,skipped,skipped,skipped,skipped,skipped,skipped,skipped,,10
7499,SNP,Lab,Grn,skipped,skipped,skipped,skipped,skipped,skipped,skipped,,10
7500,SNP,Lab,Grn,skipped,skipped,skipped,skipped,skipped,skipped,skipped,,10
7501,SNP,Lab,Grn,skipped,skipped,skipped,skipped,skipped,skipped,skipped,,10
7502,SNP,Lab,Grn,skipped,skipped,skipped,skipped,skipped,skipped,skipped,,10
7503,SNP,Lab,Grn,Soc,skipped,skipped,skipped,skipped,skipped,skipped,,10
7504,SNP,Lab,Grn,Con,skipped,skipped,skipped,skipped,skipped,skipped,,10
7505,SNP,Lab,Grn,Con,LD,Sol,skipped,skipped,skipped,skipped,,10
7506,SNP,Lab,Grn,skipped,skipped,skipped,skipped,skipped,skipped,skipped,,10
7507,SNP,Lab,Grn,Soc,skipped,skipped,skipped,skipped,skipped,skipped,,10
7508,SNP,Lab,Grn,LD,skipped,skipped,skipped,skipped,skipped,skipped,,10
7509,SNP,Lab,Grn,Soc,skipped,skipped,skipped,skipped,skipped,skipped,,10
7510,SNP,Lab,Grn,Soc,skipped,skipped,skipped,skipped,skipped,skipped,,10
7511,SNP,Lab,Soc,skipped,skipped,skipped,skipped,skipped,skipped,skipped,,10
7512,SNP,Lab,Soc,skipped,skipped,skipped,skipped,skipped,skipped,skipped,,10
7513,SNP,Lab,Soc,skipped,skipped,skipped,skipped,skipped,skipped,skipped,,10
7514,SNP,Lab,Soc,skipped,skipped,skipped,skipped,skipped,skipped,skipped,,10
7515,SNP,Lab,Soc,skipped,skipped,skipped,skipped,skipped,skipped,skipped,,10
7516,SNP,Lab,Soc,skipped,skipped,skipped,skipped,skipped,skipped,skipped,,10
7517,SNP,Lab,Soc,LD,Con,Sol,Grn,SU,skipped,skipped,,10
7518,SNP,Lab,Soc,skipped,skipped,skipped,skipped,skipped,skipped,skipped,,10
7519,SNP,Lab,Soc,Sol,Con,LD,SU,Grn,skipped,skipped,,10
7520,SNP,Lab,Soc,Grn,SU,LD,Con,Sol,skipped,skipped,,10
7521,SNP,Lab,Soc,Sol,skipped,skipped,skipped,skipped,skipped,skipped,,10
7522,SNP,Lab,Soc,Sol,skipped,skipped,skipped,skipped,skipped,skipped,,10
7523,SNP,Lab,Soc,Sol,LD,Grn,SU,Con,skipped,skipped,,10
7524,SNP,Lab,Soc,Sol,Grn,SU,LD,Con,skipped,skipped,,10
7525,SNP,Lab,Soc,Sol,SU,skipped,skipped,skipped,skipped,skipped,,10
7526,SNP,Lab,Soc,Grn,Con,LD,Sol,SU,skipped,skipped,,10
7527,SNP,Lab,Soc,Grn,LD,Sol,skipped,skipped,skipped,skipped,,10
7528,SNP,Lab,Soc,SU,Grn,Sol,LD,Con,skipped,skipped,,10
7529,SNP,Lab,Soc,SU,LD,Con,Sol,Grn,skipped,skipped,,10
7530,SNP,Lab,LD,skipped,skipped,skipped,skipped,skipped,skipped,skipped,,10
7531,SNP,Lab,LD,skipped,skipped,skipped,skipped,skipped,skipped,skipped,,10
7532,SNP,Lab,LD,skipped,skipped,skipped,skipped,skipped,skipped,skipped,,10
7533,SNP,Lab,LD,skipped,skipped,skipped,skipped,skipped,skipped,skipped,,10
7534,SNP,Lab,LD,skipped,skipped,skipped,skipped,skipped,skipped,skipped,,10
7535,SNP,Lab,LD,skipped,skipped,skipped,skipped,skipped,skipped,skipped,,10
7536,SNP,Lab,LD,Sol,skipped,skipped,skipped,skipped,skipped,skipped,,10
7537,SNP,Lab,LD,Con,Grn,Soc,SU,Sol,skipped,skipped,,10
7538,SNP,Lab,LD,Sol,skipped,skipped,skipped,skipped,skipped,skipped,,10
7539,SNP,Lab,LD,Grn,skipped,skipped,skipped,skipped,skipped,skipped,,10
7540,SNP,Lab,LD,Grn,skipped,skipped,skipped,skipped,skipped,skipped,,10
7541,SNP,Lab,LD,Grn,Con,Sol,SU,Soc,skipped,skipped,,10
7542,SNP,Lab,LD,Grn,Soc,skipped,skipped,skipped,skipped,skipped,,10
7543,SNP,Lab,LD,Soc,Grn,Sol,SU,Con,skipped,skipped,,10
7544,SNP,Lab,SU,skipped,skipped,skipped,skipped,skipped,skipped,skipped,,10
7545,SNP,Lab,SU,skipped,skipped,skipped,skipped,skipped,skipped,skipped,,10
7546,SNP,Lab,SU,skipped,skipped,skipped,skipped,skipped,skipped,skipped,,10
7547,SNP,Lab,SU,Grn,skipped,skipped,skipped,skipped,skipped,skipped,,10
7548,SNP,Lab,SU,Grn,LD,Con,Soc,Sol,skipped,skipped,,10
7549,SNP,Con,skipped,skipped,skipped,skipped,skipped,skipped,skipped,skipped,,10
7550,SNP,Con,skipped,skipped,skipped,skipped,skipped,skipped,skipped,skipped,,10
7551,SNP,Con,skipped,skipped,skipped,skipped,skipped,skipped,skipped,skipped,,10
7552,SNP,Con,skipped,skipped,skipped,skipped,skipped,skipped,skipped,skipped,,10
7553,SNP,Con,skipped,skipped,skipped,skipped,skipped,skipped,skipped,skipped,,10
7554,SNP,Con,skipped,skipped,skipped,skipped,skipped,skipped,skipped,skipped,,10
7555,SNP,Con,skipped,skipped,skipped,skipped,skipped,skipped,skipped,skipped,,10
7556,SNP,Con,skipped,skipped,skipped,skipped,skipped,skipped,skipped,skipped,,10
7557,SNP,Con,skipped,skipped,skipped,skipped,skipped,skipped,skipped,skipped,,10
7558,SNP,Con,skipped,skipped,skipped,skipped,skipped,skipped,skipped,skipped,,10
7559,SNP,Con,skipped,skipped,skipped,skipped,skipped,skipped,skipped,skipped,,10
7560,SNP,Con,skipped,skipped,skipped,skipped,skipped,skipped,skipped,skipped,,10
7561,SNP,Con,skipped,skipped,skipped,skipped,skipped,skipped,skipped,skipped,,10
7562,SNP,Con,skipped,skipped,skipped,skipped,skipped,skipped,skipped,skipped,,10
7563,SNP,Con,skipped,skipped,skipped,skipped,skipped,skipped,skipped,skipped,,10
7564,SNP,Con,skipped,skipped,skipped,skipped,skipped,skipped,skipped,skipped,,10
7565,SNP,Con,skipped,skipped,skipped,skipped,skipped,skipped,skipped,skipped,,10
7566,SNP,Con,skipped,skipped,skipped,skipped,skipped,skipped,skipped,skipped,,10
7567,SNP,Con,skipped,skipped,skipped,skipped,skipped,skipped,skipped,skipped,,10
7568,SNP,Con,skipped,skipped,skipped,skipped,skipped,skipped,skipped,skipped,,10
7569,SNP,Con,skipped,skipped,skipped,skipped,skipped,skipped,skipped,skipped,,10
7570,SNP,Con,skipped,skipped,skipped,skipped,skipped,skipped,skipped,skipped,,10
7571,SNP,Con,skipped,skipped,skipped,skipped,skipped,skipped,skipped,skipped,,10
7572,SNP,Con,skipped,skipped,skipped,skipped,skipped,skipped,skipped,skipped,,10
7573,SNP,Con,Lab,skipped,skipped,skipped,skipped,skipped,skipped,skipped,,10
7574,SNP,Con,Lab,skipped,skipped,skipped,skipped,skipped,skipped,skipped,,10
7575,SNP,Con,Lab,Grn,skipped,skipped,skipped,skipped,skipped,skipped,,10
7576,SNP,Con,Lab,Grn,skipped,skipped,skipped,skipped,skipped,skipped,,10
7577,SNP,Con,Lab,Soc,LD,Grn,SU,Sol,skipped,skipped,,10
7578,SNP,Con,Lab,LD,skipped,skipped,skipped,skipped,skipped,skipped,,10
7579,SNP,Con,Lab,skipped,skipped,skipped,skipped,skipped,skipped,skipped,,10
7580,SNP,Con,Lab,skipped,skipped,skipped,skipped,skipped,skipped,skipped,,10
7581,SNP,Con,Lab,LD,Grn,SU,Soc,Sol,skipped,skipped,,10
7582,SNP,Con,Lab,LD,Grn,SU,Soc,Sol,skipped,skipped,,10
7583,SNP,Con,Lab,Sol,skipped,skipped,skipped,skipped,skipped,skipped,,10
7584,SNP,Con,Lab,Soc,SU,LD,Sol,skipped,skipped,skipped,,10
7585,SNP,Con,Lab,skipped,skipped,skipped,skipped,skipped,skipped,skipped,,10
7586,SNP,Con,Lab,LD,skipped,skipped,skipped,skipped,skipped,skipped,,10
7587,SNP,Con,Sol,skipped,skipped,skipped,skipped,skipped,skipped,skipped,,10
7588,SNP,Con,Sol,skipped,skipped,skipped,skipped,skipped,skipped,skipped,,10
7589,SNP,Con,Sol,Grn,skipped,skipped,skipped,skipped,skipped,skipped,,10
7590,SNP,Con,Sol,Grn,skipped,skipped,skipped,skipped,skipped,skipped,,10
7591,SNP,Con,Sol,LD,Soc,Grn,skipped,skipped,skipped,skipped,,10
7592,SNP,Con,Grn,skipped,skipped,skipped,skipped,skipped,skipped,skipped,,10
7593,SNP,Con,Grn,skipped,skipped,skipped,skipped,skipped,skipped,skipped,,10
7594,SNP,Con,Grn,skipped,skipped,skipped,skipped,skipped,skipped,skipped,,10
7595,SNP,Con,Grn,skipped,skipped,skipped,skipped,skipped,skipped,skipped,,10
7596,SNP,Con,Grn,skipped,skipped,skipped,skipped,skipped,skipped,skipped,,10
7597,SNP,Con,Grn,Lab,skipped,skipped,skipped,skipped,skipped,skipped,,10
7598,SNP,Con,Grn,Lab,skipped,skipped,skipped,skipped,skipped,skipped,,10
7599,SNP,Con,Grn,LD,skipped,skipped,skipped,skipped,skipped,skipped,,10
7600,SNP,Con,Grn,SU,LD,skipped,skipped,skipped,skipped,skipped,,10
7601,SNP,Con,Grn,SU,LD,Sol,Soc,Lab,skipped,skipped,,10
7602,SNP,Con,LD,skipped,skipped,skipped,skipped,skipped,skipped,skipped,,10
7603,SNP,Con,LD,skipped,skipped,skipped,skipped,skipped,skipped,skipped,,10
7604,SNP,Con,LD,skipped,skipped,skipped,skipped,skipped,skipped,skipped,,10
7605,SNP,Con,LD,skipped,skipped,skipped,skipped,skipped,skipped,skipped,,10
7606,SNP,Con,LD,skipped,skipped,skipped,skipped,skipped,skipped,skipped,,10
7607,SNP,Con,LD,skipped,skipped,skipped,skipped,skipped,skipped,skipped,,10
7608,SNP,Con,LD,skipped,skipped,skipped,skipped,skipped,skipped,skipped,,10
7609,SNP,Con,LD,skipped,skipped,skipped,skipped,skipped,skipped,skipped,,10
7610,SNP,Con,LD,Lab,SU,Grn,Soc,Sol,skipped,skipped,,10
7611,SNP,Con,LD,Lab,Grn,Soc,Sol,SU,skipped,skipped,,10
7612,SNP,Con,LD,Lab,Soc,Grn,SU,Sol,skipped,skipped,,10
7613,SNP,Con,LD,Sol,skipped,skipped,skipped,skipped,skipped,skipped,,10
7614,SNP,Con,LD,Grn,skipped,skipped,skipped,skipped,skipped,skipped,,10
7615,SNP,Con,LD,Grn,Lab,Soc,Sol,SU,skipped,skipped,,10
7616,SNP,Con,LD,Soc,Lab,SU,Sol,Grn,skipped,skipped,,10
7617,SNP,Con,LD,Soc,Sol,SU,Grn,skipped,skipped,skipped,,10
7618,SNP,Con,LD,SU,skipped,skipped,skipped,skipped,skipped,skipped,,10
7619,SNP,Con,LD,SU,skipped,skipped,skipped,skipped,skipped,skipped,,10
7620,SNP,Con,SU,skipped,skipped,skipped,skipped,skipped,skipped,skipped,,10
7621,SNP,Con,SU,skipped,skipped,skipped,skipped,skipped,skipped,skipped,,10
7622,SNP,Con,SU,skipped,skipped,skipped,skipped,skipped,skipped,skipped,,10
7623,SNP,Con,SU,skipped,skipped,skipped,skipped,skipped,skipped,skipped,,10
7624,SNP,Con,SU,Grn,Lab,Soc,LD,Sol,skipped,skipped,,10
7625,SNP,Con,SU,Soc,Grn,LD,Sol,Lab,skipped,skipped,,10
7626,SNP,Lab,skipped,skipped,skipped,skipped,skipped,skipped,skipped,skipped,,10
7627,SNP,Lab,skipped,skipped,skipped,skipped,skipped,skipped,skipped,skipped,,10
7628,SNP,Lab,skipped,skipped,skipped,skipped,skipped,skipped,skipped,skipped,,10
7629,SNP,Lab,skipped,skipped,skipped,skipped,skipped,skipped,skipped,skipped,,10
7630,SNP,Lab,skipped,skipped,skipped,skipped,skipped,skipped,skipped,skipped,,10
7631,SNP,Lab,skipped,skipped,skipped,skipped,skipped,skipped,skipped,skipped,,10
7632,SNP,Lab,skipped,skipped,skipped,skipped,skipped,skipped,skipped,skipped,,10
7633,SNP,Lab,skipped,skipped,skipped,skipped,skipped,skipped,skipped,skipped,,10
7634,SNP,Lab,skipped,skipped,skipped,skipped,skipped,skipped,skipped,skipped,,10
7635,SNP,Lab,skipped,skipped,skipped,skipped,skipped,skipped,skipped,skipped,,10
7636,SNP,Lab,skipped,skipped,skipped,skipped,skipped,skipped,skipped,skipped,,10
7637,SNP,Lab,skipped,skipped,skipped,skipped,skipped,skipped,skipped,skipped,,10
7638,SNP,Lab,skipped,skipped,skipped,skipped,skipped,skipped,skipped,skipped,,10
7639,SNP,Lab,skipped,skipped,skipped,skipped,skipped,skipped,skipped,skipped,,10
7640,SNP,Lab,skipped,skipped,skipped,skipped,skipped,skipped,skipped,skipped,,10
7641,SNP,Lab,skipped,skipped,skipped,skipped,skipped,skipped,skipped,skipped,,10
7642,SNP,Lab,skipped,skipped,skipped,skipped,skipped,skipped,skipped,skipped,,10
7643,SNP,Lab,skipped,skipped,skipped,skipped,skipped,skipped,skipped,skipped,,10
7644,SNP,Lab,skipped,skipped,skipped,skipped,skipped,skipped,skipped,skipped,,10
7645,SNP,Lab,skipped,skipped,skipped,skipped,skipped,skipped,skipped,skipped,,10
7646,SNP,Lab,skipped,skipped,skipped,skipped,skipped,skipped,skipped,skipped,,10
7647,SNP,Lab,Sol,Grn,Soc,LD,SU,Con,skipped,skipped,,10
7648,SNP,Lab,Grn,Sol,Con,LD,Soc,SU,skipped,skipped,,10
7649,SNP,Lab,Grn,SU,skipped,skipped,skipped,skipped,skipped,skipped,,10
7650,SNP,Lab,Soc,skipped,skipped,skipped,skipped,skipped,skipped,skipped,,10
7651,SNP,Lab,Soc,Grn,SU,LD,Sol,Con,skipped,skipped,,10
7652,SNP,Lab,Sol,skipped,skipped,skipped,skipped,skipped,skipped,skipped,,10
7653,SNP,Lab,Grn,skipped,skipped,skipped,skipped,skipped,skipped,skipped,,10
7654,SNP,Lab,Grn,SU,LD,Con,Sol,Soc,skipped,skipped,,10
7655,SNP,Lab,skipped,skipped,skipped,skipped,skipped,skipped,skipped,skipped,,10
7656,SNP,Lab,skipped,skipped,skipped,skipped,skipped,skipped,skipped,skipped,,10
7657,SNP,Lab,skipped,skipped,skipped,skipped,skipped,skipped,skipped,skipped,,10
7658,SNP,Lab,skipped,skipped,skipped,skipped,skipped,skipped,skipped,skipped,,10
7659,SNP,Lab,skipped,skipped,skipped,skipped,skipped,skipped,skipped,skipped,,10
7660,SNP,Lab,skipped,skipped,skipped,skipped,skipped,skipped,skipped,skipped,,10
7661,SNP,Lab,skipped,skipped,skipped,skipped,skipped,skipped,skipped,skipped,,10
7662,SNP,Lab,skipped,skipped,skipped,skipped,skipped,skipped,skipped,skipped,,10
7663,SNP,Lab,skipped,skipped,skipped,skipped,skipped,skipped,skipped,skipped,,10
7664,SNP,Lab,skipped,skipped,skipped,skipped,skipped,skipped,skipped,skipped,,10
7665,SNP,Lab,skipped,skipped,skipped,skipped,skipped,skipped,skipped,skipped,,10
7666,SNP,Lab,skipped,skipped,skipped,skipped,skipped,skipped,skipped,skipped,,10
7667,SNP,Lab,skipped,skipped,skipped,skipped,skipped,skipped,skipped,skipped,,10
7668,SNP,Lab,skipped,skipped,skipped,skipped,skipped,skipped,skipped,skipped,,10
7669,SNP,Lab,skipped,skipped,skipped,skipped,skipped,skipped,skipped,skipped,,10
7670,SNP,Lab,skipped,skipped,skipped,skipped,skipped,skipped,skipped,skipped,,10
7671,SNP,Lab,skipped,skipped,skipped,skipped,skipped,skipped,skipped,skipped,,10
7672,SNP,Lab,skipped,skipped,skipped,skipped,skipped,skipped,skipped,skipped,,10
7673,SNP,Lab,skipped,skipped,skipped,skipped,skipped,skipped,skipped,skipped,,10
7674,SNP,Lab,Sol,LD,Grn,Soc,SU,Con,skipped,skipped,,10
7675,SNP,Lab,LD,Con,Soc,Grn,SU,Sol,skipped,skipped,,10
7676,SNP,Lab,LD,Soc,Grn,SU,Con,Sol,skipped,skipped,,10
7677,SNP,Lab,Con,Sol,LD,SU,Soc,Grn,skipped,skipped,,10
7678,SNP,Lab,Sol,skipped,skipped,skipped,skipped,skipped,skipped,skipped,,10
7679,SNP,Lab,Sol,skipped,skipped,skipped,skipped,skipped,skipped,skipped,,10
7680,SNP,Lab,Sol,Soc,Grn,SU,LD,Con,skipped,skipped,,10
7681,SNP,Lab,Grn,skipped,skipped,skipped,skipped,skipped,skipped,skipped,,10
7682,SNP,Lab,Grn,Sol,LD,Soc,Con,SU,skipped,skipped,,10
7683,SNP,Lab,LD,Sol,SU,Soc,Grn,skipped,skipped,skipped,,10
7684,SNP,Lab,Sol,skipped,skipped,skipped,skipped,skipped,skipped,skipped,,10
7685,SNP,Lab,Sol,Soc,skipped,skipped,skipped,skipped,skipped,skipped,,10
7686,SNP,Lab,Grn,skipped,skipped,skipped,skipped,skipped,skipped,skipped,,10
7687,SNP,Lab,Grn,skipped,skipped,skipped,skipped,skipped,skipped,skipped,,10
7688,SNP,Lab,Grn,skipped,skipped,skipped,skipped,skipped,skipped,skipped,,10
7689,SNP,Lab,Grn,Con,skipped,skipped,skipped,skipped,skipped,skipped,,10
7690,SNP,Lab,Grn,Sol,skipped,skipped,skipped,skipped,skipped,skipped,,10
7691,SNP,Lab,Grn,LD,skipped,skipped,skipped,skipped,skipped,skipped,,10
7692,SNP,Lab,Grn,LD,Con,Sol,SU,Soc,skipped,skipped,,10
7693,SNP,Lab,Soc,skipped,skipped,skipped,skipped,skipped,skipped,skipped,,10
7694,SNP,Lab,Soc,skipped,skipped,skipped,skipped,skipped,skipped,skipped,,10
7695,SNP,Lab,Soc,Sol,skipped,skipped,skipped,skipped,skipped,skipped,,10
7696,SNP,Lab,Soc,LD,Grn,SU,Con,skipped,skipped,skipped,,10
7697,SNP,Lab,Soc,Grn,SU,LD,Con,Sol,skipped,skipped,,10
7698,SNP,Lab,Soc,LD,Con,Sol,skipped,skipped,skipped,skipped,,10
7699,SNP,Lab,LD,skipped,skipped,skipped,skipped,skipped,skipped,skipped,,10
7700,SNP,Lab,LD,skipped,skipped,skipped,skipped,skipped,skipped,skipped,,10
7701,SNP,Lab,LD,skipped,skipped,skipped,skipped,skipped,skipped,skipped,,10
7702,SNP,Lab,LD,skipped,skipped,skipped,skipped,skipped,skipped,skipped,,10
7703,SNP,Lab,LD,skipped,skipped,skipped,skipped,skipped,skipped,skipped,,10
7704,SNP,Lab,LD,skipped,skipped,skipped,skipped,skipped,skipped,skipped,,10
7705,SNP,Lab,LD,skipped,skipped,skipped,skipped,skipped,skipped,skipped,,10
7706,SNP,Lab,LD,skipped,skipped,skipped,skipped,skipped,skipped,skipped,,10
7707,SNP,Lab,LD,Con,skipped,skipped,skipped,skipped,skipped,skipped,,10
7708,SNP,Lab,LD,Con,skipped,skipped,skipped,skipped,skipped,skipped,,10
7709,SNP,Lab,LD,Grn,Sol,Soc,skipped,skipped,skipped,skipped,,10
7710,SNP,Lab,SU,skipped,skipped,skipped,skipped,skipped,skipped,skipped,,10
7711,SNP,Lab,SU,LD,Con,Soc,Sol,Grn,skipped,skipped,,10
7712,SNP,Sol,skipped,skipped,skipped,skipped,skipped,skipped,skipped,skipped,,10
7713,SNP,Sol,skipped,skipped,skipped,skipped,skipped,skipped,skipped,skipped,,10
7714,SNP,Sol,skipped,skipped,skipped,skipped,skipped,skipped,skipped,skipped,,10
7715,SNP,Sol,skipped,skipped,skipped,skipped,skipped,skipped,skipped,skipped,,10
7716,SNP,Sol,skipped,skipped,skipped,skipped,skipped,skipped,skipped,skipped,,10
7717,SNP,Sol,skipped,skipped,skipped,skipped,skipped,skipped,skipped,skipped,,10
7718,SNP,Sol,skipped,skipped,skipped,skipped,skipped,skipped,skipped,skipped,,10
7719,SNP,Sol,skipped,skipped,skipped,skipped,skipped,skipped,skipped,skipped,,10
7720,SNP,Sol,skipped,skipped,skipped,skipped,skipped,skipped,skipped,skipped,,10
7721,SNP,Sol,skipped,skipped,skipped,skipped,skipped,skipped,skipped,skipped,,10
7722,SNP,Sol,skipped,skipped,skipped,skipped,skipped,skipped,skipped,skipped,,10
7723,SNP,Sol,skipped,skipped,skipped,skipped,skipped,skipped,skipped,skipped,,10
7724,SNP,Sol,skipped,skipped,skipped,skipped,skipped,skipped,skipped,skipped,,10
7725,SNP,Sol,skipped,skipped,skipped,skipped,skipped,skipped,skipped,skipped,,10
7726,SNP,Sol,skipped,skipped,skipped,skipped,skipped,skipped,skipped,skipped,,10
7727,SNP,Sol,skipped,skipped,skipped,skipped,skipped,skipped,skipped,skipped,,10
7728,SNP,Sol,skipped,skipped,skipped,skipped,skipped,skipped,skipped,skipped,,10
7729,SNP,Sol,skipped,skipped,skipped,skipped,skipped,skipped,skipped,skipped,,10
7730,SNP,Sol,skipped,skipped,skipped,skipped,skipped,skipped,skipped,skipped,,10
7731,SNP,Sol,skipped,skipped,skipped,skipped,skipped,skipped,skipped,skipped,,10
7732,SNP,Sol,skipped,skipped,skipped,skipped,skipped,skipped,skipped,skipped,,10
7733,SNP,Sol,skipped,skipped,skipped,skipped,skipped,skipped,skipped,skipped,,10
7734,SNP,Sol,skipped,skipped,skipped,skipped,skipped,skipped,skipped,skipped,,10
7735,SNP,Sol,skipped,skipped,skipped,skipped,skipped,skipped,skipped,skipped,,10
7736,SNP,Sol,skipped,skipped,skipped,skipped,skipped,skipped,skipped,skipped,,10
7737,SNP,Sol,skipped,skipped,skipped,skipped,skipped,skipped,skipped,skipped,,10
7738,SNP,Sol,skipped,skipped,skipped,skipped,skipped,skipped,skipped,skipped,,10
7739,SNP,Sol,skipped,skipped,skipped,skipped,skipped,skipped,skipped,skipped,,10
7740,SNP,Sol,skipped,skipped,skipped,skipped,skipped,skipped,skipped,skipped,,10
7741,SNP,Sol,skipped,skipped,skipped,skipped,skipped,skipped,skipped,skipped,,10
7742,SNP,Sol,skipped,skipped,skipped,skipped,skipped,skipped,skipped,skipped,,10
7743,SNP,Sol,skipped,skipped,skipped,skipped,skipped,skipped,skipped,skipped,,10
7744,SNP,Sol,skipped,skipped,skipped,skipped,skipped,skipped,skipped,skipped,,10
7745,SNP,Sol,skipped,skipped,skipped,skipped,skipped,skipped,skipped,skipped,,10
7746,SNP,Sol,skipped,skipped,skipped,skipped,skipped,skipped,skipped,skipped,,10
7747,SNP,Sol,skipped,skipped,skipped,skipped,skipped,skipped,skipped,skipped,,10
7748,SNP,Sol,skipped,skipped,skipped,skipped,skipped,skipped,skipped,skipped,,10
7749,SNP,Sol,skipped,skipped,skipped,skipped,skipped,skipped,skipped,skipped,,10
7750,SNP,Sol,skipped,skipped,skipped,skipped,skipped,skipped,skipped,skipped,,10
7751,SNP,Sol,skipped,skipped,skipped,skipped,skipped,skipped,skipped,skipped,,10
7752,SNP,Sol,skipped,skipped,skipped,skipped,skipped,skipped,skipped,skipped,,10
7753,SNP,Sol,skipped,skipped,skipped,skipped,skipped,skipped,skipped,skipped,,10
7754,SNP,Sol,skipped,skipped,skipped,skipped,skipped,skipped,skipped,skipped,,10
7755,SNP,Sol,skipped,skipped,skipped,skipped,skipped,skipped,skipped,skipped,,10
7756,SNP,Sol,skipped,skipped,skipped,skipped,skipped,skipped,skipped,skipped,,10
7757,SNP,Sol,skipped,skipped,skipped,skipped,skipped,skipped,skipped,skipped,,10
7758,SNP,Sol,skipped,skipped,skipped,skipped,skipped,skipped,skipped,skipped,,10
7759,SNP,Sol,skipped,skipped,skipped,skipped,skipped,skipped,skipped,skipped,,10
7760,SNP,Sol,skipped,skipped,skipped,skipped,skipped,skipped,skipped,skipped,,10
7761,SNP,Sol,skipped,skipped,skipped,skipped,skipped,skipped,skipped,skipped,,10
7762,SNP,Sol,skipped,skipped,skipped,skipped,skipped,skipped,skipped,skipped,,10
7763,SNP,Sol,skipped,skipped,skipped,skipped,skipped,skipped,skipped,skipped,,10
7764,SNP,Sol,skipped,skipped,skipped,skipped,skipped,skipped,skipped,skipped,,10
7765,SNP,Sol,skipped,skipped,skipped,skipped,skipped,skipped,skipped,skipped,,10
7766,SNP,Sol,skipped,skipped,skipped,skipped,skipped,skipped,skipped,skipped,,10
7767,SNP,Sol,skipped,skipped,skipped,skipped,skipped,skipped,skipped,skipped,,10
7768,SNP,Sol,skipped,skipped,skipped,skipped,skipped,skipped,skipped,skipped,,10
7769,SNP,Sol,skipped,skipped,skipped,skipped,skipped,skipped,skipped,skipped,,10
7770,SNP,Sol,skipped,skipped,skipped,skipped,skipped,skipped,skipped,skipped,,10
7771,SNP,Sol,skipped,skipped,skipped,skipped,skipped,skipped,skipped,skipped,,10
7772,SNP,Sol,Lab,skipped,skipped,skipped,skipped,skipped,skipped,skipped,,10
7773,SNP,Sol,Lab,skipped,skipped,skipped,skipped,skipped,skipped,skipped,,10
7774,SNP,Sol,Lab,skipped,skipped,skipped,skipped,skipped,skipped,skipped,,10
7775,SNP,Sol,Lab,skipped,skipped,skipped,skipped,skipped,skipped,skipped,,10
7776,SNP,Sol,Lab,skipped,skipped,skipped,skipped,skipped,skipped,skipped,,10
7777,SNP,Sol,Lab,skipped,skipped,skipped,skipped,skipped,skipped,skipped,,10
7778,SNP,Sol,Lab,skipped,skipped,skipped,skipped,skipped,skipped,skipped,,10
7779,SNP,Sol,Lab,skipped,skipped,skipped,skipped,skipped,skipped,skipped,,10
7780,SNP,Sol,Lab,skipped,skipped,skipped,skipped,skipped,skipped,skipped,,10
7781,SNP,Sol,Lab,Grn,skipped,skipped,skipped,skipped,skipped,skipped,,10
7782,SNP,Sol,Lab,Grn,skipped,skipped,skipped,skipped,skipped,skipped,,10
7783,SNP,Sol,Lab,Grn,skipped,skipped,skipped,skipped,skipped,skipped,,10
7784,SNP,Sol,Lab,Grn,Con,SU,LD,skipped,skipped,skipped,,10
7785,SNP,Sol,Lab,Grn,Soc,LD,SU,Con,skipped,skipped,,10
7786,SNP,Sol,Lab,Soc,skipped,skipped,skipped,skipped,skipped,skipped,,10
7787,SNP,Sol,Lab,Soc,Grn,SU,LD,Con,skipped,skipped,,10
7788,SNP,Sol,Lab,LD,skipped,skipped,skipped,skipped,skipped,skipped,,10
7789,SNP,Sol,Lab,skipped,skipped,skipped,skipped,skipped,skipped,skipped,,10
7790,SNP,Sol,Lab,skipped,skipped,skipped,skipped,skipped,skipped,skipped,,10
7791,SNP,Sol,Lab,skipped,skipped,skipped,skipped,skipped,skipped,skipped,,10
7792,SNP,Sol,Lab,skipped,skipped,skipped,skipped,skipped,skipped,skipped,,10
7793,SNP,Sol,Lab,skipped,skipped,skipped,skipped,skipped,skipped,skipped,,10
7794,SNP,Sol,Lab,skipped,skipped,skipped,skipped,skipped,skipped,skipped,,10
7795,SNP,Sol,Lab,skipped,skipped,skipped,skipped,skipped,skipped,skipped,,10
7796,SNP,Sol,Lab,skipped,skipped,skipped,skipped,skipped,skipped,skipped,,10
7797,SNP,Sol,Lab,Soc,LD,Con,SU,Grn,skipped,skipped,,10
7798,SNP,Sol,Lab,skipped,skipped,skipped,skipped,skipped,skipped,skipped,,10
7799,SNP,Sol,Lab,skipped,skipped,skipped,skipped,skipped,skipped,skipped,,10
7800,SNP,Sol,Lab,Con,LD,SU,Soc,Grn,skipped,skipped,,10
7801,SNP,Sol,Lab,Grn,skipped,skipped,skipped,skipped,skipped,skipped,,10
7802,SNP,Sol,Lab,Soc,LD,skipped,skipped,skipped,skipped,skipped,,10
7803,SNP,Sol,Lab,LD,skipped,skipped,skipped,skipped,skipped,skipped,,10
7804,SNP,Sol,Lab,LD,Soc,Grn,skipped,skipped,skipped,skipped,,10
7805,SNP,Sol,Con,skipped,skipped,skipped,skipped,skipped,skipped,skipped,,10
7806,SNP,Sol,Con,skipped,skipped,skipped,skipped,skipped,skipped,skipped,,10
7807,SNP,Sol,Con,skipped,skipped,skipped,skipped,skipped,skipped,skipped,,10
7808,SNP,Sol,Lab,skipped,skipped,skipped,skipped,skipped,skipped,skipped,,10
7809,SNP,Sol,Lab,skipped,skipped,skipped,skipped,skipped,skipped,skipped,,10
7810,SNP,Sol,Lab,Grn,Soc,LD,Con,SU,skipped,skipped,,10
7811,SNP,Sol,Grn,skipped,skipped,skipped,skipped,skipped,skipped,skipped,,10
7812,SNP,Sol,Grn,skipped,skipped,skipped,skipped,skipped,skipped,skipped,,10
7813,SNP,Sol,Grn,skipped,skipped,skipped,skipped,skipped,skipped,skipped,,10
7814,SNP,Sol,Grn,skipped,skipped,skipped,skipped,skipped,skipped,skipped,,10
7815,SNP,Sol,Grn,skipped,skipped,skipped,skipped,skipped,skipped,skipped,,10
7816,SNP,Sol,Grn,skipped,skipped,skipped,skipped,skipped,skipped,skipped,,10
7817,SNP,Sol,Grn,skipped,skipped,skipped,skipped,skipped,skipped,skipped,,10
7818,SNP,Sol,Grn,skipped,skipped,skipped,skipped,skipped,skipped,skipped,,10
7819,SNP,Sol,Grn,skipped,skipped,skipped,skipped,skipped,skipped,skipped,,10
7820,SNP,Sol,Grn,skipped,skipped,skipped,skipped,skipped,skipped,skipped,,10
7821,SNP,Sol,Grn,skipped,skipped,skipped,skipped,skipped,skipped,skipped,,10
7822,SNP,Sol,Grn,skipped,skipped,skipped,skipped,skipped,skipped,skipped,,10
7823,SNP,Sol,Grn,skipped,skipped,skipped,skipped,skipped,skipped,skipped,,10
7824,SNP,Sol,Grn,skipped,skipped,skipped,skipped,skipped,skipped,skipped,,10
7825,SNP,Sol,Grn,skipped,skipped,skipped,skipped,skipped,skipped,skipped,,10
7826,SNP,Sol,Grn,skipped,skipped,skipped,skipped,skipped,skipped,skipped,,10
7827,SNP,Sol,Grn,Lab,skipped,skipped,skipped,skipped,skipped,skipped,,10
7828,SNP,Sol,Grn,Lab,skipped,skipped,skipped,skipped,skipped,skipped,,10
7829,SNP,Sol,Grn,Lab,skipped,skipped,skipped,skipped,skipped,skipped,,10
7830,SNP,Sol,Grn,Lab,skipped,skipped,skipped,skipped,skipped,skipped,,10
7831,SNP,Sol,Grn,Con,skipped,skipped,skipped,skipped,skipped,skipped,,10
7832,SNP,Sol,Grn,Con,Soc,skipped,skipped,skipped,skipped,skipped,,10
7833,SNP,Sol,Grn,Lab,skipped,skipped,skipped,skipped,skipped,skipped,,10
7834,SNP,Sol,Grn,Soc,skipped,skipped,skipped,skipped,skipped,skipped,,10
7835,SNP,Sol,Grn,Soc,skipped,skipped,skipped,skipped,skipped,skipped,,10
7836,SNP,Sol,Grn,Soc,skipped,skipped,skipped,skipped,skipped,skipped,,10
7837,SNP,Sol,Grn,Soc,skipped,skipped,skipped,skipped,skipped,skipped,,10
7838,SNP,Sol,Grn,Soc,skipped,skipped,skipped,skipped,skipped,skipped,,10
7839,SNP,Sol,Grn,Soc,LD,skipped,skipped,skipped,skipped,skipped,,10
7840,SNP,Sol,Grn,LD,skipped,skipped,skipped,skipped,skipped,skipped,,10
7841,SNP,Sol,Grn,LD,skipped,skipped,skipped,skipped,skipped,skipped,,10
7842,SNP,Sol,Grn,LD,Soc,skipped,skipped,skipped,skipped,skipped,,10
7843,SNP,Sol,Grn,SU,LD,skipped,skipped,skipped,skipped,skipped,,10
7844,SNP,Sol,Soc,skipped,skipped,skipped,skipped,skipped,skipped,skipped,,10
7845,SNP,Sol,Soc,skipped,skipped,skipped,skipped,skipped,skipped,skipped,,10
7846,SNP,Sol,Soc,skipped,skipped,skipped,skipped,skipped,skipped,skipped,,10
7847,SNP,Sol,Soc,skipped,skipped,skipped,skipped,skipped,skipped,skipped,,10
7848,SNP,Sol,Soc,skipped,skipped,skipped,skipped,skipped,skipped,skipped,,10
7849,SNP,Sol,Soc,skipped,skipped,skipped,skipped,skipped,skipped,skipped,,10
7850,SNP,Sol,Soc,skipped,skipped,skipped,skipped,skipped,skipped,skipped,,10
7851,SNP,Sol,Soc,skipped,skipped,skipped,skipped,skipped,skipped,skipped,,10
7852,SNP,Sol,Soc,skipped,skipped,skipped,skipped,skipped,skipped,skipped,,10
7853,SNP,Sol,Soc,skipped,skipped,skipped,skipped,skipped,skipped,skipped,,10
7854,SNP,Sol,Soc,skipped,skipped,skipped,skipped,skipped,skipped,skipped,,10
7855,SNP,Sol,Soc,skipped,skipped,skipped,skipped,skipped,skipped,skipped,,10
7856,SNP,Sol,Soc,skipped,skipped,skipped,skipped,skipped,skipped,skipped,,10
7857,SNP,Sol,Soc,skipped,skipped,skipped,skipped,skipped,skipped,skipped,,10
7858,SNP,Sol,Soc,skipped,skipped,skipped,skipped,skipped,skipped,skipped,,10
7859,SNP,Sol,Soc,skipped,skipped,skipped,skipped,skipped,skipped,skipped,,10
7860,SNP,Sol,Soc,skipped,skipped,skipped,skipped,skipped,skipped,skipped,,10
7861,SNP,Sol,Soc,skipped,skipped,skipped,skipped,skipped,skipped,skipped,,10
7862,SNP,Sol,Soc,skipped,skipped,skipped,skipped,skipped,skipped,skipped,,10
7863,SNP,Sol,Soc,skipped,skipped,skipped,skipped,skipped,skipped,skipped,,10
7864,SNP,Sol,Soc,skipped,skipped,skipped,skipped,skipped,skipped,skipped,,10
7865,SNP,Sol,Soc,skipped,skipped,skipped,skipped,skipped,skipped,skipped,,10
7866,SNP,Sol,Soc,skipped,skipped,skipped,skipped,skipped,skipped,skipped,,10
7867,SNP,Sol,Soc,skipped,skipped,skipped,skipped,skipped,skipped,skipped,,10
7868,SNP,Sol,Soc,skipped,skipped,skipped,skipped,skipped,skipped,skipped,,10
7869,SNP,Sol,Soc,Lab,skipped,skipped,skipped,skipped,skipped,skipped,,10
7870,SNP,Sol,Soc,Lab,LD,Grn,SU,Con,skipped,skipped,,10
7871,SNP,Sol,Soc,Lab,skipped,skipped,skipped,skipped,skipped,skipped,,10
7872,SNP,Sol,Soc,Lab,skipped,skipped,skipped,skipped,skipped,skipped,,10
7873,SNP,Sol,Soc,Lab,skipped,skipped,skipped,skipped,skipped,skipped,,10
7874,SNP,Sol,Soc,Lab,skipped,skipped,skipped,skipped,skipped,skipped,,10
7875,SNP,Sol,Soc,Lab,SU,Grn,LD,Con,skipped,skipped,,10
7876,SNP,Sol,Soc,Grn,skipped,skipped,skipped,skipped,skipped,skipped,,10
7877,SNP,Sol,Soc,Grn,skipped,skipped,skipped,skipped,skipped,skipped,,10
7878,SNP,Sol,Soc,Grn,skipped,skipped,skipped,skipped,skipped,skipped,,10
7879,SNP,Sol,Soc,Grn,skipped,skipped,skipped,skipped,skipped,skipped,,10
7880,SNP,Sol,Soc,Grn,skipped,skipped,skipped,skipped,skipped,skipped,,10
7881,SNP,Sol,Soc,Grn,skipped,skipped,skipped,skipped,skipped,skipped,,10
7882,SNP,Sol,Soc,Grn,skipped,skipped,skipped,skipped,skipped,skipped,,10
7883,SNP,Sol,Soc,Grn,skipped,skipped,skipped,skipped,skipped,skipped,,10
7884,SNP,Sol,Soc,Grn,skipped,skipped,skipped,skipped,skipped,skipped,,10
7885,SNP,Sol,Soc,Grn,skipped,skipped,skipped,skipped,skipped,skipped,,10
7886,SNP,Sol,Soc,Grn,skipped,skipped,skipped,skipped,skipped,skipped,,10
7887,SNP,Sol,Soc,Grn,skipped,skipped,skipped,skipped,skipped,skipped,,10
7888,SNP,Sol,Soc,Grn,LD,Con,Lab,SU,skipped,skipped,,10
7889,SNP,Sol,Soc,Grn,LD,SU,Lab,Con,skipped,skipped,,10
7890,SNP,Sol,Soc,Grn,SU,skipped,skipped,skipped,skipped,skipped,,10
7891,SNP,Sol,Soc,Grn,SU,Lab,LD,Con,skipped,skipped,,10
7892,SNP,Sol,Soc,LD,skipped,skipped,skipped,skipped,skipped,skipped,,10
7893,SNP,Sol,Soc,LD,Grn,skipped,skipped,skipped,skipped,skipped,,10
7894,SNP,Sol,Soc,LD,SU,Con,Lab,Grn,skipped,skipped,,10
7895,SNP,Sol,Soc,SU,skipped,skipped,skipped,skipped,skipped,skipped,,10
7896,SNP,Sol,Soc,SU,Lab,skipped,skipped,skipped,skipped,skipped,,10
7897,SNP,Sol,Soc,SU,Lab,LD,Con,Grn,skipped,skipped,,10
7898,SNP,Sol,Soc,SU,LD,Lab,Grn,Con,skipped,skipped,,10
7899,SNP,Sol,LD,skipped,skipped,skipped,skipped,skipped,skipped,skipped,,10
7900,SNP,Sol,LD,skipped,skipped,skipped,skipped,skipped,skipped,skipped,,10
7901,SNP,Sol,LD,skipped,skipped,skipped,skipped,skipped,skipped,skipped,,10
7902,SNP,Sol,LD,skipped,skipped,skipped,skipped,skipped,skipped,skipped,,10
7903,SNP,Sol,LD,skipped,skipped,skipped,skipped,skipped,skipped,skipped,,10
7904,SNP,Sol,LD,skipped,skipped,skipped,skipped,skipped,skipped,skipped,,10
7905,SNP,Sol,LD,Lab,skipped,skipped,skipped,skipped,skipped,skipped,,10
7906,SNP,Sol,LD,Lab,skipped,skipped,skipped,skipped,skipped,skipped,,10
7907,SNP,Sol,LD,Lab,skipped,skipped,skipped,skipped,skipped,skipped,,10
7908,SNP,Sol,LD,Grn,skipped,skipped,skipped,skipped,skipped,skipped,,10
7909,SNP,Sol,LD,Grn,skipped,skipped,skipped,skipped,skipped,skipped,,10
7910,SNP,Sol,LD,Grn,Soc,Con,SU,skipped,skipped,skipped,,10
7911,SNP,Sol,LD,Grn,Soc,SU,Con,Lab,skipped,skipped,,10
7912,SNP,Sol,LD,Soc,skipped,skipped,skipped,skipped,skipped,skipped,,10
7913,SNP,Sol,LD,Soc,Grn,skipped,skipped,skipped,skipped,skipped,,10
7914,SNP,Sol,SU,skipped,skipped,skipped,skipped,skipped,skipped,skipped,,10
7915,SNP,Sol,SU,skipped,skipped,skipped,skipped,skipped,skipped,skipped,,10
7916,SNP,Sol,SU,Soc,skipped,skipped,skipped,skipped,skipped,skipped,,10
7917,SNP,Grn,skipped,skipped,skipped,skipped,skipped,skipped,skipped,skipped,,10
7918,SNP,Grn,skipped,skipped,skipped,skipped,skipped,skipped,skipped,skipped,,10
7919,SNP,Grn,skipped,skipped,skipped,skipped,skipped,skipped,skipped,skipped,,10
7920,SNP,Grn,skipped,skipped,skipped,skipped,skipped,skipped,skipped,skipped,,10
7921,SNP,Grn,skipped,skipped,skipped,skipped,skipped,skipped,skipped,skipped,,10
7922,SNP,Grn,skipped,skipped,skipped,skipped,skipped,skipped,skipped,skipped,,10
7923,SNP,Grn,skipped,skipped,skipped,skipped,skipped,skipped,skipped,skipped,,10
7924,SNP,Grn,skipped,skipped,skipped,skipped,skipped,skipped,skipped,skipped,,10
7925,SNP,Grn,skipped,skipped,skipped,skipped,skipped,skipped,skipped,skipped,,10
7926,SNP,Grn,skipped,skipped,skipped,skipped,skipped,skipped,skipped,skipped,,10
7927,SNP,Grn,skipped,skipped,skipped,skipped,skipped,skipped,skipped,skipped,,10
7928,SNP,Grn,skipped,skipped,skipped,skipped,skipped,skipped,skipped,skipped,,10
7929,SNP,Grn,skipped,skipped,skipped,skipped,skipped,skipped,skipped,skipped,,10
7930,SNP,Grn,skipped,skipped,skipped,skipped,skipped,skipped,skipped,skipped,,10
7931,SNP,Grn,skipped,skipped,skipped,skipped,skipped,skipped,skipped,skipped,,10
7932,SNP,Grn,skipped,skipped,skipped,skipped,skipped,skipped,skipped,skipped,,10
7933,SNP,Grn,skipped,skipped,skipped,skipped,skipped,skipped,skipped,skipped,,10
7934,SNP,Grn,skipped,skipped,skipped,skipped,skipped,skipped,skipped,skipped,,10
7935,SNP,Grn,skipped,skipped,skipped,skipped,skipped,skipped,skipped,skipped,,10
7936,SNP,Grn,skipped,skipped,skipped,skipped,skipped,skipped,skipped,skipped,,10
7937,SNP,Grn,skipped,skipped,skipped,skipped,skipped,skipped,skipped,skipped,,10
7938,SNP,Grn,skipped,skipped,skipped,skipped,skipped,skipped,skipped,skipped,,10
7939,SNP,Grn,skipped,skipped,skipped,skipped,skipped,skipped,skipped,skipped,,10
7940,SNP,Grn,skipped,skipped,skipped,skipped,skipped,skipped,skipped,skipped,,10
7941,SNP,Grn,skipped,skipped,skipped,skipped,skipped,skipped,skipped,skipped,,10
7942,SNP,Grn,skipped,skipped,skipped,skipped,skipped,skipped,skipped,skipped,,10
7943,SNP,Grn,skipped,skipped,skipped,skipped,skipped,skipped,skipped,skipped,,10
7944,SNP,Grn,skipped,skipped,skipped,skipped,skipped,skipped,skipped,skipped,,10
7945,SNP,Grn,skipped,skipped,skipped,skipped,skipped,skipped,skipped,skipped,,10
7946,SNP,Grn,skipped,skipped,skipped,skipped,skipped,skipped,skipped,skipped,,10
7947,SNP,Grn,skipped,skipped,skipped,skipped,skipped,skipped,skipped,skipped,,10
7948,SNP,Grn,skipped,skipped,skipped,skipped,skipped,skipped,skipped,skipped,,10
7949,SNP,Grn,skipped,skipped,skipped,skipped,skipped,skipped,skipped,skipped,,10
7950,SNP,Grn,skipped,skipped,skipped,skipped,skipped,skipped,skipped,skipped,,10
7951,SNP,Grn,skipped,skipped,skipped,skipped,skipped,skipped,skipped,skipped,,10
7952,SNP,Grn,skipped,skipped,skipped,skipped,skipped,skipped,skipped,skipped,,10
7953,SNP,Grn,skipped,skipped,skipped,skipped,skipped,skipped,skipped,skipped,,10
7954,SNP,Grn,skipped,skipped,skipped,skipped,skipped,skipped,skipped,skipped,,10
7955,SNP,Grn,skipped,skipped,skipped,skipped,skipped,skipped,skipped,skipped,,10
7956,SNP,Grn,skipped,skipped,skipped,skipped,skipped,skipped,skipped,skipped,,10
7957,SNP,Grn,skipped,skipped,skipped,skipped,skipped,skipped,skipped,skipped,,10
7958,SNP,Grn,skipped,skipped,skipped,skipped,skipped,skipped,skipped,skipped,,10
7959,SNP,Grn,skipped,skipped,skipped,skipped,skipped,skipped,skipped,skipped,,10
7960,SNP,Grn,skipped,skipped,skipped,skipped,skipped,skipped,skipped,skipped,,10
7961,SNP,Grn,skipped,skipped,skipped,skipped,skipped,skipped,skipped,skipped,,10
7962,SNP,Grn,skipped,skipped,skipped,skipped,skipped,skipped,skipped,skipped,,10
7963,SNP,Grn,skipped,skipped,skipped,skipped,skipped,skipped,skipped,skipped,,10
7964,SNP,Grn,skipped,skipped,skipped,skipped,skipped,skipped,skipped,skipped,,10
7965,SNP,Grn,skipped,skipped,skipped,skipped,skipped,skipped,skipped,skipped,,10
7966,SNP,Grn,skipped,skipped,skipped,skipped,skipped,skipped,skipped,skipped,,10
7967,SNP,Grn,skipped,skipped,skipped,skipped,skipped,skipped,skipped,skipped,,10
7968,SNP,Grn,skipped,skipped,skipped,skipped,skipped,skipped,skipped,skipped,,10
7969,SNP,Grn,skipped,skipped,skipped,skipped,skipped,skipped,skipped,skipped,,10
7970,SNP,Grn,skipped,skipped,skipped,skipped,skipped,skipped,skipped,skipped,,10
7971,SNP,Grn,skipped,skipped,skipped,skipped,skipped,skipped,skipped,skipped,,10
7972,SNP,Grn,skipped,skipped,skipped,skipped,skipped,skipped,skipped,skipped,,10
7973,SNP,Grn,skipped,skipped,skipped,skipped,skipped,skipped,skipped,skipped,,10
7974,SNP,Grn,skipped,skipped,skipped,skipped,skipped,skipped,skipped,skipped,,10
7975,SNP,Grn,skipped,skipped,skipped,skipped,skipped,skipped,skipped,skipped,,10
7976,SNP,Grn,skipped,skipped,skipped,skipped,skipped,skipped,skipped,skipped,,10
7977,SNP,Grn,skipped,skipped,skipped,skipped,skipped,skipped,skipped,skipped,,10
7978,SNP,Grn,skipped,skipped,skipped,skipped,skipped,skipped,skipped,skipped,,10
7979,SNP,Grn,skipped,skipped,skipped,skipped,skipped,skipped,skipped,skipped,,10
7980,SNP,Grn,skipped,skipped,skipped,skipped,skipped,skipped,skipped,skipped,,10
7981,SNP,Grn,Lab,skipped,skipped,skipped,skipped,skipped,skipped,skipped,,10
7982,SNP,Grn,Lab,skipped,skipped,skipped,skipped,skipped,skipped,skipped,,10
7983,SNP,Grn,Lab,skipped,skipped,skipped,skipped,skipped,skipped,skipped,,10
7984,SNP,Grn,Lab,skipped,skipped,skipped,skipped,skipped,skipped,skipped,,10
7985,SNP,Grn,Lab,skipped,skipped,skipped,skipped,skipped,skipped,skipped,,10
7986,SNP,Grn,Lab,skipped,skipped,skipped,skipped,skipped,skipped,skipped,,10
7987,SNP,Grn,Lab,Soc,LD,Sol,Con,SU,skipped,skipped,,10
7988,SNP,Grn,Lab,Sol,Con,skipped,skipped,skipped,skipped,skipped,,10
7989,SNP,Grn,Lab,LD,skipped,skipped,skipped,skipped,skipped,skipped,,10
7990,SNP,Grn,Lab,skipped,skipped,skipped,skipped,skipped,skipped,skipped,,10
7991,SNP,Grn,Lab,skipped,skipped,skipped,skipped,skipped,skipped,skipped,,10
7992,SNP,Grn,Lab,skipped,skipped,skipped,skipped,skipped,skipped,skipped,,10
7993,SNP,Grn,Lab,skipped,skipped,skipped,skipped,skipped,skipped,skipped,,10
7994,SNP,Grn,Lab,Con,skipped,skipped,skipped,skipped,skipped,skipped,,10
7995,SNP,Grn,Lab,skipped,skipped,skipped,skipped,skipped,skipped,skipped,,10
7996,SNP,Grn,Lab,skipped,skipped,skipped,skipped,skipped,skipped,skipped,,10
7997,SNP,Grn,Lab,skipped,skipped,skipped,skipped,skipped,skipped,skipped,,10
7998,SNP,Grn,Lab,Soc,Sol,Con,LD,SU,skipped,skipped,,10
7999,SNP,Grn,Lab,Soc,LD,Sol,skipped,skipped,skipped,skipped,,10
8000,SNP,Grn,Lab,LD,skipped,skipped,skipped,skipped,skipped,skipped,,10
8001,SNP,Grn,Lab,LD,skipped,skipped,skipped,skipped,skipped,skipped,,10
8002,SNP,Grn,Lab,LD,Soc,Sol,skipped,skipped,skipped,skipped,,10
8003,SNP,Grn,Con,skipped,skipped,skipped,skipped,skipped,skipped,skipped,,10
8004,SNP,Grn,Con,skipped,skipped,skipped,skipped,skipped,skipped,skipped,,10
8005,SNP,Grn,Con,skipped,skipped,skipped,skipped,skipped,skipped,skipped,,10
8006,SNP,Grn,Con,Lab,LD,skipped,skipped,skipped,skipped,skipped,,10
8007,SNP,Grn,Con,Soc,Sol,LD,Lab,SU,skipped,skipped,,10
8008,SNP,Grn,Con,LD,skipped,skipped,skipped,skipped,skipped,skipped,,10
8009,SNP,Grn,Con,LD,skipped,skipped,skipped,skipped,skipped,skipped,,10
8010,SNP,Grn,Con,LD,Lab,SU,Soc,Sol,skipped,skipped,,10
8011,SNP,Grn,Con,LD,Sol,Lab,SU,Soc,skipped,skipped,,10
8012,SNP,Grn,Lab,skipped,skipped,skipped,skipped,skipped,skipped,skipped,,10
8013,SNP,Grn,Lab,skipped,skipped,skipped,skipped,skipped,skipped,skipped,,10
8014,SNP,Grn,Lab,LD,skipped,skipped,skipped,skipped,skipped,skipped,,10
8015,SNP,Grn,Lab,LD,skipped,skipped,skipped,skipped,skipped,skipped,,10
8016,SNP,Grn,Lab,LD,skipped,skipped,skipped,skipped,skipped,skipped,,10
8017,SNP,Grn,Sol,skipped,skipped,skipped,skipped,skipped,skipped,skipped,,10
8018,SNP,Grn,Sol,skipped,skipped,skipped,skipped,skipped,skipped,skipped,,10
8019,SNP,Grn,Sol,skipped,skipped,skipped,skipped,skipped,skipped,skipped,,10
8020,SNP,Grn,Sol,skipped,skipped,skipped,skipped,skipped,skipped,skipped,,10
8021,SNP,Grn,Sol,skipped,skipped,skipped,skipped,skipped,skipped,skipped,,10
8022,SNP,Grn,Sol,skipped,skipped,skipped,skipped,skipped,skipped,skipped,,10
8023,SNP,Grn,Sol,skipped,skipped,skipped,skipped,skipped,skipped,skipped,,10
8024,SNP,Grn,Sol,skipped,skipped,skipped,skipped,skipped,skipped,skipped,,10
8025,SNP,Grn,Sol,skipped,skipped,skipped,skipped,skipped,skipped,skipped,,10
8026,SNP,Grn,Sol,skipped,skipped,skipped,skipped,skipped,skipped,skipped,,10
8027,SNP,Grn,Sol,skipped,skipped,skipped,skipped,skipped,skipped,skipped,,10
8028,SNP,Grn,Sol,skipped,skipped,skipped,skipped,skipped,skipped,skipped,,10
8029,SNP,Grn,Sol,skipped,skipped,skipped,skipped,skipped,skipped,skipped,,10
8030,SNP,Grn,Sol,skipped,skipped,skipped,skipped,skipped,skipped,skipped,,10
8031,SNP,Grn,Sol,skipped,skipped,skipped,skipped,skipped,skipped,skipped,,10
8032,SNP,Grn,Sol,skipped,skipped,skipped,skipped,skipped,skipped,skipped,,10
8033,SNP,Grn,Sol,skipped,skipped,skipped,skipped,skipped,skipped,skipped,,10
8034,SNP,Grn,Sol,skipped,skipped,skipped,skipped,skipped,skipped,skipped,,10
8035,SNP,Grn,Sol,skipped,skipped,skipped,skipped,skipped,skipped,skipped,,10
8036,SNP,Grn,Sol,skipped,skipped,skipped,skipped,skipped,skipped,skipped,,10
8037,SNP,Grn,Sol,Con,skipped,skipped,skipped,skipped,skipped,skipped,,10
8038,SNP,Grn,Sol,Con,LD,Soc,skipped,skipped,skipped,skipped,,10
8039,SNP,Grn,Sol,Con,LD,SU,Soc,Lab,skipped,skipped,,10
8040,SNP,Grn,Sol,Soc,skipped,skipped,skipped,skipped,skipped,skipped,,10
8041,SNP,Grn,Sol,Soc,skipped,skipped,skipped,skipped,skipped,skipped,,10
8042,SNP,Grn,Sol,Soc,skipped,skipped,skipped,skipped,skipped,skipped,,10
8043,SNP,Grn,Sol,Soc,Con,skipped,skipped,skipped,skipped,skipped,,10
8044,SNP,Grn,Sol,Soc,Con,LD,SU,Lab,skipped,skipped,,10
8045,SNP,Grn,Sol,LD,skipped,skipped,skipped,skipped,skipped,skipped,,10
8046,SNP,Grn,Sol,LD,Lab,Soc,SU,Con,skipped,skipped,,10
8047,SNP,Grn,Soc,skipped,skipped,skipped,skipped,skipped,skipped,skipped,,10
8048,SNP,Grn,Soc,skipped,skipped,skipped,skipped,skipped,skipped,skipped,,10
8049,SNP,Grn,Soc,skipped,skipped,skipped,skipped,skipped,skipped,skipped,,10
8050,SNP,Grn,Soc,skipped,skipped,skipped,skipped,skipped,skipped,skipped,,10
8051,SNP,Grn,Soc,skipped,skipped,skipped,skipped,skipped,skipped,skipped,,10
8052,SNP,Grn,Soc,skipped,skipped,skipped,skipped,skipped,skipped,skipped,,10
8053,SNP,Grn,Soc,skipped,skipped,skipped,skipped,skipped,skipped,skipped,,10
8054,SNP,Grn,Soc,skipped,skipped,skipped,skipped,skipped,skipped,skipped,,10
8055,SNP,Grn,Soc,skipped,skipped,skipped,skipped,skipped,skipped,skipped,,10
8056,SNP,Grn,Soc,skipped,skipped,skipped,skipped,skipped,skipped,skipped,,10
8057,SNP,Grn,Soc,skipped,skipped,skipped,skipped,skipped,skipped,skipped,,10
8058,SNP,Grn,Soc,Lab,LD,Sol,skipped,skipped,skipped,skipped,,10
8059,SNP,Grn,Soc,Sol,skipped,skipped,skipped,skipped,skipped,skipped,,10
8060,SNP,Grn,Soc,Sol,skipped,skipped,skipped,skipped,skipped,skipped,,10
8061,SNP,Grn,Soc,Sol,skipped,skipped,skipped,skipped,skipped,skipped,,10
8062,SNP,Grn,Soc,Sol,skipped,skipped,skipped,skipped,skipped,skipped,,10
8063,SNP,Grn,Soc,Sol,skipped,skipped,skipped,skipped,skipped,skipped,,10
8064,SNP,Grn,Soc,Sol,skipped,skipped,skipped,skipped,skipped,skipped,,10
8065,SNP,Grn,Soc,Sol,LD,skipped,skipped,skipped,skipped,skipped,,10
8066,SNP,Grn,Soc,Sol,SU,LD,Con,Lab,skipped,skipped,,10
8067,SNP,Grn,Soc,LD,skipped,skipped,skipped,skipped,skipped,skipped,,10
8068,SNP,Grn,Soc,LD,skipped,skipped,skipped,skipped,skipped,skipped,,10
8069,SNP,Grn,Soc,LD,skipped,skipped,skipped,skipped,skipped,skipped,,10
8070,SNP,Grn,Soc,LD,skipped,skipped,skipped,skipped,skipped,skipped,,10
8071,SNP,Grn,Soc,LD,skipped,skipped,skipped,skipped,skipped,skipped,,10
8072,SNP,Grn,Soc,LD,skipped,skipped,skipped,skipped,skipped,skipped,,10
8073,SNP,Grn,Soc,LD,skipped,skipped,skipped,skipped,skipped,skipped,,10
8074,SNP,Grn,Soc,LD,Sol,Lab,Con,SU,skipped,skipped,,10
8075,SNP,Grn,Soc,SU,Sol,LD,Con,Lab,skipped,skipped,,10
8076,SNP,Grn,Soc,SU,LD,Sol,Con,Lab,skipped,skipped,,10
8077,SNP,Grn,LD,skipped,skipped,skipped,skipped,skipped,skipped,skipped,,10
8078,SNP,Grn,LD,skipped,skipped,skipped,skipped,skipped,skipped,skipped,,10
8079,SNP,Grn,LD,skipped,skipped,skipped,skipped,skipped,skipped,skipped,,10
8080,SNP,Grn,LD,skipped,skipped,skipped,skipped,skipped,skipped,skipped,,10
8081,SNP,Grn,LD,skipped,skipped,skipped,skipped,skipped,skipped,skipped,,10
8082,SNP,Grn,LD,skipped,skipped,skipped,skipped,skipped,skipped,skipped,,10
8083,SNP,Grn,LD,skipped,skipped,skipped,skipped,skipped,skipped,skipped,,10
8084,SNP,Grn,LD,skipped,skipped,skipped,skipped,skipped,skipped,skipped,,10
8085,SNP,Grn,LD,skipped,skipped,skipped,skipped,skipped,skipped,skipped,,10
8086,SNP,Grn,LD,skipped,skipped,skipped,skipped,skipped,skipped,skipped,,10
8087,SNP,Grn,LD,skipped,skipped,skipped,skipped,skipped,skipped,skipped,,10
8088,SNP,Grn,LD,skipped,skipped,skipped,skipped,skipped,skipped,skipped,,10
8089,SNP,Grn,LD,skipped,skipped,skipped,skipped,skipped,skipped,skipped,,10
8090,SNP,Grn,LD,skipped,skipped,skipped,skipped,skipped,skipped,skipped,,10
8091,SNP,Grn,LD,skipped,skipped,skipped,skipped,skipped,skipped,skipped,,10
8092,SNP,Grn,LD,skipped,skipped,skipped,skipped,skipped,skipped,skipped,,10
8093,SNP,Grn,LD,skipped,skipped,skipped,skipped,skipped,skipped,skipped,,10
8094,SNP,Grn,LD,skipped,skipped,skipped,skipped,skipped,skipped,skipped,,10
8095,SNP,Grn,LD,skipped,skipped,skipped,skipped,skipped,skipped,skipped,,10
8096,SNP,Grn,LD,skipped,skipped,skipped,skipped,skipped,skipped,skipped,,10
8097,SNP,Grn,LD,skipped,skipped,skipped,skipped,skipped,skipped,skipped,,10
8098,SNP,Grn,LD,skipped,skipped,skipped,skipped,skipped,skipped,skipped,,10
8099,SNP,Grn,LD,skipped,skipped,skipped,skipped,skipped,skipped,skipped,,10
8100,SNP,Grn,LD,skipped,skipped,skipped,skipped,skipped,skipped,skipped,,10
8101,SNP,Grn,LD,skipped,skipped,skipped,skipped,skipped,skipped,skipped,,10
8102,SNP,Grn,LD,skipped,skipped,skipped,skipped,skipped,skipped,skipped,,10
8103,SNP,Grn,LD,skipped,skipped,skipped,skipped,skipped,skipped,skipped,,10
8104,SNP,Grn,LD,skipped,skipped,skipped,skipped,skipped,skipped,skipped,,10
8105,SNP,Grn,LD,Lab,skipped,skipped,skipped,skipped,skipped,skipped,,10
8106,SNP,Grn,LD,Lab,skipped,skipped,skipped,skipped,skipped,skipped,,10
8107,SNP,Grn,LD,Lab,skipped,skipped,skipped,skipped,skipped,skipped,,10
8108,SNP,Grn,LD,Lab,Con,Soc,Sol,SU,skipped,skipped,,10
8109,SNP,Grn,LD,Con,skipped,skipped,skipped,skipped,skipped,skipped,,10
8110,SNP,Grn,LD,Con,skipped,skipped,skipped,skipped,skipped,skipped,,10
8111,SNP,Grn,LD,Con,skipped,skipped,skipped,skipped,skipped,skipped,,10
8112,SNP,Grn,LD,Con,Lab,Sol,SU,Soc,skipped,skipped,,10
8113,SNP,Grn,LD,Con,Sol,skipped,skipped,skipped,skipped,skipped,,10
8114,SNP,Grn,LD,Lab,skipped,skipped,skipped,skipped,skipped,skipped,,10
8115,SNP,Grn,LD,Lab,skipped,skipped,skipped,skipped,skipped,skipped,,10
8116,SNP,Grn,LD,Sol,Lab,skipped,skipped,skipped,skipped,skipped,,10
8117,SNP,Grn,LD,Sol,Lab,Soc,SU,Con,skipped,skipped,,10
8118,SNP,Grn,LD,Sol,Con,Soc,skipped,skipped,skipped,skipped,,10
8119,SNP,Grn,LD,Sol,Con,Soc,Lab,SU,skipped,skipped,,10
8120,SNP,Grn,LD,Sol,Soc,SU,Con,skipped,skipped,skipped,,10
8121,SNP,Grn,LD,Soc,skipped,skipped,skipped,skipped,skipped,skipped,,10
8122,SNP,Grn,LD,Soc,skipped,skipped,skipped,skipped,skipped,skipped,,10
8123,SNP,Grn,LD,Soc,Con,Sol,SU,Lab,skipped,skipped,,10
8124,SNP,Grn,LD,Soc,Sol,skipped,skipped,skipped,skipped,skipped,,10
8125,SNP,Grn,SU,skipped,skipped,skipped,skipped,skipped,skipped,skipped,,10
8126,SNP,Grn,SU,skipped,skipped,skipped,skipped,skipped,skipped,skipped,,10
8127,SNP,Grn,SU,Con,skipped,skipped,skipped,skipped,skipped,skipped,,10
8128,SNP,Grn,SU,Soc,skipped,skipped,skipped,skipped,skipped,skipped,,10
8129,SNP,Grn,SU,LD,Lab,Soc,Con,Sol,skipped,skipped,,10
8130,SNP,Grn,SU,LD,Sol,skipped,skipped,skipped,skipped,skipped,,10
8131,SNP,Grn,SU,LD,Sol,Lab,Con,Soc,skipped,skipped,,10
8132,SNP,Soc,skipped,skipped,skipped,skipped,skipped,skipped,skipped,skipped,,10
8133,SNP,Soc,skipped,skipped,skipped,skipped,skipped,skipped,skipped,skipped,,10
8134,SNP,Soc,skipped,skipped,skipped,skipped,skipped,skipped,skipped,skipped,,10
8135,SNP,Soc,skipped,skipped,skipped,skipped,skipped,skipped,skipped,skipped,,10
8136,SNP,Soc,skipped,skipped,skipped,skipped,skipped,skipped,skipped,skipped,,10
8137,SNP,Soc,skipped,skipped,skipped,skipped,skipped,skipped,skipped,skipped,,10
8138,SNP,Soc,skipped,skipped,skipped,skipped,skipped,skipped,skipped,skipped,,10
8139,SNP,Soc,skipped,skipped,skipped,skipped,skipped,skipped,skipped,skipped,,10
8140,SNP,Soc,skipped,skipped,skipped,skipped,skipped,skipped,skipped,skipped,,10
8141,SNP,Soc,skipped,skipped,skipped,skipped,skipped,skipped,skipped,skipped,,10
8142,SNP,Soc,skipped,skipped,skipped,skipped,skipped,skipped,skipped,skipped,,10
8143,SNP,Soc,skipped,skipped,skipped,skipped,skipped,skipped,skipped,skipped,,10
8144,SNP,Soc,skipped,skipped,skipped,skipped,skipped,skipped,skipped,skipped,,10
8145,SNP,Soc,skipped,skipped,skipped,skipped,skipped,skipped,skipped,skipped,,10
8146,SNP,Soc,skipped,skipped,skipped,skipped,skipped,skipped,skipped,skipped,,10
8147,SNP,Soc,skipped,skipped,skipped,skipped,skipped,skipped,skipped,skipped,,10
8148,SNP,Soc,skipped,skipped,skipped,skipped,skipped,skipped,skipped,skipped,,10
8149,SNP,Soc,skipped,skipped,skipped,skipped,skipped,skipped,skipped,skipped,,10
8150,SNP,Soc,skipped,skipped,skipped,skipped,skipped,skipped,skipped,skipped,,10
8151,SNP,Soc,skipped,skipped,skipped,skipped,skipped,skipped,skipped,skipped,,10
8152,SNP,Soc,skipped,skipped,skipped,skipped,skipped,skipped,skipped,skipped,,10
8153,SNP,Soc,skipped,skipped,skipped,skipped,skipped,skipped,skipped,skipped,,10
8154,SNP,Soc,skipped,skipped,skipped,skipped,skipped,skipped,skipped,skipped,,10
8155,SNP,Soc,skipped,skipped,skipped,skipped,skipped,skipped,skipped,skipped,,10
8156,SNP,Soc,skipped,skipped,skipped,skipped,skipped,skipped,skipped,skipped,,10
8157,SNP,Soc,skipped,skipped,skipped,skipped,skipped,skipped,skipped,skipped,,10
8158,SNP,Soc,skipped,skipped,skipped,skipped,skipped,skipped,skipped,skipped,,10
8159,SNP,Soc,skipped,skipped,skipped,skipped,skipped,skipped,skipped,skipped,,10
8160,SNP,Soc,skipped,skipped,skipped,skipped,skipped,skipped,skipped,skipped,,10
8161,SNP,Soc,skipped,skipped,skipped,skipped,skipped,skipped,skipped,skipped,,10
8162,SNP,Soc,skipped,skipped,skipped,skipped,skipped,skipped,skipped,skipped,,10
8163,SNP,Soc,skipped,skipped,skipped,skipped,skipped,skipped,skipped,skipped,,10
8164,SNP,Soc,Lab,skipped,skipped,skipped,skipped,skipped,skipped,skipped,,10
8165,SNP,Soc,Lab,skipped,skipped,skipped,skipped,skipped,skipped,skipped,,10
8166,SNP,Soc,Lab,Sol,skipped,skipped,skipped,skipped,skipped,skipped,,10
8167,SNP,Soc,Lab,Sol,skipped,skipped,skipped,skipped,skipped,skipped,,10
8168,SNP,Soc,Lab,Sol,SU,LD,Grn,Con,skipped,skipped,,10
8169,SNP,Soc,Lab,LD,skipped,skipped,skipped,skipped,skipped,skipped,,10
8170,SNP,Soc,Lab,skipped,skipped,skipped,skipped,skipped,skipped,skipped,,10
8171,SNP,Soc,Lab,skipped,skipped,skipped,skipped,skipped,skipped,skipped,,10
8172,SNP,Soc,Lab,skipped,skipped,skipped,skipped,skipped,skipped,skipped,,10
8173,SNP,Soc,Lab,skipped,skipped,skipped,skipped,skipped,skipped,skipped,,10
8174,SNP,Soc,Lab,LD,Con,Sol,Grn,SU,skipped,skipped,,10
8175,SNP,Soc,Lab,skipped,skipped,skipped,skipped,skipped,skipped,skipped,,10
8176,SNP,Soc,Lab,Sol,Grn,skipped,skipped,skipped,skipped,skipped,,10
8177,SNP,Soc,Lab,Grn,skipped,skipped,skipped,skipped,skipped,skipped,,10
8178,SNP,Soc,Lab,Grn,LD,skipped,skipped,skipped,skipped,skipped,,10
8179,SNP,Soc,Lab,LD,skipped,skipped,skipped,skipped,skipped,skipped,,10
8180,SNP,Soc,Lab,LD,Con,Sol,SU,Grn,skipped,skipped,,10
8181,SNP,Soc,Con,skipped,skipped,skipped,skipped,skipped,skipped,skipped,,10
8182,SNP,Soc,Lab,skipped,skipped,skipped,skipped,skipped,skipped,skipped,,10
8183,SNP,Soc,Lab,skipped,skipped,skipped,skipped,skipped,skipped,skipped,,10
8184,SNP,Soc,Lab,Grn,LD,Sol,SU,Con,skipped,skipped,,10
8185,SNP,Soc,Lab,LD,skipped,skipped,skipped,skipped,skipped,skipped,,10
8186,SNP,Soc,Sol,skipped,skipped,skipped,skipped,skipped,skipped,skipped,,10
8187,SNP,Soc,Sol,skipped,skipped,skipped,skipped,skipped,skipped,skipped,,10
8188,SNP,Soc,Sol,skipped,skipped,skipped,skipped,skipped,skipped,skipped,,10
8189,SNP,Soc,Sol,skipped,skipped,skipped,skipped,skipped,skipped,skipped,,10
8190,SNP,Soc,Sol,skipped,skipped,skipped,skipped,skipped,skipped,skipped,,10
8191,SNP,Soc,Sol,skipped,skipped,skipped,skipped,skipped,skipped,skipped,,10
8192,SNP,Soc,Sol,skipped,skipped,skipped,skipped,skipped,skipped,skipped,,10
8193,SNP,Soc,Sol,skipped,skipped,skipped,skipped,skipped,skipped,skipped,,10
8194,SNP,Soc,Sol,skipped,skipped,skipped,skipped,skipped,skipped,skipped,,10
8195,SNP,Soc,Sol,skipped,skipped,skipped,skipped,skipped,skipped,skipped,,10
8196,SNP,Soc,Sol,skipped,skipped,skipped,skipped,skipped,skipped,skipped,,10
8197,SNP,Soc,Sol,skipped,skipped,skipped,skipped,skipped,skipped,skipped,,10
8198,SNP,Soc,Sol,skipped,skipped,skipped,skipped,skipped,skipped,skipped,,10
8199,SNP,Soc,Sol,skipped,skipped,skipped,skipped,skipped,skipped,skipped,,10
8200,SNP,Soc,Sol,skipped,skipped,skipped,skipped,skipped,skipped,skipped,,10
8201,SNP,Soc,Sol,skipped,skipped,skipped,skipped,skipped,skipped,skipped,,10
8202,SNP,Soc,Sol,skipped,skipped,skipped,skipped,skipped,skipped,skipped,,10
8203,SNP,Soc,Sol,Lab,skipped,skipped,skipped,skipped,skipped,skipped,,10
8204,SNP,Soc,Sol,Lab,skipped,skipped,skipped,skipped,skipped,skipped,,10
8205,SNP,Soc,Sol,Lab,LD,Grn,SU,Con,skipped,skipped,,10
8206,SNP,Soc,Sol,Lab,skipped,skipped,skipped,skipped,skipped,skipped,,10
8207,SNP,Soc,Sol,Lab,skipped,skipped,skipped,skipped,skipped,skipped,,10
8208,SNP,Soc,Sol,Lab,skipped,skipped,skipped,skipped,skipped,skipped,,10
8209,SNP,Soc,Sol,Con,skipped,skipped,skipped,skipped,skipped,skipped,,10
8210,SNP,Soc,Sol,Con,Lab,SU,Grn,skipped,skipped,skipped,,10
8211,SNP,Soc,Sol,Con,LD,SU,Grn,Lab,skipped,skipped,,10
8212,SNP,Soc,Sol,Lab,skipped,skipped,skipped,skipped,skipped,skipped,,10
8213,SNP,Soc,Sol,Lab,SU,LD,Grn,Con,skipped,skipped,,10
8214,SNP,Soc,Sol,Grn,skipped,skipped,skipped,skipped,skipped,skipped,,10
8215,SNP,Soc,Sol,Grn,skipped,skipped,skipped,skipped,skipped,skipped,,10
8216,SNP,Soc,Sol,Grn,skipped,skipped,skipped,skipped,skipped,skipped,,10
8217,SNP,Soc,Sol,Grn,skipped,skipped,skipped,skipped,skipped,skipped,,10
8218,SNP,Soc,Sol,Grn,LD,skipped,skipped,skipped,skipped,skipped,,10
8219,SNP,Soc,Sol,Grn,LD,skipped,skipped,skipped,skipped,skipped,,10
8220,SNP,Soc,Sol,LD,skipped,skipped,skipped,skipped,skipped,skipped,,10
8221,SNP,Soc,Sol,LD,skipped,skipped,skipped,skipped,skipped,skipped,,10
8222,SNP,Soc,Sol,LD,skipped,skipped,skipped,skipped,skipped,skipped,,10
8223,SNP,Soc,Sol,SU,Grn,Lab,LD,Con,skipped,skipped,,10
8224,SNP,Soc,Grn,skipped,skipped,skipped,skipped,skipped,skipped,skipped,,10
8225,SNP,Soc,Grn,skipped,skipped,skipped,skipped,skipped,skipped,skipped,,10
8226,SNP,Soc,Grn,skipped,skipped,skipped,skipped,skipped,skipped,skipped,,10
8227,SNP,Soc,Grn,skipped,skipped,skipped,skipped,skipped,skipped,skipped,,10
8228,SNP,Soc,Grn,skipped,skipped,skipped,skipped,skipped,skipped,skipped,,10
8229,SNP,Soc,Grn,skipped,skipped,skipped,skipped,skipped,skipped,skipped,,10
8230,SNP,Soc,Grn,skipped,skipped,skipped,skipped,skipped,skipped,skipped,,10
8231,SNP,Soc,Grn,skipped,skipped,skipped,skipped,skipped,skipped,skipped,,10
8232,SNP,Soc,Grn,skipped,skipped,skipped,skipped,skipped,skipped,skipped,,10
8233,SNP,Soc,Grn,skipped,skipped,skipped,skipped,skipped,skipped,skipped,,10
8234,SNP,Soc,Grn,skipped,skipped,skipped,skipped,skipped,skipped,skipped,,10
8235,SNP,Soc,Grn,Lab,skipped,skipped,skipped,skipped,skipped,skipped,,10
8236,SNP,Soc,Grn,Lab,skipped,skipped,skipped,skipped,skipped,skipped,,10
8237,SNP,Soc,Grn,Lab,Con,Sol,LD,SU,skipped,skipped,,10
8238,SNP,Soc,Grn,Lab,Sol,skipped,skipped,skipped,skipped,skipped,,10
8239,SNP,Soc,Grn,Lab,LD,skipped,skipped,skipped,skipped,skipped,,10
8240,SNP,Soc,Grn,Sol,skipped,skipped,skipped,skipped,skipped,skipped,,10
8241,SNP,Soc,Grn,Sol,skipped,skipped,skipped,skipped,skipped,skipped,,10
8242,SNP,Soc,Grn,Sol,skipped,skipped,skipped,skipped,skipped,skipped,,10
8243,SNP,Soc,Grn,Sol,LD,Con,SU,Lab,skipped,skipped,,10
8244,SNP,Soc,Grn,Sol,SU,LD,Lab,Con,skipped,skipped,,10
8245,SNP,Soc,Grn,LD,skipped,skipped,skipped,skipped,skipped,skipped,,10
8246,SNP,Soc,Grn,LD,Lab,skipped,skipped,skipped,skipped,skipped,,10
8247,SNP,Soc,Grn,LD,Lab,Sol,SU,Con,skipped,skipped,,10
8248,SNP,Soc,Grn,LD,Con,Lab,SU,Sol,skipped,skipped,,10
8249,SNP,Soc,Grn,LD,Con,Sol,skipped,skipped,skipped,skipped,,10
8250,SNP,Soc,Grn,LD,Lab,skipped,skipped,skipped,skipped,skipped,,10
8251,SNP,Soc,Grn,LD,Sol,Lab,Con,SU,skipped,skipped,,10
8252,SNP,Soc,Grn,SU,skipped,skipped,skipped,skipped,skipped,skipped,,10
8253,SNP,Soc,Grn,SU,skipped,skipped,skipped,skipped,skipped,skipped,,10
8254,SNP,Soc,Grn,SU,Sol,Lab,LD,Con,skipped,skipped,,10
8255,SNP,Soc,Grn,SU,LD,Con,Sol,Lab,skipped,skipped,,10
8256,SNP,Soc,LD,skipped,skipped,skipped,skipped,skipped,skipped,skipped,,10
8257,SNP,Soc,LD,skipped,skipped,skipped,skipped,skipped,skipped,skipped,,10
8258,SNP,Soc,LD,skipped,skipped,skipped,skipped,skipped,skipped,skipped,,10
8259,SNP,Soc,LD,Con,skipped,skipped,skipped,skipped,skipped,skipped,,10
8260,SNP,Soc,LD,Sol,skipped,skipped,skipped,skipped,skipped,skipped,,10
8261,SNP,Soc,LD,Sol,skipped,skipped,skipped,skipped,skipped,skipped,,10
8262,SNP,Soc,LD,Grn,skipped,skipped,skipped,skipped,skipped,skipped,,10
8263,SNP,Soc,SU,skipped,skipped,skipped,skipped,skipped,skipped,skipped,,10
8264,SNP,Soc,SU,Grn,skipped,skipped,skipped,skipped,skipped,skipped,,10
8265,SNP,LD,skipped,skipped,skipped,skipped,skipped,skipped,skipped,skipped,,10
8266,SNP,LD,skipped,skipped,skipped,skipped,skipped,skipped,skipped,skipped,,10
8267,SNP,LD,skipped,skipped,skipped,skipped,skipped,skipped,skipped,skipped,,10
8268,SNP,LD,skipped,skipped,skipped,skipped,skipped,skipped,skipped,skipped,,10
8269,SNP,LD,skipped,skipped,skipped,skipped,skipped,skipped,skipped,skipped,,10
8270,SNP,LD,skipped,skipped,skipped,skipped,skipped,skipped,skipped,skipped,,10
8271,SNP,LD,skipped,skipped,skipped,skipped,skipped,skipped,skipped,skipped,,10
8272,SNP,LD,skipped,skipped,skipped,skipped,skipped,skipped,skipped,skipped,,10
8273,SNP,LD,skipped,skipped,skipped,skipped,skipped,skipped,skipped,skipped,,10
8274,SNP,LD,skipped,skipped,skipped,skipped,skipped,skipped,skipped,skipped,,10
8275,SNP,LD,skipped,skipped,skipped,skipped,skipped,skipped,skipped,skipped,,10
8276,SNP,LD,skipped,skipped,skipped,skipped,skipped,skipped,skipped,skipped,,10
8277,SNP,LD,skipped,skipped,skipped,skipped,skipped,skipped,skipped,skipped,,10
8278,SNP,LD,skipped,skipped,skipped,skipped,skipped,skipped,skipped,skipped,,10
8279,SNP,LD,skipped,skipped,skipped,skipped,skipped,skipped,skipped,skipped,,10
8280,SNP,LD,skipped,skipped,skipped,skipped,skipped,skipped,skipped,skipped,,10
8281,SNP,LD,skipped,skipped,skipped,skipped,skipped,skipped,skipped,skipped,,10
8282,SNP,LD,skipped,skipped,skipped,skipped,skipped,skipped,skipped,skipped,,10
8283,SNP,LD,skipped,skipped,skipped,skipped,skipped,skipped,skipped,skipped,,10
8284,SNP,LD,skipped,skipped,skipped,skipped,skipped,skipped,skipped,skipped,,10
8285,SNP,LD,skipped,skipped,skipped,skipped,skipped,skipped,skipped,skipped,,10
8286,SNP,LD,skipped,skipped,skipped,skipped,skipped,skipped,skipped,skipped,,10
8287,SNP,LD,skipped,skipped,skipped,skipped,skipped,skipped,skipped,skipped,,10
8288,SNP,LD,skipped,skipped,skipped,skipped,skipped,skipped,skipped,skipped,,10
8289,SNP,LD,skipped,skipped,skipped,skipped,skipped,skipped,skipped,skipped,,10
8290,SNP,LD,skipped,skipped,skipped,skipped,skipped,skipped,skipped,skipped,,10
8291,SNP,LD,skipped,skipped,skipped,skipped,skipped,skipped,skipped,skipped,,10
8292,SNP,LD,skipped,skipped,skipped,skipped,skipped,skipped,skipped,skipped,,10
8293,SNP,LD,skipped,skipped,skipped,skipped,skipped,skipped,skipped,skipped,,10
8294,SNP,LD,skipped,skipped,skipped,skipped,skipped,skipped,skipped,skipped,,10
8295,SNP,LD,skipped,skipped,skipped,skipped,skipped,skipped,skipped,skipped,,10
8296,SNP,LD,skipped,skipped,skipped,skipped,skipped,skipped,skipped,skipped,,10
8297,SNP,LD,skipped,skipped,skipped,skipped,skipped,skipped,skipped,skipped,,10
8298,SNP,LD,skipped,skipped,skipped,skipped,skipped,skipped,skipped,skipped,,10
8299,SNP,LD,skipped,skipped,skipped,skipped,skipped,skipped,skipped,skipped,,10
8300,SNP,LD,skipped,skipped,skipped,skipped,skipped,skipped,skipped,skipped,,10
8301,SNP,LD,skipped,skipped,skipped,skipped,skipped,skipped,skipped,skipped,,10
8302,SNP,LD,skipped,skipped,skipped,skipped,skipped,skipped,skipped,skipped,,10
8303,SNP,LD,skipped,skipped,skipped,skipped,skipped,skipped,skipped,skipped,,10
8304,SNP,LD,skipped,skipped,skipped,skipped,skipped,skipped,skipped,skipped,,10
8305,SNP,LD,skipped,skipped,skipped,skipped,skipped,skipped,skipped,skipped,,10
8306,SNP,LD,skipped,skipped,skipped,skipped,skipped,skipped,skipped,skipped,,10
8307,SNP,LD,skipped,skipped,skipped,skipped,skipped,skipped,skipped,skipped,,10
8308,SNP,LD,skipped,skipped,skipped,skipped,skipped,skipped,skipped,skipped,,10
8309,SNP,LD,skipped,skipped,skipped,skipped,skipped,skipped,skipped,skipped,,10
8310,SNP,LD,skipped,skipped,skipped,skipped,skipped,skipped,skipped,skipped,,10
8311,SNP,LD,skipped,skipped,skipped,skipped,skipped,skipped,skipped,skipped,,10
8312,SNP,LD,skipped,skipped,skipped,skipped,skipped,skipped,skipped,skipped,,10
8313,SNP,LD,skipped,skipped,skipped,skipped,skipped,skipped,skipped,skipped,,10
8314,SNP,LD,skipped,skipped,skipped,skipped,skipped,skipped,skipped,skipped,,10
8315,SNP,LD,skipped,skipped,skipped,skipped,skipped,skipped,skipped,skipped,,10
8316,SNP,LD,skipped,skipped,skipped,skipped,skipped,skipped,skipped,skipped,,10
8317,SNP,LD,skipped,skipped,skipped,skipped,skipped,skipped,skipped,skipped,,10
8318,SNP,LD,Lab,skipped,skipped,skipped,skipped,skipped,skipped,skipped,,10
8319,SNP,LD,Lab,skipped,skipped,skipped,skipped,skipped,skipped,skipped,,10
8320,SNP,LD,Lab,skipped,skipped,skipped,skipped,skipped,skipped,skipped,,10
8321,SNP,LD,Lab,Con,skipped,skipped,skipped,skipped,skipped,skipped,,10
8322,SNP,LD,Lab,Con,skipped,skipped,skipped,skipped,skipped,skipped,,10
8323,SNP,LD,Lab,Grn,SU,Soc,Con,Sol,skipped,skipped,,10
8324,SNP,LD,Lab,Grn,skipped,skipped,skipped,skipped,skipped,skipped,,10
8325,SNP,LD,Lab,Grn,Soc,Con,Sol,SU,skipped,skipped,,10
8326,SNP,LD,Lab,Soc,skipped,skipped,skipped,skipped,skipped,skipped,,10
8327,SNP,LD,Lab,skipped,skipped,skipped,skipped,skipped,skipped,skipped,,10
8328,SNP,LD,Lab,skipped,skipped,skipped,skipped,skipped,skipped,skipped,,10
8329,SNP,LD,Lab,skipped,skipped,skipped,skipped,skipped,skipped,skipped,,10
8330,SNP,LD,Lab,skipped,skipped,skipped,skipped,skipped,skipped,skipped,,10
8331,SNP,LD,Lab,skipped,skipped,skipped,skipped,skipped,skipped,skipped,,10
8332,SNP,LD,Lab,skipped,skipped,skipped,skipped,skipped,skipped,skipped,,10
8333,SNP,LD,Lab,skipped,skipped,skipped,skipped,skipped,skipped,skipped,,10
8334,SNP,LD,Lab,skipped,skipped,skipped,skipped,skipped,skipped,skipped,,10
8335,SNP,LD,Lab,skipped,skipped,skipped,skipped,skipped,skipped,skipped,,10
8336,SNP,LD,Lab,skipped,skipped,skipped,skipped,skipped,skipped,skipped,,10
8337,SNP,LD,Lab,Grn,skipped,skipped,skipped,skipped,skipped,skipped,,10
8338,SNP,LD,Lab,Con,skipped,skipped,skipped,skipped,skipped,skipped,,10
8339,SNP,LD,Lab,skipped,skipped,skipped,skipped,skipped,skipped,skipped,,10
8340,SNP,LD,Lab,Sol,skipped,skipped,skipped,skipped,skipped,skipped,,10
8341,SNP,LD,Con,skipped,skipped,skipped,skipped,skipped,skipped,skipped,,10
8342,SNP,LD,Con,skipped,skipped,skipped,skipped,skipped,skipped,skipped,,10
8343,SNP,LD,Con,skipped,skipped,skipped,skipped,skipped,skipped,skipped,,10
8344,SNP,LD,Con,skipped,skipped,skipped,skipped,skipped,skipped,skipped,,10
8345,SNP,LD,Con,skipped,skipped,skipped,skipped,skipped,skipped,skipped,,10
8346,SNP,LD,Con,skipped,skipped,skipped,skipped,skipped,skipped,skipped,,10
8347,SNP,LD,Con,skipped,skipped,skipped,skipped,skipped,skipped,skipped,,10
8348,SNP,LD,Con,skipped,skipped,skipped,skipped,skipped,skipped,skipped,,10
8349,SNP,LD,Con,skipped,skipped,skipped,skipped,skipped,skipped,skipped,,10
8350,SNP,LD,Con,skipped,skipped,skipped,skipped,skipped,skipped,skipped,,10
8351,SNP,LD,Con,skipped,skipped,skipped,skipped,skipped,skipped,skipped,,10
8352,SNP,LD,Con,skipped,skipped,skipped,skipped,skipped,skipped,skipped,,10
8353,SNP,LD,Con,skipped,skipped,skipped,skipped,skipped,skipped,skipped,,10
8354,SNP,LD,Con,skipped,skipped,skipped,skipped,skipped,skipped,skipped,,10
8355,SNP,LD,Con,Lab,skipped,skipped,skipped,skipped,skipped,skipped,,10
8356,SNP,LD,Con,Lab,Grn,SU,Soc,Sol,skipped,skipped,,10
8357,SNP,LD,Con,Lab,Soc,Sol,SU,Grn,skipped,skipped,,10
8358,SNP,LD,Con,Lab,Soc,Sol,Grn,SU,skipped,skipped,,10
8359,SNP,LD,Con,Sol,skipped,skipped,skipped,skipped,skipped,skipped,,10
8360,SNP,LD,Con,Sol,skipped,skipped,skipped,skipped,skipped,skipped,,10
8361,SNP,LD,Con,Sol,SU,Grn,Soc,Lab,skipped,skipped,,10
8362,SNP,LD,Con,Sol,SU,Soc,Grn,Lab,skipped,skipped,,10
8363,SNP,LD,Con,Grn,skipped,skipped,skipped,skipped,skipped,skipped,,10
8364,SNP,LD,Con,Grn,skipped,skipped,skipped,skipped,skipped,skipped,,10
8365,SNP,LD,Con,Grn,skipped,skipped,skipped,skipped,skipped,skipped,,10
8366,SNP,LD,Con,SU,skipped,skipped,skipped,skipped,skipped,skipped,,10
8367,SNP,LD,Con,SU,skipped,skipped,skipped,skipped,skipped,skipped,,10
8368,SNP,LD,Lab,skipped,skipped,skipped,skipped,skipped,skipped,skipped,,10
8369,SNP,LD,Lab,skipped,skipped,skipped,skipped,skipped,skipped,skipped,,10
8370,SNP,LD,Lab,skipped,skipped,skipped,skipped,skipped,skipped,skipped,,10
8371,SNP,LD,Lab,skipped,skipped,skipped,skipped,skipped,skipped,skipped,,10
8372,SNP,LD,Lab,skipped,skipped,skipped,skipped,skipped,skipped,skipped,,10
8373,SNP,LD,Lab,skipped,skipped,skipped,skipped,skipped,skipped,skipped,,10
8374,SNP,LD,Lab,Grn,Soc,SU,Con,Sol,skipped,skipped,,10
8375,SNP,LD,Lab,Con,Grn,Soc,Sol,SU,skipped,skipped,,10
8376,SNP,LD,Lab,Grn,skipped,skipped,skipped,skipped,skipped,skipped,,10
8377,SNP,LD,Lab,Grn,skipped,skipped,skipped,skipped,skipped,skipped,,10
8378,SNP,LD,Lab,Grn,skipped,skipped,skipped,skipped,skipped,skipped,,10
8379,SNP,LD,Lab,Grn,Soc,Sol,SU,Con,skipped,skipped,,10
8380,SNP,LD,Lab,Soc,Grn,Sol,skipped,skipped,skipped,skipped,,10
8381,SNP,LD,Lab,Soc,Grn,SU,Sol,Con,skipped,skipped,,10
8382,SNP,LD,Sol,skipped,skipped,skipped,skipped,skipped,skipped,skipped,,10
8383,SNP,LD,Sol,skipped,skipped,skipped,skipped,skipped,skipped,skipped,,10
8384,SNP,LD,Sol,skipped,skipped,skipped,skipped,skipped,skipped,skipped,,10
8385,SNP,LD,Sol,skipped,skipped,skipped,skipped,skipped,skipped,skipped,,10
8386,SNP,LD,Sol,skipped,skipped,skipped,skipped,skipped,skipped,skipped,,10
8387,SNP,LD,Sol,skipped,skipped,skipped,skipped,skipped,skipped,skipped,,10
8388,SNP,LD,Sol,skipped,skipped,skipped,skipped,skipped,skipped,skipped,,10
8389,SNP,LD,Sol,skipped,skipped,skipped,skipped,skipped,skipped,skipped,,10
8390,SNP,LD,Sol,skipped,skipped,skipped,skipped,skipped,skipped,skipped,,10
8391,SNP,LD,Sol,skipped,skipped,skipped,skipped,skipped,skipped,skipped,,10
8392,SNP,LD,Sol,skipped,skipped,skipped,skipped,skipped,skipped,skipped,,10
8393,SNP,LD,Sol,skipped,skipped,skipped,skipped,skipped,skipped,skipped,,10
8394,SNP,LD,Sol,Lab,skipped,skipped,skipped,skipped,skipped,skipped,,10
8395,SNP,LD,Sol,Lab,skipped,skipped,skipped,skipped,skipped,skipped,,10
8396,SNP,LD,Sol,Lab,Soc,skipped,skipped,skipped,skipped,skipped,,10
8397,SNP,LD,Sol,Lab,skipped,skipped,skipped,skipped,skipped,skipped,,10
8398,SNP,LD,Sol,Lab,Con,Soc,SU,Grn,skipped,skipped,,10
8399,SNP,LD,Sol,Grn,skipped,skipped,skipped,skipped,skipped,skipped,,10
8400,SNP,LD,Sol,Grn,Con,skipped,skipped,skipped,skipped,skipped,,10
8401,SNP,LD,Sol,Grn,Soc,skipped,skipped,skipped,skipped,skipped,,10
8402,SNP,LD,Sol,Grn,Soc,SU,Lab,Con,skipped,skipped,,10
8403,SNP,LD,Sol,Soc,skipped,skipped,skipped,skipped,skipped,skipped,,10
8404,SNP,LD,Grn,skipped,skipped,skipped,skipped,skipped,skipped,skipped,,10
8405,SNP,LD,Grn,skipped,skipped,skipped,skipped,skipped,skipped,skipped,,10
8406,SNP,LD,Grn,skipped,skipped,skipped,skipped,skipped,skipped,skipped,,10
8407,SNP,LD,Grn,skipped,skipped,skipped,skipped,skipped,skipped,skipped,,10
8408,SNP,LD,Grn,skipped,skipped,skipped,skipped,skipped,skipped,skipped,,10
8409,SNP,LD,Grn,skipped,skipped,skipped,skipped,skipped,skipped,skipped,,10
8410,SNP,LD,Grn,skipped,skipped,skipped,skipped,skipped,skipped,skipped,,10
8411,SNP,LD,Grn,skipped,skipped,skipped,skipped,skipped,skipped,skipped,,10
8412,SNP,LD,Grn,skipped,skipped,skipped,skipped,skipped,skipped,skipped,,10
8413,SNP,LD,Grn,skipped,skipped,skipped,skipped,skipped,skipped,skipped,,10
8414,SNP,LD,Grn,skipped,skipped,skipped,skipped,skipped,skipped,skipped,,10
8415,SNP,LD,Grn,skipped,skipped,skipped,skipped,skipped,skipped,skipped,,10
8416,SNP,LD,Grn,skipped,skipped,skipped,skipped,skipped,skipped,skipped,,10
8417,SNP,LD,Grn,skipped,skipped,skipped,skipped,skipped,skipped,skipped,,10
8418,SNP,LD,Grn,skipped,skipped,skipped,skipped,skipped,skipped,skipped,,10
8419,SNP,LD,Grn,skipped,skipped,skipped,skipped,skipped,skipped,skipped,,10
8420,SNP,LD,Grn,skipped,skipped,skipped,skipped,skipped,skipped,skipped,,10
8421,SNP,LD,Grn,skipped,skipped,skipped,skipped,skipped,skipped,skipped,,10
8422,SNP,LD,Grn,skipped,skipped,skipped,skipped,skipped,skipped,skipped,,10
8423,SNP,LD,Grn,skipped,skipped,skipped,skipped,skipped,skipped,skipped,,10
8424,SNP,LD,Grn,skipped,skipped,skipped,skipped,skipped,skipped,skipped,,10
8425,SNP,LD,Grn,Lab,Sol,Con,SU,Soc,skipped,skipped,,10
8426,SNP,LD,Grn,Lab,skipped,skipped,skipped,skipped,skipped,skipped,,10
8427,SNP,LD,Grn,Con,skipped,skipped,skipped,skipped,skipped,skipped,,10
8428,SNP,LD,Grn,Con,skipped,skipped,skipped,skipped,skipped,skipped,,10
8429,SNP,LD,Grn,Con,skipped,skipped,skipped,skipped,skipped,skipped,,10
8430,SNP,LD,Grn,Con,skipped,skipped,skipped,skipped,skipped,skipped,,10
8431,SNP,LD,Grn,Con,skipped,skipped,skipped,skipped,skipped,skipped,,10
8432,SNP,LD,Grn,Con,Sol,Soc,Lab,SU,skipped,skipped,,10
8433,SNP,LD,Grn,Lab,skipped,skipped,skipped,skipped,skipped,skipped,,10
8434,SNP,LD,Grn,Lab,skipped,skipped,skipped,skipped,skipped,skipped,,10
8435,SNP,LD,Grn,Lab,Soc,Sol,SU,Con,skipped,skipped,,10
8436,SNP,LD,Grn,Lab,SU,Soc,Con,Sol,skipped,skipped,,10
8437,SNP,LD,Grn,Sol,skipped,skipped,skipped,skipped,skipped,skipped,,10
8438,SNP,LD,Grn,Soc,skipped,skipped,skipped,skipped,skipped,skipped,,10
8439,SNP,LD,Grn,Soc,skipped,skipped,skipped,skipped,skipped,skipped,,10
8440,SNP,LD,Grn,Soc,skipped,skipped,skipped,skipped,skipped,skipped,,10
8441,SNP,LD,Grn,Soc,Sol,Lab,SU,Con,skipped,skipped,,10
8442,SNP,LD,Grn,Soc,SU,skipped,skipped,skipped,skipped,skipped,,10
8443,SNP,LD,Soc,skipped,skipped,skipped,skipped,skipped,skipped,skipped,,10
8444,SNP,LD,Soc,skipped,skipped,skipped,skipped,skipped,skipped,skipped,,10
8445,SNP,LD,Soc,skipped,skipped,skipped,skipped,skipped,skipped,skipped,,10
8446,SNP,LD,Soc,skipped,skipped,skipped,skipped,skipped,skipped,skipped,,10
8447,SNP,LD,Soc,skipped,skipped,skipped,skipped,skipped,skipped,skipped,,10
8448,SNP,LD,Soc,Lab,Grn,Con,Sol,SU,skipped,skipped,,10
8449,SNP,LD,Soc,Con,skipped,skipped,skipped,skipped,skipped,skipped,,10
8450,SNP,LD,Soc,Sol,skipped,skipped,skipped,skipped,skipped,skipped,,10
8451,SNP,LD,Soc,Grn,skipped,skipped,skipped,skipped,skipped,skipped,,10
8452,SNP,LD,Soc,Grn,skipped,skipped,skipped,skipped,skipped,skipped,,10
8453,SNP,LD,Soc,SU,Con,Lab,Grn,Sol,skipped,skipped,,10
8454,SNP,LD,Soc,SU,Lab,skipped,skipped,skipped,skipped,skipped,,10
8455,SNP,LD,SU,Grn,Sol,Con,Soc,Lab,skipped,skipped,,10
8456,SNP,SU,skipped,skipped,skipped,skipped,skipped,skipped,skipped,skipped,,10
8457,SNP,SU,skipped,skipped,skipped,skipped,skipped,skipped,skipped,skipped,,10
8458,SNP,SU,skipped,skipped,skipped,skipped,skipped,skipped,skipped,skipped,,10
8459,SNP,SU,skipped,skipped,skipped,skipped,skipped,skipped,skipped,skipped,,10
8460,SNP,SU,skipped,skipped,skipped,skipped,skipped,skipped,skipped,skipped,,10
8461,SNP,SU,skipped,skipped,skipped,skipped,skipped,skipped,skipped,skipped,,10
8462,SNP,SU,skipped,skipped,skipped,skipped,skipped,skipped,skipped,skipped,,10
8463,SNP,SU,skipped,skipped,skipped,skipped,skipped,skipped,skipped,skipped,,10
8464,SNP,SU,Lab,Grn,LD,Con,Sol,Soc,skipped,skipped,,10
8465,SNP,SU,Lab,Grn,LD,Con,Sol,Soc,skipped,skipped,,10
8466,SNP,SU,Lab,Soc,skipped,skipped,skipped,skipped,skipped,skipped,,10
8467,SNP,SU,Con,skipped,skipped,skipped,skipped,skipped,skipped,skipped,,10
8468,SNP,SU,Con,skipped,skipped,skipped,skipped,skipped,skipped,skipped,,10
8469,SNP,SU,Con,skipped,skipped,skipped,skipped,skipped,skipped,skipped,,10
8470,SNP,SU,Con,Sol,Lab,Grn,Soc,LD,skipped,skipped,,10
8471,SNP,SU,Con,Grn,skipped,skipped,skipped,skipped,skipped,skipped,,10
8472,SNP,SU,Con,Grn,skipped,skipped,skipped,skipped,skipped,skipped,,10
8473,SNP,SU,Con,LD,Grn,skipped,skipped,skipped,skipped,skipped,,10
8474,SNP,SU,Lab,skipped,skipped,skipped,skipped,skipped,skipped,skipped,,10
8475,SNP,SU,Sol,Lab,Con,LD,Soc,Grn,skipped,skipped,,10
8476,SNP,SU,Sol,Con,skipped,skipped,skipped,skipped,skipped,skipped,,10
8477,SNP,SU,Sol,Soc,Lab,LD,Con,Grn,skipped,skipped,,10
8478,SNP,SU,Grn,skipped,skipped,skipped,skipped,skipped,skipped,skipped,,10
8479,SNP,SU,Grn,skipped,skipped,skipped,skipped,skipped,skipped,skipped,,10
8480,SNP,SU,Grn,skipped,skipped,skipped,skipped,skipped,skipped,skipped,,10
8481,SNP,SU,Grn,skipped,skipped,skipped,skipped,skipped,skipped,skipped,,10
8482,SNP,SU,Grn,Soc,skipped,skipped,skipped,skipped,skipped,skipped,,10
8483,SNP,SU,Grn,Soc,Lab,skipped,skipped,skipped,skipped,skipped,,10
8484,SNP,SU,Grn,LD,skipped,skipped,skipped,skipped,skipped,skipped,,10
8485,SNP,SU,Grn,LD,Sol,Lab,Con,Soc,skipped,skipped,,10
8486,SNP,SU,Soc,skipped,skipped,skipped,skipped,skipped,skipped,skipped,,10
8487,SNP,SU,Soc,skipped,skipped,skipped,skipped,skipped,skipped,skipped,,10
8488,SNP,SU,Soc,skipped,skipped,skipped,skipped,skipped,skipped,skipped,,10
8489,SNP,SU,Soc,Lab,Grn,LD,Con,Sol,skipped,skipped,,10
8490,SNP,SU,Soc,Con,skipped,skipped,skipped,skipped,skipped,skipped,,10
8491,SNP,SU,Soc,Con,skipped,skipped,skipped,skipped,skipped,skipped,,10
8492,SNP,SU,Soc,Con,LD,Sol,Grn,Lab,skipped,skipped,,10
8493,SNP,SU,Soc,Lab,Grn,LD,Con,Sol,skipped,skipped,,10
8494,SNP,SU,Soc,Sol,skipped,skipped,skipped,skipped,skipped,skipped,,10
8495,SNP,SU,Soc,Grn,Lab,LD,Con,Sol,skipped,skipped,,10
8496,SNP,SU,Soc,Grn,Sol,skipped,skipped,skipped,skipped,skipped,,10
8497,SNP,SU,LD,skipped,skipped,skipped,skipped,skipped,skipped,skipped,,10
8498,SNP,SU,LD,skipped,skipped,skipped,skipped,skipped,skipped,skipped,,10
8499,SNP,SU,LD,skipped,skipped,skipped,skipped,skipped,skipped,skipped,,10
8500,SNP,SU,LD,Con,Grn,Lab,Soc,Sol,skipped,skipped,,10
8501,SNP,SU,LD,Sol,skipped,skipped,skipped,skipped,skipped,skipped,,10
8502,SNP,SU,LD,Soc,skipped,skipped,skipped,skipped,skipped,skipped,,10
8503,SU,skipped,skipped,skipped,skipped,skipped,skipped,skipped,skipped,skipped,,10
8504,SU,skipped,skipped,skipped,skipped,skipped,skipped,skipped,skipped,skipped,,10
8505,SU,skipped,skipped,skipped,skipped,skipped,skipped,skipped,skipped,skipped,,10
8506,SU,skipped,skipped,skipped,skipped,skipped,skipped,skipped,skipped,skipped,,10
8507,SU,skipped,skipped,skipped,skipped,skipped,skipped,skipped,skipped,skipped,,10
8508,SU,skipped,skipped,skipped,skipped,skipped,skipped,skipped,skipped,skipped,,10
8509,SU,skipped,skipped,skipped,skipped,skipped,skipped,skipped,skipped,skipped,,10
8510,SU,skipped,skipped,skipped,skipped,skipped,skipped,skipped,skipped,skipped,,10
8511,SU,skipped,skipped,skipped,skipped,skipped,skipped,skipped,skipped,skipped,,10
8512,SU,skipped,skipped,skipped,skipped,skipped,skipped,skipped,skipped,skipped,,10
8513,SU,skipped,skipped,skipped,skipped,skipped,skipped,skipped,skipped,skipped,,10
8514,SU,skipped,skipped,skipped,skipped,skipped,skipped,skipped,skipped,skipped,,10
8515,SU,skipped,skipped,skipped,skipped,skipped,skipped,skipped,skipped,skipped,,10
8516,SU,skipped,skipped,skipped,skipped,skipped,skipped,skipped,skipped,skipped,,10
8517,SU,skipped,skipped,skipped,skipped,skipped,skipped,skipped,skipped,skipped,,10
8518,SU,skipped,skipped,skipped,skipped,skipped,skipped,skipped,skipped,skipped,,10
8519,SU,skipped,skipped,skipped,skipped,skipped,skipped,skipped,skipped,skipped,,10
8520,SU,skipped,skipped,skipped,skipped,skipped,skipped,skipped,skipped,skipped,,10
8521,SU,skipped,skipped,skipped,skipped,skipped,skipped,skipped,skipped,skipped,,10
8522,SU,skipped,skipped,skipped,skipped,skipped,skipped,skipped,skipped,skipped,,10
8523,SU,skipped,skipped,skipped,skipped,skipped,skipped,skipped,skipped,skipped,,10
8524,SU,skipped,skipped,skipped,skipped,skipped,skipped,skipped,skipped,skipped,,10
8525,SU,skipped,skipped,skipped,skipped,skipped,skipped,skipped,skipped,skipped,,10
8526,SU,skipped,skipped,skipped,skipped,skipped,skipped,skipped,skipped,skipped,,10
8527,SU,skipped,skipped,skipped,skipped,skipped,skipped,skipped,skipped,skipped,,10
8528,SU,skipped,skipped,skipped,skipped,skipped,skipped,skipped,skipped,skipped,,10
8529,SU,skipped,skipped,skipped,skipped,skipped,skipped,skipped,skipped,skipped,,10
8530,SU,skipped,skipped,skipped,skipped,skipped,skipped,skipped,skipped,skipped,,10
8531,SU,skipped,skipped,skipped,skipped,skipped,skipped,skipped,skipped,skipped,,10
8532,SU,skipped,skipped,skipped,skipped,skipped,skipped,skipped,skipped,skipped,,10
8533,SU,skipped,skipped,skipped,skipped,skipped,skipped,skipped,skipped,skipped,,10
8534,SU,skipped,skipped,skipped,skipped,skipped,skipped,skipped,skipped,skipped,,10
8535,SU,skipped,skipped,skipped,skipped,skipped,skipped,skipped,skipped,skipped,,10
8536,SU,skipped,skipped,skipped,skipped,skipped,skipped,skipped,skipped,skipped,,10
8537,SU,Lab,skipped,skipped,skipped,skipped,skipped,skipped,skipped,skipped,,10
8538,SU,Lab,skipped,skipped,skipped,skipped,skipped,skipped,skipped,skipped,,10
8539,SU,Lab,skipped,skipped,skipped,skipped,skipped,skipped,skipped,skipped,,10
8540,SU,Lab,Con,skipped,skipped,skipped,skipped,skipped,skipped,skipped,,10
8541,SU,Lab,Con,skipped,skipped,skipped,skipped,skipped,skipped,skipped,,10
8542,SU,Lab,Con,skipped,skipped,skipped,skipped,skipped,skipped,skipped,,10
8543,SU,Lab,Con,LD,skipped,skipped,skipped,skipped,skipped,skipped,,10
8544,SU,Lab,skipped,skipped,skipped,skipped,skipped,skipped,skipped,skipped,,10
8545,SU,Lab,Grn,Con,LD,SNP,Soc,Sol,skipped,skipped,,10
8546,SU,Lab,SNP,skipped,skipped,skipped,skipped,skipped,skipped,skipped,,10
8547,SU,Lab,skipped,skipped,skipped,skipped,skipped,skipped,skipped,skipped,,10
8548,SU,Lab,skipped,skipped,skipped,skipped,skipped,skipped,skipped,skipped,,10
8549,SU,Lab,skipped,skipped,skipped,skipped,skipped,skipped,skipped,skipped,,10
8550,SU,Lab,skipped,skipped,skipped,skipped,skipped,skipped,skipped,skipped,,10
8551,SU,Lab,skipped,skipped,skipped,skipped,skipped,skipped,skipped,skipped,,10
8552,SU,Lab,skipped,skipped,skipped,skipped,skipped,skipped,skipped,skipped,,10
8553,SU,Lab,Con,LD,skipped,skipped,skipped,skipped,skipped,skipped,,10
8554,SU,Lab,Con,skipped,skipped,skipped,skipped,skipped,skipped,skipped,,10
8555,SU,Lab,Con,skipped,skipped,skipped,skipped,skipped,skipped,skipped,,10
8556,SU,Lab,Grn,LD,Con,Sol,Soc,SNP,skipped,skipped,,10
8557,SU,Con,skipped,skipped,skipped,skipped,skipped,skipped,skipped,skipped,,10
8558,SU,Con,skipped,skipped,skipped,skipped,skipped,skipped,skipped,skipped,,10
8559,SU,Con,skipped,skipped,skipped,skipped,skipped,skipped,skipped,skipped,,10
8560,SU,Con,skipped,skipped,skipped,skipped,skipped,skipped,skipped,skipped,,10
8561,SU,Con,skipped,skipped,skipped,skipped,skipped,skipped,skipped,skipped,,10
8562,SU,Con,skipped,skipped,skipped,skipped,skipped,skipped,skipped,skipped,,10
8563,SU,Con,skipped,skipped,skipped,skipped,skipped,skipped,skipped,skipped,,10
8564,SU,Con,skipped,skipped,skipped,skipped,skipped,skipped,skipped,skipped,,10
8565,SU,Con,skipped,skipped,skipped,skipped,skipped,skipped,skipped,skipped,,10
8566,SU,Con,skipped,skipped,skipped,skipped,skipped,skipped,skipped,skipped,,10
8567,SU,Con,skipped,skipped,skipped,skipped,skipped,skipped,skipped,skipped,,10
8568,SU,Con,skipped,skipped,skipped,skipped,skipped,skipped,skipped,skipped,,10
8569,SU,Con,skipped,skipped,skipped,skipped,skipped,skipped,skipped,skipped,,10
8570,SU,Con,skipped,skipped,skipped,skipped,skipped,skipped,skipped,skipped,,10
8571,SU,Con,skipped,skipped,skipped,skipped,skipped,skipped,skipped,skipped,,10
8572,SU,Con,skipped,skipped,skipped,skipped,skipped,skipped,skipped,skipped,,10
8573,SU,Con,skipped,skipped,skipped,skipped,skipped,skipped,skipped,skipped,,10
8574,SU,Con,skipped,skipped,skipped,skipped,skipped,skipped,skipped,skipped,,10
8575,SU,Con,skipped,skipped,skipped,skipped,skipped,skipped,skipped,skipped,,10
8576,SU,Con,skipped,skipped,skipped,skipped,skipped,skipped,skipped,skipped,,10
8577,SU,Con,skipped,skipped,skipped,skipped,skipped,skipped,skipped,skipped,,10
8578,SU,Con,skipped,skipped,skipped,skipped,skipped,skipped,skipped,skipped,,10
8579,SU,Con,skipped,skipped,skipped,skipped,skipped,skipped,skipped,skipped,,10
8580,SU,Con,skipped,skipped,skipped,skipped,skipped,skipped,skipped,skipped,,10
8581,SU,Con,skipped,skipped,skipped,skipped,skipped,skipped,skipped,skipped,,10
8582,SU,Con,skipped,skipped,skipped,skipped,skipped,skipped,skipped,skipped,,10
8583,SU,Con,skipped,skipped,skipped,skipped,skipped,skipped,skipped,skipped,,10
8584,SU,Con,skipped,skipped,skipped,skipped,skipped,skipped,skipped,skipped,,10
8585,SU,Con,Lab,skipped,skipped,skipped,skipped,skipped,skipped,skipped,,10
8586,SU,Con,Lab,skipped,skipped,skipped,skipped,skipped,skipped,skipped,,10
8587,SU,Con,Lab,skipped,skipped,skipped,skipped,skipped,skipped,skipped,,10
8588,SU,Con,Lab,skipped,skipped,skipped,skipped,skipped,skipped,skipped,,10
8589,SU,Con,Lab,skipped,skipped,skipped,skipped,skipped,skipped,skipped,,10
8590,SU,Con,Lab,skipped,skipped,skipped,skipped,skipped,skipped,skipped,,10
8591,SU,Con,Lab,skipped,skipped,skipped,skipped,skipped,skipped,skipped,,10
8592,SU,Con,Lab,Grn,Soc,Sol,SNP,LD,skipped,skipped,,10
8593,SU,Con,Lab,skipped,skipped,skipped,skipped,skipped,skipped,skipped,,10
8594,SU,Con,Lab,skipped,skipped,skipped,skipped,skipped,skipped,skipped,,10
8595,SU,Con,Lab,LD,skipped,skipped,skipped,skipped,skipped,skipped,,10
8596,SU,Con,Lab,LD,Grn,Soc,SNP,Sol,skipped,skipped,,10
8597,SU,Con,Lab,skipped,skipped,skipped,skipped,skipped,skipped,skipped,,10
8598,SU,Con,Sol,Soc,skipped,skipped,skipped,skipped,skipped,skipped,,10
8599,SU,Con,Grn,skipped,skipped,skipped,skipped,skipped,skipped,skipped,,10
8600,SU,Con,Grn,skipped,skipped,skipped,skipped,skipped,skipped,skipped,,10
8601,SU,Con,Grn,skipped,skipped,skipped,skipped,skipped,skipped,skipped,,10
8602,SU,Con,Grn,skipped,skipped,skipped,skipped,skipped,skipped,skipped,,10
8603,SU,Con,Grn,skipped,skipped,skipped,skipped,skipped,skipped,skipped,,10
8604,SU,Con,Grn,Soc,skipped,skipped,skipped,skipped,skipped,skipped,,10
8605,SU,Con,Grn,Soc,LD,Sol,SNP,Lab,skipped,skipped,,10
8606,SU,Con,Grn,LD,skipped,skipped,skipped,skipped,skipped,skipped,,10
8607,SU,Con,Grn,LD,skipped,skipped,skipped,skipped,skipped,skipped,,10
8608,SU,Con,Grn,LD,SNP,Sol,Lab,skipped,skipped,skipped,,10
8609,SU,Con,Soc,Lab,LD,SNP,Grn,Sol,skipped,skipped,,10
8610,SU,Con,LD,skipped,skipped,skipped,skipped,skipped,skipped,skipped,,10
8611,SU,Con,LD,skipped,skipped,skipped,skipped,skipped,skipped,skipped,,10
8612,SU,Con,LD,skipped,skipped,skipped,skipped,skipped,skipped,skipped,,10
8613,SU,Con,LD,skipped,skipped,skipped,skipped,skipped,skipped,skipped,,10
8614,SU,Con,LD,skipped,skipped,skipped,skipped,skipped,skipped,skipped,,10
8615,SU,Con,LD,skipped,skipped,skipped,skipped,skipped,skipped,skipped,,10
8616,SU,Con,LD,skipped,skipped,skipped,skipped,skipped,skipped,skipped,,10
8617,SU,Con,LD,skipped,skipped,skipped,skipped,skipped,skipped,skipped,,10
8618,SU,Con,LD,Lab,skipped,skipped,skipped,skipped,skipped,skipped,,10
8619,SU,Con,LD,Lab,skipped,skipped,skipped,skipped,skipped,skipped,,10
8620,SU,Con,LD,Grn,skipped,skipped,skipped,skipped,skipped,skipped,,10
8621,SU,Con,LD,Grn,skipped,skipped,skipped,skipped,skipped,skipped,,10
8622,SU,Con,LD,Grn,Sol,Soc,Lab,SNP,skipped,skipped,,10
8623,SU,Con,LD,Grn,Sol,SNP,Lab,Soc,skipped,skipped,,10
8624,SU,Con,LD,Grn,Soc,Sol,skipped,skipped,skipped,skipped,,10
8625,SU,Con,LD,Grn,Soc,Sol,skipped,skipped,skipped,skipped,,10
8626,SU,Con,LD,Grn,SNP,skipped,skipped,skipped,skipped,skipped,,10
8627,SU,Con,LD,Soc,Grn,Sol,SNP,Lab,skipped,skipped,,10
8628,SU,Con,LD,SNP,skipped,skipped,skipped,skipped,skipped,skipped,,10
8629,SU,Con,LD,SNP,Lab,Soc,Grn,Sol,skipped,skipped,,10
8630,SU,Con,SNP,skipped,skipped,skipped,skipped,skipped,skipped,skipped,,10
8631,SU,Con,SNP,LD,skipped,skipped,skipped,skipped,skipped,skipped,,10
8632,SU,Lab,skipped,skipped,skipped,skipped,skipped,skipped,skipped,skipped,,10
8633,SU,Lab,SNP,skipped,skipped,skipped,skipped,skipped,skipped,skipped,,10
8634,SU,Lab,Con,Grn,skipped,skipped,skipped,skipped,skipped,skipped,,10
8635,SU,Lab,LD,skipped,skipped,skipped,skipped,skipped,skipped,skipped,,10
8636,SU,Lab,LD,Con,skipped,skipped,skipped,skipped,skipped,skipped,,10
8637,SU,Sol,Con,Lab,LD,SNP,Soc,Grn,skipped,skipped,,10
8638,SU,Grn,skipped,skipped,skipped,skipped,skipped,skipped,skipped,skipped,,10
8639,SU,Grn,Lab,Con,LD,Sol,Soc,SNP,skipped,skipped,,10
8640,SU,Grn,Con,skipped,skipped,skipped,skipped,skipped,skipped,skipped,,10
8641,SU,Grn,Con,skipped,skipped,skipped,skipped,skipped,skipped,skipped,,10
8642,SU,Grn,Con,skipped,skipped,skipped,skipped,skipped,skipped,skipped,,10
8643,SU,Grn,Con,LD,skipped,skipped,skipped,skipped,skipped,skipped,,10
8644,SU,Grn,Con,LD,SNP,Lab,Soc,skipped,skipped,skipped,,10
8645,SU,Grn,Sol,skipped,skipped,skipped,skipped,skipped,skipped,skipped,,10
8646,SU,Grn,Sol,Soc,LD,Lab,Con,SNP,skipped,skipped,,10
8647,SU,Grn,SNP,skipped,skipped,skipped,skipped,skipped,skipped,skipped,,10
8648,SU,Grn,SNP,LD,Soc,Con,Lab,Sol,skipped,skipped,,10
8649,SU,Soc,skipped,skipped,skipped,skipped,skipped,skipped,skipped,skipped,,10
8650,SU,Soc,Con,skipped,skipped,skipped,skipped,skipped,skipped,skipped,,10
8651,SU,Soc,Grn,Lab,skipped,skipped,skipped,skipped,skipped,skipped,,10
8652,SU,Soc,Grn,SNP,skipped,skipped,skipped,skipped,skipped,skipped,,10
8653,SU,LD,skipped,skipped,skipped,skipped,skipped,skipped,skipped,skipped,,10
8654,SU,LD,skipped,skipped,skipped,skipped,skipped,skipped,skipped,skipped,,10
8655,SU,LD,skipped,skipped,skipped,skipped,skipped,skipped,skipped,skipped,,10
8656,SU,LD,Lab,skipped,skipped,skipped,skipped,skipped,skipped,skipped,,10
8657,SU,LD,Con,skipped,skipped,skipped,skipped,skipped,skipped,skipped,,10
8658,SU,LD,Con,skipped,skipped,skipped,skipped,skipped,skipped,skipped,,10
8659,SU,LD,Con,skipped,skipped,skipped,skipped,skipped,skipped,skipped,,10
8660,SU,LD,Con,skipped,skipped,skipped,skipped,skipped,skipped,skipped,,10
8661,SU,LD,Con,skipped,skipped,skipped,skipped,skipped,skipped,skipped,,10
8662,SU,LD,Con,Grn,skipped,skipped,skipped,skipped,skipped,skipped,,10
8663,SU,LD,Con,Grn,Lab,Soc,SNP,Sol,skipped,skipped,,10
8664,SU,LD,Sol,skipped,skipped,skipped,skipped,skipped,skipped,skipped,,10
8665,SU,SNP,skipped,skipped,skipped,skipped,skipped,skipped,skipped,skipped,,10
8666,SU,SNP,skipped,skipped,skipped,skipped,skipped,skipped,skipped,skipped,,10
8667,SU,SNP,skipped,skipped,skipped,skipped,skipped,skipped,skipped,skipped,,10
8668,SU,SNP,Con,skipped,skipped,skipped,skipped,skipped,skipped,skipped,,10
8669,SU,SNP,Con,Lab,skipped,skipped,skipped,skipped,skipped,skipped,,10
8670,SU,SNP,Con,Soc,skipped,skipped,skipped,skipped,skipped,skipped,,10
8671,SU,SNP,Con,LD,skipped,skipped,skipped,skipped,skipped,skipped,,10
8672,SU,SNP,Lab,skipped,skipped,skipped,skipped,skipped,skipped,skipped,,10
8673,SU,SNP,Lab,skipped,skipped,skipped,skipped,skipped,skipped,skipped,,10
8674,SU,SNP,Sol,Lab,skipped,skipped,skipped,skipped,skipped,skipped,,10
8675,SU,SNP,Sol,Soc,skipped,skipped,skipped,skipped,skipped,skipped,,10
8676,SU,SNP,Grn,skipped,skipped,skipped,skipped,skipped,skipped,skipped,,10
8677,SU,SNP,Soc,skipped,skipped,skipped,skipped,skipped,skipped,skipped,,10
8678,SU,SNP,LD,skipped,skipped,skipped,skipped,skipped,skipped,skipped,,10
8679,SU,SNP,LD,Lab,skipped,skipped,skipped,skipped,skipped,skipped,,10
