"rank1","rank2","rank3","rank4","rank5","rank6","rank7","rank8","rank9","Num Cands","Num Seats"
"4","1","2","8","3","5","9","7","6","9.0","1.0"
"4","1","5","8","2","6","9","7","3","nan","nan"
"4","9","1","3","8","6","5","2","7","nan","nan"
"5","9","8","1","2","4","3","skipped","skipped","nan","nan"
"3","7","4","8","1","9","2","5","6","nan","nan"
"6","8","3","5","1","2","4","9","7","nan","nan"
"9","8","2","6","1","4","7","5","3","nan","nan"
"4","1","7","6","2","3","5","8","skipped","nan","nan"
"7","1","9","8","2","5","4","6","3","nan","nan"
"1","9","5","2","skipped","skipped","skipped","skipped","skipped","nan","nan"
"9","4","6","7","2","3","5","1","skipped","nan","nan"
"6","7","5","9","8","2","4","3","1","nan","nan"
"3","7","1","6","5","9","4","2","skipped","nan","nan"
"6","1","2","5","8","7","4","9","3","nan","nan"
"4","6","1","7","2","8","3","5","9","nan","nan"
"7","4","5","6","1","2","8","9","3","nan","nan"
"9","2","8","7","6","5","4","3","1","nan","nan"
"1","9","4","7","5","2","6","3","skipped","nan","nan"
"4","1","8","9","6","3","5","7","2","nan","nan"
"2","8","3","7","1","6","4","5","9","nan","nan"
"2","1","4","7","9","5","8","3","6","nan","nan"
"8","9","5","3","4","2","1","skipped","skipped","nan","nan"
"2","8","1","4","7","6","5","3","9","nan","nan"
"1","8","3","7","6","9","2","5","4","nan","nan"
"8","3","2","5","1","9","6","7","4","nan","nan"
"6","1","7","8","4","3","9","5","2","nan","nan"
"3","9","8","6","1","7","2","5","4","nan","nan"
"2","9","6","4","1","7","3","skipped","skipped","nan","nan"
"1","2","5","6","3","7","9","4","8","nan","nan"
"3","9","2","6","8","4","5","7","1","nan","nan"
"5","9","3","6","1","4","7","2","skipped","nan","nan"
"1","9","2","5","6","8","4","7","skipped","nan","nan"
"3","9","1","7","2","5","4","8","6","nan","nan"
"6","9","8","5","3","1","4","2","7","nan","nan"
"2","3","1","6","4","5","skipped","skipped","skipped","nan","nan"
"9","3","1","2","skipped","skipped","skipped","skipped","skipped","nan","nan"
"3","9","8","2","7","5","4","1","6","nan","nan"
"2","3","4","9","5","7","6","8","1","nan","nan"
"2","9","1","8","4","6","5","7","3","nan","nan"
"5","9","1","2","skipped","skipped","skipped","skipped","skipped","nan","nan"
"3","7","4","6","2","8","1","9","5","nan","nan"
"2","9","5","8","6","4","3","7","1","nan","nan"
"9","1","2","3","skipped","skipped","skipped","skipped","skipped","nan","nan"
"6","2","3","9","1","7","8","5","4","nan","nan"
"3","8","6","7","2","9","4","1","skipped","nan","nan"
"6","2","3","5","7","9","8","4","1","nan","nan"
"4","8","5","6","1","3","7","9","2","nan","nan"
"4","9","1","5","3","2","skipped","skipped","skipped","nan","nan"
"4","9","5","8","1","7","6","skipped","skipped","nan","nan"
"3","9","1","5","4","6","7","2","skipped","nan","nan"
"2","9","4","8","1","7","3","6","5","nan","nan"
"3","9","2","7","1","6","5","8","4","nan","nan"
"4","2","8","7","3","1","6","5","9","nan","nan"
"5","9","6","2","7","4","3","8","1","nan","nan"
"4","1","2","8","3","7","9","6","5","nan","nan"
"9","1","2","3","skipped","skipped","skipped","skipped","skipped","nan","nan"
"4","9","1","7","2","6","3","8","5","nan","nan"
"3","9","7","5","2","1","8","6","4","nan","nan"
"4","1","5","3","2","8","6","9","7","nan","nan"
"1","3","4","6","5","2","8","skipped","skipped","nan","nan"
"1","9","3","4","8","5","7","2","6","nan","nan"
"1","9","2","8","3","4","5","6","7","nan","nan"
"8","4","9","3","7","2","6","1","5","nan","nan"
