45 1.0
1 1 44 15 17 43 42 29 12 41 20 33 45 28 27 25 34 10 3 21 6 14 2 8 30 13 11 31 22 37 35 7 9 26 16 18 38 39 19 24 40 32 5 36 23 0
1 1 45 3 5 6 7 2 4 0
1 2 1 45 8 10 6 3 4 5 7 0
1 2 45 3 1 0
1 3 1 25 15 20 7 29 31 30 38 40 28 21 9 16 45 14 41 24 37 5 27 19 13 33 2 12 6 36 39 4 18 17 35 10 8 26 42 34 32 22 11 23 0
1 3 1 45 2 0
1 3 1 45 9 4 14 39 12 0
1 3 2 13 23 7 16 12 21 14 43 29 8 25 10 42 26 38 34 37 28 45 1 39 9 18 31 15 20 24 22 40 4 5 27 30 41 6 35 11 44 36 33 32 17 19 0
1 3 5 45 2 4 1 0
1 4 1 13 6 8 12 16 29 45 7 11 10 14 22 26 18 28 27 2 3 25 31 15 9 30 0
1 4 1 45 15 25 6 3 8 30 5 7 35 2 11 12 14 17 10 0
1 4 45 1 3 5 2 0
1 4 45 2 3 1 0
1 4 45 5 7 10 3 8 6 2 1 9 0
1 6 1 45 13 19 12 22 8 11 4 17 21 9 2 15 3 16 7 10 14 20 0
1 6 45 9 4 8 5 3 10 2 7 1 0
1 7 1 45 5 9 3 2 4 8 6 0
1 8 1 42 22 32 31 39 29 41 28 45 3 35 37 33 23 26 14 15 9 19 4 13 12 34 7 24 36 16 2 27 17 21 10 20 30 40 38 25 6 5 0
1 8 1 45 13 19 20 4 6 10 22 3 25 7 30 2 15 14 12 18 17 5 16 0
1 8 23 45 5 6 12 10 4 3 0
1 9 1 30 16 26 8 33 13 35 45 7 10 14 23 20 15 2 31 19 21 5 11 6 28 18 34 12 17 4 22 29 3 32 24 27 25 0
1 9 1 45 11 15 4 7 6 8 5 10 2 0
1 10 1 44 4 20 45 30 35 2 6 5 25 16 12 40 13 15 3 43 0
1 10 1 45 15 7 11 13 4 2 6 3 5 14 9 12 8 0
1 10 13 2 45 14 8 9 7 19 6 12 1 18 5 11 4 17 3 16 15 0
1 11 1 45 10 3 4 13 2 5 6 7 12 0
1 11 3 30 14 19 38 45 8 37 16 4 34 9 2 20 33 15 1 12 5 7 13 23 21 36 10 6 35 17 18 31 0
1 11 6 21 22 15 2 10 8 34 1 9 19 12 7 18 3 13 4 16 5 17 20 14 0
1 12 1 35 40 5 16 34 15 36 4 42 2 27 13 25 44 43 26 20 8 30 10 18 29 41 6 17 32 28 24 19 45 22 7 39 23 9 31 33 38 21 14 3 11 37 0
1 12 1 45 25 9 44 6 8 17 18 7 2 20 5 19 15 0
1 12 3 43 29 45 4 1 20 30 34 42 39 13 44 40 2 0
1 13 1 33 27 4 5 10 2 3 42 17 7 14 35 20 30 31 9 28 25 15 19 18 44 32 11 12 26 24 39 0
1 13 3 45 16 2 17 11 9 15 5 1 4 12 7 6 14 10 0
1 14 1 41 8 12 4 18 32 33 44 39 20 16 3 28 9 27 6 22 26 42 25 35 13 23 2 15 36 37 10 24 29 19 7 34 11 5 31 21 38 45 40 43 17 30 0
1 14 1 45 4 16 2 10 22 5 3 17 6 0
1 15 1 22 13 6 12 18 45 20 26 14 9 3 27 16 30 25 11 17 5 8 21 7 2 28 4 19 24 10 29 23 0
1 15 1 45 10 14 6 20 12 2 11 3 18 13 19 5 42 32 4 30 17 8 35 21 25 43 7 28 0
1 15 2 8 19 6 12 33 23 45 11 3 13 21 25 30 17 28 10 22 7 20 9 14 5 37 26 1 32 27 29 4 18 24 34 16 0
1 15 45 6 2 4 12 3 5 10 1 9 0
1 16 1 10 30 2 20 45 28 17 15 3 19 18 26 0
1 16 1 28 38 10 6 29 26 27 43 5 34 21 45 30 44 25 8 9 4 19 36 15 3 39 7 37 32 20 0
1 16 1 44 8 10 19 9 23 37 43 5 11 2 45 28 26 15 14 38 27 31 33 6 13 12 32 7 25 4 20 18 35 3 24 29 17 30 21 34 22 0
1 16 1 45 8 15 14 13 9 4 11 7 6 12 5 2 10 3 0
1 17 1 25 21 9 23 38 22 37 39 20 10 2 33 15 13 7 28 11 45 26 31 32 8 24 5 35 16 19 4 12 18 3 6 14 29 30 36 27 0
1 17 1 45 9 6 15 5 3 8 11 2 7 13 12 10 4 14 16 0
1 18 1 7 13 8 40 19 26 31 6 38 2 39 22 35 45 30 41 21 23 44 9 24 42 15 3 10 25 37 33 14 5 29 20 36 4 11 43 34 28 32 27 12 0
1 19 1 31 5 6 20 34 43 10 32 41 3 25 7 45 27 38 21 26 14 44 8 23 28 29 12 18 37 39 15 13 4 11 9 30 22 2 36 42 40 16 33 35 17 24 0
1 20 1 30 17 6 14 45 11 19 38 3 5 9 33 28 8 22 12 18 16 7 15 4 13 2 40 26 10 0
1 20 1 37 39 30 7 8 24 13 26 10 9 5 38 25 17 36 21 11 15 14 12 28 35 0
1 20 1 45 5 27 33 15 37 21 4 2 31 3 38 13 12 18 26 11 19 7 8 29 28 44 32 10 0
1 20 1 45 18 6 8 4 13 17 3 2 15 14 12 9 5 16 7 19 11 10 0
1 22 1 30 35 11 25 40 24 13 27 31 23 16 5 21 29 38 14 4 6 44 33 43 17 32 9 3 42 28 19 7 2 12 26 37 20 8 36 34 45 39 15 10 18 41 0
1 22 2 19 3 11 32 17 6 45 13 1 12 30 38 23 29 15 27 5 31 18 20 8 10 4 16 7 21 9 39 28 0
1 22 5 15 17 6 8 18 32 37 31 27 12 10 1 35 4 29 38 39 33 43 40 21 23 41 11 45 24 7 25 14 26 3 42 44 19 36 16 20 28 30 2 34 9 13 0
1 24 1 17 35 2 22 9 45 43 44 37 13 8 12 11 29 33 3 21 23 42 4 15 19 5 25 27 28 18 20 6 30 32 31 16 34 14 26 10 41 7 0
1 26 1 29 22 3 12 32 43 40 28 27 4 18 20 33 10 16 14 17 23 45 19 31 9 25 21 13 41 38 35 7 6 5 2 36 11 37 34 30 42 39 44 15 8 24 0
1 27 1 39 7 12 19 32 40 30 28 33 6 18 16 42 20 31 9 22 13 43 23 36 35 3 5 11 37 29 17 24 10 15 14 38 8 2 34 45 44 26 21 4 25 0
1 27 1 41 12 5 3 16 20 42 39 4 6 2 28 29 15 43 22 9 10 14 17 7 8 37 34 35 40 30 23 0
1 28 1 18 6 4 17 14 42 23 26 30 13 10 11 43 24 36 21 29 32 37 8 38 9 19 3 15 40 35 5 33 2 20 16 25 27 7 39 41 45 31 22 12 34 0
1 30 1 26 31 9 15 27 39 35 36 45 4 29 12 41 13 37 19 21 34 44 17 33 42 7 18 11 20 28 10 8 2 3 5 23 14 6 40 24 43 32 38 22 16 25 0
1 30 1 37 12 11 32 36 33 15 21 40 5 9 39 29 27 28 22 4 38 18 34 43 20 24 14 42 45 6 2 13 8 16 3 10 35 44 41 26 23 17 7 19 0
1 30 1 45 22 3 10 9 31 35 8 16 27 21 20 32 33 15 13 18 5 36 44 38 23 29 0
1 30 4 45 10 1 20 0
1 30 5 42 37 13 33 39 11 10 23 25 4 7 40 9 31 16 24 12 18 15 27 43 45 1 8 36 2 41 34 29 26 22 35 3 6 0
1 32 1 19 10 5 45 33 26 22 25 4 8 24 27 12 29 2 31 20 21 3 14 13 11 23 7 15 16 9 43 18 6 30 28 0
1 32 2 7 16 4 12 23 11 28 43 42 22 1 33 45 31 30 26 27 35 14 3 41 10 18 24 5 15 13 19 34 8 17 37 29 25 9 39 21 44 38 20 40 6 36 0
1 32 9 11 16 24 31 23 43 34 45 42 22 38 28 40 13 21 10 3 7 36 39 41 25 8 15 30 26 44 1 2 12 18 29 14 20 5 27 33 37 4 0
1 33 1 16 8 5 42 39 31 32 38 41 3 2 28 37 43 24 13 30 12 17 9 14 36 15 27 34 29 44 45 18 19 6 22 21 35 11 25 7 40 26 10 23 4 20 0
1 33 1 25 2 12 4 16 39 6 38 44 18 37 8 41 9 30 23 27 20 36 11 35 3 13 10 29 40 42 21 22 7 5 14 15 24 28 43 34 45 31 32 26 19 17 0
1 33 1 27 14 5 45 9 38 10 39 36 8 44 15 42 4 19 12 23 13 43 32 37 7 29 28 26 41 40 6 30 2 31 16 22 25 3 18 11 24 21 34 17 20 35 0
1 34 1 20 13 9 12 27 26 19 33 45 2 14 7 39 22 31 16 28 17 35 42 30 10 23 11 38 32 44 5 21 15 8 18 36 6 3 37 41 43 40 29 25 4 24 0
1 34 1 42 9 31 13 20 44 11 32 41 6 14 3 30 21 27 17 22 18 38 15 33 45 16 2 5 35 26 7 23 4 40 8 37 39 10 28 25 24 19 43 36 29 12 0
1 34 1 45 5 3 11 10 19 12 28 23 8 16 29 2 25 14 4 30 21 15 32 40 0
1 35 1 10 9 13 45 11 3 30 4 2 5 7 6 8 12 0
1 36 1 43 22 11 7 17 25 40 41 34 2 20 4 14 39 31 30 26 8 35 9 18 45 15 10 21 27 19 24 5 32 28 23 6 3 16 37 42 12 38 29 33 13 0
1 36 5 45 15 17 19 38 3 24 16 31 6 18 4 42 43 37 32 20 12 35 10 22 39 41 2 8 40 29 21 34 11 26 7 30 1 9 23 44 28 25 33 14 13 27 0
1 37 1 23 38 15 30 16 40 12 33 39 19 20 11 44 29 32 8 26 14 45 41 42 25 10 24 7 35 36 17 9 6 3 27 13 2 4 22 21 43 31 34 5 18 28 0
1 37 1 28 36 14 31 15 41 4 32 39 20 21 16 44 26 35 11 23 19 43 42 40 34 13 18 2 29 38 10 12 8 5 27 9 3 7 24 25 45 33 30 6 17 22 0
1 38 1 19 4 8 10 23 36 25 37 34 6 42 14 41 16 33 17 28 7 45 9 22 21 18 12 13 35 5 24 2 11 20 29 15 3 39 40 27 32 30 26 31 0
1 38 1 22 36 17 30 18 40 13 32 39 16 24 10 44 28 31 7 29 15 45 42 41 25 11 21 9 34 37 14 8 5 2 27 12 3 4 20 23 43 35 33 6 19 26 0
1 38 1 29 33 16 36 14 40 4 24 37 20 21 18 42 28 35 11 22 17 43 41 39 32 13 19 2 31 34 9 12 10 5 30 7 3 8 25 26 45 27 6 15 23 0
1 38 1 30 26 25 4 9 23 11 14 37 2 36 8 41 28 20 16 10 44 5 45 43 7 15 24 17 3 27 13 6 29 18 19 12 0
1 38 1 34 15 7 14 19 23 28 9 42 2 6 5 43 24 41 21 25 26 35 4 37 13 29 22 10 44 40 30 31 3 12 18 33 16 8 39 32 45 20 27 17 11 36 0
1 38 1 44 7 3 10 31 41 43 5 40 8 39 19 33 12 45 9 20 21 2 4 6 42 17 18 16 0
1 38 3 45 15 16 37 41 17 43 5 9 42 34 6 4 36 11 14 33 7 20 1 44 8 28 2 40 35 13 0
1 39 1 23 34 13 36 22 41 11 33 38 15 26 16 44 24 31 9 27 17 45 40 42 25 12 21 7 32 37 10 8 5 3 28 14 2 4 18 19 43 35 30 6 20 29 0
1 39 1 26 35 18 31 14 42 12 36 37 22 21 9 41 32 25 13 23 17 43 40 44 27 11 19 6 38 33 10 15 7 2 29 8 3 5 20 24 45 30 34 4 16 28 0
1 39 1 26 36 16 28 15 41 9 31 35 20 25 11 43 30 29 10 24 17 40 42 44 34 14 19 3 38 37 13 12 7 4 27 8 2 6 18 23 45 33 32 5 21 22 0
1 39 2 17 26 9 15 40 30 31 33 3 41 29 24 44 32 42 14 25 43 23 21 13 36 12 6 28 35 0
1 40 1 14 13 6 15 9 17 21 45 8 3 19 20 18 4 7 11 12 34 2 5 30 16 10 0
1 40 1 22 36 19 32 18 38 13 31 37 14 24 16 45 30 27 8 23 7 44 41 39 28 10 12 17 26 34 20 9 4 5 15 2 3 11 21 43 35 33 6 25 29 0
1 40 1 28 38 16 32 13 44 3 36 33 22 27 12 45 29 34 10 23 18 43 42 41 30 9 19 4 35 37 17 11 8 6 26 7 2 14 20 21 39 25 31 5 15 24 0
1 40 1 28 39 17 37 15 44 5 26 35 23 18 14 45 30 32 9 25 20 43 42 41 31 12 21 2 27 34 13 11 10 3 29 6 4 8 19 24 38 33 36 7 16 22 0
1 40 5 45 2 19 15 3 41 29 11 18 25 32 9 42 10 21 6 33 0
1 41 1 29 38 17 36 14 39 4 28 37 22 18 16 45 25 32 10 23 24 44 43 40 30 11 19 2 35 34 13 12 9 5 26 6 3 8 20 27 42 31 33 7 15 21 0
1 41 1 30 9 12 26 45 31 8 4 43 40 27 34 13 44 15 14 33 38 25 32 5 35 42 29 0
1 41 1 34 7 37 3 38 28 9 13 39 2 43 30 26 33 31 21 12 14 18 4 27 35 6 36 23 24 8 15 16 17 29 40 5 22 25 42 32 11 19 20 10 0
1 41 4 30 38 24 6 15 33 22 5 29 8 23 28 44 34 13 20 14 27 19 42 35 21 16 18 3 45 25 31 11 10 7 17 36 2 9 43 32 39 26 40 1 12 37 0
1 42 1 20 37 17 32 16 40 9 34 38 13 24 11 45 27 33 8 19 18 44 43 35 26 12 28 10 31 29 23 4 6 7 21 15 3 2 30 25 41 39 36 5 14 22 0
1 42 1 43 6 13 18 34 15 17 45 39 11 16 3 40 41 28 24 27 2 35 44 26 9 20 5 22 32 21 7 30 10 12 8 19 37 4 31 33 38 36 23 25 29 14 0
1 42 3 37 23 26 13 22 44 24 39 31 5 2 40 34 27 32 17 16 41 29 35 20 38 43 9 28 33 36 0
1 43 2 4 1 44 3 45 0
1 44 1 32 6 14 15 9 25 38 42 45 5 24 13 39 22 23 30 18 11 29 7 36 10 20 3 34 37 31 8 28 2 21 12 26 41 4 35 40 43 16 27 33 17 19 0
1 44 1 38 14 5 25 11 15 7 36 43 20 19 9 21 37 33 10 23 2 45 22 16 32 26 3 12 34 27 13 29 4 8 18 28 17 6 30 41 40 42 35 31 24 39 0
1 44 1 43 29 32 34 31 35 45 2 28 41 37 38 30 39 36 40 42 33 0
1 44 2 7 45 27 3 29 10 5 23 6 4 15 35 1 14 17 0
1 44 45 1 0
26 45 0
40 45 1 0
11 45 1 2 0
2 45 1 2 3 0
1 45 1 2 3 5 11 7 4 12 6 8 9 13 10 0
1 45 1 2 4 3 0
1 45 1 2 4 6 3 5 0
1 45 1 2 5 3 6 4 7 0
1 45 1 2 5 9 15 4 3 13 10 0
1 45 1 2 9 3 8 4 10 5 6 7 0
1 45 1 2 29 30 23 5 28 24 4 13 32 20 18 6 17 14 9 3 8 19 0
1 45 1 3 0
1 45 1 3 2 0
1 45 1 3 2 5 4 0
1 45 1 3 2 5 6 0
1 45 1 3 4 7 5 2 0
1 45 1 3 7 8 2 4 5 0
1 45 1 3 7 19 6 18 20 0
1 45 1 4 0
1 45 1 4 3 0
1 45 1 4 3 2 0
1 45 1 4 7 12 3 11 13 15 9 10 5 8 16 2 6 0
1 45 1 4 13 25 16 22 12 2 27 11 21 26 19 6 9 20 28 17 3 14 10 7 24 15 5 23 18 0
1 45 1 5 0
1 45 1 5 3 2 8 4 7 6 0
1 45 1 5 6 8 3 4 10 11 2 0
1 45 1 5 11 18 0
1 45 1 5 23 29 30 15 35 38 13 4 6 39 22 36 18 8 28 41 9 12 3 19 11 10 20 40 31 7 14 0
1 45 1 6 2 3 4 5 7 0
1 45 1 6 3 9 2 7 4 8 5 0
1 45 1 6 8 3 14 31 9 12 37 39 16 20 18 5 15 17 0
1 45 1 7 3 8 2 5 4 0
1 45 1 7 5 8 4 6 2 3 9 0
1 45 1 7 6 13 8 15 4 17 5 2 10 9 11 3 14 18 16 12 0
1 45 1 7 8 2 13 12 6 0
1 45 1 7 8 9 4 3 2 10 5 0
1 45 1 7 14 5 8 2 4 3 9 13 15 10 6 11 12 0
1 45 1 8 2 5 7 4 9 3 6 10 0
1 45 1 8 2 6 12 10 0
1 45 1 8 2 9 3 7 4 6 5 0
1 45 1 8 3 9 5 13 4 12 11 10 2 6 7 0
1 45 1 8 6 2 7 9 4 3 10 5 0
1 45 1 8 7 2 4 6 5 3 0
1 45 1 8 9 2 6 4 7 5 3 0
1 45 1 8 11 10 4 14 5 3 13 18 6 15 9 7 12 16 17 2 19 0
1 45 1 9 2 6 3 5 10 7 8 4 0
1 45 1 9 6 3 4 2 7 5 8 0
1 45 1 9 10 11 17 19 3 6 14 7 5 8 15 2 12 16 4 18 13 0
1 45 1 9 11 5 12 6 10 8 7 2 4 3 0
1 45 1 9 13 18 17 5 7 4 19 15 3 14 21 20 11 6 10 8 16 2 12 0
1 45 1 10 4 14 12 2 3 11 6 7 9 8 15 5 13 0
1 45 1 10 6 11 5 13 8 2 4 14 7 9 12 3 16 15 0
1 45 1 10 9 6 5 8 11 3 14 16 2 15 4 12 0
1 45 1 10 15 4 12 2 7 18 8 9 5 17 3 13 16 11 14 6 0
1 45 1 11 10 6 8 9 13 4 7 15 2 14 5 12 3 0
1 45 1 11 14 15 6 4 10 8 9 3 7 2 16 5 0
1 45 1 11 16 12 10 29 6 23 20 41 33 15 24 7 13 21 19 5 38 4 2 36 43 3 14 8 0
1 45 1 12 3 4 9 11 8 5 6 10 13 2 7 0
1 45 1 12 9 8 16 14 6 19 13 3 11 18 4 2 15 7 5 17 10 20 0
1 45 1 12 9 11 5 3 7 0
1 45 1 12 10 5 11 2 6 7 4 9 3 31 8 0
1 45 1 12 15 11 16 3 4 17 9 5 13 7 6 10 2 14 8 0
1 45 1 12 20 4 14 3 9 5 11 6 7 10 15 2 8 34 0
1 45 1 13 6 17 9 4 18 10 3 24 21 7 19 23 22 20 12 16 5 2 14 11 15 8 26 25 27 0
1 45 1 14 4 6 9 13 8 3 11 12 2 0
1 45 1 14 4 11 18 3 13 30 10 9 17 44 34 25 8 28 6 12 2 20 15 7 5 16 0
1 45 1 14 8 3 5 2 10 16 4 11 15 20 19 17 6 9 13 12 7 18 0
1 45 1 17 5 0
1 45 1 17 12 3 4 15 13 2 6 7 8 9 5 16 14 19 11 10 18 20 0
1 45 1 18 12 19 20 9 10 13 14 4 6 3 7 17 5 15 8 22 21 2 11 16 0
1 45 1 20 9 12 15 30 7 29 17 19 24 11 10 16 14 8 22 2 5 18 26 4 25 13 28 0
1 45 1 20 21 10 19 2 15 17 22 13 6 14 9 5 12 4 11 3 16 7 0
1 45 1 21 5 2 30 6 24 26 11 10 0
1 45 1 22 23 2 0
1 45 1 26 12 6 13 27 19 23 3 22 8 28 17 16 24 4 7 21 11 18 15 5 9 10 2 25 20 14 0
1 45 1 31 18 10 2 30 19 21 20 22 41 44 3 6 27 14 12 17 7 24 0
1 45 1 44 12 3 5 6 7 10 4 25 26 15 0
1 45 2 1 0
1 45 2 1 3 0
1 45 2 3 4 1 0
1 45 2 4 1 7 9 10 8 3 6 5 0
1 45 2 5 4 1 3 7 6 0
1 45 2 8 4 6 1 5 7 3 11 10 12 9 0
1 45 2 10 11 5 3 8 4 7 1 6 9 0
1 45 2 17 9 4 30 10 14 1 44 16 15 34 29 41 0
1 45 2 20 1 8 22 4 19 17 12 25 10 27 13 5 26 21 14 16 23 11 9 6 3 15 7 18 24 0
1 45 2 42 17 34 15 11 25 19 4 3 29 26 27 44 30 43 13 32 22 20 37 21 28 12 41 8 0
1 45 3 1 2 0
2 45 3 2 1 0
1 45 3 2 1 4 5 0
1 45 3 2 4 1 0
1 45 3 2 4 6 5 1 0
1 45 3 5 4 1 2 0
1 45 3 10 15 5 0
1 45 3 14 8 9 44 43 40 2 26 37 1 27 15 29 0
1 45 3 18 14 22 13 23 1 17 16 12 32 29 4 2 15 6 8 25 19 31 30 5 10 24 33 9 11 20 28 21 27 7 26 0
1 45 4 1 3 2 0
1 45 4 5 2 3 1 0
1 45 5 1 2 0
1 45 5 2 1 0
1 45 7 1 4 2 6 5 3 0
1 45 7 8 6 12 4 14 11 2 3 1 0
1 45 8 1 0
1 45 8 5 6 7 3 2 13 12 11 1 9 4 10 0
1 45 8 7 10 9 1 4 3 5 2 6 0
1 45 9 15 1 8 13 10 16 4 6 2 17 12 18 5 3 14 7 11 0
1 45 13 12 15 9 7 1 14 5 4 8 2 10 3 6 16 11 0
0
1.0
2.0
3.0
4.0
5.0
6.0
7.0
8.0
9.0
10.0
11.0
12.0
13.0
14.0
15.0
16.0
17.0
18.0
19.0
20.0
21.0
22.0
23.0
24.0
25.0
26.0
27.0
28.0
29.0
30.0
31.0
32.0
33.0
34.0
35.0
36.0
37.0
38.0
39.0
40.0
41.0
42.0
43.0
44.0
45.0
