30 1.0
1 1 2 21 20 8 22 23 3 14 16 17 19 5 0
1 1 3 5 22 2 13 30 4 21 16 23 8 19 29 20 15 18 14 17 0
1 1 3 21 28 16 19 8 14 22 2 0
1 1 5 21 19 30 22 3 16 17 2 8 14 0
1 1 6 21 14 2 30 19 20 4 18 22 10 23 0
1 1 8 17 14 30 20 23 22 5 16 19 21 2 6 3 0
1 1 8 17 22 21 23 20 19 3 4 30 2 16 18 14 6 5 0
1 1 8 30 14 21 10 16 29 22 5 6 26 23 19 12 4 18 15 20 24 27 3 2 13 17 0
1 1 14 22 17 19 3 30 2 16 8 21 5 0
1 1 16 2 14 23 20 22 3 4 17 19 30 6 8 21 5 0
1 1 16 8 19 14 18 23 20 5 3 10 22 21 30 6 2 4 17 0
1 1 16 19 5 21 22 14 17 8 3 2 30 0
1 1 17 3 16 15 20 6 21 19 18 13 8 14 22 4 10 30 2 23 5 0
1 1 18 20 21 19 15 8 30 5 3 10 17 2 16 13 23 6 14 4 22 0
1 1 19 13 2 14 16 3 12 6 18 20 17 22 8 30 5 15 4 24 21 23 29 0
1 1 19 22 3 21 5 2 14 16 17 0
1 1 20 8 14 21 4 30 23 5 22 18 16 19 3 6 2 17 0
1 1 21 2 14 17 8 5 22 3 28 0
1 1 21 19 14 22 2 0
1 1 22 3 5 21 18 30 17 20 6 8 14 19 10 23 2 4 16 0
1 1 22 21 2 14 8 30 17 3 19 23 5 16 0
1 1 22 21 2 19 5 14 0
1 1 23 4 16 19 21 29 30 18 22 3 6 17 14 8 13 12 10 15 24 2 20 5 0
1 1 23 5 22 14 20 30 17 6 8 21 2 3 16 0
1 1 24 16 21 19 12 10 9 22 3 4 18 29 17 14 15 8 27 6 20 30 23 26 2 13 5 0
1 1 25 26 2 7 14 22 27 28 9 0
1 1 26 23 16 21 19 27 18 9 22 3 6 24 17 14 29 8 12 20 13 30 4 15 2 10 5 0
1 1 30 2 22 23 17 5 3 4 16 19 6 20 10 18 14 8 21 0
1 1 30 15 17 14 19 18 23 5 16 13 20 8 21 22 6 4 2 10 3 0
1 1 30 16 21 19 17 14 22 3 5 8 2 0
1 1 30 16 22 21 10 8 20 5 17 18 19 14 23 4 2 3 0
1 1 30 22 2 20 23 16 18 8 5 6 4 3 17 0
1 2 25 3 19 30 13 17 8 6 28 18 21 20 23 7 4 14 15 5 22 16 0
1 2 28 0
1 2 28 25 16 17 3 22 8 14 19 7 21 0
1 2 28 26 21 7 25 14 0
1 3 5 22 19 28 14 21 2 0
1 3 6 28 17 19 14 23 8 16 21 5 20 2 30 22 0
1 3 19 1 14 22 21 17 2 5 16 0
1 3 19 12 4 17 8 23 9 29 21 18 7 15 27 25 16 30 28 2 10 6 14 22 26 20 5 0
1 3 21 1 14 22 19 5 17 2 0
1 3 28 2 1 14 19 21 0
1 4 1 8 2 14 20 28 30 12 16 22 21 17 23 6 19 3 5 0
1 4 3 13 18 27 6 2 29 8 16 12 28 5 24 20 23 15 30 21 14 0
1 4 8 1 13 14 5 30 15 23 2 17 16 22 19 9 24 12 26 27 18 29 6 3 20 21 0
1 4 8 28 2 14 15 17 23 21 24 22 19 3 20 29 16 6 13 10 30 5 0
1 4 8 28 16 14 21 10 13 3 22 18 23 17 6 30 20 2 15 5 0
1 4 10 1 22 3 19 8 15 20 14 16 17 28 30 2 6 18 13 23 29 24 21 5 0
1 4 16 1 17 14 21 20 22 3 30 10 19 6 23 18 8 2 5 0
1 4 16 9 6 21 5 13 27 15 2 30 25 10 18 23 19 22 3 7 28 24 17 26 20 29 14 12 8 0
1 4 17 1 10 5 6 18 28 16 19 29 2 14 3 21 20 22 0
1 4 18 1 22 3 19 8 29 20 14 17 16 26 30 2 6 10 15 23 12 27 24 21 13 5 0
1 4 23 28 16 19 21 10 6 14 5 30 22 18 3 13 20 15 8 2 0
1 4 24 20 28 29 25 12 13 6 7 26 15 10 18 27 9 0
1 4 24 27 17 23 3 15 6 16 14 30 12 18 7 13 21 19 2 26 9 25 8 28 29 22 20 10 5 0
1 4 28 13 12 27 23 8 16 6 30 0
1 4 30 24 16 17 21 9 29 8 2 5 18 6 25 3 14 7 23 12 28 27 10 15 20 26 19 13 22 0
1 5 3 1 8 20 22 29 13 26 2 30 18 12 16 19 15 24 27 23 10 6 0
1 5 4 9 12 2 3 7 15 25 20 24 17 21 6 13 28 29 27 14 23 16 22 19 10 18 8 26 30 0
1 5 9 28 3 2 18 15 24 19 17 23 16 20 13 12 22 6 10 7 25 8 30 29 4 27 0
1 5 12 2 16 26 9 27 17 21 7 25 14 29 22 19 28 0
1 5 18 7 30 14 19 13 22 23 17 3 29 6 28 8 21 25 12 26 9 10 15 27 4 24 2 20 16 0
1 5 19 1 14 2 22 21 0
1 5 28 14 21 19 16 2 22 0
1 5 28 22 14 21 18 19 9 23 30 10 0
1 5 28 22 27 7 19 16 2 30 20 0
1 5 28 27 9 7 26 4 25 30 16 12 29 0
1 6 1 30 17 4 22 14 5 20 3 21 23 19 8 2 0
1 6 7 28 8 26 12 18 9 29 4 10 23 25 0
1 6 8 18 5 19 21 26 4 30 2 17 16 23 7 13 14 12 24 25 10 15 9 20 29 22 27 3 0
1 6 10 1 8 21 19 23 30 22 5 7 29 27 16 14 20 2 17 3 0
1 6 16 28 20 5 14 30 22 17 3 21 19 29 2 8 0
1 6 20 15 3 14 19 16 17 22 30 18 21 4 23 8 10 2 5 0
1 6 22 1 5 14 2 4 30 23 8 21 18 20 3 16 17 19 0
1 7 1 28 5 14 16 21 25 17 3 22 19 8 2 0
1 7 5 12 30 14 2 4 10 15 3 8 25 20 26 16 19 13 22 24 9 6 17 28 29 27 21 18 23 0
1 7 6 28 4 27 5 17 26 23 2 12 15 8 29 10 14 20 22 9 3 13 16 25 24 18 21 30 19 0
1 7 8 25 16 21 19 26 18 6 22 17 27 23 28 30 2 9 3 15 24 29 10 12 20 4 14 13 5 0
1 7 10 24 22 2 14 18 28 20 17 3 9 16 6 23 19 29 12 26 25 4 13 27 30 8 21 15 5 0
1 7 12 24 15 27 25 2 13 28 29 8 26 9 0
1 7 13 28 16 19 22 15 23 21 5 24 30 3 14 17 4 2 8 0
1 7 14 19 22 28 2 25 9 17 21 26 0
1 7 15 26 23 19 5 10 12 3 17 16 28 8 29 21 22 20 9 25 27 6 4 13 30 18 2 24 14 0
1 7 20 6 8 14 21 4 10 29 22 3 13 15 28 17 19 25 5 27 9 26 23 12 24 16 2 18 30 0
1 7 20 28 17 16 19 27 5 4 2 29 6 26 22 21 12 30 13 9 24 18 25 23 15 8 10 3 0
1 7 23 28 18 2 22 27 24 15 19 16 25 8 29 6 21 17 3 9 26 13 30 10 12 14 20 5 0
1 7 26 2 21 15 28 29 20 17 16 8 25 14 0
1 7 27 28 30 5 14 23 20 4 12 8 26 18 6 29 10 3 22 0
1 7 28 8 2 14 19 20 17 22 10 5 4 3 23 16 30 25 6 0
1 7 28 22 14 25 8 21 9 19 2 0
1 7 30 28 5 19 14 25 16 20 22 3 23 8 21 17 4 9 6 2 0
1 7 30 29 16 19 14 10 20 4 22 5 15 13 9 17 8 28 25 18 23 2 6 0
1 8 16 30 17 19 22 21 3 14 23 5 2 0
1 8 19 17 21 2 14 28 6 0
1 8 22 28 21 2 19 14 1 0
1 8 28 22 5 19 16 14 12 4 6 21 7 17 2 3 0
1 9 1 19 21 8 22 3 16 17 14 7 5 25 29 2 0
1 9 3 20 17 21 14 15 28 10 22 30 24 6 29 5 19 26 16 13 7 27 12 25 18 23 2 4 8 0
1 9 3 29 23 22 19 14 5 28 8 21 4 2 0
1 9 4 7 8 19 21 23 27 30 22 3 28 18 26 17 14 24 16 29 25 15 13 12 6 10 2 20 5 0
1 9 5 15 17 22 19 27 24 4 21 16 8 20 25 23 2 6 30 12 28 13 7 18 10 14 29 3 0
1 9 5 26 16 2 19 24 10 4 21 3 13 20 23 17 22 25 8 27 29 12 30 7 15 18 14 6 0
1 9 15 28 10 25 22 21 7 13 19 5 29 2 14 0
1 9 16 24 30 10 14 19 28 23 20 17 29 4 7 5 2 12 27 22 15 26 6 25 21 13 8 18 3 0
1 9 22 12 8 14 19 27 13 18 3 17 30 23 26 16 21 6 10 24 4 20 15 2 5 29 0
1 9 23 18 6 21 3 16 25 10 14 19 8 20 29 17 30 15 13 4 22 2 7 5 0
1 9 23 24 17 5 21 20 28 4 22 16 29 12 25 30 19 13 14 15 27 6 10 26 8 18 2 7 3 0
1 9 23 28 18 22 21 29 4 20 14 5 26 16 27 3 19 13 30 24 7 15 6 25 10 8 2 12 17 0
1 9 23 28 24 2 19 16 30 13 8 5 29 20 26 17 21 12 15 27 25 10 6 7 4 18 14 3 22 0
1 9 24 7 29 28 22 4 13 21 25 8 12 19 23 30 6 26 10 20 18 2 14 0
1 9 24 7 30 21 19 8 6 4 5 3 12 23 26 17 2 29 13 27 25 10 28 20 18 15 14 16 22 0
1 9 24 25 15 14 5 6 7 18 29 19 23 20 27 17 2 12 8 3 10 26 16 28 30 13 22 4 21 0
1 9 27 13 8 6 19 25 15 14 24 3 23 26 17 12 5 4 10 30 18 28 16 29 2 20 22 0
1 9 28 6 25 18 17 30 14 7 23 3 24 19 29 4 20 2 21 0
1 9 28 29 7 27 24 26 8 0
1 9 30 1 10 16 5 6 21 19 8 25 17 14 7 13 28 27 23 26 2 15 22 0
1 9 30 4 19 21 14 13 23 15 3 22 25 24 27 8 5 18 16 7 28 10 12 20 29 26 2 6 17 0
1 9 30 27 5 3 17 29 28 15 21 19 4 10 7 16 14 12 20 18 26 23 6 24 25 13 2 8 22 0
1 9 30 27 18 8 16 17 2 29 22 6 15 20 25 21 14 26 24 10 7 12 4 28 23 13 3 19 5 0
1 9 30 28 5 19 22 8 24 4 14 16 26 13 27 17 21 10 29 15 7 20 25 18 6 2 23 3 0
1 9 30 28 16 2 22 18 10 6 19 3 25 20 12 17 21 7 8 29 27 15 4 26 23 24 14 13 5 0
1 9 30 28 17 21 22 20 18 16 19 5 24 4 27 8 2 25 23 26 12 13 15 7 6 29 14 10 3 0
1 10 15 24 4 17 29 12 25 30 9 3 18 27 28 16 20 2 13 5 6 26 8 23 7 0
1 10 16 9 17 14 21 18 20 23 19 5 15 24 3 22 26 12 27 13 30 29 4 8 2 6 0
1 10 16 28 8 3 22 18 19 5 15 17 21 14 29 6 13 20 4 2 23 30 0
1 10 17 28 30 5 22 12 4 24 19 8 27 16 7 23 14 25 21 13 29 15 3 18 20 6 2 0
1 10 23 12 30 22 16 29 3 20 14 5 6 4 26 19 2 28 15 25 9 24 27 7 17 13 8 18 21 0
1 10 25 26 3 21 22 30 5 13 18 16 29 20 7 23 19 9 17 24 27 15 6 28 4 12 14 8 2 0
1 10 28 4 20 13 6 12 15 0
1 10 28 12 9 22 1 8 18 6 0
1 10 28 13 30 19 22 6 8 18 16 3 20 21 5 2 14 23 17 0
1 10 28 16 8 30 23 18 0
1 10 28 20 22 16 23 30 14 4 3 21 6 19 8 5 2 18 17 0
1 10 29 28 21 5 16 8 12 23 30 15 13 6 19 14 22 17 2 24 18 20 3 4 0
1 12 4 25 17 2 14 30 10 23 22 3 13 18 9 16 21 29 20 26 27 15 24 8 6 19 5 0
1 12 5 28 3 16 19 15 10 23 2 22 27 24 25 30 14 4 17 26 9 29 13 7 20 6 21 18 8 0
1 12 6 4 8 2 22 10 5 23 19 16 13 18 29 28 21 27 30 24 9 20 3 26 7 15 14 17 25 0
1 12 6 7 30 28 22 5 20 14 29 15 16 24 8 19 13 4 26 23 9 27 2 18 21 0
1 12 6 8 17 2 16 27 22 29 23 14 13 18 24 3 30 7 4 26 9 25 20 15 10 5 19 21 0
1 12 6 28 22 14 21 20 30 18 13 16 26 8 10 17 23 5 27 29 15 19 24 2 4 3 0
1 12 8 26 30 14 19 16 23 20 22 5 9 6 7 17 21 27 18 24 25 29 10 28 4 2 15 3 0
1 12 13 28 8 9 20 23 27 6 21 25 16 29 19 24 4 26 18 7 10 15 2 14 0
1 12 17 28 19 21 20 6 9 29 2 18 4 10 8 30 22 23 27 25 3 16 13 7 5 24 14 26 15 0
1 12 20 1 2 22 16 5 19 15 27 21 0
1 12 20 28 16 22 14 10 23 30 19 17 15 29 7 3 21 24 8 26 25 18 9 27 6 13 2 4 5 0
1 12 23 1 16 19 14 15 13 20 22 3 4 18 17 21 29 8 7 24 10 28 27 2 30 5 0
1 12 23 28 16 21 19 13 18 4 22 3 24 6 25 17 14 26 8 27 7 29 30 9 20 15 2 10 5 0
1 12 26 28 16 22 6 15 23 10 14 21 9 3 29 5 2 7 4 24 25 18 19 20 13 27 17 30 8 0
1 12 28 20 14 7 13 26 9 0
1 13 3 15 22 21 14 20 8 4 5 10 18 17 23 6 30 29 2 16 19 0
1 13 4 1 21 22 14 10 23 6 3 24 17 19 15 30 29 16 20 2 18 5 0
1 13 5 26 16 3 14 29 30 20 19 22 27 23 28 17 21 25 18 9 15 24 12 7 10 6 2 4 8 0
1 13 8 1 19 2 27 0
1 13 8 7 3 14 19 12 18 6 5 30 25 15 10 23 22 21 16 27 28 20 24 9 29 26 2 4 17 0
1 13 16 9 18 5 4 22 21 15 29 19 25 2 27 28 24 8 12 3 17 30 0
1 13 17 7 22 4 16 30 28 20 14 8 24 6 2 21 3 15 23 10 29 19 18 5 0
1 14 28 7 21 22 1 5 25 2 9 30 19 0
1 15 1 8 17 22 4 6 16 19 30 23 3 21 5 18 2 20 14 0
1 15 1 14 2 16 23 10 22 17 29 4 12 8 21 19 0
1 15 3 9 19 2 14 23 20 17 21 10 30 26 5 4 8 24 27 6 13 29 16 22 0
1 15 5 1 22 14 21 8 28 6 17 20 18 2 3 30 13 16 4 23 19 10 0
1 15 5 22 21 23 17 3 16 20 14 30 27 2 24 12 6 29 8 19 0
1 15 6 8 3 14 21 20 19 16 1 9 22 4 5 7 25 27 2 17 0
1 15 8 28 16 14 2 3 30 29 23 22 25 10 12 20 21 26 18 9 7 4 27 13 17 24 19 6 5 0
1 15 16 28 13 22 21 23 30 4 19 3 1 6 10 17 14 8 20 18 2 5 0
1 15 18 20 3 21 14 28 8 10 22 9 24 16 7 17 25 29 26 13 27 2 5 0
1 15 18 29 16 14 19 10 6 30 22 5 7 20 12 17 21 9 8 25 27 13 4 26 23 24 2 3 0
1 15 20 28 19 22 5 4 23 2 3 8 30 21 29 17 24 10 6 18 12 14 13 16 0
1 15 24 12 4 17 22 8 28 25 14 13 23 6 29 3 21 5 18 26 27 10 9 16 30 2 20 19 0
1 15 25 28 4 14 17 16 8 6 22 3 24 30 18 5 21 10 9 27 26 7 12 29 20 13 2 23 19 0
1 15 27 1 17 3 5 10 24 30 21 19 6 23 13 20 2 22 29 4 12 8 14 18 16 0
1 15 28 8 2 0
1 15 28 8 19 3 9 5 2 21 14 12 0
1 15 30 10 16 19 21 29 6 18 14 5 25 4 27 8 2 9 3 12 7 20 23 28 26 24 22 13 17 0
1 15 30 28 16 2 3 17 13 6 22 5 23 20 4 21 29 8 18 10 14 19 0
1 16 12 28 10 9 6 15 24 19 7 23 8 0
1 16 15 4 25 23 30 12 26 24 20 2 13 6 27 29 28 8 9 10 7 18 0
1 16 15 17 14 26 21 8 3 13 28 20 23 10 29 22 24 4 9 6 30 18 2 5 27 12 25 19 7 0
1 16 28 2 27 29 13 10 21 9 14 3 25 0
1 17 3 1 22 14 16 19 5 8 30 0
1 17 28 4 18 9 10 15 30 24 8 20 22 23 7 21 13 14 12 29 19 16 27 2 5 6 3 0
1 17 28 19 14 3 22 5 21 2 0
1 18 6 1 3 24 5 27 10 22 21 14 8 23 19 30 15 4 17 16 29 12 20 13 2 0
1 18 12 15 27 24 7 29 25 6 2 28 4 13 10 9 26 0
1 18 20 1 17 2 21 4 6 30 22 5 10 23 16 19 13 15 8 14 3 0
1 18 20 28 8 3 17 16 24 30 14 22 4 23 12 5 21 29 6 9 25 26 10 7 19 15 2 13 0
1 18 23 2 30 3 14 12 26 6 21 22 25 20 27 10 5 8 9 24 15 17 7 29 13 19 4 16 0
1 18 28 4 12 20 23 8 16 30 14 6 0
1 18 28 13 12 27 30 10 29 9 16 4 7 0
1 18 28 17 14 21 8 4 22 19 6 3 30 13 10 2 5 0
1 18 28 30 21 19 13 4 22 16 20 5 14 8 6 3 2 10 23 0
1 18 29 13 21 2 5 15 19 10 3 22 24 8 12 17 14 26 23 7 25 28 27 20 4 16 6 30 0
1 18 30 29 3 19 8 4 17 22 13 16 24 5 2 10 15 28 20 23 6 14 0
1 19 8 28 2 5 3 14 17 21 16 22 0
1 19 23 7 6 2 17 15 21 20 5 8 27 30 28 16 22 12 13 25 26 10 29 9 4 24 14 18 3 0
1 20 1 5 16 19 30 8 21 3 17 23 22 14 6 2 0
1 20 5 28 10 2 21 8 22 18 16 29 13 19 15 4 23 6 17 14 3 30 0
1 20 5 28 22 21 14 16 17 3 19 23 30 2 8 0
1 20 5 30 17 14 21 16 28 22 19 8 23 2 3 0
1 20 6 4 16 9 7 27 21 8 25 19 5 17 29 14 26 12 23 13 10 24 18 15 22 30 28 3 2 0
1 20 8 1 3 19 21 30 14 5 16 2 23 22 17 0
1 20 8 28 16 21 19 6 22 17 5 14 3 30 23 4 2 0
1 20 23 28 17 14 19 10 6 8 22 5 24 30 16 21 15 13 12 27 4 29 2 18 3 0
1 20 23 30 3 19 5 8 16 21 22 6 17 14 2 0
1 20 27 7 12 2 19 3 15 29 17 23 8 5 21 4 6 9 18 24 13 16 25 30 26 22 10 14 0
1 21 14 2 28 0
1 21 28 14 7 2 12 22 5 19 0
1 21 28 16 7 30 20 23 13 0
1 22 7 3 17 16 19 28 14 2 21 8 5 0
1 22 23 28 4 19 3 12 10 5 13 15 20 17 29 21 6 2 24 18 16 30 0
1 23 1 3 16 2 8 22 19 21 18 17 0
1 23 1 17 16 22 13 8 2 14 26 10 21 3 6 28 7 20 4 9 18 19 0
1 23 1 21 14 5 22 8 2 17 3 0
1 23 1 28 15 9 16 18 29 27 20 24 0
1 23 20 16 12 26 29 24 2 22 28 13 10 15 8 21 9 3 5 4 6 17 18 30 19 7 27 14 25 0
1 23 28 17 16 19 21 14 5 3 8 6 22 20 30 2 0
1 24 4 1 15 14 8 10 6 18 21 5 16 13 29 17 19 3 30 23 2 20 22 0
1 24 4 1 21 14 8 28 2 9 5 19 22 0
1 24 4 9 16 14 19 18 29 13 22 5 20 6 7 8 21 25 3 27 28 10 30 26 23 15 2 12 17 0
1 24 5 17 4 14 21 10 15 6 2 8 7 20 26 16 3 12 27 18 28 29 30 9 25 23 19 13 22 0
1 24 6 28 16 4 21 3 15 25 22 17 27 10 7 19 5 20 18 12 26 23 8 9 30 13 2 29 14 0
1 24 8 20 3 22 21 12 30 18 14 16 4 13 9 23 2 27 5 26 29 15 6 19 10 17 0
1 24 10 7 3 5 21 18 23 29 14 30 26 6 28 17 22 13 16 27 15 12 20 4 19 8 2 0
1 24 15 28 18 19 17 10 3 4 14 5 26 23 12 30 2 7 6 13 25 29 9 27 8 16 21 20 22 0
1 24 16 7 30 5 22 18 12 23 14 10 17 6 26 20 19 9 3 13 27 29 15 28 8 25 2 4 21 0
1 24 16 25 6 19 22 13 28 30 14 8 9 18 4 3 21 15 17 12 7 26 20 27 29 23 2 10 5 0
1 24 17 23 22 5 16 4 8 30 14 19 12 13 25 2 26 10 7 18 29 27 15 9 21 6 3 0
1 24 20 23 17 14 21 4 18 10 22 5 30 29 26 16 19 25 3 7 28 9 15 27 13 12 2 6 8 0
1 24 23 1 5 22 2 15 8 16 21 6 3 17 14 12 30 4 18 29 13 19 10 20 0
1 24 30 1 17 2 19 5 27 15 0
1 24 30 9 17 16 5 13 6 23 21 19 28 20 12 22 14 26 3 27 29 10 15 2 18 8 0
1 24 30 25 16 19 22 4 13 6 21 3 10 20 27 8 14 26 17 9 7 29 15 28 23 18 2 12 5 0
1 24 30 28 5 8 17 27 26 4 21 18 7 29 13 20 14 25 19 6 15 10 22 9 16 12 2 23 3 0
1 25 3 7 29 16 15 10 5 30 23 21 18 20 28 19 13 8 24 12 27 14 6 22 4 9 17 2 26 0
1 25 3 17 22 23 8 15 26 10 16 5 20 6 28 2 21 7 19 12 24 29 9 14 30 0
1 25 3 28 16 19 23 8 14 5 10 4 7 17 2 18 6 9 30 21 22 0
1 25 4 26 19 3 16 10 28 20 22 21 24 23 9 8 5 15 14 12 27 18 13 7 6 29 17 30 2 0
1 25 4 28 19 21 2 29 23 6 3 22 7 20 30 14 12 13 10 15 17 24 5 8 16 0
1 25 4 30 16 2 3 9 22 24 20 14 18 23 5 8 27 10 12 7 26 28 6 13 17 19 21 0
1 25 5 21 2 17 22 3 13 30 10 18 28 19 8 24 29 4 14 16 0
1 25 8 9 30 14 19 13 3 29 17 5 24 15 18 22 21 27 10 26 12 23 20 28 6 7 2 4 16 0
1 25 13 29 14 21 19 3 23 2 28 27 8 22 15 4 9 10 26 5 0
1 25 15 7 17 2 19 6 5 4 3 8 12 13 18 23 14 27 10 24 9 26 29 28 16 30 22 20 21 0
1 25 15 9 7 19 14 30 3 18 5 20 10 6 23 17 22 13 2 24 12 27 4 26 8 29 21 16 28 0
1 25 17 28 3 22 2 12 4 5 13 9 27 14 23 7 24 29 19 21 0
1 25 24 28 10 12 22 15 26 29 21 7 3 17 6 19 18 5 4 16 27 8 13 30 20 2 14 0
1 25 30 8 6 22 19 24 12 26 14 20 23 15 27 5 21 4 3 7 28 29 13 10 18 9 2 16 17 0
1 26 3 16 2 25 7 30 19 15 21 14 24 18 6 28 5 23 4 13 10 17 27 8 20 29 9 12 22 0
1 26 4 1 23 13 8 10 3 30 14 22 12 27 24 2 18 17 15 20 9 29 16 19 6 21 0
1 26 6 27 23 21 22 18 10 8 19 5 7 20 28 3 14 25 16 15 9 24 12 13 30 4 2 29 17 0
1 26 7 15 30 28 22 23 9 13 19 24 17 8 27 21 18 16 6 10 20 25 29 2 14 0
1 26 7 16 14 2 21 9 17 8 20 28 19 22 3 25 30 5 6 23 0
1 26 8 1 22 14 6 16 4 19 3 20 9 30 21 15 17 27 13 29 18 12 2 10 5 0
1 26 8 1 22 14 19 4 5 17 3 29 16 21 20 18 24 23 2 0
1 26 8 28 3 14 27 18 23 19 5 15 16 17 22 12 30 9 29 6 24 4 13 2 10 20 0
1 26 8 28 16 21 22 29 30 4 5 19 10 20 12 17 14 9 23 25 7 13 6 27 15 24 2 18 3 0
1 26 9 28 6 2 21 13 25 29 22 10 24 18 19 5 7 27 12 14 15 4 0
1 26 9 29 23 22 21 30 3 24 17 19 27 10 15 5 14 4 16 6 13 25 12 18 2 20 8 0
1 26 13 9 16 19 21 30 23 4 17 5 28 15 12 3 2 24 18 27 29 6 8 10 14 20 22 0
1 26 13 10 3 21 2 24 15 8 22 17 25 6 7 23 19 12 30 9 28 18 4 27 20 16 14 29 5 0
1 26 13 15 19 30 18 20 17 22 28 7 10 12 8 2 3 21 16 5 4 14 0
1 26 15 7 28 21 19 30 2 22 13 5 20 16 29 18 0
1 26 15 28 6 9 19 4 7 13 21 29 23 30 24 22 10 5 20 25 2 14 0
1 26 16 28 7 14 19 18 23 17 22 20 12 4 25 8 2 27 3 15 9 10 29 13 5 24 21 6 30 0
1 26 20 6 8 22 14 10 4 18 5 17 30 29 28 16 19 15 21 7 9 13 23 25 24 27 2 12 3 0
1 26 20 7 3 8 2 17 15 12 22 5 25 4 27 21 16 13 10 24 28 23 6 9 30 18 14 29 19 0
1 26 20 28 30 21 19 6 12 8 22 3 7 13 27 17 14 29 24 9 15 23 25 10 18 2 4 5 0
1 26 23 15 6 22 3 29 27 30 19 8 7 16 12 20 25 2 4 28 9 10 18 24 13 17 0
1 26 24 25 28 7 17 13 14 9 12 3 29 19 15 2 21 0
1 26 24 28 7 22 25 14 27 6 23 12 21 5 20 2 19 0
1 26 25 4 16 7 22 20 12 23 14 6 17 29 27 19 13 10 8 30 24 15 18 9 2 21 0
1 26 28 13 23 21 16 18 29 20 6 8 12 24 3 17 9 0
1 27 4 7 3 22 13 12 20 19 28 29 30 16 25 14 8 2 5 21 0
1 27 5 7 30 21 15 23 12 6 19 22 25 17 28 24 14 26 8 10 9 20 3 13 18 29 2 4 16 0
1 27 5 9 17 22 19 29 20 30 21 8 16 10 12 18 2 23 6 24 26 7 15 25 4 28 14 13 3 0
1 27 6 7 14 8 3 4 24 16 21 30 13 23 9 17 2 15 29 25 28 19 20 10 26 18 5 12 22 0
1 27 8 7 16 19 14 23 6 17 3 24 13 25 30 21 15 5 26 9 10 12 29 4 2 18 22 0
1 27 15 12 3 22 16 9 8 30 14 19 13 4 7 17 2 25 6 28 24 29 23 26 20 10 21 18 5 0
1 27 16 1 3 2 21 18 10 30 22 17 4 29 23 19 12 15 28 20 24 6 8 14 13 5 0
1 27 19 1 18 21 8 6 14 28 5 20 2 22 0
1 27 20 7 23 2 22 6 4 18 5 19 9 10 28 8 14 29 25 12 26 15 13 24 30 17 21 16 3 0
1 27 20 15 17 19 5 8 10 4 21 22 28 6 12 16 2 18 29 24 30 23 14 13 3 0
1 27 22 25 10 21 19 12 18 13 2 26 30 15 3 16 20 5 24 28 29 9 8 14 23 17 0
1 27 24 15 17 14 8 25 18 3 4 6 12 21 5 13 28 26 20 7 23 9 2 30 0
1 27 24 28 16 2 19 20 23 8 22 30 12 4 26 17 14 9 3 6 10 25 18 21 5 0
1 27 28 13 7 17 25 21 26 3 19 8 15 2 16 14 0
1 27 30 1 3 22 19 29 6 18 21 5 10 8 26 23 14 12 16 25 9 4 15 20 13 2 24 17 0
1 27 30 6 17 22 21 4 23 10 19 3 1 13 24 16 14 8 29 12 18 15 2 20 5 0
1 27 30 20 17 14 22 23 8 4 5 24 13 9 16 21 12 19 25 26 29 10 7 18 6 2 15 3 0
1 27 30 28 8 21 14 9 18 23 5 17 12 10 29 16 19 22 25 7 20 26 15 4 2 6 3 0
1 27 30 28 16 21 19 20 23 4 22 3 18 12 8 14 5 29 13 24 6 15 2 10 17 0
21 28 0
1 28 1 8 29 22 19 15 2 4 14 7 0
11 28 2 0
1 28 2 14 23 17 30 22 21 8 16 20 5 19 3 0
1 28 2 16 19 23 30 18 10 20 3 17 4 8 21 13 6 0
1 28 2 19 3 22 17 5 16 21 14 8 0
1 28 2 19 16 14 21 5 8 22 3 0
2 28 2 19 21 0
1 28 2 19 21 5 14 22 0
1 28 2 19 21 14 0
1 28 2 21 14 0
1 28 2 21 19 22 5 3 14 0
1 28 3 2 21 22 14 19 0
1 28 3 2 21 30 17 19 8 16 14 23 5 22 0
1 28 3 5 21 14 16 19 17 2 22 0
1 28 3 8 2 23 21 22 30 16 17 5 14 19 0
1 28 3 16 14 21 18 13 6 19 30 23 8 22 4 5 15 20 10 2 29 17 0
1 28 3 16 19 14 22 21 17 5 2 0
1 28 3 16 30 5 19 22 17 8 21 2 14 0
1 28 3 19 5 20 16 14 8 23 21 22 30 2 17 0
1 28 3 22 14 8 16 5 19 21 2 17 0
1 28 3 22 14 19 17 5 2 21 0
1 28 3 23 14 2 17 20 19 5 8 16 21 22 6 30 0
1 28 3 29 5 19 2 30 4 21 8 1 10 7 9 22 13 14 27 0
1 28 4 8 16 5 19 6 20 21 3 30 18 14 17 23 13 2 10 22 0
1 28 4 16 21 23 20 18 22 17 8 6 3 2 24 30 27 15 29 12 13 14 10 5 0
1 28 5 2 3 16 19 14 21 8 17 22 0
1 28 5 2 8 22 3 30 16 19 17 0
1 28 5 3 2 14 4 30 20 21 8 6 16 22 23 17 19 0
1 28 5 7 8 3 2 18 12 30 16 22 10 15 27 6 21 23 13 25 20 24 29 9 17 4 14 26 19 0
1 28 5 14 19 23 3 30 8 21 22 17 16 2 0
1 28 5 14 21 17 3 19 2 22 16 8 0
1 28 5 15 19 8 14 17 29 22 2 16 21 3 0
1 28 5 16 22 21 14 2 19 0
1 28 5 17 14 19 22 2 8 23 30 16 21 3 0
1 28 5 17 14 21 3 22 19 2 16 0
1 28 5 19 14 21 22 2 0
1 28 5 19 22 2 3 21 17 16 0
1 28 5 22 19 14 17 8 30 2 16 21 3 0
1 28 5 22 21 19 3 14 2 0
1 28 6 1 5 20 19 9 8 14 23 30 21 25 22 3 17 29 10 2 24 16 0
1 28 6 5 19 21 20 8 22 17 30 16 14 23 2 3 0
1 28 6 19 23 2 20 30 5 14 22 21 8 0
1 28 6 20 5 16 23 8 3 19 4 17 21 14 22 30 2 0
1 28 6 23 2 19 20 16 17 22 30 4 5 21 18 14 8 3 0
1 28 8 3 2 19 20 23 22 16 4 21 6 30 14 17 5 0
1 28 8 3 2 21 16 30 14 17 19 22 5 0
1 28 8 3 22 19 30 21 5 14 2 17 0
1 28 8 17 22 14 6 30 21 5 20 3 23 2 19 0
1 28 8 17 23 14 24 20 10 2 22 30 15 16 19 5 29 6 18 12 13 21 4 3 0
1 28 8 26 17 19 21 4 20 6 22 5 23 16 14 3 30 2 0
1 28 8 30 14 21 10 18 6 22 3 29 13 17 19 16 4 23 20 2 15 5 0
1 28 9 13 19 5 30 8 20 18 14 2 27 7 29 25 16 26 23 15 12 4 24 0
1 28 10 1 14 6 3 27 13 30 2 5 23 20 22 24 8 15 29 18 19 12 4 21 17 16 0
1 28 10 7 8 19 22 16 29 5 9 14 26 2 17 0
1 28 10 18 8 21 14 24 4 30 16 17 15 13 5 22 3 6 12 23 29 2 20 19 0
1 28 10 20 16 21 14 17 5 19 3 22 8 2 0
1 28 10 23 16 22 14 29 20 6 19 17 30 18 8 21 3 4 13 2 15 5 0
1 28 13 2 21 14 17 16 18 4 10 8 19 22 15 3 20 23 30 5 0
1 28 13 14 20 19 10 29 16 21 8 4 24 3 2 23 17 15 30 6 22 18 5 0
1 28 13 20 2 22 24 6 16 14 17 18 8 21 29 5 27 10 15 12 30 23 19 4 3 0
1 28 14 2 0
1 28 14 2 17 3 8 5 19 21 16 22 0
1 28 14 2 19 21 0
1 28 14 2 21 0
1 28 14 8 17 22 30 19 2 16 21 0
1 28 14 19 2 21 0
1 28 14 19 17 22 5 2 6 30 21 8 0
1 28 14 21 2 0
1 28 14 21 16 5 3 17 19 2 8 22 0
1 28 14 21 19 8 23 22 4 20 17 3 6 18 30 2 16 5 0
1 28 14 21 19 22 2 0
1 28 14 21 20 6 18 3 16 5 19 22 30 10 4 13 2 23 8 0
1 28 14 21 22 8 5 19 3 16 2 17 0
1 28 15 22 17 3 4 6 2 5 20 16 14 29 19 12 10 30 24 18 23 21 13 8 0
1 28 16 2 10 4 21 20 14 19 15 17 8 29 5 18 6 23 22 30 3 0
1 28 16 3 22 17 21 14 5 2 19 0
1 28 16 14 21 20 8 22 30 19 3 23 17 2 5 0
1 28 16 17 19 21 8 5 22 14 2 3 0
1 28 16 17 22 21 3 14 8 5 19 0
1 28 16 17 30 14 4 23 6 19 3 8 21 22 20 2 5 0
1 28 16 20 14 13 24 8 27 18 4 23 15 22 30 25 0
1 28 16 22 2 14 19 3 21 17 8 5 0
1 28 17 1 23 14 19 16 22 10 12 4 21 5 18 2 3 0
1 28 17 2 19 16 8 22 21 4 6 3 14 30 18 23 20 5 0
1 28 17 2 22 21 3 16 19 5 0
1 28 17 8 14 21 30 5 2 0
1 28 17 14 19 22 16 21 5 2 3 0
1 28 17 16 5 19 3 2 14 8 21 22 0
1 28 17 16 8 2 21 5 30 3 14 19 22 0
1 28 17 16 23 2 30 22 18 14 4 3 20 6 8 5 19 21 0
1 28 17 19 14 2 20 18 5 8 30 3 22 6 1 23 4 21 10 16 0
1 28 17 20 14 22 6 23 12 5 19 8 3 2 27 4 30 26 21 16 0
1 28 17 22 19 5 21 14 2 3 0
1 28 18 15 17 2 29 4 20 5 10 13 30 8 6 23 16 3 0
1 28 18 30 2 19 10 23 15 17 20 4 3 21 5 8 6 13 14 16 22 0
1 28 19 2 21 0
1 28 19 2 21 14 0
1 28 19 3 17 4 5 8 18 6 15 13 30 16 14 20 22 29 10 23 21 2 0
1 28 19 4 22 2 9 8 29 14 21 0
1 28 19 14 3 5 22 8 30 21 2 17 16 0
1 28 19 14 5 21 22 2 0
1 28 19 14 21 2 0
1 28 19 21 2 0
1 28 19 21 16 5 3 22 14 2 17 8 0
1 28 19 22 2 14 21 0
1 28 19 22 2 30 5 21 8 17 16 14 3 0
1 28 20 1 8 14 21 30 23 22 5 6 3 19 16 2 17 0
1 28 20 16 5 22 19 8 3 14 17 2 4 23 30 6 21 0
1 28 21 2 5 22 3 14 16 19 17 0
1 28 21 2 14 17 16 5 19 3 22 0
1 28 21 5 3 19 2 22 14 0
1 28 21 14 2 0
2 28 21 14 19 2 0
1 28 21 14 19 16 3 22 5 2 17 0
4 28 21 17 2 5 19 14 16 0
1 28 22 3 19 14 17 16 2 8 21 5 0
1 28 22 10 14 2 17 19 3 5 8 16 21 30 0
1 28 22 14 2 5 21 19 0
1 28 22 14 2 21 19 0
1 28 22 14 5 21 19 2 3 0
1 28 22 14 17 21 19 5 3 2 0
1 28 23 1 8 2 17 5 4 19 6 21 30 14 16 22 3 0
1 28 23 5 22 20 6 14 16 8 4 2 19 3 30 21 17 0
1 28 23 7 3 22 14 20 8 10 2 21 26 18 27 16 19 24 6 9 12 13 15 4 29 5 30 17 0
1 28 23 11 19 21 14 15 20 16 8 5 10 6 22 3 27 12 30 26 17 2 18 4 0
1 28 23 16 19 21 6 13 29 22 3 10 20 17 14 24 15 4 8 2 18 5 0
1 28 23 17 14 19 18 30 22 3 6 16 21 8 20 2 4 5 0
1 28 23 17 21 2 8 6 3 20 19 22 5 30 14 16 0
1 28 23 18 14 22 13 10 20 3 19 6 30 21 5 15 29 4 16 2 8 17 0
1 28 24 2 14 7 29 12 9 27 21 26 15 25 0
1 28 30 3 2 16 22 6 14 23 8 17 20 5 19 21 0
1 28 30 5 14 19 17 3 21 16 2 8 22 0
1 28 30 5 22 20 6 14 23 16 4 2 19 3 8 21 17 0
1 28 30 16 21 17 19 22 8 14 2 0
1 28 30 16 22 21 3 19 23 14 5 20 2 8 17 0
1 28 30 17 14 19 6 20 22 3 8 21 5 4 18 2 23 16 0
1 28 30 17 19 21 6 23 3 16 10 4 22 14 5 20 2 8 0
1 28 30 17 21 19 20 4 3 16 5 22 6 8 2 14 0
1 28 30 17 22 3 16 18 14 5 20 8 2 23 4 21 6 19 0
1 28 30 17 22 14 10 4 19 5 23 8 21 18 3 6 20 2 16 0
1 28 30 22 5 20 29 16 21 19 13 8 14 17 4 10 15 18 2 6 3 0
1 28 30 23 5 19 3 21 16 20 2 14 8 22 17 0
1 29 1 4 5 19 14 22 9 28 2 3 21 17 0
1 29 6 9 5 14 19 13 24 8 17 3 10 18 25 16 21 15 26 7 4 30 12 20 27 2 23 22 0
1 29 6 25 3 21 19 13 28 8 5 15 10 26 30 14 27 12 7 4 18 20 2 23 0
1 29 8 28 16 14 22 18 10 23 19 3 7 6 9 5 21 24 17 25 26 15 20 12 4 27 2 13 30 0
1 29 10 28 3 21 22 6 18 16 19 17 12 4 1 30 2 25 23 26 27 15 13 9 8 24 14 20 5 0
1 29 17 20 1 19 14 6 23 5 22 10 18 3 21 8 30 2 4 16 0
1 29 20 7 22 26 17 23 28 25 2 21 6 18 12 16 3 24 8 13 27 10 15 9 30 14 5 4 19 0
1 29 20 26 23 21 2 30 22 6 16 17 28 18 13 8 19 7 10 27 9 12 15 25 4 24 14 3 0
1 29 20 28 23 2 14 5 30 17 21 3 26 4 22 8 16 27 19 6 0
1 29 22 1 8 14 19 13 30 23 3 16 15 20 21 5 10 6 4 2 18 17 0
1 29 22 28 17 14 21 13 6 20 3 15 27 24 19 4 12 18 23 2 10 8 0
1 29 23 28 8 21 19 10 15 4 22 16 20 5 14 3 24 6 30 18 2 13 17 0
1 29 25 27 19 2 21 7 12 16 28 24 9 8 3 18 26 0
1 29 30 1 3 14 22 18 6 13 19 16 26 15 10 8 21 5 20 23 24 12 2 4 17 0
1 29 30 10 14 2 16 19 5 22 18 6 4 15 23 3 28 20 8 21 0
1 29 30 10 16 19 3 24 23 6 21 17 15 13 27 5 14 7 8 12 28 26 18 25 20 9 2 4 22 0
1 29 30 15 22 14 21 4 10 17 19 20 6 28 5 2 13 23 16 8 3 18 0
1 29 30 28 5 8 2 23 15 6 22 17 7 20 24 16 14 12 19 9 25 27 4 26 13 18 21 10 3 0
1 30 3 1 5 14 21 8 22 19 17 18 10 16 2 0
1 30 12 18 2 29 9 10 7 20 15 17 8 13 27 25 16 24 23 6 28 26 4 0
1 30 13 1 3 16 5 9 15 20 2 17 8 25 6 14 27 24 10 29 26 18 4 12 21 23 22 0
1 30 28 2 6 20 4 19 23 16 29 0
1 30 28 2 13 26 21 6 14 20 0
1 30 28 8 16 4 18 29 3 14 2 13 6 20 21 22 15 17 10 5 23 19 0
0
Skipped
1
7
15
6
14
27
10
25
17
?
22
18
2
19
9
8
16
4
13
3
5
12
21
26
24
23
28
20
11
