32 1.0
2 1 0
8 1 2 0
1 1 2 3 15 18 5 23 21 0
1 1 2 15 0
1 1 2 22 15 0
1 1 6 22 4 2 15 0
1 1 8 2 21 32 22 5 15 0
1 1 9 15 2 21 4 17 20 3 22 5 31 23 24 19 6 18 0
1 1 11 3 8 32 9 5 4 15 2 21 17 18 6 31 20 29 0
2 1 15 2 0
1 1 15 22 21 2 5 23 8 0
1 1 17 3 5 23 18 15 21 22 2 0
1 1 18 22 21 2 23 15 3 5 0
1 1 21 2 15 22 0
1 1 21 3 5 22 2 0
1 1 21 15 2 22 0
1 1 22 2 3 0
1 1 22 2 15 0
1 1 22 3 17 5 8 21 23 18 2 15 0
1 1 22 15 2 0
1 1 23 5 2 31 21 17 18 22 15 3 9 0
1 1 23 22 21 15 2 0
1 1 24 31 21 9 5 17 22 20 2 15 3 23 18 0
1 1 32 8 2 0
1 2 0
1 2 1 0
1 2 10 26 28 23 17 15 27 31 8 29 13 9 3 25 22 32 5 30 6 11 16 21 18 7 4 24 19 20 14 0
1 2 13 1 28 23 0
1 2 16 9 29 21 4 3 32 5 28 7 11 23 15 31 26 10 18 22 14 19 30 25 27 8 20 24 6 13 17 0
1 2 17 3 8 1 22 5 18 21 23 15 9 0
1 2 17 23 7 27 20 22 10 13 4 24 11 25 28 21 1 9 16 18 19 30 31 26 5 15 3 14 6 0
1 2 17 23 8 3 22 15 18 9 21 5 0
1 2 22 5 32 19 4 15 8 9 13 27 26 31 10 17 7 3 18 6 21 23 28 25 24 29 11 14 16 20 30 0
1 3 8 2 23 15 5 22 21 17 18 0
1 3 8 5 18 15 2 23 22 17 21 0
1 3 8 9 22 21 2 15 18 5 0
1 3 8 20 15 17 6 31 22 9 21 2 23 18 5 24 0
1 3 8 22 18 17 5 23 21 15 2 0
1 3 8 29 17 6 5 9 7 18 27 10 15 21 23 24 16 2 4 22 13 25 30 32 26 14 19 11 31 20 0
1 3 11 5 31 24 19 8 30 6 15 25 9 21 20 23 22 18 17 4 2 0
1 3 13 19 25 22 17 21 8 24 29 7 9 31 15 6 10 2 5 23 4 16 28 27 14 32 30 11 26 20 18 0
1 3 13 31 29 24 26 9 8 17 25 7 10 22 27 23 19 30 5 21 14 4 16 6 2 32 28 18 11 15 20 0
1 3 14 4 1 9 5 22 27 24 2 30 6 15 21 16 25 18 23 13 28 19 31 20 17 11 0
1 3 14 4 29 9 17 6 32 5 10 26 18 23 19 24 7 2 15 22 30 25 27 21 13 8 31 20 28 11 16 0
1 3 16 18 10 23 32 5 7 30 29 13 27 26 2 21 25 17 31 15 20 6 11 4 14 8 9 22 24 28 19 0
1 3 17 20 29 22 26 5 32 9 7 11 16 18 4 2 25 15 31 14 24 23 10 19 30 8 28 21 6 13 27 0
1 3 20 19 1 5 24 8 11 31 14 2 17 23 22 9 18 15 4 21 0
1 3 21 5 32 23 22 15 8 2 18 0
1 3 22 4 13 24 26 9 32 19 11 10 20 31 23 21 7 8 18 17 16 30 6 5 25 29 28 2 27 14 15 0
1 3 23 22 29 26 19 2 25 5 17 27 13 6 15 30 14 28 18 20 4 11 9 10 32 7 8 21 24 16 31 0
1 3 24 23 8 15 18 30 9 4 21 22 0
1 3 28 2 1 16 30 5 9 8 6 18 17 24 25 19 11 31 14 13 20 23 15 4 21 22 0
1 4 15 31 29 14 27 21 8 30 7 5 28 6 25 11 20 3 18 23 24 9 26 2 17 32 19 13 16 10 22 0
1 4 17 8 30 2 9 5 18 23 15 21 22 3 0
1 4 18 23 32 16 26 22 29 31 27 13 5 15 3 24 9 21 28 17 19 11 7 30 2 8 20 25 14 10 0
1 4 19 17 8 13 14 5 32 3 29 31 24 18 25 10 11 21 9 6 23 22 26 20 16 7 2 28 15 30 27 0
1 4 19 20 1 15 17 2 24 9 3 21 22 5 18 6 31 23 0
1 4 26 29 13 28 31 7 32 21 5 19 23 22 14 25 8 30 2 15 20 24 9 16 18 6 10 17 11 27 3 0
1 5 1 18 22 21 3 2 17 15 23 0
1 5 2 15 7 14 30 23 32 24 11 26 4 3 20 6 17 22 21 28 18 16 27 19 29 8 31 13 9 10 25 0
1 5 4 19 26 7 11 9 8 6 27 10 28 20 29 22 18 2 14 21 15 13 16 23 3 32 31 17 24 25 30 0
1 5 6 11 29 15 30 16 8 2 27 26 9 20 22 18 7 31 21 23 14 17 10 25 3 32 28 19 13 24 4 0
1 5 6 17 8 15 20 18 29 3 9 26 10 4 22 27 19 21 23 2 30 16 31 13 28 32 14 25 11 7 24 0
1 5 8 14 20 18 3 15 4 19 9 22 17 2 21 23 30 24 11 31 16 0
1 5 8 18 3 15 9 17 2 21 23 22 0
1 5 9 15 1 31 22 17 24 23 21 18 20 2 0
1 5 11 14 29 17 13 18 8 3 26 25 2 23 20 31 16 22 15 21 27 7 30 4 9 10 24 28 6 19 0
1 5 11 14 30 9 24 3 32 23 20 25 21 18 16 27 19 17 2 4 6 15 29 10 8 26 31 7 28 22 0
1 5 11 24 32 3 25 20 8 21 19 27 28 9 18 13 6 23 2 22 7 14 4 31 26 29 30 17 16 10 15 0
1 5 17 16 26 30 9 15 8 22 11 28 27 21 25 6 10 3 2 18 4 14 19 29 7 32 24 31 20 13 23 0
1 5 17 31 8 9 21 2 15 3 18 22 23 0
1 5 18 9 29 14 31 11 2 27 28 13 15 7 10 3 21 22 23 30 25 19 20 17 24 6 4 16 0
1 5 23 21 8 14 3 32 15 26 27 11 22 28 24 4 2 6 20 9 7 18 31 29 17 19 10 0
1 5 26 2 23 32 7 18 21 31 15 29 17 22 8 9 3 0
1 5 27 9 16 20 11 3 7 22 23 32 13 15 4 14 26 19 31 17 30 2 25 28 24 18 10 29 21 0
1 5 28 21 1 22 15 2 23 27 0
1 5 31 22 7 26 21 2 29 24 11 32 27 16 18 17 4 3 23 19 8 20 13 14 28 25 9 10 30 6 0
1 6 5 19 8 31 18 15 2 9 24 23 20 21 22 4 30 3 11 17 0
1 6 10 17 8 26 29 31 32 21 2 9 23 5 7 30 15 3 18 22 0
1 6 18 16 8 5 26 17 29 24 11 7 19 31 21 2 30 22 20 23 14 3 25 10 9 32 4 15 13 27 28 0
1 6 27 25 8 14 20 9 31 21 18 28 24 30 22 5 3 17 11 2 15 19 16 4 23 13 0
1 6 28 31 27 2 29 21 8 23 9 10 11 4 22 25 16 3 17 20 26 7 5 14 24 32 13 18 30 15 0
1 6 30 27 8 17 26 4 24 14 10 23 22 21 9 18 19 2 31 13 25 16 3 15 7 20 28 5 11 0
1 7 1 8 22 10 15 24 3 2 23 21 30 0
1 7 8 29 32 26 2 0
1 7 27 30 1 6 29 13 23 10 32 21 22 8 11 3 2 15 0
34 8 0
1 8 1 11 3 9 21 26 24 22 6 7 23 5 2 30 31 4 15 32 14 19 20 0
1 8 1 15 2 22 0
53 8 2 0
1 8 2 1 0
5 8 2 15 0
1 8 2 15 21 22 23 9 0
3 8 2 15 22 0
1 8 2 21 5 17 22 3 23 15 18 0
2 8 2 22 15 0
1 8 2 23 9 15 22 21 0
1 8 2 29 32 0
1 8 3 5 6 9 21 23 22 4 15 2 20 24 17 18 31 0
1 8 3 29 15 5 22 9 0
1 8 5 3 24 2 17 21 15 18 9 0
1 8 5 18 21 2 22 3 15 23 0
1 8 5 21 23 2 22 15 0
1 8 5 22 15 23 2 21 0
1 8 5 23 22 2 21 15 0
1 8 13 4 23 0
3 8 15 2 0
1 8 15 2 21 22 0
3 8 15 2 22 0
1 8 15 2 23 22 21 0
1 8 15 3 2 23 0
1 8 15 5 2 21 23 0
1 8 15 22 21 2 23 0
1 8 17 2 22 15 0
1 8 18 5 15 23 3 2 22 21 17 0
1 8 18 15 23 17 2 3 22 5 21 0
1 8 18 17 3 22 9 5 2 23 15 0
1 8 21 2 5 15 23 22 0
1 8 21 2 22 15 0
2 8 21 15 2 22 23 0
1 8 21 22 23 3 5 2 15 0
1 8 21 23 2 22 15 0
1 8 21 32 2 22 15 23 0
1 8 22 2 5 15 0
1 8 22 2 9 0
2 8 22 2 15 0
1 8 22 2 21 0
1 8 22 13 32 10 2 9 15 4 24 7 0
1 8 22 15 2 0
1 8 22 21 2 15 0
1 8 23 0
1 8 23 5 31 9 24 18 2 3 21 17 15 22 0
1 8 23 15 21 22 32 2 0
1 8 23 15 22 2 5 21 0
1 8 23 22 15 2 0
1 8 25 0
1 8 27 10 21 2 15 32 7 26 28 22 29 0
1 8 28 20 3 29 2 17 6 18 10 7 5 26 32 4 19 30 0
1 8 32 0
1 8 32 7 26 29 10 0
1 9 2 21 8 32 23 15 22 11 14 18 24 31 3 17 19 29 20 6 4 0
1 9 6 18 29 7 11 20 32 2 22 14 28 15 31 4 10 19 21 23 30 25 3 24 13 8 16 17 27 5 0
1 9 8 3 11 22 5 14 20 21 16 23 17 31 6 15 2 19 18 24 4 0
1 9 16 20 24 29 2 25 22 28 8 17 3 31 23 15 21 30 5 32 4 6 18 0
1 9 20 29 27 15 30 17 8 14 11 7 31 18 21 22 3 10 2 24 25 16 19 5 23 32 28 6 26 4 13 0
1 9 20 31 26 17 14 3 29 11 13 30 19 16 5 21 32 2 15 22 6 4 25 8 24 7 28 23 27 10 18 0
1 9 23 5 8 7 15 22 29 17 2 4 10 26 32 30 0
1 9 25 11 27 15 18 32 17 26 29 23 31 5 13 28 22 2 24 21 7 14 30 8 16 20 10 0
1 9 26 27 4 14 7 2 32 24 29 11 23 3 15 30 6 22 5 18 20 16 28 21 17 8 10 25 13 19 31 0
1 10 24 16 32 29 2 14 26 8 7 30 17 25 5 6 9 11 3 23 19 15 13 20 31 28 22 4 21 18 27 0
1 10 27 5 7 30 11 31 29 13 28 32 21 20 19 16 17 22 9 4 24 23 14 3 15 8 18 25 2 6 26 0
1 11 1 19 6 30 8 22 29 24 21 5 2 23 15 32 13 9 0
1 11 2 24 29 7 3 32 15 22 21 18 6 14 20 23 0
1 11 6 5 27 20 17 10 21 16 1 22 15 24 28 3 2 13 4 14 26 31 25 30 23 0
1 11 19 15 28 13 4 17 10 22 20 29 7 21 31 25 2 16 3 24 27 30 6 23 26 8 5 9 14 32 18 0
1 11 30 9 29 22 20 21 8 16 10 28 31 14 15 5 32 4 23 2 18 24 26 19 7 13 3 17 6 25 0
1 11 31 22 27 26 21 16 28 4 17 13 29 6 8 24 19 3 9 5 2 25 15 18 7 10 30 14 20 32 23 0
1 13 4 21 1 16 11 3 27 14 15 31 9 19 6 18 5 24 23 28 20 2 17 30 22 25 0
1 13 9 22 29 30 31 16 8 15 26 7 28 2 19 25 18 14 5 3 20 24 10 27 6 32 21 11 23 4 17 0
1 13 24 4 29 16 30 20 32 14 10 26 22 25 15 23 7 2 3 5 17 21 28 9 18 8 31 6 11 19 27 0
1 13 26 28 7 11 22 24 8 25 29 15 23 20 18 4 30 2 16 3 17 14 31 5 32 9 10 19 6 27 0
1 14 1 22 29 9 18 21 28 3 2 15 5 6 26 20 7 11 24 4 31 25 17 27 10 30 23 16 19 0
1 14 13 24 7 3 27 18 26 20 8 17 2 6 16 30 28 15 21 11 9 31 32 23 19 10 5 25 4 22 29 0
1 14 19 15 8 25 16 9 32 11 10 24 4 3 5 17 7 22 21 20 2 23 26 13 29 6 30 18 28 27 0
1 14 20 17 29 26 4 23 32 8 2 15 25 21 9 3 6 31 30 22 18 7 24 19 16 5 0
1 14 25 24 5 15 7 17 32 19 27 28 9 18 20 6 26 3 2 23 21 11 10 22 30 8 16 31 13 29 4 0
1 14 27 2 26 15 10 11 1 20 32 28 19 4 22 23 30 21 5 18 3 9 7 17 24 29 16 25 6 13 31 0
1 14 27 23 8 9 5 15 29 30 25 17 10 22 28 21 13 31 26 32 6 2 16 7 11 0
1 14 28 30 8 18 31 25 32 13 17 7 10 16 22 11 26 2 23 24 15 5 19 21 27 29 6 20 3 4 9 0
1 15 1 3 5 2 21 17 22 23 18 0
1 15 1 22 21 2 0
1 15 1 23 22 2 21 0
1 15 6 9 7 17 24 3 32 18 14 26 28 22 5 13 27 23 21 2 31 19 11 4 29 8 25 16 30 10 20 0
1 15 8 22 2 0
1 15 8 24 14 2 3 9 31 5 11 16 4 6 25 13 19 17 21 20 22 18 23 30 0
1 15 9 23 8 2 0
1 15 17 24 29 16 4 2 8 22 14 10 11 18 6 3 32 9 5 23 25 31 20 26 19 7 13 21 30 27 28 0
1 15 18 20 7 5 24 6 8 19 32 28 16 4 2 21 31 29 23 3 9 17 10 22 27 26 14 25 30 11 13 0
1 15 20 11 13 8 18 3 27 22 16 32 30 31 10 25 4 29 23 2 24 14 19 17 28 26 6 5 9 7 21 0
1 15 22 8 2 21 0
1 15 30 6 7 10 3 23 32 24 29 16 21 31 13 11 19 9 5 2 27 20 26 17 22 8 14 25 4 18 28 0
1 16 8 3 21 7 17 27 24 19 13 29 15 20 2 31 11 14 32 28 18 9 0
1 16 20 6 29 22 13 30 8 25 15 31 17 14 21 27 11 24 3 5 18 4 2 32 10 7 19 9 28 26 23 0
1 16 26 4 27 17 13 22 1 19 8 21 9 15 14 3 2 23 30 25 28 0
1 17 3 18 8 2 9 23 16 26 20 24 15 7 22 5 30 11 31 29 10 6 21 19 4 0
1 17 7 3 27 13 6 5 32 15 4 14 26 22 30 29 24 2 18 21 8 11 19 23 25 10 9 16 20 28 31 0
1 17 8 2 9 22 21 23 5 3 15 18 0
1 17 8 9 31 19 6 2 22 15 4 3 21 23 24 18 5 20 0
1 17 8 21 4 6 9 3 15 22 19 20 24 2 23 18 31 5 0
1 17 9 5 32 21 10 18 29 22 26 25 7 15 24 11 20 2 31 3 27 30 16 19 4 8 28 14 13 6 23 0
1 17 13 28 19 2 14 3 25 24 8 26 10 31 22 5 21 11 23 15 27 29 16 18 20 4 32 9 7 30 6 0
1 17 14 5 8 22 18 6 7 24 29 27 30 9 23 15 28 20 2 16 11 31 32 3 10 26 4 21 19 13 25 0
1 17 16 30 32 15 28 9 8 4 29 13 21 24 2 22 26 31 5 23 10 6 27 3 18 7 19 20 25 11 14 0
1 17 18 3 8 6 23 22 32 21 29 24 15 4 5 31 20 2 9 0
1 17 18 13 8 15 16 6 7 3 27 29 23 22 4 2 25 19 32 26 28 5 0
1 17 18 20 32 5 31 2 7 23 14 29 19 4 24 22 27 21 15 25 13 16 3 26 8 30 6 28 10 11 0
1 17 18 31 1 9 23 21 22 5 20 2 15 3 19 6 24 0
1 17 20 1 8 23 3 18 22 15 5 31 21 2 19 9 6 24 4 0
1 17 21 9 8 1 32 15 2 23 5 22 18 3 0
1 17 24 20 29 5 13 23 32 30 26 4 27 28 15 2 10 21 18 3 19 11 7 25 9 8 6 22 14 31 16 0
1 17 27 26 13 15 11 31 32 3 30 25 10 21 2 20 19 9 5 22 23 16 7 8 14 29 24 18 6 28 4 0
1 18 1 5 2 23 22 3 15 17 21 0
1 18 1 21 15 5 23 2 17 22 3 0
1 18 1 31 20 21 9 19 17 6 3 2 15 24 4 22 23 5 0
1 18 3 27 32 1 8 23 26 10 29 2 15 25 17 28 7 22 21 13 0
1 18 4 11 8 20 5 19 32 17 21 25 10 15 24 16 6 22 9 23 28 27 3 26 7 29 30 31 13 14 2 0
1 18 4 15 26 2 14 6 10 20 8 29 23 11 21 24 30 5 17 9 31 22 32 19 28 7 16 13 3 25 27 0
1 18 4 24 26 20 3 15 8 2 13 27 22 16 23 5 30 32 21 31 10 14 17 9 29 19 6 7 11 0
1 18 4 31 8 21 19 2 9 10 13 23 17 22 24 28 3 15 30 16 27 20 6 25 14 11 5 0
1 18 6 9 8 25 21 3 32 22 26 17 20 15 19 16 29 30 4 13 2 5 27 23 24 7 31 14 11 10 28 0
1 18 10 8 2 21 23 3 7 5 29 22 26 15 0
1 18 14 2 8 7 13 23 29 15 26 4 17 24 6 31 10 21 20 11 25 19 27 22 5 32 3 16 28 9 30 0
1 18 14 5 29 21 28 4 32 22 26 7 2 3 24 6 19 15 23 20 31 27 10 17 30 8 13 25 11 16 9 0
1 18 14 13 8 5 16 20 10 24 7 19 21 31 23 17 27 22 15 3 9 30 26 11 6 32 25 4 28 2 29 0
1 18 16 17 15 5 8 24 4 20 31 11 2 21 22 23 32 9 19 3 0
1 18 16 23 29 31 27 9 8 2 10 26 14 17 15 24 7 4 22 21 11 19 20 13 32 25 6 30 5 3 0
1 18 23 22 32 25 11 21 8 5 13 10 4 15 19 6 27 2 3 17 14 30 28 20 26 29 9 31 16 7 24 0
1 18 24 9 7 6 17 2 8 21 19 29 16 15 3 4 10 13 5 22 31 14 30 26 25 32 27 20 11 28 23 0
1 19 2 5 8 17 24 22 29 23 14 10 28 20 31 3 13 15 18 16 11 4 9 21 6 30 25 27 32 0
1 19 6 15 27 11 23 4 8 22 24 32 26 18 10 13 31 14 30 16 2 5 28 29 20 7 3 25 21 17 9 0
1 19 6 16 8 21 30 23 31 26 13 3 18 28 10 15 2 24 22 9 11 5 17 4 20 25 27 14 0
1 19 8 3 31 4 9 1 22 21 20 15 2 24 6 18 5 11 14 17 16 23 0
1 19 18 28 7 22 3 9 29 31 4 21 23 20 15 2 17 10 5 8 16 32 11 24 14 6 0
1 19 25 3 32 31 24 30 8 17 7 13 6 18 16 4 9 27 22 21 5 15 26 2 23 29 20 10 11 14 0
1 19 28 25 8 18 3 6 13 10 15 4 20 9 2 22 16 17 24 23 5 14 21 30 31 11 27 0
1 20 3 16 8 19 13 23 29 22 7 15 21 5 26 6 27 2 32 10 28 0
1 20 4 3 29 25 16 10 8 2 27 28 19 6 5 14 18 21 17 9 30 13 26 24 15 32 31 7 11 22 23 0
1 20 4 10 32 13 31 21 29 25 7 17 27 14 28 11 9 23 18 5 6 22 26 2 3 8 15 30 19 24 16 0
1 20 4 17 8 9 3 18 31 22 23 2 15 5 11 14 6 24 19 21 0
1 20 8 6 9 3 2 5 21 17 22 31 15 24 23 0
1 20 8 24 2 19 21 4 9 5 11 6 23 17 3 15 31 22 18 0
1 20 15 22 8 5 3 1 2 21 30 4 0
1 20 16 29 1 9 15 8 6 30 3 2 11 22 5 23 17 32 24 14 21 18 31 4 19 0
1 20 18 2 32 3 17 9 22 24 15 23 21 8 5 31 0
1 20 22 9 8 15 2 17 31 5 21 18 23 3 0
1 20 28 14 32 18 6 21 8 15 7 27 11 16 31 22 25 2 4 9 24 5 26 23 19 10 29 3 13 30 17 0
1 20 31 27 10 29 24 3 32 7 13 5 22 15 17 28 4 18 23 21 8 2 9 19 6 0
1 21 1 2 22 18 23 15 3 5 0
1 21 3 16 27 20 1 15 22 25 17 10 30 18 0
1 21 5 9 26 29 6 4 8 15 28 27 3 2 19 18 24 16 22 23 20 11 31 10 30 7 17 32 13 14 25 0
1 21 6 11 32 16 13 17 27 4 8 7 24 18 23 14 22 5 3 15 10 26 2 19 28 20 30 9 31 25 0
1 21 6 14 10 17 16 2 7 24 32 5 20 23 8 3 28 11 18 15 30 4 26 22 19 29 9 31 13 25 27 0
1 21 8 15 2 0
1 21 8 23 2 15 22 3 5 0
1 21 18 22 8 6 13 2 29 17 28 7 15 3 24 20 11 25 9 30 10 19 4 32 23 31 5 14 16 0
1 21 23 15 18 8 2 3 5 22 0
1 21 23 31 8 22 20 9 14 6 30 11 15 13 25 5 4 19 2 18 16 24 3 17 28 0
1 21 25 30 7 1 14 22 10 9 27 24 23 17 2 20 13 3 6 4 19 11 28 15 31 26 18 29 16 5 0
1 21 30 23 7 3 10 22 8 13 26 25 16 28 2 15 5 9 27 29 32 17 24 31 0
1 21 31 15 1 5 23 9 17 19 3 4 22 2 20 24 6 18 0
1 21 31 18 20 23 24 15 5 22 2 3 17 9 0
1 21 32 3 2 23 15 8 22 5 0
1 22 1 3 23 15 21 2 18 5 17 0
1 22 1 3 23 15 21 31 2 17 18 9 0
1 22 1 8 2 23 7 15 21 9 0
1 22 1 17 19 18 23 5 24 4 3 2 14 21 15 9 6 31 0
1 22 1 18 10 29 23 8 3 4 21 20 28 27 15 2 13 32 16 7 5 26 9 25 0
1 22 1 21 2 15 0
1 22 1 21 15 23 5 2 0
1 22 1 31 2 15 8 9 5 17 23 18 21 3 0
1 22 5 2 9 1 21 8 17 23 15 18 10 32 3 0
1 22 8 2 3 21 15 5 23 0
1 22 8 2 23 6 5 15 0
1 22 9 3 8 24 31 23 15 20 17 2 21 5 18 0
1 22 9 5 8 18 6 31 21 10 14 3 28 23 20 24 17 2 16 4 25 13 15 0
1 22 14 9 8 24 4 15 32 2 30 10 31 5 6 19 23 20 21 17 7 28 0
1 22 14 31 17 9 11 5 32 18 4 7 29 3 8 21 13 15 6 26 16 25 20 23 27 30 19 10 2 28 24 0
1 22 19 6 7 24 31 9 32 11 26 29 16 4 30 2 14 5 3 17 10 27 13 23 21 8 18 15 20 25 28 0
1 22 20 23 28 5 9 21 32 2 30 29 26 4 18 3 11 6 31 15 10 14 19 17 7 8 25 24 13 27 16 0
1 22 23 9 29 5 1 15 32 17 21 3 2 18 8 31 0
1 22 25 28 11 20 30 18 29 4 26 31 2 6 27 9 13 3 16 24 23 5 7 15 19 8 32 17 21 14 10 0
1 22 28 20 32 23 6 4 8 31 30 7 25 17 2 24 13 21 15 3 14 11 19 26 18 29 27 5 16 10 9 0
1 22 28 25 32 3 4 21 7 13 19 10 6 23 18 27 2 24 15 31 9 30 5 29 8 17 16 14 26 11 0
1 22 29 15 8 2 21 5 3 23 32 18 0
1 23 1 25 21 28 2 8 32 18 22 24 9 15 5 11 4 29 31 0
1 23 8 2 15 22 0
1 23 8 5 21 22 2 15 0
1 23 8 9 24 18 19 28 27 17 4 22 2 3 30 15 31 20 13 11 21 6 16 25 5 14 0
1 23 8 15 21 2 22 0
1 23 9 25 26 1 8 11 17 3 13 19 24 2 6 31 4 5 18 20 30 27 22 21 10 16 14 28 15 0
2 23 13 4 24 16 28 18 8 9 3 29 27 17 10 6 25 21 2 15 19 14 5 20 7 32 11 22 30 26 31 0
1 23 15 8 2 22 5 0
1 23 24 13 32 4 25 5 7 15 6 10 28 22 3 20 16 2 18 17 31 30 21 26 29 8 11 14 19 27 9 0
1 23 24 25 29 5 2 8 15 26 10 27 21 18 17 7 22 9 28 31 32 3 13 0
1 23 25 30 32 6 28 9 7 14 10 29 31 11 22 20 16 26 21 15 5 19 27 13 2 8 18 4 3 17 24 0
1 23 26 9 8 2 7 3 5 25 15 16 14 20 11 4 22 13 21 10 24 0
1 23 26 18 31 25 17 14 7 5 27 8 20 24 3 30 19 2 15 10 4 6 32 16 29 11 21 28 9 0
1 23 26 29 32 7 3 15 2 5 21 18 8 22 0
1 23 26 31 10 7 27 22 32 2 8 30 5 21 19 6 3 25 18 20 17 11 13 15 9 29 24 28 16 14 4 0
1 23 31 24 29 21 13 2 26 19 6 27 16 5 25 28 7 9 15 18 4 30 10 17 32 22 3 14 20 0
1 24 3 18 12 31 22 8 15 4 23 19 5 2 20 17 21 9 0
1 24 6 3 13 17 30 28 14 1 4 10 11 9 31 18 20 2 26 16 25 27 0
1 24 8 5 6 31 2 21 23 19 11 4 14 15 18 17 22 20 3 9 0
1 24 13 10 28 21 32 20 31 5 8 22 2 17 15 23 30 9 3 18 25 6 29 19 4 27 26 7 14 16 11 0
1 24 15 21 7 19 20 23 8 5 26 27 3 4 9 29 2 17 18 22 31 30 25 28 32 14 6 16 13 11 0
1 24 16 18 29 25 19 31 8 22 21 27 4 15 20 5 28 14 2 13 10 26 6 7 23 32 9 30 11 17 3 0
1 24 20 8 1 25 14 6 4 23 11 15 9 18 17 31 19 22 2 21 30 16 3 0
1 24 25 23 32 7 31 22 29 16 14 11 10 30 26 28 6 18 2 15 13 19 9 3 4 8 17 21 5 27 20 0
1 24 26 19 32 29 14 20 7 4 2 21 27 15 28 5 6 30 10 11 8 16 23 25 22 13 0
1 24 30 29 26 31 8 9 10 7 3 5 15 2 21 23 6 27 22 18 32 25 13 20 17 28 0
1 24 32 11 26 1 10 3 7 5 30 27 22 15 2 19 29 13 17 18 28 31 25 9 16 14 6 4 21 20 23 0
1 25 5 23 10 32 15 9 8 24 7 11 6 31 2 18 22 26 21 14 3 30 13 27 28 29 4 17 19 16 20 0
1 25 13 19 1 24 28 6 15 29 30 17 2 31 27 22 21 18 20 4 9 32 16 26 8 10 14 11 7 0
1 25 20 29 10 31 32 21 7 6 13 22 17 24 9 5 4 18 2 8 15 3 26 0
1 26 7 29 8 2 32 0
1 26 15 29 7 8 2 22 21 32 0
1 26 21 18 29 27 30 3 32 5 16 10 6 4 14 22 7 25 2 24 23 15 11 19 9 8 13 17 31 20 28 0
1 27 1 7 15 2 25 32 13 28 8 26 10 29 0
1 27 21 32 10 2 22 8 15 23 0
1 27 26 5 8 6 17 30 32 13 10 14 19 4 16 28 11 7 20 25 15 22 9 21 2 29 23 18 31 3 24 0
1 28 3 13 26 10 20 16 32 15 5 22 7 2 31 14 18 30 17 21 27 4 23 6 29 25 11 9 24 19 0
1 28 4 15 7 19 22 27 13 18 30 16 23 24 10 25 6 29 9 14 11 17 20 32 21 8 2 26 3 31 5 0
1 28 20 32 26 22 15 29 2 7 4 6 31 5 3 23 27 9 21 8 19 18 0
1 28 21 17 10 3 23 22 29 18 4 32 20 15 9 24 30 27 5 2 13 7 25 19 8 31 6 14 0
1 28 23 22 32 25 26 27 6 21 7 13 29 14 20 11 5 4 9 24 3 2 10 31 19 17 18 8 15 16 30 0
1 29 2 15 32 21 22 8 0
1 29 5 8 3 21 22 15 2 18 32 23 0
1 29 6 18 23 2 5 32 4 21 15 1 0
1 30 1 14 26 17 2 29 4 9 13 24 6 20 15 10 27 16 11 19 28 3 22 23 7 31 5 18 21 25 0
1 30 4 8 23 27 21 2 28 19 13 14 22 10 0
1 30 6 24 11 8 22 31 28 4 26 25 14 19 3 15 5 20 10 29 2 23 9 27 16 32 18 21 17 13 7 0
1 30 16 2 1 21 19 5 24 29 15 22 17 9 32 23 18 20 31 3 8 4 7 11 6 14 0
1 31 1 17 24 15 20 22 2 18 9 21 23 3 5 0
1 31 4 5 8 24 14 20 15 11 3 19 22 17 9 16 2 6 23 21 0
1 31 4 23 7 28 24 17 32 18 26 27 5 22 11 6 21 2 15 29 8 9 20 3 10 19 0
1 31 4 24 29 10 11 21 8 22 7 5 13 15 16 20 17 27 3 30 6 25 26 19 9 32 23 14 18 2 28 0
1 31 10 23 28 9 16 21 8 3 19 29 13 5 2 22 4 25 15 18 14 11 30 7 27 32 20 17 6 26 24 0
1 31 11 18 10 21 7 24 8 13 27 26 4 5 20 29 15 23 17 9 3 2 32 16 6 14 19 28 0
1 31 28 11 29 9 24 22 8 25 26 27 13 30 17 4 2 15 6 20 3 18 7 5 14 32 21 19 23 10 16 0
1 32 8 2 0
1 32 8 22 2 18 17 3 23 15 21 0
1 32 9 2 8 31 15 0
1 32 19 22 8 2 3 5 18 15 0
1 32 29 21 5 23 7 3 2 22 15 8 0
0
Skipped
1
7
15
6
14
27
30
10
25
17
?
22
18
2
19
9
8
16
13
4
3
5
12
21
26
24
23
28
20
11
29
