25 1.0
1 1 0
1 1 2 5 3 4 0
1 1 5 2 25 3 4 0
1 1 5 2 25 10 3 0
1 1 5 8 25 4 6 20 2 3 0
1 1 6 25 7 0
1 1 6 25 9 18 16 7 13 11 10 14 17 2 5 19 8 3 4 15 12 0
1 1 7 6 2 10 5 4 3 0
1 1 8 7 2 10 9 25 6 4 11 5 3 0
1 1 8 25 4 7 6 5 9 3 2 0
1 1 9 7 4 25 8 3 6 5 2 0
1 1 9 17 25 4 7 10 14 6 3 13 5 15 2 16 12 11 8 0
1 1 9 19 6 25 17 7 16 8 15 3 13 18 2 11 12 5 4 14 10 20 0
1 1 9 24 10 4 25 2 3 0
1 1 9 25 4 7 11 6 2 10 3 8 5 0
1 1 10 9 2 25 5 4 6 3 7 11 8 0
1 1 10 20 7 25 15 9 23 18 22 16 11 8 21 14 19 5 13 2 17 24 4 6 3 12 0
1 1 10 24 9 22 18 7 12 23 16 20 3 15 13 21 25 2 5 6 11 19 4 14 8 17 0
1 1 11 8 2 25 10 7 4 6 9 14 13 12 5 3 0
1 1 11 13 8 25 24 3 4 6 10 9 18 12 2 17 7 14 5 16 15 0
1 1 11 25 6 5 10 3 8 7 4 2 0
1 1 12 5 4 22 10 6 25 15 7 9 16 3 20 2 24 17 0
1 1 12 9 3 17 11 13 7 21 10 25 6 19 20 22 14 23 4 16 24 5 2 8 15 0
1 1 12 15 2 18 24 16 19 6 14 8 3 13 17 23 10 9 25 7 4 20 5 11 22 21 0
1 1 12 21 2 13 11 17 25 3 7 9 22 4 6 5 8 0
1 1 13 10 24 18 19 25 11 16 15 7 12 23 21 5 4 6 3 22 20 9 8 14 0
1 1 13 12 3 23 22 7 17 14 10 18 4 15 16 21 20 2 19 6 8 25 5 9 11 24 0
1 1 13 14 3 21 22 11 25 20 10 19 4 24 16 18 9 5 6 17 7 12 8 15 0
1 1 13 14 4 17 22 8 23 20 3 16 12 9 10 21 25 11 15 5 6 24 7 18 2 19 0
1 1 13 17 2 21 20 3 25 6 12 9 8 5 11 22 7 16 10 14 24 4 15 23 0
1 1 13 25 2 9 14 7 8 12 4 5 3 11 10 6 0
1 1 14 2 7 25 17 24 20 22 23 15 21 8 0
1 1 14 4 6 21 15 16 25 7 3 10 13 9 18 22 23 11 19 12 17 20 8 2 5 24 0
1 1 14 6 7 22 18 13 25 11 12 20 10 8 15 21 23 4 9 3 17 24 16 2 5 0
1 1 14 7 3 10 23 8 18 16 13 19 4 15 21 17 25 5 9 2 6 24 12 20 11 22 0
1 1 14 7 9 23 11 6 21 10 3 17 12 4 13 19 20 5 25 2 22 8 16 15 24 0
1 1 14 10 5 20 16 6 25 15 7 11 17 8 12 21 23 2 19 9 4 3 13 18 0
1 1 14 11 3 16 15 9 23 7 6 25 13 2 24 10 12 5 8 4 0
1 1 14 12 2 23 24 10 20 16 7 15 4 25 13 22 18 3 9 5 11 19 8 17 6 21 0
1 1 14 13 3 20 24 7 25 11 15 16 6 12 9 4 17 2 8 18 10 5 23 0
1 1 14 15 6 23 18 13 25 17 10 7 9 8 16 21 24 2 19 4 12 20 3 11 5 22 0
1 1 14 17 3 21 16 13 24 15 5 19 12 2 18 20 22 8 10 4 11 25 7 6 9 23 0
1 1 14 19 3 18 13 7 22 12 6 24 8 5 9 17 23 15 11 2 10 21 20 16 4 25 0
1 1 14 21 2 10 18 6 25 17 7 15 9 3 19 23 20 11 5 4 13 24 12 16 8 22 0
1 1 15 8 4 17 22 6 24 13 3 9 11 2 10 18 21 5 25 7 20 19 12 23 14 0
1 1 15 9 6 13 25 11 10 20 7 12 16 14 3 4 2 17 19 18 8 5 0
1 1 15 10 6 25 13 9 18 3 5 17 4 12 14 7 2 11 8 0
1 1 15 11 3 19 23 12 25 18 5 16 9 10 17 20 22 2 13 6 14 24 7 8 4 21 0
1 1 15 12 8 25 18 16 24 17 13 3 10 19 14 20 21 5 9 2 11 22 4 6 7 23 0
1 1 15 13 3 19 17 6 22 16 11 14 4 18 12 23 25 2 9 10 8 24 5 21 7 20 0
1 1 15 16 3 25 8 9 5 14 4 6 17 12 13 2 10 11 7 0
1 1 15 25 2 24 4 3 5 20 22 0
1 1 16 10 5 17 19 6 25 11 8 7 18 13 15 2 23 4 14 3 9 12 0
1 1 16 11 2 20 24 18 21 15 10 13 14 3 9 23 25 4 6 12 17 22 8 5 7 19 0
1 1 16 12 2 20 25 15 17 9 6 23 4 3 24 18 19 11 10 5 13 21 8 7 14 22 0
1 1 16 13 4 19 9 12 10 2 8 3 14 5 18 11 7 17 6 15 0
1 1 16 14 5 24 18 15 25 12 17 9 6 10 11 21 19 2 7 13 3 22 4 20 8 23 0
1 1 16 17 2 22 23 12 20 14 11 6 15 4 9 24 25 5 10 7 18 19 3 8 13 21 0
1 1 17 5 2 22 25 12 18 20 24 3 11 19 23 4 9 21 6 13 0
1 1 17 6 4 25 18 11 15 2 16 12 13 10 5 3 14 9 7 8 0
1 1 17 9 3 20 13 6 7 10 8 2 16 18 12 19 5 15 11 4 14 0
1 1 17 10 5 25 15 18 9 6 8 3 4 16 12 14 7 13 11 20 2 19 0
1 1 17 10 6 20 14 16 22 13 4 2 9 5 18 23 24 3 19 7 12 21 8 11 15 25 0
1 1 17 13 2 14 25 6 22 19 3 9 4 12 20 23 24 8 15 7 11 18 10 16 5 21 0
1 1 17 13 4 21 24 10 25 18 6 14 5 16 15 20 22 2 7 3 11 23 12 9 8 19 0
1 1 17 14 3 25 9 15 6 16 7 5 11 2 4 13 12 10 8 0
1 1 17 14 4 22 23 13 18 15 7 16 11 12 19 20 25 3 5 2 10 24 9 8 6 21 0
1 1 17 15 5 6 23 7 20 13 4 9 24 16 8 25 2 11 3 12 22 14 21 10 18 0
1 1 17 20 3 22 24 10 25 16 2 15 9 7 18 21 23 8 11 4 13 19 6 5 12 0
1 1 17 22 3 4 14 15 5 24 6 10 16 9 8 25 23 2 11 12 7 13 0
1 1 18 3 2 24 22 10 19 4 20 11 13 17 21 12 8 16 23 9 7 25 0
1 1 18 8 4 20 23 11 24 7 6 17 12 5 15 22 13 2 25 9 14 21 3 10 16 19 0
1 1 18 10 13 12 17 4 16 22 2 20 6 23 21 25 24 5 14 3 8 15 9 19 7 0
1 1 18 12 4 17 11 8 7 15 13 16 10 6 2 9 3 5 14 0
1 1 18 12 4 19 17 9 23 10 7 6 5 2 20 21 25 14 15 11 3 22 8 13 16 24 0
1 1 18 13 2 14 20 11 17 15 3 25 10 12 21 23 19 16 6 4 8 24 7 9 5 22 0
1 1 18 13 7 22 24 8 10 19 6 11 5 9 16 21 25 3 17 2 15 20 12 14 4 23 0
1 1 18 15 4 8 20 9 25 12 3 7 2 5 16 11 17 6 19 10 14 13 0
1 1 18 15 14 22 20 17 25 9 4 13 6 2 16 21 24 8 11 3 12 19 7 10 5 23 0
1 1 18 16 2 20 25 12 14 13 3 19 10 8 17 5 11 4 9 7 15 6 0
1 1 18 17 7 25 5 11 2 8 6 16 19 4 12 3 13 9 14 10 15 0
1 1 19 5 3 25 17 10 16 11 13 12 9 14 24 2 18 4 7 8 6 15 0
1 1 19 8 2 23 10 24 16 17 21 3 7 11 14 20 13 22 4 9 25 6 18 12 15 0
1 1 19 10 11 21 12 16 4 22 17 13 9 8 23 5 2 24 20 25 6 3 7 0
1 1 19 11 3 22 13 20 5 9 12 15 8 14 18 24 23 2 17 7 6 25 4 10 16 21 0
1 1 19 24 13 21 20 11 22 4 6 25 8 3 23 12 18 16 9 5 14 15 7 10 2 17 0
1 1 20 9 5 15 24 14 23 11 4 19 17 8 18 21 13 16 2 12 22 7 10 3 25 0
1 1 20 11 2 23 14 6 18 12 10 19 3 13 21 25 17 4 15 7 9 22 5 24 8 16 0
1 1 20 16 2 22 17 6 24 15 7 13 4 14 10 21 18 3 23 11 9 19 8 12 5 25 0
1 1 20 17 3 21 18 10 25 5 15 7 9 14 11 19 24 2 16 4 8 23 6 12 13 22 0
1 1 21 7 5 12 25 8 11 6 18 2 17 13 22 9 15 3 10 16 14 20 4 0
1 1 21 7 24 6 4 25 22 8 2 3 5 0
1 1 21 8 3 2 7 5 25 6 4 22 0
1 1 21 11 6 9 25 8 14 19 2 12 7 17 15 16 22 5 24 3 20 18 13 10 4 23 0
1 1 21 14 2 22 24 10 7 18 12 17 5 11 20 23 19 8 4 9 25 15 16 3 13 6 0
1 1 22 10 6 9 18 8 23 20 2 11 7 17 12 21 25 5 14 3 15 19 24 13 4 16 0
2 1 22 14 15 25 23 21 18 20 17 16 24 2 13 19 0
1 1 23 5 4 17 20 15 18 14 6 16 13 11 7 21 22 2 12 3 24 25 8 10 9 19 0
1 1 23 24 2 9 25 7 10 13 14 11 0
1 1 24 2 3 25 0
1 1 24 5 6 12 7 2 4 25 3 0
37 1 25 0
3 1 25 2 0
2 1 25 2 3 0
4 1 25 2 3 4 0
1 1 25 2 3 4 5 6 7 8 0
1 1 25 2 4 0
2 1 25 2 4 3 0
1 1 25 2 4 3 5 6 0
1 1 25 2 5 3 4 0
1 1 25 2 5 4 6 3 0
1 1 25 2 5 4 24 3 0
1 1 25 2 5 6 7 4 3 8 0
1 1 25 2 5 7 6 3 4 0
1 1 25 2 6 3 4 7 5 9 8 0
1 1 25 2 6 5 4 3 0
1 1 25 2 7 3 4 6 5 9 8 0
1 1 25 2 24 0
3 1 25 3 2 0
2 1 25 3 2 4 0
1 1 25 3 2 4 6 5 0
1 1 25 3 2 5 4 0
1 1 25 3 2 6 4 8 9 5 7 0
1 1 25 3 4 2 20 5 8 6 0
1 1 25 3 4 5 2 0
1 1 25 3 6 7 4 9 5 2 8 0
1 1 25 4 2 3 7 5 10 0
1 1 25 4 2 24 5 3 0
1 1 25 4 3 2 0
1 1 25 4 3 5 2 6 0
1 1 25 4 3 8 5 13 2 0
1 1 25 4 5 3 2 0
1 1 25 4 7 3 5 6 2 0
1 1 25 4 8 3 9 2 5 0
1 1 25 4 9 3 5 6 2 7 0
1 1 25 4 9 3 7 8 5 2 6 0
1 1 25 4 10 3 2 0
1 1 25 5 3 2 4 0
1 1 25 5 3 6 7 4 2 0
1 1 25 5 4 3 2 0
1 1 25 5 6 4 2 3 0
1 1 25 5 10 3 8 7 4 2 6 9 0
1 1 25 6 2 10 3 4 7 0
1 1 25 6 2 13 5 4 12 14 7 3 0
1 1 25 6 2 14 12 7 11 4 10 3 8 5 9 13 0
1 1 25 6 3 5 7 2 4 8 0
1 1 25 6 4 14 2 3 7 0
1 1 25 6 7 4 3 8 2 9 5 0
1 1 25 6 7 4 17 5 13 2 10 3 8 12 9 11 0
2 1 25 7 0
1 1 25 7 2 8 3 5 4 6 0
1 1 25 7 3 4 2 8 5 6 0
1 1 25 7 3 5 4 2 0
1 1 25 8 2 5 4 3 11 9 10 6 7 0
1 1 25 8 2 7 6 11 13 5 4 10 9 12 3 0
1 1 25 8 4 7 5 3 2 6 0
1 1 25 8 5 10 7 6 2 3 9 4 0
1 1 25 8 6 5 12 4 13 3 2 9 10 7 11 0
1 1 25 8 10 2 12 18 13 0
1 1 25 8 24 22 9 7 23 3 2 6 5 4 0
1 1 25 9 2 10 13 8 7 24 12 15 6 14 11 23 5 4 16 0
1 1 25 9 3 10 4 2 5 7 6 8 0
1 1 25 9 18 22 21 24 2 20 7 19 0
1 1 25 10 2 5 8 6 3 4 7 9 0
1 1 25 10 3 5 9 11 8 7 2 13 6 4 12 0
1 1 25 10 8 5 9 3 6 7 0
1 1 25 11 4 7 8 12 9 5 10 13 2 3 6 0
1 1 25 12 3 7 21 8 4 13 2 9 10 6 11 5 0
1 1 25 13 2 15 4 6 10 7 9 5 8 11 12 3 0
1 1 25 13 4 10 15 14 11 5 7 2 12 9 8 3 6 0
1 1 25 13 5 11 12 3 6 7 9 4 2 10 8 14 0
1 1 25 13 7 10 9 6 4 12 2 11 8 0
1 1 25 14 3 17 11 16 15 7 12 10 5 13 9 2 4 8 18 0
1 1 25 15 5 12 11 13 10 14 9 2 6 4 8 3 7 0
1 1 25 17 3 18 16 7 2 12 9 4 15 13 6 8 11 14 5 10 0
1 1 25 18 2 24 19 9 14 21 20 13 23 0
1 1 25 21 2 0
1 1 25 21 11 0
1 1 25 22 4 23 7 20 8 6 21 5 0
1 1 25 23 4 19 21 3 22 24 2 5 0
1 1 25 23 24 0
1 1 25 24 0
1 1 25 24 10 9 17 0
1 2 3 25 1 0
1 2 4 8 3 18 22 5 25 21 15 20 10 23 13 17 19 1 6 14 9 24 12 7 11 16 0
1 2 8 13 1 11 18 3 25 5 24 6 15 14 19 4 9 7 10 12 0
1 2 9 22 3 4 24 23 6 7 1 25 5 8 10 0
1 2 10 11 1 22 17 4 6 13 12 9 3 25 16 8 18 15 23 5 21 19 7 24 14 20 0
1 2 10 17 9 21 14 15 3 12 1 20 16 8 18 24 25 19 6 5 11 22 7 4 13 23 0
1 2 11 10 1 21 13 18 14 15 5 22 12 25 17 3 16 7 4 8 9 6 19 0
1 2 11 10 6 22 18 5 20 16 1 17 7 4 14 24 21 12 19 15 13 25 3 9 8 23 0
1 2 11 13 7 25 6 19 21 3 12 16 1 14 9 15 4 17 20 10 8 5 24 0
1 2 11 16 4 17 15 7 25 9 1 18 6 10 12 3 14 8 13 5 0
1 2 11 16 12 17 25 10 9 6 7 18 15 19 1 3 14 8 4 13 5 0
1 2 12 13 7 3 22 10 25 1 16 11 23 15 14 9 5 8 4 24 18 17 6 19 0
1 2 12 18 7 24 19 11 25 10 4 17 5 6 15 1 14 3 8 9 13 16 0
1 2 13 6 8 25 10 15 16 7 3 17 9 1 14 5 11 4 12 0
1 2 13 11 7 4 21 16 20 18 12 17 15 6 10 23 24 25 9 8 3 22 5 1 14 19 0
1 2 13 15 1 16 23 12 14 11 5 22 8 6 17 21 18 9 25 3 10 20 4 19 7 24 0
1 2 13 15 1 18 24 7 17 4 19 5 6 16 8 14 3 12 11 9 10 0
1 2 14 10 1 25 11 16 8 13 7 4 3 5 12 9 15 6 0
1 2 14 10 3 22 17 13 25 16 15 8 9 21 7 18 20 1 23 6 12 11 4 5 19 0
1 2 14 13 7 23 15 9 24 16 1 17 3 11 18 19 20 8 25 6 10 22 12 5 4 21 0
1 2 14 13 10 25 6 15 12 5 8 1 9 4 3 7 24 11 0
1 2 14 17 5 22 23 10 1 13 12 19 6 15 16 20 25 3 11 4 8 21 7 18 9 24 0
1 2 15 10 4 23 22 9 17 8 11 7 6 18 21 1 19 3 14 16 12 13 5 20 0
1 2 15 11 5 16 13 8 3 14 7 1 9 17 20 6 19 12 10 18 0
1 2 15 12 5 21 25 10 20 16 11 9 7 4 23 22 24 1 13 6 17 18 3 8 14 19 0
1 2 15 13 1 23 21 11 18 24 3 20 9 4 14 22 17 10 7 6 12 25 8 19 5 16 0
1 2 15 13 1 25 11 7 6 10 14 9 4 5 3 12 8 0
1 2 15 13 5 25 18 1 16 11 21 10 14 8 24 6 17 7 9 12 4 23 3 22 0
1 2 15 17 1 18 24 7 25 12 11 14 9 4 16 21 23 3 13 5 8 19 10 22 6 20 0
1 2 15 18 3 20 22 10 24 16 14 7 5 13 17 19 25 1 12 11 6 21 4 9 8 23 0
1 2 15 25 5 11 6 16 1 12 3 7 8 9 4 10 0
1 2 16 10 1 15 20 13 21 22 4 12 11 14 17 8 25 6 18 5 19 9 7 3 23 0
1 2 16 10 3 19 15 12 22 13 8 11 5 1 18 17 21 9 25 6 14 20 7 4 23 24 0
1 2 16 12 1 18 24 8 23 20 3 21 4 6 15 25 22 7 9 5 13 14 10 19 11 17 0
1 2 16 13 3 25 20 11 10 18 5 19 4 8 9 23 24 1 17 6 15 22 14 7 12 21 0
1 2 16 14 8 22 18 11 25 12 10 24 15 9 17 21 23 5 3 6 13 20 1 4 7 19 0
1 2 17 4 25 5 3 13 1 12 14 10 11 0
1 2 17 11 4 14 18 10 16 21 8 25 6 22 12 24 23 3 13 5 9 20 7 1 15 19 0
1 2 17 11 4 23 14 7 25 13 9 15 8 20 12 22 21 1 16 3 5 24 6 10 18 0
1 2 17 15 3 21 24 12 22 13 8 6 9 10 19 23 18 5 16 1 14 20 7 11 4 25 0
1 2 17 18 13 23 19 7 24 10 4 12 9 3 8 21 25 1 14 6 15 20 16 11 5 22 0
1 2 17 21 6 13 18 12 23 3 1 25 7 5 19 4 24 9 20 14 11 16 10 22 8 15 0
1 2 18 14 6 21 11 17 25 15 8 20 22 1 19 9 24 7 5 10 4 23 16 13 12 3 0
1 2 18 15 5 6 22 12 21 14 13 16 8 17 25 20 19 3 10 1 9 24 4 7 11 23 0
1 2 18 20 3 14 23 8 16 10 9 12 4 11 15 13 24 1 17 6 21 25 7 19 5 22 0
1 2 19 6 1 17 22 4 23 18 11 14 3 10 16 13 24 5 25 9 7 21 15 12 8 20 0
1 2 19 7 6 11 22 9 21 25 3 14 8 17 15 20 23 4 10 1 12 24 18 13 5 16 0
1 2 19 15 3 25 17 13 20 6 5 7 10 4 12 24 23 1 14 9 18 21 8 11 16 22 0
1 2 19 16 3 18 13 23 17 9 14 4 11 15 20 1 12 10 6 22 5 8 7 24 0
1 2 19 17 3 25 16 8 13 12 6 14 7 11 1 20 5 15 4 18 10 0
1 2 19 20 5 13 22 12 24 8 15 11 4 21 16 17 25 1 14 3 7 18 6 23 10 9 0
1 2 19 20 12 18 10 25 13 17 1 14 6 9 11 3 8 5 16 4 15 7 0
1 2 20 8 6 3 23 21 5 25 1 24 4 0
1 2 20 14 3 18 22 12 25 10 4 11 9 5 19 24 8 13 16 1 21 23 7 6 15 17 0
1 2 21 8 5 14 24 11 20 13 4 7 10 25 9 18 22 1 15 3 12 23 16 17 6 19 0
1 2 21 13 4 9 25 8 16 20 5 10 7 23 11 19 24 3 14 1 12 22 18 15 6 17 0
1 2 22 5 6 9 7 4 3 23 10 24 1 25 8 0
1 2 22 7 6 11 25 8 18 17 5 13 12 23 10 21 20 3 14 1 9 24 19 15 4 16 0
1 2 22 10 1 18 17 8 21 16 11 12 3 9 13 19 23 4 20 6 24 7 15 5 14 0
1 2 22 13 4 19 15 3 25 10 7 20 5 8 14 16 17 1 11 9 23 24 12 21 6 18 0
1 2 23 14 9 22 12 17 13 11 6 25 5 15 18 20 19 1 3 7 10 21 4 24 16 8 0
1 2 23 25 4 24 11 5 8 10 3 6 9 7 0
1 2 24 1 8 5 4 25 10 9 3 7 6 0
1 2 24 1 11 10 25 8 7 5 12 3 6 4 9 0
1 2 24 7 1 18 23 8 21 15 10 13 5 14 16 22 20 3 17 4 11 25 12 9 6 19 0
2 2 25 1 0
3 2 25 1 3 0
1 2 25 1 3 4 0
1 2 25 1 3 4 5 0
1 2 25 1 4 3 0
1 2 25 1 6 4 3 7 8 5 0
1 2 25 1 6 4 8 5 3 7 0
1 2 25 1 8 4 9 3 7 6 5 0
1 2 25 1 9 7 4 10 11 3 6 8 5 0
1 2 25 3 0
3 2 25 3 1 0
1 2 25 3 1 4 5 0
1 2 25 3 4 5 1 0
1 2 25 3 5 1 0
1 2 25 3 5 1 6 4 0
1 2 25 3 5 8 1 4 0
1 2 25 3 7 4 1 9 6 5 10 8 0
1 2 25 3 8 10 1 7 6 5 11 9 12 4 0
1 2 25 3 9 6 1 7 4 5 8 10 0
1 2 25 3 23 1 24 22 0
3 2 25 4 1 3 0
1 2 25 4 1 18 3 7 5 6 0
1 2 25 4 3 1 5 0
1 2 25 4 5 8 9 10 3 0
1 2 25 5 1 3 4 6 0
1 2 25 5 1 3 6 4 0
1 2 25 5 6 10 1 11 7 12 8 3 9 4 0
1 2 25 5 7 1 3 4 0
1 2 25 5 7 1 6 8 3 4 0
1 2 25 5 8 4 9 6 7 1 3 0
1 2 25 6 1 8 7 5 4 0
1 2 25 6 3 4 1 5 8 0
1 2 25 6 9 8 13 1 4 5 14 7 12 3 11 10 15 0
1 2 25 7 1 5 3 0
1 2 25 7 3 1 6 5 4 0
1 2 25 7 3 9 4 1 6 8 5 0
1 2 25 7 4 10 6 1 3 11 9 8 5 0
1 2 25 7 9 13 3 10 12 1 14 8 0
1 2 25 8 1 10 3 11 4 5 6 9 7 0
1 2 25 9 1 4 3 7 5 6 8 0
1 2 25 9 3 7 8 6 1 4 5 0
1 2 25 9 4 6 8 3 1 5 7 0
1 2 25 9 5 6 7 4 8 1 3 0
1 2 25 10 4 11 5 1 3 0
1 2 25 12 5 15 8 14 3 11 4 9 1 13 10 7 6 0
1 2 25 12 6 14 13 3 5 16 9 10 1 4 7 11 15 8 0
1 2 25 13 5 17 14 16 11 9 15 10 1 18 6 7 3 8 4 0
1 2 25 14 1 7 17 10 13 9 5 11 15 4 6 3 12 16 8 0
1 2 25 15 3 17 12 16 7 13 14 9 6 1 18 5 10 4 11 8 0
1 2 25 15 12 5 11 6 10 13 7 1 4 8 9 14 3 0
1 2 25 24 1 21 17 16 14 5 6 15 8 19 18 3 4 22 7 10 23 0
1 2 25 24 15 3 7 21 4 6 1 10 5 0
1 3 2 1 0
1 3 4 9 6 24 16 8 22 20 17 15 13 1 21 25 18 5 14 2 12 23 7 10 11 19 0
1 3 4 18 6 25 12 8 23 11 16 15 7 17 9 20 22 1 10 24 14 21 2 5 13 19 0
1 3 7 6 15 20 24 11 25 23 17 16 13 14 4 18 22 1 10 9 2 21 8 5 19 12 0
1 3 7 23 1 24 5 8 9 25 2 10 6 4 0
1 3 9 25 1 4 8 5 2 10 6 7 11 0
1 3 10 15 1 25 2 5 14 8 4 13 9 16 6 12 17 11 7 0
1 3 11 9 7 21 15 23 6 1 18 12 4 17 20 25 14 5 10 13 22 16 2 8 19 0
1 3 11 12 4 24 17 10 25 13 6 7 16 5 8 20 22 1 21 2 15 19 14 9 18 23 0
1 3 11 17 4 24 13 10 25 15 8 19 14 23 21 2 5 1 12 6 9 7 22 0
1 3 12 4 2 16 15 8 14 13 5 6 7 11 17 18 1 9 10 20 19 0
1 3 12 14 10 25 9 7 1 11 4 8 15 2 6 13 5 0
1 3 12 15 11 25 1 13 17 5 10 16 8 2 14 6 9 18 0
1 3 12 16 1 17 25 10 9 20 4 14 15 6 11 2 13 7 5 0
1 3 13 6 2 25 5 8 4 16 7 19 9 11 10 1 12 17 14 18 15 0
1 3 13 17 8 19 12 22 23 21 2 14 9 6 24 18 1 25 11 10 16 20 7 4 5 15 0
1 3 14 9 5 19 24 2 25 11 12 21 6 23 13 18 20 4 7 16 17 10 15 8 22 0
1 3 14 10 2 19 21 13 25 22 16 12 6 20 8 17 23 1 18 4 5 24 7 11 15 9 0
1 3 15 10 7 24 19 5 25 12 2 18 6 4 13 17 22 8 14 1 21 23 20 11 9 16 0
1 3 17 7 2 24 25 11 18 4 13 6 12 16 19 20 10 1 8 15 14 5 9 21 0
1 3 17 13 1 24 18 11 20 21 10 5 6 2 9 25 23 7 16 14 12 19 4 8 15 22 0
1 3 17 14 6 19 24 13 25 5 9 11 8 1 10 22 23 7 18 4 12 21 15 16 2 20 0
1 3 17 16 1 25 13 10 9 5 2 15 7 11 12 4 14 24 8 18 6 0
1 3 17 16 4 23 20 15 21 10 1 22 12 2 13 24 19 6 8 14 25 7 9 18 0
1 3 18 2 5 25 11 15 10 7 8 6 4 14 1 16 17 9 12 13 0
1 3 18 16 6 14 17 9 15 7 10 11 23 4 13 12 20 2 21 24 1 19 8 22 25 0
1 3 19 9 4 20 14 12 15 16 6 24 10 13 18 25 22 1 2 8 23 21 11 5 7 17 0
1 3 19 10 1 13 25 12 6 23 2 17 4 15 18 14 22 9 5 8 20 24 21 11 7 16 0
1 3 19 17 10 24 8 6 22 4 16 1 13 20 11 23 25 2 9 12 14 21 5 15 7 18 0
1 3 20 8 1 16 22 12 17 11 4 7 5 9 14 18 24 13 2 19 21 23 10 6 15 0
1 3 20 12 1 22 25 9 24 18 2 4 23 15 14 6 11 5 7 0
1 3 20 12 2 18 23 10 25 22 19 14 15 21 16 13 24 1 17 8 4 9 6 11 5 7 0
1 3 20 14 2 17 24 6 23 18 8 10 15 12 22 25 5 16 1 13 19 11 9 4 21 0
1 3 21 14 2 17 22 13 20 12 8 6 16 7 4 18 25 1 11 10 9 15 19 5 24 0
1 3 22 5 9 12 10 7 15 14 13 11 24 1 25 4 6 8 16 2 23 0
1 3 22 8 6 17 25 12 9 1 5 13 19 18 7 2 10 15 11 14 4 16 0
1 3 22 14 2 18 17 12 25 10 4 23 6 13 16 19 9 11 5 15 8 7 1 24 0
1 3 22 18 4 9 20 15 16 11 10 2 24 13 21 23 6 5 1 12 19 8 17 7 14 0
1 3 23 13 1 10 19 25 17 15 7 11 8 5 16 6 14 4 9 20 21 12 24 18 22 0
1 3 24 7 1 9 4 2 10 8 5 25 11 6 0
2 3 25 1 2 4 0
1 3 25 1 4 2 0
1 3 25 1 4 2 5 0
1 3 25 1 4 5 8 10 13 0
1 3 25 1 9 11 10 5 6 2 8 7 4 0
1 3 25 1 12 9 6 8 7 2 5 11 4 10 0
4 3 25 2 1 0
1 3 25 2 1 7 4 6 5 0
1 3 25 2 5 4 1 0
1 3 25 2 7 6 1 4 5 0
1 3 25 2 11 4 8 7 1 9 6 5 10 0
2 3 25 4 2 1 0
1 3 25 4 2 5 1 6 0
1 3 25 4 7 1 2 5 6 0
1 3 25 7 2 10 23 4 1 6 5 9 8 0
1 3 25 7 4 6 5 1 2 0
1 3 25 10 2 6 4 8 1 7 5 11 0
1 3 25 10 4 6 7 2 5 1 9 8 0
1 3 25 12 2 7 6 1 5 4 10 0
1 3 25 12 5 13 15 14 8 6 9 7 1 16 4 2 11 10 0
1 3 25 19 2 17 11 1 10 18 0
1 4 3 6 5 25 2 14 13 12 1 0
1 4 7 13 1 10 3 6 8 2 5 20 25 21 0
1 4 7 24 8 2 25 19 5 20 9 18 1 22 3 0
1 4 10 7 8 22 16 12 24 21 20 14 6 17 9 18 15 3 25 1 19 2 11 13 5 0
1 4 11 6 1 25 8 2 7 3 13 12 10 9 5 0
1 4 11 14 2 13 18 7 15 9 3 17 20 6 12 23 16 22 21 1 24 19 5 8 10 25 0
1 4 12 22 2 25 15 10 17 14 1 11 8 3 21 20 24 6 16 5 9 23 7 18 13 19 0
1 4 14 7 10 25 5 8 11 13 15 2 3 1 9 6 12 16 0
1 4 14 12 5 19 21 6 25 18 7 17 10 1 16 22 3 8 24 2 13 15 20 9 11 23 0
1 4 14 13 6 21 19 2 25 16 3 17 11 5 15 24 18 8 9 1 20 23 12 10 7 22 0
1 4 15 8 1 23 24 16 19 17 9 20 10 21 5 7 25 2 13 11 14 18 3 12 6 22 0
1 4 15 20 7 25 11 16 23 6 19 21 10 12 8 5 22 1 17 3 13 24 9 18 2 14 0
1 4 16 10 1 25 14 17 3 7 19 18 5 11 2 13 9 6 8 12 0
1 4 16 15 1 20 13 14 23 18 5 3 12 11 7 21 22 10 19 9 8 24 6 2 17 25 0
1 4 16 15 6 23 19 17 14 12 3 13 2 11 5 20 1 10 18 7 9 8 0
1 4 17 1 7 20 18 11 25 9 13 16 15 6 19 22 23 12 14 5 3 24 8 2 10 21 0
1 4 17 14 1 18 21 12 24 9 7 23 3 8 11 15 25 2 13 6 16 19 5 20 10 22 0
1 4 17 14 1 19 24 9 20 10 16 8 3 11 23 21 5 25 2 15 22 12 7 6 18 0
1 4 17 14 10 19 24 6 18 3 13 23 8 16 12 22 20 1 7 5 21 11 9 2 25 0
1 4 17 14 12 22 24 6 25 5 1 21 9 19 13 8 15 3 7 10 20 23 16 18 2 11 0
1 4 18 3 1 19 25 15 24 5 11 2 10 16 22 17 23 20 6 8 0
1 4 18 15 2 14 25 6 21 19 9 16 3 1 11 24 10 13 7 8 23 17 12 20 22 0
1 4 18 15 6 25 12 9 13 2 14 16 3 7 1 19 5 10 11 17 8 0
1 4 19 21 3 13 23 9 25 20 7 10 5 12 11 17 18 2 16 1 14 24 15 8 6 22 0
1 4 20 1 5 25 17 14 11 9 12 3 2 18 8 13 6 7 19 15 10 16 0
1 4 20 17 1 25 14 15 13 3 8 7 16 24 21 5 10 2 12 23 6 11 9 22 0
1 4 23 6 5 22 12 13 25 10 15 11 8 17 9 19 20 1 14 3 16 24 18 2 7 21 0
1 4 25 1 3 2 6 9 8 0
1 4 25 1 5 2 3 0
1 4 25 1 7 11 8 6 5 10 3 2 9 0
1 4 25 1 9 5 3 8 10 7 2 6 0
1 4 25 1 9 6 2 3 0
1 4 25 2 1 6 3 7 24 5 0
1 4 25 2 3 7 1 5 10 8 9 6 0
1 4 25 2 5 1 3 0
1 4 25 2 7 1 3 6 5 0
1 4 25 2 10 9 7 3 1 5 8 6 0
3 4 25 3 1 2 0
1 4 25 3 2 1 0
1 4 25 3 5 1 2 7 6 8 10 0
1 4 25 5 2 1 6 0
1 4 25 5 2 7 9 3 10 1 11 8 6 0
1 4 25 5 16 3 17 2 1 7 6 0
1 4 25 6 3 1 2 5 0
1 4 25 8 1 6 3 7 2 5 19 0
1 4 25 8 7 1 6 2 3 5 0
1 4 25 13 11 12 15 14 17 8 7 10 5 16 2 9 6 1 3 0
1 5 7 20 14 25 18 6 24 13 9 23 4 19 17 15 10 8 2 1 21 22 11 16 3 12 0
1 5 7 25 4 2 1 3 6 0
1 5 10 7 1 20 24 6 23 15 13 18 4 25 9 14 22 3 12 17 8 19 11 16 2 21 0
1 5 10 16 2 15 19 3 18 11 4 24 12 13 17 22 20 6 25 1 9 21 7 14 8 23 0
1 5 12 11 3 23 22 25 7 18 15 24 6 8 4 14 2 1 9 21 0
1 5 12 13 1 21 25 8 23 18 11 16 6 20 15 22 24 2 4 3 10 19 9 14 7 17 0
1 5 12 13 3 18 20 9 22 21 7 25 11 6 15 24 23 17 10 1 14 16 8 4 2 19 0
1 5 12 21 6 23 20 3 24 1 8 17 7 19 18 16 14 4 10 2 25 11 9 22 0
1 5 13 3 2 12 25 15 1 4 10 24 6 11 8 7 9 14 0
1 5 13 8 3 20 24 9 17 21 10 16 19 6 14 23 22 4 11 7 25 18 2 1 12 0
1 5 14 6 2 18 25 13 4 15 9 11 16 10 17 8 7 3 1 12 0
1 5 15 14 3 20 23 13 25 21 7 17 1 6 18 24 22 4 16 2 10 19 8 9 12 11 0
1 5 15 19 8 24 21 4 25 10 3 20 6 2 7 18 22 9 11 1 17 16 12 14 13 0
1 5 16 10 1 25 13 18 8 17 12 3 15 11 6 4 14 9 2 7 0
1 5 16 18 3 22 11 4 25 1 21 14 9 23 10 13 24 20 19 7 17 12 6 2 15 0
1 5 17 4 20 21 2 13 3 11 8 10 6 19 23 1 25 9 12 22 7 18 14 24 0
1 5 17 8 1 21 24 6 25 19 11 16 7 10 23 22 12 4 13 14 18 15 3 9 20 0
1 5 18 17 3 22 21 8 25 14 12 16 9 1 11 24 23 4 15 2 10 20 7 13 6 19 0
1 5 18 25 6 11 1 4 3 12 2 7 9 8 10 0
1 5 19 4 1 18 25 13 22 14 8 17 6 9 23 24 7 2 11 16 20 15 3 10 12 0
1 5 19 12 6 16 25 18 20 8 4 15 1 11 17 21 23 13 10 2 14 24 3 7 9 0
1 5 19 16 1 2 21 10 22 18 15 6 9 4 12 24 25 8 17 3 11 23 7 14 13 20 0
1 5 21 9 1 24 13 18 19 4 8 3 25 22 17 20 14 6 15 16 2 7 0
1 5 21 15 3 19 23 13 10 4 12 1 2 11 22 24 7 25 6 9 8 14 20 0
1 5 23 7 1 3 24 4 2 8 6 25 0
1 5 25 1 2 4 8 6 7 3 0
1 5 25 1 3 4 2 0
1 5 25 1 4 2 3 6 0
1 5 25 1 7 2 3 9 8 4 6 10 0
1 5 25 2 3 4 1 0
1 5 25 2 4 3 1 0
1 5 25 3 2 4 1 6 0
1 5 25 3 8 9 4 6 7 1 2 0
1 5 25 4 3 1 2 6 7 0
1 5 25 6 8 3 7 4 1 2 0
1 5 25 7 3 1 2 18 4 6 0
1 5 25 7 3 4 8 6 2 1 0
1 5 25 7 8 4 1 3 6 2 0
1 5 25 8 4 23 20 11 19 22 1 13 6 7 10 24 17 3 15 2 12 21 14 9 16 18 0
1 6 7 25 2 1 3 5 4 0
1 6 8 10 2 25 9 3 4 5 7 1 0
1 6 11 7 5 21 23 2 19 22 8 14 15 10 12 4 13 3 17 25 20 1 24 0
1 6 11 13 16 20 23 14 19 25 17 2 15 1 8 18 3 24 12 5 4 7 21 0
1 6 13 16 2 21 23 12 22 10 4 18 7 19 15 20 24 8 1 9 11 25 3 5 14 17 0
1 6 15 13 7 25 14 3 2 12 9 4 8 5 1 10 11 0
1 6 16 8 5 25 19 9 20 18 4 12 10 17 13 1 2 11 15 14 3 7 0
1 6 17 10 2 25 18 9 7 3 14 13 12 5 11 1 16 15 4 8 0
1 6 18 15 1 25 19 5 13 12 16 8 14 10 3 17 2 4 11 7 9 0
1 6 21 22 7 18 17 9 14 20 8 12 4 24 11 19 16 5 13 2 10 15 3 25 1 23 0
1 6 25 3 2 4 5 1 7 0
1 6 25 8 3 2 7 5 1 4 0
1 6 25 10 4 7 11 5 8 1 9 2 3 0
1 6 25 10 7 8 1 3 2 5 4 11 0
1 6 25 11 2 4 1 10 8 3 7 5 9 0
1 6 25 11 4 8 3 1 7 24 5 12 10 2 23 0
1 6 25 11 5 10 7 2 8 12 1 9 3 4 0
1 6 25 15 2 12 9 10 11 13 5 7 8 3 4 14 16 1 0
1 6 25 18 2 11 13 17 7 10 5 15 14 3 8 1 16 9 12 4 0
1 7 4 3 6 25 16 9 15 1 13 11 8 18 5 17 2 19 12 10 14 0
1 7 8 10 25 4 3 15 6 2 16 13 5 1 9 12 11 14 0
1 7 8 17 3 21 15 11 20 14 4 12 13 18 19 23 10 24 1 6 5 16 2 22 0
1 7 9 14 2 21 24 15 16 19 18 12 11 8 10 23 25 3 5 13 1 22 6 17 20 0
1 7 10 25 4 6 5 9 2 1 8 3 0
1 7 11 10 4 25 6 1 13 12 5 3 9 8 2 0
1 7 11 25 6 4 10 2 9 8 1 3 5 0
1 7 13 8 2 25 16 3 17 4 5 9 6 15 1 18 19 14 12 11 10 0
1 7 14 12 8 25 4 18 15 5 10 13 16 9 17 6 1 2 3 11 0
1 7 14 20 9 23 6 13 24 17 3 16 2 8 10 21 11 18 12 19 22 4 15 5 1 0
1 7 16 9 14 21 19 15 25 3 5 20 11 18 17 6 1 8 4 2 24 23 13 12 10 22 0
1 7 16 10 4 20 14 3 23 13 15 25 1 8 18 21 24 9 17 2 12 22 11 6 5 19 0
1 7 18 13 1 23 17 12 22 15 3 11 5 14 24 9 4 19 21 16 2 10 25 0
1 7 18 16 10 19 14 20 23 4 2 17 12 8 15 22 24 9 3 5 11 21 6 1 13 25 0
1 7 24 13 2 18 11 4 15 6 3 17 25 1 10 14 8 9 5 16 12 0
1 7 24 21 3 8 23 10 1 2 9 6 5 4 0
1 7 25 2 4 3 1 0
1 7 25 2 5 9 4 14 3 11 6 8 1 13 12 10 0
1 7 25 2 20 4 8 5 3 24 1 17 10 9 6 0
1 7 25 16 4 14 11 13 9 5 10 15 6 1 17 2 8 12 0
1 7 25 17 8 18 5 3 16 10 11 14 13 6 12 1 9 2 15 4 0
1 7 25 18 1 8 9 10 19 4 12 6 17 16 3 5 2 11 15 13 14 0
1 8 4 6 9 25 5 1 10 11 13 7 12 3 2 0
1 8 5 13 12 14 17 1 19 7 24 6 23 4 9 10 2 18 3 0
1 8 6 5 25 23 14 9 24 10 15 4 1 13 7 11 0
1 8 7 5 3 17 23 19 25 22 18 15 20 24 12 6 21 2 13 16 4 1 11 9 10 14 0
1 8 10 11 1 23 4 2 13 7 3 25 24 6 9 12 5 0
1 8 10 13 7 20 15 25 14 11 9 2 1 12 3 5 6 4 0
1 8 12 9 10 21 11 7 24 3 2 20 13 19 17 22 25 14 15 1 5 23 4 18 6 16 0
1 8 12 14 2 25 4 6 15 13 11 1 9 7 10 5 3 0
1 8 14 6 3 16 25 1 21 18 11 12 13 19 15 24 2 10 4 7 22 20 5 9 17 0
1 8 14 19 2 23 21 3 25 9 6 18 5 12 15 4 22 1 17 13 11 20 10 7 16 24 0
1 8 17 1 7 6 22 10 25 20 4 24 5 23 19 14 11 3 9 2 16 18 15 12 13 21 0
1 8 17 11 5 20 22 13 19 23 3 24 2 12 7 21 25 1 18 6 9 16 10 14 4 15 0
1 8 19 11 7 2 23 12 25 22 4 15 20 18 17 24 16 1 6 13 9 5 10 14 3 0
1 8 20 19 9 18 21 7 23 22 1 4 2 13 11 17 16 5 25 12 6 24 14 3 10 15 0
1 8 25 6 7 3 2 5 4 1 0
1 8 25 9 1 12 11 2 5 3 4 13 14 7 6 0
1 8 25 11 2 1 6 5 10 4 3 9 7 0
1 8 25 13 5 11 4 6 2 7 12 9 1 3 10 0
1 8 25 14 1 7 2 5 12 3 13 9 6 11 4 10 15 0
1 9 2 5 1 11 21 6 25 19 13 14 8 4 15 7 24 12 3 0
1 9 5 21 10 4 22 11 25 13 14 24 6 7 23 15 2 3 16 1 0
1 9 8 10 5 25 4 7 3 12 6 1 11 2 0
1 9 8 12 3 23 17 13 16 25 4 21 10 20 22 7 5 2 15 19 14 6 1 24 18 0
1 9 11 8 2 25 6 7 1 24 10 4 3 0
1 9 11 10 2 19 21 3 25 17 6 20 16 23 15 22 8 1 7 14 24 5 4 12 18 0
1 9 11 25 5 12 1 2 7 13 8 4 3 6 14 10 0
1 9 12 6 1 20 19 11 23 8 5 7 18 15 2 22 25 14 17 4 10 21 13 16 3 24 0
1 9 15 7 2 19 25 10 20 24 1 16 5 6 18 17 23 11 3 13 22 21 14 4 12 8 0
1 9 15 18 2 21 22 13 25 12 5 20 8 19 16 23 24 7 1 10 11 3 4 14 17 0
1 9 16 18 2 25 10 15 3 6 4 8 14 19 1 11 7 13 12 5 17 0
1 9 16 25 2 6 11 15 4 14 5 10 24 23 1 3 12 8 13 7 0
1 9 17 4 8 20 19 7 24 18 2 1 13 3 15 21 22 5 16 10 14 25 12 6 11 23 0
1 9 17 15 2 25 6 7 1 5 16 3 4 14 18 13 11 10 12 8 0
1 9 17 20 8 23 13 6 14 1 11 2 10 21 5 4 19 3 15 24 16 18 7 12 0
1 9 20 10 2 19 22 12 21 1 4 15 11 6 13 7 17 14 3 8 25 24 18 16 5 23 0
1 9 25 10 2 15 12 14 6 3 8 1 13 5 4 11 7 0
1 10 8 13 9 22 19 3 25 20 5 21 2 15 18 16 23 11 1 4 24 7 6 14 12 0
1 10 15 2 4 22 20 12 24 6 13 17 9 8 19 21 23 11 18 5 14 25 7 1 3 16 0
1 10 19 7 1 16 21 13 25 23 3 22 17 4 18 20 24 11 14 2 15 12 9 8 0
1 10 19 12 8 24 25 18 14 15 4 7 3 2 9 21 22 5 17 16 6 20 1 13 11 23 0
1 10 19 14 3 21 20 18 23 17 8 15 12 5 9 25 24 6 13 7 11 16 1 4 2 22 0
1 10 23 11 3 14 25 17 5 6 22 2 18 19 16 1 4 7 13 12 15 21 20 9 0
1 10 25 1 3 6 9 5 4 2 7 8 0
1 10 25 6 5 7 12 4 8 3 9 13 2 1 11 0
1 10 25 7 1 4 6 2 9 11 5 8 0
1 10 25 7 1 11 16 9 13 3 12 4 14 24 6 2 5 15 8 0
1 10 25 9 14 2 1 7 4 3 0
1 10 25 12 3 6 11 14 8 1 9 4 5 7 2 0
1 10 25 24 1 4 2 6 7 5 3 0
1 11 4 25 7 24 10 19 3 9 8 1 21 6 2 5 0
1 11 9 25 15 10 6 4 12 13 1 3 2 8 5 14 7 0
1 11 12 6 5 21 22 13 24 14 1 17 4 8 15 23 25 9 2 7 18 20 10 3 19 16 0
1 11 14 6 5 20 18 3 25 16 4 10 15 7 9 21 23 1 19 13 24 12 17 8 0
1 11 14 17 10 20 18 13 23 5 9 2 8 12 15 22 24 1 16 3 7 25 6 21 4 19 0
1 11 18 19 10 20 8 17 24 5 13 2 7 4 9 23 22 1 15 16 14 21 12 6 3 25 0
1 11 19 17 4 10 24 15 25 7 8 9 5 1 18 13 21 12 23 2 6 20 14 16 3 22 0
1 11 20 13 6 22 21 14 24 18 9 1 16 3 12 19 25 7 15 2 10 23 5 4 8 17 0
1 11 25 6 7 10 4 3 12 14 15 8 1 13 9 5 2 0
1 11 25 8 3 7 2 6 5 4 0
1 11 25 12 8 19 14 2 9 7 3 18 17 16 5 6 4 13 15 1 10 0
1 12 2 8 5 25 1 7 6 11 4 13 3 10 9 0
1 12 8 16 4 1 24 19 25 23 5 18 9 3 13 2 20 10 21 7 11 22 15 6 17 14 0
1 12 10 19 3 18 22 8 24 21 9 4 13 5 15 16 25 1 14 6 11 23 20 2 7 17 0
1 12 14 22 1 6 23 21 17 4 20 10 18 8 3 7 24 25 2 16 11 15 19 5 13 9 0
1 12 15 18 5 7 24 2 25 23 8 20 21 22 13 4 14 6 10 1 3 17 16 9 11 19 0
1 12 19 1 7 20 10 17 21 14 6 25 15 4 13 23 22 8 16 2 11 18 5 3 9 24 0
1 12 25 5 6 8 4 10 7 16 21 0
1 12 25 8 4 22 1 5 2 19 21 0
1 13 6 15 10 22 25 17 11 24 5 16 3 2 1 9 14 23 12 7 8 4 0
1 13 11 9 8 25 7 16 4 5 12 15 14 1 3 17 2 6 10 0
1 13 11 9 10 19 25 23 5 6 8 16 2 4 22 24 17 15 7 1 3 18 14 21 20 12 0
1 13 17 5 1 21 20 16 24 12 3 9 15 18 7 6 22 2 25 11 4 10 14 8 23 0
1 13 21 15 11 22 23 9 24 4 8 16 10 18 19 7 25 12 6 5 17 20 3 14 1 2 0
1 13 24 21 3 18 17 9 23 16 7 5 8 10 25 22 1 11 6 15 19 2 12 4 20 0
1 13 25 2 6 8 3 7 9 12 15 14 11 10 5 1 4 0
1 14 12 22 6 18 21 8 25 13 9 19 11 10 3 20 1 23 2 5 15 16 17 7 24 0
1 14 15 12 4 20 23 2 21 10 13 8 3 17 11 24 22 1 19 7 5 25 6 9 16 18 0
1 14 16 15 8 25 12 13 24 4 6 22 9 20 17 19 21 11 18 10 5 23 2 3 7 1 0
1 14 16 15 21 22 20 24 1 6 18 11 12 25 13 2 10 8 4 3 19 5 17 7 9 23 0
1 14 18 13 5 11 15 6 24 16 4 21 1 20 25 3 22 8 17 2 7 19 9 12 23 10 0
1 14 25 2 12 7 3 13 9 10 4 1 8 11 6 5 0
1 15 9 18 21 19 14 25 12 13 10 7 8 20 11 17 6 22 2 24 23 16 3 1 4 5 0
1 15 16 8 4 23 3 20 25 5 10 24 21 14 17 18 11 13 12 7 2 22 6 1 19 9 0
1 15 17 23 13 19 8 16 24 12 18 2 22 11 9 21 25 7 5 4 3 20 1 6 14 10 0
1 16 4 15 10 21 11 12 24 22 5 19 13 18 7 17 2 20 6 9 3 1 14 8 0
1 16 9 12 1 14 18 15 23 20 10 17 7 5 21 25 24 11 4 2 22 19 3 6 8 13 0
1 17 14 2 1 22 20 13 23 5 6 9 8 15 10 25 21 16 12 7 19 18 11 4 3 24 0
1 17 25 3 20 4 7 18 9 8 1 5 6 2 0
1 17 25 20 19 21 23 18 0
1 18 9 12 6 21 7 15 23 5 2 16 14 8 19 20 24 17 1 10 11 25 13 3 4 22 0
1 18 23 13 20 9 15 19 7 3 12 4 10 2 22 21 5 8 14 17 25 24 6 16 1 11 0
1 19 3 20 24 9 5 10 4 6 17 11 22 21 8 14 1 7 25 16 13 2 15 23 12 18 0
1 19 9 23 6 24 8 17 11 12 2 25 3 18 1 13 15 14 16 10 5 7 4 0
1 19 15 8 20 16 14 2 25 17 5 9 23 12 10 18 22 6 21 3 1 13 7 4 11 24 0
1 20 5 17 6 25 7 13 23 12 11 22 10 15 19 21 1 16 2 18 9 24 8 14 3 4 0
1 20 16 9 6 23 21 8 25 18 14 12 19 10 13 22 15 5 1 2 11 24 7 3 4 17 0
1 21 12 5 4 9 13 7 20 10 8 16 6 19 18 24 25 11 15 17 3 22 1 14 23 0
1 21 14 15 12 18 6 17 25 10 4 7 20 23 8 9 24 1 2 13 19 22 11 16 5 3 0
1 21 24 17 3 25 20 23 8 9 2 4 1 22 6 7 5 0
1 21 25 7 19 2 18 1 10 0
1 22 9 2 10 7 11 1 16 25 5 15 4 20 8 23 13 21 14 6 24 3 19 18 12 17 0
1 22 10 9 1 6 20 3 15 18 2 5 21 8 19 25 13 16 11 12 4 14 17 7 23 24 0
1 23 4 1 3 2 24 25 0
1 23 5 8 18 16 3 17 11 10 20 7 19 6 9 15 12 22 24 21 4 13 1 2 25 14 0
1 23 22 3 17 15 12 9 8 5 7 10 11 14 2 19 24 1 18 21 4 20 6 25 13 16 0
1 24 2 1 25 0
1 24 2 4 1 6 3 7 5 25 0
1 24 5 14 2 12 22 15 20 21 4 23 1 16 9 8 17 10 18 13 11 19 25 3 6 7 0
1 24 8 2 9 10 4 7 25 1 6 5 3 0
1 24 25 1 0
119 25 0
109 25 1 0
12 25 1 2 0
2 25 1 2 3 0
1 25 1 3 2 4 0
1 25 1 3 5 4 2 0
1 25 1 3 10 7 9 4 2 19 11 8 5 6 14 13 0
1 25 1 4 0
1 25 1 4 3 2 0
1 25 1 4 3 2 6 0
1 25 1 5 4 3 2 0
1 25 1 6 2 3 0
1 25 1 6 5 2 4 3 0
1 25 1 7 5 2 8 6 0
1 25 1 10 9 8 2 6 7 3 4 5 0
1 25 1 11 0
1 25 1 23 0
8 25 2 1 0
5 25 2 1 3 0
1 25 2 1 24 23 0
4 25 2 3 1 0
1 25 2 3 1 4 0
1 25 2 3 5 7 1 4 0
1 25 2 5 3 1 4 6 0
1 25 2 7 3 1 0
2 25 3 1 0
2 25 3 1 2 0
2 25 3 1 2 4 0
1 25 3 1 4 2 0
2 25 3 2 1 4 0
1 25 3 11 8 1 10 4 0
1 25 4 1 2 3 0
1 25 4 1 3 0
2 25 4 1 3 2 0
1 25 4 2 3 1 0
1 25 4 3 1 2 0
1 25 4 9 10 6 7 3 11 8 5 1 12 2 0
1 25 4 11 9 5 2 3 6 10 1 12 0
1 25 5 1 2 0
1 25 5 3 1 20 2 4 19 0
1 25 5 3 4 2 1 0
1 25 5 4 6 3 2 1 0
1 25 5 4 9 6 8 3 7 1 2 0
1 25 6 0
1 25 6 4 5 22 1 2 3 0
1 25 7 0
1 25 7 15 5 22 18 4 23 19 6 20 17 10 11 21 9 8 12 3 2 16 13 14 1 24 0
1 25 8 0
1 25 8 2 3 9 11 6 10 5 4 7 1 0
1 25 8 7 4 17 15 5 6 10 14 3 1 2 16 11 13 0
1 25 8 7 9 3 6 4 2 5 1 0
1 25 9 1 10 0
1 25 9 7 5 10 4 6 8 2 3 1 0
1 25 9 11 1 6 10 5 2 8 4 7 0
1 25 9 17 0
1 25 9 20 24 1 15 21 23 12 3 4 2 22 0
1 25 10 8 2 6 9 3 1 5 7 4 0
1 25 10 21 23 24 22 1 11 0
1 25 12 7 1 11 9 8 5 10 2 3 6 0
1 25 12 7 5 13 6 8 4 3 1 2 10 9 11 0
1 25 13 12 0
1 25 14 21 13 15 11 20 23 12 10 2 22 19 5 16 17 1 6 18 4 24 3 8 7 9 0
1 25 16 14 4 24 23 7 10 21 11 13 6 17 9 22 18 1 3 8 15 2 12 5 19 20 0
1 25 16 17 0
1 25 18 22 3 4 21 24 1 5 2 0
1 25 19 12 10 18 17 20 6 2 15 11 5 14 24 21 1 8 9 16 4 3 7 13 0
1 25 22 0
1 25 23 24 1 0
1 25 24 0
1 25 24 1 0
1 25 24 9 1 20 3 5 4 2 8 0
0
1.0
2.0
3.0
4.0
5.0
6.0
7.0
8.0
9.0
10.0
11.0
12.0
13.0
14.0
15.0
16.0
17.0
18.0
19.0
20.0
21.0
22.0
23.0
24.0
25.0
