31 1.0
1 1 2 0
1 1 3 18 22 19 21 17 11 16 13 30 23 10 20 2 5 14 0
1 1 3 21 10 14 2 20 30 17 5 22 19 23 16 0
1 1 4 19 31 29 9 20 6 13 14 21 2 11 25 27 17 15 8 7 18 10 26 22 5 3 12 28 0
1 1 10 2 21 29 0
1 1 10 19 3 2 16 21 5 17 20 14 0
1 1 14 16 2 10 21 0
1 1 21 20 14 5 3 19 2 0
1 1 22 24 27 21 31 2 12 23 30 8 15 4 16 3 29 14 6 20 5 17 10 11 19 13 18 0
1 1 26 31 7 12 27 28 8 25 9 0
1 1 28 8 20 14 2 21 26 25 9 31 29 15 19 7 10 0
1 2 1 3 17 14 16 21 20 5 19 0
1 2 5 8 18 17 3 21 29 14 11 6 15 30 10 20 4 13 23 0
1 2 8 19 20 5 3 17 16 21 0
1 2 10 25 22 27 16 17 3 14 26 23 21 18 7 13 8 11 4 28 6 20 15 29 30 12 19 9 24 31 5 0
1 2 13 24 23 11 19 18 30 14 25 27 3 4 8 26 7 29 15 28 17 20 10 16 5 9 21 12 22 31 6 0
1 2 16 13 24 26 14 12 30 20 28 15 18 9 8 11 25 22 6 7 5 23 3 21 19 27 10 4 31 29 17 0
1 2 17 8 10 5 19 20 21 23 3 30 14 16 0
1 2 20 26 16 30 23 15 24 9 8 19 13 7 6 18 17 3 22 11 12 21 28 27 0
1 3 6 9 24 7 11 15 21 2 25 31 28 8 17 20 13 16 19 27 14 29 18 0
1 3 8 13 23 30 2 18 20 11 10 17 22 4 6 16 21 5 29 19 15 14 0
1 3 21 23 24 11 8 30 20 13 4 29 26 28 2 6 19 15 10 9 31 17 25 16 7 18 14 27 5 12 22 0
1 3 30 1 6 13 2 8 21 14 27 4 24 9 18 29 16 15 19 10 12 5 17 20 26 11 22 23 0
1 4 2 8 15 18 20 19 10 21 7 12 30 24 3 22 29 16 6 25 27 14 5 23 11 9 26 13 0
1 4 7 8 25 5 6 29 19 16 28 2 20 15 27 0
1 4 15 31 25 12 21 6 8 18 26 13 24 19 16 11 29 23 5 30 28 14 3 7 20 27 2 17 9 22 10 0
1 4 16 31 21 8 23 28 2 14 26 27 29 24 17 7 19 6 20 3 30 9 0
1 4 18 7 30 25 31 5 8 26 22 9 15 20 27 17 12 6 19 13 28 21 3 11 14 29 2 24 10 23 16 0
1 4 18 9 8 19 5 14 17 29 10 3 2 20 15 0
1 4 20 2 6 8 24 29 30 28 21 16 17 22 3 18 10 19 14 31 5 11 23 12 26 0
1 4 21 8 20 13 31 6 24 16 7 23 29 5 28 3 9 26 12 15 17 30 10 14 18 11 27 25 0
1 4 23 8 12 29 9 24 20 2 7 15 3 21 27 28 10 22 16 30 18 26 5 6 14 31 19 25 17 13 11 0
1 4 24 25 5 28 11 7 10 21 27 8 23 3 31 12 16 9 22 6 20 19 13 18 14 30 2 29 26 15 17 0
1 4 31 7 10 17 2 19 9 30 15 24 29 13 23 21 5 3 0
1 5 8 21 2 20 14 19 0
1 5 9 16 29 31 3 14 19 27 8 2 21 17 20 22 18 7 10 13 0
1 5 14 8 21 15 2 23 22 24 16 19 12 27 10 18 20 6 13 11 30 3 29 17 4 0
1 5 16 18 13 9 6 10 4 3 31 26 19 29 25 7 22 15 24 28 8 2 14 20 30 17 23 11 12 21 27 0
1 5 17 8 22 2 11 10 23 30 16 29 4 6 3 21 14 19 20 15 0
1 5 30 8 2 24 6 31 28 18 27 25 9 15 14 11 26 17 16 0
1 6 8 16 30 17 20 15 2 14 19 21 29 24 5 3 0
1 6 16 28 23 22 7 8 3 20 29 19 18 17 31 15 9 21 14 13 10 25 27 12 2 24 5 11 26 4 30 0
1 6 18 27 16 28 23 29 11 4 31 14 24 30 20 9 21 25 10 26 7 3 5 22 2 12 17 19 8 15 13 0
1 6 21 13 30 12 20 11 2 18 8 19 22 23 31 27 10 28 4 24 16 14 15 26 17 25 3 9 29 5 7 0
1 6 25 7 18 28 13 29 14 20 27 11 24 21 8 12 23 31 10 9 22 2 5 17 19 26 15 30 16 4 0
1 6 28 8 22 5 14 9 25 2 29 27 19 24 31 12 21 13 15 7 26 20 4 0
1 6 29 13 23 15 8 11 30 20 26 18 9 27 31 12 17 16 10 19 21 7 2 14 25 3 5 0
1 7 2 12 27 28 18 11 13 5 9 8 31 29 6 16 25 15 20 17 24 26 0
1 7 5 8 31 23 19 9 28 3 14 11 16 18 4 10 20 13 15 21 26 2 17 25 29 0
1 7 5 29 18 4 31 3 13 2 24 30 26 22 25 19 16 12 10 8 6 23 11 21 20 15 14 17 9 27 0
1 7 10 25 6 8 12 16 19 17 27 9 4 14 28 23 29 20 30 26 22 24 11 21 3 15 2 5 18 13 31 0
1 7 11 1 25 18 10 20 28 16 24 30 6 31 29 22 3 2 21 23 13 5 19 17 8 4 15 14 0
1 7 11 31 9 28 27 13 19 20 24 5 10 6 4 29 30 17 14 22 2 18 21 23 12 26 3 15 25 16 0
1 7 13 1 20 15 11 14 26 29 25 28 24 27 9 31 4 12 2 18 0
1 7 17 9 28 29 10 18 16 20 24 13 4 31 11 8 21 12 2 6 14 15 19 26 25 0
1 7 21 31 24 8 4 2 20 30 23 16 25 26 14 28 29 13 3 5 27 9 19 15 0
1 7 25 31 22 28 27 13 14 12 19 26 8 18 30 10 6 3 5 20 23 0
11 8 0
1 8 1 14 23 2 0
14 8 2 0
1 8 2 5 20 7 21 12 25 23 26 4 0
1 8 2 9 18 30 0
1 8 2 19 14 20 0
1 8 2 31 10 9 7 26 0
1 8 2 31 21 14 10 20 1 0
1 8 3 14 21 2 20 19 0
1 8 3 20 29 23 2 14 0
1 8 4 2 0
1 8 4 16 14 19 10 17 18 22 30 21 3 20 6 2 5 23 0
1 8 4 29 21 9 10 0
1 8 5 0
1 8 5 13 14 17 18 21 19 16 3 20 2 30 4 10 0
1 8 5 14 19 21 3 16 20 2 10 17 0
1 8 5 14 21 19 3 2 20 0
1 8 5 27 1 2 16 30 29 14 13 24 31 28 19 26 12 0
1 8 5 30 3 2 21 19 14 20 0
1 8 10 6 21 23 16 20 17 2 4 3 19 14 5 22 30 0
1 8 10 19 20 18 6 2 0
1 8 11 30 18 5 19 6 17 15 16 21 4 13 22 2 23 24 14 3 20 29 10 0
1 8 13 23 29 22 11 18 30 15 6 4 0
1 8 13 27 28 30 12 20 11 25 17 14 3 9 26 23 21 5 19 2 7 6 10 18 31 4 15 16 22 24 29 0
1 8 14 2 0
1 8 14 6 22 15 2 10 23 3 13 29 21 17 5 11 4 16 19 30 20 18 0
1 8 14 11 2 30 0
1 8 14 19 2 20 0
1 8 14 19 20 2 21 0
1 8 14 20 2 21 0
1 8 14 20 2 28 25 31 27 0
1 8 15 21 10 6 3 22 13 28 4 18 2 16 23 29 24 11 20 14 12 5 30 19 17 0
1 8 16 24 6 25 7 11 19 2 27 23 21 30 29 12 20 4 10 18 5 22 3 17 14 26 9 15 13 0
1 8 17 2 21 16 5 20 14 3 19 10 0
1 8 17 3 4 2 5 30 6 10 20 14 21 19 22 16 23 0
1 8 17 22 14 30 20 5 4 2 19 18 11 23 21 10 13 3 16 0
1 8 18 5 22 1 9 15 12 0
1 8 19 5 20 14 2 3 21 0
1 8 19 6 7 11 26 15 17 16 12 21 18 2 4 23 20 29 5 22 3 24 30 13 14 27 31 10 0
1 8 19 14 2 3 16 17 20 5 21 0
1 8 19 14 20 2 0
1 8 19 14 21 20 2 0
1 8 19 20 2 21 14 0
1 8 19 21 2 20 14 0
1 8 20 5 21 2 14 0
1 8 20 19 2 14 0
1 8 20 21 14 31 2 12 0
1 8 20 30 23 21 14 2 19 5 0
1 8 21 3 19 10 2 14 16 17 5 20 0
1 8 21 4 10 5 29 14 19 15 13 20 3 16 2 6 30 11 17 23 22 18 0
1 8 21 20 2 3 22 5 23 10 0
1 8 23 27 26 4 22 29 28 31 9 15 13 25 24 30 7 6 12 11 18 0
1 8 24 19 2 17 25 7 28 12 31 29 13 9 21 27 16 0
1 8 24 25 3 30 28 29 14 15 22 27 21 17 19 6 23 13 16 31 26 18 20 4 11 10 2 9 7 12 5 0
1 8 25 15 9 24 14 6 23 16 27 3 4 10 17 19 13 20 29 2 26 31 28 18 5 11 30 12 21 7 22 0
1 8 25 28 26 24 27 9 31 0
1 8 26 7 9 14 19 20 21 5 23 30 2 16 10 6 17 0
1 8 26 7 31 25 2 28 9 0
1 8 26 21 14 30 19 16 15 10 3 9 2 25 27 7 20 29 4 23 12 31 11 6 22 24 13 28 5 17 18 0
1 8 27 9 13 11 15 2 20 19 18 22 29 3 10 30 5 31 21 25 23 24 4 6 26 17 7 14 12 16 0
1 8 27 24 25 7 9 31 26 12 0
1 8 29 0
1 8 29 30 4 31 17 20 16 10 25 5 21 27 24 14 6 9 26 2 7 3 11 22 19 12 23 13 28 15 18 0
1 8 31 0
1 9 8 2 26 29 25 16 31 7 28 12 24 0
1 9 15 18 7 12 10 29 21 28 5 16 17 4 6 26 23 13 2 8 11 27 20 14 3 19 24 30 22 0
1 9 18 25 15 22 31 21 13 30 8 10 12 6 26 27 3 23 4 28 11 29 16 19 2 7 14 5 17 20 24 0
1 9 18 26 7 12 1 17 3 2 16 23 11 5 22 30 29 20 27 19 24 4 6 14 21 13 10 25 15 0
1 9 25 15 7 17 4 21 31 18 10 29 2 23 30 22 13 14 19 28 27 5 8 3 20 16 26 0
1 9 25 28 15 7 29 14 10 31 4 27 24 11 26 0
1 10 14 8 22 6 21 5 30 20 17 3 2 16 19 0
1 10 16 29 21 22 2 26 23 14 31 27 20 15 8 25 13 18 6 4 3 12 30 5 19 7 17 9 28 24 11 0
1 10 19 8 5 24 26 30 25 20 18 3 22 2 31 4 7 28 16 6 9 14 15 13 12 11 21 23 29 27 17 0
1 10 19 26 12 27 16 5 14 29 3 8 6 23 2 17 21 15 20 4 22 0
1 10 29 9 16 19 3 2 31 4 5 14 20 0
1 11 2 8 3 12 21 20 25 13 28 22 26 6 5 9 29 0
1 11 6 12 16 13 29 20 22 3 18 15 14 30 2 5 21 27 19 8 4 31 24 0
1 11 17 8 5 14 19 12 16 27 20 2 13 3 0
1 11 19 7 22 25 18 10 3 2 9 30 24 29 23 13 20 6 12 21 15 14 26 16 4 0
1 11 22 28 4 23 7 15 18 16 12 14 19 10 31 24 20 3 17 2 30 25 26 27 5 21 6 29 9 8 13 0
1 11 23 20 17 16 13 9 18 26 21 31 8 10 14 5 6 12 27 2 30 4 28 19 29 22 24 7 15 25 3 0
1 11 30 1 4 17 24 6 14 29 2 10 23 21 16 15 20 5 19 3 22 18 13 0
1 12 3 29 30 27 24 23 20 5 17 6 10 21 22 19 15 13 11 4 2 16 14 18 26 0
1 12 8 27 1 2 26 28 31 18 15 0
1 12 15 17 4 7 8 21 25 29 18 14 3 9 28 10 20 2 22 16 6 11 30 23 19 27 24 5 31 26 13 0
1 12 17 25 23 9 28 27 11 3 6 20 22 30 7 13 2 18 5 29 15 24 14 16 19 8 21 4 26 31 10 0
1 12 29 8 6 9 16 20 21 3 25 14 17 26 5 18 30 10 19 22 31 13 7 23 4 2 24 28 27 11 0
1 13 2 31 30 29 7 24 11 22 27 14 21 9 3 16 23 18 5 19 10 28 15 20 26 6 12 17 8 4 0
1 13 3 31 24 12 17 15 30 5 28 23 14 4 29 25 10 8 9 20 6 16 26 19 21 11 2 27 22 18 7 0
1 13 4 18 15 9 29 20 25 19 8 31 27 24 5 11 26 7 2 16 12 14 0
1 13 16 25 10 8 27 3 28 18 7 22 20 19 26 15 23 4 14 30 21 31 17 12 6 29 11 24 9 2 5 0
1 13 18 8 29 11 24 9 17 4 5 30 25 16 23 26 22 31 14 20 6 2 15 7 27 0
1 13 22 26 29 15 20 23 2 10 11 19 6 27 3 18 4 17 21 5 16 14 12 30 24 0
1 14 3 8 31 17 9 19 21 28 20 16 7 23 10 5 2 25 0
1 14 4 9 15 25 27 7 23 2 28 24 13 8 26 11 20 6 19 31 21 0
1 14 8 19 30 16 17 10 21 23 20 5 3 2 0
1 14 8 20 21 2 19 5 0
1 14 17 19 23 2 0
1 14 23 26 25 8 28 4 2 31 3 22 12 5 17 24 15 16 20 19 30 6 21 13 0
1 14 24 4 25 31 28 15 26 6 29 9 30 2 7 27 20 11 22 12 8 21 18 23 5 3 19 10 13 16 17 0
1 15 3 4 17 19 18 11 16 10 14 30 29 23 8 2 5 0
1 15 4 24 18 12 10 30 3 19 13 29 16 25 8 2 27 21 22 31 5 17 6 14 28 20 7 9 26 23 0
1 15 5 8 11 31 30 6 19 14 7 4 16 27 28 25 12 29 21 23 10 17 13 26 2 22 20 24 9 18 3 0
1 15 10 8 22 27 31 13 2 17 29 18 5 6 7 9 26 16 23 14 11 19 28 4 20 12 3 21 30 24 25 0
1 15 10 20 19 16 28 14 8 9 12 11 3 2 18 29 7 17 26 22 31 13 27 24 4 6 30 21 25 23 5 0
1 15 17 8 6 22 4 10 21 19 28 24 20 7 26 18 13 25 14 9 27 3 30 16 5 29 2 23 31 12 11 0
1 15 17 8 24 31 10 7 28 2 25 27 9 12 29 16 26 0
1 15 17 9 31 10 21 4 11 14 12 7 25 24 8 28 5 18 20 2 16 19 23 3 26 22 27 29 6 30 13 0
1 15 17 26 25 12 10 18 29 11 27 22 4 31 8 7 13 30 9 16 6 21 19 2 24 3 0
1 16 7 26 13 3 4 24 31 19 9 18 15 2 25 20 28 5 21 29 8 6 27 12 11 23 17 14 22 30 10 0
1 16 10 18 7 6 29 30 15 22 17 13 19 9 8 28 4 14 26 21 27 12 3 23 2 5 20 24 31 11 25 0
1 16 21 7 9 12 2 13 3 28 22 17 20 19 8 30 14 25 31 6 27 5 11 0
1 16 25 12 14 13 2 0
1 16 26 7 11 8 5 30 6 19 27 31 21 2 12 28 13 29 3 23 15 14 10 4 20 9 17 18 25 22 0
1 16 27 7 22 30 15 23 11 5 26 21 6 13 18 31 2 3 24 19 17 29 9 4 20 10 14 12 25 8 0
1 17 5 8 30 27 4 16 23 21 29 15 6 31 7 24 12 20 19 9 11 13 26 25 14 10 2 18 28 22 3 0
1 17 11 24 3 8 21 10 18 12 26 20 27 25 2 7 16 29 9 13 4 19 14 28 5 31 0
1 17 12 28 10 26 22 23 20 14 15 5 27 3 7 24 9 25 6 8 4 16 18 21 2 29 19 13 31 11 30 0
1 17 14 31 6 29 13 30 3 20 28 26 8 23 25 27 9 10 19 24 16 2 22 15 5 7 21 18 12 11 4 0
1 17 18 24 11 31 15 2 22 23 9 3 14 7 26 5 4 6 29 8 20 21 28 19 25 10 13 12 27 30 0
1 17 22 28 29 7 5 27 10 30 9 31 23 2 24 8 19 26 12 18 13 21 11 20 6 3 16 15 25 14 4 0
1 17 22 31 8 26 6 11 2 5 16 24 21 9 29 30 15 3 13 20 14 18 0
1 17 23 31 8 15 25 30 2 21 13 24 5 14 6 20 7 22 0
1 18 2 28 10 8 22 24 21 19 11 29 12 6 17 31 30 9 16 4 14 20 7 0
1 18 4 27 5 26 9 10 14 2 8 15 21 28 6 25 13 30 17 24 7 12 11 3 20 22 19 29 23 31 16 0
1 18 5 31 3 24 23 6 10 20 15 28 30 8 9 13 25 17 14 16 2 7 11 19 26 21 22 29 4 0
1 18 6 7 4 22 17 13 21 10 29 28 14 30 16 3 9 8 20 2 23 25 27 12 31 24 19 15 26 5 11 0
1 18 16 7 21 31 4 19 2 29 28 13 17 25 9 30 5 27 3 20 14 23 12 8 10 0
1 19 5 8 17 20 27 10 6 29 2 15 21 16 14 0
1 19 5 8 31 29 9 2 15 24 18 17 25 20 12 14 26 30 0
1 19 10 25 13 27 7 14 9 11 23 29 24 15 21 5 18 4 12 28 6 2 22 26 3 16 17 20 30 0
1 19 14 9 23 30 2 18 3 6 25 17 10 7 15 20 13 16 26 12 24 28 29 21 5 27 11 4 0
1 19 15 18 12 8 25 22 4 21 27 11 17 5 7 24 9 28 13 6 23 10 16 14 2 26 20 29 31 3 30 0
1 19 17 28 8 5 24 13 2 21 23 7 18 11 29 25 22 9 0
1 19 26 8 13 15 22 9 2 5 29 24 23 21 3 7 16 6 12 14 11 18 20 30 10 4 27 25 17 0
1 19 28 13 2 10 12 1 31 7 17 3 8 22 29 15 21 23 20 0
1 20 3 8 22 27 17 12 14 2 9 29 6 30 10 28 4 26 31 21 15 16 24 23 18 11 5 7 13 19 25 0
1 20 8 29 4 9 2 21 5 10 6 22 23 14 17 3 19 30 16 0
1 20 10 25 14 31 15 8 26 17 23 27 30 9 29 7 4 11 22 18 28 2 5 19 3 21 16 12 24 6 13 0
1 20 17 7 3 9 16 15 18 12 31 26 6 24 25 5 8 22 23 4 13 19 10 2 21 27 30 11 28 29 14 0
1 20 17 25 15 7 30 3 21 6 23 4 12 9 11 26 18 16 13 28 8 2 10 24 14 27 19 22 31 29 5 0
1 20 21 8 3 4 17 16 14 2 29 28 6 23 31 24 22 19 7 10 18 5 30 0
1 20 21 19 14 2 0
1 20 31 6 22 8 17 10 26 14 15 12 25 2 27 4 29 9 19 21 3 18 28 7 0
1 21 5 8 27 29 18 22 11 14 26 24 30 2 25 23 15 28 20 13 19 16 3 7 31 12 10 17 6 9 4 0
1 21 8 11 3 16 2 13 22 10 6 20 14 19 4 23 5 0
1 21 17 26 31 30 2 27 29 19 22 5 15 12 6 11 13 3 14 28 10 16 24 20 4 18 8 23 0
1 22 5 1 16 19 10 23 21 20 14 17 2 3 30 0
1 22 10 23 7 17 16 21 14 3 19 9 6 30 8 13 29 12 28 20 5 4 31 15 2 26 24 27 18 11 25 0
1 22 16 8 12 10 7 21 27 6 28 13 24 17 5 20 14 23 26 0
1 22 19 28 16 9 17 18 15 27 24 4 30 6 31 7 12 21 10 29 11 2 13 20 23 26 14 8 25 5 3 0
1 22 24 7 9 30 18 19 2 13 15 21 12 25 11 28 26 16 4 29 6 17 14 5 20 10 27 3 23 0
1 22 28 10 24 27 31 21 5 4 8 12 6 0
1 23 11 8 30 14 15 10 19 18 2 4 20 3 17 21 13 22 5 16 6 0
1 23 13 28 8 31 6 20 30 9 7 25 12 26 4 29 19 16 0
1 23 17 29 13 15 19 30 2 18 12 24 14 8 28 7 10 6 4 27 31 20 26 21 3 22 5 25 16 9 11 0
1 23 25 31 17 9 30 28 10 14 15 8 13 16 7 24 26 29 22 4 5 19 12 3 20 18 2 6 27 11 21 0
1 23 26 25 5 24 16 8 10 19 11 28 13 4 7 29 15 12 27 18 21 20 31 6 14 3 2 22 9 17 30 0
1 23 30 8 22 6 5 9 20 17 12 3 13 4 29 7 24 27 10 11 2 21 19 16 15 14 26 28 25 18 0
1 24 3 26 13 18 14 17 4 19 29 5 6 31 9 16 15 7 11 28 23 20 21 30 10 2 27 22 25 12 0
1 24 13 31 9 12 19 22 10 18 11 16 14 30 8 6 23 25 26 27 21 29 4 5 20 28 2 7 17 3 15 0
1 24 18 12 11 22 8 13 5 20 10 23 4 6 27 21 16 14 2 29 30 19 3 17 15 0
1 24 23 27 17 8 12 21 20 10 3 14 7 0
1 24 27 8 10 26 4 5 19 29 23 14 9 30 15 18 3 17 2 0
1 25 3 31 30 28 22 10 19 12 29 8 7 9 26 23 14 24 2 27 21 15 6 20 0
1 25 5 18 1 9 27 15 17 3 31 22 16 13 12 20 30 29 11 2 7 8 23 10 14 21 26 4 28 19 0
1 25 15 31 29 9 6 3 21 2 16 4 17 7 26 27 28 13 11 12 24 22 30 10 18 14 19 20 23 8 5 0
1 25 22 12 3 17 4 21 2 27 31 8 7 9 23 29 16 14 10 20 24 19 11 18 0
1 26 2 4 14 25 18 17 20 21 24 6 16 5 31 27 13 7 28 10 3 11 29 23 22 30 19 12 15 8 9 0
1 26 2 24 13 1 5 22 30 23 10 20 4 17 29 11 21 18 19 14 3 6 15 16 12 27 0
1 26 14 12 7 9 21 18 2 20 8 4 3 6 11 10 23 28 24 13 16 5 22 25 30 29 19 15 27 31 17 0
1 26 25 9 15 31 18 10 21 5 6 27 2 17 8 30 22 14 29 11 16 23 28 4 19 12 20 13 3 24 7 0
1 26 29 9 21 20 8 30 3 2 13 25 10 5 31 4 24 7 17 14 16 12 15 22 28 11 19 18 27 6 23 0
1 26 29 18 4 8 19 12 6 14 7 21 22 15 24 10 16 2 30 23 20 3 5 28 27 11 17 13 0
1 26 30 27 6 29 19 20 21 14 9 8 16 23 28 7 22 31 5 25 11 10 17 2 18 4 24 12 0
1 27 3 8 7 25 11 21 4 17 2 29 6 9 23 5 10 22 30 18 24 0
1 27 3 28 18 26 19 14 17 8 4 20 30 7 12 13 6 22 21 10 2 15 11 5 23 16 25 9 24 29 0
1 27 3 31 16 8 25 10 17 2 15 29 22 19 7 9 18 12 5 26 21 24 28 14 4 20 23 13 30 6 0
1 27 25 8 24 17 12 9 28 31 26 7 0
1 28 3 25 9 24 20 23 8 18 27 22 17 31 26 30 21 7 13 14 2 4 11 15 19 16 5 29 10 12 6 0
1 28 6 26 15 8 24 21 10 30 27 29 18 20 31 14 25 16 23 13 4 5 11 19 3 22 2 9 17 12 7 0
1 28 10 1 19 20 2 30 15 29 3 8 23 31 12 7 5 21 14 16 25 9 0
1 28 13 5 23 31 29 4 16 14 8 10 2 21 26 30 11 27 17 7 22 18 6 24 20 15 19 25 12 9 3 0
1 28 13 23 18 7 31 14 2 16 25 3 17 9 19 24 5 15 10 30 11 12 4 22 26 29 6 20 27 21 0
1 28 15 9 5 21 10 16 27 17 24 25 2 4 19 12 13 31 14 23 30 0
1 28 17 9 21 30 13 23 8 10 25 15 6 7 29 11 16 3 4 2 26 12 18 14 20 19 22 27 24 5 0
1 28 17 26 5 12 31 29 18 24 23 15 30 19 2 27 20 22 8 6 25 11 10 9 3 13 16 21 4 14 7 0
1 28 24 25 7 22 4 6 5 3 12 20 19 26 11 27 23 15 13 14 8 29 21 16 2 9 17 10 31 30 18 0
1 28 26 7 6 31 8 24 2 21 4 29 20 18 27 15 3 23 22 13 30 17 16 11 14 25 19 12 9 10 5 0
1 28 31 24 5 8 17 27 21 14 18 7 30 22 26 12 9 15 3 25 6 16 13 19 2 10 20 29 11 4 23 0
1 29 3 31 4 10 9 17 14 27 28 11 21 8 6 20 24 19 2 12 13 0
1 29 4 10 20 2 8 3 9 16 21 5 0
1 29 7 26 8 15 9 25 23 22 28 27 11 31 13 4 12 6 18 30 24 0
1 29 12 8 2 24 6 7 19 26 31 13 9 0
1 29 19 10 4 31 14 16 8 20 5 6 2 30 17 22 21 24 0
1 30 3 5 16 8 7 13 10 19 4 25 23 31 14 9 26 18 11 22 20 28 2 12 6 24 17 29 27 21 15 0
1 30 3 28 16 17 31 22 23 5 13 7 26 19 8 11 12 21 20 2 10 27 29 15 25 4 14 18 24 9 6 0
1 30 17 8 16 3 22 10 19 5 20 14 21 2 6 4 23 0
1 30 31 15 8 18 29 22 14 23 7 12 2 26 9 6 27 17 1 19 20 16 10 0
1 31 4 8 30 15 7 25 24 16 23 9 3 2 1 20 10 27 6 18 29 0
1 31 5 26 13 18 3 14 19 17 25 8 10 28 7 23 24 4 6 22 21 9 27 16 11 2 15 30 0
1 31 8 5 26 18 21 17 3 2 20 9 19 12 27 6 30 25 24 28 11 7 4 23 22 16 14 13 10 15 29 0
1 31 12 29 28 8 27 13 17 14 6 3 21 22 7 4 9 5 18 20 16 30 2 23 19 26 25 10 11 0
1 31 13 28 8 27 10 7 2 23 9 6 22 14 18 25 4 21 26 19 11 29 20 15 24 0
1 31 14 15 7 25 8 2 9 10 11 19 6 12 30 4 13 28 29 5 27 21 17 22 3 26 20 18 24 23 16 0
1 31 22 25 12 28 21 16 19 14 13 7 2 20 9 0
1 31 27 24 28 7 5 16 20 10 9 3 17 2 30 23 13 6 12 22 25 26 11 18 15 4 14 19 21 29 8 0
1 31 29 8 25 28 5 26 19 4 0
0
Skipped
1
7
15
6
14
27
30
25
10
17
22
18
2
19
9
8
16
4
3
5
13
12
21
26
24
23
28
20
11
29
