62 1.0
2 1 62 0
1 14 4 62 8 12 3 6 7 1 11 2 9 15 5 16 13 10 0
1 26 20 12 45 18 22 28 58 29 51 6 50 46 37 49 10 27 4 34 21 1 43 8 7 31 52 35 17 57 56 9 44 15 3 13 59 39 54 61 25 53 11 30 36 14 55 62 23 60 48 24 32 5 2 33 16 38 40 47 41 19 0
1 27 9 59 37 56 48 51 34 40 19 12 42 39 61 50 41 16 49 5 14 44 30 22 4 11 55 3 21 38 36 25 57 29 8 35 31 18 20 6 15 47 13 46 43 17 7 62 24 10 26 28 1 32 52 45 58 33 54 23 2 53 60 0
1 28 2 37 6 43 46 22 42 3 48 13 34 19 52 32 36 16 10 12 20 30 60 35 29 27 49 1 58 38 33 23 54 26 41 4 51 39 24 17 5 57 25 9 7 11 61 59 50 56 53 8 21 31 62 55 45 14 47 15 40 44 18 0
1 32 6 59 37 21 58 2 40 56 9 27 50 34 61 41 47 20 18 46 35 17 26 15 44 28 53 1 60 24 11 3 52 36 42 22 38 57 7 4 8 54 48 39 29 12 19 62 14 51 23 16 25 43 45 55 31 13 30 49 10 5 33 0
1 36 29 45 59 41 11 24 51 17 19 60 1 40 37 14 55 15 7 26 57 6 43 8 56 32 21 52 5 49 22 25 42 53 62 16 38 4 47 30 48 50 9 20 2 28 33 58 27 35 10 31 39 23 34 44 18 46 12 13 54 3 0
1 37 1 13 62 18 22 11 17 33 56 55 2 44 7 51 57 50 15 54 31 42 9 28 46 14 8 49 24 4 26 36 48 5 21 30 12 10 27 34 45 20 25 23 35 29 41 39 43 52 16 40 32 3 47 38 53 19 6 0
1 37 26 39 59 33 49 3 53 46 50 10 8 35 47 36 11 6 23 55 57 17 28 15 38 31 62 54 13 22 29 4 32 40 1 5 51 12 61 21 14 48 34 30 52 7 18 58 19 2 20 24 45 41 43 9 25 42 27 44 56 60 16 0
1 38 7 53 41 20 54 4 56 51 37 15 5 32 55 21 29 10 11 1 50 23 44 9 40 35 48 34 27 12 47 25 46 42 28 17 43 24 62 49 3 26 36 13 14 6 19 61 22 16 39 8 52 2 18 59 45 60 58 30 57 31 33 0
1 44 2 52 39 15 6 9 59 42 53 1 49 24 51 3 8 48 32 55 14 40 46 61 50 54 41 34 45 38 7 56 23 37 62 12 47 35 4 60 58 10 36 13 43 16 29 19 57 25 18 31 11 33 0
1 46 9 37 61 47 43 4 55 31 27 15 35 22 11 14 1 10 54 58 8 59 2 57 34 49 38 5 13 44 12 50 18 19 48 7 60 62 26 29 25 17 20 21 6 24 3 16 36 32 23 33 28 56 30 0
1 48 13 12 56 8 35 28 31 20 46 33 2 50 9 41 43 23 52 62 30 36 45 26 4 55 38 51 37 24 19 7 25 57 54 15 6 3 39 14 21 49 32 59 11 27 1 58 34 29 18 17 61 42 22 44 5 40 10 47 60 16 0
1 49 21 54 51 10 34 27 33 50 42 8 17 25 62 48 13 5 39 47 3 15 43 23 44 56 6 52 55 11 18 19 24 9 53 32 35 7 36 46 20 2 12 31 40 16 45 29 4 28 26 1 22 37 41 14 38 30 0
1 53 6 10 55 11 30 22 50 46 23 14 41 51 19 47 58 54 18 60 40 12 9 42 17 20 24 62 8 7 61 16 27 33 57 37 45 2 1 0
1 56 6 40 49 14 58 12 11 60 48 23 22 18 36 29 1 15 31 57 50 24 52 20 62 47 21 51 41 53 30 16 3 42 13 4 59 7 61 2 17 44 28 45 38 27 8 35 26 10 39 5 55 19 37 25 54 34 33 32 43 46 9 0
1 57 2 33 22 39 55 16 59 31 47 48 7 32 60 42 17 15 4 51 46 5 54 12 37 56 43 11 50 58 19 35 40 28 52 34 24 44 8 62 14 25 13 3 1 20 41 61 53 49 26 10 21 36 30 18 27 45 38 23 29 9 6 0
1 57 2 34 24 36 54 17 59 22 44 53 6 38 60 35 12 16 4 52 55 5 51 13 33 56 39 15 42 58 20 30 46 49 48 32 21 47 7 62 11 27 18 3 1 29 37 61 50 41 25 10 19 40 45 14 26 43 31 23 28 9 8 0
1 62 0
1 62 1 0
1 62 1 2 5 3 4 0
1 62 2 6 4 1 3 9 5 7 8 10 0
1 62 5 13 45 3 10 47 12 46 6 2 11 44 7 30 4 31 1 9 29 33 34 0
1 62 5 17 14 15 11 12 6 7 2 3 16 13 10 1 4 9 0
1 62 6 32 42 22 47 53 50 45 33 23 4 34 21 52 14 26 28 29 16 46 51 38 19 18 35 37 8 17 41 44 24 40 2 9 39 10 20 3 13 30 7 43 36 12 27 31 49 1 25 5 11 15 48 0
1 62 7 11 2 6 9 8 5 10 3 4 1 0
1 62 7 13 8 5 16 9 2 12 21 24 22 14 18 10 6 4 15 1 17 11 19 0
1 62 10 8 9 12 6 14 3 5 4 2 15 7 11 13 1 0
1 62 12 1 13 9 7 4 5 8 11 10 3 2 6 0
1 62 33 26 30 32 8 28 3 21 15 31 17 25 10 18 34 22 1 27 2 12 14 29 24 4 11 20 5 23 9 0
0
1.0
2.0
3.0
4.0
5.0
6.0
7.0
8.0
9.0
10.0
11.0
12.0
13.0
14.0
15.0
16.0
17.0
18.0
19.0
20.0
21.0
22.0
23.0
24.0
25.0
26.0
27.0
28.0
29.0
30.0
31.0
32.0
33.0
34.0
35.0
36.0
37.0
38.0
39.0
40.0
41.0
42.0
43.0
44.0
45.0
46.0
47.0
48.0
49.0
50.0
51.0
52.0
53.0
54.0
55.0
56.0
57.0
58.0
59.0
60.0
61.0
62.0
